 ,5.09 BN - Rhenusallee ,5.09 BN - Rhenusallee Radfahrer Ri. Beuel ,5.09 BN - Rhenusallee Radfahrer Ri. Oberkassel
2015-05-15-00-00-00,2,2,0
2015-05-15-00-15-00,0,0,0
2015-05-15-00-30-00,0,0,0
2015-05-15-00-45-00,0,0,0
2015-05-15-01-00-00,2,1,1
2015-05-15-01-15-00,0,0,0
2015-05-15-01-30-00,1,0,1
2015-05-15-01-45-00,0,0,0
2015-05-15-02-00-00,0,0,0
2015-05-15-02-15-00,0,0,0
2015-05-15-02-30-00,0,0,0
2015-05-15-02-45-00,0,0,0
2015-05-15-03-00-00,1,0,1
2015-05-15-03-15-00,0,0,0
2015-05-15-03-30-00,0,0,0
2015-05-15-03-45-00,0,0,0
2015-05-15-04-00-00,0,0,0
2015-05-15-04-15-00,0,0,0
2015-05-15-04-30-00,0,0,0
2015-05-15-04-45-00,1,0,1
2015-05-15-05-00-00,0,0,0
2015-05-15-05-15-00,0,0,0
2015-05-15-05-30-00,1,0,1
2015-05-15-05-45-00,2,0,2
2015-05-15-06-00-00,6,1,5
2015-05-15-06-15-00,7,4,3
2015-05-15-06-30-00,5,4,1
2015-05-15-06-45-00,4,1,3
2015-05-15-07-00-00,9,5,4
2015-05-15-07-15-00,8,2,6
2015-05-15-07-30-00,12,1,11
2015-05-15-07-45-00,19,10,9
2015-05-15-08-00-00,24,9,15
2015-05-15-08-15-00,17,5,12
2015-05-15-08-30-00,22,6,16
2015-05-15-08-45-00,24,5,19
2015-05-15-09-00-00,10,7,3
2015-05-15-09-15-00,24,12,12
2015-05-15-09-30-00,11,1,10
2015-05-15-09-45-00,17,5,12
2015-05-15-10-00-00,17,12,5
2015-05-15-10-15-00,10,6,4
2015-05-15-10-30-00,12,3,9
2015-05-15-10-45-00,22,9,13
2015-05-15-11-00-00,33,21,12
2015-05-15-11-15-00,16,11,5
2015-05-15-11-30-00,25,9,16
2015-05-15-11-45-00,9,6,3
2015-05-15-12-00-00,44,18,26
2015-05-15-12-15-00,23,7,16
2015-05-15-12-30-00,33,18,15
2015-05-15-12-45-00,35,16,19
2015-05-15-13-00-00,24,12,12
2015-05-15-13-15-00,27,12,15
2015-05-15-13-30-00,39,23,16
2015-05-15-13-45-00,20,5,15
2015-05-15-14-00-00,44,25,19
2015-05-15-14-15-00,47,19,28
2015-05-15-14-30-00,70,20,50
2015-05-15-14-45-00,46,23,23
2015-05-15-15-00-00,64,30,34
2015-05-15-15-15-00,58,35,23
2015-05-15-15-30-00,60,23,37
2015-05-15-15-45-00,57,37,20
2015-05-15-16-00-00,54,25,29
2015-05-15-16-15-00,53,24,29
2015-05-15-16-30-00,60,36,24
2015-05-15-16-45-00,75,43,32
2015-05-15-17-00-00,65,32,33
2015-05-15-17-15-00,63,33,30
2015-05-15-17-30-00,69,35,34
2015-05-15-17-45-00,49,28,21
2015-05-15-18-00-00,59,31,28
2015-05-15-18-15-00,62,32,30
2015-05-15-18-30-00,64,34,30
2015-05-15-18-45-00,45,25,20
2015-05-15-19-00-00,48,29,19
2015-05-15-19-15-00,61,37,24
2015-05-15-19-30-00,36,23,13
2015-05-15-19-45-00,57,24,33
2015-05-15-20-00-00,28,17,11
2015-05-15-20-15-00,27,17,10
2015-05-15-20-30-00,27,13,14
2015-05-15-20-45-00,33,19,14
2015-05-15-21-00-00,13,8,5
2015-05-15-21-15-00,19,8,11
2015-05-15-21-30-00,19,17,2
2015-05-15-21-45-00,11,6,5
2015-05-15-22-00-00,13,7,6
2015-05-15-22-15-00,6,5,1
2015-05-15-22-30-00,4,1,3
2015-05-15-22-45-00,1,1,0
2015-05-15-23-00-00,5,5,0
2015-05-15-23-15-00,4,2,2
2015-05-15-23-30-00,1,1,0
2015-05-15-23-45-00,1,0,1
2015-05-16-00-00-00,1,1,0
2015-05-16-00-15-00,1,0,1
2015-05-16-00-30-00,4,2,2
2015-05-16-00-45-00,0,0,0
2015-05-16-01-00-00,0,0,0
2015-05-16-01-15-00,0,0,0
2015-05-16-01-30-00,3,3,0
2015-05-16-01-45-00,0,0,0
2015-05-16-02-00-00,1,0,1
2015-05-16-02-15-00,0,0,0
2015-05-16-02-30-00,1,1,0
2015-05-16-02-45-00,0,0,0
2015-05-16-03-00-00,0,0,0
2015-05-16-03-15-00,0,0,0
2015-05-16-03-30-00,1,1,0
2015-05-16-03-45-00,0,0,0
2015-05-16-04-00-00,2,0,2
2015-05-16-04-15-00,1,1,0
2015-05-16-04-30-00,0,0,0
2015-05-16-04-45-00,0,0,0
2015-05-16-05-00-00,0,0,0
2015-05-16-05-15-00,4,0,4
2015-05-16-05-30-00,2,1,1
2015-05-16-05-45-00,1,0,1
2015-05-16-06-00-00,3,2,1
2015-05-16-06-15-00,2,1,1
2015-05-16-06-30-00,6,2,4
2015-05-16-06-45-00,11,0,11
2015-05-16-07-00-00,6,3,3
2015-05-16-07-15-00,7,1,6
2015-05-16-07-30-00,3,2,1
2015-05-16-07-45-00,10,4,6
2015-05-16-08-00-00,6,4,2
2015-05-16-08-15-00,5,2,3
2015-05-16-08-30-00,26,7,19
2015-05-16-08-45-00,20,10,10
2015-05-16-09-00-00,8,5,3
2015-05-16-09-15-00,15,5,10
2015-05-16-09-30-00,25,9,16
2015-05-16-09-45-00,35,19,16
2015-05-16-10-00-00,34,17,17
2015-05-16-10-15-00,46,12,34
2015-05-16-10-30-00,37,18,19
2015-05-16-10-45-00,58,22,36
2015-05-16-11-00-00,58,19,39
2015-05-16-11-15-00,34,14,20
2015-05-16-11-30-00,36,22,14
2015-05-16-11-45-00,61,22,39
2015-05-16-12-00-00,58,19,39
2015-05-16-12-15-00,54,34,20
2015-05-16-12-30-00,37,22,15
2015-05-16-12-45-00,50,35,15
2015-05-16-13-00-00,53,28,25
2015-05-16-13-15-00,60,33,27
2015-05-16-13-30-00,44,34,10
2015-05-16-13-45-00,45,28,17
2015-05-16-14-00-00,45,27,18
2015-05-16-14-15-00,61,25,36
2015-05-16-14-30-00,35,25,10
2015-05-16-14-45-00,54,27,27
2015-05-16-15-00-00,42,19,23
2015-05-16-15-15-00,42,26,16
2015-05-16-15-30-00,29,16,13
2015-05-16-15-45-00,42,20,22
2015-05-16-16-00-00,36,31,5
2015-05-16-16-15-00,38,25,13
2015-05-16-16-30-00,40,27,13
2015-05-16-16-45-00,25,14,11
2015-05-16-17-00-00,17,8,9
2015-05-16-17-15-00,31,16,15
2015-05-16-17-30-00,23,18,5
2015-05-16-17-45-00,29,22,7
2015-05-16-18-00-00,30,24,6
2015-05-16-18-15-00,21,8,13
2015-05-16-18-30-00,14,6,8
2015-05-16-18-45-00,12,5,7
2015-05-16-19-00-00,6,2,4
2015-05-16-19-15-00,18,15,3
2015-05-16-19-30-00,12,9,3
2015-05-16-19-45-00,9,5,4
2015-05-16-20-00-00,7,2,5
2015-05-16-20-15-00,8,7,1
2015-05-16-20-30-00,4,2,2
2015-05-16-20-45-00,3,1,2
2015-05-16-21-00-00,4,1,3
2015-05-16-21-15-00,2,2,0
2015-05-16-21-30-00,2,0,2
2015-05-16-21-45-00,7,4,3
2015-05-16-22-00-00,3,2,1
2015-05-16-22-15-00,2,2,0
2015-05-16-22-30-00,3,2,1
2015-05-16-22-45-00,5,2,3
2015-05-16-23-00-00,2,2,0
2015-05-16-23-15-00,1,1,0
2015-05-16-23-30-00,0,0,0
2015-05-16-23-45-00,1,1,0
2015-05-17-00-00-00,3,1,2
2015-05-17-00-15-00,0,0,0
2015-05-17-00-30-00,6,4,2
2015-05-17-00-45-00,0,0,0
2015-05-17-01-00-00,0,0,0
2015-05-17-01-15-00,1,1,0
2015-05-17-01-30-00,1,1,0
2015-05-17-01-45-00,0,0,0
2015-05-17-02-00-00,1,1,0
2015-05-17-02-15-00,4,3,1
2015-05-17-02-30-00,2,0,2
2015-05-17-02-45-00,0,0,0
2015-05-17-03-00-00,0,0,0
2015-05-17-03-15-00,0,0,0
2015-05-17-03-30-00,1,0,1
2015-05-17-03-45-00,0,0,0
2015-05-17-04-00-00,0,0,0
2015-05-17-04-15-00,0,0,0
2015-05-17-04-30-00,3,3,0
2015-05-17-04-45-00,1,0,1
2015-05-17-05-00-00,0,0,0
2015-05-17-05-15-00,0,0,0
2015-05-17-05-30-00,2,1,1
2015-05-17-05-45-00,0,0,0
2015-05-17-06-00-00,1,0,1
2015-05-17-06-15-00,2,1,1
2015-05-17-06-30-00,1,1,0
2015-05-17-06-45-00,1,1,0
2015-05-17-07-00-00,1,0,1
2015-05-17-07-15-00,2,1,1
2015-05-17-07-30-00,6,4,2
2015-05-17-07-45-00,8,2,6
2015-05-17-08-00-00,4,0,4
2015-05-17-08-15-00,7,3,4
2015-05-17-08-30-00,11,3,8
2015-05-17-08-45-00,11,7,4
2015-05-17-09-00-00,11,6,5
2015-05-17-09-15-00,15,7,8
2015-05-17-09-30-00,16,10,6
2015-05-17-09-45-00,25,12,13
2015-05-17-10-00-00,23,10,13
2015-05-17-10-15-00,32,13,19
2015-05-17-10-30-00,46,15,31
2015-05-17-10-45-00,79,56,23
2015-05-17-11-00-00,72,27,45
2015-05-17-11-15-00,80,27,53
2015-05-17-11-30-00,56,25,31
2015-05-17-11-45-00,91,43,48
2015-05-17-12-00-00,79,13,66
2015-05-17-12-15-00,85,45,40
2015-05-17-12-30-00,63,28,35
2015-05-17-12-45-00,105,47,58
2015-05-17-13-00-00,79,39,40
2015-05-17-13-15-00,108,62,46
2015-05-17-13-30-00,80,38,42
2015-05-17-13-45-00,87,40,47
2015-05-17-14-00-00,95,49,46
2015-05-17-14-15-00,122,59,63
2015-05-17-14-30-00,113,61,52
2015-05-17-14-45-00,98,55,43
2015-05-17-15-00-00,109,59,50
2015-05-17-15-15-00,120,71,49
2015-05-17-15-30-00,124,66,58
2015-05-17-15-45-00,106,60,46
2015-05-17-16-00-00,92,54,38
2015-05-17-16-15-00,119,80,39
2015-05-17-16-30-00,67,37,30
2015-05-17-16-45-00,117,59,58
2015-05-17-17-00-00,93,60,33
2015-05-17-17-15-00,61,31,30
2015-05-17-17-30-00,114,65,49
2015-05-17-17-45-00,72,51,21
2015-05-17-18-00-00,59,32,27
2015-05-17-18-15-00,56,29,27
2015-05-17-18-30-00,78,58,20
2015-05-17-18-45-00,51,26,25
2015-05-17-19-00-00,34,21,13
2015-05-17-19-15-00,31,22,9
2015-05-17-19-30-00,39,26,13
2015-05-17-19-45-00,29,18,11
2015-05-17-20-00-00,23,12,11
2015-05-17-20-15-00,17,7,10
2015-05-17-20-30-00,29,11,18
2015-05-17-20-45-00,17,11,6
2015-05-17-21-00-00,9,4,5
2015-05-17-21-15-00,7,6,1
2015-05-17-21-30-00,1,1,0
2015-05-17-21-45-00,3,2,1
2015-05-17-22-00-00,2,1,1
2015-05-17-22-15-00,4,1,3
2015-05-17-22-30-00,1,1,0
2015-05-17-22-45-00,0,0,0
2015-05-17-23-00-00,0,0,0
2015-05-17-23-15-00,0,0,0
2015-05-17-23-30-00,2,2,0
2015-05-17-23-45-00,0,0,0
2015-05-18-00-00-00,1,0,1
2015-05-18-00-15-00,1,1,0
2015-05-18-00-30-00,0,0,0
2015-05-18-00-45-00,0,0,0
2015-05-18-01-00-00,0,0,0
2015-05-18-01-15-00,0,0,0
2015-05-18-01-30-00,0,0,0
2015-05-18-01-45-00,0,0,0
2015-05-18-02-00-00,0,0,0
2015-05-18-02-15-00,0,0,0
2015-05-18-02-30-00,0,0,0
2015-05-18-02-45-00,0,0,0
2015-05-18-03-00-00,0,0,0
2015-05-18-03-15-00,0,0,0
2015-05-18-03-30-00,0,0,0
2015-05-18-03-45-00,0,0,0
2015-05-18-04-00-00,0,0,0
2015-05-18-04-15-00,0,0,0
2015-05-18-04-30-00,1,0,1
2015-05-18-04-45-00,2,1,1
2015-05-18-05-00-00,0,0,0
2015-05-18-05-15-00,0,0,0
2015-05-18-05-30-00,1,0,1
2015-05-18-05-45-00,7,1,6
2015-05-18-06-00-00,6,4,2
2015-05-18-06-15-00,7,1,6
2015-05-18-06-30-00,11,6,5
2015-05-18-06-45-00,17,8,9
2015-05-18-07-00-00,32,16,16
2015-05-18-07-15-00,45,18,27
2015-05-18-07-30-00,43,16,27
2015-05-18-07-45-00,40,9,31
2015-05-18-08-00-00,56,8,48
2015-05-18-08-15-00,74,13,61
2015-05-18-08-30-00,51,14,37
2015-05-18-08-45-00,45,7,38
2015-05-18-09-00-00,35,4,31
2015-05-18-09-15-00,26,10,16
2015-05-18-09-30-00,29,15,14
2015-05-18-09-45-00,21,6,15
2015-05-18-10-00-00,18,6,12
2015-05-18-10-15-00,15,9,6
2015-05-18-10-30-00,21,10,11
2015-05-18-10-45-00,32,13,19
2015-05-18-11-00-00,26,11,15
2015-05-18-11-15-00,26,17,9
2015-05-18-11-30-00,27,10,17
2015-05-18-11-45-00,27,16,11
2015-05-18-12-00-00,25,14,11
2015-05-18-12-15-00,24,15,9
2015-05-18-12-30-00,33,16,17
2015-05-18-12-45-00,25,12,13
2015-05-18-13-00-00,31,16,15
2015-05-18-13-15-00,24,9,15
2015-05-18-13-30-00,21,14,7
2015-05-18-13-45-00,32,13,19
2015-05-18-14-00-00,30,17,13
2015-05-18-14-15-00,23,18,5
2015-05-18-14-30-00,28,12,16
2015-05-18-14-45-00,41,24,17
2015-05-18-15-00-00,39,23,16
2015-05-18-15-15-00,47,26,21
2015-05-18-15-30-00,43,25,18
2015-05-18-15-45-00,32,21,11
2015-05-18-16-00-00,48,31,17
2015-05-18-16-15-00,50,26,24
2015-05-18-16-30-00,80,62,18
2015-05-18-16-45-00,80,54,26
2015-05-18-17-00-00,77,51,26
2015-05-18-17-15-00,67,47,20
2015-05-18-17-30-00,64,34,30
2015-05-18-17-45-00,77,46,31
2015-05-18-18-00-00,81,50,31
2015-05-18-18-15-00,71,47,24
2015-05-18-18-30-00,70,40,30
2015-05-18-18-45-00,52,31,21
2015-05-18-19-00-00,45,25,20
2015-05-18-19-15-00,38,23,15
2015-05-18-19-30-00,26,16,10
2015-05-18-19-45-00,38,24,14
2015-05-18-20-00-00,29,20,9
2015-05-18-20-15-00,20,6,14
2015-05-18-20-30-00,29,22,7
2015-05-18-20-45-00,14,8,6
2015-05-18-21-00-00,15,10,5
2015-05-18-21-15-00,8,6,2
2015-05-18-21-30-00,6,2,4
2015-05-18-21-45-00,9,4,5
2015-05-18-22-00-00,3,1,2
2015-05-18-22-15-00,1,1,0
2015-05-18-22-30-00,4,0,4
2015-05-18-22-45-00,3,1,2
2015-05-18-23-00-00,1,0,1
2015-05-18-23-15-00,1,1,0
2015-05-18-23-30-00,1,0,1
2015-05-18-23-45-00,3,3,0
2015-05-19-00-00-00,0,0,0
2015-05-19-00-15-00,0,0,0
2015-05-19-00-30-00,0,0,0
2015-05-19-00-45-00,0,0,0
2015-05-19-01-00-00,0,0,0
2015-05-19-01-15-00,0,0,0
2015-05-19-01-30-00,2,0,2
2015-05-19-01-45-00,1,0,1
2015-05-19-02-00-00,0,0,0
2015-05-19-02-15-00,0,0,0
2015-05-19-02-30-00,0,0,0
2015-05-19-02-45-00,0,0,0
2015-05-19-03-00-00,1,1,0
2015-05-19-03-15-00,0,0,0
2015-05-19-03-30-00,0,0,0
2015-05-19-03-45-00,1,1,0
2015-05-19-04-00-00,0,0,0
2015-05-19-04-15-00,0,0,0
2015-05-19-04-30-00,0,0,0
2015-05-19-04-45-00,0,0,0
2015-05-19-05-00-00,0,0,0
2015-05-19-05-15-00,0,0,0
2015-05-19-05-30-00,0,0,0
2015-05-19-05-45-00,5,2,3
2015-05-19-06-00-00,10,6,4
2015-05-19-06-15-00,11,3,8
2015-05-19-06-30-00,10,3,7
2015-05-19-06-45-00,22,10,12
2015-05-19-07-00-00,19,7,12
2015-05-19-07-15-00,33,7,26
2015-05-19-07-30-00,56,21,35
2015-05-19-07-45-00,51,18,33
2015-05-19-08-00-00,55,15,40
2015-05-19-08-15-00,44,7,37
2015-05-19-08-30-00,55,13,42
2015-05-19-08-45-00,45,3,42
2015-05-19-09-00-00,32,11,21
2015-05-19-09-15-00,20,8,12
2015-05-19-09-30-00,15,8,7
2015-05-19-09-45-00,12,6,6
2015-05-19-10-00-00,12,6,6
2015-05-19-10-15-00,11,4,7
2015-05-19-10-30-00,8,4,4
2015-05-19-10-45-00,12,2,10
2015-05-19-11-00-00,16,13,3
2015-05-19-11-15-00,10,3,7
2015-05-19-11-30-00,14,8,6
2015-05-19-11-45-00,16,6,10
2015-05-19-12-00-00,19,8,11
2015-05-19-12-15-00,11,3,8
2015-05-19-12-30-00,14,8,6
2015-05-19-12-45-00,19,8,11
2015-05-19-13-00-00,24,14,10
2015-05-19-13-15-00,29,17,12
2015-05-19-13-30-00,21,10,11
2015-05-19-13-45-00,18,8,10
2015-05-19-14-00-00,16,7,9
2015-05-19-14-15-00,18,10,8
2015-05-19-14-30-00,21,13,8
2015-05-19-14-45-00,23,17,6
2015-05-19-15-00-00,31,15,16
2015-05-19-15-15-00,31,23,8
2015-05-19-15-30-00,28,20,8
2015-05-19-15-45-00,31,13,18
2015-05-19-16-00-00,31,16,15
2015-05-19-16-15-00,44,33,11
2015-05-19-16-30-00,47,29,18
2015-05-19-16-45-00,48,36,12
2015-05-19-17-00-00,44,30,14
2015-05-19-17-15-00,35,25,10
2015-05-19-17-30-00,48,37,11
2015-05-19-17-45-00,49,32,17
2015-05-19-18-00-00,47,31,16
2015-05-19-18-15-00,32,22,10
2015-05-19-18-30-00,37,22,15
2015-05-19-18-45-00,31,20,11
2015-05-19-19-00-00,32,19,13
2015-05-19-19-15-00,34,22,12
2015-05-19-19-30-00,24,8,16
2015-05-19-19-45-00,22,11,11
2015-05-19-20-00-00,18,8,10
2015-05-19-20-15-00,17,8,9
2015-05-19-20-30-00,11,7,4
2015-05-19-20-45-00,12,9,3
2015-05-19-21-00-00,12,10,2
2015-05-19-21-15-00,6,4,2
2015-05-19-21-30-00,7,5,2
2015-05-19-21-45-00,6,5,1
2015-05-19-22-00-00,2,0,2
2015-05-19-22-15-00,1,0,1
2015-05-19-22-30-00,5,3,2
2015-05-19-22-45-00,2,1,1
2015-05-19-23-00-00,2,0,2
2015-05-19-23-15-00,3,3,0
2015-05-19-23-30-00,1,0,1
2015-05-19-23-45-00,0,0,0
2015-05-20-00-00-00,0,0,0
2015-05-20-00-15-00,0,0,0
2015-05-20-00-30-00,2,2,0
2015-05-20-00-45-00,0,0,0
2015-05-20-01-00-00,0,0,0
2015-05-20-01-15-00,0,0,0
2015-05-20-01-30-00,1,1,0
2015-05-20-01-45-00,0,0,0
2015-05-20-02-00-00,0,0,0
2015-05-20-02-15-00,1,0,1
2015-05-20-02-30-00,0,0,0
2015-05-20-02-45-00,0,0,0
2015-05-20-03-00-00,0,0,0
2015-05-20-03-15-00,0,0,0
2015-05-20-03-30-00,0,0,0
2015-05-20-03-45-00,0,0,0
2015-05-20-04-00-00,0,0,0
2015-05-20-04-15-00,1,0,1
2015-05-20-04-30-00,2,0,2
2015-05-20-04-45-00,0,0,0
2015-05-20-05-00-00,3,1,2
2015-05-20-05-15-00,2,1,1
2015-05-20-05-30-00,1,0,1
2015-05-20-05-45-00,3,0,3
2015-05-20-06-00-00,6,2,4
2015-05-20-06-15-00,10,1,9
2015-05-20-06-30-00,12,8,4
2015-05-20-06-45-00,16,8,8
2015-05-20-07-00-00,20,10,10
2015-05-20-07-15-00,33,12,21
2015-05-20-07-30-00,49,22,27
2015-05-20-07-45-00,46,8,38
2015-05-20-08-00-00,46,11,35
2015-05-20-08-15-00,44,8,36
2015-05-20-08-30-00,57,16,41
2015-05-20-08-45-00,51,11,40
2015-05-20-09-00-00,35,8,27
2015-05-20-09-15-00,29,9,20
2015-05-20-09-30-00,20,9,11
2015-05-20-09-45-00,15,6,9
2015-05-20-10-00-00,19,8,11
2015-05-20-10-15-00,19,9,10
2015-05-20-10-30-00,15,8,7
2015-05-20-10-45-00,14,7,7
2015-05-20-11-00-00,18,9,9
2015-05-20-11-15-00,12,3,9
2015-05-20-11-30-00,18,12,6
2015-05-20-11-45-00,9,5,4
2015-05-20-12-00-00,20,12,8
2015-05-20-12-15-00,15,7,8
2015-05-20-12-30-00,16,3,13
2015-05-20-12-45-00,20,6,14
2015-05-20-13-00-00,21,9,12
2015-05-20-13-15-00,14,7,7
2015-05-20-13-30-00,16,10,6
2015-05-20-13-45-00,19,11,8
2015-05-20-14-00-00,17,10,7
2015-05-20-14-15-00,15,9,6
2015-05-20-14-30-00,27,14,13
2015-05-20-14-45-00,15,8,7
2015-05-20-15-00-00,49,26,23
2015-05-20-15-15-00,27,12,15
2015-05-20-15-30-00,24,13,11
2015-05-20-15-45-00,32,22,10
2015-05-20-16-00-00,39,22,17
2015-05-20-16-15-00,44,28,16
2015-05-20-16-30-00,41,25,16
2015-05-20-16-45-00,30,20,10
2015-05-20-17-00-00,39,23,16
2015-05-20-17-15-00,61,41,20
2015-05-20-17-30-00,40,29,11
2015-05-20-17-45-00,50,35,15
2015-05-20-18-00-00,51,37,14
2015-05-20-18-15-00,44,29,15
2015-05-20-18-30-00,41,32,9
2015-05-20-18-45-00,60,41,19
2015-05-20-19-00-00,57,37,20
2015-05-20-19-15-00,40,22,18
2015-05-20-19-30-00,42,25,17
2015-05-20-19-45-00,45,18,27
2015-05-20-20-00-00,28,14,14
2015-05-20-20-15-00,21,5,16
2015-05-20-20-30-00,24,12,12
2015-05-20-20-45-00,20,15,5
2015-05-20-21-00-00,8,6,2
2015-05-20-21-15-00,8,8,0
2015-05-20-21-30-00,16,8,8
2015-05-20-21-45-00,11,8,3
2015-05-20-22-00-00,3,1,2
2015-05-20-22-15-00,7,2,5
2015-05-20-22-30-00,3,2,1
2015-05-20-22-45-00,6,4,2
2015-05-20-23-00-00,3,3,0
2015-05-20-23-15-00,1,0,1
2015-05-20-23-30-00,1,1,0
2015-05-20-23-45-00,0,0,0
2015-05-21-00-00-00,2,0,2
2015-05-21-00-15-00,0,0,0
2015-05-21-00-30-00,2,1,1
2015-05-21-00-45-00,0,0,0
2015-05-21-01-00-00,0,0,0
2015-05-21-01-15-00,0,0,0
2015-05-21-01-30-00,0,0,0
2015-05-21-01-45-00,0,0,0
2015-05-21-02-00-00,1,1,0
2015-05-21-02-15-00,0,0,0
2015-05-21-02-30-00,0,0,0
2015-05-21-02-45-00,0,0,0
2015-05-21-03-00-00,0,0,0
2015-05-21-03-15-00,1,0,1
2015-05-21-03-30-00,0,0,0
2015-05-21-03-45-00,0,0,0
2015-05-21-04-00-00,0,0,0
2015-05-21-04-15-00,0,0,0
2015-05-21-04-30-00,1,0,1
2015-05-21-04-45-00,0,0,0
2015-05-21-05-00-00,0,0,0
2015-05-21-05-15-00,3,3,0
2015-05-21-05-30-00,2,0,2
2015-05-21-05-45-00,1,0,1
2015-05-21-06-00-00,6,3,3
2015-05-21-06-15-00,13,4,9
2015-05-21-06-30-00,11,4,7
2015-05-21-06-45-00,19,9,10
2015-05-21-07-00-00,16,4,12
2015-05-21-07-15-00,43,15,28
2015-05-21-07-30-00,48,19,29
2015-05-21-07-45-00,55,13,42
2015-05-21-08-00-00,56,16,40
2015-05-21-08-15-00,65,16,49
2015-05-21-08-30-00,64,12,52
2015-05-21-08-45-00,49,8,41
2015-05-21-09-00-00,32,9,23
2015-05-21-09-15-00,26,6,20
2015-05-21-09-30-00,11,6,5
2015-05-21-09-45-00,17,7,10
2015-05-21-10-00-00,22,9,13
2015-05-21-10-15-00,23,12,11
2015-05-21-10-30-00,12,7,5
2015-05-21-10-45-00,24,15,9
2015-05-21-11-00-00,25,8,17
2015-05-21-11-15-00,20,12,8
2015-05-21-11-30-00,19,10,9
2015-05-21-11-45-00,20,11,9
2015-05-21-12-00-00,16,9,7
2015-05-21-12-15-00,21,10,11
2015-05-21-12-30-00,19,10,9
2015-05-21-12-45-00,24,18,6
2015-05-21-13-00-00,40,17,23
2015-05-21-13-15-00,26,9,17
2015-05-21-13-30-00,23,12,11
2015-05-21-13-45-00,25,9,16
2015-05-21-14-00-00,34,22,12
2015-05-21-14-15-00,34,26,8
2015-05-21-14-30-00,41,22,19
2015-05-21-14-45-00,32,16,16
2015-05-21-15-00-00,29,13,16
2015-05-21-15-15-00,39,17,22
2015-05-21-15-30-00,38,24,14
2015-05-21-15-45-00,37,28,9
2015-05-21-16-00-00,55,37,18
2015-05-21-16-15-00,57,34,23
2015-05-21-16-30-00,55,35,20
2015-05-21-16-45-00,80,48,32
2015-05-21-17-00-00,55,36,19
2015-05-21-17-15-00,78,53,25
2015-05-21-17-30-00,49,32,17
2015-05-21-17-45-00,75,49,26
2015-05-21-18-00-00,62,41,21
2015-05-21-18-15-00,56,43,13
2015-05-21-18-30-00,60,34,26
2015-05-21-18-45-00,37,22,15
2015-05-21-19-00-00,51,33,18
2015-05-21-19-15-00,42,25,17
2015-05-21-19-30-00,45,31,14
2015-05-21-19-45-00,36,17,19
2015-05-21-20-00-00,26,17,9
2015-05-21-20-15-00,23,15,8
2015-05-21-20-30-00,22,14,8
2015-05-21-20-45-00,13,9,4
2015-05-21-21-00-00,12,8,4
2015-05-21-21-15-00,12,6,6
2015-05-21-21-30-00,12,2,10
2015-05-21-21-45-00,7,3,4
2015-05-21-22-00-00,4,1,3
2015-05-21-22-15-00,5,3,2
2015-05-21-22-30-00,4,0,4
2015-05-21-22-45-00,6,4,2
2015-05-21-23-00-00,4,4,0
2015-05-21-23-15-00,1,0,1
2015-05-21-23-30-00,4,1,3
2015-05-21-23-45-00,1,0,1
2015-05-22-00-00-00,1,0,1
2015-05-22-00-15-00,0,0,0
2015-05-22-00-30-00,0,0,0
2015-05-22-00-45-00,0,0,0
2015-05-22-01-00-00,0,0,0
2015-05-22-01-15-00,2,0,2
2015-05-22-01-30-00,0,0,0
2015-05-22-01-45-00,0,0,0
2015-05-22-02-00-00,0,0,0
2015-05-22-02-15-00,0,0,0
2015-05-22-02-30-00,0,0,0
2015-05-22-02-45-00,1,0,1
2015-05-22-03-00-00,0,0,0
2015-05-22-03-15-00,0,0,0
2015-05-22-03-30-00,0,0,0
2015-05-22-03-45-00,0,0,0
2015-05-22-04-00-00,0,0,0
2015-05-22-04-15-00,0,0,0
2015-05-22-04-30-00,0,0,0
2015-05-22-04-45-00,0,0,0
2015-05-22-05-00-00,2,0,2
2015-05-22-05-15-00,1,1,0
2015-05-22-05-30-00,2,1,1
2015-05-22-05-45-00,4,1,3
2015-05-22-06-00-00,1,0,1
2015-05-22-06-15-00,12,4,8
2015-05-22-06-30-00,10,3,7
2015-05-22-06-45-00,28,13,15
2015-05-22-07-00-00,23,11,12
2015-05-22-07-15-00,30,10,20
2015-05-22-07-30-00,52,18,34
2015-05-22-07-45-00,42,14,28
2015-05-22-08-00-00,44,13,31
2015-05-22-08-15-00,47,10,37
2015-05-22-08-30-00,52,12,40
2015-05-22-08-45-00,44,6,38
2015-05-22-09-00-00,26,8,18
2015-05-22-09-15-00,22,11,11
2015-05-22-09-30-00,14,9,5
2015-05-22-09-45-00,19,9,10
2015-05-22-10-00-00,24,14,10
2015-05-22-10-15-00,13,7,6
2015-05-22-10-30-00,24,15,9
2015-05-22-10-45-00,19,6,13
2015-05-22-11-00-00,24,18,6
2015-05-22-11-15-00,25,11,14
2015-05-22-11-30-00,23,8,15
2015-05-22-11-45-00,31,16,15
2015-05-22-12-00-00,31,8,23
2015-05-22-12-15-00,27,9,18
2015-05-22-12-30-00,43,23,20
2015-05-22-12-45-00,34,14,20
2015-05-22-13-00-00,37,20,17
2015-05-22-13-15-00,48,14,34
2015-05-22-13-30-00,56,28,28
2015-05-22-13-45-00,38,20,18
2015-05-22-14-00-00,46,28,18
2015-05-22-14-15-00,64,30,34
2015-05-22-14-30-00,57,32,25
2015-05-22-14-45-00,68,31,37
2015-05-22-15-00-00,72,46,26
2015-05-22-15-15-00,70,46,24
2015-05-22-15-30-00,62,39,23
2015-05-22-15-45-00,58,39,19
2015-05-22-16-00-00,69,38,31
2015-05-22-16-15-00,61,39,22
2015-05-22-16-30-00,79,49,30
2015-05-22-16-45-00,94,54,40
2015-05-22-17-00-00,72,53,19
2015-05-22-17-15-00,55,33,22
2015-05-22-17-30-00,75,42,33
2015-05-22-17-45-00,80,51,29
2015-05-22-18-00-00,67,43,24
2015-05-22-18-15-00,95,51,44
2015-05-22-18-30-00,55,35,20
2015-05-22-18-45-00,52,26,26
2015-05-22-19-00-00,69,40,29
2015-05-22-19-15-00,51,22,29
2015-05-22-19-30-00,60,35,25
2015-05-22-19-45-00,47,28,19
2015-05-22-20-00-00,47,29,18
2015-05-22-20-15-00,41,23,18
2015-05-22-20-30-00,32,20,12
2015-05-22-20-45-00,20,11,9
2015-05-22-21-00-00,29,16,13
2015-05-22-21-15-00,29,19,10
2015-05-22-21-30-00,13,5,8
2015-05-22-21-45-00,13,8,5
2015-05-22-22-00-00,14,5,9
2015-05-22-22-15-00,2,1,1
2015-05-22-22-30-00,4,2,2
2015-05-22-22-45-00,6,1,5
2015-05-22-23-00-00,4,3,1
2015-05-22-23-15-00,2,0,2
2015-05-22-23-30-00,5,2,3
2015-05-22-23-45-00,1,1,0
2015-05-23-00-00-00,2,2,0
2015-05-23-00-15-00,3,1,2
2015-05-23-00-30-00,0,0,0
2015-05-23-00-45-00,1,0,1
2015-05-23-01-00-00,4,1,3
2015-05-23-01-15-00,2,0,2
2015-05-23-01-30-00,0,0,0
2015-05-23-01-45-00,1,1,0
2015-05-23-02-00-00,0,0,0
2015-05-23-02-15-00,0,0,0
2015-05-23-02-30-00,1,0,1
2015-05-23-02-45-00,1,1,0
2015-05-23-03-00-00,1,0,1
2015-05-23-03-15-00,1,0,1
2015-05-23-03-30-00,1,1,0
2015-05-23-03-45-00,1,0,1
2015-05-23-04-00-00,0,0,0
2015-05-23-04-15-00,0,0,0
2015-05-23-04-30-00,1,0,1
2015-05-23-04-45-00,0,0,0
2015-05-23-05-00-00,0,0,0
2015-05-23-05-15-00,0,0,0
2015-05-23-05-30-00,1,1,0
2015-05-23-05-45-00,1,0,1
2015-05-23-06-00-00,1,1,0
2015-05-23-06-15-00,1,0,1
2015-05-23-06-30-00,4,3,1
2015-05-23-06-45-00,2,2,0
2015-05-23-07-00-00,6,3,3
2015-05-23-07-15-00,4,2,2
2015-05-23-07-30-00,1,0,1
2015-05-23-07-45-00,6,2,4
2015-05-23-08-00-00,3,3,0
2015-05-23-08-15-00,9,6,3
2015-05-23-08-30-00,6,4,2
2015-05-23-08-45-00,5,3,2
2015-05-23-09-00-00,5,4,1
2015-05-23-09-15-00,12,4,8
2015-05-23-09-30-00,11,9,2
2015-05-23-09-45-00,21,8,13
2015-05-23-10-00-00,21,10,11
2015-05-23-10-15-00,29,18,11
2015-05-23-10-30-00,31,12,19
2015-05-23-10-45-00,34,7,27
2015-05-23-11-00-00,22,11,11
2015-05-23-11-15-00,32,14,18
2015-05-23-11-30-00,38,22,16
2015-05-23-11-45-00,28,13,15
2015-05-23-12-00-00,54,28,26
2015-05-23-12-15-00,47,13,34
2015-05-23-12-30-00,38,23,15
2015-05-23-12-45-00,28,13,15
2015-05-23-13-00-00,41,26,15
2015-05-23-13-15-00,53,20,33
2015-05-23-13-30-00,43,17,26
2015-05-23-13-45-00,48,21,27
2015-05-23-14-00-00,47,15,32
2015-05-23-14-15-00,57,23,34
2015-05-23-14-30-00,72,39,33
2015-05-23-14-45-00,49,16,33
2015-05-23-15-00-00,62,28,34
2015-05-23-15-15-00,73,33,40
2015-05-23-15-30-00,66,34,32
2015-05-23-15-45-00,65,24,41
2015-05-23-16-00-00,44,17,27
2015-05-23-16-15-00,57,22,35
2015-05-23-16-30-00,76,32,44
2015-05-23-16-45-00,62,31,31
2015-05-23-17-00-00,53,34,19
2015-05-23-17-15-00,44,18,26
2015-05-23-17-30-00,61,34,27
2015-05-23-17-45-00,51,38,13
2015-05-23-18-00-00,47,27,20
2015-05-23-18-15-00,50,26,24
2015-05-23-18-30-00,40,26,14
2015-05-23-18-45-00,16,12,4
2015-05-23-19-00-00,31,16,15
2015-05-23-19-15-00,15,10,5
2015-05-23-19-30-00,11,9,2
2015-05-23-19-45-00,35,19,16
2015-05-23-20-00-00,13,10,3
2015-05-23-20-15-00,14,9,5
2015-05-23-20-30-00,8,0,8
2015-05-23-20-45-00,13,8,5
2015-05-23-21-00-00,11,8,3
2015-05-23-21-15-00,10,5,5
2015-05-23-21-30-00,9,6,3
2015-05-23-21-45-00,4,2,2
2015-05-23-22-00-00,4,3,1
2015-05-23-22-15-00,4,3,1
2015-05-23-22-30-00,0,0,0
2015-05-23-22-45-00,6,2,4
2015-05-23-23-00-00,10,7,3
2015-05-23-23-15-00,3,2,1
2015-05-23-23-30-00,7,2,5
2015-05-23-23-45-00,3,1,2
2015-05-24-00-00-00,1,1,0
2015-05-24-00-15-00,0,0,0
2015-05-24-00-30-00,1,0,1
2015-05-24-00-45-00,2,0,2
2015-05-24-01-00-00,1,0,1
2015-05-24-01-15-00,1,1,0
2015-05-24-01-30-00,3,0,3
2015-05-24-01-45-00,0,0,0
2015-05-24-02-00-00,0,0,0
2015-05-24-02-15-00,0,0,0
2015-05-24-02-30-00,0,0,0
2015-05-24-02-45-00,2,2,0
2015-05-24-03-00-00,2,2,0
2015-05-24-03-15-00,0,0,0
2015-05-24-03-30-00,0,0,0
2015-05-24-03-45-00,1,1,0
2015-05-24-04-00-00,0,0,0
2015-05-24-04-15-00,0,0,0
2015-05-24-04-30-00,0,0,0
2015-05-24-04-45-00,0,0,0
2015-05-24-05-00-00,0,0,0
2015-05-24-05-15-00,3,1,2
2015-05-24-05-30-00,3,1,2
2015-05-24-05-45-00,1,1,0
2015-05-24-06-00-00,2,1,1
2015-05-24-06-15-00,3,1,2
2015-05-24-06-30-00,2,1,1
2015-05-24-06-45-00,6,3,3
2015-05-24-07-00-00,2,1,1
2015-05-24-07-15-00,3,1,2
2015-05-24-07-30-00,8,3,5
2015-05-24-07-45-00,5,3,2
2015-05-24-08-00-00,5,1,4
2015-05-24-08-15-00,9,5,4
2015-05-24-08-30-00,9,4,5
2015-05-24-08-45-00,7,2,5
2015-05-24-09-00-00,10,5,5
2015-05-24-09-15-00,14,7,7
2015-05-24-09-30-00,13,5,8
2015-05-24-09-45-00,17,9,8
2015-05-24-10-00-00,33,19,14
2015-05-24-10-15-00,38,4,34
2015-05-24-10-30-00,48,14,34
2015-05-24-10-45-00,70,20,50
2015-05-24-11-00-00,59,28,31
2015-05-24-11-15-00,83,46,37
2015-05-24-11-30-00,135,52,83
2015-05-24-11-45-00,106,35,71
2015-05-24-12-00-00,96,31,65
2015-05-24-12-15-00,103,41,62
2015-05-24-12-30-00,89,29,60
2015-05-24-12-45-00,128,60,68
2015-05-24-13-00-00,132,45,87
2015-05-24-13-15-00,99,46,53
2015-05-24-13-30-00,139,40,99
2015-05-24-13-45-00,134,59,75
2015-05-24-14-00-00,113,53,60
2015-05-24-14-15-00,160,86,74
2015-05-24-14-30-00,127,71,56
2015-05-24-14-45-00,150,80,70
2015-05-24-15-00-00,140,68,72
2015-05-24-15-15-00,144,56,88
2015-05-24-15-30-00,154,103,51
2015-05-24-15-45-00,159,91,68
2015-05-24-16-00-00,141,73,68
2015-05-24-16-15-00,172,92,80
2015-05-24-16-30-00,125,85,40
2015-05-24-16-45-00,133,73,60
2015-05-24-17-00-00,147,88,59
2015-05-24-17-15-00,140,74,66
2015-05-24-17-30-00,133,84,49
2015-05-24-17-45-00,99,66,33
2015-05-24-18-00-00,120,72,48
2015-05-24-18-15-00,122,82,40
2015-05-24-18-30-00,93,62,31
2015-05-24-18-45-00,49,34,15
2015-05-24-19-00-00,82,55,27
2015-05-24-19-15-00,72,36,36
2015-05-24-19-30-00,61,42,19
2015-05-24-19-45-00,41,27,14
2015-05-24-20-00-00,67,44,23
2015-05-24-20-15-00,70,54,16
2015-05-24-20-30-00,43,30,13
2015-05-24-20-45-00,33,24,9
2015-05-24-21-00-00,30,23,7
2015-05-24-21-15-00,35,12,23
2015-05-24-21-30-00,21,13,8
2015-05-24-21-45-00,18,12,6
2015-05-24-22-00-00,20,17,3
2015-05-24-22-15-00,10,9,1
2015-05-24-22-30-00,11,8,3
2015-05-24-22-45-00,10,4,6
2015-05-24-23-00-00,1,0,1
2015-05-24-23-15-00,3,3,0
2015-05-24-23-30-00,8,2,6
2015-05-24-23-45-00,8,6,2
2015-05-25-00-00-00,2,0,2
2015-05-25-00-15-00,2,0,2
2015-05-25-00-30-00,0,0,0
2015-05-25-00-45-00,0,0,0
2015-05-25-01-00-00,2,0,2
2015-05-25-01-15-00,0,0,0
2015-05-25-01-30-00,0,0,0
2015-05-25-01-45-00,0,0,0
2015-05-25-02-00-00,0,0,0
2015-05-25-02-15-00,1,0,1
2015-05-25-02-30-00,0,0,0
2015-05-25-02-45-00,0,0,0
2015-05-25-03-00-00,0,0,0
2015-05-25-03-15-00,0,0,0
2015-05-25-03-30-00,0,0,0
2015-05-25-03-45-00,0,0,0
2015-05-25-04-00-00,0,0,0
2015-05-25-04-15-00,1,0,1
2015-05-25-04-30-00,0,0,0
2015-05-25-04-45-00,0,0,0
2015-05-25-05-00-00,0,0,0
2015-05-25-05-15-00,0,0,0
2015-05-25-05-30-00,0,0,0
2015-05-25-05-45-00,0,0,0
2015-05-25-06-00-00,1,1,0
2015-05-25-06-15-00,5,1,4
2015-05-25-06-30-00,3,2,1
2015-05-25-06-45-00,4,2,2
2015-05-25-07-00-00,2,1,1
2015-05-25-07-15-00,4,0,4
2015-05-25-07-30-00,7,4,3
2015-05-25-07-45-00,4,2,2
2015-05-25-08-00-00,5,3,2
2015-05-25-08-15-00,4,3,1
2015-05-25-08-30-00,8,6,2
2015-05-25-08-45-00,6,2,4
2015-05-25-09-00-00,8,1,7
2015-05-25-09-15-00,5,1,4
2015-05-25-09-30-00,15,6,9
2015-05-25-09-45-00,4,1,3
2015-05-25-10-00-00,11,3,8
2015-05-25-10-15-00,12,9,3
2015-05-25-10-30-00,15,13,2
2015-05-25-10-45-00,14,5,9
2015-05-25-11-00-00,18,10,8
2015-05-25-11-15-00,13,11,2
2015-05-25-11-30-00,7,2,5
2015-05-25-11-45-00,14,9,5
2015-05-25-12-00-00,25,14,11
2015-05-25-12-15-00,6,2,4
2015-05-25-12-30-00,8,5,3
2015-05-25-12-45-00,11,9,2
2015-05-25-13-00-00,24,20,4
2015-05-25-13-15-00,16,7,9
2015-05-25-13-30-00,11,5,6
2015-05-25-13-45-00,18,7,11
2015-05-25-14-00-00,15,3,12
2015-05-25-14-15-00,13,8,5
2015-05-25-14-30-00,20,14,6
2015-05-25-14-45-00,28,11,17
2015-05-25-15-00-00,42,24,18
2015-05-25-15-15-00,30,10,20
2015-05-25-15-30-00,36,22,14
2015-05-25-15-45-00,30,11,19
2015-05-25-16-00-00,34,8,26
2015-05-25-16-15-00,20,11,9
2015-05-25-16-30-00,41,22,19
2015-05-25-16-45-00,51,28,23
2015-05-25-17-00-00,35,15,20
2015-05-25-17-15-00,51,24,27
2015-05-25-17-30-00,36,18,18
2015-05-25-17-45-00,32,24,8
2015-05-25-18-00-00,49,29,20
2015-05-25-18-15-00,40,20,20
2015-05-25-18-30-00,45,25,20
2015-05-25-18-45-00,32,13,19
2015-05-25-19-00-00,24,9,15
2015-05-25-19-15-00,31,20,11
2015-05-25-19-30-00,44,32,12
2015-05-25-19-45-00,22,12,10
2015-05-25-20-00-00,34,20,14
2015-05-25-20-15-00,30,24,6
2015-05-25-20-30-00,14,7,7
2015-05-25-20-45-00,15,7,8
2015-05-25-21-00-00,7,2,5
2015-05-25-21-15-00,24,18,6
2015-05-25-21-30-00,16,7,9
2015-05-25-21-45-00,4,4,0
2015-05-25-22-00-00,5,2,3
2015-05-25-22-15-00,1,1,0
2015-05-25-22-30-00,3,0,3
2015-05-25-22-45-00,3,0,3
2015-05-25-23-00-00,0,0,0
2015-05-25-23-15-00,2,0,2
2015-05-25-23-30-00,1,0,1
2015-05-25-23-45-00,0,0,0
2015-05-26-00-00-00,0,0,0
2015-05-26-00-15-00,0,0,0
2015-05-26-00-30-00,1,1,0
2015-05-26-00-45-00,0,0,0
2015-05-26-01-00-00,0,0,0
2015-05-26-01-15-00,0,0,0
2015-05-26-01-30-00,0,0,0
2015-05-26-01-45-00,0,0,0
2015-05-26-02-00-00,0,0,0
2015-05-26-02-15-00,0,0,0
2015-05-26-02-30-00,0,0,0
2015-05-26-02-45-00,0,0,0
2015-05-26-03-00-00,0,0,0
2015-05-26-03-15-00,0,0,0
2015-05-26-03-30-00,0,0,0
2015-05-26-03-45-00,0,0,0
2015-05-26-04-00-00,0,0,0
2015-05-26-04-15-00,0,0,0
2015-05-26-04-30-00,1,0,1
2015-05-26-04-45-00,0,0,0
2015-05-26-05-00-00,0,0,0
2015-05-26-05-15-00,1,1,0
2015-05-26-05-30-00,4,0,4
2015-05-26-05-45-00,4,2,2
2015-05-26-06-00-00,7,3,4
2015-05-26-06-15-00,9,4,5
2015-05-26-06-30-00,6,3,3
2015-05-26-06-45-00,11,6,5
2015-05-26-07-00-00,22,7,15
2015-05-26-07-15-00,24,7,17
2015-05-26-07-30-00,29,9,20
2015-05-26-07-45-00,35,9,26
2015-05-26-08-00-00,34,6,28
2015-05-26-08-15-00,40,4,36
2015-05-26-08-30-00,35,7,28
2015-05-26-08-45-00,48,13,35
2015-05-26-09-00-00,29,6,23
2015-05-26-09-15-00,18,8,10
2015-05-26-09-30-00,12,6,6
2015-05-26-09-45-00,15,4,11
2015-05-26-10-00-00,10,6,4
2015-05-26-10-15-00,9,7,2
2015-05-26-10-30-00,15,12,3
2015-05-26-10-45-00,13,10,3
2015-05-26-11-00-00,9,5,4
2015-05-26-11-15-00,25,9,16
2015-05-26-11-30-00,13,7,6
2015-05-26-11-45-00,28,8,20
2015-05-26-12-00-00,18,11,7
2015-05-26-12-15-00,10,6,4
2015-05-26-12-30-00,25,10,15
2015-05-26-12-45-00,23,10,13
2015-05-26-13-00-00,19,9,10
2015-05-26-13-15-00,18,7,11
2015-05-26-13-30-00,24,14,10
2015-05-26-13-45-00,21,15,6
2015-05-26-14-00-00,7,4,3
2015-05-26-14-15-00,15,3,12
2015-05-26-14-30-00,20,11,9
2015-05-26-14-45-00,21,14,7
2015-05-26-15-00-00,26,14,12
2015-05-26-15-15-00,23,12,11
2015-05-26-15-30-00,26,17,9
2015-05-26-15-45-00,33,11,22
2015-05-26-16-00-00,37,20,17
2015-05-26-16-15-00,36,22,14
2015-05-26-16-30-00,21,12,9
2015-05-26-16-45-00,33,28,5
2015-05-26-17-00-00,43,22,21
2015-05-26-17-15-00,54,43,11
2015-05-26-17-30-00,52,39,13
2015-05-26-17-45-00,34,23,11
2015-05-26-18-00-00,42,27,15
2015-05-26-18-15-00,41,31,10
2015-05-26-18-30-00,42,26,16
2015-05-26-18-45-00,35,23,12
2015-05-26-19-00-00,22,13,9
2015-05-26-19-15-00,16,11,5
2015-05-26-19-30-00,21,10,11
2015-05-26-19-45-00,23,13,10
2015-05-26-20-00-00,14,6,8
2015-05-26-20-15-00,17,12,5
2015-05-26-20-30-00,16,11,5
2015-05-26-20-45-00,13,10,3
2015-05-26-21-00-00,11,8,3
2015-05-26-21-15-00,12,7,5
2015-05-26-21-30-00,6,4,2
2015-05-26-21-45-00,9,6,3
2015-05-26-22-00-00,5,3,2
2015-05-26-22-15-00,2,0,2
2015-05-26-22-30-00,3,0,3
2015-05-26-22-45-00,1,1,0
2015-05-26-23-00-00,3,1,2
2015-05-26-23-15-00,0,0,0
2015-05-26-23-30-00,3,1,2
2015-05-26-23-45-00,0,0,0
2015-05-27-00-00-00,1,1,0
2015-05-27-00-15-00,2,0,2
2015-05-27-00-30-00,0,0,0
2015-05-27-00-45-00,0,0,0
2015-05-27-01-00-00,0,0,0
2015-05-27-01-15-00,0,0,0
2015-05-27-01-30-00,0,0,0
2015-05-27-01-45-00,0,0,0
2015-05-27-02-00-00,0,0,0
2015-05-27-02-15-00,0,0,0
2015-05-27-02-30-00,0,0,0
2015-05-27-02-45-00,0,0,0
2015-05-27-03-00-00,0,0,0
2015-05-27-03-15-00,0,0,0
2015-05-27-03-30-00,0,0,0
2015-05-27-03-45-00,0,0,0
2015-05-27-04-00-00,0,0,0
2015-05-27-04-15-00,0,0,0
2015-05-27-04-30-00,0,0,0
2015-05-27-04-45-00,0,0,0
2015-05-27-05-00-00,0,0,0
2015-05-27-05-15-00,2,1,1
2015-05-27-05-30-00,2,0,2
2015-05-27-05-45-00,4,0,4
2015-05-27-06-00-00,8,4,4
2015-05-27-06-15-00,10,5,5
2015-05-27-06-30-00,13,6,7
2015-05-27-06-45-00,14,5,9
2015-05-27-07-00-00,31,16,15
2015-05-27-07-15-00,39,15,24
2015-05-27-07-30-00,50,23,27
2015-05-27-07-45-00,52,14,38
2015-05-27-08-00-00,52,11,41
2015-05-27-08-15-00,40,7,33
2015-05-27-08-30-00,48,11,37
2015-05-27-08-45-00,52,13,39
2015-05-27-09-00-00,27,6,21
2015-05-27-09-15-00,27,11,16
2015-05-27-09-30-00,23,11,12
2015-05-27-09-45-00,19,9,10
2015-05-27-10-00-00,14,3,11
2015-05-27-10-15-00,13,6,7
2015-05-27-10-30-00,17,6,11
2015-05-27-10-45-00,28,12,16
2015-05-27-11-00-00,16,8,8
2015-05-27-11-15-00,17,7,10
2015-05-27-11-30-00,19,9,10
2015-05-27-11-45-00,24,12,12
2015-05-27-12-00-00,10,4,6
2015-05-27-12-15-00,30,13,17
2015-05-27-12-30-00,23,10,13
2015-05-27-12-45-00,28,16,12
2015-05-27-13-00-00,33,19,14
2015-05-27-13-15-00,19,7,12
2015-05-27-13-30-00,28,10,18
2015-05-27-13-45-00,26,12,14
2015-05-27-14-00-00,25,16,9
2015-05-27-14-15-00,26,10,16
2015-05-27-14-30-00,25,9,16
2015-05-27-14-45-00,34,22,12
2015-05-27-15-00-00,38,17,21
2015-05-27-15-15-00,39,22,17
2015-05-27-15-30-00,50,27,23
2015-05-27-15-45-00,36,20,16
2015-05-27-16-00-00,48,26,22
2015-05-27-16-15-00,45,36,9
2015-05-27-16-30-00,52,28,24
2015-05-27-16-45-00,47,29,18
2015-05-27-17-00-00,80,52,28
2015-05-27-17-15-00,67,40,27
2015-05-27-17-30-00,57,38,19
2015-05-27-17-45-00,77,46,31
2015-05-27-18-00-00,66,45,21
2015-05-27-18-15-00,63,35,28
2015-05-27-18-30-00,54,26,28
2015-05-27-18-45-00,54,35,19
2015-05-27-19-00-00,61,38,23
2015-05-27-19-15-00,43,23,20
2015-05-27-19-30-00,42,21,21
2015-05-27-19-45-00,53,30,23
2015-05-27-20-00-00,42,23,19
2015-05-27-20-15-00,38,22,16
2015-05-27-20-30-00,27,17,10
2015-05-27-20-45-00,27,17,10
2015-05-27-21-00-00,18,13,5
2015-05-27-21-15-00,10,3,7
2015-05-27-21-30-00,20,13,7
2015-05-27-21-45-00,7,3,4
2015-05-27-22-00-00,5,4,1
2015-05-27-22-15-00,5,5,0
2015-05-27-22-30-00,9,5,4
2015-05-27-22-45-00,2,2,0
2015-05-27-23-00-00,2,0,2
2015-05-27-23-15-00,0,0,0
2015-05-27-23-30-00,6,3,3
2015-05-27-23-45-00,1,0,1
2015-05-28-00-00-00,0,0,0
2015-05-28-00-15-00,0,0,0
2015-05-28-00-30-00,0,0,0
2015-05-28-00-45-00,0,0,0
2015-05-28-01-00-00,2,2,0
2015-05-28-01-15-00,0,0,0
2015-05-28-01-30-00,0,0,0
2015-05-28-01-45-00,3,0,3
2015-05-28-02-00-00,0,0,0
2015-05-28-02-15-00,0,0,0
2015-05-28-02-30-00,1,0,1
2015-05-28-02-45-00,0,0,0
2015-05-28-03-00-00,0,0,0
2015-05-28-03-15-00,0,0,0
2015-05-28-03-30-00,0,0,0
2015-05-28-03-45-00,0,0,0
2015-05-28-04-00-00,0,0,0
2015-05-28-04-15-00,0,0,0
2015-05-28-04-30-00,1,0,1
2015-05-28-04-45-00,1,1,0
2015-05-28-05-00-00,1,0,1
2015-05-28-05-15-00,3,1,2
2015-05-28-05-30-00,1,0,1
2015-05-28-05-45-00,4,1,3
2015-05-28-06-00-00,5,2,3
2015-05-28-06-15-00,7,2,5
2015-05-28-06-30-00,12,4,8
2015-05-28-06-45-00,11,6,5
2015-05-28-07-00-00,23,10,13
2015-05-28-07-15-00,34,13,21
2015-05-28-07-30-00,49,18,31
2015-05-28-07-45-00,48,14,34
2015-05-28-08-00-00,44,10,34
2015-05-28-08-15-00,44,14,30
2015-05-28-08-30-00,51,14,37
2015-05-28-08-45-00,52,8,44
2015-05-28-09-00-00,30,10,20
2015-05-28-09-15-00,26,6,20
2015-05-28-09-30-00,21,11,10
2015-05-28-09-45-00,14,9,5
2015-05-28-10-00-00,18,7,11
2015-05-28-10-15-00,16,8,8
2015-05-28-10-30-00,24,10,14
2015-05-28-10-45-00,13,8,5
2015-05-28-11-00-00,12,5,7
2015-05-28-11-15-00,20,13,7
2015-05-28-11-30-00,19,9,10
2015-05-28-11-45-00,25,10,15
2015-05-28-12-00-00,13,7,6
2015-05-28-12-15-00,15,3,12
2015-05-28-12-30-00,21,4,17
2015-05-28-12-45-00,19,12,7
2015-05-28-13-00-00,19,14,5
2015-05-28-13-15-00,34,14,20
2015-05-28-13-30-00,27,13,14
2015-05-28-13-45-00,15,2,13
2015-05-28-14-00-00,29,11,18
2015-05-28-14-15-00,40,17,23
2015-05-28-14-30-00,16,9,7
2015-05-28-14-45-00,22,9,13
2015-05-28-15-00-00,26,14,12
2015-05-28-15-15-00,31,18,13
2015-05-28-15-30-00,36,23,13
2015-05-28-15-45-00,35,12,23
2015-05-28-16-00-00,29,19,10
2015-05-28-16-15-00,36,19,17
2015-05-28-16-30-00,37,27,10
2015-05-28-16-45-00,41,27,14
2015-05-28-17-00-00,48,33,15
2015-05-28-17-15-00,50,37,13
2015-05-28-17-30-00,44,35,9
2015-05-28-17-45-00,40,31,9
2015-05-28-18-00-00,51,35,16
2015-05-28-18-15-00,55,40,15
2015-05-28-18-30-00,52,32,20
2015-05-28-18-45-00,38,19,19
2015-05-28-19-00-00,34,24,10
2015-05-28-19-15-00,29,21,8
2015-05-28-19-30-00,35,18,17
2015-05-28-19-45-00,20,11,9
2015-05-28-20-00-00,31,14,17
2015-05-28-20-15-00,26,17,9
2015-05-28-20-30-00,18,12,6
2015-05-28-20-45-00,17,16,1
2015-05-28-21-00-00,14,5,9
2015-05-28-21-15-00,11,6,5
2015-05-28-21-30-00,5,2,3
2015-05-28-21-45-00,8,4,4
2015-05-28-22-00-00,6,0,6
2015-05-28-22-15-00,2,0,2
2015-05-28-22-30-00,8,1,7
2015-05-28-22-45-00,3,1,2
2015-05-28-23-00-00,0,0,0
2015-05-28-23-15-00,4,3,1
2015-05-28-23-30-00,1,0,1
2015-05-28-23-45-00,0,0,0
2015-05-29-00-00-00,1,1,0
2015-05-29-00-15-00,0,0,0
2015-05-29-00-30-00,0,0,0
2015-05-29-00-45-00,2,0,2
2015-05-29-01-00-00,1,1,0
2015-05-29-01-15-00,0,0,0
2015-05-29-01-30-00,2,1,1
2015-05-29-01-45-00,0,0,0
2015-05-29-02-00-00,0,0,0
2015-05-29-02-15-00,0,0,0
2015-05-29-02-30-00,0,0,0
2015-05-29-02-45-00,0,0,0
2015-05-29-03-00-00,1,0,1
2015-05-29-03-15-00,0,0,0
2015-05-29-03-30-00,0,0,0
2015-05-29-03-45-00,0,0,0
2015-05-29-04-00-00,0,0,0
2015-05-29-04-15-00,0,0,0
2015-05-29-04-30-00,0,0,0
2015-05-29-04-45-00,0,0,0
2015-05-29-05-00-00,0,0,0
2015-05-29-05-15-00,2,2,0
2015-05-29-05-30-00,2,0,2
2015-05-29-05-45-00,2,0,2
2015-05-29-06-00-00,5,2,3
2015-05-29-06-15-00,9,4,5
2015-05-29-06-30-00,9,3,6
2015-05-29-06-45-00,12,6,6
2015-05-29-07-00-00,24,11,13
2015-05-29-07-15-00,30,9,21
2015-05-29-07-30-00,49,20,29
2015-05-29-07-45-00,48,15,33
2015-05-29-08-00-00,48,15,33
2015-05-29-08-15-00,44,9,35
2015-05-29-08-30-00,28,5,23
2015-05-29-08-45-00,49,3,46
2015-05-29-09-00-00,23,5,18
2015-05-29-09-15-00,22,8,14
2015-05-29-09-30-00,22,10,12
2015-05-29-09-45-00,27,9,18
2015-05-29-10-00-00,23,9,14
2015-05-29-10-15-00,16,6,10
2015-05-29-10-30-00,4,2,2
2015-05-29-10-45-00,10,7,3
2015-05-29-11-00-00,13,8,5
2015-05-29-11-15-00,12,7,5
2015-05-29-11-30-00,31,18,13
2015-05-29-11-45-00,18,6,12
2015-05-29-12-00-00,23,11,12
2015-05-29-12-15-00,13,7,6
2015-05-29-12-30-00,18,12,6
2015-05-29-12-45-00,29,17,12
2015-05-29-13-00-00,30,12,18
2015-05-29-13-15-00,18,13,5
2015-05-29-13-30-00,29,9,20
2015-05-29-13-45-00,21,11,10
2015-05-29-14-00-00,18,12,6
2015-05-29-14-15-00,14,11,3
2015-05-29-14-30-00,46,28,18
2015-05-29-14-45-00,32,22,10
2015-05-29-15-00-00,29,13,16
2015-05-29-15-15-00,38,24,14
2015-05-29-15-30-00,43,27,16
2015-05-29-15-45-00,50,29,21
2015-05-29-16-00-00,27,18,9
2015-05-29-16-15-00,30,20,10
2015-05-29-16-30-00,47,30,17
2015-05-29-16-45-00,34,18,16
2015-05-29-17-00-00,44,31,13
2015-05-29-17-15-00,40,29,11
2015-05-29-17-30-00,43,23,20
2015-05-29-17-45-00,45,28,17
2015-05-29-18-00-00,34,25,9
2015-05-29-18-15-00,31,18,13
2015-05-29-18-30-00,29,15,14
2015-05-29-18-45-00,46,25,21
2015-05-29-19-00-00,20,14,6
2015-05-29-19-15-00,28,20,8
2015-05-29-19-30-00,31,18,13
2015-05-29-19-45-00,9,7,2
2015-05-29-20-00-00,11,8,3
2015-05-29-20-15-00,17,9,8
2015-05-29-20-30-00,14,5,9
2015-05-29-20-45-00,9,6,3
2015-05-29-21-00-00,4,4,0
2015-05-29-21-15-00,11,7,4
2015-05-29-21-30-00,5,4,1
2015-05-29-21-45-00,2,1,1
2015-05-29-22-00-00,8,2,6
2015-05-29-22-15-00,6,1,5
2015-05-29-22-30-00,4,1,3
2015-05-29-22-45-00,4,0,4
2015-05-29-23-00-00,2,2,0
2015-05-29-23-15-00,2,1,1
2015-05-29-23-30-00,2,1,1
2015-05-29-23-45-00,1,0,1
2015-05-30-00-00-00,0,0,0
2015-05-30-00-15-00,0,0,0
2015-05-30-00-30-00,1,1,0
2015-05-30-00-45-00,1,1,0
2015-05-30-01-00-00,1,0,1
2015-05-30-01-15-00,0,0,0
2015-05-30-01-30-00,0,0,0
2015-05-30-01-45-00,0,0,0
2015-05-30-02-00-00,1,0,1
2015-05-30-02-15-00,0,0,0
2015-05-30-02-30-00,0,0,0
2015-05-30-02-45-00,0,0,0
2015-05-30-03-00-00,3,0,3
2015-05-30-03-15-00,1,0,1
2015-05-30-03-30-00,0,0,0
2015-05-30-03-45-00,0,0,0
2015-05-30-04-00-00,1,1,0
2015-05-30-04-15-00,0,0,0
2015-05-30-04-30-00,2,0,2
2015-05-30-04-45-00,0,0,0
2015-05-30-05-00-00,0,0,0
2015-05-30-05-15-00,0,0,0
2015-05-30-05-30-00,1,1,0
2015-05-30-05-45-00,1,0,1
2015-05-30-06-00-00,3,0,3
2015-05-30-06-15-00,7,1,6
2015-05-30-06-30-00,2,2,0
2015-05-30-06-45-00,2,2,0
2015-05-30-07-00-00,0,0,0
2015-05-30-07-15-00,5,3,2
2015-05-30-07-30-00,4,3,1
2015-05-30-07-45-00,7,7,0
2015-05-30-08-00-00,7,4,3
2015-05-30-08-15-00,7,5,2
2015-05-30-08-30-00,12,8,4
2015-05-30-08-45-00,11,7,4
2015-05-30-09-00-00,15,11,4
2015-05-30-09-15-00,14,8,6
2015-05-30-09-30-00,16,6,10
2015-05-30-09-45-00,22,7,15
2015-05-30-10-00-00,14,11,3
2015-05-30-10-15-00,16,7,9
2015-05-30-10-30-00,27,18,9
2015-05-30-10-45-00,18,6,12
2015-05-30-11-00-00,37,15,22
2015-05-30-11-15-00,31,11,20
2015-05-30-11-30-00,27,13,14
2015-05-30-11-45-00,20,12,8
2015-05-30-12-00-00,40,25,15
2015-05-30-12-15-00,34,10,24
2015-05-30-12-30-00,31,21,10
2015-05-30-12-45-00,31,13,18
2015-05-30-13-00-00,41,30,11
2015-05-30-13-15-00,32,17,15
2015-05-30-13-30-00,26,12,14
2015-05-30-13-45-00,46,23,23
2015-05-30-14-00-00,36,15,21
2015-05-30-14-15-00,26,12,14
2015-05-30-14-30-00,29,12,17
2015-05-30-14-45-00,36,20,16
2015-05-30-15-00-00,33,19,14
2015-05-30-15-15-00,54,23,31
2015-05-30-15-30-00,49,21,28
2015-05-30-15-45-00,32,22,10
2015-05-30-16-00-00,45,27,18
2015-05-30-16-15-00,47,20,27
2015-05-30-16-30-00,39,17,22
2015-05-30-16-45-00,35,18,17
2015-05-30-17-00-00,53,25,28
2015-05-30-17-15-00,54,29,25
2015-05-30-17-30-00,54,24,30
2015-05-30-17-45-00,60,14,46
2015-05-30-18-00-00,49,13,36
2015-05-30-18-15-00,38,13,25
2015-05-30-18-30-00,29,5,24
2015-05-30-18-45-00,26,7,19
2015-05-30-19-00-00,26,8,18
2015-05-30-19-15-00,31,8,23
2015-05-30-19-30-00,19,12,7
2015-05-30-19-45-00,11,6,5
2015-05-30-20-00-00,13,5,8
2015-05-30-20-15-00,21,8,13
2015-05-30-20-30-00,24,10,14
2015-05-30-20-45-00,4,3,1
2015-05-30-21-00-00,9,4,5
2015-05-30-21-15-00,13,9,4
2015-05-30-21-30-00,16,12,4
2015-05-30-21-45-00,10,6,4
2015-05-30-22-00-00,11,6,5
2015-05-30-22-15-00,24,23,1
2015-05-30-22-30-00,79,74,5
2015-05-30-22-45-00,46,46,0
2015-05-30-23-00-00,19,15,4
2015-05-30-23-15-00,14,11,3
2015-05-30-23-30-00,3,1,2
2015-05-30-23-45-00,4,0,4
2015-05-31-00-00-00,3,2,1
2015-05-31-00-15-00,2,0,2
2015-05-31-00-30-00,2,1,1
2015-05-31-00-45-00,4,3,1
2015-05-31-01-00-00,1,1,0
2015-05-31-01-15-00,2,1,1
2015-05-31-01-30-00,3,1,2
2015-05-31-01-45-00,1,1,0
2015-05-31-02-00-00,1,0,1
2015-05-31-02-15-00,0,0,0
2015-05-31-02-30-00,0,0,0
2015-05-31-02-45-00,0,0,0
2015-05-31-03-00-00,0,0,0
2015-05-31-03-15-00,3,3,0
2015-05-31-03-30-00,0,0,0
2015-05-31-03-45-00,0,0,0
2015-05-31-04-00-00,0,0,0
2015-05-31-04-15-00,0,0,0
2015-05-31-04-30-00,0,0,0
2015-05-31-04-45-00,0,0,0
2015-05-31-05-00-00,2,2,0
2015-05-31-05-15-00,1,1,0
2015-05-31-05-30-00,0,0,0
2015-05-31-05-45-00,1,1,0
2015-05-31-06-00-00,1,1,0
2015-05-31-06-15-00,3,1,2
2015-05-31-06-30-00,2,0,2
2015-05-31-06-45-00,3,1,2
2015-05-31-07-00-00,5,1,4
2015-05-31-07-15-00,5,3,2
2015-05-31-07-30-00,8,5,3
2015-05-31-07-45-00,6,4,2
2015-05-31-08-00-00,4,1,3
2015-05-31-08-15-00,12,7,5
2015-05-31-08-30-00,5,3,2
2015-05-31-08-45-00,10,7,3
2015-05-31-09-00-00,18,4,14
2015-05-31-09-15-00,18,7,11
2015-05-31-09-30-00,27,16,11
2015-05-31-09-45-00,34,13,21
2015-05-31-10-00-00,32,13,19
2015-05-31-10-15-00,28,16,12
2015-05-31-10-30-00,34,15,19
2015-05-31-10-45-00,34,24,10
2015-05-31-11-00-00,54,36,18
2015-05-31-11-15-00,31,9,22
2015-05-31-11-30-00,45,33,12
2015-05-31-11-45-00,43,25,18
2015-05-31-12-00-00,62,23,39
2015-05-31-12-15-00,64,25,39
2015-05-31-12-30-00,53,18,35
2015-05-31-12-45-00,81,51,30
2015-05-31-13-00-00,83,42,41
2015-05-31-13-15-00,64,35,29
2015-05-31-13-30-00,92,54,38
2015-05-31-13-45-00,93,49,44
2015-05-31-14-00-00,89,41,48
2015-05-31-14-15-00,63,28,35
2015-05-31-14-30-00,83,46,37
2015-05-31-14-45-00,56,40,16
2015-05-31-15-00-00,72,48,24
2015-05-31-15-15-00,66,43,23
2015-05-31-15-30-00,48,31,17
2015-05-31-15-45-00,81,53,28
2015-05-31-16-00-00,56,40,16
2015-05-31-16-15-00,41,24,17
2015-05-31-16-30-00,40,26,14
2015-05-31-16-45-00,24,13,11
2015-05-31-17-00-00,24,15,9
2015-05-31-17-15-00,30,17,13
2015-05-31-17-30-00,18,12,6
2015-05-31-17-45-00,19,13,6
2015-05-31-18-00-00,33,16,17
2015-05-31-18-15-00,16,10,6
2015-05-31-18-30-00,13,10,3
2015-05-31-18-45-00,23,16,7
2015-05-31-19-00-00,16,12,4
2015-05-31-19-15-00,16,8,8
2015-05-31-19-30-00,11,7,4
2015-05-31-19-45-00,17,11,6
2015-05-31-20-00-00,12,9,3
2015-05-31-20-15-00,7,4,3
2015-05-31-20-30-00,9,7,2
2015-05-31-20-45-00,11,5,6
2015-05-31-21-00-00,8,6,2
2015-05-31-21-15-00,1,0,1
2015-05-31-21-30-00,7,1,6
2015-05-31-21-45-00,3,2,1
2015-05-31-22-00-00,1,0,1
2015-05-31-22-15-00,1,1,0
2015-05-31-22-30-00,0,0,0
2015-05-31-22-45-00,0,0,0
2015-05-31-23-00-00,3,0,3
2015-05-31-23-15-00,3,2,1
2015-05-31-23-30-00,0,0,0
2015-05-31-23-45-00,0,0,0
2015-06-01-00-00-00,1,1,0
2015-06-01-00-15-00,0,0,0
2015-06-01-00-30-00,1,0,1
2015-06-01-00-45-00,0,0,0
2015-06-01-01-00-00,0,0,0
2015-06-01-01-15-00,0,0,0
2015-06-01-01-30-00,1,0,1
2015-06-01-01-45-00,1,1,0
2015-06-01-02-00-00,0,0,0
2015-06-01-02-15-00,0,0,0
2015-06-01-02-30-00,0,0,0
2015-06-01-02-45-00,0,0,0
2015-06-01-03-00-00,0,0,0
2015-06-01-03-15-00,0,0,0
2015-06-01-03-30-00,0,0,0
2015-06-01-03-45-00,0,0,0
2015-06-01-04-00-00,0,0,0
2015-06-01-04-15-00,0,0,0
2015-06-01-04-30-00,2,1,1
2015-06-01-04-45-00,0,0,0
2015-06-01-05-00-00,0,0,0
2015-06-01-05-15-00,1,0,1
2015-06-01-05-30-00,2,0,2
2015-06-01-05-45-00,2,2,0
2015-06-01-06-00-00,5,2,3
2015-06-01-06-15-00,7,2,5
2015-06-01-06-30-00,5,1,4
2015-06-01-06-45-00,9,4,5
2015-06-01-07-00-00,16,5,11
2015-06-01-07-15-00,22,3,19
2015-06-01-07-30-00,39,19,20
2015-06-01-07-45-00,44,15,29
2015-06-01-08-00-00,44,8,36
2015-06-01-08-15-00,49,8,41
2015-06-01-08-30-00,46,5,41
2015-06-01-08-45-00,42,6,36
2015-06-01-09-00-00,26,7,19
2015-06-01-09-15-00,15,7,8
2015-06-01-09-30-00,24,11,13
2015-06-01-09-45-00,12,4,8
2015-06-01-10-00-00,13,7,6
2015-06-01-10-15-00,12,5,7
2015-06-01-10-30-00,28,12,16
2015-06-01-10-45-00,20,11,9
2015-06-01-11-00-00,17,11,6
2015-06-01-11-15-00,15,8,7
2015-06-01-11-30-00,14,9,5
2015-06-01-11-45-00,18,10,8
2015-06-01-12-00-00,17,8,9
2015-06-01-12-15-00,11,4,7
2015-06-01-12-30-00,21,12,9
2015-06-01-12-45-00,21,9,12
2015-06-01-13-00-00,21,12,9
2015-06-01-13-15-00,22,8,14
2015-06-01-13-30-00,24,16,8
2015-06-01-13-45-00,27,14,13
2015-06-01-14-00-00,21,14,7
2015-06-01-14-15-00,25,15,10
2015-06-01-14-30-00,25,10,15
2015-06-01-14-45-00,37,18,19
2015-06-01-15-00-00,21,12,9
2015-06-01-15-15-00,26,16,10
2015-06-01-15-30-00,40,17,23
2015-06-01-15-45-00,32,17,15
2015-06-01-16-00-00,39,23,16
2015-06-01-16-15-00,45,23,22
2015-06-01-16-30-00,64,42,22
2015-06-01-16-45-00,45,31,14
2015-06-01-17-00-00,54,34,20
2015-06-01-17-15-00,64,42,22
2015-06-01-17-30-00,56,38,18
2015-06-01-17-45-00,58,42,16
2015-06-01-18-00-00,53,32,21
2015-06-01-18-15-00,55,41,14
2015-06-01-18-30-00,54,38,16
2015-06-01-18-45-00,47,28,19
2015-06-01-19-00-00,34,22,12
2015-06-01-19-15-00,41,24,17
2015-06-01-19-30-00,52,26,26
2015-06-01-19-45-00,53,33,20
2015-06-01-20-00-00,34,26,8
2015-06-01-20-15-00,28,17,11
2015-06-01-20-30-00,26,15,11
2015-06-01-20-45-00,15,9,6
2015-06-01-21-00-00,16,12,4
2015-06-01-21-15-00,8,6,2
2015-06-01-21-30-00,16,10,6
2015-06-01-21-45-00,3,3,0
2015-06-01-22-00-00,6,0,6
2015-06-01-22-15-00,9,3,6
2015-06-01-22-30-00,2,1,1
2015-06-01-22-45-00,2,1,1
2015-06-01-23-00-00,1,0,1
2015-06-01-23-15-00,2,0,2
2015-06-01-23-30-00,5,1,4
2015-06-01-23-45-00,1,0,1
2015-06-02-00-00-00,2,0,2
2015-06-02-00-15-00,0,0,0
2015-06-02-00-30-00,0,0,0
2015-06-02-00-45-00,0,0,0
2015-06-02-01-00-00,0,0,0
2015-06-02-01-15-00,0,0,0
2015-06-02-01-30-00,0,0,0
2015-06-02-01-45-00,0,0,0
2015-06-02-02-00-00,1,1,0
2015-06-02-02-15-00,0,0,0
2015-06-02-02-30-00,0,0,0
2015-06-02-02-45-00,0,0,0
2015-06-02-03-00-00,0,0,0
2015-06-02-03-15-00,0,0,0
2015-06-02-03-30-00,0,0,0
2015-06-02-03-45-00,0,0,0
2015-06-02-04-00-00,0,0,0
2015-06-02-04-15-00,0,0,0
2015-06-02-04-30-00,1,1,0
2015-06-02-04-45-00,1,0,1
2015-06-02-05-00-00,0,0,0
2015-06-02-05-15-00,2,1,1
2015-06-02-05-30-00,2,1,1
2015-06-02-05-45-00,4,2,2
2015-06-02-06-00-00,10,2,8
2015-06-02-06-15-00,10,4,6
2015-06-02-06-30-00,7,0,7
2015-06-02-06-45-00,4,4,0
2015-06-02-07-00-00,6,1,5
2015-06-02-07-15-00,13,5,8
2015-06-02-07-30-00,21,6,15
2015-06-02-07-45-00,19,6,13
2015-06-02-08-00-00,22,6,16
2015-06-02-08-15-00,19,5,14
2015-06-02-08-30-00,33,5,28
2015-06-02-08-45-00,24,3,21
2015-06-02-09-00-00,18,2,16
2015-06-02-09-15-00,16,5,11
2015-06-02-09-30-00,7,2,5
2015-06-02-09-45-00,12,6,6
2015-06-02-10-00-00,8,3,5
2015-06-02-10-15-00,7,3,4
2015-06-02-10-30-00,9,4,5
2015-06-02-10-45-00,5,3,2
2015-06-02-11-00-00,8,2,6
2015-06-02-11-15-00,9,7,2
2015-06-02-11-30-00,11,5,6
2015-06-02-11-45-00,9,6,3
2015-06-02-12-00-00,5,1,4
2015-06-02-12-15-00,13,9,4
2015-06-02-12-30-00,9,5,4
2015-06-02-12-45-00,18,9,9
2015-06-02-13-00-00,11,4,7
2015-06-02-13-15-00,19,9,10
2015-06-02-13-30-00,16,7,9
2015-06-02-13-45-00,16,7,9
2015-06-02-14-00-00,21,13,8
2015-06-02-14-15-00,17,11,6
2015-06-02-14-30-00,19,17,2
2015-06-02-14-45-00,18,14,4
2015-06-02-15-00-00,29,16,13
2015-06-02-15-15-00,40,18,22
2015-06-02-15-30-00,26,18,8
2015-06-02-15-45-00,26,15,11
2015-06-02-16-00-00,27,21,6
2015-06-02-16-15-00,29,16,13
2015-06-02-16-30-00,41,28,13
2015-06-02-16-45-00,31,27,4
2015-06-02-17-00-00,36,24,12
2015-06-02-17-15-00,47,34,13
2015-06-02-17-30-00,59,39,20
2015-06-02-17-45-00,46,33,13
2015-06-02-18-00-00,36,27,9
2015-06-02-18-15-00,33,15,18
2015-06-02-18-30-00,42,25,17
2015-06-02-18-45-00,37,26,11
2015-06-02-19-00-00,34,16,18
2015-06-02-19-15-00,24,10,14
2015-06-02-19-30-00,20,12,8
2015-06-02-19-45-00,28,15,13
2015-06-02-20-00-00,16,10,6
2015-06-02-20-15-00,26,15,11
2015-06-02-20-30-00,23,12,11
2015-06-02-20-45-00,18,13,5
2015-06-02-21-00-00,29,20,9
2015-06-02-21-15-00,14,6,8
2015-06-02-21-30-00,8,7,1
2015-06-02-21-45-00,7,3,4
2015-06-02-22-00-00,6,5,1
2015-06-02-22-15-00,2,1,1
2015-06-02-22-30-00,5,2,3
2015-06-02-22-45-00,5,2,3
2015-06-02-23-00-00,4,2,2
2015-06-02-23-15-00,2,1,1
2015-06-02-23-30-00,3,1,2
2015-06-02-23-45-00,2,2,0
2015-06-03-00-00-00,2,0,2
2015-06-03-00-15-00,2,2,0
2015-06-03-00-30-00,0,0,0
2015-06-03-00-45-00,1,1,0
2015-06-03-01-00-00,0,0,0
2015-06-03-01-15-00,0,0,0
2015-06-03-01-30-00,0,0,0
2015-06-03-01-45-00,1,0,1
2015-06-03-02-00-00,0,0,0
2015-06-03-02-15-00,0,0,0
2015-06-03-02-30-00,1,0,1
2015-06-03-02-45-00,0,0,0
2015-06-03-03-00-00,0,0,0
2015-06-03-03-15-00,0,0,0
2015-06-03-03-30-00,0,0,0
2015-06-03-03-45-00,0,0,0
2015-06-03-04-00-00,0,0,0
2015-06-03-04-15-00,1,0,1
2015-06-03-04-30-00,2,1,1
2015-06-03-04-45-00,0,0,0
2015-06-03-05-00-00,1,1,0
2015-06-03-05-15-00,2,1,1
2015-06-03-05-30-00,3,1,2
2015-06-03-05-45-00,1,0,1
2015-06-03-06-00-00,8,4,4
2015-06-03-06-15-00,8,0,8
2015-06-03-06-30-00,10,2,8
2015-06-03-06-45-00,15,6,9
2015-06-03-07-00-00,12,5,7
2015-06-03-07-15-00,22,9,13
2015-06-03-07-30-00,41,18,23
2015-06-03-07-45-00,53,13,40
2015-06-03-08-00-00,35,9,26
2015-06-03-08-15-00,44,9,35
2015-06-03-08-30-00,46,12,34
2015-06-03-08-45-00,48,10,38
2015-06-03-09-00-00,22,9,13
2015-06-03-09-15-00,37,12,25
2015-06-03-09-30-00,23,11,12
2015-06-03-09-45-00,18,6,12
2015-06-03-10-00-00,17,6,11
2015-06-03-10-15-00,25,7,18
2015-06-03-10-30-00,21,7,14
2015-06-03-10-45-00,8,4,4
2015-06-03-11-00-00,13,7,6
2015-06-03-11-15-00,31,16,15
2015-06-03-11-30-00,17,10,7
2015-06-03-11-45-00,19,12,7
2015-06-03-12-00-00,22,9,13
2015-06-03-12-15-00,19,9,10
2015-06-03-12-30-00,20,8,12
2015-06-03-12-45-00,25,14,11
2015-06-03-13-00-00,25,14,11
2015-06-03-13-15-00,27,17,10
2015-06-03-13-30-00,29,10,19
2015-06-03-13-45-00,25,9,16
2015-06-03-14-00-00,20,13,7
2015-06-03-14-15-00,32,20,12
2015-06-03-14-30-00,31,16,15
2015-06-03-14-45-00,30,17,13
2015-06-03-15-00-00,34,18,16
2015-06-03-15-15-00,34,17,17
2015-06-03-15-30-00,39,25,14
2015-06-03-15-45-00,36,22,14
2015-06-03-16-00-00,38,20,18
2015-06-03-16-15-00,49,31,18
2015-06-03-16-30-00,35,21,14
2015-06-03-16-45-00,54,33,21
2015-06-03-17-00-00,63,36,27
2015-06-03-17-15-00,60,37,23
2015-06-03-17-30-00,53,30,23
2015-06-03-17-45-00,61,41,20
2015-06-03-18-00-00,74,49,25
2015-06-03-18-15-00,58,29,29
2015-06-03-18-30-00,46,28,18
2015-06-03-18-45-00,56,33,23
2015-06-03-19-00-00,38,28,10
2015-06-03-19-15-00,41,21,20
2015-06-03-19-30-00,33,18,15
2015-06-03-19-45-00,47,24,23
2015-06-03-20-00-00,41,23,18
2015-06-03-20-15-00,45,29,16
2015-06-03-20-30-00,27,10,17
2015-06-03-20-45-00,18,11,7
2015-06-03-21-00-00,31,14,17
2015-06-03-21-15-00,31,22,9
2015-06-03-21-30-00,12,5,7
2015-06-03-21-45-00,14,10,4
2015-06-03-22-00-00,5,1,4
2015-06-03-22-15-00,11,6,5
2015-06-03-22-30-00,11,4,7
2015-06-03-22-45-00,18,12,6
2015-06-03-23-00-00,5,0,5
2015-06-03-23-15-00,4,0,4
2015-06-03-23-30-00,6,0,6
2015-06-03-23-45-00,3,0,3
2015-06-04-00-00-00,5,3,2
2015-06-04-00-15-00,1,1,0
2015-06-04-00-30-00,2,2,0
2015-06-04-00-45-00,2,2,0
2015-06-04-01-00-00,9,9,0
2015-06-04-01-15-00,1,1,0
2015-06-04-01-30-00,3,2,1
2015-06-04-01-45-00,1,1,0
2015-06-04-02-00-00,4,3,1
2015-06-04-02-15-00,0,0,0
2015-06-04-02-30-00,0,0,0
2015-06-04-02-45-00,2,2,0
2015-06-04-03-00-00,0,0,0
2015-06-04-03-15-00,0,0,0
2015-06-04-03-30-00,0,0,0
2015-06-04-03-45-00,7,7,0
2015-06-04-04-00-00,3,3,0
2015-06-04-04-15-00,0,0,0
2015-06-04-04-30-00,1,0,1
2015-06-04-04-45-00,0,0,0
2015-06-04-05-00-00,2,1,1
2015-06-04-05-15-00,0,0,0
2015-06-04-05-30-00,1,1,0
2015-06-04-05-45-00,3,1,2
2015-06-04-06-00-00,2,1,1
2015-06-04-06-15-00,1,0,1
2015-06-04-06-30-00,1,0,1
2015-06-04-06-45-00,8,2,6
2015-06-04-07-00-00,3,3,0
2015-06-04-07-15-00,1,0,1
2015-06-04-07-30-00,5,3,2
2015-06-04-07-45-00,9,7,2
2015-06-04-08-00-00,3,1,2
2015-06-04-08-15-00,16,6,10
2015-06-04-08-30-00,16,4,12
2015-06-04-08-45-00,15,10,5
2015-06-04-09-00-00,20,10,10
2015-06-04-09-15-00,24,11,13
2015-06-04-09-30-00,36,13,23
2015-06-04-09-45-00,36,16,20
2015-06-04-10-00-00,61,23,38
2015-06-04-10-15-00,66,25,41
2015-06-04-10-30-00,78,36,42
2015-06-04-10-45-00,87,30,57
2015-06-04-11-00-00,140,48,92
2015-06-04-11-15-00,125,47,78
2015-06-04-11-30-00,111,36,75
2015-06-04-11-45-00,186,65,121
2015-06-04-12-00-00,125,38,87
2015-06-04-12-15-00,160,58,102
2015-06-04-12-30-00,169,62,107
2015-06-04-12-45-00,221,59,162
2015-06-04-13-00-00,123,45,78
2015-06-04-13-15-00,216,85,131
2015-06-04-13-30-00,191,86,105
2015-06-04-13-45-00,177,78,99
2015-06-04-14-00-00,172,82,90
2015-06-04-14-15-00,235,109,126
2015-06-04-14-30-00,266,143,123
2015-06-04-14-45-00,174,89,85
2015-06-04-15-00-00,213,116,97
2015-06-04-15-15-00,208,100,108
2015-06-04-15-30-00,195,106,89
2015-06-04-15-45-00,233,136,97
2015-06-04-16-00-00,228,126,102
2015-06-04-16-15-00,216,135,81
2015-06-04-16-30-00,195,119,76
2015-06-04-16-45-00,233,130,103
2015-06-04-17-00-00,180,118,62
2015-06-04-17-15-00,227,163,64
2015-06-04-17-30-00,201,120,81
2015-06-04-17-45-00,164,120,44
2015-06-04-18-00-00,157,92,65
2015-06-04-18-15-00,132,95,37
2015-06-04-18-30-00,141,91,50
2015-06-04-18-45-00,160,91,69
2015-06-04-19-00-00,98,61,37
2015-06-04-19-15-00,111,75,36
2015-06-04-19-30-00,115,68,47
2015-06-04-19-45-00,83,61,22
2015-06-04-20-00-00,78,40,38
2015-06-04-20-15-00,83,55,28
2015-06-04-20-30-00,66,36,30
2015-06-04-20-45-00,56,44,12
2015-06-04-21-00-00,59,37,22
2015-06-04-21-15-00,64,42,22
2015-06-04-21-30-00,48,33,15
2015-06-04-21-45-00,33,23,10
2015-06-04-22-00-00,19,16,3
2015-06-04-22-15-00,21,13,8
2015-06-04-22-30-00,17,12,5
2015-06-04-22-45-00,12,9,3
2015-06-04-23-00-00,9,6,3
2015-06-04-23-15-00,4,2,2
2015-06-04-23-30-00,11,4,7
2015-06-04-23-45-00,0,0,0
2015-06-05-00-00-00,0,0,0
2015-06-05-00-15-00,3,2,1
2015-06-05-00-30-00,1,0,1
2015-06-05-00-45-00,1,0,1
2015-06-05-01-00-00,0,0,0
2015-06-05-01-15-00,1,0,1
2015-06-05-01-30-00,0,0,0
2015-06-05-01-45-00,1,1,0
2015-06-05-02-00-00,1,1,0
2015-06-05-02-15-00,1,0,1
2015-06-05-02-30-00,1,0,1
2015-06-05-02-45-00,0,0,0
2015-06-05-03-00-00,0,0,0
2015-06-05-03-15-00,0,0,0
2015-06-05-03-30-00,1,0,1
2015-06-05-03-45-00,0,0,0
2015-06-05-04-00-00,0,0,0
2015-06-05-04-15-00,0,0,0
2015-06-05-04-30-00,1,1,0
2015-06-05-04-45-00,0,0,0
2015-06-05-05-00-00,0,0,0
2015-06-05-05-15-00,0,0,0
2015-06-05-05-30-00,1,1,0
2015-06-05-05-45-00,0,0,0
2015-06-05-06-00-00,2,1,1
2015-06-05-06-15-00,8,3,5
2015-06-05-06-30-00,13,7,6
2015-06-05-06-45-00,8,3,5
2015-06-05-07-00-00,14,6,8
2015-06-05-07-15-00,36,11,25
2015-06-05-07-30-00,43,16,27
2015-06-05-07-45-00,62,13,49
2015-06-05-08-00-00,48,14,34
2015-06-05-08-15-00,43,9,34
2015-06-05-08-30-00,34,13,21
2015-06-05-08-45-00,42,13,29
2015-06-05-09-00-00,35,16,19
2015-06-05-09-15-00,24,10,14
2015-06-05-09-30-00,44,23,21
2015-06-05-09-45-00,37,21,16
2015-06-05-10-00-00,28,12,16
2015-06-05-10-15-00,54,14,40
2015-06-05-10-30-00,21,15,6
2015-06-05-10-45-00,35,16,19
2015-06-05-11-00-00,61,40,21
2015-06-05-11-15-00,35,16,19
2015-06-05-11-30-00,37,17,20
2015-06-05-11-45-00,54,19,35
2015-06-05-12-00-00,52,16,36
2015-06-05-12-15-00,80,23,57
2015-06-05-12-30-00,67,40,27
2015-06-05-12-45-00,70,38,32
2015-06-05-13-00-00,49,29,20
2015-06-05-13-15-00,63,32,31
2015-06-05-13-30-00,56,25,31
2015-06-05-13-45-00,59,27,32
2015-06-05-14-00-00,76,36,40
2015-06-05-14-15-00,67,25,42
2015-06-05-14-30-00,70,36,34
2015-06-05-14-45-00,52,23,29
2015-06-05-15-00-00,74,43,31
2015-06-05-15-15-00,97,61,36
2015-06-05-15-30-00,60,41,19
2015-06-05-15-45-00,60,34,26
2015-06-05-16-00-00,70,50,20
2015-06-05-16-15-00,71,48,23
2015-06-05-16-30-00,54,29,25
2015-06-05-16-45-00,58,33,25
2015-06-05-17-00-00,70,49,21
2015-06-05-17-15-00,57,36,21
2015-06-05-17-30-00,55,34,21
2015-06-05-17-45-00,62,37,25
2015-06-05-18-00-00,60,31,29
2015-06-05-18-15-00,81,54,27
2015-06-05-18-30-00,58,32,26
2015-06-05-18-45-00,63,29,34
2015-06-05-19-00-00,50,27,23
2015-06-05-19-15-00,61,33,28
2015-06-05-19-30-00,48,36,12
2015-06-05-19-45-00,41,19,22
2015-06-05-20-00-00,41,17,24
2015-06-05-20-15-00,40,22,18
2015-06-05-20-30-00,49,18,31
2015-06-05-20-45-00,63,40,23
2015-06-05-21-00-00,40,29,11
2015-06-05-21-15-00,33,18,15
2015-06-05-21-30-00,41,26,15
2015-06-05-21-45-00,44,23,21
2015-06-05-22-00-00,24,9,15
2015-06-05-22-15-00,28,12,16
2015-06-05-22-30-00,20,10,10
2015-06-05-22-45-00,24,18,6
2015-06-05-23-00-00,19,6,13
2015-06-05-23-15-00,3,3,0
2015-06-05-23-30-00,11,4,7
2015-06-05-23-45-00,15,8,7
2015-06-06-00-00-00,8,2,6
2015-06-06-00-15-00,1,1,0
2015-06-06-00-30-00,0,0,0
2015-06-06-00-45-00,4,0,4
2015-06-06-01-00-00,1,1,0
2015-06-06-01-15-00,1,1,0
2015-06-06-01-30-00,0,0,0
2015-06-06-01-45-00,0,0,0
2015-06-06-02-00-00,0,0,0
2015-06-06-02-15-00,4,4,0
2015-06-06-02-30-00,0,0,0
2015-06-06-02-45-00,0,0,0
2015-06-06-03-00-00,0,0,0
2015-06-06-03-15-00,1,1,0
2015-06-06-03-30-00,1,0,1
2015-06-06-03-45-00,0,0,0
2015-06-06-04-00-00,0,0,0
2015-06-06-04-15-00,0,0,0
2015-06-06-04-30-00,0,0,0
2015-06-06-04-45-00,0,0,0
2015-06-06-05-00-00,0,0,0
2015-06-06-05-15-00,0,0,0
2015-06-06-05-30-00,1,1,0
2015-06-06-05-45-00,0,0,0
2015-06-06-06-00-00,1,1,0
2015-06-06-06-15-00,4,2,2
2015-06-06-06-30-00,2,0,2
2015-06-06-06-45-00,6,4,2
2015-06-06-07-00-00,2,0,2
2015-06-06-07-15-00,2,0,2
2015-06-06-07-30-00,3,0,3
2015-06-06-07-45-00,5,3,2
2015-06-06-08-00-00,10,7,3
2015-06-06-08-15-00,4,2,2
2015-06-06-08-30-00,14,7,7
2015-06-06-08-45-00,5,3,2
2015-06-06-09-00-00,9,6,3
2015-06-06-09-15-00,10,4,6
2015-06-06-09-30-00,5,2,3
2015-06-06-09-45-00,18,14,4
2015-06-06-10-00-00,22,9,13
2015-06-06-10-15-00,22,6,16
2015-06-06-10-30-00,27,11,16
2015-06-06-10-45-00,30,15,15
2015-06-06-11-00-00,24,4,20
2015-06-06-11-15-00,14,1,13
2015-06-06-11-30-00,15,5,10
2015-06-06-11-45-00,24,19,5
2015-06-06-12-00-00,27,12,15
2015-06-06-12-15-00,39,11,28
2015-06-06-12-30-00,34,14,20
2015-06-06-12-45-00,43,34,9
2015-06-06-13-00-00,32,14,18
2015-06-06-13-15-00,30,12,18
2015-06-06-13-30-00,41,14,27
2015-06-06-13-45-00,22,17,5
2015-06-06-14-00-00,44,15,29
2015-06-06-14-15-00,40,13,27
2015-06-06-14-30-00,57,24,33
2015-06-06-14-45-00,51,26,25
2015-06-06-15-00-00,68,29,39
2015-06-06-15-15-00,55,22,33
2015-06-06-15-30-00,53,28,25
2015-06-06-15-45-00,70,40,30
2015-06-06-16-00-00,54,31,23
2015-06-06-16-15-00,68,26,42
2015-06-06-16-30-00,51,23,28
2015-06-06-16-45-00,56,35,21
2015-06-06-17-00-00,60,44,16
2015-06-06-17-15-00,65,33,32
2015-06-06-17-30-00,73,33,40
2015-06-06-17-45-00,77,42,35
2015-06-06-18-00-00,44,27,17
2015-06-06-18-15-00,59,30,29
2015-06-06-18-30-00,75,30,45
2015-06-06-18-45-00,69,38,31
2015-06-06-19-00-00,66,43,23
2015-06-06-19-15-00,31,19,12
2015-06-06-19-30-00,56,37,19
2015-06-06-19-45-00,48,25,23
2015-06-06-20-00-00,53,28,25
2015-06-06-20-15-00,64,42,22
2015-06-06-20-30-00,37,18,19
2015-06-06-20-45-00,28,17,11
2015-06-06-21-00-00,35,21,14
2015-06-06-21-15-00,32,18,14
2015-06-06-21-30-00,28,15,13
2015-06-06-21-45-00,22,11,11
2015-06-06-22-00-00,16,15,1
2015-06-06-22-15-00,12,6,6
2015-06-06-22-30-00,5,2,3
2015-06-06-22-45-00,8,3,5
2015-06-06-23-00-00,1,1,0
2015-06-06-23-15-00,11,2,9
2015-06-06-23-30-00,7,6,1
2015-06-06-23-45-00,18,5,13
2015-06-07-00-00-00,3,1,2
2015-06-07-00-15-00,5,4,1
2015-06-07-00-30-00,4,4,0
2015-06-07-00-45-00,9,8,1
2015-06-07-01-00-00,3,3,0
2015-06-07-01-15-00,2,2,0
2015-06-07-01-30-00,4,3,1
2015-06-07-01-45-00,3,3,0
2015-06-07-02-00-00,0,0,0
2015-06-07-02-15-00,0,0,0
2015-06-07-02-30-00,3,1,2
2015-06-07-02-45-00,2,1,1
2015-06-07-03-00-00,3,3,0
2015-06-07-03-15-00,0,0,0
2015-06-07-03-30-00,0,0,0
2015-06-07-03-45-00,0,0,0
2015-06-07-04-00-00,1,1,0
2015-06-07-04-15-00,1,0,1
2015-06-07-04-30-00,0,0,0
2015-06-07-04-45-00,0,0,0
2015-06-07-05-00-00,1,0,1
2015-06-07-05-15-00,1,1,0
2015-06-07-05-30-00,0,0,0
2015-06-07-05-45-00,0,0,0
2015-06-07-06-00-00,4,1,3
2015-06-07-06-15-00,3,1,2
2015-06-07-06-30-00,1,0,1
2015-06-07-06-45-00,5,2,3
2015-06-07-07-00-00,2,1,1
2015-06-07-07-15-00,2,2,0
2015-06-07-07-30-00,7,2,5
2015-06-07-07-45-00,6,1,5
2015-06-07-08-00-00,3,1,2
2015-06-07-08-15-00,12,6,6
2015-06-07-08-30-00,7,4,3
2015-06-07-08-45-00,15,7,8
2015-06-07-09-00-00,9,4,5
2015-06-07-09-15-00,21,12,9
2015-06-07-09-30-00,31,10,21
2015-06-07-09-45-00,35,13,22
2015-06-07-10-00-00,47,26,21
2015-06-07-10-15-00,59,25,34
2015-06-07-10-30-00,73,23,50
2015-06-07-10-45-00,96,35,61
2015-06-07-11-00-00,100,45,55
2015-06-07-11-15-00,77,39,38
2015-06-07-11-30-00,77,22,55
2015-06-07-11-45-00,74,20,54
2015-06-07-12-00-00,117,44,73
2015-06-07-12-15-00,107,49,58
2015-06-07-12-30-00,139,54,85
2015-06-07-12-45-00,149,62,87
2015-06-07-13-00-00,133,49,84
2015-06-07-13-15-00,126,42,84
2015-06-07-13-30-00,149,63,86
2015-06-07-13-45-00,137,43,94
2015-06-07-14-00-00,173,75,98
2015-06-07-14-15-00,158,86,72
2015-06-07-14-30-00,138,59,79
2015-06-07-14-45-00,179,90,89
2015-06-07-15-00-00,157,81,76
2015-06-07-15-15-00,175,87,88
2015-06-07-15-30-00,185,107,78
2015-06-07-15-45-00,213,135,78
2015-06-07-16-00-00,144,81,63
2015-06-07-16-15-00,216,132,84
2015-06-07-16-30-00,146,88,58
2015-06-07-16-45-00,176,109,67
2015-06-07-17-00-00,185,135,50
2015-06-07-17-15-00,124,77,47
2015-06-07-17-30-00,137,81,56
2015-06-07-17-45-00,119,79,40
2015-06-07-18-00-00,102,75,27
2015-06-07-18-15-00,88,63,25
2015-06-07-18-30-00,108,68,40
2015-06-07-18-45-00,104,59,45
2015-06-07-19-00-00,100,59,41
2015-06-07-19-15-00,112,84,28
2015-06-07-19-30-00,70,36,34
2015-06-07-19-45-00,55,31,24
2015-06-07-20-00-00,70,38,32
2015-06-07-20-15-00,44,28,16
2015-06-07-20-30-00,39,27,12
2015-06-07-20-45-00,46,31,15
2015-06-07-21-00-00,47,29,18
2015-06-07-21-15-00,15,9,6
2015-06-07-21-30-00,21,7,14
2015-06-07-21-45-00,17,15,2
2015-06-07-22-00-00,10,8,2
2015-06-07-22-15-00,7,6,1
2015-06-07-22-30-00,9,6,3
2015-06-07-22-45-00,6,1,5
2015-06-07-23-00-00,1,0,1
2015-06-07-23-15-00,0,0,0
2015-06-07-23-30-00,3,3,0
2015-06-07-23-45-00,1,1,0
2015-06-08-00-00-00,0,0,0
2015-06-08-00-15-00,0,0,0
2015-06-08-00-30-00,0,0,0
2015-06-08-00-45-00,0,0,0
2015-06-08-01-00-00,0,0,0
2015-06-08-01-15-00,0,0,0
2015-06-08-01-30-00,0,0,0
2015-06-08-01-45-00,0,0,0
2015-06-08-02-00-00,0,0,0
2015-06-08-02-15-00,1,0,1
2015-06-08-02-30-00,0,0,0
2015-06-08-02-45-00,0,0,0
2015-06-08-03-00-00,0,0,0
2015-06-08-03-15-00,0,0,0
2015-06-08-03-30-00,0,0,0
2015-06-08-03-45-00,0,0,0
2015-06-08-04-00-00,0,0,0
2015-06-08-04-15-00,0,0,0
2015-06-08-04-30-00,1,0,1
2015-06-08-04-45-00,0,0,0
2015-06-08-05-00-00,0,0,0
2015-06-08-05-15-00,5,3,2
2015-06-08-05-30-00,4,0,4
2015-06-08-05-45-00,5,1,4
2015-06-08-06-00-00,7,3,4
2015-06-08-06-15-00,10,3,7
2015-06-08-06-30-00,14,7,7
2015-06-08-06-45-00,11,3,8
2015-06-08-07-00-00,30,11,19
2015-06-08-07-15-00,36,14,22
2015-06-08-07-30-00,60,23,37
2015-06-08-07-45-00,62,17,45
2015-06-08-08-00-00,57,12,45
2015-06-08-08-15-00,60,9,51
2015-06-08-08-30-00,65,12,53
2015-06-08-08-45-00,52,18,34
2015-06-08-09-00-00,32,9,23
2015-06-08-09-15-00,25,8,17
2015-06-08-09-30-00,31,17,14
2015-06-08-09-45-00,25,11,14
2015-06-08-10-00-00,14,7,7
2015-06-08-10-15-00,22,12,10
2015-06-08-10-30-00,20,10,10
2015-06-08-10-45-00,18,5,13
2015-06-08-11-00-00,26,16,10
2015-06-08-11-15-00,16,7,9
2015-06-08-11-30-00,24,10,14
2015-06-08-11-45-00,27,11,16
2015-06-08-12-00-00,23,14,9
2015-06-08-12-15-00,29,10,19
2015-06-08-12-30-00,36,23,13
2015-06-08-12-45-00,36,15,21
2015-06-08-13-00-00,24,7,17
2015-06-08-13-15-00,35,22,13
2015-06-08-13-30-00,32,17,15
2015-06-08-13-45-00,25,16,9
2015-06-08-14-00-00,32,16,16
2015-06-08-14-15-00,33,19,14
2015-06-08-14-30-00,45,32,13
2015-06-08-14-45-00,34,17,17
2015-06-08-15-00-00,41,20,21
2015-06-08-15-15-00,39,22,17
2015-06-08-15-30-00,42,23,19
2015-06-08-15-45-00,70,52,18
2015-06-08-16-00-00,58,40,18
2015-06-08-16-15-00,64,44,20
2015-06-08-16-30-00,66,44,22
2015-06-08-16-45-00,78,57,21
2015-06-08-17-00-00,69,45,24
2015-06-08-17-15-00,86,57,29
2015-06-08-17-30-00,95,67,28
2015-06-08-17-45-00,86,56,30
2015-06-08-18-00-00,84,50,34
2015-06-08-18-15-00,96,50,46
2015-06-08-18-30-00,87,49,38
2015-06-08-18-45-00,55,30,25
2015-06-08-19-00-00,79,54,25
2015-06-08-19-15-00,50,28,22
2015-06-08-19-30-00,40,26,14
2015-06-08-19-45-00,41,14,27
2015-06-08-20-00-00,31,15,16
2015-06-08-20-15-00,28,19,9
2015-06-08-20-30-00,20,10,10
2015-06-08-20-45-00,20,14,6
2015-06-08-21-00-00,13,7,6
2015-06-08-21-15-00,21,6,15
2015-06-08-21-30-00,17,10,7
2015-06-08-21-45-00,9,6,3
2015-06-08-22-00-00,6,3,3
2015-06-08-22-15-00,6,2,4
2015-06-08-22-30-00,2,1,1
2015-06-08-22-45-00,4,2,2
2015-06-08-23-00-00,2,0,2
2015-06-08-23-15-00,9,8,1
2015-06-08-23-30-00,1,1,0
2015-06-08-23-45-00,1,0,1
2015-06-09-00-00-00,0,0,0
2015-06-09-00-15-00,0,0,0
2015-06-09-00-30-00,0,0,0
2015-06-09-00-45-00,0,0,0
2015-06-09-01-00-00,0,0,0
2015-06-09-01-15-00,0,0,0
2015-06-09-01-30-00,0,0,0
2015-06-09-01-45-00,0,0,0
2015-06-09-02-00-00,0,0,0
2015-06-09-02-15-00,0,0,0
2015-06-09-02-30-00,0,0,0
2015-06-09-02-45-00,0,0,0
2015-06-09-03-00-00,0,0,0
2015-06-09-03-15-00,0,0,0
2015-06-09-03-30-00,0,0,0
2015-06-09-03-45-00,0,0,0
2015-06-09-04-00-00,0,0,0
2015-06-09-04-15-00,0,0,0
2015-06-09-04-30-00,3,1,2
2015-06-09-04-45-00,0,0,0
2015-06-09-05-00-00,0,0,0
2015-06-09-05-15-00,2,2,0
2015-06-09-05-30-00,4,2,2
2015-06-09-05-45-00,6,1,5
2015-06-09-06-00-00,6,2,4
2015-06-09-06-15-00,11,3,8
2015-06-09-06-30-00,9,2,7
2015-06-09-06-45-00,24,9,15
2015-06-09-07-00-00,22,12,10
2015-06-09-07-15-00,47,15,32
2015-06-09-07-30-00,54,20,34
2015-06-09-07-45-00,54,16,38
2015-06-09-08-00-00,78,13,65
2015-06-09-08-15-00,54,17,37
2015-06-09-08-30-00,49,12,37
2015-06-09-08-45-00,56,9,47
2015-06-09-09-00-00,40,11,29
2015-06-09-09-15-00,21,2,19
2015-06-09-09-30-00,21,9,12
2015-06-09-09-45-00,26,9,17
2015-06-09-10-00-00,13,6,7
2015-06-09-10-15-00,13,6,7
2015-06-09-10-30-00,16,10,6
2015-06-09-10-45-00,19,7,12
2015-06-09-11-00-00,14,5,9
2015-06-09-11-15-00,27,10,17
2015-06-09-11-30-00,19,8,11
2015-06-09-11-45-00,19,6,13
2015-06-09-12-00-00,25,10,15
2015-06-09-12-15-00,23,8,15
2015-06-09-12-30-00,32,17,15
2015-06-09-12-45-00,18,8,10
2015-06-09-13-00-00,28,19,9
2015-06-09-13-15-00,41,19,22
2015-06-09-13-30-00,43,34,9
2015-06-09-13-45-00,28,12,16
2015-06-09-14-00-00,21,12,9
2015-06-09-14-15-00,26,16,10
2015-06-09-14-30-00,40,26,14
2015-06-09-14-45-00,26,10,16
2015-06-09-15-00-00,25,14,11
2015-06-09-15-15-00,36,13,23
2015-06-09-15-30-00,39,25,14
2015-06-09-15-45-00,43,27,16
2015-06-09-16-00-00,55,32,23
2015-06-09-16-15-00,63,43,20
2015-06-09-16-30-00,65,42,23
2015-06-09-16-45-00,63,35,28
2015-06-09-17-00-00,66,48,18
2015-06-09-17-15-00,72,51,21
2015-06-09-17-30-00,58,44,14
2015-06-09-17-45-00,83,51,32
2015-06-09-18-00-00,68,47,21
2015-06-09-18-15-00,69,46,23
2015-06-09-18-30-00,57,31,26
2015-06-09-18-45-00,77,48,29
2015-06-09-19-00-00,45,27,18
2015-06-09-19-15-00,52,26,26
2015-06-09-19-30-00,44,27,17
2015-06-09-19-45-00,40,23,17
2015-06-09-20-00-00,43,23,20
2015-06-09-20-15-00,51,29,22
2015-06-09-20-30-00,33,7,26
2015-06-09-20-45-00,34,21,13
2015-06-09-21-00-00,23,20,3
2015-06-09-21-15-00,22,12,10
2015-06-09-21-30-00,23,14,9
2015-06-09-21-45-00,9,4,5
2015-06-09-22-00-00,16,10,6
2015-06-09-22-15-00,17,12,5
2015-06-09-22-30-00,7,6,1
2015-06-09-22-45-00,9,6,3
2015-06-09-23-00-00,2,2,0
2015-06-09-23-15-00,0,0,0
2015-06-09-23-30-00,1,1,0
2015-06-09-23-45-00,3,0,3
2015-06-10-00-00-00,6,4,2
2015-06-10-00-15-00,0,0,0
2015-06-10-00-30-00,0,0,0
2015-06-10-00-45-00,0,0,0
2015-06-10-01-00-00,0,0,0
2015-06-10-01-15-00,0,0,0
2015-06-10-01-30-00,1,0,1
2015-06-10-01-45-00,1,1,0
2015-06-10-02-00-00,0,0,0
2015-06-10-02-15-00,0,0,0
2015-06-10-02-30-00,0,0,0
2015-06-10-02-45-00,0,0,0
2015-06-10-03-00-00,0,0,0
2015-06-10-03-15-00,0,0,0
2015-06-10-03-30-00,0,0,0
2015-06-10-03-45-00,0,0,0
2015-06-10-04-00-00,0,0,0
2015-06-10-04-15-00,2,2,0
2015-06-10-04-30-00,1,0,1
2015-06-10-04-45-00,0,0,0
2015-06-10-05-00-00,0,0,0
2015-06-10-05-15-00,2,2,0
2015-06-10-05-30-00,2,1,1
2015-06-10-05-45-00,4,0,4
2015-06-10-06-00-00,12,2,10
2015-06-10-06-15-00,11,2,9
2015-06-10-06-30-00,15,6,9
2015-06-10-06-45-00,15,4,11
2015-06-10-07-00-00,22,11,11
2015-06-10-07-15-00,26,9,17
2015-06-10-07-30-00,53,24,29
2015-06-10-07-45-00,67,22,45
2015-06-10-08-00-00,69,10,59
2015-06-10-08-15-00,55,14,41
2015-06-10-08-30-00,64,10,54
2015-06-10-08-45-00,56,13,43
2015-06-10-09-00-00,58,22,36
2015-06-10-09-15-00,22,9,13
2015-06-10-09-30-00,26,8,18
2015-06-10-09-45-00,25,13,12
2015-06-10-10-00-00,23,10,13
2015-06-10-10-15-00,17,8,9
2015-06-10-10-30-00,36,14,22
2015-06-10-10-45-00,24,18,6
2015-06-10-11-00-00,28,12,16
2015-06-10-11-15-00,35,15,20
2015-06-10-11-30-00,34,21,13
2015-06-10-11-45-00,50,19,31
2015-06-10-12-00-00,37,20,17
2015-06-10-12-15-00,38,13,25
2015-06-10-12-30-00,30,14,16
2015-06-10-12-45-00,32,18,14
2015-06-10-13-00-00,35,17,18
2015-06-10-13-15-00,51,19,32
2015-06-10-13-30-00,48,25,23
2015-06-10-13-45-00,44,18,26
2015-06-10-14-00-00,48,28,20
2015-06-10-14-15-00,30,15,15
2015-06-10-14-30-00,75,33,42
2015-06-10-14-45-00,57,30,27
2015-06-10-15-00-00,48,29,19
2015-06-10-15-15-00,44,33,11
2015-06-10-15-30-00,61,32,29
2015-06-10-15-45-00,43,28,15
2015-06-10-16-00-00,75,45,30
2015-06-10-16-15-00,64,40,24
2015-06-10-16-30-00,59,45,14
2015-06-10-16-45-00,72,51,21
2015-06-10-17-00-00,74,52,22
2015-06-10-17-15-00,73,48,25
2015-06-10-17-30-00,77,53,24
2015-06-10-17-45-00,72,42,30
2015-06-10-18-00-00,72,52,20
2015-06-10-18-15-00,79,60,19
2015-06-10-18-30-00,80,43,37
2015-06-10-18-45-00,80,47,33
2015-06-10-19-00-00,60,33,27
2015-06-10-19-15-00,58,31,27
2015-06-10-19-30-00,57,38,19
2015-06-10-19-45-00,47,20,27
2015-06-10-20-00-00,59,32,27
2015-06-10-20-15-00,34,24,10
2015-06-10-20-30-00,43,21,22
2015-06-10-20-45-00,21,15,6
2015-06-10-21-00-00,22,10,12
2015-06-10-21-15-00,21,14,7
2015-06-10-21-30-00,24,8,16
2015-06-10-21-45-00,17,14,3
2015-06-10-22-00-00,15,8,7
2015-06-10-22-15-00,17,10,7
2015-06-10-22-30-00,8,8,0
2015-06-10-22-45-00,9,6,3
2015-06-10-23-00-00,7,6,1
2015-06-10-23-15-00,6,5,1
2015-06-10-23-30-00,5,2,3
2015-06-10-23-45-00,1,1,0
2015-06-11-00-00-00,1,1,0
2015-06-11-00-15-00,0,0,0
2015-06-11-00-30-00,2,0,2
2015-06-11-00-45-00,1,1,0
2015-06-11-01-00-00,0,0,0
2015-06-11-01-15-00,0,0,0
2015-06-11-01-30-00,0,0,0
2015-06-11-01-45-00,1,0,1
2015-06-11-02-00-00,0,0,0
2015-06-11-02-15-00,0,0,0
2015-06-11-02-30-00,0,0,0
2015-06-11-02-45-00,1,0,1
2015-06-11-03-00-00,0,0,0
2015-06-11-03-15-00,0,0,0
2015-06-11-03-30-00,0,0,0
2015-06-11-03-45-00,2,0,2
2015-06-11-04-00-00,0,0,0
2015-06-11-04-15-00,0,0,0
2015-06-11-04-30-00,1,1,0
2015-06-11-04-45-00,0,0,0
2015-06-11-05-00-00,1,1,0
2015-06-11-05-15-00,2,2,0
2015-06-11-05-30-00,4,0,4
2015-06-11-05-45-00,2,0,2
2015-06-11-06-00-00,8,2,6
2015-06-11-06-15-00,8,4,4
2015-06-11-06-30-00,17,8,9
2015-06-11-06-45-00,16,6,10
2015-06-11-07-00-00,26,14,12
2015-06-11-07-15-00,38,14,24
2015-06-11-07-30-00,58,26,32
2015-06-11-07-45-00,75,20,55
2015-06-11-08-00-00,56,13,43
2015-06-11-08-15-00,79,26,53
2015-06-11-08-30-00,65,15,50
2015-06-11-08-45-00,52,13,39
2015-06-11-09-00-00,39,8,31
2015-06-11-09-15-00,27,8,19
2015-06-11-09-30-00,23,10,13
2015-06-11-09-45-00,22,13,9
2015-06-11-10-00-00,33,18,15
2015-06-11-10-15-00,23,10,13
2015-06-11-10-30-00,39,15,24
2015-06-11-10-45-00,41,20,21
2015-06-11-11-00-00,39,19,20
2015-06-11-11-15-00,35,14,21
2015-06-11-11-30-00,38,12,26
2015-06-11-11-45-00,41,21,20
2015-06-11-12-00-00,27,12,15
2015-06-11-12-15-00,29,18,11
2015-06-11-12-30-00,35,19,16
2015-06-11-12-45-00,35,16,19
2015-06-11-13-00-00,30,11,19
2015-06-11-13-15-00,38,14,24
2015-06-11-13-30-00,27,14,13
2015-06-11-13-45-00,38,14,24
2015-06-11-14-00-00,31,16,15
2015-06-11-14-15-00,52,30,22
2015-06-11-14-30-00,41,19,22
2015-06-11-14-45-00,41,29,12
2015-06-11-15-00-00,37,23,14
2015-06-11-15-15-00,56,29,27
2015-06-11-15-30-00,48,34,14
2015-06-11-15-45-00,74,41,33
2015-06-11-16-00-00,66,43,23
2015-06-11-16-15-00,72,50,22
2015-06-11-16-30-00,78,54,24
2015-06-11-16-45-00,82,57,25
2015-06-11-17-00-00,89,47,42
2015-06-11-17-15-00,100,70,30
2015-06-11-17-30-00,90,64,26
2015-06-11-17-45-00,70,39,31
2015-06-11-18-00-00,81,56,25
2015-06-11-18-15-00,80,45,35
2015-06-11-18-30-00,77,43,34
2015-06-11-18-45-00,75,37,38
2015-06-11-19-00-00,58,23,35
2015-06-11-19-15-00,57,31,26
2015-06-11-19-30-00,66,40,26
2015-06-11-19-45-00,75,51,24
2015-06-11-20-00-00,59,33,26
2015-06-11-20-15-00,64,33,31
2015-06-11-20-30-00,44,22,22
2015-06-11-20-45-00,53,32,21
2015-06-11-21-00-00,39,28,11
2015-06-11-21-15-00,33,21,12
2015-06-11-21-30-00,31,13,18
2015-06-11-21-45-00,40,20,20
2015-06-11-22-00-00,26,15,11
2015-06-11-22-15-00,22,11,11
2015-06-11-22-30-00,15,5,10
2015-06-11-22-45-00,6,2,4
2015-06-11-23-00-00,10,7,3
2015-06-11-23-15-00,9,1,8
2015-06-11-23-30-00,3,0,3
2015-06-11-23-45-00,4,1,3
2015-06-12-00-00-00,10,4,6
2015-06-12-00-15-00,6,1,5
2015-06-12-00-30-00,2,1,1
2015-06-12-00-45-00,2,2,0
2015-06-12-01-00-00,1,1,0
2015-06-12-01-15-00,1,0,1
2015-06-12-01-30-00,2,2,0
2015-06-12-01-45-00,0,0,0
2015-06-12-02-00-00,0,0,0
2015-06-12-02-15-00,1,1,0
2015-06-12-02-30-00,0,0,0
2015-06-12-02-45-00,0,0,0
2015-06-12-03-00-00,0,0,0
2015-06-12-03-15-00,2,0,2
2015-06-12-03-30-00,1,0,1
2015-06-12-03-45-00,0,0,0
2015-06-12-04-00-00,0,0,0
2015-06-12-04-15-00,0,0,0
2015-06-12-04-30-00,0,0,0
2015-06-12-04-45-00,0,0,0
2015-06-12-05-00-00,0,0,0
2015-06-12-05-15-00,1,1,0
2015-06-12-05-30-00,5,1,4
2015-06-12-05-45-00,13,6,7
2015-06-12-06-00-00,8,3,5
2015-06-12-06-15-00,13,6,7
2015-06-12-06-30-00,18,4,14
2015-06-12-06-45-00,17,7,10
2015-06-12-07-00-00,31,15,16
2015-06-12-07-15-00,36,17,19
2015-06-12-07-30-00,49,20,29
2015-06-12-07-45-00,54,18,36
2015-06-12-08-00-00,63,13,50
2015-06-12-08-15-00,53,14,39
2015-06-12-08-30-00,56,13,43
2015-06-12-08-45-00,49,11,38
2015-06-12-09-00-00,33,13,20
2015-06-12-09-15-00,34,16,18
2015-06-12-09-30-00,29,17,12
2015-06-12-09-45-00,35,14,21
2015-06-12-10-00-00,26,7,19
2015-06-12-10-15-00,24,17,7
2015-06-12-10-30-00,33,17,16
2015-06-12-10-45-00,42,16,26
2015-06-12-11-00-00,28,13,15
2015-06-12-11-15-00,25,8,17
2015-06-12-11-30-00,31,12,19
2015-06-12-11-45-00,21,11,10
2015-06-12-12-00-00,40,19,21
2015-06-12-12-15-00,32,18,14
2015-06-12-12-30-00,36,15,21
2015-06-12-12-45-00,44,18,26
2015-06-12-13-00-00,54,36,18
2015-06-12-13-15-00,48,20,28
2015-06-12-13-30-00,40,22,18
2015-06-12-13-45-00,49,24,25
2015-06-12-14-00-00,41,26,15
2015-06-12-14-15-00,56,32,24
2015-06-12-14-30-00,72,46,26
2015-06-12-14-45-00,35,18,17
2015-06-12-15-00-00,54,35,19
2015-06-12-15-15-00,61,47,14
2015-06-12-15-30-00,59,30,29
2015-06-12-15-45-00,78,48,30
2015-06-12-16-00-00,73,52,21
2015-06-12-16-15-00,64,36,28
2015-06-12-16-30-00,88,47,41
2015-06-12-16-45-00,50,31,19
2015-06-12-17-00-00,27,20,7
2015-06-12-17-15-00,11,7,4
2015-06-12-17-30-00,25,25,0
2015-06-12-17-45-00,36,29,7
2015-06-12-18-00-00,24,13,11
2015-06-12-18-15-00,26,15,11
2015-06-12-18-30-00,15,11,4
2015-06-12-18-45-00,3,2,1
2015-06-12-19-00-00,21,13,8
2015-06-12-19-15-00,8,5,3
2015-06-12-19-30-00,17,12,5
2015-06-12-19-45-00,8,5,3
2015-06-12-20-00-00,8,5,3
2015-06-12-20-15-00,18,6,12
2015-06-12-20-30-00,12,7,5
2015-06-12-20-45-00,10,5,5
2015-06-12-21-00-00,10,9,1
2015-06-12-21-15-00,4,0,4
2015-06-12-21-30-00,3,2,1
2015-06-12-21-45-00,5,3,2
2015-06-12-22-00-00,3,0,3
2015-06-12-22-15-00,4,2,2
2015-06-12-22-30-00,9,2,7
2015-06-12-22-45-00,0,0,0
2015-06-12-23-00-00,0,0,0
2015-06-12-23-15-00,5,1,4
2015-06-12-23-30-00,0,0,0
2015-06-12-23-45-00,1,1,0
2015-06-13-00-00-00,0,0,0
2015-06-13-00-15-00,2,0,2
2015-06-13-00-30-00,6,4,2
2015-06-13-00-45-00,2,1,1
2015-06-13-01-00-00,0,0,0
2015-06-13-01-15-00,1,1,0
2015-06-13-01-30-00,2,2,0
2015-06-13-01-45-00,3,3,0
2015-06-13-02-00-00,0,0,0
2015-06-13-02-15-00,1,0,1
2015-06-13-02-30-00,4,1,3
2015-06-13-02-45-00,1,1,0
2015-06-13-03-00-00,1,1,0
2015-06-13-03-15-00,0,0,0
2015-06-13-03-30-00,0,0,0
2015-06-13-03-45-00,0,0,0
2015-06-13-04-00-00,0,0,0
2015-06-13-04-15-00,0,0,0
2015-06-13-04-30-00,0,0,0
2015-06-13-04-45-00,0,0,0
2015-06-13-05-00-00,1,1,0
2015-06-13-05-15-00,0,0,0
2015-06-13-05-30-00,0,0,0
2015-06-13-05-45-00,1,1,0
2015-06-13-06-00-00,2,2,0
2015-06-13-06-15-00,3,1,2
2015-06-13-06-30-00,2,2,0
2015-06-13-06-45-00,4,1,3
2015-06-13-07-00-00,2,1,1
2015-06-13-07-15-00,3,2,1
2015-06-13-07-30-00,2,0,2
2015-06-13-07-45-00,7,2,5
2015-06-13-08-00-00,5,2,3
2015-06-13-08-15-00,5,3,2
2015-06-13-08-30-00,12,9,3
2015-06-13-08-45-00,4,2,2
2015-06-13-09-00-00,6,2,4
2015-06-13-09-15-00,9,5,4
2015-06-13-09-30-00,8,6,2
2015-06-13-09-45-00,15,9,6
2015-06-13-10-00-00,17,12,5
2015-06-13-10-15-00,8,6,2
2015-06-13-10-30-00,3,0,3
2015-06-13-10-45-00,24,20,4
2015-06-13-11-00-00,5,3,2
2015-06-13-11-15-00,4,3,1
2015-06-13-11-30-00,8,5,3
2015-06-13-11-45-00,16,3,13
2015-06-13-12-00-00,6,4,2
2015-06-13-12-15-00,8,4,4
2015-06-13-12-30-00,20,13,7
2015-06-13-12-45-00,7,5,2
2015-06-13-13-00-00,25,10,15
2015-06-13-13-15-00,49,11,38
2015-06-13-13-30-00,24,6,18
2015-06-13-13-45-00,48,12,36
2015-06-13-14-00-00,24,12,12
2015-06-13-14-15-00,43,12,31
2015-06-13-14-30-00,44,16,28
2015-06-13-14-45-00,48,19,29
2015-06-13-15-00-00,42,13,29
2015-06-13-15-15-00,49,26,23
2015-06-13-15-30-00,74,32,42
2015-06-13-15-45-00,67,43,24
2015-06-13-16-00-00,63,35,28
2015-06-13-16-15-00,99,43,56
2015-06-13-16-30-00,72,26,46
2015-06-13-16-45-00,69,36,33
2015-06-13-17-00-00,73,36,37
2015-06-13-17-15-00,102,61,41
2015-06-13-17-30-00,80,32,48
2015-06-13-17-45-00,65,26,39
2015-06-13-18-00-00,68,29,39
2015-06-13-18-15-00,70,35,35
2015-06-13-18-30-00,74,39,35
2015-06-13-18-45-00,52,34,18
2015-06-13-19-00-00,69,36,33
2015-06-13-19-15-00,56,26,30
2015-06-13-19-30-00,51,27,24
2015-06-13-19-45-00,51,32,19
2015-06-13-20-00-00,35,13,22
2015-06-13-20-15-00,48,27,21
2015-06-13-20-30-00,34,18,16
2015-06-13-20-45-00,33,17,16
2015-06-13-21-00-00,50,37,13
2015-06-13-21-15-00,37,32,5
2015-06-13-21-30-00,29,18,11
2015-06-13-21-45-00,22,13,9
2015-06-13-22-00-00,25,11,14
2015-06-13-22-15-00,20,10,10
2015-06-13-22-30-00,23,18,5
2015-06-13-22-45-00,18,9,9
2015-06-13-23-00-00,12,4,8
2015-06-13-23-15-00,21,6,15
2015-06-13-23-30-00,10,4,6
2015-06-13-23-45-00,23,20,3
2015-06-14-00-00-00,8,6,2
2015-06-14-00-15-00,4,4,0
2015-06-14-00-30-00,5,5,0
2015-06-14-00-45-00,8,6,2
2015-06-14-01-00-00,5,4,1
2015-06-14-01-15-00,1,0,1
2015-06-14-01-30-00,5,3,2
2015-06-14-01-45-00,1,1,0
2015-06-14-02-00-00,5,2,3
2015-06-14-02-15-00,3,3,0
2015-06-14-02-30-00,0,0,0
2015-06-14-02-45-00,0,0,0
2015-06-14-03-00-00,1,1,0
2015-06-14-03-15-00,2,2,0
2015-06-14-03-30-00,3,3,0
2015-06-14-03-45-00,2,0,2
2015-06-14-04-00-00,0,0,0
2015-06-14-04-15-00,1,0,1
2015-06-14-04-30-00,0,0,0
2015-06-14-04-45-00,0,0,0
2015-06-14-05-00-00,0,0,0
2015-06-14-05-15-00,0,0,0
2015-06-14-05-30-00,1,1,0
2015-06-14-05-45-00,3,3,0
2015-06-14-06-00-00,2,0,2
2015-06-14-06-15-00,4,0,4
2015-06-14-06-30-00,3,2,1
2015-06-14-06-45-00,7,6,1
2015-06-14-07-00-00,9,7,2
2015-06-14-07-15-00,15,8,7
2015-06-14-07-30-00,10,9,1
2015-06-14-07-45-00,17,14,3
2015-06-14-08-00-00,14,5,9
2015-06-14-08-15-00,23,13,10
2015-06-14-08-30-00,38,15,23
2015-06-14-08-45-00,34,11,23
2015-06-14-09-00-00,67,9,58
2015-06-14-09-15-00,53,12,41
2015-06-14-09-30-00,75,13,62
2015-06-14-09-45-00,187,158,29
2015-06-14-10-00-00,223,207,16
2015-06-14-10-15-00,71,49,22
2015-06-14-10-30-00,71,28,43
2015-06-14-10-45-00,84,24,60
2015-06-14-11-00-00,73,20,53
2015-06-14-11-15-00,66,8,58
2015-06-14-11-30-00,18,1,17
2015-06-14-11-45-00,10,5,5
2015-06-14-12-00-00,5,2,3
2015-06-14-12-15-00,6,3,3
2015-06-14-12-30-00,0,0,0
2015-06-14-12-45-00,2,1,1
2015-06-14-13-00-00,0,0,0
2015-06-14-13-15-00,2,1,1
2015-06-14-13-30-00,0,0,0
2015-06-14-13-45-00,9,2,7
2015-06-14-14-00-00,5,2,3
2015-06-14-14-15-00,3,1,2
2015-06-14-14-30-00,7,0,7
2015-06-14-14-45-00,9,5,4
2015-06-14-15-00-00,3,0,3
2015-06-14-15-15-00,82,32,50
2015-06-14-15-30-00,163,73,90
2015-06-14-15-45-00,160,88,72
2015-06-14-16-00-00,147,83,64
2015-06-14-16-15-00,149,81,68
2015-06-14-16-30-00,156,93,63
2015-06-14-16-45-00,160,99,61
2015-06-14-17-00-00,164,93,71
2015-06-14-17-15-00,173,90,83
2015-06-14-17-30-00,113,75,38
2015-06-14-17-45-00,126,73,53
2015-06-14-18-00-00,153,101,52
2015-06-14-18-15-00,123,65,58
2015-06-14-18-30-00,98,55,43
2015-06-14-18-45-00,86,57,29
2015-06-14-19-00-00,97,60,37
2015-06-14-19-15-00,78,55,23
2015-06-14-19-30-00,78,46,32
2015-06-14-19-45-00,74,48,26
2015-06-14-20-00-00,79,50,29
2015-06-14-20-15-00,44,30,14
2015-06-14-20-30-00,48,35,13
2015-06-14-20-45-00,64,51,13
2015-06-14-21-00-00,37,18,19
2015-06-14-21-15-00,32,19,13
2015-06-14-21-30-00,17,10,7
2015-06-14-21-45-00,23,18,5
2015-06-14-22-00-00,19,13,6
2015-06-14-22-15-00,12,7,5
2015-06-14-22-30-00,6,5,1
2015-06-14-22-45-00,5,2,3
2015-06-14-23-00-00,3,1,2
2015-06-14-23-15-00,4,4,0
2015-06-14-23-30-00,2,2,0
2015-06-14-23-45-00,3,2,1
2015-06-15-00-00-00,1,1,0
2015-06-15-00-15-00,1,1,0
2015-06-15-00-30-00,2,1,1
2015-06-15-00-45-00,0,0,0
2015-06-15-01-00-00,1,1,0
2015-06-15-01-15-00,1,0,1
2015-06-15-01-30-00,1,1,0
2015-06-15-01-45-00,0,0,0
2015-06-15-02-00-00,0,0,0
2015-06-15-02-15-00,2,1,1
2015-06-15-02-30-00,1,0,1
2015-06-15-02-45-00,0,0,0
2015-06-15-03-00-00,0,0,0
2015-06-15-03-15-00,0,0,0
2015-06-15-03-30-00,1,0,1
2015-06-15-03-45-00,0,0,0
2015-06-15-04-00-00,2,2,0
2015-06-15-04-15-00,0,0,0
2015-06-15-04-30-00,2,1,1
2015-06-15-04-45-00,1,0,1
2015-06-15-05-00-00,0,0,0
2015-06-15-05-15-00,2,2,0
2015-06-15-05-30-00,2,0,2
2015-06-15-05-45-00,5,2,3
2015-06-15-06-00-00,9,4,5
2015-06-15-06-15-00,16,5,11
2015-06-15-06-30-00,12,5,7
2015-06-15-06-45-00,21,11,10
2015-06-15-07-00-00,25,10,15
2015-06-15-07-15-00,33,11,22
2015-06-15-07-30-00,62,25,37
2015-06-15-07-45-00,62,18,44
2015-06-15-08-00-00,51,8,43
2015-06-15-08-15-00,60,6,54
2015-06-15-08-30-00,57,13,44
2015-06-15-08-45-00,61,20,41
2015-06-15-09-00-00,32,7,25
2015-06-15-09-15-00,28,6,22
2015-06-15-09-30-00,24,10,14
2015-06-15-09-45-00,18,12,6
2015-06-15-10-00-00,18,7,11
2015-06-15-10-15-00,19,9,10
2015-06-15-10-30-00,11,5,6
2015-06-15-10-45-00,9,3,6
2015-06-15-11-00-00,18,7,11
2015-06-15-11-15-00,11,4,7
2015-06-15-11-30-00,29,20,9
2015-06-15-11-45-00,19,7,12
2015-06-15-12-00-00,18,9,9
2015-06-15-12-15-00,10,7,3
2015-06-15-12-30-00,20,11,9
2015-06-15-12-45-00,38,13,25
2015-06-15-13-00-00,21,10,11
2015-06-15-13-15-00,22,11,11
2015-06-15-13-30-00,30,16,14
2015-06-15-13-45-00,23,18,5
2015-06-15-14-00-00,25,15,10
2015-06-15-14-15-00,30,14,16
2015-06-15-14-30-00,27,14,13
2015-06-15-14-45-00,28,13,15
2015-06-15-15-00-00,23,15,8
2015-06-15-15-15-00,40,19,21
2015-06-15-15-30-00,29,20,9
2015-06-15-15-45-00,35,22,13
2015-06-15-16-00-00,52,29,23
2015-06-15-16-15-00,49,35,14
2015-06-15-16-30-00,56,39,17
2015-06-15-16-45-00,69,52,17
2015-06-15-17-00-00,85,56,29
2015-06-15-17-15-00,69,36,33
2015-06-15-17-30-00,58,43,15
2015-06-15-17-45-00,55,36,19
2015-06-15-18-00-00,72,50,22
2015-06-15-18-15-00,67,44,23
2015-06-15-18-30-00,70,42,28
2015-06-15-18-45-00,77,45,32
2015-06-15-19-00-00,46,24,22
2015-06-15-19-15-00,48,22,26
2015-06-15-19-30-00,33,19,14
2015-06-15-19-45-00,33,25,8
2015-06-15-20-00-00,50,27,23
2015-06-15-20-15-00,35,18,17
2015-06-15-20-30-00,36,18,18
2015-06-15-20-45-00,29,15,14
2015-06-15-21-00-00,26,11,15
2015-06-15-21-15-00,20,12,8
2015-06-15-21-30-00,23,8,15
2015-06-15-21-45-00,22,12,10
2015-06-15-22-00-00,17,9,8
2015-06-15-22-15-00,9,4,5
2015-06-15-22-30-00,5,2,3
2015-06-15-22-45-00,8,5,3
2015-06-15-23-00-00,2,1,1
2015-06-15-23-15-00,2,1,1
2015-06-15-23-30-00,0,0,0
2015-06-15-23-45-00,3,0,3
2015-06-16-00-00-00,0,0,0
2015-06-16-00-15-00,1,0,1
2015-06-16-00-30-00,0,0,0
2015-06-16-00-45-00,0,0,0
2015-06-16-01-00-00,0,0,0
2015-06-16-01-15-00,0,0,0
2015-06-16-01-30-00,1,1,0
2015-06-16-01-45-00,1,0,1
2015-06-16-02-00-00,0,0,0
2015-06-16-02-15-00,0,0,0
2015-06-16-02-30-00,0,0,0
2015-06-16-02-45-00,0,0,0
2015-06-16-03-00-00,0,0,0
2015-06-16-03-15-00,0,0,0
2015-06-16-03-30-00,0,0,0
2015-06-16-03-45-00,0,0,0
2015-06-16-04-00-00,0,0,0
2015-06-16-04-15-00,0,0,0
2015-06-16-04-30-00,3,2,1
2015-06-16-04-45-00,1,1,0
2015-06-16-05-00-00,0,0,0
2015-06-16-05-15-00,1,1,0
2015-06-16-05-30-00,3,0,3
2015-06-16-05-45-00,13,5,8
2015-06-16-06-00-00,10,3,7
2015-06-16-06-15-00,14,6,8
2015-06-16-06-30-00,19,6,13
2015-06-16-06-45-00,23,9,14
2015-06-16-07-00-00,20,8,12
2015-06-16-07-15-00,39,11,28
2015-06-16-07-30-00,63,26,37
2015-06-16-07-45-00,53,7,46
2015-06-16-08-00-00,72,19,53
2015-06-16-08-15-00,60,12,48
2015-06-16-08-30-00,53,10,43
2015-06-16-08-45-00,61,10,51
2015-06-16-09-00-00,37,12,25
2015-06-16-09-15-00,32,11,21
2015-06-16-09-30-00,22,8,14
2015-06-16-09-45-00,30,11,19
2015-06-16-10-00-00,18,5,13
2015-06-16-10-15-00,20,8,12
2015-06-16-10-30-00,26,12,14
2015-06-16-10-45-00,37,14,23
2015-06-16-11-00-00,23,10,13
2015-06-16-11-15-00,32,22,10
2015-06-16-11-30-00,27,9,18
2015-06-16-11-45-00,33,12,21
2015-06-16-12-00-00,32,16,16
2015-06-16-12-15-00,30,16,14
2015-06-16-12-30-00,37,15,22
2015-06-16-12-45-00,29,10,19
2015-06-16-13-00-00,39,25,14
2015-06-16-13-15-00,23,16,7
2015-06-16-13-30-00,37,20,17
2015-06-16-13-45-00,30,14,16
2015-06-16-14-00-00,25,16,9
2015-06-16-14-15-00,56,35,21
2015-06-16-14-30-00,23,10,13
2015-06-16-14-45-00,26,13,13
2015-06-16-15-00-00,38,30,8
2015-06-16-15-15-00,53,42,11
2015-06-16-15-30-00,39,24,15
2015-06-16-15-45-00,41,26,15
2015-06-16-16-00-00,53,31,22
2015-06-16-16-15-00,50,29,21
2015-06-16-16-30-00,63,41,22
2015-06-16-16-45-00,66,33,33
2015-06-16-17-00-00,68,50,18
2015-06-16-17-15-00,71,45,26
2015-06-16-17-30-00,103,71,32
2015-06-16-17-45-00,67,49,18
2015-06-16-18-00-00,74,46,28
2015-06-16-18-15-00,99,60,39
2015-06-16-18-30-00,74,46,28
2015-06-16-18-45-00,54,29,25
2015-06-16-19-00-00,73,40,33
2015-06-16-19-15-00,52,32,20
2015-06-16-19-30-00,59,44,15
2015-06-16-19-45-00,36,22,14
2015-06-16-20-00-00,45,20,25
2015-06-16-20-15-00,44,26,18
2015-06-16-20-30-00,34,23,11
2015-06-16-20-45-00,33,15,18
2015-06-16-21-00-00,25,16,9
2015-06-16-21-15-00,27,12,15
2015-06-16-21-30-00,25,15,10
2015-06-16-21-45-00,17,11,6
2015-06-16-22-00-00,12,7,5
2015-06-16-22-15-00,9,2,7
2015-06-16-22-30-00,7,5,2
2015-06-16-22-45-00,2,2,0
2015-06-16-23-00-00,0,0,0
2015-06-16-23-15-00,3,1,2
2015-06-16-23-30-00,1,1,0
2015-06-16-23-45-00,1,1,0
2015-06-17-00-00-00,3,2,1
2015-06-17-00-15-00,1,1,0
2015-06-17-00-30-00,1,1,0
2015-06-17-00-45-00,4,3,1
2015-06-17-01-00-00,0,0,0
2015-06-17-01-15-00,0,0,0
2015-06-17-01-30-00,0,0,0
2015-06-17-01-45-00,0,0,0
2015-06-17-02-00-00,0,0,0
2015-06-17-02-15-00,0,0,0
2015-06-17-02-30-00,0,0,0
2015-06-17-02-45-00,0,0,0
2015-06-17-03-00-00,2,1,1
2015-06-17-03-15-00,0,0,0
2015-06-17-03-30-00,0,0,0
2015-06-17-03-45-00,0,0,0
2015-06-17-04-00-00,0,0,0
2015-06-17-04-15-00,0,0,0
2015-06-17-04-30-00,2,1,1
2015-06-17-04-45-00,0,0,0
2015-06-17-05-00-00,0,0,0
2015-06-17-05-15-00,1,1,0
2015-06-17-05-30-00,0,0,0
2015-06-17-05-45-00,5,0,5
2015-06-17-06-00-00,13,4,9
2015-06-17-06-15-00,16,6,10
2015-06-17-06-30-00,16,6,10
2015-06-17-06-45-00,20,9,11
2015-06-17-07-00-00,24,10,14
2015-06-17-07-15-00,32,11,21
2015-06-17-07-30-00,55,17,38
2015-06-17-07-45-00,58,11,47
2015-06-17-08-00-00,53,13,40
2015-06-17-08-15-00,56,13,43
2015-06-17-08-30-00,54,16,38
2015-06-17-08-45-00,62,14,48
2015-06-17-09-00-00,34,14,20
2015-06-17-09-15-00,37,12,25
2015-06-17-09-30-00,25,15,10
2015-06-17-09-45-00,32,15,17
2015-06-17-10-00-00,31,12,19
2015-06-17-10-15-00,21,8,13
2015-06-17-10-30-00,29,11,18
2015-06-17-10-45-00,38,16,22
2015-06-17-11-00-00,38,10,28
2015-06-17-11-15-00,41,12,29
2015-06-17-11-30-00,27,9,18
2015-06-17-11-45-00,29,10,19
2015-06-17-12-00-00,39,12,27
2015-06-17-12-15-00,47,22,25
2015-06-17-12-30-00,53,21,32
2015-06-17-12-45-00,70,37,33
2015-06-17-13-00-00,58,34,24
2015-06-17-13-15-00,58,34,24
2015-06-17-13-30-00,51,26,25
2015-06-17-13-45-00,41,20,21
2015-06-17-14-00-00,49,28,21
2015-06-17-14-15-00,57,32,25
2015-06-17-14-30-00,54,29,25
2015-06-17-14-45-00,73,35,38
2015-06-17-15-00-00,62,33,29
2015-06-17-15-15-00,60,36,24
2015-06-17-15-30-00,62,38,24
2015-06-17-15-45-00,72,45,27
2015-06-17-16-00-00,78,45,33
2015-06-17-16-15-00,85,61,24
2015-06-17-16-30-00,81,59,22
2015-06-17-16-45-00,81,47,34
2015-06-17-17-00-00,78,51,27
2015-06-17-17-15-00,79,55,24
2015-06-17-17-30-00,86,63,23
2015-06-17-17-45-00,88,68,20
2015-06-17-18-00-00,94,61,33
2015-06-17-18-15-00,94,60,34
2015-06-17-18-30-00,76,43,33
2015-06-17-18-45-00,87,52,35
2015-06-17-19-00-00,61,42,19
2015-06-17-19-15-00,51,26,25
2015-06-17-19-30-00,57,38,19
2015-06-17-19-45-00,74,47,27
2015-06-17-20-00-00,46,26,20
2015-06-17-20-15-00,40,25,15
2015-06-17-20-30-00,38,19,19
2015-06-17-20-45-00,29,22,7
2015-06-17-21-00-00,45,32,13
2015-06-17-21-15-00,37,28,9
2015-06-17-21-30-00,24,11,13
2015-06-17-21-45-00,15,4,11
2015-06-17-22-00-00,11,5,6
2015-06-17-22-15-00,16,8,8
2015-06-17-22-30-00,12,4,8
2015-06-17-22-45-00,15,7,8
2015-06-17-23-00-00,5,2,3
2015-06-17-23-15-00,5,4,1
2015-06-17-23-30-00,2,0,2
2015-06-17-23-45-00,3,2,1
2015-06-18-00-00-00,1,0,1
2015-06-18-00-15-00,0,0,0
2015-06-18-00-30-00,1,1,0
2015-06-18-00-45-00,2,0,2
2015-06-18-01-00-00,1,1,0
2015-06-18-01-15-00,0,0,0
2015-06-18-01-30-00,0,0,0
2015-06-18-01-45-00,0,0,0
2015-06-18-02-00-00,0,0,0
2015-06-18-02-15-00,0,0,0
2015-06-18-02-30-00,0,0,0
2015-06-18-02-45-00,0,0,0
2015-06-18-03-00-00,0,0,0
2015-06-18-03-15-00,0,0,0
2015-06-18-03-30-00,0,0,0
2015-06-18-03-45-00,0,0,0
2015-06-18-04-00-00,0,0,0
2015-06-18-04-15-00,0,0,0
2015-06-18-04-30-00,0,0,0
2015-06-18-04-45-00,1,1,0
2015-06-18-05-00-00,0,0,0
2015-06-18-05-15-00,0,0,0
2015-06-18-05-30-00,2,1,1
2015-06-18-05-45-00,2,0,2
2015-06-18-06-00-00,3,1,2
2015-06-18-06-15-00,5,0,5
2015-06-18-06-30-00,7,1,6
2015-06-18-06-45-00,12,6,6
2015-06-18-07-00-00,6,2,4
2015-06-18-07-15-00,13,3,10
2015-06-18-07-30-00,19,7,12
2015-06-18-07-45-00,20,3,17
2015-06-18-08-00-00,20,3,17
2015-06-18-08-15-00,30,10,20
2015-06-18-08-30-00,22,5,17
2015-06-18-08-45-00,29,3,26
2015-06-18-09-00-00,11,4,7
2015-06-18-09-15-00,18,4,14
2015-06-18-09-30-00,12,9,3
2015-06-18-09-45-00,6,0,6
2015-06-18-10-00-00,8,6,2
2015-06-18-10-15-00,7,0,7
2015-06-18-10-30-00,9,7,2
2015-06-18-10-45-00,5,2,3
2015-06-18-11-00-00,10,6,4
2015-06-18-11-15-00,10,1,9
2015-06-18-11-30-00,11,4,7
2015-06-18-11-45-00,8,3,5
2015-06-18-12-00-00,4,2,2
2015-06-18-12-15-00,8,5,3
2015-06-18-12-30-00,12,4,8
2015-06-18-12-45-00,9,5,4
2015-06-18-13-00-00,19,11,8
2015-06-18-13-15-00,12,7,5
2015-06-18-13-30-00,18,4,14
2015-06-18-13-45-00,16,9,7
2015-06-18-14-00-00,6,3,3
2015-06-18-14-15-00,18,9,9
2015-06-18-14-30-00,17,10,7
2015-06-18-14-45-00,21,7,14
2015-06-18-15-00-00,21,13,8
2015-06-18-15-15-00,19,10,9
2015-06-18-15-30-00,36,18,18
2015-06-18-15-45-00,27,19,8
2015-06-18-16-00-00,29,22,7
2015-06-18-16-15-00,37,22,15
2015-06-18-16-30-00,43,22,21
2015-06-18-16-45-00,72,41,31
2015-06-18-17-00-00,34,16,18
2015-06-18-17-15-00,41,20,21
2015-06-18-17-30-00,54,28,26
2015-06-18-17-45-00,45,23,22
2015-06-18-18-00-00,36,21,15
2015-06-18-18-15-00,49,29,20
2015-06-18-18-30-00,44,24,20
2015-06-18-18-45-00,52,33,19
2015-06-18-19-00-00,43,20,23
2015-06-18-19-15-00,39,20,19
2015-06-18-19-30-00,33,22,11
2015-06-18-19-45-00,26,14,12
2015-06-18-20-00-00,33,21,12
2015-06-18-20-15-00,41,31,10
2015-06-18-20-30-00,28,11,17
2015-06-18-20-45-00,23,13,10
2015-06-18-21-00-00,23,20,3
2015-06-18-21-15-00,14,8,6
2015-06-18-21-30-00,13,10,3
2015-06-18-21-45-00,9,4,5
2015-06-18-22-00-00,17,12,5
2015-06-18-22-15-00,16,13,3
2015-06-18-22-30-00,24,19,5
2015-06-18-22-45-00,5,3,2
2015-06-18-23-00-00,1,1,0
2015-06-18-23-15-00,4,0,4
2015-06-18-23-30-00,0,0,0
2015-06-18-23-45-00,0,0,0
2015-06-19-00-00-00,0,0,0
2015-06-19-00-15-00,4,4,0
2015-06-19-00-30-00,2,0,2
2015-06-19-00-45-00,0,0,0
2015-06-19-01-00-00,0,0,0
2015-06-19-01-15-00,1,0,1
2015-06-19-01-30-00,2,0,2
2015-06-19-01-45-00,1,0,1
2015-06-19-02-00-00,0,0,0
2015-06-19-02-15-00,1,0,1
2015-06-19-02-30-00,0,0,0
2015-06-19-02-45-00,0,0,0
2015-06-19-03-00-00,1,0,1
2015-06-19-03-15-00,1,1,0
2015-06-19-03-30-00,0,0,0
2015-06-19-03-45-00,0,0,0
2015-06-19-04-00-00,0,0,0
2015-06-19-04-15-00,1,0,1
2015-06-19-04-30-00,1,1,0
2015-06-19-04-45-00,1,1,0
2015-06-19-05-00-00,0,0,0
2015-06-19-05-15-00,0,0,0
2015-06-19-05-30-00,0,0,0
2015-06-19-05-45-00,4,1,3
2015-06-19-06-00-00,5,3,2
2015-06-19-06-15-00,8,3,5
2015-06-19-06-30-00,5,0,5
2015-06-19-06-45-00,8,3,5
2015-06-19-07-00-00,11,6,5
2015-06-19-07-15-00,28,9,19
2015-06-19-07-30-00,23,7,16
2015-06-19-07-45-00,26,6,20
2015-06-19-08-00-00,37,9,28
2015-06-19-08-15-00,29,9,20
2015-06-19-08-30-00,32,7,25
2015-06-19-08-45-00,41,5,36
2015-06-19-09-00-00,15,4,11
2015-06-19-09-15-00,15,7,8
2015-06-19-09-30-00,11,3,8
2015-06-19-09-45-00,8,5,3
2015-06-19-10-00-00,2,2,0
2015-06-19-10-15-00,4,2,2
2015-06-19-10-30-00,10,6,4
2015-06-19-10-45-00,8,3,5
2015-06-19-11-00-00,7,4,3
2015-06-19-11-15-00,10,4,6
2015-06-19-11-30-00,15,12,3
2015-06-19-11-45-00,6,3,3
2015-06-19-12-00-00,7,3,4
2015-06-19-12-15-00,9,5,4
2015-06-19-12-30-00,9,6,3
2015-06-19-12-45-00,10,6,4
2015-06-19-13-00-00,12,6,6
2015-06-19-13-15-00,17,10,7
2015-06-19-13-30-00,17,8,9
2015-06-19-13-45-00,13,4,9
2015-06-19-14-00-00,11,3,8
2015-06-19-14-15-00,13,8,5
2015-06-19-14-30-00,18,9,9
2015-06-19-14-45-00,18,9,9
2015-06-19-15-00-00,17,12,5
2015-06-19-15-15-00,12,9,3
2015-06-19-15-30-00,15,15,0
2015-06-19-15-45-00,15,6,9
2015-06-19-16-00-00,21,15,6
2015-06-19-16-15-00,24,19,5
2015-06-19-16-30-00,33,22,11
2015-06-19-16-45-00,25,21,4
2015-06-19-17-00-00,22,11,11
2015-06-19-17-15-00,25,20,5
2015-06-19-17-30-00,22,12,10
2015-06-19-17-45-00,20,12,8
2015-06-19-18-00-00,12,6,6
2015-06-19-18-15-00,21,15,6
2015-06-19-18-30-00,19,11,8
2015-06-19-18-45-00,22,12,10
2015-06-19-19-00-00,17,8,9
2015-06-19-19-15-00,9,5,4
2015-06-19-19-30-00,12,11,1
2015-06-19-19-45-00,6,5,1
2015-06-19-20-00-00,6,4,2
2015-06-19-20-15-00,5,3,2
2015-06-19-20-30-00,6,2,4
2015-06-19-20-45-00,6,1,5
2015-06-19-21-00-00,6,4,2
2015-06-19-21-15-00,5,3,2
2015-06-19-21-30-00,5,3,2
2015-06-19-21-45-00,3,1,2
2015-06-19-22-00-00,4,3,1
2015-06-19-22-15-00,3,3,0
2015-06-19-22-30-00,1,0,1
2015-06-19-22-45-00,1,0,1
2015-06-19-23-00-00,0,0,0
2015-06-19-23-15-00,3,0,3
2015-06-19-23-30-00,1,1,0
2015-06-19-23-45-00,2,2,0
2015-06-20-00-00-00,1,0,1
2015-06-20-00-15-00,3,1,2
2015-06-20-00-30-00,0,0,0
2015-06-20-00-45-00,0,0,0
2015-06-20-01-00-00,0,0,0
2015-06-20-01-15-00,2,2,0
2015-06-20-01-30-00,0,0,0
2015-06-20-01-45-00,4,4,0
2015-06-20-02-00-00,0,0,0
2015-06-20-02-15-00,0,0,0
2015-06-20-02-30-00,1,1,0
2015-06-20-02-45-00,0,0,0
2015-06-20-03-00-00,0,0,0
2015-06-20-03-15-00,0,0,0
2015-06-20-03-30-00,0,0,0
2015-06-20-03-45-00,0,0,0
2015-06-20-04-00-00,1,0,1
2015-06-20-04-15-00,0,0,0
2015-06-20-04-30-00,3,0,3
2015-06-20-04-45-00,1,1,0
2015-06-20-05-00-00,0,0,0
2015-06-20-05-15-00,0,0,0
2015-06-20-05-30-00,1,0,1
2015-06-20-05-45-00,0,0,0
2015-06-20-06-00-00,0,0,0
2015-06-20-06-15-00,1,0,1
2015-06-20-06-30-00,1,0,1
2015-06-20-06-45-00,6,2,4
2015-06-20-07-00-00,0,0,0
2015-06-20-07-15-00,3,0,3
2015-06-20-07-30-00,5,2,3
2015-06-20-07-45-00,5,3,2
2015-06-20-08-00-00,8,2,6
2015-06-20-08-15-00,11,4,7
2015-06-20-08-30-00,5,3,2
2015-06-20-08-45-00,4,1,3
2015-06-20-09-00-00,8,6,2
2015-06-20-09-15-00,10,3,7
2015-06-20-09-30-00,10,5,5
2015-06-20-09-45-00,15,7,8
2015-06-20-10-00-00,17,8,9
2015-06-20-10-15-00,17,8,9
2015-06-20-10-30-00,15,3,12
2015-06-20-10-45-00,22,9,13
2015-06-20-11-00-00,19,8,11
2015-06-20-11-15-00,25,8,17
2015-06-20-11-30-00,18,11,7
2015-06-20-11-45-00,21,8,13
2015-06-20-12-00-00,26,11,15
2015-06-20-12-15-00,26,6,20
2015-06-20-12-30-00,25,9,16
2015-06-20-12-45-00,32,8,24
2015-06-20-13-00-00,22,10,12
2015-06-20-13-15-00,41,9,32
2015-06-20-13-30-00,28,9,19
2015-06-20-13-45-00,22,7,15
2015-06-20-14-00-00,24,13,11
2015-06-20-14-15-00,25,14,11
2015-06-20-14-30-00,31,18,13
2015-06-20-14-45-00,32,20,12
2015-06-20-15-00-00,27,17,10
2015-06-20-15-15-00,24,14,10
2015-06-20-15-30-00,28,15,13
2015-06-20-15-45-00,38,19,19
2015-06-20-16-00-00,23,11,12
2015-06-20-16-15-00,26,10,16
2015-06-20-16-30-00,27,14,13
2015-06-20-16-45-00,24,15,9
2015-06-20-17-00-00,28,17,11
2015-06-20-17-15-00,47,27,20
2015-06-20-17-30-00,31,23,8
2015-06-20-17-45-00,21,9,12
2015-06-20-18-00-00,35,23,12
2015-06-20-18-15-00,35,22,13
2015-06-20-18-30-00,24,13,11
2015-06-20-18-45-00,17,4,13
2015-06-20-19-00-00,25,17,8
2015-06-20-19-15-00,12,9,3
2015-06-20-19-30-00,18,11,7
2015-06-20-19-45-00,11,9,2
2015-06-20-20-00-00,13,7,6
2015-06-20-20-15-00,9,7,2
2015-06-20-20-30-00,21,17,4
2015-06-20-20-45-00,7,4,3
2015-06-20-21-00-00,15,9,6
2015-06-20-21-15-00,9,2,7
2015-06-20-21-30-00,5,2,3
2015-06-20-21-45-00,13,6,7
2015-06-20-22-00-00,4,2,2
2015-06-20-22-15-00,6,2,4
2015-06-20-22-30-00,8,6,2
2015-06-20-22-45-00,2,0,2
2015-06-20-23-00-00,1,0,1
2015-06-20-23-15-00,2,0,2
2015-06-20-23-30-00,3,2,1
2015-06-20-23-45-00,2,0,2
2015-06-21-00-00-00,1,0,1
2015-06-21-00-15-00,1,1,0
2015-06-21-00-30-00,1,0,1
2015-06-21-00-45-00,1,1,0
2015-06-21-01-00-00,0,0,0
2015-06-21-01-15-00,4,3,1
2015-06-21-01-30-00,0,0,0
2015-06-21-01-45-00,1,1,0
2015-06-21-02-00-00,0,0,0
2015-06-21-02-15-00,3,0,3
2015-06-21-02-30-00,1,0,1
2015-06-21-02-45-00,1,1,0
2015-06-21-03-00-00,0,0,0
2015-06-21-03-15-00,1,0,1
2015-06-21-03-30-00,1,1,0
2015-06-21-03-45-00,2,2,0
2015-06-21-04-00-00,0,0,0
2015-06-21-04-15-00,1,0,1
2015-06-21-04-30-00,0,0,0
2015-06-21-04-45-00,0,0,0
2015-06-21-05-00-00,0,0,0
2015-06-21-05-15-00,1,0,1
2015-06-21-05-30-00,0,0,0
2015-06-21-05-45-00,0,0,0
2015-06-21-06-00-00,1,0,1
2015-06-21-06-15-00,2,0,2
2015-06-21-06-30-00,4,2,2
2015-06-21-06-45-00,4,1,3
2015-06-21-07-00-00,1,1,0
2015-06-21-07-15-00,5,3,2
2015-06-21-07-30-00,5,1,4
2015-06-21-07-45-00,4,4,0
2015-06-21-08-00-00,5,4,1
2015-06-21-08-15-00,4,2,2
2015-06-21-08-30-00,6,3,3
2015-06-21-08-45-00,6,3,3
2015-06-21-09-00-00,10,4,6
2015-06-21-09-15-00,12,4,8
2015-06-21-09-30-00,15,8,7
2015-06-21-09-45-00,24,9,15
2015-06-21-10-00-00,35,8,27
2015-06-21-10-15-00,32,11,21
2015-06-21-10-30-00,30,10,20
2015-06-21-10-45-00,65,15,50
2015-06-21-11-00-00,63,21,42
2015-06-21-11-15-00,69,25,44
2015-06-21-11-30-00,60,23,37
2015-06-21-11-45-00,64,34,30
2015-06-21-12-00-00,73,41,32
2015-06-21-12-15-00,59,34,25
2015-06-21-12-30-00,62,36,26
2015-06-21-12-45-00,70,30,40
2015-06-21-13-00-00,73,40,33
2015-06-21-13-15-00,57,26,31
2015-06-21-13-30-00,44,24,20
2015-06-21-13-45-00,40,17,23
2015-06-21-14-00-00,42,26,16
2015-06-21-14-15-00,19,14,5
2015-06-21-14-30-00,38,20,18
2015-06-21-14-45-00,44,28,16
2015-06-21-15-00-00,27,19,8
2015-06-21-15-15-00,51,22,29
2015-06-21-15-30-00,44,19,25
2015-06-21-15-45-00,39,12,27
2015-06-21-16-00-00,46,24,22
2015-06-21-16-15-00,15,10,5
2015-06-21-16-30-00,16,9,7
2015-06-21-16-45-00,20,17,3
2015-06-21-17-00-00,29,17,12
2015-06-21-17-15-00,36,26,10
2015-06-21-17-30-00,29,13,16
2015-06-21-17-45-00,46,28,18
2015-06-21-18-00-00,51,25,26
2015-06-21-18-15-00,54,31,23
2015-06-21-18-30-00,35,22,13
2015-06-21-18-45-00,47,26,21
2015-06-21-19-00-00,33,14,19
2015-06-21-19-15-00,32,20,12
2015-06-21-19-30-00,34,18,16
2015-06-21-19-45-00,22,11,11
2015-06-21-20-00-00,18,12,6
2015-06-21-20-15-00,27,11,16
2015-06-21-20-30-00,18,8,10
2015-06-21-20-45-00,20,12,8
2015-06-21-21-00-00,14,7,7
2015-06-21-21-15-00,11,8,3
2015-06-21-21-30-00,14,9,5
2015-06-21-21-45-00,5,4,1
2015-06-21-22-00-00,7,5,2
2015-06-21-22-15-00,9,7,2
2015-06-21-22-30-00,7,7,0
2015-06-21-22-45-00,3,2,1
2015-06-21-23-00-00,1,0,1
2015-06-21-23-15-00,2,1,1
2015-06-21-23-30-00,0,0,0
2015-06-21-23-45-00,2,2,0
2015-06-22-00-00-00,0,0,0
2015-06-22-00-15-00,0,0,0
2015-06-22-00-30-00,4,4,0
2015-06-22-00-45-00,0,0,0
2015-06-22-01-00-00,0,0,0
2015-06-22-01-15-00,2,0,2
2015-06-22-01-30-00,0,0,0
2015-06-22-01-45-00,0,0,0
2015-06-22-02-00-00,0,0,0
2015-06-22-02-15-00,0,0,0
2015-06-22-02-30-00,0,0,0
2015-06-22-02-45-00,1,1,0
2015-06-22-03-00-00,0,0,0
2015-06-22-03-15-00,0,0,0
2015-06-22-03-30-00,0,0,0
2015-06-22-03-45-00,0,0,0
2015-06-22-04-00-00,0,0,0
2015-06-22-04-15-00,0,0,0
2015-06-22-04-30-00,1,1,0
2015-06-22-04-45-00,0,0,0
2015-06-22-05-00-00,0,0,0
2015-06-22-05-15-00,0,0,0
2015-06-22-05-30-00,0,0,0
2015-06-22-05-45-00,10,2,8
2015-06-22-06-00-00,5,1,4
2015-06-22-06-15-00,6,1,5
2015-06-22-06-30-00,5,1,4
2015-06-22-06-45-00,7,4,3
2015-06-22-07-00-00,14,5,9
2015-06-22-07-15-00,27,12,15
2015-06-22-07-30-00,35,13,22
2015-06-22-07-45-00,47,9,38
2015-06-22-08-00-00,28,7,21
2015-06-22-08-15-00,27,4,23
2015-06-22-08-30-00,23,3,20
2015-06-22-08-45-00,20,5,15
2015-06-22-09-00-00,13,2,11
2015-06-22-09-15-00,7,0,7
2015-06-22-09-30-00,13,9,4
2015-06-22-09-45-00,18,13,5
2015-06-22-10-00-00,2,2,0
2015-06-22-10-15-00,3,1,2
2015-06-22-10-30-00,7,3,4
2015-06-22-10-45-00,8,5,3
2015-06-22-11-00-00,7,4,3
2015-06-22-11-15-00,11,5,6
2015-06-22-11-30-00,6,3,3
2015-06-22-11-45-00,1,1,0
2015-06-22-12-00-00,2,1,1
2015-06-22-12-15-00,2,1,1
2015-06-22-12-30-00,4,2,2
2015-06-22-12-45-00,2,1,1
2015-06-22-13-00-00,5,2,3
2015-06-22-13-15-00,2,2,0
2015-06-22-13-30-00,5,2,3
2015-06-22-13-45-00,7,4,3
2015-06-22-14-00-00,4,3,1
2015-06-22-14-15-00,3,1,2
2015-06-22-14-30-00,5,3,2
2015-06-22-14-45-00,1,1,0
2015-06-22-15-00-00,5,4,1
2015-06-22-15-15-00,6,2,4
2015-06-22-15-30-00,13,7,6
2015-06-22-15-45-00,8,4,4
2015-06-22-16-00-00,8,7,1
2015-06-22-16-15-00,13,10,3
2015-06-22-16-30-00,16,10,6
2015-06-22-16-45-00,17,14,3
2015-06-22-17-00-00,10,8,2
2015-06-22-17-15-00,21,15,6
2015-06-22-17-30-00,19,19,0
2015-06-22-17-45-00,22,16,6
2015-06-22-18-00-00,9,6,3
2015-06-22-18-15-00,13,10,3
2015-06-22-18-30-00,14,12,2
2015-06-22-18-45-00,11,10,1
2015-06-22-19-00-00,9,8,1
2015-06-22-19-15-00,7,5,2
2015-06-22-19-30-00,6,4,2
2015-06-22-19-45-00,3,2,1
2015-06-22-20-00-00,4,3,1
2015-06-22-20-15-00,3,1,2
2015-06-22-20-30-00,3,1,2
2015-06-22-20-45-00,3,3,0
2015-06-22-21-00-00,2,1,1
2015-06-22-21-15-00,3,1,2
2015-06-22-21-30-00,3,1,2
2015-06-22-21-45-00,1,0,1
2015-06-22-22-00-00,1,0,1
2015-06-22-22-15-00,0,0,0
2015-06-22-22-30-00,0,0,0
2015-06-22-22-45-00,0,0,0
2015-06-22-23-00-00,1,1,0
2015-06-22-23-15-00,1,0,1
2015-06-22-23-30-00,0,0,0
2015-06-22-23-45-00,0,0,0
2015-06-23-00-00-00,1,0,1
2015-06-23-00-15-00,0,0,0
2015-06-23-00-30-00,0,0,0
2015-06-23-00-45-00,0,0,0
2015-06-23-01-00-00,0,0,0
2015-06-23-01-15-00,0,0,0
2015-06-23-01-30-00,0,0,0
2015-06-23-01-45-00,0,0,0
2015-06-23-02-00-00,0,0,0
2015-06-23-02-15-00,0,0,0
2015-06-23-02-30-00,0,0,0
2015-06-23-02-45-00,0,0,0
2015-06-23-03-00-00,0,0,0
2015-06-23-03-15-00,0,0,0
2015-06-23-03-30-00,0,0,0
2015-06-23-03-45-00,0,0,0
2015-06-23-04-00-00,0,0,0
2015-06-23-04-15-00,0,0,0
2015-06-23-04-30-00,0,0,0
2015-06-23-04-45-00,0,0,0
2015-06-23-05-00-00,0,0,0
2015-06-23-05-15-00,0,0,0
2015-06-23-05-30-00,4,1,3
2015-06-23-05-45-00,8,2,6
2015-06-23-06-00-00,6,1,5
2015-06-23-06-15-00,5,1,4
2015-06-23-06-30-00,5,1,4
2015-06-23-06-45-00,7,5,2
2015-06-23-07-00-00,17,7,10
2015-06-23-07-15-00,21,6,15
2015-06-23-07-30-00,34,16,18
2015-06-23-07-45-00,30,4,26
2015-06-23-08-00-00,38,13,25
2015-06-23-08-15-00,25,5,20
2015-06-23-08-30-00,39,9,30
2015-06-23-08-45-00,23,6,17
2015-06-23-09-00-00,22,7,15
2015-06-23-09-15-00,10,1,9
2015-06-23-09-30-00,10,4,6
2015-06-23-09-45-00,15,5,10
2015-06-23-10-00-00,7,3,4
2015-06-23-10-15-00,9,4,5
2015-06-23-10-30-00,18,11,7
2015-06-23-10-45-00,6,4,2
2015-06-23-11-00-00,15,5,10
2015-06-23-11-15-00,9,2,7
2015-06-23-11-30-00,9,1,8
2015-06-23-11-45-00,4,2,2
2015-06-23-12-00-00,9,7,2
2015-06-23-12-15-00,5,2,3
2015-06-23-12-30-00,10,3,7
2015-06-23-12-45-00,13,5,8
2015-06-23-13-00-00,9,5,4
2015-06-23-13-15-00,7,5,2
2015-06-23-13-30-00,10,3,7
2015-06-23-13-45-00,5,4,1
2015-06-23-14-00-00,6,5,1
2015-06-23-14-15-00,4,3,1
2015-06-23-14-30-00,4,3,1
2015-06-23-14-45-00,5,5,0
2015-06-23-15-00-00,10,8,2
2015-06-23-15-15-00,9,7,2
2015-06-23-15-30-00,13,10,3
2015-06-23-15-45-00,1,0,1
2015-06-23-16-00-00,10,5,5
2015-06-23-16-15-00,19,13,6
2015-06-23-16-30-00,14,10,4
2015-06-23-16-45-00,14,10,4
2015-06-23-17-00-00,21,15,6
2015-06-23-17-15-00,18,16,2
2015-06-23-17-30-00,25,21,4
2015-06-23-17-45-00,16,12,4
2015-06-23-18-00-00,15,12,3
2015-06-23-18-15-00,18,8,10
2015-06-23-18-30-00,31,24,7
2015-06-23-18-45-00,24,20,4
2015-06-23-19-00-00,13,9,4
2015-06-23-19-15-00,16,7,9
2015-06-23-19-30-00,9,5,4
2015-06-23-19-45-00,9,4,5
2015-06-23-20-00-00,10,8,2
2015-06-23-20-15-00,17,9,8
2015-06-23-20-30-00,6,3,3
2015-06-23-20-45-00,3,2,1
2015-06-23-21-00-00,7,5,2
2015-06-23-21-15-00,9,6,3
2015-06-23-21-30-00,2,2,0
2015-06-23-21-45-00,5,1,4
2015-06-23-22-00-00,3,0,3
2015-06-23-22-15-00,3,3,0
2015-06-23-22-30-00,4,1,3
2015-06-23-22-45-00,4,3,1
2015-06-23-23-00-00,0,0,0
2015-06-23-23-15-00,2,1,1
2015-06-23-23-30-00,1,0,1
2015-06-23-23-45-00,0,0,0
2015-06-24-00-00-00,0,0,0
2015-06-24-00-15-00,0,0,0
2015-06-24-00-30-00,0,0,0
2015-06-24-00-45-00,0,0,0
2015-06-24-01-00-00,1,0,1
2015-06-24-01-15-00,1,0,1
2015-06-24-01-30-00,0,0,0
2015-06-24-01-45-00,0,0,0
2015-06-24-02-00-00,0,0,0
2015-06-24-02-15-00,1,1,0
2015-06-24-02-30-00,0,0,0
2015-06-24-02-45-00,1,0,1
2015-06-24-03-00-00,0,0,0
2015-06-24-03-15-00,0,0,0
2015-06-24-03-30-00,0,0,0
2015-06-24-03-45-00,0,0,0
2015-06-24-04-00-00,0,0,0
2015-06-24-04-15-00,1,1,0
2015-06-24-04-30-00,1,0,1
2015-06-24-04-45-00,1,0,1
2015-06-24-05-00-00,1,0,1
2015-06-24-05-15-00,3,1,2
2015-06-24-05-30-00,1,0,1
2015-06-24-05-45-00,7,3,4
2015-06-24-06-00-00,3,2,1
2015-06-24-06-15-00,8,2,6
2015-06-24-06-30-00,7,1,6
2015-06-24-06-45-00,12,3,9
2015-06-24-07-00-00,22,15,7
2015-06-24-07-15-00,28,12,16
2015-06-24-07-30-00,50,22,28
2015-06-24-07-45-00,37,8,29
2015-06-24-08-00-00,30,6,24
2015-06-24-08-15-00,45,8,37
2015-06-24-08-30-00,48,8,40
2015-06-24-08-45-00,32,5,27
2015-06-24-09-00-00,84,10,74
2015-06-24-09-15-00,68,56,12
2015-06-24-09-30-00,24,11,13
2015-06-24-09-45-00,18,8,10
2015-06-24-10-00-00,12,8,4
2015-06-24-10-15-00,15,5,10
2015-06-24-10-30-00,8,2,6
2015-06-24-10-45-00,15,6,9
2015-06-24-11-00-00,18,4,14
2015-06-24-11-15-00,19,5,14
2015-06-24-11-30-00,24,13,11
2015-06-24-11-45-00,35,7,28
2015-06-24-12-00-00,20,9,11
2015-06-24-12-15-00,12,9,3
2015-06-24-12-30-00,25,14,11
2015-06-24-12-45-00,18,8,10
2015-06-24-13-00-00,47,11,36
2015-06-24-13-15-00,19,7,12
2015-06-24-13-30-00,21,12,9
2015-06-24-13-45-00,17,7,10
2015-06-24-14-00-00,29,19,10
2015-06-24-14-15-00,17,13,4
2015-06-24-14-30-00,21,8,13
2015-06-24-14-45-00,33,19,14
2015-06-24-15-00-00,24,11,13
2015-06-24-15-15-00,39,24,15
2015-06-24-15-30-00,27,8,19
2015-06-24-15-45-00,34,23,11
2015-06-24-16-00-00,39,28,11
2015-06-24-16-15-00,55,36,19
2015-06-24-16-30-00,36,31,5
2015-06-24-16-45-00,45,29,16
2015-06-24-17-00-00,69,48,21
2015-06-24-17-15-00,71,40,31
2015-06-24-17-30-00,65,40,25
2015-06-24-17-45-00,84,40,44
2015-06-24-18-00-00,69,46,23
2015-06-24-18-15-00,66,41,25
2015-06-24-18-30-00,78,41,37
2015-06-24-18-45-00,66,29,37
2015-06-24-19-00-00,76,36,40
2015-06-24-19-15-00,55,19,36
2015-06-24-19-30-00,46,26,20
2015-06-24-19-45-00,43,30,13
2015-06-24-20-00-00,46,19,27
2015-06-24-20-15-00,39,26,13
2015-06-24-20-30-00,38,19,19
2015-06-24-20-45-00,27,12,15
2015-06-24-21-00-00,27,19,8
2015-06-24-21-15-00,24,14,10
2015-06-24-21-30-00,25,13,12
2015-06-24-21-45-00,20,11,9
2015-06-24-22-00-00,19,13,6
2015-06-24-22-15-00,18,15,3
2015-06-24-22-30-00,9,8,1
2015-06-24-22-45-00,6,4,2
2015-06-24-23-00-00,4,2,2
2015-06-24-23-15-00,7,5,2
2015-06-24-23-30-00,8,1,7
2015-06-24-23-45-00,1,0,1
2015-06-25-00-00-00,2,2,0
2015-06-25-00-15-00,1,1,0
2015-06-25-00-30-00,1,1,0
2015-06-25-00-45-00,0,0,0
2015-06-25-01-00-00,1,0,1
2015-06-25-01-15-00,2,0,2
2015-06-25-01-30-00,0,0,0
2015-06-25-01-45-00,0,0,0
2015-06-25-02-00-00,0,0,0
2015-06-25-02-15-00,0,0,0
2015-06-25-02-30-00,1,1,0
2015-06-25-02-45-00,0,0,0
2015-06-25-03-00-00,0,0,0
2015-06-25-03-15-00,0,0,0
2015-06-25-03-30-00,0,0,0
2015-06-25-03-45-00,0,0,0
2015-06-25-04-00-00,0,0,0
2015-06-25-04-15-00,0,0,0
2015-06-25-04-30-00,1,0,1
2015-06-25-04-45-00,1,1,0
2015-06-25-05-00-00,0,0,0
2015-06-25-05-15-00,5,4,1
2015-06-25-05-30-00,5,2,3
2015-06-25-05-45-00,7,4,3
2015-06-25-06-00-00,7,2,5
2015-06-25-06-15-00,9,4,5
2015-06-25-06-30-00,15,4,11
2015-06-25-06-45-00,18,6,12
2015-06-25-07-00-00,26,11,15
2015-06-25-07-15-00,43,13,30
2015-06-25-07-30-00,45,11,34
2015-06-25-07-45-00,60,14,46
2015-06-25-08-00-00,53,11,42
2015-06-25-08-15-00,54,17,37
2015-06-25-08-30-00,107,18,89
2015-06-25-08-45-00,52,14,38
2015-06-25-09-00-00,46,13,33
2015-06-25-09-15-00,56,8,48
2015-06-25-09-30-00,45,9,36
2015-06-25-09-45-00,17,7,10
2015-06-25-10-00-00,44,12,32
2015-06-25-10-15-00,22,9,13
2015-06-25-10-30-00,28,12,16
2015-06-25-10-45-00,33,18,15
2015-06-25-11-00-00,30,19,11
2015-06-25-11-15-00,24,10,14
2015-06-25-11-30-00,45,19,26
2015-06-25-11-45-00,37,12,25
2015-06-25-12-00-00,39,17,22
2015-06-25-12-15-00,43,24,19
2015-06-25-12-30-00,74,56,18
2015-06-25-12-45-00,38,15,23
2015-06-25-13-00-00,60,35,25
2015-06-25-13-15-00,37,18,19
2015-06-25-13-30-00,63,51,12
2015-06-25-13-45-00,42,20,22
2015-06-25-14-00-00,51,25,26
2015-06-25-14-15-00,74,32,42
2015-06-25-14-30-00,66,45,21
2015-06-25-14-45-00,64,31,33
2015-06-25-15-00-00,47,28,19
2015-06-25-15-15-00,51,33,18
2015-06-25-15-30-00,42,22,20
2015-06-25-15-45-00,51,32,19
2015-06-25-16-00-00,74,59,15
2015-06-25-16-15-00,64,32,32
2015-06-25-16-30-00,78,49,29
2015-06-25-16-45-00,87,47,40
2015-06-25-17-00-00,103,57,46
2015-06-25-17-15-00,75,42,33
2015-06-25-17-30-00,77,56,21
2015-06-25-17-45-00,87,52,35
2015-06-25-18-00-00,87,65,22
2015-06-25-18-15-00,91,53,38
2015-06-25-18-30-00,80,48,32
2015-06-25-18-45-00,73,43,30
2015-06-25-19-00-00,62,32,30
2015-06-25-19-15-00,61,34,27
2015-06-25-19-30-00,62,35,27
2015-06-25-19-45-00,70,33,37
2015-06-25-20-00-00,68,43,25
2015-06-25-20-15-00,44,22,22
2015-06-25-20-30-00,55,31,24
2015-06-25-20-45-00,41,21,20
2015-06-25-21-00-00,36,18,18
2015-06-25-21-15-00,47,36,11
2015-06-25-21-30-00,36,22,14
2015-06-25-21-45-00,24,19,5
2015-06-25-22-00-00,28,17,11
2015-06-25-22-15-00,15,8,7
2015-06-25-22-30-00,17,10,7
2015-06-25-22-45-00,14,7,7
2015-06-25-23-00-00,8,4,4
2015-06-25-23-15-00,4,0,4
2015-06-25-23-30-00,8,6,2
2015-06-25-23-45-00,1,1,0
2015-06-26-00-00-00,3,3,0
2015-06-26-00-15-00,4,2,2
2015-06-26-00-30-00,1,1,0
2015-06-26-00-45-00,3,2,1
2015-06-26-01-00-00,0,0,0
2015-06-26-01-15-00,3,1,2
2015-06-26-01-30-00,0,0,0
2015-06-26-01-45-00,0,0,0
2015-06-26-02-00-00,0,0,0
2015-06-26-02-15-00,0,0,0
2015-06-26-02-30-00,4,0,4
2015-06-26-02-45-00,0,0,0
2015-06-26-03-00-00,0,0,0
2015-06-26-03-15-00,2,1,1
2015-06-26-03-30-00,1,1,0
2015-06-26-03-45-00,0,0,0
2015-06-26-04-00-00,1,0,1
2015-06-26-04-15-00,0,0,0
2015-06-26-04-30-00,0,0,0
2015-06-26-04-45-00,0,0,0
2015-06-26-05-00-00,0,0,0
2015-06-26-05-15-00,3,2,1
2015-06-26-05-30-00,0,0,0
2015-06-26-05-45-00,7,3,4
2015-06-26-06-00-00,6,0,6
2015-06-26-06-15-00,9,5,4
2015-06-26-06-30-00,8,3,5
2015-06-26-06-45-00,22,9,13
2015-06-26-07-00-00,26,7,19
2015-06-26-07-15-00,23,7,16
2015-06-26-07-30-00,62,26,36
2015-06-26-07-45-00,41,9,32
2015-06-26-08-00-00,56,13,43
2015-06-26-08-15-00,40,11,29
2015-06-26-08-30-00,46,15,31
2015-06-26-08-45-00,38,6,32
2015-06-26-09-00-00,29,10,19
2015-06-26-09-15-00,25,9,16
2015-06-26-09-30-00,26,11,15
2015-06-26-09-45-00,44,21,23
2015-06-26-10-00-00,20,6,14
2015-06-26-10-15-00,26,14,12
2015-06-26-10-30-00,30,13,17
2015-06-26-10-45-00,36,22,14
2015-06-26-11-00-00,20,9,11
2015-06-26-11-15-00,36,15,21
2015-06-26-11-30-00,41,14,27
2015-06-26-11-45-00,33,17,16
2015-06-26-12-00-00,38,18,20
2015-06-26-12-15-00,39,23,16
2015-06-26-12-30-00,41,15,26
2015-06-26-12-45-00,34,19,15
2015-06-26-13-00-00,47,23,24
2015-06-26-13-15-00,47,29,18
2015-06-26-13-30-00,43,23,20
2015-06-26-13-45-00,42,23,19
2015-06-26-14-00-00,38,23,15
2015-06-26-14-15-00,38,31,7
2015-06-26-14-30-00,60,40,20
2015-06-26-14-45-00,75,51,24
2015-06-26-15-00-00,62,34,28
2015-06-26-15-15-00,71,43,28
2015-06-26-15-30-00,78,39,39
2015-06-26-15-45-00,62,39,23
2015-06-26-16-00-00,58,39,19
2015-06-26-16-15-00,65,39,26
2015-06-26-16-30-00,64,37,27
2015-06-26-16-45-00,62,31,31
2015-06-26-17-00-00,65,38,27
2015-06-26-17-15-00,56,33,23
2015-06-26-17-30-00,73,45,28
2015-06-26-17-45-00,53,33,20
2015-06-26-18-00-00,56,21,35
2015-06-26-18-15-00,64,32,32
2015-06-26-18-30-00,41,24,17
2015-06-26-18-45-00,52,22,30
2015-06-26-19-00-00,41,22,19
2015-06-26-19-15-00,51,31,20
2015-06-26-19-30-00,40,20,20
2015-06-26-19-45-00,36,13,23
2015-06-26-20-00-00,50,24,26
2015-06-26-20-15-00,32,21,11
2015-06-26-20-30-00,37,15,22
2015-06-26-20-45-00,40,25,15
2015-06-26-21-00-00,23,14,9
2015-06-26-21-15-00,36,22,14
2015-06-26-21-30-00,18,6,12
2015-06-26-21-45-00,16,9,7
2015-06-26-22-00-00,18,13,5
2015-06-26-22-15-00,22,17,5
2015-06-26-22-30-00,7,6,1
2015-06-26-22-45-00,20,3,17
2015-06-26-23-00-00,15,9,6
2015-06-26-23-15-00,2,0,2
2015-06-26-23-30-00,18,9,9
2015-06-26-23-45-00,3,2,1
2015-06-27-00-00-00,14,5,9
2015-06-27-00-15-00,3,2,1
2015-06-27-00-30-00,5,4,1
2015-06-27-00-45-00,7,3,4
2015-06-27-01-00-00,3,2,1
2015-06-27-01-15-00,1,1,0
2015-06-27-01-30-00,3,0,3
2015-06-27-01-45-00,1,1,0
2015-06-27-02-00-00,0,0,0
2015-06-27-02-15-00,1,1,0
2015-06-27-02-30-00,0,0,0
2015-06-27-02-45-00,3,1,2
2015-06-27-03-00-00,0,0,0
2015-06-27-03-15-00,0,0,0
2015-06-27-03-30-00,0,0,0
2015-06-27-03-45-00,2,1,1
2015-06-27-04-00-00,1,1,0
2015-06-27-04-15-00,0,0,0
2015-06-27-04-30-00,0,0,0
2015-06-27-04-45-00,0,0,0
2015-06-27-05-00-00,0,0,0
2015-06-27-05-15-00,0,0,0
2015-06-27-05-30-00,0,0,0
2015-06-27-05-45-00,1,0,1
2015-06-27-06-00-00,1,1,0
2015-06-27-06-15-00,0,0,0
2015-06-27-06-30-00,4,2,2
2015-06-27-06-45-00,3,0,3
2015-06-27-07-00-00,4,1,3
2015-06-27-07-15-00,5,3,2
2015-06-27-07-30-00,2,1,1
2015-06-27-07-45-00,6,2,4
2015-06-27-08-00-00,7,5,2
2015-06-27-08-15-00,5,1,4
2015-06-27-08-30-00,11,8,3
2015-06-27-08-45-00,11,3,8
2015-06-27-09-00-00,10,7,3
2015-06-27-09-15-00,11,9,2
2015-06-27-09-30-00,10,8,2
2015-06-27-09-45-00,20,11,9
2015-06-27-10-00-00,19,11,8
2015-06-27-10-15-00,17,9,8
2015-06-27-10-30-00,32,21,11
2015-06-27-10-45-00,41,19,22
2015-06-27-11-00-00,25,16,9
2015-06-27-11-15-00,33,15,18
2015-06-27-11-30-00,21,5,16
2015-06-27-11-45-00,24,10,14
2015-06-27-12-00-00,39,13,26
2015-06-27-12-15-00,42,12,30
2015-06-27-12-30-00,35,12,23
2015-06-27-12-45-00,32,12,20
2015-06-27-13-00-00,22,7,15
2015-06-27-13-15-00,16,7,9
2015-06-27-13-30-00,38,17,21
2015-06-27-13-45-00,41,24,17
2015-06-27-14-00-00,58,29,29
2015-06-27-14-15-00,46,28,18
2015-06-27-14-30-00,43,28,15
2015-06-27-14-45-00,31,12,19
2015-06-27-15-00-00,40,19,21
2015-06-27-15-15-00,58,37,21
2015-06-27-15-30-00,55,34,21
2015-06-27-15-45-00,45,25,20
2015-06-27-16-00-00,72,44,28
2015-06-27-16-15-00,60,36,24
2015-06-27-16-30-00,54,35,19
2015-06-27-16-45-00,49,23,26
2015-06-27-17-00-00,67,44,23
2015-06-27-17-15-00,71,36,35
2015-06-27-17-30-00,36,12,24
2015-06-27-17-45-00,37,21,16
2015-06-27-18-00-00,49,29,20
2015-06-27-18-15-00,37,13,24
2015-06-27-18-30-00,40,22,18
2015-06-27-18-45-00,43,21,22
2015-06-27-19-00-00,38,22,16
2015-06-27-19-15-00,34,14,20
2015-06-27-19-30-00,45,17,28
2015-06-27-19-45-00,41,20,21
2015-06-27-20-00-00,43,23,20
2015-06-27-20-15-00,37,23,14
2015-06-27-20-30-00,34,17,17
2015-06-27-20-45-00,19,11,8
2015-06-27-21-00-00,31,13,18
2015-06-27-21-15-00,34,23,11
2015-06-27-21-30-00,21,12,9
2015-06-27-21-45-00,16,9,7
2015-06-27-22-00-00,17,10,7
2015-06-27-22-15-00,20,9,11
2015-06-27-22-30-00,15,12,3
2015-06-27-22-45-00,3,1,2
2015-06-27-23-00-00,10,5,5
2015-06-27-23-15-00,10,5,5
2015-06-27-23-30-00,4,3,1
2015-06-27-23-45-00,4,1,3
2015-06-28-00-00-00,4,0,4
2015-06-28-00-15-00,8,5,3
2015-06-28-00-30-00,2,0,2
2015-06-28-00-45-00,4,2,2
2015-06-28-01-00-00,1,0,1
2015-06-28-01-15-00,5,3,2
2015-06-28-01-30-00,3,2,1
2015-06-28-01-45-00,0,0,0
2015-06-28-02-00-00,0,0,0
2015-06-28-02-15-00,2,1,1
2015-06-28-02-30-00,2,1,1
2015-06-28-02-45-00,2,2,0
2015-06-28-03-00-00,0,0,0
2015-06-28-03-15-00,0,0,0
2015-06-28-03-30-00,1,1,0
2015-06-28-03-45-00,1,1,0
2015-06-28-04-00-00,0,0,0
2015-06-28-04-15-00,0,0,0
2015-06-28-04-30-00,0,0,0
2015-06-28-04-45-00,1,1,0
2015-06-28-05-00-00,2,2,0
2015-06-28-05-15-00,1,0,1
2015-06-28-05-30-00,1,0,1
2015-06-28-05-45-00,3,1,2
2015-06-28-06-00-00,1,1,0
2015-06-28-06-15-00,4,3,1
2015-06-28-06-30-00,3,2,1
2015-06-28-06-45-00,1,0,1
2015-06-28-07-00-00,1,0,1
2015-06-28-07-15-00,8,6,2
2015-06-28-07-30-00,4,0,4
2015-06-28-07-45-00,10,3,7
2015-06-28-08-00-00,13,7,6
2015-06-28-08-15-00,13,7,6
2015-06-28-08-30-00,13,8,5
2015-06-28-08-45-00,20,9,11
2015-06-28-09-00-00,20,9,11
2015-06-28-09-15-00,18,9,9
2015-06-28-09-30-00,26,10,16
2015-06-28-09-45-00,34,14,20
2015-06-28-10-00-00,47,24,23
2015-06-28-10-15-00,56,19,37
2015-06-28-10-30-00,79,31,48
2015-06-28-10-45-00,88,38,50
2015-06-28-11-00-00,106,38,68
2015-06-28-11-15-00,88,33,55
2015-06-28-11-30-00,99,33,66
2015-06-28-11-45-00,102,36,66
2015-06-28-12-00-00,125,40,85
2015-06-28-12-15-00,113,56,57
2015-06-28-12-30-00,107,42,65
2015-06-28-12-45-00,147,66,81
2015-06-28-13-00-00,153,60,93
2015-06-28-13-15-00,150,71,79
2015-06-28-13-30-00,158,74,84
2015-06-28-13-45-00,163,93,70
2015-06-28-14-00-00,160,68,92
2015-06-28-14-15-00,141,75,66
2015-06-28-14-30-00,153,87,66
2015-06-28-14-45-00,162,98,64
2015-06-28-15-00-00,164,92,72
2015-06-28-15-15-00,153,82,71
2015-06-28-15-30-00,161,85,76
2015-06-28-15-45-00,154,94,60
2015-06-28-16-00-00,143,85,58
2015-06-28-16-15-00,161,87,74
2015-06-28-16-30-00,158,80,78
2015-06-28-16-45-00,145,87,58
2015-06-28-17-00-00,117,68,49
2015-06-28-17-15-00,99,63,36
2015-06-28-17-30-00,98,49,49
2015-06-28-17-45-00,79,39,40
2015-06-28-18-00-00,86,51,35
2015-06-28-18-15-00,106,73,33
2015-06-28-18-30-00,80,54,26
2015-06-28-18-45-00,50,40,10
2015-06-28-19-00-00,77,37,40
2015-06-28-19-15-00,56,37,19
2015-06-28-19-30-00,53,31,22
2015-06-28-19-45-00,45,20,25
2015-06-28-20-00-00,45,30,15
2015-06-28-20-15-00,46,33,13
2015-06-28-20-30-00,41,25,16
2015-06-28-20-45-00,37,17,20
2015-06-28-21-00-00,21,13,8
2015-06-28-21-15-00,42,33,9
2015-06-28-21-30-00,15,5,10
2015-06-28-21-45-00,18,15,3
2015-06-28-22-00-00,13,8,5
2015-06-28-22-15-00,11,7,4
2015-06-28-22-30-00,3,1,2
2015-06-28-22-45-00,3,1,2
2015-06-28-23-00-00,8,3,5
2015-06-28-23-15-00,0,0,0
2015-06-28-23-30-00,1,1,0
2015-06-28-23-45-00,4,3,1
2015-06-29-00-00-00,1,0,1
2015-06-29-00-15-00,0,0,0
2015-06-29-00-30-00,1,1,0
2015-06-29-00-45-00,1,1,0
2015-06-29-01-00-00,0,0,0
2015-06-29-01-15-00,0,0,0
2015-06-29-01-30-00,0,0,0
2015-06-29-01-45-00,0,0,0
2015-06-29-02-00-00,0,0,0
2015-06-29-02-15-00,0,0,0
2015-06-29-02-30-00,0,0,0
2015-06-29-02-45-00,1,1,0
2015-06-29-03-00-00,0,0,0
2015-06-29-03-15-00,0,0,0
2015-06-29-03-30-00,0,0,0
2015-06-29-03-45-00,0,0,0
2015-06-29-04-00-00,0,0,0
2015-06-29-04-15-00,0,0,0
2015-06-29-04-30-00,1,0,1
2015-06-29-04-45-00,0,0,0
2015-06-29-05-00-00,1,0,1
2015-06-29-05-15-00,3,2,1
2015-06-29-05-30-00,3,2,1
2015-06-29-05-45-00,5,2,3
2015-06-29-06-00-00,10,5,5
2015-06-29-06-15-00,7,2,5
2015-06-29-06-30-00,16,6,10
2015-06-29-06-45-00,13,4,9
2015-06-29-07-00-00,31,15,16
2015-06-29-07-15-00,25,8,17
2015-06-29-07-30-00,48,15,33
2015-06-29-07-45-00,46,9,37
2015-06-29-08-00-00,74,18,56
2015-06-29-08-15-00,51,12,39
2015-06-29-08-30-00,63,11,52
2015-06-29-08-45-00,49,11,38
2015-06-29-09-00-00,37,10,27
2015-06-29-09-15-00,33,6,27
2015-06-29-09-30-00,33,9,24
2015-06-29-09-45-00,36,20,16
2015-06-29-10-00-00,24,11,13
2015-06-29-10-15-00,16,6,10
2015-06-29-10-30-00,23,10,13
2015-06-29-10-45-00,25,7,18
2015-06-29-11-00-00,27,12,15
2015-06-29-11-15-00,39,18,21
2015-06-29-11-30-00,29,19,10
2015-06-29-11-45-00,33,13,20
2015-06-29-12-00-00,21,14,7
2015-06-29-12-15-00,30,16,14
2015-06-29-12-30-00,26,9,17
2015-06-29-12-45-00,38,18,20
2015-06-29-13-00-00,37,17,20
2015-06-29-13-15-00,37,21,16
2015-06-29-13-30-00,29,13,16
2015-06-29-13-45-00,33,18,15
2015-06-29-14-00-00,39,15,24
2015-06-29-14-15-00,34,22,12
2015-06-29-14-30-00,49,23,26
2015-06-29-14-45-00,60,30,30
2015-06-29-15-00-00,44,24,20
2015-06-29-15-15-00,62,39,23
2015-06-29-15-30-00,41,25,16
2015-06-29-15-45-00,53,28,25
2015-06-29-16-00-00,72,40,32
2015-06-29-16-15-00,63,38,25
2015-06-29-16-30-00,81,58,23
2015-06-29-16-45-00,68,32,36
2015-06-29-17-00-00,80,59,21
2015-06-29-17-15-00,63,44,19
2015-06-29-17-30-00,92,63,29
2015-06-29-17-45-00,103,72,31
2015-06-29-18-00-00,78,50,28
2015-06-29-18-15-00,85,53,32
2015-06-29-18-30-00,93,50,43
2015-06-29-18-45-00,64,30,34
2015-06-29-19-00-00,70,44,26
2015-06-29-19-15-00,90,50,40
2015-06-29-19-30-00,56,31,25
2015-06-29-19-45-00,70,36,34
2015-06-29-20-00-00,56,28,28
2015-06-29-20-15-00,63,26,37
2015-06-29-20-30-00,44,27,17
2015-06-29-20-45-00,53,38,15
2015-06-29-21-00-00,36,19,17
2015-06-29-21-15-00,44,25,19
2015-06-29-21-30-00,28,19,9
2015-06-29-21-45-00,18,11,7
2015-06-29-22-00-00,31,18,13
2015-06-29-22-15-00,11,9,2
2015-06-29-22-30-00,16,12,4
2015-06-29-22-45-00,6,3,3
2015-06-29-23-00-00,4,1,3
2015-06-29-23-15-00,4,4,0
2015-06-29-23-30-00,6,3,3
2015-06-29-23-45-00,3,2,1
2015-06-30-00-00-00,1,0,1
2015-06-30-00-15-00,1,0,1
2015-06-30-00-30-00,2,0,2
2015-06-30-00-45-00,1,0,1
2015-06-30-01-00-00,0,0,0
2015-06-30-01-15-00,0,0,0
2015-06-30-01-30-00,1,1,0
2015-06-30-01-45-00,0,0,0
2015-06-30-02-00-00,0,0,0
2015-06-30-02-15-00,1,1,0
2015-06-30-02-30-00,0,0,0
2015-06-30-02-45-00,1,0,1
2015-06-30-03-00-00,1,1,0
2015-06-30-03-15-00,0,0,0
2015-06-30-03-30-00,0,0,0
2015-06-30-03-45-00,0,0,0
2015-06-30-04-00-00,2,0,2
2015-06-30-04-15-00,0,0,0
2015-06-30-04-30-00,1,0,1
2015-06-30-04-45-00,1,0,1
2015-06-30-05-00-00,1,0,1
2015-06-30-05-15-00,3,2,1
2015-06-30-05-30-00,7,3,4
2015-06-30-05-45-00,5,2,3
2015-06-30-06-00-00,9,5,4
2015-06-30-06-15-00,12,4,8
2015-06-30-06-30-00,20,9,11
2015-06-30-06-45-00,30,10,20
2015-06-30-07-00-00,29,14,15
2015-06-30-07-15-00,34,7,27
2015-06-30-07-30-00,61,22,39
2015-06-30-07-45-00,53,7,46
2015-06-30-08-00-00,59,12,47
2015-06-30-08-15-00,88,22,66
2015-06-30-08-30-00,69,14,55
2015-06-30-08-45-00,63,16,47
2015-06-30-09-00-00,39,7,32
2015-06-30-09-15-00,41,13,28
2015-06-30-09-30-00,40,15,25
2015-06-30-09-45-00,49,13,36
2015-06-30-10-00-00,38,23,15
2015-06-30-10-15-00,26,10,16
2015-06-30-10-30-00,49,22,27
2015-06-30-10-45-00,43,20,23
2015-06-30-11-00-00,30,22,8
2015-06-30-11-15-00,39,20,19
2015-06-30-11-30-00,37,17,20
2015-06-30-11-45-00,70,32,38
2015-06-30-12-00-00,29,17,12
2015-06-30-12-15-00,52,23,29
2015-06-30-12-30-00,39,16,23
2015-06-30-12-45-00,33,14,19
2015-06-30-13-00-00,51,24,27
2015-06-30-13-15-00,29,16,13
2015-06-30-13-30-00,43,16,27
2015-06-30-13-45-00,32,21,11
2015-06-30-14-00-00,37,20,17
2015-06-30-14-15-00,44,23,21
2015-06-30-14-30-00,39,22,17
2015-06-30-14-45-00,47,23,24
2015-06-30-15-00-00,33,18,15
2015-06-30-15-15-00,46,33,13
2015-06-30-15-30-00,65,37,28
2015-06-30-15-45-00,64,28,36
2015-06-30-16-00-00,72,43,29
2015-06-30-16-15-00,66,46,20
2015-06-30-16-30-00,88,59,29
2015-06-30-16-45-00,70,37,33
2015-06-30-17-00-00,85,59,26
2015-06-30-17-15-00,89,60,29
2015-06-30-17-30-00,137,89,48
2015-06-30-17-45-00,104,71,33
2015-06-30-18-00-00,118,73,45
2015-06-30-18-15-00,91,45,46
2015-06-30-18-30-00,85,51,34
2015-06-30-18-45-00,90,52,38
2015-06-30-19-00-00,70,34,36
2015-06-30-19-15-00,78,45,33
2015-06-30-19-30-00,82,48,34
2015-06-30-19-45-00,79,34,45
2015-06-30-20-00-00,75,40,35
2015-06-30-20-15-00,86,51,35
2015-06-30-20-30-00,54,23,31
2015-06-30-20-45-00,71,42,29
2015-06-30-21-00-00,89,52,37
2015-06-30-21-15-00,62,34,28
2015-06-30-21-30-00,70,43,27
2015-06-30-21-45-00,50,26,24
2015-06-30-22-00-00,56,44,12
2015-06-30-22-15-00,25,9,16
2015-06-30-22-30-00,27,13,14
2015-06-30-22-45-00,13,9,4
2015-06-30-23-00-00,11,9,2
2015-06-30-23-15-00,19,11,8
2015-06-30-23-30-00,7,5,2
2015-06-30-23-45-00,2,2,0
2015-07-01-00-00-00,4,4,0
2015-07-01-00-15-00,8,6,2
2015-07-01-00-30-00,2,1,1
2015-07-01-00-45-00,2,2,0
2015-07-01-01-00-00,2,0,2
2015-07-01-01-15-00,0,0,0
2015-07-01-01-30-00,0,0,0
2015-07-01-01-45-00,3,3,0
2015-07-01-02-00-00,0,0,0
2015-07-01-02-15-00,0,0,0
2015-07-01-02-30-00,0,0,0
2015-07-01-02-45-00,1,0,1
2015-07-01-03-00-00,0,0,0
2015-07-01-03-15-00,2,2,0
2015-07-01-03-30-00,1,1,0
2015-07-01-03-45-00,0,0,0
2015-07-01-04-00-00,0,0,0
2015-07-01-04-15-00,0,0,0
2015-07-01-04-30-00,1,0,1
2015-07-01-04-45-00,0,0,0
2015-07-01-05-00-00,3,2,1
2015-07-01-05-15-00,1,1,0
2015-07-01-05-30-00,2,0,2
2015-07-01-05-45-00,4,1,3
2015-07-01-06-00-00,9,2,7
2015-07-01-06-15-00,11,5,6
2015-07-01-06-30-00,20,6,14
2015-07-01-06-45-00,22,8,14
2015-07-01-07-00-00,40,16,24
2015-07-01-07-15-00,43,8,35
2015-07-01-07-30-00,53,17,36
2015-07-01-07-45-00,63,14,49
2015-07-01-08-00-00,54,7,47
2015-07-01-08-15-00,77,15,62
2015-07-01-08-30-00,63,17,46
2015-07-01-08-45-00,55,9,46
2015-07-01-09-00-00,52,17,35
2015-07-01-09-15-00,54,18,36
2015-07-01-09-30-00,41,21,20
2015-07-01-09-45-00,43,18,25
2015-07-01-10-00-00,45,20,25
2015-07-01-10-15-00,45,24,21
2015-07-01-10-30-00,40,17,23
2015-07-01-10-45-00,33,20,13
2015-07-01-11-00-00,39,22,17
2015-07-01-11-15-00,37,7,30
2015-07-01-11-30-00,23,8,15
2015-07-01-11-45-00,38,16,22
2015-07-01-12-00-00,40,24,16
2015-07-01-12-15-00,40,21,19
2015-07-01-12-30-00,35,18,17
2015-07-01-12-45-00,38,15,23
2015-07-01-13-00-00,28,13,15
2015-07-01-13-15-00,39,19,20
2015-07-01-13-30-00,44,21,23
2015-07-01-13-45-00,35,22,13
2015-07-01-14-00-00,26,15,11
2015-07-01-14-15-00,36,24,12
2015-07-01-14-30-00,43,20,23
2015-07-01-14-45-00,35,15,20
2015-07-01-15-00-00,37,14,23
2015-07-01-15-15-00,31,19,12
2015-07-01-15-30-00,46,34,12
2015-07-01-15-45-00,43,28,15
2015-07-01-16-00-00,40,33,7
2015-07-01-16-15-00,64,43,21
2015-07-01-16-30-00,70,47,23
2015-07-01-16-45-00,101,48,53
2015-07-01-17-00-00,82,54,28
2015-07-01-17-15-00,79,51,28
2015-07-01-17-30-00,74,49,25
2015-07-01-17-45-00,94,68,26
2015-07-01-18-00-00,70,36,34
2015-07-01-18-15-00,65,43,22
2015-07-01-18-30-00,59,32,27
2015-07-01-18-45-00,64,40,24
2015-07-01-19-00-00,55,21,34
2015-07-01-19-15-00,80,46,34
2015-07-01-19-30-00,68,39,29
2015-07-01-19-45-00,57,30,27
2015-07-01-20-00-00,70,35,35
2015-07-01-20-15-00,66,26,40
2015-07-01-20-30-00,51,27,24
2015-07-01-20-45-00,59,26,33
2015-07-01-21-00-00,50,37,13
2015-07-01-21-15-00,53,37,16
2015-07-01-21-30-00,47,30,17
2015-07-01-21-45-00,55,28,27
2015-07-01-22-00-00,40,30,10
2015-07-01-22-15-00,38,28,10
2015-07-01-22-30-00,17,10,7
2015-07-01-22-45-00,23,12,11
2015-07-01-23-00-00,18,8,10
2015-07-01-23-15-00,7,3,4
2015-07-01-23-30-00,4,1,3
2015-07-01-23-45-00,6,3,3
2015-07-02-00-00-00,0,0,0
2015-07-02-00-15-00,5,1,4
2015-07-02-00-30-00,3,3,0
2015-07-02-00-45-00,4,3,1
2015-07-02-01-00-00,2,1,1
2015-07-02-01-15-00,5,0,5
2015-07-02-01-30-00,0,0,0
2015-07-02-01-45-00,0,0,0
2015-07-02-02-00-00,1,1,0
2015-07-02-02-15-00,0,0,0
2015-07-02-02-30-00,0,0,0
2015-07-02-02-45-00,0,0,0
2015-07-02-03-00-00,1,0,1
2015-07-02-03-15-00,0,0,0
2015-07-02-03-30-00,0,0,0
2015-07-02-03-45-00,0,0,0
2015-07-02-04-00-00,0,0,0
2015-07-02-04-15-00,0,0,0
2015-07-02-04-30-00,1,0,1
2015-07-02-04-45-00,1,0,1
2015-07-02-05-00-00,1,0,1
2015-07-02-05-15-00,3,1,2
2015-07-02-05-30-00,4,2,2
2015-07-02-05-45-00,8,2,6
2015-07-02-06-00-00,11,7,4
2015-07-02-06-15-00,14,7,7
2015-07-02-06-30-00,21,4,17
2015-07-02-06-45-00,29,11,18
2015-07-02-07-00-00,29,11,18
2015-07-02-07-15-00,33,10,23
2015-07-02-07-30-00,51,11,40
2015-07-02-07-45-00,70,13,57
2015-07-02-08-00-00,55,8,47
2015-07-02-08-15-00,63,16,47
2015-07-02-08-30-00,60,11,49
2015-07-02-08-45-00,72,17,55
2015-07-02-09-00-00,47,14,33
2015-07-02-09-15-00,46,21,25
2015-07-02-09-30-00,27,8,19
2015-07-02-09-45-00,37,13,24
2015-07-02-10-00-00,24,11,13
2015-07-02-10-15-00,36,23,13
2015-07-02-10-30-00,31,15,16
2015-07-02-10-45-00,24,8,16
2015-07-02-11-00-00,19,7,12
2015-07-02-11-15-00,30,20,10
2015-07-02-11-30-00,29,11,18
2015-07-02-11-45-00,20,7,13
2015-07-02-12-00-00,23,13,10
2015-07-02-12-15-00,37,27,10
2015-07-02-12-30-00,31,16,15
2015-07-02-12-45-00,29,15,14
2015-07-02-13-00-00,19,12,7
2015-07-02-13-15-00,18,9,9
2015-07-02-13-30-00,18,9,9
2015-07-02-13-45-00,35,23,12
2015-07-02-14-00-00,28,16,12
2015-07-02-14-15-00,24,12,12
2015-07-02-14-30-00,31,19,12
2015-07-02-14-45-00,29,17,12
2015-07-02-15-00-00,33,20,13
2015-07-02-15-15-00,47,30,17
2015-07-02-15-30-00,39,27,12
2015-07-02-15-45-00,31,26,5
2015-07-02-16-00-00,38,25,13
2015-07-02-16-15-00,37,27,10
2015-07-02-16-30-00,45,36,9
2015-07-02-16-45-00,72,45,27
2015-07-02-17-00-00,53,34,19
2015-07-02-17-15-00,57,39,18
2015-07-02-17-30-00,52,34,18
2015-07-02-17-45-00,71,52,19
2015-07-02-18-00-00,52,26,26
2015-07-02-18-15-00,70,42,28
2015-07-02-18-30-00,47,26,21
2015-07-02-18-45-00,62,25,37
2015-07-02-19-00-00,50,24,26
2015-07-02-19-15-00,56,28,28
2015-07-02-19-30-00,61,23,38
2015-07-02-19-45-00,55,26,29
2015-07-02-20-00-00,38,19,19
2015-07-02-20-15-00,52,28,24
2015-07-02-20-30-00,51,36,15
2015-07-02-20-45-00,35,21,14
2015-07-02-21-00-00,48,35,13
2015-07-02-21-15-00,39,25,14
2015-07-02-21-30-00,32,21,11
2015-07-02-21-45-00,51,35,16
2015-07-02-22-00-00,22,13,9
2015-07-02-22-15-00,14,10,4
2015-07-02-22-30-00,32,20,12
2015-07-02-22-45-00,19,12,7
2015-07-02-23-00-00,16,12,4
2015-07-02-23-15-00,12,5,7
2015-07-02-23-30-00,12,5,7
2015-07-02-23-45-00,9,3,6
2015-07-03-00-00-00,6,4,2
2015-07-03-00-15-00,2,2,0
2015-07-03-00-30-00,1,0,1
2015-07-03-00-45-00,0,0,0
2015-07-03-01-00-00,1,0,1
2015-07-03-01-15-00,1,0,1
2015-07-03-01-30-00,0,0,0
2015-07-03-01-45-00,0,0,0
2015-07-03-02-00-00,0,0,0
2015-07-03-02-15-00,0,0,0
2015-07-03-02-30-00,0,0,0
2015-07-03-02-45-00,0,0,0
2015-07-03-03-00-00,0,0,0
2015-07-03-03-15-00,0,0,0
2015-07-03-03-30-00,1,1,0
2015-07-03-03-45-00,0,0,0
2015-07-03-04-00-00,1,0,1
2015-07-03-04-15-00,1,1,0
2015-07-03-04-30-00,1,0,1
2015-07-03-04-45-00,0,0,0
2015-07-03-05-00-00,1,0,1
2015-07-03-05-15-00,0,0,0
2015-07-03-05-30-00,3,2,1
2015-07-03-05-45-00,7,1,6
2015-07-03-06-00-00,9,5,4
2015-07-03-06-15-00,11,5,6
2015-07-03-06-30-00,22,6,16
2015-07-03-06-45-00,14,6,8
2015-07-03-07-00-00,29,13,16
2015-07-03-07-15-00,30,7,23
2015-07-03-07-30-00,50,17,33
2015-07-03-07-45-00,38,11,27
2015-07-03-08-00-00,50,12,38
2015-07-03-08-15-00,44,14,30
2015-07-03-08-30-00,58,16,42
2015-07-03-08-45-00,42,8,34
2015-07-03-09-00-00,34,11,23
2015-07-03-09-15-00,34,13,21
2015-07-03-09-30-00,40,16,24
2015-07-03-09-45-00,34,12,22
2015-07-03-10-00-00,26,13,13
2015-07-03-10-15-00,31,18,13
2015-07-03-10-30-00,27,10,17
2015-07-03-10-45-00,20,11,9
2015-07-03-11-00-00,27,17,10
2015-07-03-11-15-00,34,16,18
2015-07-03-11-30-00,19,12,7
2015-07-03-11-45-00,27,13,14
2015-07-03-12-00-00,20,11,9
2015-07-03-12-15-00,18,9,9
2015-07-03-12-30-00,22,8,14
2015-07-03-12-45-00,26,20,6
2015-07-03-13-00-00,42,21,21
2015-07-03-13-15-00,31,16,15
2015-07-03-13-30-00,23,11,12
2015-07-03-13-45-00,34,15,19
2015-07-03-14-00-00,25,16,9
2015-07-03-14-15-00,35,20,15
2015-07-03-14-30-00,33,25,8
2015-07-03-14-45-00,38,29,9
2015-07-03-15-00-00,39,29,10
2015-07-03-15-15-00,26,14,12
2015-07-03-15-30-00,45,26,19
2015-07-03-15-45-00,46,27,19
2015-07-03-16-00-00,42,30,12
2015-07-03-16-15-00,23,16,7
2015-07-03-16-30-00,53,35,18
2015-07-03-16-45-00,55,34,21
2015-07-03-17-00-00,44,32,12
2015-07-03-17-15-00,52,30,22
2015-07-03-17-30-00,41,26,15
2015-07-03-17-45-00,42,19,23
2015-07-03-18-00-00,64,37,27
2015-07-03-18-15-00,26,16,10
2015-07-03-18-30-00,52,27,25
2015-07-03-18-45-00,51,26,25
2015-07-03-19-00-00,38,18,20
2015-07-03-19-15-00,57,36,21
2015-07-03-19-30-00,51,22,29
2015-07-03-19-45-00,52,25,27
2015-07-03-20-00-00,72,38,34
2015-07-03-20-15-00,44,16,28
2015-07-03-20-30-00,43,27,16
2015-07-03-20-45-00,54,31,23
2015-07-03-21-00-00,47,23,24
2015-07-03-21-15-00,52,34,18
2015-07-03-21-30-00,40,21,19
2015-07-03-21-45-00,40,26,14
2015-07-03-22-00-00,32,25,7
2015-07-03-22-15-00,42,33,9
2015-07-03-22-30-00,31,20,11
2015-07-03-22-45-00,13,10,3
2015-07-03-23-00-00,26,13,13
2015-07-03-23-15-00,13,8,5
2015-07-03-23-30-00,12,6,6
2015-07-03-23-45-00,9,9,0
2015-07-04-00-00-00,15,7,8
2015-07-04-00-15-00,13,9,4
2015-07-04-00-30-00,11,7,4
2015-07-04-00-45-00,11,4,7
2015-07-04-01-00-00,4,3,1
2015-07-04-01-15-00,2,1,1
2015-07-04-01-30-00,2,0,2
2015-07-04-01-45-00,0,0,0
2015-07-04-02-00-00,3,0,3
2015-07-04-02-15-00,1,0,1
2015-07-04-02-30-00,0,0,0
2015-07-04-02-45-00,1,0,1
2015-07-04-03-00-00,0,0,0
2015-07-04-03-15-00,0,0,0
2015-07-04-03-30-00,2,1,1
2015-07-04-03-45-00,2,0,2
2015-07-04-04-00-00,0,0,0
2015-07-04-04-15-00,2,2,0
2015-07-04-04-30-00,0,0,0
2015-07-04-04-45-00,0,0,0
2015-07-04-05-00-00,0,0,0
2015-07-04-05-15-00,4,2,2
2015-07-04-05-30-00,4,2,2
2015-07-04-05-45-00,6,1,5
2015-07-04-06-00-00,3,2,1
2015-07-04-06-15-00,6,2,4
2015-07-04-06-30-00,1,0,1
2015-07-04-06-45-00,4,3,1
2015-07-04-07-00-00,11,7,4
2015-07-04-07-15-00,16,8,8
2015-07-04-07-30-00,17,5,12
2015-07-04-07-45-00,13,10,3
2015-07-04-08-00-00,15,9,6
2015-07-04-08-15-00,20,8,12
2015-07-04-08-30-00,33,12,21
2015-07-04-08-45-00,23,12,11
2015-07-04-09-00-00,41,21,20
2015-07-04-09-15-00,38,19,19
2015-07-04-09-30-00,23,14,9
2015-07-04-09-45-00,32,26,6
2015-07-04-10-00-00,25,6,19
2015-07-04-10-15-00,44,20,24
2015-07-04-10-30-00,43,13,30
2015-07-04-10-45-00,45,21,24
2015-07-04-11-00-00,52,37,15
2015-07-04-11-15-00,34,22,12
2015-07-04-11-30-00,29,13,16
2015-07-04-11-45-00,19,4,15
2015-07-04-12-00-00,25,13,12
2015-07-04-12-15-00,28,17,11
2015-07-04-12-30-00,23,9,14
2015-07-04-12-45-00,30,10,20
2015-07-04-13-00-00,32,17,15
2015-07-04-13-15-00,24,11,13
2015-07-04-13-30-00,27,17,10
2015-07-04-13-45-00,13,5,8
2015-07-04-14-00-00,27,11,16
2015-07-04-14-15-00,24,8,16
2015-07-04-14-30-00,22,12,10
2015-07-04-14-45-00,18,13,5
2015-07-04-15-00-00,28,18,10
2015-07-04-15-15-00,24,10,14
2015-07-04-15-30-00,17,6,11
2015-07-04-15-45-00,33,23,10
2015-07-04-16-00-00,29,16,13
2015-07-04-16-15-00,20,13,7
2015-07-04-16-30-00,26,8,18
2015-07-04-16-45-00,14,6,8
2015-07-04-17-00-00,35,22,13
2015-07-04-17-15-00,32,25,7
2015-07-04-17-30-00,39,24,15
2015-07-04-17-45-00,30,18,12
2015-07-04-18-00-00,33,14,19
2015-07-04-18-15-00,28,13,15
2015-07-04-18-30-00,15,6,9
2015-07-04-18-45-00,51,24,27
2015-07-04-19-00-00,34,18,16
2015-07-04-19-15-00,36,12,24
2015-07-04-19-30-00,41,12,29
2015-07-04-19-45-00,45,23,22
2015-07-04-20-00-00,33,19,14
2015-07-04-20-15-00,39,14,25
2015-07-04-20-30-00,31,16,15
2015-07-04-20-45-00,33,12,21
2015-07-04-21-00-00,26,13,13
2015-07-04-21-15-00,23,11,12
2015-07-04-21-30-00,20,15,5
2015-07-04-21-45-00,30,20,10
2015-07-04-22-00-00,29,22,7
2015-07-04-22-15-00,23,18,5
2015-07-04-22-30-00,36,25,11
2015-07-04-22-45-00,18,13,5
2015-07-04-23-00-00,12,8,4
2015-07-04-23-15-00,24,21,3
2015-07-04-23-30-00,7,5,2
2015-07-04-23-45-00,9,2,7
2015-07-05-00-00-00,15,9,6
2015-07-05-00-15-00,14,12,2
2015-07-05-00-30-00,4,2,2
2015-07-05-00-45-00,5,4,1
2015-07-05-01-00-00,8,6,2
2015-07-05-01-15-00,4,1,3
2015-07-05-01-30-00,3,2,1
2015-07-05-01-45-00,2,2,0
2015-07-05-02-00-00,3,3,0
2015-07-05-02-15-00,1,0,1
2015-07-05-02-30-00,1,0,1
2015-07-05-02-45-00,5,5,0
2015-07-05-03-00-00,1,0,1
2015-07-05-03-15-00,6,6,0
2015-07-05-03-30-00,2,0,2
2015-07-05-03-45-00,0,0,0
2015-07-05-04-00-00,0,0,0
2015-07-05-04-15-00,3,0,3
2015-07-05-04-30-00,0,0,0
2015-07-05-04-45-00,3,3,0
2015-07-05-05-00-00,1,0,1
2015-07-05-05-15-00,1,1,0
2015-07-05-05-30-00,1,1,0
2015-07-05-05-45-00,0,0,0
2015-07-05-06-00-00,0,0,0
2015-07-05-06-15-00,4,1,3
2015-07-05-06-30-00,3,2,1
2015-07-05-06-45-00,7,3,4
2015-07-05-07-00-00,9,2,7
2015-07-05-07-15-00,20,7,13
2015-07-05-07-30-00,14,7,7
2015-07-05-07-45-00,15,6,9
2015-07-05-08-00-00,21,10,11
2015-07-05-08-15-00,19,8,11
2015-07-05-08-30-00,33,18,15
2015-07-05-08-45-00,23,8,15
2015-07-05-09-00-00,32,17,15
2015-07-05-09-15-00,38,26,12
2015-07-05-09-30-00,21,13,8
2015-07-05-09-45-00,22,9,13
2015-07-05-10-00-00,14,6,8
2015-07-05-10-15-00,20,14,6
2015-07-05-10-30-00,25,10,15
2015-07-05-10-45-00,40,20,20
2015-07-05-11-00-00,27,15,12
2015-07-05-11-15-00,50,27,23
2015-07-05-11-30-00,36,18,18
2015-07-05-11-45-00,40,15,25
2015-07-05-12-00-00,54,25,29
2015-07-05-12-15-00,82,35,47
2015-07-05-12-30-00,56,23,33
2015-07-05-12-45-00,44,24,20
2015-07-05-13-00-00,54,26,28
2015-07-05-13-15-00,75,35,40
2015-07-05-13-30-00,46,20,26
2015-07-05-13-45-00,33,20,13
2015-07-05-14-00-00,66,25,41
2015-07-05-14-15-00,48,26,22
2015-07-05-14-30-00,61,37,24
2015-07-05-14-45-00,42,12,30
2015-07-05-15-00-00,70,41,29
2015-07-05-15-15-00,52,28,24
2015-07-05-15-30-00,56,29,27
2015-07-05-15-45-00,38,28,10
2015-07-05-16-00-00,36,20,16
2015-07-05-16-15-00,33,21,12
2015-07-05-16-30-00,43,20,23
2015-07-05-16-45-00,41,24,17
2015-07-05-17-00-00,40,23,17
2015-07-05-17-15-00,39,23,16
2015-07-05-17-30-00,46,39,7
2015-07-05-17-45-00,30,15,15
2015-07-05-18-00-00,12,9,3
2015-07-05-18-15-00,19,12,7
2015-07-05-18-30-00,28,17,11
2015-07-05-18-45-00,27,16,11
2015-07-05-19-00-00,12,4,8
2015-07-05-19-15-00,19,3,16
2015-07-05-19-30-00,16,8,8
2015-07-05-19-45-00,15,7,8
2015-07-05-20-00-00,11,9,2
2015-07-05-20-15-00,17,8,9
2015-07-05-20-30-00,18,10,8
2015-07-05-20-45-00,6,3,3
2015-07-05-21-00-00,9,7,2
2015-07-05-21-15-00,5,2,3
2015-07-05-21-30-00,6,4,2
2015-07-05-21-45-00,4,2,2
2015-07-05-22-00-00,4,4,0
2015-07-05-22-15-00,4,3,1
2015-07-05-22-30-00,0,0,0
2015-07-05-22-45-00,0,0,0
2015-07-05-23-00-00,0,0,0
2015-07-05-23-15-00,0,0,0
2015-07-05-23-30-00,0,0,0
2015-07-05-23-45-00,0,0,0
2015-07-06-00-00-00,3,3,0
2015-07-06-00-15-00,0,0,0
2015-07-06-00-30-00,0,0,0
2015-07-06-00-45-00,1,0,1
2015-07-06-01-00-00,0,0,0
2015-07-06-01-15-00,0,0,0
2015-07-06-01-30-00,0,0,0
2015-07-06-01-45-00,0,0,0
2015-07-06-02-00-00,1,0,1
2015-07-06-02-15-00,0,0,0
2015-07-06-02-30-00,0,0,0
2015-07-06-02-45-00,0,0,0
2015-07-06-03-00-00,1,0,1
2015-07-06-03-15-00,0,0,0
2015-07-06-03-30-00,0,0,0
2015-07-06-03-45-00,0,0,0
2015-07-06-04-00-00,0,0,0
2015-07-06-04-15-00,0,0,0
2015-07-06-04-30-00,1,0,1
2015-07-06-04-45-00,1,1,0
2015-07-06-05-00-00,0,0,0
2015-07-06-05-15-00,2,1,1
2015-07-06-05-30-00,4,4,0
2015-07-06-05-45-00,6,2,4
2015-07-06-06-00-00,3,1,2
2015-07-06-06-15-00,11,6,5
2015-07-06-06-30-00,10,2,8
2015-07-06-06-45-00,15,4,11
2015-07-06-07-00-00,22,7,15
2015-07-06-07-15-00,38,12,26
2015-07-06-07-30-00,39,12,27
2015-07-06-07-45-00,43,11,32
2015-07-06-08-00-00,62,9,53
2015-07-06-08-15-00,50,11,39
2015-07-06-08-30-00,58,9,49
2015-07-06-08-45-00,36,8,28
2015-07-06-09-00-00,37,14,23
2015-07-06-09-15-00,37,17,20
2015-07-06-09-30-00,24,5,19
2015-07-06-09-45-00,32,13,19
2015-07-06-10-00-00,35,15,20
2015-07-06-10-15-00,35,12,23
2015-07-06-10-30-00,42,16,26
2015-07-06-10-45-00,36,19,17
2015-07-06-11-00-00,28,14,14
2015-07-06-11-15-00,34,12,22
2015-07-06-11-30-00,25,5,20
2015-07-06-11-45-00,35,12,23
2015-07-06-12-00-00,31,16,15
2015-07-06-12-15-00,36,15,21
2015-07-06-12-30-00,46,24,22
2015-07-06-12-45-00,25,12,13
2015-07-06-13-00-00,36,15,21
2015-07-06-13-15-00,27,12,15
2015-07-06-13-30-00,36,21,15
2015-07-06-13-45-00,36,18,18
2015-07-06-14-00-00,40,18,22
2015-07-06-14-15-00,42,19,23
2015-07-06-14-30-00,39,24,15
2015-07-06-14-45-00,39,24,15
2015-07-06-15-00-00,41,25,16
2015-07-06-15-15-00,51,39,12
2015-07-06-15-30-00,42,20,22
2015-07-06-15-45-00,60,39,21
2015-07-06-16-00-00,60,38,22
2015-07-06-16-15-00,78,48,30
2015-07-06-16-30-00,67,42,25
2015-07-06-16-45-00,74,37,37
2015-07-06-17-00-00,80,52,28
2015-07-06-17-15-00,83,61,22
2015-07-06-17-30-00,75,50,25
2015-07-06-17-45-00,81,52,29
2015-07-06-18-00-00,112,62,50
2015-07-06-18-15-00,88,54,34
2015-07-06-18-30-00,75,39,36
2015-07-06-18-45-00,93,52,41
2015-07-06-19-00-00,73,35,38
2015-07-06-19-15-00,104,43,61
2015-07-06-19-30-00,81,41,40
2015-07-06-19-45-00,80,50,30
2015-07-06-20-00-00,67,39,28
2015-07-06-20-15-00,81,59,22
2015-07-06-20-30-00,41,22,19
2015-07-06-20-45-00,63,40,23
2015-07-06-21-00-00,81,53,28
2015-07-06-21-15-00,51,32,19
2015-07-06-21-30-00,46,26,20
2015-07-06-21-45-00,36,21,15
2015-07-06-22-00-00,36,24,12
2015-07-06-22-15-00,27,10,17
2015-07-06-22-30-00,16,12,4
2015-07-06-22-45-00,8,3,5
2015-07-06-23-00-00,8,4,4
2015-07-06-23-15-00,11,9,2
2015-07-06-23-30-00,0,0,0
2015-07-06-23-45-00,5,3,2
2015-07-07-00-00-00,1,0,1
2015-07-07-00-15-00,2,0,2
2015-07-07-00-30-00,2,1,1
2015-07-07-00-45-00,1,1,0
2015-07-07-01-00-00,0,0,0
2015-07-07-01-15-00,2,1,1
2015-07-07-01-30-00,2,0,2
2015-07-07-01-45-00,0,0,0
2015-07-07-02-00-00,1,0,1
2015-07-07-02-15-00,0,0,0
2015-07-07-02-30-00,0,0,0
2015-07-07-02-45-00,0,0,0
2015-07-07-03-00-00,0,0,0
2015-07-07-03-15-00,0,0,0
2015-07-07-03-30-00,0,0,0
2015-07-07-03-45-00,0,0,0
2015-07-07-04-00-00,0,0,0
2015-07-07-04-15-00,0,0,0
2015-07-07-04-30-00,0,0,0
2015-07-07-04-45-00,1,0,1
2015-07-07-05-00-00,2,0,2
2015-07-07-05-15-00,2,0,2
2015-07-07-05-30-00,3,2,1
2015-07-07-05-45-00,5,2,3
2015-07-07-06-00-00,4,3,1
2015-07-07-06-15-00,17,7,10
2015-07-07-06-30-00,16,5,11
2015-07-07-06-45-00,17,5,12
2015-07-07-07-00-00,24,11,13
2015-07-07-07-15-00,30,11,19
2015-07-07-07-30-00,40,14,26
2015-07-07-07-45-00,48,7,41
2015-07-07-08-00-00,58,15,43
2015-07-07-08-15-00,49,7,42
2015-07-07-08-30-00,61,18,43
2015-07-07-08-45-00,54,14,40
2015-07-07-09-00-00,37,15,22
2015-07-07-09-15-00,37,15,22
2015-07-07-09-30-00,37,13,24
2015-07-07-09-45-00,37,13,24
2015-07-07-10-00-00,35,18,17
2015-07-07-10-15-00,32,15,17
2015-07-07-10-30-00,36,16,20
2015-07-07-10-45-00,24,13,11
2015-07-07-11-00-00,32,20,12
2015-07-07-11-15-00,32,15,17
2015-07-07-11-30-00,20,7,13
2015-07-07-11-45-00,41,22,19
2015-07-07-12-00-00,37,19,18
2015-07-07-12-15-00,29,22,7
2015-07-07-12-30-00,22,13,9
2015-07-07-12-45-00,24,11,13
2015-07-07-13-00-00,36,18,18
2015-07-07-13-15-00,30,18,12
2015-07-07-13-30-00,14,9,5
2015-07-07-13-45-00,25,16,9
2015-07-07-14-00-00,22,13,9
2015-07-07-14-15-00,21,9,12
2015-07-07-14-30-00,22,9,13
2015-07-07-14-45-00,15,12,3
2015-07-07-15-00-00,30,16,14
2015-07-07-15-15-00,27,20,7
2015-07-07-15-30-00,33,18,15
2015-07-07-15-45-00,35,21,14
2015-07-07-16-00-00,20,18,2
2015-07-07-16-15-00,20,17,3
2015-07-07-16-30-00,26,19,7
2015-07-07-16-45-00,28,21,7
2015-07-07-17-00-00,43,32,11
2015-07-07-17-15-00,35,25,10
2015-07-07-17-30-00,36,30,6
2015-07-07-17-45-00,32,24,8
2015-07-07-18-00-00,26,23,3
2015-07-07-18-15-00,34,25,9
2015-07-07-18-30-00,25,14,11
2015-07-07-18-45-00,34,24,10
2015-07-07-19-00-00,26,14,12
2015-07-07-19-15-00,26,19,7
2015-07-07-19-30-00,21,13,8
2015-07-07-19-45-00,17,12,5
2015-07-07-20-00-00,19,8,11
2015-07-07-20-15-00,33,18,15
2015-07-07-20-30-00,20,14,6
2015-07-07-20-45-00,15,8,7
2015-07-07-21-00-00,14,8,6
2015-07-07-21-15-00,21,13,8
2015-07-07-21-30-00,13,6,7
2015-07-07-21-45-00,13,6,7
2015-07-07-22-00-00,5,3,2
2015-07-07-22-15-00,11,2,9
2015-07-07-22-30-00,10,6,4
2015-07-07-22-45-00,5,5,0
2015-07-07-23-00-00,0,0,0
2015-07-07-23-15-00,4,0,4
2015-07-07-23-30-00,5,4,1
2015-07-07-23-45-00,1,1,0
2015-07-08-00-00-00,2,0,2
2015-07-08-00-15-00,2,1,1
2015-07-08-00-30-00,0,0,0
2015-07-08-00-45-00,0,0,0
2015-07-08-01-00-00,0,0,0
2015-07-08-01-15-00,0,0,0
2015-07-08-01-30-00,0,0,0
2015-07-08-01-45-00,1,1,0
2015-07-08-02-00-00,0,0,0
2015-07-08-02-15-00,0,0,0
2015-07-08-02-30-00,1,0,1
2015-07-08-02-45-00,0,0,0
2015-07-08-03-00-00,0,0,0
2015-07-08-03-15-00,0,0,0
2015-07-08-03-30-00,0,0,0
2015-07-08-03-45-00,0,0,0
2015-07-08-04-00-00,1,0,1
2015-07-08-04-15-00,0,0,0
2015-07-08-04-30-00,1,0,1
2015-07-08-04-45-00,0,0,0
2015-07-08-05-00-00,1,0,1
2015-07-08-05-15-00,2,1,1
2015-07-08-05-30-00,1,1,0
2015-07-08-05-45-00,3,1,2
2015-07-08-06-00-00,5,3,2
2015-07-08-06-15-00,8,3,5
2015-07-08-06-30-00,8,3,5
2015-07-08-06-45-00,12,5,7
2015-07-08-07-00-00,24,7,17
2015-07-08-07-15-00,17,4,13
2015-07-08-07-30-00,32,8,24
2015-07-08-07-45-00,42,7,35
2015-07-08-08-00-00,35,9,26
2015-07-08-08-15-00,45,4,41
2015-07-08-08-30-00,49,14,35
2015-07-08-08-45-00,39,3,36
2015-07-08-09-00-00,38,5,33
2015-07-08-09-15-00,25,8,17
2015-07-08-09-30-00,26,14,12
2015-07-08-09-45-00,31,21,10
2015-07-08-10-00-00,25,5,20
2015-07-08-10-15-00,19,6,13
2015-07-08-10-30-00,15,3,12
2015-07-08-10-45-00,16,12,4
2015-07-08-11-00-00,28,15,13
2015-07-08-11-15-00,18,8,10
2015-07-08-11-30-00,13,6,7
2015-07-08-11-45-00,9,9,0
2015-07-08-12-00-00,18,9,9
2015-07-08-12-15-00,21,12,9
2015-07-08-12-30-00,21,7,14
2015-07-08-12-45-00,15,7,8
2015-07-08-13-00-00,6,2,4
2015-07-08-13-15-00,19,11,8
2015-07-08-13-30-00,13,3,10
2015-07-08-13-45-00,10,5,5
2015-07-08-14-00-00,7,5,2
2015-07-08-14-15-00,9,6,3
2015-07-08-14-30-00,10,8,2
2015-07-08-14-45-00,16,8,8
2015-07-08-15-00-00,16,10,6
2015-07-08-15-15-00,11,6,5
2015-07-08-15-30-00,19,11,8
2015-07-08-15-45-00,20,16,4
2015-07-08-16-00-00,26,19,7
2015-07-08-16-15-00,30,21,9
2015-07-08-16-30-00,44,28,16
2015-07-08-16-45-00,33,27,6
2015-07-08-17-00-00,40,31,9
2015-07-08-17-15-00,32,29,3
2015-07-08-17-30-00,37,30,7
2015-07-08-17-45-00,53,37,16
2015-07-08-18-00-00,45,32,13
2015-07-08-18-15-00,44,27,17
2015-07-08-18-30-00,58,34,24
2015-07-08-18-45-00,30,19,11
2015-07-08-19-00-00,28,16,12
2015-07-08-19-15-00,15,5,10
2015-07-08-19-30-00,13,7,6
2015-07-08-19-45-00,18,11,7
2015-07-08-20-00-00,18,10,8
2015-07-08-20-15-00,19,10,9
2015-07-08-20-30-00,15,9,6
2015-07-08-20-45-00,16,13,3
2015-07-08-21-00-00,11,3,8
2015-07-08-21-15-00,10,5,5
2015-07-08-21-30-00,13,11,2
2015-07-08-21-45-00,15,6,9
2015-07-08-22-00-00,7,5,2
2015-07-08-22-15-00,2,2,0
2015-07-08-22-30-00,7,2,5
2015-07-08-22-45-00,5,2,3
2015-07-08-23-00-00,7,3,4
2015-07-08-23-15-00,3,1,2
2015-07-08-23-30-00,3,3,0
2015-07-08-23-45-00,2,0,2
2015-07-09-00-00-00,0,0,0
2015-07-09-00-15-00,1,0,1
2015-07-09-00-30-00,1,0,1
2015-07-09-00-45-00,1,0,1
2015-07-09-01-00-00,0,0,0
2015-07-09-01-15-00,0,0,0
2015-07-09-01-30-00,0,0,0
2015-07-09-01-45-00,0,0,0
2015-07-09-02-00-00,1,1,0
2015-07-09-02-15-00,0,0,0
2015-07-09-02-30-00,0,0,0
2015-07-09-02-45-00,0,0,0
2015-07-09-03-00-00,0,0,0
2015-07-09-03-15-00,0,0,0
2015-07-09-03-30-00,0,0,0
2015-07-09-03-45-00,0,0,0
2015-07-09-04-00-00,0,0,0
2015-07-09-04-15-00,0,0,0
2015-07-09-04-30-00,1,0,1
2015-07-09-04-45-00,1,0,1
2015-07-09-05-00-00,1,0,1
2015-07-09-05-15-00,5,3,2
2015-07-09-05-30-00,6,0,6
2015-07-09-05-45-00,10,4,6
2015-07-09-06-00-00,3,0,3
2015-07-09-06-15-00,10,3,7
2015-07-09-06-30-00,16,6,10
2015-07-09-06-45-00,10,2,8
2015-07-09-07-00-00,21,8,13
2015-07-09-07-15-00,28,9,19
2015-07-09-07-30-00,25,7,18
2015-07-09-07-45-00,40,5,35
2015-07-09-08-00-00,50,7,43
2015-07-09-08-15-00,33,5,28
2015-07-09-08-30-00,45,9,36
2015-07-09-08-45-00,44,8,36
2015-07-09-09-00-00,29,7,22
2015-07-09-09-15-00,22,12,10
2015-07-09-09-30-00,22,9,13
2015-07-09-09-45-00,20,6,14
2015-07-09-10-00-00,20,7,13
2015-07-09-10-15-00,12,8,4
2015-07-09-10-30-00,11,6,5
2015-07-09-10-45-00,7,1,6
2015-07-09-11-00-00,17,6,11
2015-07-09-11-15-00,6,5,1
2015-07-09-11-30-00,2,0,2
2015-07-09-11-45-00,10,5,5
2015-07-09-12-00-00,11,4,7
2015-07-09-12-15-00,19,8,11
2015-07-09-12-30-00,10,4,6
2015-07-09-12-45-00,13,8,5
2015-07-09-13-00-00,13,11,2
2015-07-09-13-15-00,9,7,2
2015-07-09-13-30-00,20,11,9
2015-07-09-13-45-00,17,5,12
2015-07-09-14-00-00,10,6,4
2015-07-09-14-15-00,13,4,9
2015-07-09-14-30-00,18,16,2
2015-07-09-14-45-00,10,7,3
2015-07-09-15-00-00,18,10,8
2015-07-09-15-15-00,19,13,6
2015-07-09-15-30-00,28,20,8
2015-07-09-15-45-00,20,11,9
2015-07-09-16-00-00,31,24,7
2015-07-09-16-15-00,52,29,23
2015-07-09-16-30-00,37,23,14
2015-07-09-16-45-00,57,32,25
2015-07-09-17-00-00,47,35,12
2015-07-09-17-15-00,53,32,21
2015-07-09-17-30-00,54,39,15
2015-07-09-17-45-00,48,30,18
2015-07-09-18-00-00,46,24,22
2015-07-09-18-15-00,46,29,17
2015-07-09-18-30-00,61,38,23
2015-07-09-18-45-00,35,18,17
2015-07-09-19-00-00,46,21,25
2015-07-09-19-15-00,38,21,17
2015-07-09-19-30-00,33,23,10
2015-07-09-19-45-00,29,21,8
2015-07-09-20-00-00,31,24,7
2015-07-09-20-15-00,26,11,15
2015-07-09-20-30-00,18,7,11
2015-07-09-20-45-00,22,9,13
2015-07-09-21-00-00,29,17,12
2015-07-09-21-15-00,31,19,12
2015-07-09-21-30-00,20,15,5
2015-07-09-21-45-00,21,16,5
2015-07-09-22-00-00,15,5,10
2015-07-09-22-15-00,11,6,5
2015-07-09-22-30-00,10,7,3
2015-07-09-22-45-00,6,3,3
2015-07-09-23-00-00,8,6,2
2015-07-09-23-15-00,1,0,1
2015-07-09-23-30-00,2,2,0
2015-07-09-23-45-00,1,0,1
2015-07-10-00-00-00,1,0,1
2015-07-10-00-15-00,0,0,0
2015-07-10-00-30-00,2,1,1
2015-07-10-00-45-00,0,0,0
2015-07-10-01-00-00,1,0,1
2015-07-10-01-15-00,0,0,0
2015-07-10-01-30-00,0,0,0
2015-07-10-01-45-00,0,0,0
2015-07-10-02-00-00,0,0,0
2015-07-10-02-15-00,0,0,0
2015-07-10-02-30-00,0,0,0
2015-07-10-02-45-00,0,0,0
2015-07-10-03-00-00,0,0,0
2015-07-10-03-15-00,1,0,1
2015-07-10-03-30-00,0,0,0
2015-07-10-03-45-00,0,0,0
2015-07-10-04-00-00,0,0,0
2015-07-10-04-15-00,0,0,0
2015-07-10-04-30-00,0,0,0
2015-07-10-04-45-00,0,0,0
2015-07-10-05-00-00,0,0,0
2015-07-10-05-15-00,2,2,0
2015-07-10-05-30-00,2,0,2
2015-07-10-05-45-00,5,1,4
2015-07-10-06-00-00,8,1,7
2015-07-10-06-15-00,8,1,7
2015-07-10-06-30-00,15,6,9
2015-07-10-06-45-00,13,7,6
2015-07-10-07-00-00,21,12,9
2015-07-10-07-15-00,19,4,15
2015-07-10-07-30-00,30,9,21
2015-07-10-07-45-00,50,9,41
2015-07-10-08-00-00,49,8,41
2015-07-10-08-15-00,52,12,40
2015-07-10-08-30-00,40,1,39
2015-07-10-08-45-00,42,11,31
2015-07-10-09-00-00,27,3,24
2015-07-10-09-15-00,30,9,21
2015-07-10-09-30-00,22,7,15
2015-07-10-09-45-00,23,9,14
2015-07-10-10-00-00,24,16,8
2015-07-10-10-15-00,15,7,8
2015-07-10-10-30-00,15,6,9
2015-07-10-10-45-00,25,10,15
2015-07-10-11-00-00,23,13,10
2015-07-10-11-15-00,48,19,29
2015-07-10-11-30-00,32,13,19
2015-07-10-11-45-00,55,16,39
2015-07-10-12-00-00,47,16,31
2015-07-10-12-15-00,44,16,28
2015-07-10-12-30-00,44,18,26
2015-07-10-12-45-00,45,20,25
2015-07-10-13-00-00,50,19,31
2015-07-10-13-15-00,40,23,17
2015-07-10-13-30-00,65,37,28
2015-07-10-13-45-00,49,24,25
2015-07-10-14-00-00,82,46,36
2015-07-10-14-15-00,67,34,33
2015-07-10-14-30-00,68,37,31
2015-07-10-14-45-00,63,25,38
2015-07-10-15-00-00,86,36,50
2015-07-10-15-15-00,76,46,30
2015-07-10-15-30-00,78,48,30
2015-07-10-15-45-00,89,48,41
2015-07-10-16-00-00,84,45,39
2015-07-10-16-15-00,70,44,26
2015-07-10-16-30-00,79,51,28
2015-07-10-16-45-00,73,44,29
2015-07-10-17-00-00,89,42,47
2015-07-10-17-15-00,85,61,24
2015-07-10-17-30-00,91,52,39
2015-07-10-17-45-00,76,36,40
2015-07-10-18-00-00,81,57,24
2015-07-10-18-15-00,78,45,33
2015-07-10-18-30-00,76,43,33
2015-07-10-18-45-00,92,48,44
2015-07-10-19-00-00,70,40,30
2015-07-10-19-15-00,75,51,24
2015-07-10-19-30-00,89,42,47
2015-07-10-19-45-00,57,39,18
2015-07-10-20-00-00,73,37,36
2015-07-10-20-15-00,54,26,28
2015-07-10-20-30-00,59,28,31
2015-07-10-20-45-00,57,35,22
2015-07-10-21-00-00,38,25,13
2015-07-10-21-15-00,34,20,14
2015-07-10-21-30-00,39,29,10
2015-07-10-21-45-00,23,11,12
2015-07-10-22-00-00,27,20,7
2015-07-10-22-15-00,33,21,12
2015-07-10-22-30-00,12,7,5
2015-07-10-22-45-00,13,6,7
2015-07-10-23-00-00,6,3,3
2015-07-10-23-15-00,7,2,5
2015-07-10-23-30-00,6,3,3
2015-07-10-23-45-00,5,2,3
2015-07-11-00-00-00,13,7,6
2015-07-11-00-15-00,0,0,0
2015-07-11-00-30-00,10,6,4
2015-07-11-00-45-00,4,3,1
2015-07-11-01-00-00,0,0,0
2015-07-11-01-15-00,1,1,0
2015-07-11-01-30-00,1,1,0
2015-07-11-01-45-00,3,3,0
2015-07-11-02-00-00,1,0,1
2015-07-11-02-15-00,0,0,0
2015-07-11-02-30-00,2,1,1
2015-07-11-02-45-00,0,0,0
2015-07-11-03-00-00,0,0,0
2015-07-11-03-15-00,1,0,1
2015-07-11-03-30-00,0,0,0
2015-07-11-03-45-00,1,0,1
2015-07-11-04-00-00,0,0,0
2015-07-11-04-15-00,0,0,0
2015-07-11-04-30-00,1,1,0
2015-07-11-04-45-00,0,0,0
2015-07-11-05-00-00,0,0,0
2015-07-11-05-15-00,0,0,0
2015-07-11-05-30-00,3,0,3
2015-07-11-05-45-00,0,0,0
2015-07-11-06-00-00,2,1,1
2015-07-11-06-15-00,6,4,2
2015-07-11-06-30-00,4,1,3
2015-07-11-06-45-00,5,0,5
2015-07-11-07-00-00,3,2,1
2015-07-11-07-15-00,9,2,7
2015-07-11-07-30-00,8,1,7
2015-07-11-07-45-00,8,3,5
2015-07-11-08-00-00,4,3,1
2015-07-11-08-15-00,8,2,6
2015-07-11-08-30-00,9,2,7
2015-07-11-08-45-00,13,6,7
2015-07-11-09-00-00,23,7,16
2015-07-11-09-15-00,24,10,14
2015-07-11-09-30-00,24,12,12
2015-07-11-09-45-00,31,11,20
2015-07-11-10-00-00,33,9,24
2015-07-11-10-15-00,47,26,21
2015-07-11-10-30-00,34,11,23
2015-07-11-10-45-00,39,18,21
2015-07-11-11-00-00,43,20,23
2015-07-11-11-15-00,49,30,19
2015-07-11-11-30-00,61,30,31
2015-07-11-11-45-00,52,20,32
2015-07-11-12-00-00,53,20,33
2015-07-11-12-15-00,64,20,44
2015-07-11-12-30-00,47,19,28
2015-07-11-12-45-00,74,30,44
2015-07-11-13-00-00,69,30,39
2015-07-11-13-15-00,62,29,33
2015-07-11-13-30-00,74,25,49
2015-07-11-13-45-00,75,33,42
2015-07-11-14-00-00,58,20,38
2015-07-11-14-15-00,80,41,39
2015-07-11-14-30-00,68,23,45
2015-07-11-14-45-00,82,41,41
2015-07-11-15-00-00,67,26,41
2015-07-11-15-15-00,78,29,49
2015-07-11-15-30-00,53,27,26
2015-07-11-15-45-00,82,52,30
2015-07-11-16-00-00,81,36,45
2015-07-11-16-15-00,67,40,27
2015-07-11-16-30-00,77,41,36
2015-07-11-16-45-00,105,43,62
2015-07-11-17-00-00,63,32,31
2015-07-11-17-15-00,73,30,43
2015-07-11-17-30-00,78,41,37
2015-07-11-17-45-00,78,34,44
2015-07-11-18-00-00,101,65,36
2015-07-11-18-15-00,98,50,48
2015-07-11-18-30-00,93,56,37
2015-07-11-18-45-00,82,49,33
2015-07-11-19-00-00,59,30,29
2015-07-11-19-15-00,55,28,27
2015-07-11-19-30-00,69,43,26
2015-07-11-19-45-00,47,29,18
2015-07-11-20-00-00,47,30,17
2015-07-11-20-15-00,47,24,23
2015-07-11-20-30-00,45,28,17
2015-07-11-20-45-00,41,28,13
2015-07-11-21-00-00,46,28,18
2015-07-11-21-15-00,42,28,14
2015-07-11-21-30-00,37,21,16
2015-07-11-21-45-00,26,19,7
2015-07-11-22-00-00,35,27,8
2015-07-11-22-15-00,28,18,10
2015-07-11-22-30-00,30,21,9
2015-07-11-22-45-00,7,5,2
2015-07-11-23-00-00,18,5,13
2015-07-11-23-15-00,20,14,6
2015-07-11-23-30-00,16,10,6
2015-07-11-23-45-00,9,9,0
2015-07-12-00-00-00,6,6,0
2015-07-12-00-15-00,17,15,2
2015-07-12-00-30-00,8,7,1
2015-07-12-00-45-00,6,5,1
2015-07-12-01-00-00,2,1,1
2015-07-12-01-15-00,8,7,1
2015-07-12-01-30-00,0,0,0
2015-07-12-01-45-00,7,4,3
2015-07-12-02-00-00,1,1,0
2015-07-12-02-15-00,1,1,0
2015-07-12-02-30-00,0,0,0
2015-07-12-02-45-00,3,3,0
2015-07-12-03-00-00,1,1,0
2015-07-12-03-15-00,0,0,0
2015-07-12-03-30-00,0,0,0
2015-07-12-03-45-00,1,0,1
2015-07-12-04-00-00,2,1,1
2015-07-12-04-15-00,0,0,0
2015-07-12-04-30-00,5,3,2
2015-07-12-04-45-00,2,0,2
2015-07-12-05-00-00,0,0,0
2015-07-12-05-15-00,1,1,0
2015-07-12-05-30-00,2,1,1
2015-07-12-05-45-00,1,0,1
2015-07-12-06-00-00,1,1,0
2015-07-12-06-15-00,6,2,4
2015-07-12-06-30-00,2,1,1
2015-07-12-06-45-00,1,1,0
2015-07-12-07-00-00,8,3,5
2015-07-12-07-15-00,5,2,3
2015-07-12-07-30-00,11,5,6
2015-07-12-07-45-00,11,6,5
2015-07-12-08-00-00,12,2,10
2015-07-12-08-15-00,13,7,6
2015-07-12-08-30-00,13,5,8
2015-07-12-08-45-00,15,5,10
2015-07-12-09-00-00,14,8,6
2015-07-12-09-15-00,22,13,9
2015-07-12-09-30-00,24,13,11
2015-07-12-09-45-00,47,24,23
2015-07-12-10-00-00,46,17,29
2015-07-12-10-15-00,58,33,25
2015-07-12-10-30-00,63,36,27
2015-07-12-10-45-00,62,28,34
2015-07-12-11-00-00,95,36,59
2015-07-12-11-15-00,95,45,50
2015-07-12-11-30-00,92,34,58
2015-07-12-11-45-00,78,35,43
2015-07-12-12-00-00,59,26,33
2015-07-12-12-15-00,97,43,54
2015-07-12-12-30-00,68,34,34
2015-07-12-12-45-00,73,30,43
2015-07-12-13-00-00,110,66,44
2015-07-12-13-15-00,72,38,34
2015-07-12-13-30-00,41,20,21
2015-07-12-13-45-00,49,28,21
2015-07-12-14-00-00,51,38,13
2015-07-12-14-15-00,124,54,70
2015-07-12-14-30-00,42,27,15
2015-07-12-14-45-00,36,19,17
2015-07-12-15-00-00,38,29,9
2015-07-12-15-15-00,12,10,2
2015-07-12-15-30-00,20,10,10
2015-07-12-15-45-00,31,17,14
2015-07-12-16-00-00,26,19,7
2015-07-12-16-15-00,28,16,12
2015-07-12-16-30-00,27,10,17
2015-07-12-16-45-00,30,24,6
2015-07-12-17-00-00,34,19,15
2015-07-12-17-15-00,13,9,4
2015-07-12-17-30-00,16,9,7
2015-07-12-17-45-00,23,14,9
2015-07-12-18-00-00,12,8,4
2015-07-12-18-15-00,18,12,6
2015-07-12-18-30-00,15,13,2
2015-07-12-18-45-00,13,6,7
2015-07-12-19-00-00,10,7,3
2015-07-12-19-15-00,8,4,4
2015-07-12-19-30-00,22,15,7
2015-07-12-19-45-00,13,3,10
2015-07-12-20-00-00,25,12,13
2015-07-12-20-15-00,23,12,11
2015-07-12-20-30-00,19,10,9
2015-07-12-20-45-00,11,2,9
2015-07-12-21-00-00,21,15,6
2015-07-12-21-15-00,8,3,5
2015-07-12-21-30-00,6,4,2
2015-07-12-21-45-00,5,2,3
2015-07-12-22-00-00,4,3,1
2015-07-12-22-15-00,4,1,3
2015-07-12-22-30-00,3,3,0
2015-07-12-22-45-00,1,1,0
2015-07-12-23-00-00,1,1,0
2015-07-12-23-15-00,1,1,0
2015-07-12-23-30-00,0,0,0
2015-07-12-23-45-00,0,0,0
2015-07-13-00-00-00,0,0,0
2015-07-13-00-15-00,1,1,0
2015-07-13-00-30-00,0,0,0
2015-07-13-00-45-00,0,0,0
2015-07-13-01-00-00,0,0,0
2015-07-13-01-15-00,0,0,0
2015-07-13-01-30-00,0,0,0
2015-07-13-01-45-00,0,0,0
2015-07-13-02-00-00,0,0,0
2015-07-13-02-15-00,0,0,0
2015-07-13-02-30-00,0,0,0
2015-07-13-02-45-00,0,0,0
2015-07-13-03-00-00,0,0,0
2015-07-13-03-15-00,0,0,0
2015-07-13-03-30-00,0,0,0
2015-07-13-03-45-00,0,0,0
2015-07-13-04-00-00,0,0,0
2015-07-13-04-15-00,0,0,0
2015-07-13-04-30-00,0,0,0
2015-07-13-04-45-00,0,0,0
2015-07-13-05-00-00,0,0,0
2015-07-13-05-15-00,3,0,3
2015-07-13-05-30-00,2,1,1
2015-07-13-05-45-00,1,1,0
2015-07-13-06-00-00,5,4,1
2015-07-13-06-15-00,8,2,6
2015-07-13-06-30-00,8,3,5
2015-07-13-06-45-00,13,4,9
2015-07-13-07-00-00,20,8,12
2015-07-13-07-15-00,22,9,13
2015-07-13-07-30-00,18,5,13
2015-07-13-07-45-00,32,11,21
2015-07-13-08-00-00,19,2,17
2015-07-13-08-15-00,28,4,24
2015-07-13-08-30-00,33,5,28
2015-07-13-08-45-00,20,3,17
2015-07-13-09-00-00,25,3,22
2015-07-13-09-15-00,16,3,13
2015-07-13-09-30-00,12,7,5
2015-07-13-09-45-00,8,4,4
2015-07-13-10-00-00,9,3,6
2015-07-13-10-15-00,2,0,2
2015-07-13-10-30-00,7,3,4
2015-07-13-10-45-00,4,3,1
2015-07-13-11-00-00,8,5,3
2015-07-13-11-15-00,10,8,2
2015-07-13-11-30-00,4,2,2
2015-07-13-11-45-00,6,5,1
2015-07-13-12-00-00,11,1,10
2015-07-13-12-15-00,5,4,1
2015-07-13-12-30-00,19,13,6
2015-07-13-12-45-00,11,3,8
2015-07-13-13-00-00,9,6,3
2015-07-13-13-15-00,5,3,2
2015-07-13-13-30-00,11,5,6
2015-07-13-13-45-00,10,9,1
2015-07-13-14-00-00,6,2,4
2015-07-13-14-15-00,11,7,4
2015-07-13-14-30-00,4,1,3
2015-07-13-14-45-00,16,8,8
2015-07-13-15-00-00,2,0,2
2015-07-13-15-15-00,2,1,1
2015-07-13-15-30-00,10,7,3
2015-07-13-15-45-00,12,8,4
2015-07-13-16-00-00,17,13,4
2015-07-13-16-15-00,20,13,7
2015-07-13-16-30-00,22,14,8
2015-07-13-16-45-00,21,13,8
2015-07-13-17-00-00,19,13,6
2015-07-13-17-15-00,20,15,5
2015-07-13-17-30-00,25,18,7
2015-07-13-17-45-00,25,20,5
2015-07-13-18-00-00,22,16,6
2015-07-13-18-15-00,18,11,7
2015-07-13-18-30-00,17,11,6
2015-07-13-18-45-00,10,6,4
2015-07-13-19-00-00,16,9,7
2015-07-13-19-15-00,4,3,1
2015-07-13-19-30-00,8,5,3
2015-07-13-19-45-00,14,7,7
2015-07-13-20-00-00,5,3,2
2015-07-13-20-15-00,8,5,3
2015-07-13-20-30-00,4,4,0
2015-07-13-20-45-00,4,3,1
2015-07-13-21-00-00,5,4,1
2015-07-13-21-15-00,8,2,6
2015-07-13-21-30-00,4,1,3
2015-07-13-21-45-00,3,0,3
2015-07-13-22-00-00,3,3,0
2015-07-13-22-15-00,2,2,0
2015-07-13-22-30-00,0,0,0
2015-07-13-22-45-00,0,0,0
2015-07-13-23-00-00,0,0,0
2015-07-13-23-15-00,0,0,0
2015-07-13-23-30-00,0,0,0
2015-07-13-23-45-00,0,0,0
2015-07-14-00-00-00,0,0,0
2015-07-14-00-15-00,1,0,1
2015-07-14-00-30-00,0,0,0
2015-07-14-00-45-00,1,1,0
2015-07-14-01-00-00,0,0,0
2015-07-14-01-15-00,0,0,0
2015-07-14-01-30-00,0,0,0
2015-07-14-01-45-00,0,0,0
2015-07-14-02-00-00,0,0,0
2015-07-14-02-15-00,0,0,0
2015-07-14-02-30-00,0,0,0
2015-07-14-02-45-00,0,0,0
2015-07-14-03-00-00,0,0,0
2015-07-14-03-15-00,0,0,0
2015-07-14-03-30-00,0,0,0
2015-07-14-03-45-00,1,1,0
2015-07-14-04-00-00,2,0,2
2015-07-14-04-15-00,0,0,0
2015-07-14-04-30-00,1,1,0
2015-07-14-04-45-00,0,0,0
2015-07-14-05-00-00,1,0,1
2015-07-14-05-15-00,2,0,2
2015-07-14-05-30-00,1,0,1
2015-07-14-05-45-00,3,1,2
2015-07-14-06-00-00,2,0,2
2015-07-14-06-15-00,4,1,3
2015-07-14-06-30-00,8,1,7
2015-07-14-06-45-00,13,2,11
2015-07-14-07-00-00,21,7,14
2015-07-14-07-15-00,15,7,8
2015-07-14-07-30-00,23,9,14
2015-07-14-07-45-00,42,12,30
2015-07-14-08-00-00,26,5,21
2015-07-14-08-15-00,48,8,40
2015-07-14-08-30-00,47,7,40
2015-07-14-08-45-00,36,10,26
2015-07-14-09-00-00,23,4,19
2015-07-14-09-15-00,12,5,7
2015-07-14-09-30-00,18,7,11
2015-07-14-09-45-00,21,14,7
2015-07-14-10-00-00,3,2,1
2015-07-14-10-15-00,14,8,6
2015-07-14-10-30-00,18,8,10
2015-07-14-10-45-00,6,2,4
2015-07-14-11-00-00,13,12,1
2015-07-14-11-15-00,20,12,8
2015-07-14-11-30-00,12,5,7
2015-07-14-11-45-00,15,11,4
2015-07-14-12-00-00,8,2,6
2015-07-14-12-15-00,11,2,9
2015-07-14-12-30-00,16,8,8
2015-07-14-12-45-00,9,3,6
2015-07-14-13-00-00,10,4,6
2015-07-14-13-15-00,23,13,10
2015-07-14-13-30-00,18,10,8
2015-07-14-13-45-00,17,7,10
2015-07-14-14-00-00,18,10,8
2015-07-14-14-15-00,18,5,13
2015-07-14-14-30-00,37,10,27
2015-07-14-14-45-00,17,10,7
2015-07-14-15-00-00,17,9,8
2015-07-14-15-15-00,25,19,6
2015-07-14-15-30-00,34,21,13
2015-07-14-15-45-00,37,24,13
2015-07-14-16-00-00,22,14,8
2015-07-14-16-15-00,42,22,20
2015-07-14-16-30-00,56,44,12
2015-07-14-16-45-00,42,27,15
2015-07-14-17-00-00,41,23,18
2015-07-14-17-15-00,46,31,15
2015-07-14-17-30-00,57,40,17
2015-07-14-17-45-00,56,41,15
2015-07-14-18-00-00,26,14,12
2015-07-14-18-15-00,46,28,18
2015-07-14-18-30-00,51,31,20
2015-07-14-18-45-00,33,18,15
2015-07-14-19-00-00,40,17,23
2015-07-14-19-15-00,45,25,20
2015-07-14-19-30-00,37,13,24
2015-07-14-19-45-00,35,18,17
2015-07-14-20-00-00,29,11,18
2015-07-14-20-15-00,30,17,13
2015-07-14-20-30-00,40,22,18
2015-07-14-20-45-00,33,24,9
2015-07-14-21-00-00,20,14,6
2015-07-14-21-15-00,27,16,11
2015-07-14-21-30-00,15,10,5
2015-07-14-21-45-00,27,18,9
2015-07-14-22-00-00,18,5,13
2015-07-14-22-15-00,16,8,8
2015-07-14-22-30-00,9,8,1
2015-07-14-22-45-00,6,5,1
2015-07-14-23-00-00,6,1,5
2015-07-14-23-15-00,5,2,3
2015-07-14-23-30-00,1,0,1
2015-07-14-23-45-00,1,0,1
2015-07-15-00-00-00,2,0,2
2015-07-15-00-15-00,4,3,1
2015-07-15-00-30-00,3,0,3
2015-07-15-00-45-00,0,0,0
2015-07-15-01-00-00,1,0,1
2015-07-15-01-15-00,0,0,0
2015-07-15-01-30-00,0,0,0
2015-07-15-01-45-00,0,0,0
2015-07-15-02-00-00,4,1,3
2015-07-15-02-15-00,0,0,0
2015-07-15-02-30-00,1,1,0
2015-07-15-02-45-00,0,0,0
2015-07-15-03-00-00,0,0,0
2015-07-15-03-15-00,0,0,0
2015-07-15-03-30-00,0,0,0
2015-07-15-03-45-00,0,0,0
2015-07-15-04-00-00,0,0,0
2015-07-15-04-15-00,0,0,0
2015-07-15-04-30-00,1,0,1
2015-07-15-04-45-00,1,1,0
2015-07-15-05-00-00,1,0,1
2015-07-15-05-15-00,2,0,2
2015-07-15-05-30-00,2,1,1
2015-07-15-05-45-00,5,1,4
2015-07-15-06-00-00,7,3,4
2015-07-15-06-15-00,10,2,8
2015-07-15-06-30-00,19,8,11
2015-07-15-06-45-00,15,3,12
2015-07-15-07-00-00,19,10,9
2015-07-15-07-15-00,28,10,18
2015-07-15-07-30-00,42,13,29
2015-07-15-07-45-00,40,10,30
2015-07-15-08-00-00,36,3,33
2015-07-15-08-15-00,41,6,35
2015-07-15-08-30-00,44,12,32
2015-07-15-08-45-00,44,9,35
2015-07-15-09-00-00,19,5,14
2015-07-15-09-15-00,42,12,30
2015-07-15-09-30-00,18,8,10
2015-07-15-09-45-00,14,7,7
2015-07-15-10-00-00,19,9,10
2015-07-15-10-15-00,33,14,19
2015-07-15-10-30-00,18,8,10
2015-07-15-10-45-00,42,24,18
2015-07-15-11-00-00,32,20,12
2015-07-15-11-15-00,25,12,13
2015-07-15-11-30-00,50,26,24
2015-07-15-11-45-00,37,13,24
2015-07-15-12-00-00,35,11,24
2015-07-15-12-15-00,57,19,38
2015-07-15-12-30-00,35,21,14
2015-07-15-12-45-00,34,13,21
2015-07-15-13-00-00,46,26,20
2015-07-15-13-15-00,35,14,21
2015-07-15-13-30-00,28,14,14
2015-07-15-13-45-00,48,17,31
2015-07-15-14-00-00,36,18,18
2015-07-15-14-15-00,47,15,32
2015-07-15-14-30-00,46,26,20
2015-07-15-14-45-00,28,16,12
2015-07-15-15-00-00,48,31,17
2015-07-15-15-15-00,56,46,10
2015-07-15-15-30-00,62,37,25
2015-07-15-15-45-00,42,23,19
2015-07-15-16-00-00,62,39,23
2015-07-15-16-15-00,68,45,23
2015-07-15-16-30-00,61,36,25
2015-07-15-16-45-00,77,56,21
2015-07-15-17-00-00,62,50,12
2015-07-15-17-15-00,75,55,20
2015-07-15-17-30-00,67,41,26
2015-07-15-17-45-00,51,40,11
2015-07-15-18-00-00,31,21,10
2015-07-15-18-15-00,51,33,18
2015-07-15-18-30-00,43,30,13
2015-07-15-18-45-00,51,28,23
2015-07-15-19-00-00,54,33,21
2015-07-15-19-15-00,36,25,11
2015-07-15-19-30-00,20,13,7
2015-07-15-19-45-00,19,12,7
2015-07-15-20-00-00,34,22,12
2015-07-15-20-15-00,37,16,21
2015-07-15-20-30-00,13,6,7
2015-07-15-20-45-00,21,8,13
2015-07-15-21-00-00,14,9,5
2015-07-15-21-15-00,18,11,7
2015-07-15-21-30-00,15,9,6
2015-07-15-21-45-00,11,8,3
2015-07-15-22-00-00,16,7,9
2015-07-15-22-15-00,10,5,5
2015-07-15-22-30-00,7,5,2
2015-07-15-22-45-00,7,7,0
2015-07-15-23-00-00,5,2,3
2015-07-15-23-15-00,5,4,1
2015-07-15-23-30-00,2,2,0
2015-07-15-23-45-00,2,0,2
2015-07-16-00-00-00,6,4,2
2015-07-16-00-15-00,3,2,1
2015-07-16-00-30-00,1,1,0
2015-07-16-00-45-00,1,0,1
2015-07-16-01-00-00,0,0,0
2015-07-16-01-15-00,0,0,0
2015-07-16-01-30-00,0,0,0
2015-07-16-01-45-00,0,0,0
2015-07-16-02-00-00,0,0,0
2015-07-16-02-15-00,0,0,0
2015-07-16-02-30-00,0,0,0
2015-07-16-02-45-00,0,0,0
2015-07-16-03-00-00,0,0,0
2015-07-16-03-15-00,0,0,0
2015-07-16-03-30-00,0,0,0
2015-07-16-03-45-00,0,0,0
2015-07-16-04-00-00,0,0,0
2015-07-16-04-15-00,0,0,0
2015-07-16-04-30-00,1,1,0
2015-07-16-04-45-00,0,0,0
2015-07-16-05-00-00,2,1,1
2015-07-16-05-15-00,2,0,2
2015-07-16-05-30-00,1,1,0
2015-07-16-05-45-00,8,3,5
2015-07-16-06-00-00,3,0,3
2015-07-16-06-15-00,13,4,9
2015-07-16-06-30-00,11,4,7
2015-07-16-06-45-00,20,8,12
2015-07-16-07-00-00,26,11,15
2015-07-16-07-15-00,41,11,30
2015-07-16-07-30-00,38,8,30
2015-07-16-07-45-00,41,8,33
2015-07-16-08-00-00,47,7,40
2015-07-16-08-15-00,46,6,40
2015-07-16-08-30-00,46,9,37
2015-07-16-08-45-00,46,10,36
2015-07-16-09-00-00,26,7,19
2015-07-16-09-15-00,23,6,17
2015-07-16-09-30-00,18,8,10
2015-07-16-09-45-00,30,10,20
2015-07-16-10-00-00,32,14,18
2015-07-16-10-15-00,37,13,24
2015-07-16-10-30-00,24,11,13
2015-07-16-10-45-00,32,15,17
2015-07-16-11-00-00,30,12,18
2015-07-16-11-15-00,43,16,27
2015-07-16-11-30-00,42,16,26
2015-07-16-11-45-00,43,17,26
2015-07-16-12-00-00,53,32,21
2015-07-16-12-15-00,32,9,23
2015-07-16-12-30-00,38,16,22
2015-07-16-12-45-00,41,19,22
2015-07-16-13-00-00,55,20,35
2015-07-16-13-15-00,49,26,23
2015-07-16-13-30-00,41,24,17
2015-07-16-13-45-00,51,17,34
2015-07-16-14-00-00,42,22,20
2015-07-16-14-15-00,59,31,28
2015-07-16-14-30-00,56,23,33
2015-07-16-14-45-00,45,27,18
2015-07-16-15-00-00,55,37,18
2015-07-16-15-15-00,60,36,24
2015-07-16-15-30-00,55,34,21
2015-07-16-15-45-00,65,36,29
2015-07-16-16-00-00,70,52,18
2015-07-16-16-15-00,75,44,31
2015-07-16-16-30-00,60,41,19
2015-07-16-16-45-00,73,39,34
2015-07-16-17-00-00,81,61,20
2015-07-16-17-15-00,106,74,32
2015-07-16-17-30-00,93,63,30
2015-07-16-17-45-00,84,61,23
2015-07-16-18-00-00,83,46,37
2015-07-16-18-15-00,98,43,55
2015-07-16-18-30-00,100,52,48
2015-07-16-18-45-00,85,41,44
2015-07-16-19-00-00,62,33,29
2015-07-16-19-15-00,81,44,37
2015-07-16-19-30-00,92,32,60
2015-07-16-19-45-00,70,46,24
2015-07-16-20-00-00,59,31,28
2015-07-16-20-15-00,81,57,24
2015-07-16-20-30-00,58,37,21
2015-07-16-20-45-00,69,43,26
2015-07-16-21-00-00,66,33,33
2015-07-16-21-15-00,60,41,19
2015-07-16-21-30-00,42,27,15
2015-07-16-21-45-00,23,13,10
2015-07-16-22-00-00,23,12,11
2015-07-16-22-15-00,26,12,14
2015-07-16-22-30-00,17,10,7
2015-07-16-22-45-00,15,13,2
2015-07-16-23-00-00,17,13,4
2015-07-16-23-15-00,13,9,4
2015-07-16-23-30-00,3,2,1
2015-07-16-23-45-00,8,3,5
2015-07-17-00-00-00,3,1,2
2015-07-17-00-15-00,3,2,1
2015-07-17-00-30-00,1,1,0
2015-07-17-00-45-00,3,0,3
2015-07-17-01-00-00,0,0,0
2015-07-17-01-15-00,0,0,0
2015-07-17-01-30-00,0,0,0
2015-07-17-01-45-00,0,0,0
2015-07-17-02-00-00,0,0,0
2015-07-17-02-15-00,1,0,1
2015-07-17-02-30-00,2,0,2
2015-07-17-02-45-00,0,0,0
2015-07-17-03-00-00,0,0,0
2015-07-17-03-15-00,0,0,0
2015-07-17-03-30-00,0,0,0
2015-07-17-03-45-00,0,0,0
2015-07-17-04-00-00,1,1,0
2015-07-17-04-15-00,0,0,0
2015-07-17-04-30-00,1,1,0
2015-07-17-04-45-00,1,1,0
2015-07-17-05-00-00,0,0,0
2015-07-17-05-15-00,0,0,0
2015-07-17-05-30-00,1,1,0
2015-07-17-05-45-00,2,1,1
2015-07-17-06-00-00,7,2,5
2015-07-17-06-15-00,10,2,8
2015-07-17-06-30-00,7,3,4
2015-07-17-06-45-00,15,7,8
2015-07-17-07-00-00,13,5,8
2015-07-17-07-15-00,18,8,10
2015-07-17-07-30-00,29,8,21
2015-07-17-07-45-00,28,6,22
2015-07-17-08-00-00,34,10,24
2015-07-17-08-15-00,38,5,33
2015-07-17-08-30-00,43,12,31
2015-07-17-08-45-00,40,12,28
2015-07-17-09-00-00,31,11,20
2015-07-17-09-15-00,21,8,13
2015-07-17-09-30-00,26,9,17
2015-07-17-09-45-00,20,9,11
2015-07-17-10-00-00,22,6,16
2015-07-17-10-15-00,21,11,10
2015-07-17-10-30-00,29,17,12
2015-07-17-10-45-00,32,18,14
2015-07-17-11-00-00,40,22,18
2015-07-17-11-15-00,28,11,17
2015-07-17-11-30-00,32,11,21
2015-07-17-11-45-00,35,19,16
2015-07-17-12-00-00,20,11,9
2015-07-17-12-15-00,28,15,13
2015-07-17-12-30-00,30,7,23
2015-07-17-12-45-00,22,8,14
2015-07-17-13-00-00,33,16,17
2015-07-17-13-15-00,29,16,13
2015-07-17-13-30-00,40,20,20
2015-07-17-13-45-00,27,17,10
2015-07-17-14-00-00,26,14,12
2015-07-17-14-15-00,34,24,10
2015-07-17-14-30-00,36,26,10
2015-07-17-14-45-00,38,22,16
2015-07-17-15-00-00,40,28,12
2015-07-17-15-15-00,63,38,25
2015-07-17-15-30-00,38,25,13
2015-07-17-15-45-00,29,16,13
2015-07-17-16-00-00,48,33,15
2015-07-17-16-15-00,57,37,20
2015-07-17-16-30-00,39,25,14
2015-07-17-16-45-00,43,28,15
2015-07-17-17-00-00,68,39,29
2015-07-17-17-15-00,56,33,23
2015-07-17-17-30-00,41,22,19
2015-07-17-17-45-00,42,23,19
2015-07-17-18-00-00,50,21,29
2015-07-17-18-15-00,53,27,26
2015-07-17-18-30-00,58,24,34
2015-07-17-18-45-00,43,25,18
2015-07-17-19-00-00,55,29,26
2015-07-17-19-15-00,49,28,21
2015-07-17-19-30-00,70,27,43
2015-07-17-19-45-00,53,25,28
2015-07-17-20-00-00,35,23,12
2015-07-17-20-15-00,34,16,18
2015-07-17-20-30-00,71,46,25
2015-07-17-20-45-00,47,30,17
2015-07-17-21-00-00,48,27,21
2015-07-17-21-15-00,48,27,21
2015-07-17-21-30-00,38,26,12
2015-07-17-21-45-00,60,43,17
2015-07-17-22-00-00,30,18,12
2015-07-17-22-15-00,35,29,6
2015-07-17-22-30-00,15,8,7
2015-07-17-22-45-00,7,4,3
2015-07-17-23-00-00,10,7,3
2015-07-17-23-15-00,21,13,8
2015-07-17-23-30-00,19,13,6
2015-07-17-23-45-00,20,17,3
2015-07-18-00-00-00,4,2,2
2015-07-18-00-15-00,20,9,11
2015-07-18-00-30-00,9,5,4
2015-07-18-00-45-00,4,0,4
2015-07-18-01-00-00,2,0,2
2015-07-18-01-15-00,9,7,2
2015-07-18-01-30-00,4,4,0
2015-07-18-01-45-00,3,2,1
2015-07-18-02-00-00,0,0,0
2015-07-18-02-15-00,0,0,0
2015-07-18-02-30-00,3,1,2
2015-07-18-02-45-00,2,1,1
2015-07-18-03-00-00,1,1,0
2015-07-18-03-15-00,3,3,0
2015-07-18-03-30-00,1,0,1
2015-07-18-03-45-00,0,0,0
2015-07-18-04-00-00,3,1,2
2015-07-18-04-15-00,0,0,0
2015-07-18-04-30-00,0,0,0
2015-07-18-04-45-00,1,1,0
2015-07-18-05-00-00,2,0,2
2015-07-18-05-15-00,2,0,2
2015-07-18-05-30-00,1,1,0
2015-07-18-05-45-00,1,0,1
2015-07-18-06-00-00,4,3,1
2015-07-18-06-15-00,6,2,4
2015-07-18-06-30-00,3,1,2
2015-07-18-06-45-00,5,0,5
2015-07-18-07-00-00,1,0,1
2015-07-18-07-15-00,10,4,6
2015-07-18-07-30-00,7,1,6
2015-07-18-07-45-00,13,3,10
2015-07-18-08-00-00,7,1,6
2015-07-18-08-15-00,23,8,15
2015-07-18-08-30-00,21,6,15
2015-07-18-08-45-00,33,10,23
2015-07-18-09-00-00,17,10,7
2015-07-18-09-15-00,32,9,23
2015-07-18-09-30-00,41,13,28
2015-07-18-09-45-00,42,18,24
2015-07-18-10-00-00,36,14,22
2015-07-18-10-15-00,47,23,24
2015-07-18-10-30-00,62,25,37
2015-07-18-10-45-00,53,36,17
2015-07-18-11-00-00,46,26,20
2015-07-18-11-15-00,55,22,33
2015-07-18-11-30-00,62,28,34
2015-07-18-11-45-00,64,39,25
2015-07-18-12-00-00,68,27,41
2015-07-18-12-15-00,54,27,27
2015-07-18-12-30-00,76,27,49
2015-07-18-12-45-00,46,21,25
2015-07-18-13-00-00,73,34,39
2015-07-18-13-15-00,75,43,32
2015-07-18-13-30-00,69,27,42
2015-07-18-13-45-00,70,25,45
2015-07-18-14-00-00,73,36,37
2015-07-18-14-15-00,76,39,37
2015-07-18-14-30-00,80,44,36
2015-07-18-14-45-00,112,62,50
2015-07-18-15-00-00,74,53,21
2015-07-18-15-15-00,61,37,24
2015-07-18-15-30-00,80,49,31
2015-07-18-15-45-00,84,47,37
2015-07-18-16-00-00,63,41,22
2015-07-18-16-15-00,97,53,44
2015-07-18-16-30-00,61,42,19
2015-07-18-16-45-00,101,55,46
2015-07-18-17-00-00,74,41,33
2015-07-18-17-15-00,83,38,45
2015-07-18-17-30-00,82,47,35
2015-07-18-17-45-00,63,27,36
2015-07-18-18-00-00,52,23,29
2015-07-18-18-15-00,73,41,32
2015-07-18-18-30-00,69,40,29
2015-07-18-18-45-00,61,37,24
2015-07-18-19-00-00,53,32,21
2015-07-18-19-15-00,54,26,28
2015-07-18-19-30-00,61,26,35
2015-07-18-19-45-00,59,31,28
2015-07-18-20-00-00,80,31,49
2015-07-18-20-15-00,61,30,31
2015-07-18-20-30-00,46,27,19
2015-07-18-20-45-00,49,29,20
2015-07-18-21-00-00,36,19,17
2015-07-18-21-15-00,29,18,11
2015-07-18-21-30-00,25,16,9
2015-07-18-21-45-00,35,27,8
2015-07-18-22-00-00,25,18,7
2015-07-18-22-15-00,32,24,8
2015-07-18-22-30-00,24,20,4
2015-07-18-22-45-00,16,12,4
2015-07-18-23-00-00,10,7,3
2015-07-18-23-15-00,7,6,1
2015-07-18-23-30-00,3,2,1
2015-07-18-23-45-00,7,3,4
2015-07-19-00-00-00,10,8,2
2015-07-19-00-15-00,13,11,2
2015-07-19-00-30-00,4,3,1
2015-07-19-00-45-00,5,4,1
2015-07-19-01-00-00,2,1,1
2015-07-19-01-15-00,4,0,4
2015-07-19-01-30-00,3,3,0
2015-07-19-01-45-00,3,0,3
2015-07-19-02-00-00,7,6,1
2015-07-19-02-15-00,5,3,2
2015-07-19-02-30-00,2,2,0
2015-07-19-02-45-00,2,2,0
2015-07-19-03-00-00,2,0,2
2015-07-19-03-15-00,1,1,0
2015-07-19-03-30-00,2,2,0
2015-07-19-03-45-00,2,0,2
2015-07-19-04-00-00,0,0,0
2015-07-19-04-15-00,0,0,0
2015-07-19-04-30-00,1,1,0
2015-07-19-04-45-00,0,0,0
2015-07-19-05-00-00,0,0,0
2015-07-19-05-15-00,0,0,0
2015-07-19-05-30-00,2,1,1
2015-07-19-05-45-00,1,1,0
2015-07-19-06-00-00,2,1,1
2015-07-19-06-15-00,3,0,3
2015-07-19-06-30-00,1,0,1
2015-07-19-06-45-00,1,0,1
2015-07-19-07-00-00,0,0,0
2015-07-19-07-15-00,0,0,0
2015-07-19-07-30-00,1,0,1
2015-07-19-07-45-00,0,0,0
2015-07-19-08-00-00,0,0,0
2015-07-19-08-15-00,3,2,1
2015-07-19-08-30-00,2,2,0
2015-07-19-08-45-00,1,1,0
2015-07-19-09-00-00,2,1,1
2015-07-19-09-15-00,5,1,4
2015-07-19-09-30-00,9,1,8
2015-07-19-09-45-00,8,2,6
2015-07-19-10-00-00,20,8,12
2015-07-19-10-15-00,21,11,10
2015-07-19-10-30-00,19,14,5
2015-07-19-10-45-00,27,15,12
2015-07-19-11-00-00,26,8,18
2015-07-19-11-15-00,39,23,16
2015-07-19-11-30-00,46,26,20
2015-07-19-11-45-00,44,20,24
2015-07-19-12-00-00,55,22,33
2015-07-19-12-15-00,32,13,19
2015-07-19-12-30-00,54,29,25
2015-07-19-12-45-00,59,25,34
2015-07-19-13-00-00,81,51,30
2015-07-19-13-15-00,47,20,27
2015-07-19-13-30-00,21,5,16
2015-07-19-13-45-00,10,7,3
2015-07-19-14-00-00,17,11,6
2015-07-19-14-15-00,37,23,14
2015-07-19-14-30-00,42,35,7
2015-07-19-14-45-00,37,11,26
2015-07-19-15-00-00,44,20,24
2015-07-19-15-15-00,25,16,9
2015-07-19-15-30-00,32,24,8
2015-07-19-15-45-00,33,21,12
2015-07-19-16-00-00,29,24,5
2015-07-19-16-15-00,16,12,4
2015-07-19-16-30-00,29,17,12
2015-07-19-16-45-00,31,14,17
2015-07-19-17-00-00,23,17,6
2015-07-19-17-15-00,31,16,15
2015-07-19-17-30-00,23,10,13
2015-07-19-17-45-00,44,31,13
2015-07-19-18-00-00,36,22,14
2015-07-19-18-15-00,40,22,18
2015-07-19-18-30-00,30,13,17
2015-07-19-18-45-00,43,24,19
2015-07-19-19-00-00,38,20,18
2015-07-19-19-15-00,33,17,16
2015-07-19-19-30-00,20,11,9
2015-07-19-19-45-00,27,15,12
2015-07-19-20-00-00,26,8,18
2015-07-19-20-15-00,15,7,8
2015-07-19-20-30-00,19,14,5
2015-07-19-20-45-00,18,12,6
2015-07-19-21-00-00,13,7,6
2015-07-19-21-15-00,16,10,6
2015-07-19-21-30-00,20,11,9
2015-07-19-21-45-00,7,3,4
2015-07-19-22-00-00,8,8,0
2015-07-19-22-15-00,3,2,1
2015-07-19-22-30-00,5,5,0
2015-07-19-22-45-00,5,1,4
2015-07-19-23-00-00,1,1,0
2015-07-19-23-15-00,0,0,0
2015-07-19-23-30-00,2,2,0
2015-07-19-23-45-00,0,0,0
2015-07-20-00-00-00,0,0,0
2015-07-20-00-15-00,1,0,1
2015-07-20-00-30-00,0,0,0
2015-07-20-00-45-00,0,0,0
2015-07-20-01-00-00,0,0,0
2015-07-20-01-15-00,0,0,0
2015-07-20-01-30-00,0,0,0
2015-07-20-01-45-00,0,0,0
2015-07-20-02-00-00,0,0,0
2015-07-20-02-15-00,1,0,1
2015-07-20-02-30-00,1,1,0
2015-07-20-02-45-00,0,0,0
2015-07-20-03-00-00,0,0,0
2015-07-20-03-15-00,0,0,0
2015-07-20-03-30-00,2,0,2
2015-07-20-03-45-00,2,0,2
2015-07-20-04-00-00,0,0,0
2015-07-20-04-15-00,0,0,0
2015-07-20-04-30-00,0,0,0
2015-07-20-04-45-00,0,0,0
2015-07-20-05-00-00,1,0,1
2015-07-20-05-15-00,1,0,1
2015-07-20-05-30-00,5,3,2
2015-07-20-05-45-00,2,1,1
2015-07-20-06-00-00,4,0,4
2015-07-20-06-15-00,4,0,4
2015-07-20-06-30-00,13,2,11
2015-07-20-06-45-00,9,4,5
2015-07-20-07-00-00,27,8,19
2015-07-20-07-15-00,17,4,13
2015-07-20-07-30-00,29,10,19
2015-07-20-07-45-00,30,3,27
2015-07-20-08-00-00,42,2,40
2015-07-20-08-15-00,30,0,30
2015-07-20-08-30-00,23,4,19
2015-07-20-08-45-00,30,5,25
2015-07-20-09-00-00,23,3,20
2015-07-20-09-15-00,12,4,8
2015-07-20-09-30-00,14,7,7
2015-07-20-09-45-00,10,6,4
2015-07-20-10-00-00,6,3,3
2015-07-20-10-15-00,18,11,7
2015-07-20-10-30-00,16,7,9
2015-07-20-10-45-00,6,4,2
2015-07-20-11-00-00,20,14,6
2015-07-20-11-15-00,23,16,7
2015-07-20-11-30-00,12,7,5
2015-07-20-11-45-00,17,7,10
2015-07-20-12-00-00,24,11,13
2015-07-20-12-15-00,14,7,7
2015-07-20-12-30-00,26,17,9
2015-07-20-12-45-00,18,7,11
2015-07-20-13-00-00,9,2,7
2015-07-20-13-15-00,17,12,5
2015-07-20-13-30-00,14,8,6
2015-07-20-13-45-00,20,9,11
2015-07-20-14-00-00,21,9,12
2015-07-20-14-15-00,27,9,18
2015-07-20-14-30-00,17,6,11
2015-07-20-14-45-00,21,10,11
2015-07-20-15-00-00,19,11,8
2015-07-20-15-15-00,9,7,2
2015-07-20-15-30-00,27,18,9
2015-07-20-15-45-00,24,18,6
2015-07-20-16-00-00,16,10,6
2015-07-20-16-15-00,25,15,10
2015-07-20-16-30-00,29,24,5
2015-07-20-16-45-00,29,16,13
2015-07-20-17-00-00,39,20,19
2015-07-20-17-15-00,45,31,14
2015-07-20-17-30-00,59,45,14
2015-07-20-17-45-00,50,34,16
2015-07-20-18-00-00,43,27,16
2015-07-20-18-15-00,47,28,19
2015-07-20-18-30-00,36,23,13
2015-07-20-18-45-00,30,21,9
2015-07-20-19-00-00,31,19,12
2015-07-20-19-15-00,16,9,7
2015-07-20-19-30-00,22,9,13
2015-07-20-19-45-00,15,5,10
2015-07-20-20-00-00,18,9,9
2015-07-20-20-15-00,14,6,8
2015-07-20-20-30-00,12,9,3
2015-07-20-20-45-00,27,19,8
2015-07-20-21-00-00,12,3,9
2015-07-20-21-15-00,12,11,1
2015-07-20-21-30-00,14,6,8
2015-07-20-21-45-00,15,13,2
2015-07-20-22-00-00,9,3,6
2015-07-20-22-15-00,4,3,1
2015-07-20-22-30-00,2,1,1
2015-07-20-22-45-00,3,2,1
2015-07-20-23-00-00,4,4,0
2015-07-20-23-15-00,1,0,1
2015-07-20-23-30-00,1,1,0
2015-07-20-23-45-00,4,2,2
2015-07-21-00-00-00,0,0,0
2015-07-21-00-15-00,4,1,3
2015-07-21-00-30-00,0,0,0
2015-07-21-00-45-00,0,0,0
2015-07-21-01-00-00,0,0,0
2015-07-21-01-15-00,0,0,0
2015-07-21-01-30-00,0,0,0
2015-07-21-01-45-00,0,0,0
2015-07-21-02-00-00,0,0,0
2015-07-21-02-15-00,0,0,0
2015-07-21-02-30-00,0,0,0
2015-07-21-02-45-00,1,1,0
2015-07-21-03-00-00,0,0,0
2015-07-21-03-15-00,0,0,0
2015-07-21-03-30-00,0,0,0
2015-07-21-03-45-00,0,0,0
2015-07-21-04-00-00,0,0,0
2015-07-21-04-15-00,0,0,0
2015-07-21-04-30-00,0,0,0
2015-07-21-04-45-00,0,0,0
2015-07-21-05-00-00,1,0,1
2015-07-21-05-15-00,3,0,3
2015-07-21-05-30-00,2,1,1
2015-07-21-05-45-00,10,2,8
2015-07-21-06-00-00,5,1,4
2015-07-21-06-15-00,10,3,7
2015-07-21-06-30-00,14,3,11
2015-07-21-06-45-00,15,6,9
2015-07-21-07-00-00,35,10,25
2015-07-21-07-15-00,14,4,10
2015-07-21-07-30-00,45,13,32
2015-07-21-07-45-00,40,12,28
2015-07-21-08-00-00,47,6,41
2015-07-21-08-15-00,44,9,35
2015-07-21-08-30-00,59,15,44
2015-07-21-08-45-00,49,12,37
2015-07-21-09-00-00,30,6,24
2015-07-21-09-15-00,17,2,15
2015-07-21-09-30-00,22,6,16
2015-07-21-09-45-00,12,2,10
2015-07-21-10-00-00,17,7,10
2015-07-21-10-15-00,17,7,10
2015-07-21-10-30-00,13,8,5
2015-07-21-10-45-00,16,5,11
2015-07-21-11-00-00,23,17,6
2015-07-21-11-15-00,35,18,17
2015-07-21-11-30-00,25,11,14
2015-07-21-11-45-00,29,7,22
2015-07-21-12-00-00,17,5,12
2015-07-21-12-15-00,22,12,10
2015-07-21-12-30-00,28,12,16
2015-07-21-12-45-00,31,18,13
2015-07-21-13-00-00,35,23,12
2015-07-21-13-15-00,18,8,10
2015-07-21-13-30-00,33,14,19
2015-07-21-13-45-00,30,13,17
2015-07-21-14-00-00,42,26,16
2015-07-21-14-15-00,40,20,20
2015-07-21-14-30-00,38,19,19
2015-07-21-14-45-00,30,19,11
2015-07-21-15-00-00,42,21,21
2015-07-21-15-15-00,43,24,19
2015-07-21-15-30-00,52,23,29
2015-07-21-15-45-00,38,19,19
2015-07-21-16-00-00,44,27,17
2015-07-21-16-15-00,63,38,25
2015-07-21-16-30-00,60,42,18
2015-07-21-16-45-00,93,61,32
2015-07-21-17-00-00,85,60,25
2015-07-21-17-15-00,74,53,21
2015-07-21-17-30-00,96,59,37
2015-07-21-17-45-00,67,51,16
2015-07-21-18-00-00,72,46,26
2015-07-21-18-15-00,80,40,40
2015-07-21-18-30-00,88,51,37
2015-07-21-18-45-00,68,36,32
2015-07-21-19-00-00,81,49,32
2015-07-21-19-15-00,79,36,43
2015-07-21-19-30-00,62,33,29
2015-07-21-19-45-00,70,43,27
2015-07-21-20-00-00,83,57,26
2015-07-21-20-15-00,72,42,30
2015-07-21-20-30-00,68,35,33
2015-07-21-20-45-00,76,44,32
2015-07-21-21-00-00,67,43,24
2015-07-21-21-15-00,43,27,16
2015-07-21-21-30-00,44,29,15
2015-07-21-21-45-00,34,15,19
2015-07-21-22-00-00,36,17,19
2015-07-21-22-15-00,25,19,6
2015-07-21-22-30-00,19,6,13
2015-07-21-22-45-00,9,8,1
2015-07-21-23-00-00,4,2,2
2015-07-21-23-15-00,2,2,0
2015-07-21-23-30-00,4,4,0
2015-07-21-23-45-00,3,0,3
2015-07-22-00-00-00,3,2,1
2015-07-22-00-15-00,1,1,0
2015-07-22-00-30-00,5,1,4
2015-07-22-00-45-00,1,0,1
2015-07-22-01-00-00,3,3,0
2015-07-22-01-15-00,0,0,0
2015-07-22-01-30-00,1,0,1
2015-07-22-01-45-00,0,0,0
2015-07-22-02-00-00,1,1,0
2015-07-22-02-15-00,2,0,2
2015-07-22-02-30-00,0,0,0
2015-07-22-02-45-00,0,0,0
2015-07-22-03-00-00,0,0,0
2015-07-22-03-15-00,1,0,1
2015-07-22-03-30-00,1,0,1
2015-07-22-03-45-00,0,0,0
2015-07-22-04-00-00,1,0,1
2015-07-22-04-15-00,0,0,0
2015-07-22-04-30-00,0,0,0
2015-07-22-04-45-00,0,0,0
2015-07-22-05-00-00,0,0,0
2015-07-22-05-15-00,1,1,0
2015-07-22-05-30-00,3,1,2
2015-07-22-05-45-00,9,2,7
2015-07-22-06-00-00,5,2,3
2015-07-22-06-15-00,9,2,7
2015-07-22-06-30-00,16,6,10
2015-07-22-06-45-00,17,6,11
2015-07-22-07-00-00,31,11,20
2015-07-22-07-15-00,30,12,18
2015-07-22-07-30-00,36,9,27
2015-07-22-07-45-00,41,12,29
2015-07-22-08-00-00,37,5,32
2015-07-22-08-15-00,48,5,43
2015-07-22-08-30-00,60,15,45
2015-07-22-08-45-00,48,8,40
2015-07-22-09-00-00,42,12,30
2015-07-22-09-15-00,23,9,14
2015-07-22-09-30-00,33,9,24
2015-07-22-09-45-00,31,10,21
2015-07-22-10-00-00,30,15,15
2015-07-22-10-15-00,28,12,16
2015-07-22-10-30-00,25,14,11
2015-07-22-10-45-00,28,17,11
2015-07-22-11-00-00,52,32,20
2015-07-22-11-15-00,32,16,16
2015-07-22-11-30-00,43,14,29
2015-07-22-11-45-00,45,26,19
2015-07-22-12-00-00,31,12,19
2015-07-22-12-15-00,42,18,24
2015-07-22-12-30-00,38,14,24
2015-07-22-12-45-00,26,11,15
2015-07-22-13-00-00,37,11,26
2015-07-22-13-15-00,40,18,22
2015-07-22-13-30-00,51,14,37
2015-07-22-13-45-00,84,15,69
2015-07-22-14-00-00,38,17,21
2015-07-22-14-15-00,40,27,13
2015-07-22-14-30-00,45,15,30
2015-07-22-14-45-00,49,31,18
2015-07-22-15-00-00,78,58,20
2015-07-22-15-15-00,61,35,26
2015-07-22-15-30-00,55,25,30
2015-07-22-15-45-00,54,26,28
2015-07-22-16-00-00,88,51,37
2015-07-22-16-15-00,101,55,46
2015-07-22-16-30-00,75,49,26
2015-07-22-16-45-00,72,39,33
2015-07-22-17-00-00,81,57,24
2015-07-22-17-15-00,102,83,19
2015-07-22-17-30-00,88,58,30
2015-07-22-17-45-00,100,59,41
2015-07-22-18-00-00,77,45,32
2015-07-22-18-15-00,76,45,31
2015-07-22-18-30-00,97,75,22
2015-07-22-18-45-00,68,29,39
2015-07-22-19-00-00,66,32,34
2015-07-22-19-15-00,75,42,33
2015-07-22-19-30-00,72,47,25
2015-07-22-19-45-00,60,28,32
2015-07-22-20-00-00,42,28,14
2015-07-22-20-15-00,41,24,17
2015-07-22-20-30-00,43,31,12
2015-07-22-20-45-00,33,23,10
2015-07-22-21-00-00,40,21,19
2015-07-22-21-15-00,29,15,14
2015-07-22-21-30-00,33,16,17
2015-07-22-21-45-00,29,19,10
2015-07-22-22-00-00,8,5,3
2015-07-22-22-15-00,22,14,8
2015-07-22-22-30-00,14,9,5
2015-07-22-22-45-00,7,4,3
2015-07-22-23-00-00,10,5,5
2015-07-22-23-15-00,9,5,4
2015-07-22-23-30-00,4,3,1
2015-07-22-23-45-00,5,5,0
2015-07-23-00-00-00,3,1,2
2015-07-23-00-15-00,1,0,1
2015-07-23-00-30-00,2,2,0
2015-07-23-00-45-00,2,2,0
2015-07-23-01-00-00,0,0,0
2015-07-23-01-15-00,0,0,0
2015-07-23-01-30-00,4,2,2
2015-07-23-01-45-00,2,2,0
2015-07-23-02-00-00,0,0,0
2015-07-23-02-15-00,0,0,0
2015-07-23-02-30-00,0,0,0
2015-07-23-02-45-00,0,0,0
2015-07-23-03-00-00,0,0,0
2015-07-23-03-15-00,0,0,0
2015-07-23-03-30-00,2,0,2
2015-07-23-03-45-00,0,0,0
2015-07-23-04-00-00,0,0,0
2015-07-23-04-15-00,0,0,0
2015-07-23-04-30-00,0,0,0
2015-07-23-04-45-00,1,0,1
2015-07-23-05-00-00,1,0,1
2015-07-23-05-15-00,3,1,2
2015-07-23-05-30-00,4,1,3
2015-07-23-05-45-00,8,2,6
2015-07-23-06-00-00,5,4,1
2015-07-23-06-15-00,11,3,8
2015-07-23-06-30-00,15,4,11
2015-07-23-06-45-00,14,4,10
2015-07-23-07-00-00,32,13,19
2015-07-23-07-15-00,33,9,24
2015-07-23-07-30-00,46,16,30
2015-07-23-07-45-00,39,9,30
2015-07-23-08-00-00,60,11,49
2015-07-23-08-15-00,50,12,38
2015-07-23-08-30-00,52,13,39
2015-07-23-08-45-00,44,11,33
2015-07-23-09-00-00,36,2,34
2015-07-23-09-15-00,27,9,18
2015-07-23-09-30-00,20,9,11
2015-07-23-09-45-00,34,13,21
2015-07-23-10-00-00,35,14,21
2015-07-23-10-15-00,17,5,12
2015-07-23-10-30-00,42,26,16
2015-07-23-10-45-00,46,22,24
2015-07-23-11-00-00,42,24,18
2015-07-23-11-15-00,35,17,18
2015-07-23-11-30-00,49,26,23
2015-07-23-11-45-00,45,20,25
2015-07-23-12-00-00,46,23,23
2015-07-23-12-15-00,29,17,12
2015-07-23-12-30-00,38,15,23
2015-07-23-12-45-00,50,23,27
2015-07-23-13-00-00,30,12,18
2015-07-23-13-15-00,40,21,19
2015-07-23-13-30-00,62,30,32
2015-07-23-13-45-00,53,29,24
2015-07-23-14-00-00,27,13,14
2015-07-23-14-15-00,37,12,25
2015-07-23-14-30-00,39,22,17
2015-07-23-14-45-00,80,42,38
2015-07-23-15-00-00,60,34,26
2015-07-23-15-15-00,61,33,28
2015-07-23-15-30-00,78,44,34
2015-07-23-15-45-00,69,42,27
2015-07-23-16-00-00,70,50,20
2015-07-23-16-15-00,60,44,16
2015-07-23-16-30-00,81,47,34
2015-07-23-16-45-00,90,52,38
2015-07-23-17-00-00,91,55,36
2015-07-23-17-15-00,89,54,35
2015-07-23-17-30-00,73,46,27
2015-07-23-17-45-00,98,71,27
2015-07-23-18-00-00,92,58,34
2015-07-23-18-15-00,75,42,33
2015-07-23-18-30-00,63,45,18
2015-07-23-18-45-00,84,43,41
2015-07-23-19-00-00,96,44,52
2015-07-23-19-15-00,64,34,30
2015-07-23-19-30-00,57,29,28
2015-07-23-19-45-00,55,30,25
2015-07-23-20-00-00,72,34,38
2015-07-23-20-15-00,55,32,23
2015-07-23-20-30-00,46,30,16
2015-07-23-20-45-00,53,31,22
2015-07-23-21-00-00,31,21,10
2015-07-23-21-15-00,21,11,10
2015-07-23-21-30-00,17,10,7
2015-07-23-21-45-00,27,14,13
2015-07-23-22-00-00,20,11,9
2015-07-23-22-15-00,14,12,2
2015-07-23-22-30-00,20,14,6
2015-07-23-22-45-00,5,5,0
2015-07-23-23-00-00,11,3,8
2015-07-23-23-15-00,5,2,3
2015-07-23-23-30-00,3,3,0
2015-07-23-23-45-00,7,6,1
2015-07-24-00-00-00,1,0,1
2015-07-24-00-15-00,1,1,0
2015-07-24-00-30-00,2,0,2
2015-07-24-00-45-00,1,1,0
2015-07-24-01-00-00,0,0,0
2015-07-24-01-15-00,0,0,0
2015-07-24-01-30-00,1,0,1
2015-07-24-01-45-00,0,0,0
2015-07-24-02-00-00,1,0,1
2015-07-24-02-15-00,0,0,0
2015-07-24-02-30-00,1,0,1
2015-07-24-02-45-00,0,0,0
2015-07-24-03-00-00,0,0,0
2015-07-24-03-15-00,0,0,0
2015-07-24-03-30-00,1,0,1
2015-07-24-03-45-00,0,0,0
2015-07-24-04-00-00,0,0,0
2015-07-24-04-15-00,0,0,0
2015-07-24-04-30-00,0,0,0
2015-07-24-04-45-00,1,1,0
2015-07-24-05-00-00,0,0,0
2015-07-24-05-15-00,1,0,1
2015-07-24-05-30-00,3,1,2
2015-07-24-05-45-00,4,1,3
2015-07-24-06-00-00,6,1,5
2015-07-24-06-15-00,9,5,4
2015-07-24-06-30-00,15,4,11
2015-07-24-06-45-00,20,9,11
2015-07-24-07-00-00,31,13,18
2015-07-24-07-15-00,24,5,19
2015-07-24-07-30-00,33,10,23
2015-07-24-07-45-00,40,7,33
2015-07-24-08-00-00,45,8,37
2015-07-24-08-15-00,41,7,34
2015-07-24-08-30-00,39,9,30
2015-07-24-08-45-00,40,5,35
2015-07-24-09-00-00,26,5,21
2015-07-24-09-15-00,26,9,17
2015-07-24-09-30-00,26,12,14
2015-07-24-09-45-00,17,12,5
2015-07-24-10-00-00,32,11,21
2015-07-24-10-15-00,19,8,11
2015-07-24-10-30-00,21,8,13
2015-07-24-10-45-00,41,18,23
2015-07-24-11-00-00,38,20,18
2015-07-24-11-15-00,46,28,18
2015-07-24-11-30-00,55,21,34
2015-07-24-11-45-00,36,14,22
2015-07-24-12-00-00,43,17,26
2015-07-24-12-15-00,48,19,29
2015-07-24-12-30-00,40,25,15
2015-07-24-12-45-00,46,22,24
2015-07-24-13-00-00,36,25,11
2015-07-24-13-15-00,53,27,26
2015-07-24-13-30-00,29,11,18
2015-07-24-13-45-00,45,23,22
2015-07-24-14-00-00,62,28,34
2015-07-24-14-15-00,55,33,22
2015-07-24-14-30-00,55,37,18
2015-07-24-14-45-00,82,49,33
2015-07-24-15-00-00,67,37,30
2015-07-24-15-15-00,68,39,29
2015-07-24-15-30-00,62,41,21
2015-07-24-15-45-00,88,54,34
2015-07-24-16-00-00,70,45,25
2015-07-24-16-15-00,76,41,35
2015-07-24-16-30-00,71,40,31
2015-07-24-16-45-00,66,36,30
2015-07-24-17-00-00,78,43,35
2015-07-24-17-15-00,81,48,33
2015-07-24-17-30-00,73,41,32
2015-07-24-17-45-00,61,36,25
2015-07-24-18-00-00,68,31,37
2015-07-24-18-15-00,59,37,22
2015-07-24-18-30-00,71,30,41
2015-07-24-18-45-00,55,23,32
2015-07-24-19-00-00,65,23,42
2015-07-24-19-15-00,58,19,39
2015-07-24-19-30-00,54,20,34
2015-07-24-19-45-00,49,22,27
2015-07-24-20-00-00,54,26,28
2015-07-24-20-15-00,45,13,32
2015-07-24-20-30-00,56,26,30
2015-07-24-20-45-00,34,19,15
2015-07-24-21-00-00,25,18,7
2015-07-24-21-15-00,40,24,16
2015-07-24-21-30-00,28,11,17
2015-07-24-21-45-00,22,18,4
2015-07-24-22-00-00,17,16,1
2015-07-24-22-15-00,31,29,2
2015-07-24-22-30-00,17,13,4
2015-07-24-22-45-00,10,9,1
2015-07-24-23-00-00,17,17,0
2015-07-24-23-15-00,18,17,1
2015-07-24-23-30-00,11,8,3
2015-07-24-23-45-00,7,5,2
2015-07-25-00-00-00,6,6,0
2015-07-25-00-15-00,10,10,0
2015-07-25-00-30-00,4,4,0
2015-07-25-00-45-00,7,7,0
2015-07-25-01-00-00,2,2,0
2015-07-25-01-15-00,1,0,1
2015-07-25-01-30-00,0,0,0
2015-07-25-01-45-00,0,0,0
2015-07-25-02-00-00,2,2,0
2015-07-25-02-15-00,1,1,0
2015-07-25-02-30-00,0,0,0
2015-07-25-02-45-00,1,1,0
2015-07-25-03-00-00,0,0,0
2015-07-25-03-15-00,0,0,0
2015-07-25-03-30-00,0,0,0
2015-07-25-03-45-00,0,0,0
2015-07-25-04-00-00,0,0,0
2015-07-25-04-15-00,0,0,0
2015-07-25-04-30-00,0,0,0
2015-07-25-04-45-00,1,0,1
2015-07-25-05-00-00,1,0,1
2015-07-25-05-15-00,0,0,0
2015-07-25-05-30-00,1,0,1
2015-07-25-05-45-00,0,0,0
2015-07-25-06-00-00,1,0,1
2015-07-25-06-15-00,1,1,0
2015-07-25-06-30-00,1,1,0
2015-07-25-06-45-00,3,3,0
2015-07-25-07-00-00,2,2,0
2015-07-25-07-15-00,4,2,2
2015-07-25-07-30-00,4,3,1
2015-07-25-07-45-00,5,2,3
2015-07-25-08-00-00,3,2,1
2015-07-25-08-15-00,3,1,2
2015-07-25-08-30-00,4,2,2
2015-07-25-08-45-00,9,7,2
2015-07-25-09-00-00,8,4,4
2015-07-25-09-15-00,7,3,4
2015-07-25-09-30-00,4,2,2
2015-07-25-09-45-00,10,7,3
2015-07-25-10-00-00,6,5,1
2015-07-25-10-15-00,3,2,1
2015-07-25-10-30-00,3,0,3
2015-07-25-10-45-00,1,0,1
2015-07-25-11-00-00,4,1,3
2015-07-25-11-15-00,11,6,5
2015-07-25-11-30-00,8,3,5
2015-07-25-11-45-00,11,4,7
2015-07-25-12-00-00,2,2,0
2015-07-25-12-15-00,3,2,1
2015-07-25-12-30-00,1,0,1
2015-07-25-12-45-00,8,4,4
2015-07-25-13-00-00,4,2,2
2015-07-25-13-15-00,6,6,0
2015-07-25-13-30-00,8,1,7
2015-07-25-13-45-00,2,0,2
2015-07-25-14-00-00,8,7,1
2015-07-25-14-15-00,7,2,5
2015-07-25-14-30-00,8,5,3
2015-07-25-14-45-00,7,4,3
2015-07-25-15-00-00,11,2,9
2015-07-25-15-15-00,3,1,2
2015-07-25-15-30-00,0,0,0
2015-07-25-15-45-00,8,2,6
2015-07-25-16-00-00,2,1,1
2015-07-25-16-15-00,1,0,1
2015-07-25-16-30-00,2,0,2
2015-07-25-16-45-00,7,2,5
2015-07-25-17-00-00,5,2,3
2015-07-25-17-15-00,3,1,2
2015-07-25-17-30-00,2,2,0
2015-07-25-17-45-00,3,1,2
2015-07-25-18-00-00,7,3,4
2015-07-25-18-15-00,8,2,6
2015-07-25-18-30-00,1,0,1
2015-07-25-18-45-00,4,0,4
2015-07-25-19-00-00,6,0,6
2015-07-25-19-15-00,7,4,3
2015-07-25-19-30-00,11,3,8
2015-07-25-19-45-00,9,2,7
2015-07-25-20-00-00,9,5,4
2015-07-25-20-15-00,6,2,4
2015-07-25-20-30-00,7,2,5
2015-07-25-20-45-00,8,2,6
2015-07-25-21-00-00,7,3,4
2015-07-25-21-15-00,7,3,4
2015-07-25-21-30-00,4,4,0
2015-07-25-21-45-00,0,0,0
2015-07-25-22-00-00,5,3,2
2015-07-25-22-15-00,5,5,0
2015-07-25-22-30-00,3,3,0
2015-07-25-22-45-00,11,9,2
2015-07-25-23-00-00,1,0,1
2015-07-25-23-15-00,0,0,0
2015-07-25-23-30-00,1,1,0
2015-07-25-23-45-00,0,0,0
2015-07-26-00-00-00,2,2,0
2015-07-26-00-15-00,6,6,0
2015-07-26-00-30-00,1,1,0
2015-07-26-00-45-00,0,0,0
2015-07-26-01-00-00,0,0,0
2015-07-26-01-15-00,1,0,1
2015-07-26-01-30-00,1,1,0
2015-07-26-01-45-00,0,0,0
2015-07-26-02-00-00,0,0,0
2015-07-26-02-15-00,0,0,0
2015-07-26-02-30-00,0,0,0
2015-07-26-02-45-00,0,0,0
2015-07-26-03-00-00,0,0,0
2015-07-26-03-15-00,1,0,1
2015-07-26-03-30-00,0,0,0
2015-07-26-03-45-00,0,0,0
2015-07-26-04-00-00,0,0,0
2015-07-26-04-15-00,0,0,0
2015-07-26-04-30-00,0,0,0
2015-07-26-04-45-00,0,0,0
2015-07-26-05-00-00,0,0,0
2015-07-26-05-15-00,1,0,1
2015-07-26-05-30-00,1,0,1
2015-07-26-05-45-00,0,0,0
2015-07-26-06-00-00,0,0,0
2015-07-26-06-15-00,2,0,2
2015-07-26-06-30-00,3,1,2
2015-07-26-06-45-00,1,1,0
2015-07-26-07-00-00,2,2,0
2015-07-26-07-15-00,8,5,3
2015-07-26-07-30-00,2,0,2
2015-07-26-07-45-00,7,5,2
2015-07-26-08-00-00,8,3,5
2015-07-26-08-15-00,10,4,6
2015-07-26-08-30-00,10,3,7
2015-07-26-08-45-00,12,7,5
2015-07-26-09-00-00,22,15,7
2015-07-26-09-15-00,28,13,15
2015-07-26-09-30-00,24,11,13
2015-07-26-09-45-00,37,17,20
2015-07-26-10-00-00,42,13,29
2015-07-26-10-15-00,59,27,32
2015-07-26-10-30-00,50,25,25
2015-07-26-10-45-00,60,27,33
2015-07-26-11-00-00,91,33,58
2015-07-26-11-15-00,78,26,52
2015-07-26-11-30-00,133,57,76
2015-07-26-11-45-00,100,40,60
2015-07-26-12-00-00,115,32,83
2015-07-26-12-15-00,110,46,64
2015-07-26-12-30-00,124,62,62
2015-07-26-12-45-00,139,52,87
2015-07-26-13-00-00,135,63,72
2015-07-26-13-15-00,144,56,88
2015-07-26-13-30-00,132,61,71
2015-07-26-13-45-00,167,91,76
2015-07-26-14-00-00,125,59,66
2015-07-26-14-15-00,130,44,86
2015-07-26-14-30-00,117,49,68
2015-07-26-14-45-00,139,74,65
2015-07-26-15-00-00,163,110,53
2015-07-26-15-15-00,150,78,72
2015-07-26-15-30-00,129,62,67
2015-07-26-15-45-00,137,69,68
2015-07-26-16-00-00,136,72,64
2015-07-26-16-15-00,135,77,58
2015-07-26-16-30-00,132,75,57
2015-07-26-16-45-00,128,87,41
2015-07-26-17-00-00,140,79,61
2015-07-26-17-15-00,117,76,41
2015-07-26-17-30-00,96,67,29
2015-07-26-17-45-00,109,88,21
2015-07-26-18-00-00,71,54,17
2015-07-26-18-15-00,73,52,21
2015-07-26-18-30-00,58,32,26
2015-07-26-18-45-00,40,30,10
2015-07-26-19-00-00,17,13,4
2015-07-26-19-15-00,22,22,0
2015-07-26-19-30-00,13,12,1
2015-07-26-19-45-00,7,5,2
2015-07-26-20-00-00,8,7,1
2015-07-26-20-15-00,8,5,3
2015-07-26-20-30-00,7,4,3
2015-07-26-20-45-00,9,8,1
2015-07-26-21-00-00,8,6,2
2015-07-26-21-15-00,9,8,1
2015-07-26-21-30-00,2,1,1
2015-07-26-21-45-00,2,1,1
2015-07-26-22-00-00,3,3,0
2015-07-26-22-15-00,2,2,0
2015-07-26-22-30-00,0,0,0
2015-07-26-22-45-00,0,0,0
2015-07-26-23-00-00,1,0,1
2015-07-26-23-15-00,0,0,0
2015-07-26-23-30-00,0,0,0
2015-07-26-23-45-00,0,0,0
2015-07-27-00-00-00,1,0,1
2015-07-27-00-15-00,1,1,0
2015-07-27-00-30-00,1,1,0
2015-07-27-00-45-00,0,0,0
2015-07-27-01-00-00,2,2,0
2015-07-27-01-15-00,0,0,0
2015-07-27-01-30-00,0,0,0
2015-07-27-01-45-00,0,0,0
2015-07-27-02-00-00,1,1,0
2015-07-27-02-15-00,0,0,0
2015-07-27-02-30-00,0,0,0
2015-07-27-02-45-00,0,0,0
2015-07-27-03-00-00,0,0,0
2015-07-27-03-15-00,0,0,0
2015-07-27-03-30-00,0,0,0
2015-07-27-03-45-00,0,0,0
2015-07-27-04-00-00,0,0,0
2015-07-27-04-15-00,0,0,0
2015-07-27-04-30-00,0,0,0
2015-07-27-04-45-00,0,0,0
2015-07-27-05-00-00,0,0,0
2015-07-27-05-15-00,0,0,0
2015-07-27-05-30-00,1,0,1
2015-07-27-05-45-00,0,0,0
2015-07-27-06-00-00,1,0,1
2015-07-27-06-15-00,4,2,2
2015-07-27-06-30-00,4,0,4
2015-07-27-06-45-00,4,2,2
2015-07-27-07-00-00,13,4,9
2015-07-27-07-15-00,11,4,7
2015-07-27-07-30-00,7,3,4
2015-07-27-07-45-00,13,3,10
2015-07-27-08-00-00,8,1,7
2015-07-27-08-15-00,18,1,17
2015-07-27-08-30-00,18,3,15
2015-07-27-08-45-00,25,5,20
2015-07-27-09-00-00,13,0,13
2015-07-27-09-15-00,13,4,9
2015-07-27-09-30-00,13,6,7
2015-07-27-09-45-00,5,3,2
2015-07-27-10-00-00,9,4,5
2015-07-27-10-15-00,9,5,4
2015-07-27-10-30-00,16,9,7
2015-07-27-10-45-00,19,8,11
2015-07-27-11-00-00,5,4,1
2015-07-27-11-15-00,7,4,3
2015-07-27-11-30-00,14,6,8
2015-07-27-11-45-00,8,7,1
2015-07-27-12-00-00,12,11,1
2015-07-27-12-15-00,6,3,3
2015-07-27-12-30-00,8,3,5
2015-07-27-12-45-00,8,5,3
2015-07-27-13-00-00,13,7,6
2015-07-27-13-15-00,10,3,7
2015-07-27-13-30-00,13,6,7
2015-07-27-13-45-00,12,6,6
2015-07-27-14-00-00,9,3,6
2015-07-27-14-15-00,6,4,2
2015-07-27-14-30-00,19,5,14
2015-07-27-14-45-00,8,4,4
2015-07-27-15-00-00,9,4,5
2015-07-27-15-15-00,15,9,6
2015-07-27-15-30-00,20,11,9
2015-07-27-15-45-00,19,11,8
2015-07-27-16-00-00,24,15,9
2015-07-27-16-15-00,11,5,6
2015-07-27-16-30-00,19,12,7
2015-07-27-16-45-00,20,11,9
2015-07-27-17-00-00,14,7,7
2015-07-27-17-15-00,16,15,1
2015-07-27-17-30-00,30,20,10
2015-07-27-17-45-00,23,16,7
2015-07-27-18-00-00,27,15,12
2015-07-27-18-15-00,29,18,11
2015-07-27-18-30-00,33,19,14
2015-07-27-18-45-00,31,19,12
2015-07-27-19-00-00,22,16,6
2015-07-27-19-15-00,5,3,2
2015-07-27-19-30-00,7,3,4
2015-07-27-19-45-00,18,8,10
2015-07-27-20-00-00,11,6,5
2015-07-27-20-15-00,7,1,6
2015-07-27-20-30-00,3,3,0
2015-07-27-20-45-00,8,2,6
2015-07-27-21-00-00,7,6,1
2015-07-27-21-15-00,4,2,2
2015-07-27-21-30-00,5,2,3
2015-07-27-21-45-00,8,6,2
2015-07-27-22-00-00,5,3,2
2015-07-27-22-15-00,5,4,1
2015-07-27-22-30-00,1,1,0
2015-07-27-22-45-00,1,1,0
2015-07-27-23-00-00,1,1,0
2015-07-27-23-15-00,2,2,0
2015-07-27-23-30-00,2,2,0
2015-07-27-23-45-00,0,0,0
2015-07-28-00-00-00,1,0,1
2015-07-28-00-15-00,2,2,0
2015-07-28-00-30-00,0,0,0
2015-07-28-00-45-00,1,1,0
2015-07-28-01-00-00,0,0,0
2015-07-28-01-15-00,0,0,0
2015-07-28-01-30-00,0,0,0
2015-07-28-01-45-00,0,0,0
2015-07-28-02-00-00,1,1,0
2015-07-28-02-15-00,0,0,0
2015-07-28-02-30-00,0,0,0
2015-07-28-02-45-00,0,0,0
2015-07-28-03-00-00,0,0,0
2015-07-28-03-15-00,0,0,0
2015-07-28-03-30-00,1,1,0
2015-07-28-03-45-00,0,0,0
2015-07-28-04-00-00,0,0,0
2015-07-28-04-15-00,0,0,0
2015-07-28-04-30-00,2,0,2
2015-07-28-04-45-00,0,0,0
2015-07-28-05-00-00,0,0,0
2015-07-28-05-15-00,1,0,1
2015-07-28-05-30-00,4,3,1
2015-07-28-05-45-00,2,0,2
2015-07-28-06-00-00,2,0,2
2015-07-28-06-15-00,8,2,6
2015-07-28-06-30-00,7,0,7
2015-07-28-06-45-00,9,4,5
2015-07-28-07-00-00,24,7,17
2015-07-28-07-15-00,29,13,16
2015-07-28-07-30-00,23,7,16
2015-07-28-07-45-00,39,11,28
2015-07-28-08-00-00,36,6,30
2015-07-28-08-15-00,44,12,32
2015-07-28-08-30-00,43,10,33
2015-07-28-08-45-00,42,9,33
2015-07-28-09-00-00,22,1,21
2015-07-28-09-15-00,18,6,12
2015-07-28-09-30-00,15,8,7
2015-07-28-09-45-00,16,9,7
2015-07-28-10-00-00,11,4,7
2015-07-28-10-15-00,19,4,15
2015-07-28-10-30-00,18,5,13
2015-07-28-10-45-00,15,6,9
2015-07-28-11-00-00,20,9,11
2015-07-28-11-15-00,14,9,5
2015-07-28-11-30-00,20,14,6
2015-07-28-11-45-00,25,6,19
2015-07-28-12-00-00,25,11,14
2015-07-28-12-15-00,24,15,9
2015-07-28-12-30-00,23,13,10
2015-07-28-12-45-00,21,15,6
2015-07-28-13-00-00,24,14,10
2015-07-28-13-15-00,23,10,13
2015-07-28-13-30-00,14,9,5
2015-07-28-13-45-00,21,13,8
2015-07-28-14-00-00,19,5,14
2015-07-28-14-15-00,22,14,8
2015-07-28-14-30-00,26,14,12
2015-07-28-14-45-00,32,15,17
2015-07-28-15-00-00,15,4,11
2015-07-28-15-15-00,28,19,9
2015-07-28-15-30-00,31,21,10
2015-07-28-15-45-00,33,15,18
2015-07-28-16-00-00,23,14,9
2015-07-28-16-15-00,31,21,10
2015-07-28-16-30-00,40,27,13
2015-07-28-16-45-00,53,43,10
2015-07-28-17-00-00,43,30,13
2015-07-28-17-15-00,59,38,21
2015-07-28-17-30-00,40,21,19
2015-07-28-17-45-00,49,36,13
2015-07-28-18-00-00,42,31,11
2015-07-28-18-15-00,47,24,23
2015-07-28-18-30-00,54,41,13
2015-07-28-18-45-00,35,19,16
2015-07-28-19-00-00,44,24,20
2015-07-28-19-15-00,38,23,15
2015-07-28-19-30-00,28,17,11
2015-07-28-19-45-00,27,13,14
2015-07-28-20-00-00,16,7,9
2015-07-28-20-15-00,16,15,1
2015-07-28-20-30-00,29,15,14
2015-07-28-20-45-00,7,5,2
2015-07-28-21-00-00,9,3,6
2015-07-28-21-15-00,14,8,6
2015-07-28-21-30-00,24,16,8
2015-07-28-21-45-00,11,7,4
2015-07-28-22-00-00,3,1,2
2015-07-28-22-15-00,13,10,3
2015-07-28-22-30-00,16,14,2
2015-07-28-22-45-00,2,0,2
2015-07-28-23-00-00,5,3,2
2015-07-28-23-15-00,2,1,1
2015-07-28-23-30-00,3,1,2
2015-07-28-23-45-00,1,0,1
2015-07-29-00-00-00,2,1,1
2015-07-29-00-15-00,1,1,0
2015-07-29-00-30-00,0,0,0
2015-07-29-00-45-00,0,0,0
2015-07-29-01-00-00,0,0,0
2015-07-29-01-15-00,0,0,0
2015-07-29-01-30-00,0,0,0
2015-07-29-01-45-00,2,1,1
2015-07-29-02-00-00,0,0,0
2015-07-29-02-15-00,0,0,0
2015-07-29-02-30-00,0,0,0
2015-07-29-02-45-00,0,0,0
2015-07-29-03-00-00,0,0,0
2015-07-29-03-15-00,0,0,0
2015-07-29-03-30-00,0,0,0
2015-07-29-03-45-00,0,0,0
2015-07-29-04-00-00,1,1,0
2015-07-29-04-15-00,0,0,0
2015-07-29-04-30-00,1,0,1
2015-07-29-04-45-00,0,0,0
2015-07-29-05-00-00,0,0,0
2015-07-29-05-15-00,3,2,1
2015-07-29-05-30-00,2,1,1
2015-07-29-05-45-00,6,2,4
2015-07-29-06-00-00,3,1,2
2015-07-29-06-15-00,2,0,2
2015-07-29-06-30-00,22,5,17
2015-07-29-06-45-00,12,4,8
2015-07-29-07-00-00,19,8,11
2015-07-29-07-15-00,34,7,27
2015-07-29-07-30-00,32,6,26
2015-07-29-07-45-00,30,7,23
2015-07-29-08-00-00,40,8,32
2015-07-29-08-15-00,39,14,25
2015-07-29-08-30-00,55,8,47
2015-07-29-08-45-00,42,7,35
2015-07-29-09-00-00,26,3,23
2015-07-29-09-15-00,18,9,9
2015-07-29-09-30-00,25,8,17
2015-07-29-09-45-00,9,4,5
2015-07-29-10-00-00,11,8,3
2015-07-29-10-15-00,14,7,7
2015-07-29-10-30-00,8,5,3
2015-07-29-10-45-00,14,5,9
2015-07-29-11-00-00,21,16,5
2015-07-29-11-15-00,11,7,4
2015-07-29-11-30-00,25,10,15
2015-07-29-11-45-00,22,6,16
2015-07-29-12-00-00,31,8,23
2015-07-29-12-15-00,23,7,16
2015-07-29-12-30-00,23,12,11
2015-07-29-12-45-00,18,6,12
2015-07-29-13-00-00,19,14,5
2015-07-29-13-15-00,24,15,9
2015-07-29-13-30-00,21,11,10
2015-07-29-13-45-00,20,13,7
2015-07-29-14-00-00,14,7,7
2015-07-29-14-15-00,37,11,26
2015-07-29-14-30-00,21,13,8
2015-07-29-14-45-00,27,18,9
2015-07-29-15-00-00,37,19,18
2015-07-29-15-15-00,31,17,14
2015-07-29-15-30-00,38,20,18
2015-07-29-15-45-00,34,26,8
2015-07-29-16-00-00,40,24,16
2015-07-29-16-15-00,32,21,11
2015-07-29-16-30-00,31,21,10
2015-07-29-16-45-00,52,31,21
2015-07-29-17-00-00,46,37,9
2015-07-29-17-15-00,37,24,13
2015-07-29-17-30-00,68,53,15
2015-07-29-17-45-00,53,41,12
2015-07-29-18-00-00,50,29,21
2015-07-29-18-15-00,42,34,8
2015-07-29-18-30-00,40,20,20
2015-07-29-18-45-00,33,12,21
2015-07-29-19-00-00,40,24,16
2015-07-29-19-15-00,37,23,14
2015-07-29-19-30-00,27,18,9
2015-07-29-19-45-00,33,16,17
2015-07-29-20-00-00,42,16,26
2015-07-29-20-15-00,28,16,12
2015-07-29-20-30-00,38,19,19
2015-07-29-20-45-00,19,10,9
2015-07-29-21-00-00,24,11,13
2015-07-29-21-15-00,16,14,2
2015-07-29-21-30-00,22,14,8
2015-07-29-21-45-00,4,3,1
2015-07-29-22-00-00,3,2,1
2015-07-29-22-15-00,3,2,1
2015-07-29-22-30-00,2,2,0
2015-07-29-22-45-00,3,3,0
2015-07-29-23-00-00,3,3,0
2015-07-29-23-15-00,4,3,1
2015-07-29-23-30-00,3,3,0
2015-07-29-23-45-00,2,2,0
2015-07-30-00-00-00,1,1,0
2015-07-30-00-15-00,1,0,1
2015-07-30-00-30-00,1,0,1
2015-07-30-00-45-00,0,0,0
2015-07-30-01-00-00,0,0,0
2015-07-30-01-15-00,0,0,0
2015-07-30-01-30-00,0,0,0
2015-07-30-01-45-00,1,1,0
2015-07-30-02-00-00,0,0,0
2015-07-30-02-15-00,0,0,0
2015-07-30-02-30-00,0,0,0
2015-07-30-02-45-00,0,0,0
2015-07-30-03-00-00,0,0,0
2015-07-30-03-15-00,0,0,0
2015-07-30-03-30-00,1,1,0
2015-07-30-03-45-00,1,0,1
2015-07-30-04-00-00,1,0,1
2015-07-30-04-15-00,0,0,0
2015-07-30-04-30-00,1,0,1
2015-07-30-04-45-00,1,1,0
2015-07-30-05-00-00,0,0,0
2015-07-30-05-15-00,1,0,1
2015-07-30-05-30-00,2,1,1
2015-07-30-05-45-00,3,0,3
2015-07-30-06-00-00,4,1,3
2015-07-30-06-15-00,11,6,5
2015-07-30-06-30-00,11,1,10
2015-07-30-06-45-00,9,3,6
2015-07-30-07-00-00,15,3,12
2015-07-30-07-15-00,21,12,9
2015-07-30-07-30-00,30,9,21
2015-07-30-07-45-00,34,7,27
2015-07-30-08-00-00,24,6,18
2015-07-30-08-15-00,32,2,30
2015-07-30-08-30-00,34,6,28
2015-07-30-08-45-00,45,4,41
2015-07-30-09-00-00,17,3,14
2015-07-30-09-15-00,15,2,13
2015-07-30-09-30-00,13,8,5
2015-07-30-09-45-00,12,9,3
2015-07-30-10-00-00,16,6,10
2015-07-30-10-15-00,5,2,3
2015-07-30-10-30-00,18,11,7
2015-07-30-10-45-00,20,6,14
2015-07-30-11-00-00,21,8,13
2015-07-30-11-15-00,11,6,5
2015-07-30-11-30-00,9,5,4
2015-07-30-11-45-00,21,11,10
2015-07-30-12-00-00,8,5,3
2015-07-30-12-15-00,14,7,7
2015-07-30-12-30-00,23,12,11
2015-07-30-12-45-00,20,15,5
2015-07-30-13-00-00,21,9,12
2015-07-30-13-15-00,20,10,10
2015-07-30-13-30-00,20,11,9
2015-07-30-13-45-00,25,11,14
2015-07-30-14-00-00,26,17,9
2015-07-30-14-15-00,17,4,13
2015-07-30-14-30-00,20,12,8
2015-07-30-14-45-00,12,9,3
2015-07-30-15-00-00,8,6,2
2015-07-30-15-15-00,9,7,2
2015-07-30-15-30-00,14,2,12
2015-07-30-15-45-00,20,14,6
2015-07-30-16-00-00,30,25,5
2015-07-30-16-15-00,36,26,10
2015-07-30-16-30-00,24,19,5
2015-07-30-16-45-00,35,22,13
2015-07-30-17-00-00,37,27,10
2015-07-30-17-15-00,50,42,8
2015-07-30-17-30-00,38,27,11
2015-07-30-17-45-00,31,23,8
2015-07-30-18-00-00,30,25,5
2015-07-30-18-15-00,37,24,13
2015-07-30-18-30-00,28,19,9
2015-07-30-18-45-00,30,17,13
2015-07-30-19-00-00,24,6,18
2015-07-30-19-15-00,16,11,5
2015-07-30-19-30-00,33,23,10
2015-07-30-19-45-00,13,7,6
2015-07-30-20-00-00,13,9,4
2015-07-30-20-15-00,20,11,9
2015-07-30-20-30-00,11,6,5
2015-07-30-20-45-00,14,8,6
2015-07-30-21-00-00,9,2,7
2015-07-30-21-15-00,5,2,3
2015-07-30-21-30-00,8,4,4
2015-07-30-21-45-00,10,3,7
2015-07-30-22-00-00,5,5,0
2015-07-30-22-15-00,3,0,3
2015-07-30-22-30-00,7,4,3
2015-07-30-22-45-00,4,4,0
2015-07-30-23-00-00,4,2,2
2015-07-30-23-15-00,1,1,0
2015-07-30-23-30-00,0,0,0
2015-07-30-23-45-00,0,0,0
2015-07-31-00-00-00,3,1,2
2015-07-31-00-15-00,1,1,0
2015-07-31-00-30-00,0,0,0
2015-07-31-00-45-00,1,1,0
2015-07-31-01-00-00,1,0,1
2015-07-31-01-15-00,1,1,0
2015-07-31-01-30-00,1,0,1
2015-07-31-01-45-00,0,0,0
2015-07-31-02-00-00,0,0,0
2015-07-31-02-15-00,0,0,0
2015-07-31-02-30-00,0,0,0
2015-07-31-02-45-00,0,0,0
2015-07-31-03-00-00,0,0,0
2015-07-31-03-15-00,0,0,0
2015-07-31-03-30-00,0,0,0
2015-07-31-03-45-00,0,0,0
2015-07-31-04-00-00,0,0,0
2015-07-31-04-15-00,0,0,0
2015-07-31-04-30-00,1,0,1
2015-07-31-04-45-00,0,0,0
2015-07-31-05-00-00,1,1,0
2015-07-31-05-15-00,1,1,0
2015-07-31-05-30-00,2,1,1
2015-07-31-05-45-00,2,0,2
2015-07-31-06-00-00,1,0,1
2015-07-31-06-15-00,6,2,4
2015-07-31-06-30-00,11,2,9
2015-07-31-06-45-00,24,5,19
2015-07-31-07-00-00,24,9,15
2015-07-31-07-15-00,15,6,9
2015-07-31-07-30-00,25,11,14
2015-07-31-07-45-00,32,8,24
2015-07-31-08-00-00,37,8,29
2015-07-31-08-15-00,29,6,23
2015-07-31-08-30-00,39,10,29
2015-07-31-08-45-00,44,7,37
2015-07-31-09-00-00,20,4,16
2015-07-31-09-15-00,23,9,14
2015-07-31-09-30-00,12,4,8
2015-07-31-09-45-00,21,6,15
2015-07-31-10-00-00,30,16,14
2015-07-31-10-15-00,33,7,26
2015-07-31-10-30-00,18,7,11
2015-07-31-10-45-00,17,10,7
2015-07-31-11-00-00,35,20,15
2015-07-31-11-15-00,30,13,17
2015-07-31-11-30-00,31,14,17
2015-07-31-11-45-00,31,12,19
2015-07-31-12-00-00,29,11,18
2015-07-31-12-15-00,54,22,32
2015-07-31-12-30-00,44,18,26
2015-07-31-12-45-00,35,18,17
2015-07-31-13-00-00,49,35,14
2015-07-31-13-15-00,43,15,28
2015-07-31-13-30-00,53,31,22
2015-07-31-13-45-00,59,26,33
2015-07-31-14-00-00,66,40,26
2015-07-31-14-15-00,56,39,17
2015-07-31-14-30-00,55,34,21
2015-07-31-14-45-00,77,46,31
2015-07-31-15-00-00,72,39,33
2015-07-31-15-15-00,67,33,34
2015-07-31-15-30-00,74,44,30
2015-07-31-15-45-00,76,46,30
2015-07-31-16-00-00,81,43,38
2015-07-31-16-15-00,96,56,40
2015-07-31-16-30-00,82,60,22
2015-07-31-16-45-00,94,52,42
2015-07-31-17-00-00,76,37,39
2015-07-31-17-15-00,88,57,31
2015-07-31-17-30-00,101,59,42
2015-07-31-17-45-00,87,57,30
2015-07-31-18-00-00,59,41,18
2015-07-31-18-15-00,70,44,26
2015-07-31-18-30-00,77,48,29
2015-07-31-18-45-00,46,18,28
2015-07-31-19-00-00,62,31,31
2015-07-31-19-15-00,65,29,36
2015-07-31-19-30-00,49,24,25
2015-07-31-19-45-00,78,40,38
2015-07-31-20-00-00,57,30,27
2015-07-31-20-15-00,53,27,26
2015-07-31-20-30-00,56,38,18
2015-07-31-20-45-00,34,15,19
2015-07-31-21-00-00,23,13,10
2015-07-31-21-15-00,27,23,4
2015-07-31-21-30-00,21,16,5
2015-07-31-21-45-00,18,15,3
2015-07-31-22-00-00,22,17,5
2015-07-31-22-15-00,5,4,1
2015-07-31-22-30-00,3,2,1
2015-07-31-22-45-00,5,3,2
2015-07-31-23-00-00,3,1,2
2015-07-31-23-15-00,6,3,3
2015-07-31-23-30-00,4,0,4
2015-07-31-23-45-00,2,2,0
2015-08-01-00-00-00,2,1,1
2015-08-01-00-15-00,4,3,1
2015-08-01-00-30-00,2,1,1
2015-08-01-00-45-00,2,2,0
2015-08-01-01-00-00,0,0,0
2015-08-01-01-15-00,2,1,1
2015-08-01-01-30-00,1,1,0
2015-08-01-01-45-00,2,1,1
2015-08-01-02-00-00,0,0,0
2015-08-01-02-15-00,2,1,1
2015-08-01-02-30-00,0,0,0
2015-08-01-02-45-00,1,0,1
2015-08-01-03-00-00,0,0,0
2015-08-01-03-15-00,0,0,0
2015-08-01-03-30-00,0,0,0
2015-08-01-03-45-00,0,0,0
2015-08-01-04-00-00,0,0,0
2015-08-01-04-15-00,0,0,0
2015-08-01-04-30-00,0,0,0
2015-08-01-04-45-00,0,0,0
2015-08-01-05-00-00,0,0,0
2015-08-01-05-15-00,0,0,0
2015-08-01-05-30-00,1,0,1
2015-08-01-05-45-00,0,0,0
2015-08-01-06-00-00,0,0,0
2015-08-01-06-15-00,2,1,1
2015-08-01-06-30-00,2,2,0
2015-08-01-06-45-00,2,2,0
2015-08-01-07-00-00,1,1,0
2015-08-01-07-15-00,6,6,0
2015-08-01-07-30-00,9,7,2
2015-08-01-07-45-00,8,4,4
2015-08-01-08-00-00,5,3,2
2015-08-01-08-15-00,10,4,6
2015-08-01-08-30-00,11,5,6
2015-08-01-08-45-00,16,8,8
2015-08-01-09-00-00,7,3,4
2015-08-01-09-15-00,9,7,2
2015-08-01-09-30-00,21,10,11
2015-08-01-09-45-00,28,17,11
2015-08-01-10-00-00,34,11,23
2015-08-01-10-15-00,36,11,25
2015-08-01-10-30-00,34,15,19
2015-08-01-10-45-00,56,20,36
2015-08-01-11-00-00,40,23,17
2015-08-01-11-15-00,77,33,44
2015-08-01-11-30-00,70,26,44
2015-08-01-11-45-00,54,25,29
2015-08-01-12-00-00,64,23,41
2015-08-01-12-15-00,90,36,54
2015-08-01-12-30-00,87,35,52
2015-08-01-12-45-00,73,24,49
2015-08-01-13-00-00,77,31,46
2015-08-01-13-15-00,83,35,48
2015-08-01-13-30-00,76,32,44
2015-08-01-13-45-00,77,43,34
2015-08-01-14-00-00,97,45,52
2015-08-01-14-15-00,121,53,68
2015-08-01-14-30-00,101,49,52
2015-08-01-14-45-00,116,61,55
2015-08-01-15-00-00,76,38,38
2015-08-01-15-15-00,92,48,44
2015-08-01-15-30-00,121,71,50
2015-08-01-15-45-00,122,70,52
2015-08-01-16-00-00,128,73,55
2015-08-01-16-15-00,100,48,52
2015-08-01-16-30-00,107,45,62
2015-08-01-16-45-00,142,85,57
2015-08-01-17-00-00,102,60,42
2015-08-01-17-15-00,99,52,47
2015-08-01-17-30-00,121,75,46
2015-08-01-17-45-00,109,71,38
2015-08-01-18-00-00,107,58,49
2015-08-01-18-15-00,81,39,42
2015-08-01-18-30-00,71,31,40
2015-08-01-18-45-00,78,38,40
2015-08-01-19-00-00,69,42,27
2015-08-01-19-15-00,71,30,41
2015-08-01-19-30-00,55,23,32
2015-08-01-19-45-00,50,23,27
2015-08-01-20-00-00,42,18,24
2015-08-01-20-15-00,48,18,30
2015-08-01-20-30-00,56,41,15
2015-08-01-20-45-00,33,25,8
2015-08-01-21-00-00,35,19,16
2015-08-01-21-15-00,24,16,8
2015-08-01-21-30-00,39,30,9
2015-08-01-21-45-00,30,27,3
2015-08-01-22-00-00,18,13,5
2015-08-01-22-15-00,8,7,1
2015-08-01-22-30-00,25,19,6
2015-08-01-22-45-00,19,19,0
2015-08-01-23-00-00,20,16,4
2015-08-01-23-15-00,3,1,2
2015-08-01-23-30-00,10,6,4
2015-08-01-23-45-00,3,2,1
2015-08-02-00-00-00,9,8,1
2015-08-02-00-15-00,5,4,1
2015-08-02-00-30-00,5,4,1
2015-08-02-00-45-00,12,9,3
2015-08-02-01-00-00,8,8,0
2015-08-02-01-15-00,4,3,1
2015-08-02-01-30-00,4,2,2
2015-08-02-01-45-00,3,2,1
2015-08-02-02-00-00,3,0,3
2015-08-02-02-15-00,3,3,0
2015-08-02-02-30-00,1,0,1
2015-08-02-02-45-00,1,0,1
2015-08-02-03-00-00,0,0,0
2015-08-02-03-15-00,1,1,0
2015-08-02-03-30-00,1,0,1
2015-08-02-03-45-00,0,0,0
2015-08-02-04-00-00,0,0,0
2015-08-02-04-15-00,1,1,0
2015-08-02-04-30-00,1,1,0
2015-08-02-04-45-00,2,2,0
2015-08-02-05-00-00,0,0,0
2015-08-02-05-15-00,0,0,0
2015-08-02-05-30-00,1,1,0
2015-08-02-05-45-00,2,1,1
2015-08-02-06-00-00,1,0,1
2015-08-02-06-15-00,3,3,0
2015-08-02-06-30-00,4,3,1
2015-08-02-06-45-00,1,0,1
2015-08-02-07-00-00,2,2,0
2015-08-02-07-15-00,4,1,3
2015-08-02-07-30-00,9,5,4
2015-08-02-07-45-00,10,4,6
2015-08-02-08-00-00,11,2,9
2015-08-02-08-15-00,8,1,7
2015-08-02-08-30-00,22,11,11
2015-08-02-08-45-00,16,9,7
2015-08-02-09-00-00,32,11,21
2015-08-02-09-15-00,30,9,21
2015-08-02-09-30-00,29,12,17
2015-08-02-09-45-00,43,24,19
2015-08-02-10-00-00,56,31,25
2015-08-02-10-15-00,69,25,44
2015-08-02-10-30-00,80,33,47
2015-08-02-10-45-00,103,45,58
2015-08-02-11-00-00,93,32,61
2015-08-02-11-15-00,113,33,80
2015-08-02-11-30-00,144,52,92
2015-08-02-11-45-00,124,53,71
2015-08-02-12-00-00,122,48,74
2015-08-02-12-15-00,130,71,59
2015-08-02-12-30-00,122,59,63
2015-08-02-12-45-00,153,61,92
2015-08-02-13-00-00,150,53,97
2015-08-02-13-15-00,141,69,72
2015-08-02-13-30-00,175,82,93
2015-08-02-13-45-00,189,90,99
2015-08-02-14-00-00,174,79,95
2015-08-02-14-15-00,191,106,85
2015-08-02-14-30-00,195,85,110
2015-08-02-14-45-00,149,74,75
2015-08-02-15-00-00,166,83,83
2015-08-02-15-15-00,174,84,90
2015-08-02-15-30-00,205,112,93
2015-08-02-15-45-00,151,90,61
2015-08-02-16-00-00,178,103,75
2015-08-02-16-15-00,135,83,52
2015-08-02-16-30-00,126,75,51
2015-08-02-16-45-00,144,92,52
2015-08-02-17-00-00,164,115,49
2015-08-02-17-15-00,150,97,53
2015-08-02-17-30-00,137,74,63
2015-08-02-17-45-00,143,95,48
2015-08-02-18-00-00,107,75,32
2015-08-02-18-15-00,117,78,39
2015-08-02-18-30-00,98,61,37
2015-08-02-18-45-00,112,71,41
2015-08-02-19-00-00,80,56,24
2015-08-02-19-15-00,80,47,33
2015-08-02-19-30-00,73,52,21
2015-08-02-19-45-00,74,42,32
2015-08-02-20-00-00,72,48,24
2015-08-02-20-15-00,56,33,23
2015-08-02-20-30-00,61,41,20
2015-08-02-20-45-00,51,28,23
2015-08-02-21-00-00,50,41,9
2015-08-02-21-15-00,38,21,17
2015-08-02-21-30-00,30,18,12
2015-08-02-21-45-00,32,19,13
2015-08-02-22-00-00,15,7,8
2015-08-02-22-15-00,13,9,4
2015-08-02-22-30-00,5,4,1
2015-08-02-22-45-00,6,4,2
2015-08-02-23-00-00,5,3,2
2015-08-02-23-15-00,5,0,5
2015-08-02-23-30-00,3,3,0
2015-08-02-23-45-00,3,3,0
2015-08-03-00-00-00,3,2,1
2015-08-03-00-15-00,0,0,0
2015-08-03-00-30-00,2,2,0
2015-08-03-00-45-00,0,0,0
2015-08-03-01-00-00,0,0,0
2015-08-03-01-15-00,0,0,0
2015-08-03-01-30-00,0,0,0
2015-08-03-01-45-00,0,0,0
2015-08-03-02-00-00,1,1,0
2015-08-03-02-15-00,0,0,0
2015-08-03-02-30-00,0,0,0
2015-08-03-02-45-00,0,0,0
2015-08-03-03-00-00,0,0,0
2015-08-03-03-15-00,0,0,0
2015-08-03-03-30-00,0,0,0
2015-08-03-03-45-00,1,1,0
2015-08-03-04-00-00,0,0,0
2015-08-03-04-15-00,0,0,0
2015-08-03-04-30-00,2,0,2
2015-08-03-04-45-00,0,0,0
2015-08-03-05-00-00,0,0,0
2015-08-03-05-15-00,2,1,1
2015-08-03-05-30-00,4,3,1
2015-08-03-05-45-00,3,0,3
2015-08-03-06-00-00,4,2,2
2015-08-03-06-15-00,19,9,10
2015-08-03-06-30-00,10,5,5
2015-08-03-06-45-00,18,5,13
2015-08-03-07-00-00,25,10,15
2015-08-03-07-15-00,21,11,10
2015-08-03-07-30-00,43,13,30
2015-08-03-07-45-00,41,5,36
2015-08-03-08-00-00,43,7,36
2015-08-03-08-15-00,51,15,36
2015-08-03-08-30-00,76,14,62
2015-08-03-08-45-00,66,14,52
2015-08-03-09-00-00,40,8,32
2015-08-03-09-15-00,37,12,25
2015-08-03-09-30-00,37,21,16
2015-08-03-09-45-00,31,14,17
2015-08-03-10-00-00,40,24,16
2015-08-03-10-15-00,37,12,25
2015-08-03-10-30-00,43,26,17
2015-08-03-10-45-00,43,23,20
2015-08-03-11-00-00,42,28,14
2015-08-03-11-15-00,49,22,27
2015-08-03-11-30-00,30,13,17
2015-08-03-11-45-00,27,8,19
2015-08-03-12-00-00,29,14,15
2015-08-03-12-15-00,47,25,22
2015-08-03-12-30-00,51,25,26
2015-08-03-12-45-00,48,15,33
2015-08-03-13-00-00,30,20,10
2015-08-03-13-15-00,44,20,24
2015-08-03-13-30-00,50,25,25
2015-08-03-13-45-00,46,28,18
2015-08-03-14-00-00,54,18,36
2015-08-03-14-15-00,28,19,9
2015-08-03-14-30-00,32,18,14
2015-08-03-14-45-00,46,30,16
2015-08-03-15-00-00,43,20,23
2015-08-03-15-15-00,60,40,20
2015-08-03-15-30-00,47,31,16
2015-08-03-15-45-00,69,41,28
2015-08-03-16-00-00,62,37,25
2015-08-03-16-15-00,86,46,40
2015-08-03-16-30-00,54,35,19
2015-08-03-16-45-00,80,49,31
2015-08-03-17-00-00,66,44,22
2015-08-03-17-15-00,115,84,31
2015-08-03-17-30-00,88,64,24
2015-08-03-17-45-00,86,51,35
2015-08-03-18-00-00,65,34,31
2015-08-03-18-15-00,96,60,36
2015-08-03-18-30-00,78,43,35
2015-08-03-18-45-00,91,49,42
2015-08-03-19-00-00,69,37,32
2015-08-03-19-15-00,75,36,39
2015-08-03-19-30-00,99,46,53
2015-08-03-19-45-00,108,63,45
2015-08-03-20-00-00,99,48,51
2015-08-03-20-15-00,79,41,38
2015-08-03-20-30-00,82,54,28
2015-08-03-20-45-00,74,51,23
2015-08-03-21-00-00,54,37,17
2015-08-03-21-15-00,59,41,18
2015-08-03-21-30-00,46,27,19
2015-08-03-21-45-00,30,16,14
2015-08-03-22-00-00,19,11,8
2015-08-03-22-15-00,32,26,6
2015-08-03-22-30-00,30,28,2
2015-08-03-22-45-00,11,9,2
2015-08-03-23-00-00,10,9,1
2015-08-03-23-15-00,6,6,0
2015-08-03-23-30-00,12,12,0
2015-08-03-23-45-00,4,2,2
2015-08-04-00-00-00,4,2,2
2015-08-04-00-15-00,4,4,0
2015-08-04-00-30-00,4,4,0
2015-08-04-00-45-00,0,0,0
2015-08-04-01-00-00,0,0,0
2015-08-04-01-15-00,1,0,1
2015-08-04-01-30-00,0,0,0
2015-08-04-01-45-00,0,0,0
2015-08-04-02-00-00,0,0,0
2015-08-04-02-15-00,0,0,0
2015-08-04-02-30-00,1,0,1
2015-08-04-02-45-00,2,0,2
2015-08-04-03-00-00,0,0,0
2015-08-04-03-15-00,3,2,1
2015-08-04-03-30-00,0,0,0
2015-08-04-03-45-00,0,0,0
2015-08-04-04-00-00,0,0,0
2015-08-04-04-15-00,0,0,0
2015-08-04-04-30-00,0,0,0
2015-08-04-04-45-00,0,0,0
2015-08-04-05-00-00,0,0,0
2015-08-04-05-15-00,3,1,2
2015-08-04-05-30-00,3,0,3
2015-08-04-05-45-00,6,1,5
2015-08-04-06-00-00,2,0,2
2015-08-04-06-15-00,10,5,5
2015-08-04-06-30-00,10,5,5
2015-08-04-06-45-00,16,4,12
2015-08-04-07-00-00,20,9,11
2015-08-04-07-15-00,20,7,13
2015-08-04-07-30-00,24,10,14
2015-08-04-07-45-00,46,11,35
2015-08-04-08-00-00,37,5,32
2015-08-04-08-15-00,37,10,27
2015-08-04-08-30-00,44,13,31
2015-08-04-08-45-00,24,4,20
2015-08-04-09-00-00,24,4,20
2015-08-04-09-15-00,26,11,15
2015-08-04-09-30-00,14,10,4
2015-08-04-09-45-00,19,8,11
2015-08-04-10-00-00,14,6,8
2015-08-04-10-15-00,7,5,2
2015-08-04-10-30-00,17,6,11
2015-08-04-10-45-00,10,4,6
2015-08-04-11-00-00,5,3,2
2015-08-04-11-15-00,6,2,4
2015-08-04-11-30-00,9,5,4
2015-08-04-11-45-00,3,0,3
2015-08-04-12-00-00,0,0,0
2015-08-04-12-15-00,5,3,2
2015-08-04-12-30-00,1,1,0
2015-08-04-12-45-00,1,0,1
2015-08-04-13-00-00,5,5,0
2015-08-04-13-15-00,7,4,3
2015-08-04-13-30-00,2,1,1
2015-08-04-13-45-00,3,2,1
2015-08-04-14-00-00,13,10,3
2015-08-04-14-15-00,4,1,3
2015-08-04-14-30-00,14,9,5
2015-08-04-14-45-00,7,5,2
2015-08-04-15-00-00,7,2,5
2015-08-04-15-15-00,3,3,0
2015-08-04-15-30-00,4,2,2
2015-08-04-15-45-00,9,7,2
2015-08-04-16-00-00,20,19,1
2015-08-04-16-15-00,14,11,3
2015-08-04-16-30-00,17,11,6
2015-08-04-16-45-00,22,13,9
2015-08-04-17-00-00,22,17,5
2015-08-04-17-15-00,30,21,9
2015-08-04-17-30-00,37,31,6
2015-08-04-17-45-00,32,27,5
2015-08-04-18-00-00,26,17,9
2015-08-04-18-15-00,39,30,9
2015-08-04-18-30-00,38,26,12
2015-08-04-18-45-00,27,15,12
2015-08-04-19-00-00,37,21,16
2015-08-04-19-15-00,37,17,20
2015-08-04-19-30-00,37,19,18
2015-08-04-19-45-00,19,14,5
2015-08-04-20-00-00,34,19,15
2015-08-04-20-15-00,28,14,14
2015-08-04-20-30-00,26,7,19
2015-08-04-20-45-00,32,12,20
2015-08-04-21-00-00,19,12,7
2015-08-04-21-15-00,17,8,9
2015-08-04-21-30-00,5,4,1
2015-08-04-21-45-00,11,9,2
2015-08-04-22-00-00,3,1,2
2015-08-04-22-15-00,1,0,1
2015-08-04-22-30-00,1,0,1
2015-08-04-22-45-00,4,3,1
2015-08-04-23-00-00,1,0,1
2015-08-04-23-15-00,1,0,1
2015-08-04-23-30-00,1,0,1
2015-08-04-23-45-00,5,1,4
2015-08-05-00-00-00,3,0,3
2015-08-05-00-15-00,1,0,1
2015-08-05-00-30-00,1,0,1
2015-08-05-00-45-00,0,0,0
2015-08-05-01-00-00,0,0,0
2015-08-05-01-15-00,1,0,1
2015-08-05-01-30-00,0,0,0
2015-08-05-01-45-00,1,1,0
2015-08-05-02-00-00,0,0,0
2015-08-05-02-15-00,0,0,0
2015-08-05-02-30-00,1,1,0
2015-08-05-02-45-00,0,0,0
2015-08-05-03-00-00,0,0,0
2015-08-05-03-15-00,0,0,0
2015-08-05-03-30-00,1,1,0
2015-08-05-03-45-00,0,0,0
2015-08-05-04-00-00,0,0,0
2015-08-05-04-15-00,0,0,0
2015-08-05-04-30-00,1,0,1
2015-08-05-04-45-00,0,0,0
2015-08-05-05-00-00,2,0,2
2015-08-05-05-15-00,2,1,1
2015-08-05-05-30-00,1,0,1
2015-08-05-05-45-00,9,1,8
2015-08-05-06-00-00,2,1,1
2015-08-05-06-15-00,6,4,2
2015-08-05-06-30-00,14,4,10
2015-08-05-06-45-00,13,4,9
2015-08-05-07-00-00,30,16,14
2015-08-05-07-15-00,39,14,25
2015-08-05-07-30-00,36,12,24
2015-08-05-07-45-00,41,9,32
2015-08-05-08-00-00,49,14,35
2015-08-05-08-15-00,60,12,48
2015-08-05-08-30-00,58,8,50
2015-08-05-08-45-00,48,14,34
2015-08-05-09-00-00,27,6,21
2015-08-05-09-15-00,29,7,22
2015-08-05-09-30-00,33,17,16
2015-08-05-09-45-00,25,14,11
2015-08-05-10-00-00,24,9,15
2015-08-05-10-15-00,37,18,19
2015-08-05-10-30-00,38,12,26
2015-08-05-10-45-00,46,16,30
2015-08-05-11-00-00,50,21,29
2015-08-05-11-15-00,63,21,42
2015-08-05-11-30-00,74,31,43
2015-08-05-11-45-00,58,29,29
2015-08-05-12-00-00,44,15,29
2015-08-05-12-15-00,42,17,25
2015-08-05-12-30-00,60,24,36
2015-08-05-12-45-00,64,35,29
2015-08-05-13-00-00,55,25,30
2015-08-05-13-15-00,60,21,39
2015-08-05-13-30-00,52,26,26
2015-08-05-13-45-00,79,40,39
2015-08-05-14-00-00,58,21,37
2015-08-05-14-15-00,74,43,31
2015-08-05-14-30-00,73,36,37
2015-08-05-14-45-00,50,31,19
2015-08-05-15-00-00,72,32,40
2015-08-05-15-15-00,63,40,23
2015-08-05-15-30-00,81,50,31
2015-08-05-15-45-00,83,46,37
2015-08-05-16-00-00,104,60,44
2015-08-05-16-15-00,91,59,32
2015-08-05-16-30-00,83,52,31
2015-08-05-16-45-00,85,56,29
2015-08-05-17-00-00,104,74,30
2015-08-05-17-15-00,116,79,37
2015-08-05-17-30-00,114,72,42
2015-08-05-17-45-00,112,73,39
2015-08-05-18-00-00,104,73,31
2015-08-05-18-15-00,92,57,35
2015-08-05-18-30-00,99,55,44
2015-08-05-18-45-00,125,57,68
2015-08-05-19-00-00,92,49,43
2015-08-05-19-15-00,83,46,37
2015-08-05-19-30-00,96,61,35
2015-08-05-19-45-00,91,46,45
2015-08-05-20-00-00,84,47,37
2015-08-05-20-15-00,60,30,30
2015-08-05-20-30-00,60,42,18
2015-08-05-20-45-00,59,31,28
2015-08-05-21-00-00,46,28,18
2015-08-05-21-15-00,44,31,13
2015-08-05-21-30-00,39,30,9
2015-08-05-21-45-00,33,23,10
2015-08-05-22-00-00,17,14,3
2015-08-05-22-15-00,20,15,5
2015-08-05-22-30-00,22,16,6
2015-08-05-22-45-00,9,5,4
2015-08-05-23-00-00,11,2,9
2015-08-05-23-15-00,4,2,2
2015-08-05-23-30-00,3,3,0
2015-08-05-23-45-00,1,1,0
2015-08-06-00-00-00,0,0,0
2015-08-06-00-15-00,4,1,3
2015-08-06-00-30-00,1,1,0
2015-08-06-00-45-00,2,0,2
2015-08-06-01-00-00,0,0,0
2015-08-06-01-15-00,1,0,1
2015-08-06-01-30-00,0,0,0
2015-08-06-01-45-00,0,0,0
2015-08-06-02-00-00,0,0,0
2015-08-06-02-15-00,0,0,0
2015-08-06-02-30-00,0,0,0
2015-08-06-02-45-00,0,0,0
2015-08-06-03-00-00,0,0,0
2015-08-06-03-15-00,0,0,0
2015-08-06-03-30-00,0,0,0
2015-08-06-03-45-00,0,0,0
2015-08-06-04-00-00,2,1,1
2015-08-06-04-15-00,0,0,0
2015-08-06-04-30-00,1,0,1
2015-08-06-04-45-00,1,0,1
2015-08-06-05-00-00,1,0,1
2015-08-06-05-15-00,2,1,1
2015-08-06-05-30-00,3,2,1
2015-08-06-05-45-00,7,2,5
2015-08-06-06-00-00,6,0,6
2015-08-06-06-15-00,15,5,10
2015-08-06-06-30-00,16,8,8
2015-08-06-06-45-00,15,3,12
2015-08-06-07-00-00,22,9,13
2015-08-06-07-15-00,30,11,19
2015-08-06-07-30-00,40,15,25
2015-08-06-07-45-00,61,15,46
2015-08-06-08-00-00,48,8,40
2015-08-06-08-15-00,54,12,42
2015-08-06-08-30-00,65,20,45
2015-08-06-08-45-00,52,15,37
2015-08-06-09-00-00,33,6,27
2015-08-06-09-15-00,34,16,18
2015-08-06-09-30-00,41,16,25
2015-08-06-09-45-00,21,5,16
2015-08-06-10-00-00,27,13,14
2015-08-06-10-15-00,46,21,25
2015-08-06-10-30-00,36,12,24
2015-08-06-10-45-00,40,29,11
2015-08-06-11-00-00,58,26,32
2015-08-06-11-15-00,37,18,19
2015-08-06-11-30-00,40,14,26
2015-08-06-11-45-00,60,29,31
2015-08-06-12-00-00,50,23,27
2015-08-06-12-15-00,34,14,20
2015-08-06-12-30-00,50,18,32
2015-08-06-12-45-00,33,17,16
2015-08-06-13-00-00,42,17,25
2015-08-06-13-15-00,53,34,19
2015-08-06-13-30-00,45,16,29
2015-08-06-13-45-00,25,9,16
2015-08-06-14-00-00,50,21,29
2015-08-06-14-15-00,50,35,15
2015-08-06-14-30-00,40,25,15
2015-08-06-14-45-00,33,22,11
2015-08-06-15-00-00,39,28,11
2015-08-06-15-15-00,49,32,17
2015-08-06-15-30-00,48,20,28
2015-08-06-15-45-00,63,44,19
2015-08-06-16-00-00,49,37,12
2015-08-06-16-15-00,56,39,17
2015-08-06-16-30-00,69,45,24
2015-08-06-16-45-00,70,56,14
2015-08-06-17-00-00,82,58,24
2015-08-06-17-15-00,77,56,21
2015-08-06-17-30-00,77,60,17
2015-08-06-17-45-00,66,46,20
2015-08-06-18-00-00,84,56,28
2015-08-06-18-15-00,85,44,41
2015-08-06-18-30-00,75,40,35
2015-08-06-18-45-00,79,38,41
2015-08-06-19-00-00,84,37,47
2015-08-06-19-15-00,81,46,35
2015-08-06-19-30-00,71,41,30
2015-08-06-19-45-00,52,32,20
2015-08-06-20-00-00,70,49,21
2015-08-06-20-15-00,80,52,28
2015-08-06-20-30-00,61,38,23
2015-08-06-20-45-00,47,26,21
2015-08-06-21-00-00,68,46,22
2015-08-06-21-15-00,34,22,12
2015-08-06-21-30-00,46,32,14
2015-08-06-21-45-00,34,22,12
2015-08-06-22-00-00,28,21,7
2015-08-06-22-15-00,21,5,16
2015-08-06-22-30-00,19,12,7
2015-08-06-22-45-00,17,11,6
2015-08-06-23-00-00,3,3,0
2015-08-06-23-15-00,6,3,3
2015-08-06-23-30-00,8,5,3
2015-08-06-23-45-00,6,1,5
2015-08-07-00-00-00,1,1,0
2015-08-07-00-15-00,6,3,3
2015-08-07-00-30-00,1,1,0
2015-08-07-00-45-00,1,0,1
2015-08-07-01-00-00,0,0,0
2015-08-07-01-15-00,2,0,2
2015-08-07-01-30-00,0,0,0
2015-08-07-01-45-00,1,0,1
2015-08-07-02-00-00,0,0,0
2015-08-07-02-15-00,0,0,0
2015-08-07-02-30-00,0,0,0
2015-08-07-02-45-00,0,0,0
2015-08-07-03-00-00,0,0,0
2015-08-07-03-15-00,0,0,0
2015-08-07-03-30-00,2,0,2
2015-08-07-03-45-00,1,0,1
2015-08-07-04-00-00,0,0,0
2015-08-07-04-15-00,1,1,0
2015-08-07-04-30-00,0,0,0
2015-08-07-04-45-00,0,0,0
2015-08-07-05-00-00,1,0,1
2015-08-07-05-15-00,1,1,0
2015-08-07-05-30-00,3,2,1
2015-08-07-05-45-00,5,1,4
2015-08-07-06-00-00,5,1,4
2015-08-07-06-15-00,11,2,9
2015-08-07-06-30-00,12,4,8
2015-08-07-06-45-00,18,7,11
2015-08-07-07-00-00,25,11,14
2015-08-07-07-15-00,28,9,19
2015-08-07-07-30-00,35,13,22
2015-08-07-07-45-00,41,11,30
2015-08-07-08-00-00,35,7,28
2015-08-07-08-15-00,54,15,39
2015-08-07-08-30-00,29,7,22
2015-08-07-08-45-00,34,5,29
2015-08-07-09-00-00,28,11,17
2015-08-07-09-15-00,23,6,17
2015-08-07-09-30-00,17,4,13
2015-08-07-09-45-00,28,12,16
2015-08-07-10-00-00,33,14,19
2015-08-07-10-15-00,22,12,10
2015-08-07-10-30-00,32,15,17
2015-08-07-10-45-00,24,12,12
2015-08-07-11-00-00,35,21,14
2015-08-07-11-15-00,27,15,12
2015-08-07-11-30-00,38,21,17
2015-08-07-11-45-00,39,18,21
2015-08-07-12-00-00,19,10,9
2015-08-07-12-15-00,31,11,20
2015-08-07-12-30-00,46,26,20
2015-08-07-12-45-00,34,22,12
2015-08-07-13-00-00,20,9,11
2015-08-07-13-15-00,41,25,16
2015-08-07-13-30-00,35,13,22
2015-08-07-13-45-00,32,22,10
2015-08-07-14-00-00,49,30,19
2015-08-07-14-15-00,42,21,21
2015-08-07-14-30-00,40,18,22
2015-08-07-14-45-00,54,32,22
2015-08-07-15-00-00,49,34,15
2015-08-07-15-15-00,48,26,22
2015-08-07-15-30-00,42,26,16
2015-08-07-15-45-00,62,24,38
2015-08-07-16-00-00,31,22,9
2015-08-07-16-15-00,63,33,30
2015-08-07-16-30-00,64,34,30
2015-08-07-16-45-00,61,30,31
2015-08-07-17-00-00,62,29,33
2015-08-07-17-15-00,54,37,17
2015-08-07-17-30-00,53,32,21
2015-08-07-17-45-00,49,33,16
2015-08-07-18-00-00,59,31,28
2015-08-07-18-15-00,58,38,20
2015-08-07-18-30-00,68,40,28
2015-08-07-18-45-00,88,46,42
2015-08-07-19-00-00,50,26,24
2015-08-07-19-15-00,65,40,25
2015-08-07-19-30-00,42,23,19
2015-08-07-19-45-00,65,34,31
2015-08-07-20-00-00,61,22,39
2015-08-07-20-15-00,71,30,41
2015-08-07-20-30-00,79,48,31
2015-08-07-20-45-00,48,22,26
2015-08-07-21-00-00,42,25,17
2015-08-07-21-15-00,38,23,15
2015-08-07-21-30-00,41,20,21
2015-08-07-21-45-00,33,25,8
2015-08-07-22-00-00,45,34,11
2015-08-07-22-15-00,12,7,5
2015-08-07-22-30-00,23,10,13
2015-08-07-22-45-00,15,7,8
2015-08-07-23-00-00,10,3,7
2015-08-07-23-15-00,15,5,10
2015-08-07-23-30-00,13,4,9
2015-08-07-23-45-00,16,10,6
2015-08-08-00-00-00,5,2,3
2015-08-08-00-15-00,6,6,0
2015-08-08-00-30-00,5,4,1
2015-08-08-00-45-00,2,1,1
2015-08-08-01-00-00,7,5,2
2015-08-08-01-15-00,2,2,0
2015-08-08-01-30-00,2,0,2
2015-08-08-01-45-00,0,0,0
2015-08-08-02-00-00,2,2,0
2015-08-08-02-15-00,3,3,0
2015-08-08-02-30-00,0,0,0
2015-08-08-02-45-00,2,2,0
2015-08-08-03-00-00,0,0,0
2015-08-08-03-15-00,0,0,0
2015-08-08-03-30-00,0,0,0
2015-08-08-03-45-00,0,0,0
2015-08-08-04-00-00,0,0,0
2015-08-08-04-15-00,3,0,3
2015-08-08-04-30-00,0,0,0
2015-08-08-04-45-00,0,0,0
2015-08-08-05-00-00,0,0,0
2015-08-08-05-15-00,3,2,1
2015-08-08-05-30-00,1,0,1
2015-08-08-05-45-00,0,0,0
2015-08-08-06-00-00,2,1,1
2015-08-08-06-15-00,1,0,1
2015-08-08-06-30-00,2,2,0
2015-08-08-06-45-00,1,0,1
2015-08-08-07-00-00,5,3,2
2015-08-08-07-15-00,3,1,2
2015-08-08-07-30-00,4,2,2
2015-08-08-07-45-00,4,4,0
2015-08-08-08-00-00,7,6,1
2015-08-08-08-15-00,3,3,0
2015-08-08-08-30-00,9,5,4
2015-08-08-08-45-00,8,1,7
2015-08-08-09-00-00,16,11,5
2015-08-08-09-15-00,15,9,6
2015-08-08-09-30-00,15,3,12
2015-08-08-09-45-00,28,16,12
2015-08-08-10-00-00,10,4,6
2015-08-08-10-15-00,30,18,12
2015-08-08-10-30-00,32,13,19
2015-08-08-10-45-00,35,19,16
2015-08-08-11-00-00,18,6,12
2015-08-08-11-15-00,42,23,19
2015-08-08-11-30-00,39,20,19
2015-08-08-11-45-00,49,22,27
2015-08-08-12-00-00,43,21,22
2015-08-08-12-15-00,31,10,21
2015-08-08-12-30-00,42,26,16
2015-08-08-12-45-00,47,20,27
2015-08-08-13-00-00,50,18,32
2015-08-08-13-15-00,60,18,42
2015-08-08-13-30-00,41,19,22
2015-08-08-13-45-00,35,14,21
2015-08-08-14-00-00,40,23,17
2015-08-08-14-15-00,51,15,36
2015-08-08-14-30-00,54,29,25
2015-08-08-14-45-00,47,26,21
2015-08-08-15-00-00,61,43,18
2015-08-08-15-15-00,60,19,41
2015-08-08-15-30-00,59,32,27
2015-08-08-15-45-00,48,20,28
2015-08-08-16-00-00,46,17,29
2015-08-08-16-15-00,67,33,34
2015-08-08-16-30-00,62,24,38
2015-08-08-16-45-00,42,23,19
2015-08-08-17-00-00,53,25,28
2015-08-08-17-15-00,52,32,20
2015-08-08-17-30-00,57,19,38
2015-08-08-17-45-00,50,24,26
2015-08-08-18-00-00,67,33,34
2015-08-08-18-15-00,53,34,19
2015-08-08-18-30-00,59,29,30
2015-08-08-18-45-00,45,23,22
2015-08-08-19-00-00,45,25,20
2015-08-08-19-15-00,44,21,23
2015-08-08-19-30-00,26,14,12
2015-08-08-19-45-00,46,27,19
2015-08-08-20-00-00,26,18,8
2015-08-08-20-15-00,19,9,10
2015-08-08-20-30-00,19,12,7
2015-08-08-20-45-00,15,5,10
2015-08-08-21-00-00,22,6,16
2015-08-08-21-15-00,22,11,11
2015-08-08-21-30-00,9,6,3
2015-08-08-21-45-00,9,7,2
2015-08-08-22-00-00,17,10,7
2015-08-08-22-15-00,2,1,1
2015-08-08-22-30-00,4,2,2
2015-08-08-22-45-00,17,13,4
2015-08-08-23-00-00,17,16,1
2015-08-08-23-15-00,15,11,4
2015-08-08-23-30-00,10,4,6
2015-08-08-23-45-00,2,2,0
2015-08-09-00-00-00,6,5,1
2015-08-09-00-15-00,4,3,1
2015-08-09-00-30-00,0,0,0
2015-08-09-00-45-00,1,0,1
2015-08-09-01-00-00,2,1,1
2015-08-09-01-15-00,1,1,0
2015-08-09-01-30-00,3,0,3
2015-08-09-01-45-00,1,1,0
2015-08-09-02-00-00,0,0,0
2015-08-09-02-15-00,0,0,0
2015-08-09-02-30-00,2,2,0
2015-08-09-02-45-00,1,1,0
2015-08-09-03-00-00,0,0,0
2015-08-09-03-15-00,1,0,1
2015-08-09-03-30-00,2,2,0
2015-08-09-03-45-00,0,0,0
2015-08-09-04-00-00,0,0,0
2015-08-09-04-15-00,0,0,0
2015-08-09-04-30-00,1,1,0
2015-08-09-04-45-00,0,0,0
2015-08-09-05-00-00,1,0,1
2015-08-09-05-15-00,1,1,0
2015-08-09-05-30-00,0,0,0
2015-08-09-05-45-00,1,1,0
2015-08-09-06-00-00,1,0,1
2015-08-09-06-15-00,3,1,2
2015-08-09-06-30-00,0,0,0
2015-08-09-06-45-00,4,2,2
2015-08-09-07-00-00,5,2,3
2015-08-09-07-15-00,5,4,1
2015-08-09-07-30-00,4,3,1
2015-08-09-07-45-00,8,2,6
2015-08-09-08-00-00,17,4,13
2015-08-09-08-15-00,10,5,5
2015-08-09-08-30-00,11,7,4
2015-08-09-08-45-00,19,8,11
2015-08-09-09-00-00,21,11,10
2015-08-09-09-15-00,15,10,5
2015-08-09-09-30-00,18,9,9
2015-08-09-09-45-00,21,12,9
2015-08-09-10-00-00,26,15,11
2015-08-09-10-15-00,39,18,21
2015-08-09-10-30-00,33,14,19
2015-08-09-10-45-00,51,29,22
2015-08-09-11-00-00,62,16,46
2015-08-09-11-15-00,70,32,38
2015-08-09-11-30-00,64,23,41
2015-08-09-11-45-00,73,37,36
2015-08-09-12-00-00,71,26,45
2015-08-09-12-15-00,89,27,62
2015-08-09-12-30-00,110,59,51
2015-08-09-12-45-00,74,41,33
2015-08-09-13-00-00,82,28,54
2015-08-09-13-15-00,104,39,65
2015-08-09-13-30-00,80,31,49
2015-08-09-13-45-00,100,59,41
2015-08-09-14-00-00,103,43,60
2015-08-09-14-15-00,139,61,78
2015-08-09-14-30-00,107,50,57
2015-08-09-14-45-00,115,54,61
2015-08-09-15-00-00,99,34,65
2015-08-09-15-15-00,133,72,61
2015-08-09-15-30-00,108,52,56
2015-08-09-15-45-00,145,95,50
2015-08-09-16-00-00,148,90,58
2015-08-09-16-15-00,135,69,66
2015-08-09-16-30-00,159,85,74
2015-08-09-16-45-00,103,57,46
2015-08-09-17-00-00,98,65,33
2015-08-09-17-15-00,112,65,47
2015-08-09-17-30-00,102,68,34
2015-08-09-17-45-00,113,55,58
2015-08-09-18-00-00,85,49,36
2015-08-09-18-15-00,78,43,35
2015-08-09-18-30-00,64,34,30
2015-08-09-18-45-00,52,29,23
2015-08-09-19-00-00,94,63,31
2015-08-09-19-15-00,58,46,12
2015-08-09-19-30-00,58,37,21
2015-08-09-19-45-00,53,25,28
2015-08-09-20-00-00,41,16,25
2015-08-09-20-15-00,57,28,29
2015-08-09-20-30-00,38,27,11
2015-08-09-20-45-00,34,20,14
2015-08-09-21-00-00,21,12,9
2015-08-09-21-15-00,34,22,12
2015-08-09-21-30-00,11,7,4
2015-08-09-21-45-00,19,10,9
2015-08-09-22-00-00,13,7,6
2015-08-09-22-15-00,8,7,1
2015-08-09-22-30-00,6,4,2
2015-08-09-22-45-00,3,2,1
2015-08-09-23-00-00,2,2,0
2015-08-09-23-15-00,7,4,3
2015-08-09-23-30-00,2,0,2
2015-08-09-23-45-00,1,1,0
2015-08-10-00-00-00,1,0,1
2015-08-10-00-15-00,1,1,0
2015-08-10-00-30-00,2,0,2
2015-08-10-00-45-00,0,0,0
2015-08-10-01-00-00,0,0,0
2015-08-10-01-15-00,0,0,0
2015-08-10-01-30-00,2,2,0
2015-08-10-01-45-00,0,0,0
2015-08-10-02-00-00,0,0,0
2015-08-10-02-15-00,0,0,0
2015-08-10-02-30-00,0,0,0
2015-08-10-02-45-00,0,0,0
2015-08-10-03-00-00,0,0,0
2015-08-10-03-15-00,0,0,0
2015-08-10-03-30-00,0,0,0
2015-08-10-03-45-00,0,0,0
2015-08-10-04-00-00,0,0,0
2015-08-10-04-15-00,0,0,0
2015-08-10-04-30-00,0,0,0
2015-08-10-04-45-00,1,1,0
2015-08-10-05-00-00,0,0,0
2015-08-10-05-15-00,2,0,2
2015-08-10-05-30-00,1,1,0
2015-08-10-05-45-00,6,2,4
2015-08-10-06-00-00,3,1,2
2015-08-10-06-15-00,3,1,2
2015-08-10-06-30-00,3,0,3
2015-08-10-06-45-00,5,3,2
2015-08-10-07-00-00,9,6,3
2015-08-10-07-15-00,13,4,9
2015-08-10-07-30-00,17,7,10
2015-08-10-07-45-00,22,10,12
2015-08-10-08-00-00,36,7,29
2015-08-10-08-15-00,22,5,17
2015-08-10-08-30-00,27,7,20
2015-08-10-08-45-00,34,12,22
2015-08-10-09-00-00,27,10,17
2015-08-10-09-15-00,18,6,12
2015-08-10-09-30-00,9,6,3
2015-08-10-09-45-00,9,1,8
2015-08-10-10-00-00,6,6,0
2015-08-10-10-15-00,12,2,10
2015-08-10-10-30-00,10,4,6
2015-08-10-10-45-00,19,12,7
2015-08-10-11-00-00,9,3,6
2015-08-10-11-15-00,16,11,5
2015-08-10-11-30-00,18,8,10
2015-08-10-11-45-00,16,7,9
2015-08-10-12-00-00,13,8,5
2015-08-10-12-15-00,6,4,2
2015-08-10-12-30-00,14,8,6
2015-08-10-12-45-00,9,4,5
2015-08-10-13-00-00,10,5,5
2015-08-10-13-15-00,16,9,7
2015-08-10-13-30-00,12,9,3
2015-08-10-13-45-00,6,2,4
2015-08-10-14-00-00,12,6,6
2015-08-10-14-15-00,12,11,1
2015-08-10-14-30-00,6,3,3
2015-08-10-14-45-00,7,4,3
2015-08-10-15-00-00,22,5,17
2015-08-10-15-15-00,26,7,19
2015-08-10-15-30-00,11,9,2
2015-08-10-15-45-00,10,5,5
2015-08-10-16-00-00,20,7,13
2015-08-10-16-15-00,29,22,7
2015-08-10-16-30-00,36,12,24
2015-08-10-16-45-00,28,16,12
2015-08-10-17-00-00,24,15,9
2015-08-10-17-15-00,25,16,9
2015-08-10-17-30-00,17,15,2
2015-08-10-17-45-00,11,8,3
2015-08-10-18-00-00,7,5,2
2015-08-10-18-15-00,12,10,2
2015-08-10-18-30-00,12,8,4
2015-08-10-18-45-00,7,3,4
2015-08-10-19-00-00,5,2,3
2015-08-10-19-15-00,8,3,5
2015-08-10-19-30-00,8,5,3
2015-08-10-19-45-00,2,1,1
2015-08-10-20-00-00,2,1,1
2015-08-10-20-15-00,2,1,1
2015-08-10-20-30-00,1,1,0
2015-08-10-20-45-00,0,0,0
2015-08-10-21-00-00,0,0,0
2015-08-10-21-15-00,3,3,0
2015-08-10-21-30-00,1,0,1
2015-08-10-21-45-00,0,0,0
2015-08-10-22-00-00,2,1,1
2015-08-10-22-15-00,1,1,0
2015-08-10-22-30-00,0,0,0
2015-08-10-22-45-00,0,0,0
2015-08-10-23-00-00,0,0,0
2015-08-10-23-15-00,0,0,0
2015-08-10-23-30-00,0,0,0
2015-08-10-23-45-00,1,0,1
2015-08-11-00-00-00,0,0,0
2015-08-11-00-15-00,0,0,0
2015-08-11-00-30-00,0,0,0
2015-08-11-00-45-00,0,0,0
2015-08-11-01-00-00,0,0,0
2015-08-11-01-15-00,1,0,1
2015-08-11-01-30-00,0,0,0
2015-08-11-01-45-00,0,0,0
2015-08-11-02-00-00,0,0,0
2015-08-11-02-15-00,0,0,0
2015-08-11-02-30-00,0,0,0
2015-08-11-02-45-00,0,0,0
2015-08-11-03-00-00,0,0,0
2015-08-11-03-15-00,0,0,0
2015-08-11-03-30-00,0,0,0
2015-08-11-03-45-00,0,0,0
2015-08-11-04-00-00,0,0,0
2015-08-11-04-15-00,0,0,0
2015-08-11-04-30-00,0,0,0
2015-08-11-04-45-00,1,1,0
2015-08-11-05-00-00,1,0,1
2015-08-11-05-15-00,2,0,2
2015-08-11-05-30-00,2,2,0
2015-08-11-05-45-00,6,0,6
2015-08-11-06-00-00,4,3,1
2015-08-11-06-15-00,4,1,3
2015-08-11-06-30-00,15,6,9
2015-08-11-06-45-00,18,6,12
2015-08-11-07-00-00,10,3,7
2015-08-11-07-15-00,24,9,15
2015-08-11-07-30-00,40,18,22
2015-08-11-07-45-00,44,6,38
2015-08-11-08-00-00,51,14,37
2015-08-11-08-15-00,44,13,31
2015-08-11-08-30-00,52,13,39
2015-08-11-08-45-00,52,11,41
2015-08-11-09-00-00,30,9,21
2015-08-11-09-15-00,29,10,19
2015-08-11-09-30-00,24,5,19
2015-08-11-09-45-00,25,15,10
2015-08-11-10-00-00,19,6,13
2015-08-11-10-15-00,40,13,27
2015-08-11-10-30-00,26,16,10
2015-08-11-10-45-00,36,12,24
2015-08-11-11-00-00,45,24,21
2015-08-11-11-15-00,33,16,17
2015-08-11-11-30-00,35,19,16
2015-08-11-11-45-00,20,12,8
2015-08-11-12-00-00,49,22,27
2015-08-11-12-15-00,59,29,30
2015-08-11-12-30-00,36,21,15
2015-08-11-12-45-00,33,13,20
2015-08-11-13-00-00,44,19,25
2015-08-11-13-15-00,35,20,15
2015-08-11-13-30-00,58,27,31
2015-08-11-13-45-00,47,27,20
2015-08-11-14-00-00,34,16,18
2015-08-11-14-15-00,58,37,21
2015-08-11-14-30-00,64,36,28
2015-08-11-14-45-00,65,34,31
2015-08-11-15-00-00,46,23,23
2015-08-11-15-15-00,62,28,34
2015-08-11-15-30-00,68,48,20
2015-08-11-15-45-00,55,24,31
2015-08-11-16-00-00,98,56,42
2015-08-11-16-15-00,82,47,35
2015-08-11-16-30-00,87,47,40
2015-08-11-16-45-00,89,45,44
2015-08-11-17-00-00,94,69,25
2015-08-11-17-15-00,104,71,33
2015-08-11-17-30-00,120,84,36
2015-08-11-17-45-00,101,52,49
2015-08-11-18-00-00,106,74,32
2015-08-11-18-15-00,91,49,42
2015-08-11-18-30-00,86,41,45
2015-08-11-18-45-00,100,51,49
2015-08-11-19-00-00,85,45,40
2015-08-11-19-15-00,81,57,24
2015-08-11-19-30-00,71,39,32
2015-08-11-19-45-00,79,43,36
2015-08-11-20-00-00,68,37,31
2015-08-11-20-15-00,86,48,38
2015-08-11-20-30-00,57,34,23
2015-08-11-20-45-00,75,54,21
2015-08-11-21-00-00,40,23,17
2015-08-11-21-15-00,33,25,8
2015-08-11-21-30-00,21,11,10
2015-08-11-21-45-00,32,19,13
2015-08-11-22-00-00,23,13,10
2015-08-11-22-15-00,3,2,1
2015-08-11-22-30-00,16,10,6
2015-08-11-22-45-00,13,5,8
2015-08-11-23-00-00,9,6,3
2015-08-11-23-15-00,5,3,2
2015-08-11-23-30-00,7,4,3
2015-08-11-23-45-00,5,2,3
2015-08-12-00-00-00,4,3,1
2015-08-12-00-15-00,2,1,1
2015-08-12-00-30-00,0,0,0
2015-08-12-00-45-00,0,0,0
2015-08-12-01-00-00,1,1,0
2015-08-12-01-15-00,4,2,2
2015-08-12-01-30-00,0,0,0
2015-08-12-01-45-00,0,0,0
2015-08-12-02-00-00,0,0,0
2015-08-12-02-15-00,0,0,0
2015-08-12-02-30-00,0,0,0
2015-08-12-02-45-00,0,0,0
2015-08-12-03-00-00,0,0,0
2015-08-12-03-15-00,0,0,0
2015-08-12-03-30-00,0,0,0
2015-08-12-03-45-00,0,0,0
2015-08-12-04-00-00,0,0,0
2015-08-12-04-15-00,0,0,0
2015-08-12-04-30-00,1,0,1
2015-08-12-04-45-00,1,1,0
2015-08-12-05-00-00,0,0,0
2015-08-12-05-15-00,1,0,1
2015-08-12-05-30-00,0,0,0
2015-08-12-05-45-00,6,2,4
2015-08-12-06-00-00,10,2,8
2015-08-12-06-15-00,14,4,10
2015-08-12-06-30-00,13,5,8
2015-08-12-06-45-00,24,7,17
2015-08-12-07-00-00,23,12,11
2015-08-12-07-15-00,43,16,27
2015-08-12-07-30-00,61,26,35
2015-08-12-07-45-00,58,10,48
2015-08-12-08-00-00,74,21,53
2015-08-12-08-15-00,55,13,42
2015-08-12-08-30-00,68,13,55
2015-08-12-08-45-00,58,9,49
2015-08-12-09-00-00,35,7,28
2015-08-12-09-15-00,20,6,14
2015-08-12-09-30-00,28,17,11
2015-08-12-09-45-00,29,10,19
2015-08-12-10-00-00,25,11,14
2015-08-12-10-15-00,42,19,23
2015-08-12-10-30-00,29,17,12
2015-08-12-10-45-00,39,21,18
2015-08-12-11-00-00,48,17,31
2015-08-12-11-15-00,29,12,17
2015-08-12-11-30-00,17,7,10
2015-08-12-11-45-00,51,25,26
2015-08-12-12-00-00,35,20,15
2015-08-12-12-15-00,30,16,14
2015-08-12-12-30-00,42,16,26
2015-08-12-12-45-00,37,18,19
2015-08-12-13-00-00,56,25,31
2015-08-12-13-15-00,39,21,18
2015-08-12-13-30-00,50,29,21
2015-08-12-13-45-00,37,15,22
2015-08-12-14-00-00,58,31,27
2015-08-12-14-15-00,50,22,28
2015-08-12-14-30-00,55,25,30
2015-08-12-14-45-00,42,26,16
2015-08-12-15-00-00,63,37,26
2015-08-12-15-15-00,45,31,14
2015-08-12-15-30-00,66,31,35
2015-08-12-15-45-00,52,32,20
2015-08-12-16-00-00,80,51,29
2015-08-12-16-15-00,67,44,23
2015-08-12-16-30-00,84,48,36
2015-08-12-16-45-00,80,45,35
2015-08-12-17-00-00,73,52,21
2015-08-12-17-15-00,94,61,33
2015-08-12-17-30-00,75,53,22
2015-08-12-17-45-00,88,56,32
2015-08-12-18-00-00,84,48,36
2015-08-12-18-15-00,111,57,54
2015-08-12-18-30-00,78,59,19
2015-08-12-18-45-00,81,39,42
2015-08-12-19-00-00,78,38,40
2015-08-12-19-15-00,91,51,40
2015-08-12-19-30-00,83,40,43
2015-08-12-19-45-00,68,46,22
2015-08-12-20-00-00,69,35,34
2015-08-12-20-15-00,54,27,27
2015-08-12-20-30-00,57,32,25
2015-08-12-20-45-00,39,23,16
2015-08-12-21-00-00,37,14,23
2015-08-12-21-15-00,34,21,13
2015-08-12-21-30-00,25,15,10
2015-08-12-21-45-00,20,16,4
2015-08-12-22-00-00,20,15,5
2015-08-12-22-15-00,18,16,2
2015-08-12-22-30-00,14,9,5
2015-08-12-22-45-00,9,7,2
2015-08-12-23-00-00,16,10,6
2015-08-12-23-15-00,7,5,2
2015-08-12-23-30-00,7,6,1
2015-08-12-23-45-00,5,3,2
2015-08-13-00-00-00,11,7,4
2015-08-13-00-15-00,3,3,0
2015-08-13-00-30-00,3,2,1
2015-08-13-00-45-00,1,0,1
2015-08-13-01-00-00,1,1,0
2015-08-13-01-15-00,3,3,0
2015-08-13-01-30-00,0,0,0
2015-08-13-01-45-00,0,0,0
2015-08-13-02-00-00,0,0,0
2015-08-13-02-15-00,3,3,0
2015-08-13-02-30-00,2,0,2
2015-08-13-02-45-00,0,0,0
2015-08-13-03-00-00,0,0,0
2015-08-13-03-15-00,0,0,0
2015-08-13-03-30-00,1,1,0
2015-08-13-03-45-00,1,1,0
2015-08-13-04-00-00,0,0,0
2015-08-13-04-15-00,1,1,0
2015-08-13-04-30-00,0,0,0
2015-08-13-04-45-00,1,1,0
2015-08-13-05-00-00,0,0,0
2015-08-13-05-15-00,0,0,0
2015-08-13-05-30-00,1,1,0
2015-08-13-05-45-00,9,2,7
2015-08-13-06-00-00,6,2,4
2015-08-13-06-15-00,12,5,7
2015-08-13-06-30-00,14,2,12
2015-08-13-06-45-00,23,10,13
2015-08-13-07-00-00,26,13,13
2015-08-13-07-15-00,35,14,21
2015-08-13-07-30-00,55,21,34
2015-08-13-07-45-00,59,11,48
2015-08-13-08-00-00,53,19,34
2015-08-13-08-15-00,61,13,48
2015-08-13-08-30-00,40,11,29
2015-08-13-08-45-00,54,13,41
2015-08-13-09-00-00,46,18,28
2015-08-13-09-15-00,36,11,25
2015-08-13-09-30-00,30,15,15
2015-08-13-09-45-00,28,13,15
2015-08-13-10-00-00,36,18,18
2015-08-13-10-15-00,48,25,23
2015-08-13-10-30-00,31,17,14
2015-08-13-10-45-00,41,15,26
2015-08-13-11-00-00,43,22,21
2015-08-13-11-15-00,62,45,17
2015-08-13-11-30-00,35,24,11
2015-08-13-11-45-00,40,19,21
2015-08-13-12-00-00,34,17,17
2015-08-13-12-15-00,43,12,31
2015-08-13-12-30-00,45,22,23
2015-08-13-12-45-00,27,11,16
2015-08-13-13-00-00,29,10,19
2015-08-13-13-15-00,39,19,20
2015-08-13-13-30-00,41,16,25
2015-08-13-13-45-00,50,23,27
2015-08-13-14-00-00,37,24,13
2015-08-13-14-15-00,38,25,13
2015-08-13-14-30-00,38,12,26
2015-08-13-14-45-00,42,21,21
2015-08-13-15-00-00,41,22,19
2015-08-13-15-15-00,63,39,24
2015-08-13-15-30-00,51,39,12
2015-08-13-15-45-00,44,31,13
2015-08-13-16-00-00,59,34,25
2015-08-13-16-15-00,64,40,24
2015-08-13-16-30-00,56,36,20
2015-08-13-16-45-00,86,51,35
2015-08-13-17-00-00,64,44,20
2015-08-13-17-15-00,81,57,24
2015-08-13-17-30-00,83,59,24
2015-08-13-17-45-00,81,52,29
2015-08-13-18-00-00,77,41,36
2015-08-13-18-15-00,80,44,36
2015-08-13-18-30-00,57,28,29
2015-08-13-18-45-00,73,37,36
2015-08-13-19-00-00,57,21,36
2015-08-13-19-15-00,57,32,25
2015-08-13-19-30-00,70,40,30
2015-08-13-19-45-00,63,33,30
2015-08-13-20-00-00,64,29,35
2015-08-13-20-15-00,61,28,33
2015-08-13-20-30-00,72,43,29
2015-08-13-20-45-00,51,34,17
2015-08-13-21-00-00,41,28,13
2015-08-13-21-15-00,42,28,14
2015-08-13-21-30-00,38,28,10
2015-08-13-21-45-00,29,22,7
2015-08-13-22-00-00,19,13,6
2015-08-13-22-15-00,31,27,4
2015-08-13-22-30-00,18,15,3
2015-08-13-22-45-00,18,15,3
2015-08-13-23-00-00,16,12,4
2015-08-13-23-15-00,5,3,2
2015-08-13-23-30-00,0,0,0
2015-08-13-23-45-00,5,3,2
2015-08-14-00-00-00,3,2,1
2015-08-14-00-15-00,3,3,0
2015-08-14-00-30-00,0,0,0
2015-08-14-00-45-00,3,0,3
2015-08-14-01-00-00,1,0,1
2015-08-14-01-15-00,0,0,0
2015-08-14-01-30-00,1,0,1
2015-08-14-01-45-00,0,0,0
2015-08-14-02-00-00,0,0,0
2015-08-14-02-15-00,0,0,0
2015-08-14-02-30-00,0,0,0
2015-08-14-02-45-00,0,0,0
2015-08-14-03-00-00,0,0,0
2015-08-14-03-15-00,0,0,0
2015-08-14-03-30-00,0,0,0
2015-08-14-03-45-00,0,0,0
2015-08-14-04-00-00,0,0,0
2015-08-14-04-15-00,0,0,0
2015-08-14-04-30-00,1,1,0
2015-08-14-04-45-00,0,0,0
2015-08-14-05-00-00,1,1,0
2015-08-14-05-15-00,0,0,0
2015-08-14-05-30-00,4,1,3
2015-08-14-05-45-00,4,0,4
2015-08-14-06-00-00,3,2,1
2015-08-14-06-15-00,9,3,6
2015-08-14-06-30-00,14,6,8
2015-08-14-06-45-00,16,10,6
2015-08-14-07-00-00,27,9,18
2015-08-14-07-15-00,45,13,32
2015-08-14-07-30-00,43,18,25
2015-08-14-07-45-00,55,16,39
2015-08-14-08-00-00,54,17,37
2015-08-14-08-15-00,35,9,26
2015-08-14-08-30-00,36,9,27
2015-08-14-08-45-00,41,10,31
2015-08-14-09-00-00,27,4,23
2015-08-14-09-15-00,19,7,12
2015-08-14-09-30-00,20,5,15
2015-08-14-09-45-00,24,9,15
2015-08-14-10-00-00,15,7,8
2015-08-14-10-15-00,26,12,14
2015-08-14-10-30-00,20,13,7
2015-08-14-10-45-00,21,11,10
2015-08-14-11-00-00,22,14,8
2015-08-14-11-15-00,28,11,17
2015-08-14-11-30-00,27,16,11
2015-08-14-11-45-00,35,20,15
2015-08-14-12-00-00,18,9,9
2015-08-14-12-15-00,42,19,23
2015-08-14-12-30-00,30,17,13
2015-08-14-12-45-00,39,24,15
2015-08-14-13-00-00,28,13,15
2015-08-14-13-15-00,35,20,15
2015-08-14-13-30-00,50,27,23
2015-08-14-13-45-00,32,20,12
2015-08-14-14-00-00,48,20,28
2015-08-14-14-15-00,33,21,12
2015-08-14-14-30-00,46,35,11
2015-08-14-14-45-00,45,26,19
2015-08-14-15-00-00,46,35,11
2015-08-14-15-15-00,46,28,18
2015-08-14-15-30-00,55,33,22
2015-08-14-15-45-00,51,33,18
2015-08-14-16-00-00,57,33,24
2015-08-14-16-15-00,62,43,19
2015-08-14-16-30-00,72,47,25
2015-08-14-16-45-00,68,40,28
2015-08-14-17-00-00,60,37,23
2015-08-14-17-15-00,63,43,20
2015-08-14-17-30-00,58,38,20
2015-08-14-17-45-00,59,20,39
2015-08-14-18-00-00,49,25,24
2015-08-14-18-15-00,55,32,23
2015-08-14-18-30-00,56,33,23
2015-08-14-18-45-00,50,33,17
2015-08-14-19-00-00,50,27,23
2015-08-14-19-15-00,58,33,25
2015-08-14-19-30-00,59,35,24
2015-08-14-19-45-00,63,29,34
2015-08-14-20-00-00,39,26,13
2015-08-14-20-15-00,59,36,23
2015-08-14-20-30-00,43,21,22
2015-08-14-20-45-00,49,28,21
2015-08-14-21-00-00,32,18,14
2015-08-14-21-15-00,25,14,11
2015-08-14-21-30-00,28,13,15
2015-08-14-21-45-00,20,15,5
2015-08-14-22-00-00,12,6,6
2015-08-14-22-15-00,11,7,4
2015-08-14-22-30-00,16,9,7
2015-08-14-22-45-00,8,5,3
2015-08-14-23-00-00,7,2,5
2015-08-14-23-15-00,3,3,0
2015-08-14-23-30-00,9,6,3
2015-08-14-23-45-00,6,4,2
2015-08-15-00-00-00,4,1,3
2015-08-15-00-15-00,4,2,2
2015-08-15-00-30-00,6,2,4
2015-08-15-00-45-00,2,0,2
2015-08-15-01-00-00,1,0,1
2015-08-15-01-15-00,0,0,0
2015-08-15-01-30-00,2,2,0
2015-08-15-01-45-00,1,0,1
2015-08-15-02-00-00,2,2,0
2015-08-15-02-15-00,1,1,0
2015-08-15-02-30-00,0,0,0
2015-08-15-02-45-00,0,0,0
2015-08-15-03-00-00,3,1,2
2015-08-15-03-15-00,0,0,0
2015-08-15-03-30-00,2,1,1
2015-08-15-03-45-00,0,0,0
2015-08-15-04-00-00,0,0,0
2015-08-15-04-15-00,0,0,0
2015-08-15-04-30-00,0,0,0
2015-08-15-04-45-00,1,1,0
2015-08-15-05-00-00,0,0,0
2015-08-15-05-15-00,0,0,0
2015-08-15-05-30-00,0,0,0
2015-08-15-05-45-00,2,0,2
2015-08-15-06-00-00,1,1,0
2015-08-15-06-15-00,6,1,5
2015-08-15-06-30-00,3,1,2
2015-08-15-06-45-00,5,3,2
2015-08-15-07-00-00,5,3,2
2015-08-15-07-15-00,20,4,16
2015-08-15-07-30-00,6,2,4
2015-08-15-07-45-00,11,4,7
2015-08-15-08-00-00,17,3,14
2015-08-15-08-15-00,20,6,14
2015-08-15-08-30-00,18,5,13
2015-08-15-08-45-00,22,9,13
2015-08-15-09-00-00,28,13,15
2015-08-15-09-15-00,24,12,12
2015-08-15-09-30-00,24,15,9
2015-08-15-09-45-00,36,18,18
2015-08-15-10-00-00,50,19,31
2015-08-15-10-15-00,47,11,36
2015-08-15-10-30-00,46,11,35
2015-08-15-10-45-00,52,26,26
2015-08-15-11-00-00,60,33,27
2015-08-15-11-15-00,51,28,23
2015-08-15-11-30-00,61,28,33
2015-08-15-11-45-00,47,26,21
2015-08-15-12-00-00,57,33,24
2015-08-15-12-15-00,53,19,34
2015-08-15-12-30-00,51,31,20
2015-08-15-12-45-00,44,21,23
2015-08-15-13-00-00,53,20,33
2015-08-15-13-15-00,48,20,28
2015-08-15-13-30-00,24,13,11
2015-08-15-13-45-00,59,21,38
2015-08-15-14-00-00,42,20,22
2015-08-15-14-15-00,60,28,32
2015-08-15-14-30-00,50,20,30
2015-08-15-14-45-00,47,29,18
2015-08-15-15-00-00,57,29,28
2015-08-15-15-15-00,63,34,29
2015-08-15-15-30-00,63,39,24
2015-08-15-15-45-00,63,28,35
2015-08-15-16-00-00,30,19,11
2015-08-15-16-15-00,65,47,18
2015-08-15-16-30-00,63,39,24
2015-08-15-16-45-00,69,33,36
2015-08-15-17-00-00,48,25,23
2015-08-15-17-15-00,49,24,25
2015-08-15-17-30-00,58,22,36
2015-08-15-17-45-00,45,22,23
2015-08-15-18-00-00,37,27,10
2015-08-15-18-15-00,37,15,22
2015-08-15-18-30-00,46,21,25
2015-08-15-18-45-00,35,25,10
2015-08-15-19-00-00,33,15,18
2015-08-15-19-15-00,36,16,20
2015-08-15-19-30-00,28,15,13
2015-08-15-19-45-00,22,6,16
2015-08-15-20-00-00,20,12,8
2015-08-15-20-15-00,12,7,5
2015-08-15-20-30-00,29,16,13
2015-08-15-20-45-00,24,16,8
2015-08-15-21-00-00,15,8,7
2015-08-15-21-15-00,15,9,6
2015-08-15-21-30-00,8,3,5
2015-08-15-21-45-00,9,7,2
2015-08-15-22-00-00,3,3,0
2015-08-15-22-15-00,5,2,3
2015-08-15-22-30-00,6,5,1
2015-08-15-22-45-00,2,1,1
2015-08-15-23-00-00,3,1,2
2015-08-15-23-15-00,4,1,3
2015-08-15-23-30-00,8,5,3
2015-08-15-23-45-00,2,0,2
2015-08-16-00-00-00,2,2,0
2015-08-16-00-15-00,1,0,1
2015-08-16-00-30-00,1,1,0
2015-08-16-00-45-00,4,4,0
2015-08-16-01-00-00,0,0,0
2015-08-16-01-15-00,0,0,0
2015-08-16-01-30-00,2,2,0
2015-08-16-01-45-00,2,0,2
2015-08-16-02-00-00,1,1,0
2015-08-16-02-15-00,2,1,1
2015-08-16-02-30-00,0,0,0
2015-08-16-02-45-00,0,0,0
2015-08-16-03-00-00,0,0,0
2015-08-16-03-15-00,1,1,0
2015-08-16-03-30-00,2,2,0
2015-08-16-03-45-00,0,0,0
2015-08-16-04-00-00,0,0,0
2015-08-16-04-15-00,0,0,0
2015-08-16-04-30-00,0,0,0
2015-08-16-04-45-00,1,0,1
2015-08-16-05-00-00,0,0,0
2015-08-16-05-15-00,0,0,0
2015-08-16-05-30-00,0,0,0
2015-08-16-05-45-00,0,0,0
2015-08-16-06-00-00,0,0,0
2015-08-16-06-15-00,1,0,1
2015-08-16-06-30-00,0,0,0
2015-08-16-06-45-00,0,0,0
2015-08-16-07-00-00,1,1,0
2015-08-16-07-15-00,1,0,1
2015-08-16-07-30-00,2,0,2
2015-08-16-07-45-00,0,0,0
2015-08-16-08-00-00,1,1,0
2015-08-16-08-15-00,1,1,0
2015-08-16-08-30-00,2,1,1
2015-08-16-08-45-00,5,2,3
2015-08-16-09-00-00,1,0,1
2015-08-16-09-15-00,1,0,1
2015-08-16-09-30-00,1,1,0
2015-08-16-09-45-00,3,3,0
2015-08-16-10-00-00,6,1,5
2015-08-16-10-15-00,4,3,1
2015-08-16-10-30-00,3,0,3
2015-08-16-10-45-00,5,3,2
2015-08-16-11-00-00,0,0,0
2015-08-16-11-15-00,9,5,4
2015-08-16-11-30-00,2,0,2
2015-08-16-11-45-00,3,1,2
2015-08-16-12-00-00,1,1,0
2015-08-16-12-15-00,5,3,2
2015-08-16-12-30-00,5,0,5
2015-08-16-12-45-00,5,3,2
2015-08-16-13-00-00,2,2,0
2015-08-16-13-15-00,2,0,2
2015-08-16-13-30-00,4,2,2
2015-08-16-13-45-00,6,5,1
2015-08-16-14-00-00,9,8,1
2015-08-16-14-15-00,10,3,7
2015-08-16-14-30-00,3,0,3
2015-08-16-14-45-00,3,3,0
2015-08-16-15-00-00,9,8,1
2015-08-16-15-15-00,1,1,0
2015-08-16-15-30-00,7,2,5
2015-08-16-15-45-00,4,2,2
2015-08-16-16-00-00,2,2,0
2015-08-16-16-15-00,5,4,1
2015-08-16-16-30-00,10,7,3
2015-08-16-16-45-00,2,1,1
2015-08-16-17-00-00,7,2,5
2015-08-16-17-15-00,2,1,1
2015-08-16-17-30-00,4,2,2
2015-08-16-17-45-00,4,2,2
2015-08-16-18-00-00,3,0,3
2015-08-16-18-15-00,6,3,3
2015-08-16-18-30-00,4,0,4
2015-08-16-18-45-00,2,2,0
2015-08-16-19-00-00,5,1,4
2015-08-16-19-15-00,2,0,2
2015-08-16-19-30-00,2,1,1
2015-08-16-19-45-00,3,2,1
2015-08-16-20-00-00,1,1,0
2015-08-16-20-15-00,2,2,0
2015-08-16-20-30-00,1,0,1
2015-08-16-20-45-00,1,1,0
2015-08-16-21-00-00,3,2,1
2015-08-16-21-15-00,1,1,0
2015-08-16-21-30-00,0,0,0
2015-08-16-21-45-00,1,0,1
2015-08-16-22-00-00,0,0,0
2015-08-16-22-15-00,0,0,0
2015-08-16-22-30-00,0,0,0
2015-08-16-22-45-00,0,0,0
2015-08-16-23-00-00,2,1,1
2015-08-16-23-15-00,0,0,0
2015-08-16-23-30-00,1,0,1
2015-08-16-23-45-00,0,0,0
2015-08-17-00-00-00,0,0,0
2015-08-17-00-15-00,0,0,0
2015-08-17-00-30-00,0,0,0
2015-08-17-00-45-00,0,0,0
2015-08-17-01-00-00,0,0,0
2015-08-17-01-15-00,0,0,0
2015-08-17-01-30-00,0,0,0
2015-08-17-01-45-00,0,0,0
2015-08-17-02-00-00,0,0,0
2015-08-17-02-15-00,0,0,0
2015-08-17-02-30-00,0,0,0
2015-08-17-02-45-00,0,0,0
2015-08-17-03-00-00,0,0,0
2015-08-17-03-15-00,0,0,0
2015-08-17-03-30-00,0,0,0
2015-08-17-03-45-00,0,0,0
2015-08-17-04-00-00,0,0,0
2015-08-17-04-15-00,0,0,0
2015-08-17-04-30-00,0,0,0
2015-08-17-04-45-00,0,0,0
2015-08-17-05-00-00,0,0,0
2015-08-17-05-15-00,0,0,0
2015-08-17-05-30-00,1,0,1
2015-08-17-05-45-00,4,0,4
2015-08-17-06-00-00,2,0,2
2015-08-17-06-15-00,2,1,1
2015-08-17-06-30-00,4,0,4
2015-08-17-06-45-00,7,4,3
2015-08-17-07-00-00,11,4,7
2015-08-17-07-15-00,16,8,8
2015-08-17-07-30-00,30,4,26
2015-08-17-07-45-00,31,7,24
2015-08-17-08-00-00,23,4,19
2015-08-17-08-15-00,17,5,12
2015-08-17-08-30-00,29,5,24
2015-08-17-08-45-00,30,6,24
2015-08-17-09-00-00,20,6,14
2015-08-17-09-15-00,17,7,10
2015-08-17-09-30-00,10,5,5
2015-08-17-09-45-00,3,1,2
2015-08-17-10-00-00,5,2,3
2015-08-17-10-15-00,6,4,2
2015-08-17-10-30-00,9,6,3
2015-08-17-10-45-00,5,2,3
2015-08-17-11-00-00,2,1,1
2015-08-17-11-15-00,3,1,2
2015-08-17-11-30-00,6,2,4
2015-08-17-11-45-00,2,1,1
2015-08-17-12-00-00,5,5,0
2015-08-17-12-15-00,5,2,3
2015-08-17-12-30-00,3,3,0
2015-08-17-12-45-00,7,3,4
2015-08-17-13-00-00,3,2,1
2015-08-17-13-15-00,8,6,2
2015-08-17-13-30-00,5,3,2
2015-08-17-13-45-00,2,0,2
2015-08-17-14-00-00,5,2,3
2015-08-17-14-15-00,2,1,1
2015-08-17-14-30-00,5,3,2
2015-08-17-14-45-00,10,3,7
2015-08-17-15-00-00,5,3,2
2015-08-17-15-15-00,6,3,3
2015-08-17-15-30-00,14,9,5
2015-08-17-15-45-00,8,6,2
2015-08-17-16-00-00,13,8,5
2015-08-17-16-15-00,21,15,6
2015-08-17-16-30-00,20,13,7
2015-08-17-16-45-00,21,12,9
2015-08-17-17-00-00,16,10,6
2015-08-17-17-15-00,26,18,8
2015-08-17-17-30-00,18,15,3
2015-08-17-17-45-00,21,16,5
2015-08-17-18-00-00,23,18,5
2015-08-17-18-15-00,14,9,5
2015-08-17-18-30-00,15,11,4
2015-08-17-18-45-00,15,10,5
2015-08-17-19-00-00,7,4,3
2015-08-17-19-15-00,4,4,0
2015-08-17-19-30-00,4,3,1
2015-08-17-19-45-00,10,8,2
2015-08-17-20-00-00,4,2,2
2015-08-17-20-15-00,8,7,1
2015-08-17-20-30-00,4,3,1
2015-08-17-20-45-00,10,5,5
2015-08-17-21-00-00,3,2,1
2015-08-17-21-15-00,2,0,2
2015-08-17-21-30-00,2,2,0
2015-08-17-21-45-00,1,1,0
2015-08-17-22-00-00,0,0,0
2015-08-17-22-15-00,0,0,0
2015-08-17-22-30-00,0,0,0
2015-08-17-22-45-00,0,0,0
2015-08-17-23-00-00,0,0,0
2015-08-17-23-15-00,0,0,0
2015-08-17-23-30-00,0,0,0
2015-08-17-23-45-00,1,0,1
2015-08-18-00-00-00,0,0,0
2015-08-18-00-15-00,1,1,0
2015-08-18-00-30-00,0,0,0
2015-08-18-00-45-00,0,0,0
2015-08-18-01-00-00,0,0,0
2015-08-18-01-15-00,0,0,0
2015-08-18-01-30-00,1,1,0
2015-08-18-01-45-00,0,0,0
2015-08-18-02-00-00,0,0,0
2015-08-18-02-15-00,0,0,0
2015-08-18-02-30-00,0,0,0
2015-08-18-02-45-00,0,0,0
2015-08-18-03-00-00,0,0,0
2015-08-18-03-15-00,0,0,0
2015-08-18-03-30-00,0,0,0
2015-08-18-03-45-00,0,0,0
2015-08-18-04-00-00,0,0,0
2015-08-18-04-15-00,0,0,0
2015-08-18-04-30-00,0,0,0
2015-08-18-04-45-00,0,0,0
2015-08-18-05-00-00,0,0,0
2015-08-18-05-15-00,2,1,1
2015-08-18-05-30-00,0,0,0
2015-08-18-05-45-00,4,0,4
2015-08-18-06-00-00,4,1,3
2015-08-18-06-15-00,7,3,4
2015-08-18-06-30-00,9,3,6
2015-08-18-06-45-00,15,7,8
2015-08-18-07-00-00,17,10,7
2015-08-18-07-15-00,40,13,27
2015-08-18-07-30-00,46,17,29
2015-08-18-07-45-00,54,16,38
2015-08-18-08-00-00,61,15,46
2015-08-18-08-15-00,51,10,41
2015-08-18-08-30-00,54,12,42
2015-08-18-08-45-00,36,10,26
2015-08-18-09-00-00,33,9,24
2015-08-18-09-15-00,19,8,11
2015-08-18-09-30-00,23,11,12
2015-08-18-09-45-00,23,13,10
2015-08-18-10-00-00,14,7,7
2015-08-18-10-15-00,19,8,11
2015-08-18-10-30-00,14,8,6
2015-08-18-10-45-00,16,5,11
2015-08-18-11-00-00,20,9,11
2015-08-18-11-15-00,19,9,10
2015-08-18-11-30-00,15,7,8
2015-08-18-11-45-00,22,8,14
2015-08-18-12-00-00,21,9,12
2015-08-18-12-15-00,15,8,7
2015-08-18-12-30-00,21,7,14
2015-08-18-12-45-00,19,8,11
2015-08-18-13-00-00,30,18,12
2015-08-18-13-15-00,24,15,9
2015-08-18-13-30-00,32,14,18
2015-08-18-13-45-00,25,11,14
2015-08-18-14-00-00,19,6,13
2015-08-18-14-15-00,25,12,13
2015-08-18-14-30-00,25,11,14
2015-08-18-14-45-00,28,20,8
2015-08-18-15-00-00,31,18,13
2015-08-18-15-15-00,39,32,7
2015-08-18-15-30-00,28,23,5
2015-08-18-15-45-00,35,16,19
2015-08-18-16-00-00,39,23,16
2015-08-18-16-15-00,56,40,16
2015-08-18-16-30-00,43,28,15
2015-08-18-16-45-00,62,33,29
2015-08-18-17-00-00,50,38,12
2015-08-18-17-15-00,59,42,17
2015-08-18-17-30-00,64,44,20
2015-08-18-17-45-00,68,35,33
2015-08-18-18-00-00,42,27,15
2015-08-18-18-15-00,39,22,17
2015-08-18-18-30-00,84,45,39
2015-08-18-18-45-00,60,33,27
2015-08-18-19-00-00,44,21,23
2015-08-18-19-15-00,41,23,18
2015-08-18-19-30-00,36,15,21
2015-08-18-19-45-00,41,28,13
2015-08-18-20-00-00,36,17,19
2015-08-18-20-15-00,39,25,14
2015-08-18-20-30-00,20,7,13
2015-08-18-20-45-00,12,10,2
2015-08-18-21-00-00,17,11,6
2015-08-18-21-15-00,18,12,6
2015-08-18-21-30-00,12,7,5
2015-08-18-21-45-00,7,3,4
2015-08-18-22-00-00,4,3,1
2015-08-18-22-15-00,8,7,1
2015-08-18-22-30-00,3,1,2
2015-08-18-22-45-00,4,4,0
2015-08-18-23-00-00,4,3,1
2015-08-18-23-15-00,0,0,0
2015-08-18-23-30-00,2,1,1
2015-08-18-23-45-00,1,1,0
2015-08-19-00-00-00,1,1,0
2015-08-19-00-15-00,1,1,0
2015-08-19-00-30-00,1,0,1
2015-08-19-00-45-00,0,0,0
2015-08-19-01-00-00,0,0,0
2015-08-19-01-15-00,0,0,0
2015-08-19-01-30-00,0,0,0
2015-08-19-01-45-00,0,0,0
2015-08-19-02-00-00,0,0,0
2015-08-19-02-15-00,0,0,0
2015-08-19-02-30-00,0,0,0
2015-08-19-02-45-00,1,0,1
2015-08-19-03-00-00,0,0,0
2015-08-19-03-15-00,0,0,0
2015-08-19-03-30-00,0,0,0
2015-08-19-03-45-00,0,0,0
2015-08-19-04-00-00,0,0,0
2015-08-19-04-15-00,0,0,0
2015-08-19-04-30-00,0,0,0
2015-08-19-04-45-00,0,0,0
2015-08-19-05-00-00,0,0,0
2015-08-19-05-15-00,1,0,1
2015-08-19-05-30-00,2,1,1
2015-08-19-05-45-00,6,1,5
2015-08-19-06-00-00,6,3,3
2015-08-19-06-15-00,11,4,7
2015-08-19-06-30-00,14,6,8
2015-08-19-06-45-00,13,7,6
2015-08-19-07-00-00,31,16,15
2015-08-19-07-15-00,44,11,33
2015-08-19-07-30-00,64,21,43
2015-08-19-07-45-00,49,15,34
2015-08-19-08-00-00,72,15,57
2015-08-19-08-15-00,54,12,42
2015-08-19-08-30-00,64,14,50
2015-08-19-08-45-00,39,12,27
2015-08-19-09-00-00,26,5,21
2015-08-19-09-15-00,32,11,21
2015-08-19-09-30-00,34,17,17
2015-08-19-09-45-00,22,10,12
2015-08-19-10-00-00,26,15,11
2015-08-19-10-15-00,40,12,28
2015-08-19-10-30-00,32,15,17
2015-08-19-10-45-00,20,12,8
2015-08-19-11-00-00,30,14,16
2015-08-19-11-15-00,41,14,27
2015-08-19-11-30-00,36,21,15
2015-08-19-11-45-00,45,18,27
2015-08-19-12-00-00,30,14,16
2015-08-19-12-15-00,41,18,23
2015-08-19-12-30-00,32,21,11
2015-08-19-12-45-00,38,14,24
2015-08-19-13-00-00,41,27,14
2015-08-19-13-15-00,50,15,35
2015-08-19-13-30-00,47,22,25
2015-08-19-13-45-00,42,23,19
2015-08-19-14-00-00,56,23,33
2015-08-19-14-15-00,54,28,26
2015-08-19-14-30-00,53,33,20
2015-08-19-14-45-00,46,27,19
2015-08-19-15-00-00,81,53,28
2015-08-19-15-15-00,71,38,33
2015-08-19-15-30-00,57,31,26
2015-08-19-15-45-00,61,37,24
2015-08-19-16-00-00,44,31,13
2015-08-19-16-15-00,76,43,33
2015-08-19-16-30-00,86,55,31
2015-08-19-16-45-00,81,45,36
2015-08-19-17-00-00,73,55,18
2015-08-19-17-15-00,68,46,22
2015-08-19-17-30-00,72,48,24
2015-08-19-17-45-00,109,70,39
2015-08-19-18-00-00,61,38,23
2015-08-19-18-15-00,76,45,31
2015-08-19-18-30-00,75,41,34
2015-08-19-18-45-00,76,40,36
2015-08-19-19-00-00,56,33,23
2015-08-19-19-15-00,50,30,20
2015-08-19-19-30-00,65,37,28
2015-08-19-19-45-00,40,26,14
2015-08-19-20-00-00,53,29,24
2015-08-19-20-15-00,35,17,18
2015-08-19-20-30-00,33,15,18
2015-08-19-20-45-00,42,22,20
2015-08-19-21-00-00,21,15,6
2015-08-19-21-15-00,24,20,4
2015-08-19-21-30-00,12,7,5
2015-08-19-21-45-00,12,4,8
2015-08-19-22-00-00,13,7,6
2015-08-19-22-15-00,8,6,2
2015-08-19-22-30-00,2,2,0
2015-08-19-22-45-00,7,4,3
2015-08-19-23-00-00,4,2,2
2015-08-19-23-15-00,5,3,2
2015-08-19-23-30-00,4,1,3
2015-08-19-23-45-00,1,1,0
2015-08-20-00-00-00,2,2,0
2015-08-20-00-15-00,1,0,1
2015-08-20-00-30-00,1,0,1
2015-08-20-00-45-00,0,0,0
2015-08-20-01-00-00,2,2,0
2015-08-20-01-15-00,1,1,0
2015-08-20-01-30-00,0,0,0
2015-08-20-01-45-00,0,0,0
2015-08-20-02-00-00,0,0,0
2015-08-20-02-15-00,0,0,0
2015-08-20-02-30-00,0,0,0
2015-08-20-02-45-00,0,0,0
2015-08-20-03-00-00,0,0,0
2015-08-20-03-15-00,0,0,0
2015-08-20-03-30-00,0,0,0
2015-08-20-03-45-00,0,0,0
2015-08-20-04-00-00,0,0,0
2015-08-20-04-15-00,0,0,0
2015-08-20-04-30-00,0,0,0
2015-08-20-04-45-00,0,0,0
2015-08-20-05-00-00,0,0,0
2015-08-20-05-15-00,2,0,2
2015-08-20-05-30-00,1,0,1
2015-08-20-05-45-00,8,2,6
2015-08-20-06-00-00,7,2,5
2015-08-20-06-15-00,11,1,10
2015-08-20-06-30-00,16,7,9
2015-08-20-06-45-00,15,10,5
2015-08-20-07-00-00,32,14,18
2015-08-20-07-15-00,53,22,31
2015-08-20-07-30-00,64,23,41
2015-08-20-07-45-00,54,16,38
2015-08-20-08-00-00,61,13,48
2015-08-20-08-15-00,59,15,44
2015-08-20-08-30-00,53,10,43
2015-08-20-08-45-00,50,12,38
2015-08-20-09-00-00,36,9,27
2015-08-20-09-15-00,31,13,18
2015-08-20-09-30-00,27,13,14
2015-08-20-09-45-00,17,10,7
2015-08-20-10-00-00,29,13,16
2015-08-20-10-15-00,28,10,18
2015-08-20-10-30-00,33,15,18
2015-08-20-10-45-00,25,15,10
2015-08-20-11-00-00,34,18,16
2015-08-20-11-15-00,41,26,15
2015-08-20-11-30-00,40,16,24
2015-08-20-11-45-00,38,18,20
2015-08-20-12-00-00,39,14,25
2015-08-20-12-15-00,44,22,22
2015-08-20-12-30-00,30,13,17
2015-08-20-12-45-00,38,11,27
2015-08-20-13-00-00,32,17,15
2015-08-20-13-15-00,54,22,32
2015-08-20-13-30-00,49,20,29
2015-08-20-13-45-00,45,16,29
2015-08-20-14-00-00,41,12,29
2015-08-20-14-15-00,40,23,17
2015-08-20-14-30-00,68,43,25
2015-08-20-14-45-00,72,42,30
2015-08-20-15-00-00,57,27,30
2015-08-20-15-15-00,58,31,27
2015-08-20-15-30-00,58,38,20
2015-08-20-15-45-00,67,46,21
2015-08-20-16-00-00,89,54,35
2015-08-20-16-15-00,87,56,31
2015-08-20-16-30-00,86,39,47
2015-08-20-16-45-00,104,77,27
2015-08-20-17-00-00,82,52,30
2015-08-20-17-15-00,99,72,27
2015-08-20-17-30-00,90,46,44
2015-08-20-17-45-00,92,55,37
2015-08-20-18-00-00,81,45,36
2015-08-20-18-15-00,88,52,36
2015-08-20-18-30-00,88,44,44
2015-08-20-18-45-00,82,46,36
2015-08-20-19-00-00,69,27,42
2015-08-20-19-15-00,84,36,48
2015-08-20-19-30-00,58,31,27
2015-08-20-19-45-00,59,25,34
2015-08-20-20-00-00,59,37,22
2015-08-20-20-15-00,65,30,35
2015-08-20-20-30-00,48,32,16
2015-08-20-20-45-00,37,25,12
2015-08-20-21-00-00,33,23,10
2015-08-20-21-15-00,35,17,18
2015-08-20-21-30-00,17,14,3
2015-08-20-21-45-00,21,12,9
2015-08-20-22-00-00,11,4,7
2015-08-20-22-15-00,14,9,5
2015-08-20-22-30-00,20,14,6
2015-08-20-22-45-00,9,4,5
2015-08-20-23-00-00,4,1,3
2015-08-20-23-15-00,6,4,2
2015-08-20-23-30-00,7,5,2
2015-08-20-23-45-00,0,0,0
2015-08-21-00-00-00,1,0,1
2015-08-21-00-15-00,0,0,0
2015-08-21-00-30-00,0,0,0
2015-08-21-00-45-00,2,2,0
2015-08-21-01-00-00,1,0,1
2015-08-21-01-15-00,1,1,0
2015-08-21-01-30-00,0,0,0
2015-08-21-01-45-00,0,0,0
2015-08-21-02-00-00,2,2,0
2015-08-21-02-15-00,1,0,1
2015-08-21-02-30-00,0,0,0
2015-08-21-02-45-00,0,0,0
2015-08-21-03-00-00,1,0,1
2015-08-21-03-15-00,0,0,0
2015-08-21-03-30-00,0,0,0
2015-08-21-03-45-00,0,0,0
2015-08-21-04-00-00,0,0,0
2015-08-21-04-15-00,0,0,0
2015-08-21-04-30-00,0,0,0
2015-08-21-04-45-00,0,0,0
2015-08-21-05-00-00,0,0,0
2015-08-21-05-15-00,3,2,1
2015-08-21-05-30-00,3,1,2
2015-08-21-05-45-00,3,1,2
2015-08-21-06-00-00,8,2,6
2015-08-21-06-15-00,12,4,8
2015-08-21-06-30-00,17,7,10
2015-08-21-06-45-00,15,7,8
2015-08-21-07-00-00,21,10,11
2015-08-21-07-15-00,36,12,24
2015-08-21-07-30-00,54,13,41
2015-08-21-07-45-00,50,12,38
2015-08-21-08-00-00,61,12,49
2015-08-21-08-15-00,52,13,39
2015-08-21-08-30-00,59,11,48
2015-08-21-08-45-00,43,10,33
2015-08-21-09-00-00,59,26,33
2015-08-21-09-15-00,37,11,26
2015-08-21-09-30-00,22,8,14
2015-08-21-09-45-00,32,15,17
2015-08-21-10-00-00,29,13,16
2015-08-21-10-15-00,33,16,17
2015-08-21-10-30-00,58,22,36
2015-08-21-10-45-00,99,23,76
2015-08-21-11-00-00,47,17,30
2015-08-21-11-15-00,75,19,56
2015-08-21-11-30-00,37,19,18
2015-08-21-11-45-00,39,16,23
2015-08-21-12-00-00,40,18,22
2015-08-21-12-15-00,71,27,44
2015-08-21-12-30-00,43,16,27
2015-08-21-12-45-00,121,91,30
2015-08-21-13-00-00,100,65,35
2015-08-21-13-15-00,58,27,31
2015-08-21-13-30-00,51,31,20
2015-08-21-13-45-00,53,30,23
2015-08-21-14-00-00,64,35,29
2015-08-21-14-15-00,64,35,29
2015-08-21-14-30-00,72,45,27
2015-08-21-14-45-00,76,47,29
2015-08-21-15-00-00,75,49,26
2015-08-21-15-15-00,79,46,33
2015-08-21-15-30-00,96,59,37
2015-08-21-15-45-00,78,41,37
2015-08-21-16-00-00,94,61,33
2015-08-21-16-15-00,108,53,55
2015-08-21-16-30-00,93,63,30
2015-08-21-16-45-00,78,57,21
2015-08-21-17-00-00,102,48,54
2015-08-21-17-15-00,58,31,27
2015-08-21-17-30-00,94,61,33
2015-08-21-17-45-00,103,74,29
2015-08-21-18-00-00,97,52,45
2015-08-21-18-15-00,89,50,39
2015-08-21-18-30-00,73,45,28
2015-08-21-18-45-00,78,43,35
2015-08-21-19-00-00,79,28,51
2015-08-21-19-15-00,82,53,29
2015-08-21-19-30-00,74,47,27
2015-08-21-19-45-00,66,31,35
2015-08-21-20-00-00,61,30,31
2015-08-21-20-15-00,58,38,20
2015-08-21-20-30-00,48,24,24
2015-08-21-20-45-00,51,24,27
2015-08-21-21-00-00,28,24,4
2015-08-21-21-15-00,30,19,11
2015-08-21-21-30-00,24,17,7
2015-08-21-21-45-00,25,18,7
2015-08-21-22-00-00,29,19,10
2015-08-21-22-15-00,15,8,7
2015-08-21-22-30-00,25,12,13
2015-08-21-22-45-00,9,5,4
2015-08-21-23-00-00,7,2,5
2015-08-21-23-15-00,13,2,11
2015-08-21-23-30-00,4,1,3
2015-08-21-23-45-00,8,3,5
2015-08-22-00-00-00,4,0,4
2015-08-22-00-15-00,6,3,3
2015-08-22-00-30-00,3,0,3
2015-08-22-00-45-00,1,0,1
2015-08-22-01-00-00,3,3,0
2015-08-22-01-15-00,5,4,1
2015-08-22-01-30-00,6,3,3
2015-08-22-01-45-00,2,2,0
2015-08-22-02-00-00,3,3,0
2015-08-22-02-15-00,0,0,0
2015-08-22-02-30-00,0,0,0
2015-08-22-02-45-00,1,1,0
2015-08-22-03-00-00,0,0,0
2015-08-22-03-15-00,1,0,1
2015-08-22-03-30-00,0,0,0
2015-08-22-03-45-00,1,0,1
2015-08-22-04-00-00,0,0,0
2015-08-22-04-15-00,0,0,0
2015-08-22-04-30-00,0,0,0
2015-08-22-04-45-00,0,0,0
2015-08-22-05-00-00,0,0,0
2015-08-22-05-15-00,0,0,0
2015-08-22-05-30-00,0,0,0
2015-08-22-05-45-00,1,0,1
2015-08-22-06-00-00,2,1,1
2015-08-22-06-15-00,2,2,0
2015-08-22-06-30-00,5,2,3
2015-08-22-06-45-00,1,1,0
2015-08-22-07-00-00,5,3,2
2015-08-22-07-15-00,5,2,3
2015-08-22-07-30-00,7,4,3
2015-08-22-07-45-00,6,5,1
2015-08-22-08-00-00,9,5,4
2015-08-22-08-15-00,12,6,6
2015-08-22-08-30-00,12,6,6
2015-08-22-08-45-00,16,13,3
2015-08-22-09-00-00,15,7,8
2015-08-22-09-15-00,14,8,6
2015-08-22-09-30-00,16,10,6
2015-08-22-09-45-00,27,13,14
2015-08-22-10-00-00,31,12,19
2015-08-22-10-15-00,48,21,27
2015-08-22-10-30-00,47,19,28
2015-08-22-10-45-00,44,23,21
2015-08-22-11-00-00,57,19,38
2015-08-22-11-15-00,87,39,48
2015-08-22-11-30-00,76,31,45
2015-08-22-11-45-00,64,24,40
2015-08-22-12-00-00,80,24,56
2015-08-22-12-15-00,78,32,46
2015-08-22-12-30-00,97,38,59
2015-08-22-12-45-00,64,26,38
2015-08-22-13-00-00,74,30,44
2015-08-22-13-15-00,86,33,53
2015-08-22-13-30-00,90,34,56
2015-08-22-13-45-00,101,29,72
2015-08-22-14-00-00,86,29,57
2015-08-22-14-15-00,92,47,45
2015-08-22-14-30-00,81,36,45
2015-08-22-14-45-00,57,29,28
2015-08-22-15-00-00,118,48,70
2015-08-22-15-15-00,105,69,36
2015-08-22-15-30-00,117,64,53
2015-08-22-15-45-00,114,47,67
2015-08-22-16-00-00,111,63,48
2015-08-22-16-15-00,83,48,35
2015-08-22-16-30-00,90,51,39
2015-08-22-16-45-00,116,54,62
2015-08-22-17-00-00,103,53,50
2015-08-22-17-15-00,90,52,38
2015-08-22-17-30-00,73,31,42
2015-08-22-17-45-00,98,56,42
2015-08-22-18-00-00,98,50,48
2015-08-22-18-15-00,106,44,62
2015-08-22-18-30-00,71,35,36
2015-08-22-18-45-00,80,40,40
2015-08-22-19-00-00,89,49,40
2015-08-22-19-15-00,74,40,34
2015-08-22-19-30-00,96,57,39
2015-08-22-19-45-00,81,44,37
2015-08-22-20-00-00,67,25,42
2015-08-22-20-15-00,52,32,20
2015-08-22-20-30-00,53,28,25
2015-08-22-20-45-00,48,35,13
2015-08-22-21-00-00,50,29,21
2015-08-22-21-15-00,27,14,13
2015-08-22-21-30-00,14,7,7
2015-08-22-21-45-00,18,15,3
2015-08-22-22-00-00,14,11,3
2015-08-22-22-15-00,35,24,11
2015-08-22-22-30-00,18,12,6
2015-08-22-22-45-00,10,7,3
2015-08-22-23-00-00,21,6,15
2015-08-22-23-15-00,12,10,2
2015-08-22-23-30-00,6,2,4
2015-08-22-23-45-00,5,4,1
2015-08-23-00-00-00,8,6,2
2015-08-23-00-15-00,17,12,5
2015-08-23-00-30-00,7,5,2
2015-08-23-00-45-00,4,0,4
2015-08-23-01-00-00,5,0,5
2015-08-23-01-15-00,1,0,1
2015-08-23-01-30-00,5,2,3
2015-08-23-01-45-00,5,1,4
2015-08-23-02-00-00,1,0,1
2015-08-23-02-15-00,2,2,0
2015-08-23-02-30-00,0,0,0
2015-08-23-02-45-00,4,2,2
2015-08-23-03-00-00,1,0,1
2015-08-23-03-15-00,0,0,0
2015-08-23-03-30-00,1,1,0
2015-08-23-03-45-00,0,0,0
2015-08-23-04-00-00,1,0,1
2015-08-23-04-15-00,0,0,0
2015-08-23-04-30-00,1,1,0
2015-08-23-04-45-00,0,0,0
2015-08-23-05-00-00,0,0,0
2015-08-23-05-15-00,0,0,0
2015-08-23-05-30-00,1,1,0
2015-08-23-05-45-00,0,0,0
2015-08-23-06-00-00,1,0,1
2015-08-23-06-15-00,1,1,0
2015-08-23-06-30-00,3,0,3
2015-08-23-06-45-00,2,1,1
2015-08-23-07-00-00,3,2,1
2015-08-23-07-15-00,2,2,0
2015-08-23-07-30-00,7,3,4
2015-08-23-07-45-00,10,6,4
2015-08-23-08-00-00,5,1,4
2015-08-23-08-15-00,15,7,8
2015-08-23-08-30-00,13,5,8
2015-08-23-08-45-00,24,14,10
2015-08-23-09-00-00,14,7,7
2015-08-23-09-15-00,28,13,15
2015-08-23-09-30-00,20,9,11
2015-08-23-09-45-00,52,25,27
2015-08-23-10-00-00,55,11,44
2015-08-23-10-15-00,40,15,25
2015-08-23-10-30-00,81,40,41
2015-08-23-10-45-00,78,27,51
2015-08-23-11-00-00,91,40,51
2015-08-23-11-15-00,126,39,87
2015-08-23-11-30-00,113,53,60
2015-08-23-11-45-00,113,26,87
2015-08-23-12-00-00,133,50,83
2015-08-23-12-15-00,118,57,61
2015-08-23-12-30-00,113,63,50
2015-08-23-12-45-00,113,45,68
2015-08-23-13-00-00,121,67,54
2015-08-23-13-15-00,133,69,64
2015-08-23-13-30-00,121,56,65
2015-08-23-13-45-00,123,50,73
2015-08-23-14-00-00,140,78,62
2015-08-23-14-15-00,129,70,59
2015-08-23-14-30-00,108,43,65
2015-08-23-14-45-00,135,67,68
2015-08-23-15-00-00,147,82,65
2015-08-23-15-15-00,133,67,66
2015-08-23-15-30-00,129,75,54
2015-08-23-15-45-00,148,79,69
2015-08-23-16-00-00,151,84,67
2015-08-23-16-15-00,133,87,46
2015-08-23-16-30-00,116,61,55
2015-08-23-16-45-00,127,83,44
2015-08-23-17-00-00,109,62,47
2015-08-23-17-15-00,119,80,39
2015-08-23-17-30-00,117,99,18
2015-08-23-17-45-00,114,81,33
2015-08-23-18-00-00,61,36,25
2015-08-23-18-15-00,67,44,23
2015-08-23-18-30-00,67,46,21
2015-08-23-18-45-00,51,31,20
2015-08-23-19-00-00,47,32,15
2015-08-23-19-15-00,40,19,21
2015-08-23-19-30-00,51,27,24
2015-08-23-19-45-00,21,14,7
2015-08-23-20-00-00,22,15,7
2015-08-23-20-15-00,31,22,9
2015-08-23-20-30-00,21,17,4
2015-08-23-20-45-00,11,3,8
2015-08-23-21-00-00,6,2,4
2015-08-23-21-15-00,3,1,2
2015-08-23-21-30-00,0,0,0
2015-08-23-21-45-00,2,2,0
2015-08-23-22-00-00,1,1,0
2015-08-23-22-15-00,7,5,2
2015-08-23-22-30-00,1,0,1
2015-08-23-22-45-00,0,0,0
2015-08-23-23-00-00,0,0,0
2015-08-23-23-15-00,0,0,0
2015-08-23-23-30-00,0,0,0
2015-08-23-23-45-00,0,0,0
2015-08-24-00-00-00,1,0,1
2015-08-24-00-15-00,0,0,0
2015-08-24-00-30-00,0,0,0
2015-08-24-00-45-00,1,0,1
2015-08-24-01-00-00,0,0,0
2015-08-24-01-15-00,0,0,0
2015-08-24-01-30-00,0,0,0
2015-08-24-01-45-00,0,0,0
2015-08-24-02-00-00,0,0,0
2015-08-24-02-15-00,0,0,0
2015-08-24-02-30-00,0,0,0
2015-08-24-02-45-00,0,0,0
2015-08-24-03-00-00,0,0,0
2015-08-24-03-15-00,0,0,0
2015-08-24-03-30-00,0,0,0
2015-08-24-03-45-00,0,0,0
2015-08-24-04-00-00,0,0,0
2015-08-24-04-15-00,0,0,0
2015-08-24-04-30-00,1,0,1
2015-08-24-04-45-00,1,1,0
2015-08-24-05-00-00,0,0,0
2015-08-24-05-15-00,1,0,1
2015-08-24-05-30-00,2,2,0
2015-08-24-05-45-00,6,1,5
2015-08-24-06-00-00,6,2,4
2015-08-24-06-15-00,6,1,5
2015-08-24-06-30-00,6,1,5
2015-08-24-06-45-00,14,11,3
2015-08-24-07-00-00,21,9,12
2015-08-24-07-15-00,45,17,28
2015-08-24-07-30-00,50,16,34
2015-08-24-07-45-00,56,17,39
2015-08-24-08-00-00,51,13,38
2015-08-24-08-15-00,47,7,40
2015-08-24-08-30-00,54,12,42
2015-08-24-08-45-00,46,9,37
2015-08-24-09-00-00,31,5,26
2015-08-24-09-15-00,22,6,16
2015-08-24-09-30-00,22,11,11
2015-08-24-09-45-00,21,12,9
2015-08-24-10-00-00,8,4,4
2015-08-24-10-15-00,18,8,10
2015-08-24-10-30-00,23,8,15
2015-08-24-10-45-00,16,11,5
2015-08-24-11-00-00,17,5,12
2015-08-24-11-15-00,19,15,4
2015-08-24-11-30-00,12,5,7
2015-08-24-11-45-00,22,11,11
2015-08-24-12-00-00,16,10,6
2015-08-24-12-15-00,17,6,11
2015-08-24-12-30-00,21,11,10
2015-08-24-12-45-00,20,9,11
2015-08-24-13-00-00,27,17,10
2015-08-24-13-15-00,20,12,8
2015-08-24-13-30-00,14,7,7
2015-08-24-13-45-00,6,2,4
2015-08-24-14-00-00,10,7,3
2015-08-24-14-15-00,11,6,5
2015-08-24-14-30-00,20,14,6
2015-08-24-14-45-00,34,26,8
2015-08-24-15-00-00,16,13,3
2015-08-24-15-15-00,18,12,6
2015-08-24-15-30-00,14,6,8
2015-08-24-15-45-00,17,12,5
2015-08-24-16-00-00,28,14,14
2015-08-24-16-15-00,33,21,12
2015-08-24-16-30-00,45,34,11
2015-08-24-16-45-00,33,18,15
2015-08-24-17-00-00,52,36,16
2015-08-24-17-15-00,51,43,8
2015-08-24-17-30-00,49,39,10
2015-08-24-17-45-00,58,43,15
2015-08-24-18-00-00,53,37,16
2015-08-24-18-15-00,37,23,14
2015-08-24-18-30-00,30,19,11
2015-08-24-18-45-00,33,25,8
2015-08-24-19-00-00,30,16,14
2015-08-24-19-15-00,25,20,5
2015-08-24-19-30-00,18,11,7
2015-08-24-19-45-00,20,10,10
2015-08-24-20-00-00,17,10,7
2015-08-24-20-15-00,13,6,7
2015-08-24-20-30-00,10,9,1
2015-08-24-20-45-00,5,4,1
2015-08-24-21-00-00,5,1,4
2015-08-24-21-15-00,7,4,3
2015-08-24-21-30-00,3,1,2
2015-08-24-21-45-00,1,0,1
2015-08-24-22-00-00,2,1,1
2015-08-24-22-15-00,4,2,2
2015-08-24-22-30-00,4,3,1
2015-08-24-22-45-00,0,0,0
2015-08-24-23-00-00,0,0,0
2015-08-24-23-15-00,0,0,0
2015-08-24-23-30-00,0,0,0
2015-08-24-23-45-00,1,0,1
2015-08-25-00-00-00,0,0,0
2015-08-25-00-15-00,0,0,0
2015-08-25-00-30-00,1,0,1
2015-08-25-00-45-00,0,0,0
2015-08-25-01-00-00,0,0,0
2015-08-25-01-15-00,0,0,0
2015-08-25-01-30-00,0,0,0
2015-08-25-01-45-00,0,0,0
2015-08-25-02-00-00,0,0,0
2015-08-25-02-15-00,0,0,0
2015-08-25-02-30-00,0,0,0
2015-08-25-02-45-00,0,0,0
2015-08-25-03-00-00,0,0,0
2015-08-25-03-15-00,0,0,0
2015-08-25-03-30-00,0,0,0
2015-08-25-03-45-00,0,0,0
2015-08-25-04-00-00,0,0,0
2015-08-25-04-15-00,0,0,0
2015-08-25-04-30-00,0,0,0
2015-08-25-04-45-00,1,1,0
2015-08-25-05-00-00,0,0,0
2015-08-25-05-15-00,0,0,0
2015-08-25-05-30-00,0,0,0
2015-08-25-05-45-00,4,1,3
2015-08-25-06-00-00,2,1,1
2015-08-25-06-15-00,5,1,4
2015-08-25-06-30-00,7,2,5
2015-08-25-06-45-00,4,2,2
2015-08-25-07-00-00,21,4,17
2015-08-25-07-15-00,24,8,16
2015-08-25-07-30-00,48,16,32
2015-08-25-07-45-00,48,11,37
2015-08-25-08-00-00,45,9,36
2015-08-25-08-15-00,49,7,42
2015-08-25-08-30-00,57,11,46
2015-08-25-08-45-00,36,9,27
2015-08-25-09-00-00,29,7,22
2015-08-25-09-15-00,26,11,15
2015-08-25-09-30-00,14,6,8
2015-08-25-09-45-00,20,9,11
2015-08-25-10-00-00,22,5,17
2015-08-25-10-15-00,12,7,5
2015-08-25-10-30-00,21,9,12
2015-08-25-10-45-00,14,7,7
2015-08-25-11-00-00,17,8,9
2015-08-25-11-15-00,13,5,8
2015-08-25-11-30-00,11,7,4
2015-08-25-11-45-00,27,10,17
2015-08-25-12-00-00,17,2,15
2015-08-25-12-15-00,20,8,12
2015-08-25-12-30-00,15,9,6
2015-08-25-12-45-00,12,6,6
2015-08-25-13-00-00,20,8,12
2015-08-25-13-15-00,10,5,5
2015-08-25-13-30-00,21,14,7
2015-08-25-13-45-00,21,9,12
2015-08-25-14-00-00,23,13,10
2015-08-25-14-15-00,19,10,9
2015-08-25-14-30-00,22,11,11
2015-08-25-14-45-00,28,13,15
2015-08-25-15-00-00,29,18,11
2015-08-25-15-15-00,36,25,11
2015-08-25-15-30-00,32,21,11
2015-08-25-15-45-00,40,24,16
2015-08-25-16-00-00,30,20,10
2015-08-25-16-15-00,59,43,16
2015-08-25-16-30-00,61,34,27
2015-08-25-16-45-00,53,30,23
2015-08-25-17-00-00,55,36,19
2015-08-25-17-15-00,54,39,15
2015-08-25-17-30-00,62,45,17
2015-08-25-17-45-00,69,43,26
2015-08-25-18-00-00,70,44,26
2015-08-25-18-15-00,66,38,28
2015-08-25-18-30-00,44,31,13
2015-08-25-18-45-00,60,30,30
2015-08-25-19-00-00,40,24,16
2015-08-25-19-15-00,36,20,16
2015-08-25-19-30-00,34,19,15
2015-08-25-19-45-00,36,20,16
2015-08-25-20-00-00,43,27,16
2015-08-25-20-15-00,32,15,17
2015-08-25-20-30-00,16,7,9
2015-08-25-20-45-00,19,13,6
2015-08-25-21-00-00,14,10,4
2015-08-25-21-15-00,17,15,2
2015-08-25-21-30-00,6,5,1
2015-08-25-21-45-00,4,2,2
2015-08-25-22-00-00,8,6,2
2015-08-25-22-15-00,3,3,0
2015-08-25-22-30-00,6,2,4
2015-08-25-22-45-00,2,1,1
2015-08-25-23-00-00,1,1,0
2015-08-25-23-15-00,2,1,1
2015-08-25-23-30-00,3,3,0
2015-08-25-23-45-00,0,0,0
2015-08-26-00-00-00,1,1,0
2015-08-26-00-15-00,1,1,0
2015-08-26-00-30-00,1,0,1
2015-08-26-00-45-00,0,0,0
2015-08-26-01-00-00,0,0,0
2015-08-26-01-15-00,0,0,0
2015-08-26-01-30-00,3,0,3
2015-08-26-01-45-00,0,0,0
2015-08-26-02-00-00,0,0,0
2015-08-26-02-15-00,0,0,0
2015-08-26-02-30-00,0,0,0
2015-08-26-02-45-00,0,0,0
2015-08-26-03-00-00,0,0,0
2015-08-26-03-15-00,0,0,0
2015-08-26-03-30-00,2,2,0
2015-08-26-03-45-00,0,0,0
2015-08-26-04-00-00,0,0,0
2015-08-26-04-15-00,0,0,0
2015-08-26-04-30-00,1,0,1
2015-08-26-04-45-00,1,1,0
2015-08-26-05-00-00,0,0,0
2015-08-26-05-15-00,1,0,1
2015-08-26-05-30-00,1,1,0
2015-08-26-05-45-00,6,1,5
2015-08-26-06-00-00,9,2,7
2015-08-26-06-15-00,7,3,4
2015-08-26-06-30-00,15,6,9
2015-08-26-06-45-00,16,8,8
2015-08-26-07-00-00,26,13,13
2015-08-26-07-15-00,48,15,33
2015-08-26-07-30-00,69,19,50
2015-08-26-07-45-00,54,13,41
2015-08-26-08-00-00,63,12,51
2015-08-26-08-15-00,66,16,50
2015-08-26-08-30-00,63,14,49
2015-08-26-08-45-00,55,13,42
2015-08-26-09-00-00,48,13,35
2015-08-26-09-15-00,29,12,17
2015-08-26-09-30-00,23,11,12
2015-08-26-09-45-00,27,8,19
2015-08-26-10-00-00,24,13,11
2015-08-26-10-15-00,34,12,22
2015-08-26-10-30-00,38,12,26
2015-08-26-10-45-00,45,14,31
2015-08-26-11-00-00,36,22,14
2015-08-26-11-15-00,53,31,22
2015-08-26-11-30-00,58,19,39
2015-08-26-11-45-00,28,13,15
2015-08-26-12-00-00,31,13,18
2015-08-26-12-15-00,41,27,14
2015-08-26-12-30-00,54,24,30
2015-08-26-12-45-00,43,22,21
2015-08-26-13-00-00,42,15,27
2015-08-26-13-15-00,38,17,21
2015-08-26-13-30-00,54,22,32
2015-08-26-13-45-00,50,27,23
2015-08-26-14-00-00,54,26,28
2015-08-26-14-15-00,66,42,24
2015-08-26-14-30-00,69,31,38
2015-08-26-14-45-00,73,40,33
2015-08-26-15-00-00,44,29,15
2015-08-26-15-15-00,73,46,27
2015-08-26-15-30-00,57,36,21
2015-08-26-15-45-00,61,40,21
2015-08-26-16-00-00,98,57,41
2015-08-26-16-15-00,80,56,24
2015-08-26-16-30-00,101,73,28
2015-08-26-16-45-00,94,57,37
2015-08-26-17-00-00,77,48,29
2015-08-26-17-15-00,107,60,47
2015-08-26-17-30-00,92,61,31
2015-08-26-17-45-00,111,59,52
2015-08-26-18-00-00,104,67,37
2015-08-26-18-15-00,104,69,35
2015-08-26-18-30-00,99,60,39
2015-08-26-18-45-00,76,46,30
2015-08-26-19-00-00,76,49,27
2015-08-26-19-15-00,75,38,37
2015-08-26-19-30-00,57,35,22
2015-08-26-19-45-00,41,34,7
2015-08-26-20-00-00,78,39,39
2015-08-26-20-15-00,61,33,28
2015-08-26-20-30-00,40,24,16
2015-08-26-20-45-00,32,23,9
2015-08-26-21-00-00,15,8,7
2015-08-26-21-15-00,28,22,6
2015-08-26-21-30-00,17,7,10
2015-08-26-21-45-00,5,2,3
2015-08-26-22-00-00,14,7,7
2015-08-26-22-15-00,8,0,8
2015-08-26-22-30-00,6,2,4
2015-08-26-22-45-00,6,4,2
2015-08-26-23-00-00,3,3,0
2015-08-26-23-15-00,11,6,5
2015-08-26-23-30-00,2,1,1
2015-08-26-23-45-00,1,0,1
2015-08-27-00-00-00,3,1,2
2015-08-27-00-15-00,1,0,1
2015-08-27-00-30-00,2,0,2
2015-08-27-00-45-00,1,0,1
2015-08-27-01-00-00,3,1,2
2015-08-27-01-15-00,1,0,1
2015-08-27-01-30-00,0,0,0
2015-08-27-01-45-00,0,0,0
2015-08-27-02-00-00,2,1,1
2015-08-27-02-15-00,0,0,0
2015-08-27-02-30-00,4,4,0
2015-08-27-02-45-00,0,0,0
2015-08-27-03-00-00,0,0,0
2015-08-27-03-15-00,1,0,1
2015-08-27-03-30-00,0,0,0
2015-08-27-03-45-00,0,0,0
2015-08-27-04-00-00,0,0,0
2015-08-27-04-15-00,2,2,0
2015-08-27-04-30-00,1,1,0
2015-08-27-04-45-00,1,1,0
2015-08-27-05-00-00,0,0,0
2015-08-27-05-15-00,1,0,1
2015-08-27-05-30-00,0,0,0
2015-08-27-05-45-00,5,2,3
2015-08-27-06-00-00,3,0,3
2015-08-27-06-15-00,7,2,5
2015-08-27-06-30-00,10,2,8
2015-08-27-06-45-00,12,9,3
2015-08-27-07-00-00,21,10,11
2015-08-27-07-15-00,26,10,16
2015-08-27-07-30-00,41,14,27
2015-08-27-07-45-00,36,9,27
2015-08-27-08-00-00,45,10,35
2015-08-27-08-15-00,24,6,18
2015-08-27-08-30-00,27,1,26
2015-08-27-08-45-00,33,6,27
2015-08-27-09-00-00,16,4,12
2015-08-27-09-15-00,15,4,11
2015-08-27-09-30-00,15,7,8
2015-08-27-09-45-00,7,3,4
2015-08-27-10-00-00,8,4,4
2015-08-27-10-15-00,4,2,2
2015-08-27-10-30-00,5,1,4
2015-08-27-10-45-00,5,0,5
2015-08-27-11-00-00,7,1,6
2015-08-27-11-15-00,8,4,4
2015-08-27-11-30-00,14,12,2
2015-08-27-11-45-00,5,2,3
2015-08-27-12-00-00,9,3,6
2015-08-27-12-15-00,9,7,2
2015-08-27-12-30-00,9,3,6
2015-08-27-12-45-00,12,7,5
2015-08-27-13-00-00,9,4,5
2015-08-27-13-15-00,10,7,3
2015-08-27-13-30-00,5,2,3
2015-08-27-13-45-00,10,4,6
2015-08-27-14-00-00,13,11,2
2015-08-27-14-15-00,5,2,3
2015-08-27-14-30-00,10,5,5
2015-08-27-14-45-00,7,5,2
2015-08-27-15-00-00,9,2,7
2015-08-27-15-15-00,9,8,1
2015-08-27-15-30-00,16,12,4
2015-08-27-15-45-00,10,8,2
2015-08-27-16-00-00,14,8,6
2015-08-27-16-15-00,17,11,6
2015-08-27-16-30-00,11,6,5
2015-08-27-16-45-00,17,9,8
2015-08-27-17-00-00,23,15,8
2015-08-27-17-15-00,15,13,2
2015-08-27-17-30-00,14,9,5
2015-08-27-17-45-00,20,13,7
2015-08-27-18-00-00,12,8,4
2015-08-27-18-15-00,13,11,2
2015-08-27-18-30-00,19,15,4
2015-08-27-18-45-00,9,7,2
2015-08-27-19-00-00,12,9,3
2015-08-27-19-15-00,10,9,1
2015-08-27-19-30-00,6,5,1
2015-08-27-19-45-00,4,3,1
2015-08-27-20-00-00,3,1,2
2015-08-27-20-15-00,6,4,2
2015-08-27-20-30-00,6,4,2
2015-08-27-20-45-00,1,0,1
2015-08-27-21-00-00,2,0,2
2015-08-27-21-15-00,5,5,0
2015-08-27-21-30-00,2,0,2
2015-08-27-21-45-00,1,1,0
2015-08-27-22-00-00,0,0,0
2015-08-27-22-15-00,2,1,1
2015-08-27-22-30-00,0,0,0
2015-08-27-22-45-00,1,0,1
2015-08-27-23-00-00,0,0,0
2015-08-27-23-15-00,1,1,0
2015-08-27-23-30-00,0,0,0
2015-08-27-23-45-00,0,0,0
2015-08-28-00-00-00,0,0,0
2015-08-28-00-15-00,1,0,1
2015-08-28-00-30-00,1,0,1
2015-08-28-00-45-00,0,0,0
2015-08-28-01-00-00,0,0,0
2015-08-28-01-15-00,0,0,0
2015-08-28-01-30-00,0,0,0
2015-08-28-01-45-00,0,0,0
2015-08-28-02-00-00,0,0,0
2015-08-28-02-15-00,0,0,0
2015-08-28-02-30-00,0,0,0
2015-08-28-02-45-00,0,0,0
2015-08-28-03-00-00,0,0,0
2015-08-28-03-15-00,0,0,0
2015-08-28-03-30-00,0,0,0
2015-08-28-03-45-00,1,1,0
2015-08-28-04-00-00,0,0,0
2015-08-28-04-15-00,0,0,0
2015-08-28-04-30-00,0,0,0
2015-08-28-04-45-00,0,0,0
2015-08-28-05-00-00,0,0,0
2015-08-28-05-15-00,1,1,0
2015-08-28-05-30-00,1,0,1
2015-08-28-05-45-00,3,0,3
2015-08-28-06-00-00,3,1,2
2015-08-28-06-15-00,7,3,4
2015-08-28-06-30-00,7,0,7
2015-08-28-06-45-00,14,12,2
2015-08-28-07-00-00,22,9,13
2015-08-28-07-15-00,30,9,21
2015-08-28-07-30-00,42,21,21
2015-08-28-07-45-00,43,14,29
2015-08-28-08-00-00,52,12,40
2015-08-28-08-15-00,49,13,36
2015-08-28-08-30-00,42,9,33
2015-08-28-08-45-00,41,8,33
2015-08-28-09-00-00,21,6,15
2015-08-28-09-15-00,24,10,14
2015-08-28-09-30-00,16,7,9
2015-08-28-09-45-00,17,8,9
2015-08-28-10-00-00,27,8,19
2015-08-28-10-15-00,22,7,15
2015-08-28-10-30-00,26,11,15
2015-08-28-10-45-00,14,10,4
2015-08-28-11-00-00,18,10,8
2015-08-28-11-15-00,20,8,12
2015-08-28-11-30-00,41,23,18
2015-08-28-11-45-00,23,15,8
2015-08-28-12-00-00,24,8,16
2015-08-28-12-15-00,32,19,13
2015-08-28-12-30-00,23,9,14
2015-08-28-12-45-00,36,18,18
2015-08-28-13-00-00,31,11,20
2015-08-28-13-15-00,42,22,20
2015-08-28-13-30-00,31,19,12
2015-08-28-13-45-00,18,6,12
2015-08-28-14-00-00,33,22,11
2015-08-28-14-15-00,25,17,8
2015-08-28-14-30-00,44,28,16
2015-08-28-14-45-00,78,55,23
2015-08-28-15-00-00,50,34,16
2015-08-28-15-15-00,49,33,16
2015-08-28-15-30-00,65,32,33
2015-08-28-15-45-00,62,38,24
2015-08-28-16-00-00,53,33,20
2015-08-28-16-15-00,53,35,18
2015-08-28-16-30-00,56,21,35
2015-08-28-16-45-00,75,48,27
2015-08-28-17-00-00,74,47,27
2015-08-28-17-15-00,63,43,20
2015-08-28-17-30-00,62,39,23
2015-08-28-17-45-00,59,27,32
2015-08-28-18-00-00,51,13,38
2015-08-28-18-15-00,85,46,39
2015-08-28-18-30-00,87,35,52
2015-08-28-18-45-00,63,27,36
2015-08-28-19-00-00,49,21,28
2015-08-28-19-15-00,48,25,23
2015-08-28-19-30-00,49,29,20
2015-08-28-19-45-00,44,16,28
2015-08-28-20-00-00,44,17,27
2015-08-28-20-15-00,41,23,18
2015-08-28-20-30-00,30,15,15
2015-08-28-20-45-00,21,12,9
2015-08-28-21-00-00,22,16,6
2015-08-28-21-15-00,26,11,15
2015-08-28-21-30-00,17,8,9
2015-08-28-21-45-00,4,2,2
2015-08-28-22-00-00,3,2,1
2015-08-28-22-15-00,10,8,2
2015-08-28-22-30-00,9,9,0
2015-08-28-22-45-00,16,12,4
2015-08-28-23-00-00,38,36,2
2015-08-28-23-15-00,19,18,1
2015-08-28-23-30-00,6,4,2
2015-08-28-23-45-00,4,3,1
2015-08-29-00-00-00,4,2,2
2015-08-29-00-15-00,0,0,0
2015-08-29-00-30-00,4,1,3
2015-08-29-00-45-00,1,0,1
2015-08-29-01-00-00,3,2,1
2015-08-29-01-15-00,1,1,0
2015-08-29-01-30-00,3,1,2
2015-08-29-01-45-00,1,0,1
2015-08-29-02-00-00,2,0,2
2015-08-29-02-15-00,1,1,0
2015-08-29-02-30-00,0,0,0
2015-08-29-02-45-00,1,1,0
2015-08-29-03-00-00,4,1,3
2015-08-29-03-15-00,0,0,0
2015-08-29-03-30-00,0,0,0
2015-08-29-03-45-00,1,1,0
2015-08-29-04-00-00,0,0,0
2015-08-29-04-15-00,1,0,1
2015-08-29-04-30-00,0,0,0
2015-08-29-04-45-00,2,1,1
2015-08-29-05-00-00,0,0,0
2015-08-29-05-15-00,1,0,1
2015-08-29-05-30-00,0,0,0
2015-08-29-05-45-00,0,0,0
2015-08-29-06-00-00,0,0,0
2015-08-29-06-15-00,1,1,0
2015-08-29-06-30-00,1,0,1
2015-08-29-06-45-00,5,3,2
2015-08-29-07-00-00,5,3,2
2015-08-29-07-15-00,7,3,4
2015-08-29-07-30-00,9,4,5
2015-08-29-07-45-00,11,7,4
2015-08-29-08-00-00,9,5,4
2015-08-29-08-15-00,9,7,2
2015-08-29-08-30-00,14,9,5
2015-08-29-08-45-00,10,6,4
2015-08-29-09-00-00,10,5,5
2015-08-29-09-15-00,14,9,5
2015-08-29-09-30-00,16,9,7
2015-08-29-09-45-00,33,19,14
2015-08-29-10-00-00,27,17,10
2015-08-29-10-15-00,32,12,20
2015-08-29-10-30-00,59,19,40
2015-08-29-10-45-00,34,22,12
2015-08-29-11-00-00,52,18,34
2015-08-29-11-15-00,51,27,24
2015-08-29-11-30-00,70,32,38
2015-08-29-11-45-00,69,19,50
2015-08-29-12-00-00,61,27,34
2015-08-29-12-15-00,58,25,33
2015-08-29-12-30-00,89,46,43
2015-08-29-12-45-00,66,30,36
2015-08-29-13-00-00,54,25,29
2015-08-29-13-15-00,86,33,53
2015-08-29-13-30-00,90,43,47
2015-08-29-13-45-00,67,25,42
2015-08-29-14-00-00,81,37,44
2015-08-29-14-15-00,80,28,52
2015-08-29-14-30-00,105,34,71
2015-08-29-14-45-00,79,40,39
2015-08-29-15-00-00,94,46,48
2015-08-29-15-15-00,106,56,50
2015-08-29-15-30-00,93,57,36
2015-08-29-15-45-00,84,40,44
2015-08-29-16-00-00,89,51,38
2015-08-29-16-15-00,90,36,54
2015-08-29-16-30-00,80,35,45
2015-08-29-16-45-00,106,57,49
2015-08-29-17-00-00,118,78,40
2015-08-29-17-15-00,74,41,33
2015-08-29-17-30-00,79,53,26
2015-08-29-17-45-00,107,53,54
2015-08-29-18-00-00,85,45,40
2015-08-29-18-15-00,81,53,28
2015-08-29-18-30-00,88,51,37
2015-08-29-18-45-00,85,47,38
2015-08-29-19-00-00,74,44,30
2015-08-29-19-15-00,64,36,28
2015-08-29-19-30-00,54,36,18
2015-08-29-19-45-00,54,27,27
2015-08-29-20-00-00,53,35,18
2015-08-29-20-15-00,51,24,27
2015-08-29-20-30-00,46,23,23
2015-08-29-20-45-00,35,15,20
2015-08-29-21-00-00,41,28,13
2015-08-29-21-15-00,34,23,11
2015-08-29-21-30-00,16,9,7
2015-08-29-21-45-00,11,8,3
2015-08-29-22-00-00,18,11,7
2015-08-29-22-15-00,23,12,11
2015-08-29-22-30-00,15,5,10
2015-08-29-22-45-00,13,10,3
2015-08-29-23-00-00,14,3,11
2015-08-29-23-15-00,15,12,3
2015-08-29-23-30-00,2,2,0
2015-08-29-23-45-00,19,14,5
2015-08-30-00-00-00,13,11,2
2015-08-30-00-15-00,9,3,6
2015-08-30-00-30-00,3,2,1
2015-08-30-00-45-00,4,2,2
2015-08-30-01-00-00,1,1,0
2015-08-30-01-15-00,7,4,3
2015-08-30-01-30-00,4,3,1
2015-08-30-01-45-00,4,1,3
2015-08-30-02-00-00,3,2,1
2015-08-30-02-15-00,0,0,0
2015-08-30-02-30-00,1,0,1
2015-08-30-02-45-00,0,0,0
2015-08-30-03-00-00,0,0,0
2015-08-30-03-15-00,1,1,0
2015-08-30-03-30-00,1,1,0
2015-08-30-03-45-00,1,0,1
2015-08-30-04-00-00,0,0,0
2015-08-30-04-15-00,0,0,0
2015-08-30-04-30-00,1,0,1
2015-08-30-04-45-00,0,0,0
2015-08-30-05-00-00,0,0,0
2015-08-30-05-15-00,0,0,0
2015-08-30-05-30-00,2,0,2
2015-08-30-05-45-00,0,0,0
2015-08-30-06-00-00,0,0,0
2015-08-30-06-15-00,1,0,1
2015-08-30-06-30-00,3,1,2
2015-08-30-06-45-00,1,0,1
2015-08-30-07-00-00,2,2,0
2015-08-30-07-15-00,4,2,2
2015-08-30-07-30-00,8,5,3
2015-08-30-07-45-00,13,4,9
2015-08-30-08-00-00,14,7,7
2015-08-30-08-15-00,12,0,12
2015-08-30-08-30-00,16,9,7
2015-08-30-08-45-00,21,10,11
2015-08-30-09-00-00,32,15,17
2015-08-30-09-15-00,22,7,15
2015-08-30-09-30-00,43,19,24
2015-08-30-09-45-00,52,27,25
2015-08-30-10-00-00,54,18,36
2015-08-30-10-15-00,54,27,27
2015-08-30-10-30-00,70,35,35
2015-08-30-10-45-00,68,25,43
2015-08-30-11-00-00,81,37,44
2015-08-30-11-15-00,108,31,77
2015-08-30-11-30-00,110,40,70
2015-08-30-11-45-00,89,33,56
2015-08-30-12-00-00,108,45,63
2015-08-30-12-15-00,82,32,50
2015-08-30-12-30-00,111,52,59
2015-08-30-12-45-00,86,40,46
2015-08-30-13-00-00,113,44,69
2015-08-30-13-15-00,99,39,60
2015-08-30-13-30-00,94,45,49
2015-08-30-13-45-00,108,58,50
2015-08-30-14-00-00,118,64,54
2015-08-30-14-15-00,121,61,60
2015-08-30-14-30-00,114,66,48
2015-08-30-14-45-00,73,37,36
2015-08-30-15-00-00,119,49,70
2015-08-30-15-15-00,93,53,40
2015-08-30-15-30-00,106,56,50
2015-08-30-15-45-00,116,65,51
2015-08-30-16-00-00,91,49,42
2015-08-30-16-15-00,90,55,35
2015-08-30-16-30-00,103,67,36
2015-08-30-16-45-00,97,52,45
2015-08-30-17-00-00,97,54,43
2015-08-30-17-15-00,89,66,23
2015-08-30-17-30-00,93,66,27
2015-08-30-17-45-00,77,50,27
2015-08-30-18-00-00,95,42,53
2015-08-30-18-15-00,82,53,29
2015-08-30-18-30-00,74,41,33
2015-08-30-18-45-00,81,58,23
2015-08-30-19-00-00,72,39,33
2015-08-30-19-15-00,68,41,27
2015-08-30-19-30-00,75,44,31
2015-08-30-19-45-00,71,46,25
2015-08-30-20-00-00,47,29,18
2015-08-30-20-15-00,66,39,27
2015-08-30-20-30-00,28,23,5
2015-08-30-20-45-00,37,22,15
2015-08-30-21-00-00,22,20,2
2015-08-30-21-15-00,14,14,0
2015-08-30-21-30-00,12,8,4
2015-08-30-21-45-00,7,7,0
2015-08-30-22-00-00,7,4,3
2015-08-30-22-15-00,7,6,1
2015-08-30-22-30-00,9,6,3
2015-08-30-22-45-00,1,1,0
2015-08-30-23-00-00,4,1,3
2015-08-30-23-15-00,1,0,1
2015-08-30-23-30-00,6,3,3
2015-08-30-23-45-00,5,4,1
2015-08-31-00-00-00,1,1,0
2015-08-31-00-15-00,2,0,2
2015-08-31-00-30-00,1,1,0
2015-08-31-00-45-00,0,0,0
2015-08-31-01-00-00,0,0,0
2015-08-31-01-15-00,0,0,0
2015-08-31-01-30-00,0,0,0
2015-08-31-01-45-00,1,1,0
2015-08-31-02-00-00,0,0,0
2015-08-31-02-15-00,0,0,0
2015-08-31-02-30-00,0,0,0
2015-08-31-02-45-00,1,1,0
2015-08-31-03-00-00,0,0,0
2015-08-31-03-15-00,0,0,0
2015-08-31-03-30-00,0,0,0
2015-08-31-03-45-00,1,1,0
2015-08-31-04-00-00,0,0,0
2015-08-31-04-15-00,0,0,0
2015-08-31-04-30-00,1,0,1
2015-08-31-04-45-00,0,0,0
2015-08-31-05-00-00,0,0,0
2015-08-31-05-15-00,2,0,2
2015-08-31-05-30-00,2,1,1
2015-08-31-05-45-00,6,0,6
2015-08-31-06-00-00,4,1,3
2015-08-31-06-15-00,5,1,4
2015-08-31-06-30-00,12,6,6
2015-08-31-06-45-00,19,13,6
2015-08-31-07-00-00,33,8,25
2015-08-31-07-15-00,55,20,35
2015-08-31-07-30-00,57,19,38
2015-08-31-07-45-00,47,11,36
2015-08-31-08-00-00,60,14,46
2015-08-31-08-15-00,61,14,47
2015-08-31-08-30-00,75,19,56
2015-08-31-08-45-00,50,15,35
2015-08-31-09-00-00,45,13,32
2015-08-31-09-15-00,37,12,25
2015-08-31-09-30-00,36,15,21
2015-08-31-09-45-00,24,13,11
2015-08-31-10-00-00,30,16,14
2015-08-31-10-15-00,47,14,33
2015-08-31-10-30-00,36,11,25
2015-08-31-10-45-00,34,14,20
2015-08-31-11-00-00,42,24,18
2015-08-31-11-15-00,32,18,14
2015-08-31-11-30-00,46,17,29
2015-08-31-11-45-00,32,15,17
2015-08-31-12-00-00,31,16,15
2015-08-31-12-15-00,46,20,26
2015-08-31-12-30-00,39,18,21
2015-08-31-12-45-00,33,17,16
2015-08-31-13-00-00,40,20,20
2015-08-31-13-15-00,50,18,32
2015-08-31-13-30-00,37,22,15
2015-08-31-13-45-00,45,25,20
2015-08-31-14-00-00,35,19,16
2015-08-31-14-15-00,41,23,18
2015-08-31-14-30-00,40,23,17
2015-08-31-14-45-00,43,21,22
2015-08-31-15-00-00,39,26,13
2015-08-31-15-15-00,59,30,29
2015-08-31-15-30-00,52,33,19
2015-08-31-15-45-00,45,32,13
2015-08-31-16-00-00,69,43,26
2015-08-31-16-15-00,68,43,25
2015-08-31-16-30-00,82,54,28
2015-08-31-16-45-00,66,43,23
2015-08-31-17-00-00,72,44,28
2015-08-31-17-15-00,93,56,37
2015-08-31-17-30-00,86,56,30
2015-08-31-17-45-00,96,60,36
2015-08-31-18-00-00,73,41,32
2015-08-31-18-15-00,85,55,30
2015-08-31-18-30-00,83,51,32
2015-08-31-18-45-00,83,51,32
2015-08-31-19-00-00,82,49,33
2015-08-31-19-15-00,63,30,33
2015-08-31-19-30-00,63,40,23
2015-08-31-19-45-00,56,41,15
2015-08-31-20-00-00,50,35,15
2015-08-31-20-15-00,48,31,17
2015-08-31-20-30-00,34,19,15
2015-08-31-20-45-00,14,11,3
2015-08-31-21-00-00,23,17,6
2015-08-31-21-15-00,13,6,7
2015-08-31-21-30-00,14,7,7
2015-08-31-21-45-00,11,8,3
2015-08-31-22-00-00,14,5,9
2015-08-31-22-15-00,5,2,3
2015-08-31-22-30-00,4,0,4
2015-08-31-22-45-00,6,3,3
2015-08-31-23-00-00,6,1,5
2015-08-31-23-15-00,5,3,2
2015-08-31-23-30-00,0,0,0
2015-08-31-23-45-00,1,1,0
2015-09-01-00-00-00,2,2,0
2015-09-01-00-15-00,0,0,0
2015-09-01-00-30-00,2,1,1
2015-09-01-00-45-00,0,0,0
2015-09-01-01-00-00,1,0,1
2015-09-01-01-15-00,2,2,0
2015-09-01-01-30-00,1,0,1
2015-09-01-01-45-00,0,0,0
2015-09-01-02-00-00,0,0,0
2015-09-01-02-15-00,0,0,0
2015-09-01-02-30-00,1,0,1
2015-09-01-02-45-00,0,0,0
2015-09-01-03-00-00,0,0,0
2015-09-01-03-15-00,0,0,0
2015-09-01-03-30-00,0,0,0
2015-09-01-03-45-00,0,0,0
2015-09-01-04-00-00,1,0,1
2015-09-01-04-15-00,0,0,0
2015-09-01-04-30-00,0,0,0
2015-09-01-04-45-00,0,0,0
2015-09-01-05-00-00,0,0,0
2015-09-01-05-15-00,1,0,1
2015-09-01-05-30-00,3,1,2
2015-09-01-05-45-00,4,0,4
2015-09-01-06-00-00,1,0,1
2015-09-01-06-15-00,5,1,4
2015-09-01-06-30-00,5,2,3
2015-09-01-06-45-00,17,6,11
2015-09-01-07-00-00,9,1,8
2015-09-01-07-15-00,9,4,5
2015-09-01-07-30-00,16,9,7
2015-09-01-07-45-00,11,6,5
2015-09-01-08-00-00,26,4,22
2015-09-01-08-15-00,23,5,18
2015-09-01-08-30-00,22,4,18
2015-09-01-08-45-00,14,5,9
2015-09-01-09-00-00,6,0,6
2015-09-01-09-15-00,6,3,3
2015-09-01-09-30-00,6,0,6
2015-09-01-09-45-00,2,1,1
2015-09-01-10-00-00,2,0,2
2015-09-01-10-15-00,1,1,0
2015-09-01-10-30-00,3,2,1
2015-09-01-10-45-00,0,0,0
2015-09-01-11-00-00,5,2,3
2015-09-01-11-15-00,3,1,2
2015-09-01-11-30-00,1,1,0
2015-09-01-11-45-00,0,0,0
2015-09-01-12-00-00,3,2,1
2015-09-01-12-15-00,2,0,2
2015-09-01-12-30-00,3,2,1
2015-09-01-12-45-00,1,1,0
2015-09-01-13-00-00,4,1,3
2015-09-01-13-15-00,4,3,1
2015-09-01-13-30-00,5,3,2
2015-09-01-13-45-00,2,2,0
2015-09-01-14-00-00,5,1,4
2015-09-01-14-15-00,4,4,0
2015-09-01-14-30-00,7,4,3
2015-09-01-14-45-00,3,3,0
2015-09-01-15-00-00,9,6,3
2015-09-01-15-15-00,8,4,4
2015-09-01-15-30-00,6,4,2
2015-09-01-15-45-00,10,4,6
2015-09-01-16-00-00,11,8,3
2015-09-01-16-15-00,14,9,5
2015-09-01-16-30-00,12,5,7
2015-09-01-16-45-00,29,18,11
2015-09-01-17-00-00,19,13,6
2015-09-01-17-15-00,27,22,5
2015-09-01-17-30-00,15,11,4
2015-09-01-17-45-00,25,20,5
2015-09-01-18-00-00,26,18,8
2015-09-01-18-15-00,25,22,3
2015-09-01-18-30-00,25,15,10
2015-09-01-18-45-00,30,20,10
2015-09-01-19-00-00,13,6,7
2015-09-01-19-15-00,15,12,3
2015-09-01-19-30-00,20,12,8
2015-09-01-19-45-00,18,10,8
2015-09-01-20-00-00,21,10,11
2015-09-01-20-15-00,17,12,5
2015-09-01-20-30-00,12,5,7
2015-09-01-20-45-00,12,4,8
2015-09-01-21-00-00,2,0,2
2015-09-01-21-15-00,5,2,3
2015-09-01-21-30-00,5,1,4
2015-09-01-21-45-00,2,2,0
2015-09-01-22-00-00,1,1,0
2015-09-01-22-15-00,4,1,3
2015-09-01-22-30-00,1,0,1
2015-09-01-22-45-00,2,2,0
2015-09-01-23-00-00,2,1,1
2015-09-01-23-15-00,0,0,0
2015-09-01-23-30-00,0,0,0
2015-09-01-23-45-00,1,0,1
2015-09-02-00-00-00,0,0,0
2015-09-02-00-15-00,1,0,1
2015-09-02-00-30-00,0,0,0
2015-09-02-00-45-00,1,1,0
2015-09-02-01-00-00,0,0,0
2015-09-02-01-15-00,0,0,0
2015-09-02-01-30-00,0,0,0
2015-09-02-01-45-00,0,0,0
2015-09-02-02-00-00,0,0,0
2015-09-02-02-15-00,1,0,1
2015-09-02-02-30-00,0,0,0
2015-09-02-02-45-00,0,0,0
2015-09-02-03-00-00,0,0,0
2015-09-02-03-15-00,0,0,0
2015-09-02-03-30-00,0,0,0
2015-09-02-03-45-00,0,0,0
2015-09-02-04-00-00,0,0,0
2015-09-02-04-15-00,0,0,0
2015-09-02-04-30-00,0,0,0
2015-09-02-04-45-00,0,0,0
2015-09-02-05-00-00,0,0,0
2015-09-02-05-15-00,1,0,1
2015-09-02-05-30-00,1,0,1
2015-09-02-05-45-00,4,1,3
2015-09-02-06-00-00,4,1,3
2015-09-02-06-15-00,6,2,4
2015-09-02-06-30-00,11,3,8
2015-09-02-06-45-00,18,6,12
2015-09-02-07-00-00,23,14,9
2015-09-02-07-15-00,52,23,29
2015-09-02-07-30-00,48,15,33
2015-09-02-07-45-00,53,19,34
2015-09-02-08-00-00,52,10,42
2015-09-02-08-15-00,57,10,47
2015-09-02-08-30-00,61,11,50
2015-09-02-08-45-00,50,16,34
2015-09-02-09-00-00,29,8,21
2015-09-02-09-15-00,22,3,19
2015-09-02-09-30-00,23,9,14
2015-09-02-09-45-00,20,6,14
2015-09-02-10-00-00,17,7,10
2015-09-02-10-15-00,17,8,9
2015-09-02-10-30-00,28,11,17
2015-09-02-10-45-00,29,9,20
2015-09-02-11-00-00,25,12,13
2015-09-02-11-15-00,27,12,15
2015-09-02-11-30-00,31,22,9
2015-09-02-11-45-00,33,18,15
2015-09-02-12-00-00,26,14,12
2015-09-02-12-15-00,25,14,11
2015-09-02-12-30-00,24,18,6
2015-09-02-12-45-00,12,3,9
2015-09-02-13-00-00,34,16,18
2015-09-02-13-15-00,21,6,15
2015-09-02-13-30-00,33,16,17
2015-09-02-13-45-00,23,13,10
2015-09-02-14-00-00,29,16,13
2015-09-02-14-15-00,25,11,14
2015-09-02-14-30-00,26,13,13
2015-09-02-14-45-00,31,11,20
2015-09-02-15-00-00,31,18,13
2015-09-02-15-15-00,54,19,35
2015-09-02-15-30-00,50,27,23
2015-09-02-15-45-00,42,30,12
2015-09-02-16-00-00,46,30,16
2015-09-02-16-15-00,68,52,16
2015-09-02-16-30-00,49,33,16
2015-09-02-16-45-00,67,44,23
2015-09-02-17-00-00,63,40,23
2015-09-02-17-15-00,77,55,22
2015-09-02-17-30-00,79,46,33
2015-09-02-17-45-00,61,43,18
2015-09-02-18-00-00,48,27,21
2015-09-02-18-15-00,53,35,18
2015-09-02-18-30-00,34,21,13
2015-09-02-18-45-00,46,28,18
2015-09-02-19-00-00,24,8,16
2015-09-02-19-15-00,23,15,8
2015-09-02-19-30-00,36,17,19
2015-09-02-19-45-00,36,25,11
2015-09-02-20-00-00,33,24,9
2015-09-02-20-15-00,26,13,13
2015-09-02-20-30-00,17,13,4
2015-09-02-20-45-00,9,4,5
2015-09-02-21-00-00,8,7,1
2015-09-02-21-15-00,7,5,2
2015-09-02-21-30-00,4,1,3
2015-09-02-21-45-00,4,1,3
2015-09-02-22-00-00,2,2,0
2015-09-02-22-15-00,5,3,2
2015-09-02-22-30-00,4,2,2
2015-09-02-22-45-00,0,0,0
2015-09-02-23-00-00,0,0,0
2015-09-02-23-15-00,1,0,1
2015-09-02-23-30-00,0,0,0
2015-09-02-23-45-00,0,0,0
2015-09-03-00-00-00,0,0,0
2015-09-03-00-15-00,1,0,1
2015-09-03-00-30-00,0,0,0
2015-09-03-00-45-00,0,0,0
2015-09-03-01-00-00,0,0,0
2015-09-03-01-15-00,0,0,0
2015-09-03-01-30-00,0,0,0
2015-09-03-01-45-00,0,0,0
2015-09-03-02-00-00,0,0,0
2015-09-03-02-15-00,0,0,0
2015-09-03-02-30-00,0,0,0
2015-09-03-02-45-00,0,0,0
2015-09-03-03-00-00,0,0,0
2015-09-03-03-15-00,0,0,0
2015-09-03-03-30-00,0,0,0
2015-09-03-03-45-00,0,0,0
2015-09-03-04-00-00,0,0,0
2015-09-03-04-15-00,0,0,0
2015-09-03-04-30-00,1,0,1
2015-09-03-04-45-00,0,0,0
2015-09-03-05-00-00,0,0,0
2015-09-03-05-15-00,1,0,1
2015-09-03-05-30-00,1,0,1
2015-09-03-05-45-00,4,2,2
2015-09-03-06-00-00,0,0,0
2015-09-03-06-15-00,15,4,11
2015-09-03-06-30-00,6,3,3
2015-09-03-06-45-00,12,4,8
2015-09-03-07-00-00,23,9,14
2015-09-03-07-15-00,30,11,19
2015-09-03-07-30-00,43,15,28
2015-09-03-07-45-00,58,17,41
2015-09-03-08-00-00,59,16,43
2015-09-03-08-15-00,58,11,47
2015-09-03-08-30-00,62,15,47
2015-09-03-08-45-00,46,6,40
2015-09-03-09-00-00,19,5,14
2015-09-03-09-15-00,23,3,20
2015-09-03-09-30-00,22,14,8
2015-09-03-09-45-00,20,13,7
2015-09-03-10-00-00,21,11,10
2015-09-03-10-15-00,31,18,13
2015-09-03-10-30-00,17,9,8
2015-09-03-10-45-00,28,13,15
2015-09-03-11-00-00,26,19,7
2015-09-03-11-15-00,25,8,17
2015-09-03-11-30-00,19,7,12
2015-09-03-11-45-00,12,6,6
2015-09-03-12-00-00,9,6,3
2015-09-03-12-15-00,32,17,15
2015-09-03-12-30-00,37,21,16
2015-09-03-12-45-00,19,9,10
2015-09-03-13-00-00,24,11,13
2015-09-03-13-15-00,22,17,5
2015-09-03-13-30-00,33,17,16
2015-09-03-13-45-00,30,17,13
2015-09-03-14-00-00,20,10,10
2015-09-03-14-15-00,26,7,19
2015-09-03-14-30-00,35,14,21
2015-09-03-14-45-00,21,7,14
2015-09-03-15-00-00,38,27,11
2015-09-03-15-15-00,52,30,22
2015-09-03-15-30-00,48,29,19
2015-09-03-15-45-00,30,23,7
2015-09-03-16-00-00,61,38,23
2015-09-03-16-15-00,62,43,19
2015-09-03-16-30-00,58,46,12
2015-09-03-16-45-00,50,31,19
2015-09-03-17-00-00,82,46,36
2015-09-03-17-15-00,64,47,17
2015-09-03-17-30-00,60,33,27
2015-09-03-17-45-00,75,47,28
2015-09-03-18-00-00,50,32,18
2015-09-03-18-15-00,67,39,28
2015-09-03-18-30-00,56,36,20
2015-09-03-18-45-00,68,39,29
2015-09-03-19-00-00,30,9,21
2015-09-03-19-15-00,32,17,15
2015-09-03-19-30-00,27,15,12
2015-09-03-19-45-00,26,19,7
2015-09-03-20-00-00,24,12,12
2015-09-03-20-15-00,16,10,6
2015-09-03-20-30-00,14,7,7
2015-09-03-20-45-00,6,3,3
2015-09-03-21-00-00,6,6,0
2015-09-03-21-15-00,4,3,1
2015-09-03-21-30-00,5,3,2
2015-09-03-21-45-00,4,3,1
2015-09-03-22-00-00,1,1,0
2015-09-03-22-15-00,1,0,1
2015-09-03-22-30-00,4,4,0
2015-09-03-22-45-00,2,0,2
2015-09-03-23-00-00,1,1,0
2015-09-03-23-15-00,0,0,0
2015-09-03-23-30-00,2,0,2
2015-09-03-23-45-00,2,1,1
2015-09-04-00-00-00,0,0,0
2015-09-04-00-15-00,1,0,1
2015-09-04-00-30-00,0,0,0
2015-09-04-00-45-00,0,0,0
2015-09-04-01-00-00,0,0,0
2015-09-04-01-15-00,0,0,0
2015-09-04-01-30-00,0,0,0
2015-09-04-01-45-00,0,0,0
2015-09-04-02-00-00,0,0,0
2015-09-04-02-15-00,0,0,0
2015-09-04-02-30-00,0,0,0
2015-09-04-02-45-00,0,0,0
2015-09-04-03-00-00,0,0,0
2015-09-04-03-15-00,0,0,0
2015-09-04-03-30-00,0,0,0
2015-09-04-03-45-00,0,0,0
2015-09-04-04-00-00,0,0,0
2015-09-04-04-15-00,0,0,0
2015-09-04-04-30-00,0,0,0
2015-09-04-04-45-00,0,0,0
2015-09-04-05-00-00,0,0,0
2015-09-04-05-15-00,1,0,1
2015-09-04-05-30-00,1,1,0
2015-09-04-05-45-00,5,1,4
2015-09-04-06-00-00,2,0,2
2015-09-04-06-15-00,8,1,7
2015-09-04-06-30-00,10,5,5
2015-09-04-06-45-00,12,7,5
2015-09-04-07-00-00,15,9,6
2015-09-04-07-15-00,36,13,23
2015-09-04-07-30-00,43,16,27
2015-09-04-07-45-00,58,13,45
2015-09-04-08-00-00,55,18,37
2015-09-04-08-15-00,50,8,42
2015-09-04-08-30-00,51,6,45
2015-09-04-08-45-00,42,8,34
2015-09-04-09-00-00,33,9,24
2015-09-04-09-15-00,12,7,5
2015-09-04-09-30-00,15,5,10
2015-09-04-09-45-00,12,7,5
2015-09-04-10-00-00,10,5,5
2015-09-04-10-15-00,25,8,17
2015-09-04-10-30-00,18,7,11
2015-09-04-10-45-00,16,6,10
2015-09-04-11-00-00,23,16,7
2015-09-04-11-15-00,19,16,3
2015-09-04-11-30-00,17,6,11
2015-09-04-11-45-00,16,7,9
2015-09-04-12-00-00,29,12,17
2015-09-04-12-15-00,23,9,14
2015-09-04-12-30-00,28,9,19
2015-09-04-12-45-00,20,5,15
2015-09-04-13-00-00,31,20,11
2015-09-04-13-15-00,46,18,28
2015-09-04-13-30-00,20,9,11
2015-09-04-13-45-00,18,9,9
2015-09-04-14-00-00,33,25,8
2015-09-04-14-15-00,31,16,15
2015-09-04-14-30-00,40,25,15
2015-09-04-14-45-00,29,20,9
2015-09-04-15-00-00,34,20,14
2015-09-04-15-15-00,44,22,22
2015-09-04-15-30-00,40,30,10
2015-09-04-15-45-00,34,23,11
2015-09-04-16-00-00,30,22,8
2015-09-04-16-15-00,43,29,14
2015-09-04-16-30-00,57,37,20
2015-09-04-16-45-00,54,28,26
2015-09-04-17-00-00,45,31,14
2015-09-04-17-15-00,32,20,12
2015-09-04-17-30-00,54,36,18
2015-09-04-17-45-00,52,36,16
2015-09-04-18-00-00,44,20,24
2015-09-04-18-15-00,32,25,7
2015-09-04-18-30-00,43,22,21
2015-09-04-18-45-00,18,10,8
2015-09-04-19-00-00,17,9,8
2015-09-04-19-15-00,33,10,23
2015-09-04-19-30-00,14,5,9
2015-09-04-19-45-00,18,10,8
2015-09-04-20-00-00,24,16,8
2015-09-04-20-15-00,10,5,5
2015-09-04-20-30-00,9,3,6
2015-09-04-20-45-00,6,5,1
2015-09-04-21-00-00,3,0,3
2015-09-04-21-15-00,2,1,1
2015-09-04-21-30-00,1,0,1
2015-09-04-21-45-00,7,6,1
2015-09-04-22-00-00,1,0,1
2015-09-04-22-15-00,2,2,0
2015-09-04-22-30-00,1,1,0
2015-09-04-22-45-00,5,4,1
2015-09-04-23-00-00,0,0,0
2015-09-04-23-15-00,3,2,1
2015-09-04-23-30-00,3,1,2
2015-09-04-23-45-00,2,0,2
2015-09-05-00-00-00,4,3,1
2015-09-05-00-15-00,2,2,0
2015-09-05-00-30-00,1,0,1
2015-09-05-00-45-00,2,2,0
2015-09-05-01-00-00,1,1,0
2015-09-05-01-15-00,2,1,1
2015-09-05-01-30-00,3,1,2
2015-09-05-01-45-00,0,0,0
2015-09-05-02-00-00,1,0,1
2015-09-05-02-15-00,0,0,0
2015-09-05-02-30-00,2,1,1
2015-09-05-02-45-00,1,1,0
2015-09-05-03-00-00,1,1,0
2015-09-05-03-15-00,2,2,0
2015-09-05-03-30-00,1,0,1
2015-09-05-03-45-00,1,0,1
2015-09-05-04-00-00,1,0,1
2015-09-05-04-15-00,1,0,1
2015-09-05-04-30-00,0,0,0
2015-09-05-04-45-00,0,0,0
2015-09-05-05-00-00,0,0,0
2015-09-05-05-15-00,0,0,0
2015-09-05-05-30-00,0,0,0
2015-09-05-05-45-00,0,0,0
2015-09-05-06-00-00,0,0,0
2015-09-05-06-15-00,4,2,2
2015-09-05-06-30-00,1,1,0
2015-09-05-06-45-00,3,1,2
2015-09-05-07-00-00,1,1,0
2015-09-05-07-15-00,5,2,3
2015-09-05-07-30-00,2,2,0
2015-09-05-07-45-00,1,1,0
2015-09-05-08-00-00,5,1,4
2015-09-05-08-15-00,5,3,2
2015-09-05-08-30-00,6,4,2
2015-09-05-08-45-00,9,4,5
2015-09-05-09-00-00,10,3,7
2015-09-05-09-15-00,5,5,0
2015-09-05-09-30-00,11,6,5
2015-09-05-09-45-00,10,4,6
2015-09-05-10-00-00,11,9,2
2015-09-05-10-15-00,11,2,9
2015-09-05-10-30-00,18,14,4
2015-09-05-10-45-00,13,6,7
2015-09-05-11-00-00,7,4,3
2015-09-05-11-15-00,18,8,10
2015-09-05-11-30-00,38,30,8
2015-09-05-11-45-00,9,5,4
2015-09-05-12-00-00,24,11,13
2015-09-05-12-15-00,22,17,5
2015-09-05-12-30-00,18,8,10
2015-09-05-12-45-00,22,9,13
2015-09-05-13-00-00,12,9,3
2015-09-05-13-15-00,18,8,10
2015-09-05-13-30-00,19,11,8
2015-09-05-13-45-00,18,6,12
2015-09-05-14-00-00,20,12,8
2015-09-05-14-15-00,16,9,7
2015-09-05-14-30-00,26,11,15
2015-09-05-14-45-00,20,11,9
2015-09-05-15-00-00,26,12,14
2015-09-05-15-15-00,21,7,14
2015-09-05-15-30-00,21,7,14
2015-09-05-15-45-00,22,8,14
2015-09-05-16-00-00,15,8,7
2015-09-05-16-15-00,16,14,2
2015-09-05-16-30-00,17,9,8
2015-09-05-16-45-00,10,9,1
2015-09-05-17-00-00,13,9,4
2015-09-05-17-15-00,8,1,7
2015-09-05-17-30-00,9,6,3
2015-09-05-17-45-00,14,7,7
2015-09-05-18-00-00,14,11,3
2015-09-05-18-15-00,14,6,8
2015-09-05-18-30-00,16,2,14
2015-09-05-18-45-00,17,7,10
2015-09-05-19-00-00,18,11,7
2015-09-05-19-15-00,9,1,8
2015-09-05-19-30-00,4,1,3
2015-09-05-19-45-00,5,3,2
2015-09-05-20-00-00,4,2,2
2015-09-05-20-15-00,3,3,0
2015-09-05-20-30-00,6,5,1
2015-09-05-20-45-00,3,3,0
2015-09-05-21-00-00,4,4,0
2015-09-05-21-15-00,0,0,0
2015-09-05-21-30-00,2,2,0
2015-09-05-21-45-00,6,2,4
2015-09-05-22-00-00,4,3,1
2015-09-05-22-15-00,2,0,2
2015-09-05-22-30-00,2,2,0
2015-09-05-22-45-00,0,0,0
2015-09-05-23-00-00,0,0,0
2015-09-05-23-15-00,3,3,0
2015-09-05-23-30-00,3,2,1
2015-09-05-23-45-00,4,1,3
2015-09-06-00-00-00,3,0,3
2015-09-06-00-15-00,2,2,0
2015-09-06-00-30-00,0,0,0
2015-09-06-00-45-00,1,0,1
2015-09-06-01-00-00,1,0,1
2015-09-06-01-15-00,1,1,0
2015-09-06-01-30-00,0,0,0
2015-09-06-01-45-00,1,0,1
2015-09-06-02-00-00,0,0,0
2015-09-06-02-15-00,1,1,0
2015-09-06-02-30-00,0,0,0
2015-09-06-02-45-00,0,0,0
2015-09-06-03-00-00,0,0,0
2015-09-06-03-15-00,0,0,0
2015-09-06-03-30-00,0,0,0
2015-09-06-03-45-00,0,0,0
2015-09-06-04-00-00,0,0,0
2015-09-06-04-15-00,0,0,0
2015-09-06-04-30-00,0,0,0
2015-09-06-04-45-00,1,1,0
2015-09-06-05-00-00,0,0,0
2015-09-06-05-15-00,1,0,1
2015-09-06-05-30-00,0,0,0
2015-09-06-05-45-00,0,0,0
2015-09-06-06-00-00,2,0,2
2015-09-06-06-15-00,0,0,0
2015-09-06-06-30-00,2,1,1
2015-09-06-06-45-00,0,0,0
2015-09-06-07-00-00,1,0,1
2015-09-06-07-15-00,3,1,2
2015-09-06-07-30-00,1,0,1
2015-09-06-07-45-00,3,2,1
2015-09-06-08-00-00,4,1,3
2015-09-06-08-15-00,9,7,2
2015-09-06-08-30-00,9,2,7
2015-09-06-08-45-00,17,6,11
2015-09-06-09-00-00,9,3,6
2015-09-06-09-15-00,9,1,8
2015-09-06-09-30-00,20,14,6
2015-09-06-09-45-00,12,8,4
2015-09-06-10-00-00,25,6,19
2015-09-06-10-15-00,35,15,20
2015-09-06-10-30-00,20,11,9
2015-09-06-10-45-00,23,13,10
2015-09-06-11-00-00,28,21,7
2015-09-06-11-15-00,35,13,22
2015-09-06-11-30-00,21,16,5
2015-09-06-11-45-00,28,13,15
2015-09-06-12-00-00,41,26,15
2015-09-06-12-15-00,37,23,14
2015-09-06-12-30-00,36,17,19
2015-09-06-12-45-00,51,31,20
2015-09-06-13-00-00,19,11,8
2015-09-06-13-15-00,40,17,23
2015-09-06-13-30-00,17,7,10
2015-09-06-13-45-00,30,23,7
2015-09-06-14-00-00,28,15,13
2015-09-06-14-15-00,36,19,17
2015-09-06-14-30-00,23,11,12
2015-09-06-14-45-00,51,29,22
2015-09-06-15-00-00,40,19,21
2015-09-06-15-15-00,28,15,13
2015-09-06-15-30-00,39,20,19
2015-09-06-15-45-00,47,27,20
2015-09-06-16-00-00,35,19,16
2015-09-06-16-15-00,49,20,29
2015-09-06-16-30-00,42,21,21
2015-09-06-16-45-00,62,34,28
2015-09-06-17-00-00,75,52,23
2015-09-06-17-15-00,44,19,25
2015-09-06-17-30-00,48,29,19
2015-09-06-17-45-00,38,16,22
2015-09-06-18-00-00,37,14,23
2015-09-06-18-15-00,35,18,17
2015-09-06-18-30-00,37,17,20
2015-09-06-18-45-00,25,14,11
2015-09-06-19-00-00,21,11,10
2015-09-06-19-15-00,21,10,11
2015-09-06-19-30-00,19,8,11
2015-09-06-19-45-00,13,10,3
2015-09-06-20-00-00,12,5,7
2015-09-06-20-15-00,13,8,5
2015-09-06-20-30-00,3,1,2
2015-09-06-20-45-00,7,2,5
2015-09-06-21-00-00,5,4,1
2015-09-06-21-15-00,3,3,0
2015-09-06-21-30-00,1,1,0
2015-09-06-21-45-00,3,1,2
2015-09-06-22-00-00,2,0,2
2015-09-06-22-15-00,2,1,1
2015-09-06-22-30-00,1,0,1
2015-09-06-22-45-00,0,0,0
2015-09-06-23-00-00,0,0,0
2015-09-06-23-15-00,0,0,0
2015-09-06-23-30-00,0,0,0
2015-09-06-23-45-00,0,0,0
2015-09-07-00-00-00,0,0,0
2015-09-07-00-15-00,0,0,0
2015-09-07-00-30-00,0,0,0
2015-09-07-00-45-00,0,0,0
2015-09-07-01-00-00,0,0,0
2015-09-07-01-15-00,0,0,0
2015-09-07-01-30-00,0,0,0
2015-09-07-01-45-00,0,0,0
2015-09-07-02-00-00,0,0,0
2015-09-07-02-15-00,0,0,0
2015-09-07-02-30-00,0,0,0
2015-09-07-02-45-00,0,0,0
2015-09-07-03-00-00,0,0,0
2015-09-07-03-15-00,0,0,0
2015-09-07-03-30-00,0,0,0
2015-09-07-03-45-00,0,0,0
2015-09-07-04-00-00,0,0,0
2015-09-07-04-15-00,0,0,0
2015-09-07-04-30-00,0,0,0
2015-09-07-04-45-00,0,0,0
2015-09-07-05-00-00,0,0,0
2015-09-07-05-15-00,1,1,0
2015-09-07-05-30-00,0,0,0
2015-09-07-05-45-00,5,2,3
2015-09-07-06-00-00,1,1,0
2015-09-07-06-15-00,2,0,2
2015-09-07-06-30-00,0,0,0
2015-09-07-06-45-00,11,6,5
2015-09-07-07-00-00,17,8,9
2015-09-07-07-15-00,14,7,7
2015-09-07-07-30-00,39,13,26
2015-09-07-07-45-00,29,8,21
2015-09-07-08-00-00,34,9,25
2015-09-07-08-15-00,33,4,29
2015-09-07-08-30-00,30,5,25
2015-09-07-08-45-00,33,2,31
2015-09-07-09-00-00,20,3,17
2015-09-07-09-15-00,17,5,12
2015-09-07-09-30-00,10,2,8
2015-09-07-09-45-00,3,0,3
2015-09-07-10-00-00,10,2,8
2015-09-07-10-15-00,4,3,1
2015-09-07-10-30-00,9,6,3
2015-09-07-10-45-00,6,4,2
2015-09-07-11-00-00,3,1,2
2015-09-07-11-15-00,9,3,6
2015-09-07-11-30-00,8,6,2
2015-09-07-11-45-00,2,1,1
2015-09-07-12-00-00,5,2,3
2015-09-07-12-15-00,6,4,2
2015-09-07-12-30-00,2,0,2
2015-09-07-12-45-00,4,3,1
2015-09-07-13-00-00,7,3,4
2015-09-07-13-15-00,13,9,4
2015-09-07-13-30-00,9,4,5
2015-09-07-13-45-00,11,4,7
2015-09-07-14-00-00,12,6,6
2015-09-07-14-15-00,7,3,4
2015-09-07-14-30-00,13,9,4
2015-09-07-14-45-00,12,8,4
2015-09-07-15-00-00,10,8,2
2015-09-07-15-15-00,11,4,7
2015-09-07-15-30-00,6,5,1
2015-09-07-15-45-00,13,9,4
2015-09-07-16-00-00,7,5,2
2015-09-07-16-15-00,18,14,4
2015-09-07-16-30-00,23,14,9
2015-09-07-16-45-00,19,14,5
2015-09-07-17-00-00,28,20,8
2015-09-07-17-15-00,23,18,5
2015-09-07-17-30-00,18,13,5
2015-09-07-17-45-00,25,21,4
2015-09-07-18-00-00,22,15,7
2015-09-07-18-15-00,13,7,6
2015-09-07-18-30-00,17,14,3
2015-09-07-18-45-00,22,15,7
2015-09-07-19-00-00,19,11,8
2015-09-07-19-15-00,19,13,6
2015-09-07-19-30-00,23,16,7
2015-09-07-19-45-00,16,7,9
2015-09-07-20-00-00,11,7,4
2015-09-07-20-15-00,8,4,4
2015-09-07-20-30-00,5,1,4
2015-09-07-20-45-00,4,1,3
2015-09-07-21-00-00,9,4,5
2015-09-07-21-15-00,3,2,1
2015-09-07-21-30-00,2,2,0
2015-09-07-21-45-00,2,2,0
2015-09-07-22-00-00,3,2,1
2015-09-07-22-15-00,0,0,0
2015-09-07-22-30-00,4,3,1
2015-09-07-22-45-00,0,0,0
2015-09-07-23-00-00,0,0,0
2015-09-07-23-15-00,1,0,1
2015-09-07-23-30-00,0,0,0
2015-09-07-23-45-00,0,0,0
2015-09-08-00-00-00,0,0,0
2015-09-08-00-15-00,0,0,0
2015-09-08-00-30-00,0,0,0
2015-09-08-00-45-00,0,0,0
2015-09-08-01-00-00,0,0,0
2015-09-08-01-15-00,0,0,0
2015-09-08-01-30-00,0,0,0
2015-09-08-01-45-00,0,0,0
2015-09-08-02-00-00,0,0,0
2015-09-08-02-15-00,0,0,0
2015-09-08-02-30-00,0,0,0
2015-09-08-02-45-00,0,0,0
2015-09-08-03-00-00,0,0,0
2015-09-08-03-15-00,0,0,0
2015-09-08-03-30-00,0,0,0
2015-09-08-03-45-00,1,1,0
2015-09-08-04-00-00,0,0,0
2015-09-08-04-15-00,0,0,0
2015-09-08-04-30-00,0,0,0
2015-09-08-04-45-00,0,0,0
2015-09-08-05-00-00,0,0,0
2015-09-08-05-15-00,2,2,0
2015-09-08-05-30-00,2,1,1
2015-09-08-05-45-00,5,1,4
2015-09-08-06-00-00,1,0,1
2015-09-08-06-15-00,5,1,4
2015-09-08-06-30-00,11,5,6
2015-09-08-06-45-00,15,6,9
2015-09-08-07-00-00,20,7,13
2015-09-08-07-15-00,33,10,23
2015-09-08-07-30-00,38,15,23
2015-09-08-07-45-00,49,13,36
2015-09-08-08-00-00,63,6,57
2015-09-08-08-15-00,51,19,32
2015-09-08-08-30-00,50,7,43
2015-09-08-08-45-00,30,6,24
2015-09-08-09-00-00,36,8,28
2015-09-08-09-15-00,22,7,15
2015-09-08-09-30-00,15,3,12
2015-09-08-09-45-00,13,7,6
2015-09-08-10-00-00,13,7,6
2015-09-08-10-15-00,11,2,9
2015-09-08-10-30-00,13,6,7
2015-09-08-10-45-00,12,8,4
2015-09-08-11-00-00,8,5,3
2015-09-08-11-15-00,11,7,4
2015-09-08-11-30-00,21,13,8
2015-09-08-11-45-00,9,4,5
2015-09-08-12-00-00,16,10,6
2015-09-08-12-15-00,15,7,8
2015-09-08-12-30-00,19,7,12
2015-09-08-12-45-00,21,11,10
2015-09-08-13-00-00,21,8,13
2015-09-08-13-15-00,16,7,9
2015-09-08-13-30-00,24,9,15
2015-09-08-13-45-00,27,15,12
2015-09-08-14-00-00,29,19,10
2015-09-08-14-15-00,16,8,8
2015-09-08-14-30-00,31,20,11
2015-09-08-14-45-00,23,10,13
2015-09-08-15-00-00,15,8,7
2015-09-08-15-15-00,34,20,14
2015-09-08-15-30-00,24,16,8
2015-09-08-15-45-00,26,19,7
2015-09-08-16-00-00,39,27,12
2015-09-08-16-15-00,40,30,10
2015-09-08-16-30-00,46,30,16
2015-09-08-16-45-00,38,28,10
2015-09-08-17-00-00,43,28,15
2015-09-08-17-15-00,64,42,22
2015-09-08-17-30-00,67,46,21
2015-09-08-17-45-00,43,28,15
2015-09-08-18-00-00,41,27,14
2015-09-08-18-15-00,37,25,12
2015-09-08-18-30-00,29,19,10
2015-09-08-18-45-00,27,18,9
2015-09-08-19-00-00,26,13,13
2015-09-08-19-15-00,29,17,12
2015-09-08-19-30-00,24,17,7
2015-09-08-19-45-00,12,6,6
2015-09-08-20-00-00,15,7,8
2015-09-08-20-15-00,23,11,12
2015-09-08-20-30-00,8,4,4
2015-09-08-20-45-00,10,6,4
2015-09-08-21-00-00,0,0,0
2015-09-08-21-15-00,4,3,1
2015-09-08-21-30-00,2,1,1
2015-09-08-21-45-00,1,0,1
2015-09-08-22-00-00,3,0,3
2015-09-08-22-15-00,4,1,3
2015-09-08-22-30-00,3,1,2
2015-09-08-22-45-00,2,2,0
2015-09-08-23-00-00,2,0,2
2015-09-08-23-15-00,3,3,0
2015-09-08-23-30-00,4,1,3
2015-09-08-23-45-00,1,0,1
2015-09-09-00-00-00,1,1,0
2015-09-09-00-15-00,1,0,1
2015-09-09-00-30-00,0,0,0
2015-09-09-00-45-00,0,0,0
2015-09-09-01-00-00,0,0,0
2015-09-09-01-15-00,0,0,0
2015-09-09-01-30-00,0,0,0
2015-09-09-01-45-00,0,0,0
2015-09-09-02-00-00,0,0,0
2015-09-09-02-15-00,1,0,1
2015-09-09-02-30-00,0,0,0
2015-09-09-02-45-00,0,0,0
2015-09-09-03-00-00,0,0,0
2015-09-09-03-15-00,0,0,0
2015-09-09-03-30-00,0,0,0
2015-09-09-03-45-00,0,0,0
2015-09-09-04-00-00,0,0,0
2015-09-09-04-15-00,0,0,0
2015-09-09-04-30-00,2,0,2
2015-09-09-04-45-00,0,0,0
2015-09-09-05-00-00,0,0,0
2015-09-09-05-15-00,0,0,0
2015-09-09-05-30-00,0,0,0
2015-09-09-05-45-00,4,2,2
2015-09-09-06-00-00,4,3,1
2015-09-09-06-15-00,5,2,3
2015-09-09-06-30-00,10,4,6
2015-09-09-06-45-00,20,8,12
2015-09-09-07-00-00,25,6,19
2015-09-09-07-15-00,45,16,29
2015-09-09-07-30-00,45,17,28
2015-09-09-07-45-00,55,14,41
2015-09-09-08-00-00,64,10,54
2015-09-09-08-15-00,56,11,45
2015-09-09-08-30-00,54,10,44
2015-09-09-08-45-00,50,16,34
2015-09-09-09-00-00,32,9,23
2015-09-09-09-15-00,26,8,18
2015-09-09-09-30-00,25,11,14
2015-09-09-09-45-00,23,9,14
2015-09-09-10-00-00,19,12,7
2015-09-09-10-15-00,26,8,18
2015-09-09-10-30-00,32,10,22
2015-09-09-10-45-00,25,14,11
2015-09-09-11-00-00,24,14,10
2015-09-09-11-15-00,29,14,15
2015-09-09-11-30-00,44,18,26
2015-09-09-11-45-00,35,17,18
2015-09-09-12-00-00,40,18,22
2015-09-09-12-15-00,31,13,18
2015-09-09-12-30-00,28,15,13
2015-09-09-12-45-00,36,19,17
2015-09-09-13-00-00,37,12,25
2015-09-09-13-15-00,34,15,19
2015-09-09-13-30-00,48,30,18
2015-09-09-13-45-00,33,19,14
2015-09-09-14-00-00,43,23,20
2015-09-09-14-15-00,45,21,24
2015-09-09-14-30-00,48,28,20
2015-09-09-14-45-00,61,39,22
2015-09-09-15-00-00,54,33,21
2015-09-09-15-15-00,56,31,25
2015-09-09-15-30-00,56,19,37
2015-09-09-15-45-00,62,36,26
2015-09-09-16-00-00,83,56,27
2015-09-09-16-15-00,71,46,25
2015-09-09-16-30-00,87,55,32
2015-09-09-16-45-00,80,43,37
2015-09-09-17-00-00,78,52,26
2015-09-09-17-15-00,75,51,24
2015-09-09-17-30-00,74,44,30
2015-09-09-17-45-00,103,62,41
2015-09-09-18-00-00,73,44,29
2015-09-09-18-15-00,78,52,26
2015-09-09-18-30-00,62,38,24
2015-09-09-18-45-00,81,53,28
2015-09-09-19-00-00,57,34,23
2015-09-09-19-15-00,47,22,25
2015-09-09-19-30-00,71,45,26
2015-09-09-19-45-00,40,24,16
2015-09-09-20-00-00,40,25,15
2015-09-09-20-15-00,29,12,17
2015-09-09-20-30-00,13,4,9
2015-09-09-20-45-00,17,13,4
2015-09-09-21-00-00,15,10,5
2015-09-09-21-15-00,9,8,1
2015-09-09-21-30-00,4,1,3
2015-09-09-21-45-00,0,0,0
2015-09-09-22-00-00,4,3,1
2015-09-09-22-15-00,9,4,5
2015-09-09-22-30-00,6,3,3
2015-09-09-22-45-00,2,2,0
2015-09-09-23-00-00,2,2,0
2015-09-09-23-15-00,1,0,1
2015-09-09-23-30-00,1,1,0
2015-09-09-23-45-00,1,1,0
2015-09-10-00-00-00,1,1,0
2015-09-10-00-15-00,0,0,0
2015-09-10-00-30-00,0,0,0
2015-09-10-00-45-00,0,0,0
2015-09-10-01-00-00,0,0,0
2015-09-10-01-15-00,0,0,0
2015-09-10-01-30-00,0,0,0
2015-09-10-01-45-00,0,0,0
2015-09-10-02-00-00,0,0,0
2015-09-10-02-15-00,0,0,0
2015-09-10-02-30-00,0,0,0
2015-09-10-02-45-00,0,0,0
2015-09-10-03-00-00,0,0,0
2015-09-10-03-15-00,0,0,0
2015-09-10-03-30-00,0,0,0
2015-09-10-03-45-00,0,0,0
2015-09-10-04-00-00,0,0,0
2015-09-10-04-15-00,0,0,0
2015-09-10-04-30-00,1,0,1
2015-09-10-04-45-00,0,0,0
2015-09-10-05-00-00,0,0,0
2015-09-10-05-15-00,1,1,0
2015-09-10-05-30-00,0,0,0
2015-09-10-05-45-00,2,0,2
2015-09-10-06-00-00,4,1,3
2015-09-10-06-15-00,8,3,5
2015-09-10-06-30-00,9,2,7
2015-09-10-06-45-00,21,9,12
2015-09-10-07-00-00,12,5,7
2015-09-10-07-15-00,38,11,27
2015-09-10-07-30-00,62,22,40
2015-09-10-07-45-00,62,16,46
2015-09-10-08-00-00,72,17,55
2015-09-10-08-15-00,50,9,41
2015-09-10-08-30-00,62,18,44
2015-09-10-08-45-00,48,7,41
2015-09-10-09-00-00,35,5,30
2015-09-10-09-15-00,31,5,26
2015-09-10-09-30-00,15,8,7
2015-09-10-09-45-00,16,9,7
2015-09-10-10-00-00,33,10,23
2015-09-10-10-15-00,17,8,9
2015-09-10-10-30-00,21,6,15
2015-09-10-10-45-00,21,10,11
2015-09-10-11-00-00,35,18,17
2015-09-10-11-15-00,29,14,15
2015-09-10-11-30-00,47,17,30
2015-09-10-11-45-00,40,16,24
2015-09-10-12-00-00,29,10,19
2015-09-10-12-15-00,49,23,26
2015-09-10-12-30-00,44,16,28
2015-09-10-12-45-00,34,11,23
2015-09-10-13-00-00,56,17,39
2015-09-10-13-15-00,31,18,13
2015-09-10-13-30-00,73,39,34
2015-09-10-13-45-00,40,21,19
2015-09-10-14-00-00,66,37,29
2015-09-10-14-15-00,45,24,21
2015-09-10-14-30-00,59,35,24
2015-09-10-14-45-00,60,31,29
2015-09-10-15-00-00,53,29,24
2015-09-10-15-15-00,77,55,22
2015-09-10-15-30-00,57,37,20
2015-09-10-15-45-00,79,51,28
2015-09-10-16-00-00,82,45,37
2015-09-10-16-15-00,101,55,46
2015-09-10-16-30-00,91,58,33
2015-09-10-16-45-00,104,42,62
2015-09-10-17-00-00,96,47,49
2015-09-10-17-15-00,130,83,47
2015-09-10-17-30-00,68,46,22
2015-09-10-17-45-00,82,48,34
2015-09-10-18-00-00,92,54,38
2015-09-10-18-15-00,81,43,38
2015-09-10-18-30-00,91,61,30
2015-09-10-18-45-00,60,37,23
2015-09-10-19-00-00,62,38,24
2015-09-10-19-15-00,61,44,17
2015-09-10-19-30-00,70,49,21
2015-09-10-19-45-00,64,52,12
2015-09-10-20-00-00,59,55,4
2015-09-10-20-15-00,41,32,9
2015-09-10-20-30-00,27,22,5
2015-09-10-20-45-00,31,22,9
2015-09-10-21-00-00,21,15,6
2015-09-10-21-15-00,7,5,2
2015-09-10-21-30-00,10,9,1
2015-09-10-21-45-00,10,6,4
2015-09-10-22-00-00,5,3,2
2015-09-10-22-15-00,8,4,4
2015-09-10-22-30-00,4,2,2
2015-09-10-22-45-00,3,0,3
2015-09-10-23-00-00,2,1,1
2015-09-10-23-15-00,1,1,0
2015-09-10-23-30-00,2,1,1
2015-09-10-23-45-00,0,0,0
2015-09-11-00-00-00,0,0,0
2015-09-11-00-15-00,0,0,0
2015-09-11-00-30-00,1,1,0
2015-09-11-00-45-00,2,2,0
2015-09-11-01-00-00,0,0,0
2015-09-11-01-15-00,0,0,0
2015-09-11-01-30-00,0,0,0
2015-09-11-01-45-00,0,0,0
2015-09-11-02-00-00,0,0,0
2015-09-11-02-15-00,0,0,0
2015-09-11-02-30-00,0,0,0
2015-09-11-02-45-00,0,0,0
2015-09-11-03-00-00,0,0,0
2015-09-11-03-15-00,0,0,0
2015-09-11-03-30-00,0,0,0
2015-09-11-03-45-00,0,0,0
2015-09-11-04-00-00,0,0,0
2015-09-11-04-15-00,0,0,0
2015-09-11-04-30-00,0,0,0
2015-09-11-04-45-00,0,0,0
2015-09-11-05-00-00,0,0,0
2015-09-11-05-15-00,2,0,2
2015-09-11-05-30-00,0,0,0
2015-09-11-05-45-00,2,0,2
2015-09-11-06-00-00,3,1,2
2015-09-11-06-15-00,7,4,3
2015-09-11-06-30-00,7,1,6
2015-09-11-06-45-00,11,6,5
2015-09-11-07-00-00,21,11,10
2015-09-11-07-15-00,33,13,20
2015-09-11-07-30-00,48,14,34
2015-09-11-07-45-00,51,7,44
2015-09-11-08-00-00,54,12,42
2015-09-11-08-15-00,49,6,43
2015-09-11-08-30-00,57,9,48
2015-09-11-08-45-00,33,8,25
2015-09-11-09-00-00,23,6,17
2015-09-11-09-15-00,32,11,21
2015-09-11-09-30-00,22,10,12
2015-09-11-09-45-00,24,10,14
2015-09-11-10-00-00,24,10,14
2015-09-11-10-15-00,33,15,18
2015-09-11-10-30-00,26,8,18
2015-09-11-10-45-00,22,13,9
2015-09-11-11-00-00,35,23,12
2015-09-11-11-15-00,38,22,16
2015-09-11-11-30-00,33,7,26
2015-09-11-11-45-00,34,17,17
2015-09-11-12-00-00,53,35,18
2015-09-11-12-15-00,20,12,8
2015-09-11-12-30-00,42,21,21
2015-09-11-12-45-00,37,17,20
2015-09-11-13-00-00,43,23,20
2015-09-11-13-15-00,48,22,26
2015-09-11-13-30-00,38,18,20
2015-09-11-13-45-00,45,29,16
2015-09-11-14-00-00,58,30,28
2015-09-11-14-15-00,61,36,25
2015-09-11-14-30-00,59,37,22
2015-09-11-14-45-00,91,39,52
2015-09-11-15-00-00,74,41,33
2015-09-11-15-15-00,79,42,37
2015-09-11-15-30-00,75,42,33
2015-09-11-15-45-00,74,46,28
2015-09-11-16-00-00,84,62,22
2015-09-11-16-15-00,65,36,29
2015-09-11-16-30-00,53,31,22
2015-09-11-16-45-00,106,59,47
2015-09-11-17-00-00,70,43,27
2015-09-11-17-15-00,89,55,34
2015-09-11-17-30-00,70,41,29
2015-09-11-17-45-00,101,49,52
2015-09-11-18-00-00,51,27,24
2015-09-11-18-15-00,72,39,33
2015-09-11-18-30-00,57,38,19
2015-09-11-18-45-00,62,35,27
2015-09-11-19-00-00,48,25,23
2015-09-11-19-15-00,47,27,20
2015-09-11-19-30-00,42,31,11
2015-09-11-19-45-00,28,20,8
2015-09-11-20-00-00,20,10,10
2015-09-11-20-15-00,16,9,7
2015-09-11-20-30-00,12,8,4
2015-09-11-20-45-00,8,4,4
2015-09-11-21-00-00,9,4,5
2015-09-11-21-15-00,9,5,4
2015-09-11-21-30-00,3,2,1
2015-09-11-21-45-00,5,2,3
2015-09-11-22-00-00,7,3,4
2015-09-11-22-15-00,1,0,1
2015-09-11-22-30-00,7,2,5
2015-09-11-22-45-00,2,0,2
2015-09-11-23-00-00,3,3,0
2015-09-11-23-15-00,6,2,4
2015-09-11-23-30-00,4,0,4
2015-09-11-23-45-00,3,3,0
2015-09-12-00-00-00,0,0,0
2015-09-12-00-15-00,0,0,0
2015-09-12-00-30-00,4,3,1
2015-09-12-00-45-00,2,0,2
2015-09-12-01-00-00,0,0,0
2015-09-12-01-15-00,0,0,0
2015-09-12-01-30-00,1,0,1
2015-09-12-01-45-00,0,0,0
2015-09-12-02-00-00,2,0,2
2015-09-12-02-15-00,1,1,0
2015-09-12-02-30-00,0,0,0
2015-09-12-02-45-00,0,0,0
2015-09-12-03-00-00,1,1,0
2015-09-12-03-15-00,0,0,0
2015-09-12-03-30-00,0,0,0
2015-09-12-03-45-00,0,0,0
2015-09-12-04-00-00,0,0,0
2015-09-12-04-15-00,0,0,0
2015-09-12-04-30-00,1,0,1
2015-09-12-04-45-00,0,0,0
2015-09-12-05-00-00,0,0,0
2015-09-12-05-15-00,0,0,0
2015-09-12-05-30-00,1,0,1
2015-09-12-05-45-00,0,0,0
2015-09-12-06-00-00,1,0,1
2015-09-12-06-15-00,0,0,0
2015-09-12-06-30-00,3,2,1
2015-09-12-06-45-00,1,1,0
2015-09-12-07-00-00,1,0,1
2015-09-12-07-15-00,5,1,4
2015-09-12-07-30-00,4,1,3
2015-09-12-07-45-00,7,4,3
2015-09-12-08-00-00,6,3,3
2015-09-12-08-15-00,10,4,6
2015-09-12-08-30-00,7,5,2
2015-09-12-08-45-00,3,2,1
2015-09-12-09-00-00,9,6,3
2015-09-12-09-15-00,5,3,2
2015-09-12-09-30-00,7,5,2
2015-09-12-09-45-00,16,9,7
2015-09-12-10-00-00,7,5,2
2015-09-12-10-15-00,14,5,9
2015-09-12-10-30-00,28,11,17
2015-09-12-10-45-00,25,8,17
2015-09-12-11-00-00,20,5,15
2015-09-12-11-15-00,19,13,6
2015-09-12-11-30-00,45,15,30
2015-09-12-11-45-00,19,8,11
2015-09-12-12-00-00,29,21,8
2015-09-12-12-15-00,42,28,14
2015-09-12-12-30-00,33,19,14
2015-09-12-12-45-00,29,22,7
2015-09-12-13-00-00,11,3,8
2015-09-12-13-15-00,28,15,13
2015-09-12-13-30-00,21,9,12
2015-09-12-13-45-00,36,18,18
2015-09-12-14-00-00,29,10,19
2015-09-12-14-15-00,43,17,26
2015-09-12-14-30-00,45,24,21
2015-09-12-14-45-00,48,16,32
2015-09-12-15-00-00,61,37,24
2015-09-12-15-15-00,45,20,25
2015-09-12-15-30-00,57,20,37
2015-09-12-15-45-00,41,26,15
2015-09-12-16-00-00,68,35,33
2015-09-12-16-15-00,48,28,20
2015-09-12-16-30-00,41,28,13
2015-09-12-16-45-00,40,23,17
2015-09-12-17-00-00,32,19,13
2015-09-12-17-15-00,44,23,21
2015-09-12-17-30-00,32,19,13
2015-09-12-17-45-00,41,19,22
2015-09-12-18-00-00,24,13,11
2015-09-12-18-15-00,34,16,18
2015-09-12-18-30-00,18,10,8
2015-09-12-18-45-00,27,22,5
2015-09-12-19-00-00,10,7,3
2015-09-12-19-15-00,5,5,0
2015-09-12-19-30-00,5,2,3
2015-09-12-19-45-00,8,7,1
2015-09-12-20-00-00,1,0,1
2015-09-12-20-15-00,0,0,0
2015-09-12-20-30-00,0,0,0
2015-09-12-20-45-00,0,0,0
2015-09-12-21-00-00,0,0,0
2015-09-12-21-15-00,2,0,2
2015-09-12-21-30-00,0,0,0
2015-09-12-21-45-00,1,1,0
2015-09-12-22-00-00,3,3,0
2015-09-12-22-15-00,1,1,0
2015-09-12-22-30-00,1,1,0
2015-09-12-22-45-00,1,1,0
2015-09-12-23-00-00,0,0,0
2015-09-12-23-15-00,2,0,2
2015-09-12-23-30-00,0,0,0
2015-09-12-23-45-00,2,2,0
2015-09-13-00-00-00,1,1,0
2015-09-13-00-15-00,1,0,1
2015-09-13-00-30-00,1,1,0
2015-09-13-00-45-00,3,1,2
2015-09-13-01-00-00,0,0,0
2015-09-13-01-15-00,0,0,0
2015-09-13-01-30-00,1,0,1
2015-09-13-01-45-00,0,0,0
2015-09-13-02-00-00,0,0,0
2015-09-13-02-15-00,0,0,0
2015-09-13-02-30-00,1,1,0
2015-09-13-02-45-00,0,0,0
2015-09-13-03-00-00,0,0,0
2015-09-13-03-15-00,0,0,0
2015-09-13-03-30-00,0,0,0
2015-09-13-03-45-00,0,0,0
2015-09-13-04-00-00,0,0,0
2015-09-13-04-15-00,0,0,0
2015-09-13-04-30-00,1,0,1
2015-09-13-04-45-00,0,0,0
2015-09-13-05-00-00,0,0,0
2015-09-13-05-15-00,3,2,1
2015-09-13-05-30-00,0,0,0
2015-09-13-05-45-00,1,0,1
2015-09-13-06-00-00,1,1,0
2015-09-13-06-15-00,5,2,3
2015-09-13-06-30-00,1,1,0
2015-09-13-06-45-00,1,1,0
2015-09-13-07-00-00,2,0,2
2015-09-13-07-15-00,3,3,0
2015-09-13-07-30-00,4,1,3
2015-09-13-07-45-00,2,1,1
2015-09-13-08-00-00,7,4,3
2015-09-13-08-15-00,4,2,2
2015-09-13-08-30-00,6,2,4
2015-09-13-08-45-00,7,3,4
2015-09-13-09-00-00,9,3,6
2015-09-13-09-15-00,19,10,9
2015-09-13-09-30-00,15,7,8
2015-09-13-09-45-00,21,10,11
2015-09-13-10-00-00,32,12,20
2015-09-13-10-15-00,22,6,16
2015-09-13-10-30-00,32,13,19
2015-09-13-10-45-00,42,23,19
2015-09-13-11-00-00,41,20,21
2015-09-13-11-15-00,40,27,13
2015-09-13-11-30-00,28,12,16
2015-09-13-11-45-00,45,24,21
2015-09-13-12-00-00,36,15,21
2015-09-13-12-15-00,21,9,12
2015-09-13-12-30-00,34,14,20
2015-09-13-12-45-00,26,18,8
2015-09-13-13-00-00,44,20,24
2015-09-13-13-15-00,33,19,14
2015-09-13-13-30-00,25,14,11
2015-09-13-13-45-00,23,17,6
2015-09-13-14-00-00,18,10,8
2015-09-13-14-15-00,15,6,9
2015-09-13-14-30-00,28,18,10
2015-09-13-14-45-00,18,12,6
2015-09-13-15-00-00,10,8,2
2015-09-13-15-15-00,11,8,3
2015-09-13-15-30-00,9,3,6
2015-09-13-15-45-00,6,4,2
2015-09-13-16-00-00,12,9,3
2015-09-13-16-15-00,21,10,11
2015-09-13-16-30-00,11,3,8
2015-09-13-16-45-00,20,9,11
2015-09-13-17-00-00,3,1,2
2015-09-13-17-15-00,17,7,10
2015-09-13-17-30-00,17,6,11
2015-09-13-17-45-00,20,12,8
2015-09-13-18-00-00,31,11,20
2015-09-13-18-15-00,38,16,22
2015-09-13-18-30-00,26,12,14
2015-09-13-18-45-00,16,11,5
2015-09-13-19-00-00,25,14,11
2015-09-13-19-15-00,13,6,7
2015-09-13-19-30-00,24,15,9
2015-09-13-19-45-00,13,5,8
2015-09-13-20-00-00,6,5,1
2015-09-13-20-15-00,4,4,0
2015-09-13-20-30-00,5,2,3
2015-09-13-20-45-00,5,3,2
2015-09-13-21-00-00,8,5,3
2015-09-13-21-15-00,1,1,0
2015-09-13-21-30-00,0,0,0
2015-09-13-21-45-00,2,0,2
2015-09-13-22-00-00,0,0,0
2015-09-13-22-15-00,3,3,0
2015-09-13-22-30-00,0,0,0
2015-09-13-22-45-00,0,0,0
2015-09-13-23-00-00,0,0,0
2015-09-13-23-15-00,1,1,0
2015-09-13-23-30-00,2,1,1
2015-09-13-23-45-00,0,0,0
2015-09-14-00-00-00,0,0,0
2015-09-14-00-15-00,1,1,0
2015-09-14-00-30-00,0,0,0
2015-09-14-00-45-00,1,0,1
2015-09-14-01-00-00,2,2,0
2015-09-14-01-15-00,0,0,0
2015-09-14-01-30-00,0,0,0
2015-09-14-01-45-00,0,0,0
2015-09-14-02-00-00,0,0,0
2015-09-14-02-15-00,0,0,0
2015-09-14-02-30-00,0,0,0
2015-09-14-02-45-00,0,0,0
2015-09-14-03-00-00,0,0,0
2015-09-14-03-15-00,0,0,0
2015-09-14-03-30-00,0,0,0
2015-09-14-03-45-00,0,0,0
2015-09-14-04-00-00,0,0,0
2015-09-14-04-15-00,0,0,0
2015-09-14-04-30-00,0,0,0
2015-09-14-04-45-00,0,0,0
2015-09-14-05-00-00,0,0,0
2015-09-14-05-15-00,0,0,0
2015-09-14-05-30-00,0,0,0
2015-09-14-05-45-00,8,5,3
2015-09-14-06-00-00,5,1,4
2015-09-14-06-15-00,6,1,5
2015-09-14-06-30-00,8,1,7
2015-09-14-06-45-00,6,5,1
2015-09-14-07-00-00,18,7,11
2015-09-14-07-15-00,26,12,14
2015-09-14-07-30-00,46,17,29
2015-09-14-07-45-00,43,9,34
2015-09-14-08-00-00,35,10,25
2015-09-14-08-15-00,44,6,38
2015-09-14-08-30-00,37,11,26
2015-09-14-08-45-00,39,6,33
2015-09-14-09-00-00,28,7,21
2015-09-14-09-15-00,14,5,9
2015-09-14-09-30-00,12,5,7
2015-09-14-09-45-00,11,3,8
2015-09-14-10-00-00,12,6,6
2015-09-14-10-15-00,20,12,8
2015-09-14-10-30-00,11,8,3
2015-09-14-10-45-00,21,11,10
2015-09-14-11-00-00,17,8,9
2015-09-14-11-15-00,18,9,9
2015-09-14-11-30-00,19,11,8
2015-09-14-11-45-00,18,8,10
2015-09-14-12-00-00,9,4,5
2015-09-14-12-15-00,13,7,6
2015-09-14-12-30-00,24,15,9
2015-09-14-12-45-00,17,12,5
2015-09-14-13-00-00,24,12,12
2015-09-14-13-15-00,17,12,5
2015-09-14-13-30-00,16,3,13
2015-09-14-13-45-00,12,8,4
2015-09-14-14-00-00,23,11,12
2015-09-14-14-15-00,17,13,4
2015-09-14-14-30-00,25,13,12
2015-09-14-14-45-00,12,5,7
2015-09-14-15-00-00,23,10,13
2015-09-14-15-15-00,26,16,10
2015-09-14-15-30-00,18,10,8
2015-09-14-15-45-00,13,9,4
2015-09-14-16-00-00,15,10,5
2015-09-14-16-15-00,36,22,14
2015-09-14-16-30-00,37,28,9
2015-09-14-16-45-00,40,25,15
2015-09-14-17-00-00,41,28,13
2015-09-14-17-15-00,38,26,12
2015-09-14-17-30-00,22,15,7
2015-09-14-17-45-00,37,28,9
2015-09-14-18-00-00,36,25,11
2015-09-14-18-15-00,25,20,5
2015-09-14-18-30-00,39,19,20
2015-09-14-18-45-00,26,22,4
2015-09-14-19-00-00,25,15,10
2015-09-14-19-15-00,22,10,12
2015-09-14-19-30-00,26,16,10
2015-09-14-19-45-00,20,12,8
2015-09-14-20-00-00,18,10,8
2015-09-14-20-15-00,8,5,3
2015-09-14-20-30-00,6,1,5
2015-09-14-20-45-00,6,1,5
2015-09-14-21-00-00,4,2,2
2015-09-14-21-15-00,5,3,2
2015-09-14-21-30-00,8,6,2
2015-09-14-21-45-00,3,1,2
2015-09-14-22-00-00,2,2,0
2015-09-14-22-15-00,0,0,0
2015-09-14-22-30-00,2,2,0
2015-09-14-22-45-00,4,4,0
2015-09-14-23-00-00,0,0,0
2015-09-14-23-15-00,1,0,1
2015-09-14-23-30-00,2,2,0
2015-09-14-23-45-00,1,0,1
2015-09-15-00-00-00,0,0,0
2015-09-15-00-15-00,0,0,0
2015-09-15-00-30-00,1,0,1
2015-09-15-00-45-00,0,0,0
2015-09-15-01-00-00,0,0,0
2015-09-15-01-15-00,0,0,0
2015-09-15-01-30-00,0,0,0
2015-09-15-01-45-00,0,0,0
2015-09-15-02-00-00,0,0,0
2015-09-15-02-15-00,0,0,0
2015-09-15-02-30-00,0,0,0
2015-09-15-02-45-00,0,0,0
2015-09-15-03-00-00,0,0,0
2015-09-15-03-15-00,0,0,0
2015-09-15-03-30-00,1,1,0
2015-09-15-03-45-00,0,0,0
2015-09-15-04-00-00,0,0,0
2015-09-15-04-15-00,0,0,0
2015-09-15-04-30-00,1,0,1
2015-09-15-04-45-00,0,0,0
2015-09-15-05-00-00,0,0,0
2015-09-15-05-15-00,0,0,0
2015-09-15-05-30-00,1,0,1
2015-09-15-05-45-00,4,1,3
2015-09-15-06-00-00,2,0,2
2015-09-15-06-15-00,7,4,3
2015-09-15-06-30-00,5,2,3
2015-09-15-06-45-00,12,6,6
2015-09-15-07-00-00,18,3,15
2015-09-15-07-15-00,31,17,14
2015-09-15-07-30-00,47,19,28
2015-09-15-07-45-00,30,9,21
2015-09-15-08-00-00,42,9,33
2015-09-15-08-15-00,54,13,41
2015-09-15-08-30-00,42,6,36
2015-09-15-08-45-00,43,13,30
2015-09-15-09-00-00,29,7,22
2015-09-15-09-15-00,19,6,13
2015-09-15-09-30-00,10,6,4
2015-09-15-09-45-00,8,2,6
2015-09-15-10-00-00,17,3,14
2015-09-15-10-15-00,6,2,4
2015-09-15-10-30-00,10,4,6
2015-09-15-10-45-00,5,1,4
2015-09-15-11-00-00,8,5,3
2015-09-15-11-15-00,14,11,3
2015-09-15-11-30-00,5,2,3
2015-09-15-11-45-00,6,2,4
2015-09-15-12-00-00,10,5,5
2015-09-15-12-15-00,9,4,5
2015-09-15-12-30-00,16,7,9
2015-09-15-12-45-00,10,7,3
2015-09-15-13-00-00,19,10,9
2015-09-15-13-15-00,16,6,10
2015-09-15-13-30-00,10,6,4
2015-09-15-13-45-00,20,11,9
2015-09-15-14-00-00,13,8,5
2015-09-15-14-15-00,25,9,16
2015-09-15-14-30-00,33,20,13
2015-09-15-14-45-00,20,11,9
2015-09-15-15-00-00,19,9,10
2015-09-15-15-15-00,23,16,7
2015-09-15-15-30-00,24,19,5
2015-09-15-15-45-00,22,16,6
2015-09-15-16-00-00,35,26,9
2015-09-15-16-15-00,34,22,12
2015-09-15-16-30-00,53,42,11
2015-09-15-16-45-00,41,29,12
2015-09-15-17-00-00,45,31,14
2015-09-15-17-15-00,52,32,20
2015-09-15-17-30-00,63,49,14
2015-09-15-17-45-00,54,35,19
2015-09-15-18-00-00,58,35,23
2015-09-15-18-15-00,41,25,16
2015-09-15-18-30-00,55,31,24
2015-09-15-18-45-00,44,25,19
2015-09-15-19-00-00,46,28,18
2015-09-15-19-15-00,33,19,14
2015-09-15-19-30-00,23,10,13
2015-09-15-19-45-00,35,25,10
2015-09-15-20-00-00,22,14,8
2015-09-15-20-15-00,10,6,4
2015-09-15-20-30-00,8,5,3
2015-09-15-20-45-00,8,7,1
2015-09-15-21-00-00,9,6,3
2015-09-15-21-15-00,6,4,2
2015-09-15-21-30-00,3,3,0
2015-09-15-21-45-00,4,0,4
2015-09-15-22-00-00,2,2,0
2015-09-15-22-15-00,2,2,0
2015-09-15-22-30-00,1,1,0
2015-09-15-22-45-00,2,0,2
2015-09-15-23-00-00,1,1,0
2015-09-15-23-15-00,1,0,1
2015-09-15-23-30-00,0,0,0
2015-09-15-23-45-00,2,0,2
2015-09-16-00-00-00,0,0,0
2015-09-16-00-15-00,2,1,1
2015-09-16-00-30-00,0,0,0
2015-09-16-00-45-00,1,0,1
2015-09-16-01-00-00,0,0,0
2015-09-16-01-15-00,0,0,0
2015-09-16-01-30-00,0,0,0
2015-09-16-01-45-00,0,0,0
2015-09-16-02-00-00,0,0,0
2015-09-16-02-15-00,1,0,1
2015-09-16-02-30-00,0,0,0
2015-09-16-02-45-00,0,0,0
2015-09-16-03-00-00,0,0,0
2015-09-16-03-15-00,0,0,0
2015-09-16-03-30-00,1,1,0
2015-09-16-03-45-00,1,1,0
2015-09-16-04-00-00,1,0,1
2015-09-16-04-15-00,0,0,0
2015-09-16-04-30-00,0,0,0
2015-09-16-04-45-00,0,0,0
2015-09-16-05-00-00,0,0,0
2015-09-16-05-15-00,0,0,0
2015-09-16-05-30-00,0,0,0
2015-09-16-05-45-00,2,0,2
2015-09-16-06-00-00,1,0,1
2015-09-16-06-15-00,3,0,3
2015-09-16-06-30-00,4,1,3
2015-09-16-06-45-00,5,2,3
2015-09-16-07-00-00,9,4,5
2015-09-16-07-15-00,13,6,7
2015-09-16-07-30-00,21,6,15
2015-09-16-07-45-00,23,8,15
2015-09-16-08-00-00,28,5,23
2015-09-16-08-15-00,32,2,30
2015-09-16-08-30-00,18,3,15
2015-09-16-08-45-00,35,5,30
2015-09-16-09-00-00,14,2,12
2015-09-16-09-15-00,10,5,5
2015-09-16-09-30-00,10,5,5
2015-09-16-09-45-00,6,2,4
2015-09-16-10-00-00,5,3,2
2015-09-16-10-15-00,8,2,6
2015-09-16-10-30-00,4,1,3
2015-09-16-10-45-00,6,1,5
2015-09-16-11-00-00,3,2,1
2015-09-16-11-15-00,5,2,3
2015-09-16-11-30-00,4,1,3
2015-09-16-11-45-00,6,2,4
2015-09-16-12-00-00,7,1,6
2015-09-16-12-15-00,15,11,4
2015-09-16-12-30-00,5,2,3
2015-09-16-12-45-00,8,1,7
2015-09-16-13-00-00,5,5,0
2015-09-16-13-15-00,7,4,3
2015-09-16-13-30-00,2,2,0
2015-09-16-13-45-00,5,3,2
2015-09-16-14-00-00,5,1,4
2015-09-16-14-15-00,9,4,5
2015-09-16-14-30-00,6,3,3
2015-09-16-14-45-00,9,6,3
2015-09-16-15-00-00,6,4,2
2015-09-16-15-15-00,4,4,0
2015-09-16-15-30-00,13,8,5
2015-09-16-15-45-00,11,8,3
2015-09-16-16-00-00,13,9,4
2015-09-16-16-15-00,30,17,13
2015-09-16-16-30-00,23,13,10
2015-09-16-16-45-00,25,17,8
2015-09-16-17-00-00,31,22,9
2015-09-16-17-15-00,26,21,5
2015-09-16-17-30-00,31,24,7
2015-09-16-17-45-00,28,23,5
2015-09-16-18-00-00,21,19,2
2015-09-16-18-15-00,15,10,5
2015-09-16-18-30-00,10,9,1
2015-09-16-18-45-00,2,2,0
2015-09-16-19-00-00,12,4,8
2015-09-16-19-15-00,9,6,3
2015-09-16-19-30-00,7,5,2
2015-09-16-19-45-00,6,3,3
2015-09-16-20-00-00,6,4,2
2015-09-16-20-15-00,2,1,1
2015-09-16-20-30-00,6,4,2
2015-09-16-20-45-00,5,2,3
2015-09-16-21-00-00,7,3,4
2015-09-16-21-15-00,4,3,1
2015-09-16-21-30-00,0,0,0
2015-09-16-21-45-00,2,2,0
2015-09-16-22-00-00,1,1,0
2015-09-16-22-15-00,4,4,0
2015-09-16-22-30-00,1,1,0
2015-09-16-22-45-00,1,1,0
2015-09-16-23-00-00,0,0,0
2015-09-16-23-15-00,0,0,0
2015-09-16-23-30-00,0,0,0
2015-09-16-23-45-00,0,0,0
2015-09-17-00-00-00,0,0,0
2015-09-17-00-15-00,0,0,0
2015-09-17-00-30-00,0,0,0
2015-09-17-00-45-00,1,0,1
2015-09-17-01-00-00,0,0,0
2015-09-17-01-15-00,0,0,0
2015-09-17-01-30-00,0,0,0
2015-09-17-01-45-00,0,0,0
2015-09-17-02-00-00,0,0,0
2015-09-17-02-15-00,0,0,0
2015-09-17-02-30-00,0,0,0
2015-09-17-02-45-00,0,0,0
2015-09-17-03-00-00,0,0,0
2015-09-17-03-15-00,0,0,0
2015-09-17-03-30-00,0,0,0
2015-09-17-03-45-00,0,0,0
2015-09-17-04-00-00,0,0,0
2015-09-17-04-15-00,0,0,0
2015-09-17-04-30-00,0,0,0
2015-09-17-04-45-00,0,0,0
2015-09-17-05-00-00,0,0,0
2015-09-17-05-15-00,0,0,0
2015-09-17-05-30-00,0,0,0
2015-09-17-05-45-00,5,1,4
2015-09-17-06-00-00,5,0,5
2015-09-17-06-15-00,0,0,0
2015-09-17-06-30-00,5,2,3
2015-09-17-06-45-00,18,10,8
2015-09-17-07-00-00,12,4,8
2015-09-17-07-15-00,21,9,12
2015-09-17-07-30-00,32,8,24
2015-09-17-07-45-00,31,3,28
2015-09-17-08-00-00,42,10,32
2015-09-17-08-15-00,41,8,33
2015-09-17-08-30-00,40,12,28
2015-09-17-08-45-00,34,8,26
2015-09-17-09-00-00,25,5,20
2015-09-17-09-15-00,22,9,13
2015-09-17-09-30-00,14,9,5
2015-09-17-09-45-00,13,5,8
2015-09-17-10-00-00,11,7,4
2015-09-17-10-15-00,10,2,8
2015-09-17-10-30-00,9,7,2
2015-09-17-10-45-00,9,5,4
2015-09-17-11-00-00,11,3,8
2015-09-17-11-15-00,5,1,4
2015-09-17-11-30-00,9,8,1
2015-09-17-11-45-00,15,6,9
2015-09-17-12-00-00,9,6,3
2015-09-17-12-15-00,13,9,4
2015-09-17-12-30-00,16,7,9
2015-09-17-12-45-00,14,1,13
2015-09-17-13-00-00,10,6,4
2015-09-17-13-15-00,13,7,6
2015-09-17-13-30-00,15,6,9
2015-09-17-13-45-00,15,7,8
2015-09-17-14-00-00,15,7,8
2015-09-17-14-15-00,9,7,2
2015-09-17-14-30-00,12,7,5
2015-09-17-14-45-00,9,6,3
2015-09-17-15-00-00,14,8,6
2015-09-17-15-15-00,13,5,8
2015-09-17-15-30-00,17,10,7
2015-09-17-15-45-00,23,11,12
2015-09-17-16-00-00,16,9,7
2015-09-17-16-15-00,25,16,9
2015-09-17-16-30-00,25,19,6
2015-09-17-16-45-00,35,25,10
2015-09-17-17-00-00,37,25,12
2015-09-17-17-15-00,32,21,11
2015-09-17-17-30-00,27,20,7
2015-09-17-17-45-00,21,19,2
2015-09-17-18-00-00,23,13,10
2015-09-17-18-15-00,23,18,5
2015-09-17-18-30-00,19,12,7
2015-09-17-18-45-00,27,20,7
2015-09-17-19-00-00,12,10,2
2015-09-17-19-15-00,16,11,5
2015-09-17-19-30-00,12,5,7
2015-09-17-19-45-00,10,7,3
2015-09-17-20-00-00,4,3,1
2015-09-17-20-15-00,10,5,5
2015-09-17-20-30-00,1,1,0
2015-09-17-20-45-00,1,1,0
2015-09-17-21-00-00,3,1,2
2015-09-17-21-15-00,3,0,3
2015-09-17-21-30-00,2,2,0
2015-09-17-21-45-00,1,0,1
2015-09-17-22-00-00,5,1,4
2015-09-17-22-15-00,6,6,0
2015-09-17-22-30-00,2,1,1
2015-09-17-22-45-00,2,1,1
2015-09-17-23-00-00,3,0,3
2015-09-17-23-15-00,3,1,2
2015-09-17-23-30-00,0,0,0
2015-09-17-23-45-00,2,1,1
2015-09-18-00-00-00,2,1,1
2015-09-18-00-15-00,0,0,0
2015-09-18-00-30-00,0,0,0
2015-09-18-00-45-00,0,0,0
2015-09-18-01-00-00,0,0,0
2015-09-18-01-15-00,0,0,0
2015-09-18-01-30-00,1,0,1
2015-09-18-01-45-00,0,0,0
2015-09-18-02-00-00,0,0,0
2015-09-18-02-15-00,0,0,0
2015-09-18-02-30-00,0,0,0
2015-09-18-02-45-00,0,0,0
2015-09-18-03-00-00,0,0,0
2015-09-18-03-15-00,0,0,0
2015-09-18-03-30-00,0,0,0
2015-09-18-03-45-00,0,0,0
2015-09-18-04-00-00,0,0,0
2015-09-18-04-15-00,0,0,0
2015-09-18-04-30-00,0,0,0
2015-09-18-04-45-00,0,0,0
2015-09-18-05-00-00,0,0,0
2015-09-18-05-15-00,0,0,0
2015-09-18-05-30-00,0,0,0
2015-09-18-05-45-00,3,1,2
2015-09-18-06-00-00,2,1,1
2015-09-18-06-15-00,4,1,3
2015-09-18-06-30-00,9,2,7
2015-09-18-06-45-00,14,6,8
2015-09-18-07-00-00,19,7,12
2015-09-18-07-15-00,29,9,20
2015-09-18-07-30-00,37,14,23
2015-09-18-07-45-00,42,8,34
2015-09-18-08-00-00,35,9,26
2015-09-18-08-15-00,52,11,41
2015-09-18-08-30-00,47,9,38
2015-09-18-08-45-00,35,12,23
2015-09-18-09-00-00,22,7,15
2015-09-18-09-15-00,24,6,18
2015-09-18-09-30-00,22,9,13
2015-09-18-09-45-00,12,1,11
2015-09-18-10-00-00,15,6,9
2015-09-18-10-15-00,15,9,6
2015-09-18-10-30-00,18,9,9
2015-09-18-10-45-00,21,10,11
2015-09-18-11-00-00,19,11,8
2015-09-18-11-15-00,19,15,4
2015-09-18-11-30-00,17,9,8
2015-09-18-11-45-00,30,12,18
2015-09-18-12-00-00,24,12,12
2015-09-18-12-15-00,46,15,31
2015-09-18-12-30-00,32,17,15
2015-09-18-12-45-00,30,17,13
2015-09-18-13-00-00,34,22,12
2015-09-18-13-15-00,31,17,14
2015-09-18-13-30-00,42,18,24
2015-09-18-13-45-00,30,15,15
2015-09-18-14-00-00,41,24,17
2015-09-18-14-15-00,55,32,23
2015-09-18-14-30-00,55,29,26
2015-09-18-14-45-00,52,35,17
2015-09-18-15-00-00,32,21,11
2015-09-18-15-15-00,59,36,23
2015-09-18-15-30-00,41,28,13
2015-09-18-15-45-00,49,23,26
2015-09-18-16-00-00,41,23,18
2015-09-18-16-15-00,54,35,19
2015-09-18-16-30-00,54,29,25
2015-09-18-16-45-00,57,31,26
2015-09-18-17-00-00,64,44,20
2015-09-18-17-15-00,68,27,41
2015-09-18-17-30-00,55,34,21
2015-09-18-17-45-00,71,34,37
2015-09-18-18-00-00,48,28,20
2015-09-18-18-15-00,43,26,17
2015-09-18-18-30-00,29,20,9
2015-09-18-18-45-00,35,25,10
2015-09-18-19-00-00,32,21,11
2015-09-18-19-15-00,18,9,9
2015-09-18-19-30-00,37,25,12
2015-09-18-19-45-00,24,16,8
2015-09-18-20-00-00,20,9,11
2015-09-18-20-15-00,3,3,0
2015-09-18-20-30-00,5,4,1
2015-09-18-20-45-00,8,4,4
2015-09-18-21-00-00,7,5,2
2015-09-18-21-15-00,6,4,2
2015-09-18-21-30-00,2,0,2
2015-09-18-21-45-00,0,0,0
2015-09-18-22-00-00,7,3,4
2015-09-18-22-15-00,1,0,1
2015-09-18-22-30-00,2,1,1
2015-09-18-22-45-00,4,3,1
2015-09-18-23-00-00,4,0,4
2015-09-18-23-15-00,2,1,1
2015-09-18-23-30-00,3,3,0
2015-09-18-23-45-00,0,0,0
2015-09-19-00-00-00,1,0,1
2015-09-19-00-15-00,3,0,3
2015-09-19-00-30-00,0,0,0
2015-09-19-00-45-00,0,0,0
2015-09-19-01-00-00,1,1,0
2015-09-19-01-15-00,0,0,0
2015-09-19-01-30-00,1,1,0
2015-09-19-01-45-00,1,1,0
2015-09-19-02-00-00,0,0,0
2015-09-19-02-15-00,4,4,0
2015-09-19-02-30-00,1,0,1
2015-09-19-02-45-00,2,1,1
2015-09-19-03-00-00,1,1,0
2015-09-19-03-15-00,0,0,0
2015-09-19-03-30-00,0,0,0
2015-09-19-03-45-00,0,0,0
2015-09-19-04-00-00,0,0,0
2015-09-19-04-15-00,0,0,0
2015-09-19-04-30-00,1,0,1
2015-09-19-04-45-00,0,0,0
2015-09-19-05-00-00,0,0,0
2015-09-19-05-15-00,0,0,0
2015-09-19-05-30-00,1,0,1
2015-09-19-05-45-00,0,0,0
2015-09-19-06-00-00,5,2,3
2015-09-19-06-15-00,3,1,2
2015-09-19-06-30-00,2,1,1
2015-09-19-06-45-00,1,0,1
2015-09-19-07-00-00,2,1,1
2015-09-19-07-15-00,2,1,1
2015-09-19-07-30-00,7,5,2
2015-09-19-07-45-00,6,3,3
2015-09-19-08-00-00,7,2,5
2015-09-19-08-15-00,4,1,3
2015-09-19-08-30-00,10,3,7
2015-09-19-08-45-00,14,4,10
2015-09-19-09-00-00,7,3,4
2015-09-19-09-15-00,8,3,5
2015-09-19-09-30-00,19,5,14
2015-09-19-09-45-00,20,9,11
2015-09-19-10-00-00,20,7,13
2015-09-19-10-15-00,25,7,18
2015-09-19-10-30-00,26,11,15
2015-09-19-10-45-00,41,13,28
2015-09-19-11-00-00,34,14,20
2015-09-19-11-15-00,32,13,19
2015-09-19-11-30-00,42,23,19
2015-09-19-11-45-00,37,20,17
2015-09-19-12-00-00,44,13,31
2015-09-19-12-15-00,35,17,18
2015-09-19-12-30-00,44,22,22
2015-09-19-12-45-00,24,11,13
2015-09-19-13-00-00,39,14,25
2015-09-19-13-15-00,32,19,13
2015-09-19-13-30-00,37,24,13
2015-09-19-13-45-00,41,18,23
2015-09-19-14-00-00,21,12,9
2015-09-19-14-15-00,24,17,7
2015-09-19-14-30-00,18,7,11
2015-09-19-14-45-00,35,21,14
2015-09-19-15-00-00,26,6,20
2015-09-19-15-15-00,33,23,10
2015-09-19-15-30-00,53,35,18
2015-09-19-15-45-00,28,16,12
2015-09-19-16-00-00,23,16,7
2015-09-19-16-15-00,25,12,13
2015-09-19-16-30-00,31,12,19
2015-09-19-16-45-00,39,15,24
2015-09-19-17-00-00,15,8,7
2015-09-19-17-15-00,13,8,5
2015-09-19-17-30-00,12,6,6
2015-09-19-17-45-00,14,6,8
2015-09-19-18-00-00,15,10,5
2015-09-19-18-15-00,13,7,6
2015-09-19-18-30-00,16,8,8
2015-09-19-18-45-00,22,9,13
2015-09-19-19-00-00,17,13,4
2015-09-19-19-15-00,11,4,7
2015-09-19-19-30-00,11,5,6
2015-09-19-19-45-00,21,14,7
2015-09-19-20-00-00,11,6,5
2015-09-19-20-15-00,13,12,1
2015-09-19-20-30-00,6,3,3
2015-09-19-20-45-00,3,1,2
2015-09-19-21-00-00,1,0,1
2015-09-19-21-15-00,0,0,0
2015-09-19-21-30-00,2,0,2
2015-09-19-21-45-00,0,0,0
2015-09-19-22-00-00,2,0,2
2015-09-19-22-15-00,1,1,0
2015-09-19-22-30-00,0,0,0
2015-09-19-22-45-00,4,2,2
2015-09-19-23-00-00,1,1,0
2015-09-19-23-15-00,0,0,0
2015-09-19-23-30-00,2,1,1
2015-09-19-23-45-00,4,0,4
2015-09-20-00-00-00,1,1,0
2015-09-20-00-15-00,5,1,4
2015-09-20-00-30-00,4,2,2
2015-09-20-00-45-00,3,2,1
2015-09-20-01-00-00,0,0,0
2015-09-20-01-15-00,0,0,0
2015-09-20-01-30-00,1,1,0
2015-09-20-01-45-00,1,1,0
2015-09-20-02-00-00,1,0,1
2015-09-20-02-15-00,1,0,1
2015-09-20-02-30-00,0,0,0
2015-09-20-02-45-00,0,0,0
2015-09-20-03-00-00,0,0,0
2015-09-20-03-15-00,1,1,0
2015-09-20-03-30-00,1,1,0
2015-09-20-03-45-00,0,0,0
2015-09-20-04-00-00,0,0,0
2015-09-20-04-15-00,1,0,1
2015-09-20-04-30-00,0,0,0
2015-09-20-04-45-00,0,0,0
2015-09-20-05-00-00,0,0,0
2015-09-20-05-15-00,0,0,0
2015-09-20-05-30-00,0,0,0
2015-09-20-05-45-00,0,0,0
2015-09-20-06-00-00,2,0,2
2015-09-20-06-15-00,1,1,0
2015-09-20-06-30-00,0,0,0
2015-09-20-06-45-00,1,0,1
2015-09-20-07-00-00,1,0,1
2015-09-20-07-15-00,2,2,0
2015-09-20-07-30-00,3,0,3
2015-09-20-07-45-00,6,3,3
2015-09-20-08-00-00,4,1,3
2015-09-20-08-15-00,6,3,3
2015-09-20-08-30-00,8,5,3
2015-09-20-08-45-00,12,6,6
2015-09-20-09-00-00,16,11,5
2015-09-20-09-15-00,10,1,9
2015-09-20-09-30-00,12,4,8
2015-09-20-09-45-00,16,8,8
2015-09-20-10-00-00,22,9,13
2015-09-20-10-15-00,31,18,13
2015-09-20-10-30-00,20,5,15
2015-09-20-10-45-00,35,21,14
2015-09-20-11-00-00,39,13,26
2015-09-20-11-15-00,42,18,24
2015-09-20-11-30-00,48,22,26
2015-09-20-11-45-00,55,29,26
2015-09-20-12-00-00,32,14,18
2015-09-20-12-15-00,46,18,28
2015-09-20-12-30-00,51,25,26
2015-09-20-12-45-00,48,21,27
2015-09-20-13-00-00,67,33,34
2015-09-20-13-15-00,45,23,22
2015-09-20-13-30-00,57,26,31
2015-09-20-13-45-00,59,25,34
2015-09-20-14-00-00,54,25,29
2015-09-20-14-15-00,44,24,20
2015-09-20-14-30-00,72,39,33
2015-09-20-14-45-00,53,32,21
2015-09-20-15-00-00,37,25,12
2015-09-20-15-15-00,39,22,17
2015-09-20-15-30-00,51,35,16
2015-09-20-15-45-00,61,29,32
2015-09-20-16-00-00,63,36,27
2015-09-20-16-15-00,40,23,17
2015-09-20-16-30-00,56,22,34
2015-09-20-16-45-00,42,23,19
2015-09-20-17-00-00,54,38,16
2015-09-20-17-15-00,37,21,16
2015-09-20-17-30-00,35,16,19
2015-09-20-17-45-00,21,17,4
2015-09-20-18-00-00,23,13,10
2015-09-20-18-15-00,31,21,10
2015-09-20-18-30-00,32,20,12
2015-09-20-18-45-00,27,19,8
2015-09-20-19-00-00,16,8,8
2015-09-20-19-15-00,20,10,10
2015-09-20-19-30-00,20,17,3
2015-09-20-19-45-00,9,6,3
2015-09-20-20-00-00,9,3,6
2015-09-20-20-15-00,14,4,10
2015-09-20-20-30-00,8,8,0
2015-09-20-20-45-00,2,2,0
2015-09-20-21-00-00,3,2,1
2015-09-20-21-15-00,1,0,1
2015-09-20-21-30-00,3,3,0
2015-09-20-21-45-00,0,0,0
2015-09-20-22-00-00,1,1,0
2015-09-20-22-15-00,1,0,1
2015-09-20-22-30-00,2,1,1
2015-09-20-22-45-00,2,1,1
2015-09-20-23-00-00,0,0,0
2015-09-20-23-15-00,1,0,1
2015-09-20-23-30-00,1,0,1
2015-09-20-23-45-00,0,0,0
2015-09-21-00-00-00,0,0,0
2015-09-21-00-15-00,0,0,0
2015-09-21-00-30-00,0,0,0
2015-09-21-00-45-00,0,0,0
2015-09-21-01-00-00,0,0,0
2015-09-21-01-15-00,0,0,0
2015-09-21-01-30-00,0,0,0
2015-09-21-01-45-00,0,0,0
2015-09-21-02-00-00,0,0,0
2015-09-21-02-15-00,0,0,0
2015-09-21-02-30-00,0,0,0
2015-09-21-02-45-00,0,0,0
2015-09-21-03-00-00,0,0,0
2015-09-21-03-15-00,0,0,0
2015-09-21-03-30-00,0,0,0
2015-09-21-03-45-00,0,0,0
2015-09-21-04-00-00,1,0,1
2015-09-21-04-15-00,0,0,0
2015-09-21-04-30-00,2,0,2
2015-09-21-04-45-00,1,1,0
2015-09-21-05-00-00,0,0,0
2015-09-21-05-15-00,0,0,0
2015-09-21-05-30-00,2,1,1
2015-09-21-05-45-00,2,0,2
2015-09-21-06-00-00,4,3,1
2015-09-21-06-15-00,5,1,4
2015-09-21-06-30-00,8,3,5
2015-09-21-06-45-00,13,6,7
2015-09-21-07-00-00,24,10,14
2015-09-21-07-15-00,36,16,20
2015-09-21-07-30-00,42,15,27
2015-09-21-07-45-00,43,9,34
2015-09-21-08-00-00,54,13,41
2015-09-21-08-15-00,58,14,44
2015-09-21-08-30-00,55,12,43
2015-09-21-08-45-00,41,6,35
2015-09-21-09-00-00,31,7,24
2015-09-21-09-15-00,31,7,24
2015-09-21-09-30-00,25,8,17
2015-09-21-09-45-00,12,8,4
2015-09-21-10-00-00,17,5,12
2015-09-21-10-15-00,13,5,8
2015-09-21-10-30-00,28,16,12
2015-09-21-10-45-00,20,13,7
2015-09-21-11-00-00,21,13,8
2015-09-21-11-15-00,25,17,8
2015-09-21-11-30-00,30,13,17
2015-09-21-11-45-00,32,11,21
2015-09-21-12-00-00,24,9,15
2015-09-21-12-15-00,40,16,24
2015-09-21-12-30-00,30,12,18
2015-09-21-12-45-00,34,14,20
2015-09-21-13-00-00,38,26,12
2015-09-21-13-15-00,59,27,32
2015-09-21-13-30-00,41,18,23
2015-09-21-13-45-00,31,9,22
2015-09-21-14-00-00,48,26,22
2015-09-21-14-15-00,36,16,20
2015-09-21-14-30-00,42,24,18
2015-09-21-14-45-00,57,31,26
2015-09-21-15-00-00,30,12,18
2015-09-21-15-15-00,55,37,18
2015-09-21-15-30-00,46,27,19
2015-09-21-15-45-00,48,32,16
2015-09-21-16-00-00,58,38,20
2015-09-21-16-15-00,61,35,26
2015-09-21-16-30-00,57,41,16
2015-09-21-16-45-00,66,45,21
2015-09-21-17-00-00,65,43,22
2015-09-21-17-15-00,69,42,27
2015-09-21-17-30-00,60,41,19
2015-09-21-17-45-00,71,50,21
2015-09-21-18-00-00,37,22,15
2015-09-21-18-15-00,65,49,16
2015-09-21-18-30-00,54,31,23
2015-09-21-18-45-00,30,19,11
2015-09-21-19-00-00,37,17,20
2015-09-21-19-15-00,35,23,12
2015-09-21-19-30-00,20,13,7
2015-09-21-19-45-00,13,6,7
2015-09-21-20-00-00,10,3,7
2015-09-21-20-15-00,12,7,5
2015-09-21-20-30-00,8,1,7
2015-09-21-20-45-00,4,3,1
2015-09-21-21-00-00,5,4,1
2015-09-21-21-15-00,4,4,0
2015-09-21-21-30-00,4,1,3
2015-09-21-21-45-00,4,3,1
2015-09-21-22-00-00,3,3,0
2015-09-21-22-15-00,5,5,0
2015-09-21-22-30-00,0,0,0
2015-09-21-22-45-00,0,0,0
2015-09-21-23-00-00,1,1,0
2015-09-21-23-15-00,0,0,0
2015-09-21-23-30-00,0,0,0
2015-09-21-23-45-00,1,1,0
2015-09-22-00-00-00,0,0,0
2015-09-22-00-15-00,0,0,0
2015-09-22-00-30-00,2,0,2
2015-09-22-00-45-00,1,1,0
2015-09-22-01-00-00,0,0,0
2015-09-22-01-15-00,0,0,0
2015-09-22-01-30-00,0,0,0
2015-09-22-01-45-00,0,0,0
2015-09-22-02-00-00,0,0,0
2015-09-22-02-15-00,0,0,0
2015-09-22-02-30-00,0,0,0
2015-09-22-02-45-00,0,0,0
2015-09-22-03-00-00,0,0,0
2015-09-22-03-15-00,0,0,0
2015-09-22-03-30-00,0,0,0
2015-09-22-03-45-00,0,0,0
2015-09-22-04-00-00,0,0,0
2015-09-22-04-15-00,0,0,0
2015-09-22-04-30-00,0,0,0
2015-09-22-04-45-00,1,1,0
2015-09-22-05-00-00,0,0,0
2015-09-22-05-15-00,0,0,0
2015-09-22-05-30-00,1,1,0
2015-09-22-05-45-00,1,0,1
2015-09-22-06-00-00,3,0,3
2015-09-22-06-15-00,4,1,3
2015-09-22-06-30-00,5,1,4
2015-09-22-06-45-00,8,6,2
2015-09-22-07-00-00,16,4,12
2015-09-22-07-15-00,19,7,12
2015-09-22-07-30-00,44,20,24
2015-09-22-07-45-00,31,7,24
2015-09-22-08-00-00,47,18,29
2015-09-22-08-15-00,50,8,42
2015-09-22-08-30-00,49,6,43
2015-09-22-08-45-00,35,7,28
2015-09-22-09-00-00,24,9,15
2015-09-22-09-15-00,15,4,11
2015-09-22-09-30-00,9,2,7
2015-09-22-09-45-00,13,2,11
2015-09-22-10-00-00,6,4,2
2015-09-22-10-15-00,4,3,1
2015-09-22-10-30-00,4,3,1
2015-09-22-10-45-00,2,1,1
2015-09-22-11-00-00,4,3,1
2015-09-22-11-15-00,2,0,2
2015-09-22-11-30-00,4,1,3
2015-09-22-11-45-00,1,0,1
2015-09-22-12-00-00,0,0,0
2015-09-22-12-15-00,6,2,4
2015-09-22-12-30-00,6,3,3
2015-09-22-12-45-00,3,1,2
2015-09-22-13-00-00,2,2,0
2015-09-22-13-15-00,7,3,4
2015-09-22-13-30-00,5,1,4
2015-09-22-13-45-00,2,2,0
2015-09-22-14-00-00,8,2,6
2015-09-22-14-15-00,4,3,1
2015-09-22-14-30-00,8,4,4
2015-09-22-14-45-00,3,2,1
2015-09-22-15-00-00,10,7,3
2015-09-22-15-15-00,16,11,5
2015-09-22-15-30-00,23,16,7
2015-09-22-15-45-00,18,14,4
2015-09-22-16-00-00,24,16,8
2015-09-22-16-15-00,23,17,6
2015-09-22-16-30-00,22,12,10
2015-09-22-16-45-00,33,21,12
2015-09-22-17-00-00,29,24,5
2015-09-22-17-15-00,41,28,13
2015-09-22-17-30-00,34,22,12
2015-09-22-17-45-00,27,17,10
2015-09-22-18-00-00,13,10,3
2015-09-22-18-15-00,16,14,2
2015-09-22-18-30-00,12,9,3
2015-09-22-18-45-00,23,17,6
2015-09-22-19-00-00,17,13,4
2015-09-22-19-15-00,14,7,7
2015-09-22-19-30-00,11,7,4
2015-09-22-19-45-00,15,7,8
2015-09-22-20-00-00,4,4,0
2015-09-22-20-15-00,4,1,3
2015-09-22-20-30-00,3,3,0
2015-09-22-20-45-00,4,2,2
2015-09-22-21-00-00,1,1,0
2015-09-22-21-15-00,1,0,1
2015-09-22-21-30-00,1,0,1
2015-09-22-21-45-00,1,0,1
2015-09-22-22-00-00,0,0,0
2015-09-22-22-15-00,0,0,0
2015-09-22-22-30-00,0,0,0
2015-09-22-22-45-00,2,0,2
2015-09-22-23-00-00,1,1,0
2015-09-22-23-15-00,0,0,0
2015-09-22-23-30-00,0,0,0
2015-09-22-23-45-00,0,0,0
2015-09-23-00-00-00,2,2,0
2015-09-23-00-15-00,0,0,0
2015-09-23-00-30-00,0,0,0
2015-09-23-00-45-00,1,1,0
2015-09-23-01-00-00,1,0,1
2015-09-23-01-15-00,0,0,0
2015-09-23-01-30-00,0,0,0
2015-09-23-01-45-00,0,0,0
2015-09-23-02-00-00,0,0,0
2015-09-23-02-15-00,0,0,0
2015-09-23-02-30-00,0,0,0
2015-09-23-02-45-00,0,0,0
2015-09-23-03-00-00,1,0,1
2015-09-23-03-15-00,1,0,1
2015-09-23-03-30-00,0,0,0
2015-09-23-03-45-00,0,0,0
2015-09-23-04-00-00,0,0,0
2015-09-23-04-15-00,1,1,0
2015-09-23-04-30-00,1,0,1
2015-09-23-04-45-00,1,1,0
2015-09-23-05-00-00,0,0,0
2015-09-23-05-15-00,0,0,0
2015-09-23-05-30-00,0,0,0
2015-09-23-05-45-00,2,1,1
2015-09-23-06-00-00,1,1,0
2015-09-23-06-15-00,2,0,2
2015-09-23-06-30-00,0,0,0
2015-09-23-06-45-00,7,5,2
2015-09-23-07-00-00,15,8,7
2015-09-23-07-15-00,25,5,20
2015-09-23-07-30-00,25,8,17
2015-09-23-07-45-00,22,8,14
2015-09-23-08-00-00,29,7,22
2015-09-23-08-15-00,34,4,30
2015-09-23-08-30-00,32,7,25
2015-09-23-08-45-00,29,3,26
2015-09-23-09-00-00,29,4,25
2015-09-23-09-15-00,6,5,1
2015-09-23-09-30-00,9,6,3
2015-09-23-09-45-00,15,8,7
2015-09-23-10-00-00,8,3,5
2015-09-23-10-15-00,3,0,3
2015-09-23-10-30-00,9,3,6
2015-09-23-10-45-00,5,3,2
2015-09-23-11-00-00,12,8,4
2015-09-23-11-15-00,12,5,7
2015-09-23-11-30-00,4,2,2
2015-09-23-11-45-00,6,6,0
2015-09-23-12-00-00,9,5,4
2015-09-23-12-15-00,13,11,2
2015-09-23-12-30-00,20,10,10
2015-09-23-12-45-00,5,4,1
2015-09-23-13-00-00,11,7,4
2015-09-23-13-15-00,16,3,13
2015-09-23-13-30-00,6,2,4
2015-09-23-13-45-00,5,2,3
2015-09-23-14-00-00,14,10,4
2015-09-23-14-15-00,16,3,13
2015-09-23-14-30-00,15,8,7
2015-09-23-14-45-00,19,8,11
2015-09-23-15-00-00,8,4,4
2015-09-23-15-15-00,11,6,5
2015-09-23-15-30-00,16,8,8
2015-09-23-15-45-00,22,18,4
2015-09-23-16-00-00,22,11,11
2015-09-23-16-15-00,21,16,5
2015-09-23-16-30-00,13,8,5
2015-09-23-16-45-00,14,9,5
2015-09-23-17-00-00,18,12,6
2015-09-23-17-15-00,21,15,6
2015-09-23-17-30-00,23,17,6
2015-09-23-17-45-00,26,17,9
2015-09-23-18-00-00,23,20,3
2015-09-23-18-15-00,23,17,6
2015-09-23-18-30-00,16,12,4
2015-09-23-18-45-00,24,15,9
2015-09-23-19-00-00,19,13,6
2015-09-23-19-15-00,12,9,3
2015-09-23-19-30-00,13,8,5
2015-09-23-19-45-00,7,5,2
2015-09-23-20-00-00,7,3,4
2015-09-23-20-15-00,5,3,2
2015-09-23-20-30-00,4,1,3
2015-09-23-20-45-00,2,1,1
2015-09-23-21-00-00,1,0,1
2015-09-23-21-15-00,1,1,0
2015-09-23-21-30-00,3,1,2
2015-09-23-21-45-00,6,2,4
2015-09-23-22-00-00,2,2,0
2015-09-23-22-15-00,4,3,1
2015-09-23-22-30-00,1,1,0
2015-09-23-22-45-00,0,0,0
2015-09-23-23-00-00,2,1,1
2015-09-23-23-15-00,2,1,1
2015-09-23-23-30-00,0,0,0
2015-09-23-23-45-00,0,0,0
2015-09-24-00-00-00,1,1,0
2015-09-24-00-15-00,0,0,0
2015-09-24-00-30-00,0,0,0
2015-09-24-00-45-00,0,0,0
2015-09-24-01-00-00,0,0,0
2015-09-24-01-15-00,0,0,0
2015-09-24-01-30-00,0,0,0
2015-09-24-01-45-00,0,0,0
2015-09-24-02-00-00,0,0,0
2015-09-24-02-15-00,0,0,0
2015-09-24-02-30-00,0,0,0
2015-09-24-02-45-00,0,0,0
2015-09-24-03-00-00,0,0,0
2015-09-24-03-15-00,0,0,0
2015-09-24-03-30-00,0,0,0
2015-09-24-03-45-00,0,0,0
2015-09-24-04-00-00,0,0,0
2015-09-24-04-15-00,0,0,0
2015-09-24-04-30-00,2,1,1
2015-09-24-04-45-00,0,0,0
2015-09-24-05-00-00,0,0,0
2015-09-24-05-15-00,0,0,0
2015-09-24-05-30-00,1,0,1
2015-09-24-05-45-00,4,1,3
2015-09-24-06-00-00,3,0,3
2015-09-24-06-15-00,5,2,3
2015-09-24-06-30-00,9,1,8
2015-09-24-06-45-00,11,6,5
2015-09-24-07-00-00,18,9,9
2015-09-24-07-15-00,34,12,22
2015-09-24-07-30-00,45,17,28
2015-09-24-07-45-00,37,9,28
2015-09-24-08-00-00,44,9,35
2015-09-24-08-15-00,49,10,39
2015-09-24-08-30-00,53,10,43
2015-09-24-08-45-00,32,6,26
2015-09-24-09-00-00,31,6,25
2015-09-24-09-15-00,30,7,23
2015-09-24-09-30-00,21,7,14
2015-09-24-09-45-00,14,3,11
2015-09-24-10-00-00,19,10,9
2015-09-24-10-15-00,17,8,9
2015-09-24-10-30-00,19,9,10
2015-09-24-10-45-00,17,13,4
2015-09-24-11-00-00,16,9,7
2015-09-24-11-15-00,22,15,7
2015-09-24-11-30-00,29,14,15
2015-09-24-11-45-00,27,10,17
2015-09-24-12-00-00,37,22,15
2015-09-24-12-15-00,28,22,6
2015-09-24-12-30-00,28,11,17
2015-09-24-12-45-00,28,11,17
2015-09-24-13-00-00,26,15,11
2015-09-24-13-15-00,33,15,18
2015-09-24-13-30-00,27,12,15
2015-09-24-13-45-00,37,18,19
2015-09-24-14-00-00,19,11,8
2015-09-24-14-15-00,48,26,22
2015-09-24-14-30-00,24,12,12
2015-09-24-14-45-00,41,23,18
2015-09-24-15-00-00,36,23,13
2015-09-24-15-15-00,37,22,15
2015-09-24-15-30-00,43,24,19
2015-09-24-15-45-00,37,25,12
2015-09-24-16-00-00,48,32,16
2015-09-24-16-15-00,50,29,21
2015-09-24-16-30-00,57,35,22
2015-09-24-16-45-00,75,43,32
2015-09-24-17-00-00,69,45,24
2015-09-24-17-15-00,62,34,28
2015-09-24-17-30-00,62,34,28
2015-09-24-17-45-00,50,32,18
2015-09-24-18-00-00,67,45,22
2015-09-24-18-15-00,64,41,23
2015-09-24-18-30-00,51,31,20
2015-09-24-18-45-00,49,32,17
2015-09-24-19-00-00,45,20,25
2015-09-24-19-15-00,28,18,10
2015-09-24-19-30-00,39,24,15
2015-09-24-19-45-00,22,13,9
2015-09-24-20-00-00,25,13,12
2015-09-24-20-15-00,5,4,1
2015-09-24-20-30-00,12,9,3
2015-09-24-20-45-00,7,4,3
2015-09-24-21-00-00,12,7,5
2015-09-24-21-15-00,5,4,1
2015-09-24-21-30-00,5,4,1
2015-09-24-21-45-00,5,2,3
2015-09-24-22-00-00,7,3,4
2015-09-24-22-15-00,2,0,2
2015-09-24-22-30-00,2,1,1
2015-09-24-22-45-00,2,0,2
2015-09-24-23-00-00,4,2,2
2015-09-24-23-15-00,1,1,0
2015-09-24-23-30-00,5,5,0
2015-09-24-23-45-00,1,1,0
2015-09-25-00-00-00,1,0,1
2015-09-25-00-15-00,1,1,0
2015-09-25-00-30-00,1,1,0
2015-09-25-00-45-00,0,0,0
2015-09-25-01-00-00,1,1,0
2015-09-25-01-15-00,1,1,0
2015-09-25-01-30-00,0,0,0
2015-09-25-01-45-00,1,0,1
2015-09-25-02-00-00,0,0,0
2015-09-25-02-15-00,0,0,0
2015-09-25-02-30-00,1,0,1
2015-09-25-02-45-00,0,0,0
2015-09-25-03-00-00,0,0,0
2015-09-25-03-15-00,1,1,0
2015-09-25-03-30-00,0,0,0
2015-09-25-03-45-00,0,0,0
2015-09-25-04-00-00,0,0,0
2015-09-25-04-15-00,0,0,0
2015-09-25-04-30-00,0,0,0
2015-09-25-04-45-00,1,1,0
2015-09-25-05-00-00,0,0,0
2015-09-25-05-15-00,0,0,0
2015-09-25-05-30-00,2,1,1
2015-09-25-05-45-00,5,3,2
2015-09-25-06-00-00,5,1,4
2015-09-25-06-15-00,8,3,5
2015-09-25-06-30-00,7,1,6
2015-09-25-06-45-00,12,7,5
2015-09-25-07-00-00,18,11,7
2015-09-25-07-15-00,34,9,25
2015-09-25-07-30-00,36,14,22
2015-09-25-07-45-00,48,11,37
2015-09-25-08-00-00,37,8,29
2015-09-25-08-15-00,49,11,38
2015-09-25-08-30-00,48,6,42
2015-09-25-08-45-00,34,9,25
2015-09-25-09-00-00,28,4,24
2015-09-25-09-15-00,25,12,13
2015-09-25-09-30-00,21,11,10
2015-09-25-09-45-00,17,10,7
2015-09-25-10-00-00,15,6,9
2015-09-25-10-15-00,10,7,3
2015-09-25-10-30-00,29,7,22
2015-09-25-10-45-00,20,10,10
2015-09-25-11-00-00,19,6,13
2015-09-25-11-15-00,27,18,9
2015-09-25-11-30-00,38,18,20
2015-09-25-11-45-00,23,12,11
2015-09-25-12-00-00,19,9,10
2015-09-25-12-15-00,28,18,10
2015-09-25-12-30-00,34,18,16
2015-09-25-12-45-00,16,8,8
2015-09-25-13-00-00,35,10,25
2015-09-25-13-15-00,25,17,8
2015-09-25-13-30-00,44,24,20
2015-09-25-13-45-00,39,19,20
2015-09-25-14-00-00,49,28,21
2015-09-25-14-15-00,48,22,26
2015-09-25-14-30-00,38,22,16
2015-09-25-14-45-00,45,28,17
2015-09-25-15-00-00,39,22,17
2015-09-25-15-15-00,48,34,14
2015-09-25-15-30-00,46,21,25
2015-09-25-15-45-00,62,31,31
2015-09-25-16-00-00,45,22,23
2015-09-25-16-15-00,53,33,20
2015-09-25-16-30-00,53,33,20
2015-09-25-16-45-00,57,38,19
2015-09-25-17-00-00,70,46,24
2015-09-25-17-15-00,44,37,7
2015-09-25-17-30-00,40,23,17
2015-09-25-17-45-00,50,29,21
2015-09-25-18-00-00,37,25,12
2015-09-25-18-15-00,34,26,8
2015-09-25-18-30-00,28,17,11
2015-09-25-18-45-00,26,18,8
2015-09-25-19-00-00,28,21,7
2015-09-25-19-15-00,31,20,11
2015-09-25-19-30-00,12,9,3
2015-09-25-19-45-00,12,3,9
2015-09-25-20-00-00,9,4,5
2015-09-25-20-15-00,4,3,1
2015-09-25-20-30-00,10,7,3
2015-09-25-20-45-00,6,3,3
2015-09-25-21-00-00,4,3,1
2015-09-25-21-15-00,1,1,0
2015-09-25-21-30-00,3,2,1
2015-09-25-21-45-00,1,0,1
2015-09-25-22-00-00,6,2,4
2015-09-25-22-15-00,1,0,1
2015-09-25-22-30-00,1,0,1
2015-09-25-22-45-00,3,2,1
2015-09-25-23-00-00,1,0,1
2015-09-25-23-15-00,0,0,0
2015-09-25-23-30-00,0,0,0
2015-09-25-23-45-00,0,0,0
2015-09-26-00-00-00,1,0,1
2015-09-26-00-15-00,1,0,1
2015-09-26-00-30-00,1,0,1
2015-09-26-00-45-00,0,0,0
2015-09-26-01-00-00,4,2,2
2015-09-26-01-15-00,4,2,2
2015-09-26-01-30-00,0,0,0
2015-09-26-01-45-00,1,1,0
2015-09-26-02-00-00,0,0,0
2015-09-26-02-15-00,0,0,0
2015-09-26-02-30-00,0,0,0
2015-09-26-02-45-00,0,0,0
2015-09-26-03-00-00,0,0,0
2015-09-26-03-15-00,0,0,0
2015-09-26-03-30-00,0,0,0
2015-09-26-03-45-00,0,0,0
2015-09-26-04-00-00,1,0,1
2015-09-26-04-15-00,0,0,0
2015-09-26-04-30-00,1,0,1
2015-09-26-04-45-00,0,0,0
2015-09-26-05-00-00,0,0,0
2015-09-26-05-15-00,0,0,0
2015-09-26-05-30-00,1,0,1
2015-09-26-05-45-00,1,1,0
2015-09-26-06-00-00,1,0,1
2015-09-26-06-15-00,2,1,1
2015-09-26-06-30-00,3,0,3
2015-09-26-06-45-00,2,0,2
2015-09-26-07-00-00,2,0,2
2015-09-26-07-15-00,0,0,0
2015-09-26-07-30-00,2,0,2
2015-09-26-07-45-00,3,1,2
2015-09-26-08-00-00,7,2,5
2015-09-26-08-15-00,6,2,4
2015-09-26-08-30-00,8,4,4
2015-09-26-08-45-00,11,5,6
2015-09-26-09-00-00,3,1,2
2015-09-26-09-15-00,18,9,9
2015-09-26-09-30-00,12,4,8
2015-09-26-09-45-00,11,7,4
2015-09-26-10-00-00,21,13,8
2015-09-26-10-15-00,22,14,8
2015-09-26-10-30-00,26,16,10
2015-09-26-10-45-00,25,3,22
2015-09-26-11-00-00,12,6,6
2015-09-26-11-15-00,33,18,15
2015-09-26-11-30-00,46,16,30
2015-09-26-11-45-00,25,12,13
2015-09-26-12-00-00,28,13,15
2015-09-26-12-15-00,36,19,17
2015-09-26-12-30-00,28,6,22
2015-09-26-12-45-00,46,18,28
2015-09-26-13-00-00,43,20,23
2015-09-26-13-15-00,50,23,27
2015-09-26-13-30-00,38,15,23
2015-09-26-13-45-00,41,28,13
2015-09-26-14-00-00,45,28,17
2015-09-26-14-15-00,35,17,18
2015-09-26-14-30-00,30,14,16
2015-09-26-14-45-00,32,14,18
2015-09-26-15-00-00,42,23,19
2015-09-26-15-15-00,21,11,10
2015-09-26-15-30-00,44,29,15
2015-09-26-15-45-00,39,21,18
2015-09-26-16-00-00,32,21,11
2015-09-26-16-15-00,37,14,23
2015-09-26-16-30-00,29,17,12
2015-09-26-16-45-00,33,15,18
2015-09-26-17-00-00,38,12,26
2015-09-26-17-15-00,30,16,14
2015-09-26-17-30-00,27,18,9
2015-09-26-17-45-00,24,14,10
2015-09-26-18-00-00,25,17,8
2015-09-26-18-15-00,24,13,11
2015-09-26-18-30-00,17,14,3
2015-09-26-18-45-00,21,9,12
2015-09-26-19-00-00,14,5,9
2015-09-26-19-15-00,27,11,16
2015-09-26-19-30-00,10,3,7
2015-09-26-19-45-00,8,3,5
2015-09-26-20-00-00,3,2,1
2015-09-26-20-15-00,6,6,0
2015-09-26-20-30-00,6,1,5
2015-09-26-20-45-00,6,4,2
2015-09-26-21-00-00,2,0,2
2015-09-26-21-15-00,4,2,2
2015-09-26-21-30-00,3,1,2
2015-09-26-21-45-00,4,2,2
2015-09-26-22-00-00,1,0,1
2015-09-26-22-15-00,2,1,1
2015-09-26-22-30-00,0,0,0
2015-09-26-22-45-00,0,0,0
2015-09-26-23-00-00,2,0,2
2015-09-26-23-15-00,1,0,1
2015-09-26-23-30-00,3,3,0
2015-09-26-23-45-00,4,3,1
2015-09-27-00-00-00,0,0,0
2015-09-27-00-15-00,5,4,1
2015-09-27-00-30-00,5,5,0
2015-09-27-00-45-00,2,2,0
2015-09-27-01-00-00,0,0,0
2015-09-27-01-15-00,1,0,1
2015-09-27-01-30-00,5,5,0
2015-09-27-01-45-00,1,1,0
2015-09-27-02-00-00,0,0,0
2015-09-27-02-15-00,1,0,1
2015-09-27-02-30-00,5,4,1
2015-09-27-02-45-00,1,1,0
2015-09-27-03-00-00,2,2,0
2015-09-27-03-15-00,0,0,0
2015-09-27-03-30-00,2,2,0
2015-09-27-03-45-00,0,0,0
2015-09-27-04-00-00,1,0,1
2015-09-27-04-15-00,0,0,0
2015-09-27-04-30-00,0,0,0
2015-09-27-04-45-00,0,0,0
2015-09-27-05-00-00,0,0,0
2015-09-27-05-15-00,2,1,1
2015-09-27-05-30-00,0,0,0
2015-09-27-05-45-00,0,0,0
2015-09-27-06-00-00,0,0,0
2015-09-27-06-15-00,3,0,3
2015-09-27-06-30-00,4,3,1
2015-09-27-06-45-00,0,0,0
2015-09-27-07-00-00,0,0,0
2015-09-27-07-15-00,2,0,2
2015-09-27-07-30-00,2,2,0
2015-09-27-07-45-00,3,1,2
2015-09-27-08-00-00,5,2,3
2015-09-27-08-15-00,6,3,3
2015-09-27-08-30-00,5,2,3
2015-09-27-08-45-00,6,2,4
2015-09-27-09-00-00,16,6,10
2015-09-27-09-15-00,23,13,10
2015-09-27-09-30-00,19,10,9
2015-09-27-09-45-00,20,7,13
2015-09-27-10-00-00,21,6,15
2015-09-27-10-15-00,26,14,12
2015-09-27-10-30-00,38,10,28
2015-09-27-10-45-00,41,9,32
2015-09-27-11-00-00,45,20,25
2015-09-27-11-15-00,50,19,31
2015-09-27-11-30-00,79,36,43
2015-09-27-11-45-00,62,24,38
2015-09-27-12-00-00,67,29,38
2015-09-27-12-15-00,98,37,61
2015-09-27-12-30-00,82,32,50
2015-09-27-12-45-00,111,44,67
2015-09-27-13-00-00,123,55,68
2015-09-27-13-15-00,113,64,49
2015-09-27-13-30-00,96,45,51
2015-09-27-13-45-00,123,55,68
2015-09-27-14-00-00,99,36,63
2015-09-27-14-15-00,112,55,57
2015-09-27-14-30-00,85,35,50
2015-09-27-14-45-00,129,65,64
2015-09-27-15-00-00,105,53,52
2015-09-27-15-15-00,98,46,52
2015-09-27-15-30-00,104,52,52
2015-09-27-15-45-00,117,51,66
2015-09-27-16-00-00,117,65,52
2015-09-27-16-15-00,101,57,44
2015-09-27-16-30-00,130,72,58
2015-09-27-16-45-00,126,76,50
2015-09-27-17-00-00,105,65,40
2015-09-27-17-15-00,95,65,30
2015-09-27-17-30-00,71,49,22
2015-09-27-17-45-00,77,41,36
2015-09-27-18-00-00,79,51,28
2015-09-27-18-15-00,71,48,23
2015-09-27-18-30-00,63,35,28
2015-09-27-18-45-00,45,24,21
2015-09-27-19-00-00,44,25,19
2015-09-27-19-15-00,34,22,12
2015-09-27-19-30-00,21,16,5
2015-09-27-19-45-00,17,12,5
2015-09-27-20-00-00,16,10,6
2015-09-27-20-15-00,5,3,2
2015-09-27-20-30-00,3,0,3
2015-09-27-20-45-00,7,2,5
2015-09-27-21-00-00,5,2,3
2015-09-27-21-15-00,4,3,1
2015-09-27-21-30-00,0,0,0
2015-09-27-21-45-00,0,0,0
2015-09-27-22-00-00,4,2,2
2015-09-27-22-15-00,4,1,3
2015-09-27-22-30-00,1,1,0
2015-09-27-22-45-00,0,0,0
2015-09-27-23-00-00,0,0,0
2015-09-27-23-15-00,0,0,0
2015-09-27-23-30-00,1,1,0
2015-09-27-23-45-00,0,0,0
2015-09-28-00-00-00,0,0,0
2015-09-28-00-15-00,0,0,0
2015-09-28-00-30-00,0,0,0
2015-09-28-00-45-00,0,0,0
2015-09-28-01-00-00,0,0,0
2015-09-28-01-15-00,0,0,0
2015-09-28-01-30-00,0,0,0
2015-09-28-01-45-00,0,0,0
2015-09-28-02-00-00,0,0,0
2015-09-28-02-15-00,0,0,0
2015-09-28-02-30-00,0,0,0
2015-09-28-02-45-00,0,0,0
2015-09-28-03-00-00,0,0,0
2015-09-28-03-15-00,0,0,0
2015-09-28-03-30-00,0,0,0
2015-09-28-03-45-00,0,0,0
2015-09-28-04-00-00,0,0,0
2015-09-28-04-15-00,0,0,0
2015-09-28-04-30-00,0,0,0
2015-09-28-04-45-00,0,0,0
2015-09-28-05-00-00,1,0,1
2015-09-28-05-15-00,2,1,1
2015-09-28-05-30-00,1,1,0
2015-09-28-05-45-00,3,0,3
2015-09-28-06-00-00,4,2,2
2015-09-28-06-15-00,3,0,3
2015-09-28-06-30-00,7,1,6
2015-09-28-06-45-00,15,5,10
2015-09-28-07-00-00,23,7,16
2015-09-28-07-15-00,29,9,20
2015-09-28-07-30-00,41,16,25
2015-09-28-07-45-00,43,10,33
2015-09-28-08-00-00,50,6,44
2015-09-28-08-15-00,54,14,40
2015-09-28-08-30-00,45,9,36
2015-09-28-08-45-00,57,9,48
2015-09-28-09-00-00,22,4,18
2015-09-28-09-15-00,23,7,16
2015-09-28-09-30-00,29,9,20
2015-09-28-09-45-00,15,6,9
2015-09-28-10-00-00,10,6,4
2015-09-28-10-15-00,8,2,6
2015-09-28-10-30-00,25,9,16
2015-09-28-10-45-00,21,8,13
2015-09-28-11-00-00,12,8,4
2015-09-28-11-15-00,24,11,13
2015-09-28-11-30-00,19,6,13
2015-09-28-11-45-00,22,11,11
2015-09-28-12-00-00,29,6,23
2015-09-28-12-15-00,37,16,21
2015-09-28-12-30-00,21,13,8
2015-09-28-12-45-00,35,13,22
2015-09-28-13-00-00,30,8,22
2015-09-28-13-15-00,42,19,23
2015-09-28-13-30-00,39,15,24
2015-09-28-13-45-00,33,20,13
2015-09-28-14-00-00,44,22,22
2015-09-28-14-15-00,27,7,20
2015-09-28-14-30-00,44,23,21
2015-09-28-14-45-00,46,22,24
2015-09-28-15-00-00,77,30,47
2015-09-28-15-15-00,64,31,33
2015-09-28-15-30-00,55,27,28
2015-09-28-15-45-00,69,41,28
2015-09-28-16-00-00,58,37,21
2015-09-28-16-15-00,98,62,36
2015-09-28-16-30-00,97,68,29
2015-09-28-16-45-00,69,47,22
2015-09-28-17-00-00,90,66,24
2015-09-28-17-15-00,75,56,19
2015-09-28-17-30-00,96,61,35
2015-09-28-17-45-00,72,50,22
2015-09-28-18-00-00,55,33,22
2015-09-28-18-15-00,75,45,30
2015-09-28-18-30-00,53,35,18
2015-09-28-18-45-00,47,37,10
2015-09-28-19-00-00,33,22,11
2015-09-28-19-15-00,40,23,17
2015-09-28-19-30-00,21,17,4
2015-09-28-19-45-00,17,10,7
2015-09-28-20-00-00,14,9,5
2015-09-28-20-15-00,6,2,4
2015-09-28-20-30-00,7,5,2
2015-09-28-20-45-00,5,3,2
2015-09-28-21-00-00,4,4,0
2015-09-28-21-15-00,3,1,2
2015-09-28-21-30-00,2,2,0
2015-09-28-21-45-00,0,0,0
2015-09-28-22-00-00,0,0,0
2015-09-28-22-15-00,0,0,0
2015-09-28-22-30-00,0,0,0
2015-09-28-22-45-00,1,1,0
2015-09-28-23-00-00,0,0,0
2015-09-28-23-15-00,0,0,0
2015-09-28-23-30-00,0,0,0
2015-09-28-23-45-00,1,0,1
2015-09-29-00-00-00,0,0,0
2015-09-29-00-15-00,0,0,0
2015-09-29-00-30-00,0,0,0
2015-09-29-00-45-00,0,0,0
2015-09-29-01-00-00,0,0,0
2015-09-29-01-15-00,0,0,0
2015-09-29-01-30-00,0,0,0
2015-09-29-01-45-00,0,0,0
2015-09-29-02-00-00,0,0,0
2015-09-29-02-15-00,0,0,0
2015-09-29-02-30-00,0,0,0
2015-09-29-02-45-00,0,0,0
2015-09-29-03-00-00,0,0,0
2015-09-29-03-15-00,0,0,0
2015-09-29-03-30-00,0,0,0
2015-09-29-03-45-00,0,0,0
2015-09-29-04-00-00,0,0,0
2015-09-29-04-15-00,0,0,0
2015-09-29-04-30-00,0,0,0
2015-09-29-04-45-00,0,0,0
2015-09-29-05-00-00,0,0,0
2015-09-29-05-15-00,2,1,1
2015-09-29-05-30-00,0,0,0
2015-09-29-05-45-00,4,2,2
2015-09-29-06-00-00,1,1,0
2015-09-29-06-15-00,3,2,1
2015-09-29-06-30-00,7,2,5
2015-09-29-06-45-00,13,4,9
2015-09-29-07-00-00,23,8,15
2015-09-29-07-15-00,25,9,16
2015-09-29-07-30-00,36,12,24
2015-09-29-07-45-00,46,5,41
2015-09-29-08-00-00,51,7,44
2015-09-29-08-15-00,52,15,37
2015-09-29-08-30-00,53,8,45
2015-09-29-08-45-00,47,12,35
2015-09-29-09-00-00,29,7,22
2015-09-29-09-15-00,25,12,13
2015-09-29-09-30-00,22,8,14
2015-09-29-09-45-00,22,5,17
2015-09-29-10-00-00,13,6,7
2015-09-29-10-15-00,19,6,13
2015-09-29-10-30-00,20,11,9
2015-09-29-10-45-00,15,5,10
2015-09-29-11-00-00,24,13,11
2015-09-29-11-15-00,37,18,19
2015-09-29-11-30-00,19,11,8
2015-09-29-11-45-00,34,16,18
2015-09-29-12-00-00,45,15,30
2015-09-29-12-15-00,26,14,12
2015-09-29-12-30-00,38,21,17
2015-09-29-12-45-00,49,22,27
2015-09-29-13-00-00,20,10,10
2015-09-29-13-15-00,41,24,17
2015-09-29-13-30-00,39,18,21
2015-09-29-13-45-00,52,24,28
2015-09-29-14-00-00,36,21,15
2015-09-29-14-15-00,33,17,16
2015-09-29-14-30-00,45,25,20
2015-09-29-14-45-00,52,35,17
2015-09-29-15-00-00,54,26,28
2015-09-29-15-15-00,55,29,26
2015-09-29-15-30-00,47,25,22
2015-09-29-15-45-00,65,33,32
2015-09-29-16-00-00,86,41,45
2015-09-29-16-15-00,75,49,26
2015-09-29-16-30-00,93,67,26
2015-09-29-16-45-00,72,41,31
2015-09-29-17-00-00,80,58,22
2015-09-29-17-15-00,99,81,18
2015-09-29-17-30-00,78,47,31
2015-09-29-17-45-00,83,65,18
2015-09-29-18-00-00,91,60,31
2015-09-29-18-15-00,64,44,20
2015-09-29-18-30-00,56,30,26
2015-09-29-18-45-00,44,28,16
2015-09-29-19-00-00,36,24,12
2015-09-29-19-15-00,33,20,13
2015-09-29-19-30-00,36,22,14
2015-09-29-19-45-00,30,21,9
2015-09-29-20-00-00,13,7,6
2015-09-29-20-15-00,11,7,4
2015-09-29-20-30-00,8,5,3
2015-09-29-20-45-00,10,7,3
2015-09-29-21-00-00,4,3,1
2015-09-29-21-15-00,5,2,3
2015-09-29-21-30-00,4,3,1
2015-09-29-21-45-00,2,1,1
2015-09-29-22-00-00,2,1,1
2015-09-29-22-15-00,1,1,0
2015-09-29-22-30-00,2,0,2
2015-09-29-22-45-00,2,1,1
2015-09-29-23-00-00,0,0,0
2015-09-29-23-15-00,2,0,2
2015-09-29-23-30-00,2,2,0
2015-09-29-23-45-00,2,1,1
2015-09-30-00-00-00,1,1,0
2015-09-30-00-15-00,0,0,0
2015-09-30-00-30-00,1,0,1
2015-09-30-00-45-00,1,0,1
2015-09-30-01-00-00,0,0,0
2015-09-30-01-15-00,0,0,0
2015-09-30-01-30-00,0,0,0
2015-09-30-01-45-00,0,0,0
2015-09-30-02-00-00,0,0,0
2015-09-30-02-15-00,0,0,0
2015-09-30-02-30-00,0,0,0
2015-09-30-02-45-00,0,0,0
2015-09-30-03-00-00,0,0,0
2015-09-30-03-15-00,1,0,1
2015-09-30-03-30-00,0,0,0
2015-09-30-03-45-00,0,0,0
2015-09-30-04-00-00,0,0,0
2015-09-30-04-15-00,0,0,0
2015-09-30-04-30-00,0,0,0
2015-09-30-04-45-00,1,0,1
2015-09-30-05-00-00,0,0,0
2015-09-30-05-15-00,1,0,1
2015-09-30-05-30-00,1,0,1
2015-09-30-05-45-00,1,1,0
2015-09-30-06-00-00,0,0,0
2015-09-30-06-15-00,3,1,2
2015-09-30-06-30-00,9,1,8
2015-09-30-06-45-00,23,11,12
2015-09-30-07-00-00,20,6,14
2015-09-30-07-15-00,37,15,22
2015-09-30-07-30-00,37,15,22
2015-09-30-07-45-00,42,8,34
2015-09-30-08-00-00,43,7,36
2015-09-30-08-15-00,54,7,47
2015-09-30-08-30-00,52,14,38
2015-09-30-08-45-00,43,8,35
2015-09-30-09-00-00,29,9,20
2015-09-30-09-15-00,20,4,16
2015-09-30-09-30-00,12,6,6
2015-09-30-09-45-00,20,11,9
2015-09-30-10-00-00,17,8,9
2015-09-30-10-15-00,10,2,8
2015-09-30-10-30-00,12,5,7
2015-09-30-10-45-00,21,7,14
2015-09-30-11-00-00,43,13,30
2015-09-30-11-15-00,20,7,13
2015-09-30-11-30-00,39,25,14
2015-09-30-11-45-00,41,25,16
2015-09-30-12-00-00,23,13,10
2015-09-30-12-15-00,30,12,18
2015-09-30-12-30-00,31,14,17
2015-09-30-12-45-00,41,19,22
2015-09-30-13-00-00,48,15,33
2015-09-30-13-15-00,27,9,18
2015-09-30-13-30-00,25,14,11
2015-09-30-13-45-00,53,31,22
2015-09-30-14-00-00,35,18,17
2015-09-30-14-15-00,64,27,37
2015-09-30-14-30-00,48,25,23
2015-09-30-14-45-00,41,16,25
2015-09-30-15-00-00,44,22,22
2015-09-30-15-15-00,61,31,30
2015-09-30-15-30-00,51,30,21
2015-09-30-15-45-00,67,30,37
2015-09-30-16-00-00,57,31,26
2015-09-30-16-15-00,63,38,25
2015-09-30-16-30-00,84,56,28
2015-09-30-16-45-00,80,52,28
2015-09-30-17-00-00,79,52,27
2015-09-30-17-15-00,97,72,25
2015-09-30-17-30-00,88,54,34
2015-09-30-17-45-00,76,52,24
2015-09-30-18-00-00,66,42,24
2015-09-30-18-15-00,59,42,17
2015-09-30-18-30-00,57,34,23
2015-09-30-18-45-00,54,32,22
2015-09-30-19-00-00,34,16,18
2015-09-30-19-15-00,42,35,7
2015-09-30-19-30-00,28,21,7
2015-09-30-19-45-00,12,6,6
2015-09-30-20-00-00,20,13,7
2015-09-30-20-15-00,10,6,4
2015-09-30-20-30-00,6,4,2
2015-09-30-20-45-00,4,1,3
2015-09-30-21-00-00,4,3,1
2015-09-30-21-15-00,6,6,0
2015-09-30-21-30-00,8,6,2
2015-09-30-21-45-00,2,2,0
2015-09-30-22-00-00,4,3,1
2015-09-30-22-15-00,1,1,0
2015-09-30-22-30-00,3,3,0
2015-09-30-22-45-00,5,1,4
2015-09-30-23-00-00,2,1,1
2015-09-30-23-15-00,1,1,0
2015-09-30-23-30-00,1,1,0
2015-09-30-23-45-00,2,0,2
2015-10-01-00-00-00,1,1,0
2015-10-01-00-15-00,0,0,0
2015-10-01-00-30-00,1,0,1
2015-10-01-00-45-00,0,0,0
2015-10-01-01-00-00,0,0,0
2015-10-01-01-15-00,0,0,0
2015-10-01-01-30-00,0,0,0
2015-10-01-01-45-00,0,0,0
2015-10-01-02-00-00,0,0,0
2015-10-01-02-15-00,1,0,1
2015-10-01-02-30-00,0,0,0
2015-10-01-02-45-00,0,0,0
2015-10-01-03-00-00,0,0,0
2015-10-01-03-15-00,0,0,0
2015-10-01-03-30-00,0,0,0
2015-10-01-03-45-00,0,0,0
2015-10-01-04-00-00,0,0,0
2015-10-01-04-15-00,0,0,0
2015-10-01-04-30-00,0,0,0
2015-10-01-04-45-00,0,0,0
2015-10-01-05-00-00,0,0,0
2015-10-01-05-15-00,0,0,0
2015-10-01-05-30-00,1,0,1
2015-10-01-05-45-00,2,0,2
2015-10-01-06-00-00,2,0,2
2015-10-01-06-15-00,4,1,3
2015-10-01-06-30-00,9,1,8
2015-10-01-06-45-00,11,4,7
2015-10-01-07-00-00,22,9,13
2015-10-01-07-15-00,24,10,14
2015-10-01-07-30-00,39,12,27
2015-10-01-07-45-00,39,10,29
2015-10-01-08-00-00,52,12,40
2015-10-01-08-15-00,46,10,36
2015-10-01-08-30-00,44,9,35
2015-10-01-08-45-00,42,6,36
2015-10-01-09-00-00,24,9,15
2015-10-01-09-15-00,24,10,14
2015-10-01-09-30-00,17,2,15
2015-10-01-09-45-00,16,5,11
2015-10-01-10-00-00,16,10,6
2015-10-01-10-15-00,23,10,13
2015-10-01-10-30-00,19,10,9
2015-10-01-10-45-00,16,4,12
2015-10-01-11-00-00,17,10,7
2015-10-01-11-15-00,28,14,14
2015-10-01-11-30-00,22,7,15
2015-10-01-11-45-00,23,10,13
2015-10-01-12-00-00,38,16,22
2015-10-01-12-15-00,28,13,15
2015-10-01-12-30-00,28,15,13
2015-10-01-12-45-00,33,18,15
2015-10-01-13-00-00,37,13,24
2015-10-01-13-15-00,48,25,23
2015-10-01-13-30-00,38,18,20
2015-10-01-13-45-00,32,18,14
2015-10-01-14-00-00,28,7,21
2015-10-01-14-15-00,43,15,28
2015-10-01-14-30-00,47,22,25
2015-10-01-14-45-00,32,13,19
2015-10-01-15-00-00,63,34,29
2015-10-01-15-15-00,57,34,23
2015-10-01-15-30-00,54,31,23
2015-10-01-15-45-00,50,28,22
2015-10-01-16-00-00,54,30,24
2015-10-01-16-15-00,62,47,15
2015-10-01-16-30-00,76,41,35
2015-10-01-16-45-00,70,52,18
2015-10-01-17-00-00,92,61,31
2015-10-01-17-15-00,67,44,23
2015-10-01-17-30-00,85,60,25
2015-10-01-17-45-00,78,50,28
2015-10-01-18-00-00,76,47,29
2015-10-01-18-15-00,65,39,26
2015-10-01-18-30-00,63,36,27
2015-10-01-18-45-00,55,29,26
2015-10-01-19-00-00,43,24,19
2015-10-01-19-15-00,36,26,10
2015-10-01-19-30-00,23,16,7
2015-10-01-19-45-00,21,12,9
2015-10-01-20-00-00,26,11,15
2015-10-01-20-15-00,20,13,7
2015-10-01-20-30-00,4,1,3
2015-10-01-20-45-00,1,0,1
2015-10-01-21-00-00,3,2,1
2015-10-01-21-15-00,3,1,2
2015-10-01-21-30-00,6,3,3
2015-10-01-21-45-00,3,1,2
2015-10-01-22-00-00,1,0,1
2015-10-01-22-15-00,10,5,5
2015-10-01-22-30-00,3,1,2
2015-10-01-22-45-00,2,0,2
2015-10-01-23-00-00,3,3,0
2015-10-01-23-15-00,4,4,0
2015-10-01-23-30-00,2,0,2
2015-10-01-23-45-00,2,1,1
2015-10-02-00-00-00,2,1,1
2015-10-02-00-15-00,1,0,1
2015-10-02-00-30-00,0,0,0
2015-10-02-00-45-00,0,0,0
2015-10-02-01-00-00,0,0,0
2015-10-02-01-15-00,0,0,0
2015-10-02-01-30-00,0,0,0
2015-10-02-01-45-00,1,0,1
2015-10-02-02-00-00,0,0,0
2015-10-02-02-15-00,0,0,0
2015-10-02-02-30-00,0,0,0
2015-10-02-02-45-00,0,0,0
2015-10-02-03-00-00,0,0,0
2015-10-02-03-15-00,0,0,0
2015-10-02-03-30-00,0,0,0
2015-10-02-03-45-00,0,0,0
2015-10-02-04-00-00,1,0,1
2015-10-02-04-15-00,0,0,0
2015-10-02-04-30-00,0,0,0
2015-10-02-04-45-00,0,0,0
2015-10-02-05-00-00,0,0,0
2015-10-02-05-15-00,0,0,0
2015-10-02-05-30-00,1,0,1
2015-10-02-05-45-00,6,1,5
2015-10-02-06-00-00,3,2,1
2015-10-02-06-15-00,4,0,4
2015-10-02-06-30-00,6,0,6
2015-10-02-06-45-00,9,6,3
2015-10-02-07-00-00,13,3,10
2015-10-02-07-15-00,25,12,13
2015-10-02-07-30-00,28,12,16
2015-10-02-07-45-00,43,12,31
2015-10-02-08-00-00,42,8,34
2015-10-02-08-15-00,47,10,37
2015-10-02-08-30-00,44,9,35
2015-10-02-08-45-00,29,3,26
2015-10-02-09-00-00,26,8,18
2015-10-02-09-15-00,21,9,12
2015-10-02-09-30-00,16,6,10
2015-10-02-09-45-00,7,1,6
2015-10-02-10-00-00,8,4,4
2015-10-02-10-15-00,16,9,7
2015-10-02-10-30-00,10,5,5
2015-10-02-10-45-00,22,10,12
2015-10-02-11-00-00,14,7,7
2015-10-02-11-15-00,24,12,12
2015-10-02-11-30-00,23,8,15
2015-10-02-11-45-00,30,9,21
2015-10-02-12-00-00,34,12,22
2015-10-02-12-15-00,30,9,21
2015-10-02-12-30-00,28,13,15
2015-10-02-12-45-00,28,11,17
2015-10-02-13-00-00,33,17,16
2015-10-02-13-15-00,39,17,22
2015-10-02-13-30-00,36,20,16
2015-10-02-13-45-00,37,18,19
2015-10-02-14-00-00,43,26,17
2015-10-02-14-15-00,51,29,22
2015-10-02-14-30-00,69,43,26
2015-10-02-14-45-00,42,25,17
2015-10-02-15-00-00,64,39,25
2015-10-02-15-15-00,69,35,34
2015-10-02-15-30-00,71,44,27
2015-10-02-15-45-00,75,45,30
2015-10-02-16-00-00,68,42,26
2015-10-02-16-15-00,88,57,31
2015-10-02-16-30-00,104,51,53
2015-10-02-16-45-00,70,38,32
2015-10-02-17-00-00,68,39,29
2015-10-02-17-15-00,67,43,24
2015-10-02-17-30-00,60,40,20
2015-10-02-17-45-00,62,35,27
2015-10-02-18-00-00,78,49,29
2015-10-02-18-15-00,53,31,22
2015-10-02-18-30-00,40,19,21
2015-10-02-18-45-00,46,30,16
2015-10-02-19-00-00,50,31,19
2015-10-02-19-15-00,32,19,13
2015-10-02-19-30-00,22,12,10
2015-10-02-19-45-00,5,2,3
2015-10-02-20-00-00,13,9,4
2015-10-02-20-15-00,9,3,6
2015-10-02-20-30-00,7,2,5
2015-10-02-20-45-00,4,4,0
2015-10-02-21-00-00,3,2,1
2015-10-02-21-15-00,4,0,4
2015-10-02-21-30-00,6,1,5
2015-10-02-21-45-00,1,1,0
2015-10-02-22-00-00,5,1,4
2015-10-02-22-15-00,2,2,0
2015-10-02-22-30-00,4,1,3
2015-10-02-22-45-00,1,1,0
2015-10-02-23-00-00,3,3,0
2015-10-02-23-15-00,0,0,0
2015-10-02-23-30-00,3,3,0
2015-10-02-23-45-00,3,1,2
2015-10-03-00-00-00,1,1,0
2015-10-03-00-15-00,0,0,0
2015-10-03-00-30-00,0,0,0
2015-10-03-00-45-00,1,0,1
2015-10-03-01-00-00,1,0,1
2015-10-03-01-15-00,2,2,0
2015-10-03-01-30-00,0,0,0
2015-10-03-01-45-00,1,0,1
2015-10-03-02-00-00,0,0,0
2015-10-03-02-15-00,3,1,2
2015-10-03-02-30-00,0,0,0
2015-10-03-02-45-00,0,0,0
2015-10-03-03-00-00,0,0,0
2015-10-03-03-15-00,0,0,0
2015-10-03-03-30-00,1,0,1
2015-10-03-03-45-00,0,0,0
2015-10-03-04-00-00,0,0,0
2015-10-03-04-15-00,0,0,0
2015-10-03-04-30-00,1,0,1
2015-10-03-04-45-00,0,0,0
2015-10-03-05-00-00,1,1,0
2015-10-03-05-15-00,0,0,0
2015-10-03-05-30-00,0,0,0
2015-10-03-05-45-00,0,0,0
2015-10-03-06-00-00,3,2,1
2015-10-03-06-15-00,0,0,0
2015-10-03-06-30-00,0,0,0
2015-10-03-06-45-00,0,0,0
2015-10-03-07-00-00,2,2,0
2015-10-03-07-15-00,3,3,0
2015-10-03-07-30-00,1,0,1
2015-10-03-07-45-00,3,1,2
2015-10-03-08-00-00,3,1,2
2015-10-03-08-15-00,5,4,1
2015-10-03-08-30-00,2,0,2
2015-10-03-08-45-00,7,2,5
2015-10-03-09-00-00,17,6,11
2015-10-03-09-15-00,9,5,4
2015-10-03-09-30-00,15,6,9
2015-10-03-09-45-00,23,8,15
2015-10-03-10-00-00,12,6,6
2015-10-03-10-15-00,26,11,15
2015-10-03-10-30-00,33,17,16
2015-10-03-10-45-00,36,15,21
2015-10-03-11-00-00,45,17,28
2015-10-03-11-15-00,42,18,24
2015-10-03-11-30-00,59,24,35
2015-10-03-11-45-00,72,24,48
2015-10-03-12-00-00,51,16,35
2015-10-03-12-15-00,79,38,41
2015-10-03-12-30-00,69,20,49
2015-10-03-12-45-00,79,28,51
2015-10-03-13-00-00,104,37,67
2015-10-03-13-15-00,106,35,71
2015-10-03-13-30-00,114,50,64
2015-10-03-13-45-00,111,53,58
2015-10-03-14-00-00,114,44,70
2015-10-03-14-15-00,160,61,99
2015-10-03-14-30-00,168,87,81
2015-10-03-14-45-00,132,57,75
2015-10-03-15-00-00,159,90,69
2015-10-03-15-15-00,139,75,64
2015-10-03-15-30-00,158,57,101
2015-10-03-15-45-00,180,114,66
2015-10-03-16-00-00,161,90,71
2015-10-03-16-15-00,160,97,63
2015-10-03-16-30-00,156,105,51
2015-10-03-16-45-00,151,96,55
2015-10-03-17-00-00,105,84,21
2015-10-03-17-15-00,109,70,39
2015-10-03-17-30-00,94,70,24
2015-10-03-17-45-00,85,56,29
2015-10-03-18-00-00,87,59,28
2015-10-03-18-15-00,40,29,11
2015-10-03-18-30-00,52,42,10
2015-10-03-18-45-00,53,32,21
2015-10-03-19-00-00,24,17,7
2015-10-03-19-15-00,44,30,14
2015-10-03-19-30-00,21,13,8
2015-10-03-19-45-00,11,5,6
2015-10-03-20-00-00,19,8,11
2015-10-03-20-15-00,6,6,0
2015-10-03-20-30-00,4,0,4
2015-10-03-20-45-00,7,3,4
2015-10-03-21-00-00,1,1,0
2015-10-03-21-15-00,5,5,0
2015-10-03-21-30-00,4,3,1
2015-10-03-21-45-00,4,4,0
2015-10-03-22-00-00,5,4,1
2015-10-03-22-15-00,0,0,0
2015-10-03-22-30-00,1,1,0
2015-10-03-22-45-00,1,1,0
2015-10-03-23-00-00,3,2,1
2015-10-03-23-15-00,2,2,0
2015-10-03-23-30-00,2,0,2
2015-10-03-23-45-00,2,1,1
2015-10-04-00-00-00,3,1,2
2015-10-04-00-15-00,1,1,0
2015-10-04-00-30-00,2,1,1
2015-10-04-00-45-00,0,0,0
2015-10-04-01-00-00,1,0,1
2015-10-04-01-15-00,0,0,0
2015-10-04-01-30-00,3,0,3
2015-10-04-01-45-00,1,1,0
2015-10-04-02-00-00,1,0,1
2015-10-04-02-15-00,0,0,0
2015-10-04-02-30-00,0,0,0
2015-10-04-02-45-00,0,0,0
2015-10-04-03-00-00,1,1,0
2015-10-04-03-15-00,1,0,1
2015-10-04-03-30-00,0,0,0
2015-10-04-03-45-00,0,0,0
2015-10-04-04-00-00,0,0,0
2015-10-04-04-15-00,1,1,0
2015-10-04-04-30-00,0,0,0
2015-10-04-04-45-00,0,0,0
2015-10-04-05-00-00,0,0,0
2015-10-04-05-15-00,1,1,0
2015-10-04-05-30-00,2,0,2
2015-10-04-05-45-00,1,1,0
2015-10-04-06-00-00,3,2,1
2015-10-04-06-15-00,4,1,3
2015-10-04-06-30-00,1,1,0
2015-10-04-06-45-00,0,0,0
2015-10-04-07-00-00,0,0,0
2015-10-04-07-15-00,6,5,1
2015-10-04-07-30-00,3,2,1
2015-10-04-07-45-00,1,0,1
2015-10-04-08-00-00,5,1,4
2015-10-04-08-15-00,6,4,2
2015-10-04-08-30-00,6,3,3
2015-10-04-08-45-00,9,7,2
2015-10-04-09-00-00,3,0,3
2015-10-04-09-15-00,6,3,3
2015-10-04-09-30-00,10,6,4
2015-10-04-09-45-00,10,6,4
2015-10-04-10-00-00,20,5,15
2015-10-04-10-15-00,24,14,10
2015-10-04-10-30-00,36,25,11
2015-10-04-10-45-00,24,9,15
2015-10-04-11-00-00,36,13,23
2015-10-04-11-15-00,39,21,18
2015-10-04-11-30-00,53,22,31
2015-10-04-11-45-00,25,6,19
2015-10-04-12-00-00,13,11,2
2015-10-04-12-15-00,33,17,16
2015-10-04-12-30-00,38,13,25
2015-10-04-12-45-00,36,13,23
2015-10-04-13-00-00,47,12,35
2015-10-04-13-15-00,66,33,33
2015-10-04-13-30-00,62,21,41
2015-10-04-13-45-00,43,11,32
2015-10-04-14-00-00,57,26,31
2015-10-04-14-15-00,56,32,24
2015-10-04-14-30-00,76,28,48
2015-10-04-14-45-00,76,36,40
2015-10-04-15-00-00,40,22,18
2015-10-04-15-15-00,59,23,36
2015-10-04-15-30-00,67,35,32
2015-10-04-15-45-00,78,43,35
2015-10-04-16-00-00,56,26,30
2015-10-04-16-15-00,64,34,30
2015-10-04-16-30-00,74,46,28
2015-10-04-16-45-00,95,63,32
2015-10-04-17-00-00,62,36,26
2015-10-04-17-15-00,72,46,26
2015-10-04-17-30-00,78,50,28
2015-10-04-17-45-00,39,25,14
2015-10-04-18-00-00,78,49,29
2015-10-04-18-15-00,53,28,25
2015-10-04-18-30-00,52,30,22
2015-10-04-18-45-00,37,24,13
2015-10-04-19-00-00,33,18,15
2015-10-04-19-15-00,21,13,8
2015-10-04-19-30-00,21,11,10
2015-10-04-19-45-00,12,7,5
2015-10-04-20-00-00,6,5,1
2015-10-04-20-15-00,3,1,2
2015-10-04-20-30-00,6,4,2
2015-10-04-20-45-00,0,0,0
2015-10-04-21-00-00,2,0,2
2015-10-04-21-15-00,0,0,0
2015-10-04-21-30-00,4,2,2
2015-10-04-21-45-00,3,1,2
2015-10-04-22-00-00,0,0,0
2015-10-04-22-15-00,0,0,0
2015-10-04-22-30-00,0,0,0
2015-10-04-22-45-00,1,1,0
2015-10-04-23-00-00,1,0,1
2015-10-04-23-15-00,0,0,0
2015-10-04-23-30-00,0,0,0
2015-10-04-23-45-00,1,0,1
2015-10-05-00-00-00,0,0,0
2015-10-05-00-15-00,0,0,0
2015-10-05-00-30-00,0,0,0
2015-10-05-00-45-00,0,0,0
2015-10-05-01-00-00,0,0,0
2015-10-05-01-15-00,0,0,0
2015-10-05-01-30-00,0,0,0
2015-10-05-01-45-00,0,0,0
2015-10-05-02-00-00,0,0,0
2015-10-05-02-15-00,0,0,0
2015-10-05-02-30-00,0,0,0
2015-10-05-02-45-00,0,0,0
2015-10-05-03-00-00,0,0,0
2015-10-05-03-15-00,0,0,0
2015-10-05-03-30-00,0,0,0
2015-10-05-03-45-00,0,0,0
2015-10-05-04-00-00,0,0,0
2015-10-05-04-15-00,0,0,0
2015-10-05-04-30-00,1,0,1
2015-10-05-04-45-00,1,1,0
2015-10-05-05-00-00,0,0,0
2015-10-05-05-15-00,0,0,0
2015-10-05-05-30-00,0,0,0
2015-10-05-05-45-00,2,1,1
2015-10-05-06-00-00,6,2,4
2015-10-05-06-15-00,0,0,0
2015-10-05-06-30-00,5,1,4
2015-10-05-06-45-00,12,6,6
2015-10-05-07-00-00,13,3,10
2015-10-05-07-15-00,22,10,12
2015-10-05-07-30-00,24,4,20
2015-10-05-07-45-00,43,8,35
2015-10-05-08-00-00,42,12,30
2015-10-05-08-15-00,32,5,27
2015-10-05-08-30-00,46,15,31
2015-10-05-08-45-00,44,4,40
2015-10-05-09-00-00,23,4,19
2015-10-05-09-15-00,30,13,17
2015-10-05-09-30-00,27,7,20
2015-10-05-09-45-00,20,12,8
2015-10-05-10-00-00,13,7,6
2015-10-05-10-15-00,16,7,9
2015-10-05-10-30-00,14,8,6
2015-10-05-10-45-00,19,9,10
2015-10-05-11-00-00,16,11,5
2015-10-05-11-15-00,22,12,10
2015-10-05-11-30-00,18,10,8
2015-10-05-11-45-00,17,6,11
2015-10-05-12-00-00,13,10,3
2015-10-05-12-15-00,15,5,10
2015-10-05-12-30-00,17,6,11
2015-10-05-12-45-00,22,13,9
2015-10-05-13-00-00,16,8,8
2015-10-05-13-15-00,17,10,7
2015-10-05-13-30-00,34,17,17
2015-10-05-13-45-00,24,7,17
2015-10-05-14-00-00,19,11,8
2015-10-05-14-15-00,24,10,14
2015-10-05-14-30-00,17,10,7
2015-10-05-14-45-00,20,12,8
2015-10-05-15-00-00,32,14,18
2015-10-05-15-15-00,20,12,8
2015-10-05-15-30-00,24,16,8
2015-10-05-15-45-00,28,18,10
2015-10-05-16-00-00,38,27,11
2015-10-05-16-15-00,31,21,10
2015-10-05-16-30-00,30,24,6
2015-10-05-16-45-00,27,17,10
2015-10-05-17-00-00,46,29,17
2015-10-05-17-15-00,41,31,10
2015-10-05-17-30-00,47,38,9
2015-10-05-17-45-00,25,13,12
2015-10-05-18-00-00,40,21,19
2015-10-05-18-15-00,37,27,10
2015-10-05-18-30-00,46,32,14
2015-10-05-18-45-00,27,21,6
2015-10-05-19-00-00,27,12,15
2015-10-05-19-15-00,18,10,8
2015-10-05-19-30-00,9,2,7
2015-10-05-19-45-00,7,5,2
2015-10-05-20-00-00,7,6,1
2015-10-05-20-15-00,7,3,4
2015-10-05-20-30-00,4,4,0
2015-10-05-20-45-00,2,2,0
2015-10-05-21-00-00,1,1,0
2015-10-05-21-15-00,1,1,0
2015-10-05-21-30-00,2,0,2
2015-10-05-21-45-00,0,0,0
2015-10-05-22-00-00,0,0,0
2015-10-05-22-15-00,2,0,2
2015-10-05-22-30-00,0,0,0
2015-10-05-22-45-00,5,3,2
2015-10-05-23-00-00,1,1,0
2015-10-05-23-15-00,0,0,0
2015-10-05-23-30-00,1,0,1
2015-10-05-23-45-00,0,0,0
2015-10-06-00-00-00,0,0,0
2015-10-06-00-15-00,0,0,0
2015-10-06-00-30-00,0,0,0
2015-10-06-00-45-00,0,0,0
2015-10-06-01-00-00,0,0,0
2015-10-06-01-15-00,0,0,0
2015-10-06-01-30-00,0,0,0
2015-10-06-01-45-00,0,0,0
2015-10-06-02-00-00,0,0,0
2015-10-06-02-15-00,0,0,0
2015-10-06-02-30-00,0,0,0
2015-10-06-02-45-00,0,0,0
2015-10-06-03-00-00,0,0,0
2015-10-06-03-15-00,0,0,0
2015-10-06-03-30-00,0,0,0
2015-10-06-03-45-00,0,0,0
2015-10-06-04-00-00,1,1,0
2015-10-06-04-15-00,0,0,0
2015-10-06-04-30-00,0,0,0
2015-10-06-04-45-00,1,1,0
2015-10-06-05-00-00,0,0,0
2015-10-06-05-15-00,0,0,0
2015-10-06-05-30-00,0,0,0
2015-10-06-05-45-00,2,2,0
2015-10-06-06-00-00,2,1,1
2015-10-06-06-15-00,3,0,3
2015-10-06-06-30-00,6,1,5
2015-10-06-06-45-00,2,1,1
2015-10-06-07-00-00,11,2,9
2015-10-06-07-15-00,24,12,12
2015-10-06-07-30-00,24,5,19
2015-10-06-07-45-00,31,9,22
2015-10-06-08-00-00,38,12,26
2015-10-06-08-15-00,33,7,26
2015-10-06-08-30-00,39,10,29
2015-10-06-08-45-00,34,3,31
2015-10-06-09-00-00,19,2,17
2015-10-06-09-15-00,16,5,11
2015-10-06-09-30-00,11,2,9
2015-10-06-09-45-00,13,5,8
2015-10-06-10-00-00,9,3,6
2015-10-06-10-15-00,13,7,6
2015-10-06-10-30-00,15,6,9
2015-10-06-10-45-00,8,5,3
2015-10-06-11-00-00,9,5,4
2015-10-06-11-15-00,25,9,16
2015-10-06-11-30-00,20,10,10
2015-10-06-11-45-00,14,2,12
2015-10-06-12-00-00,15,8,7
2015-10-06-12-15-00,17,7,10
2015-10-06-12-30-00,19,7,12
2015-10-06-12-45-00,14,8,6
2015-10-06-13-00-00,15,7,8
2015-10-06-13-15-00,20,8,12
2015-10-06-13-30-00,24,11,13
2015-10-06-13-45-00,17,11,6
2015-10-06-14-00-00,12,5,7
2015-10-06-14-15-00,29,16,13
2015-10-06-14-30-00,29,12,17
2015-10-06-14-45-00,22,9,13
2015-10-06-15-00-00,29,22,7
2015-10-06-15-15-00,17,12,5
2015-10-06-15-30-00,5,2,3
2015-10-06-15-45-00,13,8,5
2015-10-06-16-00-00,13,11,2
2015-10-06-16-15-00,24,20,4
2015-10-06-16-30-00,21,18,3
2015-10-06-16-45-00,22,16,6
2015-10-06-17-00-00,24,17,7
2015-10-06-17-15-00,28,20,8
2015-10-06-17-30-00,18,12,6
2015-10-06-17-45-00,30,25,5
2015-10-06-18-00-00,25,15,10
2015-10-06-18-15-00,34,26,8
2015-10-06-18-30-00,22,13,9
2015-10-06-18-45-00,19,9,10
2015-10-06-19-00-00,22,14,8
2015-10-06-19-15-00,19,14,5
2015-10-06-19-30-00,7,4,3
2015-10-06-19-45-00,11,9,2
2015-10-06-20-00-00,8,6,2
2015-10-06-20-15-00,5,5,0
2015-10-06-20-30-00,5,2,3
2015-10-06-20-45-00,8,5,3
2015-10-06-21-00-00,3,3,0
2015-10-06-21-15-00,5,4,1
2015-10-06-21-30-00,2,2,0
2015-10-06-21-45-00,2,1,1
2015-10-06-22-00-00,1,0,1
2015-10-06-22-15-00,0,0,0
2015-10-06-22-30-00,3,3,0
2015-10-06-22-45-00,1,1,0
2015-10-06-23-00-00,0,0,0
2015-10-06-23-15-00,0,0,0
2015-10-06-23-30-00,0,0,0
2015-10-06-23-45-00,0,0,0
2015-10-07-00-00-00,2,0,2
2015-10-07-00-15-00,2,0,2
2015-10-07-00-30-00,0,0,0
2015-10-07-00-45-00,0,0,0
2015-10-07-01-00-00,1,0,1
2015-10-07-01-15-00,0,0,0
2015-10-07-01-30-00,0,0,0
2015-10-07-01-45-00,0,0,0
2015-10-07-02-00-00,0,0,0
2015-10-07-02-15-00,0,0,0
2015-10-07-02-30-00,0,0,0
2015-10-07-02-45-00,0,0,0
2015-10-07-03-00-00,0,0,0
2015-10-07-03-15-00,0,0,0
2015-10-07-03-30-00,0,0,0
2015-10-07-03-45-00,0,0,0
2015-10-07-04-00-00,0,0,0
2015-10-07-04-15-00,0,0,0
2015-10-07-04-30-00,1,0,1
2015-10-07-04-45-00,0,0,0
2015-10-07-05-00-00,0,0,0
2015-10-07-05-15-00,0,0,0
2015-10-07-05-30-00,0,0,0
2015-10-07-05-45-00,3,0,3
2015-10-07-06-00-00,4,1,3
2015-10-07-06-15-00,5,1,4
2015-10-07-06-30-00,6,1,5
2015-10-07-06-45-00,9,4,5
2015-10-07-07-00-00,18,8,10
2015-10-07-07-15-00,22,6,16
2015-10-07-07-30-00,27,7,20
2015-10-07-07-45-00,37,11,26
2015-10-07-08-00-00,28,9,19
2015-10-07-08-15-00,31,7,24
2015-10-07-08-30-00,31,5,26
2015-10-07-08-45-00,34,8,26
2015-10-07-09-00-00,26,4,22
2015-10-07-09-15-00,20,4,16
2015-10-07-09-30-00,15,3,12
2015-10-07-09-45-00,16,6,10
2015-10-07-10-00-00,5,3,2
2015-10-07-10-15-00,11,4,7
2015-10-07-10-30-00,19,11,8
2015-10-07-10-45-00,21,11,10
2015-10-07-11-00-00,14,8,6
2015-10-07-11-15-00,21,15,6
2015-10-07-11-30-00,19,9,10
2015-10-07-11-45-00,13,8,5
2015-10-07-12-00-00,20,6,14
2015-10-07-12-15-00,15,6,9
2015-10-07-12-30-00,26,18,8
2015-10-07-12-45-00,22,7,15
2015-10-07-13-00-00,10,6,4
2015-10-07-13-15-00,18,8,10
2015-10-07-13-30-00,13,8,5
2015-10-07-13-45-00,17,7,10
2015-10-07-14-00-00,22,8,14
2015-10-07-14-15-00,20,15,5
2015-10-07-14-30-00,21,8,13
2015-10-07-14-45-00,20,10,10
2015-10-07-15-00-00,18,10,8
2015-10-07-15-15-00,22,14,8
2015-10-07-15-30-00,25,14,11
2015-10-07-15-45-00,37,25,12
2015-10-07-16-00-00,27,19,8
2015-10-07-16-15-00,30,22,8
2015-10-07-16-30-00,37,21,16
2015-10-07-16-45-00,57,33,24
2015-10-07-17-00-00,31,23,8
2015-10-07-17-15-00,33,21,12
2015-10-07-17-30-00,39,27,12
2015-10-07-17-45-00,33,23,10
2015-10-07-18-00-00,34,23,11
2015-10-07-18-15-00,43,26,17
2015-10-07-18-30-00,30,25,5
2015-10-07-18-45-00,28,23,5
2015-10-07-19-00-00,17,10,7
2015-10-07-19-15-00,22,19,3
2015-10-07-19-30-00,13,8,5
2015-10-07-19-45-00,8,4,4
2015-10-07-20-00-00,4,0,4
2015-10-07-20-15-00,7,7,0
2015-10-07-20-30-00,7,7,0
2015-10-07-20-45-00,1,0,1
2015-10-07-21-00-00,4,1,3
2015-10-07-21-15-00,0,0,0
2015-10-07-21-30-00,6,3,3
2015-10-07-21-45-00,4,3,1
2015-10-07-22-00-00,0,0,0
2015-10-07-22-15-00,0,0,0
2015-10-07-22-30-00,1,1,0
2015-10-07-22-45-00,0,0,0
2015-10-07-23-00-00,2,1,1
2015-10-07-23-15-00,5,2,3
2015-10-07-23-30-00,2,1,1
2015-10-07-23-45-00,0,0,0
2015-10-08-00-00-00,2,0,2
2015-10-08-00-15-00,0,0,0
2015-10-08-00-30-00,1,0,1
2015-10-08-00-45-00,0,0,0
2015-10-08-01-00-00,0,0,0
2015-10-08-01-15-00,0,0,0
2015-10-08-01-30-00,0,0,0
2015-10-08-01-45-00,0,0,0
2015-10-08-02-00-00,0,0,0
2015-10-08-02-15-00,0,0,0
2015-10-08-02-30-00,0,0,0
2015-10-08-02-45-00,0,0,0
2015-10-08-03-00-00,0,0,0
2015-10-08-03-15-00,1,1,0
2015-10-08-03-30-00,0,0,0
2015-10-08-03-45-00,0,0,0
2015-10-08-04-00-00,0,0,0
2015-10-08-04-15-00,0,0,0
2015-10-08-04-30-00,1,0,1
2015-10-08-04-45-00,0,0,0
2015-10-08-05-00-00,1,0,1
2015-10-08-05-15-00,1,1,0
2015-10-08-05-30-00,0,0,0
2015-10-08-05-45-00,1,0,1
2015-10-08-06-00-00,5,2,3
2015-10-08-06-15-00,0,0,0
2015-10-08-06-30-00,4,1,3
2015-10-08-06-45-00,13,4,9
2015-10-08-07-00-00,9,3,6
2015-10-08-07-15-00,18,7,11
2015-10-08-07-30-00,24,10,14
2015-10-08-07-45-00,36,8,28
2015-10-08-08-00-00,30,9,21
2015-10-08-08-15-00,34,9,25
2015-10-08-08-30-00,40,9,31
2015-10-08-08-45-00,38,5,33
2015-10-08-09-00-00,22,4,18
2015-10-08-09-15-00,19,4,15
2015-10-08-09-30-00,5,2,3
2015-10-08-09-45-00,10,5,5
2015-10-08-10-00-00,11,5,6
2015-10-08-10-15-00,12,8,4
2015-10-08-10-30-00,8,5,3
2015-10-08-10-45-00,4,1,3
2015-10-08-11-00-00,6,2,4
2015-10-08-11-15-00,6,3,3
2015-10-08-11-30-00,6,3,3
2015-10-08-11-45-00,6,6,0
2015-10-08-12-00-00,7,5,2
2015-10-08-12-15-00,6,5,1
2015-10-08-12-30-00,14,6,8
2015-10-08-12-45-00,8,4,4
2015-10-08-13-00-00,4,2,2
2015-10-08-13-15-00,5,3,2
2015-10-08-13-30-00,4,2,2
2015-10-08-13-45-00,4,1,3
2015-10-08-14-00-00,4,2,2
2015-10-08-14-15-00,5,5,0
2015-10-08-14-30-00,2,1,1
2015-10-08-14-45-00,5,5,0
2015-10-08-15-00-00,5,5,0
2015-10-08-15-15-00,5,2,3
2015-10-08-15-30-00,10,8,2
2015-10-08-15-45-00,13,8,5
2015-10-08-16-00-00,13,11,2
2015-10-08-16-15-00,12,11,1
2015-10-08-16-30-00,28,17,11
2015-10-08-16-45-00,33,22,11
2015-10-08-17-00-00,24,17,7
2015-10-08-17-15-00,29,23,6
2015-10-08-17-30-00,23,21,2
2015-10-08-17-45-00,29,23,6
2015-10-08-18-00-00,16,7,9
2015-10-08-18-15-00,24,21,3
2015-10-08-18-30-00,20,17,3
2015-10-08-18-45-00,22,20,2
2015-10-08-19-00-00,16,12,4
2015-10-08-19-15-00,11,11,0
2015-10-08-19-30-00,8,5,3
2015-10-08-19-45-00,17,11,6
2015-10-08-20-00-00,3,3,0
2015-10-08-20-15-00,4,4,0
2015-10-08-20-30-00,2,0,2
2015-10-08-20-45-00,1,1,0
2015-10-08-21-00-00,3,0,3
2015-10-08-21-15-00,4,1,3
2015-10-08-21-30-00,3,1,2
2015-10-08-21-45-00,2,0,2
2015-10-08-22-00-00,0,0,0
2015-10-08-22-15-00,1,1,0
2015-10-08-22-30-00,4,3,1
2015-10-08-22-45-00,3,0,3
2015-10-08-23-00-00,3,1,2
2015-10-08-23-15-00,2,2,0
2015-10-08-23-30-00,1,0,1
2015-10-08-23-45-00,3,1,2
2015-10-09-00-00-00,0,0,0
2015-10-09-00-15-00,1,1,0
2015-10-09-00-30-00,0,0,0
2015-10-09-00-45-00,0,0,0
2015-10-09-01-00-00,0,0,0
2015-10-09-01-15-00,1,0,1
2015-10-09-01-30-00,0,0,0
2015-10-09-01-45-00,0,0,0
2015-10-09-02-00-00,1,1,0
2015-10-09-02-15-00,0,0,0
2015-10-09-02-30-00,1,0,1
2015-10-09-02-45-00,0,0,0
2015-10-09-03-00-00,0,0,0
2015-10-09-03-15-00,0,0,0
2015-10-09-03-30-00,0,0,0
2015-10-09-03-45-00,0,0,0
2015-10-09-04-00-00,0,0,0
2015-10-09-04-15-00,2,2,0
2015-10-09-04-30-00,0,0,0
2015-10-09-04-45-00,0,0,0
2015-10-09-05-00-00,0,0,0
2015-10-09-05-15-00,0,0,0
2015-10-09-05-30-00,2,0,2
2015-10-09-05-45-00,2,0,2
2015-10-09-06-00-00,4,1,3
2015-10-09-06-15-00,1,0,1
2015-10-09-06-30-00,7,2,5
2015-10-09-06-45-00,11,4,7
2015-10-09-07-00-00,12,5,7
2015-10-09-07-15-00,17,6,11
2015-10-09-07-30-00,16,5,11
2015-10-09-07-45-00,24,3,21
2015-10-09-08-00-00,29,3,26
2015-10-09-08-15-00,21,8,13
2015-10-09-08-30-00,46,10,36
2015-10-09-08-45-00,29,4,25
2015-10-09-09-00-00,13,2,11
2015-10-09-09-15-00,19,6,13
2015-10-09-09-30-00,7,2,5
2015-10-09-09-45-00,18,9,9
2015-10-09-10-00-00,21,16,5
2015-10-09-10-15-00,4,2,2
2015-10-09-10-30-00,6,3,3
2015-10-09-10-45-00,11,2,9
2015-10-09-11-00-00,7,4,3
2015-10-09-11-15-00,8,6,2
2015-10-09-11-30-00,12,5,7
2015-10-09-11-45-00,12,6,6
2015-10-09-12-00-00,14,4,10
2015-10-09-12-15-00,15,8,7
2015-10-09-12-30-00,13,5,8
2015-10-09-12-45-00,10,7,3
2015-10-09-13-00-00,8,2,6
2015-10-09-13-15-00,13,8,5
2015-10-09-13-30-00,18,14,4
2015-10-09-13-45-00,14,5,9
2015-10-09-14-00-00,20,10,10
2015-10-09-14-15-00,18,13,5
2015-10-09-14-30-00,22,12,10
2015-10-09-14-45-00,11,8,3
2015-10-09-15-00-00,19,13,6
2015-10-09-15-15-00,21,18,3
2015-10-09-15-30-00,26,15,11
2015-10-09-15-45-00,12,9,3
2015-10-09-16-00-00,30,23,7
2015-10-09-16-15-00,20,11,9
2015-10-09-16-30-00,26,21,5
2015-10-09-16-45-00,28,17,11
2015-10-09-17-00-00,18,10,8
2015-10-09-17-15-00,26,18,8
2015-10-09-17-30-00,24,20,4
2015-10-09-17-45-00,16,11,5
2015-10-09-18-00-00,19,12,7
2015-10-09-18-15-00,20,11,9
2015-10-09-18-30-00,19,14,5
2015-10-09-18-45-00,15,11,4
2015-10-09-19-00-00,13,2,11
2015-10-09-19-15-00,13,7,6
2015-10-09-19-30-00,10,6,4
2015-10-09-19-45-00,11,7,4
2015-10-09-20-00-00,4,2,2
2015-10-09-20-15-00,1,0,1
2015-10-09-20-30-00,1,1,0
2015-10-09-20-45-00,1,0,1
2015-10-09-21-00-00,5,1,4
2015-10-09-21-15-00,5,2,3
2015-10-09-21-30-00,1,0,1
2015-10-09-21-45-00,1,0,1
2015-10-09-22-00-00,3,2,1
2015-10-09-22-15-00,0,0,0
2015-10-09-22-30-00,2,2,0
2015-10-09-22-45-00,4,3,1
2015-10-09-23-00-00,1,0,1
2015-10-09-23-15-00,1,1,0
2015-10-09-23-30-00,0,0,0
2015-10-09-23-45-00,4,3,1
2015-10-10-00-00-00,0,0,0
2015-10-10-00-15-00,1,1,0
2015-10-10-00-30-00,0,0,0
2015-10-10-00-45-00,0,0,0
2015-10-10-01-00-00,0,0,0
2015-10-10-01-15-00,0,0,0
2015-10-10-01-30-00,2,0,2
2015-10-10-01-45-00,0,0,0
2015-10-10-02-00-00,0,0,0
2015-10-10-02-15-00,2,0,2
2015-10-10-02-30-00,1,0,1
2015-10-10-02-45-00,0,0,0
2015-10-10-03-00-00,0,0,0
2015-10-10-03-15-00,0,0,0
2015-10-10-03-30-00,0,0,0
2015-10-10-03-45-00,0,0,0
2015-10-10-04-00-00,0,0,0
2015-10-10-04-15-00,0,0,0
2015-10-10-04-30-00,0,0,0
2015-10-10-04-45-00,0,0,0
2015-10-10-05-00-00,0,0,0
2015-10-10-05-15-00,0,0,0
2015-10-10-05-30-00,0,0,0
2015-10-10-05-45-00,4,0,4
2015-10-10-06-00-00,3,0,3
2015-10-10-06-15-00,1,1,0
2015-10-10-06-30-00,1,1,0
2015-10-10-06-45-00,0,0,0
2015-10-10-07-00-00,2,1,1
2015-10-10-07-15-00,1,1,0
2015-10-10-07-30-00,4,1,3
2015-10-10-07-45-00,2,2,0
2015-10-10-08-00-00,5,2,3
2015-10-10-08-15-00,6,2,4
2015-10-10-08-30-00,5,4,1
2015-10-10-08-45-00,4,0,4
2015-10-10-09-00-00,7,4,3
2015-10-10-09-15-00,14,1,13
2015-10-10-09-30-00,20,11,9
2015-10-10-09-45-00,27,8,19
2015-10-10-10-00-00,20,15,5
2015-10-10-10-15-00,13,5,8
2015-10-10-10-30-00,28,12,16
2015-10-10-10-45-00,23,8,15
2015-10-10-11-00-00,22,13,9
2015-10-10-11-15-00,28,15,13
2015-10-10-11-30-00,38,18,20
2015-10-10-11-45-00,27,11,16
2015-10-10-12-00-00,26,15,11
2015-10-10-12-15-00,31,17,14
2015-10-10-12-30-00,23,13,10
2015-10-10-12-45-00,43,11,32
2015-10-10-13-00-00,27,6,21
2015-10-10-13-15-00,33,19,14
2015-10-10-13-30-00,20,10,10
2015-10-10-13-45-00,30,15,15
2015-10-10-14-00-00,30,19,11
2015-10-10-14-15-00,35,20,15
2015-10-10-14-30-00,31,19,12
2015-10-10-14-45-00,29,16,13
2015-10-10-15-00-00,31,18,13
2015-10-10-15-15-00,45,27,18
2015-10-10-15-30-00,60,35,25
2015-10-10-15-45-00,50,19,31
2015-10-10-16-00-00,40,23,17
2015-10-10-16-15-00,56,32,24
2015-10-10-16-30-00,49,33,16
2015-10-10-16-45-00,71,53,18
2015-10-10-17-00-00,49,25,24
2015-10-10-17-15-00,53,34,19
2015-10-10-17-30-00,50,30,20
2015-10-10-17-45-00,39,20,19
2015-10-10-18-00-00,25,13,12
2015-10-10-18-15-00,21,17,4
2015-10-10-18-30-00,15,10,5
2015-10-10-18-45-00,21,14,7
2015-10-10-19-00-00,18,11,7
2015-10-10-19-15-00,14,7,7
2015-10-10-19-30-00,6,4,2
2015-10-10-19-45-00,11,1,10
2015-10-10-20-00-00,2,2,0
2015-10-10-20-15-00,0,0,0
2015-10-10-20-30-00,4,3,1
2015-10-10-20-45-00,4,4,0
2015-10-10-21-00-00,4,1,3
2015-10-10-21-15-00,2,0,2
2015-10-10-21-30-00,0,0,0
2015-10-10-21-45-00,0,0,0
2015-10-10-22-00-00,0,0,0
2015-10-10-22-15-00,6,5,1
2015-10-10-22-30-00,1,1,0
2015-10-10-22-45-00,0,0,0
2015-10-10-23-00-00,2,1,1
2015-10-10-23-15-00,0,0,0
2015-10-10-23-30-00,0,0,0
2015-10-10-23-45-00,2,1,1
2015-10-11-00-00-00,0,0,0
2015-10-11-00-15-00,0,0,0
2015-10-11-00-30-00,4,4,0
2015-10-11-00-45-00,0,0,0
2015-10-11-01-00-00,0,0,0
2015-10-11-01-15-00,2,1,1
2015-10-11-01-30-00,0,0,0
2015-10-11-01-45-00,1,0,1
2015-10-11-02-00-00,0,0,0
2015-10-11-02-15-00,2,1,1
2015-10-11-02-30-00,2,0,2
2015-10-11-02-45-00,1,0,1
2015-10-11-03-00-00,0,0,0
2015-10-11-03-15-00,0,0,0
2015-10-11-03-30-00,0,0,0
2015-10-11-03-45-00,0,0,0
2015-10-11-04-00-00,0,0,0
2015-10-11-04-15-00,0,0,0
2015-10-11-04-30-00,0,0,0
2015-10-11-04-45-00,1,1,0
2015-10-11-05-00-00,0,0,0
2015-10-11-05-15-00,0,0,0
2015-10-11-05-30-00,1,0,1
2015-10-11-05-45-00,0,0,0
2015-10-11-06-00-00,1,0,1
2015-10-11-06-15-00,1,0,1
2015-10-11-06-30-00,1,0,1
2015-10-11-06-45-00,2,1,1
2015-10-11-07-00-00,1,1,0
2015-10-11-07-15-00,0,0,0
2015-10-11-07-30-00,3,2,1
2015-10-11-07-45-00,0,0,0
2015-10-11-08-00-00,2,2,0
2015-10-11-08-15-00,4,2,2
2015-10-11-08-30-00,6,3,3
2015-10-11-08-45-00,8,2,6
2015-10-11-09-00-00,10,4,6
2015-10-11-09-15-00,12,6,6
2015-10-11-09-30-00,13,9,4
2015-10-11-09-45-00,17,6,11
2015-10-11-10-00-00,20,5,15
2015-10-11-10-15-00,20,13,7
2015-10-11-10-30-00,25,9,16
2015-10-11-10-45-00,27,15,12
2015-10-11-11-00-00,37,13,24
2015-10-11-11-15-00,59,22,37
2015-10-11-11-30-00,60,25,35
2015-10-11-11-45-00,59,24,35
2015-10-11-12-00-00,55,28,27
2015-10-11-12-15-00,45,20,25
2015-10-11-12-30-00,61,17,44
2015-10-11-12-45-00,60,27,33
2015-10-11-13-00-00,78,35,43
2015-10-11-13-15-00,83,36,47
2015-10-11-13-30-00,89,44,45
2015-10-11-13-45-00,81,34,47
2015-10-11-14-00-00,83,37,46
2015-10-11-14-15-00,86,31,55
2015-10-11-14-30-00,106,53,53
2015-10-11-14-45-00,135,57,78
2015-10-11-15-00-00,88,43,45
2015-10-11-15-15-00,111,62,49
2015-10-11-15-30-00,131,84,47
2015-10-11-15-45-00,112,51,61
2015-10-11-16-00-00,122,62,60
2015-10-11-16-15-00,85,45,40
2015-10-11-16-30-00,111,79,32
2015-10-11-16-45-00,81,51,30
2015-10-11-17-00-00,107,71,36
2015-10-11-17-15-00,81,49,32
2015-10-11-17-30-00,70,49,21
2015-10-11-17-45-00,72,51,21
2015-10-11-18-00-00,50,31,19
2015-10-11-18-15-00,53,41,12
2015-10-11-18-30-00,37,20,17
2015-10-11-18-45-00,30,25,5
2015-10-11-19-00-00,17,10,7
2015-10-11-19-15-00,12,6,6
2015-10-11-19-30-00,13,8,5
2015-10-11-19-45-00,10,7,3
2015-10-11-20-00-00,3,1,2
2015-10-11-20-15-00,6,6,0
2015-10-11-20-30-00,5,5,0
2015-10-11-20-45-00,3,3,0
2015-10-11-21-00-00,2,1,1
2015-10-11-21-15-00,2,1,1
2015-10-11-21-30-00,1,0,1
2015-10-11-21-45-00,0,0,0
2015-10-11-22-00-00,0,0,0
2015-10-11-22-15-00,1,0,1
2015-10-11-22-30-00,3,3,0
2015-10-11-22-45-00,0,0,0
2015-10-11-23-00-00,0,0,0
2015-10-11-23-15-00,0,0,0
2015-10-11-23-30-00,0,0,0
2015-10-11-23-45-00,0,0,0
2015-10-12-00-00-00,0,0,0
2015-10-12-00-15-00,0,0,0
2015-10-12-00-30-00,0,0,0
2015-10-12-00-45-00,0,0,0
2015-10-12-01-00-00,0,0,0
2015-10-12-01-15-00,0,0,0
2015-10-12-01-30-00,0,0,0
2015-10-12-01-45-00,0,0,0
2015-10-12-02-00-00,0,0,0
2015-10-12-02-15-00,0,0,0
2015-10-12-02-30-00,0,0,0
2015-10-12-02-45-00,0,0,0
2015-10-12-03-00-00,0,0,0
2015-10-12-03-15-00,0,0,0
2015-10-12-03-30-00,0,0,0
2015-10-12-03-45-00,0,0,0
2015-10-12-04-00-00,0,0,0
2015-10-12-04-15-00,0,0,0
2015-10-12-04-30-00,1,0,1
2015-10-12-04-45-00,0,0,0
2015-10-12-05-00-00,0,0,0
2015-10-12-05-15-00,0,0,0
2015-10-12-05-30-00,2,1,1
2015-10-12-05-45-00,2,0,2
2015-10-12-06-00-00,4,2,2
2015-10-12-06-15-00,6,1,5
2015-10-12-06-30-00,6,1,5
2015-10-12-06-45-00,11,5,6
2015-10-12-07-00-00,17,5,12
2015-10-12-07-15-00,14,5,9
2015-10-12-07-30-00,25,10,15
2015-10-12-07-45-00,30,5,25
2015-10-12-08-00-00,26,6,20
2015-10-12-08-15-00,45,10,35
2015-10-12-08-30-00,45,12,33
2015-10-12-08-45-00,41,3,38
2015-10-12-09-00-00,24,2,22
2015-10-12-09-15-00,15,4,11
2015-10-12-09-30-00,18,8,10
2015-10-12-09-45-00,10,5,5
2015-10-12-10-00-00,14,3,11
2015-10-12-10-15-00,8,3,5
2015-10-12-10-30-00,9,3,6
2015-10-12-10-45-00,15,5,10
2015-10-12-11-00-00,13,7,6
2015-10-12-11-15-00,20,11,9
2015-10-12-11-30-00,16,5,11
2015-10-12-11-45-00,18,5,13
2015-10-12-12-00-00,19,11,8
2015-10-12-12-15-00,19,14,5
2015-10-12-12-30-00,23,7,16
2015-10-12-12-45-00,16,9,7
2015-10-12-13-00-00,28,11,17
2015-10-12-13-15-00,22,9,13
2015-10-12-13-30-00,30,15,15
2015-10-12-13-45-00,40,18,22
2015-10-12-14-00-00,37,15,22
2015-10-12-14-15-00,38,20,18
2015-10-12-14-30-00,35,27,8
2015-10-12-14-45-00,38,20,18
2015-10-12-15-00-00,56,40,16
2015-10-12-15-15-00,36,27,9
2015-10-12-15-30-00,51,37,14
2015-10-12-15-45-00,44,24,20
2015-10-12-16-00-00,44,27,17
2015-10-12-16-15-00,45,26,19
2015-10-12-16-30-00,46,33,13
2015-10-12-16-45-00,57,38,19
2015-10-12-17-00-00,51,30,21
2015-10-12-17-15-00,53,32,21
2015-10-12-17-30-00,58,34,24
2015-10-12-17-45-00,49,31,18
2015-10-12-18-00-00,41,23,18
2015-10-12-18-15-00,50,35,15
2015-10-12-18-30-00,30,22,8
2015-10-12-18-45-00,24,18,6
2015-10-12-19-00-00,28,20,8
2015-10-12-19-15-00,20,12,8
2015-10-12-19-30-00,15,12,3
2015-10-12-19-45-00,11,5,6
2015-10-12-20-00-00,4,2,2
2015-10-12-20-15-00,5,2,3
2015-10-12-20-30-00,6,5,1
2015-10-12-20-45-00,2,0,2
2015-10-12-21-00-00,2,0,2
2015-10-12-21-15-00,3,3,0
2015-10-12-21-30-00,2,1,1
2015-10-12-21-45-00,2,2,0
2015-10-12-22-00-00,1,1,0
2015-10-12-22-15-00,2,2,0
2015-10-12-22-30-00,2,1,1
2015-10-12-22-45-00,0,0,0
2015-10-12-23-00-00,1,0,1
2015-10-12-23-15-00,1,0,1
2015-10-12-23-30-00,0,0,0
2015-10-12-23-45-00,1,0,1
2015-10-13-00-00-00,0,0,0
2015-10-13-00-15-00,0,0,0
2015-10-13-00-30-00,0,0,0
2015-10-13-00-45-00,0,0,0
2015-10-13-01-00-00,0,0,0
2015-10-13-01-15-00,0,0,0
2015-10-13-01-30-00,0,0,0
2015-10-13-01-45-00,0,0,0
2015-10-13-02-00-00,0,0,0
2015-10-13-02-15-00,0,0,0
2015-10-13-02-30-00,0,0,0
2015-10-13-02-45-00,0,0,0
2015-10-13-03-00-00,0,0,0
2015-10-13-03-15-00,0,0,0
2015-10-13-03-30-00,0,0,0
2015-10-13-03-45-00,0,0,0
2015-10-13-04-00-00,0,0,0
2015-10-13-04-15-00,0,0,0
2015-10-13-04-30-00,1,0,1
2015-10-13-04-45-00,0,0,0
2015-10-13-05-00-00,0,0,0
2015-10-13-05-15-00,0,0,0
2015-10-13-05-30-00,0,0,0
2015-10-13-05-45-00,1,0,1
2015-10-13-06-00-00,3,1,2
2015-10-13-06-15-00,3,0,3
2015-10-13-06-30-00,6,0,6
2015-10-13-06-45-00,4,2,2
2015-10-13-07-00-00,12,4,8
2015-10-13-07-15-00,21,10,11
2015-10-13-07-30-00,25,8,17
2015-10-13-07-45-00,24,5,19
2015-10-13-08-00-00,39,5,34
2015-10-13-08-15-00,43,12,31
2015-10-13-08-30-00,36,7,29
2015-10-13-08-45-00,34,3,31
2015-10-13-09-00-00,19,4,15
2015-10-13-09-15-00,16,3,13
2015-10-13-09-30-00,12,6,6
2015-10-13-09-45-00,14,8,6
2015-10-13-10-00-00,9,1,8
2015-10-13-10-15-00,8,3,5
2015-10-13-10-30-00,8,2,6
2015-10-13-10-45-00,12,3,9
2015-10-13-11-00-00,10,6,4
2015-10-13-11-15-00,13,6,7
2015-10-13-11-30-00,11,5,6
2015-10-13-11-45-00,17,10,7
2015-10-13-12-00-00,15,8,7
2015-10-13-12-15-00,19,10,9
2015-10-13-12-30-00,17,7,10
2015-10-13-12-45-00,16,7,9
2015-10-13-13-00-00,19,10,9
2015-10-13-13-15-00,24,8,16
2015-10-13-13-30-00,14,8,6
2015-10-13-13-45-00,16,12,4
2015-10-13-14-00-00,21,7,14
2015-10-13-14-15-00,11,9,2
2015-10-13-14-30-00,22,13,9
2015-10-13-14-45-00,23,13,10
2015-10-13-15-00-00,16,13,3
2015-10-13-15-15-00,21,15,6
2015-10-13-15-30-00,15,11,4
2015-10-13-15-45-00,22,14,8
2015-10-13-16-00-00,20,12,8
2015-10-13-16-15-00,37,26,11
2015-10-13-16-30-00,42,32,10
2015-10-13-16-45-00,27,15,12
2015-10-13-17-00-00,31,17,14
2015-10-13-17-15-00,29,22,7
2015-10-13-17-30-00,34,26,8
2015-10-13-17-45-00,27,16,11
2015-10-13-18-00-00,13,12,1
2015-10-13-18-15-00,22,18,4
2015-10-13-18-30-00,21,20,1
2015-10-13-18-45-00,10,8,2
2015-10-13-19-00-00,15,11,4
2015-10-13-19-15-00,12,9,3
2015-10-13-19-30-00,4,4,0
2015-10-13-19-45-00,5,4,1
2015-10-13-20-00-00,8,5,3
2015-10-13-20-15-00,5,4,1
2015-10-13-20-30-00,4,3,1
2015-10-13-20-45-00,1,0,1
2015-10-13-21-00-00,0,0,0
2015-10-13-21-15-00,3,2,1
2015-10-13-21-30-00,3,2,1
2015-10-13-21-45-00,2,1,1
2015-10-13-22-00-00,1,1,0
2015-10-13-22-15-00,0,0,0
2015-10-13-22-30-00,3,3,0
2015-10-13-22-45-00,0,0,0
2015-10-13-23-00-00,0,0,0
2015-10-13-23-15-00,1,0,1
2015-10-13-23-30-00,0,0,0
2015-10-13-23-45-00,0,0,0
2015-10-14-00-00-00,0,0,0
2015-10-14-00-15-00,1,1,0
2015-10-14-00-30-00,0,0,0
2015-10-14-00-45-00,0,0,0
2015-10-14-01-00-00,0,0,0
2015-10-14-01-15-00,0,0,0
2015-10-14-01-30-00,0,0,0
2015-10-14-01-45-00,0,0,0
2015-10-14-02-00-00,0,0,0
2015-10-14-02-15-00,0,0,0
2015-10-14-02-30-00,0,0,0
2015-10-14-02-45-00,0,0,0
2015-10-14-03-00-00,0,0,0
2015-10-14-03-15-00,0,0,0
2015-10-14-03-30-00,0,0,0
2015-10-14-03-45-00,0,0,0
2015-10-14-04-00-00,0,0,0
2015-10-14-04-15-00,0,0,0
2015-10-14-04-30-00,0,0,0
2015-10-14-04-45-00,0,0,0
2015-10-14-05-00-00,0,0,0
2015-10-14-05-15-00,0,0,0
2015-10-14-05-30-00,1,0,1
2015-10-14-05-45-00,2,1,1
2015-10-14-06-00-00,4,2,2
2015-10-14-06-15-00,3,0,3
2015-10-14-06-30-00,4,1,3
2015-10-14-06-45-00,3,1,2
2015-10-14-07-00-00,10,4,6
2015-10-14-07-15-00,6,3,3
2015-10-14-07-30-00,15,3,12
2015-10-14-07-45-00,22,4,18
2015-10-14-08-00-00,23,6,17
2015-10-14-08-15-00,25,2,23
2015-10-14-08-30-00,21,3,18
2015-10-14-08-45-00,33,7,26
2015-10-14-09-00-00,19,2,17
2015-10-14-09-15-00,11,2,9
2015-10-14-09-30-00,7,0,7
2015-10-14-09-45-00,6,4,2
2015-10-14-10-00-00,3,0,3
2015-10-14-10-15-00,8,3,5
2015-10-14-10-30-00,7,3,4
2015-10-14-10-45-00,2,2,0
2015-10-14-11-00-00,6,3,3
2015-10-14-11-15-00,4,0,4
2015-10-14-11-30-00,10,4,6
2015-10-14-11-45-00,15,2,13
2015-10-14-12-00-00,5,2,3
2015-10-14-12-15-00,4,3,1
2015-10-14-12-30-00,5,5,0
2015-10-14-12-45-00,10,10,0
2015-10-14-13-00-00,9,3,6
2015-10-14-13-15-00,4,2,2
2015-10-14-13-30-00,4,2,2
2015-10-14-13-45-00,9,6,3
2015-10-14-14-00-00,8,5,3
2015-10-14-14-15-00,13,9,4
2015-10-14-14-30-00,7,5,2
2015-10-14-14-45-00,8,6,2
2015-10-14-15-00-00,9,6,3
2015-10-14-15-15-00,7,4,3
2015-10-14-15-30-00,3,3,0
2015-10-14-15-45-00,9,3,6
2015-10-14-16-00-00,10,8,2
2015-10-14-16-15-00,8,7,1
2015-10-14-16-30-00,12,7,5
2015-10-14-16-45-00,19,13,6
2015-10-14-17-00-00,15,11,4
2015-10-14-17-15-00,13,12,1
2015-10-14-17-30-00,17,11,6
2015-10-14-17-45-00,18,16,2
2015-10-14-18-00-00,26,23,3
2015-10-14-18-15-00,22,16,6
2015-10-14-18-30-00,14,9,5
2015-10-14-18-45-00,15,13,2
2015-10-14-19-00-00,11,9,2
2015-10-14-19-15-00,10,9,1
2015-10-14-19-30-00,7,5,2
2015-10-14-19-45-00,4,3,1
2015-10-14-20-00-00,1,1,0
2015-10-14-20-15-00,0,0,0
2015-10-14-20-30-00,1,1,0
2015-10-14-20-45-00,6,3,3
2015-10-14-21-00-00,1,1,0
2015-10-14-21-15-00,0,0,0
2015-10-14-21-30-00,1,1,0
2015-10-14-21-45-00,1,1,0
2015-10-14-22-00-00,0,0,0
2015-10-14-22-15-00,0,0,0
2015-10-14-22-30-00,1,1,0
2015-10-14-22-45-00,0,0,0
2015-10-14-23-00-00,0,0,0
2015-10-14-23-15-00,0,0,0
2015-10-14-23-30-00,0,0,0
2015-10-14-23-45-00,1,0,1
2015-10-15-00-00-00,0,0,0
2015-10-15-00-15-00,0,0,0
2015-10-15-00-30-00,0,0,0
2015-10-15-00-45-00,0,0,0
2015-10-15-01-00-00,0,0,0
2015-10-15-01-15-00,0,0,0
2015-10-15-01-30-00,0,0,0
2015-10-15-01-45-00,0,0,0
2015-10-15-02-00-00,0,0,0
2015-10-15-02-15-00,0,0,0
2015-10-15-02-30-00,0,0,0
2015-10-15-02-45-00,0,0,0
2015-10-15-03-00-00,0,0,0
2015-10-15-03-15-00,0,0,0
2015-10-15-03-30-00,1,0,1
2015-10-15-03-45-00,0,0,0
2015-10-15-04-00-00,0,0,0
2015-10-15-04-15-00,0,0,0
2015-10-15-04-30-00,0,0,0
2015-10-15-04-45-00,0,0,0
2015-10-15-05-00-00,0,0,0
2015-10-15-05-15-00,0,0,0
2015-10-15-05-30-00,1,1,0
2015-10-15-05-45-00,3,0,3
2015-10-15-06-00-00,3,0,3
2015-10-15-06-15-00,0,0,0
2015-10-15-06-30-00,4,2,2
2015-10-15-06-45-00,4,2,2
2015-10-15-07-00-00,11,5,6
2015-10-15-07-15-00,17,8,9
2015-10-15-07-30-00,16,7,9
2015-10-15-07-45-00,21,4,17
2015-10-15-08-00-00,23,5,18
2015-10-15-08-15-00,26,2,24
2015-10-15-08-30-00,34,3,31
2015-10-15-08-45-00,26,3,23
2015-10-15-09-00-00,21,3,18
2015-10-15-09-15-00,20,9,11
2015-10-15-09-30-00,10,4,6
2015-10-15-09-45-00,11,8,3
2015-10-15-10-00-00,4,2,2
2015-10-15-10-15-00,7,3,4
2015-10-15-10-30-00,3,0,3
2015-10-15-10-45-00,4,4,0
2015-10-15-11-00-00,5,1,4
2015-10-15-11-15-00,3,2,1
2015-10-15-11-30-00,0,0,0
2015-10-15-11-45-00,1,1,0
2015-10-15-12-00-00,2,0,2
2015-10-15-12-15-00,2,0,2
2015-10-15-12-30-00,8,2,6
2015-10-15-12-45-00,6,2,4
2015-10-15-13-00-00,4,2,2
2015-10-15-13-15-00,2,0,2
2015-10-15-13-30-00,3,3,0
2015-10-15-13-45-00,2,1,1
2015-10-15-14-00-00,2,2,0
2015-10-15-14-15-00,3,1,2
2015-10-15-14-30-00,1,1,0
2015-10-15-14-45-00,10,8,2
2015-10-15-15-00-00,3,3,0
2015-10-15-15-15-00,4,3,1
2015-10-15-15-30-00,2,1,1
2015-10-15-15-45-00,7,5,2
2015-10-15-16-00-00,9,5,4
2015-10-15-16-15-00,14,13,1
2015-10-15-16-30-00,14,10,4
2015-10-15-16-45-00,16,11,5
2015-10-15-17-00-00,22,19,3
2015-10-15-17-15-00,16,13,3
2015-10-15-17-30-00,8,6,2
2015-10-15-17-45-00,17,14,3
2015-10-15-18-00-00,20,16,4
2015-10-15-18-15-00,23,20,3
2015-10-15-18-30-00,14,10,4
2015-10-15-18-45-00,15,13,2
2015-10-15-19-00-00,8,6,2
2015-10-15-19-15-00,8,7,1
2015-10-15-19-30-00,2,2,0
2015-10-15-19-45-00,5,5,0
2015-10-15-20-00-00,3,2,1
2015-10-15-20-15-00,1,0,1
2015-10-15-20-30-00,1,1,0
2015-10-15-20-45-00,0,0,0
2015-10-15-21-00-00,2,1,1
2015-10-15-21-15-00,0,0,0
2015-10-15-21-30-00,0,0,0
2015-10-15-21-45-00,3,2,1
2015-10-15-22-00-00,0,0,0
2015-10-15-22-15-00,1,1,0
2015-10-15-22-30-00,0,0,0
2015-10-15-22-45-00,1,1,0
2015-10-15-23-00-00,0,0,0
2015-10-15-23-15-00,1,1,0
2015-10-15-23-30-00,0,0,0
2015-10-15-23-45-00,0,0,0
2015-10-16-00-00-00,0,0,0
2015-10-16-00-15-00,0,0,0
2015-10-16-00-30-00,0,0,0
2015-10-16-00-45-00,0,0,0
2015-10-16-01-00-00,1,0,1
2015-10-16-01-15-00,0,0,0
2015-10-16-01-30-00,0,0,0
2015-10-16-01-45-00,0,0,0
2015-10-16-02-00-00,0,0,0
2015-10-16-02-15-00,0,0,0
2015-10-16-02-30-00,0,0,0
2015-10-16-02-45-00,0,0,0
2015-10-16-03-00-00,0,0,0
2015-10-16-03-15-00,1,0,1
2015-10-16-03-30-00,0,0,0
2015-10-16-03-45-00,0,0,0
2015-10-16-04-00-00,0,0,0
2015-10-16-04-15-00,0,0,0
2015-10-16-04-30-00,0,0,0
2015-10-16-04-45-00,0,0,0
2015-10-16-05-00-00,0,0,0
2015-10-16-05-15-00,0,0,0
2015-10-16-05-30-00,0,0,0
2015-10-16-05-45-00,6,2,4
2015-10-16-06-00-00,1,0,1
2015-10-16-06-15-00,3,1,2
2015-10-16-06-30-00,6,2,4
2015-10-16-06-45-00,4,2,2
2015-10-16-07-00-00,11,2,9
2015-10-16-07-15-00,7,5,2
2015-10-16-07-30-00,14,5,9
2015-10-16-07-45-00,18,8,10
2015-10-16-08-00-00,19,6,13
2015-10-16-08-15-00,23,3,20
2015-10-16-08-30-00,22,4,18
2015-10-16-08-45-00,24,4,20
2015-10-16-09-00-00,19,5,14
2015-10-16-09-15-00,11,3,8
2015-10-16-09-30-00,9,6,3
2015-10-16-09-45-00,14,5,9
2015-10-16-10-00-00,7,1,6
2015-10-16-10-15-00,9,5,4
2015-10-16-10-30-00,6,3,3
2015-10-16-10-45-00,9,3,6
2015-10-16-11-00-00,9,0,9
2015-10-16-11-15-00,13,8,5
2015-10-16-11-30-00,12,3,9
2015-10-16-11-45-00,9,3,6
2015-10-16-12-00-00,8,5,3
2015-10-16-12-15-00,13,8,5
2015-10-16-12-30-00,13,5,8
2015-10-16-12-45-00,16,6,10
2015-10-16-13-00-00,13,6,7
2015-10-16-13-15-00,12,9,3
2015-10-16-13-30-00,10,6,4
2015-10-16-13-45-00,11,7,4
2015-10-16-14-00-00,12,6,6
2015-10-16-14-15-00,17,14,3
2015-10-16-14-30-00,17,11,6
2015-10-16-14-45-00,6,4,2
2015-10-16-15-00-00,17,13,4
2015-10-16-15-15-00,20,12,8
2015-10-16-15-30-00,25,16,9
2015-10-16-15-45-00,25,16,9
2015-10-16-16-00-00,21,12,9
2015-10-16-16-15-00,27,17,10
2015-10-16-16-30-00,22,12,10
2015-10-16-16-45-00,24,14,10
2015-10-16-17-00-00,21,13,8
2015-10-16-17-15-00,31,24,7
2015-10-16-17-30-00,24,16,8
2015-10-16-17-45-00,14,12,2
2015-10-16-18-00-00,17,9,8
2015-10-16-18-15-00,11,9,2
2015-10-16-18-30-00,12,7,5
2015-10-16-18-45-00,10,9,1
2015-10-16-19-00-00,11,8,3
2015-10-16-19-15-00,12,5,7
2015-10-16-19-30-00,7,3,4
2015-10-16-19-45-00,6,3,3
2015-10-16-20-00-00,2,1,1
2015-10-16-20-15-00,4,0,4
2015-10-16-20-30-00,2,1,1
2015-10-16-20-45-00,1,1,0
2015-10-16-21-00-00,2,2,0
2015-10-16-21-15-00,4,4,0
2015-10-16-21-30-00,2,2,0
2015-10-16-21-45-00,0,0,0
2015-10-16-22-00-00,3,2,1
2015-10-16-22-15-00,0,0,0
2015-10-16-22-30-00,1,0,1
2015-10-16-22-45-00,1,0,1
2015-10-16-23-00-00,1,0,1
2015-10-16-23-15-00,1,1,0
2015-10-16-23-30-00,1,0,1
2015-10-16-23-45-00,2,2,0
2015-10-17-00-00-00,0,0,0
2015-10-17-00-15-00,1,0,1
2015-10-17-00-30-00,2,0,2
2015-10-17-00-45-00,2,2,0
2015-10-17-01-00-00,0,0,0
2015-10-17-01-15-00,0,0,0
2015-10-17-01-30-00,0,0,0
2015-10-17-01-45-00,0,0,0
2015-10-17-02-00-00,0,0,0
2015-10-17-02-15-00,0,0,0
2015-10-17-02-30-00,0,0,0
2015-10-17-02-45-00,0,0,0
2015-10-17-03-00-00,0,0,0
2015-10-17-03-15-00,0,0,0
2015-10-17-03-30-00,0,0,0
2015-10-17-03-45-00,1,0,1
2015-10-17-04-00-00,0,0,0
2015-10-17-04-15-00,0,0,0
2015-10-17-04-30-00,1,0,1
2015-10-17-04-45-00,1,0,1
2015-10-17-05-00-00,0,0,0
2015-10-17-05-15-00,0,0,0
2015-10-17-05-30-00,0,0,0
2015-10-17-05-45-00,0,0,0
2015-10-17-06-00-00,0,0,0
2015-10-17-06-15-00,1,1,0
2015-10-17-06-30-00,0,0,0
2015-10-17-06-45-00,0,0,0
2015-10-17-07-00-00,3,2,1
2015-10-17-07-15-00,0,0,0
2015-10-17-07-30-00,1,1,0
2015-10-17-07-45-00,0,0,0
2015-10-17-08-00-00,3,0,3
2015-10-17-08-15-00,5,3,2
2015-10-17-08-30-00,5,2,3
2015-10-17-08-45-00,14,3,11
2015-10-17-09-00-00,3,2,1
2015-10-17-09-15-00,13,3,10
2015-10-17-09-30-00,22,7,15
2015-10-17-09-45-00,13,5,8
2015-10-17-10-00-00,14,3,11
2015-10-17-10-15-00,10,3,7
2015-10-17-10-30-00,9,4,5
2015-10-17-10-45-00,18,8,10
2015-10-17-11-00-00,19,6,13
2015-10-17-11-15-00,30,15,15
2015-10-17-11-30-00,24,15,9
2015-10-17-11-45-00,11,6,5
2015-10-17-12-00-00,15,10,5
2015-10-17-12-15-00,29,14,15
2015-10-17-12-30-00,26,15,11
2015-10-17-12-45-00,19,9,10
2015-10-17-13-00-00,17,9,8
2015-10-17-13-15-00,18,14,4
2015-10-17-13-30-00,24,11,13
2015-10-17-13-45-00,17,12,5
2015-10-17-14-00-00,17,9,8
2015-10-17-14-15-00,21,12,9
2015-10-17-14-30-00,19,8,11
2015-10-17-14-45-00,26,17,9
2015-10-17-15-00-00,23,16,7
2015-10-17-15-15-00,27,9,18
2015-10-17-15-30-00,28,13,15
2015-10-17-15-45-00,35,22,13
2015-10-17-16-00-00,20,14,6
2015-10-17-16-15-00,29,14,15
2015-10-17-16-30-00,22,9,13
2015-10-17-16-45-00,18,10,8
2015-10-17-17-00-00,11,7,4
2015-10-17-17-15-00,16,8,8
2015-10-17-17-30-00,13,8,5
2015-10-17-17-45-00,9,6,3
2015-10-17-18-00-00,13,6,7
2015-10-17-18-15-00,14,10,4
2015-10-17-18-30-00,4,4,0
2015-10-17-18-45-00,7,4,3
2015-10-17-19-00-00,7,3,4
2015-10-17-19-15-00,12,8,4
2015-10-17-19-30-00,2,2,0
2015-10-17-19-45-00,1,0,1
2015-10-17-20-00-00,0,0,0
2015-10-17-20-15-00,2,2,0
2015-10-17-20-30-00,2,0,2
2015-10-17-20-45-00,3,0,3
2015-10-17-21-00-00,0,0,0
2015-10-17-21-15-00,2,2,0
2015-10-17-21-30-00,3,1,2
2015-10-17-21-45-00,1,1,0
2015-10-17-22-00-00,1,0,1
2015-10-17-22-15-00,0,0,0
2015-10-17-22-30-00,0,0,0
2015-10-17-22-45-00,2,1,1
2015-10-17-23-00-00,0,0,0
2015-10-17-23-15-00,0,0,0
2015-10-17-23-30-00,1,1,0
2015-10-17-23-45-00,0,0,0
2015-10-18-00-00-00,0,0,0
2015-10-18-00-15-00,0,0,0
2015-10-18-00-30-00,2,0,2
2015-10-18-00-45-00,0,0,0
2015-10-18-01-00-00,1,1,0
2015-10-18-01-15-00,0,0,0
2015-10-18-01-30-00,0,0,0
2015-10-18-01-45-00,0,0,0
2015-10-18-02-00-00,0,0,0
2015-10-18-02-15-00,1,0,1
2015-10-18-02-30-00,0,0,0
2015-10-18-02-45-00,1,1,0
2015-10-18-03-00-00,1,0,1
2015-10-18-03-15-00,0,0,0
2015-10-18-03-30-00,0,0,0
2015-10-18-03-45-00,0,0,0
2015-10-18-04-00-00,0,0,0
2015-10-18-04-15-00,0,0,0
2015-10-18-04-30-00,0,0,0
2015-10-18-04-45-00,0,0,0
2015-10-18-05-00-00,0,0,0
2015-10-18-05-15-00,0,0,0
2015-10-18-05-30-00,0,0,0
2015-10-18-05-45-00,1,0,1
2015-10-18-06-00-00,1,0,1
2015-10-18-06-15-00,1,1,0
2015-10-18-06-30-00,0,0,0
2015-10-18-06-45-00,0,0,0
2015-10-18-07-00-00,0,0,0
2015-10-18-07-15-00,6,0,6
2015-10-18-07-30-00,0,0,0
2015-10-18-07-45-00,1,1,0
2015-10-18-08-00-00,5,4,1
2015-10-18-08-15-00,9,7,2
2015-10-18-08-30-00,12,9,3
2015-10-18-08-45-00,12,10,2
2015-10-18-09-00-00,16,5,11
2015-10-18-09-15-00,16,9,7
2015-10-18-09-30-00,8,2,6
2015-10-18-09-45-00,22,9,13
2015-10-18-10-00-00,14,4,10
2015-10-18-10-15-00,13,7,6
2015-10-18-10-30-00,15,7,8
2015-10-18-10-45-00,25,17,8
2015-10-18-11-00-00,14,7,7
2015-10-18-11-15-00,32,8,24
2015-10-18-11-30-00,34,8,26
2015-10-18-11-45-00,43,16,27
2015-10-18-12-00-00,55,17,38
2015-10-18-12-15-00,36,17,19
2015-10-18-12-30-00,59,28,31
2015-10-18-12-45-00,48,16,32
2015-10-18-13-00-00,52,25,27
2015-10-18-13-15-00,49,21,28
2015-10-18-13-30-00,82,27,55
2015-10-18-13-45-00,76,44,32
2015-10-18-14-00-00,77,33,44
2015-10-18-14-15-00,72,40,32
2015-10-18-14-30-00,59,33,26
2015-10-18-14-45-00,65,30,35
2015-10-18-15-00-00,64,32,32
2015-10-18-15-15-00,51,30,21
2015-10-18-15-30-00,41,27,14
2015-10-18-15-45-00,57,30,27
2015-10-18-16-00-00,46,29,17
2015-10-18-16-15-00,41,26,15
2015-10-18-16-30-00,30,11,19
2015-10-18-16-45-00,31,18,13
2015-10-18-17-00-00,30,10,20
2015-10-18-17-15-00,27,13,14
2015-10-18-17-30-00,34,26,8
2015-10-18-17-45-00,38,23,15
2015-10-18-18-00-00,25,20,5
2015-10-18-18-15-00,16,10,6
2015-10-18-18-30-00,14,7,7
2015-10-18-18-45-00,10,7,3
2015-10-18-19-00-00,6,5,1
2015-10-18-19-15-00,9,8,1
2015-10-18-19-30-00,2,1,1
2015-10-18-19-45-00,4,2,2
2015-10-18-20-00-00,2,2,0
2015-10-18-20-15-00,1,1,0
2015-10-18-20-30-00,2,0,2
2015-10-18-20-45-00,0,0,0
2015-10-18-21-00-00,1,1,0
2015-10-18-21-15-00,1,1,0
2015-10-18-21-30-00,2,0,2
2015-10-18-21-45-00,3,2,1
2015-10-18-22-00-00,0,0,0
2015-10-18-22-15-00,0,0,0
2015-10-18-22-30-00,0,0,0
2015-10-18-22-45-00,0,0,0
2015-10-18-23-00-00,1,1,0
2015-10-18-23-15-00,0,0,0
2015-10-18-23-30-00,0,0,0
2015-10-18-23-45-00,0,0,0
2015-10-19-00-00-00,0,0,0
2015-10-19-00-15-00,1,0,1
2015-10-19-00-30-00,0,0,0
2015-10-19-00-45-00,0,0,0
2015-10-19-01-00-00,0,0,0
2015-10-19-01-15-00,0,0,0
2015-10-19-01-30-00,0,0,0
2015-10-19-01-45-00,0,0,0
2015-10-19-02-00-00,0,0,0
2015-10-19-02-15-00,0,0,0
2015-10-19-02-30-00,0,0,0
2015-10-19-02-45-00,0,0,0
2015-10-19-03-00-00,0,0,0
2015-10-19-03-15-00,0,0,0
2015-10-19-03-30-00,1,0,1
2015-10-19-03-45-00,0,0,0
2015-10-19-04-00-00,0,0,0
2015-10-19-04-15-00,1,0,1
2015-10-19-04-30-00,0,0,0
2015-10-19-04-45-00,0,0,0
2015-10-19-05-00-00,0,0,0
2015-10-19-05-15-00,0,0,0
2015-10-19-05-30-00,0,0,0
2015-10-19-05-45-00,6,2,4
2015-10-19-06-00-00,5,1,4
2015-10-19-06-15-00,3,1,2
2015-10-19-06-30-00,5,0,5
2015-10-19-06-45-00,10,8,2
2015-10-19-07-00-00,20,8,12
2015-10-19-07-15-00,30,10,20
2015-10-19-07-30-00,36,19,17
2015-10-19-07-45-00,30,8,22
2015-10-19-08-00-00,36,9,27
2015-10-19-08-15-00,34,8,26
2015-10-19-08-30-00,39,11,28
2015-10-19-08-45-00,43,7,36
2015-10-19-09-00-00,24,4,20
2015-10-19-09-15-00,25,9,16
2015-10-19-09-30-00,19,10,9
2015-10-19-09-45-00,13,5,8
2015-10-19-10-00-00,4,1,3
2015-10-19-10-15-00,6,4,2
2015-10-19-10-30-00,16,7,9
2015-10-19-10-45-00,9,5,4
2015-10-19-11-00-00,10,6,4
2015-10-19-11-15-00,11,10,1
2015-10-19-11-30-00,10,3,7
2015-10-19-11-45-00,9,4,5
2015-10-19-12-00-00,10,2,8
2015-10-19-12-15-00,3,3,0
2015-10-19-12-30-00,12,6,6
2015-10-19-12-45-00,13,8,5
2015-10-19-13-00-00,9,5,4
2015-10-19-13-15-00,18,6,12
2015-10-19-13-30-00,6,1,5
2015-10-19-13-45-00,7,6,1
2015-10-19-14-00-00,12,6,6
2015-10-19-14-15-00,12,5,7
2015-10-19-14-30-00,27,9,18
2015-10-19-14-45-00,20,10,10
2015-10-19-15-00-00,24,14,10
2015-10-19-15-15-00,10,7,3
2015-10-19-15-30-00,23,18,5
2015-10-19-15-45-00,20,11,9
2015-10-19-16-00-00,20,10,10
2015-10-19-16-15-00,31,23,8
2015-10-19-16-30-00,26,18,8
2015-10-19-16-45-00,35,24,11
2015-10-19-17-00-00,43,20,23
2015-10-19-17-15-00,33,24,9
2015-10-19-17-30-00,35,25,10
2015-10-19-17-45-00,37,26,11
2015-10-19-18-00-00,35,26,9
2015-10-19-18-15-00,34,24,10
2015-10-19-18-30-00,20,12,8
2015-10-19-18-45-00,24,14,10
2015-10-19-19-00-00,13,8,5
2015-10-19-19-15-00,12,7,5
2015-10-19-19-30-00,8,6,2
2015-10-19-19-45-00,6,2,4
2015-10-19-20-00-00,7,5,2
2015-10-19-20-15-00,8,6,2
2015-10-19-20-30-00,7,2,5
2015-10-19-20-45-00,0,0,0
2015-10-19-21-00-00,0,0,0
2015-10-19-21-15-00,1,0,1
2015-10-19-21-30-00,3,1,2
2015-10-19-21-45-00,1,0,1
2015-10-19-22-00-00,2,2,0
2015-10-19-22-15-00,0,0,0
2015-10-19-22-30-00,0,0,0
2015-10-19-22-45-00,2,2,0
2015-10-19-23-00-00,1,0,1
2015-10-19-23-15-00,1,1,0
2015-10-19-23-30-00,0,0,0
2015-10-19-23-45-00,0,0,0
2015-10-20-00-00-00,1,0,1
2015-10-20-00-15-00,0,0,0
2015-10-20-00-30-00,0,0,0
2015-10-20-00-45-00,0,0,0
2015-10-20-01-00-00,0,0,0
2015-10-20-01-15-00,0,0,0
2015-10-20-01-30-00,0,0,0
2015-10-20-01-45-00,0,0,0
2015-10-20-02-00-00,0,0,0
2015-10-20-02-15-00,0,0,0
2015-10-20-02-30-00,0,0,0
2015-10-20-02-45-00,0,0,0
2015-10-20-03-00-00,0,0,0
2015-10-20-03-15-00,0,0,0
2015-10-20-03-30-00,0,0,0
2015-10-20-03-45-00,0,0,0
2015-10-20-04-00-00,0,0,0
2015-10-20-04-15-00,0,0,0
2015-10-20-04-30-00,0,0,0
2015-10-20-04-45-00,0,0,0
2015-10-20-05-00-00,0,0,0
2015-10-20-05-15-00,0,0,0
2015-10-20-05-30-00,0,0,0
2015-10-20-05-45-00,5,2,3
2015-10-20-06-00-00,4,2,2
2015-10-20-06-15-00,4,1,3
2015-10-20-06-30-00,7,1,6
2015-10-20-06-45-00,15,7,8
2015-10-20-07-00-00,22,9,13
2015-10-20-07-15-00,22,8,14
2015-10-20-07-30-00,36,15,21
2015-10-20-07-45-00,39,12,27
2015-10-20-08-00-00,39,11,28
2015-10-20-08-15-00,52,12,40
2015-10-20-08-30-00,43,11,32
2015-10-20-08-45-00,36,4,32
2015-10-20-09-00-00,33,10,23
2015-10-20-09-15-00,16,4,12
2015-10-20-09-30-00,14,5,9
2015-10-20-09-45-00,6,1,5
2015-10-20-10-00-00,13,6,7
2015-10-20-10-15-00,6,3,3
2015-10-20-10-30-00,13,3,10
2015-10-20-10-45-00,12,6,6
2015-10-20-11-00-00,13,6,7
2015-10-20-11-15-00,6,1,5
2015-10-20-11-30-00,13,4,9
2015-10-20-11-45-00,6,5,1
2015-10-20-12-00-00,10,7,3
2015-10-20-12-15-00,11,3,8
2015-10-20-12-30-00,12,5,7
2015-10-20-12-45-00,19,6,13
2015-10-20-13-00-00,14,8,6
2015-10-20-13-15-00,16,4,12
2015-10-20-13-30-00,13,10,3
2015-10-20-13-45-00,11,8,3
2015-10-20-14-00-00,11,6,5
2015-10-20-14-15-00,15,8,7
2015-10-20-14-30-00,8,2,6
2015-10-20-14-45-00,18,12,6
2015-10-20-15-00-00,10,6,4
2015-10-20-15-15-00,22,17,5
2015-10-20-15-30-00,24,16,8
2015-10-20-15-45-00,12,6,6
2015-10-20-16-00-00,19,12,7
2015-10-20-16-15-00,34,28,6
2015-10-20-16-30-00,28,21,7
2015-10-20-16-45-00,37,26,11
2015-10-20-17-00-00,36,18,18
2015-10-20-17-15-00,46,40,6
2015-10-20-17-30-00,37,30,7
2015-10-20-17-45-00,35,24,11
2015-10-20-18-00-00,26,16,10
2015-10-20-18-15-00,35,23,12
2015-10-20-18-30-00,23,18,5
2015-10-20-18-45-00,19,13,6
2015-10-20-19-00-00,18,9,9
2015-10-20-19-15-00,11,10,1
2015-10-20-19-30-00,10,10,0
2015-10-20-19-45-00,9,7,2
2015-10-20-20-00-00,7,5,2
2015-10-20-20-15-00,10,6,4
2015-10-20-20-30-00,8,7,1
2015-10-20-20-45-00,4,2,2
2015-10-20-21-00-00,2,2,0
2015-10-20-21-15-00,3,3,0
2015-10-20-21-30-00,2,0,2
2015-10-20-21-45-00,3,1,2
2015-10-20-22-00-00,1,0,1
2015-10-20-22-15-00,1,0,1
2015-10-20-22-30-00,4,4,0
2015-10-20-22-45-00,2,0,2
2015-10-20-23-00-00,3,2,1
2015-10-20-23-15-00,1,0,1
2015-10-20-23-30-00,1,1,0
2015-10-20-23-45-00,0,0,0
2015-10-21-00-00-00,0,0,0
2015-10-21-00-15-00,0,0,0
2015-10-21-00-30-00,0,0,0
2015-10-21-00-45-00,0,0,0
2015-10-21-01-00-00,0,0,0
2015-10-21-01-15-00,0,0,0
2015-10-21-01-30-00,0,0,0
2015-10-21-01-45-00,0,0,0
2015-10-21-02-00-00,0,0,0
2015-10-21-02-15-00,0,0,0
2015-10-21-02-30-00,0,0,0
2015-10-21-02-45-00,0,0,0
2015-10-21-03-00-00,0,0,0
2015-10-21-03-15-00,0,0,0
2015-10-21-03-30-00,1,0,1
2015-10-21-03-45-00,0,0,0
2015-10-21-04-00-00,0,0,0
2015-10-21-04-15-00,0,0,0
2015-10-21-04-30-00,2,0,2
2015-10-21-04-45-00,0,0,0
2015-10-21-05-00-00,0,0,0
2015-10-21-05-15-00,0,0,0
2015-10-21-05-30-00,0,0,0
2015-10-21-05-45-00,2,1,1
2015-10-21-06-00-00,6,1,5
2015-10-21-06-15-00,5,1,4
2015-10-21-06-30-00,4,0,4
2015-10-21-06-45-00,10,3,7
2015-10-21-07-00-00,21,10,11
2015-10-21-07-15-00,28,7,21
2015-10-21-07-30-00,37,15,22
2015-10-21-07-45-00,31,11,20
2015-10-21-08-00-00,45,8,37
2015-10-21-08-15-00,33,5,28
2015-10-21-08-30-00,34,8,26
2015-10-21-08-45-00,44,7,37
2015-10-21-09-00-00,27,1,26
2015-10-21-09-15-00,16,3,13
2015-10-21-09-30-00,21,13,8
2015-10-21-09-45-00,25,6,19
2015-10-21-10-00-00,11,4,7
2015-10-21-10-15-00,8,5,3
2015-10-21-10-30-00,3,0,3
2015-10-21-10-45-00,12,5,7
2015-10-21-11-00-00,14,10,4
2015-10-21-11-15-00,13,4,9
2015-10-21-11-30-00,14,11,3
2015-10-21-11-45-00,12,5,7
2015-10-21-12-00-00,13,5,8
2015-10-21-12-15-00,10,6,4
2015-10-21-12-30-00,15,7,8
2015-10-21-12-45-00,21,14,7
2015-10-21-13-00-00,14,7,7
2015-10-21-13-15-00,26,12,14
2015-10-21-13-30-00,30,15,15
2015-10-21-13-45-00,16,6,10
2015-10-21-14-00-00,25,14,11
2015-10-21-14-15-00,25,10,15
2015-10-21-14-30-00,26,18,8
2015-10-21-14-45-00,39,18,21
2015-10-21-15-00-00,32,16,16
2015-10-21-15-15-00,21,17,4
2015-10-21-15-30-00,25,16,9
2015-10-21-15-45-00,30,18,12
2015-10-21-16-00-00,23,16,7
2015-10-21-16-15-00,35,27,8
2015-10-21-16-30-00,45,27,18
2015-10-21-16-45-00,42,31,11
2015-10-21-17-00-00,29,18,11
2015-10-21-17-15-00,26,24,2
2015-10-21-17-30-00,46,31,15
2015-10-21-17-45-00,45,26,19
2015-10-21-18-00-00,46,38,8
2015-10-21-18-15-00,34,29,5
2015-10-21-18-30-00,31,23,8
2015-10-21-18-45-00,23,19,4
2015-10-21-19-00-00,15,9,6
2015-10-21-19-15-00,18,9,9
2015-10-21-19-30-00,7,2,5
2015-10-21-19-45-00,11,9,2
2015-10-21-20-00-00,9,3,6
2015-10-21-20-15-00,9,4,5
2015-10-21-20-30-00,7,5,2
2015-10-21-20-45-00,4,0,4
2015-10-21-21-00-00,6,5,1
2015-10-21-21-15-00,2,2,0
2015-10-21-21-30-00,4,2,2
2015-10-21-21-45-00,0,0,0
2015-10-21-22-00-00,6,2,4
2015-10-21-22-15-00,1,1,0
2015-10-21-22-30-00,0,0,0
2015-10-21-22-45-00,1,1,0
2015-10-21-23-00-00,3,1,2
2015-10-21-23-15-00,0,0,0
2015-10-21-23-30-00,3,2,1
2015-10-21-23-45-00,0,0,0
2015-10-22-00-00-00,0,0,0
2015-10-22-00-15-00,0,0,0
2015-10-22-00-30-00,0,0,0
2015-10-22-00-45-00,0,0,0
2015-10-22-01-00-00,0,0,0
2015-10-22-01-15-00,0,0,0
2015-10-22-01-30-00,0,0,0
2015-10-22-01-45-00,0,0,0
2015-10-22-02-00-00,0,0,0
2015-10-22-02-15-00,0,0,0
2015-10-22-02-30-00,0,0,0
2015-10-22-02-45-00,0,0,0
2015-10-22-03-00-00,0,0,0
2015-10-22-03-15-00,0,0,0
2015-10-22-03-30-00,0,0,0
2015-10-22-03-45-00,0,0,0
2015-10-22-04-00-00,0,0,0
2015-10-22-04-15-00,0,0,0
2015-10-22-04-30-00,0,0,0
2015-10-22-04-45-00,0,0,0
2015-10-22-05-00-00,0,0,0
2015-10-22-05-15-00,0,0,0
2015-10-22-05-30-00,0,0,0
2015-10-22-05-45-00,5,1,4
2015-10-22-06-00-00,0,0,0
2015-10-22-06-15-00,5,3,2
2015-10-22-06-30-00,4,0,4
2015-10-22-06-45-00,11,5,6
2015-10-22-07-00-00,15,3,12
2015-10-22-07-15-00,25,7,18
2015-10-22-07-30-00,30,15,15
2015-10-22-07-45-00,30,6,24
2015-10-22-08-00-00,31,6,25
2015-10-22-08-15-00,46,10,36
2015-10-22-08-30-00,39,10,29
2015-10-22-08-45-00,44,7,37
2015-10-22-09-00-00,24,4,20
2015-10-22-09-15-00,16,8,8
2015-10-22-09-30-00,12,4,8
2015-10-22-09-45-00,17,3,14
2015-10-22-10-00-00,12,4,8
2015-10-22-10-15-00,9,4,5
2015-10-22-10-30-00,11,3,8
2015-10-22-10-45-00,9,4,5
2015-10-22-11-00-00,6,3,3
2015-10-22-11-15-00,7,3,4
2015-10-22-11-30-00,12,6,6
2015-10-22-11-45-00,5,2,3
2015-10-22-12-00-00,8,2,6
2015-10-22-12-15-00,13,7,6
2015-10-22-12-30-00,7,5,2
2015-10-22-12-45-00,9,6,3
2015-10-22-13-00-00,13,9,4
2015-10-22-13-15-00,17,7,10
2015-10-22-13-30-00,13,6,7
2015-10-22-13-45-00,10,3,7
2015-10-22-14-00-00,10,6,4
2015-10-22-14-15-00,14,8,6
2015-10-22-14-30-00,16,7,9
2015-10-22-14-45-00,13,9,4
2015-10-22-15-00-00,17,10,7
2015-10-22-15-15-00,18,8,10
2015-10-22-15-30-00,17,12,5
2015-10-22-15-45-00,24,17,7
2015-10-22-16-00-00,29,17,12
2015-10-22-16-15-00,28,18,10
2015-10-22-16-30-00,27,17,10
2015-10-22-16-45-00,46,24,22
2015-10-22-17-00-00,30,19,11
2015-10-22-17-15-00,31,22,9
2015-10-22-17-30-00,28,24,4
2015-10-22-17-45-00,36,19,17
2015-10-22-18-00-00,31,25,6
2015-10-22-18-15-00,37,29,8
2015-10-22-18-30-00,21,15,6
2015-10-22-18-45-00,24,13,11
2015-10-22-19-00-00,12,10,2
2015-10-22-19-15-00,9,6,3
2015-10-22-19-30-00,9,8,1
2015-10-22-19-45-00,4,2,2
2015-10-22-20-00-00,8,7,1
2015-10-22-20-15-00,3,1,2
2015-10-22-20-30-00,3,3,0
2015-10-22-20-45-00,5,3,2
2015-10-22-21-00-00,3,2,1
2015-10-22-21-15-00,1,0,1
2015-10-22-21-30-00,3,2,1
2015-10-22-21-45-00,5,3,2
2015-10-22-22-00-00,2,2,0
2015-10-22-22-15-00,2,0,2
2015-10-22-22-30-00,1,1,0
2015-10-22-22-45-00,2,2,0
2015-10-22-23-00-00,0,0,0
2015-10-22-23-15-00,2,2,0
2015-10-22-23-30-00,0,0,0
2015-10-22-23-45-00,2,0,2
2015-10-23-00-00-00,0,0,0
2015-10-23-00-15-00,0,0,0
2015-10-23-00-30-00,0,0,0
2015-10-23-00-45-00,0,0,0
2015-10-23-01-00-00,0,0,0
2015-10-23-01-15-00,0,0,0
2015-10-23-01-30-00,0,0,0
2015-10-23-01-45-00,1,0,1
2015-10-23-02-00-00,0,0,0
2015-10-23-02-15-00,0,0,0
2015-10-23-02-30-00,0,0,0
2015-10-23-02-45-00,0,0,0
2015-10-23-03-00-00,0,0,0
2015-10-23-03-15-00,0,0,0
2015-10-23-03-30-00,0,0,0
2015-10-23-03-45-00,0,0,0
2015-10-23-04-00-00,0,0,0
2015-10-23-04-15-00,0,0,0
2015-10-23-04-30-00,0,0,0
2015-10-23-04-45-00,0,0,0
2015-10-23-05-00-00,0,0,0
2015-10-23-05-15-00,1,1,0
2015-10-23-05-30-00,1,1,0
2015-10-23-05-45-00,3,0,3
2015-10-23-06-00-00,4,0,4
2015-10-23-06-15-00,2,1,1
2015-10-23-06-30-00,5,0,5
2015-10-23-06-45-00,17,7,10
2015-10-23-07-00-00,13,5,8
2015-10-23-07-15-00,19,9,10
2015-10-23-07-30-00,28,16,12
2015-10-23-07-45-00,29,8,21
2015-10-23-08-00-00,34,7,27
2015-10-23-08-15-00,42,10,32
2015-10-23-08-30-00,43,5,38
2015-10-23-08-45-00,33,7,26
2015-10-23-09-00-00,28,6,22
2015-10-23-09-15-00,21,9,12
2015-10-23-09-30-00,10,5,5
2015-10-23-09-45-00,22,9,13
2015-10-23-10-00-00,14,5,9
2015-10-23-10-15-00,8,3,5
2015-10-23-10-30-00,15,3,12
2015-10-23-10-45-00,18,7,11
2015-10-23-11-00-00,24,15,9
2015-10-23-11-15-00,21,11,10
2015-10-23-11-30-00,23,9,14
2015-10-23-11-45-00,29,7,22
2015-10-23-12-00-00,23,15,8
2015-10-23-12-15-00,11,2,9
2015-10-23-12-30-00,33,19,14
2015-10-23-12-45-00,32,20,12
2015-10-23-13-00-00,31,17,14
2015-10-23-13-15-00,35,17,18
2015-10-23-13-30-00,35,18,17
2015-10-23-13-45-00,34,17,17
2015-10-23-14-00-00,40,24,16
2015-10-23-14-15-00,52,34,18
2015-10-23-14-30-00,50,31,19
2015-10-23-14-45-00,71,42,29
2015-10-23-15-00-00,69,38,31
2015-10-23-15-15-00,54,33,21
2015-10-23-15-30-00,53,35,18
2015-10-23-15-45-00,45,20,25
2015-10-23-16-00-00,56,38,18
2015-10-23-16-15-00,60,40,20
2015-10-23-16-30-00,48,30,18
2015-10-23-16-45-00,34,20,14
2015-10-23-17-00-00,31,21,10
2015-10-23-17-15-00,39,27,12
2015-10-23-17-30-00,28,18,10
2015-10-23-17-45-00,43,27,16
2015-10-23-18-00-00,34,22,12
2015-10-23-18-15-00,33,26,7
2015-10-23-18-30-00,29,15,14
2015-10-23-18-45-00,20,12,8
2015-10-23-19-00-00,9,4,5
2015-10-23-19-15-00,11,9,2
2015-10-23-19-30-00,10,5,5
2015-10-23-19-45-00,8,3,5
2015-10-23-20-00-00,7,4,3
2015-10-23-20-15-00,8,5,3
2015-10-23-20-30-00,6,2,4
2015-10-23-20-45-00,5,2,3
2015-10-23-21-00-00,3,2,1
2015-10-23-21-15-00,2,0,2
2015-10-23-21-30-00,2,1,1
2015-10-23-21-45-00,3,1,2
2015-10-23-22-00-00,4,2,2
2015-10-23-22-15-00,1,1,0
2015-10-23-22-30-00,2,2,0
2015-10-23-22-45-00,1,0,1
2015-10-23-23-00-00,1,0,1
2015-10-23-23-15-00,0,0,0
2015-10-23-23-30-00,2,1,1
2015-10-23-23-45-00,3,3,0
2015-10-24-00-00-00,1,0,1
2015-10-24-00-15-00,3,2,1
2015-10-24-00-30-00,1,1,0
2015-10-24-00-45-00,1,0,1
2015-10-24-01-00-00,0,0,0
2015-10-24-01-15-00,0,0,0
2015-10-24-01-30-00,1,1,0
2015-10-24-01-45-00,1,0,1
2015-10-24-02-00-00,0,0,0
2015-10-24-02-15-00,1,0,1
2015-10-24-02-30-00,0,0,0
2015-10-24-02-45-00,0,0,0
2015-10-24-03-00-00,0,0,0
2015-10-24-03-15-00,0,0,0
2015-10-24-03-30-00,0,0,0
2015-10-24-03-45-00,0,0,0
2015-10-24-04-00-00,0,0,0
2015-10-24-04-15-00,0,0,0
2015-10-24-04-30-00,0,0,0
2015-10-24-04-45-00,1,1,0
2015-10-24-05-00-00,0,0,0
2015-10-24-05-15-00,0,0,0
2015-10-24-05-30-00,0,0,0
2015-10-24-05-45-00,0,0,0
2015-10-24-06-00-00,0,0,0
2015-10-24-06-15-00,1,0,1
2015-10-24-06-30-00,5,1,4
2015-10-24-06-45-00,0,0,0
2015-10-24-07-00-00,3,1,2
2015-10-24-07-15-00,2,0,2
2015-10-24-07-30-00,1,1,0
2015-10-24-07-45-00,1,0,1
2015-10-24-08-00-00,6,1,5
2015-10-24-08-15-00,9,3,6
2015-10-24-08-30-00,9,3,6
2015-10-24-08-45-00,8,4,4
2015-10-24-09-00-00,5,4,1
2015-10-24-09-15-00,7,2,5
2015-10-24-09-30-00,19,12,7
2015-10-24-09-45-00,11,5,6
2015-10-24-10-00-00,11,6,5
2015-10-24-10-15-00,15,8,7
2015-10-24-10-30-00,18,12,6
2015-10-24-10-45-00,24,10,14
2015-10-24-11-00-00,21,10,11
2015-10-24-11-15-00,18,12,6
2015-10-24-11-30-00,31,17,14
2015-10-24-11-45-00,31,13,18
2015-10-24-12-00-00,31,17,14
2015-10-24-12-15-00,29,15,14
2015-10-24-12-30-00,27,12,15
2015-10-24-12-45-00,34,13,21
2015-10-24-13-00-00,25,12,13
2015-10-24-13-15-00,29,15,14
2015-10-24-13-30-00,25,9,16
2015-10-24-13-45-00,22,7,15
2015-10-24-14-00-00,32,15,17
2015-10-24-14-15-00,37,15,22
2015-10-24-14-30-00,43,26,17
2015-10-24-14-45-00,50,29,21
2015-10-24-15-00-00,46,21,25
2015-10-24-15-15-00,28,12,16
2015-10-24-15-30-00,26,14,12
2015-10-24-15-45-00,43,32,11
2015-10-24-16-00-00,30,14,16
2015-10-24-16-15-00,27,16,11
2015-10-24-16-30-00,38,19,19
2015-10-24-16-45-00,19,10,9
2015-10-24-17-00-00,31,21,10
2015-10-24-17-15-00,37,23,14
2015-10-24-17-30-00,36,27,9
2015-10-24-17-45-00,39,21,18
2015-10-24-18-00-00,20,14,6
2015-10-24-18-15-00,21,8,13
2015-10-24-18-30-00,15,9,6
2015-10-24-18-45-00,12,9,3
2015-10-24-19-00-00,13,4,9
2015-10-24-19-15-00,13,7,6
2015-10-24-19-30-00,13,5,8
2015-10-24-19-45-00,5,3,2
2015-10-24-20-00-00,2,0,2
2015-10-24-20-15-00,6,4,2
2015-10-24-20-30-00,2,1,1
2015-10-24-20-45-00,3,3,0
2015-10-24-21-00-00,2,0,2
2015-10-24-21-15-00,0,0,0
2015-10-24-21-30-00,4,2,2
2015-10-24-21-45-00,1,0,1
2015-10-24-22-00-00,1,1,0
2015-10-24-22-15-00,1,1,0
2015-10-24-22-30-00,4,1,3
2015-10-24-22-45-00,1,1,0
2015-10-24-23-00-00,0,0,0
2015-10-24-23-15-00,4,4,0
2015-10-24-23-30-00,0,0,0
2015-10-24-23-45-00,2,1,1
2015-10-25-00-00-00,3,0,3
2015-10-25-00-15-00,2,0,2
2015-10-25-00-30-00,0,0,0
2015-10-25-00-45-00,1,0,1
2015-10-25-01-00-00,2,1,1
2015-10-25-01-15-00,0,0,0
2015-10-25-01-30-00,0,0,0
2015-10-25-01-45-00,0,0,0
2015-10-25-02-00-00,0,0,0
2015-10-25-02-15-00,0,0,0
2015-10-25-02-30-00,0,0,0
2015-10-25-02-45-00,1,0,1
2015-10-25-03-00-00,1,1,0
2015-10-25-03-15-00,0,0,0
2015-10-25-03-30-00,0,0,0
2015-10-25-03-45-00,0,0,0
2015-10-25-04-00-00,0,0,0
2015-10-25-04-15-00,0,0,0
2015-10-25-04-30-00,0,0,0
2015-10-25-04-45-00,0,0,0
2015-10-25-05-00-00,0,0,0
2015-10-25-05-15-00,0,0,0
2015-10-25-05-30-00,1,0,1
2015-10-25-05-45-00,0,0,0
2015-10-25-06-00-00,1,1,0
2015-10-25-06-15-00,1,1,0
2015-10-25-06-30-00,1,0,1
2015-10-25-06-45-00,0,0,0
2015-10-25-07-00-00,2,1,1
2015-10-25-07-15-00,3,0,3
2015-10-25-07-30-00,6,3,3
2015-10-25-07-45-00,6,4,2
2015-10-25-08-00-00,8,5,3
2015-10-25-08-15-00,4,2,2
2015-10-25-08-30-00,10,7,3
2015-10-25-08-45-00,11,6,5
2015-10-25-09-00-00,11,5,6
2015-10-25-09-15-00,15,3,12
2015-10-25-09-30-00,17,4,13
2015-10-25-09-45-00,13,10,3
2015-10-25-10-00-00,27,10,17
2015-10-25-10-15-00,24,14,10
2015-10-25-10-30-00,15,8,7
2015-10-25-10-45-00,30,15,15
2015-10-25-11-00-00,34,15,19
2015-10-25-11-15-00,31,12,19
2015-10-25-11-30-00,19,6,13
2015-10-25-11-45-00,33,17,16
2015-10-25-12-00-00,50,12,38
2015-10-25-12-15-00,41,22,19
2015-10-25-12-30-00,29,8,21
2015-10-25-12-45-00,35,23,12
2015-10-25-13-00-00,49,16,33
2015-10-25-13-15-00,32,13,19
2015-10-25-13-30-00,33,17,16
2015-10-25-13-45-00,49,26,23
2015-10-25-14-00-00,32,9,23
2015-10-25-14-15-00,35,21,14
2015-10-25-14-30-00,48,20,28
2015-10-25-14-45-00,48,21,27
2015-10-25-15-00-00,33,19,14
2015-10-25-15-15-00,66,43,23
2015-10-25-15-30-00,40,25,15
2015-10-25-15-45-00,53,30,23
2015-10-25-16-00-00,32,17,15
2015-10-25-16-15-00,33,19,14
2015-10-25-16-30-00,29,19,10
2015-10-25-16-45-00,18,12,6
2015-10-25-17-00-00,25,16,9
2015-10-25-17-15-00,16,15,1
2015-10-25-17-30-00,7,7,0
2015-10-25-17-45-00,21,14,7
2015-10-25-18-00-00,14,11,3
2015-10-25-18-15-00,5,2,3
2015-10-25-18-30-00,6,3,3
2015-10-25-18-45-00,10,2,8
2015-10-25-19-00-00,3,1,2
2015-10-25-19-15-00,3,1,2
2015-10-25-19-30-00,6,2,4
2015-10-25-19-45-00,3,3,0
2015-10-25-20-00-00,3,0,3
2015-10-25-20-15-00,1,0,1
2015-10-25-20-30-00,1,1,0
2015-10-25-20-45-00,3,2,1
2015-10-25-21-00-00,3,1,2
2015-10-25-21-15-00,1,0,1
2015-10-25-21-30-00,2,1,1
2015-10-25-21-45-00,3,2,1
2015-10-25-22-00-00,0,0,0
2015-10-25-22-15-00,1,1,0
2015-10-25-22-30-00,0,0,0
2015-10-25-22-45-00,0,0,0
2015-10-25-23-00-00,0,0,0
2015-10-25-23-15-00,0,0,0
2015-10-25-23-30-00,2,0,2
2015-10-25-23-45-00,0,0,0
2015-10-26-00-00-00,1,1,0
2015-10-26-00-15-00,0,0,0
2015-10-26-00-30-00,0,0,0
2015-10-26-00-45-00,0,0,0
2015-10-26-01-00-00,1,0,1
2015-10-26-01-15-00,0,0,0
2015-10-26-01-30-00,0,0,0
2015-10-26-01-45-00,0,0,0
2015-10-26-02-00-00,0,0,0
2015-10-26-02-15-00,0,0,0
2015-10-26-02-30-00,0,0,0
2015-10-26-02-45-00,0,0,0
2015-10-26-03-00-00,0,0,0
2015-10-26-03-15-00,0,0,0
2015-10-26-03-30-00,0,0,0
2015-10-26-03-45-00,0,0,0
2015-10-26-04-00-00,0,0,0
2015-10-26-04-15-00,0,0,0
2015-10-26-04-30-00,1,0,1
2015-10-26-04-45-00,0,0,0
2015-10-26-05-00-00,0,0,0
2015-10-26-05-15-00,1,0,1
2015-10-26-05-30-00,2,2,0
2015-10-26-05-45-00,5,1,4
2015-10-26-06-00-00,4,2,2
2015-10-26-06-15-00,3,1,2
2015-10-26-06-30-00,7,3,4
2015-10-26-06-45-00,9,2,7
2015-10-26-07-00-00,20,10,10
2015-10-26-07-15-00,32,9,23
2015-10-26-07-30-00,53,21,32
2015-10-26-07-45-00,56,14,42
2015-10-26-08-00-00,46,10,36
2015-10-26-08-15-00,40,12,28
2015-10-26-08-30-00,42,8,34
2015-10-26-08-45-00,37,8,29
2015-10-26-09-00-00,30,7,23
2015-10-26-09-15-00,27,4,23
2015-10-26-09-30-00,25,11,14
2015-10-26-09-45-00,28,11,17
2015-10-26-10-00-00,14,4,10
2015-10-26-10-15-00,16,7,9
2015-10-26-10-30-00,17,7,10
2015-10-26-10-45-00,11,6,5
2015-10-26-11-00-00,25,17,8
2015-10-26-11-15-00,26,7,19
2015-10-26-11-30-00,15,6,9
2015-10-26-11-45-00,19,14,5
2015-10-26-12-00-00,21,9,12
2015-10-26-12-15-00,18,8,10
2015-10-26-12-30-00,35,16,19
2015-10-26-12-45-00,28,14,14
2015-10-26-13-00-00,25,10,15
2015-10-26-13-15-00,37,14,23
2015-10-26-13-30-00,32,22,10
2015-10-26-13-45-00,43,26,17
2015-10-26-14-00-00,41,20,21
2015-10-26-14-15-00,44,22,22
2015-10-26-14-30-00,46,21,25
2015-10-26-14-45-00,46,21,25
2015-10-26-15-00-00,52,26,26
2015-10-26-15-15-00,41,23,18
2015-10-26-15-30-00,64,34,30
2015-10-26-15-45-00,65,46,19
2015-10-26-16-00-00,59,27,32
2015-10-26-16-15-00,94,59,35
2015-10-26-16-30-00,58,36,22
2015-10-26-16-45-00,92,49,43
2015-10-26-17-00-00,94,61,33
2015-10-26-17-15-00,70,49,21
2015-10-26-17-30-00,53,37,16
2015-10-26-17-45-00,28,19,9
2015-10-26-18-00-00,35,24,11
2015-10-26-18-15-00,23,16,7
2015-10-26-18-30-00,24,16,8
2015-10-26-18-45-00,28,21,7
2015-10-26-19-00-00,12,5,7
2015-10-26-19-15-00,14,7,7
2015-10-26-19-30-00,14,10,4
2015-10-26-19-45-00,11,5,6
2015-10-26-20-00-00,6,4,2
2015-10-26-20-15-00,6,3,3
2015-10-26-20-30-00,3,1,2
2015-10-26-20-45-00,4,1,3
2015-10-26-21-00-00,3,3,0
2015-10-26-21-15-00,0,0,0
2015-10-26-21-30-00,4,2,2
2015-10-26-21-45-00,2,1,1
2015-10-26-22-00-00,1,1,0
2015-10-26-22-15-00,0,0,0
2015-10-26-22-30-00,0,0,0
2015-10-26-22-45-00,1,0,1
2015-10-26-23-00-00,0,0,0
2015-10-26-23-15-00,0,0,0
2015-10-26-23-30-00,1,0,1
2015-10-26-23-45-00,1,1,0
2015-10-27-00-00-00,0,0,0
2015-10-27-00-15-00,0,0,0
2015-10-27-00-30-00,0,0,0
2015-10-27-00-45-00,0,0,0
2015-10-27-01-00-00,0,0,0
2015-10-27-01-15-00,0,0,0
2015-10-27-01-30-00,0,0,0
2015-10-27-01-45-00,0,0,0
2015-10-27-02-00-00,0,0,0
2015-10-27-02-15-00,0,0,0
2015-10-27-02-30-00,0,0,0
2015-10-27-02-45-00,0,0,0
2015-10-27-03-00-00,0,0,0
2015-10-27-03-15-00,1,1,0
2015-10-27-03-30-00,0,0,0
2015-10-27-03-45-00,0,0,0
2015-10-27-04-00-00,0,0,0
2015-10-27-04-15-00,0,0,0
2015-10-27-04-30-00,1,0,1
2015-10-27-04-45-00,0,0,0
2015-10-27-05-00-00,0,0,0
2015-10-27-05-15-00,0,0,0
2015-10-27-05-30-00,0,0,0
2015-10-27-05-45-00,4,1,3
2015-10-27-06-00-00,5,1,4
2015-10-27-06-15-00,5,3,2
2015-10-27-06-30-00,11,6,5
2015-10-27-06-45-00,21,10,11
2015-10-27-07-00-00,19,6,13
2015-10-27-07-15-00,42,15,27
2015-10-27-07-30-00,51,15,36
2015-10-27-07-45-00,55,20,35
2015-10-27-08-00-00,57,12,45
2015-10-27-08-15-00,67,15,52
2015-10-27-08-30-00,53,10,43
2015-10-27-08-45-00,50,8,42
2015-10-27-09-00-00,32,11,21
2015-10-27-09-15-00,24,5,19
2015-10-27-09-30-00,22,9,13
2015-10-27-09-45-00,17,7,10
2015-10-27-10-00-00,14,6,8
2015-10-27-10-15-00,49,10,39
2015-10-27-10-30-00,17,9,8
2015-10-27-10-45-00,39,10,29
2015-10-27-11-00-00,30,14,16
2015-10-27-11-15-00,31,14,17
2015-10-27-11-30-00,30,11,19
2015-10-27-11-45-00,40,14,26
2015-10-27-12-00-00,41,23,18
2015-10-27-12-15-00,49,19,30
2015-10-27-12-30-00,26,14,12
2015-10-27-12-45-00,31,13,18
2015-10-27-13-00-00,53,23,30
2015-10-27-13-15-00,44,24,20
2015-10-27-13-30-00,57,24,33
2015-10-27-13-45-00,47,30,17
2015-10-27-14-00-00,46,17,29
2015-10-27-14-15-00,59,29,30
2015-10-27-14-30-00,46,28,18
2015-10-27-14-45-00,64,28,36
2015-10-27-15-00-00,80,46,34
2015-10-27-15-15-00,74,49,25
2015-10-27-15-30-00,69,43,26
2015-10-27-15-45-00,76,48,28
2015-10-27-16-00-00,91,62,29
2015-10-27-16-15-00,99,60,39
2015-10-27-16-30-00,79,55,24
2015-10-27-16-45-00,77,49,28
2015-10-27-17-00-00,83,56,27
2015-10-27-17-15-00,67,45,22
2015-10-27-17-30-00,52,35,17
2015-10-27-17-45-00,35,26,9
2015-10-27-18-00-00,30,25,5
2015-10-27-18-15-00,32,19,13
2015-10-27-18-30-00,26,18,8
2015-10-27-18-45-00,18,11,7
2015-10-27-19-00-00,21,16,5
2015-10-27-19-15-00,14,9,5
2015-10-27-19-30-00,11,9,2
2015-10-27-19-45-00,4,1,3
2015-10-27-20-00-00,7,4,3
2015-10-27-20-15-00,16,9,7
2015-10-27-20-30-00,6,3,3
2015-10-27-20-45-00,4,1,3
2015-10-27-21-00-00,5,3,2
2015-10-27-21-15-00,5,3,2
2015-10-27-21-30-00,0,0,0
2015-10-27-21-45-00,3,0,3
2015-10-27-22-00-00,2,1,1
2015-10-27-22-15-00,0,0,0
2015-10-27-22-30-00,0,0,0
2015-10-27-22-45-00,1,1,0
2015-10-27-23-00-00,2,2,0
2015-10-27-23-15-00,1,1,0
2015-10-27-23-30-00,0,0,0
2015-10-27-23-45-00,2,2,0
2015-10-28-00-00-00,0,0,0
2015-10-28-00-15-00,1,1,0
2015-10-28-00-30-00,0,0,0
2015-10-28-00-45-00,0,0,0
2015-10-28-01-00-00,3,3,0
2015-10-28-01-15-00,1,1,0
2015-10-28-01-30-00,0,0,0
2015-10-28-01-45-00,0,0,0
2015-10-28-02-00-00,0,0,0
2015-10-28-02-15-00,0,0,0
2015-10-28-02-30-00,1,0,1
2015-10-28-02-45-00,0,0,0
2015-10-28-03-00-00,0,0,0
2015-10-28-03-15-00,0,0,0
2015-10-28-03-30-00,0,0,0
2015-10-28-03-45-00,0,0,0
2015-10-28-04-00-00,0,0,0
2015-10-28-04-15-00,0,0,0
2015-10-28-04-30-00,0,0,0
2015-10-28-04-45-00,0,0,0
2015-10-28-05-00-00,0,0,0
2015-10-28-05-15-00,0,0,0
2015-10-28-05-30-00,1,1,0
2015-10-28-05-45-00,0,0,0
2015-10-28-06-00-00,8,1,7
2015-10-28-06-15-00,5,1,4
2015-10-28-06-30-00,12,2,10
2015-10-28-06-45-00,13,6,7
2015-10-28-07-00-00,18,5,13
2015-10-28-07-15-00,44,20,24
2015-10-28-07-30-00,47,13,34
2015-10-28-07-45-00,54,14,40
2015-10-28-08-00-00,39,5,34
2015-10-28-08-15-00,43,10,33
2015-10-28-08-30-00,51,12,39
2015-10-28-08-45-00,40,4,36
2015-10-28-09-00-00,17,3,14
2015-10-28-09-15-00,18,7,11
2015-10-28-09-30-00,10,2,8
2015-10-28-09-45-00,8,3,5
2015-10-28-10-00-00,12,3,9
2015-10-28-10-15-00,10,3,7
2015-10-28-10-30-00,12,0,12
2015-10-28-10-45-00,10,3,7
2015-10-28-11-00-00,13,5,8
2015-10-28-11-15-00,8,3,5
2015-10-28-11-30-00,13,10,3
2015-10-28-11-45-00,9,5,4
2015-10-28-12-00-00,11,2,9
2015-10-28-12-15-00,15,10,5
2015-10-28-12-30-00,19,11,8
2015-10-28-12-45-00,15,10,5
2015-10-28-13-00-00,17,12,5
2015-10-28-13-15-00,24,13,11
2015-10-28-13-30-00,13,7,6
2015-10-28-13-45-00,12,8,4
2015-10-28-14-00-00,11,9,2
2015-10-28-14-15-00,12,7,5
2015-10-28-14-30-00,12,11,1
2015-10-28-14-45-00,13,8,5
2015-10-28-15-00-00,12,6,6
2015-10-28-15-15-00,24,14,10
2015-10-28-15-30-00,23,9,14
2015-10-28-15-45-00,20,17,3
2015-10-28-16-00-00,24,16,8
2015-10-28-16-15-00,46,31,15
2015-10-28-16-30-00,41,26,15
2015-10-28-16-45-00,40,21,19
2015-10-28-17-00-00,40,29,11
2015-10-28-17-15-00,48,36,12
2015-10-28-17-30-00,45,33,12
2015-10-28-17-45-00,42,29,13
2015-10-28-18-00-00,31,21,10
2015-10-28-18-15-00,23,17,6
2015-10-28-18-30-00,23,20,3
2015-10-28-18-45-00,15,10,5
2015-10-28-19-00-00,13,8,5
2015-10-28-19-15-00,16,12,4
2015-10-28-19-30-00,11,10,1
2015-10-28-19-45-00,12,6,6
2015-10-28-20-00-00,6,2,4
2015-10-28-20-15-00,8,5,3
2015-10-28-20-30-00,11,5,6
2015-10-28-20-45-00,4,3,1
2015-10-28-21-00-00,4,2,2
2015-10-28-21-15-00,5,2,3
2015-10-28-21-30-00,2,2,0
2015-10-28-21-45-00,4,3,1
2015-10-28-22-00-00,3,2,1
2015-10-28-22-15-00,1,1,0
2015-10-28-22-30-00,2,1,1
2015-10-28-22-45-00,0,0,0
2015-10-28-23-00-00,3,3,0
2015-10-28-23-15-00,1,0,1
2015-10-28-23-30-00,0,0,0
2015-10-28-23-45-00,0,0,0
2015-10-29-00-00-00,0,0,0
2015-10-29-00-15-00,1,1,0
2015-10-29-00-30-00,1,0,1
2015-10-29-00-45-00,0,0,0
2015-10-29-01-00-00,0,0,0
2015-10-29-01-15-00,0,0,0
2015-10-29-01-30-00,0,0,0
2015-10-29-01-45-00,0,0,0
2015-10-29-02-00-00,0,0,0
2015-10-29-02-15-00,0,0,0
2015-10-29-02-30-00,0,0,0
2015-10-29-02-45-00,0,0,0
2015-10-29-03-00-00,0,0,0
2015-10-29-03-15-00,0,0,0
2015-10-29-03-30-00,0,0,0
2015-10-29-03-45-00,0,0,0
2015-10-29-04-00-00,1,0,1
2015-10-29-04-15-00,0,0,0
2015-10-29-04-30-00,1,0,1
2015-10-29-04-45-00,0,0,0
2015-10-29-05-00-00,0,0,0
2015-10-29-05-15-00,0,0,0
2015-10-29-05-30-00,0,0,0
2015-10-29-05-45-00,2,0,2
2015-10-29-06-00-00,6,2,4
2015-10-29-06-15-00,7,1,6
2015-10-29-06-30-00,11,4,7
2015-10-29-06-45-00,10,2,8
2015-10-29-07-00-00,13,3,10
2015-10-29-07-15-00,36,18,18
2015-10-29-07-30-00,39,14,25
2015-10-29-07-45-00,55,16,39
2015-10-29-08-00-00,43,9,34
2015-10-29-08-15-00,49,13,36
2015-10-29-08-30-00,41,7,34
2015-10-29-08-45-00,43,12,31
2015-10-29-09-00-00,27,2,25
2015-10-29-09-15-00,54,5,49
2015-10-29-09-30-00,17,6,11
2015-10-29-09-45-00,19,9,10
2015-10-29-10-00-00,17,6,11
2015-10-29-10-15-00,14,4,10
2015-10-29-10-30-00,48,37,11
2015-10-29-10-45-00,11,7,4
2015-10-29-11-00-00,16,9,7
2015-10-29-11-15-00,14,3,11
2015-10-29-11-30-00,21,7,14
2015-10-29-11-45-00,18,6,12
2015-10-29-12-00-00,18,4,14
2015-10-29-12-15-00,12,6,6
2015-10-29-12-30-00,19,7,12
2015-10-29-12-45-00,29,12,17
2015-10-29-13-00-00,24,14,10
2015-10-29-13-15-00,46,30,16
2015-10-29-13-30-00,24,14,10
2015-10-29-13-45-00,31,14,17
2015-10-29-14-00-00,38,19,19
2015-10-29-14-15-00,34,13,21
2015-10-29-14-30-00,51,35,16
2015-10-29-14-45-00,47,27,20
2015-10-29-15-00-00,54,31,23
2015-10-29-15-15-00,49,29,20
2015-10-29-15-30-00,57,27,30
2015-10-29-15-45-00,73,49,24
2015-10-29-16-00-00,70,39,31
2015-10-29-16-15-00,71,44,27
2015-10-29-16-30-00,56,28,28
2015-10-29-16-45-00,66,43,23
2015-10-29-17-00-00,73,58,15
2015-10-29-17-15-00,41,24,17
2015-10-29-17-30-00,51,35,16
2015-10-29-17-45-00,42,27,15
2015-10-29-18-00-00,35,24,11
2015-10-29-18-15-00,29,24,5
2015-10-29-18-30-00,20,14,6
2015-10-29-18-45-00,22,15,7
2015-10-29-19-00-00,10,5,5
2015-10-29-19-15-00,8,4,4
2015-10-29-19-30-00,13,6,7
2015-10-29-19-45-00,9,2,7
2015-10-29-20-00-00,6,4,2
2015-10-29-20-15-00,11,8,3
2015-10-29-20-30-00,3,1,2
2015-10-29-20-45-00,7,5,2
2015-10-29-21-00-00,3,2,1
2015-10-29-21-15-00,4,2,2
2015-10-29-21-30-00,2,2,0
2015-10-29-21-45-00,4,4,0
2015-10-29-22-00-00,3,3,0
2015-10-29-22-15-00,2,0,2
2015-10-29-22-30-00,4,2,2
2015-10-29-22-45-00,2,0,2
2015-10-29-23-00-00,1,1,0
2015-10-29-23-15-00,1,1,0
2015-10-29-23-30-00,1,1,0
2015-10-29-23-45-00,0,0,0
2015-10-30-00-00-00,0,0,0
2015-10-30-00-15-00,0,0,0
2015-10-30-00-30-00,0,0,0
2015-10-30-00-45-00,1,0,1
2015-10-30-01-00-00,0,0,0
2015-10-30-01-15-00,0,0,0
2015-10-30-01-30-00,0,0,0
2015-10-30-01-45-00,0,0,0
2015-10-30-02-00-00,0,0,0
2015-10-30-02-15-00,0,0,0
2015-10-30-02-30-00,0,0,0
2015-10-30-02-45-00,1,1,0
2015-10-30-03-00-00,0,0,0
2015-10-30-03-15-00,0,0,0
2015-10-30-03-30-00,0,0,0
2015-10-30-03-45-00,0,0,0
2015-10-30-04-00-00,0,0,0
2015-10-30-04-15-00,0,0,0
2015-10-30-04-30-00,0,0,0
2015-10-30-04-45-00,0,0,0
2015-10-30-05-00-00,0,0,0
2015-10-30-05-15-00,0,0,0
2015-10-30-05-30-00,0,0,0
2015-10-30-05-45-00,0,0,0
2015-10-30-06-00-00,3,0,3
2015-10-30-06-15-00,6,3,3
2015-10-30-06-30-00,7,1,6
2015-10-30-06-45-00,12,4,8
2015-10-30-07-00-00,14,7,7
2015-10-30-07-15-00,29,8,21
2015-10-30-07-30-00,42,16,26
2015-10-30-07-45-00,45,15,30
2015-10-30-08-00-00,46,6,40
2015-10-30-08-15-00,39,8,31
2015-10-30-08-30-00,38,4,34
2015-10-30-08-45-00,32,5,27
2015-10-30-09-00-00,21,4,17
2015-10-30-09-15-00,16,5,11
2015-10-30-09-30-00,11,2,9
2015-10-30-09-45-00,10,2,8
2015-10-30-10-00-00,14,5,9
2015-10-30-10-15-00,12,4,8
2015-10-30-10-30-00,13,7,6
2015-10-30-10-45-00,20,5,15
2015-10-30-11-00-00,21,11,10
2015-10-30-11-15-00,15,6,9
2015-10-30-11-30-00,14,7,7
2015-10-30-11-45-00,18,10,8
2015-10-30-12-00-00,14,9,5
2015-10-30-12-15-00,27,17,10
2015-10-30-12-30-00,23,9,14
2015-10-30-12-45-00,21,11,10
2015-10-30-13-00-00,19,15,4
2015-10-30-13-15-00,24,12,12
2015-10-30-13-30-00,20,9,11
2015-10-30-13-45-00,24,14,10
2015-10-30-14-00-00,24,14,10
2015-10-30-14-15-00,36,22,14
2015-10-30-14-30-00,29,20,9
2015-10-30-14-45-00,29,19,10
2015-10-30-15-00-00,30,15,15
2015-10-30-15-15-00,45,31,14
2015-10-30-15-30-00,35,24,11
2015-10-30-15-45-00,35,23,12
2015-10-30-16-00-00,46,33,13
2015-10-30-16-15-00,36,23,13
2015-10-30-16-30-00,37,20,17
2015-10-30-16-45-00,44,31,13
2015-10-30-17-00-00,31,23,8
2015-10-30-17-15-00,31,18,13
2015-10-30-17-30-00,50,45,5
2015-10-30-17-45-00,25,20,5
2015-10-30-18-00-00,13,8,5
2015-10-30-18-15-00,20,15,5
2015-10-30-18-30-00,12,5,7
2015-10-30-18-45-00,11,5,6
2015-10-30-19-00-00,12,5,7
2015-10-30-19-15-00,9,6,3
2015-10-30-19-30-00,4,2,2
2015-10-30-19-45-00,5,2,3
2015-10-30-20-00-00,6,3,3
2015-10-30-20-15-00,5,1,4
2015-10-30-20-30-00,1,1,0
2015-10-30-20-45-00,4,1,3
2015-10-30-21-00-00,4,2,2
2015-10-30-21-15-00,5,1,4
2015-10-30-21-30-00,3,3,0
2015-10-30-21-45-00,5,3,2
2015-10-30-22-00-00,2,0,2
2015-10-30-22-15-00,3,3,0
2015-10-30-22-30-00,1,1,0
2015-10-30-22-45-00,2,1,1
2015-10-30-23-00-00,3,2,1
2015-10-30-23-15-00,2,1,1
2015-10-30-23-30-00,3,3,0
2015-10-30-23-45-00,3,3,0
2015-10-31-00-00-00,1,1,0
2015-10-31-00-15-00,1,0,1
2015-10-31-00-30-00,3,0,3
2015-10-31-00-45-00,0,0,0
2015-10-31-01-00-00,0,0,0
2015-10-31-01-15-00,0,0,0
2015-10-31-01-30-00,0,0,0
2015-10-31-01-45-00,0,0,0
2015-10-31-02-00-00,0,0,0
2015-10-31-02-15-00,0,0,0
2015-10-31-02-30-00,0,0,0
2015-10-31-02-45-00,0,0,0
2015-10-31-03-00-00,0,0,0
2015-10-31-03-15-00,0,0,0
2015-10-31-03-30-00,0,0,0
2015-10-31-03-45-00,0,0,0
2015-10-31-04-00-00,0,0,0
2015-10-31-04-15-00,0,0,0
2015-10-31-04-30-00,0,0,0
2015-10-31-04-45-00,0,0,0
2015-10-31-05-00-00,0,0,0
2015-10-31-05-15-00,1,0,1
2015-10-31-05-30-00,0,0,0
2015-10-31-05-45-00,1,0,1
2015-10-31-06-00-00,2,2,0
2015-10-31-06-15-00,0,0,0
2015-10-31-06-30-00,0,0,0
2015-10-31-06-45-00,0,0,0
2015-10-31-07-00-00,0,0,0
2015-10-31-07-15-00,3,0,3
2015-10-31-07-30-00,3,2,1
2015-10-31-07-45-00,1,0,1
2015-10-31-08-00-00,6,1,5
2015-10-31-08-15-00,8,6,2
2015-10-31-08-30-00,12,4,8
2015-10-31-08-45-00,13,6,7
2015-10-31-09-00-00,4,2,2
2015-10-31-09-15-00,10,7,3
2015-10-31-09-30-00,13,4,9
2015-10-31-09-45-00,15,10,5
2015-10-31-10-00-00,8,3,5
2015-10-31-10-15-00,12,9,3
2015-10-31-10-30-00,19,8,11
2015-10-31-10-45-00,18,7,11
2015-10-31-11-00-00,21,12,9
2015-10-31-11-15-00,27,14,13
2015-10-31-11-30-00,28,15,13
2015-10-31-11-45-00,27,16,11
2015-10-31-12-00-00,34,19,15
2015-10-31-12-15-00,24,16,8
2015-10-31-12-30-00,23,14,9
2015-10-31-12-45-00,21,3,18
2015-10-31-13-00-00,25,18,7
2015-10-31-13-15-00,24,11,13
2015-10-31-13-30-00,30,15,15
2015-10-31-13-45-00,28,14,14
2015-10-31-14-00-00,34,14,20
2015-10-31-14-15-00,21,12,9
2015-10-31-14-30-00,28,9,19
2015-10-31-14-45-00,23,9,14
2015-10-31-15-00-00,33,20,13
2015-10-31-15-15-00,44,29,15
2015-10-31-15-30-00,36,14,22
2015-10-31-15-45-00,24,16,8
2015-10-31-16-00-00,22,13,9
2015-10-31-16-15-00,22,8,14
2015-10-31-16-30-00,17,10,7
2015-10-31-16-45-00,31,20,11
2015-10-31-17-00-00,13,9,4
2015-10-31-17-15-00,23,8,15
2015-10-31-17-30-00,19,12,7
2015-10-31-17-45-00,15,10,5
2015-10-31-18-00-00,4,3,1
2015-10-31-18-15-00,7,6,1
2015-10-31-18-30-00,4,3,1
2015-10-31-18-45-00,5,4,1
2015-10-31-19-00-00,6,1,5
2015-10-31-19-15-00,1,0,1
2015-10-31-19-30-00,8,5,3
2015-10-31-19-45-00,7,2,5
2015-10-31-20-00-00,4,3,1
2015-10-31-20-15-00,6,0,6
2015-10-31-20-30-00,0,0,0
2015-10-31-20-45-00,4,2,2
2015-10-31-21-00-00,0,0,0
2015-10-31-21-15-00,1,1,0
2015-10-31-21-30-00,3,3,0
2015-10-31-21-45-00,3,0,3
2015-10-31-22-00-00,3,0,3
2015-10-31-22-15-00,1,0,1
2015-10-31-22-30-00,1,0,1
2015-10-31-22-45-00,1,0,1
2015-10-31-23-00-00,2,2,0
2015-10-31-23-15-00,1,0,1
2015-10-31-23-30-00,0,0,0
2015-10-31-23-45-00,1,0,1
2015-11-01-00-00-00,2,2,0
2015-11-01-00-15-00,1,1,0
2015-11-01-00-30-00,6,6,0
2015-11-01-00-45-00,1,0,1
2015-11-01-01-00-00,0,0,0
2015-11-01-01-15-00,1,1,0
2015-11-01-01-30-00,0,0,0
2015-11-01-01-45-00,0,0,0
2015-11-01-02-00-00,1,1,0
2015-11-01-02-15-00,0,0,0
2015-11-01-02-30-00,5,4,1
2015-11-01-02-45-00,4,4,0
2015-11-01-03-00-00,1,0,1
2015-11-01-03-15-00,1,0,1
2015-11-01-03-30-00,0,0,0
2015-11-01-03-45-00,2,0,2
2015-11-01-04-00-00,0,0,0
2015-11-01-04-15-00,1,0,1
2015-11-01-04-30-00,2,0,2
2015-11-01-04-45-00,2,2,0
2015-11-01-05-00-00,0,0,0
2015-11-01-05-15-00,0,0,0
2015-11-01-05-30-00,0,0,0
2015-11-01-05-45-00,0,0,0
2015-11-01-06-00-00,0,0,0
2015-11-01-06-15-00,2,0,2
2015-11-01-06-30-00,2,2,0
2015-11-01-06-45-00,1,0,1
2015-11-01-07-00-00,1,0,1
2015-11-01-07-15-00,1,0,1
2015-11-01-07-30-00,1,0,1
2015-11-01-07-45-00,2,1,1
2015-11-01-08-00-00,0,0,0
2015-11-01-08-15-00,6,3,3
2015-11-01-08-30-00,2,1,1
2015-11-01-08-45-00,6,2,4
2015-11-01-09-00-00,12,4,8
2015-11-01-09-15-00,10,7,3
2015-11-01-09-30-00,13,3,10
2015-11-01-09-45-00,17,9,8
2015-11-01-10-00-00,17,6,11
2015-11-01-10-15-00,19,7,12
2015-11-01-10-30-00,21,14,7
2015-11-01-10-45-00,19,12,7
2015-11-01-11-00-00,27,13,14
2015-11-01-11-15-00,29,7,22
2015-11-01-11-30-00,34,19,15
2015-11-01-11-45-00,29,15,14
2015-11-01-12-00-00,54,21,33
2015-11-01-12-15-00,51,21,30
2015-11-01-12-30-00,57,20,37
2015-11-01-12-45-00,65,30,35
2015-11-01-13-00-00,74,34,40
2015-11-01-13-15-00,71,37,34
2015-11-01-13-30-00,87,35,52
2015-11-01-13-45-00,92,42,50
2015-11-01-14-00-00,85,43,42
2015-11-01-14-15-00,124,57,67
2015-11-01-14-30-00,124,64,60
2015-11-01-14-45-00,115,55,60
2015-11-01-15-00-00,118,62,56
2015-11-01-15-15-00,130,69,61
2015-11-01-15-30-00,111,55,56
2015-11-01-15-45-00,113,45,68
2015-11-01-16-00-00,110,70,40
2015-11-01-16-15-00,141,80,61
2015-11-01-16-30-00,82,43,39
2015-11-01-16-45-00,107,78,29
2015-11-01-17-00-00,48,34,14
2015-11-01-17-15-00,54,42,12
2015-11-01-17-30-00,31,17,14
2015-11-01-17-45-00,26,18,8
2015-11-01-18-00-00,16,9,7
2015-11-01-18-15-00,5,2,3
2015-11-01-18-30-00,7,5,2
2015-11-01-18-45-00,6,4,2
2015-11-01-19-00-00,5,2,3
2015-11-01-19-15-00,7,3,4
2015-11-01-19-30-00,2,1,1
2015-11-01-19-45-00,3,3,0
2015-11-01-20-00-00,0,0,0
2015-11-01-20-15-00,0,0,0
2015-11-01-20-30-00,4,2,2
2015-11-01-20-45-00,2,1,1
2015-11-01-21-00-00,3,3,0
2015-11-01-21-15-00,0,0,0
2015-11-01-21-30-00,1,1,0
2015-11-01-21-45-00,2,0,2
2015-11-01-22-00-00,0,0,0
2015-11-01-22-15-00,0,0,0
2015-11-01-22-30-00,0,0,0
2015-11-01-22-45-00,0,0,0
2015-11-01-23-00-00,0,0,0
2015-11-01-23-15-00,0,0,0
2015-11-01-23-30-00,0,0,0
2015-11-01-23-45-00,0,0,0
2015-11-02-00-00-00,0,0,0
2015-11-02-00-15-00,0,0,0
2015-11-02-00-30-00,1,1,0
2015-11-02-00-45-00,0,0,0
2015-11-02-01-00-00,0,0,0
2015-11-02-01-15-00,0,0,0
2015-11-02-01-30-00,0,0,0
2015-11-02-01-45-00,0,0,0
2015-11-02-02-00-00,0,0,0
2015-11-02-02-15-00,0,0,0
2015-11-02-02-30-00,0,0,0
2015-11-02-02-45-00,0,0,0
2015-11-02-03-00-00,0,0,0
2015-11-02-03-15-00,0,0,0
2015-11-02-03-30-00,0,0,0
2015-11-02-03-45-00,0,0,0
2015-11-02-04-00-00,0,0,0
2015-11-02-04-15-00,0,0,0
2015-11-02-04-30-00,0,0,0
2015-11-02-04-45-00,0,0,0
2015-11-02-05-00-00,0,0,0
2015-11-02-05-15-00,0,0,0
2015-11-02-05-30-00,0,0,0
2015-11-02-05-45-00,3,0,3
2015-11-02-06-00-00,4,2,2
2015-11-02-06-15-00,5,2,3
2015-11-02-06-30-00,5,0,5
2015-11-02-06-45-00,10,6,4
2015-11-02-07-00-00,17,7,10
2015-11-02-07-15-00,39,12,27
2015-11-02-07-30-00,40,18,22
2015-11-02-07-45-00,48,11,37
2015-11-02-08-00-00,44,8,36
2015-11-02-08-15-00,45,11,34
2015-11-02-08-30-00,40,7,33
2015-11-02-08-45-00,55,9,46
2015-11-02-09-00-00,32,7,25
2015-11-02-09-15-00,17,4,13
2015-11-02-09-30-00,13,6,7
2015-11-02-09-45-00,17,8,9
2015-11-02-10-00-00,14,5,9
2015-11-02-10-15-00,8,4,4
2015-11-02-10-30-00,21,15,6
2015-11-02-10-45-00,10,5,5
2015-11-02-11-00-00,22,10,12
2015-11-02-11-15-00,21,16,5
2015-11-02-11-30-00,24,12,12
2015-11-02-11-45-00,32,16,16
2015-11-02-12-00-00,24,10,14
2015-11-02-12-15-00,34,8,26
2015-11-02-12-30-00,30,13,17
2015-11-02-12-45-00,22,12,10
2015-11-02-13-00-00,43,25,18
2015-11-02-13-15-00,40,16,24
2015-11-02-13-30-00,36,15,21
2015-11-02-13-45-00,24,16,8
2015-11-02-14-00-00,41,20,21
2015-11-02-14-15-00,45,28,17
2015-11-02-14-30-00,53,30,23
2015-11-02-14-45-00,40,22,18
2015-11-02-15-00-00,53,31,22
2015-11-02-15-15-00,45,26,19
2015-11-02-15-30-00,63,33,30
2015-11-02-15-45-00,50,22,28
2015-11-02-16-00-00,62,41,21
2015-11-02-16-15-00,76,51,25
2015-11-02-16-30-00,73,39,34
2015-11-02-16-45-00,60,41,19
2015-11-02-17-00-00,45,32,13
2015-11-02-17-15-00,60,47,13
2015-11-02-17-30-00,34,23,11
2015-11-02-17-45-00,34,31,3
2015-11-02-18-00-00,23,16,7
2015-11-02-18-15-00,26,19,7
2015-11-02-18-30-00,22,13,9
2015-11-02-18-45-00,12,8,4
2015-11-02-19-00-00,8,5,3
2015-11-02-19-15-00,19,12,7
2015-11-02-19-30-00,15,12,3
2015-11-02-19-45-00,5,3,2
2015-11-02-20-00-00,3,3,0
2015-11-02-20-15-00,3,2,1
2015-11-02-20-30-00,5,4,1
2015-11-02-20-45-00,0,0,0
2015-11-02-21-00-00,4,4,0
2015-11-02-21-15-00,2,1,1
2015-11-02-21-30-00,3,2,1
2015-11-02-21-45-00,1,1,0
2015-11-02-22-00-00,1,1,0
2015-11-02-22-15-00,1,1,0
2015-11-02-22-30-00,1,0,1
2015-11-02-22-45-00,0,0,0
2015-11-02-23-00-00,0,0,0
2015-11-02-23-15-00,0,0,0
2015-11-02-23-30-00,1,1,0
2015-11-02-23-45-00,0,0,0
2015-11-03-00-00-00,0,0,0
2015-11-03-00-15-00,0,0,0
2015-11-03-00-30-00,0,0,0
2015-11-03-00-45-00,0,0,0
2015-11-03-01-00-00,0,0,0
2015-11-03-01-15-00,0,0,0
2015-11-03-01-30-00,0,0,0
2015-11-03-01-45-00,0,0,0
2015-11-03-02-00-00,0,0,0
2015-11-03-02-15-00,0,0,0
2015-11-03-02-30-00,0,0,0
2015-11-03-02-45-00,0,0,0
2015-11-03-03-00-00,0,0,0
2015-11-03-03-15-00,0,0,0
2015-11-03-03-30-00,0,0,0
2015-11-03-03-45-00,0,0,0
2015-11-03-04-00-00,0,0,0
2015-11-03-04-15-00,0,0,0
2015-11-03-04-30-00,0,0,0
2015-11-03-04-45-00,0,0,0
2015-11-03-05-00-00,0,0,0
2015-11-03-05-15-00,0,0,0
2015-11-03-05-30-00,0,0,0
2015-11-03-05-45-00,3,0,3
2015-11-03-06-00-00,4,0,4
2015-11-03-06-15-00,5,1,4
2015-11-03-06-30-00,5,3,2
2015-11-03-06-45-00,12,4,8
2015-11-03-07-00-00,16,9,7
2015-11-03-07-15-00,27,10,17
2015-11-03-07-30-00,42,13,29
2015-11-03-07-45-00,71,17,54
2015-11-03-08-00-00,48,12,36
2015-11-03-08-15-00,51,17,34
2015-11-03-08-30-00,53,18,35
2015-11-03-08-45-00,60,9,51
2015-11-03-09-00-00,21,1,20
2015-11-03-09-15-00,21,5,16
2015-11-03-09-30-00,9,4,5
2015-11-03-09-45-00,21,7,14
2015-11-03-10-00-00,14,8,6
2015-11-03-10-15-00,7,2,5
2015-11-03-10-30-00,11,3,8
2015-11-03-10-45-00,15,7,8
2015-11-03-11-00-00,15,8,7
2015-11-03-11-15-00,14,8,6
2015-11-03-11-30-00,19,8,11
2015-11-03-11-45-00,26,16,10
2015-11-03-12-00-00,16,9,7
2015-11-03-12-15-00,20,6,14
2015-11-03-12-30-00,16,11,5
2015-11-03-12-45-00,21,10,11
2015-11-03-13-00-00,25,13,12
2015-11-03-13-15-00,31,14,17
2015-11-03-13-30-00,22,8,14
2015-11-03-13-45-00,21,16,5
2015-11-03-14-00-00,43,16,27
2015-11-03-14-15-00,41,18,23
2015-11-03-14-30-00,40,28,12
2015-11-03-14-45-00,35,16,19
2015-11-03-15-00-00,48,24,24
2015-11-03-15-15-00,43,30,13
2015-11-03-15-30-00,48,29,19
2015-11-03-15-45-00,42,26,16
2015-11-03-16-00-00,51,32,19
2015-11-03-16-15-00,34,23,11
2015-11-03-16-30-00,60,34,26
2015-11-03-16-45-00,54,42,12
2015-11-03-17-00-00,55,47,8
2015-11-03-17-15-00,56,39,17
2015-11-03-17-30-00,48,36,12
2015-11-03-17-45-00,37,28,9
2015-11-03-18-00-00,35,25,10
2015-11-03-18-15-00,23,15,8
2015-11-03-18-30-00,19,13,6
2015-11-03-18-45-00,24,17,7
2015-11-03-19-00-00,12,6,6
2015-11-03-19-15-00,17,11,6
2015-11-03-19-30-00,7,5,2
2015-11-03-19-45-00,12,6,6
2015-11-03-20-00-00,5,4,1
2015-11-03-20-15-00,5,1,4
2015-11-03-20-30-00,9,5,4
2015-11-03-20-45-00,2,1,1
2015-11-03-21-00-00,3,3,0
2015-11-03-21-15-00,4,4,0
2015-11-03-21-30-00,4,1,3
2015-11-03-21-45-00,6,2,4
2015-11-03-22-00-00,2,1,1
2015-11-03-22-15-00,1,0,1
2015-11-03-22-30-00,0,0,0
2015-11-03-22-45-00,0,0,0
2015-11-03-23-00-00,0,0,0
2015-11-03-23-15-00,0,0,0
2015-11-03-23-30-00,3,0,3
2015-11-03-23-45-00,1,1,0
2015-11-04-00-00-00,0,0,0
2015-11-04-00-15-00,0,0,0
2015-11-04-00-30-00,1,0,1
2015-11-04-00-45-00,0,0,0
2015-11-04-01-00-00,0,0,0
2015-11-04-01-15-00,0,0,0
2015-11-04-01-30-00,1,0,1
2015-11-04-01-45-00,0,0,0
2015-11-04-02-00-00,0,0,0
2015-11-04-02-15-00,0,0,0
2015-11-04-02-30-00,0,0,0
2015-11-04-02-45-00,0,0,0
2015-11-04-03-00-00,0,0,0
2015-11-04-03-15-00,0,0,0
2015-11-04-03-30-00,0,0,0
2015-11-04-03-45-00,0,0,0
2015-11-04-04-00-00,0,0,0
2015-11-04-04-15-00,0,0,0
2015-11-04-04-30-00,1,0,1
2015-11-04-04-45-00,0,0,0
2015-11-04-05-00-00,0,0,0
2015-11-04-05-15-00,0,0,0
2015-11-04-05-30-00,0,0,0
2015-11-04-05-45-00,5,0,5
2015-11-04-06-00-00,3,2,1
2015-11-04-06-15-00,3,0,3
2015-11-04-06-30-00,6,1,5
2015-11-04-06-45-00,14,5,9
2015-11-04-07-00-00,10,4,6
2015-11-04-07-15-00,33,13,20
2015-11-04-07-30-00,32,16,16
2015-11-04-07-45-00,47,10,37
2015-11-04-08-00-00,54,11,43
2015-11-04-08-15-00,49,8,41
2015-11-04-08-30-00,44,15,29
2015-11-04-08-45-00,53,8,45
2015-11-04-09-00-00,25,8,17
2015-11-04-09-15-00,12,3,9
2015-11-04-09-30-00,10,3,7
2015-11-04-09-45-00,12,4,8
2015-11-04-10-00-00,11,6,5
2015-11-04-10-15-00,14,6,8
2015-11-04-10-30-00,14,5,9
2015-11-04-10-45-00,13,7,6
2015-11-04-11-00-00,20,9,11
2015-11-04-11-15-00,18,9,9
2015-11-04-11-30-00,24,8,16
2015-11-04-11-45-00,7,5,2
2015-11-04-12-00-00,13,5,8
2015-11-04-12-15-00,17,7,10
2015-11-04-12-30-00,20,12,8
2015-11-04-12-45-00,15,6,9
2015-11-04-13-00-00,24,14,10
2015-11-04-13-15-00,21,7,14
2015-11-04-13-30-00,21,11,10
2015-11-04-13-45-00,17,12,5
2015-11-04-14-00-00,23,14,9
2015-11-04-14-15-00,20,15,5
2015-11-04-14-30-00,26,16,10
2015-11-04-14-45-00,19,7,12
2015-11-04-15-00-00,18,9,9
2015-11-04-15-15-00,32,17,15
2015-11-04-15-30-00,37,27,10
2015-11-04-15-45-00,35,15,20
2015-11-04-16-00-00,26,19,7
2015-11-04-16-15-00,38,32,6
2015-11-04-16-30-00,43,26,17
2015-11-04-16-45-00,39,24,15
2015-11-04-17-00-00,48,36,12
2015-11-04-17-15-00,39,30,9
2015-11-04-17-30-00,44,27,17
2015-11-04-17-45-00,38,28,10
2015-11-04-18-00-00,24,13,11
2015-11-04-18-15-00,16,12,4
2015-11-04-18-30-00,21,15,6
2015-11-04-18-45-00,21,18,3
2015-11-04-19-00-00,20,11,9
2015-11-04-19-15-00,4,3,1
2015-11-04-19-30-00,16,10,6
2015-11-04-19-45-00,8,6,2
2015-11-04-20-00-00,5,3,2
2015-11-04-20-15-00,10,6,4
2015-11-04-20-30-00,5,1,4
2015-11-04-20-45-00,2,1,1
2015-11-04-21-00-00,5,3,2
2015-11-04-21-15-00,2,0,2
2015-11-04-21-30-00,5,4,1
2015-11-04-21-45-00,1,1,0
2015-11-04-22-00-00,4,3,1
2015-11-04-22-15-00,1,1,0
2015-11-04-22-30-00,2,0,2
2015-11-04-22-45-00,2,2,0
2015-11-04-23-00-00,4,4,0
2015-11-04-23-15-00,0,0,0
2015-11-04-23-30-00,0,0,0
2015-11-04-23-45-00,0,0,0
2015-11-05-00-00-00,0,0,0
2015-11-05-00-15-00,0,0,0
2015-11-05-00-30-00,0,0,0
2015-11-05-00-45-00,0,0,0
2015-11-05-01-00-00,0,0,0
2015-11-05-01-15-00,0,0,0
2015-11-05-01-30-00,0,0,0
2015-11-05-01-45-00,0,0,0
2015-11-05-02-00-00,0,0,0
2015-11-05-02-15-00,0,0,0
2015-11-05-02-30-00,0,0,0
2015-11-05-02-45-00,0,0,0
2015-11-05-03-00-00,0,0,0
2015-11-05-03-15-00,0,0,0
2015-11-05-03-30-00,0,0,0
2015-11-05-03-45-00,0,0,0
2015-11-05-04-00-00,0,0,0
2015-11-05-04-15-00,0,0,0
2015-11-05-04-30-00,0,0,0
2015-11-05-04-45-00,0,0,0
2015-11-05-05-00-00,0,0,0
2015-11-05-05-15-00,0,0,0
2015-11-05-05-30-00,1,0,1
2015-11-05-05-45-00,4,1,3
2015-11-05-06-00-00,3,1,2
2015-11-05-06-15-00,7,0,7
2015-11-05-06-30-00,12,4,8
2015-11-05-06-45-00,11,5,6
2015-11-05-07-00-00,11,6,5
2015-11-05-07-15-00,34,18,16
2015-11-05-07-30-00,36,12,24
2015-11-05-07-45-00,48,12,36
2015-11-05-08-00-00,45,7,38
2015-11-05-08-15-00,60,14,46
2015-11-05-08-30-00,41,10,31
2015-11-05-08-45-00,46,7,39
2015-11-05-09-00-00,28,4,24
2015-11-05-09-15-00,19,6,13
2015-11-05-09-30-00,11,7,4
2015-11-05-09-45-00,15,5,10
2015-11-05-10-00-00,8,4,4
2015-11-05-10-15-00,7,4,3
2015-11-05-10-30-00,8,6,2
2015-11-05-10-45-00,13,4,9
2015-11-05-11-00-00,7,3,4
2015-11-05-11-15-00,18,11,7
2015-11-05-11-30-00,18,8,10
2015-11-05-11-45-00,21,9,12
2015-11-05-12-00-00,17,14,3
2015-11-05-12-15-00,17,8,9
2015-11-05-12-30-00,22,12,10
2015-11-05-12-45-00,14,8,6
2015-11-05-13-00-00,23,11,12
2015-11-05-13-15-00,17,8,9
2015-11-05-13-30-00,20,8,12
2015-11-05-13-45-00,14,9,5
2015-11-05-14-00-00,26,15,11
2015-11-05-14-15-00,23,12,11
2015-11-05-14-30-00,46,28,18
2015-11-05-14-45-00,33,13,20
2015-11-05-15-00-00,24,20,4
2015-11-05-15-15-00,40,26,14
2015-11-05-15-30-00,24,17,7
2015-11-05-15-45-00,30,22,8
2015-11-05-16-00-00,42,21,21
2015-11-05-16-15-00,50,33,17
2015-11-05-16-30-00,38,25,13
2015-11-05-16-45-00,46,33,13
2015-11-05-17-00-00,42,26,16
2015-11-05-17-15-00,39,27,12
2015-11-05-17-30-00,37,25,12
2015-11-05-17-45-00,30,21,9
2015-11-05-18-00-00,39,33,6
2015-11-05-18-15-00,30,19,11
2015-11-05-18-30-00,24,17,7
2015-11-05-18-45-00,16,10,6
2015-11-05-19-00-00,10,6,4
2015-11-05-19-15-00,13,9,4
2015-11-05-19-30-00,10,7,3
2015-11-05-19-45-00,13,9,4
2015-11-05-20-00-00,6,1,5
2015-11-05-20-15-00,5,4,1
2015-11-05-20-30-00,2,1,1
2015-11-05-20-45-00,0,0,0
2015-11-05-21-00-00,4,2,2
2015-11-05-21-15-00,1,1,0
2015-11-05-21-30-00,7,3,4
2015-11-05-21-45-00,2,1,1
2015-11-05-22-00-00,0,0,0
2015-11-05-22-15-00,3,2,1
2015-11-05-22-30-00,3,2,1
2015-11-05-22-45-00,1,0,1
2015-11-05-23-00-00,1,0,1
2015-11-05-23-15-00,0,0,0
2015-11-05-23-30-00,3,0,3
2015-11-05-23-45-00,0,0,0
2015-11-06-00-00-00,2,1,1
2015-11-06-00-15-00,1,0,1
2015-11-06-00-30-00,2,0,2
2015-11-06-00-45-00,0,0,0
2015-11-06-01-00-00,0,0,0
2015-11-06-01-15-00,0,0,0
2015-11-06-01-30-00,0,0,0
2015-11-06-01-45-00,0,0,0
2015-11-06-02-00-00,0,0,0
2015-11-06-02-15-00,0,0,0
2015-11-06-02-30-00,0,0,0
2015-11-06-02-45-00,0,0,0
2015-11-06-03-00-00,0,0,0
2015-11-06-03-15-00,0,0,0
2015-11-06-03-30-00,0,0,0
2015-11-06-03-45-00,0,0,0
2015-11-06-04-00-00,0,0,0
2015-11-06-04-15-00,0,0,0
2015-11-06-04-30-00,0,0,0
2015-11-06-04-45-00,0,0,0
2015-11-06-05-00-00,0,0,0
2015-11-06-05-15-00,0,0,0
2015-11-06-05-30-00,2,0,2
2015-11-06-05-45-00,0,0,0
2015-11-06-06-00-00,3,1,2
2015-11-06-06-15-00,6,2,4
2015-11-06-06-30-00,6,1,5
2015-11-06-06-45-00,13,8,5
2015-11-06-07-00-00,13,5,8
2015-11-06-07-15-00,22,6,16
2015-11-06-07-30-00,38,11,27
2015-11-06-07-45-00,42,14,28
2015-11-06-08-00-00,43,13,30
2015-11-06-08-15-00,40,4,36
2015-11-06-08-30-00,47,8,39
2015-11-06-08-45-00,30,6,24
2015-11-06-09-00-00,31,8,23
2015-11-06-09-15-00,13,2,11
2015-11-06-09-30-00,15,6,9
2015-11-06-09-45-00,13,6,7
2015-11-06-10-00-00,11,6,5
2015-11-06-10-15-00,11,7,4
2015-11-06-10-30-00,11,7,4
2015-11-06-10-45-00,13,8,5
2015-11-06-11-00-00,12,6,6
2015-11-06-11-15-00,13,7,6
2015-11-06-11-30-00,17,5,12
2015-11-06-11-45-00,16,5,11
2015-11-06-12-00-00,13,9,4
2015-11-06-12-15-00,15,5,10
2015-11-06-12-30-00,23,9,14
2015-11-06-12-45-00,19,9,10
2015-11-06-13-00-00,28,17,11
2015-11-06-13-15-00,25,13,12
2015-11-06-13-30-00,25,10,15
2015-11-06-13-45-00,19,11,8
2015-11-06-14-00-00,28,16,12
2015-11-06-14-15-00,23,15,8
2015-11-06-14-30-00,37,20,17
2015-11-06-14-45-00,46,31,15
2015-11-06-15-00-00,35,22,13
2015-11-06-15-15-00,31,20,11
2015-11-06-15-30-00,40,26,14
2015-11-06-15-45-00,42,28,14
2015-11-06-16-00-00,31,20,11
2015-11-06-16-15-00,38,28,10
2015-11-06-16-30-00,53,40,13
2015-11-06-16-45-00,43,26,17
2015-11-06-17-00-00,39,28,11
2015-11-06-17-15-00,27,19,8
2015-11-06-17-30-00,33,20,13
2015-11-06-17-45-00,24,16,8
2015-11-06-18-00-00,22,15,7
2015-11-06-18-15-00,19,13,6
2015-11-06-18-30-00,13,7,6
2015-11-06-18-45-00,15,12,3
2015-11-06-19-00-00,7,5,2
2015-11-06-19-15-00,6,4,2
2015-11-06-19-30-00,6,4,2
2015-11-06-19-45-00,6,3,3
2015-11-06-20-00-00,5,5,0
2015-11-06-20-15-00,4,3,1
2015-11-06-20-30-00,4,1,3
2015-11-06-20-45-00,1,0,1
2015-11-06-21-00-00,1,1,0
2015-11-06-21-15-00,2,0,2
2015-11-06-21-30-00,0,0,0
2015-11-06-21-45-00,0,0,0
2015-11-06-22-00-00,0,0,0
2015-11-06-22-15-00,0,0,0
2015-11-06-22-30-00,0,0,0
2015-11-06-22-45-00,1,0,1
2015-11-06-23-00-00,1,1,0
2015-11-06-23-15-00,0,0,0
2015-11-06-23-30-00,4,2,2
2015-11-06-23-45-00,2,0,2
2015-11-07-00-00-00,1,0,1
2015-11-07-00-15-00,0,0,0
2015-11-07-00-30-00,0,0,0
2015-11-07-00-45-00,6,3,3
2015-11-07-01-00-00,0,0,0
2015-11-07-01-15-00,0,0,0
2015-11-07-01-30-00,0,0,0
2015-11-07-01-45-00,1,1,0
2015-11-07-02-00-00,0,0,0
2015-11-07-02-15-00,1,0,1
2015-11-07-02-30-00,0,0,0
2015-11-07-02-45-00,0,0,0
2015-11-07-03-00-00,0,0,0
2015-11-07-03-15-00,0,0,0
2015-11-07-03-30-00,0,0,0
2015-11-07-03-45-00,0,0,0
2015-11-07-04-00-00,0,0,0
2015-11-07-04-15-00,0,0,0
2015-11-07-04-30-00,0,0,0
2015-11-07-04-45-00,0,0,0
2015-11-07-05-00-00,3,1,2
2015-11-07-05-15-00,0,0,0
2015-11-07-05-30-00,0,0,0
2015-11-07-05-45-00,0,0,0
2015-11-07-06-00-00,2,0,2
2015-11-07-06-15-00,1,0,1
2015-11-07-06-30-00,0,0,0
2015-11-07-06-45-00,0,0,0
2015-11-07-07-00-00,0,0,0
2015-11-07-07-15-00,1,0,1
2015-11-07-07-30-00,6,4,2
2015-11-07-07-45-00,2,1,1
2015-11-07-08-00-00,4,2,2
2015-11-07-08-15-00,2,0,2
2015-11-07-08-30-00,9,6,3
2015-11-07-08-45-00,7,3,4
2015-11-07-09-00-00,7,3,4
2015-11-07-09-15-00,10,5,5
2015-11-07-09-30-00,8,5,3
2015-11-07-09-45-00,8,5,3
2015-11-07-10-00-00,12,8,4
2015-11-07-10-15-00,15,8,7
2015-11-07-10-30-00,9,4,5
2015-11-07-10-45-00,7,7,0
2015-11-07-11-00-00,14,8,6
2015-11-07-11-15-00,20,11,9
2015-11-07-11-30-00,14,9,5
2015-11-07-11-45-00,16,6,10
2015-11-07-12-00-00,24,12,12
2015-11-07-12-15-00,24,10,14
2015-11-07-12-30-00,23,11,12
2015-11-07-12-45-00,15,5,10
2015-11-07-13-00-00,25,10,15
2015-11-07-13-15-00,32,10,22
2015-11-07-13-30-00,26,12,14
2015-11-07-13-45-00,33,15,18
2015-11-07-14-00-00,25,7,18
2015-11-07-14-15-00,33,20,13
2015-11-07-14-30-00,21,10,11
2015-11-07-14-45-00,25,12,13
2015-11-07-15-00-00,36,25,11
2015-11-07-15-15-00,40,19,21
2015-11-07-15-30-00,23,12,11
2015-11-07-15-45-00,45,25,20
2015-11-07-16-00-00,36,23,13
2015-11-07-16-15-00,26,8,18
2015-11-07-16-30-00,43,23,20
2015-11-07-16-45-00,30,21,9
2015-11-07-17-00-00,24,12,12
2015-11-07-17-15-00,13,12,1
2015-11-07-17-30-00,19,11,8
2015-11-07-17-45-00,4,3,1
2015-11-07-18-00-00,6,5,1
2015-11-07-18-15-00,6,3,3
2015-11-07-18-30-00,7,1,6
2015-11-07-18-45-00,4,2,2
2015-11-07-19-00-00,7,1,6
2015-11-07-19-15-00,5,4,1
2015-11-07-19-30-00,3,2,1
2015-11-07-19-45-00,2,1,1
2015-11-07-20-00-00,3,3,0
2015-11-07-20-15-00,5,5,0
2015-11-07-20-30-00,1,1,0
2015-11-07-20-45-00,4,2,2
2015-11-07-21-00-00,2,0,2
2015-11-07-21-15-00,1,0,1
2015-11-07-21-30-00,1,1,0
2015-11-07-21-45-00,8,8,0
2015-11-07-22-00-00,4,0,4
2015-11-07-22-15-00,0,0,0
2015-11-07-22-30-00,0,0,0
2015-11-07-22-45-00,0,0,0
2015-11-07-23-00-00,3,0,3
2015-11-07-23-15-00,0,0,0
2015-11-07-23-30-00,3,0,3
2015-11-07-23-45-00,1,1,0
2015-11-08-00-00-00,2,1,1
2015-11-08-00-15-00,1,1,0
2015-11-08-00-30-00,0,0,0
2015-11-08-00-45-00,3,1,2
2015-11-08-01-00-00,0,0,0
2015-11-08-01-15-00,0,0,0
2015-11-08-01-30-00,2,2,0
2015-11-08-01-45-00,1,1,0
2015-11-08-02-00-00,1,0,1
2015-11-08-02-15-00,0,0,0
2015-11-08-02-30-00,0,0,0
2015-11-08-02-45-00,1,0,1
2015-11-08-03-00-00,0,0,0
2015-11-08-03-15-00,0,0,0
2015-11-08-03-30-00,0,0,0
2015-11-08-03-45-00,0,0,0
2015-11-08-04-00-00,0,0,0
2015-11-08-04-15-00,0,0,0
2015-11-08-04-30-00,2,0,2
2015-11-08-04-45-00,0,0,0
2015-11-08-05-00-00,0,0,0
2015-11-08-05-15-00,0,0,0
2015-11-08-05-30-00,0,0,0
2015-11-08-05-45-00,1,0,1
2015-11-08-06-00-00,1,0,1
2015-11-08-06-15-00,3,0,3
2015-11-08-06-30-00,0,0,0
2015-11-08-06-45-00,0,0,0
2015-11-08-07-00-00,2,2,0
2015-11-08-07-15-00,2,1,1
2015-11-08-07-30-00,4,4,0
2015-11-08-07-45-00,0,0,0
2015-11-08-08-00-00,3,2,1
2015-11-08-08-15-00,8,1,7
2015-11-08-08-30-00,10,5,5
2015-11-08-08-45-00,10,5,5
2015-11-08-09-00-00,15,6,9
2015-11-08-09-15-00,18,4,14
2015-11-08-09-30-00,26,7,19
2015-11-08-09-45-00,22,9,13
2015-11-08-10-00-00,25,13,12
2015-11-08-10-15-00,35,16,19
2015-11-08-10-30-00,25,6,19
2015-11-08-10-45-00,47,25,22
2015-11-08-11-00-00,45,23,22
2015-11-08-11-15-00,54,23,31
2015-11-08-11-30-00,74,36,38
2015-11-08-11-45-00,104,54,50
2015-11-08-12-00-00,54,29,25
2015-11-08-12-15-00,83,35,48
2015-11-08-12-30-00,75,30,45
2015-11-08-12-45-00,81,41,40
2015-11-08-13-00-00,85,42,43
2015-11-08-13-15-00,81,44,37
2015-11-08-13-30-00,108,61,47
2015-11-08-13-45-00,97,57,40
2015-11-08-14-00-00,74,38,36
2015-11-08-14-15-00,76,45,31
2015-11-08-14-30-00,90,40,50
2015-11-08-14-45-00,106,62,44
2015-11-08-15-00-00,76,34,42
2015-11-08-15-15-00,71,38,33
2015-11-08-15-30-00,78,50,28
2015-11-08-15-45-00,73,37,36
2015-11-08-16-00-00,87,53,34
2015-11-08-16-15-00,64,45,19
2015-11-08-16-30-00,70,43,27
2015-11-08-16-45-00,60,38,22
2015-11-08-17-00-00,35,19,16
2015-11-08-17-15-00,42,26,16
2015-11-08-17-30-00,33,14,19
2015-11-08-17-45-00,26,17,9
2015-11-08-18-00-00,15,8,7
2015-11-08-18-15-00,6,0,6
2015-11-08-18-30-00,5,2,3
2015-11-08-18-45-00,2,2,0
2015-11-08-19-00-00,2,1,1
2015-11-08-19-15-00,6,5,1
2015-11-08-19-30-00,3,2,1
2015-11-08-19-45-00,7,6,1
2015-11-08-20-00-00,3,3,0
2015-11-08-20-15-00,1,0,1
2015-11-08-20-30-00,3,3,0
2015-11-08-20-45-00,2,2,0
2015-11-08-21-00-00,1,0,1
2015-11-08-21-15-00,4,1,3
2015-11-08-21-30-00,1,1,0
2015-11-08-21-45-00,4,3,1
2015-11-08-22-00-00,0,0,0
2015-11-08-22-15-00,1,1,0
2015-11-08-22-30-00,0,0,0
2015-11-08-22-45-00,0,0,0
2015-11-08-23-00-00,0,0,0
2015-11-08-23-15-00,0,0,0
2015-11-08-23-30-00,0,0,0
2015-11-08-23-45-00,0,0,0
2015-11-09-00-00-00,0,0,0
2015-11-09-00-15-00,0,0,0
2015-11-09-00-30-00,0,0,0
2015-11-09-00-45-00,0,0,0
2015-11-09-01-00-00,0,0,0
2015-11-09-01-15-00,0,0,0
2015-11-09-01-30-00,0,0,0
2015-11-09-01-45-00,0,0,0
2015-11-09-02-00-00,0,0,0
2015-11-09-02-15-00,0,0,0
2015-11-09-02-30-00,0,0,0
2015-11-09-02-45-00,0,0,0
2015-11-09-03-00-00,0,0,0
2015-11-09-03-15-00,0,0,0
2015-11-09-03-30-00,0,0,0
2015-11-09-03-45-00,0,0,0
2015-11-09-04-00-00,0,0,0
2015-11-09-04-15-00,0,0,0
2015-11-09-04-30-00,0,0,0
2015-11-09-04-45-00,0,0,0
2015-11-09-05-00-00,0,0,0
2015-11-09-05-15-00,0,0,0
2015-11-09-05-30-00,0,0,0
2015-11-09-05-45-00,5,1,4
2015-11-09-06-00-00,5,2,3
2015-11-09-06-15-00,4,0,4
2015-11-09-06-30-00,5,0,5
2015-11-09-06-45-00,12,5,7
2015-11-09-07-00-00,11,4,7
2015-11-09-07-15-00,33,10,23
2015-11-09-07-30-00,38,15,23
2015-11-09-07-45-00,52,9,43
2015-11-09-08-00-00,44,9,35
2015-11-09-08-15-00,44,7,37
2015-11-09-08-30-00,43,8,35
2015-11-09-08-45-00,38,7,31
2015-11-09-09-00-00,28,8,20
2015-11-09-09-15-00,24,10,14
2015-11-09-09-30-00,22,8,14
2015-11-09-09-45-00,18,9,9
2015-11-09-10-00-00,12,4,8
2015-11-09-10-15-00,14,8,6
2015-11-09-10-30-00,6,0,6
2015-11-09-10-45-00,18,11,7
2015-11-09-11-00-00,27,17,10
2015-11-09-11-15-00,17,7,10
2015-11-09-11-30-00,12,7,5
2015-11-09-11-45-00,27,13,14
2015-11-09-12-00-00,13,6,7
2015-11-09-12-15-00,14,9,5
2015-11-09-12-30-00,15,8,7
2015-11-09-12-45-00,14,7,7
2015-11-09-13-00-00,16,10,6
2015-11-09-13-15-00,22,9,13
2015-11-09-13-30-00,19,4,15
2015-11-09-13-45-00,15,7,8
2015-11-09-14-00-00,26,13,13
2015-11-09-14-15-00,30,16,14
2015-11-09-14-30-00,35,18,17
2015-11-09-14-45-00,24,15,9
2015-11-09-15-00-00,24,14,10
2015-11-09-15-15-00,23,10,13
2015-11-09-15-30-00,24,16,8
2015-11-09-15-45-00,32,19,13
2015-11-09-16-00-00,31,21,10
2015-11-09-16-15-00,43,34,9
2015-11-09-16-30-00,46,31,15
2015-11-09-16-45-00,61,40,21
2015-11-09-17-00-00,45,39,6
2015-11-09-17-15-00,35,23,12
2015-11-09-17-30-00,41,27,14
2015-11-09-17-45-00,16,11,5
2015-11-09-18-00-00,32,23,9
2015-11-09-18-15-00,22,13,9
2015-11-09-18-30-00,26,18,8
2015-11-09-18-45-00,14,12,2
2015-11-09-19-00-00,12,11,1
2015-11-09-19-15-00,9,5,4
2015-11-09-19-30-00,10,7,3
2015-11-09-19-45-00,14,10,4
2015-11-09-20-00-00,9,6,3
2015-11-09-20-15-00,6,1,5
2015-11-09-20-30-00,6,1,5
2015-11-09-20-45-00,2,1,1
2015-11-09-21-00-00,2,1,1
2015-11-09-21-15-00,3,0,3
2015-11-09-21-30-00,3,1,2
2015-11-09-21-45-00,2,1,1
2015-11-09-22-00-00,3,3,0
2015-11-09-22-15-00,1,1,0
2015-11-09-22-30-00,1,0,1
2015-11-09-22-45-00,3,1,2
2015-11-09-23-00-00,0,0,0
2015-11-09-23-15-00,1,1,0
2015-11-09-23-30-00,0,0,0
2015-11-09-23-45-00,1,1,0
2015-11-10-00-00-00,0,0,0
2015-11-10-00-15-00,0,0,0
2015-11-10-00-30-00,0,0,0
2015-11-10-00-45-00,0,0,0
2015-11-10-01-00-00,0,0,0
2015-11-10-01-15-00,0,0,0
2015-11-10-01-30-00,0,0,0
2015-11-10-01-45-00,0,0,0
2015-11-10-02-00-00,0,0,0
2015-11-10-02-15-00,0,0,0
2015-11-10-02-30-00,0,0,0
2015-11-10-02-45-00,0,0,0
2015-11-10-03-00-00,0,0,0
2015-11-10-03-15-00,0,0,0
2015-11-10-03-30-00,0,0,0
2015-11-10-03-45-00,0,0,0
2015-11-10-04-00-00,0,0,0
2015-11-10-04-15-00,0,0,0
2015-11-10-04-30-00,1,0,1
2015-11-10-04-45-00,0,0,0
2015-11-10-05-00-00,1,1,0
2015-11-10-05-15-00,0,0,0
2015-11-10-05-30-00,0,0,0
2015-11-10-05-45-00,4,2,2
2015-11-10-06-00-00,6,2,4
2015-11-10-06-15-00,6,0,6
2015-11-10-06-30-00,8,1,7
2015-11-10-06-45-00,9,2,7
2015-11-10-07-00-00,7,1,6
2015-11-10-07-15-00,23,10,13
2015-11-10-07-30-00,47,20,27
2015-11-10-07-45-00,44,11,33
2015-11-10-08-00-00,51,12,39
2015-11-10-08-15-00,32,4,28
2015-11-10-08-30-00,46,6,40
2015-11-10-08-45-00,53,7,46
2015-11-10-09-00-00,32,8,24
2015-11-10-09-15-00,15,2,13
2015-11-10-09-30-00,12,7,5
2015-11-10-09-45-00,13,6,7
2015-11-10-10-00-00,12,7,5
2015-11-10-10-15-00,9,5,4
2015-11-10-10-30-00,11,7,4
2015-11-10-10-45-00,11,2,9
2015-11-10-11-00-00,14,8,6
2015-11-10-11-15-00,11,4,7
2015-11-10-11-30-00,22,16,6
2015-11-10-11-45-00,12,5,7
2015-11-10-12-00-00,21,14,7
2015-11-10-12-15-00,12,8,4
2015-11-10-12-30-00,19,9,10
2015-11-10-12-45-00,8,4,4
2015-11-10-13-00-00,21,12,9
2015-11-10-13-15-00,14,8,6
2015-11-10-13-30-00,20,9,11
2015-11-10-13-45-00,13,11,2
2015-11-10-14-00-00,17,13,4
2015-11-10-14-15-00,18,8,10
2015-11-10-14-30-00,18,8,10
2015-11-10-14-45-00,16,6,10
2015-11-10-15-00-00,11,9,2
2015-11-10-15-15-00,29,20,9
2015-11-10-15-30-00,22,17,5
2015-11-10-15-45-00,16,10,6
2015-11-10-16-00-00,24,12,12
2015-11-10-16-15-00,45,33,12
2015-11-10-16-30-00,46,30,16
2015-11-10-16-45-00,45,32,13
2015-11-10-17-00-00,33,25,8
2015-11-10-17-15-00,42,35,7
2015-11-10-17-30-00,35,22,13
2015-11-10-17-45-00,24,15,9
2015-11-10-18-00-00,26,17,9
2015-11-10-18-15-00,17,11,6
2015-11-10-18-30-00,24,17,7
2015-11-10-18-45-00,25,21,4
2015-11-10-19-00-00,15,8,7
2015-11-10-19-15-00,11,8,3
2015-11-10-19-30-00,17,10,7
2015-11-10-19-45-00,14,5,9
2015-11-10-20-00-00,6,2,4
2015-11-10-20-15-00,4,3,1
2015-11-10-20-30-00,4,2,2
2015-11-10-20-45-00,7,4,3
2015-11-10-21-00-00,4,2,2
2015-11-10-21-15-00,4,3,1
2015-11-10-21-30-00,1,1,0
2015-11-10-21-45-00,5,1,4
2015-11-10-22-00-00,3,1,2
2015-11-10-22-15-00,3,0,3
2015-11-10-22-30-00,2,1,1
2015-11-10-22-45-00,1,1,0
2015-11-10-23-00-00,0,0,0
2015-11-10-23-15-00,0,0,0
2015-11-10-23-30-00,0,0,0
2015-11-10-23-45-00,0,0,0
2015-11-11-00-00-00,1,1,0
2015-11-11-00-15-00,0,0,0
2015-11-11-00-30-00,1,1,0
2015-11-11-00-45-00,0,0,0
2015-11-11-01-00-00,0,0,0
2015-11-11-01-15-00,0,0,0
2015-11-11-01-30-00,0,0,0
2015-11-11-01-45-00,0,0,0
2015-11-11-02-00-00,0,0,0
2015-11-11-02-15-00,0,0,0
2015-11-11-02-30-00,0,0,0
2015-11-11-02-45-00,0,0,0
2015-11-11-03-00-00,0,0,0
2015-11-11-03-15-00,0,0,0
2015-11-11-03-30-00,0,0,0
2015-11-11-03-45-00,0,0,0
2015-11-11-04-00-00,0,0,0
2015-11-11-04-15-00,0,0,0
2015-11-11-04-30-00,1,0,1
2015-11-11-04-45-00,0,0,0
2015-11-11-05-00-00,0,0,0
2015-11-11-05-15-00,0,0,0
2015-11-11-05-30-00,2,2,0
2015-11-11-05-45-00,5,1,4
2015-11-11-06-00-00,0,0,0
2015-11-11-06-15-00,4,1,3
2015-11-11-06-30-00,9,1,8
2015-11-11-06-45-00,11,2,9
2015-11-11-07-00-00,20,11,9
2015-11-11-07-15-00,37,12,25
2015-11-11-07-30-00,40,14,26
2015-11-11-07-45-00,49,16,33
2015-11-11-08-00-00,46,8,38
2015-11-11-08-15-00,56,17,39
2015-11-11-08-30-00,51,15,36
2015-11-11-08-45-00,49,11,38
2015-11-11-09-00-00,31,12,19
2015-11-11-09-15-00,17,4,13
2015-11-11-09-30-00,18,6,12
2015-11-11-09-45-00,11,6,5
2015-11-11-10-00-00,17,8,9
2015-11-11-10-15-00,15,6,9
2015-11-11-10-30-00,14,5,9
2015-11-11-10-45-00,17,9,8
2015-11-11-11-00-00,19,8,11
2015-11-11-11-15-00,12,7,5
2015-11-11-11-30-00,19,10,9
2015-11-11-11-45-00,17,13,4
2015-11-11-12-00-00,9,6,3
2015-11-11-12-15-00,6,1,5
2015-11-11-12-30-00,13,4,9
2015-11-11-12-45-00,15,2,13
2015-11-11-13-00-00,14,3,11
2015-11-11-13-15-00,22,12,10
2015-11-11-13-30-00,20,12,8
2015-11-11-13-45-00,24,19,5
2015-11-11-14-00-00,30,16,14
2015-11-11-14-15-00,33,23,10
2015-11-11-14-30-00,25,14,11
2015-11-11-14-45-00,29,16,13
2015-11-11-15-00-00,28,11,17
2015-11-11-15-15-00,27,20,7
2015-11-11-15-30-00,30,13,17
2015-11-11-15-45-00,29,15,14
2015-11-11-16-00-00,47,29,18
2015-11-11-16-15-00,48,28,20
2015-11-11-16-30-00,54,32,22
2015-11-11-16-45-00,42,28,14
2015-11-11-17-00-00,46,37,9
2015-11-11-17-15-00,38,28,10
2015-11-11-17-30-00,38,24,14
2015-11-11-17-45-00,27,21,6
2015-11-11-18-00-00,29,20,9
2015-11-11-18-15-00,24,18,6
2015-11-11-18-30-00,24,20,4
2015-11-11-18-45-00,20,16,4
2015-11-11-19-00-00,12,7,5
2015-11-11-19-15-00,15,8,7
2015-11-11-19-30-00,16,11,5
2015-11-11-19-45-00,12,7,5
2015-11-11-20-00-00,4,2,2
2015-11-11-20-15-00,6,4,2
2015-11-11-20-30-00,5,2,3
2015-11-11-20-45-00,7,3,4
2015-11-11-21-00-00,3,2,1
2015-11-11-21-15-00,6,5,1
2015-11-11-21-30-00,0,0,0
2015-11-11-21-45-00,4,2,2
2015-11-11-22-00-00,5,3,2
2015-11-11-22-15-00,7,4,3
2015-11-11-22-30-00,0,0,0
2015-11-11-22-45-00,3,3,0
2015-11-11-23-00-00,2,0,2
2015-11-11-23-15-00,1,1,0
2015-11-11-23-30-00,0,0,0
2015-11-11-23-45-00,0,0,0
2015-11-12-00-00-00,1,1,0
2015-11-12-00-15-00,1,1,0
2015-11-12-00-30-00,0,0,0
2015-11-12-00-45-00,0,0,0
2015-11-12-01-00-00,0,0,0
2015-11-12-01-15-00,0,0,0
2015-11-12-01-30-00,0,0,0
2015-11-12-01-45-00,0,0,0
2015-11-12-02-00-00,0,0,0
2015-11-12-02-15-00,1,0,1
2015-11-12-02-30-00,0,0,0
2015-11-12-02-45-00,0,0,0
2015-11-12-03-00-00,0,0,0
2015-11-12-03-15-00,0,0,0
2015-11-12-03-30-00,0,0,0
2015-11-12-03-45-00,0,0,0
2015-11-12-04-00-00,0,0,0
2015-11-12-04-15-00,0,0,0
2015-11-12-04-30-00,0,0,0
2015-11-12-04-45-00,0,0,0
2015-11-12-05-00-00,0,0,0
2015-11-12-05-15-00,0,0,0
2015-11-12-05-30-00,0,0,0
2015-11-12-05-45-00,7,3,4
2015-11-12-06-00-00,4,2,2
2015-11-12-06-15-00,7,3,4
2015-11-12-06-30-00,9,4,5
2015-11-12-06-45-00,12,2,10
2015-11-12-07-00-00,15,5,10
2015-11-12-07-15-00,24,8,16
2015-11-12-07-30-00,42,16,26
2015-11-12-07-45-00,51,12,39
2015-11-12-08-00-00,45,9,36
2015-11-12-08-15-00,42,11,31
2015-11-12-08-30-00,42,12,30
2015-11-12-08-45-00,55,11,44
2015-11-12-09-00-00,22,5,17
2015-11-12-09-15-00,23,13,10
2015-11-12-09-30-00,12,6,6
2015-11-12-09-45-00,13,6,7
2015-11-12-10-00-00,12,5,7
2015-11-12-10-15-00,14,5,9
2015-11-12-10-30-00,14,2,12
2015-11-12-10-45-00,15,7,8
2015-11-12-11-00-00,13,8,5
2015-11-12-11-15-00,15,10,5
2015-11-12-11-30-00,26,16,10
2015-11-12-11-45-00,20,11,9
2015-11-12-12-00-00,30,9,21
2015-11-12-12-15-00,28,12,16
2015-11-12-12-30-00,27,13,14
2015-11-12-12-45-00,23,10,13
2015-11-12-13-00-00,21,12,9
2015-11-12-13-15-00,35,14,21
2015-11-12-13-30-00,35,23,12
2015-11-12-13-45-00,24,20,4
2015-11-12-14-00-00,33,16,17
2015-11-12-14-15-00,32,17,15
2015-11-12-14-30-00,29,21,8
2015-11-12-14-45-00,19,5,14
2015-11-12-15-00-00,37,20,17
2015-11-12-15-15-00,39,23,16
2015-11-12-15-30-00,32,20,12
2015-11-12-15-45-00,38,25,13
2015-11-12-16-00-00,28,22,6
2015-11-12-16-15-00,45,32,13
2015-11-12-16-30-00,34,22,12
2015-11-12-16-45-00,43,36,7
2015-11-12-17-00-00,49,27,22
2015-11-12-17-15-00,46,42,4
2015-11-12-17-30-00,40,32,8
2015-11-12-17-45-00,23,16,7
2015-11-12-18-00-00,31,18,13
2015-11-12-18-15-00,28,25,3
2015-11-12-18-30-00,18,12,6
2015-11-12-18-45-00,31,21,10
2015-11-12-19-00-00,16,6,10
2015-11-12-19-15-00,13,8,5
2015-11-12-19-30-00,11,6,5
2015-11-12-19-45-00,8,6,2
2015-11-12-20-00-00,2,1,1
2015-11-12-20-15-00,5,4,1
2015-11-12-20-30-00,8,5,3
2015-11-12-20-45-00,2,1,1
2015-11-12-21-00-00,3,2,1
2015-11-12-21-15-00,1,1,0
2015-11-12-21-30-00,2,2,0
2015-11-12-21-45-00,8,4,4
2015-11-12-22-00-00,3,1,2
2015-11-12-22-15-00,0,0,0
2015-11-12-22-30-00,1,0,1
2015-11-12-22-45-00,3,3,0
2015-11-12-23-00-00,1,1,0
2015-11-12-23-15-00,0,0,0
2015-11-12-23-30-00,3,0,3
2015-11-12-23-45-00,1,1,0
2015-11-13-00-00-00,2,1,1
2015-11-13-00-15-00,0,0,0
2015-11-13-00-30-00,0,0,0
2015-11-13-00-45-00,0,0,0
2015-11-13-01-00-00,0,0,0
2015-11-13-01-15-00,0,0,0
2015-11-13-01-30-00,0,0,0
2015-11-13-01-45-00,1,0,1
2015-11-13-02-00-00,0,0,0
2015-11-13-02-15-00,0,0,0
2015-11-13-02-30-00,0,0,0
2015-11-13-02-45-00,0,0,0
2015-11-13-03-00-00,0,0,0
2015-11-13-03-15-00,0,0,0
2015-11-13-03-30-00,0,0,0
2015-11-13-03-45-00,0,0,0
2015-11-13-04-00-00,0,0,0
2015-11-13-04-15-00,0,0,0
2015-11-13-04-30-00,0,0,0
2015-11-13-04-45-00,0,0,0
2015-11-13-05-00-00,0,0,0
2015-11-13-05-15-00,0,0,0
2015-11-13-05-30-00,0,0,0
2015-11-13-05-45-00,6,2,4
2015-11-13-06-00-00,4,2,2
2015-11-13-06-15-00,6,1,5
2015-11-13-06-30-00,5,2,3
2015-11-13-06-45-00,10,5,5
2015-11-13-07-00-00,11,4,7
2015-11-13-07-15-00,29,10,19
2015-11-13-07-30-00,26,12,14
2015-11-13-07-45-00,39,14,25
2015-11-13-08-00-00,42,6,36
2015-11-13-08-15-00,34,8,26
2015-11-13-08-30-00,39,6,33
2015-11-13-08-45-00,29,6,23
2015-11-13-09-00-00,16,4,12
2015-11-13-09-15-00,14,4,10
2015-11-13-09-30-00,11,3,8
2015-11-13-09-45-00,11,4,7
2015-11-13-10-00-00,5,4,1
2015-11-13-10-15-00,13,8,5
2015-11-13-10-30-00,11,5,6
2015-11-13-10-45-00,10,3,7
2015-11-13-11-00-00,18,9,9
2015-11-13-11-15-00,11,6,5
2015-11-13-11-30-00,10,6,4
2015-11-13-11-45-00,17,7,10
2015-11-13-12-00-00,9,6,3
2015-11-13-12-15-00,17,12,5
2015-11-13-12-30-00,6,2,4
2015-11-13-12-45-00,13,7,6
2015-11-13-13-00-00,16,8,8
2015-11-13-13-15-00,8,6,2
2015-11-13-13-30-00,17,12,5
2015-11-13-13-45-00,8,4,4
2015-11-13-14-00-00,7,3,4
2015-11-13-14-15-00,10,7,3
2015-11-13-14-30-00,12,6,6
2015-11-13-14-45-00,11,8,3
2015-11-13-15-00-00,8,5,3
2015-11-13-15-15-00,20,13,7
2015-11-13-15-30-00,15,11,4
2015-11-13-15-45-00,16,12,4
2015-11-13-16-00-00,18,14,4
2015-11-13-16-15-00,17,14,3
2015-11-13-16-30-00,18,13,5
2015-11-13-16-45-00,25,22,3
2015-11-13-17-00-00,28,20,8
2015-11-13-17-15-00,11,6,5
2015-11-13-17-30-00,12,8,4
2015-11-13-17-45-00,18,12,6
2015-11-13-18-00-00,10,5,5
2015-11-13-18-15-00,15,12,3
2015-11-13-18-30-00,9,8,1
2015-11-13-18-45-00,6,3,3
2015-11-13-19-00-00,0,0,0
2015-11-13-19-15-00,7,6,1
2015-11-13-19-30-00,4,4,0
2015-11-13-19-45-00,3,3,0
2015-11-13-20-00-00,1,0,1
2015-11-13-20-15-00,2,2,0
2015-11-13-20-30-00,1,0,1
2015-11-13-20-45-00,1,1,0
2015-11-13-21-00-00,0,0,0
2015-11-13-21-15-00,2,2,0
2015-11-13-21-30-00,2,2,0
2015-11-13-21-45-00,3,2,1
2015-11-13-22-00-00,1,0,1
2015-11-13-22-15-00,1,0,1
2015-11-13-22-30-00,0,0,0
2015-11-13-22-45-00,0,0,0
2015-11-13-23-00-00,4,1,3
2015-11-13-23-15-00,2,0,2
2015-11-13-23-30-00,0,0,0
2015-11-13-23-45-00,0,0,0
2015-11-14-00-00-00,0,0,0
2015-11-14-00-15-00,0,0,0
2015-11-14-00-30-00,0,0,0
2015-11-14-00-45-00,0,0,0
2015-11-14-01-00-00,0,0,0
2015-11-14-01-15-00,1,0,1
2015-11-14-01-30-00,0,0,0
2015-11-14-01-45-00,0,0,0
2015-11-14-02-00-00,1,1,0
2015-11-14-02-15-00,0,0,0
2015-11-14-02-30-00,0,0,0
2015-11-14-02-45-00,0,0,0
2015-11-14-03-00-00,0,0,0
2015-11-14-03-15-00,0,0,0
2015-11-14-03-30-00,1,0,1
2015-11-14-03-45-00,0,0,0
2015-11-14-04-00-00,0,0,0
2015-11-14-04-15-00,0,0,0
2015-11-14-04-30-00,0,0,0
2015-11-14-04-45-00,0,0,0
2015-11-14-05-00-00,0,0,0
2015-11-14-05-15-00,0,0,0
2015-11-14-05-30-00,0,0,0
2015-11-14-05-45-00,0,0,0
2015-11-14-06-00-00,0,0,0
2015-11-14-06-15-00,2,1,1
2015-11-14-06-30-00,0,0,0
2015-11-14-06-45-00,0,0,0
2015-11-14-07-00-00,2,1,1
2015-11-14-07-15-00,1,0,1
2015-11-14-07-30-00,1,0,1
2015-11-14-07-45-00,2,0,2
2015-11-14-08-00-00,2,0,2
2015-11-14-08-15-00,6,2,4
2015-11-14-08-30-00,10,4,6
2015-11-14-08-45-00,5,0,5
2015-11-14-09-00-00,4,2,2
2015-11-14-09-15-00,17,4,13
2015-11-14-09-30-00,9,5,4
2015-11-14-09-45-00,19,12,7
2015-11-14-10-00-00,12,9,3
2015-11-14-10-15-00,13,7,6
2015-11-14-10-30-00,21,9,12
2015-11-14-10-45-00,9,5,4
2015-11-14-11-00-00,22,11,11
2015-11-14-11-15-00,35,13,22
2015-11-14-11-30-00,23,14,9
2015-11-14-11-45-00,16,8,8
2015-11-14-12-00-00,36,20,16
2015-11-14-12-15-00,30,21,9
2015-11-14-12-30-00,17,9,8
2015-11-14-12-45-00,15,8,7
2015-11-14-13-00-00,24,15,9
2015-11-14-13-15-00,17,5,12
2015-11-14-13-30-00,22,7,15
2015-11-14-13-45-00,28,10,18
2015-11-14-14-00-00,21,15,6
2015-11-14-14-15-00,22,13,9
2015-11-14-14-30-00,17,12,5
2015-11-14-14-45-00,15,6,9
2015-11-14-15-00-00,23,13,10
2015-11-14-15-15-00,19,14,5
2015-11-14-15-30-00,13,6,7
2015-11-14-15-45-00,7,2,5
2015-11-14-16-00-00,9,6,3
2015-11-14-16-15-00,9,7,2
2015-11-14-16-30-00,7,1,6
2015-11-14-16-45-00,2,1,1
2015-11-14-17-00-00,3,1,2
2015-11-14-17-15-00,4,2,2
2015-11-14-17-30-00,10,5,5
2015-11-14-17-45-00,2,2,0
2015-11-14-18-00-00,4,2,2
2015-11-14-18-15-00,5,0,5
2015-11-14-18-30-00,5,3,2
2015-11-14-18-45-00,5,0,5
2015-11-14-19-00-00,3,2,1
2015-11-14-19-15-00,5,2,3
2015-11-14-19-30-00,1,1,0
2015-11-14-19-45-00,0,0,0
2015-11-14-20-00-00,1,1,0
2015-11-14-20-15-00,5,1,4
2015-11-14-20-30-00,2,2,0
2015-11-14-20-45-00,0,0,0
2015-11-14-21-00-00,1,0,1
2015-11-14-21-15-00,1,0,1
2015-11-14-21-30-00,1,1,0
2015-11-14-21-45-00,0,0,0
2015-11-14-22-00-00,0,0,0
2015-11-14-22-15-00,1,1,0
2015-11-14-22-30-00,0,0,0
2015-11-14-22-45-00,0,0,0
2015-11-14-23-00-00,1,0,1
2015-11-14-23-15-00,2,2,0
2015-11-14-23-30-00,0,0,0
2015-11-14-23-45-00,0,0,0
2015-11-15-00-00-00,1,1,0
2015-11-15-00-15-00,0,0,0
2015-11-15-00-30-00,0,0,0
2015-11-15-00-45-00,0,0,0
2015-11-15-01-00-00,2,2,0
2015-11-15-01-15-00,1,1,0
2015-11-15-01-30-00,0,0,0
2015-11-15-01-45-00,0,0,0
2015-11-15-02-00-00,1,0,1
2015-11-15-02-15-00,1,1,0
2015-11-15-02-30-00,0,0,0
2015-11-15-02-45-00,0,0,0
2015-11-15-03-00-00,0,0,0
2015-11-15-03-15-00,1,1,0
2015-11-15-03-30-00,0,0,0
2015-11-15-03-45-00,1,1,0
2015-11-15-04-00-00,0,0,0
2015-11-15-04-15-00,0,0,0
2015-11-15-04-30-00,0,0,0
2015-11-15-04-45-00,0,0,0
2015-11-15-05-00-00,0,0,0
2015-11-15-05-15-00,0,0,0
2015-11-15-05-30-00,0,0,0
2015-11-15-05-45-00,0,0,0
2015-11-15-06-00-00,1,0,1
2015-11-15-06-15-00,1,0,1
2015-11-15-06-30-00,0,0,0
2015-11-15-06-45-00,0,0,0
2015-11-15-07-00-00,1,0,1
2015-11-15-07-15-00,0,0,0
2015-11-15-07-30-00,1,1,0
2015-11-15-07-45-00,1,0,1
2015-11-15-08-00-00,2,2,0
2015-11-15-08-15-00,4,2,2
2015-11-15-08-30-00,4,4,0
2015-11-15-08-45-00,10,2,8
2015-11-15-09-00-00,5,3,2
2015-11-15-09-15-00,4,0,4
2015-11-15-09-30-00,5,2,3
2015-11-15-09-45-00,6,5,1
2015-11-15-10-00-00,5,1,4
2015-11-15-10-15-00,15,7,8
2015-11-15-10-30-00,17,9,8
2015-11-15-10-45-00,22,9,13
2015-11-15-11-00-00,18,11,7
2015-11-15-11-15-00,17,6,11
2015-11-15-11-30-00,25,12,13
2015-11-15-11-45-00,24,12,12
2015-11-15-12-00-00,22,13,9
2015-11-15-12-15-00,27,11,16
2015-11-15-12-30-00,39,22,17
2015-11-15-12-45-00,26,13,13
2015-11-15-13-00-00,25,13,12
2015-11-15-13-15-00,35,16,19
2015-11-15-13-30-00,22,7,15
2015-11-15-13-45-00,25,7,18
2015-11-15-14-00-00,25,14,11
2015-11-15-14-15-00,34,15,19
2015-11-15-14-30-00,33,18,15
2015-11-15-14-45-00,47,20,27
2015-11-15-15-00-00,32,10,22
2015-11-15-15-15-00,27,15,12
2015-11-15-15-30-00,43,21,22
2015-11-15-15-45-00,24,8,16
2015-11-15-16-00-00,41,26,15
2015-11-15-16-15-00,31,23,8
2015-11-15-16-30-00,21,10,11
2015-11-15-16-45-00,24,12,12
2015-11-15-17-00-00,20,15,5
2015-11-15-17-15-00,17,10,7
2015-11-15-17-30-00,18,15,3
2015-11-15-17-45-00,3,2,1
2015-11-15-18-00-00,1,0,1
2015-11-15-18-15-00,7,3,4
2015-11-15-18-30-00,2,1,1
2015-11-15-18-45-00,4,3,1
2015-11-15-19-00-00,6,0,6
2015-11-15-19-15-00,5,3,2
2015-11-15-19-30-00,3,1,2
2015-11-15-19-45-00,2,2,0
2015-11-15-20-00-00,2,0,2
2015-11-15-20-15-00,1,1,0
2015-11-15-20-30-00,3,0,3
2015-11-15-20-45-00,3,2,1
2015-11-15-21-00-00,1,0,1
2015-11-15-21-15-00,0,0,0
2015-11-15-21-30-00,2,0,2
2015-11-15-21-45-00,2,2,0
2015-11-15-22-00-00,0,0,0
2015-11-15-22-15-00,4,4,0
2015-11-15-22-30-00,0,0,0
2015-11-15-22-45-00,2,2,0
2015-11-15-23-00-00,1,0,1
2015-11-15-23-15-00,1,1,0
2015-11-15-23-30-00,0,0,0
2015-11-15-23-45-00,1,1,0
2015-11-16-00-00-00,0,0,0
2015-11-16-00-15-00,0,0,0
2015-11-16-00-30-00,0,0,0
2015-11-16-00-45-00,0,0,0
2015-11-16-01-00-00,0,0,0
2015-11-16-01-15-00,0,0,0
2015-11-16-01-30-00,0,0,0
2015-11-16-01-45-00,0,0,0
2015-11-16-02-00-00,0,0,0
2015-11-16-02-15-00,0,0,0
2015-11-16-02-30-00,0,0,0
2015-11-16-02-45-00,0,0,0
2015-11-16-03-00-00,0,0,0
2015-11-16-03-15-00,0,0,0
2015-11-16-03-30-00,0,0,0
2015-11-16-03-45-00,0,0,0
2015-11-16-04-00-00,0,0,0
2015-11-16-04-15-00,0,0,0
2015-11-16-04-30-00,0,0,0
2015-11-16-04-45-00,0,0,0
2015-11-16-05-00-00,0,0,0
2015-11-16-05-15-00,0,0,0
2015-11-16-05-30-00,1,0,1
2015-11-16-05-45-00,3,0,3
2015-11-16-06-00-00,4,2,2
2015-11-16-06-15-00,4,2,2
2015-11-16-06-30-00,5,0,5
2015-11-16-06-45-00,10,8,2
2015-11-16-07-00-00,18,9,9
2015-11-16-07-15-00,18,8,10
2015-11-16-07-30-00,33,16,17
2015-11-16-07-45-00,43,7,36
2015-11-16-08-00-00,46,9,37
2015-11-16-08-15-00,52,11,41
2015-11-16-08-30-00,51,7,44
2015-11-16-08-45-00,36,4,32
2015-11-16-09-00-00,26,8,18
2015-11-16-09-15-00,23,9,14
2015-11-16-09-30-00,11,2,9
2015-11-16-09-45-00,12,3,9
2015-11-16-10-00-00,9,5,4
2015-11-16-10-15-00,15,3,12
2015-11-16-10-30-00,13,7,6
2015-11-16-10-45-00,11,7,4
2015-11-16-11-00-00,20,14,6
2015-11-16-11-15-00,13,2,11
2015-11-16-11-30-00,16,6,10
2015-11-16-11-45-00,15,10,5
2015-11-16-12-00-00,21,14,7
2015-11-16-12-15-00,11,7,4
2015-11-16-12-30-00,15,6,9
2015-11-16-12-45-00,13,6,7
2015-11-16-13-00-00,13,10,3
2015-11-16-13-15-00,20,5,15
2015-11-16-13-30-00,17,9,8
2015-11-16-13-45-00,16,9,7
2015-11-16-14-00-00,20,10,10
2015-11-16-14-15-00,8,5,3
2015-11-16-14-30-00,23,15,8
2015-11-16-14-45-00,17,8,9
2015-11-16-15-00-00,11,9,2
2015-11-16-15-15-00,7,5,2
2015-11-16-15-30-00,13,8,5
2015-11-16-15-45-00,8,5,3
2015-11-16-16-00-00,12,10,2
2015-11-16-16-15-00,20,15,5
2015-11-16-16-30-00,25,15,10
2015-11-16-16-45-00,21,16,5
2015-11-16-17-00-00,31,24,7
2015-11-16-17-15-00,44,36,8
2015-11-16-17-30-00,24,19,5
2015-11-16-17-45-00,28,20,8
2015-11-16-18-00-00,14,12,2
2015-11-16-18-15-00,24,19,5
2015-11-16-18-30-00,18,16,2
2015-11-16-18-45-00,15,12,3
2015-11-16-19-00-00,11,6,5
2015-11-16-19-15-00,9,8,1
2015-11-16-19-30-00,10,7,3
2015-11-16-19-45-00,7,4,3
2015-11-16-20-00-00,3,2,1
2015-11-16-20-15-00,9,5,4
2015-11-16-20-30-00,3,3,0
2015-11-16-20-45-00,3,2,1
2015-11-16-21-00-00,2,2,0
2015-11-16-21-15-00,4,4,0
2015-11-16-21-30-00,3,1,2
2015-11-16-21-45-00,0,0,0
2015-11-16-22-00-00,0,0,0
2015-11-16-22-15-00,0,0,0
2015-11-16-22-30-00,0,0,0
2015-11-16-22-45-00,0,0,0
2015-11-16-23-00-00,0,0,0
2015-11-16-23-15-00,0,0,0
2015-11-16-23-30-00,0,0,0
2015-11-16-23-45-00,0,0,0
2015-11-17-00-00-00,0,0,0
2015-11-17-00-15-00,0,0,0
2015-11-17-00-30-00,0,0,0
2015-11-17-00-45-00,0,0,0
2015-11-17-01-00-00,0,0,0
2015-11-17-01-15-00,0,0,0
2015-11-17-01-30-00,0,0,0
2015-11-17-01-45-00,0,0,0
2015-11-17-02-00-00,0,0,0
2015-11-17-02-15-00,0,0,0
2015-11-17-02-30-00,0,0,0
2015-11-17-02-45-00,0,0,0
2015-11-17-03-00-00,0,0,0
2015-11-17-03-15-00,0,0,0
2015-11-17-03-30-00,0,0,0
2015-11-17-03-45-00,0,0,0
2015-11-17-04-00-00,0,0,0
2015-11-17-04-15-00,0,0,0
2015-11-17-04-30-00,1,1,0
2015-11-17-04-45-00,0,0,0
2015-11-17-05-00-00,0,0,0
2015-11-17-05-15-00,0,0,0
2015-11-17-05-30-00,0,0,0
2015-11-17-05-45-00,2,0,2
2015-11-17-06-00-00,3,1,2
2015-11-17-06-15-00,4,0,4
2015-11-17-06-30-00,5,0,5
2015-11-17-06-45-00,8,5,3
2015-11-17-07-00-00,5,4,1
2015-11-17-07-15-00,14,7,7
2015-11-17-07-30-00,19,5,14
2015-11-17-07-45-00,29,7,22
2015-11-17-08-00-00,31,6,25
2015-11-17-08-15-00,26,9,17
2015-11-17-08-30-00,31,6,25
2015-11-17-08-45-00,21,4,17
2015-11-17-09-00-00,22,5,17
2015-11-17-09-15-00,17,6,11
2015-11-17-09-30-00,9,3,6
2015-11-17-09-45-00,5,2,3
2015-11-17-10-00-00,6,2,4
2015-11-17-10-15-00,7,1,6
2015-11-17-10-30-00,6,2,4
2015-11-17-10-45-00,8,1,7
2015-11-17-11-00-00,10,5,5
2015-11-17-11-15-00,11,4,7
2015-11-17-11-30-00,13,11,2
2015-11-17-11-45-00,10,6,4
2015-11-17-12-00-00,9,3,6
2015-11-17-12-15-00,6,3,3
2015-11-17-12-30-00,10,10,0
2015-11-17-12-45-00,6,3,3
2015-11-17-13-00-00,11,7,4
2015-11-17-13-15-00,8,7,1
2015-11-17-13-30-00,6,3,3
2015-11-17-13-45-00,14,5,9
2015-11-17-14-00-00,8,4,4
2015-11-17-14-15-00,10,6,4
2015-11-17-14-30-00,14,8,6
2015-11-17-14-45-00,8,4,4
2015-11-17-15-00-00,11,6,5
2015-11-17-15-15-00,10,6,4
2015-11-17-15-30-00,11,7,4
2015-11-17-15-45-00,12,7,5
2015-11-17-16-00-00,15,12,3
2015-11-17-16-15-00,24,23,1
2015-11-17-16-30-00,21,14,7
2015-11-17-16-45-00,20,9,11
2015-11-17-17-00-00,17,13,4
2015-11-17-17-15-00,33,25,8
2015-11-17-17-30-00,30,20,10
2015-11-17-17-45-00,20,12,8
2015-11-17-18-00-00,18,14,4
2015-11-17-18-15-00,22,17,5
2015-11-17-18-30-00,20,13,7
2015-11-17-18-45-00,15,10,5
2015-11-17-19-00-00,9,6,3
2015-11-17-19-15-00,14,8,6
2015-11-17-19-30-00,8,6,2
2015-11-17-19-45-00,6,4,2
2015-11-17-20-00-00,1,1,0
2015-11-17-20-15-00,3,2,1
2015-11-17-20-30-00,4,1,3
2015-11-17-20-45-00,4,1,3
2015-11-17-21-00-00,2,1,1
2015-11-17-21-15-00,5,4,1
2015-11-17-21-30-00,4,2,2
2015-11-17-21-45-00,1,0,1
2015-11-17-22-00-00,2,0,2
2015-11-17-22-15-00,0,0,0
2015-11-17-22-30-00,0,0,0
2015-11-17-22-45-00,0,0,0
2015-11-17-23-00-00,0,0,0
2015-11-17-23-15-00,1,0,1
2015-11-17-23-30-00,0,0,0
2015-11-17-23-45-00,1,0,1
2015-11-18-00-00-00,1,0,1
2015-11-18-00-15-00,0,0,0
2015-11-18-00-30-00,0,0,0
2015-11-18-00-45-00,0,0,0
2015-11-18-01-00-00,0,0,0
2015-11-18-01-15-00,0,0,0
2015-11-18-01-30-00,0,0,0
2015-11-18-01-45-00,0,0,0
2015-11-18-02-00-00,0,0,0
2015-11-18-02-15-00,0,0,0
2015-11-18-02-30-00,1,1,0
2015-11-18-02-45-00,0,0,0
2015-11-18-03-00-00,0,0,0
2015-11-18-03-15-00,0,0,0
2015-11-18-03-30-00,0,0,0
2015-11-18-03-45-00,0,0,0
2015-11-18-04-00-00,0,0,0
2015-11-18-04-15-00,0,0,0
2015-11-18-04-30-00,0,0,0
2015-11-18-04-45-00,1,1,0
2015-11-18-05-00-00,0,0,0
2015-11-18-05-15-00,0,0,0
2015-11-18-05-30-00,1,1,0
2015-11-18-05-45-00,3,0,3
2015-11-18-06-00-00,4,1,3
2015-11-18-06-15-00,2,1,1
2015-11-18-06-30-00,5,1,4
2015-11-18-06-45-00,9,5,4
2015-11-18-07-00-00,15,8,7
2015-11-18-07-15-00,18,4,14
2015-11-18-07-30-00,24,11,13
2015-11-18-07-45-00,45,8,37
2015-11-18-08-00-00,35,7,28
2015-11-18-08-15-00,40,6,34
2015-11-18-08-30-00,31,4,27
2015-11-18-08-45-00,31,3,28
2015-11-18-09-00-00,18,5,13
2015-11-18-09-15-00,19,5,14
2015-11-18-09-30-00,18,8,10
2015-11-18-09-45-00,8,5,3
2015-11-18-10-00-00,13,7,6
2015-11-18-10-15-00,5,2,3
2015-11-18-10-30-00,8,3,5
2015-11-18-10-45-00,4,2,2
2015-11-18-11-00-00,11,7,4
2015-11-18-11-15-00,16,10,6
2015-11-18-11-30-00,6,2,4
2015-11-18-11-45-00,13,7,6
2015-11-18-12-00-00,11,6,5
2015-11-18-12-15-00,10,7,3
2015-11-18-12-30-00,10,6,4
2015-11-18-12-45-00,14,9,5
2015-11-18-13-00-00,15,10,5
2015-11-18-13-15-00,14,1,13
2015-11-18-13-30-00,15,9,6
2015-11-18-13-45-00,16,7,9
2015-11-18-14-00-00,18,11,7
2015-11-18-14-15-00,27,13,14
2015-11-18-14-30-00,22,14,8
2015-11-18-14-45-00,17,8,9
2015-11-18-15-00-00,23,13,10
2015-11-18-15-15-00,27,16,11
2015-11-18-15-30-00,31,15,16
2015-11-18-15-45-00,50,30,20
2015-11-18-16-00-00,39,27,12
2015-11-18-16-15-00,44,29,15
2015-11-18-16-30-00,31,17,14
2015-11-18-16-45-00,39,24,15
2015-11-18-17-00-00,28,19,9
2015-11-18-17-15-00,40,31,9
2015-11-18-17-30-00,40,35,5
2015-11-18-17-45-00,27,19,8
2015-11-18-18-00-00,28,19,9
2015-11-18-18-15-00,17,13,4
2015-11-18-18-30-00,20,15,5
2015-11-18-18-45-00,17,12,5
2015-11-18-19-00-00,11,8,3
2015-11-18-19-15-00,19,15,4
2015-11-18-19-30-00,12,7,5
2015-11-18-19-45-00,6,5,1
2015-11-18-20-00-00,10,8,2
2015-11-18-20-15-00,5,2,3
2015-11-18-20-30-00,4,1,3
2015-11-18-20-45-00,5,3,2
2015-11-18-21-00-00,3,2,1
2015-11-18-21-15-00,2,1,1
2015-11-18-21-30-00,6,4,2
2015-11-18-21-45-00,4,4,0
2015-11-18-22-00-00,4,2,2
2015-11-18-22-15-00,2,0,2
2015-11-18-22-30-00,2,1,1
2015-11-18-22-45-00,3,0,3
2015-11-18-23-00-00,1,0,1
2015-11-18-23-15-00,0,0,0
2015-11-18-23-30-00,0,0,0
2015-11-18-23-45-00,1,0,1
2015-11-19-00-00-00,1,1,0
2015-11-19-00-15-00,1,0,1
2015-11-19-00-30-00,0,0,0
2015-11-19-00-45-00,0,0,0
2015-11-19-01-00-00,0,0,0
2015-11-19-01-15-00,1,0,1
2015-11-19-01-30-00,0,0,0
2015-11-19-01-45-00,0,0,0
2015-11-19-02-00-00,0,0,0
2015-11-19-02-15-00,0,0,0
2015-11-19-02-30-00,0,0,0
2015-11-19-02-45-00,0,0,0
2015-11-19-03-00-00,0,0,0
2015-11-19-03-15-00,0,0,0
2015-11-19-03-30-00,0,0,0
2015-11-19-03-45-00,0,0,0
2015-11-19-04-00-00,0,0,0
2015-11-19-04-15-00,0,0,0
2015-11-19-04-30-00,0,0,0
2015-11-19-04-45-00,0,0,0
2015-11-19-05-00-00,1,1,0
2015-11-19-05-15-00,0,0,0
2015-11-19-05-30-00,1,1,0
2015-11-19-05-45-00,4,1,3
2015-11-19-06-00-00,0,0,0
2015-11-19-06-15-00,5,2,3
2015-11-19-06-30-00,3,1,2
2015-11-19-06-45-00,7,5,2
2015-11-19-07-00-00,9,2,7
2015-11-19-07-15-00,18,6,12
2015-11-19-07-30-00,27,6,21
2015-11-19-07-45-00,34,8,26
2015-11-19-08-00-00,35,7,28
2015-11-19-08-15-00,35,4,31
2015-11-19-08-30-00,35,6,29
2015-11-19-08-45-00,40,6,34
2015-11-19-09-00-00,23,9,14
2015-11-19-09-15-00,14,3,11
2015-11-19-09-30-00,17,9,8
2015-11-19-09-45-00,10,5,5
2015-11-19-10-00-00,11,6,5
2015-11-19-10-15-00,11,4,7
2015-11-19-10-30-00,10,6,4
2015-11-19-10-45-00,4,4,0
2015-11-19-11-00-00,8,6,2
2015-11-19-11-15-00,7,3,4
2015-11-19-11-30-00,9,6,3
2015-11-19-11-45-00,6,4,2
2015-11-19-12-00-00,4,1,3
2015-11-19-12-15-00,16,10,6
2015-11-19-12-30-00,9,4,5
2015-11-19-12-45-00,14,9,5
2015-11-19-13-00-00,7,6,1
2015-11-19-13-15-00,10,2,8
2015-11-19-13-30-00,12,8,4
2015-11-19-13-45-00,7,3,4
2015-11-19-14-00-00,8,4,4
2015-11-19-14-15-00,6,5,1
2015-11-19-14-30-00,5,4,1
2015-11-19-14-45-00,4,1,3
2015-11-19-15-00-00,11,4,7
2015-11-19-15-15-00,9,8,1
2015-11-19-15-30-00,5,4,1
2015-11-19-15-45-00,15,8,7
2015-11-19-16-00-00,13,10,3
2015-11-19-16-15-00,9,8,1
2015-11-19-16-30-00,10,8,2
2015-11-19-16-45-00,22,17,5
2015-11-19-17-00-00,23,13,10
2015-11-19-17-15-00,17,16,1
2015-11-19-17-30-00,15,11,4
2015-11-19-17-45-00,11,10,1
2015-11-19-18-00-00,15,11,4
2015-11-19-18-15-00,11,9,2
2015-11-19-18-30-00,6,6,0
2015-11-19-18-45-00,16,13,3
2015-11-19-19-00-00,9,6,3
2015-11-19-19-15-00,15,9,6
2015-11-19-19-30-00,8,7,1
2015-11-19-19-45-00,3,3,0
2015-11-19-20-00-00,6,3,3
2015-11-19-20-15-00,1,1,0
2015-11-19-20-30-00,0,0,0
2015-11-19-20-45-00,3,3,0
2015-11-19-21-00-00,5,3,2
2015-11-19-21-15-00,5,3,2
2015-11-19-21-30-00,1,0,1
2015-11-19-21-45-00,0,0,0
2015-11-19-22-00-00,1,1,0
2015-11-19-22-15-00,3,0,3
2015-11-19-22-30-00,2,2,0
2015-11-19-22-45-00,0,0,0
2015-11-19-23-00-00,0,0,0
2015-11-19-23-15-00,1,1,0
2015-11-19-23-30-00,0,0,0
2015-11-19-23-45-00,0,0,0
2015-11-20-00-00-00,0,0,0
2015-11-20-00-15-00,0,0,0
2015-11-20-00-30-00,0,0,0
2015-11-20-00-45-00,2,2,0
2015-11-20-01-00-00,0,0,0
2015-11-20-01-15-00,0,0,0
2015-11-20-01-30-00,0,0,0
2015-11-20-01-45-00,0,0,0
2015-11-20-02-00-00,0,0,0
2015-11-20-02-15-00,0,0,0
2015-11-20-02-30-00,0,0,0
2015-11-20-02-45-00,0,0,0
2015-11-20-03-00-00,0,0,0
2015-11-20-03-15-00,0,0,0
2015-11-20-03-30-00,0,0,0
2015-11-20-03-45-00,0,0,0
2015-11-20-04-00-00,0,0,0
2015-11-20-04-15-00,0,0,0
2015-11-20-04-30-00,0,0,0
2015-11-20-04-45-00,0,0,0
2015-11-20-05-00-00,0,0,0
2015-11-20-05-15-00,0,0,0
2015-11-20-05-30-00,0,0,0
2015-11-20-05-45-00,4,1,3
2015-11-20-06-00-00,5,0,5
2015-11-20-06-15-00,6,1,5
2015-11-20-06-30-00,1,0,1
2015-11-20-06-45-00,6,5,1
2015-11-20-07-00-00,10,4,6
2015-11-20-07-15-00,15,7,8
2015-11-20-07-30-00,30,14,16
2015-11-20-07-45-00,34,7,27
2015-11-20-08-00-00,27,4,23
2015-11-20-08-15-00,28,3,25
2015-11-20-08-30-00,21,4,17
2015-11-20-08-45-00,20,4,16
2015-11-20-09-00-00,15,4,11
2015-11-20-09-15-00,11,7,4
2015-11-20-09-30-00,15,2,13
2015-11-20-09-45-00,8,1,7
2015-11-20-10-00-00,6,4,2
2015-11-20-10-15-00,3,2,1
2015-11-20-10-30-00,7,4,3
2015-11-20-10-45-00,5,1,4
2015-11-20-11-00-00,11,5,6
2015-11-20-11-15-00,4,0,4
2015-11-20-11-30-00,7,5,2
2015-11-20-11-45-00,7,3,4
2015-11-20-12-00-00,9,5,4
2015-11-20-12-15-00,9,6,3
2015-11-20-12-30-00,7,4,3
2015-11-20-12-45-00,7,5,2
2015-11-20-13-00-00,7,4,3
2015-11-20-13-15-00,9,3,6
2015-11-20-13-30-00,10,5,5
2015-11-20-13-45-00,8,6,2
2015-11-20-14-00-00,6,3,3
2015-11-20-14-15-00,10,7,3
2015-11-20-14-30-00,6,3,3
2015-11-20-14-45-00,16,9,7
2015-11-20-15-00-00,10,7,3
2015-11-20-15-15-00,14,11,3
2015-11-20-15-30-00,18,16,2
2015-11-20-15-45-00,24,14,10
2015-11-20-16-00-00,12,9,3
2015-11-20-16-15-00,19,14,5
2015-11-20-16-30-00,8,7,1
2015-11-20-16-45-00,19,18,1
2015-11-20-17-00-00,10,6,4
2015-11-20-17-15-00,16,15,1
2015-11-20-17-30-00,14,12,2
2015-11-20-17-45-00,17,14,3
2015-11-20-18-00-00,13,9,4
2015-11-20-18-15-00,8,6,2
2015-11-20-18-30-00,3,3,0
2015-11-20-18-45-00,7,3,4
2015-11-20-19-00-00,5,2,3
2015-11-20-19-15-00,2,2,0
2015-11-20-19-30-00,3,3,0
2015-11-20-19-45-00,6,4,2
2015-11-20-20-00-00,2,2,0
2015-11-20-20-15-00,1,1,0
2015-11-20-20-30-00,3,1,2
2015-11-20-20-45-00,0,0,0
2015-11-20-21-00-00,2,2,0
2015-11-20-21-15-00,2,2,0
2015-11-20-21-30-00,3,1,2
2015-11-20-21-45-00,1,1,0
2015-11-20-22-00-00,0,0,0
2015-11-20-22-15-00,0,0,0
2015-11-20-22-30-00,3,0,3
2015-11-20-22-45-00,2,0,2
2015-11-20-23-00-00,2,1,1
2015-11-20-23-15-00,1,1,0
2015-11-20-23-30-00,2,2,0
2015-11-20-23-45-00,0,0,0
2015-11-21-00-00-00,0,0,0
2015-11-21-00-15-00,2,1,1
2015-11-21-00-30-00,1,0,1
2015-11-21-00-45-00,2,0,2
2015-11-21-01-00-00,1,0,1
2015-11-21-01-15-00,1,0,1
2015-11-21-01-30-00,0,0,0
2015-11-21-01-45-00,1,1,0
2015-11-21-02-00-00,0,0,0
2015-11-21-02-15-00,0,0,0
2015-11-21-02-30-00,0,0,0
2015-11-21-02-45-00,0,0,0
2015-11-21-03-00-00,0,0,0
2015-11-21-03-15-00,1,0,1
2015-11-21-03-30-00,0,0,0
2015-11-21-03-45-00,0,0,0
2015-11-21-04-00-00,0,0,0
2015-11-21-04-15-00,1,0,1
2015-11-21-04-30-00,1,0,1
2015-11-21-04-45-00,0,0,0
2015-11-21-05-00-00,0,0,0
2015-11-21-05-15-00,0,0,0
2015-11-21-05-30-00,0,0,0
2015-11-21-05-45-00,0,0,0
2015-11-21-06-00-00,3,2,1
2015-11-21-06-15-00,1,1,0
2015-11-21-06-30-00,2,1,1
2015-11-21-06-45-00,0,0,0
2015-11-21-07-00-00,0,0,0
2015-11-21-07-15-00,1,0,1
2015-11-21-07-30-00,0,0,0
2015-11-21-07-45-00,1,1,0
2015-11-21-08-00-00,2,0,2
2015-11-21-08-15-00,3,1,2
2015-11-21-08-30-00,4,1,3
2015-11-21-08-45-00,6,5,1
2015-11-21-09-00-00,2,1,1
2015-11-21-09-15-00,4,3,1
2015-11-21-09-30-00,6,6,0
2015-11-21-09-45-00,5,1,4
2015-11-21-10-00-00,4,2,2
2015-11-21-10-15-00,14,7,7
2015-11-21-10-30-00,12,3,9
2015-11-21-10-45-00,7,5,2
2015-11-21-11-00-00,16,7,9
2015-11-21-11-15-00,10,3,7
2015-11-21-11-30-00,9,4,5
2015-11-21-11-45-00,11,3,8
2015-11-21-12-00-00,20,17,3
2015-11-21-12-15-00,19,7,12
2015-11-21-12-30-00,8,3,5
2015-11-21-12-45-00,13,7,6
2015-11-21-13-00-00,17,4,13
2015-11-21-13-15-00,15,9,6
2015-11-21-13-30-00,13,4,9
2015-11-21-13-45-00,20,8,12
2015-11-21-14-00-00,23,16,7
2015-11-21-14-15-00,19,5,14
2015-11-21-14-30-00,25,14,11
2015-11-21-14-45-00,27,15,12
2015-11-21-15-00-00,28,10,18
2015-11-21-15-15-00,29,14,15
2015-11-21-15-30-00,31,15,16
2015-11-21-15-45-00,38,22,16
2015-11-21-16-00-00,30,17,13
2015-11-21-16-15-00,16,9,7
2015-11-21-16-30-00,32,11,21
2015-11-21-16-45-00,10,9,1
2015-11-21-17-00-00,16,13,3
2015-11-21-17-15-00,6,4,2
2015-11-21-17-30-00,6,5,1
2015-11-21-17-45-00,2,0,2
2015-11-21-18-00-00,4,4,0
2015-11-21-18-15-00,3,2,1
2015-11-21-18-30-00,3,0,3
2015-11-21-18-45-00,1,1,0
2015-11-21-19-00-00,7,3,4
2015-11-21-19-15-00,4,1,3
2015-11-21-19-30-00,5,2,3
2015-11-21-19-45-00,0,0,0
2015-11-21-20-00-00,1,1,0
2015-11-21-20-15-00,0,0,0
2015-11-21-20-30-00,0,0,0
2015-11-21-20-45-00,1,1,0
2015-11-21-21-00-00,2,2,0
2015-11-21-21-15-00,1,1,0
2015-11-21-21-30-00,0,0,0
2015-11-21-21-45-00,0,0,0
2015-11-21-22-00-00,0,0,0
2015-11-21-22-15-00,0,0,0
2015-11-21-22-30-00,0,0,0
2015-11-21-22-45-00,0,0,0
2015-11-21-23-00-00,2,1,1
2015-11-21-23-15-00,0,0,0
2015-11-21-23-30-00,1,0,1
2015-11-21-23-45-00,1,0,1
2015-11-22-00-00-00,1,0,1
2015-11-22-00-15-00,0,0,0
2015-11-22-00-30-00,0,0,0
2015-11-22-00-45-00,1,0,1
2015-11-22-01-00-00,1,0,1
2015-11-22-01-15-00,0,0,0
2015-11-22-01-30-00,0,0,0
2015-11-22-01-45-00,1,1,0
2015-11-22-02-00-00,0,0,0
2015-11-22-02-15-00,0,0,0
2015-11-22-02-30-00,0,0,0
2015-11-22-02-45-00,0,0,0
2015-11-22-03-00-00,0,0,0
2015-11-22-03-15-00,0,0,0
2015-11-22-03-30-00,0,0,0
2015-11-22-03-45-00,0,0,0
2015-11-22-04-00-00,0,0,0
2015-11-22-04-15-00,0,0,0
2015-11-22-04-30-00,0,0,0
2015-11-22-04-45-00,0,0,0
2015-11-22-05-00-00,0,0,0
2015-11-22-05-15-00,0,0,0
2015-11-22-05-30-00,0,0,0
2015-11-22-05-45-00,2,0,2
2015-11-22-06-00-00,0,0,0
2015-11-22-06-15-00,2,0,2
2015-11-22-06-30-00,0,0,0
2015-11-22-06-45-00,1,1,0
2015-11-22-07-00-00,2,1,1
2015-11-22-07-15-00,2,1,1
2015-11-22-07-30-00,1,1,0
2015-11-22-07-45-00,0,0,0
2015-11-22-08-00-00,1,1,0
2015-11-22-08-15-00,2,2,0
2015-11-22-08-30-00,7,4,3
2015-11-22-08-45-00,5,1,4
2015-11-22-09-00-00,12,6,6
2015-11-22-09-15-00,12,4,8
2015-11-22-09-30-00,11,5,6
2015-11-22-09-45-00,5,2,3
2015-11-22-10-00-00,9,6,3
2015-11-22-10-15-00,12,7,5
2015-11-22-10-30-00,16,2,14
2015-11-22-10-45-00,15,8,7
2015-11-22-11-00-00,22,7,15
2015-11-22-11-15-00,13,7,6
2015-11-22-11-30-00,21,12,9
2015-11-22-11-45-00,32,15,17
2015-11-22-12-00-00,15,5,10
2015-11-22-12-15-00,35,21,14
2015-11-22-12-30-00,17,8,9
2015-11-22-12-45-00,20,9,11
2015-11-22-13-00-00,17,10,7
2015-11-22-13-15-00,29,10,19
2015-11-22-13-30-00,20,7,13
2015-11-22-13-45-00,28,16,12
2015-11-22-14-00-00,22,12,10
2015-11-22-14-15-00,24,14,10
2015-11-22-14-30-00,31,12,19
2015-11-22-14-45-00,23,18,5
2015-11-22-15-00-00,15,4,11
2015-11-22-15-15-00,16,9,7
2015-11-22-15-30-00,32,21,11
2015-11-22-15-45-00,17,6,11
2015-11-22-16-00-00,29,17,12
2015-11-22-16-15-00,23,10,13
2015-11-22-16-30-00,10,7,3
2015-11-22-16-45-00,7,5,2
2015-11-22-17-00-00,12,9,3
2015-11-22-17-15-00,9,8,1
2015-11-22-17-30-00,3,0,3
2015-11-22-17-45-00,4,3,1
2015-11-22-18-00-00,2,0,2
2015-11-22-18-15-00,4,1,3
2015-11-22-18-30-00,3,2,1
2015-11-22-18-45-00,3,1,2
2015-11-22-19-00-00,8,6,2
2015-11-22-19-15-00,2,1,1
2015-11-22-19-30-00,4,1,3
2015-11-22-19-45-00,1,1,0
2015-11-22-20-00-00,0,0,0
2015-11-22-20-15-00,1,1,0
2015-11-22-20-30-00,2,1,1
2015-11-22-20-45-00,0,0,0
2015-11-22-21-00-00,0,0,0
2015-11-22-21-15-00,1,1,0
2015-11-22-21-30-00,0,0,0
2015-11-22-21-45-00,2,1,1
2015-11-22-22-00-00,2,0,2
2015-11-22-22-15-00,0,0,0
2015-11-22-22-30-00,1,0,1
2015-11-22-22-45-00,0,0,0
2015-11-22-23-00-00,1,0,1
2015-11-22-23-15-00,0,0,0
2015-11-22-23-30-00,0,0,0
2015-11-22-23-45-00,0,0,0
2015-11-23-00-00-00,1,1,0
2015-11-23-00-15-00,0,0,0
2015-11-23-00-30-00,0,0,0
2015-11-23-00-45-00,0,0,0
2015-11-23-01-00-00,0,0,0
2015-11-23-01-15-00,0,0,0
2015-11-23-01-30-00,0,0,0
2015-11-23-01-45-00,0,0,0
2015-11-23-02-00-00,0,0,0
2015-11-23-02-15-00,0,0,0
2015-11-23-02-30-00,0,0,0
2015-11-23-02-45-00,0,0,0
2015-11-23-03-00-00,0,0,0
2015-11-23-03-15-00,0,0,0
2015-11-23-03-30-00,0,0,0
2015-11-23-03-45-00,0,0,0
2015-11-23-04-00-00,0,0,0
2015-11-23-04-15-00,0,0,0
2015-11-23-04-30-00,0,0,0
2015-11-23-04-45-00,0,0,0
2015-11-23-05-00-00,0,0,0
2015-11-23-05-15-00,0,0,0
2015-11-23-05-30-00,0,0,0
2015-11-23-05-45-00,4,2,2
2015-11-23-06-00-00,4,2,2
2015-11-23-06-15-00,4,0,4
2015-11-23-06-30-00,1,0,1
2015-11-23-06-45-00,14,7,7
2015-11-23-07-00-00,11,6,5
2015-11-23-07-15-00,17,3,14
2015-11-23-07-30-00,41,24,17
2015-11-23-07-45-00,28,7,21
2015-11-23-08-00-00,30,3,27
2015-11-23-08-15-00,33,5,28
2015-11-23-08-30-00,43,8,35
2015-11-23-08-45-00,32,6,26
2015-11-23-09-00-00,26,3,23
2015-11-23-09-15-00,12,4,8
2015-11-23-09-30-00,15,9,6
2015-11-23-09-45-00,11,6,5
2015-11-23-10-00-00,9,3,6
2015-11-23-10-15-00,8,4,4
2015-11-23-10-30-00,10,7,3
2015-11-23-10-45-00,13,5,8
2015-11-23-11-00-00,11,6,5
2015-11-23-11-15-00,10,4,6
2015-11-23-11-30-00,11,7,4
2015-11-23-11-45-00,13,4,9
2015-11-23-12-00-00,8,4,4
2015-11-23-12-15-00,13,8,5
2015-11-23-12-30-00,22,9,13
2015-11-23-12-45-00,15,7,8
2015-11-23-13-00-00,16,8,8
2015-11-23-13-15-00,20,7,13
2015-11-23-13-30-00,19,6,13
2015-11-23-13-45-00,14,5,9
2015-11-23-14-00-00,16,10,6
2015-11-23-14-15-00,18,5,13
2015-11-23-14-30-00,26,14,12
2015-11-23-14-45-00,25,13,12
2015-11-23-15-00-00,36,24,12
2015-11-23-15-15-00,24,16,8
2015-11-23-15-30-00,27,11,16
2015-11-23-15-45-00,30,12,18
2015-11-23-16-00-00,29,21,8
2015-11-23-16-15-00,28,25,3
2015-11-23-16-30-00,29,22,7
2015-11-23-16-45-00,34,19,15
2015-11-23-17-00-00,42,30,12
2015-11-23-17-15-00,33,22,11
2015-11-23-17-30-00,28,19,9
2015-11-23-17-45-00,24,19,5
2015-11-23-18-00-00,20,15,5
2015-11-23-18-15-00,21,12,9
2015-11-23-18-30-00,23,17,6
2015-11-23-18-45-00,16,14,2
2015-11-23-19-00-00,12,9,3
2015-11-23-19-15-00,9,5,4
2015-11-23-19-30-00,13,13,0
2015-11-23-19-45-00,8,7,1
2015-11-23-20-00-00,3,1,2
2015-11-23-20-15-00,4,2,2
2015-11-23-20-30-00,5,1,4
2015-11-23-20-45-00,4,3,1
2015-11-23-21-00-00,1,1,0
2015-11-23-21-15-00,3,3,0
2015-11-23-21-30-00,8,6,2
2015-11-23-21-45-00,0,0,0
2015-11-23-22-00-00,0,0,0
2015-11-23-22-15-00,2,2,0
2015-11-23-22-30-00,1,1,0
2015-11-23-22-45-00,0,0,0
2015-11-23-23-00-00,0,0,0
2015-11-23-23-15-00,0,0,0
2015-11-23-23-30-00,1,0,1
2015-11-23-23-45-00,0,0,0
2015-11-24-00-00-00,0,0,0
2015-11-24-00-15-00,0,0,0
2015-11-24-00-30-00,1,0,1
2015-11-24-00-45-00,0,0,0
2015-11-24-01-00-00,0,0,0
2015-11-24-01-15-00,0,0,0
2015-11-24-01-30-00,0,0,0
2015-11-24-01-45-00,1,1,0
2015-11-24-02-00-00,0,0,0
2015-11-24-02-15-00,0,0,0
2015-11-24-02-30-00,0,0,0
2015-11-24-02-45-00,0,0,0
2015-11-24-03-00-00,0,0,0
2015-11-24-03-15-00,0,0,0
2015-11-24-03-30-00,0,0,0
2015-11-24-03-45-00,0,0,0
2015-11-24-04-00-00,0,0,0
2015-11-24-04-15-00,0,0,0
2015-11-24-04-30-00,0,0,0
2015-11-24-04-45-00,0,0,0
2015-11-24-05-00-00,0,0,0
2015-11-24-05-15-00,0,0,0
2015-11-24-05-30-00,0,0,0
2015-11-24-05-45-00,7,3,4
2015-11-24-06-00-00,1,0,1
2015-11-24-06-15-00,6,0,6
2015-11-24-06-30-00,8,2,6
2015-11-24-06-45-00,8,3,5
2015-11-24-07-00-00,11,5,6
2015-11-24-07-15-00,25,5,20
2015-11-24-07-30-00,28,14,14
2015-11-24-07-45-00,38,13,25
2015-11-24-08-00-00,42,7,35
2015-11-24-08-15-00,31,9,22
2015-11-24-08-30-00,36,4,32
2015-11-24-08-45-00,31,5,26
2015-11-24-09-00-00,23,2,21
2015-11-24-09-15-00,22,7,15
2015-11-24-09-30-00,12,4,8
2015-11-24-09-45-00,8,4,4
2015-11-24-10-00-00,7,2,5
2015-11-24-10-15-00,5,2,3
2015-11-24-10-30-00,4,2,2
2015-11-24-10-45-00,9,4,5
2015-11-24-11-00-00,6,5,1
2015-11-24-11-15-00,6,3,3
2015-11-24-11-30-00,6,2,4
2015-11-24-11-45-00,9,4,5
2015-11-24-12-00-00,10,4,6
2015-11-24-12-15-00,9,6,3
2015-11-24-12-30-00,10,6,4
2015-11-24-12-45-00,6,3,3
2015-11-24-13-00-00,13,6,7
2015-11-24-13-15-00,13,8,5
2015-11-24-13-30-00,7,1,6
2015-11-24-13-45-00,11,8,3
2015-11-24-14-00-00,12,4,8
2015-11-24-14-15-00,15,7,8
2015-11-24-14-30-00,4,4,0
2015-11-24-14-45-00,12,10,2
2015-11-24-15-00-00,6,3,3
2015-11-24-15-15-00,3,2,1
2015-11-24-15-30-00,11,7,4
2015-11-24-15-45-00,16,11,5
2015-11-24-16-00-00,6,4,2
2015-11-24-16-15-00,22,15,7
2015-11-24-16-30-00,16,11,5
2015-11-24-16-45-00,16,12,4
2015-11-24-17-00-00,23,15,8
2015-11-24-17-15-00,24,21,3
2015-11-24-17-30-00,19,15,4
2015-11-24-17-45-00,16,12,4
2015-11-24-18-00-00,19,17,2
2015-11-24-18-15-00,17,15,2
2015-11-24-18-30-00,10,8,2
2015-11-24-18-45-00,17,10,7
2015-11-24-19-00-00,11,10,1
2015-11-24-19-15-00,9,7,2
2015-11-24-19-30-00,6,3,3
2015-11-24-19-45-00,6,4,2
2015-11-24-20-00-00,3,2,1
2015-11-24-20-15-00,2,2,0
2015-11-24-20-30-00,3,1,2
2015-11-24-20-45-00,4,3,1
2015-11-24-21-00-00,0,0,0
2015-11-24-21-15-00,4,4,0
2015-11-24-21-30-00,3,1,2
2015-11-24-21-45-00,1,0,1
2015-11-24-22-00-00,0,0,0
2015-11-24-22-15-00,1,1,0
2015-11-24-22-30-00,0,0,0
2015-11-24-22-45-00,1,1,0
2015-11-24-23-00-00,0,0,0
2015-11-24-23-15-00,0,0,0
2015-11-24-23-30-00,1,1,0
2015-11-24-23-45-00,0,0,0
2015-11-25-00-00-00,0,0,0
2015-11-25-00-15-00,1,1,0
2015-11-25-00-30-00,1,0,1
2015-11-25-00-45-00,0,0,0
2015-11-25-01-00-00,0,0,0
2015-11-25-01-15-00,0,0,0
2015-11-25-01-30-00,0,0,0
2015-11-25-01-45-00,0,0,0
2015-11-25-02-00-00,0,0,0
2015-11-25-02-15-00,0,0,0
2015-11-25-02-30-00,0,0,0
2015-11-25-02-45-00,0,0,0
2015-11-25-03-00-00,0,0,0
2015-11-25-03-15-00,0,0,0
2015-11-25-03-30-00,0,0,0
2015-11-25-03-45-00,0,0,0
2015-11-25-04-00-00,0,0,0
2015-11-25-04-15-00,0,0,0
2015-11-25-04-30-00,0,0,0
2015-11-25-04-45-00,0,0,0
2015-11-25-05-00-00,0,0,0
2015-11-25-05-15-00,0,0,0
2015-11-25-05-30-00,0,0,0
2015-11-25-05-45-00,0,0,0
2015-11-25-06-00-00,6,0,6
2015-11-25-06-15-00,3,0,3
2015-11-25-06-30-00,4,0,4
2015-11-25-06-45-00,9,6,3
2015-11-25-07-00-00,8,4,4
2015-11-25-07-15-00,17,5,12
2015-11-25-07-30-00,17,7,10
2015-11-25-07-45-00,34,8,26
2015-11-25-08-00-00,25,4,21
2015-11-25-08-15-00,26,3,23
2015-11-25-08-30-00,40,5,35
2015-11-25-08-45-00,24,4,20
2015-11-25-09-00-00,10,4,6
2015-11-25-09-15-00,9,3,6
2015-11-25-09-30-00,15,2,13
2015-11-25-09-45-00,12,8,4
2015-11-25-10-00-00,3,2,1
2015-11-25-10-15-00,5,2,3
2015-11-25-10-30-00,7,3,4
2015-11-25-10-45-00,3,1,2
2015-11-25-11-00-00,3,2,1
2015-11-25-11-15-00,5,2,3
2015-11-25-11-30-00,12,7,5
2015-11-25-11-45-00,5,1,4
2015-11-25-12-00-00,6,4,2
2015-11-25-12-15-00,8,3,5
2015-11-25-12-30-00,6,3,3
2015-11-25-12-45-00,3,0,3
2015-11-25-13-00-00,10,6,4
2015-11-25-13-15-00,3,1,2
2015-11-25-13-30-00,11,7,4
2015-11-25-13-45-00,9,5,4
2015-11-25-14-00-00,6,3,3
2015-11-25-14-15-00,7,4,3
2015-11-25-14-30-00,12,6,6
2015-11-25-14-45-00,12,10,2
2015-11-25-15-00-00,8,7,1
2015-11-25-15-15-00,10,6,4
2015-11-25-15-30-00,12,7,5
2015-11-25-15-45-00,12,8,4
2015-11-25-16-00-00,13,11,2
2015-11-25-16-15-00,17,10,7
2015-11-25-16-30-00,24,18,6
2015-11-25-16-45-00,13,10,3
2015-11-25-17-00-00,17,14,3
2015-11-25-17-15-00,22,19,3
2015-11-25-17-30-00,23,17,6
2015-11-25-17-45-00,14,12,2
2015-11-25-18-00-00,12,9,3
2015-11-25-18-15-00,20,18,2
2015-11-25-18-30-00,11,10,1
2015-11-25-18-45-00,20,12,8
2015-11-25-19-00-00,3,3,0
2015-11-25-19-15-00,7,6,1
2015-11-25-19-30-00,14,9,5
2015-11-25-19-45-00,5,2,3
2015-11-25-20-00-00,9,8,1
2015-11-25-20-15-00,3,1,2
2015-11-25-20-30-00,3,0,3
2015-11-25-20-45-00,5,3,2
2015-11-25-21-00-00,1,0,1
2015-11-25-21-15-00,0,0,0
2015-11-25-21-30-00,1,0,1
2015-11-25-21-45-00,0,0,0
2015-11-25-22-00-00,1,1,0
2015-11-25-22-15-00,1,1,0
2015-11-25-22-30-00,2,0,2
2015-11-25-22-45-00,3,2,1
2015-11-25-23-00-00,0,0,0
2015-11-25-23-15-00,0,0,0
2015-11-25-23-30-00,0,0,0
2015-11-25-23-45-00,2,2,0
2015-11-26-00-00-00,0,0,0
2015-11-26-00-15-00,0,0,0
2015-11-26-00-30-00,0,0,0
2015-11-26-00-45-00,0,0,0
2015-11-26-01-00-00,0,0,0
2015-11-26-01-15-00,0,0,0
2015-11-26-01-30-00,0,0,0
2015-11-26-01-45-00,0,0,0
2015-11-26-02-00-00,0,0,0
2015-11-26-02-15-00,0,0,0
2015-11-26-02-30-00,0,0,0
2015-11-26-02-45-00,0,0,0
2015-11-26-03-00-00,0,0,0
2015-11-26-03-15-00,0,0,0
2015-11-26-03-30-00,0,0,0
2015-11-26-03-45-00,0,0,0
2015-11-26-04-00-00,0,0,0
2015-11-26-04-15-00,0,0,0
2015-11-26-04-30-00,0,0,0
2015-11-26-04-45-00,0,0,0
2015-11-26-05-00-00,1,1,0
2015-11-26-05-15-00,0,0,0
2015-11-26-05-30-00,1,0,1
2015-11-26-05-45-00,6,1,5
2015-11-26-06-00-00,4,1,3
2015-11-26-06-15-00,5,2,3
2015-11-26-06-30-00,8,3,5
2015-11-26-06-45-00,11,4,7
2015-11-26-07-00-00,12,5,7
2015-11-26-07-15-00,22,7,15
2015-11-26-07-30-00,29,9,20
2015-11-26-07-45-00,38,11,27
2015-11-26-08-00-00,30,5,25
2015-11-26-08-15-00,35,6,29
2015-11-26-08-30-00,27,11,16
2015-11-26-08-45-00,46,7,39
2015-11-26-09-00-00,30,7,23
2015-11-26-09-15-00,12,4,8
2015-11-26-09-30-00,7,2,5
2015-11-26-09-45-00,14,8,6
2015-11-26-10-00-00,9,2,7
2015-11-26-10-15-00,7,3,4
2015-11-26-10-30-00,10,5,5
2015-11-26-10-45-00,9,5,4
2015-11-26-11-00-00,13,8,5
2015-11-26-11-15-00,8,2,6
2015-11-26-11-30-00,9,7,2
2015-11-26-11-45-00,9,5,4
2015-11-26-12-00-00,5,3,2
2015-11-26-12-15-00,11,6,5
2015-11-26-12-30-00,12,6,6
2015-11-26-12-45-00,9,5,4
2015-11-26-13-00-00,10,3,7
2015-11-26-13-15-00,14,4,10
2015-11-26-13-30-00,13,10,3
2015-11-26-13-45-00,12,9,3
2015-11-26-14-00-00,22,7,15
2015-11-26-14-15-00,18,7,11
2015-11-26-14-30-00,22,14,8
2015-11-26-14-45-00,24,12,12
2015-11-26-15-00-00,17,8,9
2015-11-26-15-15-00,31,17,14
2015-11-26-15-30-00,27,13,14
2015-11-26-15-45-00,32,25,7
2015-11-26-16-00-00,31,16,15
2015-11-26-16-15-00,43,28,15
2015-11-26-16-30-00,23,17,6
2015-11-26-16-45-00,31,21,10
2015-11-26-17-00-00,29,22,7
2015-11-26-17-15-00,27,17,10
2015-11-26-17-30-00,27,19,8
2015-11-26-17-45-00,15,12,3
2015-11-26-18-00-00,20,13,7
2015-11-26-18-15-00,30,26,4
2015-11-26-18-30-00,18,12,6
2015-11-26-18-45-00,13,10,3
2015-11-26-19-00-00,11,5,6
2015-11-26-19-15-00,12,10,2
2015-11-26-19-30-00,8,6,2
2015-11-26-19-45-00,4,3,1
2015-11-26-20-00-00,10,6,4
2015-11-26-20-15-00,5,2,3
2015-11-26-20-30-00,1,0,1
2015-11-26-20-45-00,0,0,0
2015-11-26-21-00-00,3,2,1
2015-11-26-21-15-00,0,0,0
2015-11-26-21-30-00,0,0,0
2015-11-26-21-45-00,2,0,2
2015-11-26-22-00-00,7,3,4
2015-11-26-22-15-00,1,1,0
2015-11-26-22-30-00,2,2,0
2015-11-26-22-45-00,1,1,0
2015-11-26-23-00-00,0,0,0
2015-11-26-23-15-00,0,0,0
2015-11-26-23-30-00,3,1,2
2015-11-26-23-45-00,0,0,0
2015-11-27-00-00-00,0,0,0
2015-11-27-00-15-00,0,0,0
2015-11-27-00-30-00,0,0,0
2015-11-27-00-45-00,0,0,0
2015-11-27-01-00-00,0,0,0
2015-11-27-01-15-00,0,0,0
2015-11-27-01-30-00,0,0,0
2015-11-27-01-45-00,0,0,0
2015-11-27-02-00-00,0,0,0
2015-11-27-02-15-00,0,0,0
2015-11-27-02-30-00,0,0,0
2015-11-27-02-45-00,0,0,0
2015-11-27-03-00-00,0,0,0
2015-11-27-03-15-00,0,0,0
2015-11-27-03-30-00,0,0,0
2015-11-27-03-45-00,0,0,0
2015-11-27-04-00-00,0,0,0
2015-11-27-04-15-00,1,0,1
2015-11-27-04-30-00,0,0,0
2015-11-27-04-45-00,0,0,0
2015-11-27-05-00-00,1,0,1
2015-11-27-05-15-00,0,0,0
2015-11-27-05-30-00,2,1,1
2015-11-27-05-45-00,3,1,2
2015-11-27-06-00-00,5,2,3
2015-11-27-06-15-00,7,2,5
2015-11-27-06-30-00,7,1,6
2015-11-27-06-45-00,12,7,5
2015-11-27-07-00-00,15,9,6
2015-11-27-07-15-00,17,3,14
2015-11-27-07-30-00,24,11,13
2015-11-27-07-45-00,34,10,24
2015-11-27-08-00-00,30,5,25
2015-11-27-08-15-00,23,6,17
2015-11-27-08-30-00,25,3,22
2015-11-27-08-45-00,25,4,21
2015-11-27-09-00-00,23,3,20
2015-11-27-09-15-00,12,2,10
2015-11-27-09-30-00,13,4,9
2015-11-27-09-45-00,7,4,3
2015-11-27-10-00-00,9,3,6
2015-11-27-10-15-00,3,2,1
2015-11-27-10-30-00,8,5,3
2015-11-27-10-45-00,4,1,3
2015-11-27-11-00-00,6,6,0
2015-11-27-11-15-00,21,11,10
2015-11-27-11-30-00,10,1,9
2015-11-27-11-45-00,14,6,8
2015-11-27-12-00-00,5,3,2
2015-11-27-12-15-00,13,8,5
2015-11-27-12-30-00,12,7,5
2015-11-27-12-45-00,21,9,12
2015-11-27-13-00-00,11,5,6
2015-11-27-13-15-00,19,11,8
2015-11-27-13-30-00,18,9,9
2015-11-27-13-45-00,19,11,8
2015-11-27-14-00-00,29,14,15
2015-11-27-14-15-00,33,20,13
2015-11-27-14-30-00,30,15,15
2015-11-27-14-45-00,34,23,11
2015-11-27-15-00-00,47,31,16
2015-11-27-15-15-00,43,33,10
2015-11-27-15-30-00,18,11,7
2015-11-27-15-45-00,26,18,8
2015-11-27-16-00-00,31,16,15
2015-11-27-16-15-00,50,29,21
2015-11-27-16-30-00,21,15,6
2015-11-27-16-45-00,26,16,10
2015-11-27-17-00-00,21,14,7
2015-11-27-17-15-00,12,7,5
2015-11-27-17-30-00,17,12,5
2015-11-27-17-45-00,14,8,6
2015-11-27-18-00-00,10,9,1
2015-11-27-18-15-00,8,5,3
2015-11-27-18-30-00,6,5,1
2015-11-27-18-45-00,7,7,0
2015-11-27-19-00-00,2,2,0
2015-11-27-19-15-00,4,4,0
2015-11-27-19-30-00,2,2,0
2015-11-27-19-45-00,3,3,0
2015-11-27-20-00-00,4,3,1
2015-11-27-20-15-00,2,1,1
2015-11-27-20-30-00,6,5,1
2015-11-27-20-45-00,1,0,1
2015-11-27-21-00-00,3,2,1
2015-11-27-21-15-00,1,0,1
2015-11-27-21-30-00,3,3,0
2015-11-27-21-45-00,2,1,1
2015-11-27-22-00-00,2,1,1
2015-11-27-22-15-00,0,0,0
2015-11-27-22-30-00,1,1,0
2015-11-27-22-45-00,5,3,2
2015-11-27-23-00-00,2,0,2
2015-11-27-23-15-00,1,1,0
2015-11-27-23-30-00,1,1,0
2015-11-27-23-45-00,1,1,0
2015-11-28-00-00-00,0,0,0
2015-11-28-00-15-00,0,0,0
2015-11-28-00-30-00,0,0,0
2015-11-28-00-45-00,5,1,4
2015-11-28-01-00-00,0,0,0
2015-11-28-01-15-00,0,0,0
2015-11-28-01-30-00,2,0,2
2015-11-28-01-45-00,0,0,0
2015-11-28-02-00-00,0,0,0
2015-11-28-02-15-00,0,0,0
2015-11-28-02-30-00,0,0,0
2015-11-28-02-45-00,0,0,0
2015-11-28-03-00-00,0,0,0
2015-11-28-03-15-00,0,0,0
2015-11-28-03-30-00,0,0,0
2015-11-28-03-45-00,0,0,0
2015-11-28-04-00-00,0,0,0
2015-11-28-04-15-00,0,0,0
2015-11-28-04-30-00,0,0,0
2015-11-28-04-45-00,0,0,0
2015-11-28-05-00-00,0,0,0
2015-11-28-05-15-00,0,0,0
2015-11-28-05-30-00,0,0,0
2015-11-28-05-45-00,0,0,0
2015-11-28-06-00-00,1,0,1
2015-11-28-06-15-00,1,0,1
2015-11-28-06-30-00,0,0,0
2015-11-28-06-45-00,1,0,1
2015-11-28-07-00-00,0,0,0
2015-11-28-07-15-00,2,1,1
2015-11-28-07-30-00,0,0,0
2015-11-28-07-45-00,2,2,0
2015-11-28-08-00-00,2,0,2
2015-11-28-08-15-00,2,1,1
2015-11-28-08-30-00,4,1,3
2015-11-28-08-45-00,5,5,0
2015-11-28-09-00-00,1,1,0
2015-11-28-09-15-00,2,1,1
2015-11-28-09-30-00,3,1,2
2015-11-28-09-45-00,6,4,2
2015-11-28-10-00-00,5,3,2
2015-11-28-10-15-00,4,2,2
2015-11-28-10-30-00,4,2,2
2015-11-28-10-45-00,8,6,2
2015-11-28-11-00-00,5,3,2
2015-11-28-11-15-00,11,4,7
2015-11-28-11-30-00,10,5,5
2015-11-28-11-45-00,18,16,2
2015-11-28-12-00-00,13,8,5
2015-11-28-12-15-00,11,4,7
2015-11-28-12-30-00,15,7,8
2015-11-28-12-45-00,7,5,2
2015-11-28-13-00-00,10,3,7
2015-11-28-13-15-00,16,8,8
2015-11-28-13-30-00,20,12,8
2015-11-28-13-45-00,14,7,7
2015-11-28-14-00-00,17,10,7
2015-11-28-14-15-00,17,9,8
2015-11-28-14-30-00,21,7,14
2015-11-28-14-45-00,16,7,9
2015-11-28-15-00-00,19,9,10
2015-11-28-15-15-00,18,9,9
2015-11-28-15-30-00,19,6,13
2015-11-28-15-45-00,16,10,6
2015-11-28-16-00-00,29,16,13
2015-11-28-16-15-00,21,10,11
2015-11-28-16-30-00,14,8,6
2015-11-28-16-45-00,21,5,16
2015-11-28-17-00-00,7,4,3
2015-11-28-17-15-00,14,6,8
2015-11-28-17-30-00,7,6,1
2015-11-28-17-45-00,7,3,4
2015-11-28-18-00-00,7,2,5
2015-11-28-18-15-00,6,6,0
2015-11-28-18-30-00,3,0,3
2015-11-28-18-45-00,2,1,1
2015-11-28-19-00-00,3,1,2
2015-11-28-19-15-00,1,1,0
2015-11-28-19-30-00,4,3,1
2015-11-28-19-45-00,2,2,0
2015-11-28-20-00-00,3,0,3
2015-11-28-20-15-00,0,0,0
2015-11-28-20-30-00,1,0,1
2015-11-28-20-45-00,0,0,0
2015-11-28-21-00-00,3,2,1
2015-11-28-21-15-00,2,0,2
2015-11-28-21-30-00,0,0,0
2015-11-28-21-45-00,0,0,0
2015-11-28-22-00-00,1,1,0
2015-11-28-22-15-00,1,1,0
2015-11-28-22-30-00,0,0,0
2015-11-28-22-45-00,0,0,0
2015-11-28-23-00-00,1,0,1
2015-11-28-23-15-00,2,2,0
2015-11-28-23-30-00,0,0,0
2015-11-28-23-45-00,0,0,0
2015-11-29-00-00-00,0,0,0
2015-11-29-00-15-00,2,1,1
2015-11-29-00-30-00,1,0,1
2015-11-29-00-45-00,0,0,0
2015-11-29-01-00-00,0,0,0
2015-11-29-01-15-00,0,0,0
2015-11-29-01-30-00,0,0,0
2015-11-29-01-45-00,1,1,0
2015-11-29-02-00-00,0,0,0
2015-11-29-02-15-00,1,0,1
2015-11-29-02-30-00,0,0,0
2015-11-29-02-45-00,0,0,0
2015-11-29-03-00-00,0,0,0
2015-11-29-03-15-00,0,0,0
2015-11-29-03-30-00,1,1,0
2015-11-29-03-45-00,0,0,0
2015-11-29-04-00-00,0,0,0
2015-11-29-04-15-00,0,0,0
2015-11-29-04-30-00,0,0,0
2015-11-29-04-45-00,1,1,0
2015-11-29-05-00-00,0,0,0
2015-11-29-05-15-00,0,0,0
2015-11-29-05-30-00,1,0,1
2015-11-29-05-45-00,0,0,0
2015-11-29-06-00-00,0,0,0
2015-11-29-06-15-00,0,0,0
2015-11-29-06-30-00,1,0,1
2015-11-29-06-45-00,0,0,0
2015-11-29-07-00-00,1,1,0
2015-11-29-07-15-00,0,0,0
2015-11-29-07-30-00,1,0,1
2015-11-29-07-45-00,0,0,0
2015-11-29-08-00-00,1,0,1
2015-11-29-08-15-00,2,1,1
2015-11-29-08-30-00,4,3,1
2015-11-29-08-45-00,3,0,3
2015-11-29-09-00-00,4,3,1
2015-11-29-09-15-00,3,3,0
2015-11-29-09-30-00,1,0,1
2015-11-29-09-45-00,8,3,5
2015-11-29-10-00-00,2,1,1
2015-11-29-10-15-00,4,0,4
2015-11-29-10-30-00,4,2,2
2015-11-29-10-45-00,7,4,3
2015-11-29-11-00-00,11,2,9
2015-11-29-11-15-00,6,2,4
2015-11-29-11-30-00,8,2,6
2015-11-29-11-45-00,14,6,8
2015-11-29-12-00-00,8,5,3
2015-11-29-12-15-00,11,9,2
2015-11-29-12-30-00,10,0,10
2015-11-29-12-45-00,19,13,6
2015-11-29-13-00-00,12,6,6
2015-11-29-13-15-00,9,1,8
2015-11-29-13-30-00,2,1,1
2015-11-29-13-45-00,4,3,1
2015-11-29-14-00-00,5,2,3
2015-11-29-14-15-00,10,6,4
2015-11-29-14-30-00,3,1,2
2015-11-29-14-45-00,9,5,4
2015-11-29-15-00-00,9,7,2
2015-11-29-15-15-00,6,3,3
2015-11-29-15-30-00,5,3,2
2015-11-29-15-45-00,2,1,1
2015-11-29-16-00-00,12,6,6
2015-11-29-16-15-00,9,3,6
2015-11-29-16-30-00,4,3,1
2015-11-29-16-45-00,4,2,2
2015-11-29-17-00-00,6,4,2
2015-11-29-17-15-00,5,4,1
2015-11-29-17-30-00,2,1,1
2015-11-29-17-45-00,8,1,7
2015-11-29-18-00-00,3,2,1
2015-11-29-18-15-00,3,1,2
2015-11-29-18-30-00,2,1,1
2015-11-29-18-45-00,7,2,5
2015-11-29-19-00-00,3,1,2
2015-11-29-19-15-00,3,2,1
2015-11-29-19-30-00,4,3,1
2015-11-29-19-45-00,3,0,3
2015-11-29-20-00-00,1,0,1
2015-11-29-20-15-00,1,1,0
2015-11-29-20-30-00,1,0,1
2015-11-29-20-45-00,0,0,0
2015-11-29-21-00-00,2,2,0
2015-11-29-21-15-00,2,2,0
2015-11-29-21-30-00,0,0,0
2015-11-29-21-45-00,0,0,0
2015-11-29-22-00-00,0,0,0
2015-11-29-22-15-00,0,0,0
2015-11-29-22-30-00,1,1,0
2015-11-29-22-45-00,0,0,0
2015-11-29-23-00-00,0,0,0
2015-11-29-23-15-00,0,0,0
2015-11-29-23-30-00,0,0,0
2015-11-29-23-45-00,0,0,0
2015-11-30-00-00-00,0,0,0
2015-11-30-00-15-00,0,0,0
2015-11-30-00-30-00,0,0,0
2015-11-30-00-45-00,0,0,0
2015-11-30-01-00-00,0,0,0
2015-11-30-01-15-00,0,0,0
2015-11-30-01-30-00,0,0,0
2015-11-30-01-45-00,0,0,0
2015-11-30-02-00-00,0,0,0
2015-11-30-02-15-00,0,0,0
2015-11-30-02-30-00,0,0,0
2015-11-30-02-45-00,0,0,0
2015-11-30-03-00-00,0,0,0
2015-11-30-03-15-00,0,0,0
2015-11-30-03-30-00,0,0,0
2015-11-30-03-45-00,0,0,0
2015-11-30-04-00-00,0,0,0
2015-11-30-04-15-00,0,0,0
2015-11-30-04-30-00,0,0,0
2015-11-30-04-45-00,0,0,0
2015-11-30-05-00-00,0,0,0
2015-11-30-05-15-00,0,0,0
2015-11-30-05-30-00,0,0,0
2015-11-30-05-45-00,3,1,2
2015-11-30-06-00-00,1,0,1
2015-11-30-06-15-00,3,0,3
2015-11-30-06-30-00,5,2,3
2015-11-30-06-45-00,9,7,2
2015-11-30-07-00-00,9,3,6
2015-11-30-07-15-00,23,8,15
2015-11-30-07-30-00,21,8,13
2015-11-30-07-45-00,20,5,15
2015-11-30-08-00-00,27,4,23
2015-11-30-08-15-00,25,4,21
2015-11-30-08-30-00,34,8,26
2015-11-30-08-45-00,30,7,23
2015-11-30-09-00-00,14,4,10
2015-11-30-09-15-00,17,4,13
2015-11-30-09-30-00,15,6,9
2015-11-30-09-45-00,5,1,4
2015-11-30-10-00-00,3,2,1
2015-11-30-10-15-00,3,1,2
2015-11-30-10-30-00,2,1,1
2015-11-30-10-45-00,3,0,3
2015-11-30-11-00-00,2,0,2
2015-11-30-11-15-00,4,3,1
2015-11-30-11-30-00,2,1,1
2015-11-30-11-45-00,6,4,2
2015-11-30-12-00-00,3,2,1
2015-11-30-12-15-00,4,3,1
2015-11-30-12-30-00,1,0,1
2015-11-30-12-45-00,3,0,3
2015-11-30-13-00-00,7,3,4
2015-11-30-13-15-00,6,3,3
2015-11-30-13-30-00,7,3,4
2015-11-30-13-45-00,1,1,0
2015-11-30-14-00-00,6,3,3
2015-11-30-14-15-00,5,3,2
2015-11-30-14-30-00,5,2,3
2015-11-30-14-45-00,4,1,3
2015-11-30-15-00-00,3,1,2
2015-11-30-15-15-00,8,5,3
2015-11-30-15-30-00,7,5,2
2015-11-30-15-45-00,14,10,4
2015-11-30-16-00-00,11,7,4
2015-11-30-16-15-00,18,16,2
2015-11-30-16-30-00,22,18,4
2015-11-30-16-45-00,20,14,6
2015-11-30-17-00-00,22,16,6
2015-11-30-17-15-00,21,16,5
2015-11-30-17-30-00,13,10,3
2015-11-30-17-45-00,18,13,5
2015-11-30-18-00-00,15,11,4
2015-11-30-18-15-00,18,11,7
2015-11-30-18-30-00,11,9,2
2015-11-30-18-45-00,9,8,1
2015-11-30-19-00-00,5,5,0
2015-11-30-19-15-00,2,2,0
2015-11-30-19-30-00,14,6,8
2015-11-30-19-45-00,4,4,0
2015-11-30-20-00-00,4,0,4
2015-11-30-20-15-00,3,2,1
2015-11-30-20-30-00,3,1,2
2015-11-30-20-45-00,4,1,3
2015-11-30-21-00-00,0,0,0
2015-11-30-21-15-00,0,0,0
2015-11-30-21-30-00,0,0,0
2015-11-30-21-45-00,2,1,1
2015-11-30-22-00-00,1,1,0
2015-11-30-22-15-00,0,0,0
2015-11-30-22-30-00,0,0,0
2015-11-30-22-45-00,0,0,0
2015-11-30-23-00-00,0,0,0
2015-11-30-23-15-00,0,0,0
2015-11-30-23-30-00,0,0,0
2015-11-30-23-45-00,1,1,0
2015-12-01-00-00-00,0,0,0
2015-12-01-00-15-00,0,0,0
2015-12-01-00-30-00,0,0,0
2015-12-01-00-45-00,0,0,0
2015-12-01-01-00-00,0,0,0
2015-12-01-01-15-00,0,0,0
2015-12-01-01-30-00,0,0,0
2015-12-01-01-45-00,0,0,0
2015-12-01-02-00-00,0,0,0
2015-12-01-02-15-00,0,0,0
2015-12-01-02-30-00,0,0,0
2015-12-01-02-45-00,0,0,0
2015-12-01-03-00-00,0,0,0
2015-12-01-03-15-00,0,0,0
2015-12-01-03-30-00,0,0,0
2015-12-01-03-45-00,0,0,0
2015-12-01-04-00-00,0,0,0
2015-12-01-04-15-00,0,0,0
2015-12-01-04-30-00,0,0,0
2015-12-01-04-45-00,0,0,0
2015-12-01-05-00-00,0,0,0
2015-12-01-05-15-00,0,0,0
2015-12-01-05-30-00,1,1,0
2015-12-01-05-45-00,0,0,0
2015-12-01-06-00-00,1,0,1
2015-12-01-06-15-00,3,0,3
2015-12-01-06-30-00,0,0,0
2015-12-01-06-45-00,5,2,3
2015-12-01-07-00-00,7,3,4
2015-12-01-07-15-00,14,5,9
2015-12-01-07-30-00,16,3,13
2015-12-01-07-45-00,17,9,8
2015-12-01-08-00-00,23,5,18
2015-12-01-08-15-00,24,6,18
2015-12-01-08-30-00,24,6,18
2015-12-01-08-45-00,27,3,24
2015-12-01-09-00-00,11,3,8
2015-12-01-09-15-00,8,2,6
2015-12-01-09-30-00,6,2,4
2015-12-01-09-45-00,4,0,4
2015-12-01-10-00-00,5,1,4
2015-12-01-10-15-00,5,3,2
2015-12-01-10-30-00,1,0,1
2015-12-01-10-45-00,3,1,2
2015-12-01-11-00-00,1,1,0
2015-12-01-11-15-00,4,2,2
2015-12-01-11-30-00,4,2,2
2015-12-01-11-45-00,4,2,2
2015-12-01-12-00-00,4,2,2
2015-12-01-12-15-00,3,1,2
2015-12-01-12-30-00,5,2,3
2015-12-01-12-45-00,6,1,5
2015-12-01-13-00-00,2,1,1
2015-12-01-13-15-00,5,3,2
2015-12-01-13-30-00,4,3,1
2015-12-01-13-45-00,11,5,6
2015-12-01-14-00-00,3,1,2
2015-12-01-14-15-00,6,4,2
2015-12-01-14-30-00,4,3,1
2015-12-01-14-45-00,1,1,0
2015-12-01-15-00-00,3,3,0
2015-12-01-15-15-00,3,1,2
2015-12-01-15-30-00,6,3,3
2015-12-01-15-45-00,5,3,2
2015-12-01-16-00-00,10,6,4
2015-12-01-16-15-00,9,6,3
2015-12-01-16-30-00,10,5,5
2015-12-01-16-45-00,14,13,1
2015-12-01-17-00-00,20,14,6
2015-12-01-17-15-00,13,12,1
2015-12-01-17-30-00,19,12,7
2015-12-01-17-45-00,11,9,2
2015-12-01-18-00-00,11,7,4
2015-12-01-18-15-00,13,10,3
2015-12-01-18-30-00,9,6,3
2015-12-01-18-45-00,8,7,1
2015-12-01-19-00-00,10,6,4
2015-12-01-19-15-00,5,4,1
2015-12-01-19-30-00,4,3,1
2015-12-01-19-45-00,3,3,0
2015-12-01-20-00-00,7,5,2
2015-12-01-20-15-00,3,1,2
2015-12-01-20-30-00,2,0,2
2015-12-01-20-45-00,5,4,1
2015-12-01-21-00-00,3,3,0
2015-12-01-21-15-00,4,3,1
2015-12-01-21-30-00,1,1,0
2015-12-01-21-45-00,1,0,1
2015-12-01-22-00-00,2,1,1
2015-12-01-22-15-00,0,0,0
2015-12-01-22-30-00,1,0,1
2015-12-01-22-45-00,3,2,1
2015-12-01-23-00-00,0,0,0
2015-12-01-23-15-00,2,2,0
2015-12-01-23-30-00,2,1,1
2015-12-01-23-45-00,0,0,0
2015-12-02-00-00-00,0,0,0
2015-12-02-00-15-00,0,0,0
2015-12-02-00-30-00,0,0,0
2015-12-02-00-45-00,0,0,0
2015-12-02-01-00-00,0,0,0
2015-12-02-01-15-00,0,0,0
2015-12-02-01-30-00,0,0,0
2015-12-02-01-45-00,0,0,0
2015-12-02-02-00-00,0,0,0
2015-12-02-02-15-00,1,0,1
2015-12-02-02-30-00,0,0,0
2015-12-02-02-45-00,0,0,0
2015-12-02-03-00-00,2,1,1
2015-12-02-03-15-00,0,0,0
2015-12-02-03-30-00,0,0,0
2015-12-02-03-45-00,0,0,0
2015-12-02-04-00-00,0,0,0
2015-12-02-04-15-00,0,0,0
2015-12-02-04-30-00,0,0,0
2015-12-02-04-45-00,0,0,0
2015-12-02-05-00-00,0,0,0
2015-12-02-05-15-00,0,0,0
2015-12-02-05-30-00,0,0,0
2015-12-02-05-45-00,2,0,2
2015-12-02-06-00-00,1,0,1
2015-12-02-06-15-00,3,0,3
2015-12-02-06-30-00,5,1,4
2015-12-02-06-45-00,12,5,7
2015-12-02-07-00-00,14,6,8
2015-12-02-07-15-00,19,4,15
2015-12-02-07-30-00,35,14,21
2015-12-02-07-45-00,28,7,21
2015-12-02-08-00-00,44,9,35
2015-12-02-08-15-00,49,10,39
2015-12-02-08-30-00,38,8,30
2015-12-02-08-45-00,35,3,32
2015-12-02-09-00-00,24,7,17
2015-12-02-09-15-00,16,1,15
2015-12-02-09-30-00,8,3,5
2015-12-02-09-45-00,14,11,3
2015-12-02-10-00-00,21,10,11
2015-12-02-10-15-00,13,7,6
2015-12-02-10-30-00,8,5,3
2015-12-02-10-45-00,12,3,9
2015-12-02-11-00-00,9,7,2
2015-12-02-11-15-00,19,15,4
2015-12-02-11-30-00,11,8,3
2015-12-02-11-45-00,17,10,7
2015-12-02-12-00-00,14,5,9
2015-12-02-12-15-00,17,10,7
2015-12-02-12-30-00,11,6,5
2015-12-02-12-45-00,11,6,5
2015-12-02-13-00-00,14,4,10
2015-12-02-13-15-00,11,5,6
2015-12-02-13-30-00,11,4,7
2015-12-02-13-45-00,10,5,5
2015-12-02-14-00-00,13,6,7
2015-12-02-14-15-00,17,9,8
2015-12-02-14-30-00,23,15,8
2015-12-02-14-45-00,16,7,9
2015-12-02-15-00-00,15,4,11
2015-12-02-15-15-00,15,10,5
2015-12-02-15-30-00,16,8,8
2015-12-02-15-45-00,16,11,5
2015-12-02-16-00-00,23,19,4
2015-12-02-16-15-00,29,22,7
2015-12-02-16-30-00,25,20,5
2015-12-02-16-45-00,39,29,10
2015-12-02-17-00-00,33,20,13
2015-12-02-17-15-00,28,23,5
2015-12-02-17-30-00,25,16,9
2015-12-02-17-45-00,36,27,9
2015-12-02-18-00-00,17,12,5
2015-12-02-18-15-00,21,14,7
2015-12-02-18-30-00,22,18,4
2015-12-02-18-45-00,24,17,7
2015-12-02-19-00-00,17,10,7
2015-12-02-19-15-00,8,6,2
2015-12-02-19-30-00,7,4,3
2015-12-02-19-45-00,5,3,2
2015-12-02-20-00-00,11,9,2
2015-12-02-20-15-00,5,5,0
2015-12-02-20-30-00,8,4,4
2015-12-02-20-45-00,5,3,2
2015-12-02-21-00-00,4,2,2
2015-12-02-21-15-00,4,1,3
2015-12-02-21-30-00,2,1,1
2015-12-02-21-45-00,3,2,1
2015-12-02-22-00-00,2,2,0
2015-12-02-22-15-00,1,0,1
2015-12-02-22-30-00,2,2,0
2015-12-02-22-45-00,0,0,0
2015-12-02-23-00-00,0,0,0
2015-12-02-23-15-00,0,0,0
2015-12-02-23-30-00,2,0,2
2015-12-02-23-45-00,0,0,0
2015-12-03-00-00-00,1,0,1
2015-12-03-00-15-00,1,1,0
2015-12-03-00-30-00,1,1,0
2015-12-03-00-45-00,0,0,0
2015-12-03-01-00-00,0,0,0
2015-12-03-01-15-00,0,0,0
2015-12-03-01-30-00,0,0,0
2015-12-03-01-45-00,0,0,0
2015-12-03-02-00-00,0,0,0
2015-12-03-02-15-00,0,0,0
2015-12-03-02-30-00,0,0,0
2015-12-03-02-45-00,0,0,0
2015-12-03-03-00-00,0,0,0
2015-12-03-03-15-00,0,0,0
2015-12-03-03-30-00,0,0,0
2015-12-03-03-45-00,0,0,0
2015-12-03-04-00-00,0,0,0
2015-12-03-04-15-00,0,0,0
2015-12-03-04-30-00,0,0,0
2015-12-03-04-45-00,0,0,0
2015-12-03-05-00-00,1,1,0
2015-12-03-05-15-00,0,0,0
2015-12-03-05-30-00,2,1,1
2015-12-03-05-45-00,1,0,1
2015-12-03-06-00-00,2,0,2
2015-12-03-06-15-00,3,0,3
2015-12-03-06-30-00,5,0,5
2015-12-03-06-45-00,12,5,7
2015-12-03-07-00-00,18,8,10
2015-12-03-07-15-00,13,5,8
2015-12-03-07-30-00,37,20,17
2015-12-03-07-45-00,39,10,29
2015-12-03-08-00-00,44,7,37
2015-12-03-08-15-00,45,10,35
2015-12-03-08-30-00,28,7,21
2015-12-03-08-45-00,46,6,40
2015-12-03-09-00-00,25,5,20
2015-12-03-09-15-00,17,8,9
2015-12-03-09-30-00,8,2,6
2015-12-03-09-45-00,9,5,4
2015-12-03-10-00-00,7,2,5
2015-12-03-10-15-00,13,5,8
2015-12-03-10-30-00,8,4,4
2015-12-03-10-45-00,10,6,4
2015-12-03-11-00-00,13,7,6
2015-12-03-11-15-00,14,6,8
2015-12-03-11-30-00,19,15,4
2015-12-03-11-45-00,15,6,9
2015-12-03-12-00-00,23,10,13
2015-12-03-12-15-00,17,10,7
2015-12-03-12-30-00,14,5,9
2015-12-03-12-45-00,18,10,8
2015-12-03-13-00-00,30,13,17
2015-12-03-13-15-00,30,12,18
2015-12-03-13-30-00,29,16,13
2015-12-03-13-45-00,29,13,16
2015-12-03-14-00-00,34,19,15
2015-12-03-14-15-00,36,20,16
2015-12-03-14-30-00,35,16,19
2015-12-03-14-45-00,41,22,19
2015-12-03-15-00-00,36,22,14
2015-12-03-15-15-00,49,33,16
2015-12-03-15-30-00,42,23,19
2015-12-03-15-45-00,34,23,11
2015-12-03-16-00-00,32,20,12
2015-12-03-16-15-00,35,25,10
2015-12-03-16-30-00,27,21,6
2015-12-03-16-45-00,33,25,8
2015-12-03-17-00-00,35,21,14
2015-12-03-17-15-00,37,26,11
2015-12-03-17-30-00,29,23,6
2015-12-03-17-45-00,21,12,9
2015-12-03-18-00-00,25,18,7
2015-12-03-18-15-00,21,19,2
2015-12-03-18-30-00,21,17,4
2015-12-03-18-45-00,19,9,10
2015-12-03-19-00-00,15,9,6
2015-12-03-19-15-00,18,12,6
2015-12-03-19-30-00,9,7,2
2015-12-03-19-45-00,13,6,7
2015-12-03-20-00-00,7,6,1
2015-12-03-20-15-00,1,0,1
2015-12-03-20-30-00,3,0,3
2015-12-03-20-45-00,2,1,1
2015-12-03-21-00-00,6,4,2
2015-12-03-21-15-00,3,3,0
2015-12-03-21-30-00,1,1,0
2015-12-03-21-45-00,3,1,2
2015-12-03-22-00-00,4,0,4
2015-12-03-22-15-00,3,0,3
2015-12-03-22-30-00,0,0,0
2015-12-03-22-45-00,2,1,1
2015-12-03-23-00-00,0,0,0
2015-12-03-23-15-00,0,0,0
2015-12-03-23-30-00,2,0,2
2015-12-03-23-45-00,1,1,0
2015-12-04-00-00-00,0,0,0
2015-12-04-00-15-00,0,0,0
2015-12-04-00-30-00,0,0,0
2015-12-04-00-45-00,1,0,1
2015-12-04-01-00-00,0,0,0
2015-12-04-01-15-00,0,0,0
2015-12-04-01-30-00,0,0,0
2015-12-04-01-45-00,0,0,0
2015-12-04-02-00-00,0,0,0
2015-12-04-02-15-00,0,0,0
2015-12-04-02-30-00,0,0,0
2015-12-04-02-45-00,0,0,0
2015-12-04-03-00-00,0,0,0
2015-12-04-03-15-00,0,0,0
2015-12-04-03-30-00,0,0,0
2015-12-04-03-45-00,0,0,0
2015-12-04-04-00-00,0,0,0
2015-12-04-04-15-00,0,0,0
2015-12-04-04-30-00,0,0,0
2015-12-04-04-45-00,0,0,0
2015-12-04-05-00-00,1,1,0
2015-12-04-05-15-00,0,0,0
2015-12-04-05-30-00,2,1,1
2015-12-04-05-45-00,3,1,2
2015-12-04-06-00-00,0,0,0
2015-12-04-06-15-00,5,1,4
2015-12-04-06-30-00,7,3,4
2015-12-04-06-45-00,9,6,3
2015-12-04-07-00-00,7,4,3
2015-12-04-07-15-00,12,5,7
2015-12-04-07-30-00,19,7,12
2015-12-04-07-45-00,13,4,9
2015-12-04-08-00-00,22,5,17
2015-12-04-08-15-00,23,3,20
2015-12-04-08-30-00,19,8,11
2015-12-04-08-45-00,18,3,15
2015-12-04-09-00-00,11,1,10
2015-12-04-09-15-00,11,2,9
2015-12-04-09-30-00,8,1,7
2015-12-04-09-45-00,6,3,3
2015-12-04-10-00-00,3,1,2
2015-12-04-10-15-00,3,0,3
2015-12-04-10-30-00,6,4,2
2015-12-04-10-45-00,7,6,1
2015-12-04-11-00-00,8,5,3
2015-12-04-11-15-00,5,4,1
2015-12-04-11-30-00,5,2,3
2015-12-04-11-45-00,2,1,1
2015-12-04-12-00-00,3,2,1
2015-12-04-12-15-00,14,6,8
2015-12-04-12-30-00,6,2,4
2015-12-04-12-45-00,8,6,2
2015-12-04-13-00-00,4,2,2
2015-12-04-13-15-00,12,5,7
2015-12-04-13-30-00,10,4,6
2015-12-04-13-45-00,12,6,6
2015-12-04-14-00-00,12,7,5
2015-12-04-14-15-00,10,6,4
2015-12-04-14-30-00,23,8,15
2015-12-04-14-45-00,32,20,12
2015-12-04-15-00-00,18,16,2
2015-12-04-15-15-00,27,13,14
2015-12-04-15-30-00,29,16,13
2015-12-04-15-45-00,43,26,17
2015-12-04-16-00-00,29,23,6
2015-12-04-16-15-00,36,26,10
2015-12-04-16-30-00,30,20,10
2015-12-04-16-45-00,29,24,5
2015-12-04-17-00-00,20,15,5
2015-12-04-17-15-00,8,5,3
2015-12-04-17-30-00,9,4,5
2015-12-04-17-45-00,9,4,5
2015-12-04-18-00-00,14,10,4
2015-12-04-18-15-00,9,6,3
2015-12-04-18-30-00,13,5,8
2015-12-04-18-45-00,11,11,0
2015-12-04-19-00-00,6,2,4
2015-12-04-19-15-00,1,0,1
2015-12-04-19-30-00,3,2,1
2015-12-04-19-45-00,2,1,1
2015-12-04-20-00-00,3,1,2
2015-12-04-20-15-00,3,2,1
2015-12-04-20-30-00,1,1,0
2015-12-04-20-45-00,3,2,1
2015-12-04-21-00-00,3,1,2
2015-12-04-21-15-00,2,1,1
2015-12-04-21-30-00,2,2,0
2015-12-04-21-45-00,1,0,1
2015-12-04-22-00-00,2,1,1
2015-12-04-22-15-00,0,0,0
2015-12-04-22-30-00,0,0,0
2015-12-04-22-45-00,2,2,0
2015-12-04-23-00-00,3,2,1
2015-12-04-23-15-00,2,2,0
2015-12-04-23-30-00,0,0,0
2015-12-04-23-45-00,2,0,2
2015-12-05-00-00-00,4,2,2
2015-12-05-00-15-00,2,2,0
2015-12-05-00-30-00,1,1,0
2015-12-05-00-45-00,1,1,0
2015-12-05-01-00-00,1,0,1
2015-12-05-01-15-00,2,1,1
2015-12-05-01-30-00,0,0,0
2015-12-05-01-45-00,0,0,0
2015-12-05-02-00-00,0,0,0
2015-12-05-02-15-00,0,0,0
2015-12-05-02-30-00,0,0,0
2015-12-05-02-45-00,0,0,0
2015-12-05-03-00-00,0,0,0
2015-12-05-03-15-00,0,0,0
2015-12-05-03-30-00,1,1,0
2015-12-05-03-45-00,0,0,0
2015-12-05-04-00-00,0,0,0
2015-12-05-04-15-00,0,0,0
2015-12-05-04-30-00,0,0,0
2015-12-05-04-45-00,0,0,0
2015-12-05-05-00-00,0,0,0
2015-12-05-05-15-00,0,0,0
2015-12-05-05-30-00,0,0,0
2015-12-05-05-45-00,0,0,0
2015-12-05-06-00-00,0,0,0
2015-12-05-06-15-00,2,0,2
2015-12-05-06-30-00,1,1,0
2015-12-05-06-45-00,0,0,0
2015-12-05-07-00-00,0,0,0
2015-12-05-07-15-00,1,0,1
2015-12-05-07-30-00,1,0,1
2015-12-05-07-45-00,0,0,0
2015-12-05-08-00-00,5,2,3
2015-12-05-08-15-00,8,4,4
2015-12-05-08-30-00,7,4,3
2015-12-05-08-45-00,0,0,0
2015-12-05-09-00-00,1,0,1
2015-12-05-09-15-00,6,4,2
2015-12-05-09-30-00,10,5,5
2015-12-05-09-45-00,9,6,3
2015-12-05-10-00-00,4,2,2
2015-12-05-10-15-00,19,6,13
2015-12-05-10-30-00,14,9,5
2015-12-05-10-45-00,18,6,12
2015-12-05-11-00-00,22,12,10
2015-12-05-11-15-00,16,7,9
2015-12-05-11-30-00,12,6,6
2015-12-05-11-45-00,24,13,11
2015-12-05-12-00-00,14,7,7
2015-12-05-12-15-00,23,10,13
2015-12-05-12-30-00,12,6,6
2015-12-05-12-45-00,16,10,6
2015-12-05-13-00-00,21,9,12
2015-12-05-13-15-00,8,3,5
2015-12-05-13-30-00,16,8,8
2015-12-05-13-45-00,22,11,11
2015-12-05-14-00-00,22,11,11
2015-12-05-14-15-00,22,14,8
2015-12-05-14-30-00,25,16,9
2015-12-05-14-45-00,27,13,14
2015-12-05-15-00-00,23,15,8
2015-12-05-15-15-00,22,5,17
2015-12-05-15-30-00,16,9,7
2015-12-05-15-45-00,15,5,10
2015-12-05-16-00-00,22,14,8
2015-12-05-16-15-00,13,10,3
2015-12-05-16-30-00,5,4,1
2015-12-05-16-45-00,10,5,5
2015-12-05-17-00-00,6,3,3
2015-12-05-17-15-00,15,9,6
2015-12-05-17-30-00,5,3,2
2015-12-05-17-45-00,3,2,1
2015-12-05-18-00-00,5,2,3
2015-12-05-18-15-00,9,2,7
2015-12-05-18-30-00,6,1,5
2015-12-05-18-45-00,3,2,1
2015-12-05-19-00-00,6,2,4
2015-12-05-19-15-00,7,3,4
2015-12-05-19-30-00,5,4,1
2015-12-05-19-45-00,2,1,1
2015-12-05-20-00-00,2,0,2
2015-12-05-20-15-00,1,1,0
2015-12-05-20-30-00,1,1,0
2015-12-05-20-45-00,0,0,0
2015-12-05-21-00-00,3,0,3
2015-12-05-21-15-00,2,2,0
2015-12-05-21-30-00,0,0,0
2015-12-05-21-45-00,0,0,0
2015-12-05-22-00-00,0,0,0
2015-12-05-22-15-00,5,4,1
2015-12-05-22-30-00,1,1,0
2015-12-05-22-45-00,1,1,0
2015-12-05-23-00-00,0,0,0
2015-12-05-23-15-00,1,1,0
2015-12-05-23-30-00,0,0,0
2015-12-05-23-45-00,1,1,0
2015-12-06-00-00-00,1,1,0
2015-12-06-00-15-00,0,0,0
2015-12-06-00-30-00,0,0,0
2015-12-06-00-45-00,1,1,0
2015-12-06-01-00-00,0,0,0
2015-12-06-01-15-00,0,0,0
2015-12-06-01-30-00,0,0,0
2015-12-06-01-45-00,2,0,2
2015-12-06-02-00-00,3,0,3
2015-12-06-02-15-00,0,0,0
2015-12-06-02-30-00,0,0,0
2015-12-06-02-45-00,0,0,0
2015-12-06-03-00-00,0,0,0
2015-12-06-03-15-00,1,0,1
2015-12-06-03-30-00,0,0,0
2015-12-06-03-45-00,0,0,0
2015-12-06-04-00-00,0,0,0
2015-12-06-04-15-00,0,0,0
2015-12-06-04-30-00,1,1,0
2015-12-06-04-45-00,0,0,0
2015-12-06-05-00-00,0,0,0
2015-12-06-05-15-00,0,0,0
2015-12-06-05-30-00,0,0,0
2015-12-06-05-45-00,0,0,0
2015-12-06-06-00-00,0,0,0
2015-12-06-06-15-00,0,0,0
2015-12-06-06-30-00,1,0,1
2015-12-06-06-45-00,0,0,0
2015-12-06-07-00-00,2,0,2
2015-12-06-07-15-00,0,0,0
2015-12-06-07-30-00,0,0,0
2015-12-06-07-45-00,0,0,0
2015-12-06-08-00-00,1,1,0
2015-12-06-08-15-00,5,3,2
2015-12-06-08-30-00,5,0,5
2015-12-06-08-45-00,0,0,0
2015-12-06-09-00-00,7,3,4
2015-12-06-09-15-00,6,3,3
2015-12-06-09-30-00,10,5,5
2015-12-06-09-45-00,6,3,3
2015-12-06-10-00-00,11,6,5
2015-12-06-10-15-00,12,5,7
2015-12-06-10-30-00,17,10,7
2015-12-06-10-45-00,18,8,10
2015-12-06-11-00-00,14,7,7
2015-12-06-11-15-00,36,12,24
2015-12-06-11-30-00,11,5,6
2015-12-06-11-45-00,19,14,5
2015-12-06-12-00-00,21,15,6
2015-12-06-12-15-00,17,12,5
2015-12-06-12-30-00,32,17,15
2015-12-06-12-45-00,22,12,10
2015-12-06-13-00-00,27,15,12
2015-12-06-13-15-00,23,11,12
2015-12-06-13-30-00,24,13,11
2015-12-06-13-45-00,25,15,10
2015-12-06-14-00-00,28,17,11
2015-12-06-14-15-00,22,14,8
2015-12-06-14-30-00,40,23,17
2015-12-06-14-45-00,36,13,23
2015-12-06-15-00-00,41,19,22
2015-12-06-15-15-00,31,18,13
2015-12-06-15-30-00,36,20,16
2015-12-06-15-45-00,40,26,14
2015-12-06-16-00-00,19,8,11
2015-12-06-16-15-00,23,15,8
2015-12-06-16-30-00,16,11,5
2015-12-06-16-45-00,18,9,9
2015-12-06-17-00-00,17,9,8
2015-12-06-17-15-00,12,3,9
2015-12-06-17-30-00,8,5,3
2015-12-06-17-45-00,8,5,3
2015-12-06-18-00-00,4,1,3
2015-12-06-18-15-00,7,7,0
2015-12-06-18-30-00,12,4,8
2015-12-06-18-45-00,2,1,1
2015-12-06-19-00-00,1,0,1
2015-12-06-19-15-00,3,1,2
2015-12-06-19-30-00,1,1,0
2015-12-06-19-45-00,3,1,2
2015-12-06-20-00-00,6,5,1
2015-12-06-20-15-00,1,0,1
2015-12-06-20-30-00,0,0,0
2015-12-06-20-45-00,2,1,1
2015-12-06-21-00-00,2,1,1
2015-12-06-21-15-00,2,2,0
2015-12-06-21-30-00,0,0,0
2015-12-06-21-45-00,0,0,0
2015-12-06-22-00-00,3,3,0
2015-12-06-22-15-00,0,0,0
2015-12-06-22-30-00,0,0,0
2015-12-06-22-45-00,1,1,0
2015-12-06-23-00-00,1,1,0
2015-12-06-23-15-00,0,0,0
2015-12-06-23-30-00,0,0,0
2015-12-06-23-45-00,0,0,0
2015-12-07-00-00-00,1,1,0
2015-12-07-00-15-00,2,0,2
2015-12-07-00-30-00,0,0,0
2015-12-07-00-45-00,0,0,0
2015-12-07-01-00-00,0,0,0
2015-12-07-01-15-00,0,0,0
2015-12-07-01-30-00,0,0,0
2015-12-07-01-45-00,0,0,0
2015-12-07-02-00-00,0,0,0
2015-12-07-02-15-00,0,0,0
2015-12-07-02-30-00,0,0,0
2015-12-07-02-45-00,0,0,0
2015-12-07-03-00-00,0,0,0
2015-12-07-03-15-00,0,0,0
2015-12-07-03-30-00,0,0,0
2015-12-07-03-45-00,0,0,0
2015-12-07-04-00-00,0,0,0
2015-12-07-04-15-00,0,0,0
2015-12-07-04-30-00,0,0,0
2015-12-07-04-45-00,0,0,0
2015-12-07-05-00-00,0,0,0
2015-12-07-05-15-00,1,0,1
2015-12-07-05-30-00,2,2,0
2015-12-07-05-45-00,5,2,3
2015-12-07-06-00-00,3,1,2
2015-12-07-06-15-00,7,0,7
2015-12-07-06-30-00,6,0,6
2015-12-07-06-45-00,13,5,8
2015-12-07-07-00-00,13,3,10
2015-12-07-07-15-00,21,11,10
2015-12-07-07-30-00,24,14,10
2015-12-07-07-45-00,40,12,28
2015-12-07-08-00-00,22,3,19
2015-12-07-08-15-00,46,4,42
2015-12-07-08-30-00,47,7,40
2015-12-07-08-45-00,33,10,23
2015-12-07-09-00-00,21,8,13
2015-12-07-09-15-00,23,7,16
2015-12-07-09-30-00,15,7,8
2015-12-07-09-45-00,16,6,10
2015-12-07-10-00-00,12,4,8
2015-12-07-10-15-00,12,6,6
2015-12-07-10-30-00,12,7,5
2015-12-07-10-45-00,14,7,7
2015-12-07-11-00-00,7,3,4
2015-12-07-11-15-00,12,9,3
2015-12-07-11-30-00,15,10,5
2015-12-07-11-45-00,17,5,12
2015-12-07-12-00-00,20,16,4
2015-12-07-12-15-00,17,8,9
2015-12-07-12-30-00,22,15,7
2015-12-07-12-45-00,20,11,9
2015-12-07-13-00-00,18,10,8
2015-12-07-13-15-00,19,7,12
2015-12-07-13-30-00,21,10,11
2015-12-07-13-45-00,23,8,15
2015-12-07-14-00-00,33,16,17
2015-12-07-14-15-00,37,21,16
2015-12-07-14-30-00,47,33,14
2015-12-07-14-45-00,34,14,20
2015-12-07-15-00-00,27,19,8
2015-12-07-15-15-00,36,22,14
2015-12-07-15-30-00,32,20,12
2015-12-07-15-45-00,35,19,16
2015-12-07-16-00-00,30,17,13
2015-12-07-16-15-00,39,26,13
2015-12-07-16-30-00,41,31,10
2015-12-07-16-45-00,34,23,11
2015-12-07-17-00-00,24,17,7
2015-12-07-17-15-00,44,34,10
2015-12-07-17-30-00,29,22,7
2015-12-07-17-45-00,23,15,8
2015-12-07-18-00-00,20,9,11
2015-12-07-18-15-00,25,18,7
2015-12-07-18-30-00,13,8,5
2015-12-07-18-45-00,14,10,4
2015-12-07-19-00-00,13,11,2
2015-12-07-19-15-00,9,7,2
2015-12-07-19-30-00,7,7,0
2015-12-07-19-45-00,7,5,2
2015-12-07-20-00-00,7,2,5
2015-12-07-20-15-00,4,2,2
2015-12-07-20-30-00,3,2,1
2015-12-07-20-45-00,8,2,6
2015-12-07-21-00-00,0,0,0
2015-12-07-21-15-00,5,2,3
2015-12-07-21-30-00,5,3,2
2015-12-07-21-45-00,2,2,0
2015-12-07-22-00-00,1,0,1
2015-12-07-22-15-00,3,2,1
2015-12-07-22-30-00,3,1,2
2015-12-07-22-45-00,2,2,0
2015-12-07-23-00-00,0,0,0
2015-12-07-23-15-00,1,0,1
2015-12-07-23-30-00,0,0,0
2015-12-07-23-45-00,0,0,0
2015-12-08-00-00-00,0,0,0
2015-12-08-00-15-00,0,0,0
2015-12-08-00-30-00,0,0,0
2015-12-08-00-45-00,0,0,0
2015-12-08-01-00-00,0,0,0
2015-12-08-01-15-00,0,0,0
2015-12-08-01-30-00,0,0,0
2015-12-08-01-45-00,0,0,0
2015-12-08-02-00-00,0,0,0
2015-12-08-02-15-00,1,0,1
2015-12-08-02-30-00,0,0,0
2015-12-08-02-45-00,0,0,0
2015-12-08-03-00-00,0,0,0
2015-12-08-03-15-00,0,0,0
2015-12-08-03-30-00,0,0,0
2015-12-08-03-45-00,0,0,0
2015-12-08-04-00-00,1,0,1
2015-12-08-04-15-00,1,1,0
2015-12-08-04-30-00,2,0,2
2015-12-08-04-45-00,0,0,0
2015-12-08-05-00-00,0,0,0
2015-12-08-05-15-00,1,0,1
2015-12-08-05-30-00,2,2,0
2015-12-08-05-45-00,2,0,2
2015-12-08-06-00-00,1,0,1
2015-12-08-06-15-00,6,1,5
2015-12-08-06-30-00,7,4,3
2015-12-08-06-45-00,15,3,12
2015-12-08-07-00-00,9,2,7
2015-12-08-07-15-00,23,12,11
2015-12-08-07-30-00,37,16,21
2015-12-08-07-45-00,44,15,29
2015-12-08-08-00-00,43,10,33
2015-12-08-08-15-00,46,9,37
2015-12-08-08-30-00,49,7,42
2015-12-08-08-45-00,45,7,38
2015-12-08-09-00-00,32,6,26
2015-12-08-09-15-00,24,6,18
2015-12-08-09-30-00,15,8,7
2015-12-08-09-45-00,10,4,6
2015-12-08-10-00-00,11,5,6
2015-12-08-10-15-00,13,5,8
2015-12-08-10-30-00,13,3,10
2015-12-08-10-45-00,13,3,10
2015-12-08-11-00-00,21,11,10
2015-12-08-11-15-00,21,9,12
2015-12-08-11-30-00,25,17,8
2015-12-08-11-45-00,15,9,6
2015-12-08-12-00-00,17,7,10
2015-12-08-12-15-00,18,11,7
2015-12-08-12-30-00,29,17,12
2015-12-08-12-45-00,30,15,15
2015-12-08-13-00-00,21,12,9
2015-12-08-13-15-00,18,14,4
2015-12-08-13-30-00,35,15,20
2015-12-08-13-45-00,36,16,20
2015-12-08-14-00-00,35,12,23
2015-12-08-14-15-00,38,27,11
2015-12-08-14-30-00,46,22,24
2015-12-08-14-45-00,33,16,17
2015-12-08-15-00-00,45,25,20
2015-12-08-15-15-00,38,23,15
2015-12-08-15-30-00,32,19,13
2015-12-08-15-45-00,39,25,14
2015-12-08-16-00-00,46,27,19
2015-12-08-16-15-00,35,25,10
2015-12-08-16-30-00,38,21,17
2015-12-08-16-45-00,44,24,20
2015-12-08-17-00-00,43,34,9
2015-12-08-17-15-00,27,21,6
2015-12-08-17-30-00,32,25,7
2015-12-08-17-45-00,26,22,4
2015-12-08-18-00-00,35,24,11
2015-12-08-18-15-00,29,22,7
2015-12-08-18-30-00,9,7,2
2015-12-08-18-45-00,15,8,7
2015-12-08-19-00-00,10,7,3
2015-12-08-19-15-00,13,6,7
2015-12-08-19-30-00,18,12,6
2015-12-08-19-45-00,14,8,6
2015-12-08-20-00-00,10,7,3
2015-12-08-20-15-00,5,5,0
2015-12-08-20-30-00,5,5,0
2015-12-08-20-45-00,3,2,1
2015-12-08-21-00-00,4,1,3
2015-12-08-21-15-00,5,3,2
2015-12-08-21-30-00,2,0,2
2015-12-08-21-45-00,2,0,2
2015-12-08-22-00-00,2,0,2
2015-12-08-22-15-00,2,2,0
2015-12-08-22-30-00,2,1,1
2015-12-08-22-45-00,3,3,0
2015-12-08-23-00-00,3,2,1
2015-12-08-23-15-00,1,1,0
2015-12-08-23-30-00,0,0,0
2015-12-08-23-45-00,0,0,0
2015-12-09-00-00-00,0,0,0
2015-12-09-00-15-00,1,1,0
2015-12-09-00-30-00,1,1,0
2015-12-09-00-45-00,0,0,0
2015-12-09-01-00-00,1,0,1
2015-12-09-01-15-00,0,0,0
2015-12-09-01-30-00,0,0,0
2015-12-09-01-45-00,0,0,0
2015-12-09-02-00-00,0,0,0
2015-12-09-02-15-00,0,0,0
2015-12-09-02-30-00,0,0,0
2015-12-09-02-45-00,0,0,0
2015-12-09-03-00-00,0,0,0
2015-12-09-03-15-00,0,0,0
2015-12-09-03-30-00,0,0,0
2015-12-09-03-45-00,0,0,0
2015-12-09-04-00-00,0,0,0
2015-12-09-04-15-00,0,0,0
2015-12-09-04-30-00,0,0,0
2015-12-09-04-45-00,0,0,0
2015-12-09-05-00-00,0,0,0
2015-12-09-05-15-00,0,0,0
2015-12-09-05-30-00,1,0,1
2015-12-09-05-45-00,0,0,0
2015-12-09-06-00-00,3,1,2
2015-12-09-06-15-00,3,1,2
2015-12-09-06-30-00,5,1,4
2015-12-09-06-45-00,15,6,9
2015-12-09-07-00-00,16,5,11
2015-12-09-07-15-00,26,10,16
2015-12-09-07-30-00,36,15,21
2015-12-09-07-45-00,37,6,31
2015-12-09-08-00-00,26,7,19
2015-12-09-08-15-00,46,12,34
2015-12-09-08-30-00,42,7,35
2015-12-09-08-45-00,38,8,30
2015-12-09-09-00-00,22,7,15
2015-12-09-09-15-00,17,5,12
2015-12-09-09-30-00,10,3,7
2015-12-09-09-45-00,11,4,7
2015-12-09-10-00-00,13,6,7
2015-12-09-10-15-00,4,1,3
2015-12-09-10-30-00,10,2,8
2015-12-09-10-45-00,17,9,8
2015-12-09-11-00-00,11,7,4
2015-12-09-11-15-00,15,6,9
2015-12-09-11-30-00,20,14,6
2015-12-09-11-45-00,5,4,1
2015-12-09-12-00-00,20,7,13
2015-12-09-12-15-00,18,9,9
2015-12-09-12-30-00,14,10,4
2015-12-09-12-45-00,10,4,6
2015-12-09-13-00-00,17,9,8
2015-12-09-13-15-00,30,16,14
2015-12-09-13-30-00,21,14,7
2015-12-09-13-45-00,21,12,9
2015-12-09-14-00-00,17,8,9
2015-12-09-14-15-00,25,18,7
2015-12-09-14-30-00,32,16,16
2015-12-09-14-45-00,30,12,18
2015-12-09-15-00-00,15,10,5
2015-12-09-15-15-00,21,9,12
2015-12-09-15-30-00,23,14,9
2015-12-09-15-45-00,32,25,7
2015-12-09-16-00-00,38,26,12
2015-12-09-16-15-00,32,25,7
2015-12-09-16-30-00,46,31,15
2015-12-09-16-45-00,32,23,9
2015-12-09-17-00-00,33,25,8
2015-12-09-17-15-00,35,17,18
2015-12-09-17-30-00,25,17,8
2015-12-09-17-45-00,27,21,6
2015-12-09-18-00-00,23,17,6
2015-12-09-18-15-00,33,24,9
2015-12-09-18-30-00,27,19,8
2015-12-09-18-45-00,21,12,9
2015-12-09-19-00-00,12,9,3
2015-12-09-19-15-00,5,3,2
2015-12-09-19-30-00,10,6,4
2015-12-09-19-45-00,6,4,2
2015-12-09-20-00-00,6,5,1
2015-12-09-20-15-00,5,4,1
2015-12-09-20-30-00,11,4,7
2015-12-09-20-45-00,1,1,0
2015-12-09-21-00-00,6,5,1
2015-12-09-21-15-00,3,3,0
2015-12-09-21-30-00,6,5,1
2015-12-09-21-45-00,4,2,2
2015-12-09-22-00-00,4,2,2
2015-12-09-22-15-00,4,1,3
2015-12-09-22-30-00,2,2,0
2015-12-09-22-45-00,3,2,1
2015-12-09-23-00-00,4,4,0
2015-12-09-23-15-00,1,1,0
2015-12-09-23-30-00,0,0,0
2015-12-09-23-45-00,0,0,0
2015-12-10-00-00-00,0,0,0
2015-12-10-00-15-00,0,0,0
2015-12-10-00-30-00,0,0,0
2015-12-10-00-45-00,0,0,0
2015-12-10-01-00-00,0,0,0
2015-12-10-01-15-00,0,0,0
2015-12-10-01-30-00,0,0,0
2015-12-10-01-45-00,0,0,0
2015-12-10-02-00-00,0,0,0
2015-12-10-02-15-00,0,0,0
2015-12-10-02-30-00,0,0,0
2015-12-10-02-45-00,0,0,0
2015-12-10-03-00-00,0,0,0
2015-12-10-03-15-00,0,0,0
2015-12-10-03-30-00,0,0,0
2015-12-10-03-45-00,0,0,0
2015-12-10-04-00-00,0,0,0
2015-12-10-04-15-00,0,0,0
2015-12-10-04-30-00,0,0,0
2015-12-10-04-45-00,0,0,0
2015-12-10-05-00-00,0,0,0
2015-12-10-05-15-00,0,0,0
2015-12-10-05-30-00,2,0,2
2015-12-10-05-45-00,3,2,1
2015-12-10-06-00-00,3,2,1
2015-12-10-06-15-00,4,2,2
2015-12-10-06-30-00,8,3,5
2015-12-10-06-45-00,12,2,10
2015-12-10-07-00-00,20,6,14
2015-12-10-07-15-00,17,7,10
2015-12-10-07-30-00,31,11,20
2015-12-10-07-45-00,35,6,29
2015-12-10-08-00-00,37,11,26
2015-12-10-08-15-00,38,6,32
2015-12-10-08-30-00,43,8,35
2015-12-10-08-45-00,39,4,35
2015-12-10-09-00-00,20,5,15
2015-12-10-09-15-00,14,2,12
2015-12-10-09-30-00,13,6,7
2015-12-10-09-45-00,12,3,9
2015-12-10-10-00-00,11,6,5
2015-12-10-10-15-00,8,4,4
2015-12-10-10-30-00,15,7,8
2015-12-10-10-45-00,9,6,3
2015-12-10-11-00-00,12,6,6
2015-12-10-11-15-00,14,9,5
2015-12-10-11-30-00,14,9,5
2015-12-10-11-45-00,13,6,7
2015-12-10-12-00-00,12,8,4
2015-12-10-12-15-00,14,5,9
2015-12-10-12-30-00,18,10,8
2015-12-10-12-45-00,14,9,5
2015-12-10-13-00-00,22,6,16
2015-12-10-13-15-00,15,7,8
2015-12-10-13-30-00,19,13,6
2015-12-10-13-45-00,18,6,12
2015-12-10-14-00-00,19,7,12
2015-12-10-14-15-00,24,12,12
2015-12-10-14-30-00,16,13,3
2015-12-10-14-45-00,19,12,7
2015-12-10-15-00-00,20,8,12
2015-12-10-15-15-00,30,13,17
2015-12-10-15-30-00,40,29,11
2015-12-10-15-45-00,24,15,9
2015-12-10-16-00-00,33,21,12
2015-12-10-16-15-00,32,26,6
2015-12-10-16-30-00,21,13,8
2015-12-10-16-45-00,29,22,7
2015-12-10-17-00-00,27,22,5
2015-12-10-17-15-00,29,23,6
2015-12-10-17-30-00,35,27,8
2015-12-10-17-45-00,26,19,7
2015-12-10-18-00-00,21,10,11
2015-12-10-18-15-00,24,17,7
2015-12-10-18-30-00,15,12,3
2015-12-10-18-45-00,16,10,6
2015-12-10-19-00-00,19,14,5
2015-12-10-19-15-00,6,4,2
2015-12-10-19-30-00,6,5,1
2015-12-10-19-45-00,10,3,7
2015-12-10-20-00-00,6,5,1
2015-12-10-20-15-00,3,3,0
2015-12-10-20-30-00,2,0,2
2015-12-10-20-45-00,2,2,0
2015-12-10-21-00-00,0,0,0
2015-12-10-21-15-00,1,1,0
2015-12-10-21-30-00,0,0,0
2015-12-10-21-45-00,4,4,0
2015-12-10-22-00-00,1,0,1
2015-12-10-22-15-00,1,0,1
2015-12-10-22-30-00,1,0,1
2015-12-10-22-45-00,4,2,2
2015-12-10-23-00-00,3,1,2
2015-12-10-23-15-00,1,0,1
2015-12-10-23-30-00,1,0,1
2015-12-10-23-45-00,2,2,0
2015-12-11-00-00-00,3,1,2
2015-12-11-00-15-00,1,1,0
2015-12-11-00-30-00,0,0,0
2015-12-11-00-45-00,0,0,0
2015-12-11-01-00-00,0,0,0
2015-12-11-01-15-00,0,0,0
2015-12-11-01-30-00,0,0,0
2015-12-11-01-45-00,0,0,0
2015-12-11-02-00-00,0,0,0
2015-12-11-02-15-00,0,0,0
2015-12-11-02-30-00,0,0,0
2015-12-11-02-45-00,0,0,0
2015-12-11-03-00-00,0,0,0
2015-12-11-03-15-00,0,0,0
2015-12-11-03-30-00,0,0,0
2015-12-11-03-45-00,0,0,0
2015-12-11-04-00-00,0,0,0
2015-12-11-04-15-00,0,0,0
2015-12-11-04-30-00,0,0,0
2015-12-11-04-45-00,1,1,0
2015-12-11-05-00-00,0,0,0
2015-12-11-05-15-00,0,0,0
2015-12-11-05-30-00,1,0,1
2015-12-11-05-45-00,2,0,2
2015-12-11-06-00-00,2,1,1
2015-12-11-06-15-00,6,1,5
2015-12-11-06-30-00,3,2,1
2015-12-11-06-45-00,7,3,4
2015-12-11-07-00-00,7,2,5
2015-12-11-07-15-00,18,4,14
2015-12-11-07-30-00,20,5,15
2015-12-11-07-45-00,22,6,16
2015-12-11-08-00-00,21,2,19
2015-12-11-08-15-00,31,3,28
2015-12-11-08-30-00,29,5,24
2015-12-11-08-45-00,20,4,16
2015-12-11-09-00-00,12,3,9
2015-12-11-09-15-00,14,4,10
2015-12-11-09-30-00,8,2,6
2015-12-11-09-45-00,5,1,4
2015-12-11-10-00-00,5,3,2
2015-12-11-10-15-00,5,3,2
2015-12-11-10-30-00,2,1,1
2015-12-11-10-45-00,0,0,0
2015-12-11-11-00-00,5,2,3
2015-12-11-11-15-00,5,5,0
2015-12-11-11-30-00,4,2,2
2015-12-11-11-45-00,4,2,2
2015-12-11-12-00-00,2,0,2
2015-12-11-12-15-00,3,0,3
2015-12-11-12-30-00,4,1,3
2015-12-11-12-45-00,2,0,2
2015-12-11-13-00-00,4,3,1
2015-12-11-13-15-00,9,4,5
2015-12-11-13-30-00,2,2,0
2015-12-11-13-45-00,3,2,1
2015-12-11-14-00-00,9,7,2
2015-12-11-14-15-00,5,4,1
2015-12-11-14-30-00,10,9,1
2015-12-11-14-45-00,13,9,4
2015-12-11-15-00-00,9,4,5
2015-12-11-15-15-00,12,10,2
2015-12-11-15-30-00,12,8,4
2015-12-11-15-45-00,12,9,3
2015-12-11-16-00-00,16,11,5
2015-12-11-16-15-00,24,19,5
2015-12-11-16-30-00,10,6,4
2015-12-11-16-45-00,8,7,1
2015-12-11-17-00-00,9,7,2
2015-12-11-17-15-00,16,12,4
2015-12-11-17-30-00,7,3,4
2015-12-11-17-45-00,8,6,2
2015-12-11-18-00-00,5,4,1
2015-12-11-18-15-00,3,2,1
2015-12-11-18-30-00,9,9,0
2015-12-11-18-45-00,6,3,3
2015-12-11-19-00-00,6,5,1
2015-12-11-19-15-00,2,1,1
2015-12-11-19-30-00,6,2,4
2015-12-11-19-45-00,6,4,2
2015-12-11-20-00-00,2,0,2
2015-12-11-20-15-00,3,3,0
2015-12-11-20-30-00,1,0,1
2015-12-11-20-45-00,4,4,0
2015-12-11-21-00-00,2,1,1
2015-12-11-21-15-00,4,2,2
2015-12-11-21-30-00,1,0,1
2015-12-11-21-45-00,1,0,1
2015-12-11-22-00-00,1,0,1
2015-12-11-22-15-00,1,0,1
2015-12-11-22-30-00,1,0,1
2015-12-11-22-45-00,6,6,0
2015-12-11-23-00-00,3,0,3
2015-12-11-23-15-00,2,2,0
2015-12-11-23-30-00,2,2,0
2015-12-11-23-45-00,0,0,0
2015-12-12-00-00-00,0,0,0
2015-12-12-00-15-00,1,1,0
2015-12-12-00-30-00,0,0,0
2015-12-12-00-45-00,0,0,0
2015-12-12-01-00-00,1,1,0
2015-12-12-01-15-00,0,0,0
2015-12-12-01-30-00,1,0,1
2015-12-12-01-45-00,1,1,0
2015-12-12-02-00-00,0,0,0
2015-12-12-02-15-00,0,0,0
2015-12-12-02-30-00,0,0,0
2015-12-12-02-45-00,1,1,0
2015-12-12-03-00-00,0,0,0
2015-12-12-03-15-00,0,0,0
2015-12-12-03-30-00,2,2,0
2015-12-12-03-45-00,1,0,1
2015-12-12-04-00-00,0,0,0
2015-12-12-04-15-00,0,0,0
2015-12-12-04-30-00,1,0,1
2015-12-12-04-45-00,1,0,1
2015-12-12-05-00-00,1,1,0
2015-12-12-05-15-00,0,0,0
2015-12-12-05-30-00,0,0,0
2015-12-12-05-45-00,0,0,0
2015-12-12-06-00-00,0,0,0
2015-12-12-06-15-00,1,0,1
2015-12-12-06-30-00,0,0,0
2015-12-12-06-45-00,0,0,0
2015-12-12-07-00-00,0,0,0
2015-12-12-07-15-00,0,0,0
2015-12-12-07-30-00,1,1,0
2015-12-12-07-45-00,0,0,0
2015-12-12-08-00-00,2,1,1
2015-12-12-08-15-00,3,1,2
2015-12-12-08-30-00,1,0,1
2015-12-12-08-45-00,2,2,0
2015-12-12-09-00-00,5,2,3
2015-12-12-09-15-00,7,3,4
2015-12-12-09-30-00,7,1,6
2015-12-12-09-45-00,8,5,3
2015-12-12-10-00-00,10,3,7
2015-12-12-10-15-00,19,9,10
2015-12-12-10-30-00,6,3,3
2015-12-12-10-45-00,17,7,10
2015-12-12-11-00-00,4,3,1
2015-12-12-11-15-00,11,5,6
2015-12-12-11-30-00,15,8,7
2015-12-12-11-45-00,10,7,3
2015-12-12-12-00-00,6,3,3
2015-12-12-12-15-00,25,15,10
2015-12-12-12-30-00,7,2,5
2015-12-12-12-45-00,11,5,6
2015-12-12-13-00-00,20,10,10
2015-12-12-13-15-00,18,10,8
2015-12-12-13-30-00,13,6,7
2015-12-12-13-45-00,22,13,9
2015-12-12-14-00-00,14,8,6
2015-12-12-14-15-00,23,21,2
2015-12-12-14-30-00,9,6,3
2015-12-12-14-45-00,22,10,12
2015-12-12-15-00-00,16,9,7
2015-12-12-15-15-00,13,6,7
2015-12-12-15-30-00,26,14,12
2015-12-12-15-45-00,15,8,7
2015-12-12-16-00-00,21,6,15
2015-12-12-16-15-00,14,9,5
2015-12-12-16-30-00,13,8,5
2015-12-12-16-45-00,18,4,14
2015-12-12-17-00-00,7,4,3
2015-12-12-17-15-00,2,0,2
2015-12-12-17-30-00,6,4,2
2015-12-12-17-45-00,8,7,1
2015-12-12-18-00-00,4,1,3
2015-12-12-18-15-00,4,2,2
2015-12-12-18-30-00,2,2,0
2015-12-12-18-45-00,4,2,2
2015-12-12-19-00-00,4,3,1
2015-12-12-19-15-00,4,4,0
2015-12-12-19-30-00,0,0,0
2015-12-12-19-45-00,7,6,1
2015-12-12-20-00-00,0,0,0
2015-12-12-20-15-00,3,1,2
2015-12-12-20-30-00,0,0,0
2015-12-12-20-45-00,1,0,1
2015-12-12-21-00-00,2,1,1
2015-12-12-21-15-00,0,0,0
2015-12-12-21-30-00,2,1,1
2015-12-12-21-45-00,0,0,0
2015-12-12-22-00-00,0,0,0
2015-12-12-22-15-00,1,1,0
2015-12-12-22-30-00,0,0,0
2015-12-12-22-45-00,0,0,0
2015-12-12-23-00-00,1,0,1
2015-12-12-23-15-00,3,2,1
2015-12-12-23-30-00,5,2,3
2015-12-12-23-45-00,0,0,0
2015-12-13-00-00-00,0,0,0
2015-12-13-00-15-00,2,2,0
2015-12-13-00-30-00,0,0,0
2015-12-13-00-45-00,4,0,4
2015-12-13-01-00-00,1,0,1
2015-12-13-01-15-00,2,0,2
2015-12-13-01-30-00,1,1,0
2015-12-13-01-45-00,2,0,2
2015-12-13-02-00-00,0,0,0
2015-12-13-02-15-00,1,1,0
2015-12-13-02-30-00,1,1,0
2015-12-13-02-45-00,0,0,0
2015-12-13-03-00-00,0,0,0
2015-12-13-03-15-00,0,0,0
2015-12-13-03-30-00,1,1,0
2015-12-13-03-45-00,0,0,0
2015-12-13-04-00-00,0,0,0
2015-12-13-04-15-00,0,0,0
2015-12-13-04-30-00,0,0,0
2015-12-13-04-45-00,0,0,0
2015-12-13-05-00-00,1,1,0
2015-12-13-05-15-00,0,0,0
2015-12-13-05-30-00,0,0,0
2015-12-13-05-45-00,0,0,0
2015-12-13-06-00-00,4,3,1
2015-12-13-06-15-00,1,0,1
2015-12-13-06-30-00,1,0,1
2015-12-13-06-45-00,1,1,0
2015-12-13-07-00-00,0,0,0
2015-12-13-07-15-00,0,0,0
2015-12-13-07-30-00,0,0,0
2015-12-13-07-45-00,2,2,0
2015-12-13-08-00-00,2,1,1
2015-12-13-08-15-00,1,0,1
2015-12-13-08-30-00,4,2,2
2015-12-13-08-45-00,1,0,1
2015-12-13-09-00-00,1,0,1
2015-12-13-09-15-00,5,4,1
2015-12-13-09-30-00,2,0,2
2015-12-13-09-45-00,2,1,1
2015-12-13-10-00-00,7,1,6
2015-12-13-10-15-00,6,3,3
2015-12-13-10-30-00,5,4,1
2015-12-13-10-45-00,4,1,3
2015-12-13-11-00-00,5,1,4
2015-12-13-11-15-00,9,5,4
2015-12-13-11-30-00,11,7,4
2015-12-13-11-45-00,5,2,3
2015-12-13-12-00-00,5,3,2
2015-12-13-12-15-00,11,5,6
2015-12-13-12-30-00,9,2,7
2015-12-13-12-45-00,7,3,4
2015-12-13-13-00-00,3,1,2
2015-12-13-13-15-00,9,4,5
2015-12-13-13-30-00,13,9,4
2015-12-13-13-45-00,5,3,2
2015-12-13-14-00-00,5,5,0
2015-12-13-14-15-00,6,2,4
2015-12-13-14-30-00,2,0,2
2015-12-13-14-45-00,4,3,1
2015-12-13-15-00-00,4,2,2
2015-12-13-15-15-00,3,2,1
2015-12-13-15-30-00,8,7,1
2015-12-13-15-45-00,8,4,4
2015-12-13-16-00-00,14,12,2
2015-12-13-16-15-00,13,7,6
2015-12-13-16-30-00,3,2,1
2015-12-13-16-45-00,4,3,1
2015-12-13-17-00-00,3,3,0
2015-12-13-17-15-00,5,2,3
2015-12-13-17-30-00,2,1,1
2015-12-13-17-45-00,1,0,1
2015-12-13-18-00-00,2,1,1
2015-12-13-18-15-00,3,3,0
2015-12-13-18-30-00,3,0,3
2015-12-13-18-45-00,3,1,2
2015-12-13-19-00-00,4,1,3
2015-12-13-19-15-00,3,1,2
2015-12-13-19-30-00,5,2,3
2015-12-13-19-45-00,1,0,1
2015-12-13-20-00-00,1,0,1
2015-12-13-20-15-00,4,2,2
2015-12-13-20-30-00,0,0,0
2015-12-13-20-45-00,0,0,0
2015-12-13-21-00-00,0,0,0
2015-12-13-21-15-00,0,0,0
2015-12-13-21-30-00,0,0,0
2015-12-13-21-45-00,1,1,0
2015-12-13-22-00-00,0,0,0
2015-12-13-22-15-00,0,0,0
2015-12-13-22-30-00,0,0,0
2015-12-13-22-45-00,0,0,0
2015-12-13-23-00-00,0,0,0
2015-12-13-23-15-00,1,0,1
2015-12-13-23-30-00,0,0,0
2015-12-13-23-45-00,1,0,1
2015-12-14-00-00-00,0,0,0
2015-12-14-00-15-00,1,1,0
2015-12-14-00-30-00,0,0,0
2015-12-14-00-45-00,0,0,0
2015-12-14-01-00-00,0,0,0
2015-12-14-01-15-00,0,0,0
2015-12-14-01-30-00,0,0,0
2015-12-14-01-45-00,0,0,0
2015-12-14-02-00-00,0,0,0
2015-12-14-02-15-00,0,0,0
2015-12-14-02-30-00,0,0,0
2015-12-14-02-45-00,0,0,0
2015-12-14-03-00-00,0,0,0
2015-12-14-03-15-00,0,0,0
2015-12-14-03-30-00,0,0,0
2015-12-14-03-45-00,0,0,0
2015-12-14-04-00-00,0,0,0
2015-12-14-04-15-00,0,0,0
2015-12-14-04-30-00,0,0,0
2015-12-14-04-45-00,1,1,0
2015-12-14-05-00-00,2,2,0
2015-12-14-05-15-00,1,0,1
2015-12-14-05-30-00,0,0,0
2015-12-14-05-45-00,2,1,1
2015-12-14-06-00-00,3,1,2
2015-12-14-06-15-00,3,1,2
2015-12-14-06-30-00,9,2,7
2015-12-14-06-45-00,14,7,7
2015-12-14-07-00-00,6,4,2
2015-12-14-07-15-00,20,9,11
2015-12-14-07-30-00,32,13,19
2015-12-14-07-45-00,28,11,17
2015-12-14-08-00-00,29,5,24
2015-12-14-08-15-00,33,5,28
2015-12-14-08-30-00,36,5,31
2015-12-14-08-45-00,43,10,33
2015-12-14-09-00-00,29,3,26
2015-12-14-09-15-00,17,4,13
2015-12-14-09-30-00,21,10,11
2015-12-14-09-45-00,15,7,8
2015-12-14-10-00-00,9,1,8
2015-12-14-10-15-00,9,4,5
2015-12-14-10-30-00,13,7,6
2015-12-14-10-45-00,3,2,1
2015-12-14-11-00-00,14,11,3
2015-12-14-11-15-00,22,10,12
2015-12-14-11-30-00,20,13,7
2015-12-14-11-45-00,9,7,2
2015-12-14-12-00-00,17,11,6
2015-12-14-12-15-00,10,4,6
2015-12-14-12-30-00,9,2,7
2015-12-14-12-45-00,8,3,5
2015-12-14-13-00-00,17,4,13
2015-12-14-13-15-00,16,4,12
2015-12-14-13-30-00,18,11,7
2015-12-14-13-45-00,19,7,12
2015-12-14-14-00-00,20,9,11
2015-12-14-14-15-00,13,4,9
2015-12-14-14-30-00,14,5,9
2015-12-14-14-45-00,15,8,7
2015-12-14-15-00-00,13,7,6
2015-12-14-15-15-00,22,13,9
2015-12-14-15-30-00,19,12,7
2015-12-14-15-45-00,20,12,8
2015-12-14-16-00-00,23,16,7
2015-12-14-16-15-00,28,21,7
2015-12-14-16-30-00,24,17,7
2015-12-14-16-45-00,27,17,10
2015-12-14-17-00-00,35,26,9
2015-12-14-17-15-00,25,18,7
2015-12-14-17-30-00,19,13,6
2015-12-14-17-45-00,20,13,7
2015-12-14-18-00-00,23,16,7
2015-12-14-18-15-00,23,19,4
2015-12-14-18-30-00,23,16,7
2015-12-14-18-45-00,10,8,2
2015-12-14-19-00-00,11,9,2
2015-12-14-19-15-00,13,10,3
2015-12-14-19-30-00,13,11,2
2015-12-14-19-45-00,6,5,1
2015-12-14-20-00-00,6,4,2
2015-12-14-20-15-00,8,2,6
2015-12-14-20-30-00,2,1,1
2015-12-14-20-45-00,3,0,3
2015-12-14-21-00-00,3,3,0
2015-12-14-21-15-00,1,1,0
2015-12-14-21-30-00,2,2,0
2015-12-14-21-45-00,5,1,4
2015-12-14-22-00-00,2,0,2
2015-12-14-22-15-00,2,2,0
2015-12-14-22-30-00,1,1,0
2015-12-14-22-45-00,1,0,1
2015-12-14-23-00-00,2,1,1
2015-12-14-23-15-00,0,0,0
2015-12-14-23-30-00,0,0,0
2015-12-14-23-45-00,0,0,0
2015-12-15-00-00-00,1,1,0
2015-12-15-00-15-00,0,0,0
2015-12-15-00-30-00,0,0,0
2015-12-15-00-45-00,1,1,0
2015-12-15-01-00-00,0,0,0
2015-12-15-01-15-00,0,0,0
2015-12-15-01-30-00,0,0,0
2015-12-15-01-45-00,0,0,0
2015-12-15-02-00-00,0,0,0
2015-12-15-02-15-00,0,0,0
2015-12-15-02-30-00,0,0,0
2015-12-15-02-45-00,0,0,0
2015-12-15-03-00-00,0,0,0
2015-12-15-03-15-00,0,0,0
2015-12-15-03-30-00,0,0,0
2015-12-15-03-45-00,0,0,0
2015-12-15-04-00-00,0,0,0
2015-12-15-04-15-00,0,0,0
2015-12-15-04-30-00,0,0,0
2015-12-15-04-45-00,1,1,0
2015-12-15-05-00-00,0,0,0
2015-12-15-05-15-00,0,0,0
2015-12-15-05-30-00,1,0,1
2015-12-15-05-45-00,1,0,1
2015-12-15-06-00-00,1,0,1
2015-12-15-06-15-00,5,2,3
2015-12-15-06-30-00,9,0,9
2015-12-15-06-45-00,12,7,5
2015-12-15-07-00-00,10,3,7
2015-12-15-07-15-00,20,8,12
2015-12-15-07-30-00,25,7,18
2015-12-15-07-45-00,35,11,24
2015-12-15-08-00-00,41,9,32
2015-12-15-08-15-00,47,8,39
2015-12-15-08-30-00,29,10,19
2015-12-15-08-45-00,41,12,29
2015-12-15-09-00-00,21,1,20
2015-12-15-09-15-00,21,7,14
2015-12-15-09-30-00,12,5,7
2015-12-15-09-45-00,10,5,5
2015-12-15-10-00-00,15,6,9
2015-12-15-10-15-00,4,1,3
2015-12-15-10-30-00,11,8,3
2015-12-15-10-45-00,9,5,4
2015-12-15-11-00-00,9,6,3
2015-12-15-11-15-00,7,4,3
2015-12-15-11-30-00,6,3,3
2015-12-15-11-45-00,13,5,8
2015-12-15-12-00-00,16,13,3
2015-12-15-12-15-00,18,7,11
2015-12-15-12-30-00,12,7,5
2015-12-15-12-45-00,25,11,14
2015-12-15-13-00-00,25,16,9
2015-12-15-13-15-00,14,8,6
2015-12-15-13-30-00,21,9,12
2015-12-15-13-45-00,24,8,16
2015-12-15-14-00-00,26,17,9
2015-12-15-14-15-00,21,13,8
2015-12-15-14-30-00,40,26,14
2015-12-15-14-45-00,22,8,14
2015-12-15-15-00-00,27,15,12
2015-12-15-15-15-00,19,12,7
2015-12-15-15-30-00,27,19,8
2015-12-15-15-45-00,24,13,11
2015-12-15-16-00-00,14,8,6
2015-12-15-16-15-00,30,20,10
2015-12-15-16-30-00,26,17,9
2015-12-15-16-45-00,30,19,11
2015-12-15-17-00-00,23,17,6
2015-12-15-17-15-00,32,26,6
2015-12-15-17-30-00,31,23,8
2015-12-15-17-45-00,24,14,10
2015-12-15-18-00-00,16,14,2
2015-12-15-18-15-00,22,12,10
2015-12-15-18-30-00,20,16,4
2015-12-15-18-45-00,24,13,11
2015-12-15-19-00-00,12,9,3
2015-12-15-19-15-00,9,7,2
2015-12-15-19-30-00,8,5,3
2015-12-15-19-45-00,8,4,4
2015-12-15-20-00-00,8,5,3
2015-12-15-20-15-00,9,5,4
2015-12-15-20-30-00,7,5,2
2015-12-15-20-45-00,2,1,1
2015-12-15-21-00-00,4,3,1
2015-12-15-21-15-00,3,1,2
2015-12-15-21-30-00,5,4,1
2015-12-15-21-45-00,6,2,4
2015-12-15-22-00-00,2,0,2
2015-12-15-22-15-00,2,1,1
2015-12-15-22-30-00,3,1,2
2015-12-15-22-45-00,2,1,1
2015-12-15-23-00-00,1,0,1
2015-12-15-23-15-00,1,1,0
2015-12-15-23-30-00,2,1,1
2015-12-15-23-45-00,0,0,0
2015-12-16-00-00-00,0,0,0
2015-12-16-00-15-00,1,1,0
2015-12-16-00-30-00,0,0,0
2015-12-16-00-45-00,2,0,2
2015-12-16-01-00-00,0,0,0
2015-12-16-01-15-00,0,0,0
2015-12-16-01-30-00,0,0,0
2015-12-16-01-45-00,0,0,0
2015-12-16-02-00-00,0,0,0
2015-12-16-02-15-00,0,0,0
2015-12-16-02-30-00,0,0,0
2015-12-16-02-45-00,0,0,0
2015-12-16-03-00-00,0,0,0
2015-12-16-03-15-00,0,0,0
2015-12-16-03-30-00,0,0,0
2015-12-16-03-45-00,0,0,0
2015-12-16-04-00-00,0,0,0
2015-12-16-04-15-00,0,0,0
2015-12-16-04-30-00,0,0,0
2015-12-16-04-45-00,0,0,0
2015-12-16-05-00-00,0,0,0
2015-12-16-05-15-00,0,0,0
2015-12-16-05-30-00,1,1,0
2015-12-16-05-45-00,2,0,2
2015-12-16-06-00-00,1,1,0
2015-12-16-06-15-00,5,0,5
2015-12-16-06-30-00,2,1,1
2015-12-16-06-45-00,4,2,2
2015-12-16-07-00-00,8,3,5
2015-12-16-07-15-00,9,4,5
2015-12-16-07-30-00,16,3,13
2015-12-16-07-45-00,24,11,13
2015-12-16-08-00-00,22,4,18
2015-12-16-08-15-00,32,2,30
2015-12-16-08-30-00,18,5,13
2015-12-16-08-45-00,29,5,24
2015-12-16-09-00-00,19,4,15
2015-12-16-09-15-00,13,3,10
2015-12-16-09-30-00,5,1,4
2015-12-16-09-45-00,7,0,7
2015-12-16-10-00-00,11,4,7
2015-12-16-10-15-00,4,1,3
2015-12-16-10-30-00,7,4,3
2015-12-16-10-45-00,5,4,1
2015-12-16-11-00-00,7,5,2
2015-12-16-11-15-00,9,4,5
2015-12-16-11-30-00,10,7,3
2015-12-16-11-45-00,3,2,1
2015-12-16-12-00-00,6,4,2
2015-12-16-12-15-00,3,2,1
2015-12-16-12-30-00,3,0,3
2015-12-16-12-45-00,6,2,4
2015-12-16-13-00-00,6,2,4
2015-12-16-13-15-00,5,4,1
2015-12-16-13-30-00,6,2,4
2015-12-16-13-45-00,3,1,2
2015-12-16-14-00-00,4,2,2
2015-12-16-14-15-00,3,2,1
2015-12-16-14-30-00,9,6,3
2015-12-16-14-45-00,8,3,5
2015-12-16-15-00-00,7,4,3
2015-12-16-15-15-00,3,2,1
2015-12-16-15-30-00,4,3,1
2015-12-16-15-45-00,13,9,4
2015-12-16-16-00-00,10,5,5
2015-12-16-16-15-00,18,15,3
2015-12-16-16-30-00,13,9,4
2015-12-16-16-45-00,16,12,4
2015-12-16-17-00-00,16,9,7
2015-12-16-17-15-00,21,19,2
2015-12-16-17-30-00,18,15,3
2015-12-16-17-45-00,13,12,1
2015-12-16-18-00-00,12,8,4
2015-12-16-18-15-00,18,13,5
2015-12-16-18-30-00,9,9,0
2015-12-16-18-45-00,6,5,1
2015-12-16-19-00-00,3,3,0
2015-12-16-19-15-00,9,6,3
2015-12-16-19-30-00,12,11,1
2015-12-16-19-45-00,6,4,2
2015-12-16-20-00-00,4,3,1
2015-12-16-20-15-00,3,2,1
2015-12-16-20-30-00,2,2,0
2015-12-16-20-45-00,5,3,2
2015-12-16-21-00-00,0,0,0
2015-12-16-21-15-00,5,4,1
2015-12-16-21-30-00,2,0,2
2015-12-16-21-45-00,1,1,0
2015-12-16-22-00-00,3,2,1
2015-12-16-22-15-00,0,0,0
2015-12-16-22-30-00,3,2,1
2015-12-16-22-45-00,0,0,0
2015-12-16-23-00-00,2,0,2
2015-12-16-23-15-00,2,2,0
2015-12-16-23-30-00,2,1,1
2015-12-16-23-45-00,1,0,1
2015-12-17-00-00-00,0,0,0
2015-12-17-00-15-00,0,0,0
2015-12-17-00-30-00,0,0,0
2015-12-17-00-45-00,0,0,0
2015-12-17-01-00-00,0,0,0
2015-12-17-01-15-00,0,0,0
2015-12-17-01-30-00,0,0,0
2015-12-17-01-45-00,0,0,0
2015-12-17-02-00-00,0,0,0
2015-12-17-02-15-00,0,0,0
2015-12-17-02-30-00,0,0,0
2015-12-17-02-45-00,0,0,0
2015-12-17-03-00-00,0,0,0
2015-12-17-03-15-00,0,0,0
2015-12-17-03-30-00,0,0,0
2015-12-17-03-45-00,0,0,0
2015-12-17-04-00-00,1,0,1
2015-12-17-04-15-00,0,0,0
2015-12-17-04-30-00,0,0,0
2015-12-17-04-45-00,0,0,0
2015-12-17-05-00-00,0,0,0
2015-12-17-05-15-00,0,0,0
2015-12-17-05-30-00,1,1,0
2015-12-17-05-45-00,3,0,3
2015-12-17-06-00-00,3,1,2
2015-12-17-06-15-00,3,0,3
2015-12-17-06-30-00,4,0,4
2015-12-17-06-45-00,9,4,5
2015-12-17-07-00-00,6,3,3
2015-12-17-07-15-00,15,5,10
2015-12-17-07-30-00,48,23,25
2015-12-17-07-45-00,19,7,12
2015-12-17-08-00-00,43,9,34
2015-12-17-08-15-00,41,5,36
2015-12-17-08-30-00,46,9,37
2015-12-17-08-45-00,39,6,33
2015-12-17-09-00-00,20,5,15
2015-12-17-09-15-00,9,1,8
2015-12-17-09-30-00,11,7,4
2015-12-17-09-45-00,9,4,5
2015-12-17-10-00-00,16,6,10
2015-12-17-10-15-00,7,3,4
2015-12-17-10-30-00,9,7,2
2015-12-17-10-45-00,12,7,5
2015-12-17-11-00-00,14,8,6
2015-12-17-11-15-00,14,5,9
2015-12-17-11-30-00,15,3,12
2015-12-17-11-45-00,8,5,3
2015-12-17-12-00-00,6,3,3
2015-12-17-12-15-00,15,5,10
2015-12-17-12-30-00,9,1,8
2015-12-17-12-45-00,15,9,6
2015-12-17-13-00-00,16,3,13
2015-12-17-13-15-00,25,18,7
2015-12-17-13-30-00,15,3,12
2015-12-17-13-45-00,15,6,9
2015-12-17-14-00-00,13,8,5
2015-12-17-14-15-00,26,15,11
2015-12-17-14-30-00,22,13,9
2015-12-17-14-45-00,21,17,4
2015-12-17-15-00-00,36,23,13
2015-12-17-15-15-00,23,15,8
2015-12-17-15-30-00,35,22,13
2015-12-17-15-45-00,35,19,16
2015-12-17-16-00-00,37,20,17
2015-12-17-16-15-00,34,23,11
2015-12-17-16-30-00,28,17,11
2015-12-17-16-45-00,22,18,4
2015-12-17-17-00-00,23,11,12
2015-12-17-17-15-00,25,22,3
2015-12-17-17-30-00,21,13,8
2015-12-17-17-45-00,24,14,10
2015-12-17-18-00-00,27,16,11
2015-12-17-18-15-00,15,11,4
2015-12-17-18-30-00,19,11,8
2015-12-17-18-45-00,19,12,7
2015-12-17-19-00-00,7,5,2
2015-12-17-19-15-00,9,6,3
2015-12-17-19-30-00,15,11,4
2015-12-17-19-45-00,4,1,3
2015-12-17-20-00-00,6,4,2
2015-12-17-20-15-00,7,3,4
2015-12-17-20-30-00,5,4,1
2015-12-17-20-45-00,4,2,2
2015-12-17-21-00-00,4,1,3
2015-12-17-21-15-00,3,2,1
2015-12-17-21-30-00,4,3,1
2015-12-17-21-45-00,4,3,1
2015-12-17-22-00-00,5,2,3
2015-12-17-22-15-00,8,8,0
2015-12-17-22-30-00,0,0,0
2015-12-17-22-45-00,1,1,0
2015-12-17-23-00-00,8,3,5
2015-12-17-23-15-00,2,1,1
2015-12-17-23-30-00,3,3,0
2015-12-17-23-45-00,4,3,1
2015-12-18-00-00-00,1,1,0
2015-12-18-00-15-00,5,5,0
2015-12-18-00-30-00,1,1,0
2015-12-18-00-45-00,0,0,0
2015-12-18-01-00-00,3,3,0
2015-12-18-01-15-00,2,2,0
2015-12-18-01-30-00,0,0,0
2015-12-18-01-45-00,1,1,0
2015-12-18-02-00-00,6,6,0
2015-12-18-02-15-00,1,1,0
2015-12-18-02-30-00,0,0,0
2015-12-18-02-45-00,2,2,0
2015-12-18-03-00-00,0,0,0
2015-12-18-03-15-00,0,0,0
2015-12-18-03-30-00,0,0,0
2015-12-18-03-45-00,2,0,2
2015-12-18-04-00-00,1,0,1
2015-12-18-04-15-00,0,0,0
2015-12-18-04-30-00,2,2,0
2015-12-18-04-45-00,0,0,0
2015-12-18-05-00-00,0,0,0
2015-12-18-05-15-00,0,0,0
2015-12-18-05-30-00,1,0,1
2015-12-18-05-45-00,2,1,1
2015-12-18-06-00-00,4,1,3
2015-12-18-06-15-00,6,3,3
2015-12-18-06-30-00,9,1,8
2015-12-18-06-45-00,9,7,2
2015-12-18-07-00-00,6,2,4
2015-12-18-07-15-00,16,7,9
2015-12-18-07-30-00,18,9,9
2015-12-18-07-45-00,28,7,21
2015-12-18-08-00-00,27,1,26
2015-12-18-08-15-00,21,5,16
2015-12-18-08-30-00,27,7,20
2015-12-18-08-45-00,31,3,28
2015-12-18-09-00-00,9,1,8
2015-12-18-09-15-00,18,5,13
2015-12-18-09-30-00,14,4,10
2015-12-18-09-45-00,9,2,7
2015-12-18-10-00-00,3,1,2
2015-12-18-10-15-00,13,4,9
2015-12-18-10-30-00,4,3,1
2015-12-18-10-45-00,9,7,2
2015-12-18-11-00-00,4,2,2
2015-12-18-11-15-00,15,10,5
2015-12-18-11-30-00,11,7,4
2015-12-18-11-45-00,6,4,2
2015-12-18-12-00-00,11,6,5
2015-12-18-12-15-00,10,4,6
2015-12-18-12-30-00,22,13,9
2015-12-18-12-45-00,18,11,7
2015-12-18-13-00-00,15,7,8
2015-12-18-13-15-00,14,7,7
2015-12-18-13-30-00,10,7,3
2015-12-18-13-45-00,16,9,7
2015-12-18-14-00-00,23,9,14
2015-12-18-14-15-00,28,16,12
2015-12-18-14-30-00,24,16,8
2015-12-18-14-45-00,18,17,1
2015-12-18-15-00-00,29,18,11
2015-12-18-15-15-00,24,17,7
2015-12-18-15-30-00,28,17,11
2015-12-18-15-45-00,31,20,11
2015-12-18-16-00-00,19,12,7
2015-12-18-16-15-00,33,19,14
2015-12-18-16-30-00,35,19,16
2015-12-18-16-45-00,28,18,10
2015-12-18-17-00-00,14,10,4
2015-12-18-17-15-00,10,8,2
2015-12-18-17-30-00,12,9,3
2015-12-18-17-45-00,14,8,6
2015-12-18-18-00-00,10,6,4
2015-12-18-18-15-00,12,10,2
2015-12-18-18-30-00,9,4,5
2015-12-18-18-45-00,4,4,0
2015-12-18-19-00-00,5,3,2
2015-12-18-19-15-00,17,8,9
2015-12-18-19-30-00,4,4,0
2015-12-18-19-45-00,4,1,3
2015-12-18-20-00-00,6,2,4
2015-12-18-20-15-00,4,2,2
2015-12-18-20-30-00,2,2,0
2015-12-18-20-45-00,3,2,1
2015-12-18-21-00-00,5,0,5
2015-12-18-21-15-00,6,4,2
2015-12-18-21-30-00,0,0,0
2015-12-18-21-45-00,5,5,0
2015-12-18-22-00-00,0,0,0
2015-12-18-22-15-00,5,0,5
2015-12-18-22-30-00,2,2,0
2015-12-18-22-45-00,2,2,0
2015-12-18-23-00-00,2,1,1
2015-12-18-23-15-00,2,1,1
2015-12-18-23-30-00,2,0,2
2015-12-18-23-45-00,4,3,1
2015-12-19-00-00-00,1,1,0
2015-12-19-00-15-00,1,0,1
2015-12-19-00-30-00,1,0,1
2015-12-19-00-45-00,4,1,3
2015-12-19-01-00-00,1,0,1
2015-12-19-01-15-00,2,1,1
2015-12-19-01-30-00,2,1,1
2015-12-19-01-45-00,0,0,0
2015-12-19-02-00-00,0,0,0
2015-12-19-02-15-00,0,0,0
2015-12-19-02-30-00,0,0,0
2015-12-19-02-45-00,0,0,0
2015-12-19-03-00-00,0,0,0
2015-12-19-03-15-00,0,0,0
2015-12-19-03-30-00,0,0,0
2015-12-19-03-45-00,0,0,0
2015-12-19-04-00-00,0,0,0
2015-12-19-04-15-00,0,0,0
2015-12-19-04-30-00,0,0,0
2015-12-19-04-45-00,0,0,0
2015-12-19-05-00-00,0,0,0
2015-12-19-05-15-00,0,0,0
2015-12-19-05-30-00,0,0,0
2015-12-19-05-45-00,0,0,0
2015-12-19-06-00-00,0,0,0
2015-12-19-06-15-00,0,0,0
2015-12-19-06-30-00,0,0,0
2015-12-19-06-45-00,0,0,0
2015-12-19-07-00-00,1,1,0
2015-12-19-07-15-00,2,1,1
2015-12-19-07-30-00,0,0,0
2015-12-19-07-45-00,3,2,1
2015-12-19-08-00-00,0,0,0
2015-12-19-08-15-00,5,4,1
2015-12-19-08-30-00,4,0,4
2015-12-19-08-45-00,3,2,1
2015-12-19-09-00-00,7,2,5
2015-12-19-09-15-00,4,1,3
2015-12-19-09-30-00,6,3,3
2015-12-19-09-45-00,7,4,3
2015-12-19-10-00-00,8,3,5
2015-12-19-10-15-00,13,7,6
2015-12-19-10-30-00,18,9,9
2015-12-19-10-45-00,24,17,7
2015-12-19-11-00-00,28,22,6
2015-12-19-11-15-00,42,26,16
2015-12-19-11-30-00,27,16,11
2015-12-19-11-45-00,48,27,21
2015-12-19-12-00-00,42,11,31
2015-12-19-12-15-00,28,12,16
2015-12-19-12-30-00,43,15,28
2015-12-19-12-45-00,38,18,20
2015-12-19-13-00-00,36,18,18
2015-12-19-13-15-00,41,19,22
2015-12-19-13-30-00,46,20,26
2015-12-19-13-45-00,47,16,31
2015-12-19-14-00-00,48,28,20
2015-12-19-14-15-00,48,26,22
2015-12-19-14-30-00,51,29,22
2015-12-19-14-45-00,56,29,27
2015-12-19-15-00-00,50,22,28
2015-12-19-15-15-00,54,33,21
2015-12-19-15-30-00,55,28,27
2015-12-19-15-45-00,44,27,17
2015-12-19-16-00-00,41,26,15
2015-12-19-16-15-00,38,21,17
2015-12-19-16-30-00,32,21,11
2015-12-19-16-45-00,15,7,8
2015-12-19-17-00-00,13,5,8
2015-12-19-17-15-00,8,2,6
2015-12-19-17-30-00,2,2,0
2015-12-19-17-45-00,6,3,3
2015-12-19-18-00-00,8,2,6
2015-12-19-18-15-00,10,3,7
2015-12-19-18-30-00,3,1,2
2015-12-19-18-45-00,4,0,4
2015-12-19-19-00-00,5,2,3
2015-12-19-19-15-00,8,7,1
2015-12-19-19-30-00,9,1,8
2015-12-19-19-45-00,2,0,2
2015-12-19-20-00-00,1,1,0
2015-12-19-20-15-00,1,1,0
2015-12-19-20-30-00,2,2,0
2015-12-19-20-45-00,7,6,1
2015-12-19-21-00-00,1,1,0
2015-12-19-21-15-00,1,1,0
2015-12-19-21-30-00,0,0,0
2015-12-19-21-45-00,6,1,5
2015-12-19-22-00-00,1,1,0
2015-12-19-22-15-00,1,0,1
2015-12-19-22-30-00,1,0,1
2015-12-19-22-45-00,0,0,0
2015-12-19-23-00-00,4,0,4
2015-12-19-23-15-00,1,1,0
2015-12-19-23-30-00,2,1,1
2015-12-19-23-45-00,3,0,3
2015-12-20-00-00-00,2,2,0
2015-12-20-00-15-00,5,4,1
2015-12-20-00-30-00,0,0,0
2015-12-20-00-45-00,2,1,1
2015-12-20-01-00-00,0,0,0
2015-12-20-01-15-00,3,2,1
2015-12-20-01-30-00,0,0,0
2015-12-20-01-45-00,0,0,0
2015-12-20-02-00-00,0,0,0
2015-12-20-02-15-00,0,0,0
2015-12-20-02-30-00,1,0,1
2015-12-20-02-45-00,2,0,2
2015-12-20-03-00-00,0,0,0
2015-12-20-03-15-00,0,0,0
2015-12-20-03-30-00,0,0,0
2015-12-20-03-45-00,0,0,0
2015-12-20-04-00-00,0,0,0
2015-12-20-04-15-00,0,0,0
2015-12-20-04-30-00,1,0,1
2015-12-20-04-45-00,0,0,0
2015-12-20-05-00-00,0,0,0
2015-12-20-05-15-00,0,0,0
2015-12-20-05-30-00,0,0,0
2015-12-20-05-45-00,0,0,0
2015-12-20-06-00-00,0,0,0
2015-12-20-06-15-00,0,0,0
2015-12-20-06-30-00,1,0,1
2015-12-20-06-45-00,1,1,0
2015-12-20-07-00-00,1,1,0
2015-12-20-07-15-00,0,0,0
2015-12-20-07-30-00,3,1,2
2015-12-20-07-45-00,1,1,0
2015-12-20-08-00-00,4,2,2
2015-12-20-08-15-00,0,0,0
2015-12-20-08-30-00,4,2,2
2015-12-20-08-45-00,12,3,9
2015-12-20-09-00-00,8,3,5
2015-12-20-09-15-00,9,4,5
2015-12-20-09-30-00,10,5,5
2015-12-20-09-45-00,11,6,5
2015-12-20-10-00-00,15,7,8
2015-12-20-10-15-00,14,8,6
2015-12-20-10-30-00,10,3,7
2015-12-20-10-45-00,16,4,12
2015-12-20-11-00-00,20,8,12
2015-12-20-11-15-00,11,4,7
2015-12-20-11-30-00,25,11,14
2015-12-20-11-45-00,15,8,7
2015-12-20-12-00-00,28,20,8
2015-12-20-12-15-00,22,11,11
2015-12-20-12-30-00,22,7,15
2015-12-20-12-45-00,23,8,15
2015-12-20-13-00-00,15,9,6
2015-12-20-13-15-00,29,17,12
2015-12-20-13-30-00,30,19,11
2015-12-20-13-45-00,34,24,10
2015-12-20-14-00-00,21,15,6
2015-12-20-14-15-00,22,20,2
2015-12-20-14-30-00,18,7,11
2015-12-20-14-45-00,25,9,16
2015-12-20-15-00-00,15,6,9
2015-12-20-15-15-00,25,15,10
2015-12-20-15-30-00,24,16,8
2015-12-20-15-45-00,37,21,16
2015-12-20-16-00-00,16,6,10
2015-12-20-16-15-00,21,12,9
2015-12-20-16-30-00,18,7,11
2015-12-20-16-45-00,18,10,8
2015-12-20-17-00-00,17,13,4
2015-12-20-17-15-00,5,2,3
2015-12-20-17-30-00,9,6,3
2015-12-20-17-45-00,11,7,4
2015-12-20-18-00-00,5,2,3
2015-12-20-18-15-00,4,0,4
2015-12-20-18-30-00,6,1,5
2015-12-20-18-45-00,3,3,0
2015-12-20-19-00-00,1,1,0
2015-12-20-19-15-00,8,4,4
2015-12-20-19-30-00,3,2,1
2015-12-20-19-45-00,5,4,1
2015-12-20-20-00-00,5,0,5
2015-12-20-20-15-00,0,0,0
2015-12-20-20-30-00,2,0,2
2015-12-20-20-45-00,0,0,0
2015-12-20-21-00-00,1,0,1
2015-12-20-21-15-00,3,0,3
2015-12-20-21-30-00,2,0,2
2015-12-20-21-45-00,4,2,2
2015-12-20-22-00-00,2,0,2
2015-12-20-22-15-00,0,0,0
2015-12-20-22-30-00,2,0,2
2015-12-20-22-45-00,0,0,0
2015-12-20-23-00-00,6,2,4
2015-12-20-23-15-00,0,0,0
2015-12-20-23-30-00,0,0,0
2015-12-20-23-45-00,0,0,0
2015-12-21-00-00-00,2,0,2
2015-12-21-00-15-00,0,0,0
2015-12-21-00-30-00,0,0,0
2015-12-21-00-45-00,0,0,0
2015-12-21-01-00-00,0,0,0
2015-12-21-01-15-00,0,0,0
2015-12-21-01-30-00,0,0,0
2015-12-21-01-45-00,0,0,0
2015-12-21-02-00-00,0,0,0
2015-12-21-02-15-00,0,0,0
2015-12-21-02-30-00,0,0,0
2015-12-21-02-45-00,0,0,0
2015-12-21-03-00-00,0,0,0
2015-12-21-03-15-00,1,0,1
2015-12-21-03-30-00,0,0,0
2015-12-21-03-45-00,0,0,0
2015-12-21-04-00-00,0,0,0
2015-12-21-04-15-00,0,0,0
2015-12-21-04-30-00,0,0,0
2015-12-21-04-45-00,0,0,0
2015-12-21-05-00-00,0,0,0
2015-12-21-05-15-00,0,0,0
2015-12-21-05-30-00,2,0,2
2015-12-21-05-45-00,7,4,3
2015-12-21-06-00-00,2,1,1
2015-12-21-06-15-00,3,0,3
2015-12-21-06-30-00,3,1,2
2015-12-21-06-45-00,5,4,1
2015-12-21-07-00-00,7,4,3
2015-12-21-07-15-00,18,11,7
2015-12-21-07-30-00,31,12,19
2015-12-21-07-45-00,21,7,14
2015-12-21-08-00-00,24,2,22
2015-12-21-08-15-00,28,7,21
2015-12-21-08-30-00,33,9,24
2015-12-21-08-45-00,25,8,17
2015-12-21-09-00-00,24,3,21
2015-12-21-09-15-00,16,7,9
2015-12-21-09-30-00,16,3,13
2015-12-21-09-45-00,14,5,9
2015-12-21-10-00-00,16,9,7
2015-12-21-10-15-00,15,9,6
2015-12-21-10-30-00,9,6,3
2015-12-21-10-45-00,12,5,7
2015-12-21-11-00-00,26,14,12
2015-12-21-11-15-00,27,18,9
2015-12-21-11-30-00,18,8,10
2015-12-21-11-45-00,20,13,7
2015-12-21-12-00-00,14,7,7
2015-12-21-12-15-00,12,4,8
2015-12-21-12-30-00,21,11,10
2015-12-21-12-45-00,13,8,5
2015-12-21-13-00-00,10,3,7
2015-12-21-13-15-00,26,8,18
2015-12-21-13-30-00,18,10,8
2015-12-21-13-45-00,23,9,14
2015-12-21-14-00-00,29,14,15
2015-12-21-14-15-00,33,20,13
2015-12-21-14-30-00,28,16,12
2015-12-21-14-45-00,31,17,14
2015-12-21-15-00-00,34,22,12
2015-12-21-15-15-00,28,20,8
2015-12-21-15-30-00,28,19,9
2015-12-21-15-45-00,24,15,9
2015-12-21-16-00-00,27,18,9
2015-12-21-16-15-00,35,24,11
2015-12-21-16-30-00,26,18,8
2015-12-21-16-45-00,36,29,7
2015-12-21-17-00-00,26,17,9
2015-12-21-17-15-00,18,15,3
2015-12-21-17-30-00,18,10,8
2015-12-21-17-45-00,17,11,6
2015-12-21-18-00-00,14,13,1
2015-12-21-18-15-00,14,9,5
2015-12-21-18-30-00,14,8,6
2015-12-21-18-45-00,14,5,9
2015-12-21-19-00-00,9,4,5
2015-12-21-19-15-00,11,8,3
2015-12-21-19-30-00,4,1,3
2015-12-21-19-45-00,7,4,3
2015-12-21-20-00-00,11,6,5
2015-12-21-20-15-00,8,4,4
2015-12-21-20-30-00,5,1,4
2015-12-21-20-45-00,7,4,3
2015-12-21-21-00-00,3,2,1
2015-12-21-21-15-00,1,1,0
2015-12-21-21-30-00,2,1,1
2015-12-21-21-45-00,2,0,2
2015-12-21-22-00-00,1,0,1
2015-12-21-22-15-00,3,0,3
2015-12-21-22-30-00,0,0,0
2015-12-21-22-45-00,0,0,0
2015-12-21-23-00-00,0,0,0
2015-12-21-23-15-00,1,1,0
2015-12-21-23-30-00,1,0,1
2015-12-21-23-45-00,0,0,0
2015-12-22-00-00-00,0,0,0
2015-12-22-00-15-00,1,0,1
2015-12-22-00-30-00,1,1,0
2015-12-22-00-45-00,0,0,0
2015-12-22-01-00-00,0,0,0
2015-12-22-01-15-00,0,0,0
2015-12-22-01-30-00,0,0,0
2015-12-22-01-45-00,0,0,0
2015-12-22-02-00-00,0,0,0
2015-12-22-02-15-00,0,0,0
2015-12-22-02-30-00,0,0,0
2015-12-22-02-45-00,0,0,0
2015-12-22-03-00-00,0,0,0
2015-12-22-03-15-00,0,0,0
2015-12-22-03-30-00,0,0,0
2015-12-22-03-45-00,0,0,0
2015-12-22-04-00-00,0,0,0
2015-12-22-04-15-00,0,0,0
2015-12-22-04-30-00,0,0,0
2015-12-22-04-45-00,0,0,0
2015-12-22-05-00-00,1,1,0
2015-12-22-05-15-00,0,0,0
2015-12-22-05-30-00,1,1,0
2015-12-22-05-45-00,0,0,0
2015-12-22-06-00-00,2,0,2
2015-12-22-06-15-00,1,0,1
2015-12-22-06-30-00,2,1,1
2015-12-22-06-45-00,0,0,0
2015-12-22-07-00-00,3,3,0
2015-12-22-07-15-00,9,4,5
2015-12-22-07-30-00,16,7,9
2015-12-22-07-45-00,12,5,7
2015-12-22-08-00-00,18,2,16
2015-12-22-08-15-00,17,3,14
2015-12-22-08-30-00,27,11,16
2015-12-22-08-45-00,24,2,22
2015-12-22-09-00-00,19,8,11
2015-12-22-09-15-00,21,7,14
2015-12-22-09-30-00,11,4,7
2015-12-22-09-45-00,4,2,2
2015-12-22-10-00-00,9,6,3
2015-12-22-10-15-00,6,4,2
2015-12-22-10-30-00,2,1,1
2015-12-22-10-45-00,9,5,4
2015-12-22-11-00-00,7,6,1
2015-12-22-11-15-00,8,6,2
2015-12-22-11-30-00,8,3,5
2015-12-22-11-45-00,9,4,5
2015-12-22-12-00-00,18,6,12
2015-12-22-12-15-00,16,12,4
2015-12-22-12-30-00,16,4,12
2015-12-22-12-45-00,14,9,5
2015-12-22-13-00-00,15,6,9
2015-12-22-13-15-00,21,14,7
2015-12-22-13-30-00,16,5,11
2015-12-22-13-45-00,17,11,6
2015-12-22-14-00-00,16,12,4
2015-12-22-14-15-00,19,13,6
2015-12-22-14-30-00,18,13,5
2015-12-22-14-45-00,19,10,9
2015-12-22-15-00-00,11,7,4
2015-12-22-15-15-00,23,10,13
2015-12-22-15-30-00,20,11,9
2015-12-22-15-45-00,7,5,2
2015-12-22-16-00-00,25,16,9
2015-12-22-16-15-00,25,11,14
2015-12-22-16-30-00,13,10,3
2015-12-22-16-45-00,19,14,5
2015-12-22-17-00-00,17,9,8
2015-12-22-17-15-00,20,14,6
2015-12-22-17-30-00,9,7,2
2015-12-22-17-45-00,16,12,4
2015-12-22-18-00-00,13,9,4
2015-12-22-18-15-00,7,5,2
2015-12-22-18-30-00,7,4,3
2015-12-22-18-45-00,9,3,6
2015-12-22-19-00-00,5,2,3
2015-12-22-19-15-00,6,4,2
2015-12-22-19-30-00,7,5,2
2015-12-22-19-45-00,2,1,1
2015-12-22-20-00-00,3,2,1
2015-12-22-20-15-00,3,2,1
2015-12-22-20-30-00,4,3,1
2015-12-22-20-45-00,2,0,2
2015-12-22-21-00-00,4,2,2
2015-12-22-21-15-00,2,0,2
2015-12-22-21-30-00,3,2,1
2015-12-22-21-45-00,1,0,1
2015-12-22-22-00-00,0,0,0
2015-12-22-22-15-00,0,0,0
2015-12-22-22-30-00,4,0,4
2015-12-22-22-45-00,2,0,2
2015-12-22-23-00-00,0,0,0
2015-12-22-23-15-00,3,1,2
2015-12-22-23-30-00,2,2,0
2015-12-22-23-45-00,3,1,2
2015-12-23-00-00-00,0,0,0
2015-12-23-00-15-00,0,0,0
2015-12-23-00-30-00,0,0,0
2015-12-23-00-45-00,0,0,0
2015-12-23-01-00-00,0,0,0
2015-12-23-01-15-00,0,0,0
2015-12-23-01-30-00,0,0,0
2015-12-23-01-45-00,0,0,0
2015-12-23-02-00-00,0,0,0
2015-12-23-02-15-00,0,0,0
2015-12-23-02-30-00,0,0,0
2015-12-23-02-45-00,1,1,0
2015-12-23-03-00-00,0,0,0
2015-12-23-03-15-00,0,0,0
2015-12-23-03-30-00,0,0,0
2015-12-23-03-45-00,0,0,0
2015-12-23-04-00-00,0,0,0
2015-12-23-04-15-00,0,0,0
2015-12-23-04-30-00,0,0,0
2015-12-23-04-45-00,1,0,1
2015-12-23-05-00-00,0,0,0
2015-12-23-05-15-00,0,0,0
2015-12-23-05-30-00,1,1,0
2015-12-23-05-45-00,0,0,0
2015-12-23-06-00-00,3,1,2
2015-12-23-06-15-00,2,0,2
2015-12-23-06-30-00,5,0,5
2015-12-23-06-45-00,2,1,1
2015-12-23-07-00-00,0,0,0
2015-12-23-07-15-00,12,3,9
2015-12-23-07-30-00,15,9,6
2015-12-23-07-45-00,13,1,12
2015-12-23-08-00-00,11,5,6
2015-12-23-08-15-00,19,7,12
2015-12-23-08-30-00,13,2,11
2015-12-23-08-45-00,14,3,11
2015-12-23-09-00-00,6,1,5
2015-12-23-09-15-00,4,1,3
2015-12-23-09-30-00,7,3,4
2015-12-23-09-45-00,7,6,1
2015-12-23-10-00-00,13,10,3
2015-12-23-10-15-00,14,8,6
2015-12-23-10-30-00,11,7,4
2015-12-23-10-45-00,15,5,10
2015-12-23-11-00-00,21,14,7
2015-12-23-11-15-00,24,13,11
2015-12-23-11-30-00,26,13,13
2015-12-23-11-45-00,21,6,15
2015-12-23-12-00-00,18,13,5
2015-12-23-12-15-00,11,7,4
2015-12-23-12-30-00,23,13,10
2015-12-23-12-45-00,14,6,8
2015-12-23-13-00-00,33,10,23
2015-12-23-13-15-00,33,18,15
2015-12-23-13-30-00,27,14,13
2015-12-23-13-45-00,26,14,12
2015-12-23-14-00-00,24,15,9
2015-12-23-14-15-00,42,26,16
2015-12-23-14-30-00,38,26,12
2015-12-23-14-45-00,28,16,12
2015-12-23-15-00-00,40,19,21
2015-12-23-15-15-00,40,22,18
2015-12-23-15-30-00,58,39,19
2015-12-23-15-45-00,38,26,12
2015-12-23-16-00-00,35,24,11
2015-12-23-16-15-00,27,18,9
2015-12-23-16-30-00,21,14,7
2015-12-23-16-45-00,27,19,8
2015-12-23-17-00-00,27,12,15
2015-12-23-17-15-00,16,4,12
2015-12-23-17-30-00,9,7,2
2015-12-23-17-45-00,12,6,6
2015-12-23-18-00-00,12,7,5
2015-12-23-18-15-00,11,6,5
2015-12-23-18-30-00,3,0,3
2015-12-23-18-45-00,10,9,1
2015-12-23-19-00-00,4,2,2
2015-12-23-19-15-00,2,1,1
2015-12-23-19-30-00,2,1,1
2015-12-23-19-45-00,4,2,2
2015-12-23-20-00-00,5,1,4
2015-12-23-20-15-00,5,2,3
2015-12-23-20-30-00,1,0,1
2015-12-23-20-45-00,4,0,4
2015-12-23-21-00-00,3,2,1
2015-12-23-21-15-00,1,0,1
2015-12-23-21-30-00,3,1,2
2015-12-23-21-45-00,1,0,1
2015-12-23-22-00-00,2,2,0
2015-12-23-22-15-00,2,0,2
2015-12-23-22-30-00,0,0,0
2015-12-23-22-45-00,1,0,1
2015-12-23-23-00-00,1,1,0
2015-12-23-23-15-00,4,2,2
2015-12-23-23-30-00,2,0,2
2015-12-23-23-45-00,0,0,0
2015-12-24-00-00-00,5,4,1
2015-12-24-00-15-00,1,0,1
2015-12-24-00-30-00,0,0,0
2015-12-24-00-45-00,0,0,0
2015-12-24-01-00-00,0,0,0
2015-12-24-01-15-00,2,0,2
2015-12-24-01-30-00,0,0,0
2015-12-24-01-45-00,0,0,0
2015-12-24-02-00-00,0,0,0
2015-12-24-02-15-00,1,0,1
2015-12-24-02-30-00,1,1,0
2015-12-24-02-45-00,0,0,0
2015-12-24-03-00-00,1,0,1
2015-12-24-03-15-00,0,0,0
2015-12-24-03-30-00,0,0,0
2015-12-24-03-45-00,0,0,0
2015-12-24-04-00-00,0,0,0
2015-12-24-04-15-00,1,0,1
2015-12-24-04-30-00,0,0,0
2015-12-24-04-45-00,0,0,0
2015-12-24-05-00-00,0,0,0
2015-12-24-05-15-00,0,0,0
2015-12-24-05-30-00,0,0,0
2015-12-24-05-45-00,0,0,0
2015-12-24-06-00-00,1,1,0
2015-12-24-06-15-00,2,1,1
2015-12-24-06-30-00,3,1,2
2015-12-24-06-45-00,1,0,1
2015-12-24-07-00-00,0,0,0
2015-12-24-07-15-00,0,0,0
2015-12-24-07-30-00,0,0,0
2015-12-24-07-45-00,1,1,0
2015-12-24-08-00-00,2,1,1
2015-12-24-08-15-00,3,3,0
2015-12-24-08-30-00,7,4,3
2015-12-24-08-45-00,8,5,3
2015-12-24-09-00-00,8,3,5
2015-12-24-09-15-00,7,4,3
2015-12-24-09-30-00,11,8,3
2015-12-24-09-45-00,8,3,5
2015-12-24-10-00-00,10,7,3
2015-12-24-10-15-00,10,7,3
2015-12-24-10-30-00,14,6,8
2015-12-24-10-45-00,16,7,9
2015-12-24-11-00-00,16,9,7
2015-12-24-11-15-00,14,7,7
2015-12-24-11-30-00,19,9,10
2015-12-24-11-45-00,20,9,11
2015-12-24-12-00-00,25,10,15
2015-12-24-12-15-00,15,8,7
2015-12-24-12-30-00,19,8,11
2015-12-24-12-45-00,22,9,13
2015-12-24-13-00-00,20,15,5
2015-12-24-13-15-00,17,12,5
2015-12-24-13-30-00,19,13,6
2015-12-24-13-45-00,21,7,14
2015-12-24-14-00-00,25,8,17
2015-12-24-14-15-00,16,10,6
2015-12-24-14-30-00,25,11,14
2015-12-24-14-45-00,15,5,10
2015-12-24-15-00-00,12,4,8
2015-12-24-15-15-00,16,11,5
2015-12-24-15-30-00,12,8,4
2015-12-24-15-45-00,23,13,10
2015-12-24-16-00-00,15,5,10
2015-12-24-16-15-00,15,7,8
2015-12-24-16-30-00,15,10,5
2015-12-24-16-45-00,7,7,0
2015-12-24-17-00-00,2,1,1
2015-12-24-17-15-00,8,5,3
2015-12-24-17-30-00,9,4,5
2015-12-24-17-45-00,1,0,1
2015-12-24-18-00-00,0,0,0
2015-12-24-18-15-00,0,0,0
2015-12-24-18-30-00,1,1,0
2015-12-24-18-45-00,1,1,0
2015-12-24-19-00-00,3,1,2
2015-12-24-19-15-00,0,0,0
2015-12-24-19-30-00,3,3,0
2015-12-24-19-45-00,2,1,1
2015-12-24-20-00-00,0,0,0
2015-12-24-20-15-00,1,1,0
2015-12-24-20-30-00,0,0,0
2015-12-24-20-45-00,0,0,0
2015-12-24-21-00-00,1,0,1
2015-12-24-21-15-00,1,1,0
2015-12-24-21-30-00,3,3,0
2015-12-24-21-45-00,0,0,0
2015-12-24-22-00-00,1,1,0
2015-12-24-22-15-00,0,0,0
2015-12-24-22-30-00,1,0,1
2015-12-24-22-45-00,0,0,0
2015-12-24-23-00-00,0,0,0
2015-12-24-23-15-00,1,1,0
2015-12-24-23-30-00,0,0,0
2015-12-24-23-45-00,4,4,0
2015-12-25-00-00-00,1,0,1
2015-12-25-00-15-00,0,0,0
2015-12-25-00-30-00,0,0,0
2015-12-25-00-45-00,0,0,0
2015-12-25-01-00-00,0,0,0
2015-12-25-01-15-00,1,1,0
2015-12-25-01-30-00,0,0,0
2015-12-25-01-45-00,0,0,0
2015-12-25-02-00-00,0,0,0
2015-12-25-02-15-00,0,0,0
2015-12-25-02-30-00,2,2,0
2015-12-25-02-45-00,1,0,1
2015-12-25-03-00-00,0,0,0
2015-12-25-03-15-00,0,0,0
2015-12-25-03-30-00,0,0,0
2015-12-25-03-45-00,0,0,0
2015-12-25-04-00-00,1,1,0
2015-12-25-04-15-00,0,0,0
2015-12-25-04-30-00,0,0,0
2015-12-25-04-45-00,0,0,0
2015-12-25-05-00-00,0,0,0
2015-12-25-05-15-00,0,0,0
2015-12-25-05-30-00,0,0,0
2015-12-25-05-45-00,0,0,0
2015-12-25-06-00-00,0,0,0
2015-12-25-06-15-00,0,0,0
2015-12-25-06-30-00,1,0,1
2015-12-25-06-45-00,0,0,0
2015-12-25-07-00-00,0,0,0
2015-12-25-07-15-00,2,1,1
2015-12-25-07-30-00,1,1,0
2015-12-25-07-45-00,0,0,0
2015-12-25-08-00-00,0,0,0
2015-12-25-08-15-00,4,2,2
2015-12-25-08-30-00,0,0,0
2015-12-25-08-45-00,7,1,6
2015-12-25-09-00-00,7,4,3
2015-12-25-09-15-00,5,3,2
2015-12-25-09-30-00,6,1,5
2015-12-25-09-45-00,4,1,3
2015-12-25-10-00-00,5,0,5
2015-12-25-10-15-00,6,5,1
2015-12-25-10-30-00,5,3,2
2015-12-25-10-45-00,5,4,1
2015-12-25-11-00-00,7,7,0
2015-12-25-11-15-00,5,2,3
2015-12-25-11-30-00,4,1,3
2015-12-25-11-45-00,4,1,3
2015-12-25-12-00-00,1,1,0
2015-12-25-12-15-00,5,2,3
2015-12-25-12-30-00,4,3,1
2015-12-25-12-45-00,3,2,1
2015-12-25-13-00-00,2,0,2
2015-12-25-13-15-00,3,1,2
2015-12-25-13-30-00,7,4,3
2015-12-25-13-45-00,7,6,1
2015-12-25-14-00-00,5,2,3
2015-12-25-14-15-00,4,1,3
2015-12-25-14-30-00,9,5,4
2015-12-25-14-45-00,3,3,0
2015-12-25-15-00-00,3,0,3
2015-12-25-15-15-00,2,2,0
2015-12-25-15-30-00,6,3,3
2015-12-25-15-45-00,10,3,7
2015-12-25-16-00-00,7,2,5
2015-12-25-16-15-00,7,5,2
2015-12-25-16-30-00,6,2,4
2015-12-25-16-45-00,2,1,1
2015-12-25-17-00-00,2,1,1
2015-12-25-17-15-00,3,2,1
2015-12-25-17-30-00,5,4,1
2015-12-25-17-45-00,2,1,1
2015-12-25-18-00-00,5,3,2
2015-12-25-18-15-00,3,1,2
2015-12-25-18-30-00,3,3,0
2015-12-25-18-45-00,1,0,1
2015-12-25-19-00-00,1,0,1
2015-12-25-19-15-00,0,0,0
2015-12-25-19-30-00,0,0,0
2015-12-25-19-45-00,0,0,0
2015-12-25-20-00-00,1,0,1
2015-12-25-20-15-00,0,0,0
2015-12-25-20-30-00,1,0,1
2015-12-25-20-45-00,0,0,0
2015-12-25-21-00-00,0,0,0
2015-12-25-21-15-00,2,1,1
2015-12-25-21-30-00,1,0,1
2015-12-25-21-45-00,1,1,0
2015-12-25-22-00-00,1,1,0
2015-12-25-22-15-00,1,0,1
2015-12-25-22-30-00,1,0,1
2015-12-25-22-45-00,0,0,0
2015-12-25-23-00-00,1,1,0
2015-12-25-23-15-00,2,1,1
2015-12-25-23-30-00,0,0,0
2015-12-25-23-45-00,0,0,0
2015-12-26-00-00-00,0,0,0
2015-12-26-00-15-00,0,0,0
2015-12-26-00-30-00,2,0,2
2015-12-26-00-45-00,0,0,0
2015-12-26-01-00-00,0,0,0
2015-12-26-01-15-00,0,0,0
2015-12-26-01-30-00,0,0,0
2015-12-26-01-45-00,0,0,0
2015-12-26-02-00-00,0,0,0
2015-12-26-02-15-00,0,0,0
2015-12-26-02-30-00,0,0,0
2015-12-26-02-45-00,0,0,0
2015-12-26-03-00-00,0,0,0
2015-12-26-03-15-00,0,0,0
2015-12-26-03-30-00,0,0,0
2015-12-26-03-45-00,1,0,1
2015-12-26-04-00-00,0,0,0
2015-12-26-04-15-00,1,1,0
2015-12-26-04-30-00,1,1,0
2015-12-26-04-45-00,0,0,0
2015-12-26-05-00-00,1,1,0
2015-12-26-05-15-00,0,0,0
2015-12-26-05-30-00,1,1,0
2015-12-26-05-45-00,1,0,1
2015-12-26-06-00-00,0,0,0
2015-12-26-06-15-00,1,0,1
2015-12-26-06-30-00,0,0,0
2015-12-26-06-45-00,0,0,0
2015-12-26-07-00-00,0,0,0
2015-12-26-07-15-00,0,0,0
2015-12-26-07-30-00,0,0,0
2015-12-26-07-45-00,1,1,0
2015-12-26-08-00-00,4,2,2
2015-12-26-08-15-00,2,1,1
2015-12-26-08-30-00,4,2,2
2015-12-26-08-45-00,6,2,4
2015-12-26-09-00-00,13,7,6
2015-12-26-09-15-00,10,6,4
2015-12-26-09-30-00,12,8,4
2015-12-26-09-45-00,12,7,5
2015-12-26-10-00-00,8,2,6
2015-12-26-10-15-00,11,6,5
2015-12-26-10-30-00,28,10,18
2015-12-26-10-45-00,32,16,16
2015-12-26-11-00-00,36,18,18
2015-12-26-11-15-00,47,19,28
2015-12-26-11-30-00,65,33,32
2015-12-26-11-45-00,42,19,23
2015-12-26-12-00-00,52,20,32
2015-12-26-12-15-00,56,23,33
2015-12-26-12-30-00,53,19,34
2015-12-26-12-45-00,58,29,29
2015-12-26-13-00-00,63,32,31
2015-12-26-13-15-00,79,38,41
2015-12-26-13-30-00,70,33,37
2015-12-26-13-45-00,65,34,31
2015-12-26-14-00-00,55,29,26
2015-12-26-14-15-00,72,38,34
2015-12-26-14-30-00,78,53,25
2015-12-26-14-45-00,94,44,50
2015-12-26-15-00-00,69,42,27
2015-12-26-15-15-00,68,41,27
2015-12-26-15-30-00,60,30,30
2015-12-26-15-45-00,67,40,27
2015-12-26-16-00-00,75,50,25
2015-12-26-16-15-00,32,21,11
2015-12-26-16-30-00,26,17,9
2015-12-26-16-45-00,22,11,11
2015-12-26-17-00-00,9,5,4
2015-12-26-17-15-00,15,11,4
2015-12-26-17-30-00,9,6,3
2015-12-26-17-45-00,10,7,3
2015-12-26-18-00-00,6,2,4
2015-12-26-18-15-00,5,5,0
2015-12-26-18-30-00,7,6,1
2015-12-26-18-45-00,2,0,2
2015-12-26-19-00-00,2,0,2
2015-12-26-19-15-00,2,2,0
2015-12-26-19-30-00,5,5,0
2015-12-26-19-45-00,2,2,0
2015-12-26-20-00-00,0,0,0
2015-12-26-20-15-00,0,0,0
2015-12-26-20-30-00,1,0,1
2015-12-26-20-45-00,2,2,0
2015-12-26-21-00-00,2,1,1
2015-12-26-21-15-00,0,0,0
2015-12-26-21-30-00,0,0,0
2015-12-26-21-45-00,1,0,1
2015-12-26-22-00-00,0,0,0
2015-12-26-22-15-00,1,1,0
2015-12-26-22-30-00,0,0,0
2015-12-26-22-45-00,0,0,0
2015-12-26-23-00-00,0,0,0
2015-12-26-23-15-00,0,0,0
2015-12-26-23-30-00,1,1,0
2015-12-26-23-45-00,2,1,1
2015-12-27-00-00-00,0,0,0
2015-12-27-00-15-00,0,0,0
2015-12-27-00-30-00,3,1,2
2015-12-27-00-45-00,0,0,0
2015-12-27-01-00-00,1,1,0
2015-12-27-01-15-00,0,0,0
2015-12-27-01-30-00,0,0,0
2015-12-27-01-45-00,0,0,0
2015-12-27-02-00-00,0,0,0
2015-12-27-02-15-00,1,1,0
2015-12-27-02-30-00,0,0,0
2015-12-27-02-45-00,0,0,0
2015-12-27-03-00-00,1,0,1
2015-12-27-03-15-00,0,0,0
2015-12-27-03-30-00,0,0,0
2015-12-27-03-45-00,0,0,0
2015-12-27-04-00-00,0,0,0
2015-12-27-04-15-00,0,0,0
2015-12-27-04-30-00,0,0,0
2015-12-27-04-45-00,0,0,0
2015-12-27-05-00-00,1,0,1
2015-12-27-05-15-00,1,1,0
2015-12-27-05-30-00,0,0,0
2015-12-27-05-45-00,2,2,0
2015-12-27-06-00-00,1,0,1
2015-12-27-06-15-00,3,1,2
2015-12-27-06-30-00,1,1,0
2015-12-27-06-45-00,1,0,1
2015-12-27-07-00-00,0,0,0
2015-12-27-07-15-00,1,1,0
2015-12-27-07-30-00,1,0,1
2015-12-27-07-45-00,1,0,1
2015-12-27-08-00-00,1,1,0
2015-12-27-08-15-00,2,2,0
2015-12-27-08-30-00,4,1,3
2015-12-27-08-45-00,2,1,1
2015-12-27-09-00-00,4,2,2
2015-12-27-09-15-00,5,1,4
2015-12-27-09-30-00,12,3,9
2015-12-27-09-45-00,11,5,6
2015-12-27-10-00-00,19,11,8
2015-12-27-10-15-00,20,6,14
2015-12-27-10-30-00,24,7,17
2015-12-27-10-45-00,28,18,10
2015-12-27-11-00-00,37,15,22
2015-12-27-11-15-00,36,17,19
2015-12-27-11-30-00,54,21,33
2015-12-27-11-45-00,41,18,23
2015-12-27-12-00-00,45,22,23
2015-12-27-12-15-00,44,21,23
2015-12-27-12-30-00,54,18,36
2015-12-27-12-45-00,34,13,21
2015-12-27-13-00-00,39,18,21
2015-12-27-13-15-00,45,19,26
2015-12-27-13-30-00,62,24,38
2015-12-27-13-45-00,48,37,11
2015-12-27-14-00-00,55,31,24
2015-12-27-14-15-00,78,40,38
2015-12-27-14-30-00,66,33,33
2015-12-27-14-45-00,69,46,23
2015-12-27-15-00-00,49,28,21
2015-12-27-15-15-00,56,39,17
2015-12-27-15-30-00,48,26,22
2015-12-27-15-45-00,54,29,25
2015-12-27-16-00-00,58,34,24
2015-12-27-16-15-00,48,32,16
2015-12-27-16-30-00,39,24,15
2015-12-27-16-45-00,17,10,7
2015-12-27-17-00-00,34,22,12
2015-12-27-17-15-00,15,7,8
2015-12-27-17-30-00,6,5,1
2015-12-27-17-45-00,9,7,2
2015-12-27-18-00-00,6,2,4
2015-12-27-18-15-00,1,0,1
2015-12-27-18-30-00,0,0,0
2015-12-27-18-45-00,6,3,3
2015-12-27-19-00-00,1,1,0
2015-12-27-19-15-00,2,2,0
2015-12-27-19-30-00,0,0,0
2015-12-27-19-45-00,1,1,0
2015-12-27-20-00-00,2,1,1
2015-12-27-20-15-00,1,0,1
2015-12-27-20-30-00,1,0,1
2015-12-27-20-45-00,6,4,2
2015-12-27-21-00-00,1,1,0
2015-12-27-21-15-00,1,0,1
2015-12-27-21-30-00,5,3,2
2015-12-27-21-45-00,2,1,1
2015-12-27-22-00-00,1,1,0
2015-12-27-22-15-00,1,0,1
2015-12-27-22-30-00,0,0,0
2015-12-27-22-45-00,0,0,0
2015-12-27-23-00-00,0,0,0
2015-12-27-23-15-00,0,0,0
2015-12-27-23-30-00,0,0,0
2015-12-27-23-45-00,0,0,0
2015-12-28-00-00-00,0,0,0
2015-12-28-00-15-00,0,0,0
2015-12-28-00-30-00,0,0,0
2015-12-28-00-45-00,0,0,0
2015-12-28-01-00-00,0,0,0
2015-12-28-01-15-00,0,0,0
2015-12-28-01-30-00,0,0,0
2015-12-28-01-45-00,0,0,0
2015-12-28-02-00-00,0,0,0
2015-12-28-02-15-00,0,0,0
2015-12-28-02-30-00,0,0,0
2015-12-28-02-45-00,0,0,0
2015-12-28-03-00-00,0,0,0
2015-12-28-03-15-00,0,0,0
2015-12-28-03-30-00,0,0,0
2015-12-28-03-45-00,1,1,0
2015-12-28-04-00-00,0,0,0
2015-12-28-04-15-00,0,0,0
2015-12-28-04-30-00,0,0,0
2015-12-28-04-45-00,0,0,0
2015-12-28-05-00-00,1,1,0
2015-12-28-05-15-00,0,0,0
2015-12-28-05-30-00,0,0,0
2015-12-28-05-45-00,1,0,1
2015-12-28-06-00-00,2,0,2
2015-12-28-06-15-00,3,1,2
2015-12-28-06-30-00,3,1,2
2015-12-28-06-45-00,4,2,2
2015-12-28-07-00-00,3,1,2
2015-12-28-07-15-00,7,4,3
2015-12-28-07-30-00,5,2,3
2015-12-28-07-45-00,7,3,4
2015-12-28-08-00-00,9,3,6
2015-12-28-08-15-00,9,6,3
2015-12-28-08-30-00,16,6,10
2015-12-28-08-45-00,10,2,8
2015-12-28-09-00-00,8,1,7
2015-12-28-09-15-00,5,2,3
2015-12-28-09-30-00,12,3,9
2015-12-28-09-45-00,6,4,2
2015-12-28-10-00-00,8,3,5
2015-12-28-10-15-00,7,2,5
2015-12-28-10-30-00,6,2,4
2015-12-28-10-45-00,12,7,5
2015-12-28-11-00-00,24,14,10
2015-12-28-11-15-00,12,3,9
2015-12-28-11-30-00,27,14,13
2015-12-28-11-45-00,29,11,18
2015-12-28-12-00-00,31,17,14
2015-12-28-12-15-00,39,17,22
2015-12-28-12-30-00,25,14,11
2015-12-28-12-45-00,52,34,18
2015-12-28-13-00-00,31,10,21
2015-12-28-13-15-00,26,16,10
2015-12-28-13-30-00,49,25,24
2015-12-28-13-45-00,40,22,18
2015-12-28-14-00-00,55,24,31
2015-12-28-14-15-00,49,24,25
2015-12-28-14-30-00,52,29,23
2015-12-28-14-45-00,39,27,12
2015-12-28-15-00-00,56,38,18
2015-12-28-15-15-00,53,22,31
2015-12-28-15-30-00,50,27,23
2015-12-28-15-45-00,61,34,27
2015-12-28-16-00-00,46,31,15
2015-12-28-16-15-00,36,23,13
2015-12-28-16-30-00,26,14,12
2015-12-28-16-45-00,14,10,4
2015-12-28-17-00-00,17,9,8
2015-12-28-17-15-00,12,6,6
2015-12-28-17-30-00,19,10,9
2015-12-28-17-45-00,11,8,3
2015-12-28-18-00-00,8,3,5
2015-12-28-18-15-00,8,3,5
2015-12-28-18-30-00,12,3,9
2015-12-28-18-45-00,10,4,6
2015-12-28-19-00-00,2,1,1
2015-12-28-19-15-00,6,4,2
2015-12-28-19-30-00,5,2,3
2015-12-28-19-45-00,8,3,5
2015-12-28-20-00-00,0,0,0
2015-12-28-20-15-00,1,0,1
2015-12-28-20-30-00,4,3,1
2015-12-28-20-45-00,2,1,1
2015-12-28-21-00-00,4,2,2
2015-12-28-21-15-00,1,1,0
2015-12-28-21-30-00,1,0,1
2015-12-28-21-45-00,1,1,0
2015-12-28-22-00-00,2,2,0
2015-12-28-22-15-00,1,1,0
2015-12-28-22-30-00,0,0,0
2015-12-28-22-45-00,1,1,0
2015-12-28-23-00-00,1,0,1
2015-12-28-23-15-00,0,0,0
2015-12-28-23-30-00,0,0,0
2015-12-28-23-45-00,1,0,1
2015-12-29-00-00-00,0,0,0
2015-12-29-00-15-00,0,0,0
2015-12-29-00-30-00,0,0,0
2015-12-29-00-45-00,0,0,0
2015-12-29-01-00-00,2,2,0
2015-12-29-01-15-00,0,0,0
2015-12-29-01-30-00,0,0,0
2015-12-29-01-45-00,0,0,0
2015-12-29-02-00-00,0,0,0
2015-12-29-02-15-00,1,0,1
2015-12-29-02-30-00,0,0,0
2015-12-29-02-45-00,0,0,0
2015-12-29-03-00-00,0,0,0
2015-12-29-03-15-00,2,0,2
2015-12-29-03-30-00,1,1,0
2015-12-29-03-45-00,0,0,0
2015-12-29-04-00-00,0,0,0
2015-12-29-04-15-00,0,0,0
2015-12-29-04-30-00,0,0,0
2015-12-29-04-45-00,0,0,0
2015-12-29-05-00-00,1,1,0
2015-12-29-05-15-00,1,0,1
2015-12-29-05-30-00,0,0,0
2015-12-29-05-45-00,2,0,2
2015-12-29-06-00-00,1,0,1
2015-12-29-06-15-00,1,0,1
2015-12-29-06-30-00,4,1,3
2015-12-29-06-45-00,3,0,3
2015-12-29-07-00-00,6,2,4
2015-12-29-07-15-00,4,2,2
2015-12-29-07-30-00,8,2,6
2015-12-29-07-45-00,9,1,8
2015-12-29-08-00-00,1,0,1
2015-12-29-08-15-00,9,3,6
2015-12-29-08-30-00,11,4,7
2015-12-29-08-45-00,6,2,4
2015-12-29-09-00-00,4,0,4
2015-12-29-09-15-00,10,4,6
2015-12-29-09-30-00,14,5,9
2015-12-29-09-45-00,9,3,6
2015-12-29-10-00-00,21,8,13
2015-12-29-10-15-00,18,7,11
2015-12-29-10-30-00,17,8,9
2015-12-29-10-45-00,14,8,6
2015-12-29-11-00-00,20,13,7
2015-12-29-11-15-00,26,11,15
2015-12-29-11-30-00,29,11,18
2015-12-29-11-45-00,18,15,3
2015-12-29-12-00-00,34,15,19
2015-12-29-12-15-00,34,17,17
2015-12-29-12-30-00,29,15,14
2015-12-29-12-45-00,27,14,13
2015-12-29-13-00-00,34,17,17
2015-12-29-13-15-00,30,8,22
2015-12-29-13-30-00,48,24,24
2015-12-29-13-45-00,31,14,17
2015-12-29-14-00-00,28,9,19
2015-12-29-14-15-00,37,23,14
2015-12-29-14-30-00,45,23,22
2015-12-29-14-45-00,43,24,19
2015-12-29-15-00-00,47,34,13
2015-12-29-15-15-00,47,34,13
2015-12-29-15-30-00,35,17,18
2015-12-29-15-45-00,29,20,9
2015-12-29-16-00-00,22,16,6
2015-12-29-16-15-00,19,17,2
2015-12-29-16-30-00,24,12,12
2015-12-29-16-45-00,9,5,4
2015-12-29-17-00-00,20,13,7
2015-12-29-17-15-00,12,8,4
2015-12-29-17-30-00,4,2,2
2015-12-29-17-45-00,4,3,1
2015-12-29-18-00-00,8,6,2
2015-12-29-18-15-00,5,3,2
2015-12-29-18-30-00,9,7,2
2015-12-29-18-45-00,6,4,2
2015-12-29-19-00-00,2,2,0
2015-12-29-19-15-00,2,1,1
2015-12-29-19-30-00,1,1,0
2015-12-29-19-45-00,6,4,2
2015-12-29-20-00-00,2,2,0
2015-12-29-20-15-00,1,0,1
2015-12-29-20-30-00,0,0,0
2015-12-29-20-45-00,2,0,2
2015-12-29-21-00-00,12,1,11
2015-12-29-21-15-00,2,0,2
2015-12-29-21-30-00,1,1,0
2015-12-29-21-45-00,1,0,1
2015-12-29-22-00-00,0,0,0
2015-12-29-22-15-00,0,0,0
2015-12-29-22-30-00,2,2,0
2015-12-29-22-45-00,0,0,0
2015-12-29-23-00-00,2,0,2
2015-12-29-23-15-00,1,1,0
2015-12-29-23-30-00,1,1,0
2015-12-29-23-45-00,1,0,1
2015-12-30-00-00-00,1,0,1
2015-12-30-00-15-00,1,1,0
2015-12-30-00-30-00,0,0,0
2015-12-30-00-45-00,1,1,0
2015-12-30-01-00-00,0,0,0
2015-12-30-01-15-00,0,0,0
2015-12-30-01-30-00,0,0,0
2015-12-30-01-45-00,0,0,0
2015-12-30-02-00-00,3,3,0
2015-12-30-02-15-00,0,0,0
2015-12-30-02-30-00,0,0,0
2015-12-30-02-45-00,0,0,0
2015-12-30-03-00-00,0,0,0
2015-12-30-03-15-00,0,0,0
2015-12-30-03-30-00,0,0,0
2015-12-30-03-45-00,0,0,0
2015-12-30-04-00-00,0,0,0
2015-12-30-04-15-00,0,0,0
2015-12-30-04-30-00,0,0,0
2015-12-30-04-45-00,0,0,0
2015-12-30-05-00-00,0,0,0
2015-12-30-05-15-00,0,0,0
2015-12-30-05-30-00,0,0,0
2015-12-30-05-45-00,0,0,0
2015-12-30-06-00-00,0,0,0
2015-12-30-06-15-00,3,1,2
2015-12-30-06-30-00,3,0,3
2015-12-30-06-45-00,1,0,1
2015-12-30-07-00-00,7,1,6
2015-12-30-07-15-00,4,0,4
2015-12-30-07-30-00,6,5,1
2015-12-30-07-45-00,4,1,3
2015-12-30-08-00-00,3,0,3
2015-12-30-08-15-00,6,1,5
2015-12-30-08-30-00,8,2,6
2015-12-30-08-45-00,13,3,10
2015-12-30-09-00-00,10,5,5
2015-12-30-09-15-00,6,3,3
2015-12-30-09-30-00,8,3,5
2015-12-30-09-45-00,7,2,5
2015-12-30-10-00-00,8,4,4
2015-12-30-10-15-00,5,3,2
2015-12-30-10-30-00,8,3,5
2015-12-30-10-45-00,14,8,6
2015-12-30-11-00-00,19,13,6
2015-12-30-11-15-00,13,4,9
2015-12-30-11-30-00,13,4,9
2015-12-30-11-45-00,15,5,10
2015-12-30-12-00-00,21,15,6
2015-12-30-12-15-00,30,9,21
2015-12-30-12-30-00,23,13,10
2015-12-30-12-45-00,16,12,4
2015-12-30-13-00-00,19,11,8
2015-12-30-13-15-00,26,17,9
2015-12-30-13-30-00,27,11,16
2015-12-30-13-45-00,29,15,14
2015-12-30-14-00-00,23,12,11
2015-12-30-14-15-00,39,20,19
2015-12-30-14-30-00,27,15,12
2015-12-30-14-45-00,43,16,27
2015-12-30-15-00-00,23,14,9
2015-12-30-15-15-00,50,30,20
2015-12-30-15-30-00,30,18,12
2015-12-30-15-45-00,33,22,11
2015-12-30-16-00-00,31,10,21
2015-12-30-16-15-00,20,11,9
2015-12-30-16-30-00,27,16,11
2015-12-30-16-45-00,16,10,6
2015-12-30-17-00-00,18,13,5
2015-12-30-17-15-00,7,3,4
2015-12-30-17-30-00,12,7,5
2015-12-30-17-45-00,4,2,2
2015-12-30-18-00-00,5,1,4
2015-12-30-18-15-00,9,1,8
2015-12-30-18-30-00,1,0,1
2015-12-30-18-45-00,2,1,1
2015-12-30-19-00-00,2,2,0
2015-12-30-19-15-00,2,2,0
2015-12-30-19-30-00,3,3,0
2015-12-30-19-45-00,7,4,3
2015-12-30-20-00-00,0,0,0
2015-12-30-20-15-00,1,0,1
2015-12-30-20-30-00,3,1,2
2015-12-30-20-45-00,2,0,2
2015-12-30-21-00-00,0,0,0
2015-12-30-21-15-00,0,0,0
2015-12-30-21-30-00,0,0,0
2015-12-30-21-45-00,1,0,1
2015-12-30-22-00-00,1,1,0
2015-12-30-22-15-00,0,0,0
2015-12-30-22-30-00,0,0,0
2015-12-30-22-45-00,1,1,0
2015-12-30-23-00-00,1,1,0
2015-12-30-23-15-00,0,0,0
2015-12-30-23-30-00,0,0,0
2015-12-30-23-45-00,0,0,0
2015-12-31-00-00-00,1,1,0
2015-12-31-00-15-00,0,0,0
2015-12-31-00-30-00,0,0,0
2015-12-31-00-45-00,0,0,0
2015-12-31-01-00-00,0,0,0
2015-12-31-01-15-00,0,0,0
2015-12-31-01-30-00,0,0,0
2015-12-31-01-45-00,0,0,0
2015-12-31-02-00-00,0,0,0
2015-12-31-02-15-00,0,0,0
2015-12-31-02-30-00,0,0,0
2015-12-31-02-45-00,1,0,1
2015-12-31-03-00-00,0,0,0
2015-12-31-03-15-00,0,0,0
2015-12-31-03-30-00,0,0,0
2015-12-31-03-45-00,0,0,0
2015-12-31-04-00-00,0,0,0
2015-12-31-04-15-00,0,0,0
2015-12-31-04-30-00,0,0,0
2015-12-31-04-45-00,0,0,0
2015-12-31-05-00-00,0,0,0
2015-12-31-05-15-00,0,0,0
2015-12-31-05-30-00,0,0,0
2015-12-31-05-45-00,0,0,0
2015-12-31-06-00-00,0,0,0
2015-12-31-06-15-00,1,1,0
2015-12-31-06-30-00,0,0,0
2015-12-31-06-45-00,1,1,0
2015-12-31-07-00-00,1,1,0
2015-12-31-07-15-00,0,0,0
2015-12-31-07-30-00,1,1,0
2015-12-31-07-45-00,0,0,0
2015-12-31-08-00-00,0,0,0
2015-12-31-08-15-00,0,0,0
2015-12-31-08-30-00,3,2,1
2015-12-31-08-45-00,1,1,0
2015-12-31-09-00-00,2,0,2
2015-12-31-09-15-00,3,3,0
2015-12-31-09-30-00,2,2,0
2015-12-31-09-45-00,4,1,3
2015-12-31-10-00-00,3,0,3
2015-12-31-10-15-00,5,4,1
2015-12-31-10-30-00,9,5,4
2015-12-31-10-45-00,2,1,1
2015-12-31-11-00-00,6,4,2
2015-12-31-11-15-00,8,4,4
2015-12-31-11-30-00,10,3,7
2015-12-31-11-45-00,12,5,7
2015-12-31-12-00-00,4,1,3
2015-12-31-12-15-00,4,0,4
2015-12-31-12-30-00,16,10,6
2015-12-31-12-45-00,10,2,8
2015-12-31-13-00-00,28,12,16
2015-12-31-13-15-00,29,14,15
2015-12-31-13-30-00,31,13,18
2015-12-31-13-45-00,32,16,16
2015-12-31-14-00-00,31,12,19
2015-12-31-14-15-00,34,18,16
2015-12-31-14-30-00,52,25,27
2015-12-31-14-45-00,49,25,24
2015-12-31-15-00-00,43,21,22
2015-12-31-15-15-00,45,19,26
2015-12-31-15-30-00,41,21,20
2015-12-31-15-45-00,41,21,20
2015-12-31-16-00-00,40,23,17
2015-12-31-16-15-00,22,12,10
2015-12-31-16-30-00,33,21,12
2015-12-31-16-45-00,13,13,0
2015-12-31-17-00-00,9,5,4
2015-12-31-17-15-00,10,4,6
2015-12-31-17-30-00,6,3,3
2015-12-31-17-45-00,2,0,2
2015-12-31-18-00-00,4,3,1
2015-12-31-18-15-00,2,1,1
2015-12-31-18-30-00,2,0,2
2015-12-31-18-45-00,3,1,2
2015-12-31-19-00-00,4,4,0
2015-12-31-19-15-00,6,1,5
2015-12-31-19-30-00,6,4,2
2015-12-31-19-45-00,8,5,3
2015-12-31-20-00-00,3,1,2
2015-12-31-20-15-00,0,0,0
2015-12-31-20-30-00,2,2,0
2015-12-31-20-45-00,4,3,1
2015-12-31-21-00-00,2,2,0
2015-12-31-21-15-00,1,1,0
2015-12-31-21-30-00,0,0,0
2015-12-31-21-45-00,2,2,0
2015-12-31-22-00-00,1,1,0
2015-12-31-22-15-00,0,0,0
2015-12-31-22-30-00,0,0,0
2015-12-31-22-45-00,1,1,0
2015-12-31-23-00-00,0,0,0
2015-12-31-23-15-00,0,0,0
2015-12-31-23-30-00,0,0,0
2015-12-31-23-45-00,0,0,0
2016-01-01-00-00-00,1,0,1
2016-01-01-00-15-00,0,0,0
2016-01-01-00-30-00,0,0,0
2016-01-01-00-45-00,1,1,0
2016-01-01-01-00-00,2,2,0
2016-01-01-01-15-00,3,1,2
2016-01-01-01-30-00,1,0,1
2016-01-01-01-45-00,5,3,2
2016-01-01-02-00-00,8,6,2
2016-01-01-02-15-00,1,0,1
2016-01-01-02-30-00,2,0,2
2016-01-01-02-45-00,3,1,2
2016-01-01-03-00-00,1,0,1
2016-01-01-03-15-00,1,1,0
2016-01-01-03-30-00,2,2,0
2016-01-01-03-45-00,0,0,0
2016-01-01-04-00-00,0,0,0
2016-01-01-04-15-00,2,2,0
2016-01-01-04-30-00,0,0,0
2016-01-01-04-45-00,0,0,0
2016-01-01-05-00-00,3,1,2
2016-01-01-05-15-00,3,0,3
2016-01-01-05-30-00,1,0,1
2016-01-01-05-45-00,0,0,0
2016-01-01-06-00-00,0,0,0
2016-01-01-06-15-00,2,2,0
2016-01-01-06-30-00,0,0,0
2016-01-01-06-45-00,0,0,0
2016-01-01-07-00-00,2,2,0
2016-01-01-07-15-00,2,1,1
2016-01-01-07-30-00,0,0,0
2016-01-01-07-45-00,0,0,0
2016-01-01-08-00-00,0,0,0
2016-01-01-08-15-00,1,0,1
2016-01-01-08-30-00,0,0,0
2016-01-01-08-45-00,0,0,0
2016-01-01-09-00-00,3,3,0
2016-01-01-09-15-00,3,1,2
2016-01-01-09-30-00,2,1,1
2016-01-01-09-45-00,6,2,4
2016-01-01-10-00-00,9,7,2
2016-01-01-10-15-00,4,1,3
2016-01-01-10-30-00,5,2,3
2016-01-01-10-45-00,4,3,1
2016-01-01-11-00-00,7,3,4
2016-01-01-11-15-00,14,9,5
2016-01-01-11-30-00,5,0,5
2016-01-01-11-45-00,10,5,5
2016-01-01-12-00-00,15,8,7
2016-01-01-12-15-00,14,10,4
2016-01-01-12-30-00,17,12,5
2016-01-01-12-45-00,19,10,9
2016-01-01-13-00-00,26,10,16
2016-01-01-13-15-00,24,9,15
2016-01-01-13-30-00,32,12,20
2016-01-01-13-45-00,18,8,10
2016-01-01-14-00-00,32,16,16
2016-01-01-14-15-00,32,12,20
2016-01-01-14-30-00,47,31,16
2016-01-01-14-45-00,42,23,19
2016-01-01-15-00-00,41,23,18
2016-01-01-15-15-00,60,37,23
2016-01-01-15-30-00,41,25,16
2016-01-01-15-45-00,24,12,12
2016-01-01-16-00-00,30,15,15
2016-01-01-16-15-00,27,16,11
2016-01-01-16-30-00,27,18,9
2016-01-01-16-45-00,15,14,1
2016-01-01-17-00-00,9,6,3
2016-01-01-17-15-00,3,3,0
2016-01-01-17-30-00,6,3,3
2016-01-01-17-45-00,10,4,6
2016-01-01-18-00-00,6,3,3
2016-01-01-18-15-00,3,2,1
2016-01-01-18-30-00,4,2,2
2016-01-01-18-45-00,2,1,1
2016-01-01-19-00-00,6,4,2
2016-01-01-19-15-00,1,1,0
2016-01-01-19-30-00,2,1,1
2016-01-01-19-45-00,4,3,1
2016-01-01-20-00-00,1,0,1
2016-01-01-20-15-00,1,1,0
2016-01-01-20-30-00,1,1,0
2016-01-01-20-45-00,1,0,1
2016-01-01-21-00-00,0,0,0
2016-01-01-21-15-00,1,0,1
2016-01-01-21-30-00,1,1,0
2016-01-01-21-45-00,0,0,0
2016-01-01-22-00-00,0,0,0
2016-01-01-22-15-00,0,0,0
2016-01-01-22-30-00,2,2,0
2016-01-01-22-45-00,0,0,0
2016-01-01-23-00-00,0,0,0
2016-01-01-23-15-00,1,0,1
2016-01-01-23-30-00,0,0,0
2016-01-01-23-45-00,0,0,0
2016-01-02-00-00-00,0,0,0
2016-01-02-00-15-00,2,2,0
2016-01-02-00-30-00,0,0,0
2016-01-02-00-45-00,0,0,0
2016-01-02-01-00-00,0,0,0
2016-01-02-01-15-00,0,0,0
2016-01-02-01-30-00,0,0,0
2016-01-02-01-45-00,0,0,0
2016-01-02-02-00-00,0,0,0
2016-01-02-02-15-00,0,0,0
2016-01-02-02-30-00,0,0,0
2016-01-02-02-45-00,0,0,0
2016-01-02-03-00-00,0,0,0
2016-01-02-03-15-00,0,0,0
2016-01-02-03-30-00,0,0,0
2016-01-02-03-45-00,0,0,0
2016-01-02-04-00-00,0,0,0
2016-01-02-04-15-00,0,0,0
2016-01-02-04-30-00,0,0,0
2016-01-02-04-45-00,0,0,0
2016-01-02-05-00-00,0,0,0
2016-01-02-05-15-00,0,0,0
2016-01-02-05-30-00,0,0,0
2016-01-02-05-45-00,0,0,0
2016-01-02-06-00-00,0,0,0
2016-01-02-06-15-00,1,1,0
2016-01-02-06-30-00,0,0,0
2016-01-02-06-45-00,0,0,0
2016-01-02-07-00-00,0,0,0
2016-01-02-07-15-00,1,1,0
2016-01-02-07-30-00,1,1,0
2016-01-02-07-45-00,1,0,1
2016-01-02-08-00-00,1,0,1
2016-01-02-08-15-00,0,0,0
2016-01-02-08-30-00,3,3,0
2016-01-02-08-45-00,1,0,1
2016-01-02-09-00-00,6,4,2
2016-01-02-09-15-00,2,2,0
2016-01-02-09-30-00,2,2,0
2016-01-02-09-45-00,0,0,0
2016-01-02-10-00-00,0,0,0
2016-01-02-10-15-00,1,0,1
2016-01-02-10-30-00,0,0,0
2016-01-02-10-45-00,2,1,1
2016-01-02-11-00-00,2,1,1
2016-01-02-11-15-00,1,1,0
2016-01-02-11-30-00,7,1,6
2016-01-02-11-45-00,1,0,1
2016-01-02-12-00-00,0,0,0
2016-01-02-12-15-00,1,0,1
2016-01-02-12-30-00,1,0,1
2016-01-02-12-45-00,1,0,1
2016-01-02-13-00-00,3,1,2
2016-01-02-13-15-00,0,0,0
2016-01-02-13-30-00,2,1,1
2016-01-02-13-45-00,7,6,1
2016-01-02-14-00-00,9,4,5
2016-01-02-14-15-00,8,2,6
2016-01-02-14-30-00,11,7,4
2016-01-02-14-45-00,2,0,2
2016-01-02-15-00-00,6,3,3
2016-01-02-15-15-00,10,6,4
2016-01-02-15-30-00,3,1,2
2016-01-02-15-45-00,10,7,3
2016-01-02-16-00-00,10,6,4
2016-01-02-16-15-00,5,4,1
2016-01-02-16-30-00,6,5,1
2016-01-02-16-45-00,8,4,4
2016-01-02-17-00-00,3,1,2
2016-01-02-17-15-00,5,4,1
2016-01-02-17-30-00,2,1,1
2016-01-02-17-45-00,1,0,1
2016-01-02-18-00-00,1,0,1
2016-01-02-18-15-00,1,0,1
2016-01-02-18-30-00,8,6,2
2016-01-02-18-45-00,0,0,0
2016-01-02-19-00-00,3,2,1
2016-01-02-19-15-00,2,2,0
2016-01-02-19-30-00,0,0,0
2016-01-02-19-45-00,3,1,2
2016-01-02-20-00-00,1,1,0
2016-01-02-20-15-00,2,2,0
2016-01-02-20-30-00,2,2,0
2016-01-02-20-45-00,2,0,2
2016-01-02-21-00-00,2,0,2
2016-01-02-21-15-00,1,1,0
2016-01-02-21-30-00,0,0,0
2016-01-02-21-45-00,2,2,0
2016-01-02-22-00-00,1,0,1
2016-01-02-22-15-00,0,0,0
2016-01-02-22-30-00,1,1,0
2016-01-02-22-45-00,0,0,0
2016-01-02-23-00-00,2,0,2
2016-01-02-23-15-00,0,0,0
2016-01-02-23-30-00,0,0,0
2016-01-02-23-45-00,1,0,1
2016-01-03-00-00-00,0,0,0
2016-01-03-00-15-00,1,0,1
2016-01-03-00-30-00,1,0,1
2016-01-03-00-45-00,2,1,1
2016-01-03-01-00-00,0,0,0
2016-01-03-01-15-00,0,0,0
2016-01-03-01-30-00,0,0,0
2016-01-03-01-45-00,0,0,0
2016-01-03-02-00-00,0,0,0
2016-01-03-02-15-00,0,0,0
2016-01-03-02-30-00,0,0,0
2016-01-03-02-45-00,0,0,0
2016-01-03-03-00-00,0,0,0
2016-01-03-03-15-00,1,0,1
2016-01-03-03-30-00,0,0,0
2016-01-03-03-45-00,0,0,0
2016-01-03-04-00-00,0,0,0
2016-01-03-04-15-00,0,0,0
2016-01-03-04-30-00,0,0,0
2016-01-03-04-45-00,0,0,0
2016-01-03-05-00-00,0,0,0
2016-01-03-05-15-00,2,2,0
2016-01-03-05-30-00,2,2,0
2016-01-03-05-45-00,1,0,1
2016-01-03-06-00-00,0,0,0
2016-01-03-06-15-00,0,0,0
2016-01-03-06-30-00,0,0,0
2016-01-03-06-45-00,0,0,0
2016-01-03-07-00-00,0,0,0
2016-01-03-07-15-00,0,0,0
2016-01-03-07-30-00,2,1,1
2016-01-03-07-45-00,0,0,0
2016-01-03-08-00-00,0,0,0
2016-01-03-08-15-00,4,0,4
2016-01-03-08-30-00,1,0,1
2016-01-03-08-45-00,1,0,1
2016-01-03-09-00-00,6,4,2
2016-01-03-09-15-00,7,3,4
2016-01-03-09-30-00,3,2,1
2016-01-03-09-45-00,5,3,2
2016-01-03-10-00-00,6,4,2
2016-01-03-10-15-00,7,5,2
2016-01-03-10-30-00,14,6,8
2016-01-03-10-45-00,9,4,5
2016-01-03-11-00-00,18,5,13
2016-01-03-11-15-00,24,11,13
2016-01-03-11-30-00,23,12,11
2016-01-03-11-45-00,14,8,6
2016-01-03-12-00-00,30,16,14
2016-01-03-12-15-00,28,14,14
2016-01-03-12-30-00,20,9,11
2016-01-03-12-45-00,26,13,13
2016-01-03-13-00-00,19,13,6
2016-01-03-13-15-00,31,13,18
2016-01-03-13-30-00,34,15,19
2016-01-03-13-45-00,22,13,9
2016-01-03-14-00-00,20,13,7
2016-01-03-14-15-00,30,18,12
2016-01-03-14-30-00,10,5,5
2016-01-03-14-45-00,21,10,11
2016-01-03-15-00-00,23,10,13
2016-01-03-15-15-00,20,10,10
2016-01-03-15-30-00,23,13,10
2016-01-03-15-45-00,18,12,6
2016-01-03-16-00-00,19,17,2
2016-01-03-16-15-00,23,12,11
2016-01-03-16-30-00,23,16,7
2016-01-03-16-45-00,20,14,6
2016-01-03-17-00-00,6,3,3
2016-01-03-17-15-00,7,4,3
2016-01-03-17-30-00,7,4,3
2016-01-03-17-45-00,8,5,3
2016-01-03-18-00-00,2,0,2
2016-01-03-18-15-00,6,3,3
2016-01-03-18-30-00,6,4,2
2016-01-03-18-45-00,2,2,0
2016-01-03-19-00-00,2,2,0
2016-01-03-19-15-00,4,1,3
2016-01-03-19-30-00,1,1,0
2016-01-03-19-45-00,2,1,1
2016-01-03-20-00-00,8,7,1
2016-01-03-20-15-00,1,0,1
2016-01-03-20-30-00,2,1,1
2016-01-03-20-45-00,0,0,0
2016-01-03-21-00-00,0,0,0
2016-01-03-21-15-00,0,0,0
2016-01-03-21-30-00,0,0,0
2016-01-03-21-45-00,0,0,0
2016-01-03-22-00-00,0,0,0
2016-01-03-22-15-00,1,1,0
2016-01-03-22-30-00,0,0,0
2016-01-03-22-45-00,0,0,0
2016-01-03-23-00-00,0,0,0
2016-01-03-23-15-00,0,0,0
2016-01-03-23-30-00,0,0,0
2016-01-03-23-45-00,0,0,0
2016-01-04-00-00-00,0,0,0
2016-01-04-00-15-00,0,0,0
2016-01-04-00-30-00,0,0,0
2016-01-04-00-45-00,0,0,0
2016-01-04-01-00-00,0,0,0
2016-01-04-01-15-00,0,0,0
2016-01-04-01-30-00,1,0,1
2016-01-04-01-45-00,0,0,0
2016-01-04-02-00-00,0,0,0
2016-01-04-02-15-00,0,0,0
2016-01-04-02-30-00,0,0,0
2016-01-04-02-45-00,0,0,0
2016-01-04-03-00-00,0,0,0
2016-01-04-03-15-00,0,0,0
2016-01-04-03-30-00,0,0,0
2016-01-04-03-45-00,0,0,0
2016-01-04-04-00-00,0,0,0
2016-01-04-04-15-00,0,0,0
2016-01-04-04-30-00,0,0,0
2016-01-04-04-45-00,0,0,0
2016-01-04-05-00-00,0,0,0
2016-01-04-05-15-00,0,0,0
2016-01-04-05-30-00,4,1,3
2016-01-04-05-45-00,1,1,0
2016-01-04-06-00-00,2,1,1
2016-01-04-06-15-00,4,0,4
2016-01-04-06-30-00,0,0,0
2016-01-04-06-45-00,3,0,3
2016-01-04-07-00-00,5,2,3
2016-01-04-07-15-00,14,5,9
2016-01-04-07-30-00,15,5,10
2016-01-04-07-45-00,18,3,15
2016-01-04-08-00-00,19,5,14
2016-01-04-08-15-00,18,2,16
2016-01-04-08-30-00,31,6,25
2016-01-04-08-45-00,33,3,30
2016-01-04-09-00-00,11,0,11
2016-01-04-09-15-00,11,3,8
2016-01-04-09-30-00,6,0,6
2016-01-04-09-45-00,6,4,2
2016-01-04-10-00-00,6,5,1
2016-01-04-10-15-00,5,2,3
2016-01-04-10-30-00,6,4,2
2016-01-04-10-45-00,4,2,2
2016-01-04-11-00-00,7,4,3
2016-01-04-11-15-00,4,2,2
2016-01-04-11-30-00,5,3,2
2016-01-04-11-45-00,8,4,4
2016-01-04-12-00-00,3,2,1
2016-01-04-12-15-00,5,2,3
2016-01-04-12-30-00,5,1,4
2016-01-04-12-45-00,10,6,4
2016-01-04-13-00-00,12,6,6
2016-01-04-13-15-00,9,6,3
2016-01-04-13-30-00,14,4,10
2016-01-04-13-45-00,11,5,6
2016-01-04-14-00-00,7,3,4
2016-01-04-14-15-00,14,9,5
2016-01-04-14-30-00,9,4,5
2016-01-04-14-45-00,7,5,2
2016-01-04-15-00-00,9,5,4
2016-01-04-15-15-00,11,5,6
2016-01-04-15-30-00,13,8,5
2016-01-04-15-45-00,9,5,4
2016-01-04-16-00-00,13,9,4
2016-01-04-16-15-00,15,9,6
2016-01-04-16-30-00,13,9,4
2016-01-04-16-45-00,24,17,7
2016-01-04-17-00-00,18,11,7
2016-01-04-17-15-00,23,18,5
2016-01-04-17-30-00,17,15,2
2016-01-04-17-45-00,19,16,3
2016-01-04-18-00-00,25,19,6
2016-01-04-18-15-00,12,6,6
2016-01-04-18-30-00,10,8,2
2016-01-04-18-45-00,11,9,2
2016-01-04-19-00-00,5,4,1
2016-01-04-19-15-00,4,1,3
2016-01-04-19-30-00,12,10,2
2016-01-04-19-45-00,8,4,4
2016-01-04-20-00-00,2,0,2
2016-01-04-20-15-00,2,2,0
2016-01-04-20-30-00,2,0,2
2016-01-04-20-45-00,3,1,2
2016-01-04-21-00-00,2,1,1
2016-01-04-21-15-00,5,3,2
2016-01-04-21-30-00,1,0,1
2016-01-04-21-45-00,1,1,0
2016-01-04-22-00-00,3,2,1
2016-01-04-22-15-00,1,1,0
2016-01-04-22-30-00,0,0,0
2016-01-04-22-45-00,3,1,2
2016-01-04-23-00-00,1,0,1
2016-01-04-23-15-00,0,0,0
2016-01-04-23-30-00,0,0,0
2016-01-04-23-45-00,0,0,0
2016-01-05-00-00-00,1,0,1
2016-01-05-00-15-00,0,0,0
2016-01-05-00-30-00,0,0,0
2016-01-05-00-45-00,0,0,0
2016-01-05-01-00-00,0,0,0
2016-01-05-01-15-00,0,0,0
2016-01-05-01-30-00,0,0,0
2016-01-05-01-45-00,0,0,0
2016-01-05-02-00-00,0,0,0
2016-01-05-02-15-00,0,0,0
2016-01-05-02-30-00,0,0,0
2016-01-05-02-45-00,0,0,0
2016-01-05-03-00-00,0,0,0
2016-01-05-03-15-00,0,0,0
2016-01-05-03-30-00,0,0,0
2016-01-05-03-45-00,0,0,0
2016-01-05-04-00-00,0,0,0
2016-01-05-04-15-00,0,0,0
2016-01-05-04-30-00,0,0,0
2016-01-05-04-45-00,0,0,0
2016-01-05-05-00-00,0,0,0
2016-01-05-05-15-00,0,0,0
2016-01-05-05-30-00,3,2,1
2016-01-05-05-45-00,2,0,2
2016-01-05-06-00-00,1,1,0
2016-01-05-06-15-00,3,0,3
2016-01-05-06-30-00,6,1,5
2016-01-05-06-45-00,9,4,5
2016-01-05-07-00-00,12,4,8
2016-01-05-07-15-00,12,8,4
2016-01-05-07-30-00,20,7,13
2016-01-05-07-45-00,27,6,21
2016-01-05-08-00-00,16,3,13
2016-01-05-08-15-00,30,6,24
2016-01-05-08-30-00,42,12,30
2016-01-05-08-45-00,29,2,27
2016-01-05-09-00-00,18,3,15
2016-01-05-09-15-00,10,2,8
2016-01-05-09-30-00,2,1,1
2016-01-05-09-45-00,8,0,8
2016-01-05-10-00-00,10,4,6
2016-01-05-10-15-00,8,4,4
2016-01-05-10-30-00,4,2,2
2016-01-05-10-45-00,8,5,3
2016-01-05-11-00-00,16,8,8
2016-01-05-11-15-00,12,6,6
2016-01-05-11-30-00,11,8,3
2016-01-05-11-45-00,12,8,4
2016-01-05-12-00-00,9,4,5
2016-01-05-12-15-00,12,7,5
2016-01-05-12-30-00,10,6,4
2016-01-05-12-45-00,10,5,5
2016-01-05-13-00-00,10,6,4
2016-01-05-13-15-00,16,8,8
2016-01-05-13-30-00,7,2,5
2016-01-05-13-45-00,13,11,2
2016-01-05-14-00-00,11,6,5
2016-01-05-14-15-00,8,3,5
2016-01-05-14-30-00,12,6,6
2016-01-05-14-45-00,9,7,2
2016-01-05-15-00-00,18,12,6
2016-01-05-15-15-00,21,18,3
2016-01-05-15-30-00,14,10,4
2016-01-05-15-45-00,19,12,7
2016-01-05-16-00-00,23,17,6
2016-01-05-16-15-00,28,22,6
2016-01-05-16-30-00,27,18,9
2016-01-05-16-45-00,22,15,7
2016-01-05-17-00-00,27,17,10
2016-01-05-17-15-00,36,27,9
2016-01-05-17-30-00,25,16,9
2016-01-05-17-45-00,17,12,5
2016-01-05-18-00-00,18,8,10
2016-01-05-18-15-00,25,19,6
2016-01-05-18-30-00,18,14,4
2016-01-05-18-45-00,15,11,4
2016-01-05-19-00-00,6,3,3
2016-01-05-19-15-00,14,9,5
2016-01-05-19-30-00,4,4,0
2016-01-05-19-45-00,8,6,2
2016-01-05-20-00-00,4,3,1
2016-01-05-20-15-00,3,1,2
2016-01-05-20-30-00,3,2,1
2016-01-05-20-45-00,3,2,1
2016-01-05-21-00-00,2,1,1
2016-01-05-21-15-00,4,2,2
2016-01-05-21-30-00,2,1,1
2016-01-05-21-45-00,3,2,1
2016-01-05-22-00-00,1,1,0
2016-01-05-22-15-00,0,0,0
2016-01-05-22-30-00,1,1,0
2016-01-05-22-45-00,1,1,0
2016-01-05-23-00-00,0,0,0
2016-01-05-23-15-00,0,0,0
2016-01-05-23-30-00,0,0,0
2016-01-05-23-45-00,0,0,0
2016-01-06-00-00-00,0,0,0
2016-01-06-00-15-00,0,0,0
2016-01-06-00-30-00,1,0,1
2016-01-06-00-45-00,0,0,0
2016-01-06-01-00-00,0,0,0
2016-01-06-01-15-00,0,0,0
2016-01-06-01-30-00,0,0,0
2016-01-06-01-45-00,0,0,0
2016-01-06-02-00-00,0,0,0
2016-01-06-02-15-00,0,0,0
2016-01-06-02-30-00,0,0,0
2016-01-06-02-45-00,0,0,0
2016-01-06-03-00-00,1,1,0
2016-01-06-03-15-00,0,0,0
2016-01-06-03-30-00,0,0,0
2016-01-06-03-45-00,0,0,0
2016-01-06-04-00-00,0,0,0
2016-01-06-04-15-00,0,0,0
2016-01-06-04-30-00,0,0,0
2016-01-06-04-45-00,1,1,0
2016-01-06-05-00-00,0,0,0
2016-01-06-05-15-00,0,0,0
2016-01-06-05-30-00,2,0,2
2016-01-06-05-45-00,5,2,3
2016-01-06-06-00-00,4,0,4
2016-01-06-06-15-00,3,0,3
2016-01-06-06-30-00,7,0,7
2016-01-06-06-45-00,12,6,6
2016-01-06-07-00-00,9,3,6
2016-01-06-07-15-00,14,8,6
2016-01-06-07-30-00,21,13,8
2016-01-06-07-45-00,20,2,18
2016-01-06-08-00-00,20,4,16
2016-01-06-08-15-00,27,6,21
2016-01-06-08-30-00,35,7,28
2016-01-06-08-45-00,41,4,37
2016-01-06-09-00-00,21,2,19
2016-01-06-09-15-00,11,1,10
2016-01-06-09-30-00,10,2,8
2016-01-06-09-45-00,10,2,8
2016-01-06-10-00-00,7,2,5
2016-01-06-10-15-00,8,4,4
2016-01-06-10-30-00,7,3,4
2016-01-06-10-45-00,22,13,9
2016-01-06-11-00-00,13,4,9
2016-01-06-11-15-00,12,8,4
2016-01-06-11-30-00,6,3,3
2016-01-06-11-45-00,16,7,9
2016-01-06-12-00-00,16,8,8
2016-01-06-12-15-00,10,5,5
2016-01-06-12-30-00,13,8,5
2016-01-06-12-45-00,15,11,4
2016-01-06-13-00-00,16,10,6
2016-01-06-13-15-00,10,5,5
2016-01-06-13-30-00,11,6,5
2016-01-06-13-45-00,7,5,2
2016-01-06-14-00-00,9,4,5
2016-01-06-14-15-00,15,13,2
2016-01-06-14-30-00,27,12,15
2016-01-06-14-45-00,16,5,11
2016-01-06-15-00-00,10,3,7
2016-01-06-15-15-00,16,15,1
2016-01-06-15-30-00,9,4,5
2016-01-06-15-45-00,19,8,11
2016-01-06-16-00-00,24,19,5
2016-01-06-16-15-00,38,22,16
2016-01-06-16-30-00,36,22,14
2016-01-06-16-45-00,38,29,9
2016-01-06-17-00-00,33,21,12
2016-01-06-17-15-00,20,16,4
2016-01-06-17-30-00,24,19,5
2016-01-06-17-45-00,34,23,11
2016-01-06-18-00-00,17,11,6
2016-01-06-18-15-00,19,15,4
2016-01-06-18-30-00,23,16,7
2016-01-06-18-45-00,12,10,2
2016-01-06-19-00-00,9,5,4
2016-01-06-19-15-00,7,6,1
2016-01-06-19-30-00,3,3,0
2016-01-06-19-45-00,7,5,2
2016-01-06-20-00-00,6,4,2
2016-01-06-20-15-00,2,1,1
2016-01-06-20-30-00,7,6,1
2016-01-06-20-45-00,1,0,1
2016-01-06-21-00-00,2,2,0
2016-01-06-21-15-00,0,0,0
2016-01-06-21-30-00,3,1,2
2016-01-06-21-45-00,0,0,0
2016-01-06-22-00-00,2,1,1
2016-01-06-22-15-00,1,0,1
2016-01-06-22-30-00,0,0,0
2016-01-06-22-45-00,1,0,1
2016-01-06-23-00-00,2,1,1
2016-01-06-23-15-00,5,0,5
2016-01-06-23-30-00,0,0,0
2016-01-06-23-45-00,1,0,1
2016-01-07-00-00-00,0,0,0
2016-01-07-00-15-00,1,0,1
2016-01-07-00-30-00,0,0,0
2016-01-07-00-45-00,0,0,0
2016-01-07-01-00-00,0,0,0
2016-01-07-01-15-00,0,0,0
2016-01-07-01-30-00,0,0,0
2016-01-07-01-45-00,0,0,0
2016-01-07-02-00-00,0,0,0
2016-01-07-02-15-00,0,0,0
2016-01-07-02-30-00,0,0,0
2016-01-07-02-45-00,0,0,0
2016-01-07-03-00-00,0,0,0
2016-01-07-03-15-00,0,0,0
2016-01-07-03-30-00,0,0,0
2016-01-07-03-45-00,0,0,0
2016-01-07-04-00-00,0,0,0
2016-01-07-04-15-00,0,0,0
2016-01-07-04-30-00,0,0,0
2016-01-07-04-45-00,0,0,0
2016-01-07-05-00-00,0,0,0
2016-01-07-05-15-00,2,0,2
2016-01-07-05-30-00,1,0,1
2016-01-07-05-45-00,4,1,3
2016-01-07-06-00-00,4,1,3
2016-01-07-06-15-00,2,0,2
2016-01-07-06-30-00,4,2,2
2016-01-07-06-45-00,10,3,7
2016-01-07-07-00-00,11,3,8
2016-01-07-07-15-00,19,11,8
2016-01-07-07-30-00,27,8,19
2016-01-07-07-45-00,33,8,25
2016-01-07-08-00-00,24,5,19
2016-01-07-08-15-00,34,6,28
2016-01-07-08-30-00,34,5,29
2016-01-07-08-45-00,37,6,31
2016-01-07-09-00-00,28,5,23
2016-01-07-09-15-00,9,2,7
2016-01-07-09-30-00,12,6,6
2016-01-07-09-45-00,9,5,4
2016-01-07-10-00-00,7,1,6
2016-01-07-10-15-00,3,1,2
2016-01-07-10-30-00,12,7,5
2016-01-07-10-45-00,8,3,5
2016-01-07-11-00-00,4,1,3
2016-01-07-11-15-00,9,5,4
2016-01-07-11-30-00,8,6,2
2016-01-07-11-45-00,8,7,1
2016-01-07-12-00-00,5,4,1
2016-01-07-12-15-00,8,5,3
2016-01-07-12-30-00,6,4,2
2016-01-07-12-45-00,13,9,4
2016-01-07-13-00-00,11,8,3
2016-01-07-13-15-00,8,5,3
2016-01-07-13-30-00,6,4,2
2016-01-07-13-45-00,7,4,3
2016-01-07-14-00-00,9,3,6
2016-01-07-14-15-00,8,6,2
2016-01-07-14-30-00,5,3,2
2016-01-07-14-45-00,1,0,1
2016-01-07-15-00-00,9,5,4
2016-01-07-15-15-00,8,4,4
2016-01-07-15-30-00,8,3,5
2016-01-07-15-45-00,7,5,2
2016-01-07-16-00-00,11,11,0
2016-01-07-16-15-00,13,11,2
2016-01-07-16-30-00,10,8,2
2016-01-07-16-45-00,19,16,3
2016-01-07-17-00-00,18,11,7
2016-01-07-17-15-00,16,14,2
2016-01-07-17-30-00,20,16,4
2016-01-07-17-45-00,18,14,4
2016-01-07-18-00-00,24,13,11
2016-01-07-18-15-00,17,17,0
2016-01-07-18-30-00,7,6,1
2016-01-07-18-45-00,11,9,2
2016-01-07-19-00-00,6,4,2
2016-01-07-19-15-00,6,6,0
2016-01-07-19-30-00,10,8,2
2016-01-07-19-45-00,3,3,0
2016-01-07-20-00-00,9,6,3
2016-01-07-20-15-00,2,1,1
2016-01-07-20-30-00,1,0,1
2016-01-07-20-45-00,0,0,0
2016-01-07-21-00-00,2,1,1
2016-01-07-21-15-00,1,0,1
2016-01-07-21-30-00,1,1,0
2016-01-07-21-45-00,0,0,0
2016-01-07-22-00-00,2,2,0
2016-01-07-22-15-00,3,2,1
2016-01-07-22-30-00,0,0,0
2016-01-07-22-45-00,0,0,0
2016-01-07-23-00-00,1,0,1
2016-01-07-23-15-00,0,0,0
2016-01-07-23-30-00,0,0,0
2016-01-07-23-45-00,0,0,0
2016-01-08-00-00-00,1,1,0
2016-01-08-00-15-00,0,0,0
2016-01-08-00-30-00,1,0,1
2016-01-08-00-45-00,0,0,0
2016-01-08-01-00-00,0,0,0
2016-01-08-01-15-00,0,0,0
2016-01-08-01-30-00,0,0,0
2016-01-08-01-45-00,0,0,0
2016-01-08-02-00-00,0,0,0
2016-01-08-02-15-00,1,0,1
2016-01-08-02-30-00,0,0,0
2016-01-08-02-45-00,0,0,0
2016-01-08-03-00-00,0,0,0
2016-01-08-03-15-00,0,0,0
2016-01-08-03-30-00,0,0,0
2016-01-08-03-45-00,0,0,0
2016-01-08-04-00-00,0,0,0
2016-01-08-04-15-00,0,0,0
2016-01-08-04-30-00,1,0,1
2016-01-08-04-45-00,0,0,0
2016-01-08-05-00-00,0,0,0
2016-01-08-05-15-00,0,0,0
2016-01-08-05-30-00,2,0,2
2016-01-08-05-45-00,3,0,3
2016-01-08-06-00-00,1,0,1
2016-01-08-06-15-00,5,2,3
2016-01-08-06-30-00,5,1,4
2016-01-08-06-45-00,10,3,7
2016-01-08-07-00-00,10,5,5
2016-01-08-07-15-00,20,9,11
2016-01-08-07-30-00,24,14,10
2016-01-08-07-45-00,29,7,22
2016-01-08-08-00-00,27,4,23
2016-01-08-08-15-00,38,7,31
2016-01-08-08-30-00,41,10,31
2016-01-08-08-45-00,34,3,31
2016-01-08-09-00-00,20,4,16
2016-01-08-09-15-00,15,6,9
2016-01-08-09-30-00,17,5,12
2016-01-08-09-45-00,4,2,2
2016-01-08-10-00-00,10,3,7
2016-01-08-10-15-00,11,6,5
2016-01-08-10-30-00,12,4,8
2016-01-08-10-45-00,10,3,7
2016-01-08-11-00-00,24,12,12
2016-01-08-11-15-00,18,8,10
2016-01-08-11-30-00,12,5,7
2016-01-08-11-45-00,19,7,12
2016-01-08-12-00-00,8,5,3
2016-01-08-12-15-00,21,9,12
2016-01-08-12-30-00,20,11,9
2016-01-08-12-45-00,25,13,12
2016-01-08-13-00-00,43,22,21
2016-01-08-13-15-00,28,17,11
2016-01-08-13-30-00,33,18,15
2016-01-08-13-45-00,46,16,30
2016-01-08-14-00-00,36,20,16
2016-01-08-14-15-00,41,19,22
2016-01-08-14-30-00,50,28,22
2016-01-08-14-45-00,45,24,21
2016-01-08-15-00-00,42,27,15
2016-01-08-15-15-00,48,31,17
2016-01-08-15-30-00,45,26,19
2016-01-08-15-45-00,51,29,22
2016-01-08-16-00-00,64,44,20
2016-01-08-16-15-00,64,36,28
2016-01-08-16-30-00,40,28,12
2016-01-08-16-45-00,39,26,13
2016-01-08-17-00-00,32,20,12
2016-01-08-17-15-00,23,17,6
2016-01-08-17-30-00,16,10,6
2016-01-08-17-45-00,20,13,7
2016-01-08-18-00-00,17,12,5
2016-01-08-18-15-00,14,12,2
2016-01-08-18-30-00,9,8,1
2016-01-08-18-45-00,5,5,0
2016-01-08-19-00-00,5,5,0
2016-01-08-19-15-00,13,10,3
2016-01-08-19-30-00,2,0,2
2016-01-08-19-45-00,5,2,3
2016-01-08-20-00-00,3,1,2
2016-01-08-20-15-00,0,0,0
2016-01-08-20-30-00,6,3,3
2016-01-08-20-45-00,2,2,0
2016-01-08-21-00-00,3,1,2
2016-01-08-21-15-00,0,0,0
2016-01-08-21-30-00,4,2,2
2016-01-08-21-45-00,2,0,2
2016-01-08-22-00-00,2,0,2
2016-01-08-22-15-00,1,1,0
2016-01-08-22-30-00,1,0,1
2016-01-08-22-45-00,1,0,1
2016-01-08-23-00-00,0,0,0
2016-01-08-23-15-00,0,0,0
2016-01-08-23-30-00,0,0,0
2016-01-08-23-45-00,0,0,0
2016-01-09-00-00-00,1,1,0
2016-01-09-00-15-00,1,0,1
2016-01-09-00-30-00,0,0,0
2016-01-09-00-45-00,0,0,0
2016-01-09-01-00-00,0,0,0
2016-01-09-01-15-00,0,0,0
2016-01-09-01-30-00,0,0,0
2016-01-09-01-45-00,3,0,3
2016-01-09-02-00-00,0,0,0
2016-01-09-02-15-00,0,0,0
2016-01-09-02-30-00,0,0,0
2016-01-09-02-45-00,0,0,0
2016-01-09-03-00-00,0,0,0
2016-01-09-03-15-00,0,0,0
2016-01-09-03-30-00,0,0,0
2016-01-09-03-45-00,0,0,0
2016-01-09-04-00-00,0,0,0
2016-01-09-04-15-00,0,0,0
2016-01-09-04-30-00,0,0,0
2016-01-09-04-45-00,0,0,0
2016-01-09-05-00-00,1,1,0
2016-01-09-05-15-00,0,0,0
2016-01-09-05-30-00,0,0,0
2016-01-09-05-45-00,1,1,0
2016-01-09-06-00-00,1,0,1
2016-01-09-06-15-00,1,0,1
2016-01-09-06-30-00,0,0,0
2016-01-09-06-45-00,0,0,0
2016-01-09-07-00-00,1,1,0
2016-01-09-07-15-00,1,1,0
2016-01-09-07-30-00,0,0,0
2016-01-09-07-45-00,2,2,0
2016-01-09-08-00-00,2,2,0
2016-01-09-08-15-00,1,1,0
2016-01-09-08-30-00,4,2,2
2016-01-09-08-45-00,5,2,3
2016-01-09-09-00-00,8,4,4
2016-01-09-09-15-00,6,5,1
2016-01-09-09-30-00,13,4,9
2016-01-09-09-45-00,20,11,9
2016-01-09-10-00-00,8,5,3
2016-01-09-10-15-00,9,8,1
2016-01-09-10-30-00,10,6,4
2016-01-09-10-45-00,14,11,3
2016-01-09-11-00-00,13,7,6
2016-01-09-11-15-00,28,11,17
2016-01-09-11-30-00,20,12,8
2016-01-09-11-45-00,29,14,15
2016-01-09-12-00-00,22,10,12
2016-01-09-12-15-00,34,12,22
2016-01-09-12-30-00,38,15,23
2016-01-09-12-45-00,27,13,14
2016-01-09-13-00-00,58,28,30
2016-01-09-13-15-00,61,30,31
2016-01-09-13-30-00,33,16,17
2016-01-09-13-45-00,41,18,23
2016-01-09-14-00-00,63,31,32
2016-01-09-14-15-00,46,20,26
2016-01-09-14-30-00,58,29,29
2016-01-09-14-45-00,53,20,33
2016-01-09-15-00-00,58,25,33
2016-01-09-15-15-00,58,31,27
2016-01-09-15-30-00,48,29,19
2016-01-09-15-45-00,49,34,15
2016-01-09-16-00-00,36,21,15
2016-01-09-16-15-00,19,12,7
2016-01-09-16-30-00,24,7,17
2016-01-09-16-45-00,18,12,6
2016-01-09-17-00-00,17,8,9
2016-01-09-17-15-00,11,7,4
2016-01-09-17-30-00,11,9,2
2016-01-09-17-45-00,3,2,1
2016-01-09-18-00-00,6,4,2
2016-01-09-18-15-00,5,1,4
2016-01-09-18-30-00,6,4,2
2016-01-09-18-45-00,10,4,6
2016-01-09-19-00-00,4,1,3
2016-01-09-19-15-00,2,1,1
2016-01-09-19-30-00,4,2,2
2016-01-09-19-45-00,3,2,1
2016-01-09-20-00-00,6,2,4
2016-01-09-20-15-00,1,0,1
2016-01-09-20-30-00,1,1,0
2016-01-09-20-45-00,2,2,0
2016-01-09-21-00-00,0,0,0
2016-01-09-21-15-00,3,2,1
2016-01-09-21-30-00,2,2,0
2016-01-09-21-45-00,3,1,2
2016-01-09-22-00-00,1,0,1
2016-01-09-22-15-00,1,1,0
2016-01-09-22-30-00,0,0,0
2016-01-09-22-45-00,0,0,0
2016-01-09-23-00-00,1,1,0
2016-01-09-23-15-00,0,0,0
2016-01-09-23-30-00,0,0,0
2016-01-09-23-45-00,0,0,0
2016-01-10-00-00-00,1,0,1
2016-01-10-00-15-00,0,0,0
2016-01-10-00-30-00,0,0,0
2016-01-10-00-45-00,2,1,1
2016-01-10-01-00-00,0,0,0
2016-01-10-01-15-00,3,3,0
2016-01-10-01-30-00,0,0,0
2016-01-10-01-45-00,0,0,0
2016-01-10-02-00-00,2,0,2
2016-01-10-02-15-00,0,0,0
2016-01-10-02-30-00,1,1,0
2016-01-10-02-45-00,0,0,0
2016-01-10-03-00-00,0,0,0
2016-01-10-03-15-00,0,0,0
2016-01-10-03-30-00,0,0,0
2016-01-10-03-45-00,0,0,0
2016-01-10-04-00-00,0,0,0
2016-01-10-04-15-00,0,0,0
2016-01-10-04-30-00,0,0,0
2016-01-10-04-45-00,0,0,0
2016-01-10-05-00-00,1,1,0
2016-01-10-05-15-00,0,0,0
2016-01-10-05-30-00,2,1,1
2016-01-10-05-45-00,0,0,0
2016-01-10-06-00-00,0,0,0
2016-01-10-06-15-00,1,0,1
2016-01-10-06-30-00,0,0,0
2016-01-10-06-45-00,0,0,0
2016-01-10-07-00-00,2,1,1
2016-01-10-07-15-00,1,0,1
2016-01-10-07-30-00,2,1,1
2016-01-10-07-45-00,0,0,0
2016-01-10-08-00-00,0,0,0
2016-01-10-08-15-00,0,0,0
2016-01-10-08-30-00,0,0,0
2016-01-10-08-45-00,5,4,1
2016-01-10-09-00-00,4,2,2
2016-01-10-09-15-00,9,3,6
2016-01-10-09-30-00,3,2,1
2016-01-10-09-45-00,11,7,4
2016-01-10-10-00-00,8,4,4
2016-01-10-10-15-00,18,4,14
2016-01-10-10-30-00,26,7,19
2016-01-10-10-45-00,22,9,13
2016-01-10-11-00-00,24,14,10
2016-01-10-11-15-00,21,11,10
2016-01-10-11-30-00,28,10,18
2016-01-10-11-45-00,36,16,20
2016-01-10-12-00-00,39,21,18
2016-01-10-12-15-00,47,26,21
2016-01-10-12-30-00,56,30,26
2016-01-10-12-45-00,46,24,22
2016-01-10-13-00-00,42,17,25
2016-01-10-13-15-00,50,26,24
2016-01-10-13-30-00,61,22,39
2016-01-10-13-45-00,56,26,30
2016-01-10-14-00-00,55,25,30
2016-01-10-14-15-00,59,35,24
2016-01-10-14-30-00,68,41,27
2016-01-10-14-45-00,65,40,25
2016-01-10-15-00-00,46,19,27
2016-01-10-15-15-00,53,29,24
2016-01-10-15-30-00,60,36,24
2016-01-10-15-45-00,48,23,25
2016-01-10-16-00-00,55,31,24
2016-01-10-16-15-00,32,23,9
2016-01-10-16-30-00,28,16,12
2016-01-10-16-45-00,18,15,3
2016-01-10-17-00-00,8,5,3
2016-01-10-17-15-00,11,8,3
2016-01-10-17-30-00,9,9,0
2016-01-10-17-45-00,4,2,2
2016-01-10-18-00-00,4,3,1
2016-01-10-18-15-00,4,2,2
2016-01-10-18-30-00,4,4,0
2016-01-10-18-45-00,4,2,2
2016-01-10-19-00-00,1,1,0
2016-01-10-19-15-00,8,4,4
2016-01-10-19-30-00,2,1,1
2016-01-10-19-45-00,1,0,1
2016-01-10-20-00-00,1,1,0
2016-01-10-20-15-00,1,1,0
2016-01-10-20-30-00,0,0,0
2016-01-10-20-45-00,0,0,0
2016-01-10-21-00-00,0,0,0
2016-01-10-21-15-00,1,1,0
2016-01-10-21-30-00,3,2,1
2016-01-10-21-45-00,0,0,0
2016-01-10-22-00-00,2,2,0
2016-01-10-22-15-00,0,0,0
2016-01-10-22-30-00,1,0,1
2016-01-10-22-45-00,1,0,1
2016-01-10-23-00-00,0,0,0
2016-01-10-23-15-00,1,0,1
2016-01-10-23-30-00,0,0,0
2016-01-10-23-45-00,0,0,0
2016-01-11-00-00-00,0,0,0
2016-01-11-00-15-00,0,0,0
2016-01-11-00-30-00,0,0,0
2016-01-11-00-45-00,0,0,0
2016-01-11-01-00-00,0,0,0
2016-01-11-01-15-00,0,0,0
2016-01-11-01-30-00,0,0,0
2016-01-11-01-45-00,0,0,0
2016-01-11-02-00-00,0,0,0
2016-01-11-02-15-00,0,0,0
2016-01-11-02-30-00,0,0,0
2016-01-11-02-45-00,1,0,1
2016-01-11-03-00-00,0,0,0
2016-01-11-03-15-00,0,0,0
2016-01-11-03-30-00,0,0,0
2016-01-11-03-45-00,0,0,0
2016-01-11-04-00-00,0,0,0
2016-01-11-04-15-00,0,0,0
2016-01-11-04-30-00,0,0,0
2016-01-11-04-45-00,1,1,0
2016-01-11-05-00-00,0,0,0
2016-01-11-05-15-00,0,0,0
2016-01-11-05-30-00,0,0,0
2016-01-11-05-45-00,5,2,3
2016-01-11-06-00-00,5,1,4
2016-01-11-06-15-00,2,1,1
2016-01-11-06-30-00,5,0,5
2016-01-11-06-45-00,8,3,5
2016-01-11-07-00-00,11,5,6
2016-01-11-07-15-00,17,9,8
2016-01-11-07-30-00,35,13,22
2016-01-11-07-45-00,27,5,22
2016-01-11-08-00-00,41,13,28
2016-01-11-08-15-00,37,9,28
2016-01-11-08-30-00,34,4,30
2016-01-11-08-45-00,37,1,36
2016-01-11-09-00-00,22,5,17
2016-01-11-09-15-00,9,1,8
2016-01-11-09-30-00,11,4,7
2016-01-11-09-45-00,7,4,3
2016-01-11-10-00-00,12,4,8
2016-01-11-10-15-00,8,3,5
2016-01-11-10-30-00,7,4,3
2016-01-11-10-45-00,8,3,5
2016-01-11-11-00-00,4,0,4
2016-01-11-11-15-00,3,0,3
2016-01-11-11-30-00,4,3,1
2016-01-11-11-45-00,4,2,2
2016-01-11-12-00-00,4,4,0
2016-01-11-12-15-00,8,5,3
2016-01-11-12-30-00,1,0,1
2016-01-11-12-45-00,5,4,1
2016-01-11-13-00-00,2,1,1
2016-01-11-13-15-00,17,5,12
2016-01-11-13-30-00,1,0,1
2016-01-11-13-45-00,10,6,4
2016-01-11-14-00-00,11,8,3
2016-01-11-14-15-00,8,7,1
2016-01-11-14-30-00,11,5,6
2016-01-11-14-45-00,14,11,3
2016-01-11-15-00-00,7,4,3
2016-01-11-15-15-00,12,11,1
2016-01-11-15-30-00,13,9,4
2016-01-11-15-45-00,12,8,4
2016-01-11-16-00-00,21,12,9
2016-01-11-16-15-00,22,17,5
2016-01-11-16-30-00,11,8,3
2016-01-11-16-45-00,15,10,5
2016-01-11-17-00-00,28,19,9
2016-01-11-17-15-00,21,14,7
2016-01-11-17-30-00,18,10,8
2016-01-11-17-45-00,19,16,3
2016-01-11-18-00-00,22,16,6
2016-01-11-18-15-00,18,11,7
2016-01-11-18-30-00,21,19,2
2016-01-11-18-45-00,11,10,1
2016-01-11-19-00-00,11,9,2
2016-01-11-19-15-00,9,9,0
2016-01-11-19-30-00,4,3,1
2016-01-11-19-45-00,10,5,5
2016-01-11-20-00-00,2,2,0
2016-01-11-20-15-00,5,4,1
2016-01-11-20-30-00,1,1,0
2016-01-11-20-45-00,4,1,3
2016-01-11-21-00-00,0,0,0
2016-01-11-21-15-00,1,1,0
2016-01-11-21-30-00,1,1,0
2016-01-11-21-45-00,2,1,1
2016-01-11-22-00-00,1,1,0
2016-01-11-22-15-00,0,0,0
2016-01-11-22-30-00,0,0,0
2016-01-11-22-45-00,0,0,0
2016-01-11-23-00-00,1,0,1
2016-01-11-23-15-00,0,0,0
2016-01-11-23-30-00,0,0,0
2016-01-11-23-45-00,1,0,1
2016-01-12-00-00-00,0,0,0
2016-01-12-00-15-00,2,0,2
2016-01-12-00-30-00,0,0,0
2016-01-12-00-45-00,0,0,0
2016-01-12-01-00-00,0,0,0
2016-01-12-01-15-00,0,0,0
2016-01-12-01-30-00,0,0,0
2016-01-12-01-45-00,1,0,1
2016-01-12-02-00-00,0,0,0
2016-01-12-02-15-00,0,0,0
2016-01-12-02-30-00,0,0,0
2016-01-12-02-45-00,0,0,0
2016-01-12-03-00-00,0,0,0
2016-01-12-03-15-00,0,0,0
2016-01-12-03-30-00,0,0,0
2016-01-12-03-45-00,0,0,0
2016-01-12-04-00-00,0,0,0
2016-01-12-04-15-00,0,0,0
2016-01-12-04-30-00,0,0,0
2016-01-12-04-45-00,0,0,0
2016-01-12-05-00-00,0,0,0
2016-01-12-05-15-00,1,0,1
2016-01-12-05-30-00,0,0,0
2016-01-12-05-45-00,5,1,4
2016-01-12-06-00-00,4,1,3
2016-01-12-06-15-00,5,3,2
2016-01-12-06-30-00,1,0,1
2016-01-12-06-45-00,11,6,5
2016-01-12-07-00-00,9,1,8
2016-01-12-07-15-00,25,9,16
2016-01-12-07-30-00,26,12,14
2016-01-12-07-45-00,30,10,20
2016-01-12-08-00-00,39,9,30
2016-01-12-08-15-00,37,8,29
2016-01-12-08-30-00,40,9,31
2016-01-12-08-45-00,35,6,29
2016-01-12-09-00-00,22,5,17
2016-01-12-09-15-00,22,4,18
2016-01-12-09-30-00,16,9,7
2016-01-12-09-45-00,14,5,9
2016-01-12-10-00-00,7,2,5
2016-01-12-10-15-00,5,2,3
2016-01-12-10-30-00,7,2,5
2016-01-12-10-45-00,7,2,5
2016-01-12-11-00-00,16,8,8
2016-01-12-11-15-00,5,4,1
2016-01-12-11-30-00,11,6,5
2016-01-12-11-45-00,3,0,3
2016-01-12-12-00-00,7,5,2
2016-01-12-12-15-00,12,6,6
2016-01-12-12-30-00,7,5,2
2016-01-12-12-45-00,9,3,6
2016-01-12-13-00-00,19,13,6
2016-01-12-13-15-00,22,11,11
2016-01-12-13-30-00,8,3,5
2016-01-12-13-45-00,15,5,10
2016-01-12-14-00-00,15,6,9
2016-01-12-14-15-00,16,10,6
2016-01-12-14-30-00,13,12,1
2016-01-12-14-45-00,11,5,6
2016-01-12-15-00-00,13,7,6
2016-01-12-15-15-00,15,7,8
2016-01-12-15-30-00,21,10,11
2016-01-12-15-45-00,19,12,7
2016-01-12-16-00-00,29,17,12
2016-01-12-16-15-00,21,16,5
2016-01-12-16-30-00,22,13,9
2016-01-12-16-45-00,36,21,15
2016-01-12-17-00-00,30,18,12
2016-01-12-17-15-00,33,27,6
2016-01-12-17-30-00,26,18,8
2016-01-12-17-45-00,23,16,7
2016-01-12-18-00-00,22,17,5
2016-01-12-18-15-00,21,18,3
2016-01-12-18-30-00,14,10,4
2016-01-12-18-45-00,17,8,9
2016-01-12-19-00-00,17,10,7
2016-01-12-19-15-00,12,9,3
2016-01-12-19-30-00,10,7,3
2016-01-12-19-45-00,2,2,0
2016-01-12-20-00-00,1,1,0
2016-01-12-20-15-00,5,4,1
2016-01-12-20-30-00,4,3,1
2016-01-12-20-45-00,7,3,4
2016-01-12-21-00-00,3,3,0
2016-01-12-21-15-00,4,1,3
2016-01-12-21-30-00,0,0,0
2016-01-12-21-45-00,10,8,2
2016-01-12-22-00-00,0,0,0
2016-01-12-22-15-00,4,2,2
2016-01-12-22-30-00,4,4,0
2016-01-12-22-45-00,0,0,0
2016-01-12-23-00-00,0,0,0
2016-01-12-23-15-00,0,0,0
2016-01-12-23-30-00,0,0,0
2016-01-12-23-45-00,0,0,0
2016-01-13-00-00-00,0,0,0
2016-01-13-00-15-00,1,1,0
2016-01-13-00-30-00,0,0,0
2016-01-13-00-45-00,0,0,0
2016-01-13-01-00-00,0,0,0
2016-01-13-01-15-00,0,0,0
2016-01-13-01-30-00,0,0,0
2016-01-13-01-45-00,0,0,0
2016-01-13-02-00-00,0,0,0
2016-01-13-02-15-00,0,0,0
2016-01-13-02-30-00,0,0,0
2016-01-13-02-45-00,0,0,0
2016-01-13-03-00-00,0,0,0
2016-01-13-03-15-00,0,0,0
2016-01-13-03-30-00,0,0,0
2016-01-13-03-45-00,0,0,0
2016-01-13-04-00-00,0,0,0
2016-01-13-04-15-00,0,0,0
2016-01-13-04-30-00,0,0,0
2016-01-13-04-45-00,0,0,0
2016-01-13-05-00-00,0,0,0
2016-01-13-05-15-00,0,0,0
2016-01-13-05-30-00,0,0,0
2016-01-13-05-45-00,0,0,0
2016-01-13-06-00-00,4,1,3
2016-01-13-06-15-00,3,1,2
2016-01-13-06-30-00,3,0,3
2016-01-13-06-45-00,9,3,6
2016-01-13-07-00-00,6,3,3
2016-01-13-07-15-00,11,5,6
2016-01-13-07-30-00,28,8,20
2016-01-13-07-45-00,27,3,24
2016-01-13-08-00-00,22,5,17
2016-01-13-08-15-00,21,3,18
2016-01-13-08-30-00,31,4,27
2016-01-13-08-45-00,24,2,22
2016-01-13-09-00-00,17,5,12
2016-01-13-09-15-00,11,2,9
2016-01-13-09-30-00,5,1,4
2016-01-13-09-45-00,16,6,10
2016-01-13-10-00-00,13,3,10
2016-01-13-10-15-00,4,3,1
2016-01-13-10-30-00,5,5,0
2016-01-13-10-45-00,3,0,3
2016-01-13-11-00-00,2,1,1
2016-01-13-11-15-00,2,2,0
2016-01-13-11-30-00,5,4,1
2016-01-13-11-45-00,4,1,3
2016-01-13-12-00-00,4,3,1
2016-01-13-12-15-00,11,4,7
2016-01-13-12-30-00,3,3,0
2016-01-13-12-45-00,4,2,2
2016-01-13-13-00-00,5,2,3
2016-01-13-13-15-00,9,3,6
2016-01-13-13-30-00,6,4,2
2016-01-13-13-45-00,8,4,4
2016-01-13-14-00-00,4,0,4
2016-01-13-14-15-00,5,2,3
2016-01-13-14-30-00,7,5,2
2016-01-13-14-45-00,6,4,2
2016-01-13-15-00-00,5,0,5
2016-01-13-15-15-00,6,4,2
2016-01-13-15-30-00,4,3,1
2016-01-13-15-45-00,11,7,4
2016-01-13-16-00-00,9,7,2
2016-01-13-16-15-00,18,13,5
2016-01-13-16-30-00,13,10,3
2016-01-13-16-45-00,13,7,6
2016-01-13-17-00-00,22,17,5
2016-01-13-17-15-00,17,14,3
2016-01-13-17-30-00,17,14,3
2016-01-13-17-45-00,20,17,3
2016-01-13-18-00-00,19,14,5
2016-01-13-18-15-00,18,15,3
2016-01-13-18-30-00,21,19,2
2016-01-13-18-45-00,6,6,0
2016-01-13-19-00-00,6,6,0
2016-01-13-19-15-00,8,4,4
2016-01-13-19-30-00,8,6,2
2016-01-13-19-45-00,7,4,3
2016-01-13-20-00-00,4,1,3
2016-01-13-20-15-00,4,4,0
2016-01-13-20-30-00,3,2,1
2016-01-13-20-45-00,1,1,0
2016-01-13-21-00-00,4,4,0
2016-01-13-21-15-00,0,0,0
2016-01-13-21-30-00,1,0,1
2016-01-13-21-45-00,1,0,1
2016-01-13-22-00-00,0,0,0
2016-01-13-22-15-00,1,0,1
2016-01-13-22-30-00,2,2,0
2016-01-13-22-45-00,0,0,0
2016-01-13-23-00-00,1,1,0
2016-01-13-23-15-00,0,0,0
2016-01-13-23-30-00,0,0,0
2016-01-13-23-45-00,2,1,1
2016-01-14-00-00-00,0,0,0
2016-01-14-00-15-00,0,0,0
2016-01-14-00-30-00,0,0,0
2016-01-14-00-45-00,0,0,0
2016-01-14-01-00-00,0,0,0
2016-01-14-01-15-00,0,0,0
2016-01-14-01-30-00,0,0,0
2016-01-14-01-45-00,0,0,0
2016-01-14-02-00-00,0,0,0
2016-01-14-02-15-00,0,0,0
2016-01-14-02-30-00,0,0,0
2016-01-14-02-45-00,0,0,0
2016-01-14-03-00-00,0,0,0
2016-01-14-03-15-00,0,0,0
2016-01-14-03-30-00,0,0,0
2016-01-14-03-45-00,0,0,0
2016-01-14-04-00-00,0,0,0
2016-01-14-04-15-00,0,0,0
2016-01-14-04-30-00,0,0,0
2016-01-14-04-45-00,0,0,0
2016-01-14-05-00-00,0,0,0
2016-01-14-05-15-00,0,0,0
2016-01-14-05-30-00,0,0,0
2016-01-14-05-45-00,2,0,2
2016-01-14-06-00-00,6,2,4
2016-01-14-06-15-00,2,1,1
2016-01-14-06-30-00,6,0,6
2016-01-14-06-45-00,7,2,5
2016-01-14-07-00-00,7,3,4
2016-01-14-07-15-00,15,7,8
2016-01-14-07-30-00,29,10,19
2016-01-14-07-45-00,20,2,18
2016-01-14-08-00-00,38,8,30
2016-01-14-08-15-00,40,7,33
2016-01-14-08-30-00,41,6,35
2016-01-14-08-45-00,38,7,31
2016-01-14-09-00-00,14,2,12
2016-01-14-09-15-00,14,5,9
2016-01-14-09-30-00,9,4,5
2016-01-14-09-45-00,9,3,6
2016-01-14-10-00-00,12,5,7
2016-01-14-10-15-00,6,4,2
2016-01-14-10-30-00,7,6,1
2016-01-14-10-45-00,11,7,4
2016-01-14-11-00-00,4,4,0
2016-01-14-11-15-00,6,6,0
2016-01-14-11-30-00,7,4,3
2016-01-14-11-45-00,8,5,3
2016-01-14-12-00-00,8,5,3
2016-01-14-12-15-00,5,5,0
2016-01-14-12-30-00,5,4,1
2016-01-14-12-45-00,3,2,1
2016-01-14-13-00-00,7,4,3
2016-01-14-13-15-00,4,3,1
2016-01-14-13-30-00,6,4,2
2016-01-14-13-45-00,6,5,1
2016-01-14-14-00-00,2,0,2
2016-01-14-14-15-00,5,2,3
2016-01-14-14-30-00,4,3,1
2016-01-14-14-45-00,6,6,0
2016-01-14-15-00-00,8,6,2
2016-01-14-15-15-00,7,3,4
2016-01-14-15-30-00,10,9,1
2016-01-14-15-45-00,16,11,5
2016-01-14-16-00-00,21,12,9
2016-01-14-16-15-00,24,19,5
2016-01-14-16-30-00,13,10,3
2016-01-14-16-45-00,26,15,11
2016-01-14-17-00-00,17,13,4
2016-01-14-17-15-00,23,19,4
2016-01-14-17-30-00,28,20,8
2016-01-14-17-45-00,15,9,6
2016-01-14-18-00-00,24,20,4
2016-01-14-18-15-00,17,15,2
2016-01-14-18-30-00,22,16,6
2016-01-14-18-45-00,16,11,5
2016-01-14-19-00-00,4,3,1
2016-01-14-19-15-00,12,9,3
2016-01-14-19-30-00,6,5,1
2016-01-14-19-45-00,5,5,0
2016-01-14-20-00-00,2,0,2
2016-01-14-20-15-00,7,5,2
2016-01-14-20-30-00,4,2,2
2016-01-14-20-45-00,3,2,1
2016-01-14-21-00-00,1,1,0
2016-01-14-21-15-00,0,0,0
2016-01-14-21-30-00,1,0,1
2016-01-14-21-45-00,0,0,0
2016-01-14-22-00-00,3,2,1
2016-01-14-22-15-00,1,1,0
2016-01-14-22-30-00,1,1,0
2016-01-14-22-45-00,1,0,1
2016-01-14-23-00-00,1,0,1
2016-01-14-23-15-00,1,0,1
2016-01-14-23-30-00,1,0,1
2016-01-14-23-45-00,1,0,1
2016-01-15-00-00-00,0,0,0
2016-01-15-00-15-00,0,0,0
2016-01-15-00-30-00,0,0,0
2016-01-15-00-45-00,0,0,0
2016-01-15-01-00-00,0,0,0
2016-01-15-01-15-00,0,0,0
2016-01-15-01-30-00,0,0,0
2016-01-15-01-45-00,0,0,0
2016-01-15-02-00-00,0,0,0
2016-01-15-02-15-00,0,0,0
2016-01-15-02-30-00,0,0,0
2016-01-15-02-45-00,0,0,0
2016-01-15-03-00-00,0,0,0
2016-01-15-03-15-00,0,0,0
2016-01-15-03-30-00,0,0,0
2016-01-15-03-45-00,1,0,1
2016-01-15-04-00-00,0,0,0
2016-01-15-04-15-00,0,0,0
2016-01-15-04-30-00,0,0,0
2016-01-15-04-45-00,0,0,0
2016-01-15-05-00-00,0,0,0
2016-01-15-05-15-00,0,0,0
2016-01-15-05-30-00,1,1,0
2016-01-15-05-45-00,3,0,3
2016-01-15-06-00-00,5,3,2
2016-01-15-06-15-00,3,1,2
2016-01-15-06-30-00,4,1,3
2016-01-15-06-45-00,4,4,0
2016-01-15-07-00-00,10,5,5
2016-01-15-07-15-00,10,7,3
2016-01-15-07-30-00,22,12,10
2016-01-15-07-45-00,22,5,17
2016-01-15-08-00-00,23,4,19
2016-01-15-08-15-00,15,3,12
2016-01-15-08-30-00,29,5,24
2016-01-15-08-45-00,26,7,19
2016-01-15-09-00-00,12,1,11
2016-01-15-09-15-00,7,3,4
2016-01-15-09-30-00,7,1,6
2016-01-15-09-45-00,2,0,2
2016-01-15-10-00-00,8,4,4
2016-01-15-10-15-00,7,2,5
2016-01-15-10-30-00,4,2,2
2016-01-15-10-45-00,4,3,1
2016-01-15-11-00-00,4,2,2
2016-01-15-11-15-00,6,4,2
2016-01-15-11-30-00,5,3,2
2016-01-15-11-45-00,4,2,2
2016-01-15-12-00-00,1,0,1
2016-01-15-12-15-00,12,6,6
2016-01-15-12-30-00,5,1,4
2016-01-15-12-45-00,7,5,2
2016-01-15-13-00-00,5,3,2
2016-01-15-13-15-00,5,2,3
2016-01-15-13-30-00,4,3,1
2016-01-15-13-45-00,3,2,1
2016-01-15-14-00-00,12,5,7
2016-01-15-14-15-00,9,5,4
2016-01-15-14-30-00,9,7,2
2016-01-15-14-45-00,8,6,2
2016-01-15-15-00-00,16,10,6
2016-01-15-15-15-00,11,8,3
2016-01-15-15-30-00,16,9,7
2016-01-15-15-45-00,16,11,5
2016-01-15-16-00-00,15,11,4
2016-01-15-16-15-00,20,12,8
2016-01-15-16-30-00,18,15,3
2016-01-15-16-45-00,11,10,1
2016-01-15-17-00-00,25,21,4
2016-01-15-17-15-00,10,9,1
2016-01-15-17-30-00,12,9,3
2016-01-15-17-45-00,14,9,5
2016-01-15-18-00-00,10,5,5
2016-01-15-18-15-00,6,5,1
2016-01-15-18-30-00,8,5,3
2016-01-15-18-45-00,4,3,1
2016-01-15-19-00-00,7,6,1
2016-01-15-19-15-00,5,3,2
2016-01-15-19-30-00,4,4,0
2016-01-15-19-45-00,2,1,1
2016-01-15-20-00-00,0,0,0
2016-01-15-20-15-00,4,2,2
2016-01-15-20-30-00,1,0,1
2016-01-15-20-45-00,0,0,0
2016-01-15-21-00-00,1,0,1
2016-01-15-21-15-00,1,1,0
2016-01-15-21-30-00,0,0,0
2016-01-15-21-45-00,4,3,1
2016-01-15-22-00-00,2,1,1
2016-01-15-22-15-00,2,1,1
2016-01-15-22-30-00,0,0,0
2016-01-15-22-45-00,0,0,0
2016-01-15-23-00-00,2,0,2
2016-01-15-23-15-00,0,0,0
2016-01-15-23-30-00,1,1,0
2016-01-15-23-45-00,0,0,0
2016-01-16-00-00-00,1,1,0
2016-01-16-00-15-00,2,1,1
2016-01-16-00-30-00,0,0,0
2016-01-16-00-45-00,2,1,1
2016-01-16-01-00-00,0,0,0
2016-01-16-01-15-00,1,1,0
2016-01-16-01-30-00,1,1,0
2016-01-16-01-45-00,2,0,2
2016-01-16-02-00-00,1,1,0
2016-01-16-02-15-00,0,0,0
2016-01-16-02-30-00,2,1,1
2016-01-16-02-45-00,0,0,0
2016-01-16-03-00-00,0,0,0
2016-01-16-03-15-00,0,0,0
2016-01-16-03-30-00,0,0,0
2016-01-16-03-45-00,0,0,0
2016-01-16-04-00-00,0,0,0
2016-01-16-04-15-00,0,0,0
2016-01-16-04-30-00,0,0,0
2016-01-16-04-45-00,2,0,2
2016-01-16-05-00-00,0,0,0
2016-01-16-05-15-00,0,0,0
2016-01-16-05-30-00,0,0,0
2016-01-16-05-45-00,1,0,1
2016-01-16-06-00-00,0,0,0
2016-01-16-06-15-00,0,0,0
2016-01-16-06-30-00,0,0,0
2016-01-16-06-45-00,0,0,0
2016-01-16-07-00-00,0,0,0
2016-01-16-07-15-00,0,0,0
2016-01-16-07-30-00,1,0,1
2016-01-16-07-45-00,1,1,0
2016-01-16-08-00-00,0,0,0
2016-01-16-08-15-00,1,0,1
2016-01-16-08-30-00,3,1,2
2016-01-16-08-45-00,4,1,3
2016-01-16-09-00-00,1,1,0
2016-01-16-09-15-00,3,2,1
2016-01-16-09-30-00,3,1,2
2016-01-16-09-45-00,7,3,4
2016-01-16-10-00-00,4,3,1
2016-01-16-10-15-00,2,2,0
2016-01-16-10-30-00,4,2,2
2016-01-16-10-45-00,5,4,1
2016-01-16-11-00-00,3,0,3
2016-01-16-11-15-00,4,0,4
2016-01-16-11-30-00,4,2,2
2016-01-16-11-45-00,9,4,5
2016-01-16-12-00-00,10,1,9
2016-01-16-12-15-00,5,2,3
2016-01-16-12-30-00,9,7,2
2016-01-16-12-45-00,10,5,5
2016-01-16-13-00-00,9,5,4
2016-01-16-13-15-00,15,9,6
2016-01-16-13-30-00,5,2,3
2016-01-16-13-45-00,9,6,3
2016-01-16-14-00-00,4,0,4
2016-01-16-14-15-00,2,2,0
2016-01-16-14-30-00,9,7,2
2016-01-16-14-45-00,2,1,1
2016-01-16-15-00-00,5,4,1
2016-01-16-15-15-00,5,2,3
2016-01-16-15-30-00,2,1,1
2016-01-16-15-45-00,4,2,2
2016-01-16-16-00-00,6,2,4
2016-01-16-16-15-00,7,6,1
2016-01-16-16-30-00,9,8,1
2016-01-16-16-45-00,3,2,1
2016-01-16-17-00-00,10,8,2
2016-01-16-17-15-00,2,0,2
2016-01-16-17-30-00,2,1,1
2016-01-16-17-45-00,4,3,1
2016-01-16-18-00-00,3,2,1
2016-01-16-18-15-00,5,2,3
2016-01-16-18-30-00,2,0,2
2016-01-16-18-45-00,3,2,1
2016-01-16-19-00-00,3,2,1
2016-01-16-19-15-00,1,0,1
2016-01-16-19-30-00,0,0,0
2016-01-16-19-45-00,0,0,0
2016-01-16-20-00-00,2,2,0
2016-01-16-20-15-00,0,0,0
2016-01-16-20-30-00,0,0,0
2016-01-16-20-45-00,1,1,0
2016-01-16-21-00-00,0,0,0
2016-01-16-21-15-00,1,1,0
2016-01-16-21-30-00,3,1,2
2016-01-16-21-45-00,1,1,0
2016-01-16-22-00-00,0,0,0
2016-01-16-22-15-00,0,0,0
2016-01-16-22-30-00,0,0,0
2016-01-16-22-45-00,0,0,0
2016-01-16-23-00-00,1,0,1
2016-01-16-23-15-00,1,1,0
2016-01-16-23-30-00,0,0,0
2016-01-16-23-45-00,0,0,0
2016-01-17-00-00-00,0,0,0
2016-01-17-00-15-00,0,0,0
2016-01-17-00-30-00,0,0,0
2016-01-17-00-45-00,0,0,0
2016-01-17-01-00-00,0,0,0
2016-01-17-01-15-00,0,0,0
2016-01-17-01-30-00,0,0,0
2016-01-17-01-45-00,0,0,0
2016-01-17-02-00-00,1,1,0
2016-01-17-02-15-00,1,1,0
2016-01-17-02-30-00,0,0,0
2016-01-17-02-45-00,0,0,0
2016-01-17-03-00-00,0,0,0
2016-01-17-03-15-00,1,0,1
2016-01-17-03-30-00,0,0,0
2016-01-17-03-45-00,0,0,0
2016-01-17-04-00-00,0,0,0
2016-01-17-04-15-00,0,0,0
2016-01-17-04-30-00,0,0,0
2016-01-17-04-45-00,0,0,0
2016-01-17-05-00-00,0,0,0
2016-01-17-05-15-00,0,0,0
2016-01-17-05-30-00,0,0,0
2016-01-17-05-45-00,1,0,1
2016-01-17-06-00-00,0,0,0
2016-01-17-06-15-00,0,0,0
2016-01-17-06-30-00,0,0,0
2016-01-17-06-45-00,1,1,0
2016-01-17-07-00-00,0,0,0
2016-01-17-07-15-00,0,0,0
2016-01-17-07-30-00,0,0,0
2016-01-17-07-45-00,0,0,0
2016-01-17-08-00-00,0,0,0
2016-01-17-08-15-00,1,0,1
2016-01-17-08-30-00,1,1,0
2016-01-17-08-45-00,1,0,1
2016-01-17-09-00-00,4,2,2
2016-01-17-09-15-00,0,0,0
2016-01-17-09-30-00,2,1,1
2016-01-17-09-45-00,1,1,0
2016-01-17-10-00-00,3,2,1
2016-01-17-10-15-00,4,1,3
2016-01-17-10-30-00,4,2,2
2016-01-17-10-45-00,1,0,1
2016-01-17-11-00-00,7,0,7
2016-01-17-11-15-00,5,2,3
2016-01-17-11-30-00,8,3,5
2016-01-17-11-45-00,10,4,6
2016-01-17-12-00-00,10,4,6
2016-01-17-12-15-00,10,3,7
2016-01-17-12-30-00,10,7,3
2016-01-17-12-45-00,13,7,6
2016-01-17-13-00-00,13,8,5
2016-01-17-13-15-00,10,6,4
2016-01-17-13-30-00,9,6,3
2016-01-17-13-45-00,4,2,2
2016-01-17-14-00-00,16,8,8
2016-01-17-14-15-00,13,8,5
2016-01-17-14-30-00,17,10,7
2016-01-17-14-45-00,13,7,6
2016-01-17-15-00-00,9,6,3
2016-01-17-15-15-00,12,8,4
2016-01-17-15-30-00,7,5,2
2016-01-17-15-45-00,13,6,7
2016-01-17-16-00-00,9,5,4
2016-01-17-16-15-00,13,6,7
2016-01-17-16-30-00,12,4,8
2016-01-17-16-45-00,10,6,4
2016-01-17-17-00-00,9,5,4
2016-01-17-17-15-00,5,3,2
2016-01-17-17-30-00,1,0,1
2016-01-17-17-45-00,4,3,1
2016-01-17-18-00-00,2,2,0
2016-01-17-18-15-00,1,1,0
2016-01-17-18-30-00,1,1,0
2016-01-17-18-45-00,0,0,0
2016-01-17-19-00-00,2,1,1
2016-01-17-19-15-00,4,3,1
2016-01-17-19-30-00,0,0,0
2016-01-17-19-45-00,0,0,0
2016-01-17-20-00-00,1,1,0
2016-01-17-20-15-00,0,0,0
2016-01-17-20-30-00,0,0,0
2016-01-17-20-45-00,0,0,0
2016-01-17-21-00-00,0,0,0
2016-01-17-21-15-00,1,1,0
2016-01-17-21-30-00,1,0,1
2016-01-17-21-45-00,2,1,1
2016-01-17-22-00-00,2,0,2
2016-01-17-22-15-00,0,0,0
2016-01-17-22-30-00,0,0,0
2016-01-17-22-45-00,0,0,0
2016-01-17-23-00-00,0,0,0
2016-01-17-23-15-00,0,0,0
2016-01-17-23-30-00,0,0,0
2016-01-17-23-45-00,0,0,0
2016-01-18-00-00-00,0,0,0
2016-01-18-00-15-00,0,0,0
2016-01-18-00-30-00,0,0,0
2016-01-18-00-45-00,0,0,0
2016-01-18-01-00-00,0,0,0
2016-01-18-01-15-00,0,0,0
2016-01-18-01-30-00,0,0,0
2016-01-18-01-45-00,0,0,0
2016-01-18-02-00-00,0,0,0
2016-01-18-02-15-00,0,0,0
2016-01-18-02-30-00,0,0,0
2016-01-18-02-45-00,0,0,0
2016-01-18-03-00-00,0,0,0
2016-01-18-03-15-00,0,0,0
2016-01-18-03-30-00,0,0,0
2016-01-18-03-45-00,0,0,0
2016-01-18-04-00-00,0,0,0
2016-01-18-04-15-00,0,0,0
2016-01-18-04-30-00,0,0,0
2016-01-18-04-45-00,0,0,0
2016-01-18-05-00-00,0,0,0
2016-01-18-05-15-00,1,0,1
2016-01-18-05-30-00,1,1,0
2016-01-18-05-45-00,2,1,1
2016-01-18-06-00-00,5,3,2
2016-01-18-06-15-00,3,1,2
2016-01-18-06-30-00,4,1,3
2016-01-18-06-45-00,7,3,4
2016-01-18-07-00-00,9,5,4
2016-01-18-07-15-00,17,9,8
2016-01-18-07-30-00,13,7,6
2016-01-18-07-45-00,30,7,23
2016-01-18-08-00-00,18,5,13
2016-01-18-08-15-00,29,6,23
2016-01-18-08-30-00,36,5,31
2016-01-18-08-45-00,35,9,26
2016-01-18-09-00-00,17,2,15
2016-01-18-09-15-00,9,0,9
2016-01-18-09-30-00,10,4,6
2016-01-18-09-45-00,8,2,6
2016-01-18-10-00-00,6,1,5
2016-01-18-10-15-00,3,2,1
2016-01-18-10-30-00,6,2,4
2016-01-18-10-45-00,15,12,3
2016-01-18-11-00-00,5,2,3
2016-01-18-11-15-00,12,9,3
2016-01-18-11-30-00,7,3,4
2016-01-18-11-45-00,8,4,4
2016-01-18-12-00-00,7,3,4
2016-01-18-12-15-00,8,3,5
2016-01-18-12-30-00,12,5,7
2016-01-18-12-45-00,8,4,4
2016-01-18-13-00-00,13,7,6
2016-01-18-13-15-00,17,9,8
2016-01-18-13-30-00,9,4,5
2016-01-18-13-45-00,13,6,7
2016-01-18-14-00-00,13,9,4
2016-01-18-14-15-00,12,7,5
2016-01-18-14-30-00,16,11,5
2016-01-18-14-45-00,15,10,5
2016-01-18-15-00-00,13,4,9
2016-01-18-15-15-00,17,11,6
2016-01-18-15-30-00,17,6,11
2016-01-18-15-45-00,10,4,6
2016-01-18-16-00-00,13,7,6
2016-01-18-16-15-00,20,13,7
2016-01-18-16-30-00,18,14,4
2016-01-18-16-45-00,26,21,5
2016-01-18-17-00-00,17,14,3
2016-01-18-17-15-00,22,15,7
2016-01-18-17-30-00,22,19,3
2016-01-18-17-45-00,19,15,4
2016-01-18-18-00-00,15,10,5
2016-01-18-18-15-00,23,18,5
2016-01-18-18-30-00,16,11,5
2016-01-18-18-45-00,14,14,0
2016-01-18-19-00-00,8,5,3
2016-01-18-19-15-00,3,3,0
2016-01-18-19-30-00,7,6,1
2016-01-18-19-45-00,5,4,1
2016-01-18-20-00-00,0,0,0
2016-01-18-20-15-00,6,4,2
2016-01-18-20-30-00,2,0,2
2016-01-18-20-45-00,1,0,1
2016-01-18-21-00-00,1,0,1
2016-01-18-21-15-00,0,0,0
2016-01-18-21-30-00,5,3,2
2016-01-18-21-45-00,2,2,0
2016-01-18-22-00-00,2,2,0
2016-01-18-22-15-00,0,0,0
2016-01-18-22-30-00,0,0,0
2016-01-18-22-45-00,0,0,0
2016-01-18-23-00-00,0,0,0
2016-01-18-23-15-00,0,0,0
2016-01-18-23-30-00,0,0,0
2016-01-18-23-45-00,0,0,0
2016-01-19-00-00-00,0,0,0
2016-01-19-00-15-00,1,0,1
2016-01-19-00-30-00,0,0,0
2016-01-19-00-45-00,0,0,0
2016-01-19-01-00-00,0,0,0
2016-01-19-01-15-00,0,0,0
2016-01-19-01-30-00,0,0,0
2016-01-19-01-45-00,0,0,0
2016-01-19-02-00-00,0,0,0
2016-01-19-02-15-00,0,0,0
2016-01-19-02-30-00,0,0,0
2016-01-19-02-45-00,0,0,0
2016-01-19-03-00-00,0,0,0
2016-01-19-03-15-00,0,0,0
2016-01-19-03-30-00,0,0,0
2016-01-19-03-45-00,0,0,0
2016-01-19-04-00-00,0,0,0
2016-01-19-04-15-00,0,0,0
2016-01-19-04-30-00,0,0,0
2016-01-19-04-45-00,0,0,0
2016-01-19-05-00-00,0,0,0
2016-01-19-05-15-00,0,0,0
2016-01-19-05-30-00,0,0,0
2016-01-19-05-45-00,1,0,1
2016-01-19-06-00-00,0,0,0
2016-01-19-06-15-00,2,0,2
2016-01-19-06-30-00,5,2,3
2016-01-19-06-45-00,8,2,6
2016-01-19-07-00-00,7,2,5
2016-01-19-07-15-00,15,7,8
2016-01-19-07-30-00,21,12,9
2016-01-19-07-45-00,24,7,17
2016-01-19-08-00-00,28,8,20
2016-01-19-08-15-00,36,8,28
2016-01-19-08-30-00,42,9,33
2016-01-19-08-45-00,31,8,23
2016-01-19-09-00-00,14,1,13
2016-01-19-09-15-00,14,2,12
2016-01-19-09-30-00,13,4,9
2016-01-19-09-45-00,2,1,1
2016-01-19-10-00-00,5,3,2
2016-01-19-10-15-00,6,2,4
2016-01-19-10-30-00,6,4,2
2016-01-19-10-45-00,4,1,3
2016-01-19-11-00-00,5,4,1
2016-01-19-11-15-00,7,2,5
2016-01-19-11-30-00,8,4,4
2016-01-19-11-45-00,9,3,6
2016-01-19-12-00-00,5,3,2
2016-01-19-12-15-00,8,3,5
2016-01-19-12-30-00,9,3,6
2016-01-19-12-45-00,7,2,5
2016-01-19-13-00-00,9,4,5
2016-01-19-13-15-00,11,5,6
2016-01-19-13-30-00,14,10,4
2016-01-19-13-45-00,6,4,2
2016-01-19-14-00-00,18,7,11
2016-01-19-14-15-00,7,6,1
2016-01-19-14-30-00,14,7,7
2016-01-19-14-45-00,15,10,5
2016-01-19-15-00-00,16,6,10
2016-01-19-15-15-00,11,10,1
2016-01-19-15-30-00,19,13,6
2016-01-19-15-45-00,16,10,6
2016-01-19-16-00-00,8,6,2
2016-01-19-16-15-00,17,12,5
2016-01-19-16-30-00,17,13,4
2016-01-19-16-45-00,20,12,8
2016-01-19-17-00-00,17,15,2
2016-01-19-17-15-00,31,24,7
2016-01-19-17-30-00,21,15,6
2016-01-19-17-45-00,19,13,6
2016-01-19-18-00-00,19,16,3
2016-01-19-18-15-00,14,11,3
2016-01-19-18-30-00,10,7,3
2016-01-19-18-45-00,16,13,3
2016-01-19-19-00-00,7,2,5
2016-01-19-19-15-00,7,3,4
2016-01-19-19-30-00,10,8,2
2016-01-19-19-45-00,7,5,2
2016-01-19-20-00-00,8,8,0
2016-01-19-20-15-00,2,1,1
2016-01-19-20-30-00,2,1,1
2016-01-19-20-45-00,3,0,3
2016-01-19-21-00-00,3,2,1
2016-01-19-21-15-00,5,3,2
2016-01-19-21-30-00,2,0,2
2016-01-19-21-45-00,2,2,0
2016-01-19-22-00-00,0,0,0
2016-01-19-22-15-00,0,0,0
2016-01-19-22-30-00,0,0,0
2016-01-19-22-45-00,1,1,0
2016-01-19-23-00-00,0,0,0
2016-01-19-23-15-00,1,1,0
2016-01-19-23-30-00,2,2,0
2016-01-19-23-45-00,0,0,0
2016-01-20-00-00-00,0,0,0
2016-01-20-00-15-00,0,0,0
2016-01-20-00-30-00,1,0,1
2016-01-20-00-45-00,0,0,0
2016-01-20-01-00-00,0,0,0
2016-01-20-01-15-00,0,0,0
2016-01-20-01-30-00,0,0,0
2016-01-20-01-45-00,0,0,0
2016-01-20-02-00-00,0,0,0
2016-01-20-02-15-00,0,0,0
2016-01-20-02-30-00,0,0,0
2016-01-20-02-45-00,0,0,0
2016-01-20-03-00-00,0,0,0
2016-01-20-03-15-00,0,0,0
2016-01-20-03-30-00,0,0,0
2016-01-20-03-45-00,0,0,0
2016-01-20-04-00-00,0,0,0
2016-01-20-04-15-00,0,0,0
2016-01-20-04-30-00,0,0,0
2016-01-20-04-45-00,0,0,0
2016-01-20-05-00-00,0,0,0
2016-01-20-05-15-00,0,0,0
2016-01-20-05-30-00,1,0,1
2016-01-20-05-45-00,2,1,1
2016-01-20-06-00-00,3,0,3
2016-01-20-06-15-00,0,0,0
2016-01-20-06-30-00,3,0,3
2016-01-20-06-45-00,8,3,5
2016-01-20-07-00-00,11,4,7
2016-01-20-07-15-00,16,11,5
2016-01-20-07-30-00,13,6,7
2016-01-20-07-45-00,25,8,17
2016-01-20-08-00-00,25,3,22
2016-01-20-08-15-00,26,2,24
2016-01-20-08-30-00,30,5,25
2016-01-20-08-45-00,26,4,22
2016-01-20-09-00-00,17,5,12
2016-01-20-09-15-00,12,2,10
2016-01-20-09-30-00,9,2,7
2016-01-20-09-45-00,6,1,5
2016-01-20-10-00-00,5,1,4
2016-01-20-10-15-00,8,3,5
2016-01-20-10-30-00,5,3,2
2016-01-20-10-45-00,6,2,4
2016-01-20-11-00-00,6,3,3
2016-01-20-11-15-00,4,2,2
2016-01-20-11-30-00,6,2,4
2016-01-20-11-45-00,4,3,1
2016-01-20-12-00-00,6,3,3
2016-01-20-12-15-00,4,2,2
2016-01-20-12-30-00,4,3,1
2016-01-20-12-45-00,6,3,3
2016-01-20-13-00-00,10,5,5
2016-01-20-13-15-00,4,2,2
2016-01-20-13-30-00,9,6,3
2016-01-20-13-45-00,5,4,1
2016-01-20-14-00-00,7,4,3
2016-01-20-14-15-00,5,1,4
2016-01-20-14-30-00,17,15,2
2016-01-20-14-45-00,6,5,1
2016-01-20-15-00-00,1,0,1
2016-01-20-15-15-00,8,4,4
2016-01-20-15-30-00,14,10,4
2016-01-20-15-45-00,8,5,3
2016-01-20-16-00-00,16,13,3
2016-01-20-16-15-00,19,13,6
2016-01-20-16-30-00,16,10,6
2016-01-20-16-45-00,21,18,3
2016-01-20-17-00-00,32,18,14
2016-01-20-17-15-00,26,19,7
2016-01-20-17-30-00,19,14,5
2016-01-20-17-45-00,19,16,3
2016-01-20-18-00-00,8,5,3
2016-01-20-18-15-00,16,8,8
2016-01-20-18-30-00,18,14,4
2016-01-20-18-45-00,8,7,1
2016-01-20-19-00-00,3,3,0
2016-01-20-19-15-00,8,5,3
2016-01-20-19-30-00,7,7,0
2016-01-20-19-45-00,8,7,1
2016-01-20-20-00-00,4,2,2
2016-01-20-20-15-00,3,2,1
2016-01-20-20-30-00,5,3,2
2016-01-20-20-45-00,5,4,1
2016-01-20-21-00-00,7,5,2
2016-01-20-21-15-00,1,0,1
2016-01-20-21-30-00,1,0,1
2016-01-20-21-45-00,0,0,0
2016-01-20-22-00-00,2,1,1
2016-01-20-22-15-00,1,0,1
2016-01-20-22-30-00,0,0,0
2016-01-20-22-45-00,0,0,0
2016-01-20-23-00-00,1,1,0
2016-01-20-23-15-00,0,0,0
2016-01-20-23-30-00,1,1,0
2016-01-20-23-45-00,1,0,1
2016-01-21-00-00-00,0,0,0
2016-01-21-00-15-00,1,0,1
2016-01-21-00-30-00,0,0,0
2016-01-21-00-45-00,0,0,0
2016-01-21-01-00-00,1,1,0
2016-01-21-01-15-00,0,0,0
2016-01-21-01-30-00,0,0,0
2016-01-21-01-45-00,0,0,0
2016-01-21-02-00-00,0,0,0
2016-01-21-02-15-00,0,0,0
2016-01-21-02-30-00,0,0,0
2016-01-21-02-45-00,0,0,0
2016-01-21-03-00-00,0,0,0
2016-01-21-03-15-00,0,0,0
2016-01-21-03-30-00,0,0,0
2016-01-21-03-45-00,0,0,0
2016-01-21-04-00-00,0,0,0
2016-01-21-04-15-00,0,0,0
2016-01-21-04-30-00,0,0,0
2016-01-21-04-45-00,0,0,0
2016-01-21-05-00-00,0,0,0
2016-01-21-05-15-00,0,0,0
2016-01-21-05-30-00,1,0,1
2016-01-21-05-45-00,1,1,0
2016-01-21-06-00-00,3,0,3
2016-01-21-06-15-00,3,1,2
2016-01-21-06-30-00,4,0,4
2016-01-21-06-45-00,11,4,7
2016-01-21-07-00-00,6,4,2
2016-01-21-07-15-00,15,7,8
2016-01-21-07-30-00,20,7,13
2016-01-21-07-45-00,39,13,26
2016-01-21-08-00-00,34,6,28
2016-01-21-08-15-00,29,4,25
2016-01-21-08-30-00,43,11,32
2016-01-21-08-45-00,35,5,30
2016-01-21-09-00-00,15,4,11
2016-01-21-09-15-00,10,1,9
2016-01-21-09-30-00,10,3,7
2016-01-21-09-45-00,8,3,5
2016-01-21-10-00-00,10,3,7
2016-01-21-10-15-00,5,3,2
2016-01-21-10-30-00,6,2,4
2016-01-21-10-45-00,6,3,3
2016-01-21-11-00-00,12,7,5
2016-01-21-11-15-00,7,4,3
2016-01-21-11-30-00,8,6,2
2016-01-21-11-45-00,3,2,1
2016-01-21-12-00-00,7,5,2
2016-01-21-12-15-00,14,7,7
2016-01-21-12-30-00,6,3,3
2016-01-21-12-45-00,5,2,3
2016-01-21-13-00-00,5,2,3
2016-01-21-13-15-00,9,8,1
2016-01-21-13-30-00,10,6,4
2016-01-21-13-45-00,11,7,4
2016-01-21-14-00-00,10,6,4
2016-01-21-14-15-00,2,2,0
2016-01-21-14-30-00,20,11,9
2016-01-21-14-45-00,8,4,4
2016-01-21-15-00-00,11,8,3
2016-01-21-15-15-00,13,8,5
2016-01-21-15-30-00,14,8,6
2016-01-21-15-45-00,9,8,1
2016-01-21-16-00-00,14,7,7
2016-01-21-16-15-00,17,11,6
2016-01-21-16-30-00,15,9,6
2016-01-21-16-45-00,22,16,6
2016-01-21-17-00-00,31,23,8
2016-01-21-17-15-00,16,9,7
2016-01-21-17-30-00,22,15,7
2016-01-21-17-45-00,26,21,5
2016-01-21-18-00-00,17,14,3
2016-01-21-18-15-00,29,23,6
2016-01-21-18-30-00,19,17,2
2016-01-21-18-45-00,8,4,4
2016-01-21-19-00-00,12,6,6
2016-01-21-19-15-00,5,3,2
2016-01-21-19-30-00,7,3,4
2016-01-21-19-45-00,4,4,0
2016-01-21-20-00-00,8,3,5
2016-01-21-20-15-00,2,1,1
2016-01-21-20-30-00,0,0,0
2016-01-21-20-45-00,5,3,2
2016-01-21-21-00-00,0,0,0
2016-01-21-21-15-00,1,1,0
2016-01-21-21-30-00,2,2,0
2016-01-21-21-45-00,4,0,4
2016-01-21-22-00-00,1,1,0
2016-01-21-22-15-00,2,1,1
2016-01-21-22-30-00,1,1,0
2016-01-21-22-45-00,0,0,0
2016-01-21-23-00-00,1,0,1
2016-01-21-23-15-00,0,0,0
2016-01-21-23-30-00,0,0,0
2016-01-21-23-45-00,0,0,0
2016-01-22-00-00-00,0,0,0
2016-01-22-00-15-00,0,0,0
2016-01-22-00-30-00,2,0,2
2016-01-22-00-45-00,0,0,0
2016-01-22-01-00-00,0,0,0
2016-01-22-01-15-00,0,0,0
2016-01-22-01-30-00,0,0,0
2016-01-22-01-45-00,0,0,0
2016-01-22-02-00-00,0,0,0
2016-01-22-02-15-00,0,0,0
2016-01-22-02-30-00,0,0,0
2016-01-22-02-45-00,0,0,0
2016-01-22-03-00-00,0,0,0
2016-01-22-03-15-00,0,0,0
2016-01-22-03-30-00,0,0,0
2016-01-22-03-45-00,0,0,0
2016-01-22-04-00-00,0,0,0
2016-01-22-04-15-00,0,0,0
2016-01-22-04-30-00,0,0,0
2016-01-22-04-45-00,0,0,0
2016-01-22-05-00-00,0,0,0
2016-01-22-05-15-00,0,0,0
2016-01-22-05-30-00,2,1,1
2016-01-22-05-45-00,0,0,0
2016-01-22-06-00-00,4,0,4
2016-01-22-06-15-00,3,1,2
2016-01-22-06-30-00,1,0,1
2016-01-22-06-45-00,6,3,3
2016-01-22-07-00-00,9,7,2
2016-01-22-07-15-00,15,7,8
2016-01-22-07-30-00,20,8,12
2016-01-22-07-45-00,23,6,17
2016-01-22-08-00-00,25,4,21
2016-01-22-08-15-00,20,1,19
2016-01-22-08-30-00,30,3,27
2016-01-22-08-45-00,25,4,21
2016-01-22-09-00-00,12,2,10
2016-01-22-09-15-00,14,2,12
2016-01-22-09-30-00,9,0,9
2016-01-22-09-45-00,10,6,4
2016-01-22-10-00-00,6,3,3
2016-01-22-10-15-00,7,5,2
2016-01-22-10-30-00,6,5,1
2016-01-22-10-45-00,3,1,2
2016-01-22-11-00-00,3,3,0
2016-01-22-11-15-00,7,3,4
2016-01-22-11-30-00,8,6,2
2016-01-22-11-45-00,9,2,7
2016-01-22-12-00-00,6,3,3
2016-01-22-12-15-00,9,4,5
2016-01-22-12-30-00,6,1,5
2016-01-22-12-45-00,10,6,4
2016-01-22-13-00-00,13,7,6
2016-01-22-13-15-00,12,11,1
2016-01-22-13-30-00,10,7,3
2016-01-22-13-45-00,8,4,4
2016-01-22-14-00-00,15,8,7
2016-01-22-14-15-00,22,12,10
2016-01-22-14-30-00,25,17,8
2016-01-22-14-45-00,20,14,6
2016-01-22-15-00-00,18,8,10
2016-01-22-15-15-00,17,12,5
2016-01-22-15-30-00,19,14,5
2016-01-22-15-45-00,13,10,3
2016-01-22-16-00-00,19,14,5
2016-01-22-16-15-00,17,13,4
2016-01-22-16-30-00,20,17,3
2016-01-22-16-45-00,18,15,3
2016-01-22-17-00-00,13,11,2
2016-01-22-17-15-00,14,12,2
2016-01-22-17-30-00,16,11,5
2016-01-22-17-45-00,9,5,4
2016-01-22-18-00-00,12,8,4
2016-01-22-18-15-00,10,10,0
2016-01-22-18-30-00,4,2,2
2016-01-22-18-45-00,3,3,0
2016-01-22-19-00-00,7,5,2
2016-01-22-19-15-00,2,2,0
2016-01-22-19-30-00,1,1,0
2016-01-22-19-45-00,2,2,0
2016-01-22-20-00-00,2,0,2
2016-01-22-20-15-00,2,2,0
2016-01-22-20-30-00,0,0,0
2016-01-22-20-45-00,3,2,1
2016-01-22-21-00-00,0,0,0
2016-01-22-21-15-00,0,0,0
2016-01-22-21-30-00,0,0,0
2016-01-22-21-45-00,2,0,2
2016-01-22-22-00-00,0,0,0
2016-01-22-22-15-00,0,0,0
2016-01-22-22-30-00,0,0,0
2016-01-22-22-45-00,0,0,0
2016-01-22-23-00-00,0,0,0
2016-01-22-23-15-00,0,0,0
2016-01-22-23-30-00,0,0,0
2016-01-22-23-45-00,0,0,0
2016-01-23-00-00-00,0,0,0
2016-01-23-00-15-00,0,0,0
2016-01-23-00-30-00,0,0,0
2016-01-23-00-45-00,0,0,0
2016-01-23-01-00-00,0,0,0
2016-01-23-01-15-00,0,0,0
2016-01-23-01-30-00,0,0,0
2016-01-23-01-45-00,1,1,0
2016-01-23-02-00-00,0,0,0
2016-01-23-02-15-00,0,0,0
2016-01-23-02-30-00,0,0,0
2016-01-23-02-45-00,0,0,0
2016-01-23-03-00-00,0,0,0
2016-01-23-03-15-00,0,0,0
2016-01-23-03-30-00,0,0,0
2016-01-23-03-45-00,0,0,0
2016-01-23-04-00-00,0,0,0
2016-01-23-04-15-00,0,0,0
2016-01-23-04-30-00,0,0,0
2016-01-23-04-45-00,0,0,0
2016-01-23-05-00-00,0,0,0
2016-01-23-05-15-00,0,0,0
2016-01-23-05-30-00,2,0,2
2016-01-23-05-45-00,0,0,0
2016-01-23-06-00-00,0,0,0
2016-01-23-06-15-00,0,0,0
2016-01-23-06-30-00,0,0,0
2016-01-23-06-45-00,0,0,0
2016-01-23-07-00-00,1,1,0
2016-01-23-07-15-00,0,0,0
2016-01-23-07-30-00,0,0,0
2016-01-23-07-45-00,0,0,0
2016-01-23-08-00-00,1,1,0
2016-01-23-08-15-00,0,0,0
2016-01-23-08-30-00,1,1,0
2016-01-23-08-45-00,6,5,1
2016-01-23-09-00-00,6,4,2
2016-01-23-09-15-00,3,2,1
2016-01-23-09-30-00,7,3,4
2016-01-23-09-45-00,9,4,5
2016-01-23-10-00-00,5,5,0
2016-01-23-10-15-00,6,4,2
2016-01-23-10-30-00,4,1,3
2016-01-23-10-45-00,6,3,3
2016-01-23-11-00-00,7,6,1
2016-01-23-11-15-00,7,5,2
2016-01-23-11-30-00,12,9,3
2016-01-23-11-45-00,11,6,5
2016-01-23-12-00-00,11,6,5
2016-01-23-12-15-00,8,5,3
2016-01-23-12-30-00,4,4,0
2016-01-23-12-45-00,7,5,2
2016-01-23-13-00-00,11,5,6
2016-01-23-13-15-00,18,8,10
2016-01-23-13-30-00,9,6,3
2016-01-23-13-45-00,23,9,14
2016-01-23-14-00-00,9,5,4
2016-01-23-14-15-00,19,11,8
2016-01-23-14-30-00,17,7,10
2016-01-23-14-45-00,6,5,1
2016-01-23-15-00-00,16,5,11
2016-01-23-15-15-00,15,3,12
2016-01-23-15-30-00,16,9,7
2016-01-23-15-45-00,14,7,7
2016-01-23-16-00-00,14,8,6
2016-01-23-16-15-00,15,9,6
2016-01-23-16-30-00,13,6,7
2016-01-23-16-45-00,9,5,4
2016-01-23-17-00-00,7,4,3
2016-01-23-17-15-00,8,3,5
2016-01-23-17-30-00,3,1,2
2016-01-23-17-45-00,1,1,0
2016-01-23-18-00-00,2,1,1
2016-01-23-18-15-00,3,2,1
2016-01-23-18-30-00,1,1,0
2016-01-23-18-45-00,3,3,0
2016-01-23-19-00-00,5,2,3
2016-01-23-19-15-00,1,1,0
2016-01-23-19-30-00,3,1,2
2016-01-23-19-45-00,0,0,0
2016-01-23-20-00-00,2,2,0
2016-01-23-20-15-00,0,0,0
2016-01-23-20-30-00,1,1,0
2016-01-23-20-45-00,1,0,1
2016-01-23-21-00-00,1,0,1
2016-01-23-21-15-00,0,0,0
2016-01-23-21-30-00,0,0,0
2016-01-23-21-45-00,0,0,0
2016-01-23-22-00-00,1,1,0
2016-01-23-22-15-00,0,0,0
2016-01-23-22-30-00,1,1,0
2016-01-23-22-45-00,1,1,0
2016-01-23-23-00-00,1,0,1
2016-01-23-23-15-00,0,0,0
2016-01-23-23-30-00,0,0,0
2016-01-23-23-45-00,0,0,0
2016-01-24-00-00-00,0,0,0
2016-01-24-00-15-00,1,0,1
2016-01-24-00-30-00,0,0,0
2016-01-24-00-45-00,1,0,1
2016-01-24-01-00-00,1,0,1
2016-01-24-01-15-00,0,0,0
2016-01-24-01-30-00,0,0,0
2016-01-24-01-45-00,0,0,0
2016-01-24-02-00-00,1,0,1
2016-01-24-02-15-00,0,0,0
2016-01-24-02-30-00,0,0,0
2016-01-24-02-45-00,0,0,0
2016-01-24-03-00-00,1,0,1
2016-01-24-03-15-00,0,0,0
2016-01-24-03-30-00,0,0,0
2016-01-24-03-45-00,0,0,0
2016-01-24-04-00-00,0,0,0
2016-01-24-04-15-00,0,0,0
2016-01-24-04-30-00,0,0,0
2016-01-24-04-45-00,0,0,0
2016-01-24-05-00-00,0,0,0
2016-01-24-05-15-00,1,1,0
2016-01-24-05-30-00,1,0,1
2016-01-24-05-45-00,0,0,0
2016-01-24-06-00-00,2,0,2
2016-01-24-06-15-00,2,0,2
2016-01-24-06-30-00,0,0,0
2016-01-24-06-45-00,0,0,0
2016-01-24-07-00-00,0,0,0
2016-01-24-07-15-00,1,0,1
2016-01-24-07-30-00,0,0,0
2016-01-24-07-45-00,2,2,0
2016-01-24-08-00-00,0,0,0
2016-01-24-08-15-00,1,0,1
2016-01-24-08-30-00,7,2,5
2016-01-24-08-45-00,11,7,4
2016-01-24-09-00-00,12,6,6
2016-01-24-09-15-00,1,0,1
2016-01-24-09-30-00,11,3,8
2016-01-24-09-45-00,12,6,6
2016-01-24-10-00-00,7,2,5
2016-01-24-10-15-00,10,6,4
2016-01-24-10-30-00,10,5,5
2016-01-24-10-45-00,7,3,4
2016-01-24-11-00-00,12,4,8
2016-01-24-11-15-00,21,12,9
2016-01-24-11-30-00,16,9,7
2016-01-24-11-45-00,20,9,11
2016-01-24-12-00-00,13,2,11
2016-01-24-12-15-00,13,7,6
2016-01-24-12-30-00,8,6,2
2016-01-24-12-45-00,5,2,3
2016-01-24-13-00-00,14,9,5
2016-01-24-13-15-00,16,11,5
2016-01-24-13-30-00,8,5,3
2016-01-24-13-45-00,10,5,5
2016-01-24-14-00-00,21,13,8
2016-01-24-14-15-00,29,13,16
2016-01-24-14-30-00,18,9,9
2016-01-24-14-45-00,18,9,9
2016-01-24-15-00-00,12,4,8
2016-01-24-15-15-00,8,4,4
2016-01-24-15-30-00,17,6,11
2016-01-24-15-45-00,14,10,4
2016-01-24-16-00-00,14,7,7
2016-01-24-16-15-00,15,6,9
2016-01-24-16-30-00,15,11,4
2016-01-24-16-45-00,19,15,4
2016-01-24-17-00-00,6,3,3
2016-01-24-17-15-00,7,3,4
2016-01-24-17-30-00,5,3,2
2016-01-24-17-45-00,3,2,1
2016-01-24-18-00-00,2,2,0
2016-01-24-18-15-00,2,1,1
2016-01-24-18-30-00,5,3,2
2016-01-24-18-45-00,1,1,0
2016-01-24-19-00-00,2,2,0
2016-01-24-19-15-00,2,0,2
2016-01-24-19-30-00,2,2,0
2016-01-24-19-45-00,0,0,0
2016-01-24-20-00-00,0,0,0
2016-01-24-20-15-00,0,0,0
2016-01-24-20-30-00,0,0,0
2016-01-24-20-45-00,0,0,0
2016-01-24-21-00-00,0,0,0
2016-01-24-21-15-00,2,0,2
2016-01-24-21-30-00,3,2,1
2016-01-24-21-45-00,0,0,0
2016-01-24-22-00-00,0,0,0
2016-01-24-22-15-00,0,0,0
2016-01-24-22-30-00,2,1,1
2016-01-24-22-45-00,1,1,0
2016-01-24-23-00-00,0,0,0
2016-01-24-23-15-00,0,0,0
2016-01-24-23-30-00,0,0,0
2016-01-24-23-45-00,0,0,0
2016-01-25-00-00-00,0,0,0
2016-01-25-00-15-00,0,0,0
2016-01-25-00-30-00,0,0,0
2016-01-25-00-45-00,0,0,0
2016-01-25-01-00-00,0,0,0
2016-01-25-01-15-00,0,0,0
2016-01-25-01-30-00,0,0,0
2016-01-25-01-45-00,0,0,0
2016-01-25-02-00-00,0,0,0
2016-01-25-02-15-00,0,0,0
2016-01-25-02-30-00,0,0,0
2016-01-25-02-45-00,0,0,0
2016-01-25-03-00-00,0,0,0
2016-01-25-03-15-00,0,0,0
2016-01-25-03-30-00,0,0,0
2016-01-25-03-45-00,0,0,0
2016-01-25-04-00-00,0,0,0
2016-01-25-04-15-00,0,0,0
2016-01-25-04-30-00,0,0,0
2016-01-25-04-45-00,1,0,1
2016-01-25-05-00-00,0,0,0
2016-01-25-05-15-00,1,0,1
2016-01-25-05-30-00,0,0,0
2016-01-25-05-45-00,3,0,3
2016-01-25-06-00-00,3,1,2
2016-01-25-06-15-00,6,2,4
2016-01-25-06-30-00,6,0,6
2016-01-25-06-45-00,4,1,3
2016-01-25-07-00-00,17,9,8
2016-01-25-07-15-00,21,7,14
2016-01-25-07-30-00,29,13,16
2016-01-25-07-45-00,40,5,35
2016-01-25-08-00-00,43,10,33
2016-01-25-08-15-00,43,10,33
2016-01-25-08-30-00,48,21,27
2016-01-25-08-45-00,34,4,30
2016-01-25-09-00-00,27,6,21
2016-01-25-09-15-00,17,5,12
2016-01-25-09-30-00,10,2,8
2016-01-25-09-45-00,8,2,6
2016-01-25-10-00-00,15,5,10
2016-01-25-10-15-00,9,5,4
2016-01-25-10-30-00,10,2,8
2016-01-25-10-45-00,8,4,4
2016-01-25-11-00-00,19,9,10
2016-01-25-11-15-00,24,13,11
2016-01-25-11-30-00,20,13,7
2016-01-25-11-45-00,17,9,8
2016-01-25-12-00-00,24,7,17
2016-01-25-12-15-00,18,9,9
2016-01-25-12-30-00,11,6,5
2016-01-25-12-45-00,22,15,7
2016-01-25-13-00-00,40,20,20
2016-01-25-13-15-00,30,16,14
2016-01-25-13-30-00,30,13,17
2016-01-25-13-45-00,31,16,15
2016-01-25-14-00-00,30,18,12
2016-01-25-14-15-00,23,13,10
2016-01-25-14-30-00,28,15,13
2016-01-25-14-45-00,33,17,16
2016-01-25-15-00-00,46,30,16
2016-01-25-15-15-00,40,21,19
2016-01-25-15-30-00,46,23,23
2016-01-25-15-45-00,50,36,14
2016-01-25-16-00-00,39,20,19
2016-01-25-16-15-00,45,28,17
2016-01-25-16-30-00,43,29,14
2016-01-25-16-45-00,48,29,19
2016-01-25-17-00-00,51,29,22
2016-01-25-17-15-00,36,27,9
2016-01-25-17-30-00,33,30,3
2016-01-25-17-45-00,29,17,12
2016-01-25-18-00-00,34,25,9
2016-01-25-18-15-00,18,15,3
2016-01-25-18-30-00,29,23,6
2016-01-25-18-45-00,27,17,10
2016-01-25-19-00-00,18,12,6
2016-01-25-19-15-00,12,10,2
2016-01-25-19-30-00,10,7,3
2016-01-25-19-45-00,13,9,4
2016-01-25-20-00-00,7,1,6
2016-01-25-20-15-00,5,4,1
2016-01-25-20-30-00,5,4,1
2016-01-25-20-45-00,2,1,1
2016-01-25-21-00-00,3,3,0
2016-01-25-21-15-00,4,3,1
2016-01-25-21-30-00,3,2,1
2016-01-25-21-45-00,2,2,0
2016-01-25-22-00-00,2,1,1
2016-01-25-22-15-00,1,1,0
2016-01-25-22-30-00,2,1,1
2016-01-25-22-45-00,2,2,0
2016-01-25-23-00-00,0,0,0
2016-01-25-23-15-00,1,1,0
2016-01-25-23-30-00,1,1,0
2016-01-25-23-45-00,0,0,0
2016-01-26-00-00-00,0,0,0
2016-01-26-00-15-00,0,0,0
2016-01-26-00-30-00,0,0,0
2016-01-26-00-45-00,0,0,0
2016-01-26-01-00-00,0,0,0
2016-01-26-01-15-00,0,0,0
2016-01-26-01-30-00,0,0,0
2016-01-26-01-45-00,0,0,0
2016-01-26-02-00-00,0,0,0
2016-01-26-02-15-00,0,0,0
2016-01-26-02-30-00,0,0,0
2016-01-26-02-45-00,0,0,0
2016-01-26-03-00-00,0,0,0
2016-01-26-03-15-00,0,0,0
2016-01-26-03-30-00,0,0,0
2016-01-26-03-45-00,0,0,0
2016-01-26-04-00-00,0,0,0
2016-01-26-04-15-00,0,0,0
2016-01-26-04-30-00,0,0,0
2016-01-26-04-45-00,0,0,0
2016-01-26-05-00-00,0,0,0
2016-01-26-05-15-00,0,0,0
2016-01-26-05-30-00,1,0,1
2016-01-26-05-45-00,4,1,3
2016-01-26-06-00-00,1,1,0
2016-01-26-06-15-00,3,1,2
2016-01-26-06-30-00,7,1,6
2016-01-26-06-45-00,16,4,12
2016-01-26-07-00-00,17,9,8
2016-01-26-07-15-00,22,9,13
2016-01-26-07-30-00,31,13,18
2016-01-26-07-45-00,51,13,38
2016-01-26-08-00-00,39,10,29
2016-01-26-08-15-00,51,13,38
2016-01-26-08-30-00,44,5,39
2016-01-26-08-45-00,42,5,37
2016-01-26-09-00-00,23,11,12
2016-01-26-09-15-00,15,5,10
2016-01-26-09-30-00,14,7,7
2016-01-26-09-45-00,9,2,7
2016-01-26-10-00-00,13,6,7
2016-01-26-10-15-00,8,2,6
2016-01-26-10-30-00,13,5,8
2016-01-26-10-45-00,11,8,3
2016-01-26-11-00-00,10,6,4
2016-01-26-11-15-00,16,13,3
2016-01-26-11-30-00,19,8,11
2016-01-26-11-45-00,7,2,5
2016-01-26-12-00-00,16,7,9
2016-01-26-12-15-00,10,6,4
2016-01-26-12-30-00,19,11,8
2016-01-26-12-45-00,12,4,8
2016-01-26-13-00-00,19,9,10
2016-01-26-13-15-00,22,15,7
2016-01-26-13-30-00,17,8,9
2016-01-26-13-45-00,26,10,16
2016-01-26-14-00-00,14,6,8
2016-01-26-14-15-00,20,10,10
2016-01-26-14-30-00,25,14,11
2016-01-26-14-45-00,17,14,3
2016-01-26-15-00-00,16,8,8
2016-01-26-15-15-00,20,12,8
2016-01-26-15-30-00,31,18,13
2016-01-26-15-45-00,25,18,7
2016-01-26-16-00-00,22,13,9
2016-01-26-16-15-00,25,22,3
2016-01-26-16-30-00,38,21,17
2016-01-26-16-45-00,47,36,11
2016-01-26-17-00-00,29,20,9
2016-01-26-17-15-00,50,40,10
2016-01-26-17-30-00,41,27,14
2016-01-26-17-45-00,31,21,10
2016-01-26-18-00-00,38,26,12
2016-01-26-18-15-00,28,20,8
2016-01-26-18-30-00,26,19,7
2016-01-26-18-45-00,19,15,4
2016-01-26-19-00-00,8,3,5
2016-01-26-19-15-00,11,8,3
2016-01-26-19-30-00,13,11,2
2016-01-26-19-45-00,7,4,3
2016-01-26-20-00-00,6,3,3
2016-01-26-20-15-00,8,5,3
2016-01-26-20-30-00,5,2,3
2016-01-26-20-45-00,6,5,1
2016-01-26-21-00-00,2,1,1
2016-01-26-21-15-00,2,1,1
2016-01-26-21-30-00,4,3,1
2016-01-26-21-45-00,1,0,1
2016-01-26-22-00-00,3,1,2
2016-01-26-22-15-00,1,1,0
2016-01-26-22-30-00,2,1,1
2016-01-26-22-45-00,1,1,0
2016-01-26-23-00-00,2,0,2
2016-01-26-23-15-00,2,1,1
2016-01-26-23-30-00,0,0,0
2016-01-26-23-45-00,1,1,0
2016-01-27-00-00-00,2,1,1
2016-01-27-00-15-00,0,0,0
2016-01-27-00-30-00,0,0,0
2016-01-27-00-45-00,0,0,0
2016-01-27-01-00-00,0,0,0
2016-01-27-01-15-00,0,0,0
2016-01-27-01-30-00,0,0,0
2016-01-27-01-45-00,0,0,0
2016-01-27-02-00-00,0,0,0
2016-01-27-02-15-00,0,0,0
2016-01-27-02-30-00,0,0,0
2016-01-27-02-45-00,0,0,0
2016-01-27-03-00-00,0,0,0
2016-01-27-03-15-00,0,0,0
2016-01-27-03-30-00,0,0,0
2016-01-27-03-45-00,0,0,0
2016-01-27-04-00-00,0,0,0
2016-01-27-04-15-00,0,0,0
2016-01-27-04-30-00,0,0,0
2016-01-27-04-45-00,1,0,1
2016-01-27-05-00-00,0,0,0
2016-01-27-05-15-00,0,0,0
2016-01-27-05-30-00,1,0,1
2016-01-27-05-45-00,6,3,3
2016-01-27-06-00-00,3,0,3
2016-01-27-06-15-00,2,0,2
2016-01-27-06-30-00,4,1,3
2016-01-27-06-45-00,10,5,5
2016-01-27-07-00-00,15,5,10
2016-01-27-07-15-00,18,11,7
2016-01-27-07-30-00,28,7,21
2016-01-27-07-45-00,43,8,35
2016-01-27-08-00-00,29,6,23
2016-01-27-08-15-00,36,4,32
2016-01-27-08-30-00,41,6,35
2016-01-27-08-45-00,31,3,28
2016-01-27-09-00-00,21,7,14
2016-01-27-09-15-00,19,7,12
2016-01-27-09-30-00,10,4,6
2016-01-27-09-45-00,10,5,5
2016-01-27-10-00-00,12,3,9
2016-01-27-10-15-00,11,9,2
2016-01-27-10-30-00,10,5,5
2016-01-27-10-45-00,9,5,4
2016-01-27-11-00-00,15,7,8
2016-01-27-11-15-00,8,3,5
2016-01-27-11-30-00,4,2,2
2016-01-27-11-45-00,10,5,5
2016-01-27-12-00-00,6,4,2
2016-01-27-12-15-00,5,5,0
2016-01-27-12-30-00,3,1,2
2016-01-27-12-45-00,7,4,3
2016-01-27-13-00-00,9,4,5
2016-01-27-13-15-00,12,7,5
2016-01-27-13-30-00,13,10,3
2016-01-27-13-45-00,12,5,7
2016-01-27-14-00-00,15,7,8
2016-01-27-14-15-00,14,7,7
2016-01-27-14-30-00,13,8,5
2016-01-27-14-45-00,8,6,2
2016-01-27-15-00-00,15,5,10
2016-01-27-15-15-00,15,10,5
2016-01-27-15-30-00,12,9,3
2016-01-27-15-45-00,14,9,5
2016-01-27-16-00-00,27,17,10
2016-01-27-16-15-00,20,15,5
2016-01-27-16-30-00,33,22,11
2016-01-27-16-45-00,36,22,14
2016-01-27-17-00-00,26,20,6
2016-01-27-17-15-00,30,22,8
2016-01-27-17-30-00,31,22,9
2016-01-27-17-45-00,22,14,8
2016-01-27-18-00-00,21,20,1
2016-01-27-18-15-00,32,26,6
2016-01-27-18-30-00,16,13,3
2016-01-27-18-45-00,12,12,0
2016-01-27-19-00-00,15,12,3
2016-01-27-19-15-00,10,5,5
2016-01-27-19-30-00,7,5,2
2016-01-27-19-45-00,6,4,2
2016-01-27-20-00-00,6,2,4
2016-01-27-20-15-00,9,6,3
2016-01-27-20-30-00,3,1,2
2016-01-27-20-45-00,8,6,2
2016-01-27-21-00-00,4,3,1
2016-01-27-21-15-00,4,3,1
2016-01-27-21-30-00,2,2,0
2016-01-27-21-45-00,1,1,0
2016-01-27-22-00-00,1,1,0
2016-01-27-22-15-00,1,1,0
2016-01-27-22-30-00,0,0,0
2016-01-27-22-45-00,1,0,1
2016-01-27-23-00-00,2,1,1
2016-01-27-23-15-00,0,0,0
2016-01-27-23-30-00,0,0,0
2016-01-27-23-45-00,0,0,0
2016-01-28-00-00-00,1,0,1
2016-01-28-00-15-00,0,0,0
2016-01-28-00-30-00,0,0,0
2016-01-28-00-45-00,0,0,0
2016-01-28-01-00-00,0,0,0
2016-01-28-01-15-00,0,0,0
2016-01-28-01-30-00,0,0,0
2016-01-28-01-45-00,0,0,0
2016-01-28-02-00-00,0,0,0
2016-01-28-02-15-00,0,0,0
2016-01-28-02-30-00,0,0,0
2016-01-28-02-45-00,0,0,0
2016-01-28-03-00-00,0,0,0
2016-01-28-03-15-00,0,0,0
2016-01-28-03-30-00,0,0,0
2016-01-28-03-45-00,0,0,0
2016-01-28-04-00-00,0,0,0
2016-01-28-04-15-00,0,0,0
2016-01-28-04-30-00,0,0,0
2016-01-28-04-45-00,0,0,0
2016-01-28-05-00-00,0,0,0
2016-01-28-05-15-00,0,0,0
2016-01-28-05-30-00,0,0,0
2016-01-28-05-45-00,2,0,2
2016-01-28-06-00-00,3,0,3
2016-01-28-06-15-00,4,1,3
2016-01-28-06-30-00,5,0,5
2016-01-28-06-45-00,10,5,5
2016-01-28-07-00-00,14,6,8
2016-01-28-07-15-00,18,7,11
2016-01-28-07-30-00,30,9,21
2016-01-28-07-45-00,30,5,25
2016-01-28-08-00-00,42,11,31
2016-01-28-08-15-00,48,12,36
2016-01-28-08-30-00,32,6,26
2016-01-28-08-45-00,36,4,32
2016-01-28-09-00-00,17,3,14
2016-01-28-09-15-00,20,10,10
2016-01-28-09-30-00,13,5,8
2016-01-28-09-45-00,9,3,6
2016-01-28-10-00-00,8,3,5
2016-01-28-10-15-00,10,7,3
2016-01-28-10-30-00,13,7,6
2016-01-28-10-45-00,14,9,5
2016-01-28-11-00-00,16,9,7
2016-01-28-11-15-00,11,3,8
2016-01-28-11-30-00,22,9,13
2016-01-28-11-45-00,13,5,8
2016-01-28-12-00-00,14,10,4
2016-01-28-12-15-00,16,12,4
2016-01-28-12-30-00,17,9,8
2016-01-28-12-45-00,16,6,10
2016-01-28-13-00-00,13,8,5
2016-01-28-13-15-00,20,7,13
2016-01-28-13-30-00,16,11,5
2016-01-28-13-45-00,14,5,9
2016-01-28-14-00-00,24,12,12
2016-01-28-14-15-00,20,9,11
2016-01-28-14-30-00,18,11,7
2016-01-28-14-45-00,22,13,9
2016-01-28-15-00-00,28,15,13
2016-01-28-15-15-00,26,11,15
2016-01-28-15-30-00,40,28,12
2016-01-28-15-45-00,26,16,10
2016-01-28-16-00-00,38,19,19
2016-01-28-16-15-00,35,27,8
2016-01-28-16-30-00,34,22,12
2016-01-28-16-45-00,39,26,13
2016-01-28-17-00-00,38,29,9
2016-01-28-17-15-00,37,28,9
2016-01-28-17-30-00,35,31,4
2016-01-28-17-45-00,32,21,11
2016-01-28-18-00-00,23,16,7
2016-01-28-18-15-00,28,18,10
2016-01-28-18-30-00,16,13,3
2016-01-28-18-45-00,24,14,10
2016-01-28-19-00-00,12,9,3
2016-01-28-19-15-00,12,4,8
2016-01-28-19-30-00,6,2,4
2016-01-28-19-45-00,14,11,3
2016-01-28-20-00-00,9,7,2
2016-01-28-20-15-00,5,4,1
2016-01-28-20-30-00,5,3,2
2016-01-28-20-45-00,5,2,3
2016-01-28-21-00-00,1,1,0
2016-01-28-21-15-00,4,1,3
2016-01-28-21-30-00,6,3,3
2016-01-28-21-45-00,3,1,2
2016-01-28-22-00-00,4,2,2
2016-01-28-22-15-00,2,2,0
2016-01-28-22-30-00,1,0,1
2016-01-28-22-45-00,1,1,0
2016-01-28-23-00-00,2,0,2
2016-01-28-23-15-00,0,0,0
2016-01-28-23-30-00,0,0,0
2016-01-28-23-45-00,1,0,1
2016-01-29-00-00-00,0,0,0
2016-01-29-00-15-00,1,0,1
2016-01-29-00-30-00,1,0,1
2016-01-29-00-45-00,0,0,0
2016-01-29-01-00-00,0,0,0
2016-01-29-01-15-00,0,0,0
2016-01-29-01-30-00,0,0,0
2016-01-29-01-45-00,0,0,0
2016-01-29-02-00-00,0,0,0
2016-01-29-02-15-00,0,0,0
2016-01-29-02-30-00,0,0,0
2016-01-29-02-45-00,0,0,0
2016-01-29-03-00-00,0,0,0
2016-01-29-03-15-00,0,0,0
2016-01-29-03-30-00,0,0,0
2016-01-29-03-45-00,0,0,0
2016-01-29-04-00-00,0,0,0
2016-01-29-04-15-00,0,0,0
2016-01-29-04-30-00,0,0,0
2016-01-29-04-45-00,0,0,0
2016-01-29-05-00-00,0,0,0
2016-01-29-05-15-00,0,0,0
2016-01-29-05-30-00,1,1,0
2016-01-29-05-45-00,4,1,3
2016-01-29-06-00-00,2,1,1
2016-01-29-06-15-00,3,1,2
2016-01-29-06-30-00,8,2,6
2016-01-29-06-45-00,13,6,7
2016-01-29-07-00-00,9,4,5
2016-01-29-07-15-00,20,12,8
2016-01-29-07-30-00,16,6,10
2016-01-29-07-45-00,26,10,16
2016-01-29-08-00-00,36,6,30
2016-01-29-08-15-00,49,18,31
2016-01-29-08-30-00,35,7,28
2016-01-29-08-45-00,32,4,28
2016-01-29-09-00-00,8,1,7
2016-01-29-09-15-00,19,4,15
2016-01-29-09-30-00,15,6,9
2016-01-29-09-45-00,9,1,8
2016-01-29-10-00-00,9,7,2
2016-01-29-10-15-00,12,6,6
2016-01-29-10-30-00,10,5,5
2016-01-29-10-45-00,9,6,3
2016-01-29-11-00-00,9,5,4
2016-01-29-11-15-00,15,9,6
2016-01-29-11-30-00,13,7,6
2016-01-29-11-45-00,2,1,1
2016-01-29-12-00-00,8,5,3
2016-01-29-12-15-00,21,6,15
2016-01-29-12-30-00,6,2,4
2016-01-29-12-45-00,13,4,9
2016-01-29-13-00-00,12,9,3
2016-01-29-13-15-00,21,9,12
2016-01-29-13-30-00,14,11,3
2016-01-29-13-45-00,25,14,11
2016-01-29-14-00-00,20,12,8
2016-01-29-14-15-00,22,16,6
2016-01-29-14-30-00,19,11,8
2016-01-29-14-45-00,20,10,10
2016-01-29-15-00-00,21,18,3
2016-01-29-15-15-00,19,16,3
2016-01-29-15-30-00,16,10,6
2016-01-29-15-45-00,32,20,12
2016-01-29-16-00-00,20,12,8
2016-01-29-16-15-00,26,20,6
2016-01-29-16-30-00,18,13,5
2016-01-29-16-45-00,28,23,5
2016-01-29-17-00-00,22,16,6
2016-01-29-17-15-00,29,18,11
2016-01-29-17-30-00,20,14,6
2016-01-29-17-45-00,14,9,5
2016-01-29-18-00-00,16,10,6
2016-01-29-18-15-00,8,5,3
2016-01-29-18-30-00,10,8,2
2016-01-29-18-45-00,12,9,3
2016-01-29-19-00-00,9,5,4
2016-01-29-19-15-00,4,3,1
2016-01-29-19-30-00,12,10,2
2016-01-29-19-45-00,3,1,2
2016-01-29-20-00-00,1,1,0
2016-01-29-20-15-00,7,4,3
2016-01-29-20-30-00,3,0,3
2016-01-29-20-45-00,2,2,0
2016-01-29-21-00-00,2,2,0
2016-01-29-21-15-00,2,2,0
2016-01-29-21-30-00,2,1,1
2016-01-29-21-45-00,1,0,1
2016-01-29-22-00-00,3,2,1
2016-01-29-22-15-00,0,0,0
2016-01-29-22-30-00,2,0,2
2016-01-29-22-45-00,0,0,0
2016-01-29-23-00-00,0,0,0
2016-01-29-23-15-00,2,1,1
2016-01-29-23-30-00,1,0,1
2016-01-29-23-45-00,0,0,0
2016-01-30-00-00-00,1,1,0
2016-01-30-00-15-00,0,0,0
2016-01-30-00-30-00,0,0,0
2016-01-30-00-45-00,2,2,0
2016-01-30-01-00-00,0,0,0
2016-01-30-01-15-00,0,0,0
2016-01-30-01-30-00,1,0,1
2016-01-30-01-45-00,0,0,0
2016-01-30-02-00-00,0,0,0
2016-01-30-02-15-00,0,0,0
2016-01-30-02-30-00,0,0,0
2016-01-30-02-45-00,0,0,0
2016-01-30-03-00-00,0,0,0
2016-01-30-03-15-00,0,0,0
2016-01-30-03-30-00,0,0,0
2016-01-30-03-45-00,0,0,0
2016-01-30-04-00-00,0,0,0
2016-01-30-04-15-00,0,0,0
2016-01-30-04-30-00,2,1,1
2016-01-30-04-45-00,1,0,1
2016-01-30-05-00-00,0,0,0
2016-01-30-05-15-00,0,0,0
2016-01-30-05-30-00,0,0,0
2016-01-30-05-45-00,3,1,2
2016-01-30-06-00-00,0,0,0
2016-01-30-06-15-00,0,0,0
2016-01-30-06-30-00,1,1,0
2016-01-30-06-45-00,0,0,0
2016-01-30-07-00-00,2,2,0
2016-01-30-07-15-00,0,0,0
2016-01-30-07-30-00,1,1,0
2016-01-30-07-45-00,0,0,0
2016-01-30-08-00-00,0,0,0
2016-01-30-08-15-00,1,1,0
2016-01-30-08-30-00,6,4,2
2016-01-30-08-45-00,4,3,1
2016-01-30-09-00-00,2,1,1
2016-01-30-09-15-00,4,3,1
2016-01-30-09-30-00,6,5,1
2016-01-30-09-45-00,3,2,1
2016-01-30-10-00-00,3,1,2
2016-01-30-10-15-00,6,4,2
2016-01-30-10-30-00,3,2,1
2016-01-30-10-45-00,5,2,3
2016-01-30-11-00-00,6,3,3
2016-01-30-11-15-00,5,2,3
2016-01-30-11-30-00,3,1,2
2016-01-30-11-45-00,7,4,3
2016-01-30-12-00-00,14,9,5
2016-01-30-12-15-00,6,3,3
2016-01-30-12-30-00,10,3,7
2016-01-30-12-45-00,12,6,6
2016-01-30-13-00-00,9,5,4
2016-01-30-13-15-00,4,2,2
2016-01-30-13-30-00,5,1,4
2016-01-30-13-45-00,1,1,0
2016-01-30-14-00-00,5,1,4
2016-01-30-14-15-00,5,4,1
2016-01-30-14-30-00,2,0,2
2016-01-30-14-45-00,1,0,1
2016-01-30-15-00-00,6,3,3
2016-01-30-15-15-00,2,2,0
2016-01-30-15-30-00,1,0,1
2016-01-30-15-45-00,3,2,1
2016-01-30-16-00-00,0,0,0
2016-01-30-16-15-00,7,3,4
2016-01-30-16-30-00,1,0,1
2016-01-30-16-45-00,2,1,1
2016-01-30-17-00-00,1,1,0
2016-01-30-17-15-00,3,1,2
2016-01-30-17-30-00,3,0,3
2016-01-30-17-45-00,0,0,0
2016-01-30-18-00-00,0,0,0
2016-01-30-18-15-00,1,1,0
2016-01-30-18-30-00,4,3,1
2016-01-30-18-45-00,2,1,1
2016-01-30-19-00-00,0,0,0
2016-01-30-19-15-00,1,0,1
2016-01-30-19-30-00,0,0,0
2016-01-30-19-45-00,2,0,2
2016-01-30-20-00-00,0,0,0
2016-01-30-20-15-00,1,1,0
2016-01-30-20-30-00,0,0,0
2016-01-30-20-45-00,0,0,0
2016-01-30-21-00-00,0,0,0
2016-01-30-21-15-00,0,0,0
2016-01-30-21-30-00,0,0,0
2016-01-30-21-45-00,0,0,0
2016-01-30-22-00-00,1,1,0
2016-01-30-22-15-00,2,2,0
2016-01-30-22-30-00,0,0,0
2016-01-30-22-45-00,1,0,1
2016-01-30-23-00-00,0,0,0
2016-01-30-23-15-00,2,1,1
2016-01-30-23-30-00,0,0,0
2016-01-30-23-45-00,0,0,0
2016-01-31-00-00-00,0,0,0
2016-01-31-00-15-00,1,0,1
2016-01-31-00-30-00,1,0,1
2016-01-31-00-45-00,0,0,0
2016-01-31-01-00-00,1,1,0
2016-01-31-01-15-00,0,0,0
2016-01-31-01-30-00,0,0,0
2016-01-31-01-45-00,1,0,1
2016-01-31-02-00-00,0,0,0
2016-01-31-02-15-00,0,0,0
2016-01-31-02-30-00,0,0,0
2016-01-31-02-45-00,0,0,0
2016-01-31-03-00-00,0,0,0
2016-01-31-03-15-00,0,0,0
2016-01-31-03-30-00,0,0,0
2016-01-31-03-45-00,0,0,0
2016-01-31-04-00-00,0,0,0
2016-01-31-04-15-00,0,0,0
2016-01-31-04-30-00,0,0,0
2016-01-31-04-45-00,1,1,0
2016-01-31-05-00-00,0,0,0
2016-01-31-05-15-00,0,0,0
2016-01-31-05-30-00,0,0,0
2016-01-31-05-45-00,0,0,0
2016-01-31-06-00-00,0,0,0
2016-01-31-06-15-00,2,2,0
2016-01-31-06-30-00,0,0,0
2016-01-31-06-45-00,0,0,0
2016-01-31-07-00-00,2,1,1
2016-01-31-07-15-00,0,0,0
2016-01-31-07-30-00,0,0,0
2016-01-31-07-45-00,2,2,0
2016-01-31-08-00-00,0,0,0
2016-01-31-08-15-00,4,1,3
2016-01-31-08-30-00,2,1,1
2016-01-31-08-45-00,7,5,2
2016-01-31-09-00-00,16,6,10
2016-01-31-09-15-00,9,4,5
2016-01-31-09-30-00,3,1,2
2016-01-31-09-45-00,6,2,4
2016-01-31-10-00-00,10,9,1
2016-01-31-10-15-00,20,7,13
2016-01-31-10-30-00,23,11,12
2016-01-31-10-45-00,7,2,5
2016-01-31-11-00-00,11,5,6
2016-01-31-11-15-00,12,3,9
2016-01-31-11-30-00,15,10,5
2016-01-31-11-45-00,15,10,5
2016-01-31-12-00-00,15,8,7
2016-01-31-12-15-00,24,13,11
2016-01-31-12-30-00,22,13,9
2016-01-31-12-45-00,22,8,14
2016-01-31-13-00-00,20,12,8
2016-01-31-13-15-00,20,9,11
2016-01-31-13-30-00,23,7,16
2016-01-31-13-45-00,23,10,13
2016-01-31-14-00-00,39,22,17
2016-01-31-14-15-00,31,21,10
2016-01-31-14-30-00,22,11,11
2016-01-31-14-45-00,21,7,14
2016-01-31-15-00-00,15,10,5
2016-01-31-15-15-00,20,10,10
2016-01-31-15-30-00,12,4,8
2016-01-31-15-45-00,12,7,5
2016-01-31-16-00-00,13,9,4
2016-01-31-16-15-00,8,6,2
2016-01-31-16-30-00,14,7,7
2016-01-31-16-45-00,10,2,8
2016-01-31-17-00-00,9,7,2
2016-01-31-17-15-00,7,3,4
2016-01-31-17-30-00,2,2,0
2016-01-31-17-45-00,11,7,4
2016-01-31-18-00-00,4,1,3
2016-01-31-18-15-00,2,1,1
2016-01-31-18-30-00,3,2,1
2016-01-31-18-45-00,1,1,0
2016-01-31-19-00-00,3,3,0
2016-01-31-19-15-00,0,0,0
2016-01-31-19-30-00,2,1,1
2016-01-31-19-45-00,3,2,1
2016-01-31-20-00-00,4,2,2
2016-01-31-20-15-00,1,0,1
2016-01-31-20-30-00,1,0,1
2016-01-31-20-45-00,1,1,0
2016-01-31-21-00-00,0,0,0
2016-01-31-21-15-00,1,0,1
2016-01-31-21-30-00,0,0,0
2016-01-31-21-45-00,0,0,0
2016-01-31-22-00-00,3,2,1
2016-01-31-22-15-00,1,0,1
2016-01-31-22-30-00,0,0,0
2016-01-31-22-45-00,0,0,0
2016-01-31-23-00-00,0,0,0
2016-01-31-23-15-00,0,0,0
2016-01-31-23-30-00,0,0,0
2016-01-31-23-45-00,0,0,0
2016-02-01-00-00-00,0,0,0
2016-02-01-00-15-00,0,0,0
2016-02-01-00-30-00,0,0,0
2016-02-01-00-45-00,0,0,0
2016-02-01-01-00-00,0,0,0
2016-02-01-01-15-00,0,0,0
2016-02-01-01-30-00,0,0,0
2016-02-01-01-45-00,0,0,0
2016-02-01-02-00-00,0,0,0
2016-02-01-02-15-00,0,0,0
2016-02-01-02-30-00,0,0,0
2016-02-01-02-45-00,0,0,0
2016-02-01-03-00-00,0,0,0
2016-02-01-03-15-00,0,0,0
2016-02-01-03-30-00,0,0,0
2016-02-01-03-45-00,0,0,0
2016-02-01-04-00-00,0,0,0
2016-02-01-04-15-00,0,0,0
2016-02-01-04-30-00,0,0,0
2016-02-01-04-45-00,1,1,0
2016-02-01-05-00-00,0,0,0
2016-02-01-05-15-00,0,0,0
2016-02-01-05-30-00,1,0,1
2016-02-01-05-45-00,7,2,5
2016-02-01-06-00-00,6,5,1
2016-02-01-06-15-00,3,2,1
2016-02-01-06-30-00,6,1,5
2016-02-01-06-45-00,11,4,7
2016-02-01-07-00-00,15,3,12
2016-02-01-07-15-00,19,11,8
2016-02-01-07-30-00,32,14,18
2016-02-01-07-45-00,36,8,28
2016-02-01-08-00-00,32,5,27
2016-02-01-08-15-00,35,9,26
2016-02-01-08-30-00,32,10,22
2016-02-01-08-45-00,43,7,36
2016-02-01-09-00-00,23,5,18
2016-02-01-09-15-00,18,4,14
2016-02-01-09-30-00,12,3,9
2016-02-01-09-45-00,11,5,6
2016-02-01-10-00-00,5,2,3
2016-02-01-10-15-00,11,5,6
2016-02-01-10-30-00,5,1,4
2016-02-01-10-45-00,6,2,4
2016-02-01-11-00-00,9,6,3
2016-02-01-11-15-00,11,8,3
2016-02-01-11-30-00,7,5,2
2016-02-01-11-45-00,11,6,5
2016-02-01-12-00-00,6,4,2
2016-02-01-12-15-00,5,3,2
2016-02-01-12-30-00,9,2,7
2016-02-01-12-45-00,6,2,4
2016-02-01-13-00-00,17,12,5
2016-02-01-13-15-00,20,5,15
2016-02-01-13-30-00,12,9,3
2016-02-01-13-45-00,13,5,8
2016-02-01-14-00-00,12,6,6
2016-02-01-14-15-00,10,8,2
2016-02-01-14-30-00,17,11,6
2016-02-01-14-45-00,16,11,5
2016-02-01-15-00-00,15,11,4
2016-02-01-15-15-00,14,7,7
2016-02-01-15-30-00,20,9,11
2016-02-01-15-45-00,16,10,6
2016-02-01-16-00-00,22,14,8
2016-02-01-16-15-00,20,15,5
2016-02-01-16-30-00,28,21,7
2016-02-01-16-45-00,25,18,7
2016-02-01-17-00-00,29,19,10
2016-02-01-17-15-00,29,22,7
2016-02-01-17-30-00,29,20,9
2016-02-01-17-45-00,29,19,10
2016-02-01-18-00-00,29,23,6
2016-02-01-18-15-00,17,16,1
2016-02-01-18-30-00,20,15,5
2016-02-01-18-45-00,24,19,5
2016-02-01-19-00-00,12,10,2
2016-02-01-19-15-00,15,13,2
2016-02-01-19-30-00,8,6,2
2016-02-01-19-45-00,7,3,4
2016-02-01-20-00-00,3,2,1
2016-02-01-20-15-00,5,4,1
2016-02-01-20-30-00,2,1,1
2016-02-01-20-45-00,5,2,3
2016-02-01-21-00-00,5,4,1
2016-02-01-21-15-00,2,0,2
2016-02-01-21-30-00,4,1,3
2016-02-01-21-45-00,0,0,0
2016-02-01-22-00-00,1,0,1
2016-02-01-22-15-00,0,0,0
2016-02-01-22-30-00,0,0,0
2016-02-01-22-45-00,0,0,0
2016-02-01-23-00-00,0,0,0
2016-02-01-23-15-00,0,0,0
2016-02-01-23-30-00,0,0,0
2016-02-01-23-45-00,0,0,0
2016-02-02-00-00-00,0,0,0
2016-02-02-00-15-00,0,0,0
2016-02-02-00-30-00,1,1,0
2016-02-02-00-45-00,0,0,0
2016-02-02-01-00-00,1,1,0
2016-02-02-01-15-00,0,0,0
2016-02-02-01-30-00,0,0,0
2016-02-02-01-45-00,0,0,0
2016-02-02-02-00-00,0,0,0
2016-02-02-02-15-00,0,0,0
2016-02-02-02-30-00,0,0,0
2016-02-02-02-45-00,0,0,0
2016-02-02-03-00-00,1,1,0
2016-02-02-03-15-00,0,0,0
2016-02-02-03-30-00,0,0,0
2016-02-02-03-45-00,1,0,1
2016-02-02-04-00-00,0,0,0
2016-02-02-04-15-00,0,0,0
2016-02-02-04-30-00,0,0,0
2016-02-02-04-45-00,0,0,0
2016-02-02-05-00-00,0,0,0
2016-02-02-05-15-00,1,1,0
2016-02-02-05-30-00,0,0,0
2016-02-02-05-45-00,6,1,5
2016-02-02-06-00-00,2,0,2
2016-02-02-06-15-00,1,0,1
2016-02-02-06-30-00,8,3,5
2016-02-02-06-45-00,8,3,5
2016-02-02-07-00-00,12,1,11
2016-02-02-07-15-00,16,7,9
2016-02-02-07-30-00,28,11,17
2016-02-02-07-45-00,23,4,19
2016-02-02-08-00-00,35,9,26
2016-02-02-08-15-00,30,10,20
2016-02-02-08-30-00,33,10,23
2016-02-02-08-45-00,25,3,22
2016-02-02-09-00-00,22,7,15
2016-02-02-09-15-00,17,3,14
2016-02-02-09-30-00,5,1,4
2016-02-02-09-45-00,8,4,4
2016-02-02-10-00-00,9,4,5
2016-02-02-10-15-00,9,4,5
2016-02-02-10-30-00,6,1,5
2016-02-02-10-45-00,9,4,5
2016-02-02-11-00-00,8,6,2
2016-02-02-11-15-00,6,4,2
2016-02-02-11-30-00,9,5,4
2016-02-02-11-45-00,7,5,2
2016-02-02-12-00-00,9,8,1
2016-02-02-12-15-00,4,2,2
2016-02-02-12-30-00,8,5,3
2016-02-02-12-45-00,7,4,3
2016-02-02-13-00-00,3,1,2
2016-02-02-13-15-00,10,4,6
2016-02-02-13-30-00,8,8,0
2016-02-02-13-45-00,8,5,3
2016-02-02-14-00-00,9,4,5
2016-02-02-14-15-00,9,5,4
2016-02-02-14-30-00,10,8,2
2016-02-02-14-45-00,4,2,2
2016-02-02-15-00-00,3,3,0
2016-02-02-15-15-00,4,2,2
2016-02-02-15-30-00,5,3,2
2016-02-02-15-45-00,7,6,1
2016-02-02-16-00-00,11,9,2
2016-02-02-16-15-00,11,9,2
2016-02-02-16-30-00,17,14,3
2016-02-02-16-45-00,14,8,6
2016-02-02-17-00-00,17,14,3
2016-02-02-17-15-00,21,19,2
2016-02-02-17-30-00,20,15,5
2016-02-02-17-45-00,18,12,6
2016-02-02-18-00-00,9,9,0
2016-02-02-18-15-00,13,11,2
2016-02-02-18-30-00,9,9,0
2016-02-02-18-45-00,8,6,2
2016-02-02-19-00-00,10,9,1
2016-02-02-19-15-00,9,8,1
2016-02-02-19-30-00,4,1,3
2016-02-02-19-45-00,4,3,1
2016-02-02-20-00-00,3,2,1
2016-02-02-20-15-00,5,4,1
2016-02-02-20-30-00,5,3,2
2016-02-02-20-45-00,3,1,2
2016-02-02-21-00-00,3,3,0
2016-02-02-21-15-00,2,1,1
2016-02-02-21-30-00,1,0,1
2016-02-02-21-45-00,2,1,1
2016-02-02-22-00-00,1,0,1
2016-02-02-22-15-00,0,0,0
2016-02-02-22-30-00,0,0,0
2016-02-02-22-45-00,0,0,0
2016-02-02-23-00-00,0,0,0
2016-02-02-23-15-00,2,2,0
2016-02-02-23-30-00,0,0,0
2016-02-02-23-45-00,0,0,0
2016-02-03-00-00-00,0,0,0
2016-02-03-00-15-00,0,0,0
2016-02-03-00-30-00,0,0,0
2016-02-03-00-45-00,0,0,0
2016-02-03-01-00-00,1,1,0
2016-02-03-01-15-00,1,1,0
2016-02-03-01-30-00,0,0,0
2016-02-03-01-45-00,0,0,0
2016-02-03-02-00-00,0,0,0
2016-02-03-02-15-00,0,0,0
2016-02-03-02-30-00,0,0,0
2016-02-03-02-45-00,0,0,0
2016-02-03-03-00-00,0,0,0
2016-02-03-03-15-00,0,0,0
2016-02-03-03-30-00,0,0,0
2016-02-03-03-45-00,0,0,0
2016-02-03-04-00-00,0,0,0
2016-02-03-04-15-00,0,0,0
2016-02-03-04-30-00,0,0,0
2016-02-03-04-45-00,0,0,0
2016-02-03-05-00-00,0,0,0
2016-02-03-05-15-00,0,0,0
2016-02-03-05-30-00,1,0,1
2016-02-03-05-45-00,4,1,3
2016-02-03-06-00-00,4,2,2
2016-02-03-06-15-00,1,0,1
2016-02-03-06-30-00,6,2,4
2016-02-03-06-45-00,10,6,4
2016-02-03-07-00-00,16,5,11
2016-02-03-07-15-00,20,8,12
2016-02-03-07-30-00,26,9,17
2016-02-03-07-45-00,22,4,18
2016-02-03-08-00-00,37,6,31
2016-02-03-08-15-00,34,7,27
2016-02-03-08-30-00,29,6,23
2016-02-03-08-45-00,35,5,30
2016-02-03-09-00-00,18,3,15
2016-02-03-09-15-00,14,3,11
2016-02-03-09-30-00,11,5,6
2016-02-03-09-45-00,11,2,9
2016-02-03-10-00-00,5,1,4
2016-02-03-10-15-00,5,1,4
2016-02-03-10-30-00,0,0,0
2016-02-03-10-45-00,4,2,2
2016-02-03-11-00-00,4,2,2
2016-02-03-11-15-00,5,2,3
2016-02-03-11-30-00,6,4,2
2016-02-03-11-45-00,6,2,4
2016-02-03-12-00-00,5,4,1
2016-02-03-12-15-00,4,3,1
2016-02-03-12-30-00,7,4,3
2016-02-03-12-45-00,3,2,1
2016-02-03-13-00-00,6,4,2
2016-02-03-13-15-00,7,5,2
2016-02-03-13-30-00,12,6,6
2016-02-03-13-45-00,12,3,9
2016-02-03-14-00-00,15,9,6
2016-02-03-14-15-00,8,6,2
2016-02-03-14-30-00,13,10,3
2016-02-03-14-45-00,15,4,11
2016-02-03-15-00-00,17,12,5
2016-02-03-15-15-00,15,10,5
2016-02-03-15-30-00,12,8,4
2016-02-03-15-45-00,21,11,10
2016-02-03-16-00-00,17,13,4
2016-02-03-16-15-00,21,14,7
2016-02-03-16-30-00,23,13,10
2016-02-03-16-45-00,22,15,7
2016-02-03-17-00-00,35,27,8
2016-02-03-17-15-00,20,17,3
2016-02-03-17-30-00,26,19,7
2016-02-03-17-45-00,16,12,4
2016-02-03-18-00-00,29,20,9
2016-02-03-18-15-00,20,17,3
2016-02-03-18-30-00,22,19,3
2016-02-03-18-45-00,13,9,4
2016-02-03-19-00-00,7,6,1
2016-02-03-19-15-00,4,2,2
2016-02-03-19-30-00,7,5,2
2016-02-03-19-45-00,7,4,3
2016-02-03-20-00-00,5,4,1
2016-02-03-20-15-00,5,3,2
2016-02-03-20-30-00,4,2,2
2016-02-03-20-45-00,5,4,1
2016-02-03-21-00-00,3,1,2
2016-02-03-21-15-00,1,0,1
2016-02-03-21-30-00,3,0,3
2016-02-03-21-45-00,0,0,0
2016-02-03-22-00-00,0,0,0
2016-02-03-22-15-00,0,0,0
2016-02-03-22-30-00,1,0,1
2016-02-03-22-45-00,1,1,0
2016-02-03-23-00-00,0,0,0
2016-02-03-23-15-00,1,0,1
2016-02-03-23-30-00,0,0,0
2016-02-03-23-45-00,0,0,0
2016-02-04-00-00-00,1,0,1
2016-02-04-00-15-00,0,0,0
2016-02-04-00-30-00,0,0,0
2016-02-04-00-45-00,0,0,0
2016-02-04-01-00-00,0,0,0
2016-02-04-01-15-00,0,0,0
2016-02-04-01-30-00,0,0,0
2016-02-04-01-45-00,0,0,0
2016-02-04-02-00-00,0,0,0
2016-02-04-02-15-00,0,0,0
2016-02-04-02-30-00,0,0,0
2016-02-04-02-45-00,0,0,0
2016-02-04-03-00-00,0,0,0
2016-02-04-03-15-00,0,0,0
2016-02-04-03-30-00,0,0,0
2016-02-04-03-45-00,0,0,0
2016-02-04-04-00-00,0,0,0
2016-02-04-04-15-00,0,0,0
2016-02-04-04-30-00,0,0,0
2016-02-04-04-45-00,0,0,0
2016-02-04-05-00-00,0,0,0
2016-02-04-05-15-00,0,0,0
2016-02-04-05-30-00,0,0,0
2016-02-04-05-45-00,2,1,1
2016-02-04-06-00-00,2,0,2
2016-02-04-06-15-00,2,1,1
2016-02-04-06-30-00,3,0,3
2016-02-04-06-45-00,9,3,6
2016-02-04-07-00-00,7,5,2
2016-02-04-07-15-00,11,3,8
2016-02-04-07-30-00,19,5,14
2016-02-04-07-45-00,21,7,14
2016-02-04-08-00-00,16,2,14
2016-02-04-08-15-00,17,6,11
2016-02-04-08-30-00,26,2,24
2016-02-04-08-45-00,30,4,26
2016-02-04-09-00-00,16,2,14
2016-02-04-09-15-00,11,5,6
2016-02-04-09-30-00,10,3,7
2016-02-04-09-45-00,5,2,3
2016-02-04-10-00-00,12,8,4
2016-02-04-10-15-00,11,6,5
2016-02-04-10-30-00,6,2,4
2016-02-04-10-45-00,3,2,1
2016-02-04-11-00-00,3,1,2
2016-02-04-11-15-00,4,1,3
2016-02-04-11-30-00,2,0,2
2016-02-04-11-45-00,4,3,1
2016-02-04-12-00-00,7,4,3
2016-02-04-12-15-00,7,2,5
2016-02-04-12-30-00,3,3,0
2016-02-04-12-45-00,1,1,0
2016-02-04-13-00-00,7,6,1
2016-02-04-13-15-00,7,5,2
2016-02-04-13-30-00,9,8,1
2016-02-04-13-45-00,2,2,0
2016-02-04-14-00-00,3,1,2
2016-02-04-14-15-00,2,1,1
2016-02-04-14-30-00,6,4,2
2016-02-04-14-45-00,4,3,1
2016-02-04-15-00-00,5,4,1
2016-02-04-15-15-00,3,2,1
2016-02-04-15-30-00,8,5,3
2016-02-04-15-45-00,6,6,0
2016-02-04-16-00-00,1,0,1
2016-02-04-16-15-00,4,3,1
2016-02-04-16-30-00,10,6,4
2016-02-04-16-45-00,7,4,3
2016-02-04-17-00-00,15,14,1
2016-02-04-17-15-00,11,8,3
2016-02-04-17-30-00,12,7,5
2016-02-04-17-45-00,9,8,1
2016-02-04-18-00-00,7,6,1
2016-02-04-18-15-00,10,10,0
2016-02-04-18-30-00,10,8,2
2016-02-04-18-45-00,5,5,0
2016-02-04-19-00-00,3,3,0
2016-02-04-19-15-00,4,3,1
2016-02-04-19-30-00,3,1,2
2016-02-04-19-45-00,3,2,1
2016-02-04-20-00-00,3,3,0
2016-02-04-20-15-00,4,0,4
2016-02-04-20-30-00,1,0,1
2016-02-04-20-45-00,3,2,1
2016-02-04-21-00-00,0,0,0
2016-02-04-21-15-00,1,1,0
2016-02-04-21-30-00,3,1,2
2016-02-04-21-45-00,3,2,1
2016-02-04-22-00-00,0,0,0
2016-02-04-22-15-00,1,0,1
2016-02-04-22-30-00,0,0,0
2016-02-04-22-45-00,3,3,0
2016-02-04-23-00-00,1,1,0
2016-02-04-23-15-00,0,0,0
2016-02-04-23-30-00,0,0,0
2016-02-04-23-45-00,0,0,0
2016-02-05-00-00-00,0,0,0
2016-02-05-00-15-00,1,0,1
2016-02-05-00-30-00,0,0,0
2016-02-05-00-45-00,0,0,0
2016-02-05-01-00-00,1,0,1
2016-02-05-01-15-00,0,0,0
2016-02-05-01-30-00,0,0,0
2016-02-05-01-45-00,0,0,0
2016-02-05-02-00-00,0,0,0
2016-02-05-02-15-00,1,0,1
2016-02-05-02-30-00,0,0,0
2016-02-05-02-45-00,0,0,0
2016-02-05-03-00-00,0,0,0
2016-02-05-03-15-00,0,0,0
2016-02-05-03-30-00,0,0,0
2016-02-05-03-45-00,0,0,0
2016-02-05-04-00-00,0,0,0
2016-02-05-04-15-00,0,0,0
2016-02-05-04-30-00,0,0,0
2016-02-05-04-45-00,0,0,0
2016-02-05-05-00-00,2,2,0
2016-02-05-05-15-00,0,0,0
2016-02-05-05-30-00,0,0,0
2016-02-05-05-45-00,3,0,3
2016-02-05-06-00-00,0,0,0
2016-02-05-06-15-00,1,0,1
2016-02-05-06-30-00,5,2,3
2016-02-05-06-45-00,6,2,4
2016-02-05-07-00-00,9,2,7
2016-02-05-07-15-00,9,4,5
2016-02-05-07-30-00,7,2,5
2016-02-05-07-45-00,14,7,7
2016-02-05-08-00-00,9,0,9
2016-02-05-08-15-00,16,4,12
2016-02-05-08-30-00,12,0,12
2016-02-05-08-45-00,15,3,12
2016-02-05-09-00-00,14,2,12
2016-02-05-09-15-00,9,1,8
2016-02-05-09-30-00,8,3,5
2016-02-05-09-45-00,3,3,0
2016-02-05-10-00-00,5,4,1
2016-02-05-10-15-00,3,1,2
2016-02-05-10-30-00,2,0,2
2016-02-05-10-45-00,5,3,2
2016-02-05-11-00-00,6,4,2
2016-02-05-11-15-00,3,0,3
2016-02-05-11-30-00,3,2,1
2016-02-05-11-45-00,0,0,0
2016-02-05-12-00-00,5,1,4
2016-02-05-12-15-00,7,4,3
2016-02-05-12-30-00,7,4,3
2016-02-05-12-45-00,1,0,1
2016-02-05-13-00-00,6,5,1
2016-02-05-13-15-00,6,4,2
2016-02-05-13-30-00,7,6,1
2016-02-05-13-45-00,10,3,7
2016-02-05-14-00-00,8,4,4
2016-02-05-14-15-00,10,9,1
2016-02-05-14-30-00,14,8,6
2016-02-05-14-45-00,11,8,3
2016-02-05-15-00-00,11,9,2
2016-02-05-15-15-00,12,10,2
2016-02-05-15-30-00,9,9,0
2016-02-05-15-45-00,22,9,13
2016-02-05-16-00-00,24,19,5
2016-02-05-16-15-00,10,8,2
2016-02-05-16-30-00,18,15,3
2016-02-05-16-45-00,16,8,8
2016-02-05-17-00-00,11,7,4
2016-02-05-17-15-00,28,18,10
2016-02-05-17-30-00,19,11,8
2016-02-05-17-45-00,8,6,2
2016-02-05-18-00-00,7,3,4
2016-02-05-18-15-00,8,7,1
2016-02-05-18-30-00,8,4,4
2016-02-05-18-45-00,9,7,2
2016-02-05-19-00-00,4,1,3
2016-02-05-19-15-00,8,4,4
2016-02-05-19-30-00,5,3,2
2016-02-05-19-45-00,7,5,2
2016-02-05-20-00-00,3,2,1
2016-02-05-20-15-00,1,1,0
2016-02-05-20-30-00,3,1,2
2016-02-05-20-45-00,7,3,4
2016-02-05-21-00-00,1,0,1
2016-02-05-21-15-00,5,3,2
2016-02-05-21-30-00,2,2,0
2016-02-05-21-45-00,1,0,1
2016-02-05-22-00-00,0,0,0
2016-02-05-22-15-00,2,2,0
2016-02-05-22-30-00,0,0,0
2016-02-05-22-45-00,0,0,0
2016-02-05-23-00-00,1,0,1
2016-02-05-23-15-00,1,0,1
2016-02-05-23-30-00,3,3,0
2016-02-05-23-45-00,1,0,1
2016-02-06-00-00-00,1,1,0
2016-02-06-00-15-00,0,0,0
2016-02-06-00-30-00,2,2,0
2016-02-06-00-45-00,0,0,0
2016-02-06-01-00-00,0,0,0
2016-02-06-01-15-00,3,0,3
2016-02-06-01-30-00,4,2,2
2016-02-06-01-45-00,0,0,0
2016-02-06-02-00-00,1,1,0
2016-02-06-02-15-00,1,0,1
2016-02-06-02-30-00,1,1,0
2016-02-06-02-45-00,1,0,1
2016-02-06-03-00-00,0,0,0
2016-02-06-03-15-00,1,0,1
2016-02-06-03-30-00,0,0,0
2016-02-06-03-45-00,0,0,0
2016-02-06-04-00-00,1,1,0
2016-02-06-04-15-00,0,0,0
2016-02-06-04-30-00,1,0,1
2016-02-06-04-45-00,1,1,0
2016-02-06-05-00-00,0,0,0
2016-02-06-05-15-00,0,0,0
2016-02-06-05-30-00,0,0,0
2016-02-06-05-45-00,0,0,0
2016-02-06-06-00-00,0,0,0
2016-02-06-06-15-00,1,1,0
2016-02-06-06-30-00,0,0,0
2016-02-06-06-45-00,0,0,0
2016-02-06-07-00-00,0,0,0
2016-02-06-07-15-00,3,2,1
2016-02-06-07-30-00,1,0,1
2016-02-06-07-45-00,1,0,1
2016-02-06-08-00-00,2,1,1
2016-02-06-08-15-00,4,2,2
2016-02-06-08-30-00,3,0,3
2016-02-06-08-45-00,6,3,3
2016-02-06-09-00-00,2,0,2
2016-02-06-09-15-00,3,2,1
2016-02-06-09-30-00,6,3,3
2016-02-06-09-45-00,5,4,1
2016-02-06-10-00-00,7,5,2
2016-02-06-10-15-00,18,13,5
2016-02-06-10-30-00,18,5,13
2016-02-06-10-45-00,28,16,12
2016-02-06-11-00-00,20,10,10
2016-02-06-11-15-00,23,15,8
2016-02-06-11-30-00,23,14,9
2016-02-06-11-45-00,35,10,25
2016-02-06-12-00-00,36,15,21
2016-02-06-12-15-00,25,12,13
2016-02-06-12-30-00,26,9,17
2016-02-06-12-45-00,41,11,30
2016-02-06-13-00-00,32,13,19
2016-02-06-13-15-00,41,16,25
2016-02-06-13-30-00,43,19,24
2016-02-06-13-45-00,37,19,18
2016-02-06-14-00-00,61,33,28
2016-02-06-14-15-00,51,30,21
2016-02-06-14-30-00,62,33,29
2016-02-06-14-45-00,48,22,26
2016-02-06-15-00-00,54,22,32
2016-02-06-15-15-00,41,18,23
2016-02-06-15-30-00,39,22,17
2016-02-06-15-45-00,38,32,6
2016-02-06-16-00-00,53,28,25
2016-02-06-16-15-00,22,13,9
2016-02-06-16-30-00,16,10,6
2016-02-06-16-45-00,34,23,11
2016-02-06-17-00-00,27,16,11
2016-02-06-17-15-00,13,11,2
2016-02-06-17-30-00,11,9,2
2016-02-06-17-45-00,24,18,6
2016-02-06-18-00-00,14,11,3
2016-02-06-18-15-00,8,4,4
2016-02-06-18-30-00,6,5,1
2016-02-06-18-45-00,3,2,1
2016-02-06-19-00-00,5,1,4
2016-02-06-19-15-00,3,3,0
2016-02-06-19-30-00,4,3,1
2016-02-06-19-45-00,2,1,1
2016-02-06-20-00-00,6,4,2
2016-02-06-20-15-00,0,0,0
2016-02-06-20-30-00,2,1,1
2016-02-06-20-45-00,2,0,2
2016-02-06-21-00-00,0,0,0
2016-02-06-21-15-00,3,2,1
2016-02-06-21-30-00,2,1,1
2016-02-06-21-45-00,4,2,2
2016-02-06-22-00-00,2,2,0
2016-02-06-22-15-00,0,0,0
2016-02-06-22-30-00,2,2,0
2016-02-06-22-45-00,0,0,0
2016-02-06-23-00-00,1,1,0
2016-02-06-23-15-00,0,0,0
2016-02-06-23-30-00,1,0,1
2016-02-06-23-45-00,0,0,0
2016-02-07-00-00-00,0,0,0
2016-02-07-00-15-00,1,1,0
2016-02-07-00-30-00,2,2,0
2016-02-07-00-45-00,0,0,0
2016-02-07-01-00-00,2,0,2
2016-02-07-01-15-00,2,2,0
2016-02-07-01-30-00,0,0,0
2016-02-07-01-45-00,1,0,1
2016-02-07-02-00-00,0,0,0
2016-02-07-02-15-00,2,0,2
2016-02-07-02-30-00,0,0,0
2016-02-07-02-45-00,2,0,2
2016-02-07-03-00-00,1,0,1
2016-02-07-03-15-00,1,0,1
2016-02-07-03-30-00,0,0,0
2016-02-07-03-45-00,0,0,0
2016-02-07-04-00-00,3,0,3
2016-02-07-04-15-00,0,0,0
2016-02-07-04-30-00,0,0,0
2016-02-07-04-45-00,0,0,0
2016-02-07-05-00-00,0,0,0
2016-02-07-05-15-00,0,0,0
2016-02-07-05-30-00,0,0,0
2016-02-07-05-45-00,0,0,0
2016-02-07-06-00-00,0,0,0
2016-02-07-06-15-00,1,1,0
2016-02-07-06-30-00,0,0,0
2016-02-07-06-45-00,0,0,0
2016-02-07-07-00-00,0,0,0
2016-02-07-07-15-00,1,0,1
2016-02-07-07-30-00,1,1,0
2016-02-07-07-45-00,1,0,1
2016-02-07-08-00-00,1,0,1
2016-02-07-08-15-00,0,0,0
2016-02-07-08-30-00,1,1,0
2016-02-07-08-45-00,2,2,0
2016-02-07-09-00-00,6,4,2
2016-02-07-09-15-00,5,3,2
2016-02-07-09-30-00,1,1,0
2016-02-07-09-45-00,5,4,1
2016-02-07-10-00-00,11,3,8
2016-02-07-10-15-00,5,2,3
2016-02-07-10-30-00,11,4,7
2016-02-07-10-45-00,10,2,8
2016-02-07-11-00-00,11,7,4
2016-02-07-11-15-00,16,5,11
2016-02-07-11-30-00,11,5,6
2016-02-07-11-45-00,5,3,2
2016-02-07-12-00-00,11,9,2
2016-02-07-12-15-00,9,7,2
2016-02-07-12-30-00,11,3,8
2016-02-07-12-45-00,13,4,9
2016-02-07-13-00-00,12,4,8
2016-02-07-13-15-00,12,8,4
2016-02-07-13-30-00,21,6,15
2016-02-07-13-45-00,17,6,11
2016-02-07-14-00-00,27,8,19
2016-02-07-14-15-00,16,9,7
2016-02-07-14-30-00,13,6,7
2016-02-07-14-45-00,19,7,12
2016-02-07-15-00-00,7,5,2
2016-02-07-15-15-00,22,9,13
2016-02-07-15-30-00,20,15,5
2016-02-07-15-45-00,30,15,15
2016-02-07-16-00-00,11,6,5
2016-02-07-16-15-00,17,10,7
2016-02-07-16-30-00,28,17,11
2016-02-07-16-45-00,26,17,9
2016-02-07-17-00-00,22,14,8
2016-02-07-17-15-00,26,17,9
2016-02-07-17-30-00,15,7,8
2016-02-07-17-45-00,16,12,4
2016-02-07-18-00-00,7,6,1
2016-02-07-18-15-00,11,7,4
2016-02-07-18-30-00,1,1,0
2016-02-07-18-45-00,2,1,1
2016-02-07-19-00-00,1,1,0
2016-02-07-19-15-00,5,2,3
2016-02-07-19-30-00,3,3,0
2016-02-07-19-45-00,2,1,1
2016-02-07-20-00-00,0,0,0
2016-02-07-20-15-00,5,5,0
2016-02-07-20-30-00,1,0,1
2016-02-07-20-45-00,1,1,0
2016-02-07-21-00-00,3,2,1
2016-02-07-21-15-00,5,1,4
2016-02-07-21-30-00,5,1,4
2016-02-07-21-45-00,3,2,1
2016-02-07-22-00-00,1,1,0
2016-02-07-22-15-00,1,0,1
2016-02-07-22-30-00,0,0,0
2016-02-07-22-45-00,1,0,1
2016-02-07-23-00-00,1,1,0
2016-02-07-23-15-00,1,0,1
2016-02-07-23-30-00,0,0,0
2016-02-07-23-45-00,0,0,0
2016-02-08-00-00-00,0,0,0
2016-02-08-00-15-00,0,0,0
2016-02-08-00-30-00,0,0,0
2016-02-08-00-45-00,0,0,0
2016-02-08-01-00-00,1,0,1
2016-02-08-01-15-00,1,1,0
2016-02-08-01-30-00,0,0,0
2016-02-08-01-45-00,1,1,0
2016-02-08-02-00-00,0,0,0
2016-02-08-02-15-00,0,0,0
2016-02-08-02-30-00,0,0,0
2016-02-08-02-45-00,0,0,0
2016-02-08-03-00-00,0,0,0
2016-02-08-03-15-00,1,1,0
2016-02-08-03-30-00,0,0,0
2016-02-08-03-45-00,0,0,0
2016-02-08-04-00-00,0,0,0
2016-02-08-04-15-00,0,0,0
2016-02-08-04-30-00,0,0,0
2016-02-08-04-45-00,0,0,0
2016-02-08-05-00-00,0,0,0
2016-02-08-05-15-00,0,0,0
2016-02-08-05-30-00,0,0,0
2016-02-08-05-45-00,0,0,0
2016-02-08-06-00-00,0,0,0
2016-02-08-06-15-00,0,0,0
2016-02-08-06-30-00,0,0,0
2016-02-08-06-45-00,1,1,0
2016-02-08-07-00-00,0,0,0
2016-02-08-07-15-00,3,1,2
2016-02-08-07-30-00,3,0,3
2016-02-08-07-45-00,4,1,3
2016-02-08-08-00-00,2,0,2
2016-02-08-08-15-00,3,0,3
2016-02-08-08-30-00,5,1,4
2016-02-08-08-45-00,8,3,5
2016-02-08-09-00-00,2,1,1
2016-02-08-09-15-00,3,2,1
2016-02-08-09-30-00,0,0,0
2016-02-08-09-45-00,0,0,0
2016-02-08-10-00-00,0,0,0
2016-02-08-10-15-00,1,0,1
2016-02-08-10-30-00,6,4,2
2016-02-08-10-45-00,0,0,0
2016-02-08-11-00-00,2,0,2
2016-02-08-11-15-00,11,6,5
2016-02-08-11-30-00,5,3,2
2016-02-08-11-45-00,8,5,3
2016-02-08-12-00-00,2,2,0
2016-02-08-12-15-00,0,0,0
2016-02-08-12-30-00,4,1,3
2016-02-08-12-45-00,3,1,2
2016-02-08-13-00-00,7,5,2
2016-02-08-13-15-00,5,4,1
2016-02-08-13-30-00,12,11,1
2016-02-08-13-45-00,11,4,7
2016-02-08-14-00-00,6,4,2
2016-02-08-14-15-00,5,2,3
2016-02-08-14-30-00,7,6,1
2016-02-08-14-45-00,13,9,4
2016-02-08-15-00-00,16,15,1
2016-02-08-15-15-00,14,9,5
2016-02-08-15-30-00,13,4,9
2016-02-08-15-45-00,14,5,9
2016-02-08-16-00-00,11,7,4
2016-02-08-16-15-00,18,9,9
2016-02-08-16-30-00,10,5,5
2016-02-08-16-45-00,19,13,6
2016-02-08-17-00-00,13,7,6
2016-02-08-17-15-00,15,12,3
2016-02-08-17-30-00,9,8,1
2016-02-08-17-45-00,9,5,4
2016-02-08-18-00-00,9,3,6
2016-02-08-18-15-00,2,2,0
2016-02-08-18-30-00,7,3,4
2016-02-08-18-45-00,2,1,1
2016-02-08-19-00-00,3,2,1
2016-02-08-19-15-00,3,3,0
2016-02-08-19-30-00,3,3,0
2016-02-08-19-45-00,2,0,2
2016-02-08-20-00-00,1,1,0
2016-02-08-20-15-00,1,0,1
2016-02-08-20-30-00,4,1,3
2016-02-08-20-45-00,1,1,0
2016-02-08-21-00-00,0,0,0
2016-02-08-21-15-00,0,0,0
2016-02-08-21-30-00,1,1,0
2016-02-08-21-45-00,1,0,1
2016-02-08-22-00-00,0,0,0
2016-02-08-22-15-00,2,0,2
2016-02-08-22-30-00,0,0,0
2016-02-08-22-45-00,0,0,0
2016-02-08-23-00-00,0,0,0
2016-02-08-23-15-00,0,0,0
2016-02-08-23-30-00,0,0,0
2016-02-08-23-45-00,0,0,0
2016-02-09-00-00-00,0,0,0
2016-02-09-00-15-00,0,0,0
2016-02-09-00-30-00,0,0,0
2016-02-09-00-45-00,0,0,0
2016-02-09-01-00-00,0,0,0
2016-02-09-01-15-00,0,0,0
2016-02-09-01-30-00,0,0,0
2016-02-09-01-45-00,0,0,0
2016-02-09-02-00-00,0,0,0
2016-02-09-02-15-00,0,0,0
2016-02-09-02-30-00,0,0,0
2016-02-09-02-45-00,0,0,0
2016-02-09-03-00-00,0,0,0
2016-02-09-03-15-00,0,0,0
2016-02-09-03-30-00,0,0,0
2016-02-09-03-45-00,0,0,0
2016-02-09-04-00-00,0,0,0
2016-02-09-04-15-00,0,0,0
2016-02-09-04-30-00,0,0,0
2016-02-09-04-45-00,0,0,0
2016-02-09-05-00-00,0,0,0
2016-02-09-05-15-00,0,0,0
2016-02-09-05-30-00,1,0,1
2016-02-09-05-45-00,2,2,0
2016-02-09-06-00-00,4,1,3
2016-02-09-06-15-00,1,0,1
2016-02-09-06-30-00,5,1,4
2016-02-09-06-45-00,6,2,4
2016-02-09-07-00-00,9,5,4
2016-02-09-07-15-00,14,4,10
2016-02-09-07-30-00,23,10,13
2016-02-09-07-45-00,34,6,28
2016-02-09-08-00-00,20,5,15
2016-02-09-08-15-00,28,3,25
2016-02-09-08-30-00,31,7,24
2016-02-09-08-45-00,22,1,21
2016-02-09-09-00-00,12,1,11
2016-02-09-09-15-00,9,2,7
2016-02-09-09-30-00,9,4,5
2016-02-09-09-45-00,4,3,1
2016-02-09-10-00-00,5,2,3
2016-02-09-10-15-00,8,5,3
2016-02-09-10-30-00,8,4,4
2016-02-09-10-45-00,5,3,2
2016-02-09-11-00-00,1,1,0
2016-02-09-11-15-00,5,4,1
2016-02-09-11-30-00,1,0,1
2016-02-09-11-45-00,5,4,1
2016-02-09-12-00-00,2,0,2
2016-02-09-12-15-00,6,3,3
2016-02-09-12-30-00,1,1,0
2016-02-09-12-45-00,3,3,0
2016-02-09-13-00-00,6,3,3
2016-02-09-13-15-00,3,0,3
2016-02-09-13-30-00,4,2,2
2016-02-09-13-45-00,6,2,4
2016-02-09-14-00-00,7,2,5
2016-02-09-14-15-00,0,0,0
2016-02-09-14-30-00,7,4,3
2016-02-09-14-45-00,4,2,2
2016-02-09-15-00-00,8,6,2
2016-02-09-15-15-00,5,5,0
2016-02-09-15-30-00,5,4,1
2016-02-09-15-45-00,5,5,0
2016-02-09-16-00-00,4,4,0
2016-02-09-16-15-00,9,8,1
2016-02-09-16-30-00,19,14,5
2016-02-09-16-45-00,16,12,4
2016-02-09-17-00-00,17,14,3
2016-02-09-17-15-00,20,18,2
2016-02-09-17-30-00,18,11,7
2016-02-09-17-45-00,18,14,4
2016-02-09-18-00-00,14,9,5
2016-02-09-18-15-00,16,13,3
2016-02-09-18-30-00,11,9,2
2016-02-09-18-45-00,12,10,2
2016-02-09-19-00-00,4,4,0
2016-02-09-19-15-00,3,3,0
2016-02-09-19-30-00,2,1,1
2016-02-09-19-45-00,2,2,0
2016-02-09-20-00-00,5,5,0
2016-02-09-20-15-00,1,0,1
2016-02-09-20-30-00,2,0,2
2016-02-09-20-45-00,1,1,0
2016-02-09-21-00-00,0,0,0
2016-02-09-21-15-00,2,0,2
2016-02-09-21-30-00,1,1,0
2016-02-09-21-45-00,1,0,1
2016-02-09-22-00-00,2,0,2
2016-02-09-22-15-00,0,0,0
2016-02-09-22-30-00,0,0,0
2016-02-09-22-45-00,0,0,0
2016-02-09-23-00-00,4,1,3
2016-02-09-23-15-00,0,0,0
2016-02-09-23-30-00,1,1,0
2016-02-09-23-45-00,0,0,0
2016-02-10-00-00-00,1,0,1
2016-02-10-00-15-00,0,0,0
2016-02-10-00-30-00,0,0,0
2016-02-10-00-45-00,0,0,0
2016-02-10-01-00-00,0,0,0
2016-02-10-01-15-00,1,1,0
2016-02-10-01-30-00,0,0,0
2016-02-10-01-45-00,0,0,0
2016-02-10-02-00-00,0,0,0
2016-02-10-02-15-00,0,0,0
2016-02-10-02-30-00,0,0,0
2016-02-10-02-45-00,0,0,0
2016-02-10-03-00-00,0,0,0
2016-02-10-03-15-00,0,0,0
2016-02-10-03-30-00,0,0,0
2016-02-10-03-45-00,0,0,0
2016-02-10-04-00-00,0,0,0
2016-02-10-04-15-00,0,0,0
2016-02-10-04-30-00,0,0,0
2016-02-10-04-45-00,0,0,0
2016-02-10-05-00-00,0,0,0
2016-02-10-05-15-00,0,0,0
2016-02-10-05-30-00,2,1,1
2016-02-10-05-45-00,5,3,2
2016-02-10-06-00-00,2,0,2
2016-02-10-06-15-00,2,1,1
2016-02-10-06-30-00,4,0,4
2016-02-10-06-45-00,13,7,6
2016-02-10-07-00-00,13,4,9
2016-02-10-07-15-00,10,8,2
2016-02-10-07-30-00,27,6,21
2016-02-10-07-45-00,24,3,21
2016-02-10-08-00-00,31,5,26
2016-02-10-08-15-00,26,4,22
2016-02-10-08-30-00,24,5,19
2016-02-10-08-45-00,32,2,30
2016-02-10-09-00-00,16,7,9
2016-02-10-09-15-00,8,0,8
2016-02-10-09-30-00,4,1,3
2016-02-10-09-45-00,5,2,3
2016-02-10-10-00-00,3,0,3
2016-02-10-10-15-00,3,2,1
2016-02-10-10-30-00,1,1,0
2016-02-10-10-45-00,2,1,1
2016-02-10-11-00-00,2,1,1
2016-02-10-11-15-00,2,1,1
2016-02-10-11-30-00,1,0,1
2016-02-10-11-45-00,3,1,2
2016-02-10-12-00-00,3,1,2
2016-02-10-12-15-00,3,3,0
2016-02-10-12-30-00,6,4,2
2016-02-10-12-45-00,6,4,2
2016-02-10-13-00-00,6,1,5
2016-02-10-13-15-00,6,3,3
2016-02-10-13-30-00,5,3,2
2016-02-10-13-45-00,5,3,2
2016-02-10-14-00-00,12,9,3
2016-02-10-14-15-00,1,1,0
2016-02-10-14-30-00,8,4,4
2016-02-10-14-45-00,3,1,2
2016-02-10-15-00-00,8,5,3
2016-02-10-15-15-00,1,0,1
2016-02-10-15-30-00,9,9,0
2016-02-10-15-45-00,9,6,3
2016-02-10-16-00-00,15,10,5
2016-02-10-16-15-00,11,9,2
2016-02-10-16-30-00,20,13,7
2016-02-10-16-45-00,14,9,5
2016-02-10-17-00-00,11,6,5
2016-02-10-17-15-00,19,16,3
2016-02-10-17-30-00,20,14,6
2016-02-10-17-45-00,18,14,4
2016-02-10-18-00-00,15,10,5
2016-02-10-18-15-00,12,9,3
2016-02-10-18-30-00,18,12,6
2016-02-10-18-45-00,9,8,1
2016-02-10-19-00-00,5,5,0
2016-02-10-19-15-00,2,0,2
2016-02-10-19-30-00,3,3,0
2016-02-10-19-45-00,4,2,2
2016-02-10-20-00-00,5,4,1
2016-02-10-20-15-00,2,2,0
2016-02-10-20-30-00,2,1,1
2016-02-10-20-45-00,3,3,0
2016-02-10-21-00-00,3,2,1
2016-02-10-21-15-00,0,0,0
2016-02-10-21-30-00,1,0,1
2016-02-10-21-45-00,2,2,0
2016-02-10-22-00-00,1,1,0
2016-02-10-22-15-00,0,0,0
2016-02-10-22-30-00,0,0,0
2016-02-10-22-45-00,0,0,0
2016-02-10-23-00-00,0,0,0
2016-02-10-23-15-00,0,0,0
2016-02-10-23-30-00,1,1,0
2016-02-10-23-45-00,0,0,0
2016-02-11-00-00-00,1,0,1
2016-02-11-00-15-00,1,1,0
2016-02-11-00-30-00,0,0,0
2016-02-11-00-45-00,0,0,0
2016-02-11-01-00-00,1,0,1
2016-02-11-01-15-00,0,0,0
2016-02-11-01-30-00,1,1,0
2016-02-11-01-45-00,0,0,0
2016-02-11-02-00-00,0,0,0
2016-02-11-02-15-00,0,0,0
2016-02-11-02-30-00,0,0,0
2016-02-11-02-45-00,0,0,0
2016-02-11-03-00-00,0,0,0
2016-02-11-03-15-00,0,0,0
2016-02-11-03-30-00,0,0,0
2016-02-11-03-45-00,0,0,0
2016-02-11-04-00-00,0,0,0
2016-02-11-04-15-00,0,0,0
2016-02-11-04-30-00,0,0,0
2016-02-11-04-45-00,0,0,0
2016-02-11-05-00-00,0,0,0
2016-02-11-05-15-00,0,0,0
2016-02-11-05-30-00,1,0,1
2016-02-11-05-45-00,4,1,3
2016-02-11-06-00-00,3,0,3
2016-02-11-06-15-00,6,2,4
2016-02-11-06-30-00,2,1,1
2016-02-11-06-45-00,10,2,8
2016-02-11-07-00-00,13,7,6
2016-02-11-07-15-00,19,8,11
2016-02-11-07-30-00,27,6,21
2016-02-11-07-45-00,28,5,23
2016-02-11-08-00-00,30,2,28
2016-02-11-08-15-00,39,7,32
2016-02-11-08-30-00,47,8,39
2016-02-11-08-45-00,24,3,21
2016-02-11-09-00-00,18,3,15
2016-02-11-09-15-00,11,4,7
2016-02-11-09-30-00,8,3,5
2016-02-11-09-45-00,8,4,4
2016-02-11-10-00-00,6,3,3
2016-02-11-10-15-00,8,5,3
2016-02-11-10-30-00,13,7,6
2016-02-11-10-45-00,13,8,5
2016-02-11-11-00-00,11,5,6
2016-02-11-11-15-00,11,4,7
2016-02-11-11-30-00,17,13,4
2016-02-11-11-45-00,12,8,4
2016-02-11-12-00-00,13,8,5
2016-02-11-12-15-00,20,8,12
2016-02-11-12-30-00,6,5,1
2016-02-11-12-45-00,16,8,8
2016-02-11-13-00-00,15,13,2
2016-02-11-13-15-00,22,10,12
2016-02-11-13-30-00,15,10,5
2016-02-11-13-45-00,17,7,10
2016-02-11-14-00-00,10,2,8
2016-02-11-14-15-00,25,14,11
2016-02-11-14-30-00,19,15,4
2016-02-11-14-45-00,14,7,7
2016-02-11-15-00-00,15,11,4
2016-02-11-15-15-00,18,8,10
2016-02-11-15-30-00,17,9,8
2016-02-11-15-45-00,24,12,12
2016-02-11-16-00-00,19,10,9
2016-02-11-16-15-00,30,22,8
2016-02-11-16-30-00,20,16,4
2016-02-11-16-45-00,30,19,11
2016-02-11-17-00-00,22,14,8
2016-02-11-17-15-00,47,40,7
2016-02-11-17-30-00,24,18,6
2016-02-11-17-45-00,26,21,5
2016-02-11-18-00-00,31,26,5
2016-02-11-18-15-00,20,17,3
2016-02-11-18-30-00,20,15,5
2016-02-11-18-45-00,24,19,5
2016-02-11-19-00-00,6,4,2
2016-02-11-19-15-00,17,13,4
2016-02-11-19-30-00,6,3,3
2016-02-11-19-45-00,10,6,4
2016-02-11-20-00-00,14,6,8
2016-02-11-20-15-00,6,5,1
2016-02-11-20-30-00,4,2,2
2016-02-11-20-45-00,0,0,0
2016-02-11-21-00-00,3,2,1
2016-02-11-21-15-00,2,0,2
2016-02-11-21-30-00,2,2,0
2016-02-11-21-45-00,3,1,2
2016-02-11-22-00-00,4,0,4
2016-02-11-22-15-00,0,0,0
2016-02-11-22-30-00,2,2,0
2016-02-11-22-45-00,0,0,0
2016-02-11-23-00-00,2,1,1
2016-02-11-23-15-00,1,0,1
2016-02-11-23-30-00,0,0,0
2016-02-11-23-45-00,1,0,1
2016-02-12-00-00-00,0,0,0
2016-02-12-00-15-00,0,0,0
2016-02-12-00-30-00,0,0,0
2016-02-12-00-45-00,0,0,0
2016-02-12-01-00-00,0,0,0
2016-02-12-01-15-00,0,0,0
2016-02-12-01-30-00,0,0,0
2016-02-12-01-45-00,0,0,0
2016-02-12-02-00-00,0,0,0
2016-02-12-02-15-00,1,0,1
2016-02-12-02-30-00,0,0,0
2016-02-12-02-45-00,0,0,0
2016-02-12-03-00-00,0,0,0
2016-02-12-03-15-00,0,0,0
2016-02-12-03-30-00,0,0,0
2016-02-12-03-45-00,0,0,0
2016-02-12-04-00-00,0,0,0
2016-02-12-04-15-00,0,0,0
2016-02-12-04-30-00,1,0,1
2016-02-12-04-45-00,0,0,0
2016-02-12-05-00-00,1,1,0
2016-02-12-05-15-00,0,0,0
2016-02-12-05-30-00,1,0,1
2016-02-12-05-45-00,2,1,1
2016-02-12-06-00-00,4,0,4
2016-02-12-06-15-00,6,2,4
2016-02-12-06-30-00,3,0,3
2016-02-12-06-45-00,10,7,3
2016-02-12-07-00-00,14,6,8
2016-02-12-07-15-00,16,5,11
2016-02-12-07-30-00,19,10,9
2016-02-12-07-45-00,40,8,32
2016-02-12-08-00-00,32,4,28
2016-02-12-08-15-00,33,7,26
2016-02-12-08-30-00,29,11,18
2016-02-12-08-45-00,34,6,28
2016-02-12-09-00-00,20,4,16
2016-02-12-09-15-00,11,5,6
2016-02-12-09-30-00,9,5,4
2016-02-12-09-45-00,5,3,2
2016-02-12-10-00-00,6,3,3
2016-02-12-10-15-00,4,3,1
2016-02-12-10-30-00,12,6,6
2016-02-12-10-45-00,6,1,5
2016-02-12-11-00-00,11,7,4
2016-02-12-11-15-00,13,9,4
2016-02-12-11-30-00,17,9,8
2016-02-12-11-45-00,24,12,12
2016-02-12-12-00-00,12,6,6
2016-02-12-12-15-00,15,6,9
2016-02-12-12-30-00,18,9,9
2016-02-12-12-45-00,12,7,5
2016-02-12-13-00-00,16,9,7
2016-02-12-13-15-00,17,4,13
2016-02-12-13-30-00,20,12,8
2016-02-12-13-45-00,15,10,5
2016-02-12-14-00-00,19,11,8
2016-02-12-14-15-00,19,12,7
2016-02-12-14-30-00,20,9,11
2016-02-12-14-45-00,21,14,7
2016-02-12-15-00-00,24,16,8
2016-02-12-15-15-00,24,12,12
2016-02-12-15-30-00,27,14,13
2016-02-12-15-45-00,25,19,6
2016-02-12-16-00-00,21,14,7
2016-02-12-16-15-00,33,19,14
2016-02-12-16-30-00,23,17,6
2016-02-12-16-45-00,27,19,8
2016-02-12-17-00-00,30,17,13
2016-02-12-17-15-00,20,17,3
2016-02-12-17-30-00,23,17,6
2016-02-12-17-45-00,16,10,6
2016-02-12-18-00-00,26,13,13
2016-02-12-18-15-00,16,12,4
2016-02-12-18-30-00,12,7,5
2016-02-12-18-45-00,5,3,2
2016-02-12-19-00-00,6,4,2
2016-02-12-19-15-00,7,4,3
2016-02-12-19-30-00,4,2,2
2016-02-12-19-45-00,8,6,2
2016-02-12-20-00-00,3,3,0
2016-02-12-20-15-00,3,1,2
2016-02-12-20-30-00,1,0,1
2016-02-12-20-45-00,1,1,0
2016-02-12-21-00-00,0,0,0
2016-02-12-21-15-00,6,5,1
2016-02-12-21-30-00,4,4,0
2016-02-12-21-45-00,1,0,1
2016-02-12-22-00-00,1,0,1
2016-02-12-22-15-00,0,0,0
2016-02-12-22-30-00,1,1,0
2016-02-12-22-45-00,1,0,1
2016-02-12-23-00-00,1,1,0
2016-02-12-23-15-00,3,2,1
2016-02-12-23-30-00,0,0,0
2016-02-12-23-45-00,1,1,0
2016-02-13-00-00-00,1,0,1
2016-02-13-00-15-00,0,0,0
2016-02-13-00-30-00,1,0,1
2016-02-13-00-45-00,1,1,0
2016-02-13-01-00-00,0,0,0
2016-02-13-01-15-00,0,0,0
2016-02-13-01-30-00,1,0,1
2016-02-13-01-45-00,0,0,0
2016-02-13-02-00-00,0,0,0
2016-02-13-02-15-00,1,0,1
2016-02-13-02-30-00,0,0,0
2016-02-13-02-45-00,1,0,1
2016-02-13-03-00-00,0,0,0
2016-02-13-03-15-00,0,0,0
2016-02-13-03-30-00,0,0,0
2016-02-13-03-45-00,1,0,1
2016-02-13-04-00-00,0,0,0
2016-02-13-04-15-00,0,0,0
2016-02-13-04-30-00,0,0,0
2016-02-13-04-45-00,0,0,0
2016-02-13-05-00-00,0,0,0
2016-02-13-05-15-00,2,2,0
2016-02-13-05-30-00,1,1,0
2016-02-13-05-45-00,0,0,0
2016-02-13-06-00-00,0,0,0
2016-02-13-06-15-00,0,0,0
2016-02-13-06-30-00,1,1,0
2016-02-13-06-45-00,0,0,0
2016-02-13-07-00-00,0,0,0
2016-02-13-07-15-00,1,1,0
2016-02-13-07-30-00,0,0,0
2016-02-13-07-45-00,0,0,0
2016-02-13-08-00-00,0,0,0
2016-02-13-08-15-00,3,0,3
2016-02-13-08-30-00,5,3,2
2016-02-13-08-45-00,6,3,3
2016-02-13-09-00-00,6,4,2
2016-02-13-09-15-00,5,3,2
2016-02-13-09-30-00,6,4,2
2016-02-13-09-45-00,6,4,2
2016-02-13-10-00-00,10,7,3
2016-02-13-10-15-00,9,8,1
2016-02-13-10-30-00,3,2,1
2016-02-13-10-45-00,9,6,3
2016-02-13-11-00-00,15,4,11
2016-02-13-11-15-00,15,8,7
2016-02-13-11-30-00,14,7,7
2016-02-13-11-45-00,17,10,7
2016-02-13-12-00-00,11,5,6
2016-02-13-12-15-00,10,5,5
2016-02-13-12-30-00,18,11,7
2016-02-13-12-45-00,17,7,10
2016-02-13-13-00-00,11,5,6
2016-02-13-13-15-00,17,13,4
2016-02-13-13-30-00,11,5,6
2016-02-13-13-45-00,10,9,1
2016-02-13-14-00-00,4,2,2
2016-02-13-14-15-00,6,2,4
2016-02-13-14-30-00,5,1,4
2016-02-13-14-45-00,9,6,3
2016-02-13-15-00-00,3,1,2
2016-02-13-15-15-00,7,2,5
2016-02-13-15-30-00,6,4,2
2016-02-13-15-45-00,10,6,4
2016-02-13-16-00-00,9,2,7
2016-02-13-16-15-00,3,1,2
2016-02-13-16-30-00,2,2,0
2016-02-13-16-45-00,5,1,4
2016-02-13-17-00-00,1,0,1
2016-02-13-17-15-00,5,3,2
2016-02-13-17-30-00,7,2,5
2016-02-13-17-45-00,2,2,0
2016-02-13-18-00-00,1,1,0
2016-02-13-18-15-00,1,1,0
2016-02-13-18-30-00,6,1,5
2016-02-13-18-45-00,2,1,1
2016-02-13-19-00-00,1,1,0
2016-02-13-19-15-00,3,1,2
2016-02-13-19-30-00,1,0,1
2016-02-13-19-45-00,3,1,2
2016-02-13-20-00-00,1,1,0
2016-02-13-20-15-00,1,1,0
2016-02-13-20-30-00,1,0,1
2016-02-13-20-45-00,1,1,0
2016-02-13-21-00-00,2,2,0
2016-02-13-21-15-00,0,0,0
2016-02-13-21-30-00,1,1,0
2016-02-13-21-45-00,0,0,0
2016-02-13-22-00-00,2,0,2
2016-02-13-22-15-00,4,4,0
2016-02-13-22-30-00,0,0,0
2016-02-13-22-45-00,0,0,0
2016-02-13-23-00-00,0,0,0
2016-02-13-23-15-00,0,0,0
2016-02-13-23-30-00,2,0,2
2016-02-13-23-45-00,0,0,0
2016-02-14-00-00-00,0,0,0
2016-02-14-00-15-00,0,0,0
2016-02-14-00-30-00,0,0,0
2016-02-14-00-45-00,0,0,0
2016-02-14-01-00-00,0,0,0
2016-02-14-01-15-00,0,0,0
2016-02-14-01-30-00,0,0,0
2016-02-14-01-45-00,0,0,0
2016-02-14-02-00-00,3,0,3
2016-02-14-02-15-00,0,0,0
2016-02-14-02-30-00,1,1,0
2016-02-14-02-45-00,0,0,0
2016-02-14-03-00-00,0,0,0
2016-02-14-03-15-00,0,0,0
2016-02-14-03-30-00,0,0,0
2016-02-14-03-45-00,1,0,1
2016-02-14-04-00-00,0,0,0
2016-02-14-04-15-00,0,0,0
2016-02-14-04-30-00,0,0,0
2016-02-14-04-45-00,0,0,0
2016-02-14-05-00-00,0,0,0
2016-02-14-05-15-00,0,0,0
2016-02-14-05-30-00,0,0,0
2016-02-14-05-45-00,0,0,0
2016-02-14-06-00-00,1,1,0
2016-02-14-06-15-00,0,0,0
2016-02-14-06-30-00,0,0,0
2016-02-14-06-45-00,0,0,0
2016-02-14-07-00-00,0,0,0
2016-02-14-07-15-00,2,1,1
2016-02-14-07-30-00,0,0,0
2016-02-14-07-45-00,0,0,0
2016-02-14-08-00-00,3,1,2
2016-02-14-08-15-00,1,1,0
2016-02-14-08-30-00,1,0,1
2016-02-14-08-45-00,4,3,1
2016-02-14-09-00-00,8,6,2
2016-02-14-09-15-00,10,2,8
2016-02-14-09-30-00,3,1,2
2016-02-14-09-45-00,3,1,2
2016-02-14-10-00-00,6,2,4
2016-02-14-10-15-00,8,3,5
2016-02-14-10-30-00,8,4,4
2016-02-14-10-45-00,9,2,7
2016-02-14-11-00-00,7,6,1
2016-02-14-11-15-00,8,6,2
2016-02-14-11-30-00,10,5,5
2016-02-14-11-45-00,13,10,3
2016-02-14-12-00-00,15,3,12
2016-02-14-12-15-00,17,7,10
2016-02-14-12-30-00,26,15,11
2016-02-14-12-45-00,11,5,6
2016-02-14-13-00-00,23,15,8
2016-02-14-13-15-00,16,3,13
2016-02-14-13-30-00,14,10,4
2016-02-14-13-45-00,15,6,9
2016-02-14-14-00-00,17,13,4
2016-02-14-14-15-00,25,16,9
2016-02-14-14-30-00,11,6,5
2016-02-14-14-45-00,7,3,4
2016-02-14-15-00-00,15,8,7
2016-02-14-15-15-00,23,17,6
2016-02-14-15-30-00,16,12,4
2016-02-14-15-45-00,16,10,6
2016-02-14-16-00-00,19,7,12
2016-02-14-16-15-00,23,16,7
2016-02-14-16-30-00,9,3,6
2016-02-14-16-45-00,13,6,7
2016-02-14-17-00-00,11,2,9
2016-02-14-17-15-00,3,1,2
2016-02-14-17-30-00,9,6,3
2016-02-14-17-45-00,11,3,8
2016-02-14-18-00-00,2,1,1
2016-02-14-18-15-00,0,0,0
2016-02-14-18-30-00,4,3,1
2016-02-14-18-45-00,2,2,0
2016-02-14-19-00-00,1,1,0
2016-02-14-19-15-00,3,1,2
2016-02-14-19-30-00,1,0,1
2016-02-14-19-45-00,3,2,1
2016-02-14-20-00-00,2,1,1
2016-02-14-20-15-00,0,0,0
2016-02-14-20-30-00,1,0,1
2016-02-14-20-45-00,1,1,0
2016-02-14-21-00-00,0,0,0
2016-02-14-21-15-00,2,1,1
2016-02-14-21-30-00,0,0,0
2016-02-14-21-45-00,0,0,0
2016-02-14-22-00-00,0,0,0
2016-02-14-22-15-00,1,0,1
2016-02-14-22-30-00,0,0,0
2016-02-14-22-45-00,0,0,0
2016-02-14-23-00-00,0,0,0
2016-02-14-23-15-00,0,0,0
2016-02-14-23-30-00,1,0,1
2016-02-14-23-45-00,0,0,0
2016-02-15-00-00-00,0,0,0
2016-02-15-00-15-00,0,0,0
2016-02-15-00-30-00,0,0,0
2016-02-15-00-45-00,0,0,0
2016-02-15-01-00-00,0,0,0
2016-02-15-01-15-00,0,0,0
2016-02-15-01-30-00,0,0,0
2016-02-15-01-45-00,0,0,0
2016-02-15-02-00-00,0,0,0
2016-02-15-02-15-00,0,0,0
2016-02-15-02-30-00,0,0,0
2016-02-15-02-45-00,0,0,0
2016-02-15-03-00-00,0,0,0
2016-02-15-03-15-00,0,0,0
2016-02-15-03-30-00,0,0,0
2016-02-15-03-45-00,0,0,0
2016-02-15-04-00-00,0,0,0
2016-02-15-04-15-00,1,1,0
2016-02-15-04-30-00,0,0,0
2016-02-15-04-45-00,0,0,0
2016-02-15-05-00-00,0,0,0
2016-02-15-05-15-00,0,0,0
2016-02-15-05-30-00,3,1,2
2016-02-15-05-45-00,0,0,0
2016-02-15-06-00-00,4,0,4
2016-02-15-06-15-00,4,1,3
2016-02-15-06-30-00,1,0,1
2016-02-15-06-45-00,11,4,7
2016-02-15-07-00-00,12,4,8
2016-02-15-07-15-00,11,4,7
2016-02-15-07-30-00,16,6,10
2016-02-15-07-45-00,28,7,21
2016-02-15-08-00-00,17,4,13
2016-02-15-08-15-00,24,3,21
2016-02-15-08-30-00,27,4,23
2016-02-15-08-45-00,15,0,15
2016-02-15-09-00-00,19,2,17
2016-02-15-09-15-00,11,4,7
2016-02-15-09-30-00,4,2,2
2016-02-15-09-45-00,2,1,1
2016-02-15-10-00-00,9,3,6
2016-02-15-10-15-00,2,0,2
2016-02-15-10-30-00,4,1,3
2016-02-15-10-45-00,2,1,1
2016-02-15-11-00-00,1,0,1
2016-02-15-11-15-00,2,1,1
2016-02-15-11-30-00,4,3,1
2016-02-15-11-45-00,6,3,3
2016-02-15-12-00-00,5,2,3
2016-02-15-12-15-00,4,1,3
2016-02-15-12-30-00,3,2,1
2016-02-15-12-45-00,2,1,1
2016-02-15-13-00-00,6,3,3
2016-02-15-13-15-00,5,4,1
2016-02-15-13-30-00,2,0,2
2016-02-15-13-45-00,6,4,2
2016-02-15-14-00-00,2,2,0
2016-02-15-14-15-00,6,3,3
2016-02-15-14-30-00,10,6,4
2016-02-15-14-45-00,3,1,2
2016-02-15-15-00-00,7,5,2
2016-02-15-15-15-00,7,4,3
2016-02-15-15-30-00,5,4,1
2016-02-15-15-45-00,13,9,4
2016-02-15-16-00-00,7,6,1
2016-02-15-16-15-00,21,14,7
2016-02-15-16-30-00,9,8,1
2016-02-15-16-45-00,11,7,4
2016-02-15-17-00-00,19,12,7
2016-02-15-17-15-00,14,12,2
2016-02-15-17-30-00,20,13,7
2016-02-15-17-45-00,16,11,5
2016-02-15-18-00-00,20,14,6
2016-02-15-18-15-00,12,8,4
2016-02-15-18-30-00,10,9,1
2016-02-15-18-45-00,6,5,1
2016-02-15-19-00-00,11,7,4
2016-02-15-19-15-00,8,6,2
2016-02-15-19-30-00,9,7,2
2016-02-15-19-45-00,5,4,1
2016-02-15-20-00-00,10,7,3
2016-02-15-20-15-00,3,2,1
2016-02-15-20-30-00,3,1,2
2016-02-15-20-45-00,2,1,1
2016-02-15-21-00-00,0,0,0
2016-02-15-21-15-00,2,2,0
2016-02-15-21-30-00,2,0,2
2016-02-15-21-45-00,1,1,0
2016-02-15-22-00-00,1,1,0
2016-02-15-22-15-00,2,0,2
2016-02-15-22-30-00,1,1,0
2016-02-15-22-45-00,1,0,1
2016-02-15-23-00-00,1,1,0
2016-02-15-23-15-00,0,0,0
2016-02-15-23-30-00,0,0,0
2016-02-15-23-45-00,1,1,0
2016-02-16-00-00-00,0,0,0
2016-02-16-00-15-00,0,0,0
2016-02-16-00-30-00,0,0,0
2016-02-16-00-45-00,1,0,1
2016-02-16-01-00-00,0,0,0
2016-02-16-01-15-00,0,0,0
2016-02-16-01-30-00,0,0,0
2016-02-16-01-45-00,0,0,0
2016-02-16-02-00-00,0,0,0
2016-02-16-02-15-00,0,0,0
2016-02-16-02-30-00,0,0,0
2016-02-16-02-45-00,1,1,0
2016-02-16-03-00-00,0,0,0
2016-02-16-03-15-00,0,0,0
2016-02-16-03-30-00,0,0,0
2016-02-16-03-45-00,1,0,1
2016-02-16-04-00-00,0,0,0
2016-02-16-04-15-00,0,0,0
2016-02-16-04-30-00,0,0,0
2016-02-16-04-45-00,0,0,0
2016-02-16-05-00-00,0,0,0
2016-02-16-05-15-00,0,0,0
2016-02-16-05-30-00,2,1,1
2016-02-16-05-45-00,1,1,0
2016-02-16-06-00-00,2,0,2
2016-02-16-06-15-00,6,4,2
2016-02-16-06-30-00,2,1,1
2016-02-16-06-45-00,11,5,6
2016-02-16-07-00-00,11,3,8
2016-02-16-07-15-00,20,6,14
2016-02-16-07-30-00,23,8,15
2016-02-16-07-45-00,36,12,24
2016-02-16-08-00-00,30,2,28
2016-02-16-08-15-00,42,7,35
2016-02-16-08-30-00,34,6,28
2016-02-16-08-45-00,23,2,21
2016-02-16-09-00-00,18,4,14
2016-02-16-09-15-00,22,7,15
2016-02-16-09-30-00,9,3,6
2016-02-16-09-45-00,6,2,4
2016-02-16-10-00-00,8,3,5
2016-02-16-10-15-00,11,4,7
2016-02-16-10-30-00,11,7,4
2016-02-16-10-45-00,8,5,3
2016-02-16-11-00-00,8,5,3
2016-02-16-11-15-00,16,7,9
2016-02-16-11-30-00,6,4,2
2016-02-16-11-45-00,9,7,2
2016-02-16-12-00-00,11,7,4
2016-02-16-12-15-00,17,6,11
2016-02-16-12-30-00,24,12,12
2016-02-16-12-45-00,19,13,6
2016-02-16-13-00-00,23,13,10
2016-02-16-13-15-00,17,8,9
2016-02-16-13-30-00,15,6,9
2016-02-16-13-45-00,23,11,12
2016-02-16-14-00-00,28,9,19
2016-02-16-14-15-00,30,15,15
2016-02-16-14-30-00,29,13,16
2016-02-16-14-45-00,26,16,10
2016-02-16-15-00-00,27,20,7
2016-02-16-15-15-00,33,18,15
2016-02-16-15-30-00,21,14,7
2016-02-16-15-45-00,33,20,13
2016-02-16-16-00-00,32,25,7
2016-02-16-16-15-00,42,29,13
2016-02-16-16-30-00,43,29,14
2016-02-16-16-45-00,44,30,14
2016-02-16-17-00-00,49,27,22
2016-02-16-17-15-00,42,26,16
2016-02-16-17-30-00,40,29,11
2016-02-16-17-45-00,33,27,6
2016-02-16-18-00-00,26,20,6
2016-02-16-18-15-00,19,12,7
2016-02-16-18-30-00,22,19,3
2016-02-16-18-45-00,15,8,7
2016-02-16-19-00-00,17,8,9
2016-02-16-19-15-00,12,11,1
2016-02-16-19-30-00,7,6,1
2016-02-16-19-45-00,4,2,2
2016-02-16-20-00-00,9,5,4
2016-02-16-20-15-00,10,8,2
2016-02-16-20-30-00,4,4,0
2016-02-16-20-45-00,3,1,2
2016-02-16-21-00-00,3,3,0
2016-02-16-21-15-00,4,2,2
2016-02-16-21-30-00,3,1,2
2016-02-16-21-45-00,2,1,1
2016-02-16-22-00-00,2,1,1
2016-02-16-22-15-00,1,0,1
2016-02-16-22-30-00,2,1,1
2016-02-16-22-45-00,1,0,1
2016-02-16-23-00-00,0,0,0
2016-02-16-23-15-00,0,0,0
2016-02-16-23-30-00,0,0,0
2016-02-16-23-45-00,1,1,0
2016-02-17-00-00-00,0,0,0
2016-02-17-00-15-00,0,0,0
2016-02-17-00-30-00,0,0,0
2016-02-17-00-45-00,0,0,0
2016-02-17-01-00-00,0,0,0
2016-02-17-01-15-00,0,0,0
2016-02-17-01-30-00,0,0,0
2016-02-17-01-45-00,1,0,1
2016-02-17-02-00-00,0,0,0
2016-02-17-02-15-00,0,0,0
2016-02-17-02-30-00,0,0,0
2016-02-17-02-45-00,0,0,0
2016-02-17-03-00-00,0,0,0
2016-02-17-03-15-00,0,0,0
2016-02-17-03-30-00,0,0,0
2016-02-17-03-45-00,0,0,0
2016-02-17-04-00-00,0,0,0
2016-02-17-04-15-00,0,0,0
2016-02-17-04-30-00,0,0,0
2016-02-17-04-45-00,0,0,0
2016-02-17-05-00-00,0,0,0
2016-02-17-05-15-00,0,0,0
2016-02-17-05-30-00,0,0,0
2016-02-17-05-45-00,1,0,1
2016-02-17-06-00-00,2,1,1
2016-02-17-06-15-00,3,0,3
2016-02-17-06-30-00,7,4,3
2016-02-17-06-45-00,11,5,6
2016-02-17-07-00-00,14,5,9
2016-02-17-07-15-00,26,9,17
2016-02-17-07-30-00,25,14,11
2016-02-17-07-45-00,35,10,25
2016-02-17-08-00-00,33,3,30
2016-02-17-08-15-00,26,2,24
2016-02-17-08-30-00,34,6,28
2016-02-17-08-45-00,29,4,25
2016-02-17-09-00-00,28,7,21
2016-02-17-09-15-00,12,3,9
2016-02-17-09-30-00,14,6,8
2016-02-17-09-45-00,10,6,4
2016-02-17-10-00-00,9,7,2
2016-02-17-10-15-00,6,5,1
2016-02-17-10-30-00,7,2,5
2016-02-17-10-45-00,7,0,7
2016-02-17-11-00-00,19,9,10
2016-02-17-11-15-00,15,9,6
2016-02-17-11-30-00,10,3,7
2016-02-17-11-45-00,11,3,8
2016-02-17-12-00-00,16,7,9
2016-02-17-12-15-00,16,7,9
2016-02-17-12-30-00,30,12,18
2016-02-17-12-45-00,14,6,8
2016-02-17-13-00-00,17,9,8
2016-02-17-13-15-00,24,11,13
2016-02-17-13-30-00,19,10,9
2016-02-17-13-45-00,20,10,10
2016-02-17-14-00-00,21,11,10
2016-02-17-14-15-00,21,10,11
2016-02-17-14-30-00,22,10,12
2016-02-17-14-45-00,33,19,14
2016-02-17-15-00-00,20,9,11
2016-02-17-15-15-00,28,22,6
2016-02-17-15-30-00,24,16,8
2016-02-17-15-45-00,32,24,8
2016-02-17-16-00-00,23,12,11
2016-02-17-16-15-00,34,22,12
2016-02-17-16-30-00,34,25,9
2016-02-17-16-45-00,25,14,11
2016-02-17-17-00-00,34,20,14
2016-02-17-17-15-00,29,23,6
2016-02-17-17-30-00,28,25,3
2016-02-17-17-45-00,30,21,9
2016-02-17-18-00-00,25,17,8
2016-02-17-18-15-00,15,10,5
2016-02-17-18-30-00,14,10,4
2016-02-17-18-45-00,22,18,4
2016-02-17-19-00-00,14,10,4
2016-02-17-19-15-00,18,16,2
2016-02-17-19-30-00,5,4,1
2016-02-17-19-45-00,6,4,2
2016-02-17-20-00-00,8,4,4
2016-02-17-20-15-00,3,3,0
2016-02-17-20-30-00,2,1,1
2016-02-17-20-45-00,5,4,1
2016-02-17-21-00-00,4,3,1
2016-02-17-21-15-00,9,3,6
2016-02-17-21-30-00,1,0,1
2016-02-17-21-45-00,2,0,2
2016-02-17-22-00-00,5,5,0
2016-02-17-22-15-00,1,1,0
2016-02-17-22-30-00,2,1,1
2016-02-17-22-45-00,2,2,0
2016-02-17-23-00-00,2,1,1
2016-02-17-23-15-00,1,1,0
2016-02-17-23-30-00,0,0,0
2016-02-17-23-45-00,1,1,0
2016-02-18-00-00-00,0,0,0
2016-02-18-00-15-00,0,0,0
2016-02-18-00-30-00,0,0,0
2016-02-18-00-45-00,0,0,0
2016-02-18-01-00-00,0,0,0
2016-02-18-01-15-00,0,0,0
2016-02-18-01-30-00,1,0,1
2016-02-18-01-45-00,0,0,0
2016-02-18-02-00-00,0,0,0
2016-02-18-02-15-00,0,0,0
2016-02-18-02-30-00,0,0,0
2016-02-18-02-45-00,0,0,0
2016-02-18-03-00-00,0,0,0
2016-02-18-03-15-00,0,0,0
2016-02-18-03-30-00,0,0,0
2016-02-18-03-45-00,0,0,0
2016-02-18-04-00-00,0,0,0
2016-02-18-04-15-00,0,0,0
2016-02-18-04-30-00,0,0,0
2016-02-18-04-45-00,0,0,0
2016-02-18-05-00-00,0,0,0
2016-02-18-05-15-00,0,0,0
2016-02-18-05-30-00,1,0,1
2016-02-18-05-45-00,0,0,0
2016-02-18-06-00-00,1,0,1
2016-02-18-06-15-00,4,1,3
2016-02-18-06-30-00,6,3,3
2016-02-18-06-45-00,14,5,9
2016-02-18-07-00-00,8,2,6
2016-02-18-07-15-00,15,7,8
2016-02-18-07-30-00,29,12,17
2016-02-18-07-45-00,27,5,22
2016-02-18-08-00-00,26,6,20
2016-02-18-08-15-00,33,8,25
2016-02-18-08-30-00,44,5,39
2016-02-18-08-45-00,28,3,25
2016-02-18-09-00-00,23,6,17
2016-02-18-09-15-00,15,2,13
2016-02-18-09-30-00,5,3,2
2016-02-18-09-45-00,7,5,2
2016-02-18-10-00-00,8,5,3
2016-02-18-10-15-00,8,3,5
2016-02-18-10-30-00,10,5,5
2016-02-18-10-45-00,6,3,3
2016-02-18-11-00-00,10,7,3
2016-02-18-11-15-00,10,3,7
2016-02-18-11-30-00,14,8,6
2016-02-18-11-45-00,19,11,8
2016-02-18-12-00-00,7,5,2
2016-02-18-12-15-00,8,4,4
2016-02-18-12-30-00,14,9,5
2016-02-18-12-45-00,10,1,9
2016-02-18-13-00-00,11,4,7
2016-02-18-13-15-00,6,4,2
2016-02-18-13-30-00,9,4,5
2016-02-18-13-45-00,13,6,7
2016-02-18-14-00-00,18,8,10
2016-02-18-14-15-00,8,4,4
2016-02-18-14-30-00,19,12,7
2016-02-18-14-45-00,14,7,7
2016-02-18-15-00-00,9,3,6
2016-02-18-15-15-00,19,11,8
2016-02-18-15-30-00,16,10,6
2016-02-18-15-45-00,20,13,7
2016-02-18-16-00-00,23,15,8
2016-02-18-16-15-00,31,25,6
2016-02-18-16-30-00,28,21,7
2016-02-18-16-45-00,33,19,14
2016-02-18-17-00-00,30,19,11
2016-02-18-17-15-00,29,22,7
2016-02-18-17-30-00,26,19,7
2016-02-18-17-45-00,33,22,11
2016-02-18-18-00-00,28,17,11
2016-02-18-18-15-00,25,21,4
2016-02-18-18-30-00,12,10,2
2016-02-18-18-45-00,11,6,5
2016-02-18-19-00-00,7,7,0
2016-02-18-19-15-00,12,9,3
2016-02-18-19-30-00,7,2,5
2016-02-18-19-45-00,2,2,0
2016-02-18-20-00-00,8,6,2
2016-02-18-20-15-00,5,5,0
2016-02-18-20-30-00,3,2,1
2016-02-18-20-45-00,2,1,1
2016-02-18-21-00-00,1,0,1
2016-02-18-21-15-00,1,0,1
2016-02-18-21-30-00,2,2,0
2016-02-18-21-45-00,7,2,5
2016-02-18-22-00-00,2,2,0
2016-02-18-22-15-00,2,0,2
2016-02-18-22-30-00,5,3,2
2016-02-18-22-45-00,1,0,1
2016-02-18-23-00-00,1,1,0
2016-02-18-23-15-00,0,0,0
2016-02-18-23-30-00,0,0,0
2016-02-18-23-45-00,0,0,0
2016-02-19-00-00-00,0,0,0
2016-02-19-00-15-00,0,0,0
2016-02-19-00-30-00,0,0,0
2016-02-19-00-45-00,0,0,0
2016-02-19-01-00-00,1,1,0
2016-02-19-01-15-00,0,0,0
2016-02-19-01-30-00,0,0,0
2016-02-19-01-45-00,0,0,0
2016-02-19-02-00-00,0,0,0
2016-02-19-02-15-00,1,0,1
2016-02-19-02-30-00,0,0,0
2016-02-19-02-45-00,0,0,0
2016-02-19-03-00-00,0,0,0
2016-02-19-03-15-00,0,0,0
2016-02-19-03-30-00,0,0,0
2016-02-19-03-45-00,0,0,0
2016-02-19-04-00-00,0,0,0
2016-02-19-04-15-00,0,0,0
2016-02-19-04-30-00,0,0,0
2016-02-19-04-45-00,0,0,0
2016-02-19-05-00-00,0,0,0
2016-02-19-05-15-00,0,0,0
2016-02-19-05-30-00,1,1,0
2016-02-19-05-45-00,3,2,1
2016-02-19-06-00-00,3,2,1
2016-02-19-06-15-00,4,2,2
2016-02-19-06-30-00,3,0,3
2016-02-19-06-45-00,10,4,6
2016-02-19-07-00-00,11,5,6
2016-02-19-07-15-00,16,5,11
2016-02-19-07-30-00,19,9,10
2016-02-19-07-45-00,24,7,17
2016-02-19-08-00-00,25,4,21
2016-02-19-08-15-00,27,6,21
2016-02-19-08-30-00,27,5,22
2016-02-19-08-45-00,28,6,22
2016-02-19-09-00-00,17,3,14
2016-02-19-09-15-00,5,2,3
2016-02-19-09-30-00,6,2,4
2016-02-19-09-45-00,5,0,5
2016-02-19-10-00-00,5,2,3
2016-02-19-10-15-00,3,3,0
2016-02-19-10-30-00,1,1,0
2016-02-19-10-45-00,1,1,0
2016-02-19-11-00-00,2,0,2
2016-02-19-11-15-00,1,1,0
2016-02-19-11-30-00,2,0,2
2016-02-19-11-45-00,4,1,3
2016-02-19-12-00-00,6,4,2
2016-02-19-12-15-00,4,3,1
2016-02-19-12-30-00,2,2,0
2016-02-19-12-45-00,3,2,1
2016-02-19-13-00-00,4,2,2
2016-02-19-13-15-00,4,3,1
2016-02-19-13-30-00,10,5,5
2016-02-19-13-45-00,10,8,2
2016-02-19-14-00-00,9,4,5
2016-02-19-14-15-00,11,8,3
2016-02-19-14-30-00,12,8,4
2016-02-19-14-45-00,8,7,1
2016-02-19-15-00-00,11,8,3
2016-02-19-15-15-00,16,13,3
2016-02-19-15-30-00,23,16,7
2016-02-19-15-45-00,17,10,7
2016-02-19-16-00-00,24,15,9
2016-02-19-16-15-00,20,13,7
2016-02-19-16-30-00,26,17,9
2016-02-19-16-45-00,38,26,12
2016-02-19-17-00-00,34,21,13
2016-02-19-17-15-00,36,26,10
2016-02-19-17-30-00,12,3,9
2016-02-19-17-45-00,14,9,5
2016-02-19-18-00-00,21,17,4
2016-02-19-18-15-00,17,9,8
2016-02-19-18-30-00,16,9,7
2016-02-19-18-45-00,8,7,1
2016-02-19-19-00-00,8,4,4
2016-02-19-19-15-00,3,3,0
2016-02-19-19-30-00,0,0,0
2016-02-19-19-45-00,3,3,0
2016-02-19-20-00-00,4,2,2
2016-02-19-20-15-00,3,2,1
2016-02-19-20-30-00,6,3,3
2016-02-19-20-45-00,2,0,2
2016-02-19-21-00-00,0,0,0
2016-02-19-21-15-00,0,0,0
2016-02-19-21-30-00,1,0,1
2016-02-19-21-45-00,0,0,0
2016-02-19-22-00-00,0,0,0
2016-02-19-22-15-00,0,0,0
2016-02-19-22-30-00,1,1,0
2016-02-19-22-45-00,2,0,2
2016-02-19-23-00-00,0,0,0
2016-02-19-23-15-00,1,0,1
2016-02-19-23-30-00,0,0,0
2016-02-19-23-45-00,0,0,0
2016-02-20-00-00-00,0,0,0
2016-02-20-00-15-00,0,0,0
2016-02-20-00-30-00,0,0,0
2016-02-20-00-45-00,0,0,0
2016-02-20-01-00-00,0,0,0
2016-02-20-01-15-00,0,0,0
2016-02-20-01-30-00,0,0,0
2016-02-20-01-45-00,0,0,0
2016-02-20-02-00-00,0,0,0
2016-02-20-02-15-00,0,0,0
2016-02-20-02-30-00,1,0,1
2016-02-20-02-45-00,0,0,0
2016-02-20-03-00-00,0,0,0
2016-02-20-03-15-00,0,0,0
2016-02-20-03-30-00,0,0,0
2016-02-20-03-45-00,0,0,0
2016-02-20-04-00-00,0,0,0
2016-02-20-04-15-00,0,0,0
2016-02-20-04-30-00,0,0,0
2016-02-20-04-45-00,0,0,0
2016-02-20-05-00-00,0,0,0
2016-02-20-05-15-00,0,0,0
2016-02-20-05-30-00,1,0,1
2016-02-20-05-45-00,1,1,0
2016-02-20-06-00-00,0,0,0
2016-02-20-06-15-00,0,0,0
2016-02-20-06-30-00,0,0,0
2016-02-20-06-45-00,0,0,0
2016-02-20-07-00-00,1,0,1
2016-02-20-07-15-00,0,0,0
2016-02-20-07-30-00,1,1,0
2016-02-20-07-45-00,0,0,0
2016-02-20-08-00-00,1,0,1
2016-02-20-08-15-00,5,3,2
2016-02-20-08-30-00,1,0,1
2016-02-20-08-45-00,1,1,0
2016-02-20-09-00-00,3,1,2
2016-02-20-09-15-00,3,2,1
2016-02-20-09-30-00,3,1,2
2016-02-20-09-45-00,4,4,0
2016-02-20-10-00-00,7,3,4
2016-02-20-10-15-00,6,5,1
2016-02-20-10-30-00,2,1,1
2016-02-20-10-45-00,9,5,4
2016-02-20-11-00-00,4,4,0
2016-02-20-11-15-00,9,8,1
2016-02-20-11-30-00,7,4,3
2016-02-20-11-45-00,4,1,3
2016-02-20-12-00-00,5,1,4
2016-02-20-12-15-00,6,2,4
2016-02-20-12-30-00,9,4,5
2016-02-20-12-45-00,5,3,2
2016-02-20-13-00-00,13,9,4
2016-02-20-13-15-00,8,3,5
2016-02-20-13-30-00,9,3,6
2016-02-20-13-45-00,11,3,8
2016-02-20-14-00-00,8,4,4
2016-02-20-14-15-00,11,7,4
2016-02-20-14-30-00,11,8,3
2016-02-20-14-45-00,17,10,7
2016-02-20-15-00-00,15,8,7
2016-02-20-15-15-00,16,12,4
2016-02-20-15-30-00,7,1,6
2016-02-20-15-45-00,7,3,4
2016-02-20-16-00-00,8,3,5
2016-02-20-16-15-00,11,7,4
2016-02-20-16-30-00,8,6,2
2016-02-20-16-45-00,4,4,0
2016-02-20-17-00-00,2,1,1
2016-02-20-17-15-00,10,8,2
2016-02-20-17-30-00,5,2,3
2016-02-20-17-45-00,4,1,3
2016-02-20-18-00-00,1,0,1
2016-02-20-18-15-00,1,0,1
2016-02-20-18-30-00,0,0,0
2016-02-20-18-45-00,0,0,0
2016-02-20-19-00-00,2,0,2
2016-02-20-19-15-00,3,2,1
2016-02-20-19-30-00,1,1,0
2016-02-20-19-45-00,2,1,1
2016-02-20-20-00-00,0,0,0
2016-02-20-20-15-00,2,2,0
2016-02-20-20-30-00,0,0,0
2016-02-20-20-45-00,0,0,0
2016-02-20-21-00-00,1,0,1
2016-02-20-21-15-00,0,0,0
2016-02-20-21-30-00,0,0,0
2016-02-20-21-45-00,0,0,0
2016-02-20-22-00-00,0,0,0
2016-02-20-22-15-00,1,0,1
2016-02-20-22-30-00,0,0,0
2016-02-20-22-45-00,0,0,0
2016-02-20-23-00-00,0,0,0
2016-02-20-23-15-00,1,1,0
2016-02-20-23-30-00,0,0,0
2016-02-20-23-45-00,0,0,0
2016-02-21-00-00-00,0,0,0
2016-02-21-00-15-00,0,0,0
2016-02-21-00-30-00,0,0,0
2016-02-21-00-45-00,0,0,0
2016-02-21-01-00-00,1,1,0
2016-02-21-01-15-00,0,0,0
2016-02-21-01-30-00,0,0,0
2016-02-21-01-45-00,2,1,1
2016-02-21-02-00-00,0,0,0
2016-02-21-02-15-00,0,0,0
2016-02-21-02-30-00,0,0,0
2016-02-21-02-45-00,0,0,0
2016-02-21-03-00-00,1,0,1
2016-02-21-03-15-00,0,0,0
2016-02-21-03-30-00,0,0,0
2016-02-21-03-45-00,1,0,1
2016-02-21-04-00-00,0,0,0
2016-02-21-04-15-00,0,0,0
2016-02-21-04-30-00,0,0,0
2016-02-21-04-45-00,0,0,0
2016-02-21-05-00-00,0,0,0
2016-02-21-05-15-00,1,0,1
2016-02-21-05-30-00,1,0,1
2016-02-21-05-45-00,0,0,0
2016-02-21-06-00-00,0,0,0
2016-02-21-06-15-00,0,0,0
2016-02-21-06-30-00,0,0,0
2016-02-21-06-45-00,0,0,0
2016-02-21-07-00-00,2,1,1
2016-02-21-07-15-00,0,0,0
2016-02-21-07-30-00,0,0,0
2016-02-21-07-45-00,0,0,0
2016-02-21-08-00-00,0,0,0
2016-02-21-08-15-00,3,3,0
2016-02-21-08-30-00,2,2,0
2016-02-21-08-45-00,3,3,0
2016-02-21-09-00-00,5,2,3
2016-02-21-09-15-00,11,4,7
2016-02-21-09-30-00,8,2,6
2016-02-21-09-45-00,11,8,3
2016-02-21-10-00-00,6,1,5
2016-02-21-10-15-00,11,3,8
2016-02-21-10-30-00,9,6,3
2016-02-21-10-45-00,15,8,7
2016-02-21-11-00-00,20,6,14
2016-02-21-11-15-00,14,8,6
2016-02-21-11-30-00,23,16,7
2016-02-21-11-45-00,18,8,10
2016-02-21-12-00-00,9,7,2
2016-02-21-12-15-00,25,18,7
2016-02-21-12-30-00,22,16,6
2016-02-21-12-45-00,9,4,5
2016-02-21-13-00-00,24,12,12
2016-02-21-13-15-00,24,11,13
2016-02-21-13-30-00,16,9,7
2016-02-21-13-45-00,27,16,11
2016-02-21-14-00-00,14,11,3
2016-02-21-14-15-00,17,9,8
2016-02-21-14-30-00,27,18,9
2016-02-21-14-45-00,17,9,8
2016-02-21-15-00-00,32,14,18
2016-02-21-15-15-00,27,16,11
2016-02-21-15-30-00,29,20,9
2016-02-21-15-45-00,23,12,11
2016-02-21-16-00-00,31,24,7
2016-02-21-16-15-00,18,9,9
2016-02-21-16-30-00,20,11,9
2016-02-21-16-45-00,24,16,8
2016-02-21-17-00-00,16,10,6
2016-02-21-17-15-00,20,14,6
2016-02-21-17-30-00,27,21,6
2016-02-21-17-45-00,25,15,10
2016-02-21-18-00-00,20,12,8
2016-02-21-18-15-00,9,5,4
2016-02-21-18-30-00,8,6,2
2016-02-21-18-45-00,5,2,3
2016-02-21-19-00-00,3,1,2
2016-02-21-19-15-00,4,0,4
2016-02-21-19-30-00,2,1,1
2016-02-21-19-45-00,3,1,2
2016-02-21-20-00-00,3,2,1
2016-02-21-20-15-00,1,0,1
2016-02-21-20-30-00,5,4,1
2016-02-21-20-45-00,1,0,1
2016-02-21-21-00-00,1,0,1
2016-02-21-21-15-00,1,0,1
2016-02-21-21-30-00,0,0,0
2016-02-21-21-45-00,2,2,0
2016-02-21-22-00-00,3,3,0
2016-02-21-22-15-00,0,0,0
2016-02-21-22-30-00,0,0,0
2016-02-21-22-45-00,1,0,1
2016-02-21-23-00-00,0,0,0
2016-02-21-23-15-00,0,0,0
2016-02-21-23-30-00,0,0,0
2016-02-21-23-45-00,0,0,0
2016-02-22-00-00-00,0,0,0
2016-02-22-00-15-00,0,0,0
2016-02-22-00-30-00,0,0,0
2016-02-22-00-45-00,0,0,0
2016-02-22-01-00-00,0,0,0
2016-02-22-01-15-00,0,0,0
2016-02-22-01-30-00,0,0,0
2016-02-22-01-45-00,1,0,1
2016-02-22-02-00-00,0,0,0
2016-02-22-02-15-00,0,0,0
2016-02-22-02-30-00,0,0,0
2016-02-22-02-45-00,0,0,0
2016-02-22-03-00-00,0,0,0
2016-02-22-03-15-00,2,2,0
2016-02-22-03-30-00,0,0,0
2016-02-22-03-45-00,0,0,0
2016-02-22-04-00-00,0,0,0
2016-02-22-04-15-00,0,0,0
2016-02-22-04-30-00,0,0,0
2016-02-22-04-45-00,1,1,0
2016-02-22-05-00-00,1,1,0
2016-02-22-05-15-00,0,0,0
2016-02-22-05-30-00,1,0,1
2016-02-22-05-45-00,4,2,2
2016-02-22-06-00-00,5,1,4
2016-02-22-06-15-00,1,1,0
2016-02-22-06-30-00,5,2,3
2016-02-22-06-45-00,9,5,4
2016-02-22-07-00-00,6,3,3
2016-02-22-07-15-00,15,5,10
2016-02-22-07-30-00,22,9,13
2016-02-22-07-45-00,43,13,30
2016-02-22-08-00-00,31,8,23
2016-02-22-08-15-00,26,5,21
2016-02-22-08-30-00,32,7,25
2016-02-22-08-45-00,29,4,25
2016-02-22-09-00-00,20,8,12
2016-02-22-09-15-00,13,6,7
2016-02-22-09-30-00,13,5,8
2016-02-22-09-45-00,9,7,2
2016-02-22-10-00-00,3,1,2
2016-02-22-10-15-00,10,0,10
2016-02-22-10-30-00,3,1,2
2016-02-22-10-45-00,6,2,4
2016-02-22-11-00-00,11,6,5
2016-02-22-11-15-00,5,4,1
2016-02-22-11-30-00,16,7,9
2016-02-22-11-45-00,15,9,6
2016-02-22-12-00-00,8,5,3
2016-02-22-12-15-00,7,3,4
2016-02-22-12-30-00,8,1,7
2016-02-22-12-45-00,10,3,7
2016-02-22-13-00-00,0,0,0
2016-02-22-13-15-00,10,5,5
2016-02-22-13-30-00,2,1,1
2016-02-22-13-45-00,13,8,5
2016-02-22-14-00-00,7,3,4
2016-02-22-14-15-00,11,5,6
2016-02-22-14-30-00,7,2,5
2016-02-22-14-45-00,13,8,5
2016-02-22-15-00-00,8,2,6
2016-02-22-15-15-00,15,6,9
2016-02-22-15-30-00,10,8,2
2016-02-22-15-45-00,14,9,5
2016-02-22-16-00-00,12,10,2
2016-02-22-16-15-00,13,12,1
2016-02-22-16-30-00,9,3,6
2016-02-22-16-45-00,25,20,5
2016-02-22-17-00-00,27,18,9
2016-02-22-17-15-00,19,15,4
2016-02-22-17-30-00,28,21,7
2016-02-22-17-45-00,7,5,2
2016-02-22-18-00-00,16,11,5
2016-02-22-18-15-00,14,12,2
2016-02-22-18-30-00,16,11,5
2016-02-22-18-45-00,13,12,1
2016-02-22-19-00-00,11,10,1
2016-02-22-19-15-00,5,4,1
2016-02-22-19-30-00,3,3,0
2016-02-22-19-45-00,2,1,1
2016-02-22-20-00-00,3,2,1
2016-02-22-20-15-00,2,1,1
2016-02-22-20-30-00,1,0,1
2016-02-22-20-45-00,1,1,0
2016-02-22-21-00-00,0,0,0
2016-02-22-21-15-00,0,0,0
2016-02-22-21-30-00,1,0,1
2016-02-22-21-45-00,1,0,1
2016-02-22-22-00-00,0,0,0
2016-02-22-22-15-00,0,0,0
2016-02-22-22-30-00,1,1,0
2016-02-22-22-45-00,0,0,0
2016-02-22-23-00-00,0,0,0
2016-02-22-23-15-00,0,0,0
2016-02-22-23-30-00,0,0,0
2016-02-22-23-45-00,1,1,0
2016-02-23-00-00-00,0,0,0
2016-02-23-00-15-00,0,0,0
2016-02-23-00-30-00,0,0,0
2016-02-23-00-45-00,1,0,1
2016-02-23-01-00-00,0,0,0
2016-02-23-01-15-00,0,0,0
2016-02-23-01-30-00,0,0,0
2016-02-23-01-45-00,0,0,0
2016-02-23-02-00-00,0,0,0
2016-02-23-02-15-00,0,0,0
2016-02-23-02-30-00,0,0,0
2016-02-23-02-45-00,0,0,0
2016-02-23-03-00-00,0,0,0
2016-02-23-03-15-00,0,0,0
2016-02-23-03-30-00,0,0,0
2016-02-23-03-45-00,1,1,0
2016-02-23-04-00-00,0,0,0
2016-02-23-04-15-00,0,0,0
2016-02-23-04-30-00,1,0,1
2016-02-23-04-45-00,1,1,0
2016-02-23-05-00-00,0,0,0
2016-02-23-05-15-00,0,0,0
2016-02-23-05-30-00,2,0,2
2016-02-23-05-45-00,1,0,1
2016-02-23-06-00-00,3,1,2
2016-02-23-06-15-00,3,0,3
2016-02-23-06-30-00,5,1,4
2016-02-23-06-45-00,7,3,4
2016-02-23-07-00-00,6,1,5
2016-02-23-07-15-00,15,7,8
2016-02-23-07-30-00,28,7,21
2016-02-23-07-45-00,28,4,24
2016-02-23-08-00-00,24,6,18
2016-02-23-08-15-00,24,7,17
2016-02-23-08-30-00,19,3,16
2016-02-23-08-45-00,27,2,25
2016-02-23-09-00-00,12,2,10
2016-02-23-09-15-00,7,2,5
2016-02-23-09-30-00,8,2,6
2016-02-23-09-45-00,3,2,1
2016-02-23-10-00-00,5,1,4
2016-02-23-10-15-00,1,0,1
2016-02-23-10-30-00,7,3,4
2016-02-23-10-45-00,3,2,1
2016-02-23-11-00-00,5,4,1
2016-02-23-11-15-00,9,2,7
2016-02-23-11-30-00,6,2,4
2016-02-23-11-45-00,4,1,3
2016-02-23-12-00-00,9,6,3
2016-02-23-12-15-00,3,0,3
2016-02-23-12-30-00,5,1,4
2016-02-23-12-45-00,6,4,2
2016-02-23-13-00-00,14,5,9
2016-02-23-13-15-00,19,9,10
2016-02-23-13-30-00,10,8,2
2016-02-23-13-45-00,2,2,0
2016-02-23-14-00-00,7,6,1
2016-02-23-14-15-00,7,5,2
2016-02-23-14-30-00,10,4,6
2016-02-23-14-45-00,13,7,6
2016-02-23-15-00-00,10,6,4
2016-02-23-15-15-00,17,13,4
2016-02-23-15-30-00,10,5,5
2016-02-23-15-45-00,10,9,1
2016-02-23-16-00-00,13,8,5
2016-02-23-16-15-00,11,8,3
2016-02-23-16-30-00,9,8,1
2016-02-23-16-45-00,21,16,5
2016-02-23-17-00-00,22,17,5
2016-02-23-17-15-00,26,23,3
2016-02-23-17-30-00,24,15,9
2016-02-23-17-45-00,26,19,7
2016-02-23-18-00-00,15,11,4
2016-02-23-18-15-00,17,12,5
2016-02-23-18-30-00,15,12,3
2016-02-23-18-45-00,12,7,5
2016-02-23-19-00-00,19,15,4
2016-02-23-19-15-00,11,9,2
2016-02-23-19-30-00,5,4,1
2016-02-23-19-45-00,4,4,0
2016-02-23-20-00-00,6,5,1
2016-02-23-20-15-00,4,3,1
2016-02-23-20-30-00,3,2,1
2016-02-23-20-45-00,5,4,1
2016-02-23-21-00-00,5,5,0
2016-02-23-21-15-00,5,3,2
2016-02-23-21-30-00,3,1,2
2016-02-23-21-45-00,1,0,1
2016-02-23-22-00-00,1,0,1
2016-02-23-22-15-00,0,0,0
2016-02-23-22-30-00,1,0,1
2016-02-23-22-45-00,1,0,1
2016-02-23-23-00-00,1,1,0
2016-02-23-23-15-00,1,0,1
2016-02-23-23-30-00,0,0,0
2016-02-23-23-45-00,0,0,0
2016-02-24-00-00-00,0,0,0
2016-02-24-00-15-00,0,0,0
2016-02-24-00-30-00,0,0,0
2016-02-24-00-45-00,0,0,0
2016-02-24-01-00-00,0,0,0
2016-02-24-01-15-00,0,0,0
2016-02-24-01-30-00,1,1,0
2016-02-24-01-45-00,0,0,0
2016-02-24-02-00-00,0,0,0
2016-02-24-02-15-00,0,0,0
2016-02-24-02-30-00,1,0,1
2016-02-24-02-45-00,0,0,0
2016-02-24-03-00-00,0,0,0
2016-02-24-03-15-00,0,0,0
2016-02-24-03-30-00,0,0,0
2016-02-24-03-45-00,0,0,0
2016-02-24-04-00-00,0,0,0
2016-02-24-04-15-00,0,0,0
2016-02-24-04-30-00,0,0,0
2016-02-24-04-45-00,0,0,0
2016-02-24-05-00-00,0,0,0
2016-02-24-05-15-00,0,0,0
2016-02-24-05-30-00,0,0,0
2016-02-24-05-45-00,3,1,2
2016-02-24-06-00-00,5,3,2
2016-02-24-06-15-00,9,1,8
2016-02-24-06-30-00,10,5,5
2016-02-24-06-45-00,11,6,5
2016-02-24-07-00-00,27,13,14
2016-02-24-07-15-00,19,9,10
2016-02-24-07-30-00,23,7,16
2016-02-24-07-45-00,36,6,30
2016-02-24-08-00-00,26,8,18
2016-02-24-08-15-00,33,7,26
2016-02-24-08-30-00,36,11,25
2016-02-24-08-45-00,24,1,23
2016-02-24-09-00-00,29,8,21
2016-02-24-09-15-00,15,3,12
2016-02-24-09-30-00,6,3,3
2016-02-24-09-45-00,10,3,7
2016-02-24-10-00-00,16,5,11
2016-02-24-10-15-00,9,5,4
2016-02-24-10-30-00,7,4,3
2016-02-24-10-45-00,3,1,2
2016-02-24-11-00-00,10,5,5
2016-02-24-11-15-00,14,5,9
2016-02-24-11-30-00,16,5,11
2016-02-24-11-45-00,11,4,7
2016-02-24-12-00-00,13,6,7
2016-02-24-12-15-00,13,5,8
2016-02-24-12-30-00,13,4,9
2016-02-24-12-45-00,14,7,7
2016-02-24-13-00-00,16,13,3
2016-02-24-13-15-00,13,5,8
2016-02-24-13-30-00,13,11,2
2016-02-24-13-45-00,10,7,3
2016-02-24-14-00-00,12,7,5
2016-02-24-14-15-00,8,6,2
2016-02-24-14-30-00,17,11,6
2016-02-24-14-45-00,10,1,9
2016-02-24-15-00-00,13,8,5
2016-02-24-15-15-00,13,9,4
2016-02-24-15-30-00,25,19,6
2016-02-24-15-45-00,25,17,8
2016-02-24-16-00-00,27,12,15
2016-02-24-16-15-00,26,17,9
2016-02-24-16-30-00,21,14,7
2016-02-24-16-45-00,28,14,14
2016-02-24-17-00-00,31,20,11
2016-02-24-17-15-00,39,23,16
2016-02-24-17-30-00,37,29,8
2016-02-24-17-45-00,30,23,7
2016-02-24-18-00-00,31,19,12
2016-02-24-18-15-00,36,27,9
2016-02-24-18-30-00,24,16,8
2016-02-24-18-45-00,13,11,2
2016-02-24-19-00-00,7,6,1
2016-02-24-19-15-00,19,16,3
2016-02-24-19-30-00,7,7,0
2016-02-24-19-45-00,10,4,6
2016-02-24-20-00-00,6,1,5
2016-02-24-20-15-00,1,1,0
2016-02-24-20-30-00,6,3,3
2016-02-24-20-45-00,6,4,2
2016-02-24-21-00-00,1,0,1
2016-02-24-21-15-00,2,2,0
2016-02-24-21-30-00,1,0,1
2016-02-24-21-45-00,0,0,0
2016-02-24-22-00-00,0,0,0
2016-02-24-22-15-00,2,1,1
2016-02-24-22-30-00,2,1,1
2016-02-24-22-45-00,0,0,0
2016-02-24-23-00-00,0,0,0
2016-02-24-23-15-00,1,1,0
2016-02-24-23-30-00,0,0,0
2016-02-24-23-45-00,0,0,0
2016-02-25-00-00-00,0,0,0
2016-02-25-00-15-00,0,0,0
2016-02-25-00-30-00,1,1,0
2016-02-25-00-45-00,0,0,0
2016-02-25-01-00-00,0,0,0
2016-02-25-01-15-00,0,0,0
2016-02-25-01-30-00,0,0,0
2016-02-25-01-45-00,0,0,0
2016-02-25-02-00-00,0,0,0
2016-02-25-02-15-00,0,0,0
2016-02-25-02-30-00,0,0,0
2016-02-25-02-45-00,0,0,0
2016-02-25-03-00-00,0,0,0
2016-02-25-03-15-00,0,0,0
2016-02-25-03-30-00,0,0,0
2016-02-25-03-45-00,0,0,0
2016-02-25-04-00-00,0,0,0
2016-02-25-04-15-00,0,0,0
2016-02-25-04-30-00,0,0,0
2016-02-25-04-45-00,0,0,0
2016-02-25-05-00-00,0,0,0
2016-02-25-05-15-00,1,0,1
2016-02-25-05-30-00,1,0,1
2016-02-25-05-45-00,3,1,2
2016-02-25-06-00-00,3,0,3
2016-02-25-06-15-00,3,1,2
2016-02-25-06-30-00,1,1,0
2016-02-25-06-45-00,11,3,8
2016-02-25-07-00-00,16,9,7
2016-02-25-07-15-00,17,6,11
2016-02-25-07-30-00,22,8,14
2016-02-25-07-45-00,30,4,26
2016-02-25-08-00-00,44,13,31
2016-02-25-08-15-00,35,8,27
2016-02-25-08-30-00,41,12,29
2016-02-25-08-45-00,40,6,34
2016-02-25-09-00-00,16,5,11
2016-02-25-09-15-00,19,2,17
2016-02-25-09-30-00,12,3,9
2016-02-25-09-45-00,11,1,10
2016-02-25-10-00-00,14,6,8
2016-02-25-10-15-00,4,2,2
2016-02-25-10-30-00,12,6,6
2016-02-25-10-45-00,9,5,4
2016-02-25-11-00-00,8,6,2
2016-02-25-11-15-00,20,11,9
2016-02-25-11-30-00,9,5,4
2016-02-25-11-45-00,6,4,2
2016-02-25-12-00-00,12,5,7
2016-02-25-12-15-00,6,3,3
2016-02-25-12-30-00,19,10,9
2016-02-25-12-45-00,7,5,2
2016-02-25-13-00-00,16,9,7
2016-02-25-13-15-00,16,10,6
2016-02-25-13-30-00,16,5,11
2016-02-25-13-45-00,11,7,4
2016-02-25-14-00-00,6,3,3
2016-02-25-14-15-00,12,1,11
2016-02-25-14-30-00,13,10,3
2016-02-25-14-45-00,15,8,7
2016-02-25-15-00-00,16,12,4
2016-02-25-15-15-00,16,6,10
2016-02-25-15-30-00,12,8,4
2016-02-25-15-45-00,21,16,5
2016-02-25-16-00-00,17,12,5
2016-02-25-16-15-00,21,16,5
2016-02-25-16-30-00,26,20,6
2016-02-25-16-45-00,27,18,9
2016-02-25-17-00-00,37,33,4
2016-02-25-17-15-00,32,23,9
2016-02-25-17-30-00,26,21,5
2016-02-25-17-45-00,25,15,10
2016-02-25-18-00-00,23,16,7
2016-02-25-18-15-00,26,15,11
2016-02-25-18-30-00,20,16,4
2016-02-25-18-45-00,18,15,3
2016-02-25-19-00-00,14,9,5
2016-02-25-19-15-00,5,3,2
2016-02-25-19-30-00,10,3,7
2016-02-25-19-45-00,8,5,3
2016-02-25-20-00-00,5,3,2
2016-02-25-20-15-00,8,2,6
2016-02-25-20-30-00,1,0,1
2016-02-25-20-45-00,2,2,0
2016-02-25-21-00-00,0,0,0
2016-02-25-21-15-00,2,2,0
2016-02-25-21-30-00,5,0,5
2016-02-25-21-45-00,2,0,2
2016-02-25-22-00-00,3,1,2
2016-02-25-22-15-00,0,0,0
2016-02-25-22-30-00,0,0,0
2016-02-25-22-45-00,3,3,0
2016-02-25-23-00-00,0,0,0
2016-02-25-23-15-00,0,0,0
2016-02-25-23-30-00,0,0,0
2016-02-25-23-45-00,0,0,0
2016-02-26-00-00-00,1,1,0
2016-02-26-00-15-00,1,1,0
2016-02-26-00-30-00,0,0,0
2016-02-26-00-45-00,0,0,0
2016-02-26-01-00-00,0,0,0
2016-02-26-01-15-00,0,0,0
2016-02-26-01-30-00,0,0,0
2016-02-26-01-45-00,0,0,0
2016-02-26-02-00-00,0,0,0
2016-02-26-02-15-00,0,0,0
2016-02-26-02-30-00,0,0,0
2016-02-26-02-45-00,0,0,0
2016-02-26-03-00-00,0,0,0
2016-02-26-03-15-00,0,0,0
2016-02-26-03-30-00,0,0,0
2016-02-26-03-45-00,0,0,0
2016-02-26-04-00-00,0,0,0
2016-02-26-04-15-00,0,0,0
2016-02-26-04-30-00,0,0,0
2016-02-26-04-45-00,0,0,0
2016-02-26-05-00-00,0,0,0
2016-02-26-05-15-00,0,0,0
2016-02-26-05-30-00,2,1,1
2016-02-26-05-45-00,1,1,0
2016-02-26-06-00-00,7,3,4
2016-02-26-06-15-00,3,1,2
2016-02-26-06-30-00,5,1,4
2016-02-26-06-45-00,8,4,4
2016-02-26-07-00-00,10,5,5
2016-02-26-07-15-00,18,7,11
2016-02-26-07-30-00,23,9,14
2016-02-26-07-45-00,33,7,26
2016-02-26-08-00-00,28,5,23
2016-02-26-08-15-00,27,8,19
2016-02-26-08-30-00,31,8,23
2016-02-26-08-45-00,25,8,17
2016-02-26-09-00-00,19,5,14
2016-02-26-09-15-00,11,3,8
2016-02-26-09-30-00,10,4,6
2016-02-26-09-45-00,8,2,6
2016-02-26-10-00-00,3,1,2
2016-02-26-10-15-00,8,5,3
2016-02-26-10-30-00,10,5,5
2016-02-26-10-45-00,10,5,5
2016-02-26-11-00-00,9,5,4
2016-02-26-11-15-00,4,3,1
2016-02-26-11-30-00,11,6,5
2016-02-26-11-45-00,12,10,2
2016-02-26-12-00-00,7,4,3
2016-02-26-12-15-00,13,10,3
2016-02-26-12-30-00,13,5,8
2016-02-26-12-45-00,10,7,3
2016-02-26-13-00-00,7,5,2
2016-02-26-13-15-00,11,6,5
2016-02-26-13-30-00,13,9,4
2016-02-26-13-45-00,7,6,1
2016-02-26-14-00-00,14,7,7
2016-02-26-14-15-00,22,14,8
2016-02-26-14-30-00,23,14,9
2016-02-26-14-45-00,13,10,3
2016-02-26-15-00-00,12,6,6
2016-02-26-15-15-00,33,23,10
2016-02-26-15-30-00,19,11,8
2016-02-26-15-45-00,20,14,6
2016-02-26-16-00-00,18,15,3
2016-02-26-16-15-00,29,21,8
2016-02-26-16-30-00,23,14,9
2016-02-26-16-45-00,27,20,7
2016-02-26-17-00-00,29,14,15
2016-02-26-17-15-00,21,11,10
2016-02-26-17-30-00,17,13,4
2016-02-26-17-45-00,21,14,7
2016-02-26-18-00-00,20,12,8
2016-02-26-18-15-00,14,10,4
2016-02-26-18-30-00,16,9,7
2016-02-26-18-45-00,7,5,2
2016-02-26-19-00-00,5,4,1
2016-02-26-19-15-00,7,7,0
2016-02-26-19-30-00,2,1,1
2016-02-26-19-45-00,1,1,0
2016-02-26-20-00-00,0,0,0
2016-02-26-20-15-00,6,4,2
2016-02-26-20-30-00,1,0,1
2016-02-26-20-45-00,1,1,0
2016-02-26-21-00-00,2,1,1
2016-02-26-21-15-00,2,1,1
2016-02-26-21-30-00,1,1,0
2016-02-26-21-45-00,3,1,2
2016-02-26-22-00-00,1,1,0
2016-02-26-22-15-00,4,2,2
2016-02-26-22-30-00,1,1,0
2016-02-26-22-45-00,0,0,0
2016-02-26-23-00-00,1,1,0
2016-02-26-23-15-00,2,2,0
2016-02-26-23-30-00,1,0,1
2016-02-26-23-45-00,0,0,0
2016-02-27-00-00-00,1,1,0
2016-02-27-00-15-00,0,0,0
2016-02-27-00-30-00,0,0,0
2016-02-27-00-45-00,0,0,0
2016-02-27-01-00-00,0,0,0
2016-02-27-01-15-00,1,0,1
2016-02-27-01-30-00,0,0,0
2016-02-27-01-45-00,1,0,1
2016-02-27-02-00-00,0,0,0
2016-02-27-02-15-00,0,0,0
2016-02-27-02-30-00,0,0,0
2016-02-27-02-45-00,0,0,0
2016-02-27-03-00-00,0,0,0
2016-02-27-03-15-00,1,0,1
2016-02-27-03-30-00,2,0,2
2016-02-27-03-45-00,2,0,2
2016-02-27-04-00-00,0,0,0
2016-02-27-04-15-00,0,0,0
2016-02-27-04-30-00,0,0,0
2016-02-27-04-45-00,0,0,0
2016-02-27-05-00-00,0,0,0
2016-02-27-05-15-00,0,0,0
2016-02-27-05-30-00,0,0,0
2016-02-27-05-45-00,1,0,1
2016-02-27-06-00-00,1,0,1
2016-02-27-06-15-00,0,0,0
2016-02-27-06-30-00,1,0,1
2016-02-27-06-45-00,0,0,0
2016-02-27-07-00-00,3,3,0
2016-02-27-07-15-00,1,1,0
2016-02-27-07-30-00,1,1,0
2016-02-27-07-45-00,4,3,1
2016-02-27-08-00-00,5,2,3
2016-02-27-08-15-00,2,1,1
2016-02-27-08-30-00,9,7,2
2016-02-27-08-45-00,4,1,3
2016-02-27-09-00-00,4,3,1
2016-02-27-09-15-00,6,3,3
2016-02-27-09-30-00,10,6,4
2016-02-27-09-45-00,10,5,5
2016-02-27-10-00-00,7,5,2
2016-02-27-10-15-00,26,13,13
2016-02-27-10-30-00,14,6,8
2016-02-27-10-45-00,24,11,13
2016-02-27-11-00-00,21,10,11
2016-02-27-11-15-00,20,9,11
2016-02-27-11-30-00,34,17,17
2016-02-27-11-45-00,50,27,23
2016-02-27-12-00-00,42,23,19
2016-02-27-12-15-00,43,18,25
2016-02-27-12-30-00,40,16,24
2016-02-27-12-45-00,33,19,14
2016-02-27-13-00-00,40,14,26
2016-02-27-13-15-00,61,34,27
2016-02-27-13-30-00,62,26,36
2016-02-27-13-45-00,48,19,29
2016-02-27-14-00-00,49,25,24
2016-02-27-14-15-00,42,15,27
2016-02-27-14-30-00,93,58,35
2016-02-27-14-45-00,81,41,40
2016-02-27-15-00-00,75,27,48
2016-02-27-15-15-00,57,21,36
2016-02-27-15-30-00,76,39,37
2016-02-27-15-45-00,83,50,33
2016-02-27-16-00-00,79,48,31
2016-02-27-16-15-00,56,34,22
2016-02-27-16-30-00,55,34,21
2016-02-27-16-45-00,39,16,23
2016-02-27-17-00-00,47,28,19
2016-02-27-17-15-00,42,20,22
2016-02-27-17-30-00,38,30,8
2016-02-27-17-45-00,38,30,8
2016-02-27-18-00-00,30,20,10
2016-02-27-18-15-00,23,13,10
2016-02-27-18-30-00,12,5,7
2016-02-27-18-45-00,12,4,8
2016-02-27-19-00-00,6,2,4
2016-02-27-19-15-00,3,2,1
2016-02-27-19-30-00,5,3,2
2016-02-27-19-45-00,3,2,1
2016-02-27-20-00-00,0,0,0
2016-02-27-20-15-00,3,3,0
2016-02-27-20-30-00,1,0,1
2016-02-27-20-45-00,1,1,0
2016-02-27-21-00-00,0,0,0
2016-02-27-21-15-00,1,0,1
2016-02-27-21-30-00,0,0,0
2016-02-27-21-45-00,2,1,1
2016-02-27-22-00-00,0,0,0
2016-02-27-22-15-00,1,1,0
2016-02-27-22-30-00,0,0,0
2016-02-27-22-45-00,0,0,0
2016-02-27-23-00-00,1,1,0
2016-02-27-23-15-00,1,1,0
2016-02-27-23-30-00,0,0,0
2016-02-27-23-45-00,2,2,0
2016-02-28-00-00-00,1,0,1
2016-02-28-00-15-00,1,1,0
2016-02-28-00-30-00,4,3,1
2016-02-28-00-45-00,1,1,0
2016-02-28-01-00-00,2,0,2
2016-02-28-01-15-00,3,3,0
2016-02-28-01-30-00,0,0,0
2016-02-28-01-45-00,0,0,0
2016-02-28-02-00-00,0,0,0
2016-02-28-02-15-00,0,0,0
2016-02-28-02-30-00,0,0,0
2016-02-28-02-45-00,0,0,0
2016-02-28-03-00-00,1,0,1
2016-02-28-03-15-00,0,0,0
2016-02-28-03-30-00,0,0,0
2016-02-28-03-45-00,0,0,0
2016-02-28-04-00-00,0,0,0
2016-02-28-04-15-00,1,0,1
2016-02-28-04-30-00,3,3,0
2016-02-28-04-45-00,0,0,0
2016-02-28-05-00-00,0,0,0
2016-02-28-05-15-00,0,0,0
2016-02-28-05-30-00,0,0,0
2016-02-28-05-45-00,0,0,0
2016-02-28-06-00-00,1,0,1
2016-02-28-06-15-00,0,0,0
2016-02-28-06-30-00,1,0,1
2016-02-28-06-45-00,1,0,1
2016-02-28-07-00-00,0,0,0
2016-02-28-07-15-00,0,0,0
2016-02-28-07-30-00,0,0,0
2016-02-28-07-45-00,1,0,1
2016-02-28-08-00-00,0,0,0
2016-02-28-08-15-00,6,3,3
2016-02-28-08-30-00,6,5,1
2016-02-28-08-45-00,6,4,2
2016-02-28-09-00-00,7,4,3
2016-02-28-09-15-00,4,1,3
2016-02-28-09-30-00,9,8,1
2016-02-28-09-45-00,7,4,3
2016-02-28-10-00-00,11,4,7
2016-02-28-10-15-00,19,10,9
2016-02-28-10-30-00,13,9,4
2016-02-28-10-45-00,28,13,15
2016-02-28-11-00-00,15,5,10
2016-02-28-11-15-00,34,13,21
2016-02-28-11-30-00,21,8,13
2016-02-28-11-45-00,28,13,15
2016-02-28-12-00-00,27,17,10
2016-02-28-12-15-00,24,9,15
2016-02-28-12-30-00,27,10,17
2016-02-28-12-45-00,40,23,17
2016-02-28-13-00-00,29,17,12
2016-02-28-13-15-00,37,21,16
2016-02-28-13-30-00,49,22,27
2016-02-28-13-45-00,40,16,24
2016-02-28-14-00-00,45,29,16
2016-02-28-14-15-00,39,19,20
2016-02-28-14-30-00,44,23,21
2016-02-28-14-45-00,53,16,37
2016-02-28-15-00-00,30,21,9
2016-02-28-15-15-00,34,18,16
2016-02-28-15-30-00,45,27,18
2016-02-28-15-45-00,36,16,20
2016-02-28-16-00-00,37,16,21
2016-02-28-16-15-00,37,22,15
2016-02-28-16-30-00,22,9,13
2016-02-28-16-45-00,28,9,19
2016-02-28-17-00-00,31,17,14
2016-02-28-17-15-00,26,21,5
2016-02-28-17-30-00,17,15,2
2016-02-28-17-45-00,20,14,6
2016-02-28-18-00-00,10,8,2
2016-02-28-18-15-00,9,2,7
2016-02-28-18-30-00,13,6,7
2016-02-28-18-45-00,4,2,2
2016-02-28-19-00-00,8,3,5
2016-02-28-19-15-00,1,0,1
2016-02-28-19-30-00,2,2,0
2016-02-28-19-45-00,2,2,0
2016-02-28-20-00-00,0,0,0
2016-02-28-20-15-00,8,6,2
2016-02-28-20-30-00,0,0,0
2016-02-28-20-45-00,0,0,0
2016-02-28-21-00-00,0,0,0
2016-02-28-21-15-00,1,1,0
2016-02-28-21-30-00,1,0,1
2016-02-28-21-45-00,0,0,0
2016-02-28-22-00-00,0,0,0
2016-02-28-22-15-00,0,0,0
2016-02-28-22-30-00,0,0,0
2016-02-28-22-45-00,0,0,0
2016-02-28-23-00-00,0,0,0
2016-02-28-23-15-00,0,0,0
2016-02-28-23-30-00,0,0,0
2016-02-28-23-45-00,0,0,0
2016-02-29-00-00-00,0,0,0
2016-02-29-00-15-00,0,0,0
2016-02-29-00-30-00,0,0,0
2016-02-29-00-45-00,0,0,0
2016-02-29-01-00-00,0,0,0
2016-02-29-01-15-00,0,0,0
2016-02-29-01-30-00,0,0,0
2016-02-29-01-45-00,0,0,0
2016-02-29-02-00-00,0,0,0
2016-02-29-02-15-00,0,0,0
2016-02-29-02-30-00,0,0,0
2016-02-29-02-45-00,0,0,0
2016-02-29-03-00-00,0,0,0
2016-02-29-03-15-00,0,0,0
2016-02-29-03-30-00,0,0,0
2016-02-29-03-45-00,0,0,0
2016-02-29-04-00-00,0,0,0
2016-02-29-04-15-00,0,0,0
2016-02-29-04-30-00,0,0,0
2016-02-29-04-45-00,0,0,0
2016-02-29-05-00-00,0,0,0
2016-02-29-05-15-00,0,0,0
2016-02-29-05-30-00,1,0,1
2016-02-29-05-45-00,3,2,1
2016-02-29-06-00-00,4,1,3
2016-02-29-06-15-00,2,0,2
2016-02-29-06-30-00,6,1,5
2016-02-29-06-45-00,9,6,3
2016-02-29-07-00-00,16,7,9
2016-02-29-07-15-00,20,9,11
2016-02-29-07-30-00,28,9,19
2016-02-29-07-45-00,30,10,20
2016-02-29-08-00-00,32,9,23
2016-02-29-08-15-00,36,6,30
2016-02-29-08-30-00,35,7,28
2016-02-29-08-45-00,26,2,24
2016-02-29-09-00-00,24,4,20
2016-02-29-09-15-00,14,5,9
2016-02-29-09-30-00,19,3,16
2016-02-29-09-45-00,13,4,9
2016-02-29-10-00-00,9,3,6
2016-02-29-10-15-00,9,4,5
2016-02-29-10-30-00,5,3,2
2016-02-29-10-45-00,9,6,3
2016-02-29-11-00-00,8,5,3
2016-02-29-11-15-00,22,14,8
2016-02-29-11-30-00,11,8,3
2016-02-29-11-45-00,15,5,10
2016-02-29-12-00-00,14,7,7
2016-02-29-12-15-00,16,11,5
2016-02-29-12-30-00,17,10,7
2016-02-29-12-45-00,19,10,9
2016-02-29-13-00-00,11,4,7
2016-02-29-13-15-00,20,10,10
2016-02-29-13-30-00,16,8,8
2016-02-29-13-45-00,21,9,12
2016-02-29-14-00-00,21,6,15
2016-02-29-14-15-00,33,11,22
2016-02-29-14-30-00,31,22,9
2016-02-29-14-45-00,22,9,13
2016-02-29-15-00-00,34,17,17
2016-02-29-15-15-00,27,17,10
2016-02-29-15-30-00,28,14,14
2016-02-29-15-45-00,33,20,13
2016-02-29-16-00-00,32,18,14
2016-02-29-16-15-00,39,19,20
2016-02-29-16-30-00,40,29,11
2016-02-29-16-45-00,36,23,13
2016-02-29-17-00-00,33,28,5
2016-02-29-17-15-00,39,25,14
2016-02-29-17-30-00,44,28,16
2016-02-29-17-45-00,44,34,10
2016-02-29-18-00-00,30,21,9
2016-02-29-18-15-00,34,24,10
2016-02-29-18-30-00,19,14,5
2016-02-29-18-45-00,18,12,6
2016-02-29-19-00-00,15,5,10
2016-02-29-19-15-00,13,8,5
2016-02-29-19-30-00,9,6,3
2016-02-29-19-45-00,11,8,3
2016-02-29-20-00-00,6,5,1
2016-02-29-20-15-00,6,6,0
2016-02-29-20-30-00,4,2,2
2016-02-29-20-45-00,0,0,0
2016-02-29-21-00-00,1,0,1
2016-02-29-21-15-00,1,0,1
2016-02-29-21-30-00,1,0,1
2016-02-29-21-45-00,4,2,2
2016-02-29-22-00-00,2,2,0
2016-02-29-22-15-00,1,0,1
2016-02-29-22-30-00,2,1,1
2016-02-29-22-45-00,1,1,0
2016-02-29-23-00-00,0,0,0
2016-02-29-23-15-00,0,0,0
2016-02-29-23-30-00,1,1,0
2016-02-29-23-45-00,0,0,0
2016-03-01-00-00-00,0,0,0
2016-03-01-00-15-00,0,0,0
2016-03-01-00-30-00,3,2,1
2016-03-01-00-45-00,2,0,2
2016-03-01-01-00-00,0,0,0
2016-03-01-01-15-00,0,0,0
2016-03-01-01-30-00,0,0,0
2016-03-01-01-45-00,0,0,0
2016-03-01-02-00-00,0,0,0
2016-03-01-02-15-00,0,0,0
2016-03-01-02-30-00,0,0,0
2016-03-01-02-45-00,0,0,0
2016-03-01-03-00-00,1,1,0
2016-03-01-03-15-00,0,0,0
2016-03-01-03-30-00,0,0,0
2016-03-01-03-45-00,0,0,0
2016-03-01-04-00-00,1,0,1
2016-03-01-04-15-00,0,0,0
2016-03-01-04-30-00,0,0,0
2016-03-01-04-45-00,0,0,0
2016-03-01-05-00-00,0,0,0
2016-03-01-05-15-00,0,0,0
2016-03-01-05-30-00,0,0,0
2016-03-01-05-45-00,1,1,0
2016-03-01-06-00-00,1,0,1
2016-03-01-06-15-00,5,0,5
2016-03-01-06-30-00,5,1,4
2016-03-01-06-45-00,8,3,5
2016-03-01-07-00-00,10,5,5
2016-03-01-07-15-00,26,8,18
2016-03-01-07-30-00,31,11,20
2016-03-01-07-45-00,37,11,26
2016-03-01-08-00-00,39,6,33
2016-03-01-08-15-00,35,7,28
2016-03-01-08-30-00,32,10,22
2016-03-01-08-45-00,25,2,23
2016-03-01-09-00-00,18,4,14
2016-03-01-09-15-00,13,3,10
2016-03-01-09-30-00,17,7,10
2016-03-01-09-45-00,11,2,9
2016-03-01-10-00-00,5,1,4
2016-03-01-10-15-00,10,6,4
2016-03-01-10-30-00,4,3,1
2016-03-01-10-45-00,11,5,6
2016-03-01-11-00-00,7,5,2
2016-03-01-11-15-00,14,11,3
2016-03-01-11-30-00,10,4,6
2016-03-01-11-45-00,12,6,6
2016-03-01-12-00-00,8,4,4
2016-03-01-12-15-00,11,4,7
2016-03-01-12-30-00,10,4,6
2016-03-01-12-45-00,19,10,9
2016-03-01-13-00-00,12,8,4
2016-03-01-13-15-00,22,13,9
2016-03-01-13-30-00,10,5,5
2016-03-01-13-45-00,17,9,8
2016-03-01-14-00-00,12,6,6
2016-03-01-14-15-00,8,3,5
2016-03-01-14-30-00,20,11,9
2016-03-01-14-45-00,10,8,2
2016-03-01-15-00-00,13,7,6
2016-03-01-15-15-00,13,9,4
2016-03-01-15-30-00,14,10,4
2016-03-01-15-45-00,15,11,4
2016-03-01-16-00-00,14,12,2
2016-03-01-16-15-00,18,14,4
2016-03-01-16-30-00,13,8,5
2016-03-01-16-45-00,20,14,6
2016-03-01-17-00-00,16,12,4
2016-03-01-17-15-00,16,12,4
2016-03-01-17-30-00,16,11,5
2016-03-01-17-45-00,16,14,2
2016-03-01-18-00-00,13,10,3
2016-03-01-18-15-00,14,10,4
2016-03-01-18-30-00,10,9,1
2016-03-01-18-45-00,10,8,2
2016-03-01-19-00-00,8,5,3
2016-03-01-19-15-00,10,9,1
2016-03-01-19-30-00,1,1,0
2016-03-01-19-45-00,6,4,2
2016-03-01-20-00-00,7,6,1
2016-03-01-20-15-00,8,7,1
2016-03-01-20-30-00,2,1,1
2016-03-01-20-45-00,1,1,0
2016-03-01-21-00-00,2,2,0
2016-03-01-21-15-00,4,1,3
2016-03-01-21-30-00,2,1,1
2016-03-01-21-45-00,0,0,0
2016-03-01-22-00-00,1,1,0
2016-03-01-22-15-00,0,0,0
2016-03-01-22-30-00,0,0,0
2016-03-01-22-45-00,1,1,0
2016-03-01-23-00-00,0,0,0
2016-03-01-23-15-00,1,1,0
2016-03-01-23-30-00,0,0,0
2016-03-01-23-45-00,0,0,0
2016-03-02-00-00-00,0,0,0
2016-03-02-00-15-00,0,0,0
2016-03-02-00-30-00,0,0,0
2016-03-02-00-45-00,1,0,1
2016-03-02-01-00-00,0,0,0
2016-03-02-01-15-00,0,0,0
2016-03-02-01-30-00,0,0,0
2016-03-02-01-45-00,1,0,1
2016-03-02-02-00-00,0,0,0
2016-03-02-02-15-00,0,0,0
2016-03-02-02-30-00,0,0,0
2016-03-02-02-45-00,0,0,0
2016-03-02-03-00-00,0,0,0
2016-03-02-03-15-00,0,0,0
2016-03-02-03-30-00,0,0,0
2016-03-02-03-45-00,0,0,0
2016-03-02-04-00-00,0,0,0
2016-03-02-04-15-00,0,0,0
2016-03-02-04-30-00,0,0,0
2016-03-02-04-45-00,0,0,0
2016-03-02-05-00-00,0,0,0
2016-03-02-05-15-00,0,0,0
2016-03-02-05-30-00,0,0,0
2016-03-02-05-45-00,0,0,0
2016-03-02-06-00-00,2,0,2
2016-03-02-06-15-00,3,1,2
2016-03-02-06-30-00,1,0,1
2016-03-02-06-45-00,9,4,5
2016-03-02-07-00-00,14,9,5
2016-03-02-07-15-00,19,8,11
2016-03-02-07-30-00,21,6,15
2016-03-02-07-45-00,33,7,26
2016-03-02-08-00-00,26,5,21
2016-03-02-08-15-00,24,3,21
2016-03-02-08-30-00,35,4,31
2016-03-02-08-45-00,31,6,25
2016-03-02-09-00-00,13,5,8
2016-03-02-09-15-00,10,1,9
2016-03-02-09-30-00,5,0,5
2016-03-02-09-45-00,10,6,4
2016-03-02-10-00-00,11,4,7
2016-03-02-10-15-00,2,1,1
2016-03-02-10-30-00,8,4,4
2016-03-02-10-45-00,3,1,2
2016-03-02-11-00-00,3,0,3
2016-03-02-11-15-00,4,2,2
2016-03-02-11-30-00,3,0,3
2016-03-02-11-45-00,3,2,1
2016-03-02-12-00-00,7,3,4
2016-03-02-12-15-00,3,3,0
2016-03-02-12-30-00,9,3,6
2016-03-02-12-45-00,4,2,2
2016-03-02-13-00-00,9,4,5
2016-03-02-13-15-00,7,6,1
2016-03-02-13-30-00,7,6,1
2016-03-02-13-45-00,8,5,3
2016-03-02-14-00-00,13,9,4
2016-03-02-14-15-00,19,8,11
2016-03-02-14-30-00,13,9,4
2016-03-02-14-45-00,8,4,4
2016-03-02-15-00-00,14,3,11
2016-03-02-15-15-00,12,8,4
2016-03-02-15-30-00,18,13,5
2016-03-02-15-45-00,13,8,5
2016-03-02-16-00-00,24,15,9
2016-03-02-16-15-00,15,10,5
2016-03-02-16-30-00,26,13,13
2016-03-02-16-45-00,24,15,9
2016-03-02-17-00-00,31,21,10
2016-03-02-17-15-00,35,28,7
2016-03-02-17-30-00,26,19,7
2016-03-02-17-45-00,29,21,8
2016-03-02-18-00-00,29,22,7
2016-03-02-18-15-00,15,12,3
2016-03-02-18-30-00,17,14,3
2016-03-02-18-45-00,31,26,5
2016-03-02-19-00-00,13,10,3
2016-03-02-19-15-00,7,6,1
2016-03-02-19-30-00,5,4,1
2016-03-02-19-45-00,5,4,1
2016-03-02-20-00-00,7,5,2
2016-03-02-20-15-00,4,2,2
2016-03-02-20-30-00,5,4,1
2016-03-02-20-45-00,3,1,2
2016-03-02-21-00-00,3,2,1
2016-03-02-21-15-00,4,2,2
2016-03-02-21-30-00,3,3,0
2016-03-02-21-45-00,2,1,1
2016-03-02-22-00-00,0,0,0
2016-03-02-22-15-00,0,0,0
2016-03-02-22-30-00,2,1,1
2016-03-02-22-45-00,0,0,0
2016-03-02-23-00-00,0,0,0
2016-03-02-23-15-00,1,0,1
2016-03-02-23-30-00,0,0,0
2016-03-02-23-45-00,1,1,0
2016-03-03-00-00-00,0,0,0
2016-03-03-00-15-00,0,0,0
2016-03-03-00-30-00,2,1,1
2016-03-03-00-45-00,0,0,0
2016-03-03-01-00-00,0,0,0
2016-03-03-01-15-00,0,0,0
2016-03-03-01-30-00,0,0,0
2016-03-03-01-45-00,0,0,0
2016-03-03-02-00-00,1,1,0
2016-03-03-02-15-00,0,0,0
2016-03-03-02-30-00,0,0,0
2016-03-03-02-45-00,0,0,0
2016-03-03-03-00-00,0,0,0
2016-03-03-03-15-00,0,0,0
2016-03-03-03-30-00,0,0,0
2016-03-03-03-45-00,0,0,0
2016-03-03-04-00-00,1,1,0
2016-03-03-04-15-00,0,0,0
2016-03-03-04-30-00,0,0,0
2016-03-03-04-45-00,1,0,1
2016-03-03-05-00-00,0,0,0
2016-03-03-05-15-00,1,0,1
2016-03-03-05-30-00,0,0,0
2016-03-03-05-45-00,5,1,4
2016-03-03-06-00-00,2,0,2
2016-03-03-06-15-00,1,0,1
2016-03-03-06-30-00,3,1,2
2016-03-03-06-45-00,7,3,4
2016-03-03-07-00-00,14,5,9
2016-03-03-07-15-00,16,8,8
2016-03-03-07-30-00,18,7,11
2016-03-03-07-45-00,19,4,15
2016-03-03-08-00-00,31,6,25
2016-03-03-08-15-00,21,4,17
2016-03-03-08-30-00,26,4,22
2016-03-03-08-45-00,9,1,8
2016-03-03-09-00-00,15,2,13
2016-03-03-09-15-00,9,1,8
2016-03-03-09-30-00,4,0,4
2016-03-03-09-45-00,6,0,6
2016-03-03-10-00-00,2,1,1
2016-03-03-10-15-00,1,0,1
2016-03-03-10-30-00,1,1,0
2016-03-03-10-45-00,4,4,0
2016-03-03-11-00-00,4,2,2
2016-03-03-11-15-00,4,2,2
2016-03-03-11-30-00,8,5,3
2016-03-03-11-45-00,2,2,0
2016-03-03-12-00-00,10,7,3
2016-03-03-12-15-00,8,5,3
2016-03-03-12-30-00,7,5,2
2016-03-03-12-45-00,3,2,1
2016-03-03-13-00-00,4,3,1
2016-03-03-13-15-00,4,2,2
2016-03-03-13-30-00,7,3,4
2016-03-03-13-45-00,4,2,2
2016-03-03-14-00-00,7,4,3
2016-03-03-14-15-00,11,5,6
2016-03-03-14-30-00,5,4,1
2016-03-03-14-45-00,9,5,4
2016-03-03-15-00-00,9,5,4
2016-03-03-15-15-00,11,6,5
2016-03-03-15-30-00,12,11,1
2016-03-03-15-45-00,22,19,3
2016-03-03-16-00-00,17,10,7
2016-03-03-16-15-00,20,12,8
2016-03-03-16-30-00,16,8,8
2016-03-03-16-45-00,22,16,6
2016-03-03-17-00-00,23,16,7
2016-03-03-17-15-00,39,36,3
2016-03-03-17-30-00,21,17,4
2016-03-03-17-45-00,27,18,9
2016-03-03-18-00-00,15,12,3
2016-03-03-18-15-00,20,10,10
2016-03-03-18-30-00,32,20,12
2016-03-03-18-45-00,14,10,4
2016-03-03-19-00-00,11,7,4
2016-03-03-19-15-00,7,4,3
2016-03-03-19-30-00,3,2,1
2016-03-03-19-45-00,3,2,1
2016-03-03-20-00-00,6,4,2
2016-03-03-20-15-00,7,5,2
2016-03-03-20-30-00,0,0,0
2016-03-03-20-45-00,0,0,0
2016-03-03-21-00-00,4,4,0
2016-03-03-21-15-00,1,1,0
2016-03-03-21-30-00,2,1,1
2016-03-03-21-45-00,0,0,0
2016-03-03-22-00-00,2,2,0
2016-03-03-22-15-00,1,0,1
2016-03-03-22-30-00,2,0,2
2016-03-03-22-45-00,0,0,0
2016-03-03-23-00-00,1,0,1
2016-03-03-23-15-00,0,0,0
2016-03-03-23-30-00,0,0,0
2016-03-03-23-45-00,0,0,0
2016-03-04-00-00-00,1,0,1
2016-03-04-00-15-00,1,0,1
2016-03-04-00-30-00,0,0,0
2016-03-04-00-45-00,0,0,0
2016-03-04-01-00-00,0,0,0
2016-03-04-01-15-00,0,0,0
2016-03-04-01-30-00,0,0,0
2016-03-04-01-45-00,0,0,0
2016-03-04-02-00-00,0,0,0
2016-03-04-02-15-00,0,0,0
2016-03-04-02-30-00,0,0,0
2016-03-04-02-45-00,0,0,0
2016-03-04-03-00-00,0,0,0
2016-03-04-03-15-00,0,0,0
2016-03-04-03-30-00,0,0,0
2016-03-04-03-45-00,0,0,0
2016-03-04-04-00-00,0,0,0
2016-03-04-04-15-00,0,0,0
2016-03-04-04-30-00,0,0,0
2016-03-04-04-45-00,0,0,0
2016-03-04-05-00-00,1,1,0
2016-03-04-05-15-00,0,0,0
2016-03-04-05-30-00,0,0,0
2016-03-04-05-45-00,2,0,2
2016-03-04-06-00-00,5,3,2
2016-03-04-06-15-00,6,2,4
2016-03-04-06-30-00,4,3,1
2016-03-04-06-45-00,6,2,4
2016-03-04-07-00-00,9,2,7
2016-03-04-07-15-00,19,6,13
2016-03-04-07-30-00,28,11,17
2016-03-04-07-45-00,8,1,7
2016-03-04-08-00-00,25,3,22
2016-03-04-08-15-00,22,4,18
2016-03-04-08-30-00,25,7,18
2016-03-04-08-45-00,22,3,19
2016-03-04-09-00-00,13,1,12
2016-03-04-09-15-00,11,7,4
2016-03-04-09-30-00,5,1,4
2016-03-04-09-45-00,8,6,2
2016-03-04-10-00-00,6,1,5
2016-03-04-10-15-00,2,1,1
2016-03-04-10-30-00,2,1,1
2016-03-04-10-45-00,2,1,1
2016-03-04-11-00-00,7,4,3
2016-03-04-11-15-00,11,7,4
2016-03-04-11-30-00,3,1,2
2016-03-04-11-45-00,13,4,9
2016-03-04-12-00-00,8,3,5
2016-03-04-12-15-00,5,3,2
2016-03-04-12-30-00,9,4,5
2016-03-04-12-45-00,5,1,4
2016-03-04-13-00-00,7,4,3
2016-03-04-13-15-00,7,6,1
2016-03-04-13-30-00,5,3,2
2016-03-04-13-45-00,4,3,1
2016-03-04-14-00-00,7,3,4
2016-03-04-14-15-00,6,4,2
2016-03-04-14-30-00,4,3,1
2016-03-04-14-45-00,5,3,2
2016-03-04-15-00-00,7,6,1
2016-03-04-15-15-00,4,3,1
2016-03-04-15-30-00,10,9,1
2016-03-04-15-45-00,10,9,1
2016-03-04-16-00-00,10,9,1
2016-03-04-16-15-00,12,10,2
2016-03-04-16-30-00,16,13,3
2016-03-04-16-45-00,17,14,3
2016-03-04-17-00-00,11,8,3
2016-03-04-17-15-00,11,9,2
2016-03-04-17-30-00,18,12,6
2016-03-04-17-45-00,11,5,6
2016-03-04-18-00-00,20,15,5
2016-03-04-18-15-00,9,8,1
2016-03-04-18-30-00,10,8,2
2016-03-04-18-45-00,11,7,4
2016-03-04-19-00-00,6,4,2
2016-03-04-19-15-00,3,2,1
2016-03-04-19-30-00,3,2,1
2016-03-04-19-45-00,4,4,0
2016-03-04-20-00-00,2,2,0
2016-03-04-20-15-00,5,5,0
2016-03-04-20-30-00,1,0,1
2016-03-04-20-45-00,1,1,0
2016-03-04-21-00-00,1,1,0
2016-03-04-21-15-00,1,0,1
2016-03-04-21-30-00,0,0,0
2016-03-04-21-45-00,0,0,0
2016-03-04-22-00-00,0,0,0
2016-03-04-22-15-00,0,0,0
2016-03-04-22-30-00,2,0,2
2016-03-04-22-45-00,0,0,0
2016-03-04-23-00-00,0,0,0
2016-03-04-23-15-00,0,0,0
2016-03-04-23-30-00,0,0,0
2016-03-04-23-45-00,2,1,1
2016-03-05-00-00-00,0,0,0
2016-03-05-00-15-00,0,0,0
2016-03-05-00-30-00,1,0,1
2016-03-05-00-45-00,0,0,0
2016-03-05-01-00-00,0,0,0
2016-03-05-01-15-00,0,0,0
2016-03-05-01-30-00,0,0,0
2016-03-05-01-45-00,0,0,0
2016-03-05-02-00-00,0,0,0
2016-03-05-02-15-00,0,0,0
2016-03-05-02-30-00,0,0,0
2016-03-05-02-45-00,0,0,0
2016-03-05-03-00-00,0,0,0
2016-03-05-03-15-00,0,0,0
2016-03-05-03-30-00,0,0,0
2016-03-05-03-45-00,0,0,0
2016-03-05-04-00-00,0,0,0
2016-03-05-04-15-00,0,0,0
2016-03-05-04-30-00,0,0,0
2016-03-05-04-45-00,0,0,0
2016-03-05-05-00-00,0,0,0
2016-03-05-05-15-00,0,0,0
2016-03-05-05-30-00,0,0,0
2016-03-05-05-45-00,1,0,1
2016-03-05-06-00-00,0,0,0
2016-03-05-06-15-00,1,1,0
2016-03-05-06-30-00,0,0,0
2016-03-05-06-45-00,0,0,0
2016-03-05-07-00-00,1,0,1
2016-03-05-07-15-00,1,1,0
2016-03-05-07-30-00,0,0,0
2016-03-05-07-45-00,0,0,0
2016-03-05-08-00-00,0,0,0
2016-03-05-08-15-00,0,0,0
2016-03-05-08-30-00,6,4,2
2016-03-05-08-45-00,0,0,0
2016-03-05-09-00-00,3,2,1
2016-03-05-09-15-00,2,1,1
2016-03-05-09-30-00,2,1,1
2016-03-05-09-45-00,5,5,0
2016-03-05-10-00-00,7,5,2
2016-03-05-10-15-00,9,3,6
2016-03-05-10-30-00,1,0,1
2016-03-05-10-45-00,3,1,2
2016-03-05-11-00-00,12,6,6
2016-03-05-11-15-00,7,4,3
2016-03-05-11-30-00,6,3,3
2016-03-05-11-45-00,2,1,1
2016-03-05-12-00-00,7,4,3
2016-03-05-12-15-00,11,6,5
2016-03-05-12-30-00,9,6,3
2016-03-05-12-45-00,12,5,7
2016-03-05-13-00-00,5,2,3
2016-03-05-13-15-00,8,4,4
2016-03-05-13-30-00,8,4,4
2016-03-05-13-45-00,7,2,5
2016-03-05-14-00-00,8,2,6
2016-03-05-14-15-00,5,2,3
2016-03-05-14-30-00,6,2,4
2016-03-05-14-45-00,12,8,4
2016-03-05-15-00-00,16,10,6
2016-03-05-15-15-00,9,5,4
2016-03-05-15-30-00,11,6,5
2016-03-05-15-45-00,11,7,4
2016-03-05-16-00-00,9,1,8
2016-03-05-16-15-00,16,12,4
2016-03-05-16-30-00,8,6,2
2016-03-05-16-45-00,5,4,1
2016-03-05-17-00-00,12,8,4
2016-03-05-17-15-00,13,6,7
2016-03-05-17-30-00,10,6,4
2016-03-05-17-45-00,13,9,4
2016-03-05-18-00-00,11,6,5
2016-03-05-18-15-00,10,3,7
2016-03-05-18-30-00,4,3,1
2016-03-05-18-45-00,5,5,0
2016-03-05-19-00-00,1,1,0
2016-03-05-19-15-00,4,2,2
2016-03-05-19-30-00,6,5,1
2016-03-05-19-45-00,5,1,4
2016-03-05-20-00-00,2,2,0
2016-03-05-20-15-00,0,0,0
2016-03-05-20-30-00,3,1,2
2016-03-05-20-45-00,2,2,0
2016-03-05-21-00-00,5,1,4
2016-03-05-21-15-00,0,0,0
2016-03-05-21-30-00,1,0,1
2016-03-05-21-45-00,0,0,0
2016-03-05-22-00-00,4,0,4
2016-03-05-22-15-00,0,0,0
2016-03-05-22-30-00,1,1,0
2016-03-05-22-45-00,0,0,0
2016-03-05-23-00-00,0,0,0
2016-03-05-23-15-00,0,0,0
2016-03-05-23-30-00,1,1,0
2016-03-05-23-45-00,3,3,0
2016-03-06-00-00-00,1,0,1
2016-03-06-00-15-00,1,1,0
2016-03-06-00-30-00,1,0,1
2016-03-06-00-45-00,0,0,0
2016-03-06-01-00-00,2,0,2
2016-03-06-01-15-00,0,0,0
2016-03-06-01-30-00,1,0,1
2016-03-06-01-45-00,0,0,0
2016-03-06-02-00-00,0,0,0
2016-03-06-02-15-00,0,0,0
2016-03-06-02-30-00,0,0,0
2016-03-06-02-45-00,0,0,0
2016-03-06-03-00-00,2,1,1
2016-03-06-03-15-00,0,0,0
2016-03-06-03-30-00,0,0,0
2016-03-06-03-45-00,0,0,0
2016-03-06-04-00-00,0,0,0
2016-03-06-04-15-00,0,0,0
2016-03-06-04-30-00,0,0,0
2016-03-06-04-45-00,0,0,0
2016-03-06-05-00-00,1,1,0
2016-03-06-05-15-00,0,0,0
2016-03-06-05-30-00,0,0,0
2016-03-06-05-45-00,0,0,0
2016-03-06-06-00-00,0,0,0
2016-03-06-06-15-00,0,0,0
2016-03-06-06-30-00,2,1,1
2016-03-06-06-45-00,0,0,0
2016-03-06-07-00-00,2,0,2
2016-03-06-07-15-00,1,0,1
2016-03-06-07-30-00,1,1,0
2016-03-06-07-45-00,0,0,0
2016-03-06-08-00-00,4,2,2
2016-03-06-08-15-00,4,0,4
2016-03-06-08-30-00,8,5,3
2016-03-06-08-45-00,5,3,2
2016-03-06-09-00-00,2,1,1
2016-03-06-09-15-00,13,5,8
2016-03-06-09-30-00,7,0,7
2016-03-06-09-45-00,10,4,6
2016-03-06-10-00-00,8,3,5
2016-03-06-10-15-00,17,5,12
2016-03-06-10-30-00,5,3,2
2016-03-06-10-45-00,9,6,3
2016-03-06-11-00-00,2,1,1
2016-03-06-11-15-00,5,3,2
2016-03-06-11-30-00,9,3,6
2016-03-06-11-45-00,6,0,6
2016-03-06-12-00-00,5,2,3
2016-03-06-12-15-00,5,4,1
2016-03-06-12-30-00,5,0,5
2016-03-06-12-45-00,12,4,8
2016-03-06-13-00-00,8,2,6
2016-03-06-13-15-00,13,4,9
2016-03-06-13-30-00,7,3,4
2016-03-06-13-45-00,14,7,7
2016-03-06-14-00-00,17,14,3
2016-03-06-14-15-00,5,2,3
2016-03-06-14-30-00,13,9,4
2016-03-06-14-45-00,4,1,3
2016-03-06-15-00-00,1,1,0
2016-03-06-15-15-00,17,13,4
2016-03-06-15-30-00,16,9,7
2016-03-06-15-45-00,11,6,5
2016-03-06-16-00-00,19,13,6
2016-03-06-16-15-00,16,6,10
2016-03-06-16-30-00,9,6,3
2016-03-06-16-45-00,13,9,4
2016-03-06-17-00-00,15,5,10
2016-03-06-17-15-00,2,2,0
2016-03-06-17-30-00,4,2,2
2016-03-06-17-45-00,9,8,1
2016-03-06-18-00-00,4,4,0
2016-03-06-18-15-00,0,0,0
2016-03-06-18-30-00,3,2,1
2016-03-06-18-45-00,4,1,3
2016-03-06-19-00-00,4,2,2
2016-03-06-19-15-00,2,1,1
2016-03-06-19-30-00,4,2,2
2016-03-06-19-45-00,0,0,0
2016-03-06-20-00-00,1,0,1
2016-03-06-20-15-00,1,0,1
2016-03-06-20-30-00,2,2,0
2016-03-06-20-45-00,0,0,0
2016-03-06-21-00-00,0,0,0
2016-03-06-21-15-00,0,0,0
2016-03-06-21-30-00,0,0,0
2016-03-06-21-45-00,0,0,0
2016-03-06-22-00-00,0,0,0
2016-03-06-22-15-00,0,0,0
2016-03-06-22-30-00,0,0,0
2016-03-06-22-45-00,0,0,0
2016-03-06-23-00-00,0,0,0
2016-03-06-23-15-00,0,0,0
2016-03-06-23-30-00,0,0,0
2016-03-06-23-45-00,0,0,0
2016-03-07-00-00-00,0,0,0
2016-03-07-00-15-00,0,0,0
2016-03-07-00-30-00,0,0,0
2016-03-07-00-45-00,0,0,0
2016-03-07-01-00-00,0,0,0
2016-03-07-01-15-00,0,0,0
2016-03-07-01-30-00,0,0,0
2016-03-07-01-45-00,0,0,0
2016-03-07-02-00-00,0,0,0
2016-03-07-02-15-00,0,0,0
2016-03-07-02-30-00,0,0,0
2016-03-07-02-45-00,0,0,0
2016-03-07-03-00-00,0,0,0
2016-03-07-03-15-00,0,0,0
2016-03-07-03-30-00,0,0,0
2016-03-07-03-45-00,0,0,0
2016-03-07-04-00-00,0,0,0
2016-03-07-04-15-00,0,0,0
2016-03-07-04-30-00,0,0,0
2016-03-07-04-45-00,1,1,0
2016-03-07-05-00-00,0,0,0
2016-03-07-05-15-00,0,0,0
2016-03-07-05-30-00,0,0,0
2016-03-07-05-45-00,1,0,1
2016-03-07-06-00-00,5,3,2
2016-03-07-06-15-00,2,1,1
2016-03-07-06-30-00,2,0,2
2016-03-07-06-45-00,7,5,2
2016-03-07-07-00-00,5,3,2
2016-03-07-07-15-00,17,11,6
2016-03-07-07-30-00,20,9,11
2016-03-07-07-45-00,31,7,24
2016-03-07-08-00-00,30,3,27
2016-03-07-08-15-00,30,7,23
2016-03-07-08-30-00,30,6,24
2016-03-07-08-45-00,32,5,27
2016-03-07-09-00-00,20,6,14
2016-03-07-09-15-00,11,4,7
2016-03-07-09-30-00,12,5,7
2016-03-07-09-45-00,15,5,10
2016-03-07-10-00-00,6,2,4
2016-03-07-10-15-00,7,1,6
2016-03-07-10-30-00,11,2,9
2016-03-07-10-45-00,6,3,3
2016-03-07-11-00-00,5,2,3
2016-03-07-11-15-00,8,4,4
2016-03-07-11-30-00,9,6,3
2016-03-07-11-45-00,11,5,6
2016-03-07-12-00-00,6,2,4
2016-03-07-12-15-00,6,2,4
2016-03-07-12-30-00,11,1,10
2016-03-07-12-45-00,10,6,4
2016-03-07-13-00-00,3,3,0
2016-03-07-13-15-00,11,6,5
2016-03-07-13-30-00,4,0,4
2016-03-07-13-45-00,12,3,9
2016-03-07-14-00-00,14,5,9
2016-03-07-14-15-00,18,11,7
2016-03-07-14-30-00,17,12,5
2016-03-07-14-45-00,11,6,5
2016-03-07-15-00-00,15,8,7
2016-03-07-15-15-00,12,8,4
2016-03-07-15-30-00,12,8,4
2016-03-07-15-45-00,17,9,8
2016-03-07-16-00-00,15,11,4
2016-03-07-16-15-00,20,16,4
2016-03-07-16-30-00,32,21,11
2016-03-07-16-45-00,22,11,11
2016-03-07-17-00-00,27,22,5
2016-03-07-17-15-00,30,18,12
2016-03-07-17-30-00,25,17,8
2016-03-07-17-45-00,23,18,5
2016-03-07-18-00-00,26,19,7
2016-03-07-18-15-00,31,22,9
2016-03-07-18-30-00,22,18,4
2016-03-07-18-45-00,20,14,6
2016-03-07-19-00-00,9,6,3
2016-03-07-19-15-00,10,10,0
2016-03-07-19-30-00,10,6,4
2016-03-07-19-45-00,4,4,0
2016-03-07-20-00-00,5,4,1
2016-03-07-20-15-00,6,5,1
2016-03-07-20-30-00,5,2,3
2016-03-07-20-45-00,2,2,0
2016-03-07-21-00-00,2,1,1
2016-03-07-21-15-00,0,0,0
2016-03-07-21-30-00,2,1,1
2016-03-07-21-45-00,1,0,1
2016-03-07-22-00-00,1,1,0
2016-03-07-22-15-00,1,1,0
2016-03-07-22-30-00,1,0,1
2016-03-07-22-45-00,0,0,0
2016-03-07-23-00-00,0,0,0
2016-03-07-23-15-00,0,0,0
2016-03-07-23-30-00,0,0,0
2016-03-07-23-45-00,0,0,0
2016-03-08-00-00-00,1,0,1
2016-03-08-00-15-00,0,0,0
2016-03-08-00-30-00,0,0,0
2016-03-08-00-45-00,0,0,0
2016-03-08-01-00-00,0,0,0
2016-03-08-01-15-00,0,0,0
2016-03-08-01-30-00,0,0,0
2016-03-08-01-45-00,0,0,0
2016-03-08-02-00-00,0,0,0
2016-03-08-02-15-00,0,0,0
2016-03-08-02-30-00,0,0,0
2016-03-08-02-45-00,0,0,0
2016-03-08-03-00-00,0,0,0
2016-03-08-03-15-00,0,0,0
2016-03-08-03-30-00,0,0,0
2016-03-08-03-45-00,0,0,0
2016-03-08-04-00-00,1,1,0
2016-03-08-04-15-00,0,0,0
2016-03-08-04-30-00,0,0,0
2016-03-08-04-45-00,0,0,0
2016-03-08-05-00-00,0,0,0
2016-03-08-05-15-00,0,0,0
2016-03-08-05-30-00,2,0,2
2016-03-08-05-45-00,4,1,3
2016-03-08-06-00-00,3,0,3
2016-03-08-06-15-00,3,1,2
2016-03-08-06-30-00,4,1,3
2016-03-08-06-45-00,10,2,8
2016-03-08-07-00-00,6,3,3
2016-03-08-07-15-00,23,6,17
2016-03-08-07-30-00,32,9,23
2016-03-08-07-45-00,31,7,24
2016-03-08-08-00-00,30,4,26
2016-03-08-08-15-00,32,7,25
2016-03-08-08-30-00,32,5,27
2016-03-08-08-45-00,36,10,26
2016-03-08-09-00-00,27,6,21
2016-03-08-09-15-00,13,5,8
2016-03-08-09-30-00,7,4,3
2016-03-08-09-45-00,13,5,8
2016-03-08-10-00-00,9,6,3
2016-03-08-10-15-00,6,4,2
2016-03-08-10-30-00,5,3,2
2016-03-08-10-45-00,10,7,3
2016-03-08-11-00-00,14,7,7
2016-03-08-11-15-00,12,6,6
2016-03-08-11-30-00,6,4,2
2016-03-08-11-45-00,9,4,5
2016-03-08-12-00-00,12,3,9
2016-03-08-12-15-00,16,13,3
2016-03-08-12-30-00,20,8,12
2016-03-08-12-45-00,10,5,5
2016-03-08-13-00-00,10,5,5
2016-03-08-13-15-00,12,7,5
2016-03-08-13-30-00,16,9,7
2016-03-08-13-45-00,20,4,16
2016-03-08-14-00-00,17,8,9
2016-03-08-14-15-00,11,8,3
2016-03-08-14-30-00,4,1,3
2016-03-08-14-45-00,13,5,8
2016-03-08-15-00-00,12,8,4
2016-03-08-15-15-00,10,4,6
2016-03-08-15-30-00,17,9,8
2016-03-08-15-45-00,27,24,3
2016-03-08-16-00-00,22,16,6
2016-03-08-16-15-00,25,16,9
2016-03-08-16-30-00,21,13,8
2016-03-08-16-45-00,34,21,13
2016-03-08-17-00-00,38,30,8
2016-03-08-17-15-00,32,24,8
2016-03-08-17-30-00,32,26,6
2016-03-08-17-45-00,38,24,14
2016-03-08-18-00-00,25,20,5
2016-03-08-18-15-00,31,26,5
2016-03-08-18-30-00,20,11,9
2016-03-08-18-45-00,14,11,3
2016-03-08-19-00-00,15,10,5
2016-03-08-19-15-00,11,10,1
2016-03-08-19-30-00,13,7,6
2016-03-08-19-45-00,6,6,0
2016-03-08-20-00-00,7,5,2
2016-03-08-20-15-00,8,4,4
2016-03-08-20-30-00,2,2,0
2016-03-08-20-45-00,5,4,1
2016-03-08-21-00-00,3,3,0
2016-03-08-21-15-00,1,0,1
2016-03-08-21-30-00,4,3,1
2016-03-08-21-45-00,2,1,1
2016-03-08-22-00-00,0,0,0
2016-03-08-22-15-00,1,0,1
2016-03-08-22-30-00,2,0,2
2016-03-08-22-45-00,1,0,1
2016-03-08-23-00-00,0,0,0
2016-03-08-23-15-00,0,0,0
2016-03-08-23-30-00,1,0,1
2016-03-08-23-45-00,0,0,0
2016-03-09-00-00-00,0,0,0
2016-03-09-00-15-00,0,0,0
2016-03-09-00-30-00,0,0,0
2016-03-09-00-45-00,0,0,0
2016-03-09-01-00-00,1,0,1
2016-03-09-01-15-00,0,0,0
2016-03-09-01-30-00,0,0,0
2016-03-09-01-45-00,0,0,0
2016-03-09-02-00-00,0,0,0
2016-03-09-02-15-00,0,0,0
2016-03-09-02-30-00,0,0,0
2016-03-09-02-45-00,0,0,0
2016-03-09-03-00-00,0,0,0
2016-03-09-03-15-00,0,0,0
2016-03-09-03-30-00,0,0,0
2016-03-09-03-45-00,0,0,0
2016-03-09-04-00-00,0,0,0
2016-03-09-04-15-00,0,0,0
2016-03-09-04-30-00,0,0,0
2016-03-09-04-45-00,0,0,0
2016-03-09-05-00-00,0,0,0
2016-03-09-05-15-00,0,0,0
2016-03-09-05-30-00,0,0,0
2016-03-09-05-45-00,1,0,1
2016-03-09-06-00-00,6,1,5
2016-03-09-06-15-00,1,0,1
2016-03-09-06-30-00,5,1,4
2016-03-09-06-45-00,9,4,5
2016-03-09-07-00-00,16,9,7
2016-03-09-07-15-00,22,11,11
2016-03-09-07-30-00,34,11,23
2016-03-09-07-45-00,34,6,28
2016-03-09-08-00-00,40,3,37
2016-03-09-08-15-00,28,6,22
2016-03-09-08-30-00,28,7,21
2016-03-09-08-45-00,35,3,32
2016-03-09-09-00-00,22,3,19
2016-03-09-09-15-00,15,4,11
2016-03-09-09-30-00,15,5,10
2016-03-09-09-45-00,14,3,11
2016-03-09-10-00-00,7,2,5
2016-03-09-10-15-00,15,11,4
2016-03-09-10-30-00,11,4,7
2016-03-09-10-45-00,6,2,4
2016-03-09-11-00-00,10,7,3
2016-03-09-11-15-00,9,4,5
2016-03-09-11-30-00,6,3,3
2016-03-09-11-45-00,4,0,4
2016-03-09-12-00-00,8,3,5
2016-03-09-12-15-00,17,10,7
2016-03-09-12-30-00,13,9,4
2016-03-09-12-45-00,19,12,7
2016-03-09-13-00-00,17,11,6
2016-03-09-13-15-00,13,5,8
2016-03-09-13-30-00,19,11,8
2016-03-09-13-45-00,4,2,2
2016-03-09-14-00-00,18,7,11
2016-03-09-14-15-00,21,16,5
2016-03-09-14-30-00,10,6,4
2016-03-09-14-45-00,11,6,5
2016-03-09-15-00-00,21,11,10
2016-03-09-15-15-00,16,9,7
2016-03-09-15-30-00,25,14,11
2016-03-09-15-45-00,19,11,8
2016-03-09-16-00-00,33,22,11
2016-03-09-16-15-00,41,30,11
2016-03-09-16-30-00,51,32,19
2016-03-09-16-45-00,45,30,15
2016-03-09-17-00-00,48,31,17
2016-03-09-17-15-00,36,21,15
2016-03-09-17-30-00,44,34,10
2016-03-09-17-45-00,32,25,7
2016-03-09-18-00-00,38,28,10
2016-03-09-18-15-00,22,18,4
2016-03-09-18-30-00,22,18,4
2016-03-09-18-45-00,26,17,9
2016-03-09-19-00-00,17,13,4
2016-03-09-19-15-00,11,10,1
2016-03-09-19-30-00,14,11,3
2016-03-09-19-45-00,9,6,3
2016-03-09-20-00-00,6,5,1
2016-03-09-20-15-00,5,4,1
2016-03-09-20-30-00,4,2,2
2016-03-09-20-45-00,6,2,4
2016-03-09-21-00-00,4,2,2
2016-03-09-21-15-00,6,5,1
2016-03-09-21-30-00,2,1,1
2016-03-09-21-45-00,2,1,1
2016-03-09-22-00-00,0,0,0
2016-03-09-22-15-00,0,0,0
2016-03-09-22-30-00,0,0,0
2016-03-09-22-45-00,0,0,0
2016-03-09-23-00-00,0,0,0
2016-03-09-23-15-00,0,0,0
2016-03-09-23-30-00,2,2,0
2016-03-09-23-45-00,0,0,0
2016-03-10-00-00-00,0,0,0
2016-03-10-00-15-00,0,0,0
2016-03-10-00-30-00,0,0,0
2016-03-10-00-45-00,0,0,0
2016-03-10-01-00-00,0,0,0
2016-03-10-01-15-00,0,0,0
2016-03-10-01-30-00,0,0,0
2016-03-10-01-45-00,0,0,0
2016-03-10-02-00-00,0,0,0
2016-03-10-02-15-00,0,0,0
2016-03-10-02-30-00,0,0,0
2016-03-10-02-45-00,0,0,0
2016-03-10-03-00-00,0,0,0
2016-03-10-03-15-00,1,0,1
2016-03-10-03-30-00,0,0,0
2016-03-10-03-45-00,0,0,0
2016-03-10-04-00-00,0,0,0
2016-03-10-04-15-00,0,0,0
2016-03-10-04-30-00,0,0,0
2016-03-10-04-45-00,0,0,0
2016-03-10-05-00-00,0,0,0
2016-03-10-05-15-00,0,0,0
2016-03-10-05-30-00,0,0,0
2016-03-10-05-45-00,4,1,3
2016-03-10-06-00-00,4,1,3
2016-03-10-06-15-00,5,1,4
2016-03-10-06-30-00,6,0,6
2016-03-10-06-45-00,12,5,7
2016-03-10-07-00-00,13,2,11
2016-03-10-07-15-00,24,11,13
2016-03-10-07-30-00,21,8,13
2016-03-10-07-45-00,30,8,22
2016-03-10-08-00-00,46,5,41
2016-03-10-08-15-00,38,11,27
2016-03-10-08-30-00,35,4,31
2016-03-10-08-45-00,30,7,23
2016-03-10-09-00-00,23,7,16
2016-03-10-09-15-00,11,3,8
2016-03-10-09-30-00,13,5,8
2016-03-10-09-45-00,12,6,6
2016-03-10-10-00-00,12,4,8
2016-03-10-10-15-00,8,5,3
2016-03-10-10-30-00,15,8,7
2016-03-10-10-45-00,16,9,7
2016-03-10-11-00-00,10,8,2
2016-03-10-11-15-00,11,6,5
2016-03-10-11-30-00,12,4,8
2016-03-10-11-45-00,10,7,3
2016-03-10-12-00-00,22,15,7
2016-03-10-12-15-00,16,8,8
2016-03-10-12-30-00,16,5,11
2016-03-10-12-45-00,19,10,9
2016-03-10-13-00-00,13,9,4
2016-03-10-13-15-00,23,9,14
2016-03-10-13-30-00,22,8,14
2016-03-10-13-45-00,22,11,11
2016-03-10-14-00-00,30,13,17
2016-03-10-14-15-00,25,13,12
2016-03-10-14-30-00,15,10,5
2016-03-10-14-45-00,24,12,12
2016-03-10-15-00-00,25,9,16
2016-03-10-15-15-00,30,15,15
2016-03-10-15-30-00,33,19,14
2016-03-10-15-45-00,30,20,10
2016-03-10-16-00-00,53,34,19
2016-03-10-16-15-00,63,36,27
2016-03-10-16-30-00,46,31,15
2016-03-10-16-45-00,50,33,17
2016-03-10-17-00-00,50,30,20
2016-03-10-17-15-00,48,32,16
2016-03-10-17-30-00,52,35,17
2016-03-10-17-45-00,48,31,17
2016-03-10-18-00-00,37,23,14
2016-03-10-18-15-00,36,27,9
2016-03-10-18-30-00,30,20,10
2016-03-10-18-45-00,18,12,6
2016-03-10-19-00-00,13,9,4
2016-03-10-19-15-00,12,11,1
2016-03-10-19-30-00,8,7,1
2016-03-10-19-45-00,7,5,2
2016-03-10-20-00-00,8,8,0
2016-03-10-20-15-00,7,1,6
2016-03-10-20-30-00,2,1,1
2016-03-10-20-45-00,1,0,1
2016-03-10-21-00-00,2,1,1
2016-03-10-21-15-00,0,0,0
2016-03-10-21-30-00,7,7,0
2016-03-10-21-45-00,0,0,0
2016-03-10-22-00-00,1,1,0
2016-03-10-22-15-00,1,0,1
2016-03-10-22-30-00,3,2,1
2016-03-10-22-45-00,0,0,0
2016-03-10-23-00-00,6,4,2
2016-03-10-23-15-00,2,2,0
2016-03-10-23-30-00,1,0,1
2016-03-10-23-45-00,0,0,0
2016-03-11-00-00-00,2,0,2
2016-03-11-00-15-00,0,0,0
2016-03-11-00-30-00,0,0,0
2016-03-11-00-45-00,0,0,0
2016-03-11-01-00-00,0,0,0
2016-03-11-01-15-00,0,0,0
2016-03-11-01-30-00,0,0,0
2016-03-11-01-45-00,0,0,0
2016-03-11-02-00-00,0,0,0
2016-03-11-02-15-00,0,0,0
2016-03-11-02-30-00,0,0,0
2016-03-11-02-45-00,0,0,0
2016-03-11-03-00-00,0,0,0
2016-03-11-03-15-00,0,0,0
2016-03-11-03-30-00,0,0,0
2016-03-11-03-45-00,1,0,1
2016-03-11-04-00-00,0,0,0
2016-03-11-04-15-00,0,0,0
2016-03-11-04-30-00,0,0,0
2016-03-11-04-45-00,0,0,0
2016-03-11-05-00-00,0,0,0
2016-03-11-05-15-00,0,0,0
2016-03-11-05-30-00,1,1,0
2016-03-11-05-45-00,1,0,1
2016-03-11-06-00-00,6,1,5
2016-03-11-06-15-00,4,1,3
2016-03-11-06-30-00,5,3,2
2016-03-11-06-45-00,8,7,1
2016-03-11-07-00-00,11,5,6
2016-03-11-07-15-00,17,6,11
2016-03-11-07-30-00,20,8,12
2016-03-11-07-45-00,31,3,28
2016-03-11-08-00-00,33,10,23
2016-03-11-08-15-00,30,3,27
2016-03-11-08-30-00,29,7,22
2016-03-11-08-45-00,38,6,32
2016-03-11-09-00-00,13,1,12
2016-03-11-09-15-00,15,8,7
2016-03-11-09-30-00,12,5,7
2016-03-11-09-45-00,14,5,9
2016-03-11-10-00-00,8,5,3
2016-03-11-10-15-00,3,0,3
2016-03-11-10-30-00,5,4,1
2016-03-11-10-45-00,8,5,3
2016-03-11-11-00-00,13,9,4
2016-03-11-11-15-00,10,5,5
2016-03-11-11-30-00,12,10,2
2016-03-11-11-45-00,14,9,5
2016-03-11-12-00-00,16,4,12
2016-03-11-12-15-00,14,3,11
2016-03-11-12-30-00,28,12,16
2016-03-11-12-45-00,25,19,6
2016-03-11-13-00-00,23,13,10
2016-03-11-13-15-00,16,10,6
2016-03-11-13-30-00,17,8,9
2016-03-11-13-45-00,17,8,9
2016-03-11-14-00-00,27,16,11
2016-03-11-14-15-00,20,10,10
2016-03-11-14-30-00,18,9,9
2016-03-11-14-45-00,30,23,7
2016-03-11-15-00-00,15,10,5
2016-03-11-15-15-00,24,10,14
2016-03-11-15-30-00,33,26,7
2016-03-11-15-45-00,23,13,10
2016-03-11-16-00-00,28,17,11
2016-03-11-16-15-00,29,23,6
2016-03-11-16-30-00,33,20,13
2016-03-11-16-45-00,30,19,11
2016-03-11-17-00-00,35,22,13
2016-03-11-17-15-00,25,16,9
2016-03-11-17-30-00,29,19,10
2016-03-11-17-45-00,24,14,10
2016-03-11-18-00-00,30,18,12
2016-03-11-18-15-00,18,11,7
2016-03-11-18-30-00,20,9,11
2016-03-11-18-45-00,12,6,6
2016-03-11-19-00-00,8,6,2
2016-03-11-19-15-00,11,6,5
2016-03-11-19-30-00,9,4,5
2016-03-11-19-45-00,8,6,2
2016-03-11-20-00-00,4,3,1
2016-03-11-20-15-00,13,9,4
2016-03-11-20-30-00,5,1,4
2016-03-11-20-45-00,1,1,0
2016-03-11-21-00-00,2,2,0
2016-03-11-21-15-00,2,0,2
2016-03-11-21-30-00,4,4,0
2016-03-11-21-45-00,3,1,2
2016-03-11-22-00-00,3,1,2
2016-03-11-22-15-00,5,4,1
2016-03-11-22-30-00,0,0,0
2016-03-11-22-45-00,1,1,0
2016-03-11-23-00-00,0,0,0
2016-03-11-23-15-00,0,0,0
2016-03-11-23-30-00,1,0,1
2016-03-11-23-45-00,3,2,1
2016-03-12-00-00-00,4,1,3
2016-03-12-00-15-00,0,0,0
2016-03-12-00-30-00,2,1,1
2016-03-12-00-45-00,0,0,0
2016-03-12-01-00-00,3,1,2
2016-03-12-01-15-00,0,0,0
2016-03-12-01-30-00,0,0,0
2016-03-12-01-45-00,1,0,1
2016-03-12-02-00-00,0,0,0
2016-03-12-02-15-00,0,0,0
2016-03-12-02-30-00,0,0,0
2016-03-12-02-45-00,0,0,0
2016-03-12-03-00-00,0,0,0
2016-03-12-03-15-00,0,0,0
2016-03-12-03-30-00,2,1,1
2016-03-12-03-45-00,0,0,0
2016-03-12-04-00-00,0,0,0
2016-03-12-04-15-00,0,0,0
2016-03-12-04-30-00,0,0,0
2016-03-12-04-45-00,1,1,0
2016-03-12-05-00-00,0,0,0
2016-03-12-05-15-00,0,0,0
2016-03-12-05-30-00,0,0,0
2016-03-12-05-45-00,0,0,0
2016-03-12-06-00-00,1,0,1
2016-03-12-06-15-00,0,0,0
2016-03-12-06-30-00,0,0,0
2016-03-12-06-45-00,0,0,0
2016-03-12-07-00-00,0,0,0
2016-03-12-07-15-00,1,0,1
2016-03-12-07-30-00,1,1,0
2016-03-12-07-45-00,1,1,0
2016-03-12-08-00-00,3,1,2
2016-03-12-08-15-00,10,4,6
2016-03-12-08-30-00,5,2,3
2016-03-12-08-45-00,5,2,3
2016-03-12-09-00-00,7,2,5
2016-03-12-09-15-00,9,3,6
2016-03-12-09-30-00,10,5,5
2016-03-12-09-45-00,8,6,2
2016-03-12-10-00-00,15,10,5
2016-03-12-10-15-00,21,14,7
2016-03-12-10-30-00,22,9,13
2016-03-12-10-45-00,19,8,11
2016-03-12-11-00-00,21,15,6
2016-03-12-11-15-00,17,7,10
2016-03-12-11-30-00,32,18,14
2016-03-12-11-45-00,28,16,12
2016-03-12-12-00-00,18,9,9
2016-03-12-12-15-00,18,9,9
2016-03-12-12-30-00,23,7,16
2016-03-12-12-45-00,25,17,8
2016-03-12-13-00-00,22,9,13
2016-03-12-13-15-00,20,4,16
2016-03-12-13-30-00,9,4,5
2016-03-12-13-45-00,18,9,9
2016-03-12-14-00-00,21,14,7
2016-03-12-14-15-00,26,12,14
2016-03-12-14-30-00,14,10,4
2016-03-12-14-45-00,25,8,17
2016-03-12-15-00-00,22,10,12
2016-03-12-15-15-00,37,18,19
2016-03-12-15-30-00,10,7,3
2016-03-12-15-45-00,19,11,8
2016-03-12-16-00-00,8,4,4
2016-03-12-16-15-00,24,14,10
2016-03-12-16-30-00,14,8,6
2016-03-12-16-45-00,18,11,7
2016-03-12-17-00-00,19,7,12
2016-03-12-17-15-00,5,2,3
2016-03-12-17-30-00,12,7,5
2016-03-12-17-45-00,14,9,5
2016-03-12-18-00-00,19,10,9
2016-03-12-18-15-00,27,13,14
2016-03-12-18-30-00,12,5,7
2016-03-12-18-45-00,8,5,3
2016-03-12-19-00-00,6,2,4
2016-03-12-19-15-00,4,3,1
2016-03-12-19-30-00,3,3,0
2016-03-12-19-45-00,11,7,4
2016-03-12-20-00-00,1,1,0
2016-03-12-20-15-00,2,0,2
2016-03-12-20-30-00,3,1,2
2016-03-12-20-45-00,4,4,0
2016-03-12-21-00-00,0,0,0
2016-03-12-21-15-00,0,0,0
2016-03-12-21-30-00,3,2,1
2016-03-12-21-45-00,2,1,1
2016-03-12-22-00-00,1,1,0
2016-03-12-22-15-00,2,1,1
2016-03-12-22-30-00,3,3,0
2016-03-12-22-45-00,3,1,2
2016-03-12-23-00-00,0,0,0
2016-03-12-23-15-00,0,0,0
2016-03-12-23-30-00,1,0,1
2016-03-12-23-45-00,1,1,0
2016-03-13-00-00-00,1,0,1
2016-03-13-00-15-00,0,0,0
2016-03-13-00-30-00,1,1,0
2016-03-13-00-45-00,1,0,1
2016-03-13-01-00-00,1,0,1
2016-03-13-01-15-00,1,1,0
2016-03-13-01-30-00,0,0,0
2016-03-13-01-45-00,0,0,0
2016-03-13-02-00-00,0,0,0
2016-03-13-02-15-00,1,0,1
2016-03-13-02-30-00,0,0,0
2016-03-13-02-45-00,0,0,0
2016-03-13-03-00-00,0,0,0
2016-03-13-03-15-00,0,0,0
2016-03-13-03-30-00,0,0,0
2016-03-13-03-45-00,0,0,0
2016-03-13-04-00-00,0,0,0
2016-03-13-04-15-00,0,0,0
2016-03-13-04-30-00,0,0,0
2016-03-13-04-45-00,0,0,0
2016-03-13-05-00-00,0,0,0
2016-03-13-05-15-00,0,0,0
2016-03-13-05-30-00,0,0,0
2016-03-13-05-45-00,0,0,0
2016-03-13-06-00-00,0,0,0
2016-03-13-06-15-00,0,0,0
2016-03-13-06-30-00,0,0,0
2016-03-13-06-45-00,1,0,1
2016-03-13-07-00-00,1,1,0
2016-03-13-07-15-00,2,2,0
2016-03-13-07-30-00,4,2,2
2016-03-13-07-45-00,1,0,1
2016-03-13-08-00-00,6,1,5
2016-03-13-08-15-00,3,1,2
2016-03-13-08-30-00,6,3,3
2016-03-13-08-45-00,8,8,0
2016-03-13-09-00-00,7,3,4
2016-03-13-09-15-00,14,6,8
2016-03-13-09-30-00,20,9,11
2016-03-13-09-45-00,11,9,2
2016-03-13-10-00-00,19,5,14
2016-03-13-10-15-00,31,11,20
2016-03-13-10-30-00,32,17,15
2016-03-13-10-45-00,38,14,24
2016-03-13-11-00-00,44,10,34
2016-03-13-11-15-00,41,16,25
2016-03-13-11-30-00,55,21,34
2016-03-13-11-45-00,60,37,23
2016-03-13-12-00-00,51,26,25
2016-03-13-12-15-00,78,34,44
2016-03-13-12-30-00,56,22,34
2016-03-13-12-45-00,66,26,40
2016-03-13-13-00-00,81,38,43
2016-03-13-13-15-00,74,39,35
2016-03-13-13-30-00,78,44,34
2016-03-13-13-45-00,77,39,38
2016-03-13-14-00-00,75,42,33
2016-03-13-14-15-00,77,36,41
2016-03-13-14-30-00,84,49,35
2016-03-13-14-45-00,84,47,37
2016-03-13-15-00-00,63,33,30
2016-03-13-15-15-00,63,31,32
2016-03-13-15-30-00,70,40,30
2016-03-13-15-45-00,66,33,33
2016-03-13-16-00-00,63,43,20
2016-03-13-16-15-00,78,48,30
2016-03-13-16-30-00,41,32,9
2016-03-13-16-45-00,56,38,18
2016-03-13-17-00-00,35,22,13
2016-03-13-17-15-00,44,23,21
2016-03-13-17-30-00,53,37,16
2016-03-13-17-45-00,48,29,19
2016-03-13-18-00-00,34,21,13
2016-03-13-18-15-00,28,17,11
2016-03-13-18-30-00,14,8,6
2016-03-13-18-45-00,9,8,1
2016-03-13-19-00-00,9,7,2
2016-03-13-19-15-00,5,3,2
2016-03-13-19-30-00,7,7,0
2016-03-13-19-45-00,0,0,0
2016-03-13-20-00-00,4,1,3
2016-03-13-20-15-00,0,0,0
2016-03-13-20-30-00,3,1,2
2016-03-13-20-45-00,1,1,0
2016-03-13-21-00-00,0,0,0
2016-03-13-21-15-00,2,2,0
2016-03-13-21-30-00,3,1,2
2016-03-13-21-45-00,0,0,0
2016-03-13-22-00-00,2,2,0
2016-03-13-22-15-00,0,0,0
2016-03-13-22-30-00,1,0,1
2016-03-13-22-45-00,1,1,0
2016-03-13-23-00-00,0,0,0
2016-03-13-23-15-00,0,0,0
2016-03-13-23-30-00,0,0,0
2016-03-13-23-45-00,0,0,0
2016-03-14-00-00-00,0,0,0
2016-03-14-00-15-00,0,0,0
2016-03-14-00-30-00,0,0,0
2016-03-14-00-45-00,0,0,0
2016-03-14-01-00-00,0,0,0
2016-03-14-01-15-00,0,0,0
2016-03-14-01-30-00,0,0,0
2016-03-14-01-45-00,0,0,0
2016-03-14-02-00-00,0,0,0
2016-03-14-02-15-00,0,0,0
2016-03-14-02-30-00,0,0,0
2016-03-14-02-45-00,0,0,0
2016-03-14-03-00-00,0,0,0
2016-03-14-03-15-00,0,0,0
2016-03-14-03-30-00,0,0,0
2016-03-14-03-45-00,0,0,0
2016-03-14-04-00-00,0,0,0
2016-03-14-04-15-00,0,0,0
2016-03-14-04-30-00,0,0,0
2016-03-14-04-45-00,0,0,0
2016-03-14-05-00-00,0,0,0
2016-03-14-05-15-00,0,0,0
2016-03-14-05-30-00,0,0,0
2016-03-14-05-45-00,5,2,3
2016-03-14-06-00-00,5,1,4
2016-03-14-06-15-00,2,0,2
2016-03-14-06-30-00,5,0,5
2016-03-14-06-45-00,9,5,4
2016-03-14-07-00-00,13,8,5
2016-03-14-07-15-00,28,13,15
2016-03-14-07-30-00,41,15,26
2016-03-14-07-45-00,31,7,24
2016-03-14-08-00-00,35,8,27
2016-03-14-08-15-00,42,7,35
2016-03-14-08-30-00,54,14,40
2016-03-14-08-45-00,20,2,18
2016-03-14-09-00-00,35,9,26
2016-03-14-09-15-00,20,4,16
2016-03-14-09-30-00,13,6,7
2016-03-14-09-45-00,11,5,6
2016-03-14-10-00-00,11,3,8
2016-03-14-10-15-00,12,4,8
2016-03-14-10-30-00,11,4,7
2016-03-14-10-45-00,13,5,8
2016-03-14-11-00-00,15,9,6
2016-03-14-11-15-00,22,18,4
2016-03-14-11-30-00,11,3,8
2016-03-14-11-45-00,20,8,12
2016-03-14-12-00-00,11,6,5
2016-03-14-12-15-00,22,8,14
2016-03-14-12-30-00,19,9,10
2016-03-14-12-45-00,16,6,10
2016-03-14-13-00-00,20,10,10
2016-03-14-13-15-00,24,8,16
2016-03-14-13-30-00,29,14,15
2016-03-14-13-45-00,26,9,17
2016-03-14-14-00-00,22,8,14
2016-03-14-14-15-00,26,16,10
2016-03-14-14-30-00,42,28,14
2016-03-14-14-45-00,28,18,10
2016-03-14-15-00-00,42,27,15
2016-03-14-15-15-00,39,24,15
2016-03-14-15-30-00,52,39,13
2016-03-14-15-45-00,71,47,24
2016-03-14-16-00-00,34,21,13
2016-03-14-16-15-00,45,26,19
2016-03-14-16-30-00,37,22,15
2016-03-14-16-45-00,53,28,25
2016-03-14-17-00-00,49,31,18
2016-03-14-17-15-00,79,44,35
2016-03-14-17-30-00,63,41,22
2016-03-14-17-45-00,39,26,13
2016-03-14-18-00-00,60,41,19
2016-03-14-18-15-00,54,41,13
2016-03-14-18-30-00,41,29,12
2016-03-14-18-45-00,36,25,11
2016-03-14-19-00-00,23,16,7
2016-03-14-19-15-00,14,11,3
2016-03-14-19-30-00,11,8,3
2016-03-14-19-45-00,7,6,1
2016-03-14-20-00-00,2,2,0
2016-03-14-20-15-00,9,7,2
2016-03-14-20-30-00,3,2,1
2016-03-14-20-45-00,5,0,5
2016-03-14-21-00-00,2,1,1
2016-03-14-21-15-00,2,2,0
2016-03-14-21-30-00,2,0,2
2016-03-14-21-45-00,1,0,1
2016-03-14-22-00-00,2,1,1
2016-03-14-22-15-00,1,1,0
2016-03-14-22-30-00,2,2,0
2016-03-14-22-45-00,2,1,1
2016-03-14-23-00-00,0,0,0
2016-03-14-23-15-00,1,0,1
2016-03-14-23-30-00,0,0,0
2016-03-14-23-45-00,0,0,0
2016-03-15-00-00-00,0,0,0
2016-03-15-00-15-00,0,0,0
2016-03-15-00-30-00,0,0,0
2016-03-15-00-45-00,0,0,0
2016-03-15-01-00-00,0,0,0
2016-03-15-01-15-00,0,0,0
2016-03-15-01-30-00,0,0,0
2016-03-15-01-45-00,0,0,0
2016-03-15-02-00-00,0,0,0
2016-03-15-02-15-00,0,0,0
2016-03-15-02-30-00,0,0,0
2016-03-15-02-45-00,0,0,0
2016-03-15-03-00-00,0,0,0
2016-03-15-03-15-00,0,0,0
2016-03-15-03-30-00,0,0,0
2016-03-15-03-45-00,0,0,0
2016-03-15-04-00-00,0,0,0
2016-03-15-04-15-00,0,0,0
2016-03-15-04-30-00,0,0,0
2016-03-15-04-45-00,1,0,1
2016-03-15-05-00-00,0,0,0
2016-03-15-05-15-00,0,0,0
2016-03-15-05-30-00,0,0,0
2016-03-15-05-45-00,4,1,3
2016-03-15-06-00-00,2,0,2
2016-03-15-06-15-00,5,2,3
2016-03-15-06-30-00,8,3,5
2016-03-15-06-45-00,8,2,6
2016-03-15-07-00-00,15,7,8
2016-03-15-07-15-00,26,12,14
2016-03-15-07-30-00,26,12,14
2016-03-15-07-45-00,39,4,35
2016-03-15-08-00-00,45,6,39
2016-03-15-08-15-00,53,16,37
2016-03-15-08-30-00,38,4,34
2016-03-15-08-45-00,41,10,31
2016-03-15-09-00-00,27,2,25
2016-03-15-09-15-00,19,8,11
2016-03-15-09-30-00,17,6,11
2016-03-15-09-45-00,4,2,2
2016-03-15-10-00-00,5,1,4
2016-03-15-10-15-00,15,7,8
2016-03-15-10-30-00,12,5,7
2016-03-15-10-45-00,7,3,4
2016-03-15-11-00-00,12,9,3
2016-03-15-11-15-00,14,8,6
2016-03-15-11-30-00,9,9,0
2016-03-15-11-45-00,10,5,5
2016-03-15-12-00-00,3,1,2
2016-03-15-12-15-00,12,3,9
2016-03-15-12-30-00,10,6,4
2016-03-15-12-45-00,7,1,6
2016-03-15-13-00-00,20,12,8
2016-03-15-13-15-00,6,2,4
2016-03-15-13-30-00,9,4,5
2016-03-15-13-45-00,11,8,3
2016-03-15-14-00-00,7,4,3
2016-03-15-14-15-00,19,10,9
2016-03-15-14-30-00,19,5,14
2016-03-15-14-45-00,12,5,7
2016-03-15-15-00-00,9,8,1
2016-03-15-15-15-00,9,6,3
2016-03-15-15-30-00,19,9,10
2016-03-15-15-45-00,18,12,6
2016-03-15-16-00-00,25,17,8
2016-03-15-16-15-00,25,19,6
2016-03-15-16-30-00,26,18,8
2016-03-15-16-45-00,31,24,7
2016-03-15-17-00-00,26,20,6
2016-03-15-17-15-00,30,25,5
2016-03-15-17-30-00,51,33,18
2016-03-15-17-45-00,39,32,7
2016-03-15-18-00-00,46,32,14
2016-03-15-18-15-00,34,30,4
2016-03-15-18-30-00,34,26,8
2016-03-15-18-45-00,17,11,6
2016-03-15-19-00-00,14,9,5
2016-03-15-19-15-00,9,6,3
2016-03-15-19-30-00,13,8,5
2016-03-15-19-45-00,14,12,2
2016-03-15-20-00-00,6,4,2
2016-03-15-20-15-00,9,8,1
2016-03-15-20-30-00,5,1,4
2016-03-15-20-45-00,3,3,0
2016-03-15-21-00-00,2,1,1
2016-03-15-21-15-00,7,5,2
2016-03-15-21-30-00,0,0,0
2016-03-15-21-45-00,0,0,0
2016-03-15-22-00-00,0,0,0
2016-03-15-22-15-00,4,4,0
2016-03-15-22-30-00,0,0,0
2016-03-15-22-45-00,0,0,0
2016-03-15-23-00-00,3,2,1
2016-03-15-23-15-00,2,0,2
2016-03-15-23-30-00,1,0,1
2016-03-15-23-45-00,0,0,0
2016-03-16-00-00-00,0,0,0
2016-03-16-00-15-00,0,0,0
2016-03-16-00-30-00,0,0,0
2016-03-16-00-45-00,0,0,0
2016-03-16-01-00-00,1,0,1
2016-03-16-01-15-00,0,0,0
2016-03-16-01-30-00,0,0,0
2016-03-16-01-45-00,0,0,0
2016-03-16-02-00-00,0,0,0
2016-03-16-02-15-00,0,0,0
2016-03-16-02-30-00,0,0,0
2016-03-16-02-45-00,0,0,0
2016-03-16-03-00-00,0,0,0
2016-03-16-03-15-00,0,0,0
2016-03-16-03-30-00,0,0,0
2016-03-16-03-45-00,0,0,0
2016-03-16-04-00-00,1,0,1
2016-03-16-04-15-00,0,0,0
2016-03-16-04-30-00,1,0,1
2016-03-16-04-45-00,0,0,0
2016-03-16-05-00-00,0,0,0
2016-03-16-05-15-00,0,0,0
2016-03-16-05-30-00,0,0,0
2016-03-16-05-45-00,2,0,2
2016-03-16-06-00-00,2,1,1
2016-03-16-06-15-00,3,0,3
2016-03-16-06-30-00,7,2,5
2016-03-16-06-45-00,14,8,6
2016-03-16-07-00-00,19,10,9
2016-03-16-07-15-00,30,13,17
2016-03-16-07-30-00,35,9,26
2016-03-16-07-45-00,38,11,27
2016-03-16-08-00-00,43,5,38
2016-03-16-08-15-00,46,9,37
2016-03-16-08-30-00,37,12,25
2016-03-16-08-45-00,32,2,30
2016-03-16-09-00-00,29,9,20
2016-03-16-09-15-00,14,2,12
2016-03-16-09-30-00,25,9,16
2016-03-16-09-45-00,17,8,9
2016-03-16-10-00-00,13,9,4
2016-03-16-10-15-00,12,6,6
2016-03-16-10-30-00,4,2,2
2016-03-16-10-45-00,9,4,5
2016-03-16-11-00-00,21,14,7
2016-03-16-11-15-00,14,7,7
2016-03-16-11-30-00,12,6,6
2016-03-16-11-45-00,7,7,0
2016-03-16-12-00-00,7,1,6
2016-03-16-12-15-00,11,7,4
2016-03-16-12-30-00,8,5,3
2016-03-16-12-45-00,8,1,7
2016-03-16-13-00-00,13,4,9
2016-03-16-13-15-00,17,11,6
2016-03-16-13-30-00,20,13,7
2016-03-16-13-45-00,12,4,8
2016-03-16-14-00-00,17,10,7
2016-03-16-14-15-00,14,5,9
2016-03-16-14-30-00,12,7,5
2016-03-16-14-45-00,13,5,8
2016-03-16-15-00-00,15,10,5
2016-03-16-15-15-00,21,15,6
2016-03-16-15-30-00,20,12,8
2016-03-16-15-45-00,22,13,9
2016-03-16-16-00-00,26,19,7
2016-03-16-16-15-00,29,20,9
2016-03-16-16-30-00,30,18,12
2016-03-16-16-45-00,34,23,11
2016-03-16-17-00-00,42,28,14
2016-03-16-17-15-00,33,23,10
2016-03-16-17-30-00,51,35,16
2016-03-16-17-45-00,37,29,8
2016-03-16-18-00-00,23,15,8
2016-03-16-18-15-00,29,22,7
2016-03-16-18-30-00,29,26,3
2016-03-16-18-45-00,19,15,4
2016-03-16-19-00-00,20,15,5
2016-03-16-19-15-00,18,14,4
2016-03-16-19-30-00,11,8,3
2016-03-16-19-45-00,7,4,3
2016-03-16-20-00-00,14,10,4
2016-03-16-20-15-00,5,2,3
2016-03-16-20-30-00,5,2,3
2016-03-16-20-45-00,7,2,5
2016-03-16-21-00-00,3,2,1
2016-03-16-21-15-00,5,2,3
2016-03-16-21-30-00,3,2,1
2016-03-16-21-45-00,3,1,2
2016-03-16-22-00-00,2,1,1
2016-03-16-22-15-00,5,3,2
2016-03-16-22-30-00,2,2,0
2016-03-16-22-45-00,1,1,0
2016-03-16-23-00-00,0,0,0
2016-03-16-23-15-00,0,0,0
2016-03-16-23-30-00,0,0,0
2016-03-16-23-45-00,1,1,0
2016-03-17-00-00-00,2,2,0
2016-03-17-00-15-00,0,0,0
2016-03-17-00-30-00,0,0,0
2016-03-17-00-45-00,0,0,0
2016-03-17-01-00-00,0,0,0
2016-03-17-01-15-00,0,0,0
2016-03-17-01-30-00,0,0,0
2016-03-17-01-45-00,0,0,0
2016-03-17-02-00-00,0,0,0
2016-03-17-02-15-00,0,0,0
2016-03-17-02-30-00,0,0,0
2016-03-17-02-45-00,0,0,0
2016-03-17-03-00-00,0,0,0
2016-03-17-03-15-00,0,0,0
2016-03-17-03-30-00,0,0,0
2016-03-17-03-45-00,0,0,0
2016-03-17-04-00-00,0,0,0
2016-03-17-04-15-00,0,0,0
2016-03-17-04-30-00,0,0,0
2016-03-17-04-45-00,1,0,1
2016-03-17-05-00-00,0,0,0
2016-03-17-05-15-00,0,0,0
2016-03-17-05-30-00,0,0,0
2016-03-17-05-45-00,5,2,3
2016-03-17-06-00-00,3,0,3
2016-03-17-06-15-00,4,1,3
2016-03-17-06-30-00,7,1,6
2016-03-17-06-45-00,16,5,11
2016-03-17-07-00-00,12,10,2
2016-03-17-07-15-00,25,10,15
2016-03-17-07-30-00,40,16,24
2016-03-17-07-45-00,31,7,24
2016-03-17-08-00-00,40,6,34
2016-03-17-08-15-00,38,9,29
2016-03-17-08-30-00,45,10,35
2016-03-17-08-45-00,30,8,22
2016-03-17-09-00-00,28,8,20
2016-03-17-09-15-00,10,2,8
2016-03-17-09-30-00,13,1,12
2016-03-17-09-45-00,16,4,12
2016-03-17-10-00-00,10,5,5
2016-03-17-10-15-00,12,3,9
2016-03-17-10-30-00,23,10,13
2016-03-17-10-45-00,18,7,11
2016-03-17-11-00-00,10,4,6
2016-03-17-11-15-00,25,11,14
2016-03-17-11-30-00,19,12,7
2016-03-17-11-45-00,39,24,15
2016-03-17-12-00-00,33,14,19
2016-03-17-12-15-00,40,21,19
2016-03-17-12-30-00,37,16,21
2016-03-17-12-45-00,39,20,19
2016-03-17-13-00-00,37,17,20
2016-03-17-13-15-00,46,20,26
2016-03-17-13-30-00,38,21,17
2016-03-17-13-45-00,47,21,26
2016-03-17-14-00-00,36,19,17
2016-03-17-14-15-00,43,24,19
2016-03-17-14-30-00,58,42,16
2016-03-17-14-45-00,51,25,26
2016-03-17-15-00-00,51,31,20
2016-03-17-15-15-00,64,43,21
2016-03-17-15-30-00,63,37,26
2016-03-17-15-45-00,80,43,37
2016-03-17-16-00-00,73,45,28
2016-03-17-16-15-00,47,27,20
2016-03-17-16-30-00,82,55,27
2016-03-17-16-45-00,77,47,30
2016-03-17-17-00-00,80,55,25
2016-03-17-17-15-00,87,57,30
2016-03-17-17-30-00,74,47,27
2016-03-17-17-45-00,73,46,27
2016-03-17-18-00-00,57,42,15
2016-03-17-18-15-00,64,43,21
2016-03-17-18-30-00,49,28,21
2016-03-17-18-45-00,43,30,13
2016-03-17-19-00-00,18,14,4
2016-03-17-19-15-00,18,13,5
2016-03-17-19-30-00,8,4,4
2016-03-17-19-45-00,8,5,3
2016-03-17-20-00-00,4,4,0
2016-03-17-20-15-00,10,8,2
2016-03-17-20-30-00,12,3,9
2016-03-17-20-45-00,2,0,2
2016-03-17-21-00-00,9,3,6
2016-03-17-21-15-00,1,1,0
2016-03-17-21-30-00,0,0,0
2016-03-17-21-45-00,5,5,0
2016-03-17-22-00-00,3,1,2
2016-03-17-22-15-00,3,2,1
2016-03-17-22-30-00,1,1,0
2016-03-17-22-45-00,1,1,0
2016-03-17-23-00-00,0,0,0
2016-03-17-23-15-00,1,0,1
2016-03-17-23-30-00,0,0,0
2016-03-17-23-45-00,0,0,0
2016-03-18-00-00-00,0,0,0
2016-03-18-00-15-00,1,0,1
2016-03-18-00-30-00,1,0,1
2016-03-18-00-45-00,0,0,0
2016-03-18-01-00-00,0,0,0
2016-03-18-01-15-00,0,0,0
2016-03-18-01-30-00,0,0,0
2016-03-18-01-45-00,0,0,0
2016-03-18-02-00-00,0,0,0
2016-03-18-02-15-00,0,0,0
2016-03-18-02-30-00,0,0,0
2016-03-18-02-45-00,0,0,0
2016-03-18-03-00-00,0,0,0
2016-03-18-03-15-00,0,0,0
2016-03-18-03-30-00,0,0,0
2016-03-18-03-45-00,0,0,0
2016-03-18-04-00-00,0,0,0
2016-03-18-04-15-00,0,0,0
2016-03-18-04-30-00,0,0,0
2016-03-18-04-45-00,0,0,0
2016-03-18-05-00-00,0,0,0
2016-03-18-05-15-00,0,0,0
2016-03-18-05-30-00,0,0,0
2016-03-18-05-45-00,4,2,2
2016-03-18-06-00-00,6,1,5
2016-03-18-06-15-00,7,1,6
2016-03-18-06-30-00,8,6,2
2016-03-18-06-45-00,11,5,6
2016-03-18-07-00-00,17,8,9
2016-03-18-07-15-00,20,5,15
2016-03-18-07-30-00,19,5,14
2016-03-18-07-45-00,28,9,19
2016-03-18-08-00-00,28,3,25
2016-03-18-08-15-00,38,9,29
2016-03-18-08-30-00,45,12,33
2016-03-18-08-45-00,26,4,22
2016-03-18-09-00-00,27,5,22
2016-03-18-09-15-00,15,5,10
2016-03-18-09-30-00,18,6,12
2016-03-18-09-45-00,12,6,6
2016-03-18-10-00-00,12,7,5
2016-03-18-10-15-00,11,5,6
2016-03-18-10-30-00,13,5,8
2016-03-18-10-45-00,12,4,8
2016-03-18-11-00-00,13,7,6
2016-03-18-11-15-00,10,7,3
2016-03-18-11-30-00,16,11,5
2016-03-18-11-45-00,10,7,3
2016-03-18-12-00-00,10,8,2
2016-03-18-12-15-00,18,8,10
2016-03-18-12-30-00,7,4,3
2016-03-18-12-45-00,9,4,5
2016-03-18-13-00-00,17,9,8
2016-03-18-13-15-00,13,8,5
2016-03-18-13-30-00,21,14,7
2016-03-18-13-45-00,15,8,7
2016-03-18-14-00-00,15,8,7
2016-03-18-14-15-00,20,14,6
2016-03-18-14-30-00,25,18,7
2016-03-18-14-45-00,21,10,11
2016-03-18-15-00-00,24,17,7
2016-03-18-15-15-00,20,14,6
2016-03-18-15-30-00,36,24,12
2016-03-18-15-45-00,26,20,6
2016-03-18-16-00-00,28,21,7
2016-03-18-16-15-00,22,14,8
2016-03-18-16-30-00,12,8,4
2016-03-18-16-45-00,27,17,10
2016-03-18-17-00-00,28,18,10
2016-03-18-17-15-00,23,12,11
2016-03-18-17-30-00,17,14,3
2016-03-18-17-45-00,27,12,15
2016-03-18-18-00-00,21,14,7
2016-03-18-18-15-00,8,5,3
2016-03-18-18-30-00,13,8,5
2016-03-18-18-45-00,13,11,2
2016-03-18-19-00-00,2,2,0
2016-03-18-19-15-00,3,3,0
2016-03-18-19-30-00,5,3,2
2016-03-18-19-45-00,3,2,1
2016-03-18-20-00-00,1,1,0
2016-03-18-20-15-00,2,1,1
2016-03-18-20-30-00,5,1,4
2016-03-18-20-45-00,0,0,0
2016-03-18-21-00-00,1,1,0
2016-03-18-21-15-00,1,1,0
2016-03-18-21-30-00,2,2,0
2016-03-18-21-45-00,0,0,0
2016-03-18-22-00-00,0,0,0
2016-03-18-22-15-00,0,0,0
2016-03-18-22-30-00,0,0,0
2016-03-18-22-45-00,2,1,1
2016-03-18-23-00-00,1,1,0
2016-03-18-23-15-00,2,2,0
2016-03-18-23-30-00,0,0,0
2016-03-18-23-45-00,0,0,0
2016-03-19-00-00-00,2,0,2
2016-03-19-00-15-00,2,1,1
2016-03-19-00-30-00,0,0,0
2016-03-19-00-45-00,1,0,1
2016-03-19-01-00-00,0,0,0
2016-03-19-01-15-00,0,0,0
2016-03-19-01-30-00,0,0,0
2016-03-19-01-45-00,0,0,0
2016-03-19-02-00-00,0,0,0
2016-03-19-02-15-00,0,0,0
2016-03-19-02-30-00,0,0,0
2016-03-19-02-45-00,1,0,1
2016-03-19-03-00-00,0,0,0
2016-03-19-03-15-00,0,0,0
2016-03-19-03-30-00,1,0,1
2016-03-19-03-45-00,0,0,0
2016-03-19-04-00-00,0,0,0
2016-03-19-04-15-00,0,0,0
2016-03-19-04-30-00,0,0,0
2016-03-19-04-45-00,0,0,0
2016-03-19-05-00-00,0,0,0
2016-03-19-05-15-00,0,0,0
2016-03-19-05-30-00,0,0,0
2016-03-19-05-45-00,0,0,0
2016-03-19-06-00-00,0,0,0
2016-03-19-06-15-00,0,0,0
2016-03-19-06-30-00,2,0,2
2016-03-19-06-45-00,1,0,1
2016-03-19-07-00-00,3,3,0
2016-03-19-07-15-00,3,1,2
2016-03-19-07-30-00,1,0,1
2016-03-19-07-45-00,0,0,0
2016-03-19-08-00-00,3,2,1
2016-03-19-08-15-00,5,0,5
2016-03-19-08-30-00,9,6,3
2016-03-19-08-45-00,6,3,3
2016-03-19-09-00-00,5,2,3
2016-03-19-09-15-00,11,6,5
2016-03-19-09-30-00,7,4,3
2016-03-19-09-45-00,5,5,0
2016-03-19-10-00-00,18,8,10
2016-03-19-10-15-00,11,6,5
2016-03-19-10-30-00,7,4,3
2016-03-19-10-45-00,9,1,8
2016-03-19-11-00-00,21,13,8
2016-03-19-11-15-00,10,4,6
2016-03-19-11-30-00,17,11,6
2016-03-19-11-45-00,23,10,13
2016-03-19-12-00-00,27,6,21
2016-03-19-12-15-00,20,9,11
2016-03-19-12-30-00,24,8,16
2016-03-19-12-45-00,8,5,3
2016-03-19-13-00-00,15,12,3
2016-03-19-13-15-00,20,7,13
2016-03-19-13-30-00,21,8,13
2016-03-19-13-45-00,14,12,2
2016-03-19-14-00-00,22,12,10
2016-03-19-14-15-00,8,2,6
2016-03-19-14-30-00,17,5,12
2016-03-19-14-45-00,25,16,9
2016-03-19-15-00-00,22,16,6
2016-03-19-15-15-00,18,10,8
2016-03-19-15-30-00,21,11,10
2016-03-19-15-45-00,19,9,10
2016-03-19-16-00-00,12,9,3
2016-03-19-16-15-00,16,8,8
2016-03-19-16-30-00,17,6,11
2016-03-19-16-45-00,14,5,9
2016-03-19-17-00-00,5,1,4
2016-03-19-17-15-00,9,5,4
2016-03-19-17-30-00,2,0,2
2016-03-19-17-45-00,12,7,5
2016-03-19-18-00-00,10,10,0
2016-03-19-18-15-00,4,2,2
2016-03-19-18-30-00,14,7,7
2016-03-19-18-45-00,11,7,4
2016-03-19-19-00-00,11,3,8
2016-03-19-19-15-00,6,3,3
2016-03-19-19-30-00,0,0,0
2016-03-19-19-45-00,0,0,0
2016-03-19-20-00-00,0,0,0
2016-03-19-20-15-00,1,0,1
2016-03-19-20-30-00,1,1,0
2016-03-19-20-45-00,3,3,0
2016-03-19-21-00-00,3,3,0
2016-03-19-21-15-00,1,1,0
2016-03-19-21-30-00,1,1,0
2016-03-19-21-45-00,0,0,0
2016-03-19-22-00-00,3,0,3
2016-03-19-22-15-00,0,0,0
2016-03-19-22-30-00,0,0,0
2016-03-19-22-45-00,0,0,0
2016-03-19-23-00-00,0,0,0
2016-03-19-23-15-00,0,0,0
2016-03-19-23-30-00,0,0,0
2016-03-19-23-45-00,0,0,0
2016-03-20-00-00-00,0,0,0
2016-03-20-00-15-00,0,0,0
2016-03-20-00-30-00,1,1,0
2016-03-20-00-45-00,0,0,0
2016-03-20-01-00-00,4,3,1
2016-03-20-01-15-00,0,0,0
2016-03-20-01-30-00,0,0,0
2016-03-20-01-45-00,0,0,0
2016-03-20-02-00-00,1,1,0
2016-03-20-02-15-00,0,0,0
2016-03-20-02-30-00,0,0,0
2016-03-20-02-45-00,0,0,0
2016-03-20-03-00-00,0,0,0
2016-03-20-03-15-00,0,0,0
2016-03-20-03-30-00,0,0,0
2016-03-20-03-45-00,0,0,0
2016-03-20-04-00-00,0,0,0
2016-03-20-04-15-00,0,0,0
2016-03-20-04-30-00,0,0,0
2016-03-20-04-45-00,1,0,1
2016-03-20-05-00-00,0,0,0
2016-03-20-05-15-00,0,0,0
2016-03-20-05-30-00,0,0,0
2016-03-20-05-45-00,0,0,0
2016-03-20-06-00-00,2,1,1
2016-03-20-06-15-00,2,0,2
2016-03-20-06-30-00,0,0,0
2016-03-20-06-45-00,0,0,0
2016-03-20-07-00-00,0,0,0
2016-03-20-07-15-00,1,0,1
2016-03-20-07-30-00,2,1,1
2016-03-20-07-45-00,2,1,1
2016-03-20-08-00-00,3,0,3
2016-03-20-08-15-00,5,2,3
2016-03-20-08-30-00,3,1,2
2016-03-20-08-45-00,9,3,6
2016-03-20-09-00-00,6,3,3
2016-03-20-09-15-00,7,4,3
2016-03-20-09-30-00,8,1,7
2016-03-20-09-45-00,13,3,10
2016-03-20-10-00-00,8,3,5
2016-03-20-10-15-00,6,6,0
2016-03-20-10-30-00,17,5,12
2016-03-20-10-45-00,12,8,4
2016-03-20-11-00-00,17,8,9
2016-03-20-11-15-00,9,6,3
2016-03-20-11-30-00,27,7,20
2016-03-20-11-45-00,29,14,15
2016-03-20-12-00-00,32,12,20
2016-03-20-12-15-00,16,7,9
2016-03-20-12-30-00,15,3,12
2016-03-20-12-45-00,19,7,12
2016-03-20-13-00-00,24,14,10
2016-03-20-13-15-00,23,14,9
2016-03-20-13-30-00,29,13,16
2016-03-20-13-45-00,26,17,9
2016-03-20-14-00-00,18,9,9
2016-03-20-14-15-00,24,10,14
2016-03-20-14-30-00,32,22,10
2016-03-20-14-45-00,44,19,25
2016-03-20-15-00-00,25,6,19
2016-03-20-15-15-00,47,20,27
2016-03-20-15-30-00,38,16,22
2016-03-20-15-45-00,35,19,16
2016-03-20-16-00-00,22,16,6
2016-03-20-16-15-00,25,14,11
2016-03-20-16-30-00,34,20,14
2016-03-20-16-45-00,27,15,12
2016-03-20-17-00-00,14,6,8
2016-03-20-17-15-00,20,10,10
2016-03-20-17-30-00,17,10,7
2016-03-20-17-45-00,13,7,6
2016-03-20-18-00-00,14,10,4
2016-03-20-18-15-00,8,5,3
2016-03-20-18-30-00,12,9,3
2016-03-20-18-45-00,16,8,8
2016-03-20-19-00-00,3,1,2
2016-03-20-19-15-00,11,8,3
2016-03-20-19-30-00,1,1,0
2016-03-20-19-45-00,2,1,1
2016-03-20-20-00-00,6,5,1
2016-03-20-20-15-00,0,0,0
2016-03-20-20-30-00,0,0,0
2016-03-20-20-45-00,2,0,2
2016-03-20-21-00-00,0,0,0
2016-03-20-21-15-00,1,0,1
2016-03-20-21-30-00,0,0,0
2016-03-20-21-45-00,6,5,1
2016-03-20-22-00-00,0,0,0
2016-03-20-22-15-00,0,0,0
2016-03-20-22-30-00,1,0,1
2016-03-20-22-45-00,0,0,0
2016-03-20-23-00-00,0,0,0
2016-03-20-23-15-00,1,1,0
2016-03-20-23-30-00,0,0,0
2016-03-20-23-45-00,0,0,0
2016-03-21-00-00-00,0,0,0
2016-03-21-00-15-00,0,0,0
2016-03-21-00-30-00,2,0,2
2016-03-21-00-45-00,0,0,0
2016-03-21-01-00-00,2,2,0
2016-03-21-01-15-00,0,0,0
2016-03-21-01-30-00,0,0,0
2016-03-21-01-45-00,0,0,0
2016-03-21-02-00-00,0,0,0
2016-03-21-02-15-00,0,0,0
2016-03-21-02-30-00,0,0,0
2016-03-21-02-45-00,0,0,0
2016-03-21-03-00-00,0,0,0
2016-03-21-03-15-00,0,0,0
2016-03-21-03-30-00,0,0,0
2016-03-21-03-45-00,0,0,0
2016-03-21-04-00-00,0,0,0
2016-03-21-04-15-00,0,0,0
2016-03-21-04-30-00,1,0,1
2016-03-21-04-45-00,0,0,0
2016-03-21-05-00-00,0,0,0
2016-03-21-05-15-00,0,0,0
2016-03-21-05-30-00,1,1,0
2016-03-21-05-45-00,6,3,3
2016-03-21-06-00-00,4,0,4
2016-03-21-06-15-00,5,1,4
2016-03-21-06-30-00,4,0,4
2016-03-21-06-45-00,8,4,4
2016-03-21-07-00-00,7,3,4
2016-03-21-07-15-00,11,4,7
2016-03-21-07-30-00,20,8,12
2016-03-21-07-45-00,27,4,23
2016-03-21-08-00-00,27,6,21
2016-03-21-08-15-00,28,4,24
2016-03-21-08-30-00,27,6,21
2016-03-21-08-45-00,17,3,14
2016-03-21-09-00-00,20,7,13
2016-03-21-09-15-00,6,2,4
2016-03-21-09-30-00,19,0,19
2016-03-21-09-45-00,7,3,4
2016-03-21-10-00-00,4,2,2
2016-03-21-10-15-00,6,5,1
2016-03-21-10-30-00,16,5,11
2016-03-21-10-45-00,4,0,4
2016-03-21-11-00-00,8,5,3
2016-03-21-11-15-00,5,2,3
2016-03-21-11-30-00,9,3,6
2016-03-21-11-45-00,9,6,3
2016-03-21-12-00-00,7,4,3
2016-03-21-12-15-00,7,5,2
2016-03-21-12-30-00,10,6,4
2016-03-21-12-45-00,2,2,0
2016-03-21-13-00-00,6,4,2
2016-03-21-13-15-00,3,2,1
2016-03-21-13-30-00,17,9,8
2016-03-21-13-45-00,11,5,6
2016-03-21-14-00-00,10,5,5
2016-03-21-14-15-00,10,7,3
2016-03-21-14-30-00,11,7,4
2016-03-21-14-45-00,6,5,1
2016-03-21-15-00-00,11,7,4
2016-03-21-15-15-00,14,10,4
2016-03-21-15-30-00,8,5,3
2016-03-21-15-45-00,14,10,4
2016-03-21-16-00-00,23,16,7
2016-03-21-16-15-00,19,13,6
2016-03-21-16-30-00,19,11,8
2016-03-21-16-45-00,17,11,6
2016-03-21-17-00-00,21,14,7
2016-03-21-17-15-00,32,18,14
2016-03-21-17-30-00,28,23,5
2016-03-21-17-45-00,18,13,5
2016-03-21-18-00-00,17,9,8
2016-03-21-18-15-00,17,13,4
2016-03-21-18-30-00,24,17,7
2016-03-21-18-45-00,19,14,5
2016-03-21-19-00-00,10,5,5
2016-03-21-19-15-00,8,8,0
2016-03-21-19-30-00,4,4,0
2016-03-21-19-45-00,8,4,4
2016-03-21-20-00-00,6,4,2
2016-03-21-20-15-00,5,4,1
2016-03-21-20-30-00,1,1,0
2016-03-21-20-45-00,2,1,1
2016-03-21-21-00-00,0,0,0
2016-03-21-21-15-00,1,0,1
2016-03-21-21-30-00,1,0,1
2016-03-21-21-45-00,0,0,0
2016-03-21-22-00-00,0,0,0
2016-03-21-22-15-00,3,1,2
2016-03-21-22-30-00,2,2,0
2016-03-21-22-45-00,1,1,0
2016-03-21-23-00-00,0,0,0
2016-03-21-23-15-00,0,0,0
2016-03-21-23-30-00,1,0,1
2016-03-21-23-45-00,0,0,0
2016-03-22-00-00-00,2,1,1
2016-03-22-00-15-00,0,0,0
2016-03-22-00-30-00,1,0,1
2016-03-22-00-45-00,0,0,0
2016-03-22-01-00-00,0,0,0
2016-03-22-01-15-00,0,0,0
2016-03-22-01-30-00,1,0,1
2016-03-22-01-45-00,0,0,0
2016-03-22-02-00-00,0,0,0
2016-03-22-02-15-00,0,0,0
2016-03-22-02-30-00,0,0,0
2016-03-22-02-45-00,0,0,0
2016-03-22-03-00-00,1,0,1
2016-03-22-03-15-00,0,0,0
2016-03-22-03-30-00,0,0,0
2016-03-22-03-45-00,0,0,0
2016-03-22-04-00-00,0,0,0
2016-03-22-04-15-00,0,0,0
2016-03-22-04-30-00,1,0,1
2016-03-22-04-45-00,0,0,0
2016-03-22-05-00-00,0,0,0
2016-03-22-05-15-00,0,0,0
2016-03-22-05-30-00,1,0,1
2016-03-22-05-45-00,4,1,3
2016-03-22-06-00-00,1,0,1
2016-03-22-06-15-00,4,0,4
2016-03-22-06-30-00,5,2,3
2016-03-22-06-45-00,13,7,6
2016-03-22-07-00-00,12,3,9
2016-03-22-07-15-00,21,6,15
2016-03-22-07-30-00,22,4,18
2016-03-22-07-45-00,31,9,22
2016-03-22-08-00-00,28,4,24
2016-03-22-08-15-00,24,7,17
2016-03-22-08-30-00,43,5,38
2016-03-22-08-45-00,29,6,23
2016-03-22-09-00-00,21,4,17
2016-03-22-09-15-00,18,5,13
2016-03-22-09-30-00,7,2,5
2016-03-22-09-45-00,14,6,8
2016-03-22-10-00-00,15,8,7
2016-03-22-10-15-00,7,3,4
2016-03-22-10-30-00,10,5,5
2016-03-22-10-45-00,16,9,7
2016-03-22-11-00-00,13,8,5
2016-03-22-11-15-00,12,7,5
2016-03-22-11-30-00,13,7,6
2016-03-22-11-45-00,15,11,4
2016-03-22-12-00-00,14,8,6
2016-03-22-12-15-00,8,4,4
2016-03-22-12-30-00,14,7,7
2016-03-22-12-45-00,17,10,7
2016-03-22-13-00-00,23,15,8
2016-03-22-13-15-00,22,9,13
2016-03-22-13-30-00,14,5,9
2016-03-22-13-45-00,20,8,12
2016-03-22-14-00-00,14,9,5
2016-03-22-14-15-00,24,19,5
2016-03-22-14-30-00,12,7,5
2016-03-22-14-45-00,17,10,7
2016-03-22-15-00-00,14,7,7
2016-03-22-15-15-00,21,15,6
2016-03-22-15-30-00,19,13,6
2016-03-22-15-45-00,24,18,6
2016-03-22-16-00-00,24,16,8
2016-03-22-16-15-00,20,14,6
2016-03-22-16-30-00,23,16,7
2016-03-22-16-45-00,37,26,11
2016-03-22-17-00-00,31,25,6
2016-03-22-17-15-00,38,29,9
2016-03-22-17-30-00,19,14,5
2016-03-22-17-45-00,27,17,10
2016-03-22-18-00-00,16,13,3
2016-03-22-18-15-00,27,19,8
2016-03-22-18-30-00,21,17,4
2016-03-22-18-45-00,19,11,8
2016-03-22-19-00-00,11,7,4
2016-03-22-19-15-00,8,5,3
2016-03-22-19-30-00,14,11,3
2016-03-22-19-45-00,6,4,2
2016-03-22-20-00-00,5,2,3
2016-03-22-20-15-00,5,4,1
2016-03-22-20-30-00,4,1,3
2016-03-22-20-45-00,6,5,1
2016-03-22-21-00-00,8,6,2
2016-03-22-21-15-00,5,2,3
2016-03-22-21-30-00,0,0,0
2016-03-22-21-45-00,0,0,0
2016-03-22-22-00-00,4,3,1
2016-03-22-22-15-00,1,1,0
2016-03-22-22-30-00,1,1,0
2016-03-22-22-45-00,3,3,0
2016-03-22-23-00-00,0,0,0
2016-03-22-23-15-00,1,0,1
2016-03-22-23-30-00,0,0,0
2016-03-22-23-45-00,0,0,0
2016-03-23-00-00-00,0,0,0
2016-03-23-00-15-00,1,1,0
2016-03-23-00-30-00,1,0,1
2016-03-23-00-45-00,0,0,0
2016-03-23-01-00-00,0,0,0
2016-03-23-01-15-00,0,0,0
2016-03-23-01-30-00,0,0,0
2016-03-23-01-45-00,0,0,0
2016-03-23-02-00-00,0,0,0
2016-03-23-02-15-00,0,0,0
2016-03-23-02-30-00,0,0,0
2016-03-23-02-45-00,0,0,0
2016-03-23-03-00-00,0,0,0
2016-03-23-03-15-00,0,0,0
2016-03-23-03-30-00,0,0,0
2016-03-23-03-45-00,0,0,0
2016-03-23-04-00-00,0,0,0
2016-03-23-04-15-00,0,0,0
2016-03-23-04-30-00,0,0,0
2016-03-23-04-45-00,0,0,0
2016-03-23-05-00-00,0,0,0
2016-03-23-05-15-00,0,0,0
2016-03-23-05-30-00,1,0,1
2016-03-23-05-45-00,1,1,0
2016-03-23-06-00-00,4,0,4
2016-03-23-06-15-00,2,1,1
2016-03-23-06-30-00,9,3,6
2016-03-23-06-45-00,5,2,3
2016-03-23-07-00-00,15,2,13
2016-03-23-07-15-00,13,5,8
2016-03-23-07-30-00,14,2,12
2016-03-23-07-45-00,20,6,14
2016-03-23-08-00-00,29,3,26
2016-03-23-08-15-00,31,7,24
2016-03-23-08-30-00,28,3,25
2016-03-23-08-45-00,21,2,19
2016-03-23-09-00-00,28,9,19
2016-03-23-09-15-00,12,6,6
2016-03-23-09-30-00,6,4,2
2016-03-23-09-45-00,21,12,9
2016-03-23-10-00-00,8,3,5
2016-03-23-10-15-00,4,3,1
2016-03-23-10-30-00,14,7,7
2016-03-23-10-45-00,6,3,3
2016-03-23-11-00-00,8,6,2
2016-03-23-11-15-00,13,9,4
2016-03-23-11-30-00,13,6,7
2016-03-23-11-45-00,4,1,3
2016-03-23-12-00-00,7,3,4
2016-03-23-12-15-00,7,4,3
2016-03-23-12-30-00,9,6,3
2016-03-23-12-45-00,3,2,1
2016-03-23-13-00-00,11,4,7
2016-03-23-13-15-00,6,1,5
2016-03-23-13-30-00,16,9,7
2016-03-23-13-45-00,14,11,3
2016-03-23-14-00-00,17,4,13
2016-03-23-14-15-00,10,4,6
2016-03-23-14-30-00,9,5,4
2016-03-23-14-45-00,14,4,10
2016-03-23-15-00-00,19,10,9
2016-03-23-15-15-00,25,14,11
2016-03-23-15-30-00,15,10,5
2016-03-23-15-45-00,22,16,6
2016-03-23-16-00-00,30,22,8
2016-03-23-16-15-00,23,14,9
2016-03-23-16-30-00,28,20,8
2016-03-23-16-45-00,33,19,14
2016-03-23-17-00-00,26,15,11
2016-03-23-17-15-00,30,20,10
2016-03-23-17-30-00,36,22,14
2016-03-23-17-45-00,44,30,14
2016-03-23-18-00-00,24,20,4
2016-03-23-18-15-00,34,23,11
2016-03-23-18-30-00,26,19,7
2016-03-23-18-45-00,29,18,11
2016-03-23-19-00-00,11,9,2
2016-03-23-19-15-00,16,11,5
2016-03-23-19-30-00,10,8,2
2016-03-23-19-45-00,8,6,2
2016-03-23-20-00-00,5,4,1
2016-03-23-20-15-00,5,4,1
2016-03-23-20-30-00,6,4,2
2016-03-23-20-45-00,5,4,1
2016-03-23-21-00-00,3,1,2
2016-03-23-21-15-00,7,3,4
2016-03-23-21-30-00,3,1,2
2016-03-23-21-45-00,0,0,0
2016-03-23-22-00-00,1,1,0
2016-03-23-22-15-00,1,0,1
2016-03-23-22-30-00,1,0,1
2016-03-23-22-45-00,3,1,2
2016-03-23-23-00-00,0,0,0
2016-03-23-23-15-00,4,0,4
2016-03-23-23-30-00,0,0,0
2016-03-23-23-45-00,1,0,1
2016-03-24-00-00-00,0,0,0
2016-03-24-00-15-00,0,0,0
2016-03-24-00-30-00,1,0,1
2016-03-24-00-45-00,0,0,0
2016-03-24-01-00-00,0,0,0
2016-03-24-01-15-00,0,0,0
2016-03-24-01-30-00,0,0,0
2016-03-24-01-45-00,0,0,0
2016-03-24-02-00-00,0,0,0
2016-03-24-02-15-00,1,0,1
2016-03-24-02-30-00,0,0,0
2016-03-24-02-45-00,0,0,0
2016-03-24-03-00-00,0,0,0
2016-03-24-03-15-00,1,0,1
2016-03-24-03-30-00,0,0,0
2016-03-24-03-45-00,0,0,0
2016-03-24-04-00-00,0,0,0
2016-03-24-04-15-00,0,0,0
2016-03-24-04-30-00,1,0,1
2016-03-24-04-45-00,0,0,0
2016-03-24-05-00-00,0,0,0
2016-03-24-05-15-00,0,0,0
2016-03-24-05-30-00,0,0,0
2016-03-24-05-45-00,5,4,1
2016-03-24-06-00-00,2,1,1
2016-03-24-06-15-00,4,1,3
2016-03-24-06-30-00,5,2,3
2016-03-24-06-45-00,7,3,4
2016-03-24-07-00-00,9,2,7
2016-03-24-07-15-00,14,7,7
2016-03-24-07-30-00,21,6,15
2016-03-24-07-45-00,33,10,23
2016-03-24-08-00-00,20,5,15
2016-03-24-08-15-00,27,6,21
2016-03-24-08-30-00,26,7,19
2016-03-24-08-45-00,28,7,21
2016-03-24-09-00-00,15,2,13
2016-03-24-09-15-00,15,4,11
2016-03-24-09-30-00,8,3,5
2016-03-24-09-45-00,5,1,4
2016-03-24-10-00-00,9,2,7
2016-03-24-10-15-00,9,4,5
2016-03-24-10-30-00,9,4,5
2016-03-24-10-45-00,15,6,9
2016-03-24-11-00-00,9,3,6
2016-03-24-11-15-00,9,1,8
2016-03-24-11-30-00,13,2,11
2016-03-24-11-45-00,11,7,4
2016-03-24-12-00-00,20,13,7
2016-03-24-12-15-00,9,4,5
2016-03-24-12-30-00,17,10,7
2016-03-24-12-45-00,12,6,6
2016-03-24-13-00-00,12,7,5
2016-03-24-13-15-00,15,6,9
2016-03-24-13-30-00,8,2,6
2016-03-24-13-45-00,11,3,8
2016-03-24-14-00-00,19,12,7
2016-03-24-14-15-00,23,8,15
2016-03-24-14-30-00,6,4,2
2016-03-24-14-45-00,19,11,8
2016-03-24-15-00-00,23,11,12
2016-03-24-15-15-00,24,18,6
2016-03-24-15-30-00,20,9,11
2016-03-24-15-45-00,24,17,7
2016-03-24-16-00-00,26,16,10
2016-03-24-16-15-00,28,22,6
2016-03-24-16-30-00,27,17,10
2016-03-24-16-45-00,26,18,8
2016-03-24-17-00-00,30,18,12
2016-03-24-17-15-00,12,9,3
2016-03-24-17-30-00,23,18,5
2016-03-24-17-45-00,19,11,8
2016-03-24-18-00-00,19,15,4
2016-03-24-18-15-00,18,10,8
2016-03-24-18-30-00,22,21,1
2016-03-24-18-45-00,11,4,7
2016-03-24-19-00-00,9,7,2
2016-03-24-19-15-00,5,3,2
2016-03-24-19-30-00,7,3,4
2016-03-24-19-45-00,2,2,0
2016-03-24-20-00-00,1,1,0
2016-03-24-20-15-00,5,2,3
2016-03-24-20-30-00,2,0,2
2016-03-24-20-45-00,2,2,0
2016-03-24-21-00-00,1,1,0
2016-03-24-21-15-00,4,3,1
2016-03-24-21-30-00,5,0,5
2016-03-24-21-45-00,3,3,0
2016-03-24-22-00-00,0,0,0
2016-03-24-22-15-00,0,0,0
2016-03-24-22-30-00,1,0,1
2016-03-24-22-45-00,4,3,1
2016-03-24-23-00-00,0,0,0
2016-03-24-23-15-00,1,0,1
2016-03-24-23-30-00,1,1,0
2016-03-24-23-45-00,0,0,0
2016-03-25-00-00-00,1,1,0
2016-03-25-00-15-00,0,0,0
2016-03-25-00-30-00,0,0,0
2016-03-25-00-45-00,1,0,1
2016-03-25-01-00-00,0,0,0
2016-03-25-01-15-00,1,0,1
2016-03-25-01-30-00,0,0,0
2016-03-25-01-45-00,0,0,0
2016-03-25-02-00-00,0,0,0
2016-03-25-02-15-00,0,0,0
2016-03-25-02-30-00,2,0,2
2016-03-25-02-45-00,0,0,0
2016-03-25-03-00-00,0,0,0
2016-03-25-03-15-00,0,0,0
2016-03-25-03-30-00,0,0,0
2016-03-25-03-45-00,0,0,0
2016-03-25-04-00-00,0,0,0
2016-03-25-04-15-00,0,0,0
2016-03-25-04-30-00,0,0,0
2016-03-25-04-45-00,0,0,0
2016-03-25-05-00-00,0,0,0
2016-03-25-05-15-00,0,0,0
2016-03-25-05-30-00,1,1,0
2016-03-25-05-45-00,0,0,0
2016-03-25-06-00-00,0,0,0
2016-03-25-06-15-00,0,0,0
2016-03-25-06-30-00,0,0,0
2016-03-25-06-45-00,0,0,0
2016-03-25-07-00-00,0,0,0
2016-03-25-07-15-00,1,0,1
2016-03-25-07-30-00,3,3,0
2016-03-25-07-45-00,1,1,0
2016-03-25-08-00-00,0,0,0
2016-03-25-08-15-00,2,0,2
2016-03-25-08-30-00,2,1,1
2016-03-25-08-45-00,4,3,1
2016-03-25-09-00-00,6,4,2
2016-03-25-09-15-00,0,0,0
2016-03-25-09-30-00,3,1,2
2016-03-25-09-45-00,4,1,3
2016-03-25-10-00-00,7,2,5
2016-03-25-10-15-00,2,1,1
2016-03-25-10-30-00,7,4,3
2016-03-25-10-45-00,1,0,1
2016-03-25-11-00-00,2,0,2
2016-03-25-11-15-00,1,0,1
2016-03-25-11-30-00,2,2,0
2016-03-25-11-45-00,1,1,0
2016-03-25-12-00-00,4,2,2
2016-03-25-12-15-00,1,0,1
2016-03-25-12-30-00,2,0,2
2016-03-25-12-45-00,3,3,0
2016-03-25-13-00-00,7,4,3
2016-03-25-13-15-00,3,0,3
2016-03-25-13-30-00,8,7,1
2016-03-25-13-45-00,5,1,4
2016-03-25-14-00-00,2,1,1
2016-03-25-14-15-00,5,0,5
2016-03-25-14-30-00,0,0,0
2016-03-25-14-45-00,3,2,1
2016-03-25-15-00-00,1,1,0
2016-03-25-15-15-00,0,0,0
2016-03-25-15-30-00,8,3,5
2016-03-25-15-45-00,7,4,3
2016-03-25-16-00-00,5,0,5
2016-03-25-16-15-00,4,2,2
2016-03-25-16-30-00,1,0,1
2016-03-25-16-45-00,2,0,2
2016-03-25-17-00-00,10,3,7
2016-03-25-17-15-00,15,7,8
2016-03-25-17-30-00,14,4,10
2016-03-25-17-45-00,12,9,3
2016-03-25-18-00-00,13,10,3
2016-03-25-18-15-00,13,6,7
2016-03-25-18-30-00,6,3,3
2016-03-25-18-45-00,6,4,2
2016-03-25-19-00-00,2,2,0
2016-03-25-19-15-00,0,0,0
2016-03-25-19-30-00,0,0,0
2016-03-25-19-45-00,7,6,1
2016-03-25-20-00-00,1,1,0
2016-03-25-20-15-00,1,1,0
2016-03-25-20-30-00,0,0,0
2016-03-25-20-45-00,1,0,1
2016-03-25-21-00-00,0,0,0
2016-03-25-21-15-00,3,1,2
2016-03-25-21-30-00,1,1,0
2016-03-25-21-45-00,0,0,0
2016-03-25-22-00-00,0,0,0
2016-03-25-22-15-00,2,2,0
2016-03-25-22-30-00,2,1,1
2016-03-25-22-45-00,0,0,0
2016-03-25-23-00-00,0,0,0
2016-03-25-23-15-00,0,0,0
2016-03-25-23-30-00,0,0,0
2016-03-25-23-45-00,0,0,0
2016-03-26-00-00-00,1,0,1
2016-03-26-00-15-00,0,0,0
2016-03-26-00-30-00,2,0,2
2016-03-26-00-45-00,0,0,0
2016-03-26-01-00-00,0,0,0
2016-03-26-01-15-00,0,0,0
2016-03-26-01-30-00,0,0,0
2016-03-26-01-45-00,0,0,0
2016-03-26-02-00-00,0,0,0
2016-03-26-02-15-00,0,0,0
2016-03-26-02-30-00,0,0,0
2016-03-26-02-45-00,0,0,0
2016-03-26-03-00-00,0,0,0
2016-03-26-03-15-00,0,0,0
2016-03-26-03-30-00,0,0,0
2016-03-26-03-45-00,0,0,0
2016-03-26-04-00-00,0,0,0
2016-03-26-04-15-00,0,0,0
2016-03-26-04-30-00,0,0,0
2016-03-26-04-45-00,0,0,0
2016-03-26-05-00-00,0,0,0
2016-03-26-05-15-00,0,0,0
2016-03-26-05-30-00,0,0,0
2016-03-26-05-45-00,0,0,0
2016-03-26-06-00-00,0,0,0
2016-03-26-06-15-00,1,1,0
2016-03-26-06-30-00,0,0,0
2016-03-26-06-45-00,1,0,1
2016-03-26-07-00-00,1,1,0
2016-03-26-07-15-00,0,0,0
2016-03-26-07-30-00,3,2,1
2016-03-26-07-45-00,7,4,3
2016-03-26-08-00-00,5,0,5
2016-03-26-08-15-00,5,3,2
2016-03-26-08-30-00,4,3,1
2016-03-26-08-45-00,10,5,5
2016-03-26-09-00-00,9,4,5
2016-03-26-09-15-00,13,8,5
2016-03-26-09-30-00,11,5,6
2016-03-26-09-45-00,16,11,5
2016-03-26-10-00-00,21,11,10
2016-03-26-10-15-00,15,5,10
2016-03-26-10-30-00,23,9,14
2016-03-26-10-45-00,31,14,17
2016-03-26-11-00-00,45,25,20
2016-03-26-11-15-00,45,21,24
2016-03-26-11-30-00,57,26,31
2016-03-26-11-45-00,66,29,37
2016-03-26-12-00-00,46,13,33
2016-03-26-12-15-00,48,32,16
2016-03-26-12-30-00,66,29,37
2016-03-26-12-45-00,93,50,43
2016-03-26-13-00-00,89,35,54
2016-03-26-13-15-00,76,41,35
2016-03-26-13-30-00,84,38,46
2016-03-26-13-45-00,81,42,39
2016-03-26-14-00-00,102,61,41
2016-03-26-14-15-00,95,62,33
2016-03-26-14-30-00,87,51,36
2016-03-26-14-45-00,97,44,53
2016-03-26-15-00-00,84,48,36
2016-03-26-15-15-00,95,44,51
2016-03-26-15-30-00,108,64,44
2016-03-26-15-45-00,110,72,38
2016-03-26-16-00-00,89,51,38
2016-03-26-16-15-00,133,79,54
2016-03-26-16-30-00,80,49,31
2016-03-26-16-45-00,118,69,49
2016-03-26-17-00-00,73,45,28
2016-03-26-17-15-00,86,48,38
2016-03-26-17-30-00,75,48,27
2016-03-26-17-45-00,56,34,22
2016-03-26-18-00-00,41,25,16
2016-03-26-18-15-00,29,22,7
2016-03-26-18-30-00,24,16,8
2016-03-26-18-45-00,16,9,7
2016-03-26-19-00-00,9,4,5
2016-03-26-19-15-00,6,4,2
2016-03-26-19-30-00,13,5,8
2016-03-26-19-45-00,6,3,3
2016-03-26-20-00-00,1,1,0
2016-03-26-20-15-00,3,0,3
2016-03-26-20-30-00,1,0,1
2016-03-26-20-45-00,1,1,0
2016-03-26-21-00-00,1,0,1
2016-03-26-21-15-00,5,4,1
2016-03-26-21-30-00,1,0,1
2016-03-26-21-45-00,3,2,1
2016-03-26-22-00-00,3,2,1
2016-03-26-22-15-00,0,0,0
2016-03-26-22-30-00,3,3,0
2016-03-26-22-45-00,3,1,2
2016-03-26-23-00-00,1,0,1
2016-03-26-23-15-00,0,0,0
2016-03-26-23-30-00,1,0,1
2016-03-26-23-45-00,0,0,0
2016-03-27-00-00-00,0,0,0
2016-03-27-00-15-00,1,0,1
2016-03-27-00-30-00,0,0,0
2016-03-27-00-45-00,2,2,0
2016-03-27-01-00-00,0,0,0
2016-03-27-01-15-00,1,1,0
2016-03-27-01-30-00,0,0,0
2016-03-27-01-45-00,0,0,0
2016-03-27-03-00-00,2,0,2
2016-03-27-03-15-00,0,0,0
2016-03-27-03-30-00,2,1,1
2016-03-27-03-45-00,0,0,0
2016-03-27-04-00-00,0,0,0
2016-03-27-04-15-00,0,0,0
2016-03-27-04-30-00,0,0,0
2016-03-27-04-45-00,0,0,0
2016-03-27-05-00-00,0,0,0
2016-03-27-05-15-00,0,0,0
2016-03-27-05-30-00,0,0,0
2016-03-27-05-45-00,0,0,0
2016-03-27-06-00-00,0,0,0
2016-03-27-06-15-00,0,0,0
2016-03-27-06-30-00,0,0,0
2016-03-27-06-45-00,0,0,0
2016-03-27-07-00-00,1,0,1
2016-03-27-07-15-00,1,0,1
2016-03-27-07-30-00,1,0,1
2016-03-27-07-45-00,1,0,1
2016-03-27-08-00-00,0,0,0
2016-03-27-08-15-00,1,1,0
2016-03-27-08-30-00,1,1,0
2016-03-27-08-45-00,4,0,4
2016-03-27-09-00-00,0,0,0
2016-03-27-09-15-00,5,5,0
2016-03-27-09-30-00,1,1,0
2016-03-27-09-45-00,0,0,0
2016-03-27-10-00-00,3,0,3
2016-03-27-10-15-00,2,1,1
2016-03-27-10-30-00,1,0,1
2016-03-27-10-45-00,2,0,2
2016-03-27-11-00-00,1,0,1
2016-03-27-11-15-00,8,4,4
2016-03-27-11-30-00,6,5,1
2016-03-27-11-45-00,8,2,6
2016-03-27-12-00-00,13,4,9
2016-03-27-12-15-00,7,4,3
2016-03-27-12-30-00,9,5,4
2016-03-27-12-45-00,12,5,7
2016-03-27-13-00-00,25,9,16
2016-03-27-13-15-00,23,11,12
2016-03-27-13-30-00,20,7,13
2016-03-27-13-45-00,32,23,9
2016-03-27-14-00-00,22,8,14
2016-03-27-14-15-00,34,12,22
2016-03-27-14-30-00,19,10,9
2016-03-27-14-45-00,42,21,21
2016-03-27-15-00-00,30,18,12
2016-03-27-15-15-00,33,7,26
2016-03-27-15-30-00,26,15,11
2016-03-27-15-45-00,40,18,22
2016-03-27-16-00-00,32,20,12
2016-03-27-16-15-00,20,10,10
2016-03-27-16-30-00,21,15,6
2016-03-27-16-45-00,18,16,2
2016-03-27-17-00-00,10,4,6
2016-03-27-17-15-00,22,14,8
2016-03-27-17-30-00,19,11,8
2016-03-27-17-45-00,15,10,5
2016-03-27-18-00-00,19,12,7
2016-03-27-18-15-00,27,10,17
2016-03-27-18-30-00,12,7,5
2016-03-27-18-45-00,20,12,8
2016-03-27-19-00-00,12,2,10
2016-03-27-19-15-00,18,10,8
2016-03-27-19-30-00,16,6,10
2016-03-27-19-45-00,10,4,6
2016-03-27-20-00-00,6,4,2
2016-03-27-20-15-00,4,3,1
2016-03-27-20-30-00,9,4,5
2016-03-27-20-45-00,1,1,0
2016-03-27-21-00-00,2,2,0
2016-03-27-21-15-00,1,1,0
2016-03-27-21-30-00,2,1,1
2016-03-27-21-45-00,0,0,0
2016-03-27-22-00-00,2,0,2
2016-03-27-22-15-00,1,0,1
2016-03-27-22-30-00,1,1,0
2016-03-27-22-45-00,3,0,3
2016-03-27-23-00-00,1,1,0
2016-03-27-23-15-00,1,0,1
2016-03-27-23-30-00,0,0,0
2016-03-27-23-45-00,0,0,0
2016-03-28-00-00-00,0,0,0
2016-03-28-00-15-00,3,2,1
2016-03-28-00-30-00,2,1,1
2016-03-28-00-45-00,0,0,0
2016-03-28-01-00-00,0,0,0
2016-03-28-01-15-00,1,0,1
2016-03-28-01-30-00,0,0,0
2016-03-28-01-45-00,0,0,0
2016-03-28-02-00-00,0,0,0
2016-03-28-02-15-00,0,0,0
2016-03-28-02-30-00,0,0,0
2016-03-28-02-45-00,0,0,0
2016-03-28-03-00-00,0,0,0
2016-03-28-03-15-00,0,0,0
2016-03-28-03-30-00,0,0,0
2016-03-28-03-45-00,0,0,0
2016-03-28-04-00-00,0,0,0
2016-03-28-04-15-00,0,0,0
2016-03-28-04-30-00,0,0,0
2016-03-28-04-45-00,0,0,0
2016-03-28-05-00-00,0,0,0
2016-03-28-05-15-00,0,0,0
2016-03-28-05-30-00,0,0,0
2016-03-28-05-45-00,0,0,0
2016-03-28-06-00-00,0,0,0
2016-03-28-06-15-00,0,0,0
2016-03-28-06-30-00,1,0,1
2016-03-28-06-45-00,0,0,0
2016-03-28-07-00-00,1,0,1
2016-03-28-07-15-00,0,0,0
2016-03-28-07-30-00,0,0,0
2016-03-28-07-45-00,2,2,0
2016-03-28-08-00-00,2,2,0
2016-03-28-08-15-00,3,0,3
2016-03-28-08-30-00,4,2,2
2016-03-28-08-45-00,4,2,2
2016-03-28-09-00-00,6,6,0
2016-03-28-09-15-00,3,2,1
2016-03-28-09-30-00,7,4,3
2016-03-28-09-45-00,3,1,2
2016-03-28-10-00-00,3,1,2
2016-03-28-10-15-00,4,2,2
2016-03-28-10-30-00,5,1,4
2016-03-28-10-45-00,1,1,0
2016-03-28-11-00-00,6,4,2
2016-03-28-11-15-00,3,1,2
2016-03-28-11-30-00,11,11,0
2016-03-28-11-45-00,14,6,8
2016-03-28-12-00-00,7,0,7
2016-03-28-12-15-00,11,5,6
2016-03-28-12-30-00,9,6,3
2016-03-28-12-45-00,10,9,1
2016-03-28-13-00-00,10,5,5
2016-03-28-13-15-00,11,6,5
2016-03-28-13-30-00,15,8,7
2016-03-28-13-45-00,6,2,4
2016-03-28-14-00-00,21,12,9
2016-03-28-14-15-00,16,9,7
2016-03-28-14-30-00,11,8,3
2016-03-28-14-45-00,14,10,4
2016-03-28-15-00-00,9,5,4
2016-03-28-15-15-00,3,2,1
2016-03-28-15-30-00,4,3,1
2016-03-28-15-45-00,5,4,1
2016-03-28-16-00-00,6,6,0
2016-03-28-16-15-00,9,6,3
2016-03-28-16-30-00,17,9,8
2016-03-28-16-45-00,11,7,4
2016-03-28-17-00-00,13,8,5
2016-03-28-17-15-00,10,7,3
2016-03-28-17-30-00,15,6,9
2016-03-28-17-45-00,10,5,5
2016-03-28-18-00-00,2,1,1
2016-03-28-18-15-00,7,4,3
2016-03-28-18-30-00,10,6,4
2016-03-28-18-45-00,6,2,4
2016-03-28-19-00-00,8,5,3
2016-03-28-19-15-00,11,5,6
2016-03-28-19-30-00,10,3,7
2016-03-28-19-45-00,4,4,0
2016-03-28-20-00-00,5,4,1
2016-03-28-20-15-00,2,1,1
2016-03-28-20-30-00,0,0,0
2016-03-28-20-45-00,3,2,1
2016-03-28-21-00-00,2,2,0
2016-03-28-21-15-00,0,0,0
2016-03-28-21-30-00,0,0,0
2016-03-28-21-45-00,2,1,1
2016-03-28-22-00-00,1,1,0
2016-03-28-22-15-00,1,1,0
2016-03-28-22-30-00,0,0,0
2016-03-28-22-45-00,0,0,0
2016-03-28-23-00-00,0,0,0
2016-03-28-23-15-00,0,0,0
2016-03-28-23-30-00,0,0,0
2016-03-28-23-45-00,0,0,0
2016-03-29-00-00-00,3,0,3
2016-03-29-00-15-00,2,0,2
2016-03-29-00-30-00,1,0,1
2016-03-29-00-45-00,0,0,0
2016-03-29-01-00-00,0,0,0
2016-03-29-01-15-00,0,0,0
2016-03-29-01-30-00,0,0,0
2016-03-29-01-45-00,0,0,0
2016-03-29-02-00-00,0,0,0
2016-03-29-02-15-00,0,0,0
2016-03-29-02-30-00,0,0,0
2016-03-29-02-45-00,0,0,0
2016-03-29-03-00-00,0,0,0
2016-03-29-03-15-00,0,0,0
2016-03-29-03-30-00,0,0,0
2016-03-29-03-45-00,0,0,0
2016-03-29-04-00-00,0,0,0
2016-03-29-04-15-00,0,0,0
2016-03-29-04-30-00,0,0,0
2016-03-29-04-45-00,1,0,1
2016-03-29-05-00-00,0,0,0
2016-03-29-05-15-00,0,0,0
2016-03-29-05-30-00,0,0,0
2016-03-29-05-45-00,1,0,1
2016-03-29-06-00-00,0,0,0
2016-03-29-06-15-00,2,1,1
2016-03-29-06-30-00,4,0,4
2016-03-29-06-45-00,5,1,4
2016-03-29-07-00-00,8,1,7
2016-03-29-07-15-00,11,5,6
2016-03-29-07-30-00,13,2,11
2016-03-29-07-45-00,18,4,14
2016-03-29-08-00-00,15,2,13
2016-03-29-08-15-00,17,6,11
2016-03-29-08-30-00,32,2,30
2016-03-29-08-45-00,27,6,21
2016-03-29-09-00-00,16,4,12
2016-03-29-09-15-00,6,3,3
2016-03-29-09-30-00,2,1,1
2016-03-29-09-45-00,6,4,2
2016-03-29-10-00-00,8,3,5
2016-03-29-10-15-00,12,3,9
2016-03-29-10-30-00,10,4,6
2016-03-29-10-45-00,9,7,2
2016-03-29-11-00-00,11,7,4
2016-03-29-11-15-00,5,2,3
2016-03-29-11-30-00,16,6,10
2016-03-29-11-45-00,10,4,6
2016-03-29-12-00-00,8,2,6
2016-03-29-12-15-00,15,8,7
2016-03-29-12-30-00,11,5,6
2016-03-29-12-45-00,8,6,2
2016-03-29-13-00-00,10,8,2
2016-03-29-13-15-00,15,10,5
2016-03-29-13-30-00,8,6,2
2016-03-29-13-45-00,21,10,11
2016-03-29-14-00-00,15,7,8
2016-03-29-14-15-00,10,6,4
2016-03-29-14-30-00,22,13,9
2016-03-29-14-45-00,12,8,4
2016-03-29-15-00-00,17,8,9
2016-03-29-15-15-00,17,11,6
2016-03-29-15-30-00,30,15,15
2016-03-29-15-45-00,13,8,5
2016-03-29-16-00-00,17,11,6
2016-03-29-16-15-00,28,16,12
2016-03-29-16-30-00,33,20,13
2016-03-29-16-45-00,24,17,7
2016-03-29-17-00-00,25,16,9
2016-03-29-17-15-00,35,16,19
2016-03-29-17-30-00,33,21,12
2016-03-29-17-45-00,34,26,8
2016-03-29-18-00-00,23,16,7
2016-03-29-18-15-00,38,26,12
2016-03-29-18-30-00,31,15,16
2016-03-29-18-45-00,37,19,18
2016-03-29-19-00-00,23,11,12
2016-03-29-19-15-00,21,12,9
2016-03-29-19-30-00,18,12,6
2016-03-29-19-45-00,16,11,5
2016-03-29-20-00-00,8,6,2
2016-03-29-20-15-00,18,11,7
2016-03-29-20-30-00,4,3,1
2016-03-29-20-45-00,5,4,1
2016-03-29-21-00-00,1,1,0
2016-03-29-21-15-00,4,3,1
2016-03-29-21-30-00,4,3,1
2016-03-29-21-45-00,1,0,1
2016-03-29-22-00-00,0,0,0
2016-03-29-22-15-00,0,0,0
2016-03-29-22-30-00,2,2,0
2016-03-29-22-45-00,2,1,1
2016-03-29-23-00-00,0,0,0
2016-03-29-23-15-00,0,0,0
2016-03-29-23-30-00,3,2,1
2016-03-29-23-45-00,3,0,3
2016-03-30-00-00-00,1,1,0
2016-03-30-00-15-00,0,0,0
2016-03-30-00-30-00,0,0,0
2016-03-30-00-45-00,3,1,2
2016-03-30-01-00-00,0,0,0
2016-03-30-01-15-00,0,0,0
2016-03-30-01-30-00,0,0,0
2016-03-30-01-45-00,0,0,0
2016-03-30-02-00-00,0,0,0
2016-03-30-02-15-00,0,0,0
2016-03-30-02-30-00,0,0,0
2016-03-30-02-45-00,0,0,0
2016-03-30-03-00-00,0,0,0
2016-03-30-03-15-00,0,0,0
2016-03-30-03-30-00,0,0,0
2016-03-30-03-45-00,0,0,0
2016-03-30-04-00-00,1,0,1
2016-03-30-04-15-00,0,0,0
2016-03-30-04-30-00,0,0,0
2016-03-30-04-45-00,0,0,0
2016-03-30-05-00-00,0,0,0
2016-03-30-05-15-00,0,0,0
2016-03-30-05-30-00,1,0,1
2016-03-30-05-45-00,2,2,0
2016-03-30-06-00-00,0,0,0
2016-03-30-06-15-00,4,0,4
2016-03-30-06-30-00,1,0,1
2016-03-30-06-45-00,5,2,3
2016-03-30-07-00-00,5,2,3
2016-03-30-07-15-00,11,4,7
2016-03-30-07-30-00,10,3,7
2016-03-30-07-45-00,15,1,14
2016-03-30-08-00-00,13,2,11
2016-03-30-08-15-00,12,2,10
2016-03-30-08-30-00,17,1,16
2016-03-30-08-45-00,21,2,19
2016-03-30-09-00-00,13,4,9
2016-03-30-09-15-00,11,5,6
2016-03-30-09-30-00,8,1,7
2016-03-30-09-45-00,5,2,3
2016-03-30-10-00-00,5,2,3
2016-03-30-10-15-00,0,0,0
2016-03-30-10-30-00,7,3,4
2016-03-30-10-45-00,6,1,5
2016-03-30-11-00-00,5,2,3
2016-03-30-11-15-00,2,2,0
2016-03-30-11-30-00,11,8,3
2016-03-30-11-45-00,8,5,3
2016-03-30-12-00-00,10,5,5
2016-03-30-12-15-00,8,6,2
2016-03-30-12-30-00,13,8,5
2016-03-30-12-45-00,10,6,4
2016-03-30-13-00-00,20,9,11
2016-03-30-13-15-00,10,8,2
2016-03-30-13-30-00,11,5,6
2016-03-30-13-45-00,11,5,6
2016-03-30-14-00-00,15,7,8
2016-03-30-14-15-00,14,7,7
2016-03-30-14-30-00,22,14,8
2016-03-30-14-45-00,11,6,5
2016-03-30-15-00-00,13,4,9
2016-03-30-15-15-00,23,14,9
2016-03-30-15-30-00,26,17,9
2016-03-30-15-45-00,19,10,9
2016-03-30-16-00-00,27,11,16
2016-03-30-16-15-00,32,27,5
2016-03-30-16-30-00,27,18,9
2016-03-30-16-45-00,19,11,8
2016-03-30-17-00-00,32,22,10
2016-03-30-17-15-00,34,21,13
2016-03-30-17-30-00,32,19,13
2016-03-30-17-45-00,26,16,10
2016-03-30-18-00-00,45,26,19
2016-03-30-18-15-00,30,22,8
2016-03-30-18-30-00,35,22,13
2016-03-30-18-45-00,33,20,13
2016-03-30-19-00-00,25,20,5
2016-03-30-19-15-00,15,7,8
2016-03-30-19-30-00,18,9,9
2016-03-30-19-45-00,15,11,4
2016-03-30-20-00-00,21,8,13
2016-03-30-20-15-00,7,6,1
2016-03-30-20-30-00,6,2,4
2016-03-30-20-45-00,4,4,0
2016-03-30-21-00-00,8,4,4
2016-03-30-21-15-00,2,1,1
2016-03-30-21-30-00,2,2,0
2016-03-30-21-45-00,2,1,1
2016-03-30-22-00-00,1,0,1
2016-03-30-22-15-00,0,0,0
2016-03-30-22-30-00,0,0,0
2016-03-30-22-45-00,0,0,0
2016-03-30-23-00-00,0,0,0
2016-03-30-23-15-00,0,0,0
2016-03-30-23-30-00,0,0,0
2016-03-30-23-45-00,0,0,0
2016-03-31-00-00-00,0,0,0
2016-03-31-00-15-00,0,0,0
2016-03-31-00-30-00,0,0,0
2016-03-31-00-45-00,0,0,0
2016-03-31-01-00-00,0,0,0
2016-03-31-01-15-00,0,0,0
2016-03-31-01-30-00,0,0,0
2016-03-31-01-45-00,0,0,0
2016-03-31-02-00-00,0,0,0
2016-03-31-02-15-00,0,0,0
2016-03-31-02-30-00,0,0,0
2016-03-31-02-45-00,0,0,0
2016-03-31-03-00-00,0,0,0
2016-03-31-03-15-00,0,0,0
2016-03-31-03-30-00,0,0,0
2016-03-31-03-45-00,0,0,0
2016-03-31-04-00-00,1,1,0
2016-03-31-04-15-00,0,0,0
2016-03-31-04-30-00,0,0,0
2016-03-31-04-45-00,0,0,0
2016-03-31-05-00-00,0,0,0
2016-03-31-05-15-00,0,0,0
2016-03-31-05-30-00,0,0,0
2016-03-31-05-45-00,1,1,0
2016-03-31-06-00-00,0,0,0
2016-03-31-06-15-00,1,0,1
2016-03-31-06-30-00,4,0,4
2016-03-31-06-45-00,7,2,5
2016-03-31-07-00-00,9,4,5
2016-03-31-07-15-00,10,4,6
2016-03-31-07-30-00,16,5,11
2016-03-31-07-45-00,18,2,16
2016-03-31-08-00-00,16,2,14
2016-03-31-08-15-00,18,3,15
2016-03-31-08-30-00,28,2,26
2016-03-31-08-45-00,28,6,22
2016-03-31-09-00-00,14,2,12
2016-03-31-09-15-00,6,2,4
2016-03-31-09-30-00,12,4,8
2016-03-31-09-45-00,9,4,5
2016-03-31-10-00-00,7,3,4
2016-03-31-10-15-00,4,1,3
2016-03-31-10-30-00,1,1,0
2016-03-31-10-45-00,7,2,5
2016-03-31-11-00-00,2,2,0
2016-03-31-11-15-00,3,1,2
2016-03-31-11-30-00,3,1,2
2016-03-31-11-45-00,1,1,0
2016-03-31-12-00-00,3,3,0
2016-03-31-12-15-00,2,0,2
2016-03-31-12-30-00,4,2,2
2016-03-31-12-45-00,2,1,1
2016-03-31-13-00-00,2,0,2
2016-03-31-13-15-00,5,2,3
2016-03-31-13-30-00,2,2,0
2016-03-31-13-45-00,2,0,2
2016-03-31-14-00-00,7,5,2
2016-03-31-14-15-00,4,1,3
2016-03-31-14-30-00,3,2,1
2016-03-31-14-45-00,5,4,1
2016-03-31-15-00-00,5,5,0
2016-03-31-15-15-00,5,3,2
2016-03-31-15-30-00,5,5,0
2016-03-31-15-45-00,5,3,2
2016-03-31-16-00-00,11,5,6
2016-03-31-16-15-00,10,9,1
2016-03-31-16-30-00,18,14,4
2016-03-31-16-45-00,16,11,5
2016-03-31-17-00-00,13,8,5
2016-03-31-17-15-00,15,10,5
2016-03-31-17-30-00,14,11,3
2016-03-31-17-45-00,11,8,3
2016-03-31-18-00-00,11,9,2
2016-03-31-18-15-00,4,3,1
2016-03-31-18-30-00,6,4,2
2016-03-31-18-45-00,7,6,1
2016-03-31-19-00-00,6,4,2
2016-03-31-19-15-00,16,14,2
2016-03-31-19-30-00,8,7,1
2016-03-31-19-45-00,4,3,1
2016-03-31-20-00-00,3,3,0
2016-03-31-20-15-00,5,5,0
2016-03-31-20-30-00,1,0,1
2016-03-31-20-45-00,2,2,0
2016-03-31-21-00-00,1,1,0
2016-03-31-21-15-00,1,1,0
2016-03-31-21-30-00,0,0,0
2016-03-31-21-45-00,1,0,1
2016-03-31-22-00-00,0,0,0
2016-03-31-22-15-00,1,0,1
2016-03-31-22-30-00,0,0,0
2016-03-31-22-45-00,0,0,0
2016-03-31-23-00-00,0,0,0
2016-03-31-23-15-00,0,0,0
2016-03-31-23-30-00,0,0,0
2016-03-31-23-45-00,0,0,0
2016-04-01-00-00-00,0,0,0
2016-04-01-00-15-00,0,0,0
2016-04-01-00-30-00,0,0,0
2016-04-01-00-45-00,0,0,0
2016-04-01-01-00-00,0,0,0
2016-04-01-01-15-00,0,0,0
2016-04-01-01-30-00,0,0,0
2016-04-01-01-45-00,0,0,0
2016-04-01-02-00-00,0,0,0
2016-04-01-02-15-00,0,0,0
2016-04-01-02-30-00,0,0,0
2016-04-01-02-45-00,0,0,0
2016-04-01-03-00-00,0,0,0
2016-04-01-03-15-00,0,0,0
2016-04-01-03-30-00,1,0,1
2016-04-01-03-45-00,0,0,0
2016-04-01-04-00-00,0,0,0
2016-04-01-04-15-00,0,0,0
2016-04-01-04-30-00,0,0,0
2016-04-01-04-45-00,0,0,0
2016-04-01-05-00-00,0,0,0
2016-04-01-05-15-00,0,0,0
2016-04-01-05-30-00,1,0,1
2016-04-01-05-45-00,2,0,2
2016-04-01-06-00-00,4,1,3
2016-04-01-06-15-00,3,1,2
2016-04-01-06-30-00,5,2,3
2016-04-01-06-45-00,7,5,2
2016-04-01-07-00-00,10,2,8
2016-04-01-07-15-00,8,3,5
2016-04-01-07-30-00,17,4,13
2016-04-01-07-45-00,24,4,20
2016-04-01-08-00-00,29,10,19
2016-04-01-08-15-00,37,11,26
2016-04-01-08-30-00,27,4,23
2016-04-01-08-45-00,33,7,26
2016-04-01-09-00-00,18,4,14
2016-04-01-09-15-00,13,3,10
2016-04-01-09-30-00,18,9,9
2016-04-01-09-45-00,9,7,2
2016-04-01-10-00-00,9,4,5
2016-04-01-10-15-00,9,3,6
2016-04-01-10-30-00,8,3,5
2016-04-01-10-45-00,17,12,5
2016-04-01-11-00-00,17,7,10
2016-04-01-11-15-00,21,10,11
2016-04-01-11-30-00,17,6,11
2016-04-01-11-45-00,20,7,13
2016-04-01-12-00-00,26,10,16
2016-04-01-12-15-00,24,16,8
2016-04-01-12-30-00,17,5,12
2016-04-01-12-45-00,22,12,10
2016-04-01-13-00-00,21,12,9
2016-04-01-13-15-00,22,12,10
2016-04-01-13-30-00,17,11,6
2016-04-01-13-45-00,28,14,14
2016-04-01-14-00-00,19,6,13
2016-04-01-14-15-00,40,23,17
2016-04-01-14-30-00,33,18,15
2016-04-01-14-45-00,37,21,16
2016-04-01-15-00-00,48,28,20
2016-04-01-15-15-00,45,26,19
2016-04-01-15-30-00,55,35,20
2016-04-01-15-45-00,56,37,19
2016-04-01-16-00-00,51,28,23
2016-04-01-16-15-00,73,37,36
2016-04-01-16-30-00,39,26,13
2016-04-01-16-45-00,61,35,26
2016-04-01-17-00-00,68,43,25
2016-04-01-17-15-00,79,48,31
2016-04-01-17-30-00,72,52,20
2016-04-01-17-45-00,44,29,15
2016-04-01-18-00-00,52,27,25
2016-04-01-18-15-00,53,25,28
2016-04-01-18-30-00,50,27,23
2016-04-01-18-45-00,43,23,20
2016-04-01-19-00-00,32,22,10
2016-04-01-19-15-00,34,20,14
2016-04-01-19-30-00,24,14,10
2016-04-01-19-45-00,21,13,8
2016-04-01-20-00-00,14,10,4
2016-04-01-20-15-00,11,5,6
2016-04-01-20-30-00,9,6,3
2016-04-01-20-45-00,6,6,0
2016-04-01-21-00-00,0,0,0
2016-04-01-21-15-00,2,2,0
2016-04-01-21-30-00,6,4,2
2016-04-01-21-45-00,1,0,1
2016-04-01-22-00-00,0,0,0
2016-04-01-22-15-00,1,1,0
2016-04-01-22-30-00,3,2,1
2016-04-01-22-45-00,0,0,0
2016-04-01-23-00-00,3,2,1
2016-04-01-23-15-00,2,0,2
2016-04-01-23-30-00,0,0,0
2016-04-01-23-45-00,1,1,0
2016-04-02-00-00-00,0,0,0
2016-04-02-00-15-00,0,0,0
2016-04-02-00-30-00,4,1,3
2016-04-02-00-45-00,2,2,0
2016-04-02-01-00-00,3,0,3
2016-04-02-01-15-00,1,1,0
2016-04-02-01-30-00,0,0,0
2016-04-02-01-45-00,0,0,0
2016-04-02-02-00-00,0,0,0
2016-04-02-02-15-00,0,0,0
2016-04-02-02-30-00,1,0,1
2016-04-02-02-45-00,0,0,0
2016-04-02-03-00-00,0,0,0
2016-04-02-03-15-00,0,0,0
2016-04-02-03-30-00,2,1,1
2016-04-02-03-45-00,0,0,0
2016-04-02-04-00-00,0,0,0
2016-04-02-04-15-00,0,0,0
2016-04-02-04-30-00,1,0,1
2016-04-02-04-45-00,0,0,0
2016-04-02-05-00-00,0,0,0
2016-04-02-05-15-00,0,0,0
2016-04-02-05-30-00,0,0,0
2016-04-02-05-45-00,0,0,0
2016-04-02-06-00-00,1,1,0
2016-04-02-06-15-00,0,0,0
2016-04-02-06-30-00,0,0,0
2016-04-02-06-45-00,3,1,2
2016-04-02-07-00-00,1,1,0
2016-04-02-07-15-00,2,0,2
2016-04-02-07-30-00,1,1,0
2016-04-02-07-45-00,3,3,0
2016-04-02-08-00-00,4,1,3
2016-04-02-08-15-00,4,1,3
2016-04-02-08-30-00,3,0,3
2016-04-02-08-45-00,7,5,2
2016-04-02-09-00-00,8,3,5
2016-04-02-09-15-00,12,6,6
2016-04-02-09-30-00,19,13,6
2016-04-02-09-45-00,15,8,7
2016-04-02-10-00-00,11,8,3
2016-04-02-10-15-00,36,11,25
2016-04-02-10-30-00,25,10,15
2016-04-02-10-45-00,32,19,13
2016-04-02-11-00-00,43,17,26
2016-04-02-11-15-00,57,31,26
2016-04-02-11-30-00,54,12,42
2016-04-02-11-45-00,49,23,26
2016-04-02-12-00-00,56,20,36
2016-04-02-12-15-00,54,29,25
2016-04-02-12-30-00,71,36,35
2016-04-02-12-45-00,78,34,44
2016-04-02-13-00-00,81,39,42
2016-04-02-13-15-00,75,39,36
2016-04-02-13-30-00,78,23,55
2016-04-02-13-45-00,83,46,37
2016-04-02-14-00-00,102,40,62
2016-04-02-14-15-00,78,38,40
2016-04-02-14-30-00,118,68,50
2016-04-02-14-45-00,121,71,50
2016-04-02-15-00-00,85,48,37
2016-04-02-15-15-00,119,46,73
2016-04-02-15-30-00,92,56,36
2016-04-02-15-45-00,94,46,48
2016-04-02-16-00-00,99,59,40
2016-04-02-16-15-00,95,62,33
2016-04-02-16-30-00,73,39,34
2016-04-02-16-45-00,105,58,47
2016-04-02-17-00-00,73,37,36
2016-04-02-17-15-00,89,60,29
2016-04-02-17-30-00,74,52,22
2016-04-02-17-45-00,93,36,57
2016-04-02-18-00-00,79,43,36
2016-04-02-18-15-00,47,26,21
2016-04-02-18-30-00,55,28,27
2016-04-02-18-45-00,46,28,18
2016-04-02-19-00-00,33,17,16
2016-04-02-19-15-00,31,20,11
2016-04-02-19-30-00,34,23,11
2016-04-02-19-45-00,28,19,9
2016-04-02-20-00-00,16,9,7
2016-04-02-20-15-00,10,3,7
2016-04-02-20-30-00,12,9,3
2016-04-02-20-45-00,2,1,1
2016-04-02-21-00-00,7,5,2
2016-04-02-21-15-00,1,0,1
2016-04-02-21-30-00,5,3,2
2016-04-02-21-45-00,4,3,1
2016-04-02-22-00-00,1,0,1
2016-04-02-22-15-00,2,1,1
2016-04-02-22-30-00,4,0,4
2016-04-02-22-45-00,1,1,0
2016-04-02-23-00-00,3,1,2
2016-04-02-23-15-00,4,1,3
2016-04-02-23-30-00,0,0,0
2016-04-02-23-45-00,1,1,0
2016-04-03-00-00-00,1,1,0
2016-04-03-00-15-00,1,1,0
2016-04-03-00-30-00,1,1,0
2016-04-03-00-45-00,3,1,2
2016-04-03-01-00-00,3,2,1
2016-04-03-01-15-00,2,1,1
2016-04-03-01-30-00,0,0,0
2016-04-03-01-45-00,1,1,0
2016-04-03-02-00-00,2,2,0
2016-04-03-02-15-00,0,0,0
2016-04-03-02-30-00,4,3,1
2016-04-03-02-45-00,2,0,2
2016-04-03-03-00-00,1,0,1
2016-04-03-03-15-00,0,0,0
2016-04-03-03-30-00,0,0,0
2016-04-03-03-45-00,0,0,0
2016-04-03-04-00-00,0,0,0
2016-04-03-04-15-00,0,0,0
2016-04-03-04-30-00,0,0,0
2016-04-03-04-45-00,0,0,0
2016-04-03-05-00-00,1,0,1
2016-04-03-05-15-00,0,0,0
2016-04-03-05-30-00,0,0,0
2016-04-03-05-45-00,0,0,0
2016-04-03-06-00-00,0,0,0
2016-04-03-06-15-00,0,0,0
2016-04-03-06-30-00,2,0,2
2016-04-03-06-45-00,0,0,0
2016-04-03-07-00-00,3,1,2
2016-04-03-07-15-00,1,1,0
2016-04-03-07-30-00,4,1,3
2016-04-03-07-45-00,1,0,1
2016-04-03-08-00-00,3,1,2
2016-04-03-08-15-00,3,1,2
2016-04-03-08-30-00,7,4,3
2016-04-03-08-45-00,10,7,3
2016-04-03-09-00-00,9,4,5
2016-04-03-09-15-00,13,7,6
2016-04-03-09-30-00,13,3,10
2016-04-03-09-45-00,17,7,10
2016-04-03-10-00-00,28,8,20
2016-04-03-10-15-00,23,11,12
2016-04-03-10-30-00,37,19,18
2016-04-03-10-45-00,52,31,21
2016-04-03-11-00-00,51,31,20
2016-04-03-11-15-00,44,27,17
2016-04-03-11-30-00,72,36,36
2016-04-03-11-45-00,58,38,20
2016-04-03-12-00-00,71,38,33
2016-04-03-12-15-00,98,51,47
2016-04-03-12-30-00,78,35,43
2016-04-03-12-45-00,94,54,40
2016-04-03-13-00-00,104,49,55
2016-04-03-13-15-00,122,59,63
2016-04-03-13-30-00,108,39,69
2016-04-03-13-45-00,108,55,53
2016-04-03-14-00-00,117,66,51
2016-04-03-14-15-00,135,78,57
2016-04-03-14-30-00,146,56,90
2016-04-03-14-45-00,129,46,83
2016-04-03-15-00-00,133,52,81
2016-04-03-15-15-00,125,56,69
2016-04-03-15-30-00,104,45,59
2016-04-03-15-45-00,110,58,52
2016-04-03-16-00-00,97,50,47
2016-04-03-16-15-00,96,50,46
2016-04-03-16-30-00,72,39,33
2016-04-03-16-45-00,84,44,40
2016-04-03-17-00-00,79,48,31
2016-04-03-17-15-00,70,40,30
2016-04-03-17-30-00,46,29,17
2016-04-03-17-45-00,57,30,27
2016-04-03-18-00-00,62,27,35
2016-04-03-18-15-00,47,23,24
2016-04-03-18-30-00,49,28,21
2016-04-03-18-45-00,34,15,19
2016-04-03-19-00-00,24,14,10
2016-04-03-19-15-00,12,6,6
2016-04-03-19-30-00,27,13,14
2016-04-03-19-45-00,8,5,3
2016-04-03-20-00-00,13,6,7
2016-04-03-20-15-00,6,5,1
2016-04-03-20-30-00,10,8,2
2016-04-03-20-45-00,6,4,2
2016-04-03-21-00-00,3,1,2
2016-04-03-21-15-00,5,3,2
2016-04-03-21-30-00,4,2,2
2016-04-03-21-45-00,3,1,2
2016-04-03-22-00-00,2,2,0
2016-04-03-22-15-00,1,0,1
2016-04-03-22-30-00,0,0,0
2016-04-03-22-45-00,0,0,0
2016-04-03-23-00-00,3,0,3
2016-04-03-23-15-00,3,2,1
2016-04-03-23-30-00,0,0,0
2016-04-03-23-45-00,0,0,0
2016-04-04-00-00-00,1,0,1
2016-04-04-00-15-00,0,0,0
2016-04-04-00-30-00,1,1,0
2016-04-04-00-45-00,0,0,0
2016-04-04-01-00-00,0,0,0
2016-04-04-01-15-00,0,0,0
2016-04-04-01-30-00,0,0,0
2016-04-04-01-45-00,0,0,0
2016-04-04-02-00-00,0,0,0
2016-04-04-02-15-00,0,0,0
2016-04-04-02-30-00,0,0,0
2016-04-04-02-45-00,0,0,0
2016-04-04-03-00-00,0,0,0
2016-04-04-03-15-00,0,0,0
2016-04-04-03-30-00,0,0,0
2016-04-04-03-45-00,0,0,0
2016-04-04-04-00-00,0,0,0
2016-04-04-04-15-00,0,0,0
2016-04-04-04-30-00,1,0,1
2016-04-04-04-45-00,0,0,0
2016-04-04-05-00-00,0,0,0
2016-04-04-05-15-00,0,0,0
2016-04-04-05-30-00,0,0,0
2016-04-04-05-45-00,4,1,3
2016-04-04-06-00-00,3,1,2
2016-04-04-06-15-00,9,4,5
2016-04-04-06-30-00,8,4,4
2016-04-04-06-45-00,14,7,7
2016-04-04-07-00-00,24,11,13
2016-04-04-07-15-00,40,10,30
2016-04-04-07-30-00,45,18,27
2016-04-04-07-45-00,56,14,42
2016-04-04-08-00-00,51,7,44
2016-04-04-08-15-00,39,8,31
2016-04-04-08-30-00,55,10,45
2016-04-04-08-45-00,50,11,39
2016-04-04-09-00-00,36,10,26
2016-04-04-09-15-00,33,7,26
2016-04-04-09-30-00,19,8,11
2016-04-04-09-45-00,21,7,14
2016-04-04-10-00-00,17,7,10
2016-04-04-10-15-00,21,11,10
2016-04-04-10-30-00,18,9,9
2016-04-04-10-45-00,11,5,6
2016-04-04-11-00-00,19,10,9
2016-04-04-11-15-00,28,18,10
2016-04-04-11-30-00,15,4,11
2016-04-04-11-45-00,23,11,12
2016-04-04-12-00-00,18,4,14
2016-04-04-12-15-00,14,7,7
2016-04-04-12-30-00,18,8,10
2016-04-04-12-45-00,13,6,7
2016-04-04-13-00-00,29,14,15
2016-04-04-13-15-00,25,7,18
2016-04-04-13-30-00,27,12,15
2016-04-04-13-45-00,15,7,8
2016-04-04-14-00-00,21,14,7
2016-04-04-14-15-00,37,19,18
2016-04-04-14-30-00,37,20,17
2016-04-04-14-45-00,28,20,8
2016-04-04-15-00-00,29,15,14
2016-04-04-15-15-00,49,39,10
2016-04-04-15-30-00,27,19,8
2016-04-04-15-45-00,40,30,10
2016-04-04-16-00-00,37,21,16
2016-04-04-16-15-00,58,36,22
2016-04-04-16-30-00,47,28,19
2016-04-04-16-45-00,57,44,13
2016-04-04-17-00-00,34,26,8
2016-04-04-17-15-00,51,37,14
2016-04-04-17-30-00,58,35,23
2016-04-04-17-45-00,52,38,14
2016-04-04-18-00-00,39,24,15
2016-04-04-18-15-00,59,42,17
2016-04-04-18-30-00,47,24,23
2016-04-04-18-45-00,45,32,13
2016-04-04-19-00-00,48,30,18
2016-04-04-19-15-00,48,28,20
2016-04-04-19-30-00,46,27,19
2016-04-04-19-45-00,32,20,12
2016-04-04-20-00-00,33,26,7
2016-04-04-20-15-00,12,6,6
2016-04-04-20-30-00,16,7,9
2016-04-04-20-45-00,10,6,4
2016-04-04-21-00-00,3,3,0
2016-04-04-21-15-00,5,2,3
2016-04-04-21-30-00,12,4,8
2016-04-04-21-45-00,3,3,0
2016-04-04-22-00-00,0,0,0
2016-04-04-22-15-00,1,1,0
2016-04-04-22-30-00,1,1,0
2016-04-04-22-45-00,3,2,1
2016-04-04-23-00-00,0,0,0
2016-04-04-23-15-00,0,0,0
2016-04-04-23-30-00,0,0,0
2016-04-04-23-45-00,1,0,1
2016-04-05-00-00-00,0,0,0
2016-04-05-00-15-00,1,1,0
2016-04-05-00-30-00,0,0,0
2016-04-05-00-45-00,0,0,0
2016-04-05-01-00-00,0,0,0
2016-04-05-01-15-00,0,0,0
2016-04-05-01-30-00,0,0,0
2016-04-05-01-45-00,0,0,0
2016-04-05-02-00-00,0,0,0
2016-04-05-02-15-00,0,0,0
2016-04-05-02-30-00,0,0,0
2016-04-05-02-45-00,0,0,0
2016-04-05-03-00-00,0,0,0
2016-04-05-03-15-00,0,0,0
2016-04-05-03-30-00,0,0,0
2016-04-05-03-45-00,0,0,0
2016-04-05-04-00-00,0,0,0
2016-04-05-04-15-00,0,0,0
2016-04-05-04-30-00,1,1,0
2016-04-05-04-45-00,0,0,0
2016-04-05-05-00-00,0,0,0
2016-04-05-05-15-00,1,0,1
2016-04-05-05-30-00,0,0,0
2016-04-05-05-45-00,5,2,3
2016-04-05-06-00-00,4,2,2
2016-04-05-06-15-00,5,2,3
2016-04-05-06-30-00,13,7,6
2016-04-05-06-45-00,16,7,9
2016-04-05-07-00-00,12,3,9
2016-04-05-07-15-00,30,10,20
2016-04-05-07-30-00,45,22,23
2016-04-05-07-45-00,40,10,30
2016-04-05-08-00-00,43,8,35
2016-04-05-08-15-00,46,8,38
2016-04-05-08-30-00,28,4,24
2016-04-05-08-45-00,36,6,30
2016-04-05-09-00-00,24,3,21
2016-04-05-09-15-00,11,6,5
2016-04-05-09-30-00,9,3,6
2016-04-05-09-45-00,11,3,8
2016-04-05-10-00-00,10,3,7
2016-04-05-10-15-00,6,2,4
2016-04-05-10-30-00,4,3,1
2016-04-05-10-45-00,1,1,0
2016-04-05-11-00-00,7,3,4
2016-04-05-11-15-00,3,2,1
2016-04-05-11-30-00,2,2,0
2016-04-05-11-45-00,7,4,3
2016-04-05-12-00-00,3,2,1
2016-04-05-12-15-00,7,7,0
2016-04-05-12-30-00,8,3,5
2016-04-05-12-45-00,6,3,3
2016-04-05-13-00-00,7,3,4
2016-04-05-13-15-00,6,6,0
2016-04-05-13-30-00,11,8,3
2016-04-05-13-45-00,5,4,1
2016-04-05-14-00-00,8,0,8
2016-04-05-14-15-00,2,1,1
2016-04-05-14-30-00,9,4,5
2016-04-05-14-45-00,5,3,2
2016-04-05-15-00-00,6,3,3
2016-04-05-15-15-00,7,5,2
2016-04-05-15-30-00,9,6,3
2016-04-05-15-45-00,13,8,5
2016-04-05-16-00-00,24,17,7
2016-04-05-16-15-00,13,9,4
2016-04-05-16-30-00,28,23,5
2016-04-05-16-45-00,24,17,7
2016-04-05-17-00-00,22,16,6
2016-04-05-17-15-00,30,21,9
2016-04-05-17-30-00,27,19,8
2016-04-05-17-45-00,22,17,5
2016-04-05-18-00-00,22,17,5
2016-04-05-18-15-00,28,22,6
2016-04-05-18-30-00,19,18,1
2016-04-05-18-45-00,22,15,7
2016-04-05-19-00-00,15,4,11
2016-04-05-19-15-00,22,16,6
2016-04-05-19-30-00,12,5,7
2016-04-05-19-45-00,13,9,4
2016-04-05-20-00-00,12,9,3
2016-04-05-20-15-00,12,8,4
2016-04-05-20-30-00,11,7,4
2016-04-05-20-45-00,1,0,1
2016-04-05-21-00-00,4,3,1
2016-04-05-21-15-00,3,1,2
2016-04-05-21-30-00,3,2,1
2016-04-05-21-45-00,7,1,6
2016-04-05-22-00-00,3,0,3
2016-04-05-22-15-00,1,1,0
2016-04-05-22-30-00,0,0,0
2016-04-05-22-45-00,2,1,1
2016-04-05-23-00-00,2,1,1
2016-04-05-23-15-00,0,0,0
2016-04-05-23-30-00,0,0,0
2016-04-05-23-45-00,0,0,0
2016-04-06-00-00-00,1,1,0
2016-04-06-00-15-00,0,0,0
2016-04-06-00-30-00,0,0,0
2016-04-06-00-45-00,0,0,0
2016-04-06-01-00-00,0,0,0
2016-04-06-01-15-00,0,0,0
2016-04-06-01-30-00,0,0,0
2016-04-06-01-45-00,0,0,0
2016-04-06-02-00-00,0,0,0
2016-04-06-02-15-00,0,0,0
2016-04-06-02-30-00,0,0,0
2016-04-06-02-45-00,0,0,0
2016-04-06-03-00-00,0,0,0
2016-04-06-03-15-00,0,0,0
2016-04-06-03-30-00,0,0,0
2016-04-06-03-45-00,0,0,0
2016-04-06-04-00-00,0,0,0
2016-04-06-04-15-00,0,0,0
2016-04-06-04-30-00,0,0,0
2016-04-06-04-45-00,0,0,0
2016-04-06-05-00-00,0,0,0
2016-04-06-05-15-00,0,0,0
2016-04-06-05-30-00,1,1,0
2016-04-06-05-45-00,5,1,4
2016-04-06-06-00-00,2,1,1
2016-04-06-06-15-00,6,0,6
2016-04-06-06-30-00,10,5,5
2016-04-06-06-45-00,10,5,5
2016-04-06-07-00-00,14,5,9
2016-04-06-07-15-00,26,7,19
2016-04-06-07-30-00,49,19,30
2016-04-06-07-45-00,35,5,30
2016-04-06-08-00-00,46,8,38
2016-04-06-08-15-00,43,14,29
2016-04-06-08-30-00,50,8,42
2016-04-06-08-45-00,27,5,22
2016-04-06-09-00-00,34,10,24
2016-04-06-09-15-00,22,5,17
2016-04-06-09-30-00,16,7,9
2016-04-06-09-45-00,25,9,16
2016-04-06-10-00-00,15,6,9
2016-04-06-10-15-00,21,10,11
2016-04-06-10-30-00,18,8,10
2016-04-06-10-45-00,18,9,9
2016-04-06-11-00-00,29,15,14
2016-04-06-11-15-00,24,10,14
2016-04-06-11-30-00,23,12,11
2016-04-06-11-45-00,19,11,8
2016-04-06-12-00-00,19,8,11
2016-04-06-12-15-00,26,13,13
2016-04-06-12-30-00,26,8,18
2016-04-06-12-45-00,19,8,11
2016-04-06-13-00-00,28,16,12
2016-04-06-13-15-00,23,13,10
2016-04-06-13-30-00,22,9,13
2016-04-06-13-45-00,22,11,11
2016-04-06-14-00-00,17,12,5
2016-04-06-14-15-00,23,13,10
2016-04-06-14-30-00,22,12,10
2016-04-06-14-45-00,26,16,10
2016-04-06-15-00-00,32,16,16
2016-04-06-15-15-00,34,16,18
2016-04-06-15-30-00,30,18,12
2016-04-06-15-45-00,23,17,6
2016-04-06-16-00-00,36,21,15
2016-04-06-16-15-00,49,31,18
2016-04-06-16-30-00,55,40,15
2016-04-06-16-45-00,51,33,18
2016-04-06-17-00-00,48,35,13
2016-04-06-17-15-00,51,39,12
2016-04-06-17-30-00,46,29,17
2016-04-06-17-45-00,46,32,14
2016-04-06-18-00-00,43,31,12
2016-04-06-18-15-00,34,21,13
2016-04-06-18-30-00,38,23,15
2016-04-06-18-45-00,40,30,10
2016-04-06-19-00-00,35,27,8
2016-04-06-19-15-00,29,13,16
2016-04-06-19-30-00,30,26,4
2016-04-06-19-45-00,17,8,9
2016-04-06-20-00-00,17,9,8
2016-04-06-20-15-00,10,9,1
2016-04-06-20-30-00,3,2,1
2016-04-06-20-45-00,5,5,0
2016-04-06-21-00-00,10,8,2
2016-04-06-21-15-00,4,3,1
2016-04-06-21-30-00,3,3,0
2016-04-06-21-45-00,1,1,0
2016-04-06-22-00-00,2,1,1
2016-04-06-22-15-00,0,0,0
2016-04-06-22-30-00,1,1,0
2016-04-06-22-45-00,0,0,0
2016-04-06-23-00-00,3,1,2
2016-04-06-23-15-00,1,0,1
2016-04-06-23-30-00,1,0,1
2016-04-06-23-45-00,0,0,0
2016-04-07-00-00-00,0,0,0
2016-04-07-00-15-00,0,0,0
2016-04-07-00-30-00,0,0,0
2016-04-07-00-45-00,3,3,0
2016-04-07-01-00-00,0,0,0
2016-04-07-01-15-00,0,0,0
2016-04-07-01-30-00,0,0,0
2016-04-07-01-45-00,0,0,0
2016-04-07-02-00-00,0,0,0
2016-04-07-02-15-00,0,0,0
2016-04-07-02-30-00,0,0,0
2016-04-07-02-45-00,0,0,0
2016-04-07-03-00-00,0,0,0
2016-04-07-03-15-00,0,0,0
2016-04-07-03-30-00,0,0,0
2016-04-07-03-45-00,0,0,0
2016-04-07-04-00-00,0,0,0
2016-04-07-04-15-00,0,0,0
2016-04-07-04-30-00,0,0,0
2016-04-07-04-45-00,0,0,0
2016-04-07-05-00-00,0,0,0
2016-04-07-05-15-00,1,0,1
2016-04-07-05-30-00,2,2,0
2016-04-07-05-45-00,5,2,3
2016-04-07-06-00-00,4,0,4
2016-04-07-06-15-00,5,1,4
2016-04-07-06-30-00,7,4,3
2016-04-07-06-45-00,9,4,5
2016-04-07-07-00-00,19,6,13
2016-04-07-07-15-00,21,6,15
2016-04-07-07-30-00,47,20,27
2016-04-07-07-45-00,33,5,28
2016-04-07-08-00-00,53,14,39
2016-04-07-08-15-00,48,11,37
2016-04-07-08-30-00,41,6,35
2016-04-07-08-45-00,35,2,33
2016-04-07-09-00-00,34,8,26
2016-04-07-09-15-00,19,4,15
2016-04-07-09-30-00,19,8,11
2016-04-07-09-45-00,16,10,6
2016-04-07-10-00-00,8,5,3
2016-04-07-10-15-00,14,8,6
2016-04-07-10-30-00,15,8,7
2016-04-07-10-45-00,21,11,10
2016-04-07-11-00-00,10,7,3
2016-04-07-11-15-00,8,3,5
2016-04-07-11-30-00,8,4,4
2016-04-07-11-45-00,16,10,6
2016-04-07-12-00-00,21,8,13
2016-04-07-12-15-00,7,2,5
2016-04-07-12-30-00,12,7,5
2016-04-07-12-45-00,13,5,8
2016-04-07-13-00-00,11,5,6
2016-04-07-13-15-00,11,8,3
2016-04-07-13-30-00,15,8,7
2016-04-07-13-45-00,8,5,3
2016-04-07-14-00-00,10,6,4
2016-04-07-14-15-00,14,10,4
2016-04-07-14-30-00,13,10,3
2016-04-07-14-45-00,14,7,7
2016-04-07-15-00-00,14,10,4
2016-04-07-15-15-00,20,10,10
2016-04-07-15-30-00,20,12,8
2016-04-07-15-45-00,20,14,6
2016-04-07-16-00-00,21,10,11
2016-04-07-16-15-00,41,21,20
2016-04-07-16-30-00,36,25,11
2016-04-07-16-45-00,37,21,16
2016-04-07-17-00-00,39,26,13
2016-04-07-17-15-00,39,30,9
2016-04-07-17-30-00,31,27,4
2016-04-07-17-45-00,26,17,9
2016-04-07-18-00-00,35,26,9
2016-04-07-18-15-00,39,29,10
2016-04-07-18-30-00,20,16,4
2016-04-07-18-45-00,31,20,11
2016-04-07-19-00-00,25,14,11
2016-04-07-19-15-00,19,17,2
2016-04-07-19-30-00,18,9,9
2016-04-07-19-45-00,28,19,9
2016-04-07-20-00-00,9,6,3
2016-04-07-20-15-00,16,9,7
2016-04-07-20-30-00,9,5,4
2016-04-07-20-45-00,3,1,2
2016-04-07-21-00-00,7,6,1
2016-04-07-21-15-00,5,4,1
2016-04-07-21-30-00,2,2,0
2016-04-07-21-45-00,4,1,3
2016-04-07-22-00-00,3,1,2
2016-04-07-22-15-00,3,0,3
2016-04-07-22-30-00,0,0,0
2016-04-07-22-45-00,0,0,0
2016-04-07-23-00-00,0,0,0
2016-04-07-23-15-00,4,1,3
2016-04-07-23-30-00,0,0,0
2016-04-07-23-45-00,1,1,0
2016-04-08-00-00-00,0,0,0
2016-04-08-00-15-00,0,0,0
2016-04-08-00-30-00,0,0,0
2016-04-08-00-45-00,0,0,0
2016-04-08-01-00-00,0,0,0
2016-04-08-01-15-00,0,0,0
2016-04-08-01-30-00,0,0,0
2016-04-08-01-45-00,0,0,0
2016-04-08-02-00-00,0,0,0
2016-04-08-02-15-00,0,0,0
2016-04-08-02-30-00,0,0,0
2016-04-08-02-45-00,0,0,0
2016-04-08-03-00-00,0,0,0
2016-04-08-03-15-00,0,0,0
2016-04-08-03-30-00,0,0,0
2016-04-08-03-45-00,0,0,0
2016-04-08-04-00-00,0,0,0
2016-04-08-04-15-00,0,0,0
2016-04-08-04-30-00,0,0,0
2016-04-08-04-45-00,0,0,0
2016-04-08-05-00-00,0,0,0
2016-04-08-05-15-00,0,0,0
2016-04-08-05-30-00,1,1,0
2016-04-08-05-45-00,9,4,5
2016-04-08-06-00-00,3,1,2
2016-04-08-06-15-00,6,1,5
2016-04-08-06-30-00,9,2,7
2016-04-08-06-45-00,8,5,3
2016-04-08-07-00-00,15,6,9
2016-04-08-07-15-00,27,8,19
2016-04-08-07-30-00,31,13,18
2016-04-08-07-45-00,38,8,30
2016-04-08-08-00-00,49,9,40
2016-04-08-08-15-00,31,3,28
2016-04-08-08-30-00,45,12,33
2016-04-08-08-45-00,25,6,19
2016-04-08-09-00-00,30,5,25
2016-04-08-09-15-00,23,13,10
2016-04-08-09-30-00,10,4,6
2016-04-08-09-45-00,17,9,8
2016-04-08-10-00-00,18,9,9
2016-04-08-10-15-00,16,7,9
2016-04-08-10-30-00,15,4,11
2016-04-08-10-45-00,19,15,4
2016-04-08-11-00-00,15,8,7
2016-04-08-11-15-00,28,15,13
2016-04-08-11-30-00,10,5,5
2016-04-08-11-45-00,15,4,11
2016-04-08-12-00-00,12,6,6
2016-04-08-12-15-00,17,9,8
2016-04-08-12-30-00,17,5,12
2016-04-08-12-45-00,31,19,12
2016-04-08-13-00-00,22,13,9
2016-04-08-13-15-00,21,12,9
2016-04-08-13-30-00,22,14,8
2016-04-08-13-45-00,27,15,12
2016-04-08-14-00-00,25,19,6
2016-04-08-14-15-00,22,10,12
2016-04-08-14-30-00,19,9,10
2016-04-08-14-45-00,23,12,11
2016-04-08-15-00-00,26,14,12
2016-04-08-15-15-00,31,18,13
2016-04-08-15-30-00,34,26,8
2016-04-08-15-45-00,31,21,10
2016-04-08-16-00-00,27,17,10
2016-04-08-16-15-00,45,22,23
2016-04-08-16-30-00,65,50,15
2016-04-08-16-45-00,48,33,15
2016-04-08-17-00-00,42,26,16
2016-04-08-17-15-00,41,28,13
2016-04-08-17-30-00,45,30,15
2016-04-08-17-45-00,53,20,33
2016-04-08-18-00-00,45,25,20
2016-04-08-18-15-00,45,33,12
2016-04-08-18-30-00,44,29,15
2016-04-08-18-45-00,30,12,18
2016-04-08-19-00-00,30,15,15
2016-04-08-19-15-00,28,16,12
2016-04-08-19-30-00,20,14,6
2016-04-08-19-45-00,10,6,4
2016-04-08-20-00-00,19,11,8
2016-04-08-20-15-00,9,8,1
2016-04-08-20-30-00,6,6,0
2016-04-08-20-45-00,4,2,2
2016-04-08-21-00-00,5,4,1
2016-04-08-21-15-00,2,1,1
2016-04-08-21-30-00,4,1,3
2016-04-08-21-45-00,5,1,4
2016-04-08-22-00-00,3,2,1
2016-04-08-22-15-00,1,1,0
2016-04-08-22-30-00,0,0,0
2016-04-08-22-45-00,0,0,0
2016-04-08-23-00-00,2,2,0
2016-04-08-23-15-00,1,0,1
2016-04-08-23-30-00,5,4,1
2016-04-08-23-45-00,0,0,0
2016-04-09-00-00-00,3,1,2
2016-04-09-00-15-00,3,1,2
2016-04-09-00-30-00,0,0,0
2016-04-09-00-45-00,4,4,0
2016-04-09-01-00-00,0,0,0
2016-04-09-01-15-00,1,0,1
2016-04-09-01-30-00,3,3,0
2016-04-09-01-45-00,0,0,0
2016-04-09-02-00-00,1,0,1
2016-04-09-02-15-00,0,0,0
2016-04-09-02-30-00,1,0,1
2016-04-09-02-45-00,0,0,0
2016-04-09-03-00-00,0,0,0
2016-04-09-03-15-00,0,0,0
2016-04-09-03-30-00,1,0,1
2016-04-09-03-45-00,0,0,0
2016-04-09-04-00-00,0,0,0
2016-04-09-04-15-00,0,0,0
2016-04-09-04-30-00,0,0,0
2016-04-09-04-45-00,0,0,0
2016-04-09-05-00-00,0,0,0
2016-04-09-05-15-00,0,0,0
2016-04-09-05-30-00,1,0,1
2016-04-09-05-45-00,0,0,0
2016-04-09-06-00-00,1,0,1
2016-04-09-06-15-00,1,0,1
2016-04-09-06-30-00,3,0,3
2016-04-09-06-45-00,0,0,0
2016-04-09-07-00-00,4,1,3
2016-04-09-07-15-00,0,0,0
2016-04-09-07-30-00,6,1,5
2016-04-09-07-45-00,3,0,3
2016-04-09-08-00-00,4,2,2
2016-04-09-08-15-00,8,5,3
2016-04-09-08-30-00,10,8,2
2016-04-09-08-45-00,7,2,5
2016-04-09-09-00-00,8,5,3
2016-04-09-09-15-00,12,8,4
2016-04-09-09-30-00,22,9,13
2016-04-09-09-45-00,14,6,8
2016-04-09-10-00-00,22,6,16
2016-04-09-10-15-00,26,16,10
2016-04-09-10-30-00,25,10,15
2016-04-09-10-45-00,36,15,21
2016-04-09-11-00-00,41,24,17
2016-04-09-11-15-00,40,33,7
2016-04-09-11-30-00,59,26,33
2016-04-09-11-45-00,68,30,38
2016-04-09-12-00-00,40,15,25
2016-04-09-12-15-00,62,36,26
2016-04-09-12-30-00,51,17,34
2016-04-09-12-45-00,66,32,34
2016-04-09-13-00-00,65,32,33
2016-04-09-13-15-00,67,28,39
2016-04-09-13-30-00,65,30,35
2016-04-09-13-45-00,125,66,59
2016-04-09-14-00-00,75,33,42
2016-04-09-14-15-00,93,44,49
2016-04-09-14-30-00,90,41,49
2016-04-09-14-45-00,92,49,43
2016-04-09-15-00-00,105,65,40
2016-04-09-15-15-00,114,61,53
2016-04-09-15-30-00,101,48,53
2016-04-09-15-45-00,129,75,54
2016-04-09-16-00-00,105,52,53
2016-04-09-16-15-00,105,59,46
2016-04-09-16-30-00,110,73,37
2016-04-09-16-45-00,101,50,51
2016-04-09-17-00-00,88,60,28
2016-04-09-17-15-00,79,42,37
2016-04-09-17-30-00,83,50,33
2016-04-09-17-45-00,74,47,27
2016-04-09-18-00-00,54,32,22
2016-04-09-18-15-00,40,23,17
2016-04-09-18-30-00,34,20,14
2016-04-09-18-45-00,32,21,11
2016-04-09-19-00-00,28,23,5
2016-04-09-19-15-00,30,21,9
2016-04-09-19-30-00,9,4,5
2016-04-09-19-45-00,27,20,7
2016-04-09-20-00-00,23,19,4
2016-04-09-20-15-00,15,6,9
2016-04-09-20-30-00,6,5,1
2016-04-09-20-45-00,20,15,5
2016-04-09-21-00-00,6,4,2
2016-04-09-21-15-00,5,5,0
2016-04-09-21-30-00,7,5,2
2016-04-09-21-45-00,2,0,2
2016-04-09-22-00-00,6,5,1
2016-04-09-22-15-00,4,4,0
2016-04-09-22-30-00,1,0,1
2016-04-09-22-45-00,2,2,0
2016-04-09-23-00-00,2,1,1
2016-04-09-23-15-00,1,0,1
2016-04-09-23-30-00,2,0,2
2016-04-09-23-45-00,4,4,0
2016-04-10-00-00-00,2,0,2
2016-04-10-00-15-00,2,2,0
2016-04-10-00-30-00,2,2,0
2016-04-10-00-45-00,3,1,2
2016-04-10-01-00-00,2,0,2
2016-04-10-01-15-00,2,0,2
2016-04-10-01-30-00,0,0,0
2016-04-10-01-45-00,1,0,1
2016-04-10-02-00-00,4,4,0
2016-04-10-02-15-00,0,0,0
2016-04-10-02-30-00,0,0,0
2016-04-10-02-45-00,0,0,0
2016-04-10-03-00-00,1,0,1
2016-04-10-03-15-00,0,0,0
2016-04-10-03-30-00,0,0,0
2016-04-10-03-45-00,0,0,0
2016-04-10-04-00-00,0,0,0
2016-04-10-04-15-00,0,0,0
2016-04-10-04-30-00,0,0,0
2016-04-10-04-45-00,0,0,0
2016-04-10-05-00-00,0,0,0
2016-04-10-05-15-00,0,0,0
2016-04-10-05-30-00,0,0,0
2016-04-10-05-45-00,0,0,0
2016-04-10-06-00-00,0,0,0
2016-04-10-06-15-00,1,1,0
2016-04-10-06-30-00,1,0,1
2016-04-10-06-45-00,2,1,1
2016-04-10-07-00-00,2,2,0
2016-04-10-07-15-00,4,3,1
2016-04-10-07-30-00,4,2,2
2016-04-10-07-45-00,9,6,3
2016-04-10-08-00-00,4,2,2
2016-04-10-08-15-00,10,6,4
2016-04-10-08-30-00,5,3,2
2016-04-10-08-45-00,15,10,5
2016-04-10-09-00-00,17,10,7
2016-04-10-09-15-00,25,8,17
2016-04-10-09-30-00,35,19,16
2016-04-10-09-45-00,32,11,21
2016-04-10-10-00-00,40,19,21
2016-04-10-10-15-00,43,22,21
2016-04-10-10-30-00,45,25,20
2016-04-10-10-45-00,50,25,25
2016-04-10-11-00-00,74,28,46
2016-04-10-11-15-00,100,33,67
2016-04-10-11-30-00,85,29,56
2016-04-10-11-45-00,66,32,34
2016-04-10-12-00-00,63,35,28
2016-04-10-12-15-00,60,21,39
2016-04-10-12-30-00,66,31,35
2016-04-10-12-45-00,72,34,38
2016-04-10-13-00-00,72,28,44
2016-04-10-13-15-00,106,42,64
2016-04-10-13-30-00,89,38,51
2016-04-10-13-45-00,98,40,58
2016-04-10-14-00-00,118,57,61
2016-04-10-14-15-00,108,36,72
2016-04-10-14-30-00,89,31,58
2016-04-10-14-45-00,126,62,64
2016-04-10-15-00-00,92,47,45
2016-04-10-15-15-00,87,53,34
2016-04-10-15-30-00,104,50,54
2016-04-10-15-45-00,82,49,33
2016-04-10-16-00-00,90,49,41
2016-04-10-16-15-00,88,52,36
2016-04-10-16-30-00,98,59,39
2016-04-10-16-45-00,114,68,46
2016-04-10-17-00-00,74,38,36
2016-04-10-17-15-00,64,28,36
2016-04-10-17-30-00,70,43,27
2016-04-10-17-45-00,57,28,29
2016-04-10-18-00-00,68,37,31
2016-04-10-18-15-00,48,32,16
2016-04-10-18-30-00,42,30,12
2016-04-10-18-45-00,36,25,11
2016-04-10-19-00-00,41,28,13
2016-04-10-19-15-00,24,16,8
2016-04-10-19-30-00,29,18,11
2016-04-10-19-45-00,29,11,18
2016-04-10-20-00-00,19,7,12
2016-04-10-20-15-00,8,2,6
2016-04-10-20-30-00,5,4,1
2016-04-10-20-45-00,2,0,2
2016-04-10-21-00-00,5,3,2
2016-04-10-21-15-00,4,3,1
2016-04-10-21-30-00,12,7,5
2016-04-10-21-45-00,3,1,2
2016-04-10-22-00-00,0,0,0
2016-04-10-22-15-00,0,0,0
2016-04-10-22-30-00,1,1,0
2016-04-10-22-45-00,0,0,0
2016-04-10-23-00-00,0,0,0
2016-04-10-23-15-00,0,0,0
2016-04-10-23-30-00,0,0,0
2016-04-10-23-45-00,0,0,0
2016-04-11-00-00-00,0,0,0
2016-04-11-00-15-00,0,0,0
2016-04-11-00-30-00,0,0,0
2016-04-11-00-45-00,0,0,0
2016-04-11-01-00-00,0,0,0
2016-04-11-01-15-00,0,0,0
2016-04-11-01-30-00,0,0,0
2016-04-11-01-45-00,0,0,0
2016-04-11-02-00-00,0,0,0
2016-04-11-02-15-00,0,0,0
2016-04-11-02-30-00,0,0,0
2016-04-11-02-45-00,0,0,0
2016-04-11-03-00-00,0,0,0
2016-04-11-03-15-00,0,0,0
2016-04-11-03-30-00,0,0,0
2016-04-11-03-45-00,0,0,0
2016-04-11-04-00-00,0,0,0
2016-04-11-04-15-00,0,0,0
2016-04-11-04-30-00,1,0,1
2016-04-11-04-45-00,0,0,0
2016-04-11-05-00-00,0,0,0
2016-04-11-05-15-00,0,0,0
2016-04-11-05-30-00,0,0,0
2016-04-11-05-45-00,2,1,1
2016-04-11-06-00-00,11,2,9
2016-04-11-06-15-00,4,3,1
2016-04-11-06-30-00,11,5,6
2016-04-11-06-45-00,13,9,4
2016-04-11-07-00-00,25,7,18
2016-04-11-07-15-00,40,10,30
2016-04-11-07-30-00,50,17,33
2016-04-11-07-45-00,52,17,35
2016-04-11-08-00-00,51,16,35
2016-04-11-08-15-00,52,9,43
2016-04-11-08-30-00,61,10,51
2016-04-11-08-45-00,55,9,46
2016-04-11-09-00-00,38,13,25
2016-04-11-09-15-00,36,7,29
2016-04-11-09-30-00,27,14,13
2016-04-11-09-45-00,18,5,13
2016-04-11-10-00-00,26,10,16
2016-04-11-10-15-00,26,11,15
2016-04-11-10-30-00,25,8,17
2016-04-11-10-45-00,20,10,10
2016-04-11-11-00-00,31,11,20
2016-04-11-11-15-00,42,27,15
2016-04-11-11-30-00,38,16,22
2016-04-11-11-45-00,21,9,12
2016-04-11-12-00-00,34,14,20
2016-04-11-12-15-00,55,21,34
2016-04-11-12-30-00,41,19,22
2016-04-11-12-45-00,49,22,27
2016-04-11-13-00-00,45,21,24
2016-04-11-13-15-00,41,17,24
2016-04-11-13-30-00,49,29,20
2016-04-11-13-45-00,66,37,29
2016-04-11-14-00-00,45,24,21
2016-04-11-14-15-00,47,27,20
2016-04-11-14-30-00,74,45,29
2016-04-11-14-45-00,60,35,25
2016-04-11-15-00-00,65,35,30
2016-04-11-15-15-00,62,30,32
2016-04-11-15-30-00,76,43,33
2016-04-11-15-45-00,71,43,28
2016-04-11-16-00-00,75,53,22
2016-04-11-16-15-00,70,46,24
2016-04-11-16-30-00,87,56,31
2016-04-11-16-45-00,93,61,32
2016-04-11-17-00-00,92,62,30
2016-04-11-17-15-00,99,65,34
2016-04-11-17-30-00,101,66,35
2016-04-11-17-45-00,99,67,32
2016-04-11-18-00-00,82,55,27
2016-04-11-18-15-00,87,52,35
2016-04-11-18-30-00,79,40,39
2016-04-11-18-45-00,68,41,27
2016-04-11-19-00-00,71,40,31
2016-04-11-19-15-00,81,40,41
2016-04-11-19-30-00,48,28,20
2016-04-11-19-45-00,48,32,16
2016-04-11-20-00-00,16,9,7
2016-04-11-20-15-00,41,29,12
2016-04-11-20-30-00,17,9,8
2016-04-11-20-45-00,30,18,12
2016-04-11-21-00-00,12,5,7
2016-04-11-21-15-00,3,2,1
2016-04-11-21-30-00,6,2,4
2016-04-11-21-45-00,2,0,2
2016-04-11-22-00-00,0,0,0
2016-04-11-22-15-00,3,2,1
2016-04-11-22-30-00,4,2,2
2016-04-11-22-45-00,4,2,2
2016-04-11-23-00-00,0,0,0
2016-04-11-23-15-00,2,2,0
2016-04-11-23-30-00,0,0,0
2016-04-11-23-45-00,0,0,0
2016-04-12-00-00-00,0,0,0
2016-04-12-00-15-00,0,0,0
2016-04-12-00-30-00,0,0,0
2016-04-12-00-45-00,1,0,1
2016-04-12-01-00-00,0,0,0
2016-04-12-01-15-00,1,0,1
2016-04-12-01-30-00,1,0,1
2016-04-12-01-45-00,0,0,0
2016-04-12-02-00-00,0,0,0
2016-04-12-02-15-00,0,0,0
2016-04-12-02-30-00,0,0,0
2016-04-12-02-45-00,0,0,0
2016-04-12-03-00-00,0,0,0
2016-04-12-03-15-00,0,0,0
2016-04-12-03-30-00,0,0,0
2016-04-12-03-45-00,0,0,0
2016-04-12-04-00-00,0,0,0
2016-04-12-04-15-00,0,0,0
2016-04-12-04-30-00,1,0,1
2016-04-12-04-45-00,0,0,0
2016-04-12-05-00-00,0,0,0
2016-04-12-05-15-00,1,0,1
2016-04-12-05-30-00,2,1,1
2016-04-12-05-45-00,2,1,1
2016-04-12-06-00-00,6,3,3
2016-04-12-06-15-00,8,1,7
2016-04-12-06-30-00,9,3,6
2016-04-12-06-45-00,12,6,6
2016-04-12-07-00-00,21,4,17
2016-04-12-07-15-00,36,13,23
2016-04-12-07-30-00,54,19,35
2016-04-12-07-45-00,53,12,41
2016-04-12-08-00-00,71,19,52
2016-04-12-08-15-00,55,10,45
2016-04-12-08-30-00,58,5,53
2016-04-12-08-45-00,34,7,27
2016-04-12-09-00-00,31,5,26
2016-04-12-09-15-00,26,8,18
2016-04-12-09-30-00,19,9,10
2016-04-12-09-45-00,17,7,10
2016-04-12-10-00-00,17,5,12
2016-04-12-10-15-00,9,6,3
2016-04-12-10-30-00,17,13,4
2016-04-12-10-45-00,17,4,13
2016-04-12-11-00-00,26,15,11
2016-04-12-11-15-00,26,13,13
2016-04-12-11-30-00,24,9,15
2016-04-12-11-45-00,25,12,13
2016-04-12-12-00-00,30,17,13
2016-04-12-12-15-00,25,16,9
2016-04-12-12-30-00,32,17,15
2016-04-12-12-45-00,15,4,11
2016-04-12-13-00-00,35,23,12
2016-04-12-13-15-00,42,21,21
2016-04-12-13-30-00,36,17,19
2016-04-12-13-45-00,31,14,17
2016-04-12-14-00-00,39,19,20
2016-04-12-14-15-00,34,17,17
2016-04-12-14-30-00,34,21,13
2016-04-12-14-45-00,26,14,12
2016-04-12-15-00-00,44,29,15
2016-04-12-15-15-00,36,19,17
2016-04-12-15-30-00,56,33,23
2016-04-12-15-45-00,49,27,22
2016-04-12-16-00-00,57,34,23
2016-04-12-16-15-00,63,47,16
2016-04-12-16-30-00,46,26,20
2016-04-12-16-45-00,47,29,18
2016-04-12-17-00-00,67,42,25
2016-04-12-17-15-00,64,49,15
2016-04-12-17-30-00,56,41,15
2016-04-12-17-45-00,46,31,15
2016-04-12-18-00-00,44,35,9
2016-04-12-18-15-00,32,26,6
2016-04-12-18-30-00,33,26,7
2016-04-12-18-45-00,33,18,15
2016-04-12-19-00-00,26,18,8
2016-04-12-19-15-00,20,10,10
2016-04-12-19-30-00,12,10,2
2016-04-12-19-45-00,17,12,5
2016-04-12-20-00-00,16,11,5
2016-04-12-20-15-00,17,11,6
2016-04-12-20-30-00,7,2,5
2016-04-12-20-45-00,7,4,3
2016-04-12-21-00-00,7,5,2
2016-04-12-21-15-00,8,3,5
2016-04-12-21-30-00,3,2,1
2016-04-12-21-45-00,3,2,1
2016-04-12-22-00-00,1,1,0
2016-04-12-22-15-00,0,0,0
2016-04-12-22-30-00,4,1,3
2016-04-12-22-45-00,1,0,1
2016-04-12-23-00-00,1,0,1
2016-04-12-23-15-00,0,0,0
2016-04-12-23-30-00,0,0,0
2016-04-12-23-45-00,1,1,0
2016-04-13-00-00-00,0,0,0
2016-04-13-00-15-00,0,0,0
2016-04-13-00-30-00,1,0,1
2016-04-13-00-45-00,0,0,0
2016-04-13-01-00-00,0,0,0
2016-04-13-01-15-00,0,0,0
2016-04-13-01-30-00,0,0,0
2016-04-13-01-45-00,0,0,0
2016-04-13-02-00-00,0,0,0
2016-04-13-02-15-00,0,0,0
2016-04-13-02-30-00,0,0,0
2016-04-13-02-45-00,0,0,0
2016-04-13-03-00-00,0,0,0
2016-04-13-03-15-00,0,0,0
2016-04-13-03-30-00,0,0,0
2016-04-13-03-45-00,0,0,0
2016-04-13-04-00-00,0,0,0
2016-04-13-04-15-00,0,0,0
2016-04-13-04-30-00,0,0,0
2016-04-13-04-45-00,0,0,0
2016-04-13-05-00-00,0,0,0
2016-04-13-05-15-00,0,0,0
2016-04-13-05-30-00,1,0,1
2016-04-13-05-45-00,2,1,1
2016-04-13-06-00-00,6,1,5
2016-04-13-06-15-00,10,4,6
2016-04-13-06-30-00,7,1,6
2016-04-13-06-45-00,18,13,5
2016-04-13-07-00-00,20,6,14
2016-04-13-07-15-00,33,12,21
2016-04-13-07-30-00,43,15,28
2016-04-13-07-45-00,53,16,37
2016-04-13-08-00-00,44,10,34
2016-04-13-08-15-00,51,12,39
2016-04-13-08-30-00,43,7,36
2016-04-13-08-45-00,38,2,36
2016-04-13-09-00-00,20,2,18
2016-04-13-09-15-00,16,8,8
2016-04-13-09-30-00,18,6,12
2016-04-13-09-45-00,13,8,5
2016-04-13-10-00-00,10,6,4
2016-04-13-10-15-00,12,5,7
2016-04-13-10-30-00,13,5,8
2016-04-13-10-45-00,9,5,4
2016-04-13-11-00-00,21,13,8
2016-04-13-11-15-00,6,1,5
2016-04-13-11-30-00,3,1,2
2016-04-13-11-45-00,19,15,4
2016-04-13-12-00-00,17,6,11
2016-04-13-12-15-00,10,7,3
2016-04-13-12-30-00,14,9,5
2016-04-13-12-45-00,13,7,6
2016-04-13-13-00-00,17,10,7
2016-04-13-13-15-00,27,17,10
2016-04-13-13-30-00,11,4,7
2016-04-13-13-45-00,13,7,6
2016-04-13-14-00-00,14,6,8
2016-04-13-14-15-00,27,19,8
2016-04-13-14-30-00,19,12,7
2016-04-13-14-45-00,16,7,9
2016-04-13-15-00-00,28,11,17
2016-04-13-15-15-00,22,12,10
2016-04-13-15-30-00,21,14,7
2016-04-13-15-45-00,30,20,10
2016-04-13-16-00-00,31,25,6
2016-04-13-16-15-00,37,24,13
2016-04-13-16-30-00,43,35,8
2016-04-13-16-45-00,40,24,16
2016-04-13-17-00-00,48,34,14
2016-04-13-17-15-00,57,39,18
2016-04-13-17-30-00,35,29,6
2016-04-13-17-45-00,39,27,12
2016-04-13-18-00-00,53,40,13
2016-04-13-18-15-00,47,25,22
2016-04-13-18-30-00,50,30,20
2016-04-13-18-45-00,39,31,8
2016-04-13-19-00-00,22,11,11
2016-04-13-19-15-00,25,19,6
2016-04-13-19-30-00,25,12,13
2016-04-13-19-45-00,24,14,10
2016-04-13-20-00-00,15,8,7
2016-04-13-20-15-00,11,6,5
2016-04-13-20-30-00,13,6,7
2016-04-13-20-45-00,10,6,4
2016-04-13-21-00-00,5,2,3
2016-04-13-21-15-00,3,1,2
2016-04-13-21-30-00,1,0,1
2016-04-13-21-45-00,0,0,0
2016-04-13-22-00-00,1,0,1
2016-04-13-22-15-00,0,0,0
2016-04-13-22-30-00,2,0,2
2016-04-13-22-45-00,1,1,0
2016-04-13-23-00-00,7,2,5
2016-04-13-23-15-00,0,0,0
2016-04-13-23-30-00,0,0,0
2016-04-13-23-45-00,0,0,0
2016-04-14-00-00-00,0,0,0
2016-04-14-00-15-00,1,0,1
2016-04-14-00-30-00,0,0,0
2016-04-14-00-45-00,0,0,0
2016-04-14-01-00-00,0,0,0
2016-04-14-01-15-00,0,0,0
2016-04-14-01-30-00,0,0,0
2016-04-14-01-45-00,0,0,0
2016-04-14-02-00-00,0,0,0
2016-04-14-02-15-00,0,0,0
2016-04-14-02-30-00,0,0,0
2016-04-14-02-45-00,0,0,0
2016-04-14-03-00-00,0,0,0
2016-04-14-03-15-00,0,0,0
2016-04-14-03-30-00,0,0,0
2016-04-14-03-45-00,0,0,0
2016-04-14-04-00-00,0,0,0
2016-04-14-04-15-00,0,0,0
2016-04-14-04-30-00,0,0,0
2016-04-14-04-45-00,0,0,0
2016-04-14-05-00-00,0,0,0
2016-04-14-05-15-00,0,0,0
2016-04-14-05-30-00,1,0,1
2016-04-14-05-45-00,5,4,1
2016-04-14-06-00-00,7,1,6
2016-04-14-06-15-00,8,4,4
2016-04-14-06-30-00,10,2,8
2016-04-14-06-45-00,17,10,7
2016-04-14-07-00-00,20,8,12
2016-04-14-07-15-00,32,11,21
2016-04-14-07-30-00,61,18,43
2016-04-14-07-45-00,48,12,36
2016-04-14-08-00-00,47,6,41
2016-04-14-08-15-00,55,15,40
2016-04-14-08-30-00,42,11,31
2016-04-14-08-45-00,38,7,31
2016-04-14-09-00-00,28,9,19
2016-04-14-09-15-00,25,7,18
2016-04-14-09-30-00,16,3,13
2016-04-14-09-45-00,19,7,12
2016-04-14-10-00-00,22,10,12
2016-04-14-10-15-00,17,6,11
2016-04-14-10-30-00,21,9,12
2016-04-14-10-45-00,19,7,12
2016-04-14-11-00-00,23,14,9
2016-04-14-11-15-00,26,18,8
2016-04-14-11-30-00,15,9,6
2016-04-14-11-45-00,41,19,22
2016-04-14-12-00-00,22,17,5
2016-04-14-12-15-00,19,9,10
2016-04-14-12-30-00,33,18,15
2016-04-14-12-45-00,8,4,4
2016-04-14-13-00-00,40,13,27
2016-04-14-13-15-00,27,11,16
2016-04-14-13-30-00,22,11,11
2016-04-14-13-45-00,36,19,17
2016-04-14-14-00-00,33,21,12
2016-04-14-14-15-00,37,26,11
2016-04-14-14-30-00,45,30,15
2016-04-14-14-45-00,36,15,21
2016-04-14-15-00-00,33,20,13
2016-04-14-15-15-00,27,13,14
2016-04-14-15-30-00,52,30,22
2016-04-14-15-45-00,42,24,18
2016-04-14-16-00-00,38,24,14
2016-04-14-16-15-00,64,46,18
2016-04-14-16-30-00,53,35,18
2016-04-14-16-45-00,68,37,31
2016-04-14-17-00-00,62,41,21
2016-04-14-17-15-00,86,56,30
2016-04-14-17-30-00,66,41,25
2016-04-14-17-45-00,75,55,20
2016-04-14-18-00-00,57,34,23
2016-04-14-18-15-00,76,54,22
2016-04-14-18-30-00,73,39,34
2016-04-14-18-45-00,63,31,32
2016-04-14-19-00-00,59,39,20
2016-04-14-19-15-00,51,35,16
2016-04-14-19-30-00,41,17,24
2016-04-14-19-45-00,32,24,8
2016-04-14-20-00-00,22,15,7
2016-04-14-20-15-00,29,17,12
2016-04-14-20-30-00,20,13,7
2016-04-14-20-45-00,12,8,4
2016-04-14-21-00-00,14,11,3
2016-04-14-21-15-00,9,1,8
2016-04-14-21-30-00,5,2,3
2016-04-14-21-45-00,8,5,3
2016-04-14-22-00-00,1,1,0
2016-04-14-22-15-00,3,2,1
2016-04-14-22-30-00,0,0,0
2016-04-14-22-45-00,2,1,1
2016-04-14-23-00-00,3,1,2
2016-04-14-23-15-00,1,0,1
2016-04-14-23-30-00,0,0,0
2016-04-14-23-45-00,1,0,1
2016-04-15-00-00-00,4,1,3
2016-04-15-00-15-00,0,0,0
2016-04-15-00-30-00,2,0,2
2016-04-15-00-45-00,0,0,0
2016-04-15-01-00-00,1,1,0
2016-04-15-01-15-00,0,0,0
2016-04-15-01-30-00,0,0,0
2016-04-15-01-45-00,0,0,0
2016-04-15-02-00-00,0,0,0
2016-04-15-02-15-00,0,0,0
2016-04-15-02-30-00,0,0,0
2016-04-15-02-45-00,0,0,0
2016-04-15-03-00-00,0,0,0
2016-04-15-03-15-00,0,0,0
2016-04-15-03-30-00,0,0,0
2016-04-15-03-45-00,0,0,0
2016-04-15-04-00-00,0,0,0
2016-04-15-04-15-00,0,0,0
2016-04-15-04-30-00,0,0,0
2016-04-15-04-45-00,0,0,0
2016-04-15-05-00-00,0,0,0
2016-04-15-05-15-00,0,0,0
2016-04-15-05-30-00,1,1,0
2016-04-15-05-45-00,2,0,2
2016-04-15-06-00-00,5,2,3
2016-04-15-06-15-00,6,3,3
2016-04-15-06-30-00,3,0,3
2016-04-15-06-45-00,16,10,6
2016-04-15-07-00-00,16,7,9
2016-04-15-07-15-00,32,9,23
2016-04-15-07-30-00,27,10,17
2016-04-15-07-45-00,38,11,27
2016-04-15-08-00-00,38,5,33
2016-04-15-08-15-00,39,11,28
2016-04-15-08-30-00,31,11,20
2016-04-15-08-45-00,22,2,20
2016-04-15-09-00-00,21,4,17
2016-04-15-09-15-00,12,4,8
2016-04-15-09-30-00,16,8,8
2016-04-15-09-45-00,14,2,12
2016-04-15-10-00-00,5,2,3
2016-04-15-10-15-00,14,7,7
2016-04-15-10-30-00,5,1,4
2016-04-15-10-45-00,11,7,4
2016-04-15-11-00-00,10,6,4
2016-04-15-11-15-00,11,10,1
2016-04-15-11-30-00,8,7,1
2016-04-15-11-45-00,9,4,5
2016-04-15-12-00-00,12,5,7
2016-04-15-12-15-00,17,12,5
2016-04-15-12-30-00,22,13,9
2016-04-15-12-45-00,14,6,8
2016-04-15-13-00-00,17,11,6
2016-04-15-13-15-00,19,10,9
2016-04-15-13-30-00,23,14,9
2016-04-15-13-45-00,19,11,8
2016-04-15-14-00-00,22,16,6
2016-04-15-14-15-00,25,15,10
2016-04-15-14-30-00,20,9,11
2016-04-15-14-45-00,27,16,11
2016-04-15-15-00-00,21,12,9
2016-04-15-15-15-00,41,22,19
2016-04-15-15-30-00,31,17,14
2016-04-15-15-45-00,30,19,11
2016-04-15-16-00-00,26,22,4
2016-04-15-16-15-00,21,18,3
2016-04-15-16-30-00,25,15,10
2016-04-15-16-45-00,43,26,17
2016-04-15-17-00-00,41,29,12
2016-04-15-17-15-00,38,25,13
2016-04-15-17-30-00,37,19,18
2016-04-15-17-45-00,36,19,17
2016-04-15-18-00-00,32,18,14
2016-04-15-18-15-00,33,21,12
2016-04-15-18-30-00,43,29,14
2016-04-15-18-45-00,46,34,12
2016-04-15-19-00-00,45,23,22
2016-04-15-19-15-00,30,13,17
2016-04-15-19-30-00,22,12,10
2016-04-15-19-45-00,35,15,20
2016-04-15-20-00-00,16,8,8
2016-04-15-20-15-00,12,8,4
2016-04-15-20-30-00,14,8,6
2016-04-15-20-45-00,7,3,4
2016-04-15-21-00-00,3,2,1
2016-04-15-21-15-00,4,2,2
2016-04-15-21-30-00,6,5,1
2016-04-15-21-45-00,7,1,6
2016-04-15-22-00-00,3,0,3
2016-04-15-22-15-00,3,2,1
2016-04-15-22-30-00,5,5,0
2016-04-15-22-45-00,2,2,0
2016-04-15-23-00-00,2,1,1
2016-04-15-23-15-00,2,1,1
2016-04-15-23-30-00,1,1,0
2016-04-15-23-45-00,4,3,1
2016-04-16-00-00-00,0,0,0
2016-04-16-00-15-00,1,1,0
2016-04-16-00-30-00,3,1,2
2016-04-16-00-45-00,0,0,0
2016-04-16-01-00-00,0,0,0
2016-04-16-01-15-00,0,0,0
2016-04-16-01-30-00,1,0,1
2016-04-16-01-45-00,2,1,1
2016-04-16-02-00-00,0,0,0
2016-04-16-02-15-00,1,1,0
2016-04-16-02-30-00,0,0,0
2016-04-16-02-45-00,1,1,0
2016-04-16-03-00-00,0,0,0
2016-04-16-03-15-00,0,0,0
2016-04-16-03-30-00,0,0,0
2016-04-16-03-45-00,1,0,1
2016-04-16-04-00-00,0,0,0
2016-04-16-04-15-00,1,0,1
2016-04-16-04-30-00,0,0,0
2016-04-16-04-45-00,0,0,0
2016-04-16-05-00-00,0,0,0
2016-04-16-05-15-00,0,0,0
2016-04-16-05-30-00,0,0,0
2016-04-16-05-45-00,0,0,0
2016-04-16-06-00-00,0,0,0
2016-04-16-06-15-00,10,2,8
2016-04-16-06-30-00,2,0,2
2016-04-16-06-45-00,2,0,2
2016-04-16-07-00-00,3,2,1
2016-04-16-07-15-00,5,2,3
2016-04-16-07-30-00,2,1,1
2016-04-16-07-45-00,8,5,3
2016-04-16-08-00-00,7,1,6
2016-04-16-08-15-00,15,6,9
2016-04-16-08-30-00,12,2,10
2016-04-16-08-45-00,9,2,7
2016-04-16-09-00-00,13,6,7
2016-04-16-09-15-00,2,0,2
2016-04-16-09-30-00,9,5,4
2016-04-16-09-45-00,15,11,4
2016-04-16-10-00-00,6,4,2
2016-04-16-10-15-00,11,7,4
2016-04-16-10-30-00,21,9,12
2016-04-16-10-45-00,19,7,12
2016-04-16-11-00-00,11,4,7
2016-04-16-11-15-00,23,9,14
2016-04-16-11-30-00,22,3,19
2016-04-16-11-45-00,31,14,17
2016-04-16-12-00-00,17,5,12
2016-04-16-12-15-00,24,15,9
2016-04-16-12-30-00,17,9,8
2016-04-16-12-45-00,29,13,16
2016-04-16-13-00-00,20,11,9
2016-04-16-13-15-00,29,15,14
2016-04-16-13-30-00,27,9,18
2016-04-16-13-45-00,30,23,7
2016-04-16-14-00-00,21,8,13
2016-04-16-14-15-00,30,24,6
2016-04-16-14-30-00,35,23,12
2016-04-16-14-45-00,21,7,14
2016-04-16-15-00-00,28,17,11
2016-04-16-15-15-00,26,17,9
2016-04-16-15-30-00,32,20,12
2016-04-16-15-45-00,29,11,18
2016-04-16-16-00-00,29,15,14
2016-04-16-16-15-00,26,20,6
2016-04-16-16-30-00,27,13,14
2016-04-16-16-45-00,20,15,5
2016-04-16-17-00-00,23,14,9
2016-04-16-17-15-00,22,9,13
2016-04-16-17-30-00,22,14,8
2016-04-16-17-45-00,16,10,6
2016-04-16-18-00-00,20,14,6
2016-04-16-18-15-00,17,14,3
2016-04-16-18-30-00,17,10,7
2016-04-16-18-45-00,8,1,7
2016-04-16-19-00-00,18,14,4
2016-04-16-19-15-00,14,7,7
2016-04-16-19-30-00,5,3,2
2016-04-16-19-45-00,9,4,5
2016-04-16-20-00-00,13,5,8
2016-04-16-20-15-00,6,4,2
2016-04-16-20-30-00,6,4,2
2016-04-16-20-45-00,2,1,1
2016-04-16-21-00-00,0,0,0
2016-04-16-21-15-00,1,1,0
2016-04-16-21-30-00,2,1,1
2016-04-16-21-45-00,3,2,1
2016-04-16-22-00-00,0,0,0
2016-04-16-22-15-00,1,1,0
2016-04-16-22-30-00,2,0,2
2016-04-16-22-45-00,1,0,1
2016-04-16-23-00-00,2,1,1
2016-04-16-23-15-00,1,1,0
2016-04-16-23-30-00,1,1,0
2016-04-16-23-45-00,1,1,0
2016-04-17-00-00-00,0,0,0
2016-04-17-00-15-00,1,1,0
2016-04-17-00-30-00,0,0,0
2016-04-17-00-45-00,2,1,1
2016-04-17-01-00-00,1,0,1
2016-04-17-01-15-00,1,0,1
2016-04-17-01-30-00,1,1,0
2016-04-17-01-45-00,0,0,0
2016-04-17-02-00-00,1,1,0
2016-04-17-02-15-00,0,0,0
2016-04-17-02-30-00,0,0,0
2016-04-17-02-45-00,1,0,1
2016-04-17-03-00-00,1,0,1
2016-04-17-03-15-00,1,1,0
2016-04-17-03-30-00,0,0,0
2016-04-17-03-45-00,0,0,0
2016-04-17-04-00-00,0,0,0
2016-04-17-04-15-00,1,1,0
2016-04-17-04-30-00,0,0,0
2016-04-17-04-45-00,1,0,1
2016-04-17-05-00-00,1,0,1
2016-04-17-05-15-00,0,0,0
2016-04-17-05-30-00,0,0,0
2016-04-17-05-45-00,0,0,0
2016-04-17-06-00-00,0,0,0
2016-04-17-06-15-00,2,1,1
2016-04-17-06-30-00,2,1,1
2016-04-17-06-45-00,1,0,1
2016-04-17-07-00-00,3,0,3
2016-04-17-07-15-00,5,1,4
2016-04-17-07-30-00,3,0,3
2016-04-17-07-45-00,6,3,3
2016-04-17-08-00-00,3,0,3
2016-04-17-08-15-00,5,3,2
2016-04-17-08-30-00,10,6,4
2016-04-17-08-45-00,11,9,2
2016-04-17-09-00-00,9,6,3
2016-04-17-09-15-00,12,5,7
2016-04-17-09-30-00,17,6,11
2016-04-17-09-45-00,13,6,7
2016-04-17-10-00-00,8,2,6
2016-04-17-10-15-00,26,10,16
2016-04-17-10-30-00,20,10,10
2016-04-17-10-45-00,21,10,11
2016-04-17-11-00-00,35,13,22
2016-04-17-11-15-00,35,15,20
2016-04-17-11-30-00,45,15,30
2016-04-17-11-45-00,26,11,15
2016-04-17-12-00-00,53,26,27
2016-04-17-12-15-00,36,11,25
2016-04-17-12-30-00,42,20,22
2016-04-17-12-45-00,48,25,23
2016-04-17-13-00-00,52,20,32
2016-04-17-13-15-00,57,29,28
2016-04-17-13-30-00,43,20,23
2016-04-17-13-45-00,50,22,28
2016-04-17-14-00-00,54,24,30
2016-04-17-14-15-00,60,24,36
2016-04-17-14-30-00,70,39,31
2016-04-17-14-45-00,70,25,45
2016-04-17-15-00-00,57,38,19
2016-04-17-15-15-00,58,42,16
2016-04-17-15-30-00,87,56,31
2016-04-17-15-45-00,75,28,47
2016-04-17-16-00-00,63,42,21
2016-04-17-16-15-00,61,24,37
2016-04-17-16-30-00,73,51,22
2016-04-17-16-45-00,60,33,27
2016-04-17-17-00-00,47,26,21
2016-04-17-17-15-00,63,41,22
2016-04-17-17-30-00,68,45,23
2016-04-17-17-45-00,60,36,24
2016-04-17-18-00-00,31,16,15
2016-04-17-18-15-00,37,28,9
2016-04-17-18-30-00,19,14,5
2016-04-17-18-45-00,26,18,8
2016-04-17-19-00-00,20,9,11
2016-04-17-19-15-00,19,14,5
2016-04-17-19-30-00,22,10,12
2016-04-17-19-45-00,12,8,4
2016-04-17-20-00-00,12,5,7
2016-04-17-20-15-00,7,5,2
2016-04-17-20-30-00,9,4,5
2016-04-17-20-45-00,7,5,2
2016-04-17-21-00-00,4,0,4
2016-04-17-21-15-00,3,2,1
2016-04-17-21-30-00,1,1,0
2016-04-17-21-45-00,1,0,1
2016-04-17-22-00-00,3,2,1
2016-04-17-22-15-00,1,1,0
2016-04-17-22-30-00,0,0,0
2016-04-17-22-45-00,3,0,3
2016-04-17-23-00-00,0,0,0
2016-04-17-23-15-00,1,1,0
2016-04-17-23-30-00,1,1,0
2016-04-17-23-45-00,0,0,0
2016-04-18-00-00-00,0,0,0
2016-04-18-00-15-00,0,0,0
2016-04-18-00-30-00,0,0,0
2016-04-18-00-45-00,1,0,1
2016-04-18-01-00-00,0,0,0
2016-04-18-01-15-00,0,0,0
2016-04-18-01-30-00,0,0,0
2016-04-18-01-45-00,0,0,0
2016-04-18-02-00-00,0,0,0
2016-04-18-02-15-00,0,0,0
2016-04-18-02-30-00,0,0,0
2016-04-18-02-45-00,0,0,0
2016-04-18-03-00-00,0,0,0
2016-04-18-03-15-00,0,0,0
2016-04-18-03-30-00,0,0,0
2016-04-18-03-45-00,0,0,0
2016-04-18-04-00-00,0,0,0
2016-04-18-04-15-00,0,0,0
2016-04-18-04-30-00,0,0,0
2016-04-18-04-45-00,0,0,0
2016-04-18-05-00-00,0,0,0
2016-04-18-05-15-00,1,0,1
2016-04-18-05-30-00,0,0,0
2016-04-18-05-45-00,3,1,2
2016-04-18-06-00-00,6,1,5
2016-04-18-06-15-00,7,3,4
2016-04-18-06-30-00,7,0,7
2016-04-18-06-45-00,17,8,9
2016-04-18-07-00-00,18,9,9
2016-04-18-07-15-00,36,12,24
2016-04-18-07-30-00,40,21,19
2016-04-18-07-45-00,52,15,37
2016-04-18-08-00-00,62,12,50
2016-04-18-08-15-00,51,8,43
2016-04-18-08-30-00,51,8,43
2016-04-18-08-45-00,39,5,34
2016-04-18-09-00-00,32,7,25
2016-04-18-09-15-00,27,8,19
2016-04-18-09-30-00,13,8,5
2016-04-18-09-45-00,18,6,12
2016-04-18-10-00-00,12,4,8
2016-04-18-10-15-00,12,8,4
2016-04-18-10-30-00,20,3,17
2016-04-18-10-45-00,25,11,14
2016-04-18-11-00-00,26,7,19
2016-04-18-11-15-00,22,13,9
2016-04-18-11-30-00,13,7,6
2016-04-18-11-45-00,18,7,11
2016-04-18-12-00-00,27,12,15
2016-04-18-12-15-00,12,5,7
2016-04-18-12-30-00,17,11,6
2016-04-18-12-45-00,19,9,10
2016-04-18-13-00-00,23,13,10
2016-04-18-13-15-00,28,15,13
2016-04-18-13-30-00,23,8,15
2016-04-18-13-45-00,40,17,23
2016-04-18-14-00-00,29,18,11
2016-04-18-14-15-00,36,24,12
2016-04-18-14-30-00,36,19,17
2016-04-18-14-45-00,23,10,13
2016-04-18-15-00-00,28,15,13
2016-04-18-15-15-00,30,17,13
2016-04-18-15-30-00,32,22,10
2016-04-18-15-45-00,32,24,8
2016-04-18-16-00-00,34,21,13
2016-04-18-16-15-00,61,39,22
2016-04-18-16-30-00,46,34,12
2016-04-18-16-45-00,64,41,23
2016-04-18-17-00-00,94,74,20
2016-04-18-17-15-00,66,43,23
2016-04-18-17-30-00,85,61,24
2016-04-18-17-45-00,75,48,27
2016-04-18-18-00-00,67,50,17
2016-04-18-18-15-00,74,42,32
2016-04-18-18-30-00,72,39,33
2016-04-18-18-45-00,46,35,11
2016-04-18-19-00-00,53,32,21
2016-04-18-19-15-00,34,24,10
2016-04-18-19-30-00,42,26,16
2016-04-18-19-45-00,29,15,14
2016-04-18-20-00-00,35,21,14
2016-04-18-20-15-00,33,21,12
2016-04-18-20-30-00,16,7,9
2016-04-18-20-45-00,14,8,6
2016-04-18-21-00-00,4,1,3
2016-04-18-21-15-00,4,1,3
2016-04-18-21-30-00,5,1,4
2016-04-18-21-45-00,6,4,2
2016-04-18-22-00-00,2,0,2
2016-04-18-22-15-00,1,1,0
2016-04-18-22-30-00,2,0,2
2016-04-18-22-45-00,0,0,0
2016-04-18-23-00-00,1,1,0
2016-04-18-23-15-00,0,0,0
2016-04-18-23-30-00,0,0,0
2016-04-18-23-45-00,2,2,0
2016-04-19-00-00-00,0,0,0
2016-04-19-00-15-00,0,0,0
2016-04-19-00-30-00,1,1,0
2016-04-19-00-45-00,0,0,0
2016-04-19-01-00-00,0,0,0
2016-04-19-01-15-00,0,0,0
2016-04-19-01-30-00,0,0,0
2016-04-19-01-45-00,0,0,0
2016-04-19-02-00-00,0,0,0
2016-04-19-02-15-00,0,0,0
2016-04-19-02-30-00,0,0,0
2016-04-19-02-45-00,0,0,0
2016-04-19-03-00-00,0,0,0
2016-04-19-03-15-00,0,0,0
2016-04-19-03-30-00,0,0,0
2016-04-19-03-45-00,0,0,0
2016-04-19-04-00-00,0,0,0
2016-04-19-04-15-00,0,0,0
2016-04-19-04-30-00,0,0,0
2016-04-19-04-45-00,1,1,0
2016-04-19-05-00-00,0,0,0
2016-04-19-05-15-00,0,0,0
2016-04-19-05-30-00,0,0,0
2016-04-19-05-45-00,6,3,3
2016-04-19-06-00-00,4,1,3
2016-04-19-06-15-00,9,5,4
2016-04-19-06-30-00,11,6,5
2016-04-19-06-45-00,16,7,9
2016-04-19-07-00-00,20,6,14
2016-04-19-07-15-00,40,13,27
2016-04-19-07-30-00,46,16,30
2016-04-19-07-45-00,46,12,34
2016-04-19-08-00-00,57,13,44
2016-04-19-08-15-00,59,10,49
2016-04-19-08-30-00,48,5,43
2016-04-19-08-45-00,47,6,41
2016-04-19-09-00-00,33,6,27
2016-04-19-09-15-00,16,5,11
2016-04-19-09-30-00,18,6,12
2016-04-19-09-45-00,14,5,9
2016-04-19-10-00-00,14,8,6
2016-04-19-10-15-00,11,8,3
2016-04-19-10-30-00,9,5,4
2016-04-19-10-45-00,11,3,8
2016-04-19-11-00-00,19,13,6
2016-04-19-11-15-00,12,6,6
2016-04-19-11-30-00,14,9,5
2016-04-19-11-45-00,10,4,6
2016-04-19-12-00-00,16,12,4
2016-04-19-12-15-00,19,12,7
2016-04-19-12-30-00,18,9,9
2016-04-19-12-45-00,22,14,8
2016-04-19-13-00-00,17,10,7
2016-04-19-13-15-00,19,7,12
2016-04-19-13-30-00,19,8,11
2016-04-19-13-45-00,27,11,16
2016-04-19-14-00-00,19,12,7
2016-04-19-14-15-00,21,11,10
2016-04-19-14-30-00,13,8,5
2016-04-19-14-45-00,25,14,11
2016-04-19-15-00-00,25,18,7
2016-04-19-15-15-00,27,18,9
2016-04-19-15-30-00,25,16,9
2016-04-19-15-45-00,31,19,12
2016-04-19-16-00-00,30,23,7
2016-04-19-16-15-00,31,25,6
2016-04-19-16-30-00,36,19,17
2016-04-19-16-45-00,46,32,14
2016-04-19-17-00-00,51,28,23
2016-04-19-17-15-00,58,48,10
2016-04-19-17-30-00,84,61,23
2016-04-19-17-45-00,64,39,25
2016-04-19-18-00-00,43,28,15
2016-04-19-18-15-00,35,18,17
2016-04-19-18-30-00,44,33,11
2016-04-19-18-45-00,44,26,18
2016-04-19-19-00-00,30,16,14
2016-04-19-19-15-00,30,20,10
2016-04-19-19-30-00,48,19,29
2016-04-19-19-45-00,29,21,8
2016-04-19-20-00-00,19,11,8
2016-04-19-20-15-00,15,5,10
2016-04-19-20-30-00,22,15,7
2016-04-19-20-45-00,13,4,9
2016-04-19-21-00-00,18,9,9
2016-04-19-21-15-00,8,7,1
2016-04-19-21-30-00,1,0,1
2016-04-19-21-45-00,3,2,1
2016-04-19-22-00-00,3,1,2
2016-04-19-22-15-00,1,1,0
2016-04-19-22-30-00,2,1,1
2016-04-19-22-45-00,1,0,1
2016-04-19-23-00-00,2,1,1
2016-04-19-23-15-00,2,2,0
2016-04-19-23-30-00,0,0,0
2016-04-19-23-45-00,0,0,0
2016-04-20-00-00-00,0,0,0
2016-04-20-00-15-00,1,1,0
2016-04-20-00-30-00,2,2,0
2016-04-20-00-45-00,0,0,0
2016-04-20-01-00-00,0,0,0
2016-04-20-01-15-00,0,0,0
2016-04-20-01-30-00,0,0,0
2016-04-20-01-45-00,0,0,0
2016-04-20-02-00-00,0,0,0
2016-04-20-02-15-00,0,0,0
2016-04-20-02-30-00,1,0,1
2016-04-20-02-45-00,1,0,1
2016-04-20-03-00-00,0,0,0
2016-04-20-03-15-00,0,0,0
2016-04-20-03-30-00,0,0,0
2016-04-20-03-45-00,0,0,0
2016-04-20-04-00-00,0,0,0
2016-04-20-04-15-00,0,0,0
2016-04-20-04-30-00,0,0,0
2016-04-20-04-45-00,0,0,0
2016-04-20-05-00-00,0,0,0
2016-04-20-05-15-00,1,0,1
2016-04-20-05-30-00,1,1,0
2016-04-20-05-45-00,3,1,2
2016-04-20-06-00-00,4,0,4
2016-04-20-06-15-00,8,5,3
2016-04-20-06-30-00,8,3,5
2016-04-20-06-45-00,17,9,8
2016-04-20-07-00-00,25,9,16
2016-04-20-07-15-00,32,11,21
2016-04-20-07-30-00,50,18,32
2016-04-20-07-45-00,55,13,42
2016-04-20-08-00-00,56,9,47
2016-04-20-08-15-00,55,4,51
2016-04-20-08-30-00,46,12,34
2016-04-20-08-45-00,46,4,42
2016-04-20-09-00-00,33,8,25
2016-04-20-09-15-00,28,9,19
2016-04-20-09-30-00,18,6,12
2016-04-20-09-45-00,20,6,14
2016-04-20-10-00-00,22,10,12
2016-04-20-10-15-00,24,12,12
2016-04-20-10-30-00,25,15,10
2016-04-20-10-45-00,25,12,13
2016-04-20-11-00-00,27,11,16
2016-04-20-11-15-00,33,20,13
2016-04-20-11-30-00,57,36,21
2016-04-20-11-45-00,42,25,17
2016-04-20-12-00-00,20,7,13
2016-04-20-12-15-00,49,18,31
2016-04-20-12-30-00,35,17,18
2016-04-20-12-45-00,30,16,14
2016-04-20-13-00-00,40,11,29
2016-04-20-13-15-00,43,19,24
2016-04-20-13-30-00,44,18,26
2016-04-20-13-45-00,41,11,30
2016-04-20-14-00-00,39,22,17
2016-04-20-14-15-00,52,23,29
2016-04-20-14-30-00,44,21,23
2016-04-20-14-45-00,62,33,29
2016-04-20-15-00-00,55,27,28
2016-04-20-15-15-00,59,29,30
2016-04-20-15-30-00,65,35,30
2016-04-20-15-45-00,83,53,30
2016-04-20-16-00-00,75,38,37
2016-04-20-16-15-00,81,52,29
2016-04-20-16-30-00,101,58,43
2016-04-20-16-45-00,92,55,37
2016-04-20-17-00-00,78,44,34
2016-04-20-17-15-00,101,75,26
2016-04-20-17-30-00,103,68,35
2016-04-20-17-45-00,104,67,37
2016-04-20-18-00-00,91,51,40
2016-04-20-18-15-00,95,45,50
2016-04-20-18-30-00,101,57,44
2016-04-20-18-45-00,78,49,29
2016-04-20-19-00-00,82,37,45
2016-04-20-19-15-00,84,50,34
2016-04-20-19-30-00,64,37,27
2016-04-20-19-45-00,69,41,28
2016-04-20-20-00-00,58,38,20
2016-04-20-20-15-00,35,20,15
2016-04-20-20-30-00,30,16,14
2016-04-20-20-45-00,21,11,10
2016-04-20-21-00-00,13,7,6
2016-04-20-21-15-00,12,4,8
2016-04-20-21-30-00,10,5,5
2016-04-20-21-45-00,8,4,4
2016-04-20-22-00-00,10,6,4
2016-04-20-22-15-00,6,3,3
2016-04-20-22-30-00,4,2,2
2016-04-20-22-45-00,2,0,2
2016-04-20-23-00-00,2,1,1
2016-04-20-23-15-00,2,2,0
2016-04-20-23-30-00,0,0,0
2016-04-20-23-45-00,1,0,1
2016-04-21-00-00-00,0,0,0
2016-04-21-00-15-00,1,1,0
2016-04-21-00-30-00,0,0,0
2016-04-21-00-45-00,1,1,0
2016-04-21-01-00-00,1,0,1
2016-04-21-01-15-00,1,0,1
2016-04-21-01-30-00,0,0,0
2016-04-21-01-45-00,0,0,0
2016-04-21-02-00-00,0,0,0
2016-04-21-02-15-00,0,0,0
2016-04-21-02-30-00,0,0,0
2016-04-21-02-45-00,0,0,0
2016-04-21-03-00-00,0,0,0
2016-04-21-03-15-00,0,0,0
2016-04-21-03-30-00,0,0,0
2016-04-21-03-45-00,0,0,0
2016-04-21-04-00-00,0,0,0
2016-04-21-04-15-00,0,0,0
2016-04-21-04-30-00,1,0,1
2016-04-21-04-45-00,0,0,0
2016-04-21-05-00-00,0,0,0
2016-04-21-05-15-00,0,0,0
2016-04-21-05-30-00,1,1,0
2016-04-21-05-45-00,3,0,3
2016-04-21-06-00-00,3,2,1
2016-04-21-06-15-00,11,6,5
2016-04-21-06-30-00,15,5,10
2016-04-21-06-45-00,14,5,9
2016-04-21-07-00-00,26,12,14
2016-04-21-07-15-00,43,15,28
2016-04-21-07-30-00,63,21,42
2016-04-21-07-45-00,58,17,41
2016-04-21-08-00-00,48,10,38
2016-04-21-08-15-00,69,14,55
2016-04-21-08-30-00,58,11,47
2016-04-21-08-45-00,38,7,31
2016-04-21-09-00-00,45,12,33
2016-04-21-09-15-00,29,7,22
2016-04-21-09-30-00,26,9,17
2016-04-21-09-45-00,17,8,9
2016-04-21-10-00-00,21,6,15
2016-04-21-10-15-00,19,8,11
2016-04-21-10-30-00,37,13,24
2016-04-21-10-45-00,34,19,15
2016-04-21-11-00-00,24,9,15
2016-04-21-11-15-00,48,22,26
2016-04-21-11-30-00,41,16,25
2016-04-21-11-45-00,39,20,19
2016-04-21-12-00-00,48,24,24
2016-04-21-12-15-00,54,25,29
2016-04-21-12-30-00,42,20,22
2016-04-21-12-45-00,53,28,25
2016-04-21-13-00-00,49,23,26
2016-04-21-13-15-00,50,26,24
2016-04-21-13-30-00,52,23,29
2016-04-21-13-45-00,56,31,25
2016-04-21-14-00-00,64,32,32
2016-04-21-14-15-00,66,33,33
2016-04-21-14-30-00,72,50,22
2016-04-21-14-45-00,73,40,33
2016-04-21-15-00-00,71,45,26
2016-04-21-15-15-00,83,46,37
2016-04-21-15-30-00,88,56,32
2016-04-21-15-45-00,99,59,40
2016-04-21-16-00-00,105,51,54
2016-04-21-16-15-00,132,78,54
2016-04-21-16-30-00,91,65,26
2016-04-21-16-45-00,128,67,61
2016-04-21-17-00-00,121,71,50
2016-04-21-17-15-00,137,76,61
2016-04-21-17-30-00,132,81,51
2016-04-21-17-45-00,118,78,40
2016-04-21-18-00-00,99,59,40
2016-04-21-18-15-00,106,54,52
2016-04-21-18-30-00,124,80,44
2016-04-21-18-45-00,117,75,42
2016-04-21-19-00-00,71,37,34
2016-04-21-19-15-00,71,43,28
2016-04-21-19-30-00,54,34,20
2016-04-21-19-45-00,64,49,15
2016-04-21-20-00-00,55,34,21
2016-04-21-20-15-00,45,31,14
2016-04-21-20-30-00,36,20,16
2016-04-21-20-45-00,32,17,15
2016-04-21-21-00-00,23,16,7
2016-04-21-21-15-00,10,3,7
2016-04-21-21-30-00,7,3,4
2016-04-21-21-45-00,10,3,7
2016-04-21-22-00-00,5,2,3
2016-04-21-22-15-00,6,3,3
2016-04-21-22-30-00,2,2,0
2016-04-21-22-45-00,3,3,0
2016-04-21-23-00-00,3,1,2
2016-04-21-23-15-00,3,2,1
2016-04-21-23-30-00,1,1,0
2016-04-21-23-45-00,1,1,0
2016-04-22-00-00-00,0,0,0
2016-04-22-00-15-00,0,0,0
2016-04-22-00-30-00,0,0,0
2016-04-22-00-45-00,0,0,0
2016-04-22-01-00-00,3,2,1
2016-04-22-01-15-00,1,0,1
2016-04-22-01-30-00,1,0,1
2016-04-22-01-45-00,0,0,0
2016-04-22-02-00-00,2,2,0
2016-04-22-02-15-00,0,0,0
2016-04-22-02-30-00,0,0,0
2016-04-22-02-45-00,0,0,0
2016-04-22-03-00-00,0,0,0
2016-04-22-03-15-00,0,0,0
2016-04-22-03-30-00,0,0,0
2016-04-22-03-45-00,0,0,0
2016-04-22-04-00-00,0,0,0
2016-04-22-04-15-00,1,1,0
2016-04-22-04-30-00,0,0,0
2016-04-22-04-45-00,0,0,0
2016-04-22-05-00-00,0,0,0
2016-04-22-05-15-00,1,0,1
2016-04-22-05-30-00,3,2,1
2016-04-22-05-45-00,2,2,0
2016-04-22-06-00-00,7,1,6
2016-04-22-06-15-00,3,3,0
2016-04-22-06-30-00,14,4,10
2016-04-22-06-45-00,14,7,7
2016-04-22-07-00-00,21,11,10
2016-04-22-07-15-00,34,11,23
2016-04-22-07-30-00,52,20,32
2016-04-22-07-45-00,44,9,35
2016-04-22-08-00-00,30,4,26
2016-04-22-08-15-00,50,10,40
2016-04-22-08-30-00,43,11,32
2016-04-22-08-45-00,51,12,39
2016-04-22-09-00-00,18,1,17
2016-04-22-09-15-00,26,8,18
2016-04-22-09-30-00,15,5,10
2016-04-22-09-45-00,17,8,9
2016-04-22-10-00-00,9,4,5
2016-04-22-10-15-00,11,7,4
2016-04-22-10-30-00,13,8,5
2016-04-22-10-45-00,21,11,10
2016-04-22-11-00-00,18,10,8
2016-04-22-11-15-00,23,9,14
2016-04-22-11-30-00,15,9,6
2016-04-22-11-45-00,16,10,6
2016-04-22-12-00-00,17,6,11
2016-04-22-12-15-00,20,9,11
2016-04-22-12-30-00,18,10,8
2016-04-22-12-45-00,27,11,16
2016-04-22-13-00-00,34,22,12
2016-04-22-13-15-00,34,13,21
2016-04-22-13-30-00,33,18,15
2016-04-22-13-45-00,33,22,11
2016-04-22-14-00-00,30,15,15
2016-04-22-14-15-00,38,16,22
2016-04-22-14-30-00,39,26,13
2016-04-22-14-45-00,44,25,19
2016-04-22-15-00-00,41,33,8
2016-04-22-15-15-00,61,37,24
2016-04-22-15-30-00,62,40,22
2016-04-22-15-45-00,59,34,25
2016-04-22-16-00-00,60,37,23
2016-04-22-16-15-00,65,39,26
2016-04-22-16-30-00,60,35,25
2016-04-22-16-45-00,57,33,24
2016-04-22-17-00-00,39,27,12
2016-04-22-17-15-00,48,25,23
2016-04-22-17-30-00,31,19,12
2016-04-22-17-45-00,47,28,19
2016-04-22-18-00-00,39,25,14
2016-04-22-18-15-00,58,40,18
2016-04-22-18-30-00,51,23,28
2016-04-22-18-45-00,26,17,9
2016-04-22-19-00-00,29,12,17
2016-04-22-19-15-00,22,13,9
2016-04-22-19-30-00,23,16,7
2016-04-22-19-45-00,25,14,11
2016-04-22-20-00-00,15,10,5
2016-04-22-20-15-00,14,8,6
2016-04-22-20-30-00,10,4,6
2016-04-22-20-45-00,15,10,5
2016-04-22-21-00-00,13,5,8
2016-04-22-21-15-00,3,2,1
2016-04-22-21-30-00,6,4,2
2016-04-22-21-45-00,9,3,6
2016-04-22-22-00-00,5,1,4
2016-04-22-22-15-00,3,0,3
2016-04-22-22-30-00,3,2,1
2016-04-22-22-45-00,3,2,1
2016-04-22-23-00-00,3,2,1
2016-04-22-23-15-00,5,3,2
2016-04-22-23-30-00,2,1,1
2016-04-22-23-45-00,3,2,1
2016-04-23-00-00-00,0,0,0
2016-04-23-00-15-00,2,2,0
2016-04-23-00-30-00,1,0,1
2016-04-23-00-45-00,0,0,0
2016-04-23-01-00-00,0,0,0
2016-04-23-01-15-00,0,0,0
2016-04-23-01-30-00,0,0,0
2016-04-23-01-45-00,1,1,0
2016-04-23-02-00-00,0,0,0
2016-04-23-02-15-00,0,0,0
2016-04-23-02-30-00,5,1,4
2016-04-23-02-45-00,0,0,0
2016-04-23-03-00-00,0,0,0
2016-04-23-03-15-00,0,0,0
2016-04-23-03-30-00,0,0,0
2016-04-23-03-45-00,0,0,0
2016-04-23-04-00-00,2,0,2
2016-04-23-04-15-00,0,0,0
2016-04-23-04-30-00,1,1,0
2016-04-23-04-45-00,0,0,0
2016-04-23-05-00-00,0,0,0
2016-04-23-05-15-00,1,0,1
2016-04-23-05-30-00,0,0,0
2016-04-23-05-45-00,0,0,0
2016-04-23-06-00-00,0,0,0
2016-04-23-06-15-00,0,0,0
2016-04-23-06-30-00,0,0,0
2016-04-23-06-45-00,0,0,0
2016-04-23-07-00-00,1,1,0
2016-04-23-07-15-00,2,1,1
2016-04-23-07-30-00,2,1,1
2016-04-23-07-45-00,0,0,0
2016-04-23-08-00-00,2,1,1
2016-04-23-08-15-00,3,2,1
2016-04-23-08-30-00,0,0,0
2016-04-23-08-45-00,1,0,1
2016-04-23-09-00-00,3,2,1
2016-04-23-09-15-00,1,1,0
2016-04-23-09-30-00,3,0,3
2016-04-23-09-45-00,7,6,1
2016-04-23-10-00-00,3,3,0
2016-04-23-10-15-00,3,1,2
2016-04-23-10-30-00,2,1,1
2016-04-23-10-45-00,1,0,1
2016-04-23-11-00-00,8,4,4
2016-04-23-11-15-00,5,5,0
2016-04-23-11-30-00,9,8,1
2016-04-23-11-45-00,8,3,5
2016-04-23-12-00-00,10,2,8
2016-04-23-12-15-00,13,8,5
2016-04-23-12-30-00,11,5,6
2016-04-23-12-45-00,14,5,9
2016-04-23-13-00-00,20,10,10
2016-04-23-13-15-00,11,4,7
2016-04-23-13-30-00,8,5,3
2016-04-23-13-45-00,10,7,3
2016-04-23-14-00-00,21,7,14
2016-04-23-14-15-00,13,6,7
2016-04-23-14-30-00,23,20,3
2016-04-23-14-45-00,5,1,4
2016-04-23-15-00-00,10,3,7
2016-04-23-15-15-00,13,9,4
2016-04-23-15-30-00,25,7,18
2016-04-23-15-45-00,15,10,5
2016-04-23-16-00-00,30,23,7
2016-04-23-16-15-00,23,7,16
2016-04-23-16-30-00,25,11,14
2016-04-23-16-45-00,44,31,13
2016-04-23-17-00-00,14,7,7
2016-04-23-17-15-00,15,10,5
2016-04-23-17-30-00,26,16,10
2016-04-23-17-45-00,21,5,16
2016-04-23-18-00-00,24,13,11
2016-04-23-18-15-00,7,5,2
2016-04-23-18-30-00,10,1,9
2016-04-23-18-45-00,15,8,7
2016-04-23-19-00-00,12,8,4
2016-04-23-19-15-00,3,0,3
2016-04-23-19-30-00,18,8,10
2016-04-23-19-45-00,8,4,4
2016-04-23-20-00-00,9,6,3
2016-04-23-20-15-00,10,6,4
2016-04-23-20-30-00,3,0,3
2016-04-23-20-45-00,4,3,1
2016-04-23-21-00-00,7,7,0
2016-04-23-21-15-00,0,0,0
2016-04-23-21-30-00,3,1,2
2016-04-23-21-45-00,3,0,3
2016-04-23-22-00-00,0,0,0
2016-04-23-22-15-00,0,0,0
2016-04-23-22-30-00,0,0,0
2016-04-23-22-45-00,4,2,2
2016-04-23-23-00-00,4,3,1
2016-04-23-23-15-00,2,2,0
2016-04-23-23-30-00,1,0,1
2016-04-23-23-45-00,5,2,3
2016-04-24-00-00-00,3,2,1
2016-04-24-00-15-00,2,2,0
2016-04-24-00-30-00,1,0,1
2016-04-24-00-45-00,2,2,0
2016-04-24-01-00-00,0,0,0
2016-04-24-01-15-00,1,1,0
2016-04-24-01-30-00,1,0,1
2016-04-24-01-45-00,2,2,0
2016-04-24-02-00-00,0,0,0
2016-04-24-02-15-00,0,0,0
2016-04-24-02-30-00,0,0,0
2016-04-24-02-45-00,0,0,0
2016-04-24-03-00-00,0,0,0
2016-04-24-03-15-00,1,0,1
2016-04-24-03-30-00,0,0,0
2016-04-24-03-45-00,1,0,1
2016-04-24-04-00-00,1,1,0
2016-04-24-04-15-00,0,0,0
2016-04-24-04-30-00,0,0,0
2016-04-24-04-45-00,0,0,0
2016-04-24-05-00-00,0,0,0
2016-04-24-05-15-00,0,0,0
2016-04-24-05-30-00,0,0,0
2016-04-24-05-45-00,0,0,0
2016-04-24-06-00-00,1,1,0
2016-04-24-06-15-00,1,0,1
2016-04-24-06-30-00,2,1,1
2016-04-24-06-45-00,0,0,0
2016-04-24-07-00-00,1,0,1
2016-04-24-07-15-00,1,0,1
2016-04-24-07-30-00,3,1,2
2016-04-24-07-45-00,2,1,1
2016-04-24-08-00-00,4,2,2
2016-04-24-08-15-00,2,1,1
2016-04-24-08-30-00,10,5,5
2016-04-24-08-45-00,4,2,2
2016-04-24-09-00-00,7,3,4
2016-04-24-09-15-00,14,7,7
2016-04-24-09-30-00,11,5,6
2016-04-24-09-45-00,10,3,7
2016-04-24-10-00-00,15,7,8
2016-04-24-10-15-00,16,7,9
2016-04-24-10-30-00,8,3,5
2016-04-24-10-45-00,10,4,6
2016-04-24-11-00-00,12,8,4
2016-04-24-11-15-00,18,7,11
2016-04-24-11-30-00,15,9,6
2016-04-24-11-45-00,22,9,13
2016-04-24-12-00-00,6,4,2
2016-04-24-12-15-00,14,8,6
2016-04-24-12-30-00,11,6,5
2016-04-24-12-45-00,5,5,0
2016-04-24-13-00-00,11,7,4
2016-04-24-13-15-00,11,7,4
2016-04-24-13-30-00,16,11,5
2016-04-24-13-45-00,20,10,10
2016-04-24-14-00-00,30,22,8
2016-04-24-14-15-00,7,4,3
2016-04-24-14-30-00,12,6,6
2016-04-24-14-45-00,23,15,8
2016-04-24-15-00-00,12,6,6
2016-04-24-15-15-00,21,15,6
2016-04-24-15-30-00,12,6,6
2016-04-24-15-45-00,6,5,1
2016-04-24-16-00-00,9,7,2
2016-04-24-16-15-00,12,9,3
2016-04-24-16-30-00,13,5,8
2016-04-24-16-45-00,21,13,8
2016-04-24-17-00-00,24,12,12
2016-04-24-17-15-00,20,9,11
2016-04-24-17-30-00,19,9,10
2016-04-24-17-45-00,12,11,1
2016-04-24-18-00-00,11,5,6
2016-04-24-18-15-00,16,8,8
2016-04-24-18-30-00,17,7,10
2016-04-24-18-45-00,12,7,5
2016-04-24-19-00-00,11,10,1
2016-04-24-19-15-00,7,3,4
2016-04-24-19-30-00,5,3,2
2016-04-24-19-45-00,2,2,0
2016-04-24-20-00-00,7,2,5
2016-04-24-20-15-00,1,1,0
2016-04-24-20-30-00,2,0,2
2016-04-24-20-45-00,0,0,0
2016-04-24-21-00-00,0,0,0
2016-04-24-21-15-00,4,0,4
2016-04-24-21-30-00,0,0,0
2016-04-24-21-45-00,2,2,0
2016-04-24-22-00-00,0,0,0
2016-04-24-22-15-00,2,1,1
2016-04-24-22-30-00,0,0,0
2016-04-24-22-45-00,3,3,0
2016-04-24-23-00-00,0,0,0
2016-04-24-23-15-00,2,2,0
2016-04-24-23-30-00,0,0,0
2016-04-24-23-45-00,0,0,0
2016-04-25-00-00-00,0,0,0
2016-04-25-00-15-00,0,0,0
2016-04-25-00-30-00,0,0,0
2016-04-25-00-45-00,0,0,0
2016-04-25-01-00-00,0,0,0
2016-04-25-01-15-00,0,0,0
2016-04-25-01-30-00,1,0,1
2016-04-25-01-45-00,0,0,0
2016-04-25-02-00-00,0,0,0
2016-04-25-02-15-00,0,0,0
2016-04-25-02-30-00,1,0,1
2016-04-25-02-45-00,0,0,0
2016-04-25-03-00-00,0,0,0
2016-04-25-03-15-00,0,0,0
2016-04-25-03-30-00,0,0,0
2016-04-25-03-45-00,0,0,0
2016-04-25-04-00-00,0,0,0
2016-04-25-04-15-00,0,0,0
2016-04-25-04-30-00,0,0,0
2016-04-25-04-45-00,0,0,0
2016-04-25-05-00-00,0,0,0
2016-04-25-05-15-00,0,0,0
2016-04-25-05-30-00,1,1,0
2016-04-25-05-45-00,2,0,2
2016-04-25-06-00-00,2,1,1
2016-04-25-06-15-00,7,2,5
2016-04-25-06-30-00,2,1,1
2016-04-25-06-45-00,9,4,5
2016-04-25-07-00-00,10,4,6
2016-04-25-07-15-00,19,5,14
2016-04-25-07-30-00,35,15,20
2016-04-25-07-45-00,34,10,24
2016-04-25-08-00-00,29,6,23
2016-04-25-08-15-00,28,7,21
2016-04-25-08-30-00,27,3,24
2016-04-25-08-45-00,37,10,27
2016-04-25-09-00-00,17,6,11
2016-04-25-09-15-00,11,6,5
2016-04-25-09-30-00,10,5,5
2016-04-25-09-45-00,8,3,5
2016-04-25-10-00-00,13,2,11
2016-04-25-10-15-00,11,3,8
2016-04-25-10-30-00,8,2,6
2016-04-25-10-45-00,9,2,7
2016-04-25-11-00-00,7,2,5
2016-04-25-11-15-00,1,0,1
2016-04-25-11-30-00,5,1,4
2016-04-25-11-45-00,6,4,2
2016-04-25-12-00-00,10,5,5
2016-04-25-12-15-00,6,5,1
2016-04-25-12-30-00,13,10,3
2016-04-25-12-45-00,10,6,4
2016-04-25-13-00-00,8,4,4
2016-04-25-13-15-00,15,7,8
2016-04-25-13-30-00,9,3,6
2016-04-25-13-45-00,6,1,5
2016-04-25-14-00-00,7,6,1
2016-04-25-14-15-00,7,5,2
2016-04-25-14-30-00,6,2,4
2016-04-25-14-45-00,9,3,6
2016-04-25-15-00-00,7,5,2
2016-04-25-15-15-00,7,5,2
2016-04-25-15-30-00,8,5,3
2016-04-25-15-45-00,7,7,0
2016-04-25-16-00-00,9,8,1
2016-04-25-16-15-00,16,11,5
2016-04-25-16-30-00,20,9,11
2016-04-25-16-45-00,15,11,4
2016-04-25-17-00-00,14,8,6
2016-04-25-17-15-00,24,20,4
2016-04-25-17-30-00,18,16,2
2016-04-25-17-45-00,19,15,4
2016-04-25-18-00-00,20,14,6
2016-04-25-18-15-00,14,11,3
2016-04-25-18-30-00,23,18,5
2016-04-25-18-45-00,11,11,0
2016-04-25-19-00-00,5,3,2
2016-04-25-19-15-00,12,9,3
2016-04-25-19-30-00,8,6,2
2016-04-25-19-45-00,6,5,1
2016-04-25-20-00-00,4,3,1
2016-04-25-20-15-00,4,2,2
2016-04-25-20-30-00,6,2,4
2016-04-25-20-45-00,3,2,1
2016-04-25-21-00-00,2,1,1
2016-04-25-21-15-00,2,2,0
2016-04-25-21-30-00,0,0,0
2016-04-25-21-45-00,1,0,1
2016-04-25-22-00-00,0,0,0
2016-04-25-22-15-00,0,0,0
2016-04-25-22-30-00,1,1,0
2016-04-25-22-45-00,0,0,0
2016-04-25-23-00-00,3,2,1
2016-04-25-23-15-00,0,0,0
2016-04-25-23-30-00,2,2,0
2016-04-25-23-45-00,0,0,0
2016-04-26-00-00-00,0,0,0
2016-04-26-00-15-00,0,0,0
2016-04-26-00-30-00,0,0,0
2016-04-26-00-45-00,0,0,0
2016-04-26-01-00-00,0,0,0
2016-04-26-01-15-00,0,0,0
2016-04-26-01-30-00,0,0,0
2016-04-26-01-45-00,0,0,0
2016-04-26-02-00-00,0,0,0
2016-04-26-02-15-00,0,0,0
2016-04-26-02-30-00,0,0,0
2016-04-26-02-45-00,0,0,0
2016-04-26-03-00-00,0,0,0
2016-04-26-03-15-00,0,0,0
2016-04-26-03-30-00,0,0,0
2016-04-26-03-45-00,0,0,0
2016-04-26-04-00-00,0,0,0
2016-04-26-04-15-00,0,0,0
2016-04-26-04-30-00,0,0,0
2016-04-26-04-45-00,0,0,0
2016-04-26-05-00-00,0,0,0
2016-04-26-05-15-00,1,1,0
2016-04-26-05-30-00,1,1,0
2016-04-26-05-45-00,7,3,4
2016-04-26-06-00-00,2,0,2
2016-04-26-06-15-00,5,3,2
2016-04-26-06-30-00,5,1,4
2016-04-26-06-45-00,9,4,5
2016-04-26-07-00-00,11,2,9
2016-04-26-07-15-00,15,8,7
2016-04-26-07-30-00,38,17,21
2016-04-26-07-45-00,25,7,18
2016-04-26-08-00-00,42,6,36
2016-04-26-08-15-00,37,8,29
2016-04-26-08-30-00,37,9,28
2016-04-26-08-45-00,31,5,26
2016-04-26-09-00-00,18,4,14
2016-04-26-09-15-00,14,2,12
2016-04-26-09-30-00,14,6,8
2016-04-26-09-45-00,7,1,6
2016-04-26-10-00-00,8,4,4
2016-04-26-10-15-00,6,4,2
2016-04-26-10-30-00,5,2,3
2016-04-26-10-45-00,2,1,1
2016-04-26-11-00-00,11,8,3
2016-04-26-11-15-00,4,3,1
2016-04-26-11-30-00,2,1,1
2016-04-26-11-45-00,6,3,3
2016-04-26-12-00-00,7,4,3
2016-04-26-12-15-00,11,6,5
2016-04-26-12-30-00,5,3,2
2016-04-26-12-45-00,7,3,4
2016-04-26-13-00-00,10,7,3
2016-04-26-13-15-00,8,4,4
2016-04-26-13-30-00,21,18,3
2016-04-26-13-45-00,5,4,1
2016-04-26-14-00-00,2,0,2
2016-04-26-14-15-00,4,0,4
2016-04-26-14-30-00,4,2,2
2016-04-26-14-45-00,5,5,0
2016-04-26-15-00-00,12,5,7
2016-04-26-15-15-00,10,8,2
2016-04-26-15-30-00,7,6,1
2016-04-26-15-45-00,12,9,3
2016-04-26-16-00-00,15,12,3
2016-04-26-16-15-00,23,11,12
2016-04-26-16-30-00,13,9,4
2016-04-26-16-45-00,17,14,3
2016-04-26-17-00-00,23,15,8
2016-04-26-17-15-00,29,18,11
2016-04-26-17-30-00,27,18,9
2016-04-26-17-45-00,33,22,11
2016-04-26-18-00-00,34,28,6
2016-04-26-18-15-00,17,16,1
2016-04-26-18-30-00,22,14,8
2016-04-26-18-45-00,20,14,6
2016-04-26-19-00-00,10,6,4
2016-04-26-19-15-00,8,5,3
2016-04-26-19-30-00,15,14,1
2016-04-26-19-45-00,10,7,3
2016-04-26-20-00-00,14,10,4
2016-04-26-20-15-00,10,3,7
2016-04-26-20-30-00,8,6,2
2016-04-26-20-45-00,6,6,0
2016-04-26-21-00-00,3,2,1
2016-04-26-21-15-00,8,6,2
2016-04-26-21-30-00,4,3,1
2016-04-26-21-45-00,3,0,3
2016-04-26-22-00-00,2,0,2
2016-04-26-22-15-00,1,1,0
2016-04-26-22-30-00,0,0,0
2016-04-26-22-45-00,0,0,0
2016-04-26-23-00-00,1,0,1
2016-04-26-23-15-00,0,0,0
2016-04-26-23-30-00,0,0,0
2016-04-26-23-45-00,1,1,0
2016-04-27-00-00-00,0,0,0
2016-04-27-00-15-00,0,0,0
2016-04-27-00-30-00,0,0,0
2016-04-27-00-45-00,0,0,0
2016-04-27-01-00-00,0,0,0
2016-04-27-01-15-00,0,0,0
2016-04-27-01-30-00,1,1,0
2016-04-27-01-45-00,0,0,0
2016-04-27-02-00-00,0,0,0
2016-04-27-02-15-00,0,0,0
2016-04-27-02-30-00,0,0,0
2016-04-27-02-45-00,0,0,0
2016-04-27-03-00-00,0,0,0
2016-04-27-03-15-00,0,0,0
2016-04-27-03-30-00,0,0,0
2016-04-27-03-45-00,0,0,0
2016-04-27-04-00-00,0,0,0
2016-04-27-04-15-00,0,0,0
2016-04-27-04-30-00,0,0,0
2016-04-27-04-45-00,0,0,0
2016-04-27-05-00-00,0,0,0
2016-04-27-05-15-00,0,0,0
2016-04-27-05-30-00,1,1,0
2016-04-27-05-45-00,3,1,2
2016-04-27-06-00-00,3,1,2
2016-04-27-06-15-00,6,2,4
2016-04-27-06-30-00,7,3,4
2016-04-27-06-45-00,15,8,7
2016-04-27-07-00-00,23,8,15
2016-04-27-07-15-00,28,11,17
2016-04-27-07-30-00,48,18,30
2016-04-27-07-45-00,47,17,30
2016-04-27-08-00-00,56,4,52
2016-04-27-08-15-00,37,8,29
2016-04-27-08-30-00,42,12,30
2016-04-27-08-45-00,40,5,35
2016-04-27-09-00-00,40,7,33
2016-04-27-09-15-00,14,6,8
2016-04-27-09-30-00,10,2,8
2016-04-27-09-45-00,9,1,8
2016-04-27-10-00-00,6,3,3
2016-04-27-10-15-00,17,9,8
2016-04-27-10-30-00,9,5,4
2016-04-27-10-45-00,8,5,3
2016-04-27-11-00-00,3,1,2
2016-04-27-11-15-00,6,4,2
2016-04-27-11-30-00,13,3,10
2016-04-27-11-45-00,4,2,2
2016-04-27-12-00-00,6,6,0
2016-04-27-12-15-00,10,7,3
2016-04-27-12-30-00,11,3,8
2016-04-27-12-45-00,12,8,4
2016-04-27-13-00-00,16,8,8
2016-04-27-13-15-00,13,4,9
2016-04-27-13-30-00,6,2,4
2016-04-27-13-45-00,8,3,5
2016-04-27-14-00-00,13,7,6
2016-04-27-14-15-00,9,2,7
2016-04-27-14-30-00,20,11,9
2016-04-27-14-45-00,15,7,8
2016-04-27-15-00-00,16,7,9
2016-04-27-15-15-00,16,11,5
2016-04-27-15-30-00,11,9,2
2016-04-27-15-45-00,18,16,2
2016-04-27-16-00-00,28,16,12
2016-04-27-16-15-00,29,18,11
2016-04-27-16-30-00,23,13,10
2016-04-27-16-45-00,25,21,4
2016-04-27-17-00-00,46,36,10
2016-04-27-17-15-00,48,39,9
2016-04-27-17-30-00,32,21,11
2016-04-27-17-45-00,36,31,5
2016-04-27-18-00-00,42,29,13
2016-04-27-18-15-00,37,29,8
2016-04-27-18-30-00,33,27,6
2016-04-27-18-45-00,27,16,11
2016-04-27-19-00-00,22,13,9
2016-04-27-19-15-00,17,13,4
2016-04-27-19-30-00,19,10,9
2016-04-27-19-45-00,12,4,8
2016-04-27-20-00-00,8,5,3
2016-04-27-20-15-00,11,9,2
2016-04-27-20-30-00,6,5,1
2016-04-27-20-45-00,5,4,1
2016-04-27-21-00-00,3,3,0
2016-04-27-21-15-00,4,3,1
2016-04-27-21-30-00,0,0,0
2016-04-27-21-45-00,0,0,0
2016-04-27-22-00-00,1,1,0
2016-04-27-22-15-00,2,2,0
2016-04-27-22-30-00,3,1,2
2016-04-27-22-45-00,5,2,3
2016-04-27-23-00-00,1,0,1
2016-04-27-23-15-00,2,2,0
2016-04-27-23-30-00,3,1,2
2016-04-27-23-45-00,3,2,1
2016-04-28-00-00-00,0,0,0
2016-04-28-00-15-00,0,0,0
2016-04-28-00-30-00,0,0,0
2016-04-28-00-45-00,0,0,0
2016-04-28-01-00-00,0,0,0
2016-04-28-01-15-00,0,0,0
2016-04-28-01-30-00,0,0,0
2016-04-28-01-45-00,0,0,0
2016-04-28-02-00-00,0,0,0
2016-04-28-02-15-00,0,0,0
2016-04-28-02-30-00,0,0,0
2016-04-28-02-45-00,0,0,0
2016-04-28-03-00-00,0,0,0
2016-04-28-03-15-00,0,0,0
2016-04-28-03-30-00,0,0,0
2016-04-28-03-45-00,0,0,0
2016-04-28-04-00-00,0,0,0
2016-04-28-04-15-00,0,0,0
2016-04-28-04-30-00,0,0,0
2016-04-28-04-45-00,0,0,0
2016-04-28-05-00-00,0,0,0
2016-04-28-05-15-00,1,1,0
2016-04-28-05-30-00,0,0,0
2016-04-28-05-45-00,4,1,3
2016-04-28-06-00-00,4,0,4
2016-04-28-06-15-00,12,5,7
2016-04-28-06-30-00,5,0,5
2016-04-28-06-45-00,7,2,5
2016-04-28-07-00-00,15,6,9
2016-04-28-07-15-00,22,8,14
2016-04-28-07-30-00,37,13,24
2016-04-28-07-45-00,37,8,29
2016-04-28-08-00-00,39,9,30
2016-04-28-08-15-00,52,10,42
2016-04-28-08-30-00,39,10,29
2016-04-28-08-45-00,44,9,35
2016-04-28-09-00-00,21,5,16
2016-04-28-09-15-00,15,3,12
2016-04-28-09-30-00,10,10,0
2016-04-28-09-45-00,10,5,5
2016-04-28-10-00-00,10,3,7
2016-04-28-10-15-00,8,4,4
2016-04-28-10-30-00,9,3,6
2016-04-28-10-45-00,7,4,3
2016-04-28-11-00-00,16,6,10
2016-04-28-11-15-00,15,8,7
2016-04-28-11-30-00,15,5,10
2016-04-28-11-45-00,10,5,5
2016-04-28-12-00-00,14,10,4
2016-04-28-12-15-00,14,8,6
2016-04-28-12-30-00,8,4,4
2016-04-28-12-45-00,19,9,10
2016-04-28-13-00-00,21,13,8
2016-04-28-13-15-00,16,9,7
2016-04-28-13-30-00,10,4,6
2016-04-28-13-45-00,12,4,8
2016-04-28-14-00-00,12,6,6
2016-04-28-14-15-00,20,12,8
2016-04-28-14-30-00,25,13,12
2016-04-28-14-45-00,23,15,8
2016-04-28-15-00-00,23,13,10
2016-04-28-15-15-00,24,15,9
2016-04-28-15-30-00,28,23,5
2016-04-28-15-45-00,16,14,2
2016-04-28-16-00-00,21,12,9
2016-04-28-16-15-00,42,29,13
2016-04-28-16-30-00,37,24,13
2016-04-28-16-45-00,43,30,13
2016-04-28-17-00-00,45,26,19
2016-04-28-17-15-00,44,33,11
2016-04-28-17-30-00,31,19,12
2016-04-28-17-45-00,60,42,18
2016-04-28-18-00-00,47,32,15
2016-04-28-18-15-00,35,21,14
2016-04-28-18-30-00,34,23,11
2016-04-28-18-45-00,29,20,9
2016-04-28-19-00-00,27,17,10
2016-04-28-19-15-00,15,10,5
2016-04-28-19-30-00,11,5,6
2016-04-28-19-45-00,19,17,2
2016-04-28-20-00-00,13,9,4
2016-04-28-20-15-00,10,7,3
2016-04-28-20-30-00,8,6,2
2016-04-28-20-45-00,6,3,3
2016-04-28-21-00-00,4,0,4
2016-04-28-21-15-00,5,4,1
2016-04-28-21-30-00,1,1,0
2016-04-28-21-45-00,2,1,1
2016-04-28-22-00-00,2,1,1
2016-04-28-22-15-00,6,1,5
2016-04-28-22-30-00,1,1,0
2016-04-28-22-45-00,1,0,1
2016-04-28-23-00-00,0,0,0
2016-04-28-23-15-00,0,0,0
2016-04-28-23-30-00,0,0,0
2016-04-28-23-45-00,0,0,0
2016-04-29-00-00-00,0,0,0
2016-04-29-00-15-00,0,0,0
2016-04-29-00-30-00,1,0,1
2016-04-29-00-45-00,0,0,0
2016-04-29-01-00-00,0,0,0
2016-04-29-01-15-00,0,0,0
2016-04-29-01-30-00,0,0,0
2016-04-29-01-45-00,0,0,0
2016-04-29-02-00-00,0,0,0
2016-04-29-02-15-00,0,0,0
2016-04-29-02-30-00,0,0,0
2016-04-29-02-45-00,0,0,0
2016-04-29-03-00-00,0,0,0
2016-04-29-03-15-00,0,0,0
2016-04-29-03-30-00,0,0,0
2016-04-29-03-45-00,0,0,0
2016-04-29-04-00-00,0,0,0
2016-04-29-04-15-00,0,0,0
2016-04-29-04-30-00,0,0,0
2016-04-29-04-45-00,0,0,0
2016-04-29-05-00-00,0,0,0
2016-04-29-05-15-00,1,1,0
2016-04-29-05-30-00,2,0,2
2016-04-29-05-45-00,3,1,2
2016-04-29-06-00-00,4,1,3
2016-04-29-06-15-00,8,4,4
2016-04-29-06-30-00,5,2,3
2016-04-29-06-45-00,8,5,3
2016-04-29-07-00-00,14,4,10
2016-04-29-07-15-00,32,8,24
2016-04-29-07-30-00,38,17,21
2016-04-29-07-45-00,32,11,21
2016-04-29-08-00-00,39,11,28
2016-04-29-08-15-00,40,9,31
2016-04-29-08-30-00,23,9,14
2016-04-29-08-45-00,41,4,37
2016-04-29-09-00-00,24,6,18
2016-04-29-09-15-00,22,6,16
2016-04-29-09-30-00,12,6,6
2016-04-29-09-45-00,14,4,10
2016-04-29-10-00-00,17,7,10
2016-04-29-10-15-00,13,10,3
2016-04-29-10-30-00,22,16,6
2016-04-29-10-45-00,16,10,6
2016-04-29-11-00-00,16,8,8
2016-04-29-11-15-00,17,10,7
2016-04-29-11-30-00,17,12,5
2016-04-29-11-45-00,21,9,12
2016-04-29-12-00-00,13,10,3
2016-04-29-12-15-00,15,12,3
2016-04-29-12-30-00,21,10,11
2016-04-29-12-45-00,10,5,5
2016-04-29-13-00-00,22,18,4
2016-04-29-13-15-00,17,9,8
2016-04-29-13-30-00,16,9,7
2016-04-29-13-45-00,17,6,11
2016-04-29-14-00-00,15,5,10
2016-04-29-14-15-00,21,14,7
2016-04-29-14-30-00,23,18,5
2016-04-29-14-45-00,24,14,10
2016-04-29-15-00-00,19,16,3
2016-04-29-15-15-00,28,20,8
2016-04-29-15-30-00,29,22,7
2016-04-29-15-45-00,26,16,10
2016-04-29-16-00-00,28,22,6
2016-04-29-16-15-00,32,16,16
2016-04-29-16-30-00,38,25,13
2016-04-29-16-45-00,30,19,11
2016-04-29-17-00-00,25,15,10
2016-04-29-17-15-00,30,20,10
2016-04-29-17-30-00,26,20,6
2016-04-29-17-45-00,33,16,17
2016-04-29-18-00-00,27,22,5
2016-04-29-18-15-00,27,17,10
2016-04-29-18-30-00,17,10,7
2016-04-29-18-45-00,17,7,10
2016-04-29-19-00-00,21,14,7
2016-04-29-19-15-00,14,9,5
2016-04-29-19-30-00,18,12,6
2016-04-29-19-45-00,15,6,9
2016-04-29-20-00-00,13,8,5
2016-04-29-20-15-00,12,6,6
2016-04-29-20-30-00,10,8,2
2016-04-29-20-45-00,7,3,4
2016-04-29-21-00-00,3,0,3
2016-04-29-21-15-00,2,2,0
2016-04-29-21-30-00,5,0,5
2016-04-29-21-45-00,1,1,0
2016-04-29-22-00-00,2,0,2
2016-04-29-22-15-00,8,5,3
2016-04-29-22-30-00,1,1,0
2016-04-29-22-45-00,0,0,0
2016-04-29-23-00-00,0,0,0
2016-04-29-23-15-00,3,0,3
2016-04-29-23-30-00,0,0,0
2016-04-29-23-45-00,0,0,0
2016-04-30-00-00-00,0,0,0
2016-04-30-00-15-00,0,0,0
2016-04-30-00-30-00,2,1,1
2016-04-30-00-45-00,0,0,0
2016-04-30-01-00-00,0,0,0
2016-04-30-01-15-00,2,2,0
2016-04-30-01-30-00,0,0,0
2016-04-30-01-45-00,1,1,0
2016-04-30-02-00-00,0,0,0
2016-04-30-02-15-00,1,1,0
2016-04-30-02-30-00,0,0,0
2016-04-30-02-45-00,0,0,0
2016-04-30-03-00-00,0,0,0
2016-04-30-03-15-00,0,0,0
2016-04-30-03-30-00,0,0,0
2016-04-30-03-45-00,0,0,0
2016-04-30-04-00-00,0,0,0
2016-04-30-04-15-00,1,1,0
2016-04-30-04-30-00,1,0,1
2016-04-30-04-45-00,1,1,0
2016-04-30-05-00-00,0,0,0
2016-04-30-05-15-00,0,0,0
2016-04-30-05-30-00,0,0,0
2016-04-30-05-45-00,0,0,0
2016-04-30-06-00-00,1,0,1
2016-04-30-06-15-00,0,0,0
2016-04-30-06-30-00,0,0,0
2016-04-30-06-45-00,2,2,0
2016-04-30-07-00-00,0,0,0
2016-04-30-07-15-00,3,0,3
2016-04-30-07-30-00,1,0,1
2016-04-30-07-45-00,3,1,2
2016-04-30-08-00-00,0,0,0
2016-04-30-08-15-00,1,0,1
2016-04-30-08-30-00,3,3,0
2016-04-30-08-45-00,4,2,2
2016-04-30-09-00-00,7,5,2
2016-04-30-09-15-00,6,2,4
2016-04-30-09-30-00,9,5,4
2016-04-30-09-45-00,7,4,3
2016-04-30-10-00-00,6,1,5
2016-04-30-10-15-00,3,2,1
2016-04-30-10-30-00,4,1,3
2016-04-30-10-45-00,8,1,7
2016-04-30-11-00-00,3,2,1
2016-04-30-11-15-00,10,6,4
2016-04-30-11-30-00,6,5,1
2016-04-30-11-45-00,10,5,5
2016-04-30-12-00-00,15,10,5
2016-04-30-12-15-00,8,6,2
2016-04-30-12-30-00,9,1,8
2016-04-30-12-45-00,7,4,3
2016-04-30-13-00-00,12,5,7
2016-04-30-13-15-00,16,9,7
2016-04-30-13-30-00,13,7,6
2016-04-30-13-45-00,25,14,11
2016-04-30-14-00-00,17,7,10
2016-04-30-14-15-00,12,5,7
2016-04-30-14-30-00,16,4,12
2016-04-30-14-45-00,10,6,4
2016-04-30-15-00-00,17,6,11
2016-04-30-15-15-00,15,7,8
2016-04-30-15-30-00,19,7,12
2016-04-30-15-45-00,27,14,13
2016-04-30-16-00-00,19,11,8
2016-04-30-16-15-00,21,14,7
2016-04-30-16-30-00,22,15,7
2016-04-30-16-45-00,21,11,10
2016-04-30-17-00-00,23,3,20
2016-04-30-17-15-00,9,5,4
2016-04-30-17-30-00,9,5,4
2016-04-30-17-45-00,11,5,6
2016-04-30-18-00-00,16,8,8
2016-04-30-18-15-00,4,3,1
2016-04-30-18-30-00,10,4,6
2016-04-30-18-45-00,10,5,5
2016-04-30-19-00-00,3,1,2
2016-04-30-19-15-00,2,0,2
2016-04-30-19-30-00,9,3,6
2016-04-30-19-45-00,10,6,4
2016-04-30-20-00-00,11,7,4
2016-04-30-20-15-00,7,3,4
2016-04-30-20-30-00,5,3,2
2016-04-30-20-45-00,2,1,1
2016-04-30-21-00-00,2,1,1
2016-04-30-21-15-00,2,0,2
2016-04-30-21-30-00,4,1,3
2016-04-30-21-45-00,0,0,0
2016-04-30-22-00-00,1,1,0
2016-04-30-22-15-00,0,0,0
2016-04-30-22-30-00,1,1,0
2016-04-30-22-45-00,0,0,0
2016-04-30-23-00-00,1,0,1
2016-04-30-23-15-00,0,0,0
2016-04-30-23-30-00,1,0,1
2016-04-30-23-45-00,3,0,3
2016-05-01-00-00-00,0,0,0
2016-05-01-00-15-00,1,0,1
2016-05-01-00-30-00,3,2,1
2016-05-01-00-45-00,5,3,2
2016-05-01-01-00-00,2,0,2
2016-05-01-01-15-00,2,1,1
2016-05-01-01-30-00,0,0,0
2016-05-01-01-45-00,0,0,0
2016-05-01-02-00-00,0,0,0
2016-05-01-02-15-00,1,0,1
2016-05-01-02-30-00,1,1,0
2016-05-01-02-45-00,0,0,0
2016-05-01-03-00-00,2,1,1
2016-05-01-03-15-00,0,0,0
2016-05-01-03-30-00,0,0,0
2016-05-01-03-45-00,0,0,0
2016-05-01-04-00-00,0,0,0
2016-05-01-04-15-00,0,0,0
2016-05-01-04-30-00,0,0,0
2016-05-01-04-45-00,0,0,0
2016-05-01-05-00-00,0,0,0
2016-05-01-05-15-00,0,0,0
2016-05-01-05-30-00,0,0,0
2016-05-01-05-45-00,0,0,0
2016-05-01-06-00-00,0,0,0
2016-05-01-06-15-00,0,0,0
2016-05-01-06-30-00,1,1,0
2016-05-01-06-45-00,1,0,1
2016-05-01-07-00-00,0,0,0
2016-05-01-07-15-00,0,0,0
2016-05-01-07-30-00,2,1,1
2016-05-01-07-45-00,1,0,1
2016-05-01-08-00-00,1,0,1
2016-05-01-08-15-00,2,1,1
2016-05-01-08-30-00,7,4,3
2016-05-01-08-45-00,6,3,3
2016-05-01-09-00-00,3,0,3
2016-05-01-09-15-00,10,1,9
2016-05-01-09-30-00,12,5,7
2016-05-01-09-45-00,5,3,2
2016-05-01-10-00-00,20,4,16
2016-05-01-10-15-00,12,7,5
2016-05-01-10-30-00,18,7,11
2016-05-01-10-45-00,14,5,9
2016-05-01-11-00-00,23,11,12
2016-05-01-11-15-00,15,7,8
2016-05-01-11-30-00,24,9,15
2016-05-01-11-45-00,27,11,16
2016-05-01-12-00-00,25,7,18
2016-05-01-12-15-00,28,15,13
2016-05-01-12-30-00,24,16,8
2016-05-01-12-45-00,28,11,17
2016-05-01-13-00-00,28,17,11
2016-05-01-13-15-00,33,15,18
2016-05-01-13-30-00,25,5,20
2016-05-01-13-45-00,46,16,30
2016-05-01-14-00-00,35,21,14
2016-05-01-14-15-00,56,28,28
2016-05-01-14-30-00,45,19,26
2016-05-01-14-45-00,47,28,19
2016-05-01-15-00-00,68,28,40
2016-05-01-15-15-00,68,36,32
2016-05-01-15-30-00,69,34,35
2016-05-01-15-45-00,72,33,39
2016-05-01-16-00-00,72,35,37
2016-05-01-16-15-00,67,38,29
2016-05-01-16-30-00,83,41,42
2016-05-01-16-45-00,82,57,25
2016-05-01-17-00-00,103,48,55
2016-05-01-17-15-00,64,33,31
2016-05-01-17-30-00,82,44,38
2016-05-01-17-45-00,86,54,32
2016-05-01-18-00-00,56,38,18
2016-05-01-18-15-00,64,39,25
2016-05-01-18-30-00,67,33,34
2016-05-01-18-45-00,55,36,19
2016-05-01-19-00-00,46,23,23
2016-05-01-19-15-00,33,21,12
2016-05-01-19-30-00,34,14,20
2016-05-01-19-45-00,37,27,10
2016-05-01-20-00-00,30,22,8
2016-05-01-20-15-00,23,12,11
2016-05-01-20-30-00,20,11,9
2016-05-01-20-45-00,6,4,2
2016-05-01-21-00-00,7,6,1
2016-05-01-21-15-00,2,2,0
2016-05-01-21-30-00,5,4,1
2016-05-01-21-45-00,9,4,5
2016-05-01-22-00-00,9,8,1
2016-05-01-22-15-00,0,0,0
2016-05-01-22-30-00,2,1,1
2016-05-01-22-45-00,2,0,2
2016-05-01-23-00-00,2,2,0
2016-05-01-23-15-00,0,0,0
2016-05-01-23-30-00,0,0,0
2016-05-01-23-45-00,2,1,1
2016-05-02-00-00-00,0,0,0
2016-05-02-00-15-00,0,0,0
2016-05-02-00-30-00,1,0,1
2016-05-02-00-45-00,0,0,0
2016-05-02-01-00-00,0,0,0
2016-05-02-01-15-00,0,0,0
2016-05-02-01-30-00,0,0,0
2016-05-02-01-45-00,0,0,0
2016-05-02-02-00-00,0,0,0
2016-05-02-02-15-00,0,0,0
2016-05-02-02-30-00,0,0,0
2016-05-02-02-45-00,0,0,0
2016-05-02-03-00-00,0,0,0
2016-05-02-03-15-00,0,0,0
2016-05-02-03-30-00,0,0,0
2016-05-02-03-45-00,0,0,0
2016-05-02-04-00-00,0,0,0
2016-05-02-04-15-00,0,0,0
2016-05-02-04-30-00,0,0,0
2016-05-02-04-45-00,0,0,0
2016-05-02-05-00-00,0,0,0
2016-05-02-05-15-00,1,1,0
2016-05-02-05-30-00,1,0,1
2016-05-02-05-45-00,4,1,3
2016-05-02-06-00-00,5,2,3
2016-05-02-06-15-00,9,4,5
2016-05-02-06-30-00,5,1,4
2016-05-02-06-45-00,12,9,3
2016-05-02-07-00-00,24,8,16
2016-05-02-07-15-00,53,18,35
2016-05-02-07-30-00,42,13,29
2016-05-02-07-45-00,57,17,40
2016-05-02-08-00-00,62,14,48
2016-05-02-08-15-00,58,13,45
2016-05-02-08-30-00,52,10,42
2016-05-02-08-45-00,60,6,54
2016-05-02-09-00-00,36,9,27
2016-05-02-09-15-00,24,9,15
2016-05-02-09-30-00,27,12,15
2016-05-02-09-45-00,13,5,8
2016-05-02-10-00-00,10,5,5
2016-05-02-10-15-00,13,7,6
2016-05-02-10-30-00,27,4,23
2016-05-02-10-45-00,23,18,5
2016-05-02-11-00-00,20,14,6
2016-05-02-11-15-00,30,11,19
2016-05-02-11-30-00,33,17,16
2016-05-02-11-45-00,44,23,21
2016-05-02-12-00-00,34,15,19
2016-05-02-12-15-00,36,17,19
2016-05-02-12-30-00,38,17,21
2016-05-02-12-45-00,36,17,19
2016-05-02-13-00-00,52,31,21
2016-05-02-13-15-00,48,20,28
2016-05-02-13-30-00,49,23,26
2016-05-02-13-45-00,47,22,25
2016-05-02-14-00-00,54,28,26
2016-05-02-14-15-00,49,28,21
2016-05-02-14-30-00,77,44,33
2016-05-02-14-45-00,53,28,25
2016-05-02-15-00-00,47,29,18
2016-05-02-15-15-00,46,26,20
2016-05-02-15-30-00,68,38,30
2016-05-02-15-45-00,65,42,23
2016-05-02-16-00-00,72,37,35
2016-05-02-16-15-00,84,49,35
2016-05-02-16-30-00,69,34,35
2016-05-02-16-45-00,120,88,32
2016-05-02-17-00-00,104,68,36
2016-05-02-17-15-00,95,67,28
2016-05-02-17-30-00,104,67,37
2016-05-02-17-45-00,116,73,43
2016-05-02-18-00-00,106,72,34
2016-05-02-18-15-00,106,72,34
2016-05-02-18-30-00,101,65,36
2016-05-02-18-45-00,88,59,29
2016-05-02-19-00-00,58,35,23
2016-05-02-19-15-00,69,42,27
2016-05-02-19-30-00,62,43,19
2016-05-02-19-45-00,50,31,19
2016-05-02-20-00-00,36,23,13
2016-05-02-20-15-00,46,21,25
2016-05-02-20-30-00,42,16,26
2016-05-02-20-45-00,38,19,19
2016-05-02-21-00-00,26,15,11
2016-05-02-21-15-00,19,14,5
2016-05-02-21-30-00,10,4,6
2016-05-02-21-45-00,3,1,2
2016-05-02-22-00-00,4,3,1
2016-05-02-22-15-00,0,0,0
2016-05-02-22-30-00,4,4,0
2016-05-02-22-45-00,4,1,3
2016-05-02-23-00-00,1,1,0
2016-05-02-23-15-00,0,0,0
2016-05-02-23-30-00,0,0,0
2016-05-02-23-45-00,0,0,0
2016-05-03-00-00-00,0,0,0
2016-05-03-00-15-00,0,0,0
2016-05-03-00-30-00,1,0,1
2016-05-03-00-45-00,1,0,1
2016-05-03-01-00-00,0,0,0
2016-05-03-01-15-00,0,0,0
2016-05-03-01-30-00,0,0,0
2016-05-03-01-45-00,0,0,0
2016-05-03-02-00-00,0,0,0
2016-05-03-02-15-00,0,0,0
2016-05-03-02-30-00,0,0,0
2016-05-03-02-45-00,0,0,0
2016-05-03-03-00-00,0,0,0
2016-05-03-03-15-00,0,0,0
2016-05-03-03-30-00,0,0,0
2016-05-03-03-45-00,0,0,0
2016-05-03-04-00-00,1,0,1
2016-05-03-04-15-00,1,0,1
2016-05-03-04-30-00,0,0,0
2016-05-03-04-45-00,0,0,0
2016-05-03-05-00-00,0,0,0
2016-05-03-05-15-00,1,1,0
2016-05-03-05-30-00,2,1,1
2016-05-03-05-45-00,1,1,0
2016-05-03-06-00-00,5,1,4
2016-05-03-06-15-00,2,1,1
2016-05-03-06-30-00,14,3,11
2016-05-03-06-45-00,10,6,4
2016-05-03-07-00-00,8,3,5
2016-05-03-07-15-00,15,5,10
2016-05-03-07-30-00,17,8,9
2016-05-03-07-45-00,23,11,12
2016-05-03-08-00-00,28,3,25
2016-05-03-08-15-00,31,5,26
2016-05-03-08-30-00,36,6,30
2016-05-03-08-45-00,40,4,36
2016-05-03-09-00-00,21,2,19
2016-05-03-09-15-00,17,3,14
2016-05-03-09-30-00,9,4,5
2016-05-03-09-45-00,8,2,6
2016-05-03-10-00-00,8,2,6
2016-05-03-10-15-00,10,5,5
2016-05-03-10-30-00,10,5,5
2016-05-03-10-45-00,7,4,3
2016-05-03-11-00-00,5,3,2
2016-05-03-11-15-00,4,1,3
2016-05-03-11-30-00,7,4,3
2016-05-03-11-45-00,10,8,2
2016-05-03-12-00-00,10,6,4
2016-05-03-12-15-00,12,10,2
2016-05-03-12-30-00,12,5,7
2016-05-03-12-45-00,9,6,3
2016-05-03-13-00-00,3,2,1
2016-05-03-13-15-00,11,7,4
2016-05-03-13-30-00,20,7,13
2016-05-03-13-45-00,10,5,5
2016-05-03-14-00-00,8,2,6
2016-05-03-14-15-00,3,1,2
2016-05-03-14-30-00,8,5,3
2016-05-03-14-45-00,11,9,2
2016-05-03-15-00-00,15,10,5
2016-05-03-15-15-00,14,9,5
2016-05-03-15-30-00,25,13,12
2016-05-03-15-45-00,18,14,4
2016-05-03-16-00-00,19,11,8
2016-05-03-16-15-00,34,24,10
2016-05-03-16-30-00,37,17,20
2016-05-03-16-45-00,41,28,13
2016-05-03-17-00-00,39,22,17
2016-05-03-17-15-00,36,28,8
2016-05-03-17-30-00,60,33,27
2016-05-03-17-45-00,34,21,13
2016-05-03-18-00-00,29,22,7
2016-05-03-18-15-00,35,21,14
2016-05-03-18-30-00,38,22,16
2016-05-03-18-45-00,38,24,14
2016-05-03-19-00-00,35,26,9
2016-05-03-19-15-00,39,18,21
2016-05-03-19-30-00,43,22,21
2016-05-03-19-45-00,47,26,21
2016-05-03-20-00-00,29,20,9
2016-05-03-20-15-00,26,20,6
2016-05-03-20-30-00,21,12,9
2016-05-03-20-45-00,18,11,7
2016-05-03-21-00-00,15,9,6
2016-05-03-21-15-00,9,5,4
2016-05-03-21-30-00,0,0,0
2016-05-03-21-45-00,6,4,2
2016-05-03-22-00-00,1,0,1
2016-05-03-22-15-00,1,0,1
2016-05-03-22-30-00,1,0,1
2016-05-03-22-45-00,3,2,1
2016-05-03-23-00-00,5,2,3
2016-05-03-23-15-00,3,0,3
2016-05-03-23-30-00,0,0,0
2016-05-03-23-45-00,0,0,0
2016-05-04-00-00-00,1,0,1
2016-05-04-00-15-00,1,0,1
2016-05-04-00-30-00,0,0,0
2016-05-04-00-45-00,0,0,0
2016-05-04-01-00-00,0,0,0
2016-05-04-01-15-00,0,0,0
2016-05-04-01-30-00,0,0,0
2016-05-04-01-45-00,0,0,0
2016-05-04-02-00-00,0,0,0
2016-05-04-02-15-00,0,0,0
2016-05-04-02-30-00,0,0,0
2016-05-04-02-45-00,0,0,0
2016-05-04-03-00-00,0,0,0
2016-05-04-03-15-00,0,0,0
2016-05-04-03-30-00,0,0,0
2016-05-04-03-45-00,0,0,0
2016-05-04-04-00-00,0,0,0
2016-05-04-04-15-00,0,0,0
2016-05-04-04-30-00,1,0,1
2016-05-04-04-45-00,0,0,0
2016-05-04-05-00-00,0,0,0
2016-05-04-05-15-00,0,0,0
2016-05-04-05-30-00,1,0,1
2016-05-04-05-45-00,4,1,3
2016-05-04-06-00-00,5,2,3
2016-05-04-06-15-00,9,3,6
2016-05-04-06-30-00,12,4,8
2016-05-04-06-45-00,17,10,7
2016-05-04-07-00-00,20,7,13
2016-05-04-07-15-00,33,12,21
2016-05-04-07-30-00,45,11,34
2016-05-04-07-45-00,54,10,44
2016-05-04-08-00-00,73,14,59
2016-05-04-08-15-00,63,8,55
2016-05-04-08-30-00,56,9,47
2016-05-04-08-45-00,37,3,34
2016-05-04-09-00-00,34,10,24
2016-05-04-09-15-00,25,8,17
2016-05-04-09-30-00,16,5,11
2016-05-04-09-45-00,22,10,12
2016-05-04-10-00-00,20,12,8
2016-05-04-10-15-00,18,2,16
2016-05-04-10-30-00,21,11,10
2016-05-04-10-45-00,23,6,17
2016-05-04-11-00-00,26,10,16
2016-05-04-11-15-00,21,11,10
2016-05-04-11-30-00,27,9,18
2016-05-04-11-45-00,23,12,11
2016-05-04-12-00-00,32,12,20
2016-05-04-12-15-00,37,27,10
2016-05-04-12-30-00,27,9,18
2016-05-04-12-45-00,43,22,21
2016-05-04-13-00-00,42,26,16
2016-05-04-13-15-00,46,23,23
2016-05-04-13-30-00,37,16,21
2016-05-04-13-45-00,38,17,21
2016-05-04-14-00-00,58,27,31
2016-05-04-14-15-00,37,23,14
2016-05-04-14-30-00,36,14,22
2016-05-04-14-45-00,58,30,28
2016-05-04-15-00-00,47,29,18
2016-05-04-15-15-00,57,36,21
2016-05-04-15-30-00,58,35,23
2016-05-04-15-45-00,57,45,12
2016-05-04-16-00-00,63,37,26
2016-05-04-16-15-00,65,37,28
2016-05-04-16-30-00,82,57,25
2016-05-04-16-45-00,66,45,21
2016-05-04-17-00-00,89,55,34
2016-05-04-17-15-00,97,70,27
2016-05-04-17-30-00,85,53,32
2016-05-04-17-45-00,78,42,36
2016-05-04-18-00-00,62,41,21
2016-05-04-18-15-00,63,43,20
2016-05-04-18-30-00,76,44,32
2016-05-04-18-45-00,47,25,22
2016-05-04-19-00-00,42,27,15
2016-05-04-19-15-00,30,22,8
2016-05-04-19-30-00,34,22,12
2016-05-04-19-45-00,33,19,14
2016-05-04-20-00-00,28,13,15
2016-05-04-20-15-00,34,12,22
2016-05-04-20-30-00,22,15,7
2016-05-04-20-45-00,14,11,3
2016-05-04-21-00-00,21,11,10
2016-05-04-21-15-00,12,6,6
2016-05-04-21-30-00,8,4,4
2016-05-04-21-45-00,14,5,9
2016-05-04-22-00-00,4,1,3
2016-05-04-22-15-00,2,1,1
2016-05-04-22-30-00,6,5,1
2016-05-04-22-45-00,2,0,2
2016-05-04-23-00-00,2,0,2
2016-05-04-23-15-00,9,7,2
2016-05-04-23-30-00,5,2,3
2016-05-04-23-45-00,3,1,2
2016-05-05-00-00-00,2,0,2
2016-05-05-00-15-00,0,0,0
2016-05-05-00-30-00,1,1,0
2016-05-05-00-45-00,0,0,0
2016-05-05-01-00-00,0,0,0
2016-05-05-01-15-00,2,0,2
2016-05-05-01-30-00,2,1,1
2016-05-05-01-45-00,0,0,0
2016-05-05-02-00-00,1,1,0
2016-05-05-02-15-00,0,0,0
2016-05-05-02-30-00,0,0,0
2016-05-05-02-45-00,0,0,0
2016-05-05-03-00-00,1,0,1
2016-05-05-03-15-00,0,0,0
2016-05-05-03-30-00,0,0,0
2016-05-05-03-45-00,0,0,0
2016-05-05-04-00-00,3,3,0
2016-05-05-04-15-00,0,0,0
2016-05-05-04-30-00,0,0,0
2016-05-05-04-45-00,1,1,0
2016-05-05-05-00-00,0,0,0
2016-05-05-05-15-00,0,0,0
2016-05-05-05-30-00,2,1,1
2016-05-05-05-45-00,0,0,0
2016-05-05-06-00-00,0,0,0
2016-05-05-06-15-00,2,1,1
2016-05-05-06-30-00,2,1,1
2016-05-05-06-45-00,3,0,3
2016-05-05-07-00-00,4,1,3
2016-05-05-07-15-00,2,1,1
2016-05-05-07-30-00,3,0,3
2016-05-05-07-45-00,5,0,5
2016-05-05-08-00-00,6,0,6
2016-05-05-08-15-00,11,5,6
2016-05-05-08-30-00,19,11,8
2016-05-05-08-45-00,16,5,11
2016-05-05-09-00-00,22,10,12
2016-05-05-09-15-00,19,14,5
2016-05-05-09-30-00,44,11,33
2016-05-05-09-45-00,30,17,13
2016-05-05-10-00-00,41,17,24
2016-05-05-10-15-00,40,14,26
2016-05-05-10-30-00,73,23,50
2016-05-05-10-45-00,86,38,48
2016-05-05-11-00-00,101,35,66
2016-05-05-11-15-00,109,39,70
2016-05-05-11-30-00,89,35,54
2016-05-05-11-45-00,126,42,84
2016-05-05-12-00-00,170,66,104
2016-05-05-12-15-00,193,80,113
2016-05-05-12-30-00,150,45,105
2016-05-05-12-45-00,168,51,117
2016-05-05-13-00-00,162,60,102
2016-05-05-13-15-00,197,72,125
2016-05-05-13-30-00,228,128,100
2016-05-05-13-45-00,166,67,99
2016-05-05-14-00-00,182,70,112
2016-05-05-14-15-00,217,104,113
2016-05-05-14-30-00,153,90,63
2016-05-05-14-45-00,192,85,107
2016-05-05-15-00-00,244,137,107
2016-05-05-15-15-00,208,109,99
2016-05-05-15-30-00,241,105,136
2016-05-05-15-45-00,225,109,116
2016-05-05-16-00-00,258,142,116
2016-05-05-16-15-00,259,165,94
2016-05-05-16-30-00,204,144,60
2016-05-05-16-45-00,217,148,69
2016-05-05-17-00-00,168,110,58
2016-05-05-17-15-00,213,163,50
2016-05-05-17-30-00,146,82,64
2016-05-05-17-45-00,171,100,71
2016-05-05-18-00-00,171,116,55
2016-05-05-18-15-00,118,87,31
2016-05-05-18-30-00,161,123,38
2016-05-05-18-45-00,134,103,31
2016-05-05-19-00-00,111,68,43
2016-05-05-19-15-00,88,47,41
2016-05-05-19-30-00,106,70,36
2016-05-05-19-45-00,77,58,19
2016-05-05-20-00-00,49,34,15
2016-05-05-20-15-00,75,40,35
2016-05-05-20-30-00,54,42,12
2016-05-05-20-45-00,58,36,22
2016-05-05-21-00-00,35,14,21
2016-05-05-21-15-00,21,14,7
2016-05-05-21-30-00,19,11,8
2016-05-05-21-45-00,9,4,5
2016-05-05-22-00-00,8,2,6
2016-05-05-22-15-00,5,0,5
2016-05-05-22-30-00,4,1,3
2016-05-05-22-45-00,11,5,6
2016-05-05-23-00-00,7,2,5
2016-05-05-23-15-00,4,0,4
2016-05-05-23-30-00,4,4,0
2016-05-05-23-45-00,6,4,2
2016-05-06-00-00-00,1,0,1
2016-05-06-00-15-00,1,1,0
2016-05-06-00-30-00,3,1,2
2016-05-06-00-45-00,1,1,0
2016-05-06-01-00-00,1,0,1
2016-05-06-01-15-00,0,0,0
2016-05-06-01-30-00,0,0,0
2016-05-06-01-45-00,1,1,0
2016-05-06-02-00-00,3,2,1
2016-05-06-02-15-00,0,0,0
2016-05-06-02-30-00,0,0,0
2016-05-06-02-45-00,0,0,0
2016-05-06-03-00-00,0,0,0
2016-05-06-03-15-00,0,0,0
2016-05-06-03-30-00,0,0,0
2016-05-06-03-45-00,0,0,0
2016-05-06-04-00-00,0,0,0
2016-05-06-04-15-00,0,0,0
2016-05-06-04-30-00,0,0,0
2016-05-06-04-45-00,0,0,0
2016-05-06-05-00-00,0,0,0
2016-05-06-05-15-00,1,1,0
2016-05-06-05-30-00,3,2,1
2016-05-06-05-45-00,0,0,0
2016-05-06-06-00-00,3,0,3
2016-05-06-06-15-00,6,4,2
2016-05-06-06-30-00,10,4,6
2016-05-06-06-45-00,6,2,4
2016-05-06-07-00-00,8,2,6
2016-05-06-07-15-00,23,11,12
2016-05-06-07-30-00,27,9,18
2016-05-06-07-45-00,40,16,24
2016-05-06-08-00-00,35,7,28
2016-05-06-08-15-00,26,7,19
2016-05-06-08-30-00,34,6,28
2016-05-06-08-45-00,25,5,20
2016-05-06-09-00-00,19,4,15
2016-05-06-09-15-00,26,14,12
2016-05-06-09-30-00,22,13,9
2016-05-06-09-45-00,20,4,16
2016-05-06-10-00-00,22,10,12
2016-05-06-10-15-00,32,20,12
2016-05-06-10-30-00,44,21,23
2016-05-06-10-45-00,37,22,15
2016-05-06-11-00-00,49,14,35
2016-05-06-11-15-00,83,39,44
2016-05-06-11-30-00,59,24,35
2016-05-06-11-45-00,37,20,17
2016-05-06-12-00-00,50,26,24
2016-05-06-12-15-00,65,32,33
2016-05-06-12-30-00,53,21,32
2016-05-06-12-45-00,80,44,36
2016-05-06-13-00-00,56,32,24
2016-05-06-13-15-00,65,30,35
2016-05-06-13-30-00,57,30,27
2016-05-06-13-45-00,71,36,35
2016-05-06-14-00-00,58,27,31
2016-05-06-14-15-00,94,55,39
2016-05-06-14-30-00,70,33,37
2016-05-06-14-45-00,87,52,35
2016-05-06-15-00-00,83,48,35
2016-05-06-15-15-00,78,53,25
2016-05-06-15-30-00,108,61,47
2016-05-06-15-45-00,105,60,45
2016-05-06-16-00-00,95,55,40
2016-05-06-16-15-00,86,52,34
2016-05-06-16-30-00,106,61,45
2016-05-06-16-45-00,88,47,41
2016-05-06-17-00-00,94,57,37
2016-05-06-17-15-00,88,51,37
2016-05-06-17-30-00,101,68,33
2016-05-06-17-45-00,85,44,41
2016-05-06-18-00-00,67,32,35
2016-05-06-18-15-00,141,38,103
2016-05-06-18-30-00,93,41,52
2016-05-06-18-45-00,87,37,50
2016-05-06-19-00-00,63,33,30
2016-05-06-19-15-00,66,31,35
2016-05-06-19-30-00,41,21,20
2016-05-06-19-45-00,47,19,28
2016-05-06-20-00-00,61,27,34
2016-05-06-20-15-00,54,28,26
2016-05-06-20-30-00,43,27,16
2016-05-06-20-45-00,36,16,20
2016-05-06-21-00-00,24,11,13
2016-05-06-21-15-00,35,18,17
2016-05-06-21-30-00,15,7,8
2016-05-06-21-45-00,24,16,8
2016-05-06-22-00-00,22,14,8
2016-05-06-22-15-00,13,11,2
2016-05-06-22-30-00,12,6,6
2016-05-06-22-45-00,10,10,0
2016-05-06-23-00-00,21,17,4
2016-05-06-23-15-00,12,11,1
2016-05-06-23-30-00,3,3,0
2016-05-06-23-45-00,18,18,0
2016-05-07-00-00-00,16,15,1
2016-05-07-00-15-00,15,15,0
2016-05-07-00-30-00,2,0,2
2016-05-07-00-45-00,11,10,1
2016-05-07-01-00-00,1,1,0
2016-05-07-01-15-00,4,3,1
2016-05-07-01-30-00,1,1,0
2016-05-07-01-45-00,0,0,0
2016-05-07-02-00-00,1,0,1
2016-05-07-02-15-00,1,1,0
2016-05-07-02-30-00,0,0,0
2016-05-07-02-45-00,0,0,0
2016-05-07-03-00-00,0,0,0
2016-05-07-03-15-00,0,0,0
2016-05-07-03-30-00,0,0,0
2016-05-07-03-45-00,1,0,1
2016-05-07-04-00-00,0,0,0
2016-05-07-04-15-00,1,1,0
2016-05-07-04-30-00,0,0,0
2016-05-07-04-45-00,0,0,0
2016-05-07-05-00-00,0,0,0
2016-05-07-05-15-00,2,2,0
2016-05-07-05-30-00,1,0,1
2016-05-07-05-45-00,0,0,0
2016-05-07-06-00-00,0,0,0
2016-05-07-06-15-00,2,2,0
2016-05-07-06-30-00,3,0,3
2016-05-07-06-45-00,3,0,3
2016-05-07-07-00-00,2,1,1
2016-05-07-07-15-00,8,5,3
2016-05-07-07-30-00,8,3,5
2016-05-07-07-45-00,7,2,5
2016-05-07-08-00-00,8,4,4
2016-05-07-08-15-00,14,8,6
2016-05-07-08-30-00,13,5,8
2016-05-07-08-45-00,9,6,3
2016-05-07-09-00-00,12,7,5
2016-05-07-09-15-00,25,16,9
2016-05-07-09-30-00,29,21,8
2016-05-07-09-45-00,22,13,9
2016-05-07-10-00-00,38,26,12
2016-05-07-10-15-00,38,21,17
2016-05-07-10-30-00,33,15,18
2016-05-07-10-45-00,42,17,25
2016-05-07-11-00-00,36,13,23
2016-05-07-11-15-00,51,29,22
2016-05-07-11-30-00,65,25,40
2016-05-07-11-45-00,54,20,34
2016-05-07-12-00-00,65,30,35
2016-05-07-12-15-00,95,38,57
2016-05-07-12-30-00,87,33,54
2016-05-07-12-45-00,76,31,45
2016-05-07-13-00-00,75,33,42
2016-05-07-13-15-00,79,31,48
2016-05-07-13-30-00,90,40,50
2016-05-07-13-45-00,83,26,57
2016-05-07-14-00-00,112,40,72
2016-05-07-14-15-00,67,25,42
2016-05-07-14-30-00,94,35,59
2016-05-07-14-45-00,136,61,75
2016-05-07-15-00-00,103,56,47
2016-05-07-15-15-00,121,57,64
2016-05-07-15-30-00,122,63,59
2016-05-07-15-45-00,133,56,77
2016-05-07-16-00-00,126,73,53
2016-05-07-16-15-00,105,56,49
2016-05-07-16-30-00,129,49,80
2016-05-07-16-45-00,123,41,82
2016-05-07-17-00-00,151,57,94
2016-05-07-17-15-00,130,57,73
2016-05-07-17-30-00,145,70,75
2016-05-07-17-45-00,147,52,95
2016-05-07-18-00-00,169,39,130
2016-05-07-18-15-00,150,46,104
2016-05-07-18-30-00,131,52,79
2016-05-07-18-45-00,171,38,133
2016-05-07-19-00-00,159,34,125
2016-05-07-19-15-00,145,48,97
2016-05-07-19-30-00,153,30,123
2016-05-07-19-45-00,158,33,125
2016-05-07-20-00-00,147,28,119
2016-05-07-20-15-00,154,44,110
2016-05-07-20-30-00,168,36,132
2016-05-07-20-45-00,113,24,89
2016-05-07-21-00-00,138,19,119
2016-05-07-21-15-00,123,37,86
2016-05-07-21-30-00,131,29,102
2016-05-07-21-45-00,128,34,94
2016-05-07-22-00-00,128,23,105
2016-05-07-22-15-00,122,25,97
2016-05-07-22-30-00,95,19,76
2016-05-07-22-45-00,93,11,82
2016-05-07-23-00-00,50,10,40
2016-05-07-23-15-00,9,4,5
2016-05-07-23-30-00,115,105,10
2016-05-07-23-45-00,296,285,11
2016-05-08-00-00-00,402,391,11
2016-05-08-00-15-00,254,247,7
2016-05-08-00-30-00,191,188,3
2016-05-08-00-45-00,127,118,9
2016-05-08-01-00-00,59,55,4
2016-05-08-01-15-00,45,39,6
2016-05-08-01-30-00,21,19,2
2016-05-08-01-45-00,38,31,7
2016-05-08-02-00-00,15,15,0
2016-05-08-02-15-00,2,1,1
2016-05-08-02-30-00,10,10,0
2016-05-08-02-45-00,8,7,1
2016-05-08-03-00-00,8,3,5
2016-05-08-03-15-00,4,3,1
2016-05-08-03-30-00,6,6,0
2016-05-08-03-45-00,2,2,0
2016-05-08-04-00-00,2,0,2
2016-05-08-04-15-00,2,1,1
2016-05-08-04-30-00,4,0,4
2016-05-08-04-45-00,2,2,0
2016-05-08-05-00-00,0,0,0
2016-05-08-05-15-00,4,4,0
2016-05-08-05-30-00,0,0,0
2016-05-08-05-45-00,0,0,0
2016-05-08-06-00-00,0,0,0
2016-05-08-06-15-00,2,1,1
2016-05-08-06-30-00,5,2,3
2016-05-08-06-45-00,2,2,0
2016-05-08-07-00-00,5,3,2
2016-05-08-07-15-00,7,4,3
2016-05-08-07-30-00,2,0,2
2016-05-08-07-45-00,13,4,9
2016-05-08-08-00-00,6,3,3
2016-05-08-08-15-00,7,5,2
2016-05-08-08-30-00,21,7,14
2016-05-08-08-45-00,9,4,5
2016-05-08-09-00-00,32,12,20
2016-05-08-09-15-00,36,11,25
2016-05-08-09-30-00,23,9,14
2016-05-08-09-45-00,38,16,22
2016-05-08-10-00-00,39,14,25
2016-05-08-10-15-00,74,25,49
2016-05-08-10-30-00,49,23,26
2016-05-08-10-45-00,76,30,46
2016-05-08-11-00-00,81,31,50
2016-05-08-11-15-00,83,29,54
2016-05-08-11-30-00,80,26,54
2016-05-08-11-45-00,97,32,65
2016-05-08-12-00-00,116,47,69
2016-05-08-12-15-00,111,47,64
2016-05-08-12-30-00,117,64,53
2016-05-08-12-45-00,127,49,78
2016-05-08-13-00-00,100,48,52
2016-05-08-13-15-00,100,37,63
2016-05-08-13-30-00,118,54,64
2016-05-08-13-45-00,133,53,80
2016-05-08-14-00-00,109,55,54
2016-05-08-14-15-00,138,70,68
2016-05-08-14-30-00,153,88,65
2016-05-08-14-45-00,133,70,63
2016-05-08-15-00-00,157,79,78
2016-05-08-15-15-00,111,65,46
2016-05-08-15-30-00,133,84,49
2016-05-08-15-45-00,126,72,54
2016-05-08-16-00-00,118,72,46
2016-05-08-16-15-00,131,76,55
2016-05-08-16-30-00,105,76,29
2016-05-08-16-45-00,107,63,44
2016-05-08-17-00-00,118,73,45
2016-05-08-17-15-00,130,61,69
2016-05-08-17-30-00,121,71,50
2016-05-08-17-45-00,111,77,34
2016-05-08-18-00-00,81,51,30
2016-05-08-18-15-00,118,60,58
2016-05-08-18-30-00,77,44,33
2016-05-08-18-45-00,79,54,25
2016-05-08-19-00-00,75,56,19
2016-05-08-19-15-00,70,40,30
2016-05-08-19-30-00,81,50,31
2016-05-08-19-45-00,37,25,12
2016-05-08-20-00-00,46,24,22
2016-05-08-20-15-00,55,33,22
2016-05-08-20-30-00,38,25,13
2016-05-08-20-45-00,27,17,10
2016-05-08-21-00-00,26,16,10
2016-05-08-21-15-00,18,13,5
2016-05-08-21-30-00,10,3,7
2016-05-08-21-45-00,11,3,8
2016-05-08-22-00-00,6,5,1
2016-05-08-22-15-00,2,2,0
2016-05-08-22-30-00,2,2,0
2016-05-08-22-45-00,4,4,0
2016-05-08-23-00-00,4,2,2
2016-05-08-23-15-00,3,3,0
2016-05-08-23-30-00,1,1,0
2016-05-08-23-45-00,0,0,0
2016-05-09-00-00-00,0,0,0
2016-05-09-00-15-00,0,0,0
2016-05-09-00-30-00,0,0,0
2016-05-09-00-45-00,0,0,0
2016-05-09-01-00-00,1,1,0
2016-05-09-01-15-00,0,0,0
2016-05-09-01-30-00,0,0,0
2016-05-09-01-45-00,0,0,0
2016-05-09-02-00-00,1,0,1
2016-05-09-02-15-00,0,0,0
2016-05-09-02-30-00,0,0,0
2016-05-09-02-45-00,0,0,0
2016-05-09-03-00-00,0,0,0
2016-05-09-03-15-00,0,0,0
2016-05-09-03-30-00,1,1,0
2016-05-09-03-45-00,0,0,0
2016-05-09-04-00-00,0,0,0
2016-05-09-04-15-00,0,0,0
2016-05-09-04-30-00,1,0,1
2016-05-09-04-45-00,0,0,0
2016-05-09-05-00-00,0,0,0
2016-05-09-05-15-00,1,1,0
2016-05-09-05-30-00,6,3,3
2016-05-09-05-45-00,6,1,5
2016-05-09-06-00-00,16,7,9
2016-05-09-06-15-00,8,0,8
2016-05-09-06-30-00,12,2,10
2016-05-09-06-45-00,19,10,9
2016-05-09-07-00-00,35,11,24
2016-05-09-07-15-00,56,19,37
2016-05-09-07-30-00,62,29,33
2016-05-09-07-45-00,68,16,52
2016-05-09-08-00-00,67,21,46
2016-05-09-08-15-00,73,17,56
2016-05-09-08-30-00,67,9,58
2016-05-09-08-45-00,53,8,45
2016-05-09-09-00-00,47,10,37
2016-05-09-09-15-00,38,4,34
2016-05-09-09-30-00,37,13,24
2016-05-09-09-45-00,22,9,13
2016-05-09-10-00-00,22,8,14
2016-05-09-10-15-00,21,9,12
2016-05-09-10-30-00,19,10,9
2016-05-09-10-45-00,24,8,16
2016-05-09-11-00-00,22,11,11
2016-05-09-11-15-00,35,17,18
2016-05-09-11-30-00,28,7,21
2016-05-09-11-45-00,39,18,21
2016-05-09-12-00-00,29,17,12
2016-05-09-12-15-00,49,22,27
2016-05-09-12-30-00,31,17,14
2016-05-09-12-45-00,51,22,29
2016-05-09-13-00-00,30,18,12
2016-05-09-13-15-00,51,24,27
2016-05-09-13-30-00,54,24,30
2016-05-09-13-45-00,42,22,20
2016-05-09-14-00-00,47,27,20
2016-05-09-14-15-00,54,30,24
2016-05-09-14-30-00,40,22,18
2016-05-09-14-45-00,57,31,26
2016-05-09-15-00-00,56,27,29
2016-05-09-15-15-00,66,39,27
2016-05-09-15-30-00,61,33,28
2016-05-09-15-45-00,63,41,22
2016-05-09-16-00-00,62,44,18
2016-05-09-16-15-00,84,53,31
2016-05-09-16-30-00,78,53,25
2016-05-09-16-45-00,93,67,26
2016-05-09-17-00-00,89,65,24
2016-05-09-17-15-00,107,65,42
2016-05-09-17-30-00,92,59,33
2016-05-09-17-45-00,84,54,30
2016-05-09-18-00-00,85,69,16
2016-05-09-18-15-00,80,50,30
2016-05-09-18-30-00,55,36,19
2016-05-09-18-45-00,73,42,31
2016-05-09-19-00-00,44,27,17
2016-05-09-19-15-00,53,31,22
2016-05-09-19-30-00,43,25,18
2016-05-09-19-45-00,55,31,24
2016-05-09-20-00-00,34,25,9
2016-05-09-20-15-00,40,23,17
2016-05-09-20-30-00,24,9,15
2016-05-09-20-45-00,28,13,15
2016-05-09-21-00-00,23,13,10
2016-05-09-21-15-00,32,19,13
2016-05-09-21-30-00,17,10,7
2016-05-09-21-45-00,13,8,5
2016-05-09-22-00-00,14,3,11
2016-05-09-22-15-00,6,3,3
2016-05-09-22-30-00,10,6,4
2016-05-09-22-45-00,6,3,3
2016-05-09-23-00-00,5,2,3
2016-05-09-23-15-00,4,1,3
2016-05-09-23-30-00,3,2,1
2016-05-09-23-45-00,0,0,0
2016-05-10-00-00-00,1,0,1
2016-05-10-00-15-00,1,0,1
2016-05-10-00-30-00,0,0,0
2016-05-10-00-45-00,1,1,0
2016-05-10-01-00-00,0,0,0
2016-05-10-01-15-00,2,2,0
2016-05-10-01-30-00,0,0,0
2016-05-10-01-45-00,0,0,0
2016-05-10-02-00-00,0,0,0
2016-05-10-02-15-00,0,0,0
2016-05-10-02-30-00,2,0,2
2016-05-10-02-45-00,0,0,0
2016-05-10-03-00-00,0,0,0
2016-05-10-03-15-00,1,0,1
2016-05-10-03-30-00,0,0,0
2016-05-10-03-45-00,0,0,0
2016-05-10-04-00-00,0,0,0
2016-05-10-04-15-00,0,0,0
2016-05-10-04-30-00,0,0,0
2016-05-10-04-45-00,0,0,0
2016-05-10-05-00-00,0,0,0
2016-05-10-05-15-00,1,1,0
2016-05-10-05-30-00,4,3,1
2016-05-10-05-45-00,5,4,1
2016-05-10-06-00-00,6,2,4
2016-05-10-06-15-00,8,2,6
2016-05-10-06-30-00,16,4,12
2016-05-10-06-45-00,22,10,12
2016-05-10-07-00-00,32,13,19
2016-05-10-07-15-00,42,11,31
2016-05-10-07-30-00,38,15,23
2016-05-10-07-45-00,58,16,42
2016-05-10-08-00-00,63,15,48
2016-05-10-08-15-00,60,10,50
2016-05-10-08-30-00,62,17,45
2016-05-10-08-45-00,57,10,47
2016-05-10-09-00-00,40,8,32
2016-05-10-09-15-00,23,8,15
2016-05-10-09-30-00,18,7,11
2016-05-10-09-45-00,15,5,10
2016-05-10-10-00-00,12,6,6
2016-05-10-10-15-00,16,5,11
2016-05-10-10-30-00,21,10,11
2016-05-10-10-45-00,21,10,11
2016-05-10-11-00-00,13,5,8
2016-05-10-11-15-00,21,8,13
2016-05-10-11-30-00,24,12,12
2016-05-10-11-45-00,16,8,8
2016-05-10-12-00-00,18,12,6
2016-05-10-12-15-00,31,18,13
2016-05-10-12-30-00,22,5,17
2016-05-10-12-45-00,27,14,13
2016-05-10-13-00-00,31,18,13
2016-05-10-13-15-00,18,14,4
2016-05-10-13-30-00,19,13,6
2016-05-10-13-45-00,26,12,14
2016-05-10-14-00-00,25,6,19
2016-05-10-14-15-00,27,18,9
2016-05-10-14-30-00,18,10,8
2016-05-10-14-45-00,22,12,10
2016-05-10-15-00-00,14,11,3
2016-05-10-15-15-00,35,16,19
2016-05-10-15-30-00,50,36,14
2016-05-10-15-45-00,29,20,9
2016-05-10-16-00-00,39,27,12
2016-05-10-16-15-00,38,29,9
2016-05-10-16-30-00,34,21,13
2016-05-10-16-45-00,51,39,12
2016-05-10-17-00-00,30,22,8
2016-05-10-17-15-00,51,34,17
2016-05-10-17-30-00,79,63,16
2016-05-10-17-45-00,55,45,10
2016-05-10-18-00-00,65,46,19
2016-05-10-18-15-00,48,31,17
2016-05-10-18-30-00,55,34,21
2016-05-10-18-45-00,38,26,12
2016-05-10-19-00-00,32,17,15
2016-05-10-19-15-00,28,15,13
2016-05-10-19-30-00,25,16,9
2016-05-10-19-45-00,26,8,18
2016-05-10-20-00-00,28,15,13
2016-05-10-20-15-00,16,10,6
2016-05-10-20-30-00,17,8,9
2016-05-10-20-45-00,24,14,10
2016-05-10-21-00-00,22,16,6
2016-05-10-21-15-00,18,9,9
2016-05-10-21-30-00,8,4,4
2016-05-10-21-45-00,6,1,5
2016-05-10-22-00-00,6,2,4
2016-05-10-22-15-00,2,2,0
2016-05-10-22-30-00,1,0,1
2016-05-10-22-45-00,5,1,4
2016-05-10-23-00-00,0,0,0
2016-05-10-23-15-00,3,1,2
2016-05-10-23-30-00,0,0,0
2016-05-10-23-45-00,1,1,0
2016-05-11-00-00-00,1,1,0
2016-05-11-00-15-00,0,0,0
2016-05-11-00-30-00,0,0,0
2016-05-11-00-45-00,0,0,0
2016-05-11-01-00-00,1,1,0
2016-05-11-01-15-00,0,0,0
2016-05-11-01-30-00,1,1,0
2016-05-11-01-45-00,0,0,0
2016-05-11-02-00-00,0,0,0
2016-05-11-02-15-00,0,0,0
2016-05-11-02-30-00,0,0,0
2016-05-11-02-45-00,0,0,0
2016-05-11-03-00-00,0,0,0
2016-05-11-03-15-00,0,0,0
2016-05-11-03-30-00,0,0,0
2016-05-11-03-45-00,0,0,0
2016-05-11-04-00-00,0,0,0
2016-05-11-04-15-00,0,0,0
2016-05-11-04-30-00,0,0,0
2016-05-11-04-45-00,0,0,0
2016-05-11-05-00-00,0,0,0
2016-05-11-05-15-00,1,1,0
2016-05-11-05-30-00,1,1,0
2016-05-11-05-45-00,7,4,3
2016-05-11-06-00-00,19,6,13
2016-05-11-06-15-00,8,2,6
2016-05-11-06-30-00,12,1,11
2016-05-11-06-45-00,24,11,13
2016-05-11-07-00-00,36,14,22
2016-05-11-07-15-00,44,12,32
2016-05-11-07-30-00,52,19,33
2016-05-11-07-45-00,57,20,37
2016-05-11-08-00-00,56,10,46
2016-05-11-08-15-00,60,13,47
2016-05-11-08-30-00,63,14,49
2016-05-11-08-45-00,65,11,54
2016-05-11-09-00-00,37,11,26
2016-05-11-09-15-00,35,11,24
2016-05-11-09-30-00,26,8,18
2016-05-11-09-45-00,30,12,18
2016-05-11-10-00-00,28,12,16
2016-05-11-10-15-00,29,17,12
2016-05-11-10-30-00,33,13,20
2016-05-11-10-45-00,32,18,14
2016-05-11-11-00-00,28,14,14
2016-05-11-11-15-00,32,13,19
2016-05-11-11-30-00,40,19,21
2016-05-11-11-45-00,33,14,19
2016-05-11-12-00-00,30,14,16
2016-05-11-12-15-00,29,18,11
2016-05-11-12-30-00,24,15,9
2016-05-11-12-45-00,40,18,22
2016-05-11-13-00-00,34,18,16
2016-05-11-13-15-00,44,16,28
2016-05-11-13-30-00,30,16,14
2016-05-11-13-45-00,39,19,20
2016-05-11-14-00-00,43,30,13
2016-05-11-14-15-00,75,35,40
2016-05-11-14-30-00,39,30,9
2016-05-11-14-45-00,37,20,17
2016-05-11-15-00-00,43,20,23
2016-05-11-15-15-00,36,20,16
2016-05-11-15-30-00,52,26,26
2016-05-11-15-45-00,56,36,20
2016-05-11-16-00-00,60,34,26
2016-05-11-16-15-00,61,41,20
2016-05-11-16-30-00,42,25,17
2016-05-11-16-45-00,75,47,28
2016-05-11-17-00-00,97,60,37
2016-05-11-17-15-00,98,62,36
2016-05-11-17-30-00,85,53,32
2016-05-11-17-45-00,87,57,30
2016-05-11-18-00-00,93,56,37
2016-05-11-18-15-00,88,63,25
2016-05-11-18-30-00,80,61,19
2016-05-11-18-45-00,70,48,22
2016-05-11-19-00-00,76,43,33
2016-05-11-19-15-00,65,36,29
2016-05-11-19-30-00,65,38,27
2016-05-11-19-45-00,55,29,26
2016-05-11-20-00-00,53,21,32
2016-05-11-20-15-00,35,22,13
2016-05-11-20-30-00,50,32,18
2016-05-11-20-45-00,36,23,13
2016-05-11-21-00-00,35,18,17
2016-05-11-21-15-00,23,9,14
2016-05-11-21-30-00,18,9,9
2016-05-11-21-45-00,21,10,11
2016-05-11-22-00-00,6,5,1
2016-05-11-22-15-00,8,7,1
2016-05-11-22-30-00,8,6,2
2016-05-11-22-45-00,4,1,3
2016-05-11-23-00-00,7,4,3
2016-05-11-23-15-00,4,3,1
2016-05-11-23-30-00,2,0,2
2016-05-11-23-45-00,0,0,0
2016-05-12-00-00-00,0,0,0
2016-05-12-00-15-00,1,0,1
2016-05-12-00-30-00,0,0,0
2016-05-12-00-45-00,0,0,0
2016-05-12-01-00-00,0,0,0
2016-05-12-01-15-00,0,0,0
2016-05-12-01-30-00,0,0,0
2016-05-12-01-45-00,0,0,0
2016-05-12-02-00-00,0,0,0
2016-05-12-02-15-00,0,0,0
2016-05-12-02-30-00,0,0,0
2016-05-12-02-45-00,0,0,0
2016-05-12-03-00-00,0,0,0
2016-05-12-03-15-00,1,1,0
2016-05-12-03-30-00,0,0,0
2016-05-12-03-45-00,0,0,0
2016-05-12-04-00-00,0,0,0
2016-05-12-04-15-00,0,0,0
2016-05-12-04-30-00,0,0,0
2016-05-12-04-45-00,0,0,0
2016-05-12-05-00-00,0,0,0
2016-05-12-05-15-00,1,1,0
2016-05-12-05-30-00,2,2,0
2016-05-12-05-45-00,6,4,2
2016-05-12-06-00-00,10,6,4
2016-05-12-06-15-00,10,3,7
2016-05-12-06-30-00,14,3,11
2016-05-12-06-45-00,15,4,11
2016-05-12-07-00-00,31,16,15
2016-05-12-07-15-00,33,12,21
2016-05-12-07-30-00,49,17,32
2016-05-12-07-45-00,61,13,48
2016-05-12-08-00-00,63,16,47
2016-05-12-08-15-00,57,12,45
2016-05-12-08-30-00,57,17,40
2016-05-12-08-45-00,60,8,52
2016-05-12-09-00-00,35,9,26
2016-05-12-09-15-00,32,6,26
2016-05-12-09-30-00,26,18,8
2016-05-12-09-45-00,19,5,14
2016-05-12-10-00-00,18,3,15
2016-05-12-10-15-00,28,15,13
2016-05-12-10-30-00,19,7,12
2016-05-12-10-45-00,18,7,11
2016-05-12-11-00-00,20,11,9
2016-05-12-11-15-00,22,15,7
2016-05-12-11-30-00,24,8,16
2016-05-12-11-45-00,33,16,17
2016-05-12-12-00-00,15,7,8
2016-05-12-12-15-00,31,13,18
2016-05-12-12-30-00,37,12,25
2016-05-12-12-45-00,21,8,13
2016-05-12-13-00-00,26,17,9
2016-05-12-13-15-00,21,10,11
2016-05-12-13-30-00,25,14,11
2016-05-12-13-45-00,21,12,9
2016-05-12-14-00-00,23,12,11
2016-05-12-14-15-00,25,13,12
2016-05-12-14-30-00,40,25,15
2016-05-12-14-45-00,26,14,12
2016-05-12-15-00-00,28,16,12
2016-05-12-15-15-00,40,30,10
2016-05-12-15-30-00,50,27,23
2016-05-12-15-45-00,51,24,27
2016-05-12-16-00-00,50,30,20
2016-05-12-16-15-00,55,44,11
2016-05-12-16-30-00,70,42,28
2016-05-12-16-45-00,62,41,21
2016-05-12-17-00-00,60,45,15
2016-05-12-17-15-00,75,52,23
2016-05-12-17-30-00,82,56,26
2016-05-12-17-45-00,62,39,23
2016-05-12-18-00-00,52,38,14
2016-05-12-18-15-00,83,55,28
2016-05-12-18-30-00,77,45,32
2016-05-12-18-45-00,70,38,32
2016-05-12-19-00-00,87,48,39
2016-05-12-19-15-00,52,35,17
2016-05-12-19-30-00,58,34,24
2016-05-12-19-45-00,62,42,20
2016-05-12-20-00-00,66,45,21
2016-05-12-20-15-00,46,27,19
2016-05-12-20-30-00,30,19,11
2016-05-12-20-45-00,33,13,20
2016-05-12-21-00-00,19,13,6
2016-05-12-21-15-00,25,13,12
2016-05-12-21-30-00,17,10,7
2016-05-12-21-45-00,15,7,8
2016-05-12-22-00-00,9,5,4
2016-05-12-22-15-00,6,2,4
2016-05-12-22-30-00,3,1,2
2016-05-12-22-45-00,4,0,4
2016-05-12-23-00-00,1,0,1
2016-05-12-23-15-00,3,0,3
2016-05-12-23-30-00,3,3,0
2016-05-12-23-45-00,2,0,2
2016-05-13-00-00-00,2,0,2
2016-05-13-00-15-00,0,0,0
2016-05-13-00-30-00,2,1,1
2016-05-13-00-45-00,1,1,0
2016-05-13-01-00-00,0,0,0
2016-05-13-01-15-00,1,0,1
2016-05-13-01-30-00,0,0,0
2016-05-13-01-45-00,0,0,0
2016-05-13-02-00-00,0,0,0
2016-05-13-02-15-00,0,0,0
2016-05-13-02-30-00,0,0,0
2016-05-13-02-45-00,0,0,0
2016-05-13-03-00-00,2,0,2
2016-05-13-03-15-00,0,0,0
2016-05-13-03-30-00,0,0,0
2016-05-13-03-45-00,0,0,0
2016-05-13-04-00-00,0,0,0
2016-05-13-04-15-00,1,0,1
2016-05-13-04-30-00,0,0,0
2016-05-13-04-45-00,0,0,0
2016-05-13-05-00-00,0,0,0
2016-05-13-05-15-00,1,1,0
2016-05-13-05-30-00,2,2,0
2016-05-13-05-45-00,4,1,3
2016-05-13-06-00-00,10,3,7
2016-05-13-06-15-00,7,3,4
2016-05-13-06-30-00,10,2,8
2016-05-13-06-45-00,14,5,9
2016-05-13-07-00-00,19,7,12
2016-05-13-07-15-00,30,11,19
2016-05-13-07-30-00,38,12,26
2016-05-13-07-45-00,42,6,36
2016-05-13-08-00-00,43,8,35
2016-05-13-08-15-00,37,12,25
2016-05-13-08-30-00,45,11,34
2016-05-13-08-45-00,48,9,39
2016-05-13-09-00-00,29,7,22
2016-05-13-09-15-00,23,5,18
2016-05-13-09-30-00,34,12,22
2016-05-13-09-45-00,23,11,12
2016-05-13-10-00-00,23,13,10
2016-05-13-10-15-00,26,14,12
2016-05-13-10-30-00,28,13,15
2016-05-13-10-45-00,40,22,18
2016-05-13-11-00-00,30,18,12
2016-05-13-11-15-00,33,14,19
2016-05-13-11-30-00,32,18,14
2016-05-13-11-45-00,35,14,21
2016-05-13-12-00-00,36,24,12
2016-05-13-12-15-00,35,13,22
2016-05-13-12-30-00,34,18,16
2016-05-13-12-45-00,46,25,21
2016-05-13-13-00-00,34,25,9
2016-05-13-13-15-00,30,22,8
2016-05-13-13-30-00,32,15,17
2016-05-13-13-45-00,19,7,12
2016-05-13-14-00-00,36,25,11
2016-05-13-14-15-00,47,29,18
2016-05-13-14-30-00,44,29,15
2016-05-13-14-45-00,31,22,9
2016-05-13-15-00-00,21,13,8
2016-05-13-15-15-00,37,27,10
2016-05-13-15-30-00,43,23,20
2016-05-13-15-45-00,33,22,11
2016-05-13-16-00-00,48,27,21
2016-05-13-16-15-00,31,22,9
2016-05-13-16-30-00,65,45,20
2016-05-13-16-45-00,44,23,21
2016-05-13-17-00-00,58,38,20
2016-05-13-17-15-00,53,29,24
2016-05-13-17-30-00,46,25,21
2016-05-13-17-45-00,52,27,25
2016-05-13-18-00-00,48,28,20
2016-05-13-18-15-00,50,36,14
2016-05-13-18-30-00,49,28,21
2016-05-13-18-45-00,44,33,11
2016-05-13-19-00-00,51,24,27
2016-05-13-19-15-00,37,13,24
2016-05-13-19-30-00,58,32,26
2016-05-13-19-45-00,52,24,28
2016-05-13-20-00-00,38,24,14
2016-05-13-20-15-00,38,22,16
2016-05-13-20-30-00,41,29,12
2016-05-13-20-45-00,32,27,5
2016-05-13-21-00-00,19,15,4
2016-05-13-21-15-00,22,12,10
2016-05-13-21-30-00,21,14,7
2016-05-13-21-45-00,11,6,5
2016-05-13-22-00-00,5,4,1
2016-05-13-22-15-00,5,4,1
2016-05-13-22-30-00,6,0,6
2016-05-13-22-45-00,2,1,1
2016-05-13-23-00-00,1,0,1
2016-05-13-23-15-00,2,1,1
2016-05-13-23-30-00,3,2,1
2016-05-13-23-45-00,1,0,1
2016-05-14-00-00-00,3,2,1
2016-05-14-00-15-00,0,0,0
2016-05-14-00-30-00,1,0,1
2016-05-14-00-45-00,3,1,2
2016-05-14-01-00-00,0,0,0
2016-05-14-01-15-00,2,0,2
2016-05-14-01-30-00,0,0,0
2016-05-14-01-45-00,0,0,0
2016-05-14-02-00-00,0,0,0
2016-05-14-02-15-00,0,0,0
2016-05-14-02-30-00,0,0,0
2016-05-14-02-45-00,1,0,1
2016-05-14-03-00-00,0,0,0
2016-05-14-03-15-00,0,0,0
2016-05-14-03-30-00,0,0,0
2016-05-14-03-45-00,0,0,0
2016-05-14-04-00-00,0,0,0
2016-05-14-04-15-00,0,0,0
2016-05-14-04-30-00,0,0,0
2016-05-14-04-45-00,1,1,0
2016-05-14-05-00-00,0,0,0
2016-05-14-05-15-00,1,1,0
2016-05-14-05-30-00,0,0,0
2016-05-14-05-45-00,1,1,0
2016-05-14-06-00-00,2,1,1
2016-05-14-06-15-00,5,2,3
2016-05-14-06-30-00,2,1,1
2016-05-14-06-45-00,1,0,1
2016-05-14-07-00-00,5,2,3
2016-05-14-07-15-00,8,1,7
2016-05-14-07-30-00,10,4,6
2016-05-14-07-45-00,4,3,1
2016-05-14-08-00-00,6,3,3
2016-05-14-08-15-00,3,2,1
2016-05-14-08-30-00,7,4,3
2016-05-14-08-45-00,7,4,3
2016-05-14-09-00-00,5,4,1
2016-05-14-09-15-00,9,6,3
2016-05-14-09-30-00,7,4,3
2016-05-14-09-45-00,15,8,7
2016-05-14-10-00-00,17,12,5
2016-05-14-10-15-00,12,7,5
2016-05-14-10-30-00,11,2,9
2016-05-14-10-45-00,11,6,5
2016-05-14-11-00-00,26,9,17
2016-05-14-11-15-00,23,9,14
2016-05-14-11-30-00,19,12,7
2016-05-14-11-45-00,20,9,11
2016-05-14-12-00-00,15,9,6
2016-05-14-12-15-00,18,9,9
2016-05-14-12-30-00,23,9,14
2016-05-14-12-45-00,16,7,9
2016-05-14-13-00-00,12,7,5
2016-05-14-13-15-00,22,12,10
2016-05-14-13-30-00,24,11,13
2016-05-14-13-45-00,19,7,12
2016-05-14-14-00-00,22,12,10
2016-05-14-14-15-00,21,13,8
2016-05-14-14-30-00,34,11,23
2016-05-14-14-45-00,22,7,15
2016-05-14-15-00-00,26,13,13
2016-05-14-15-15-00,18,9,9
2016-05-14-15-30-00,39,12,27
2016-05-14-15-45-00,16,7,9
2016-05-14-16-00-00,31,20,11
2016-05-14-16-15-00,38,28,10
2016-05-14-16-30-00,18,8,10
2016-05-14-16-45-00,20,12,8
2016-05-14-17-00-00,19,8,11
2016-05-14-17-15-00,21,13,8
2016-05-14-17-30-00,25,8,17
2016-05-14-17-45-00,23,11,12
2016-05-14-18-00-00,16,10,6
2016-05-14-18-15-00,21,11,10
2016-05-14-18-30-00,13,9,4
2016-05-14-18-45-00,5,4,1
2016-05-14-19-00-00,6,3,3
2016-05-14-19-15-00,3,1,2
2016-05-14-19-30-00,11,10,1
2016-05-14-19-45-00,4,2,2
2016-05-14-20-00-00,6,2,4
2016-05-14-20-15-00,2,2,0
2016-05-14-20-30-00,8,4,4
2016-05-14-20-45-00,9,1,8
2016-05-14-21-00-00,3,1,2
2016-05-14-21-15-00,4,0,4
2016-05-14-21-30-00,2,2,0
2016-05-14-21-45-00,1,1,0
2016-05-14-22-00-00,0,0,0
2016-05-14-22-15-00,1,1,0
2016-05-14-22-30-00,0,0,0
2016-05-14-22-45-00,1,0,1
2016-05-14-23-00-00,0,0,0
2016-05-14-23-15-00,1,0,1
2016-05-14-23-30-00,2,0,2
2016-05-14-23-45-00,2,1,1
2016-05-15-00-00-00,1,1,0
2016-05-15-00-15-00,1,0,1
2016-05-15-00-30-00,1,1,0
2016-05-15-00-45-00,0,0,0
2016-05-15-01-00-00,0,0,0
2016-05-15-01-15-00,0,0,0
2016-05-15-01-30-00,0,0,0
2016-05-15-01-45-00,0,0,0
2016-05-15-02-00-00,1,0,1
2016-05-15-02-15-00,2,2,0
2016-05-15-02-30-00,0,0,0
2016-05-15-02-45-00,0,0,0
2016-05-15-03-00-00,1,1,0
2016-05-15-03-15-00,0,0,0
2016-05-15-03-30-00,2,1,1
2016-05-15-03-45-00,0,0,0
2016-05-15-04-00-00,1,1,0
2016-05-15-04-15-00,0,0,0
2016-05-15-04-30-00,0,0,0
2016-05-15-04-45-00,0,0,0
2016-05-15-05-00-00,0,0,0
2016-05-15-05-15-00,1,1,0
2016-05-15-05-30-00,0,0,0
2016-05-15-05-45-00,0,0,0
2016-05-15-06-00-00,1,0,1
2016-05-15-06-15-00,0,0,0
2016-05-15-06-30-00,0,0,0
2016-05-15-06-45-00,0,0,0
2016-05-15-07-00-00,0,0,0
2016-05-15-07-15-00,3,2,1
2016-05-15-07-30-00,3,2,1
2016-05-15-07-45-00,0,0,0
2016-05-15-08-00-00,3,1,2
2016-05-15-08-15-00,3,1,2
2016-05-15-08-30-00,2,1,1
2016-05-15-08-45-00,3,0,3
2016-05-15-09-00-00,5,3,2
2016-05-15-09-15-00,8,3,5
2016-05-15-09-30-00,9,7,2
2016-05-15-09-45-00,9,5,4
2016-05-15-10-00-00,6,3,3
2016-05-15-10-15-00,7,0,7
2016-05-15-10-30-00,20,14,6
2016-05-15-10-45-00,10,4,6
2016-05-15-11-00-00,10,9,1
2016-05-15-11-15-00,12,5,7
2016-05-15-11-30-00,7,3,4
2016-05-15-11-45-00,18,2,16
2016-05-15-12-00-00,12,4,8
2016-05-15-12-15-00,11,6,5
2016-05-15-12-30-00,17,7,10
2016-05-15-12-45-00,15,6,9
2016-05-15-13-00-00,18,11,7
2016-05-15-13-15-00,30,12,18
2016-05-15-13-30-00,18,2,16
2016-05-15-13-45-00,19,9,10
2016-05-15-14-00-00,19,11,8
2016-05-15-14-15-00,28,13,15
2016-05-15-14-30-00,25,11,14
2016-05-15-14-45-00,24,9,15
2016-05-15-15-00-00,21,9,12
2016-05-15-15-15-00,19,6,13
2016-05-15-15-30-00,23,11,12
2016-05-15-15-45-00,20,10,10
2016-05-15-16-00-00,48,19,29
2016-05-15-16-15-00,33,20,13
2016-05-15-16-30-00,19,9,10
2016-05-15-16-45-00,21,12,9
2016-05-15-17-00-00,29,15,14
2016-05-15-17-15-00,29,15,14
2016-05-15-17-30-00,11,7,4
2016-05-15-17-45-00,20,13,7
2016-05-15-18-00-00,22,17,5
2016-05-15-18-15-00,27,16,11
2016-05-15-18-30-00,19,14,5
2016-05-15-18-45-00,10,4,6
2016-05-15-19-00-00,14,9,5
2016-05-15-19-15-00,13,8,5
2016-05-15-19-30-00,11,5,6
2016-05-15-19-45-00,9,6,3
2016-05-15-20-00-00,6,4,2
2016-05-15-20-15-00,3,2,1
2016-05-15-20-30-00,3,0,3
2016-05-15-20-45-00,5,3,2
2016-05-15-21-00-00,1,1,0
2016-05-15-21-15-00,3,2,1
2016-05-15-21-30-00,1,0,1
2016-05-15-21-45-00,11,3,8
2016-05-15-22-00-00,2,2,0
2016-05-15-22-15-00,0,0,0
2016-05-15-22-30-00,3,3,0
2016-05-15-22-45-00,0,0,0
2016-05-15-23-00-00,2,0,2
2016-05-15-23-15-00,0,0,0
2016-05-15-23-30-00,1,0,1
2016-05-15-23-45-00,1,1,0
2016-05-16-00-00-00,1,1,0
2016-05-16-00-15-00,0,0,0
2016-05-16-00-30-00,0,0,0
2016-05-16-00-45-00,1,1,0
2016-05-16-01-00-00,1,0,1
2016-05-16-01-15-00,1,1,0
2016-05-16-01-30-00,0,0,0
2016-05-16-01-45-00,0,0,0
2016-05-16-02-00-00,0,0,0
2016-05-16-02-15-00,0,0,0
2016-05-16-02-30-00,0,0,0
2016-05-16-02-45-00,0,0,0
2016-05-16-03-00-00,1,0,1
2016-05-16-03-15-00,0,0,0
2016-05-16-03-30-00,0,0,0
2016-05-16-03-45-00,0,0,0
2016-05-16-04-00-00,0,0,0
2016-05-16-04-15-00,0,0,0
2016-05-16-04-30-00,0,0,0
2016-05-16-04-45-00,1,1,0
2016-05-16-05-00-00,0,0,0
2016-05-16-05-15-00,0,0,0
2016-05-16-05-30-00,0,0,0
2016-05-16-05-45-00,1,1,0
2016-05-16-06-00-00,1,0,1
2016-05-16-06-15-00,1,1,0
2016-05-16-06-30-00,3,2,1
2016-05-16-06-45-00,0,0,0
2016-05-16-07-00-00,3,2,1
2016-05-16-07-15-00,2,0,2
2016-05-16-07-30-00,6,2,4
2016-05-16-07-45-00,4,1,3
2016-05-16-08-00-00,8,2,6
2016-05-16-08-15-00,7,3,4
2016-05-16-08-30-00,7,3,4
2016-05-16-08-45-00,10,4,6
2016-05-16-09-00-00,11,9,2
2016-05-16-09-15-00,20,12,8
2016-05-16-09-30-00,19,7,12
2016-05-16-09-45-00,13,7,6
2016-05-16-10-00-00,21,6,15
2016-05-16-10-15-00,23,15,8
2016-05-16-10-30-00,47,21,26
2016-05-16-10-45-00,22,12,10
2016-05-16-11-00-00,20,6,14
2016-05-16-11-15-00,29,9,20
2016-05-16-11-30-00,27,11,16
2016-05-16-11-45-00,36,14,22
2016-05-16-12-00-00,44,22,22
2016-05-16-12-15-00,38,19,19
2016-05-16-12-30-00,39,18,21
2016-05-16-12-45-00,38,21,17
2016-05-16-13-00-00,41,12,29
2016-05-16-13-15-00,27,16,11
2016-05-16-13-30-00,43,16,27
2016-05-16-13-45-00,48,22,26
2016-05-16-14-00-00,56,25,31
2016-05-16-14-15-00,55,31,24
2016-05-16-14-30-00,40,19,21
2016-05-16-14-45-00,55,23,32
2016-05-16-15-00-00,75,44,31
2016-05-16-15-15-00,70,42,28
2016-05-16-15-30-00,65,30,35
2016-05-16-15-45-00,63,43,20
2016-05-16-16-00-00,50,24,26
2016-05-16-16-15-00,47,18,29
2016-05-16-16-30-00,63,37,26
2016-05-16-16-45-00,56,35,21
2016-05-16-17-00-00,44,29,15
2016-05-16-17-15-00,47,32,15
2016-05-16-17-30-00,38,25,13
2016-05-16-17-45-00,29,11,18
2016-05-16-18-00-00,25,12,13
2016-05-16-18-15-00,37,19,18
2016-05-16-18-30-00,18,10,8
2016-05-16-18-45-00,25,7,18
2016-05-16-19-00-00,19,8,11
2016-05-16-19-15-00,19,11,8
2016-05-16-19-30-00,17,14,3
2016-05-16-19-45-00,17,13,4
2016-05-16-20-00-00,6,2,4
2016-05-16-20-15-00,9,6,3
2016-05-16-20-30-00,7,4,3
2016-05-16-20-45-00,5,2,3
2016-05-16-21-00-00,9,4,5
2016-05-16-21-15-00,0,0,0
2016-05-16-21-30-00,3,1,2
2016-05-16-21-45-00,5,2,3
2016-05-16-22-00-00,2,1,1
2016-05-16-22-15-00,1,0,1
2016-05-16-22-30-00,0,0,0
2016-05-16-22-45-00,0,0,0
2016-05-16-23-00-00,0,0,0
2016-05-16-23-15-00,0,0,0
2016-05-16-23-30-00,1,1,0
2016-05-16-23-45-00,0,0,0
2016-05-17-00-00-00,0,0,0
2016-05-17-00-15-00,0,0,0
2016-05-17-00-30-00,0,0,0
2016-05-17-00-45-00,1,1,0
2016-05-17-01-00-00,0,0,0
2016-05-17-01-15-00,0,0,0
2016-05-17-01-30-00,0,0,0
2016-05-17-01-45-00,0,0,0
2016-05-17-02-00-00,0,0,0
2016-05-17-02-15-00,0,0,0
2016-05-17-02-30-00,0,0,0
2016-05-17-02-45-00,0,0,0
2016-05-17-03-00-00,0,0,0
2016-05-17-03-15-00,0,0,0
2016-05-17-03-30-00,0,0,0
2016-05-17-03-45-00,0,0,0
2016-05-17-04-00-00,0,0,0
2016-05-17-04-15-00,0,0,0
2016-05-17-04-30-00,0,0,0
2016-05-17-04-45-00,0,0,0
2016-05-17-05-00-00,0,0,0
2016-05-17-05-15-00,1,1,0
2016-05-17-05-30-00,3,2,1
2016-05-17-05-45-00,8,5,3
2016-05-17-06-00-00,3,2,1
2016-05-17-06-15-00,12,3,9
2016-05-17-06-30-00,12,1,11
2016-05-17-06-45-00,17,8,9
2016-05-17-07-00-00,25,7,18
2016-05-17-07-15-00,20,8,12
2016-05-17-07-30-00,45,20,25
2016-05-17-07-45-00,35,9,26
2016-05-17-08-00-00,52,10,42
2016-05-17-08-15-00,50,9,41
2016-05-17-08-30-00,48,8,40
2016-05-17-08-45-00,34,6,28
2016-05-17-09-00-00,23,4,19
2016-05-17-09-15-00,18,3,15
2016-05-17-09-30-00,21,11,10
2016-05-17-09-45-00,18,9,9
2016-05-17-10-00-00,17,10,7
2016-05-17-10-15-00,11,9,2
2016-05-17-10-30-00,19,11,8
2016-05-17-10-45-00,10,7,3
2016-05-17-11-00-00,20,8,12
2016-05-17-11-15-00,13,7,6
2016-05-17-11-30-00,25,17,8
2016-05-17-11-45-00,18,10,8
2016-05-17-12-00-00,24,8,16
2016-05-17-12-15-00,12,6,6
2016-05-17-12-30-00,17,8,9
2016-05-17-12-45-00,24,14,10
2016-05-17-13-00-00,26,10,16
2016-05-17-13-15-00,21,13,8
2016-05-17-13-30-00,21,10,11
2016-05-17-13-45-00,32,11,21
2016-05-17-14-00-00,23,11,12
2016-05-17-14-15-00,21,11,10
2016-05-17-14-30-00,23,16,7
2016-05-17-14-45-00,20,12,8
2016-05-17-15-00-00,27,19,8
2016-05-17-15-15-00,38,23,15
2016-05-17-15-30-00,29,21,8
2016-05-17-15-45-00,35,22,13
2016-05-17-16-00-00,36,21,15
2016-05-17-16-15-00,54,29,25
2016-05-17-16-30-00,59,38,21
2016-05-17-16-45-00,59,34,25
2016-05-17-17-00-00,56,47,9
2016-05-17-17-15-00,63,44,19
2016-05-17-17-30-00,41,30,11
2016-05-17-17-45-00,48,27,21
2016-05-17-18-00-00,58,33,25
2016-05-17-18-15-00,65,41,24
2016-05-17-18-30-00,56,41,15
2016-05-17-18-45-00,54,26,28
2016-05-17-19-00-00,25,16,9
2016-05-17-19-15-00,40,28,12
2016-05-17-19-30-00,36,24,12
2016-05-17-19-45-00,29,15,14
2016-05-17-20-00-00,22,8,14
2016-05-17-20-15-00,18,10,8
2016-05-17-20-30-00,16,9,7
2016-05-17-20-45-00,18,14,4
2016-05-17-21-00-00,19,10,9
2016-05-17-21-15-00,10,6,4
2016-05-17-21-30-00,8,5,3
2016-05-17-21-45-00,6,1,5
2016-05-17-22-00-00,6,3,3
2016-05-17-22-15-00,1,0,1
2016-05-17-22-30-00,3,1,2
2016-05-17-22-45-00,3,2,1
2016-05-17-23-00-00,2,1,1
2016-05-17-23-15-00,2,2,0
2016-05-17-23-30-00,0,0,0
2016-05-17-23-45-00,0,0,0
2016-05-18-00-00-00,1,1,0
2016-05-18-00-15-00,0,0,0
2016-05-18-00-30-00,2,1,1
2016-05-18-00-45-00,0,0,0
2016-05-18-01-00-00,0,0,0
2016-05-18-01-15-00,0,0,0
2016-05-18-01-30-00,0,0,0
2016-05-18-01-45-00,0,0,0
2016-05-18-02-00-00,0,0,0
2016-05-18-02-15-00,0,0,0
2016-05-18-02-30-00,0,0,0
2016-05-18-02-45-00,0,0,0
2016-05-18-03-00-00,0,0,0
2016-05-18-03-15-00,0,0,0
2016-05-18-03-30-00,0,0,0
2016-05-18-03-45-00,1,0,1
2016-05-18-04-00-00,0,0,0
2016-05-18-04-15-00,0,0,0
2016-05-18-04-30-00,1,1,0
2016-05-18-04-45-00,0,0,0
2016-05-18-05-00-00,0,0,0
2016-05-18-05-15-00,1,0,1
2016-05-18-05-30-00,1,1,0
2016-05-18-05-45-00,6,5,1
2016-05-18-06-00-00,10,4,6
2016-05-18-06-15-00,8,1,7
2016-05-18-06-30-00,10,1,9
2016-05-18-06-45-00,17,8,9
2016-05-18-07-00-00,36,10,26
2016-05-18-07-15-00,31,12,19
2016-05-18-07-30-00,53,17,36
2016-05-18-07-45-00,52,12,40
2016-05-18-08-00-00,52,13,39
2016-05-18-08-15-00,71,22,49
2016-05-18-08-30-00,50,5,45
2016-05-18-08-45-00,43,6,37
2016-05-18-09-00-00,31,9,22
2016-05-18-09-15-00,16,3,13
2016-05-18-09-30-00,18,4,14
2016-05-18-09-45-00,22,18,4
2016-05-18-10-00-00,8,3,5
2016-05-18-10-15-00,21,8,13
2016-05-18-10-30-00,16,9,7
2016-05-18-10-45-00,30,15,15
2016-05-18-11-00-00,23,9,14
2016-05-18-11-15-00,15,6,9
2016-05-18-11-30-00,21,7,14
2016-05-18-11-45-00,17,12,5
2016-05-18-12-00-00,15,7,8
2016-05-18-12-15-00,22,16,6
2016-05-18-12-30-00,19,15,4
2016-05-18-12-45-00,20,9,11
2016-05-18-13-00-00,33,14,19
2016-05-18-13-15-00,24,20,4
2016-05-18-13-30-00,27,10,17
2016-05-18-13-45-00,18,8,10
2016-05-18-14-00-00,24,11,13
2016-05-18-14-15-00,27,15,12
2016-05-18-14-30-00,27,15,12
2016-05-18-14-45-00,25,10,15
2016-05-18-15-00-00,14,5,9
2016-05-18-15-15-00,24,16,8
2016-05-18-15-30-00,34,20,14
2016-05-18-15-45-00,33,26,7
2016-05-18-16-00-00,37,22,15
2016-05-18-16-15-00,48,32,16
2016-05-18-16-30-00,47,30,17
2016-05-18-16-45-00,47,39,8
2016-05-18-17-00-00,48,31,17
2016-05-18-17-15-00,55,39,16
2016-05-18-17-30-00,52,38,14
2016-05-18-17-45-00,46,32,14
2016-05-18-18-00-00,51,36,15
2016-05-18-18-15-00,57,39,18
2016-05-18-18-30-00,32,21,11
2016-05-18-18-45-00,59,34,25
2016-05-18-19-00-00,38,25,13
2016-05-18-19-15-00,28,16,12
2016-05-18-19-30-00,25,14,11
2016-05-18-19-45-00,13,12,1
2016-05-18-20-00-00,15,9,6
2016-05-18-20-15-00,15,14,1
2016-05-18-20-30-00,10,9,1
2016-05-18-20-45-00,9,3,6
2016-05-18-21-00-00,7,4,3
2016-05-18-21-15-00,7,4,3
2016-05-18-21-30-00,5,2,3
2016-05-18-21-45-00,4,0,4
2016-05-18-22-00-00,2,0,2
2016-05-18-22-15-00,6,2,4
2016-05-18-22-30-00,0,0,0
2016-05-18-22-45-00,0,0,0
2016-05-18-23-00-00,1,1,0
2016-05-18-23-15-00,1,0,1
2016-05-18-23-30-00,1,0,1
2016-05-18-23-45-00,2,2,0
2016-05-19-00-00-00,0,0,0
2016-05-19-00-15-00,1,1,0
2016-05-19-00-30-00,0,0,0
2016-05-19-00-45-00,0,0,0
2016-05-19-01-00-00,0,0,0
2016-05-19-01-15-00,0,0,0
2016-05-19-01-30-00,0,0,0
2016-05-19-01-45-00,0,0,0
2016-05-19-02-00-00,0,0,0
2016-05-19-02-15-00,0,0,0
2016-05-19-02-30-00,0,0,0
2016-05-19-02-45-00,0,0,0
2016-05-19-03-00-00,0,0,0
2016-05-19-03-15-00,0,0,0
2016-05-19-03-30-00,0,0,0
2016-05-19-03-45-00,0,0,0
2016-05-19-04-00-00,0,0,0
2016-05-19-04-15-00,0,0,0
2016-05-19-04-30-00,0,0,0
2016-05-19-04-45-00,0,0,0
2016-05-19-05-00-00,0,0,0
2016-05-19-05-15-00,0,0,0
2016-05-19-05-30-00,2,2,0
2016-05-19-05-45-00,4,3,1
2016-05-19-06-00-00,6,2,4
2016-05-19-06-15-00,5,2,3
2016-05-19-06-30-00,6,2,4
2016-05-19-06-45-00,12,3,9
2016-05-19-07-00-00,15,7,8
2016-05-19-07-15-00,21,6,15
2016-05-19-07-30-00,19,3,16
2016-05-19-07-45-00,34,9,25
2016-05-19-08-00-00,43,10,33
2016-05-19-08-15-00,44,6,38
2016-05-19-08-30-00,44,9,35
2016-05-19-08-45-00,34,6,28
2016-05-19-09-00-00,23,2,21
2016-05-19-09-15-00,35,7,28
2016-05-19-09-30-00,13,6,7
2016-05-19-09-45-00,11,6,5
2016-05-19-10-00-00,15,6,9
2016-05-19-10-15-00,14,6,8
2016-05-19-10-30-00,14,10,4
2016-05-19-10-45-00,22,4,18
2016-05-19-11-00-00,13,9,4
2016-05-19-11-15-00,12,7,5
2016-05-19-11-30-00,10,1,9
2016-05-19-11-45-00,13,6,7
2016-05-19-12-00-00,31,24,7
2016-05-19-12-15-00,18,16,2
2016-05-19-12-30-00,24,10,14
2016-05-19-12-45-00,28,11,17
2016-05-19-13-00-00,16,8,8
2016-05-19-13-15-00,32,19,13
2016-05-19-13-30-00,22,15,7
2016-05-19-13-45-00,20,7,13
2016-05-19-14-00-00,15,11,4
2016-05-19-14-15-00,26,16,10
2016-05-19-14-30-00,25,13,12
2016-05-19-14-45-00,27,12,15
2016-05-19-15-00-00,32,19,13
2016-05-19-15-15-00,45,31,14
2016-05-19-15-30-00,40,21,19
2016-05-19-15-45-00,40,21,19
2016-05-19-16-00-00,39,23,16
2016-05-19-16-15-00,49,32,17
2016-05-19-16-30-00,69,42,27
2016-05-19-16-45-00,48,31,17
2016-05-19-17-00-00,64,38,26
2016-05-19-17-15-00,57,33,24
2016-05-19-17-30-00,71,54,17
2016-05-19-17-45-00,66,46,20
2016-05-19-18-00-00,42,24,18
2016-05-19-18-15-00,73,51,22
2016-05-19-18-30-00,65,46,19
2016-05-19-18-45-00,68,39,29
2016-05-19-19-00-00,37,23,14
2016-05-19-19-15-00,49,25,24
2016-05-19-19-30-00,40,20,20
2016-05-19-19-45-00,53,37,16
2016-05-19-20-00-00,48,25,23
2016-05-19-20-15-00,37,24,13
2016-05-19-20-30-00,26,13,13
2016-05-19-20-45-00,31,15,16
2016-05-19-21-00-00,22,12,10
2016-05-19-21-15-00,26,14,12
2016-05-19-21-30-00,12,9,3
2016-05-19-21-45-00,9,2,7
2016-05-19-22-00-00,8,3,5
2016-05-19-22-15-00,8,5,3
2016-05-19-22-30-00,3,1,2
2016-05-19-22-45-00,4,1,3
2016-05-19-23-00-00,5,1,4
2016-05-19-23-15-00,1,0,1
2016-05-19-23-30-00,2,2,0
2016-05-19-23-45-00,1,0,1
2016-05-20-00-00-00,1,1,0
2016-05-20-00-15-00,0,0,0
2016-05-20-00-30-00,0,0,0
2016-05-20-00-45-00,0,0,0
2016-05-20-01-00-00,1,1,0
2016-05-20-01-15-00,1,1,0
2016-05-20-01-30-00,0,0,0
2016-05-20-01-45-00,1,0,1
2016-05-20-02-00-00,0,0,0
2016-05-20-02-15-00,0,0,0
2016-05-20-02-30-00,0,0,0
2016-05-20-02-45-00,0,0,0
2016-05-20-03-00-00,0,0,0
2016-05-20-03-15-00,0,0,0
2016-05-20-03-30-00,0,0,0
2016-05-20-03-45-00,0,0,0
2016-05-20-04-00-00,0,0,0
2016-05-20-04-15-00,0,0,0
2016-05-20-04-30-00,0,0,0
2016-05-20-04-45-00,0,0,0
2016-05-20-05-00-00,0,0,0
2016-05-20-05-15-00,1,1,0
2016-05-20-05-30-00,1,1,0
2016-05-20-05-45-00,3,1,2
2016-05-20-06-00-00,10,5,5
2016-05-20-06-15-00,8,3,5
2016-05-20-06-30-00,16,5,11
2016-05-20-06-45-00,22,12,10
2016-05-20-07-00-00,29,10,19
2016-05-20-07-15-00,36,5,31
2016-05-20-07-30-00,47,17,30
2016-05-20-07-45-00,38,8,30
2016-05-20-08-00-00,40,7,33
2016-05-20-08-15-00,52,10,42
2016-05-20-08-30-00,53,14,39
2016-05-20-08-45-00,38,6,32
2016-05-20-09-00-00,36,13,23
2016-05-20-09-15-00,31,11,20
2016-05-20-09-30-00,11,5,6
2016-05-20-09-45-00,29,6,23
2016-05-20-10-00-00,21,13,8
2016-05-20-10-15-00,14,8,6
2016-05-20-10-30-00,14,9,5
2016-05-20-10-45-00,27,8,19
2016-05-20-11-00-00,17,10,7
2016-05-20-11-15-00,18,9,9
2016-05-20-11-30-00,19,12,7
2016-05-20-11-45-00,21,8,13
2016-05-20-12-00-00,14,8,6
2016-05-20-12-15-00,33,24,9
2016-05-20-12-30-00,20,8,12
2016-05-20-12-45-00,20,8,12
2016-05-20-13-00-00,32,19,13
2016-05-20-13-15-00,24,12,12
2016-05-20-13-30-00,19,10,9
2016-05-20-13-45-00,35,13,22
2016-05-20-14-00-00,31,23,8
2016-05-20-14-15-00,29,22,7
2016-05-20-14-30-00,19,9,10
2016-05-20-14-45-00,31,20,11
2016-05-20-15-00-00,28,18,10
2016-05-20-15-15-00,38,31,7
2016-05-20-15-30-00,39,29,10
2016-05-20-15-45-00,51,35,16
2016-05-20-16-00-00,29,16,13
2016-05-20-16-15-00,37,22,15
2016-05-20-16-30-00,28,17,11
2016-05-20-16-45-00,29,17,12
2016-05-20-17-00-00,41,28,13
2016-05-20-17-15-00,42,32,10
2016-05-20-17-30-00,42,24,18
2016-05-20-17-45-00,42,28,14
2016-05-20-18-00-00,27,20,7
2016-05-20-18-15-00,33,19,14
2016-05-20-18-30-00,19,14,5
2016-05-20-18-45-00,24,13,11
2016-05-20-19-00-00,17,11,6
2016-05-20-19-15-00,15,11,4
2016-05-20-19-30-00,15,6,9
2016-05-20-19-45-00,15,13,2
2016-05-20-20-00-00,23,12,11
2016-05-20-20-15-00,10,8,2
2016-05-20-20-30-00,11,7,4
2016-05-20-20-45-00,12,3,9
2016-05-20-21-00-00,5,4,1
2016-05-20-21-15-00,14,9,5
2016-05-20-21-30-00,5,4,1
2016-05-20-21-45-00,7,4,3
2016-05-20-22-00-00,9,4,5
2016-05-20-22-15-00,6,3,3
2016-05-20-22-30-00,5,2,3
2016-05-20-22-45-00,1,1,0
2016-05-20-23-00-00,0,0,0
2016-05-20-23-15-00,4,2,2
2016-05-20-23-30-00,0,0,0
2016-05-20-23-45-00,2,0,2
2016-05-21-00-00-00,1,0,1
2016-05-21-00-15-00,1,1,0
2016-05-21-00-30-00,1,0,1
2016-05-21-00-45-00,4,4,0
2016-05-21-01-00-00,0,0,0
2016-05-21-01-15-00,1,1,0
2016-05-21-01-30-00,0,0,0
2016-05-21-01-45-00,1,1,0
2016-05-21-02-00-00,1,0,1
2016-05-21-02-15-00,1,1,0
2016-05-21-02-30-00,0,0,0
2016-05-21-02-45-00,0,0,0
2016-05-21-03-00-00,0,0,0
2016-05-21-03-15-00,0,0,0
2016-05-21-03-30-00,0,0,0
2016-05-21-03-45-00,0,0,0
2016-05-21-04-00-00,0,0,0
2016-05-21-04-15-00,0,0,0
2016-05-21-04-30-00,0,0,0
2016-05-21-04-45-00,0,0,0
2016-05-21-05-00-00,0,0,0
2016-05-21-05-15-00,2,2,0
2016-05-21-05-30-00,0,0,0
2016-05-21-05-45-00,0,0,0
2016-05-21-06-00-00,4,0,4
2016-05-21-06-15-00,2,1,1
2016-05-21-06-30-00,5,3,2
2016-05-21-06-45-00,1,0,1
2016-05-21-07-00-00,3,0,3
2016-05-21-07-15-00,4,0,4
2016-05-21-07-30-00,14,2,12
2016-05-21-07-45-00,7,2,5
2016-05-21-08-00-00,13,4,9
2016-05-21-08-15-00,11,5,6
2016-05-21-08-30-00,13,5,8
2016-05-21-08-45-00,15,8,7
2016-05-21-09-00-00,28,7,21
2016-05-21-09-15-00,37,20,17
2016-05-21-09-30-00,19,11,8
2016-05-21-09-45-00,35,16,19
2016-05-21-10-00-00,29,15,14
2016-05-21-10-15-00,38,8,30
2016-05-21-10-30-00,55,27,28
2016-05-21-10-45-00,43,19,24
2016-05-21-11-00-00,58,20,38
2016-05-21-11-15-00,52,18,34
2016-05-21-11-30-00,75,27,48
2016-05-21-11-45-00,73,31,42
2016-05-21-12-00-00,65,19,46
2016-05-21-12-15-00,73,34,39
2016-05-21-12-30-00,96,38,58
2016-05-21-12-45-00,90,38,52
2016-05-21-13-00-00,91,37,54
2016-05-21-13-15-00,93,28,65
2016-05-21-13-30-00,71,44,27
2016-05-21-13-45-00,75,35,40
2016-05-21-14-00-00,90,36,54
2016-05-21-14-15-00,104,47,57
2016-05-21-14-30-00,100,53,47
2016-05-21-14-45-00,110,67,43
2016-05-21-15-00-00,95,39,56
2016-05-21-15-15-00,103,56,47
2016-05-21-15-30-00,97,43,54
2016-05-21-15-45-00,94,65,29
2016-05-21-16-00-00,92,48,44
2016-05-21-16-15-00,120,83,37
2016-05-21-16-30-00,100,54,46
2016-05-21-16-45-00,124,69,55
2016-05-21-17-00-00,104,70,34
2016-05-21-17-15-00,109,74,35
2016-05-21-17-30-00,119,68,51
2016-05-21-17-45-00,81,52,29
2016-05-21-18-00-00,86,58,28
2016-05-21-18-15-00,77,50,27
2016-05-21-18-30-00,90,56,34
2016-05-21-18-45-00,52,30,22
2016-05-21-19-00-00,65,42,23
2016-05-21-19-15-00,84,55,29
2016-05-21-19-30-00,62,32,30
2016-05-21-19-45-00,40,21,19
2016-05-21-20-00-00,47,25,22
2016-05-21-20-15-00,42,31,11
2016-05-21-20-30-00,31,18,13
2016-05-21-20-45-00,30,17,13
2016-05-21-21-00-00,29,21,8
2016-05-21-21-15-00,20,8,12
2016-05-21-21-30-00,13,10,3
2016-05-21-21-45-00,12,10,2
2016-05-21-22-00-00,10,4,6
2016-05-21-22-15-00,7,4,3
2016-05-21-22-30-00,6,6,0
2016-05-21-22-45-00,5,3,2
2016-05-21-23-00-00,11,4,7
2016-05-21-23-15-00,12,2,10
2016-05-21-23-30-00,12,4,8
2016-05-21-23-45-00,10,6,4
2016-05-22-00-00-00,5,4,1
2016-05-22-00-15-00,1,0,1
2016-05-22-00-30-00,6,4,2
2016-05-22-00-45-00,1,0,1
2016-05-22-01-00-00,6,5,1
2016-05-22-01-15-00,4,0,4
2016-05-22-01-30-00,2,2,0
2016-05-22-01-45-00,3,3,0
2016-05-22-02-00-00,2,1,1
2016-05-22-02-15-00,2,2,0
2016-05-22-02-30-00,2,2,0
2016-05-22-02-45-00,0,0,0
2016-05-22-03-00-00,4,4,0
2016-05-22-03-15-00,0,0,0
2016-05-22-03-30-00,0,0,0
2016-05-22-03-45-00,1,1,0
2016-05-22-04-00-00,0,0,0
2016-05-22-04-15-00,0,0,0
2016-05-22-04-30-00,0,0,0
2016-05-22-04-45-00,6,6,0
2016-05-22-05-00-00,0,0,0
2016-05-22-05-15-00,0,0,0
2016-05-22-05-30-00,4,1,3
2016-05-22-05-45-00,0,0,0
2016-05-22-06-00-00,1,1,0
2016-05-22-06-15-00,1,1,0
2016-05-22-06-30-00,2,0,2
2016-05-22-06-45-00,2,1,1
2016-05-22-07-00-00,2,0,2
2016-05-22-07-15-00,3,2,1
2016-05-22-07-30-00,6,4,2
2016-05-22-07-45-00,5,4,1
2016-05-22-08-00-00,6,1,5
2016-05-22-08-15-00,7,3,4
2016-05-22-08-30-00,13,6,7
2016-05-22-08-45-00,12,9,3
2016-05-22-09-00-00,10,3,7
2016-05-22-09-15-00,19,11,8
2016-05-22-09-30-00,21,5,16
2016-05-22-09-45-00,36,22,14
2016-05-22-10-00-00,31,8,23
2016-05-22-10-15-00,40,16,24
2016-05-22-10-30-00,32,18,14
2016-05-22-10-45-00,34,12,22
2016-05-22-11-00-00,50,22,28
2016-05-22-11-15-00,53,21,32
2016-05-22-11-30-00,51,25,26
2016-05-22-11-45-00,86,37,49
2016-05-22-12-00-00,51,26,25
2016-05-22-12-15-00,56,31,25
2016-05-22-12-30-00,70,25,45
2016-05-22-12-45-00,75,36,39
2016-05-22-13-00-00,51,23,28
2016-05-22-13-15-00,85,40,45
2016-05-22-13-30-00,60,41,19
2016-05-22-13-45-00,66,33,33
2016-05-22-14-00-00,43,28,15
2016-05-22-14-15-00,74,29,45
2016-05-22-14-30-00,70,37,33
2016-05-22-14-45-00,42,16,26
2016-05-22-15-00-00,62,38,24
2016-05-22-15-15-00,77,44,33
2016-05-22-15-30-00,59,41,18
2016-05-22-15-45-00,67,35,32
2016-05-22-16-00-00,45,32,13
2016-05-22-16-15-00,20,12,8
2016-05-22-16-30-00,16,13,3
2016-05-22-16-45-00,16,9,7
2016-05-22-17-00-00,17,10,7
2016-05-22-17-15-00,24,22,2
2016-05-22-17-30-00,12,9,3
2016-05-22-17-45-00,24,17,7
2016-05-22-18-00-00,10,4,6
2016-05-22-18-15-00,30,24,6
2016-05-22-18-30-00,8,5,3
2016-05-22-18-45-00,21,14,7
2016-05-22-19-00-00,19,12,7
2016-05-22-19-15-00,17,11,6
2016-05-22-19-30-00,15,6,9
2016-05-22-19-45-00,9,4,5
2016-05-22-20-00-00,12,6,6
2016-05-22-20-15-00,9,3,6
2016-05-22-20-30-00,13,5,8
2016-05-22-20-45-00,5,4,1
2016-05-22-21-00-00,4,4,0
2016-05-22-21-15-00,8,3,5
2016-05-22-21-30-00,0,0,0
2016-05-22-21-45-00,2,0,2
2016-05-22-22-00-00,2,2,0
2016-05-22-22-15-00,1,0,1
2016-05-22-22-30-00,0,0,0
2016-05-22-22-45-00,1,0,1
2016-05-22-23-00-00,0,0,0
2016-05-22-23-15-00,3,3,0
2016-05-22-23-30-00,1,1,0
2016-05-22-23-45-00,2,0,2
2016-05-23-00-00-00,0,0,0
2016-05-23-00-15-00,0,0,0
2016-05-23-00-30-00,0,0,0
2016-05-23-00-45-00,1,0,1
2016-05-23-01-00-00,0,0,0
2016-05-23-01-15-00,0,0,0
2016-05-23-01-30-00,0,0,0
2016-05-23-01-45-00,0,0,0
2016-05-23-02-00-00,0,0,0
2016-05-23-02-15-00,0,0,0
2016-05-23-02-30-00,0,0,0
2016-05-23-02-45-00,0,0,0
2016-05-23-03-00-00,0,0,0
2016-05-23-03-15-00,0,0,0
2016-05-23-03-30-00,0,0,0
2016-05-23-03-45-00,0,0,0
2016-05-23-04-00-00,0,0,0
2016-05-23-04-15-00,0,0,0
2016-05-23-04-30-00,0,0,0
2016-05-23-04-45-00,0,0,0
2016-05-23-05-00-00,0,0,0
2016-05-23-05-15-00,1,1,0
2016-05-23-05-30-00,1,1,0
2016-05-23-05-45-00,4,1,3
2016-05-23-06-00-00,7,2,5
2016-05-23-06-15-00,7,2,5
2016-05-23-06-30-00,9,2,7
2016-05-23-06-45-00,13,9,4
2016-05-23-07-00-00,12,3,9
2016-05-23-07-15-00,25,7,18
2016-05-23-07-30-00,28,13,15
2016-05-23-07-45-00,24,9,15
2016-05-23-08-00-00,19,3,16
2016-05-23-08-15-00,25,7,18
2016-05-23-08-30-00,17,3,14
2016-05-23-08-45-00,18,2,16
2016-05-23-09-00-00,23,3,20
2016-05-23-09-15-00,10,3,7
2016-05-23-09-30-00,6,2,4
2016-05-23-09-45-00,7,6,1
2016-05-23-10-00-00,9,2,7
2016-05-23-10-15-00,2,0,2
2016-05-23-10-30-00,4,1,3
2016-05-23-10-45-00,10,7,3
2016-05-23-11-00-00,7,3,4
2016-05-23-11-15-00,9,5,4
2016-05-23-11-30-00,4,2,2
2016-05-23-11-45-00,9,4,5
2016-05-23-12-00-00,6,4,2
2016-05-23-12-15-00,4,3,1
2016-05-23-12-30-00,7,4,3
2016-05-23-12-45-00,14,12,2
2016-05-23-13-00-00,7,3,4
2016-05-23-13-15-00,10,3,7
2016-05-23-13-30-00,12,8,4
2016-05-23-13-45-00,7,5,2
2016-05-23-14-00-00,7,4,3
2016-05-23-14-15-00,7,7,0
2016-05-23-14-30-00,6,2,4
2016-05-23-14-45-00,4,2,2
2016-05-23-15-00-00,7,3,4
2016-05-23-15-15-00,9,4,5
2016-05-23-15-30-00,19,8,11
2016-05-23-15-45-00,9,5,4
2016-05-23-16-00-00,15,8,7
2016-05-23-16-15-00,21,18,3
2016-05-23-16-30-00,6,5,1
2016-05-23-16-45-00,30,24,6
2016-05-23-17-00-00,30,18,12
2016-05-23-17-15-00,16,12,4
2016-05-23-17-30-00,30,22,8
2016-05-23-17-45-00,24,16,8
2016-05-23-18-00-00,19,11,8
2016-05-23-18-15-00,20,15,5
2016-05-23-18-30-00,23,18,5
2016-05-23-18-45-00,21,15,6
2016-05-23-19-00-00,16,12,4
2016-05-23-19-15-00,9,4,5
2016-05-23-19-30-00,6,3,3
2016-05-23-19-45-00,7,4,3
2016-05-23-20-00-00,5,3,2
2016-05-23-20-15-00,8,3,5
2016-05-23-20-30-00,4,2,2
2016-05-23-20-45-00,5,3,2
2016-05-23-21-00-00,6,5,1
2016-05-23-21-15-00,4,3,1
2016-05-23-21-30-00,3,2,1
2016-05-23-21-45-00,1,0,1
2016-05-23-22-00-00,0,0,0
2016-05-23-22-15-00,0,0,0
2016-05-23-22-30-00,1,1,0
2016-05-23-22-45-00,2,0,2
2016-05-23-23-00-00,1,1,0
2016-05-23-23-15-00,2,1,1
2016-05-23-23-30-00,0,0,0
2016-05-23-23-45-00,0,0,0
2016-05-24-00-00-00,0,0,0
2016-05-24-00-15-00,0,0,0
2016-05-24-00-30-00,2,0,2
2016-05-24-00-45-00,0,0,0
2016-05-24-01-00-00,0,0,0
2016-05-24-01-15-00,0,0,0
2016-05-24-01-30-00,1,0,1
2016-05-24-01-45-00,0,0,0
2016-05-24-02-00-00,0,0,0
2016-05-24-02-15-00,0,0,0
2016-05-24-02-30-00,0,0,0
2016-05-24-02-45-00,0,0,0
2016-05-24-03-00-00,0,0,0
2016-05-24-03-15-00,0,0,0
2016-05-24-03-30-00,0,0,0
2016-05-24-03-45-00,0,0,0
2016-05-24-04-00-00,0,0,0
2016-05-24-04-15-00,0,0,0
2016-05-24-04-30-00,0,0,0
2016-05-24-04-45-00,0,0,0
2016-05-24-05-00-00,0,0,0
2016-05-24-05-15-00,3,1,2
2016-05-24-05-30-00,1,0,1
2016-05-24-05-45-00,4,1,3
2016-05-24-06-00-00,4,1,3
2016-05-24-06-15-00,2,0,2
2016-05-24-06-30-00,6,1,5
2016-05-24-06-45-00,7,1,6
2016-05-24-07-00-00,9,2,7
2016-05-24-07-15-00,21,11,10
2016-05-24-07-30-00,35,10,25
2016-05-24-07-45-00,33,3,30
2016-05-24-08-00-00,22,4,18
2016-05-24-08-15-00,32,7,25
2016-05-24-08-30-00,29,6,23
2016-05-24-08-45-00,27,4,23
2016-05-24-09-00-00,25,5,20
2016-05-24-09-15-00,15,3,12
2016-05-24-09-30-00,7,4,3
2016-05-24-09-45-00,5,2,3
2016-05-24-10-00-00,8,2,6
2016-05-24-10-15-00,7,7,0
2016-05-24-10-30-00,6,3,3
2016-05-24-10-45-00,6,3,3
2016-05-24-11-00-00,6,3,3
2016-05-24-11-15-00,5,1,4
2016-05-24-11-30-00,7,2,5
2016-05-24-11-45-00,5,3,2
2016-05-24-12-00-00,6,2,4
2016-05-24-12-15-00,8,4,4
2016-05-24-12-30-00,13,9,4
2016-05-24-12-45-00,7,2,5
2016-05-24-13-00-00,14,9,5
2016-05-24-13-15-00,10,5,5
2016-05-24-13-30-00,13,11,2
2016-05-24-13-45-00,15,7,8
2016-05-24-14-00-00,7,3,4
2016-05-24-14-15-00,3,1,2
2016-05-24-14-30-00,8,6,2
2016-05-24-14-45-00,17,12,5
2016-05-24-15-00-00,7,5,2
2016-05-24-15-15-00,12,7,5
2016-05-24-15-30-00,14,7,7
2016-05-24-15-45-00,16,11,5
2016-05-24-16-00-00,28,17,11
2016-05-24-16-15-00,22,18,4
2016-05-24-16-30-00,14,11,3
2016-05-24-16-45-00,30,22,8
2016-05-24-17-00-00,26,17,9
2016-05-24-17-15-00,33,26,7
2016-05-24-17-30-00,43,34,9
2016-05-24-17-45-00,25,16,9
2016-05-24-18-00-00,25,20,5
2016-05-24-18-15-00,27,21,6
2016-05-24-18-30-00,16,14,2
2016-05-24-18-45-00,21,13,8
2016-05-24-19-00-00,16,14,2
2016-05-24-19-15-00,15,10,5
2016-05-24-19-30-00,11,8,3
2016-05-24-19-45-00,10,3,7
2016-05-24-20-00-00,11,10,1
2016-05-24-20-15-00,22,16,6
2016-05-24-20-30-00,8,4,4
2016-05-24-20-45-00,7,6,1
2016-05-24-21-00-00,8,7,1
2016-05-24-21-15-00,9,5,4
2016-05-24-21-30-00,4,3,1
2016-05-24-21-45-00,2,0,2
2016-05-24-22-00-00,0,0,0
2016-05-24-22-15-00,3,2,1
2016-05-24-22-30-00,2,1,1
2016-05-24-22-45-00,4,3,1
2016-05-24-23-00-00,1,1,0
2016-05-24-23-15-00,2,0,2
2016-05-24-23-30-00,0,0,0
2016-05-24-23-45-00,1,1,0
2016-05-25-00-00-00,0,0,0
2016-05-25-00-15-00,0,0,0
2016-05-25-00-30-00,0,0,0
2016-05-25-00-45-00,0,0,0
2016-05-25-01-00-00,3,0,3
2016-05-25-01-15-00,0,0,0
2016-05-25-01-30-00,1,0,1
2016-05-25-01-45-00,0,0,0
2016-05-25-02-00-00,0,0,0
2016-05-25-02-15-00,0,0,0
2016-05-25-02-30-00,0,0,0
2016-05-25-02-45-00,0,0,0
2016-05-25-03-00-00,0,0,0
2016-05-25-03-15-00,0,0,0
2016-05-25-03-30-00,0,0,0
2016-05-25-03-45-00,0,0,0
2016-05-25-04-00-00,0,0,0
2016-05-25-04-15-00,0,0,0
2016-05-25-04-30-00,0,0,0
2016-05-25-04-45-00,0,0,0
2016-05-25-05-00-00,0,0,0
2016-05-25-05-15-00,1,1,0
2016-05-25-05-30-00,0,0,0
2016-05-25-05-45-00,4,2,2
2016-05-25-06-00-00,6,2,4
2016-05-25-06-15-00,4,1,3
2016-05-25-06-30-00,17,3,14
2016-05-25-06-45-00,19,5,14
2016-05-25-07-00-00,19,5,14
2016-05-25-07-15-00,32,11,21
2016-05-25-07-30-00,39,15,24
2016-05-25-07-45-00,32,8,24
2016-05-25-08-00-00,44,6,38
2016-05-25-08-15-00,45,7,38
2016-05-25-08-30-00,43,17,26
2016-05-25-08-45-00,33,5,28
2016-05-25-09-00-00,17,2,15
2016-05-25-09-15-00,19,10,9
2016-05-25-09-30-00,20,9,11
2016-05-25-09-45-00,36,8,28
2016-05-25-10-00-00,18,6,12
2016-05-25-10-15-00,7,6,1
2016-05-25-10-30-00,6,2,4
2016-05-25-10-45-00,11,8,3
2016-05-25-11-00-00,14,3,11
2016-05-25-11-15-00,18,8,10
2016-05-25-11-30-00,28,14,14
2016-05-25-11-45-00,16,11,5
2016-05-25-12-00-00,19,12,7
2016-05-25-12-15-00,20,12,8
2016-05-25-12-30-00,23,13,10
2016-05-25-12-45-00,18,12,6
2016-05-25-13-00-00,39,20,19
2016-05-25-13-15-00,28,15,13
2016-05-25-13-30-00,34,17,17
2016-05-25-13-45-00,32,10,22
2016-05-25-14-00-00,35,20,15
2016-05-25-14-15-00,33,21,12
2016-05-25-14-30-00,30,15,15
2016-05-25-14-45-00,25,11,14
2016-05-25-15-00-00,31,20,11
2016-05-25-15-15-00,34,20,14
2016-05-25-15-30-00,28,19,9
2016-05-25-15-45-00,63,45,18
2016-05-25-16-00-00,30,18,12
2016-05-25-16-15-00,39,31,8
2016-05-25-16-30-00,55,32,23
2016-05-25-16-45-00,40,26,14
2016-05-25-17-00-00,47,33,14
2016-05-25-17-15-00,58,46,12
2016-05-25-17-30-00,39,29,10
2016-05-25-17-45-00,35,22,13
2016-05-25-18-00-00,56,44,12
2016-05-25-18-15-00,51,38,13
2016-05-25-18-30-00,39,21,18
2016-05-25-18-45-00,31,17,14
2016-05-25-19-00-00,33,19,14
2016-05-25-19-15-00,31,13,18
2016-05-25-19-30-00,31,17,14
2016-05-25-19-45-00,18,9,9
2016-05-25-20-00-00,15,8,7
2016-05-25-20-15-00,17,9,8
2016-05-25-20-30-00,12,5,7
2016-05-25-20-45-00,22,11,11
2016-05-25-21-00-00,28,18,10
2016-05-25-21-15-00,9,5,4
2016-05-25-21-30-00,9,2,7
2016-05-25-21-45-00,9,9,0
2016-05-25-22-00-00,5,4,1
2016-05-25-22-15-00,5,5,0
2016-05-25-22-30-00,0,0,0
2016-05-25-22-45-00,3,2,1
2016-05-25-23-00-00,5,2,3
2016-05-25-23-15-00,3,3,0
2016-05-25-23-30-00,3,2,1
2016-05-25-23-45-00,3,1,2
2016-05-26-00-00-00,1,1,0
2016-05-26-00-15-00,5,2,3
2016-05-26-00-30-00,0,0,0
2016-05-26-00-45-00,0,0,0
2016-05-26-01-00-00,4,2,2
2016-05-26-01-15-00,0,0,0
2016-05-26-01-30-00,0,0,0
2016-05-26-01-45-00,1,0,1
2016-05-26-02-00-00,0,0,0
2016-05-26-02-15-00,0,0,0
2016-05-26-02-30-00,0,0,0
2016-05-26-02-45-00,1,0,1
2016-05-26-03-00-00,2,0,2
2016-05-26-03-15-00,0,0,0
2016-05-26-03-30-00,1,0,1
2016-05-26-03-45-00,0,0,0
2016-05-26-04-00-00,0,0,0
2016-05-26-04-15-00,0,0,0
2016-05-26-04-30-00,1,0,1
2016-05-26-04-45-00,1,1,0
2016-05-26-05-00-00,0,0,0
2016-05-26-05-15-00,0,0,0
2016-05-26-05-30-00,0,0,0
2016-05-26-05-45-00,1,0,1
2016-05-26-06-00-00,1,1,0
2016-05-26-06-15-00,1,1,0
2016-05-26-06-30-00,2,1,1
2016-05-26-06-45-00,1,1,0
2016-05-26-07-00-00,5,4,1
2016-05-26-07-15-00,2,2,0
2016-05-26-07-30-00,3,0,3
2016-05-26-07-45-00,5,2,3
2016-05-26-08-00-00,14,3,11
2016-05-26-08-15-00,5,3,2
2016-05-26-08-30-00,7,4,3
2016-05-26-08-45-00,11,1,10
2016-05-26-09-00-00,15,1,14
2016-05-26-09-15-00,26,8,18
2016-05-26-09-30-00,26,9,17
2016-05-26-09-45-00,34,13,21
2016-05-26-10-00-00,48,19,29
2016-05-26-10-15-00,50,26,24
2016-05-26-10-30-00,65,30,35
2016-05-26-10-45-00,77,45,32
2016-05-26-11-00-00,94,29,65
2016-05-26-11-15-00,108,40,68
2016-05-26-11-30-00,91,30,61
2016-05-26-11-45-00,142,48,94
2016-05-26-12-00-00,122,52,70
2016-05-26-12-15-00,166,59,107
2016-05-26-12-30-00,139,49,90
2016-05-26-12-45-00,139,45,94
2016-05-26-13-00-00,159,69,90
2016-05-26-13-15-00,169,60,109
2016-05-26-13-30-00,175,72,103
2016-05-26-13-45-00,178,78,100
2016-05-26-14-00-00,184,65,119
2016-05-26-14-15-00,216,104,112
2016-05-26-14-30-00,191,100,91
2016-05-26-14-45-00,205,64,141
2016-05-26-15-00-00,150,78,72
2016-05-26-15-15-00,192,95,97
2016-05-26-15-30-00,213,111,102
2016-05-26-15-45-00,237,128,109
2016-05-26-16-00-00,195,118,77
2016-05-26-16-15-00,214,146,68
2016-05-26-16-30-00,184,121,63
2016-05-26-16-45-00,140,88,52
2016-05-26-17-00-00,165,102,63
2016-05-26-17-15-00,185,118,67
2016-05-26-17-30-00,150,94,56
2016-05-26-17-45-00,115,73,42
2016-05-26-18-00-00,121,82,39
2016-05-26-18-15-00,131,82,49
2016-05-26-18-30-00,108,71,37
2016-05-26-18-45-00,95,66,29
2016-05-26-19-00-00,101,81,20
2016-05-26-19-15-00,83,57,26
2016-05-26-19-30-00,46,25,21
2016-05-26-19-45-00,57,41,16
2016-05-26-20-00-00,33,27,6
2016-05-26-20-15-00,48,29,19
2016-05-26-20-30-00,40,26,14
2016-05-26-20-45-00,50,44,6
2016-05-26-21-00-00,41,28,13
2016-05-26-21-15-00,22,14,8
2016-05-26-21-30-00,19,15,4
2016-05-26-21-45-00,20,6,14
2016-05-26-22-00-00,17,13,4
2016-05-26-22-15-00,18,17,1
2016-05-26-22-30-00,15,10,5
2016-05-26-22-45-00,9,8,1
2016-05-26-23-00-00,12,8,4
2016-05-26-23-15-00,7,6,1
2016-05-26-23-30-00,2,1,1
2016-05-26-23-45-00,0,0,0
2016-05-27-00-00-00,5,5,0
2016-05-27-00-15-00,2,2,0
2016-05-27-00-30-00,5,5,0
2016-05-27-00-45-00,3,3,0
2016-05-27-01-00-00,0,0,0
2016-05-27-01-15-00,1,1,0
2016-05-27-01-30-00,0,0,0
2016-05-27-01-45-00,0,0,0
2016-05-27-02-00-00,0,0,0
2016-05-27-02-15-00,0,0,0
2016-05-27-02-30-00,0,0,0
2016-05-27-02-45-00,0,0,0
2016-05-27-03-00-00,0,0,0
2016-05-27-03-15-00,0,0,0
2016-05-27-03-30-00,0,0,0
2016-05-27-03-45-00,0,0,0
2016-05-27-04-00-00,0,0,0
2016-05-27-04-15-00,0,0,0
2016-05-27-04-30-00,0,0,0
2016-05-27-04-45-00,1,1,0
2016-05-27-05-00-00,0,0,0
2016-05-27-05-15-00,1,1,0
2016-05-27-05-30-00,2,1,1
2016-05-27-05-45-00,2,1,1
2016-05-27-06-00-00,5,4,1
2016-05-27-06-15-00,7,2,5
2016-05-27-06-30-00,1,0,1
2016-05-27-06-45-00,6,3,3
2016-05-27-07-00-00,14,7,7
2016-05-27-07-15-00,13,4,9
2016-05-27-07-30-00,17,8,9
2016-05-27-07-45-00,6,2,4
2016-05-27-08-00-00,18,6,12
2016-05-27-08-15-00,23,7,16
2016-05-27-08-30-00,19,8,11
2016-05-27-08-45-00,22,5,17
2016-05-27-09-00-00,23,10,13
2016-05-27-09-15-00,12,5,7
2016-05-27-09-30-00,11,3,8
2016-05-27-09-45-00,19,10,9
2016-05-27-10-00-00,23,13,10
2016-05-27-10-15-00,17,5,12
2016-05-27-10-30-00,27,9,18
2016-05-27-10-45-00,35,18,17
2016-05-27-11-00-00,22,10,12
2016-05-27-11-15-00,31,19,12
2016-05-27-11-30-00,47,22,25
2016-05-27-11-45-00,37,16,21
2016-05-27-12-00-00,31,20,11
2016-05-27-12-15-00,38,22,16
2016-05-27-12-30-00,60,33,27
2016-05-27-12-45-00,44,27,17
2016-05-27-13-00-00,42,15,27
2016-05-27-13-15-00,45,16,29
2016-05-27-13-30-00,48,24,24
2016-05-27-13-45-00,55,35,20
2016-05-27-14-00-00,40,27,13
2016-05-27-14-15-00,62,39,23
2016-05-27-14-30-00,14,10,4
2016-05-27-14-45-00,4,4,0
2016-05-27-15-00-00,7,2,5
2016-05-27-15-15-00,5,5,0
2016-05-27-15-30-00,8,7,1
2016-05-27-15-45-00,29,14,15
2016-05-27-16-00-00,35,20,15
2016-05-27-16-15-00,33,21,12
2016-05-27-16-30-00,18,9,9
2016-05-27-16-45-00,28,20,8
2016-05-27-17-00-00,30,26,4
2016-05-27-17-15-00,31,22,9
2016-05-27-17-30-00,25,12,13
2016-05-27-17-45-00,29,13,16
2016-05-27-18-00-00,15,8,7
2016-05-27-18-15-00,41,31,10
2016-05-27-18-30-00,26,14,12
2016-05-27-18-45-00,25,14,11
2016-05-27-19-00-00,25,16,9
2016-05-27-19-15-00,20,7,13
2016-05-27-19-30-00,28,19,9
2016-05-27-19-45-00,11,2,9
2016-05-27-20-00-00,13,4,9
2016-05-27-20-15-00,18,10,8
2016-05-27-20-30-00,14,6,8
2016-05-27-20-45-00,9,5,4
2016-05-27-21-00-00,11,9,2
2016-05-27-21-15-00,6,3,3
2016-05-27-21-30-00,2,2,0
2016-05-27-21-45-00,4,2,2
2016-05-27-22-00-00,5,3,2
2016-05-27-22-15-00,3,2,1
2016-05-27-22-30-00,1,1,0
2016-05-27-22-45-00,3,0,3
2016-05-27-23-00-00,3,2,1
2016-05-27-23-15-00,3,3,0
2016-05-27-23-30-00,2,1,1
2016-05-27-23-45-00,0,0,0
2016-05-28-00-00-00,0,0,0
2016-05-28-00-15-00,0,0,0
2016-05-28-00-30-00,1,0,1
2016-05-28-00-45-00,0,0,0
2016-05-28-01-00-00,1,1,0
2016-05-28-01-15-00,1,1,0
2016-05-28-01-30-00,0,0,0
2016-05-28-01-45-00,1,0,1
2016-05-28-02-00-00,0,0,0
2016-05-28-02-15-00,0,0,0
2016-05-28-02-30-00,0,0,0
2016-05-28-02-45-00,0,0,0
2016-05-28-03-00-00,0,0,0
2016-05-28-03-15-00,0,0,0
2016-05-28-03-30-00,0,0,0
2016-05-28-03-45-00,0,0,0
2016-05-28-04-00-00,0,0,0
2016-05-28-04-15-00,1,0,1
2016-05-28-04-30-00,3,0,3
2016-05-28-04-45-00,1,1,0
2016-05-28-05-00-00,0,0,0
2016-05-28-05-15-00,1,1,0
2016-05-28-05-30-00,0,0,0
2016-05-28-05-45-00,1,0,1
2016-05-28-06-00-00,1,1,0
2016-05-28-06-15-00,0,0,0
2016-05-28-06-30-00,0,0,0
2016-05-28-06-45-00,2,0,2
2016-05-28-07-00-00,8,4,4
2016-05-28-07-15-00,0,0,0
2016-05-28-07-30-00,3,2,1
2016-05-28-07-45-00,1,0,1
2016-05-28-08-00-00,4,1,3
2016-05-28-08-15-00,12,5,7
2016-05-28-08-30-00,7,3,4
2016-05-28-08-45-00,12,5,7
2016-05-28-09-00-00,11,6,5
2016-05-28-09-15-00,10,7,3
2016-05-28-09-30-00,15,4,11
2016-05-28-09-45-00,15,6,9
2016-05-28-10-00-00,16,7,9
2016-05-28-10-15-00,35,18,17
2016-05-28-10-30-00,29,15,14
2016-05-28-10-45-00,33,19,14
2016-05-28-11-00-00,32,21,11
2016-05-28-11-15-00,37,17,20
2016-05-28-11-30-00,22,14,8
2016-05-28-11-45-00,30,15,15
2016-05-28-12-00-00,15,4,11
2016-05-28-12-15-00,30,10,20
2016-05-28-12-30-00,41,24,17
2016-05-28-12-45-00,48,28,20
2016-05-28-13-00-00,35,17,18
2016-05-28-13-15-00,26,12,14
2016-05-28-13-30-00,55,31,24
2016-05-28-13-45-00,45,22,23
2016-05-28-14-00-00,59,29,30
2016-05-28-14-15-00,52,26,26
2016-05-28-14-30-00,46,33,13
2016-05-28-14-45-00,59,29,30
2016-05-28-15-00-00,51,27,24
2016-05-28-15-15-00,56,21,35
2016-05-28-15-30-00,44,20,24
2016-05-28-15-45-00,80,39,41
2016-05-28-16-00-00,50,30,20
2016-05-28-16-15-00,63,21,42
2016-05-28-16-30-00,83,51,32
2016-05-28-16-45-00,49,30,19
2016-05-28-17-00-00,55,35,20
2016-05-28-17-15-00,44,26,18
2016-05-28-17-30-00,59,25,34
2016-05-28-17-45-00,52,30,22
2016-05-28-18-00-00,38,26,12
2016-05-28-18-15-00,49,26,23
2016-05-28-18-30-00,48,25,23
2016-05-28-18-45-00,19,6,13
2016-05-28-19-00-00,29,13,16
2016-05-28-19-15-00,30,18,12
2016-05-28-19-30-00,14,10,4
2016-05-28-19-45-00,8,6,2
2016-05-28-20-00-00,3,2,1
2016-05-28-20-15-00,5,5,0
2016-05-28-20-30-00,10,9,1
2016-05-28-20-45-00,1,1,0
2016-05-28-21-00-00,3,3,0
2016-05-28-21-15-00,5,5,0
2016-05-28-21-30-00,9,9,0
2016-05-28-21-45-00,1,1,0
2016-05-28-22-00-00,5,3,2
2016-05-28-22-15-00,5,3,2
2016-05-28-22-30-00,3,0,3
2016-05-28-22-45-00,1,0,1
2016-05-28-23-00-00,1,1,0
2016-05-28-23-15-00,1,0,1
2016-05-28-23-30-00,0,0,0
2016-05-28-23-45-00,5,2,3
2016-05-29-00-00-00,0,0,0
2016-05-29-00-15-00,1,1,0
2016-05-29-00-30-00,1,0,1
2016-05-29-00-45-00,1,1,0
2016-05-29-01-00-00,3,1,2
2016-05-29-01-15-00,2,0,2
2016-05-29-01-30-00,2,0,2
2016-05-29-01-45-00,0,0,0
2016-05-29-02-00-00,1,0,1
2016-05-29-02-15-00,1,1,0
2016-05-29-02-30-00,0,0,0
2016-05-29-02-45-00,0,0,0
2016-05-29-03-00-00,0,0,0
2016-05-29-03-15-00,0,0,0
2016-05-29-03-30-00,0,0,0
2016-05-29-03-45-00,0,0,0
2016-05-29-04-00-00,0,0,0
2016-05-29-04-15-00,0,0,0
2016-05-29-04-30-00,1,0,1
2016-05-29-04-45-00,0,0,0
2016-05-29-05-00-00,0,0,0
2016-05-29-05-15-00,2,1,1
2016-05-29-05-30-00,0,0,0
2016-05-29-05-45-00,0,0,0
2016-05-29-06-00-00,2,2,0
2016-05-29-06-15-00,1,0,1
2016-05-29-06-30-00,2,1,1
2016-05-29-06-45-00,1,0,1
2016-05-29-07-00-00,2,1,1
2016-05-29-07-15-00,4,1,3
2016-05-29-07-30-00,7,1,6
2016-05-29-07-45-00,7,4,3
2016-05-29-08-00-00,9,8,1
2016-05-29-08-15-00,15,7,8
2016-05-29-08-30-00,13,6,7
2016-05-29-08-45-00,23,16,7
2016-05-29-09-00-00,17,10,7
2016-05-29-09-15-00,19,9,10
2016-05-29-09-30-00,27,12,15
2016-05-29-09-45-00,27,12,15
2016-05-29-10-00-00,34,15,19
2016-05-29-10-15-00,48,24,24
2016-05-29-10-30-00,54,28,26
2016-05-29-10-45-00,49,18,31
2016-05-29-11-00-00,50,19,31
2016-05-29-11-15-00,48,26,22
2016-05-29-11-30-00,48,25,23
2016-05-29-11-45-00,58,23,35
2016-05-29-12-00-00,68,37,31
2016-05-29-12-15-00,42,26,16
2016-05-29-12-30-00,55,30,25
2016-05-29-12-45-00,80,36,44
2016-05-29-13-00-00,55,18,37
2016-05-29-13-15-00,49,30,19
2016-05-29-13-30-00,62,37,25
2016-05-29-13-45-00,67,35,32
2016-05-29-14-00-00,61,27,34
2016-05-29-14-15-00,63,38,25
2016-05-29-14-30-00,75,43,32
2016-05-29-14-45-00,68,34,34
2016-05-29-15-00-00,59,37,22
2016-05-29-15-15-00,37,18,19
2016-05-29-15-30-00,45,22,23
2016-05-29-15-45-00,46,28,18
2016-05-29-16-00-00,41,24,17
2016-05-29-16-15-00,41,21,20
2016-05-29-16-30-00,48,20,28
2016-05-29-16-45-00,53,32,21
2016-05-29-17-00-00,58,31,27
2016-05-29-17-15-00,43,23,20
2016-05-29-17-30-00,53,30,23
2016-05-29-17-45-00,47,31,16
2016-05-29-18-00-00,63,26,37
2016-05-29-18-15-00,55,35,20
2016-05-29-18-30-00,48,27,21
2016-05-29-18-45-00,48,27,21
2016-05-29-19-00-00,44,25,19
2016-05-29-19-15-00,31,18,13
2016-05-29-19-30-00,31,21,10
2016-05-29-19-45-00,25,14,11
2016-05-29-20-00-00,23,13,10
2016-05-29-20-15-00,24,11,13
2016-05-29-20-30-00,25,18,7
2016-05-29-20-45-00,23,14,9
2016-05-29-21-00-00,18,13,5
2016-05-29-21-15-00,27,9,18
2016-05-29-21-30-00,1,0,1
2016-05-29-21-45-00,8,6,2
2016-05-29-22-00-00,6,4,2
2016-05-29-22-15-00,4,2,2
2016-05-29-22-30-00,4,3,1
2016-05-29-22-45-00,1,1,0
2016-05-29-23-00-00,1,1,0
2016-05-29-23-15-00,1,1,0
2016-05-29-23-30-00,0,0,0
2016-05-29-23-45-00,0,0,0
2016-05-30-00-00-00,0,0,0
2016-05-30-00-15-00,0,0,0
2016-05-30-00-30-00,0,0,0
2016-05-30-00-45-00,0,0,0
2016-05-30-01-00-00,1,1,0
2016-05-30-01-15-00,0,0,0
2016-05-30-01-30-00,0,0,0
2016-05-30-01-45-00,0,0,0
2016-05-30-02-00-00,0,0,0
2016-05-30-02-15-00,0,0,0
2016-05-30-02-30-00,0,0,0
2016-05-30-02-45-00,0,0,0
2016-05-30-03-00-00,0,0,0
2016-05-30-03-15-00,0,0,0
2016-05-30-03-30-00,0,0,0
2016-05-30-03-45-00,0,0,0
2016-05-30-04-00-00,0,0,0
2016-05-30-04-15-00,0,0,0
2016-05-30-04-30-00,0,0,0
2016-05-30-04-45-00,0,0,0
2016-05-30-05-00-00,0,0,0
2016-05-30-05-15-00,0,0,0
2016-05-30-05-30-00,0,0,0
2016-05-30-05-45-00,0,0,0
2016-05-30-06-00-00,5,2,3
2016-05-30-06-15-00,1,0,1
2016-05-30-06-30-00,2,0,2
2016-05-30-06-45-00,8,4,4
2016-05-30-07-00-00,15,5,10
2016-05-30-07-15-00,18,4,14
2016-05-30-07-30-00,22,14,8
2016-05-30-07-45-00,30,9,21
2016-05-30-08-00-00,38,6,32
2016-05-30-08-15-00,38,10,28
2016-05-30-08-30-00,31,11,20
2016-05-30-08-45-00,29,3,26
2016-05-30-09-00-00,22,1,21
2016-05-30-09-15-00,18,5,13
2016-05-30-09-30-00,15,9,6
2016-05-30-09-45-00,5,3,2
2016-05-30-10-00-00,2,1,1
2016-05-30-10-15-00,6,2,4
2016-05-30-10-30-00,2,0,2
2016-05-30-10-45-00,1,1,0
2016-05-30-11-00-00,1,1,0
2016-05-30-11-15-00,2,1,1
2016-05-30-11-30-00,3,0,3
2016-05-30-11-45-00,3,1,2
2016-05-30-12-00-00,3,1,2
2016-05-30-12-15-00,5,3,2
2016-05-30-12-30-00,6,5,1
2016-05-30-12-45-00,6,3,3
2016-05-30-13-00-00,2,2,0
2016-05-30-13-15-00,9,2,7
2016-05-30-13-30-00,9,7,2
2016-05-30-13-45-00,4,2,2
2016-05-30-14-00-00,7,1,6
2016-05-30-14-15-00,5,5,0
2016-05-30-14-30-00,6,3,3
2016-05-30-14-45-00,3,2,1
2016-05-30-15-00-00,5,3,2
2016-05-30-15-15-00,7,5,2
2016-05-30-15-30-00,14,10,4
2016-05-30-15-45-00,17,12,5
2016-05-30-16-00-00,22,12,10
2016-05-30-16-15-00,12,9,3
2016-05-30-16-30-00,28,17,11
2016-05-30-16-45-00,25,16,9
2016-05-30-17-00-00,25,19,6
2016-05-30-17-15-00,36,26,10
2016-05-30-17-30-00,38,21,17
2016-05-30-17-45-00,26,20,6
2016-05-30-18-00-00,40,30,10
2016-05-30-18-15-00,42,34,8
2016-05-30-18-30-00,50,25,25
2016-05-30-18-45-00,21,13,8
2016-05-30-19-00-00,24,12,12
2016-05-30-19-15-00,22,14,8
2016-05-30-19-30-00,23,16,7
2016-05-30-19-45-00,23,15,8
2016-05-30-20-00-00,19,5,14
2016-05-30-20-15-00,18,8,10
2016-05-30-20-30-00,18,8,10
2016-05-30-20-45-00,10,6,4
2016-05-30-21-00-00,11,9,2
2016-05-30-21-15-00,9,3,6
2016-05-30-21-30-00,9,8,1
2016-05-30-21-45-00,4,2,2
2016-05-30-22-00-00,5,2,3
2016-05-30-22-15-00,1,1,0
2016-05-30-22-30-00,3,2,1
2016-05-30-22-45-00,0,0,0
2016-05-30-23-00-00,1,0,1
2016-05-30-23-15-00,0,0,0
2016-05-30-23-30-00,2,1,1
2016-05-30-23-45-00,0,0,0
2016-05-31-00-00-00,0,0,0
2016-05-31-00-15-00,0,0,0
2016-05-31-00-30-00,0,0,0
2016-05-31-00-45-00,0,0,0
2016-05-31-01-00-00,0,0,0
2016-05-31-01-15-00,0,0,0
2016-05-31-01-30-00,0,0,0
2016-05-31-01-45-00,0,0,0
2016-05-31-02-00-00,0,0,0
2016-05-31-02-15-00,0,0,0
2016-05-31-02-30-00,0,0,0
2016-05-31-02-45-00,0,0,0
2016-05-31-03-00-00,0,0,0
2016-05-31-03-15-00,0,0,0
2016-05-31-03-30-00,0,0,0
2016-05-31-03-45-00,0,0,0
2016-05-31-04-00-00,0,0,0
2016-05-31-04-15-00,0,0,0
2016-05-31-04-30-00,0,0,0
2016-05-31-04-45-00,0,0,0
2016-05-31-05-00-00,0,0,0
2016-05-31-05-15-00,1,1,0
2016-05-31-05-30-00,2,1,1
2016-05-31-05-45-00,7,3,4
2016-05-31-06-00-00,8,2,6
2016-05-31-06-15-00,13,4,9
2016-05-31-06-30-00,12,5,7
2016-05-31-06-45-00,14,6,8
2016-05-31-07-00-00,22,8,14
2016-05-31-07-15-00,32,13,19
2016-05-31-07-30-00,58,23,35
2016-05-31-07-45-00,51,13,38
2016-05-31-08-00-00,60,14,46
2016-05-31-08-15-00,60,20,40
2016-05-31-08-30-00,64,12,52
2016-05-31-08-45-00,35,5,30
2016-05-31-09-00-00,27,8,19
2016-05-31-09-15-00,27,10,17
2016-05-31-09-30-00,17,7,10
2016-05-31-09-45-00,15,8,7
2016-05-31-10-00-00,17,8,9
2016-05-31-10-15-00,13,6,7
2016-05-31-10-30-00,21,9,12
2016-05-31-10-45-00,11,7,4
2016-05-31-11-00-00,15,8,7
2016-05-31-11-15-00,16,9,7
2016-05-31-11-30-00,21,6,15
2016-05-31-11-45-00,16,9,7
2016-05-31-12-00-00,14,12,2
2016-05-31-12-15-00,25,12,13
2016-05-31-12-30-00,28,9,19
2016-05-31-12-45-00,22,8,14
2016-05-31-13-00-00,22,12,10
2016-05-31-13-15-00,23,7,16
2016-05-31-13-30-00,19,10,9
2016-05-31-13-45-00,24,14,10
2016-05-31-14-00-00,30,17,13
2016-05-31-14-15-00,19,11,8
2016-05-31-14-30-00,22,13,9
2016-05-31-14-45-00,17,11,6
2016-05-31-15-00-00,19,13,6
2016-05-31-15-15-00,18,7,11
2016-05-31-15-30-00,28,16,12
2016-05-31-15-45-00,29,19,10
2016-05-31-16-00-00,51,23,28
2016-05-31-16-15-00,46,35,11
2016-05-31-16-30-00,39,27,12
2016-05-31-16-45-00,47,32,15
2016-05-31-17-00-00,58,40,18
2016-05-31-17-15-00,60,43,17
2016-05-31-17-30-00,82,55,27
2016-05-31-17-45-00,59,45,14
2016-05-31-18-00-00,57,42,15
2016-05-31-18-15-00,51,35,16
2016-05-31-18-30-00,49,30,19
2016-05-31-18-45-00,49,35,14
2016-05-31-19-00-00,54,28,26
2016-05-31-19-15-00,30,13,17
2016-05-31-19-30-00,41,22,19
2016-05-31-19-45-00,37,22,15
2016-05-31-20-00-00,22,16,6
2016-05-31-20-15-00,36,14,22
2016-05-31-20-30-00,22,9,13
2016-05-31-20-45-00,18,11,7
2016-05-31-21-00-00,12,5,7
2016-05-31-21-15-00,8,4,4
2016-05-31-21-30-00,16,11,5
2016-05-31-21-45-00,8,4,4
2016-05-31-22-00-00,8,2,6
2016-05-31-22-15-00,4,4,0
2016-05-31-22-30-00,4,3,1
2016-05-31-22-45-00,4,2,2
2016-05-31-23-00-00,3,2,1
2016-05-31-23-15-00,0,0,0
2016-05-31-23-30-00,1,1,0
2016-05-31-23-45-00,6,3,3
2016-06-01-00-00-00,0,0,0
2016-06-01-00-15-00,1,0,1
2016-06-01-00-30-00,1,0,1
2016-06-01-00-45-00,0,0,0
2016-06-01-01-00-00,0,0,0
2016-06-01-01-15-00,0,0,0
2016-06-01-01-30-00,0,0,0
2016-06-01-01-45-00,0,0,0
2016-06-01-02-00-00,0,0,0
2016-06-01-02-15-00,0,0,0
2016-06-01-02-30-00,0,0,0
2016-06-01-02-45-00,0,0,0
2016-06-01-03-00-00,0,0,0
2016-06-01-03-15-00,0,0,0
2016-06-01-03-30-00,0,0,0
2016-06-01-03-45-00,0,0,0
2016-06-01-04-00-00,0,0,0
2016-06-01-04-15-00,0,0,0
2016-06-01-04-30-00,0,0,0
2016-06-01-04-45-00,0,0,0
2016-06-01-05-00-00,0,0,0
2016-06-01-05-15-00,1,0,1
2016-06-01-05-30-00,0,0,0
2016-06-01-05-45-00,8,4,4
2016-06-01-06-00-00,5,3,2
2016-06-01-06-15-00,8,3,5
2016-06-01-06-30-00,6,1,5
2016-06-01-06-45-00,9,6,3
2016-06-01-07-00-00,13,4,9
2016-06-01-07-15-00,11,5,6
2016-06-01-07-30-00,21,10,11
2016-06-01-07-45-00,31,5,26
2016-06-01-08-00-00,30,4,26
2016-06-01-08-15-00,28,5,23
2016-06-01-08-30-00,51,5,46
2016-06-01-08-45-00,37,5,32
2016-06-01-09-00-00,16,3,13
2016-06-01-09-15-00,9,3,6
2016-06-01-09-30-00,0,0,0
2016-06-01-09-45-00,2,1,1
2016-06-01-10-00-00,1,0,1
2016-06-01-10-15-00,6,5,1
2016-06-01-10-30-00,4,2,2
2016-06-01-10-45-00,6,3,3
2016-06-01-11-00-00,2,0,2
2016-06-01-11-15-00,5,4,1
2016-06-01-11-30-00,3,3,0
2016-06-01-11-45-00,3,0,3
2016-06-01-12-00-00,6,6,0
2016-06-01-12-15-00,3,1,2
2016-06-01-12-30-00,5,3,2
2016-06-01-12-45-00,5,2,3
2016-06-01-13-00-00,5,3,2
2016-06-01-13-15-00,9,3,6
2016-06-01-13-30-00,3,3,0
2016-06-01-13-45-00,7,4,3
2016-06-01-14-00-00,9,5,4
2016-06-01-14-15-00,4,0,4
2016-06-01-14-30-00,6,3,3
2016-06-01-14-45-00,5,4,1
2016-06-01-15-00-00,4,1,3
2016-06-01-15-15-00,11,8,3
2016-06-01-15-30-00,4,3,1
2016-06-01-15-45-00,10,8,2
2016-06-01-16-00-00,14,10,4
2016-06-01-16-15-00,13,10,3
2016-06-01-16-30-00,8,7,1
2016-06-01-16-45-00,24,14,10
2016-06-01-17-00-00,9,7,2
2016-06-01-17-15-00,17,15,2
2016-06-01-17-30-00,20,15,5
2016-06-01-17-45-00,15,11,4
2016-06-01-18-00-00,10,9,1
2016-06-01-18-15-00,24,18,6
2016-06-01-18-30-00,19,15,4
2016-06-01-18-45-00,10,6,4
2016-06-01-19-00-00,14,7,7
2016-06-01-19-15-00,10,10,0
2016-06-01-19-30-00,7,6,1
2016-06-01-19-45-00,2,2,0
2016-06-01-20-00-00,6,5,1
2016-06-01-20-15-00,3,0,3
2016-06-01-20-30-00,3,2,1
2016-06-01-20-45-00,5,5,0
2016-06-01-21-00-00,4,3,1
2016-06-01-21-15-00,1,0,1
2016-06-01-21-30-00,1,0,1
2016-06-01-21-45-00,1,0,1
2016-06-01-22-00-00,0,0,0
2016-06-01-22-15-00,1,1,0
2016-06-01-22-30-00,0,0,0
2016-06-01-22-45-00,1,1,0
2016-06-01-23-00-00,0,0,0
2016-06-01-23-15-00,0,0,0
2016-06-01-23-30-00,0,0,0
2016-06-01-23-45-00,0,0,0
2016-06-02-00-00-00,0,0,0
2016-06-02-00-15-00,0,0,0
2016-06-02-00-30-00,0,0,0
2016-06-02-00-45-00,0,0,0
2016-06-02-01-00-00,0,0,0
2016-06-02-01-15-00,0,0,0
2016-06-02-01-30-00,1,1,0
2016-06-02-01-45-00,0,0,0
2016-06-02-02-00-00,0,0,0
2016-06-02-02-15-00,0,0,0
2016-06-02-02-30-00,0,0,0
2016-06-02-02-45-00,0,0,0
2016-06-02-03-00-00,0,0,0
2016-06-02-03-15-00,0,0,0
2016-06-02-03-30-00,0,0,0
2016-06-02-03-45-00,0,0,0
2016-06-02-04-00-00,0,0,0
2016-06-02-04-15-00,0,0,0
2016-06-02-04-30-00,0,0,0
2016-06-02-04-45-00,0,0,0
2016-06-02-05-00-00,0,0,0
2016-06-02-05-15-00,1,1,0
2016-06-02-05-30-00,2,0,2
2016-06-02-05-45-00,4,2,2
2016-06-02-06-00-00,3,0,3
2016-06-02-06-15-00,6,3,3
2016-06-02-06-30-00,8,2,6
2016-06-02-06-45-00,10,3,7
2016-06-02-07-00-00,12,5,7
2016-06-02-07-15-00,15,3,12
2016-06-02-07-30-00,33,11,22
2016-06-02-07-45-00,39,9,30
2016-06-02-08-00-00,58,11,47
2016-06-02-08-15-00,51,17,34
2016-06-02-08-30-00,45,12,33
2016-06-02-08-45-00,44,7,37
2016-06-02-09-00-00,18,3,15
2016-06-02-09-15-00,20,6,14
2016-06-02-09-30-00,21,8,13
2016-06-02-09-45-00,27,13,14
2016-06-02-10-00-00,14,6,8
2016-06-02-10-15-00,8,5,3
2016-06-02-10-30-00,12,6,6
2016-06-02-10-45-00,20,8,12
2016-06-02-11-00-00,27,11,16
2016-06-02-11-15-00,20,12,8
2016-06-02-11-30-00,19,10,9
2016-06-02-11-45-00,15,8,7
2016-06-02-12-00-00,16,12,4
2016-06-02-12-15-00,19,8,11
2016-06-02-12-30-00,24,11,13
2016-06-02-12-45-00,19,9,10
2016-06-02-13-00-00,22,17,5
2016-06-02-13-15-00,23,14,9
2016-06-02-13-30-00,31,17,14
2016-06-02-13-45-00,24,11,13
2016-06-02-14-00-00,27,15,12
2016-06-02-14-15-00,25,16,9
2016-06-02-14-30-00,29,14,15
2016-06-02-14-45-00,25,13,12
2016-06-02-15-00-00,24,13,11
2016-06-02-15-15-00,39,25,14
2016-06-02-15-30-00,35,19,16
2016-06-02-15-45-00,37,22,15
2016-06-02-16-00-00,45,26,19
2016-06-02-16-15-00,48,30,18
2016-06-02-16-30-00,29,18,11
2016-06-02-16-45-00,22,15,7
2016-06-02-17-00-00,30,23,7
2016-06-02-17-15-00,39,29,10
2016-06-02-17-30-00,20,16,4
2016-06-02-17-45-00,23,17,6
2016-06-02-18-00-00,14,9,5
2016-06-02-18-15-00,26,18,8
2016-06-02-18-30-00,33,25,8
2016-06-02-18-45-00,28,20,8
2016-06-02-19-00-00,11,8,3
2016-06-02-19-15-00,15,12,3
2016-06-02-19-30-00,18,11,7
2016-06-02-19-45-00,7,3,4
2016-06-02-20-00-00,9,8,1
2016-06-02-20-15-00,7,5,2
2016-06-02-20-30-00,4,2,2
2016-06-02-20-45-00,9,6,3
2016-06-02-21-00-00,6,2,4
2016-06-02-21-15-00,6,5,1
2016-06-02-21-30-00,4,4,0
2016-06-02-21-45-00,4,2,2
2016-06-02-22-00-00,6,4,2
2016-06-02-22-15-00,5,1,4
2016-06-02-22-30-00,2,0,2
2016-06-02-22-45-00,1,0,1
2016-06-02-23-00-00,3,1,2
2016-06-02-23-15-00,0,0,0
2016-06-02-23-30-00,0,0,0
2016-06-02-23-45-00,1,1,0
2016-06-03-00-00-00,0,0,0
2016-06-03-00-15-00,0,0,0
2016-06-03-00-30-00,0,0,0
2016-06-03-00-45-00,0,0,0
2016-06-03-01-00-00,0,0,0
2016-06-03-01-15-00,0,0,0
2016-06-03-01-30-00,1,1,0
2016-06-03-01-45-00,0,0,0
2016-06-03-02-00-00,0,0,0
2016-06-03-02-15-00,0,0,0
2016-06-03-02-30-00,0,0,0
2016-06-03-02-45-00,0,0,0
2016-06-03-03-00-00,0,0,0
2016-06-03-03-15-00,0,0,0
2016-06-03-03-30-00,0,0,0
2016-06-03-03-45-00,0,0,0
2016-06-03-04-00-00,1,1,0
2016-06-03-04-15-00,0,0,0
2016-06-03-04-30-00,0,0,0
2016-06-03-04-45-00,0,0,0
2016-06-03-05-00-00,0,0,0
2016-06-03-05-15-00,0,0,0
2016-06-03-05-30-00,3,2,1
2016-06-03-05-45-00,7,2,5
2016-06-03-06-00-00,6,2,4
2016-06-03-06-15-00,5,2,3
2016-06-03-06-30-00,9,3,6
2016-06-03-06-45-00,15,7,8
2016-06-03-07-00-00,9,3,6
2016-06-03-07-15-00,25,7,18
2016-06-03-07-30-00,45,16,29
2016-06-03-07-45-00,26,7,19
2016-06-03-08-00-00,40,8,32
2016-06-03-08-15-00,28,5,23
2016-06-03-08-30-00,37,11,26
2016-06-03-08-45-00,46,7,39
2016-06-03-09-00-00,26,5,21
2016-06-03-09-15-00,10,4,6
2016-06-03-09-30-00,9,1,8
2016-06-03-09-45-00,8,5,3
2016-06-03-10-00-00,16,8,8
2016-06-03-10-15-00,17,8,9
2016-06-03-10-30-00,18,4,14
2016-06-03-10-45-00,13,6,7
2016-06-03-11-00-00,15,10,5
2016-06-03-11-15-00,26,19,7
2016-06-03-11-30-00,15,4,11
2016-06-03-11-45-00,15,12,3
2016-06-03-12-00-00,23,12,11
2016-06-03-12-15-00,19,9,10
2016-06-03-12-30-00,32,18,14
2016-06-03-12-45-00,24,8,16
2016-06-03-13-00-00,21,7,14
2016-06-03-13-15-00,27,16,11
2016-06-03-13-30-00,28,22,6
2016-06-03-13-45-00,16,9,7
2016-06-03-14-00-00,12,6,6
2016-06-03-14-15-00,16,12,4
2016-06-03-14-30-00,6,4,2
2016-06-03-14-45-00,19,14,5
2016-06-03-15-00-00,12,7,5
2016-06-03-15-15-00,15,14,1
2016-06-03-15-30-00,33,25,8
2016-06-03-15-45-00,24,14,10
2016-06-03-16-00-00,24,17,7
2016-06-03-16-15-00,15,7,8
2016-06-03-16-30-00,24,16,8
2016-06-03-16-45-00,32,26,6
2016-06-03-17-00-00,36,27,9
2016-06-03-17-15-00,35,18,17
2016-06-03-17-30-00,32,18,14
2016-06-03-17-45-00,35,24,11
2016-06-03-18-00-00,21,15,6
2016-06-03-18-15-00,32,22,10
2016-06-03-18-30-00,14,12,2
2016-06-03-18-45-00,13,10,3
2016-06-03-19-00-00,12,7,5
2016-06-03-19-15-00,10,5,5
2016-06-03-19-30-00,18,14,4
2016-06-03-19-45-00,8,4,4
2016-06-03-20-00-00,16,10,6
2016-06-03-20-15-00,5,3,2
2016-06-03-20-30-00,4,2,2
2016-06-03-20-45-00,6,3,3
2016-06-03-21-00-00,10,3,7
2016-06-03-21-15-00,10,9,1
2016-06-03-21-30-00,5,2,3
2016-06-03-21-45-00,2,1,1
2016-06-03-22-00-00,1,1,0
2016-06-03-22-15-00,6,6,0
2016-06-03-22-30-00,2,1,1
2016-06-03-22-45-00,0,0,0
2016-06-03-23-00-00,0,0,0
2016-06-03-23-15-00,0,0,0
2016-06-03-23-30-00,1,1,0
2016-06-03-23-45-00,2,0,2
2016-06-04-00-00-00,4,1,3
2016-06-04-00-15-00,1,0,1
2016-06-04-00-30-00,2,2,0
2016-06-04-00-45-00,1,1,0
2016-06-04-01-00-00,1,1,0
2016-06-04-01-15-00,0,0,0
2016-06-04-01-30-00,0,0,0
2016-06-04-01-45-00,0,0,0
2016-06-04-02-00-00,0,0,0
2016-06-04-02-15-00,4,3,1
2016-06-04-02-30-00,0,0,0
2016-06-04-02-45-00,0,0,0
2016-06-04-03-00-00,0,0,0
2016-06-04-03-15-00,0,0,0
2016-06-04-03-30-00,0,0,0
2016-06-04-03-45-00,0,0,0
2016-06-04-04-00-00,0,0,0
2016-06-04-04-15-00,1,1,0
2016-06-04-04-30-00,1,1,0
2016-06-04-04-45-00,0,0,0
2016-06-04-05-00-00,0,0,0
2016-06-04-05-15-00,0,0,0
2016-06-04-05-30-00,0,0,0
2016-06-04-05-45-00,0,0,0
2016-06-04-06-00-00,4,2,2
2016-06-04-06-15-00,0,0,0
2016-06-04-06-30-00,4,3,1
2016-06-04-06-45-00,2,2,0
2016-06-04-07-00-00,3,2,1
2016-06-04-07-15-00,1,1,0
2016-06-04-07-30-00,4,3,1
2016-06-04-07-45-00,6,3,3
2016-06-04-08-00-00,3,1,2
2016-06-04-08-15-00,7,3,4
2016-06-04-08-30-00,6,4,2
2016-06-04-08-45-00,16,10,6
2016-06-04-09-00-00,10,4,6
2016-06-04-09-15-00,11,2,9
2016-06-04-09-30-00,23,14,9
2016-06-04-09-45-00,13,9,4
2016-06-04-10-00-00,10,5,5
2016-06-04-10-15-00,16,10,6
2016-06-04-10-30-00,22,8,14
2016-06-04-10-45-00,30,13,17
2016-06-04-11-00-00,38,20,18
2016-06-04-11-15-00,19,8,11
2016-06-04-11-30-00,35,17,18
2016-06-04-11-45-00,29,13,16
2016-06-04-12-00-00,35,23,12
2016-06-04-12-15-00,29,11,18
2016-06-04-12-30-00,38,22,16
2016-06-04-12-45-00,37,9,28
2016-06-04-13-00-00,41,25,16
2016-06-04-13-15-00,37,17,20
2016-06-04-13-30-00,16,8,8
2016-06-04-13-45-00,34,19,15
2016-06-04-14-00-00,18,8,10
2016-06-04-14-15-00,31,17,14
2016-06-04-14-30-00,29,18,11
2016-06-04-14-45-00,18,12,6
2016-06-04-15-00-00,24,8,16
2016-06-04-15-15-00,26,7,19
2016-06-04-15-30-00,25,12,13
2016-06-04-15-45-00,14,5,9
2016-06-04-16-00-00,17,11,6
2016-06-04-16-15-00,9,6,3
2016-06-04-16-30-00,12,8,4
2016-06-04-16-45-00,24,17,7
2016-06-04-17-00-00,9,8,1
2016-06-04-17-15-00,8,7,1
2016-06-04-17-30-00,6,5,1
2016-06-04-17-45-00,10,5,5
2016-06-04-18-00-00,9,5,4
2016-06-04-18-15-00,8,2,6
2016-06-04-18-30-00,7,2,5
2016-06-04-18-45-00,11,7,4
2016-06-04-19-00-00,19,12,7
2016-06-04-19-15-00,11,7,4
2016-06-04-19-30-00,12,4,8
2016-06-04-19-45-00,9,5,4
2016-06-04-20-00-00,16,7,9
2016-06-04-20-15-00,14,6,8
2016-06-04-20-30-00,14,10,4
2016-06-04-20-45-00,16,7,9
2016-06-04-21-00-00,10,4,6
2016-06-04-21-15-00,18,8,10
2016-06-04-21-30-00,7,6,1
2016-06-04-21-45-00,3,3,0
2016-06-04-22-00-00,6,5,1
2016-06-04-22-15-00,5,1,4
2016-06-04-22-30-00,2,0,2
2016-06-04-22-45-00,5,2,3
2016-06-04-23-00-00,2,0,2
2016-06-04-23-15-00,2,2,0
2016-06-04-23-30-00,2,2,0
2016-06-04-23-45-00,0,0,0
2016-06-05-00-00-00,0,0,0
2016-06-05-00-15-00,3,3,0
2016-06-05-00-30-00,2,2,0
2016-06-05-00-45-00,2,2,0
2016-06-05-01-00-00,1,0,1
2016-06-05-01-15-00,1,0,1
2016-06-05-01-30-00,0,0,0
2016-06-05-01-45-00,0,0,0
2016-06-05-02-00-00,0,0,0
2016-06-05-02-15-00,0,0,0
2016-06-05-02-30-00,0,0,0
2016-06-05-02-45-00,0,0,0
2016-06-05-03-00-00,1,0,1
2016-06-05-03-15-00,0,0,0
2016-06-05-03-30-00,0,0,0
2016-06-05-03-45-00,0,0,0
2016-06-05-04-00-00,1,1,0
2016-06-05-04-15-00,0,0,0
2016-06-05-04-30-00,0,0,0
2016-06-05-04-45-00,1,0,1
2016-06-05-05-00-00,0,0,0
2016-06-05-05-15-00,1,0,1
2016-06-05-05-30-00,2,1,1
2016-06-05-05-45-00,2,1,1
2016-06-05-06-00-00,3,2,1
2016-06-05-06-15-00,0,0,0
2016-06-05-06-30-00,4,2,2
2016-06-05-06-45-00,3,2,1
2016-06-05-07-00-00,5,2,3
2016-06-05-07-15-00,5,3,2
2016-06-05-07-30-00,4,3,1
2016-06-05-07-45-00,7,2,5
2016-06-05-08-00-00,8,1,7
2016-06-05-08-15-00,17,9,8
2016-06-05-08-30-00,6,3,3
2016-06-05-08-45-00,17,7,10
2016-06-05-09-00-00,18,9,9
2016-06-05-09-15-00,30,15,15
2016-06-05-09-30-00,18,9,9
2016-06-05-09-45-00,35,16,19
2016-06-05-10-00-00,28,13,15
2016-06-05-10-15-00,48,21,27
2016-06-05-10-30-00,55,25,30
2016-06-05-10-45-00,63,33,30
2016-06-05-11-00-00,58,16,42
2016-06-05-11-15-00,75,28,47
2016-06-05-11-30-00,91,37,54
2016-06-05-11-45-00,89,50,39
2016-06-05-12-00-00,93,37,56
2016-06-05-12-15-00,102,38,64
2016-06-05-12-30-00,92,51,41
2016-06-05-12-45-00,85,28,57
2016-06-05-13-00-00,99,48,51
2016-06-05-13-15-00,138,70,68
2016-06-05-13-30-00,96,48,48
2016-06-05-13-45-00,101,60,41
2016-06-05-14-00-00,99,56,43
2016-06-05-14-15-00,140,72,68
2016-06-05-14-30-00,100,52,48
2016-06-05-14-45-00,94,48,46
2016-06-05-15-00-00,95,57,38
2016-06-05-15-15-00,107,42,65
2016-06-05-15-30-00,84,36,48
2016-06-05-15-45-00,102,50,52
2016-06-05-16-00-00,112,55,57
2016-06-05-16-15-00,94,39,55
2016-06-05-16-30-00,70,42,28
2016-06-05-16-45-00,95,59,36
2016-06-05-17-00-00,108,68,40
2016-06-05-17-15-00,75,42,33
2016-06-05-17-30-00,71,36,35
2016-06-05-17-45-00,115,55,60
2016-06-05-18-00-00,102,64,38
2016-06-05-18-15-00,93,68,25
2016-06-05-18-30-00,68,48,20
2016-06-05-18-45-00,47,27,20
2016-06-05-19-00-00,18,12,6
2016-06-05-19-15-00,10,7,3
2016-06-05-19-30-00,12,10,2
2016-06-05-19-45-00,8,7,1
2016-06-05-20-00-00,10,6,4
2016-06-05-20-15-00,11,6,5
2016-06-05-20-30-00,2,1,1
2016-06-05-20-45-00,8,4,4
2016-06-05-21-00-00,4,0,4
2016-06-05-21-15-00,7,5,2
2016-06-05-21-30-00,11,8,3
2016-06-05-21-45-00,5,3,2
2016-06-05-22-00-00,3,2,1
2016-06-05-22-15-00,2,1,1
2016-06-05-22-30-00,3,3,0
2016-06-05-22-45-00,0,0,0
2016-06-05-23-00-00,2,1,1
2016-06-05-23-15-00,1,1,0
2016-06-05-23-30-00,1,0,1
2016-06-05-23-45-00,0,0,0
2016-06-06-00-00-00,0,0,0
2016-06-06-00-15-00,0,0,0
2016-06-06-00-30-00,0,0,0
2016-06-06-00-45-00,2,0,2
2016-06-06-01-00-00,0,0,0
2016-06-06-01-15-00,0,0,0
2016-06-06-01-30-00,0,0,0
2016-06-06-01-45-00,0,0,0
2016-06-06-02-00-00,0,0,0
2016-06-06-02-15-00,0,0,0
2016-06-06-02-30-00,0,0,0
2016-06-06-02-45-00,0,0,0
2016-06-06-03-00-00,0,0,0
2016-06-06-03-15-00,0,0,0
2016-06-06-03-30-00,0,0,0
2016-06-06-03-45-00,0,0,0
2016-06-06-04-00-00,0,0,0
2016-06-06-04-15-00,0,0,0
2016-06-06-04-30-00,0,0,0
2016-06-06-04-45-00,0,0,0
2016-06-06-05-00-00,0,0,0
2016-06-06-05-15-00,1,1,0
2016-06-06-05-30-00,2,2,0
2016-06-06-05-45-00,3,3,0
2016-06-06-06-00-00,5,3,2
2016-06-06-06-15-00,13,2,11
2016-06-06-06-30-00,14,5,9
2016-06-06-06-45-00,16,6,10
2016-06-06-07-00-00,22,8,14
2016-06-06-07-15-00,38,12,26
2016-06-06-07-30-00,47,18,29
2016-06-06-07-45-00,38,10,28
2016-06-06-08-00-00,58,11,47
2016-06-06-08-15-00,65,12,53
2016-06-06-08-30-00,54,15,39
2016-06-06-08-45-00,59,11,48
2016-06-06-09-00-00,34,5,29
2016-06-06-09-15-00,31,10,21
2016-06-06-09-30-00,25,8,17
2016-06-06-09-45-00,26,13,13
2016-06-06-10-00-00,47,23,24
2016-06-06-10-15-00,24,13,11
2016-06-06-10-30-00,26,20,6
2016-06-06-10-45-00,32,15,17
2016-06-06-11-00-00,40,15,25
2016-06-06-11-15-00,27,14,13
2016-06-06-11-30-00,39,20,19
2016-06-06-11-45-00,42,17,25
2016-06-06-12-00-00,50,29,21
2016-06-06-12-15-00,44,20,24
2016-06-06-12-30-00,32,21,11
2016-06-06-12-45-00,35,20,15
2016-06-06-13-00-00,28,14,14
2016-06-06-13-15-00,50,31,19
2016-06-06-13-30-00,39,23,16
2016-06-06-13-45-00,57,34,23
2016-06-06-14-00-00,21,12,9
2016-06-06-14-15-00,18,7,11
2016-06-06-14-30-00,18,10,8
2016-06-06-14-45-00,25,14,11
2016-06-06-15-00-00,8,1,7
2016-06-06-15-15-00,32,19,13
2016-06-06-15-30-00,48,27,21
2016-06-06-15-45-00,37,23,14
2016-06-06-16-00-00,34,24,10
2016-06-06-16-15-00,52,37,15
2016-06-06-16-30-00,62,46,16
2016-06-06-16-45-00,48,31,17
2016-06-06-17-00-00,60,40,20
2016-06-06-17-15-00,63,52,11
2016-06-06-17-30-00,63,44,19
2016-06-06-17-45-00,85,59,26
2016-06-06-18-00-00,73,44,29
2016-06-06-18-15-00,73,38,35
2016-06-06-18-30-00,57,40,17
2016-06-06-18-45-00,56,35,21
2016-06-06-19-00-00,60,36,24
2016-06-06-19-15-00,56,35,21
2016-06-06-19-30-00,40,17,23
2016-06-06-19-45-00,39,22,17
2016-06-06-20-00-00,51,22,29
2016-06-06-20-15-00,55,29,26
2016-06-06-20-30-00,41,27,14
2016-06-06-20-45-00,32,19,13
2016-06-06-21-00-00,28,12,16
2016-06-06-21-15-00,38,22,16
2016-06-06-21-30-00,20,13,7
2016-06-06-21-45-00,16,6,10
2016-06-06-22-00-00,18,5,13
2016-06-06-22-15-00,9,4,5
2016-06-06-22-30-00,12,3,9
2016-06-06-22-45-00,1,0,1
2016-06-06-23-00-00,3,1,2
2016-06-06-23-15-00,1,0,1
2016-06-06-23-30-00,2,2,0
2016-06-06-23-45-00,3,0,3
2016-06-07-00-00-00,0,0,0
2016-06-07-00-15-00,1,1,0
2016-06-07-00-30-00,0,0,0
2016-06-07-00-45-00,1,1,0
2016-06-07-01-00-00,0,0,0
2016-06-07-01-15-00,0,0,0
2016-06-07-01-30-00,1,1,0
2016-06-07-01-45-00,0,0,0
2016-06-07-02-00-00,0,0,0
2016-06-07-02-15-00,1,0,1
2016-06-07-02-30-00,1,1,0
2016-06-07-02-45-00,0,0,0
2016-06-07-03-00-00,0,0,0
2016-06-07-03-15-00,0,0,0
2016-06-07-03-30-00,0,0,0
2016-06-07-03-45-00,0,0,0
2016-06-07-04-00-00,0,0,0
2016-06-07-04-15-00,0,0,0
2016-06-07-04-30-00,0,0,0
2016-06-07-04-45-00,0,0,0
2016-06-07-05-00-00,0,0,0
2016-06-07-05-15-00,2,2,0
2016-06-07-05-30-00,2,0,2
2016-06-07-05-45-00,7,3,4
2016-06-07-06-00-00,4,1,3
2016-06-07-06-15-00,20,7,13
2016-06-07-06-30-00,17,9,8
2016-06-07-06-45-00,18,5,13
2016-06-07-07-00-00,33,13,20
2016-06-07-07-15-00,35,8,27
2016-06-07-07-30-00,66,27,39
2016-06-07-07-45-00,74,20,54
2016-06-07-08-00-00,66,15,51
2016-06-07-08-15-00,65,12,53
2016-06-07-08-30-00,59,14,45
2016-06-07-08-45-00,51,11,40
2016-06-07-09-00-00,50,12,38
2016-06-07-09-15-00,40,12,28
2016-06-07-09-30-00,31,12,19
2016-06-07-09-45-00,33,9,24
2016-06-07-10-00-00,31,9,22
2016-06-07-10-15-00,32,16,16
2016-06-07-10-30-00,43,16,27
2016-06-07-10-45-00,30,12,18
2016-06-07-11-00-00,36,14,22
2016-06-07-11-15-00,27,11,16
2016-06-07-11-30-00,39,21,18
2016-06-07-11-45-00,45,22,23
2016-06-07-12-00-00,30,19,11
2016-06-07-12-15-00,27,14,13
2016-06-07-12-30-00,43,22,21
2016-06-07-12-45-00,29,16,13
2016-06-07-13-00-00,33,16,17
2016-06-07-13-15-00,42,17,25
2016-06-07-13-30-00,51,27,24
2016-06-07-13-45-00,37,17,20
2016-06-07-14-00-00,29,19,10
2016-06-07-14-15-00,33,23,10
2016-06-07-14-30-00,24,15,9
2016-06-07-14-45-00,22,16,6
2016-06-07-15-00-00,38,16,22
2016-06-07-15-15-00,46,31,15
2016-06-07-15-30-00,51,33,18
2016-06-07-15-45-00,38,26,12
2016-06-07-16-00-00,54,38,16
2016-06-07-16-15-00,47,33,14
2016-06-07-16-30-00,55,37,18
2016-06-07-16-45-00,64,46,18
2016-06-07-17-00-00,73,53,20
2016-06-07-17-15-00,76,55,21
2016-06-07-17-30-00,90,56,34
2016-06-07-17-45-00,79,48,31
2016-06-07-18-00-00,76,52,24
2016-06-07-18-15-00,90,56,34
2016-06-07-18-30-00,63,48,15
2016-06-07-18-45-00,54,28,26
2016-06-07-19-00-00,27,11,16
2016-06-07-19-15-00,33,16,17
2016-06-07-19-30-00,43,28,15
2016-06-07-19-45-00,51,31,20
2016-06-07-20-00-00,31,17,14
2016-06-07-20-15-00,47,23,24
2016-06-07-20-30-00,25,15,10
2016-06-07-20-45-00,14,8,6
2016-06-07-21-00-00,13,7,6
2016-06-07-21-15-00,18,14,4
2016-06-07-21-30-00,13,6,7
2016-06-07-21-45-00,22,12,10
2016-06-07-22-00-00,15,9,6
2016-06-07-22-15-00,8,3,5
2016-06-07-22-30-00,5,2,3
2016-06-07-22-45-00,6,3,3
2016-06-07-23-00-00,3,1,2
2016-06-07-23-15-00,2,0,2
2016-06-07-23-30-00,4,1,3
2016-06-07-23-45-00,2,2,0
2016-06-08-00-00-00,1,0,1
2016-06-08-00-15-00,3,1,2
2016-06-08-00-30-00,0,0,0
2016-06-08-00-45-00,0,0,0
2016-06-08-01-00-00,0,0,0
2016-06-08-01-15-00,0,0,0
2016-06-08-01-30-00,0,0,0
2016-06-08-01-45-00,0,0,0
2016-06-08-02-00-00,1,0,1
2016-06-08-02-15-00,0,0,0
2016-06-08-02-30-00,0,0,0
2016-06-08-02-45-00,0,0,0
2016-06-08-03-00-00,0,0,0
2016-06-08-03-15-00,0,0,0
2016-06-08-03-30-00,0,0,0
2016-06-08-03-45-00,1,1,0
2016-06-08-04-00-00,0,0,0
2016-06-08-04-15-00,0,0,0
2016-06-08-04-30-00,0,0,0
2016-06-08-04-45-00,0,0,0
2016-06-08-05-00-00,0,0,0
2016-06-08-05-15-00,1,1,0
2016-06-08-05-30-00,2,0,2
2016-06-08-05-45-00,6,3,3
2016-06-08-06-00-00,10,6,4
2016-06-08-06-15-00,18,4,14
2016-06-08-06-30-00,12,2,10
2016-06-08-06-45-00,18,8,10
2016-06-08-07-00-00,31,11,20
2016-06-08-07-15-00,51,15,36
2016-06-08-07-30-00,45,14,31
2016-06-08-07-45-00,57,14,43
2016-06-08-08-00-00,62,15,47
2016-06-08-08-15-00,63,16,47
2016-06-08-08-30-00,56,11,45
2016-06-08-08-45-00,58,6,52
2016-06-08-09-00-00,40,10,30
2016-06-08-09-15-00,22,6,16
2016-06-08-09-30-00,17,10,7
2016-06-08-09-45-00,19,8,11
2016-06-08-10-00-00,19,6,13
2016-06-08-10-15-00,20,8,12
2016-06-08-10-30-00,12,4,8
2016-06-08-10-45-00,15,10,5
2016-06-08-11-00-00,12,8,4
2016-06-08-11-15-00,19,7,12
2016-06-08-11-30-00,22,10,12
2016-06-08-11-45-00,23,8,15
2016-06-08-12-00-00,20,13,7
2016-06-08-12-15-00,19,11,8
2016-06-08-12-30-00,23,9,14
2016-06-08-12-45-00,32,14,18
2016-06-08-13-00-00,33,18,15
2016-06-08-13-15-00,27,20,7
2016-06-08-13-30-00,29,13,16
2016-06-08-13-45-00,14,7,7
2016-06-08-14-00-00,43,23,20
2016-06-08-14-15-00,41,17,24
2016-06-08-14-30-00,28,13,15
2016-06-08-14-45-00,47,23,24
2016-06-08-15-00-00,37,22,15
2016-06-08-15-15-00,33,21,12
2016-06-08-15-30-00,56,31,25
2016-06-08-15-45-00,69,43,26
2016-06-08-16-00-00,43,31,12
2016-06-08-16-15-00,70,45,25
2016-06-08-16-30-00,62,42,20
2016-06-08-16-45-00,72,45,27
2016-06-08-17-00-00,97,65,32
2016-06-08-17-15-00,90,54,36
2016-06-08-17-30-00,101,64,37
2016-06-08-17-45-00,90,53,37
2016-06-08-18-00-00,80,56,24
2016-06-08-18-15-00,92,63,29
2016-06-08-18-30-00,62,36,26
2016-06-08-18-45-00,58,33,25
2016-06-08-19-00-00,67,39,28
2016-06-08-19-15-00,63,37,26
2016-06-08-19-30-00,63,38,25
2016-06-08-19-45-00,58,32,26
2016-06-08-20-00-00,37,19,18
2016-06-08-20-15-00,58,34,24
2016-06-08-20-30-00,53,35,18
2016-06-08-20-45-00,43,23,20
2016-06-08-21-00-00,27,16,11
2016-06-08-21-15-00,21,14,7
2016-06-08-21-30-00,32,18,14
2016-06-08-21-45-00,18,12,6
2016-06-08-22-00-00,14,4,10
2016-06-08-22-15-00,14,7,7
2016-06-08-22-30-00,7,3,4
2016-06-08-22-45-00,3,1,2
2016-06-08-23-00-00,11,5,6
2016-06-08-23-15-00,5,5,0
2016-06-08-23-30-00,2,0,2
2016-06-08-23-45-00,2,1,1
2016-06-09-00-00-00,0,0,0
2016-06-09-00-15-00,2,1,1
2016-06-09-00-30-00,1,1,0
2016-06-09-00-45-00,0,0,0
2016-06-09-01-00-00,0,0,0
2016-06-09-01-15-00,1,1,0
2016-06-09-01-30-00,0,0,0
2016-06-09-01-45-00,4,0,4
2016-06-09-02-00-00,0,0,0
2016-06-09-02-15-00,0,0,0
2016-06-09-02-30-00,0,0,0
2016-06-09-02-45-00,0,0,0
2016-06-09-03-00-00,0,0,0
2016-06-09-03-15-00,0,0,0
2016-06-09-03-30-00,0,0,0
2016-06-09-03-45-00,0,0,0
2016-06-09-04-00-00,0,0,0
2016-06-09-04-15-00,0,0,0
2016-06-09-04-30-00,0,0,0
2016-06-09-04-45-00,0,0,0
2016-06-09-05-00-00,0,0,0
2016-06-09-05-15-00,1,1,0
2016-06-09-05-30-00,3,1,2
2016-06-09-05-45-00,6,3,3
2016-06-09-06-00-00,7,2,5
2016-06-09-06-15-00,16,4,12
2016-06-09-06-30-00,17,3,14
2016-06-09-06-45-00,19,6,13
2016-06-09-07-00-00,39,17,22
2016-06-09-07-15-00,45,15,30
2016-06-09-07-30-00,51,15,36
2016-06-09-07-45-00,63,12,51
2016-06-09-08-00-00,81,17,64
2016-06-09-08-15-00,67,17,50
2016-06-09-08-30-00,67,16,51
2016-06-09-08-45-00,59,15,44
2016-06-09-09-00-00,28,7,21
2016-06-09-09-15-00,27,8,19
2016-06-09-09-30-00,24,9,15
2016-06-09-09-45-00,20,8,12
2016-06-09-10-00-00,14,7,7
2016-06-09-10-15-00,27,11,16
2016-06-09-10-30-00,15,7,8
2016-06-09-10-45-00,23,11,12
2016-06-09-11-00-00,22,15,7
2016-06-09-11-15-00,33,21,12
2016-06-09-11-30-00,37,18,19
2016-06-09-11-45-00,34,12,22
2016-06-09-12-00-00,36,17,19
2016-06-09-12-15-00,35,26,9
2016-06-09-12-30-00,39,16,23
2016-06-09-12-45-00,43,25,18
2016-06-09-13-00-00,43,19,24
2016-06-09-13-15-00,41,27,14
2016-06-09-13-30-00,65,37,28
2016-06-09-13-45-00,47,25,22
2016-06-09-14-00-00,58,34,24
2016-06-09-14-15-00,41,16,25
2016-06-09-14-30-00,38,21,17
2016-06-09-14-45-00,54,34,20
2016-06-09-15-00-00,64,37,27
2016-06-09-15-15-00,55,30,25
2016-06-09-15-30-00,70,38,32
2016-06-09-15-45-00,73,43,30
2016-06-09-16-00-00,67,45,22
2016-06-09-16-15-00,60,35,25
2016-06-09-16-30-00,68,35,33
2016-06-09-16-45-00,84,58,26
2016-06-09-17-00-00,86,54,32
2016-06-09-17-15-00,96,63,33
2016-06-09-17-30-00,97,65,32
2016-06-09-17-45-00,97,63,34
2016-06-09-18-00-00,76,41,35
2016-06-09-18-15-00,69,47,22
2016-06-09-18-30-00,59,35,24
2016-06-09-18-45-00,57,27,30
2016-06-09-19-00-00,74,49,25
2016-06-09-19-15-00,53,24,29
2016-06-09-19-30-00,66,34,32
2016-06-09-19-45-00,67,36,31
2016-06-09-20-00-00,52,33,19
2016-06-09-20-15-00,59,30,29
2016-06-09-20-30-00,41,25,16
2016-06-09-20-45-00,37,19,18
2016-06-09-21-00-00,41,19,22
2016-06-09-21-15-00,36,18,18
2016-06-09-21-30-00,18,12,6
2016-06-09-21-45-00,27,13,14
2016-06-09-22-00-00,19,13,6
2016-06-09-22-15-00,12,7,5
2016-06-09-22-30-00,8,2,6
2016-06-09-22-45-00,7,7,0
2016-06-09-23-00-00,8,6,2
2016-06-09-23-15-00,7,4,3
2016-06-09-23-30-00,0,0,0
2016-06-09-23-45-00,0,0,0
2016-06-10-00-00-00,2,1,1
2016-06-10-00-15-00,10,7,3
2016-06-10-00-30-00,2,1,1
2016-06-10-00-45-00,0,0,0
2016-06-10-01-00-00,1,0,1
2016-06-10-01-15-00,1,0,1
2016-06-10-01-30-00,0,0,0
2016-06-10-01-45-00,1,1,0
2016-06-10-02-00-00,2,2,0
2016-06-10-02-15-00,0,0,0
2016-06-10-02-30-00,0,0,0
2016-06-10-02-45-00,0,0,0
2016-06-10-03-00-00,0,0,0
2016-06-10-03-15-00,0,0,0
2016-06-10-03-30-00,0,0,0
2016-06-10-03-45-00,0,0,0
2016-06-10-04-00-00,0,0,0
2016-06-10-04-15-00,0,0,0
2016-06-10-04-30-00,0,0,0
2016-06-10-04-45-00,0,0,0
2016-06-10-05-00-00,0,0,0
2016-06-10-05-15-00,1,1,0
2016-06-10-05-30-00,3,3,0
2016-06-10-05-45-00,6,1,5
2016-06-10-06-00-00,9,2,7
2016-06-10-06-15-00,12,4,8
2016-06-10-06-30-00,22,3,19
2016-06-10-06-45-00,21,9,12
2016-06-10-07-00-00,26,12,14
2016-06-10-07-15-00,43,18,25
2016-06-10-07-30-00,47,15,32
2016-06-10-07-45-00,51,12,39
2016-06-10-08-00-00,62,17,45
2016-06-10-08-15-00,51,13,38
2016-06-10-08-30-00,64,13,51
2016-06-10-08-45-00,52,7,45
2016-06-10-09-00-00,30,6,24
2016-06-10-09-15-00,29,11,18
2016-06-10-09-30-00,24,9,15
2016-06-10-09-45-00,20,9,11
2016-06-10-10-00-00,23,10,13
2016-06-10-10-15-00,27,13,14
2016-06-10-10-30-00,28,11,17
2016-06-10-10-45-00,17,9,8
2016-06-10-11-00-00,29,15,14
2016-06-10-11-15-00,32,16,16
2016-06-10-11-30-00,27,6,21
2016-06-10-11-45-00,31,17,14
2016-06-10-12-00-00,27,13,14
2016-06-10-12-15-00,61,22,39
2016-06-10-12-30-00,53,15,38
2016-06-10-12-45-00,42,21,21
2016-06-10-13-00-00,75,47,28
2016-06-10-13-15-00,41,15,26
2016-06-10-13-30-00,61,34,27
2016-06-10-13-45-00,54,29,25
2016-06-10-14-00-00,50,28,22
2016-06-10-14-15-00,67,37,30
2016-06-10-14-30-00,48,26,22
2016-06-10-14-45-00,70,42,28
2016-06-10-15-00-00,60,37,23
2016-06-10-15-15-00,80,55,25
2016-06-10-15-30-00,71,45,26
2016-06-10-15-45-00,90,53,37
2016-06-10-16-00-00,79,61,18
2016-06-10-16-15-00,88,64,24
2016-06-10-16-30-00,98,53,45
2016-06-10-16-45-00,84,50,34
2016-06-10-17-00-00,99,56,43
2016-06-10-17-15-00,96,61,35
2016-06-10-17-30-00,93,52,41
2016-06-10-17-45-00,91,51,40
2016-06-10-18-00-00,91,44,47
2016-06-10-18-15-00,60,43,17
2016-06-10-18-30-00,63,27,36
2016-06-10-18-45-00,79,42,37
2016-06-10-19-00-00,47,25,22
2016-06-10-19-15-00,48,19,29
2016-06-10-19-30-00,47,13,34
2016-06-10-19-45-00,55,31,24
2016-06-10-20-00-00,39,15,24
2016-06-10-20-15-00,68,33,35
2016-06-10-20-30-00,42,27,15
2016-06-10-20-45-00,53,30,23
2016-06-10-21-00-00,33,24,9
2016-06-10-21-15-00,47,29,18
2016-06-10-21-30-00,14,6,8
2016-06-10-21-45-00,27,21,6
2016-06-10-22-00-00,15,9,6
2016-06-10-22-15-00,9,7,2
2016-06-10-22-30-00,11,6,5
2016-06-10-22-45-00,9,5,4
2016-06-10-23-00-00,23,9,14
2016-06-10-23-15-00,11,4,7
2016-06-10-23-30-00,10,5,5
2016-06-10-23-45-00,8,3,5
2016-06-11-00-00-00,6,2,4
2016-06-11-00-15-00,2,1,1
2016-06-11-00-30-00,4,1,3
2016-06-11-00-45-00,2,0,2
2016-06-11-01-00-00,2,1,1
2016-06-11-01-15-00,0,0,0
2016-06-11-01-30-00,3,0,3
2016-06-11-01-45-00,0,0,0
2016-06-11-02-00-00,1,1,0
2016-06-11-02-15-00,0,0,0
2016-06-11-02-30-00,0,0,0
2016-06-11-02-45-00,0,0,0
2016-06-11-03-00-00,0,0,0
2016-06-11-03-15-00,0,0,0
2016-06-11-03-30-00,0,0,0
2016-06-11-03-45-00,0,0,0
2016-06-11-04-00-00,1,0,1
2016-06-11-04-15-00,1,0,1
2016-06-11-04-30-00,1,0,1
2016-06-11-04-45-00,0,0,0
2016-06-11-05-00-00,0,0,0
2016-06-11-05-15-00,2,2,0
2016-06-11-05-30-00,0,0,0
2016-06-11-05-45-00,0,0,0
2016-06-11-06-00-00,1,1,0
2016-06-11-06-15-00,0,0,0
2016-06-11-06-30-00,4,2,2
2016-06-11-06-45-00,0,0,0
2016-06-11-07-00-00,4,2,2
2016-06-11-07-15-00,4,0,4
2016-06-11-07-30-00,3,1,2
2016-06-11-07-45-00,7,4,3
2016-06-11-08-00-00,8,3,5
2016-06-11-08-15-00,14,11,3
2016-06-11-08-30-00,9,5,4
2016-06-11-08-45-00,9,4,5
2016-06-11-09-00-00,14,8,6
2016-06-11-09-15-00,15,4,11
2016-06-11-09-30-00,17,4,13
2016-06-11-09-45-00,24,14,10
2016-06-11-10-00-00,20,12,8
2016-06-11-10-15-00,30,13,17
2016-06-11-10-30-00,37,19,18
2016-06-11-10-45-00,27,17,10
2016-06-11-11-00-00,39,22,17
2016-06-11-11-15-00,46,23,23
2016-06-11-11-30-00,38,16,22
2016-06-11-11-45-00,54,33,21
2016-06-11-12-00-00,30,12,18
2016-06-11-12-15-00,53,31,22
2016-06-11-12-30-00,62,22,40
2016-06-11-12-45-00,54,33,21
2016-06-11-13-00-00,59,17,42
2016-06-11-13-15-00,55,24,31
2016-06-11-13-30-00,84,26,58
2016-06-11-13-45-00,60,38,22
2016-06-11-14-00-00,60,28,32
2016-06-11-14-15-00,66,40,26
2016-06-11-14-30-00,52,18,34
2016-06-11-14-45-00,65,33,32
2016-06-11-15-00-00,80,33,47
2016-06-11-15-15-00,61,32,29
2016-06-11-15-30-00,61,27,34
2016-06-11-15-45-00,68,32,36
2016-06-11-16-00-00,64,46,18
2016-06-11-16-15-00,93,50,43
2016-06-11-16-30-00,87,40,47
2016-06-11-16-45-00,94,51,43
2016-06-11-17-00-00,78,45,33
2016-06-11-17-15-00,95,51,44
2016-06-11-17-30-00,44,27,17
2016-06-11-17-45-00,67,27,40
2016-06-11-18-00-00,70,34,36
2016-06-11-18-15-00,97,55,42
2016-06-11-18-30-00,56,23,33
2016-06-11-18-45-00,49,30,19
2016-06-11-19-00-00,48,23,25
2016-06-11-19-15-00,48,35,13
2016-06-11-19-30-00,38,21,17
2016-06-11-19-45-00,42,25,17
2016-06-11-20-00-00,70,46,24
2016-06-11-20-15-00,37,18,19
2016-06-11-20-30-00,44,26,18
2016-06-11-20-45-00,31,22,9
2016-06-11-21-00-00,22,9,13
2016-06-11-21-15-00,32,21,11
2016-06-11-21-30-00,12,11,1
2016-06-11-21-45-00,4,2,2
2016-06-11-22-00-00,30,18,12
2016-06-11-22-15-00,5,1,4
2016-06-11-22-30-00,4,2,2
2016-06-11-22-45-00,6,2,4
2016-06-11-23-00-00,12,6,6
2016-06-11-23-15-00,5,4,1
2016-06-11-23-30-00,5,5,0
2016-06-11-23-45-00,1,0,1
2016-06-12-00-00-00,1,1,0
2016-06-12-00-15-00,3,0,3
2016-06-12-00-30-00,5,3,2
2016-06-12-00-45-00,5,5,0
2016-06-12-01-00-00,2,0,2
2016-06-12-01-15-00,2,0,2
2016-06-12-01-30-00,1,1,0
2016-06-12-01-45-00,0,0,0
2016-06-12-02-00-00,2,0,2
2016-06-12-02-15-00,0,0,0
2016-06-12-02-30-00,0,0,0
2016-06-12-02-45-00,2,2,0
2016-06-12-03-00-00,0,0,0
2016-06-12-03-15-00,0,0,0
2016-06-12-03-30-00,0,0,0
2016-06-12-03-45-00,1,0,1
2016-06-12-04-00-00,0,0,0
2016-06-12-04-15-00,0,0,0
2016-06-12-04-30-00,0,0,0
2016-06-12-04-45-00,0,0,0
2016-06-12-05-00-00,0,0,0
2016-06-12-05-15-00,0,0,0
2016-06-12-05-30-00,0,0,0
2016-06-12-05-45-00,4,3,1
2016-06-12-06-00-00,2,2,0
2016-06-12-06-15-00,8,5,3
2016-06-12-06-30-00,3,2,1
2016-06-12-06-45-00,7,7,0
2016-06-12-07-00-00,9,9,0
2016-06-12-07-15-00,22,20,2
2016-06-12-07-30-00,43,41,2
2016-06-12-07-45-00,15,10,5
2016-06-12-08-00-00,10,7,3
2016-06-12-08-15-00,8,4,4
2016-06-12-08-30-00,5,2,3
2016-06-12-08-45-00,6,2,4
2016-06-12-09-00-00,3,1,2
2016-06-12-09-15-00,5,3,2
2016-06-12-09-30-00,6,2,4
2016-06-12-09-45-00,0,0,0
2016-06-12-10-00-00,2,2,0
2016-06-12-10-15-00,11,9,2
2016-06-12-10-30-00,36,21,15
2016-06-12-10-45-00,24,17,7
2016-06-12-11-00-00,25,15,10
2016-06-12-11-15-00,23,18,5
2016-06-12-11-30-00,37,23,14
2016-06-12-11-45-00,29,20,9
2016-06-12-12-00-00,21,14,7
2016-06-12-12-15-00,33,18,15
2016-06-12-12-30-00,38,21,17
2016-06-12-12-45-00,31,12,19
2016-06-12-13-00-00,32,14,18
2016-06-12-13-15-00,30,15,15
2016-06-12-13-30-00,46,20,26
2016-06-12-13-45-00,40,9,31
2016-06-12-14-00-00,53,13,40
2016-06-12-14-15-00,44,14,30
2016-06-12-14-30-00,47,10,37
2016-06-12-14-45-00,55,19,36
2016-06-12-15-00-00,70,22,48
2016-06-12-15-15-00,58,25,33
2016-06-12-15-30-00,62,26,36
2016-06-12-15-45-00,78,31,47
2016-06-12-16-00-00,63,33,30
2016-06-12-16-15-00,87,43,44
2016-06-12-16-30-00,86,53,33
2016-06-12-16-45-00,62,44,18
2016-06-12-17-00-00,23,16,7
2016-06-12-17-15-00,13,8,5
2016-06-12-17-30-00,29,21,8
2016-06-12-17-45-00,25,13,12
2016-06-12-18-00-00,30,17,13
2016-06-12-18-15-00,27,13,14
2016-06-12-18-30-00,32,17,15
2016-06-12-18-45-00,36,9,27
2016-06-12-19-00-00,28,9,19
2016-06-12-19-15-00,12,8,4
2016-06-12-19-30-00,31,19,12
2016-06-12-19-45-00,15,11,4
2016-06-12-20-00-00,28,16,12
2016-06-12-20-15-00,14,8,6
2016-06-12-20-30-00,17,12,5
2016-06-12-20-45-00,9,5,4
2016-06-12-21-00-00,7,3,4
2016-06-12-21-15-00,4,1,3
2016-06-12-21-30-00,5,3,2
2016-06-12-21-45-00,7,7,0
2016-06-12-22-00-00,2,2,0
2016-06-12-22-15-00,0,0,0
2016-06-12-22-30-00,3,1,2
2016-06-12-22-45-00,4,4,0
2016-06-12-23-00-00,12,7,5
2016-06-12-23-15-00,6,5,1
2016-06-12-23-30-00,3,1,2
2016-06-12-23-45-00,0,0,0
2016-06-13-00-00-00,1,1,0
2016-06-13-00-15-00,0,0,0
2016-06-13-00-30-00,1,1,0
2016-06-13-00-45-00,1,1,0
2016-06-13-01-00-00,1,0,1
2016-06-13-01-15-00,1,1,0
2016-06-13-01-30-00,0,0,0
2016-06-13-01-45-00,0,0,0
2016-06-13-02-00-00,1,0,1
2016-06-13-02-15-00,0,0,0
2016-06-13-02-30-00,1,0,1
2016-06-13-02-45-00,0,0,0
2016-06-13-03-00-00,0,0,0
2016-06-13-03-15-00,0,0,0
2016-06-13-03-30-00,0,0,0
2016-06-13-03-45-00,0,0,0
2016-06-13-04-00-00,0,0,0
2016-06-13-04-15-00,0,0,0
2016-06-13-04-30-00,0,0,0
2016-06-13-04-45-00,0,0,0
2016-06-13-05-00-00,0,0,0
2016-06-13-05-15-00,1,1,0
2016-06-13-05-30-00,0,0,0
2016-06-13-05-45-00,5,4,1
2016-06-13-06-00-00,6,1,5
2016-06-13-06-15-00,5,3,2
2016-06-13-06-30-00,9,1,8
2016-06-13-06-45-00,9,4,5
2016-06-13-07-00-00,16,8,8
2016-06-13-07-15-00,21,6,15
2016-06-13-07-30-00,21,6,15
2016-06-13-07-45-00,26,9,17
2016-06-13-08-00-00,29,10,19
2016-06-13-08-15-00,40,6,34
2016-06-13-08-30-00,37,7,30
2016-06-13-08-45-00,38,7,31
2016-06-13-09-00-00,34,6,28
2016-06-13-09-15-00,18,9,9
2016-06-13-09-30-00,17,6,11
2016-06-13-09-45-00,15,5,10
2016-06-13-10-00-00,20,7,13
2016-06-13-10-15-00,9,6,3
2016-06-13-10-30-00,21,9,12
2016-06-13-10-45-00,19,7,12
2016-06-13-11-00-00,11,8,3
2016-06-13-11-15-00,24,12,12
2016-06-13-11-30-00,5,2,3
2016-06-13-11-45-00,12,6,6
2016-06-13-12-00-00,10,6,4
2016-06-13-12-15-00,11,5,6
2016-06-13-12-30-00,19,9,10
2016-06-13-12-45-00,5,4,1
2016-06-13-13-00-00,17,5,12
2016-06-13-13-15-00,9,4,5
2016-06-13-13-30-00,8,5,3
2016-06-13-13-45-00,10,5,5
2016-06-13-14-00-00,16,11,5
2016-06-13-14-15-00,6,2,4
2016-06-13-14-30-00,17,8,9
2016-06-13-14-45-00,15,5,10
2016-06-13-15-00-00,22,15,7
2016-06-13-15-15-00,20,8,12
2016-06-13-15-30-00,25,16,9
2016-06-13-15-45-00,34,27,7
2016-06-13-16-00-00,16,12,4
2016-06-13-16-15-00,37,30,7
2016-06-13-16-30-00,14,7,7
2016-06-13-16-45-00,26,16,10
2016-06-13-17-00-00,26,21,5
2016-06-13-17-15-00,24,16,8
2016-06-13-17-30-00,21,11,10
2016-06-13-17-45-00,18,15,3
2016-06-13-18-00-00,13,7,6
2016-06-13-18-15-00,17,11,6
2016-06-13-18-30-00,17,13,4
2016-06-13-18-45-00,23,16,7
2016-06-13-19-00-00,21,14,7
2016-06-13-19-15-00,17,13,4
2016-06-13-19-30-00,9,7,2
2016-06-13-19-45-00,8,6,2
2016-06-13-20-00-00,4,2,2
2016-06-13-20-15-00,4,3,1
2016-06-13-20-30-00,6,1,5
2016-06-13-20-45-00,1,1,0
2016-06-13-21-00-00,12,10,2
2016-06-13-21-15-00,6,3,3
2016-06-13-21-30-00,3,3,0
2016-06-13-21-45-00,2,0,2
2016-06-13-22-00-00,2,2,0
2016-06-13-22-15-00,0,0,0
2016-06-13-22-30-00,1,0,1
2016-06-13-22-45-00,0,0,0
2016-06-13-23-00-00,3,0,3
2016-06-13-23-15-00,0,0,0
2016-06-13-23-30-00,1,0,1
2016-06-13-23-45-00,1,1,0
2016-06-14-00-00-00,0,0,0
2016-06-14-00-15-00,0,0,0
2016-06-14-00-30-00,1,0,1
2016-06-14-00-45-00,0,0,0
2016-06-14-01-00-00,0,0,0
2016-06-14-01-15-00,0,0,0
2016-06-14-01-30-00,0,0,0
2016-06-14-01-45-00,0,0,0
2016-06-14-02-00-00,1,0,1
2016-06-14-02-15-00,1,0,1
2016-06-14-02-30-00,0,0,0
2016-06-14-02-45-00,0,0,0
2016-06-14-03-00-00,0,0,0
2016-06-14-03-15-00,0,0,0
2016-06-14-03-30-00,0,0,0
2016-06-14-03-45-00,0,0,0
2016-06-14-04-00-00,0,0,0
2016-06-14-04-15-00,0,0,0
2016-06-14-04-30-00,0,0,0
2016-06-14-04-45-00,0,0,0
2016-06-14-05-00-00,0,0,0
2016-06-14-05-15-00,1,1,0
2016-06-14-05-30-00,2,1,1
2016-06-14-05-45-00,4,0,4
2016-06-14-06-00-00,3,0,3
2016-06-14-06-15-00,6,1,5
2016-06-14-06-30-00,7,1,6
2016-06-14-06-45-00,10,3,7
2016-06-14-07-00-00,27,13,14
2016-06-14-07-15-00,35,13,22
2016-06-14-07-30-00,31,10,21
2016-06-14-07-45-00,43,17,26
2016-06-14-08-00-00,47,9,38
2016-06-14-08-15-00,49,10,39
2016-06-14-08-30-00,49,11,38
2016-06-14-08-45-00,41,9,32
2016-06-14-09-00-00,27,2,25
2016-06-14-09-15-00,21,7,14
2016-06-14-09-30-00,17,6,11
2016-06-14-09-45-00,16,10,6
2016-06-14-10-00-00,16,5,11
2016-06-14-10-15-00,11,6,5
2016-06-14-10-30-00,10,5,5
2016-06-14-10-45-00,16,6,10
2016-06-14-11-00-00,19,11,8
2016-06-14-11-15-00,8,6,2
2016-06-14-11-30-00,13,7,6
2016-06-14-11-45-00,16,7,9
2016-06-14-12-00-00,14,5,9
2016-06-14-12-15-00,15,7,8
2016-06-14-12-30-00,12,8,4
2016-06-14-12-45-00,27,17,10
2016-06-14-13-00-00,14,9,5
2016-06-14-13-15-00,8,5,3
2016-06-14-13-30-00,15,6,9
2016-06-14-13-45-00,9,5,4
2016-06-14-14-00-00,20,7,13
2016-06-14-14-15-00,21,11,10
2016-06-14-14-30-00,12,6,6
2016-06-14-14-45-00,8,8,0
2016-06-14-15-00-00,14,9,5
2016-06-14-15-15-00,22,16,6
2016-06-14-15-30-00,13,11,2
2016-06-14-15-45-00,25,10,15
2016-06-14-16-00-00,31,19,12
2016-06-14-16-15-00,27,21,6
2016-06-14-16-30-00,30,20,10
2016-06-14-16-45-00,41,28,13
2016-06-14-17-00-00,48,34,14
2016-06-14-17-15-00,51,35,16
2016-06-14-17-30-00,52,41,11
2016-06-14-17-45-00,63,39,24
2016-06-14-18-00-00,45,27,18
2016-06-14-18-15-00,46,34,12
2016-06-14-18-30-00,17,11,6
2016-06-14-18-45-00,22,11,11
2016-06-14-19-00-00,26,13,13
2016-06-14-19-15-00,21,13,8
2016-06-14-19-30-00,18,8,10
2016-06-14-19-45-00,16,6,10
2016-06-14-20-00-00,23,16,7
2016-06-14-20-15-00,24,15,9
2016-06-14-20-30-00,24,10,14
2016-06-14-20-45-00,10,7,3
2016-06-14-21-00-00,8,3,5
2016-06-14-21-15-00,10,6,4
2016-06-14-21-30-00,7,3,4
2016-06-14-21-45-00,5,0,5
2016-06-14-22-00-00,1,1,0
2016-06-14-22-15-00,9,2,7
2016-06-14-22-30-00,4,4,0
2016-06-14-22-45-00,0,0,0
2016-06-14-23-00-00,2,2,0
2016-06-14-23-15-00,1,0,1
2016-06-14-23-30-00,2,0,2
2016-06-14-23-45-00,1,1,0
2016-06-15-00-00-00,0,0,0
2016-06-15-00-15-00,0,0,0
2016-06-15-00-30-00,1,0,1
2016-06-15-00-45-00,0,0,0
2016-06-15-01-00-00,0,0,0
2016-06-15-01-15-00,0,0,0
2016-06-15-01-30-00,0,0,0
2016-06-15-01-45-00,3,0,3
2016-06-15-02-00-00,0,0,0
2016-06-15-02-15-00,0,0,0
2016-06-15-02-30-00,0,0,0
2016-06-15-02-45-00,0,0,0
2016-06-15-03-00-00,0,0,0
2016-06-15-03-15-00,0,0,0
2016-06-15-03-30-00,1,0,1
2016-06-15-03-45-00,0,0,0
2016-06-15-04-00-00,0,0,0
2016-06-15-04-15-00,0,0,0
2016-06-15-04-30-00,0,0,0
2016-06-15-04-45-00,0,0,0
2016-06-15-05-00-00,0,0,0
2016-06-15-05-15-00,1,1,0
2016-06-15-05-30-00,4,3,1
2016-06-15-05-45-00,5,3,2
2016-06-15-06-00-00,4,0,4
2016-06-15-06-15-00,7,1,6
2016-06-15-06-30-00,7,2,5
2016-06-15-06-45-00,16,9,7
2016-06-15-07-00-00,15,4,11
2016-06-15-07-15-00,22,9,13
2016-06-15-07-30-00,18,5,13
2016-06-15-07-45-00,16,5,11
2016-06-15-08-00-00,33,12,21
2016-06-15-08-15-00,35,5,30
2016-06-15-08-30-00,40,7,33
2016-06-15-08-45-00,41,3,38
2016-06-15-09-00-00,26,4,22
2016-06-15-09-15-00,11,5,6
2016-06-15-09-30-00,15,4,11
2016-06-15-09-45-00,8,4,4
2016-06-15-10-00-00,7,2,5
2016-06-15-10-15-00,12,8,4
2016-06-15-10-30-00,15,5,10
2016-06-15-10-45-00,9,4,5
2016-06-15-11-00-00,14,5,9
2016-06-15-11-15-00,13,6,7
2016-06-15-11-30-00,11,7,4
2016-06-15-11-45-00,19,12,7
2016-06-15-12-00-00,15,11,4
2016-06-15-12-15-00,19,14,5
2016-06-15-12-30-00,17,10,7
2016-06-15-12-45-00,20,9,11
2016-06-15-13-00-00,17,11,6
2016-06-15-13-15-00,22,11,11
2016-06-15-13-30-00,19,11,8
2016-06-15-13-45-00,9,4,5
2016-06-15-14-00-00,7,5,2
2016-06-15-14-15-00,11,6,5
2016-06-15-14-30-00,14,8,6
2016-06-15-14-45-00,13,9,4
2016-06-15-15-00-00,11,3,8
2016-06-15-15-15-00,14,9,5
2016-06-15-15-30-00,14,9,5
2016-06-15-15-45-00,34,19,15
2016-06-15-16-00-00,18,16,2
2016-06-15-16-15-00,23,14,9
2016-06-15-16-30-00,27,18,9
2016-06-15-16-45-00,24,14,10
2016-06-15-17-00-00,41,32,9
2016-06-15-17-15-00,42,32,10
2016-06-15-17-30-00,37,27,10
2016-06-15-17-45-00,34,19,15
2016-06-15-18-00-00,35,25,10
2016-06-15-18-15-00,10,9,1
2016-06-15-18-30-00,11,7,4
2016-06-15-18-45-00,17,11,6
2016-06-15-19-00-00,18,12,6
2016-06-15-19-15-00,18,14,4
2016-06-15-19-30-00,11,7,4
2016-06-15-19-45-00,16,9,7
2016-06-15-20-00-00,10,4,6
2016-06-15-20-15-00,19,10,9
2016-06-15-20-30-00,9,6,3
2016-06-15-20-45-00,14,6,8
2016-06-15-21-00-00,9,6,3
2016-06-15-21-15-00,10,9,1
2016-06-15-21-30-00,6,3,3
2016-06-15-21-45-00,3,1,2
2016-06-15-22-00-00,1,1,0
2016-06-15-22-15-00,6,3,3
2016-06-15-22-30-00,4,3,1
2016-06-15-22-45-00,3,2,1
2016-06-15-23-00-00,1,1,0
2016-06-15-23-15-00,1,1,0
2016-06-15-23-30-00,1,0,1
2016-06-15-23-45-00,0,0,0
2016-06-16-00-00-00,0,0,0
2016-06-16-00-15-00,0,0,0
2016-06-16-00-30-00,1,1,0
2016-06-16-00-45-00,0,0,0
2016-06-16-01-00-00,0,0,0
2016-06-16-01-15-00,0,0,0
2016-06-16-01-30-00,0,0,0
2016-06-16-01-45-00,0,0,0
2016-06-16-02-00-00,0,0,0
2016-06-16-02-15-00,0,0,0
2016-06-16-02-30-00,1,0,1
2016-06-16-02-45-00,0,0,0
2016-06-16-03-00-00,0,0,0
2016-06-16-03-15-00,0,0,0
2016-06-16-03-30-00,0,0,0
2016-06-16-03-45-00,0,0,0
2016-06-16-04-00-00,0,0,0
2016-06-16-04-15-00,0,0,0
2016-06-16-04-30-00,0,0,0
2016-06-16-04-45-00,0,0,0
2016-06-16-05-00-00,0,0,0
2016-06-16-05-15-00,0,0,0
2016-06-16-05-30-00,1,0,1
2016-06-16-05-45-00,7,4,3
2016-06-16-06-00-00,5,1,4
2016-06-16-06-15-00,9,3,6
2016-06-16-06-30-00,10,5,5
2016-06-16-06-45-00,9,3,6
2016-06-16-07-00-00,22,11,11
2016-06-16-07-15-00,31,10,21
2016-06-16-07-30-00,36,10,26
2016-06-16-07-45-00,59,17,42
2016-06-16-08-00-00,52,12,40
2016-06-16-08-15-00,54,13,41
2016-06-16-08-30-00,38,5,33
2016-06-16-08-45-00,45,7,38
2016-06-16-09-00-00,35,5,30
2016-06-16-09-15-00,26,6,20
2016-06-16-09-30-00,17,8,9
2016-06-16-09-45-00,25,12,13
2016-06-16-10-00-00,18,8,10
2016-06-16-10-15-00,27,11,16
2016-06-16-10-30-00,28,11,17
2016-06-16-10-45-00,27,14,13
2016-06-16-11-00-00,21,14,7
2016-06-16-11-15-00,36,17,19
2016-06-16-11-30-00,27,12,15
2016-06-16-11-45-00,35,22,13
2016-06-16-12-00-00,25,8,17
2016-06-16-12-15-00,37,20,17
2016-06-16-12-30-00,19,10,9
2016-06-16-12-45-00,26,9,17
2016-06-16-13-00-00,20,9,11
2016-06-16-13-15-00,19,9,10
2016-06-16-13-30-00,27,14,13
2016-06-16-13-45-00,23,16,7
2016-06-16-14-00-00,14,5,9
2016-06-16-14-15-00,19,8,11
2016-06-16-14-30-00,22,10,12
2016-06-16-14-45-00,13,6,7
2016-06-16-15-00-00,16,11,5
2016-06-16-15-15-00,15,11,4
2016-06-16-15-30-00,13,12,1
2016-06-16-15-45-00,9,8,1
2016-06-16-16-00-00,25,16,9
2016-06-16-16-15-00,17,17,0
2016-06-16-16-30-00,19,15,4
2016-06-16-16-45-00,35,24,11
2016-06-16-17-00-00,41,35,6
2016-06-16-17-15-00,44,31,13
2016-06-16-17-30-00,36,28,8
2016-06-16-17-45-00,25,14,11
2016-06-16-18-00-00,33,27,6
2016-06-16-18-15-00,36,30,6
2016-06-16-18-30-00,37,24,13
2016-06-16-18-45-00,43,29,14
2016-06-16-19-00-00,20,11,9
2016-06-16-19-15-00,37,22,15
2016-06-16-19-30-00,28,13,15
2016-06-16-19-45-00,17,11,6
2016-06-16-20-00-00,24,14,10
2016-06-16-20-15-00,32,17,15
2016-06-16-20-30-00,16,6,10
2016-06-16-20-45-00,10,5,5
2016-06-16-21-00-00,2,0,2
2016-06-16-21-15-00,2,2,0
2016-06-16-21-30-00,2,1,1
2016-06-16-21-45-00,4,4,0
2016-06-16-22-00-00,8,5,3
2016-06-16-22-15-00,2,0,2
2016-06-16-22-30-00,0,0,0
2016-06-16-22-45-00,4,4,0
2016-06-16-23-00-00,10,7,3
2016-06-16-23-15-00,7,3,4
2016-06-16-23-30-00,6,3,3
2016-06-16-23-45-00,3,2,1
2016-06-17-00-00-00,0,0,0
2016-06-17-00-15-00,0,0,0
2016-06-17-00-30-00,1,0,1
2016-06-17-00-45-00,0,0,0
2016-06-17-01-00-00,0,0,0
2016-06-17-01-15-00,0,0,0
2016-06-17-01-30-00,0,0,0
2016-06-17-01-45-00,0,0,0
2016-06-17-02-00-00,0,0,0
2016-06-17-02-15-00,0,0,0
2016-06-17-02-30-00,0,0,0
2016-06-17-02-45-00,0,0,0
2016-06-17-03-00-00,0,0,0
2016-06-17-03-15-00,0,0,0
2016-06-17-03-30-00,0,0,0
2016-06-17-03-45-00,0,0,0
2016-06-17-04-00-00,0,0,0
2016-06-17-04-15-00,0,0,0
2016-06-17-04-30-00,0,0,0
2016-06-17-04-45-00,0,0,0
2016-06-17-05-00-00,0,0,0
2016-06-17-05-15-00,0,0,0
2016-06-17-05-30-00,2,2,0
2016-06-17-05-45-00,6,1,5
2016-06-17-06-00-00,5,3,2
2016-06-17-06-15-00,11,3,8
2016-06-17-06-30-00,13,5,8
2016-06-17-06-45-00,9,5,4
2016-06-17-07-00-00,19,8,11
2016-06-17-07-15-00,15,3,12
2016-06-17-07-30-00,26,9,17
2016-06-17-07-45-00,31,11,20
2016-06-17-08-00-00,42,5,37
2016-06-17-08-15-00,20,7,13
2016-06-17-08-30-00,29,7,22
2016-06-17-08-45-00,39,6,33
2016-06-17-09-00-00,31,4,27
2016-06-17-09-15-00,11,5,6
2016-06-17-09-30-00,8,3,5
2016-06-17-09-45-00,12,8,4
2016-06-17-10-00-00,0,0,0
2016-06-17-10-15-00,6,5,1
2016-06-17-10-30-00,17,10,7
2016-06-17-10-45-00,11,7,4
2016-06-17-11-00-00,7,5,2
2016-06-17-11-15-00,12,8,4
2016-06-17-11-30-00,8,6,2
2016-06-17-11-45-00,9,4,5
2016-06-17-12-00-00,23,14,9
2016-06-17-12-15-00,11,5,6
2016-06-17-12-30-00,13,4,9
2016-06-17-12-45-00,14,9,5
2016-06-17-13-00-00,7,3,4
2016-06-17-13-15-00,7,6,1
2016-06-17-13-30-00,13,7,6
2016-06-17-13-45-00,3,3,0
2016-06-17-14-00-00,14,8,6
2016-06-17-14-15-00,19,13,6
2016-06-17-14-30-00,9,2,7
2016-06-17-14-45-00,11,10,1
2016-06-17-15-00-00,15,11,4
2016-06-17-15-15-00,29,18,11
2016-06-17-15-30-00,20,11,9
2016-06-17-15-45-00,28,20,8
2016-06-17-16-00-00,28,13,15
2016-06-17-16-15-00,23,12,11
2016-06-17-16-30-00,32,24,8
2016-06-17-16-45-00,14,12,2
2016-06-17-17-00-00,32,26,6
2016-06-17-17-15-00,25,20,5
2016-06-17-17-30-00,31,20,11
2016-06-17-17-45-00,19,10,9
2016-06-17-18-00-00,20,14,6
2016-06-17-18-15-00,26,16,10
2016-06-17-18-30-00,29,16,13
2016-06-17-18-45-00,25,14,11
2016-06-17-19-00-00,19,10,9
2016-06-17-19-15-00,33,21,12
2016-06-17-19-30-00,27,17,10
2016-06-17-19-45-00,7,4,3
2016-06-17-20-00-00,6,4,2
2016-06-17-20-15-00,9,8,1
2016-06-17-20-30-00,5,2,3
2016-06-17-20-45-00,6,3,3
2016-06-17-21-00-00,5,2,3
2016-06-17-21-15-00,4,1,3
2016-06-17-21-30-00,3,1,2
2016-06-17-21-45-00,2,1,1
2016-06-17-22-00-00,7,4,3
2016-06-17-22-15-00,1,1,0
2016-06-17-22-30-00,2,2,0
2016-06-17-22-45-00,2,2,0
2016-06-17-23-00-00,1,0,1
2016-06-17-23-15-00,8,2,6
2016-06-17-23-30-00,1,0,1
2016-06-17-23-45-00,2,2,0
2016-06-18-00-00-00,0,0,0
2016-06-18-00-15-00,4,2,2
2016-06-18-00-30-00,0,0,0
2016-06-18-00-45-00,0,0,0
2016-06-18-01-00-00,2,2,0
2016-06-18-01-15-00,0,0,0
2016-06-18-01-30-00,0,0,0
2016-06-18-01-45-00,2,0,2
2016-06-18-02-00-00,0,0,0
2016-06-18-02-15-00,0,0,0
2016-06-18-02-30-00,0,0,0
2016-06-18-02-45-00,1,0,1
2016-06-18-03-00-00,0,0,0
2016-06-18-03-15-00,0,0,0
2016-06-18-03-30-00,0,0,0
2016-06-18-03-45-00,0,0,0
2016-06-18-04-00-00,0,0,0
2016-06-18-04-15-00,0,0,0
2016-06-18-04-30-00,1,0,1
2016-06-18-04-45-00,0,0,0
2016-06-18-05-00-00,0,0,0
2016-06-18-05-15-00,0,0,0
2016-06-18-05-30-00,2,0,2
2016-06-18-05-45-00,0,0,0
2016-06-18-06-00-00,1,0,1
2016-06-18-06-15-00,0,0,0
2016-06-18-06-30-00,0,0,0
2016-06-18-06-45-00,2,1,1
2016-06-18-07-00-00,2,1,1
2016-06-18-07-15-00,7,2,5
2016-06-18-07-30-00,8,5,3
2016-06-18-07-45-00,9,4,5
2016-06-18-08-00-00,9,4,5
2016-06-18-08-15-00,11,3,8
2016-06-18-08-30-00,13,7,6
2016-06-18-08-45-00,13,5,8
2016-06-18-09-00-00,8,3,5
2016-06-18-09-15-00,18,8,10
2016-06-18-09-30-00,26,13,13
2016-06-18-09-45-00,25,12,13
2016-06-18-10-00-00,18,9,9
2016-06-18-10-15-00,27,9,18
2016-06-18-10-30-00,40,17,23
2016-06-18-10-45-00,42,19,23
2016-06-18-11-00-00,37,14,23
2016-06-18-11-15-00,41,19,22
2016-06-18-11-30-00,33,9,24
2016-06-18-11-45-00,29,17,12
2016-06-18-12-00-00,34,18,16
2016-06-18-12-15-00,23,13,10
2016-06-18-12-30-00,29,19,10
2016-06-18-12-45-00,36,17,19
2016-06-18-13-00-00,30,15,15
2016-06-18-13-15-00,33,21,12
2016-06-18-13-30-00,22,11,11
2016-06-18-13-45-00,20,13,7
2016-06-18-14-00-00,27,10,17
2016-06-18-14-15-00,33,9,24
2016-06-18-14-30-00,26,18,8
2016-06-18-14-45-00,14,8,6
2016-06-18-15-00-00,13,6,7
2016-06-18-15-15-00,22,2,20
2016-06-18-15-30-00,31,22,9
2016-06-18-15-45-00,24,16,8
2016-06-18-16-00-00,13,7,6
2016-06-18-16-15-00,13,10,3
2016-06-18-16-30-00,21,20,1
2016-06-18-16-45-00,10,5,5
2016-06-18-17-00-00,23,15,8
2016-06-18-17-15-00,18,9,9
2016-06-18-17-30-00,7,4,3
2016-06-18-17-45-00,13,7,6
2016-06-18-18-00-00,24,13,11
2016-06-18-18-15-00,28,11,17
2016-06-18-18-30-00,23,8,15
2016-06-18-18-45-00,16,10,6
2016-06-18-19-00-00,17,10,7
2016-06-18-19-15-00,7,2,5
2016-06-18-19-30-00,17,12,5
2016-06-18-19-45-00,18,10,8
2016-06-18-20-00-00,20,6,14
2016-06-18-20-15-00,2,0,2
2016-06-18-20-30-00,5,2,3
2016-06-18-20-45-00,6,3,3
2016-06-18-21-00-00,4,1,3
2016-06-18-21-15-00,3,1,2
2016-06-18-21-30-00,4,2,2
2016-06-18-21-45-00,2,2,0
2016-06-18-22-00-00,7,4,3
2016-06-18-22-15-00,4,3,1
2016-06-18-22-30-00,6,4,2
2016-06-18-22-45-00,4,3,1
2016-06-18-23-00-00,1,0,1
2016-06-18-23-15-00,3,3,0
2016-06-18-23-30-00,3,1,2
2016-06-18-23-45-00,1,1,0
2016-06-19-00-00-00,1,1,0
2016-06-19-00-15-00,2,2,0
2016-06-19-00-30-00,2,1,1
2016-06-19-00-45-00,0,0,0
2016-06-19-01-00-00,0,0,0
2016-06-19-01-15-00,0,0,0
2016-06-19-01-30-00,1,0,1
2016-06-19-01-45-00,0,0,0
2016-06-19-02-00-00,0,0,0
2016-06-19-02-15-00,1,0,1
2016-06-19-02-30-00,0,0,0
2016-06-19-02-45-00,1,1,0
2016-06-19-03-00-00,0,0,0
2016-06-19-03-15-00,2,2,0
2016-06-19-03-30-00,0,0,0
2016-06-19-03-45-00,1,0,1
2016-06-19-04-00-00,0,0,0
2016-06-19-04-15-00,0,0,0
2016-06-19-04-30-00,0,0,0
2016-06-19-04-45-00,0,0,0
2016-06-19-05-00-00,0,0,0
2016-06-19-05-15-00,0,0,0
2016-06-19-05-30-00,0,0,0
2016-06-19-05-45-00,1,0,1
2016-06-19-06-00-00,0,0,0
2016-06-19-06-15-00,1,1,0
2016-06-19-06-30-00,0,0,0
2016-06-19-06-45-00,2,0,2
2016-06-19-07-00-00,3,3,0
2016-06-19-07-15-00,3,3,0
2016-06-19-07-30-00,3,0,3
2016-06-19-07-45-00,5,4,1
2016-06-19-08-00-00,3,1,2
2016-06-19-08-15-00,6,1,5
2016-06-19-08-30-00,6,2,4
2016-06-19-08-45-00,13,8,5
2016-06-19-09-00-00,11,5,6
2016-06-19-09-15-00,13,5,8
2016-06-19-09-30-00,13,9,4
2016-06-19-09-45-00,12,4,8
2016-06-19-10-00-00,25,7,18
2016-06-19-10-15-00,26,15,11
2016-06-19-10-30-00,22,10,12
2016-06-19-10-45-00,24,13,11
2016-06-19-11-00-00,31,7,24
2016-06-19-11-15-00,32,11,21
2016-06-19-11-30-00,28,9,19
2016-06-19-11-45-00,63,18,45
2016-06-19-12-00-00,32,13,19
2016-06-19-12-15-00,36,23,13
2016-06-19-12-30-00,39,14,25
2016-06-19-12-45-00,34,14,20
2016-06-19-13-00-00,52,19,33
2016-06-19-13-15-00,47,22,25
2016-06-19-13-30-00,37,15,22
2016-06-19-13-45-00,58,30,28
2016-06-19-14-00-00,55,24,31
2016-06-19-14-15-00,62,37,25
2016-06-19-14-30-00,65,29,36
2016-06-19-14-45-00,81,45,36
2016-06-19-15-00-00,90,45,45
2016-06-19-15-15-00,78,38,40
2016-06-19-15-30-00,80,41,39
2016-06-19-15-45-00,68,44,24
2016-06-19-16-00-00,71,33,38
2016-06-19-16-15-00,78,41,37
2016-06-19-16-30-00,65,32,33
2016-06-19-16-45-00,76,37,39
2016-06-19-17-00-00,102,44,58
2016-06-19-17-15-00,81,47,34
2016-06-19-17-30-00,97,67,30
2016-06-19-17-45-00,94,43,51
2016-06-19-18-00-00,100,59,41
2016-06-19-18-15-00,82,57,25
2016-06-19-18-30-00,63,27,36
2016-06-19-18-45-00,58,36,22
2016-06-19-19-00-00,59,38,21
2016-06-19-19-15-00,39,23,16
2016-06-19-19-30-00,45,26,19
2016-06-19-19-45-00,29,17,12
2016-06-19-20-00-00,40,21,19
2016-06-19-20-15-00,34,19,15
2016-06-19-20-30-00,19,15,4
2016-06-19-20-45-00,17,8,9
2016-06-19-21-00-00,17,10,7
2016-06-19-21-15-00,15,5,10
2016-06-19-21-30-00,9,4,5
2016-06-19-21-45-00,10,7,3
2016-06-19-22-00-00,7,2,5
2016-06-19-22-15-00,0,0,0
2016-06-19-22-30-00,4,3,1
2016-06-19-22-45-00,3,2,1
2016-06-19-23-00-00,1,1,0
2016-06-19-23-15-00,1,1,0
2016-06-19-23-30-00,1,1,0
2016-06-19-23-45-00,0,0,0
2016-06-20-00-00-00,2,1,1
2016-06-20-00-15-00,0,0,0
2016-06-20-00-30-00,2,2,0
2016-06-20-00-45-00,1,0,1
2016-06-20-01-00-00,2,1,1
2016-06-20-01-15-00,0,0,0
2016-06-20-01-30-00,0,0,0
2016-06-20-01-45-00,1,1,0
2016-06-20-02-00-00,0,0,0
2016-06-20-02-15-00,0,0,0
2016-06-20-02-30-00,0,0,0
2016-06-20-02-45-00,0,0,0
2016-06-20-03-00-00,0,0,0
2016-06-20-03-15-00,0,0,0
2016-06-20-03-30-00,0,0,0
2016-06-20-03-45-00,0,0,0
2016-06-20-04-00-00,0,0,0
2016-06-20-04-15-00,0,0,0
2016-06-20-04-30-00,0,0,0
2016-06-20-04-45-00,0,0,0
2016-06-20-05-00-00,1,0,1
2016-06-20-05-15-00,1,1,0
2016-06-20-05-30-00,3,1,2
2016-06-20-05-45-00,7,4,3
2016-06-20-06-00-00,11,2,9
2016-06-20-06-15-00,7,0,7
2016-06-20-06-30-00,18,8,10
2016-06-20-06-45-00,10,5,5
2016-06-20-07-00-00,28,9,19
2016-06-20-07-15-00,29,7,22
2016-06-20-07-30-00,52,22,30
2016-06-20-07-45-00,47,11,36
2016-06-20-08-00-00,60,12,48
2016-06-20-08-15-00,56,10,46
2016-06-20-08-30-00,57,17,40
2016-06-20-08-45-00,52,12,40
2016-06-20-09-00-00,53,16,37
2016-06-20-09-15-00,20,10,10
2016-06-20-09-30-00,24,11,13
2016-06-20-09-45-00,35,16,19
2016-06-20-10-00-00,31,15,16
2016-06-20-10-15-00,33,16,17
2016-06-20-10-30-00,26,11,15
2016-06-20-10-45-00,37,16,21
2016-06-20-11-00-00,34,21,13
2016-06-20-11-15-00,38,19,19
2016-06-20-11-30-00,35,18,17
2016-06-20-11-45-00,30,16,14
2016-06-20-12-00-00,54,23,31
2016-06-20-12-15-00,42,26,16
2016-06-20-12-30-00,24,13,11
2016-06-20-12-45-00,39,17,22
2016-06-20-13-00-00,36,21,15
2016-06-20-13-15-00,40,17,23
2016-06-20-13-30-00,50,27,23
2016-06-20-13-45-00,32,22,10
2016-06-20-14-00-00,37,23,14
2016-06-20-14-15-00,30,20,10
2016-06-20-14-30-00,28,12,16
2016-06-20-14-45-00,38,25,13
2016-06-20-15-00-00,48,34,14
2016-06-20-15-15-00,40,24,16
2016-06-20-15-30-00,50,28,22
2016-06-20-15-45-00,31,20,11
2016-06-20-16-00-00,47,28,19
2016-06-20-16-15-00,49,34,15
2016-06-20-16-30-00,41,25,16
2016-06-20-16-45-00,56,34,22
2016-06-20-17-00-00,46,38,8
2016-06-20-17-15-00,44,28,16
2016-06-20-17-30-00,52,36,16
2016-06-20-17-45-00,44,31,13
2016-06-20-18-00-00,21,15,6
2016-06-20-18-15-00,22,16,6
2016-06-20-18-30-00,30,25,5
2016-06-20-18-45-00,13,7,6
2016-06-20-19-00-00,14,10,4
2016-06-20-19-15-00,11,7,4
2016-06-20-19-30-00,2,1,1
2016-06-20-19-45-00,8,6,2
2016-06-20-20-00-00,5,5,0
2016-06-20-20-15-00,3,3,0
2016-06-20-20-30-00,10,5,5
2016-06-20-20-45-00,5,3,2
2016-06-20-21-00-00,1,1,0
2016-06-20-21-15-00,3,0,3
2016-06-20-21-30-00,0,0,0
2016-06-20-21-45-00,1,1,0
2016-06-20-22-00-00,3,3,0
2016-06-20-22-15-00,1,0,1
2016-06-20-22-30-00,2,1,1
2016-06-20-22-45-00,1,0,1
2016-06-20-23-00-00,1,1,0
2016-06-20-23-15-00,2,1,1
2016-06-20-23-30-00,0,0,0
2016-06-20-23-45-00,0,0,0
2016-06-21-00-00-00,0,0,0
2016-06-21-00-15-00,0,0,0
2016-06-21-00-30-00,0,0,0
2016-06-21-00-45-00,0,0,0
2016-06-21-01-00-00,0,0,0
2016-06-21-01-15-00,0,0,0
2016-06-21-01-30-00,1,1,0
2016-06-21-01-45-00,1,0,1
2016-06-21-02-00-00,0,0,0
2016-06-21-02-15-00,0,0,0
2016-06-21-02-30-00,0,0,0
2016-06-21-02-45-00,0,0,0
2016-06-21-03-00-00,0,0,0
2016-06-21-03-15-00,0,0,0
2016-06-21-03-30-00,0,0,0
2016-06-21-03-45-00,0,0,0
2016-06-21-04-00-00,0,0,0
2016-06-21-04-15-00,0,0,0
2016-06-21-04-30-00,0,0,0
2016-06-21-04-45-00,1,1,0
2016-06-21-05-00-00,0,0,0
2016-06-21-05-15-00,0,0,0
2016-06-21-05-30-00,4,3,1
2016-06-21-05-45-00,7,1,6
2016-06-21-06-00-00,8,4,4
2016-06-21-06-15-00,10,0,10
2016-06-21-06-30-00,17,7,10
2016-06-21-06-45-00,9,1,8
2016-06-21-07-00-00,19,5,14
2016-06-21-07-15-00,28,11,17
2016-06-21-07-30-00,47,14,33
2016-06-21-07-45-00,58,6,52
2016-06-21-08-00-00,52,18,34
2016-06-21-08-15-00,43,7,36
2016-06-21-08-30-00,45,11,34
2016-06-21-08-45-00,46,12,34
2016-06-21-09-00-00,32,6,26
2016-06-21-09-15-00,27,5,22
2016-06-21-09-30-00,23,13,10
2016-06-21-09-45-00,18,11,7
2016-06-21-10-00-00,13,1,12
2016-06-21-10-15-00,12,7,5
2016-06-21-10-30-00,17,5,12
2016-06-21-10-45-00,15,10,5
2016-06-21-11-00-00,15,6,9
2016-06-21-11-15-00,18,10,8
2016-06-21-11-30-00,9,3,6
2016-06-21-11-45-00,11,5,6
2016-06-21-12-00-00,12,7,5
2016-06-21-12-15-00,16,7,9
2016-06-21-12-30-00,19,14,5
2016-06-21-12-45-00,21,12,9
2016-06-21-13-00-00,21,14,7
2016-06-21-13-15-00,18,6,12
2016-06-21-13-30-00,31,20,11
2016-06-21-13-45-00,15,4,11
2016-06-21-14-00-00,23,14,9
2016-06-21-14-15-00,28,21,7
2016-06-21-14-30-00,26,12,14
2016-06-21-14-45-00,28,11,17
2016-06-21-15-00-00,40,27,13
2016-06-21-15-15-00,23,10,13
2016-06-21-15-30-00,39,27,12
2016-06-21-15-45-00,38,24,14
2016-06-21-16-00-00,52,29,23
2016-06-21-16-15-00,46,41,5
2016-06-21-16-30-00,54,36,18
2016-06-21-16-45-00,63,46,17
2016-06-21-17-00-00,68,42,26
2016-06-21-17-15-00,89,50,39
2016-06-21-17-30-00,64,44,20
2016-06-21-17-45-00,49,39,10
2016-06-21-18-00-00,28,20,8
2016-06-21-18-15-00,33,16,17
2016-06-21-18-30-00,19,12,7
2016-06-21-18-45-00,14,9,5
2016-06-21-19-00-00,11,8,3
2016-06-21-19-15-00,13,4,9
2016-06-21-19-30-00,12,8,4
2016-06-21-19-45-00,22,15,7
2016-06-21-20-00-00,48,39,9
2016-06-21-20-15-00,38,28,10
2016-06-21-20-30-00,36,27,9
2016-06-21-20-45-00,31,21,10
2016-06-21-21-00-00,17,10,7
2016-06-21-21-15-00,20,8,12
2016-06-21-21-30-00,19,8,11
2016-06-21-21-45-00,11,8,3
2016-06-21-22-00-00,13,12,1
2016-06-21-22-15-00,13,3,10
2016-06-21-22-30-00,8,1,7
2016-06-21-22-45-00,9,2,7
2016-06-21-23-00-00,5,2,3
2016-06-21-23-15-00,3,0,3
2016-06-21-23-30-00,5,0,5
2016-06-21-23-45-00,3,2,1
2016-06-22-00-00-00,4,2,2
2016-06-22-00-15-00,1,0,1
2016-06-22-00-30-00,0,0,0
2016-06-22-00-45-00,2,0,2
2016-06-22-01-00-00,0,0,0
2016-06-22-01-15-00,1,1,0
2016-06-22-01-30-00,0,0,0
2016-06-22-01-45-00,2,2,0
2016-06-22-02-00-00,1,1,0
2016-06-22-02-15-00,0,0,0
2016-06-22-02-30-00,0,0,0
2016-06-22-02-45-00,1,1,0
2016-06-22-03-00-00,0,0,0
2016-06-22-03-15-00,0,0,0
2016-06-22-03-30-00,0,0,0
2016-06-22-03-45-00,0,0,0
2016-06-22-04-00-00,0,0,0
2016-06-22-04-15-00,0,0,0
2016-06-22-04-30-00,0,0,0
2016-06-22-04-45-00,0,0,0
2016-06-22-05-00-00,0,0,0
2016-06-22-05-15-00,1,1,0
2016-06-22-05-30-00,4,2,2
2016-06-22-05-45-00,4,3,1
2016-06-22-06-00-00,14,6,8
2016-06-22-06-15-00,9,1,8
2016-06-22-06-30-00,16,6,10
2016-06-22-06-45-00,20,6,14
2016-06-22-07-00-00,32,13,19
2016-06-22-07-15-00,36,13,23
2016-06-22-07-30-00,52,16,36
2016-06-22-07-45-00,59,12,47
2016-06-22-08-00-00,51,8,43
2016-06-22-08-15-00,62,8,54
2016-06-22-08-30-00,74,11,63
2016-06-22-08-45-00,51,6,45
2016-06-22-09-00-00,55,16,39
2016-06-22-09-15-00,36,16,20
2016-06-22-09-30-00,45,18,27
2016-06-22-09-45-00,34,12,22
2016-06-22-10-00-00,17,7,10
2016-06-22-10-15-00,26,7,19
2016-06-22-10-30-00,27,12,15
2016-06-22-10-45-00,37,19,18
2016-06-22-11-00-00,23,16,7
2016-06-22-11-15-00,47,26,21
2016-06-22-11-30-00,54,26,28
2016-06-22-11-45-00,35,17,18
2016-06-22-12-00-00,31,17,14
2016-06-22-12-15-00,27,18,9
2016-06-22-12-30-00,33,15,18
2016-06-22-12-45-00,26,11,15
2016-06-22-13-00-00,40,20,20
2016-06-22-13-15-00,48,28,20
2016-06-22-13-30-00,27,15,12
2016-06-22-13-45-00,35,18,17
2016-06-22-14-00-00,36,26,10
2016-06-22-14-15-00,44,22,22
2016-06-22-14-30-00,43,24,19
2016-06-22-14-45-00,46,33,13
2016-06-22-15-00-00,57,30,27
2016-06-22-15-15-00,51,25,26
2016-06-22-15-30-00,48,28,20
2016-06-22-15-45-00,48,31,17
2016-06-22-16-00-00,71,33,38
2016-06-22-16-15-00,57,41,16
2016-06-22-16-30-00,78,47,31
2016-06-22-16-45-00,75,49,26
2016-06-22-17-00-00,77,59,18
2016-06-22-17-15-00,84,56,28
2016-06-22-17-30-00,82,56,26
2016-06-22-17-45-00,100,57,43
2016-06-22-18-00-00,72,52,20
2016-06-22-18-15-00,76,51,25
2016-06-22-18-30-00,62,35,27
2016-06-22-18-45-00,79,58,21
2016-06-22-19-00-00,35,24,11
2016-06-22-19-15-00,62,39,23
2016-06-22-19-30-00,43,27,16
2016-06-22-19-45-00,42,26,16
2016-06-22-20-00-00,40,19,21
2016-06-22-20-15-00,42,34,8
2016-06-22-20-30-00,56,40,16
2016-06-22-20-45-00,46,27,19
2016-06-22-21-00-00,30,18,12
2016-06-22-21-15-00,28,14,14
2016-06-22-21-30-00,45,25,20
2016-06-22-21-45-00,25,15,10
2016-06-22-22-00-00,24,11,13
2016-06-22-22-15-00,19,8,11
2016-06-22-22-30-00,17,10,7
2016-06-22-22-45-00,15,4,11
2016-06-22-23-00-00,14,2,12
2016-06-22-23-15-00,9,4,5
2016-06-22-23-30-00,5,2,3
2016-06-22-23-45-00,0,0,0
2016-06-23-00-00-00,4,2,2
2016-06-23-00-15-00,1,1,0
2016-06-23-00-30-00,2,0,2
2016-06-23-00-45-00,0,0,0
2016-06-23-01-00-00,1,0,1
2016-06-23-01-15-00,0,0,0
2016-06-23-01-30-00,1,1,0
2016-06-23-01-45-00,1,0,1
2016-06-23-02-00-00,1,1,0
2016-06-23-02-15-00,0,0,0
2016-06-23-02-30-00,0,0,0
2016-06-23-02-45-00,2,1,1
2016-06-23-03-00-00,0,0,0
2016-06-23-03-15-00,0,0,0
2016-06-23-03-30-00,0,0,0
2016-06-23-03-45-00,0,0,0
2016-06-23-04-00-00,0,0,0
2016-06-23-04-15-00,0,0,0
2016-06-23-04-30-00,0,0,0
2016-06-23-04-45-00,1,1,0
2016-06-23-05-00-00,0,0,0
2016-06-23-05-15-00,5,2,3
2016-06-23-05-30-00,8,5,3
2016-06-23-05-45-00,6,1,5
2016-06-23-06-00-00,11,6,5
2016-06-23-06-15-00,15,2,13
2016-06-23-06-30-00,20,7,13
2016-06-23-06-45-00,20,6,14
2016-06-23-07-00-00,29,12,17
2016-06-23-07-15-00,40,16,24
2016-06-23-07-30-00,54,14,40
2016-06-23-07-45-00,62,9,53
2016-06-23-08-00-00,87,17,70
2016-06-23-08-15-00,81,15,66
2016-06-23-08-30-00,79,18,61
2016-06-23-08-45-00,69,15,54
2016-06-23-09-00-00,43,9,34
2016-06-23-09-15-00,52,21,31
2016-06-23-09-30-00,42,15,27
2016-06-23-09-45-00,40,21,19
2016-06-23-10-00-00,40,23,17
2016-06-23-10-15-00,29,16,13
2016-06-23-10-30-00,43,15,28
2016-06-23-10-45-00,35,16,19
2016-06-23-11-00-00,15,8,7
2016-06-23-11-15-00,43,24,19
2016-06-23-11-30-00,45,23,22
2016-06-23-11-45-00,53,21,32
2016-06-23-12-00-00,39,12,27
2016-06-23-12-15-00,41,19,22
2016-06-23-12-30-00,40,19,21
2016-06-23-12-45-00,49,20,29
2016-06-23-13-00-00,47,26,21
2016-06-23-13-15-00,43,24,19
2016-06-23-13-30-00,29,16,13
2016-06-23-13-45-00,53,33,20
2016-06-23-14-00-00,37,18,19
2016-06-23-14-15-00,46,26,20
2016-06-23-14-30-00,46,31,15
2016-06-23-14-45-00,43,32,11
2016-06-23-15-00-00,54,36,18
2016-06-23-15-15-00,48,29,19
2016-06-23-15-30-00,57,34,23
2016-06-23-15-45-00,53,37,16
2016-06-23-16-00-00,57,35,22
2016-06-23-16-15-00,93,65,28
2016-06-23-16-30-00,69,43,26
2016-06-23-16-45-00,76,51,25
2016-06-23-17-00-00,68,39,29
2016-06-23-17-15-00,72,43,29
2016-06-23-17-30-00,90,62,28
2016-06-23-17-45-00,65,47,18
2016-06-23-18-00-00,82,49,33
2016-06-23-18-15-00,83,36,47
2016-06-23-18-30-00,70,34,36
2016-06-23-18-45-00,74,41,33
2016-06-23-19-00-00,74,43,31
2016-06-23-19-15-00,83,47,36
2016-06-23-19-30-00,61,34,27
2016-06-23-19-45-00,85,54,31
2016-06-23-20-00-00,72,40,32
2016-06-23-20-15-00,72,50,22
2016-06-23-20-30-00,71,36,35
2016-06-23-20-45-00,77,43,34
2016-06-23-21-00-00,50,23,27
2016-06-23-21-15-00,61,39,22
2016-06-23-21-30-00,61,41,20
2016-06-23-21-45-00,25,19,6
2016-06-23-22-00-00,27,14,13
2016-06-23-22-15-00,38,17,21
2016-06-23-22-30-00,31,22,9
2016-06-23-22-45-00,10,4,6
2016-06-23-23-00-00,11,10,1
2016-06-23-23-15-00,8,5,3
2016-06-23-23-30-00,13,9,4
2016-06-23-23-45-00,8,7,1
2016-06-24-00-00-00,4,1,3
2016-06-24-00-15-00,7,6,1
2016-06-24-00-30-00,3,1,2
2016-06-24-00-45-00,1,1,0
2016-06-24-01-00-00,3,3,0
2016-06-24-01-15-00,0,0,0
2016-06-24-01-30-00,1,1,0
2016-06-24-01-45-00,0,0,0
2016-06-24-02-00-00,0,0,0
2016-06-24-02-15-00,0,0,0
2016-06-24-02-30-00,0,0,0
2016-06-24-02-45-00,0,0,0
2016-06-24-03-00-00,0,0,0
2016-06-24-03-15-00,0,0,0
2016-06-24-03-30-00,0,0,0
2016-06-24-03-45-00,0,0,0
2016-06-24-04-00-00,1,1,0
2016-06-24-04-15-00,3,3,0
2016-06-24-04-30-00,0,0,0
2016-06-24-04-45-00,1,0,1
2016-06-24-05-00-00,1,1,0
2016-06-24-05-15-00,1,1,0
2016-06-24-05-30-00,2,1,1
2016-06-24-05-45-00,13,7,6
2016-06-24-06-00-00,6,3,3
2016-06-24-06-15-00,7,3,4
2016-06-24-06-30-00,15,4,11
2016-06-24-06-45-00,7,2,5
2016-06-24-07-00-00,25,15,10
2016-06-24-07-15-00,33,7,26
2016-06-24-07-30-00,36,13,23
2016-06-24-07-45-00,55,15,40
2016-06-24-08-00-00,53,13,40
2016-06-24-08-15-00,39,2,37
2016-06-24-08-30-00,26,8,18
2016-06-24-08-45-00,15,0,15
2016-06-24-09-00-00,28,5,23
2016-06-24-09-15-00,25,6,19
2016-06-24-09-30-00,19,9,10
2016-06-24-09-45-00,14,6,8
2016-06-24-10-00-00,5,1,4
2016-06-24-10-15-00,6,0,6
2016-06-24-10-30-00,16,16,0
2016-06-24-10-45-00,8,3,5
2016-06-24-11-00-00,9,3,6
2016-06-24-11-15-00,9,5,4
2016-06-24-11-30-00,10,6,4
2016-06-24-11-45-00,13,10,3
2016-06-24-12-00-00,15,10,5
2016-06-24-12-15-00,14,10,4
2016-06-24-12-30-00,32,19,13
2016-06-24-12-45-00,23,14,9
2016-06-24-13-00-00,21,11,10
2016-06-24-13-15-00,21,11,10
2016-06-24-13-30-00,25,16,9
2016-06-24-13-45-00,20,9,11
2016-06-24-14-00-00,33,23,10
2016-06-24-14-15-00,30,17,13
2016-06-24-14-30-00,24,18,6
2016-06-24-14-45-00,47,32,15
2016-06-24-15-00-00,26,13,13
2016-06-24-15-15-00,29,21,8
2016-06-24-15-30-00,31,20,11
2016-06-24-15-45-00,27,16,11
2016-06-24-16-00-00,27,21,6
2016-06-24-16-15-00,45,33,12
2016-06-24-16-30-00,51,32,19
2016-06-24-16-45-00,30,21,9
2016-06-24-17-00-00,44,26,18
2016-06-24-17-15-00,42,23,19
2016-06-24-17-30-00,36,27,9
2016-06-24-17-45-00,42,25,17
2016-06-24-18-00-00,31,18,13
2016-06-24-18-15-00,32,19,13
2016-06-24-18-30-00,39,18,21
2016-06-24-18-45-00,16,9,7
2016-06-24-19-00-00,21,10,11
2016-06-24-19-15-00,22,10,12
2016-06-24-19-30-00,24,11,13
2016-06-24-19-45-00,35,19,16
2016-06-24-20-00-00,33,22,11
2016-06-24-20-15-00,31,19,12
2016-06-24-20-30-00,23,15,8
2016-06-24-20-45-00,21,11,10
2016-06-24-21-00-00,17,12,5
2016-06-24-21-15-00,13,6,7
2016-06-24-21-30-00,26,13,13
2016-06-24-21-45-00,14,7,7
2016-06-24-22-00-00,9,4,5
2016-06-24-22-15-00,24,14,10
2016-06-24-22-30-00,8,6,2
2016-06-24-22-45-00,9,8,1
2016-06-24-23-00-00,5,5,0
2016-06-24-23-15-00,8,5,3
2016-06-24-23-30-00,4,4,0
2016-06-24-23-45-00,4,0,4
2016-06-25-00-00-00,2,0,2
2016-06-25-00-15-00,5,2,3
2016-06-25-00-30-00,3,2,1
2016-06-25-00-45-00,2,0,2
2016-06-25-01-00-00,3,3,0
2016-06-25-01-15-00,2,0,2
2016-06-25-01-30-00,1,0,1
2016-06-25-01-45-00,1,1,0
2016-06-25-02-00-00,6,1,5
2016-06-25-02-15-00,0,0,0
2016-06-25-02-30-00,0,0,0
2016-06-25-02-45-00,0,0,0
2016-06-25-03-00-00,2,0,2
2016-06-25-03-15-00,0,0,0
2016-06-25-03-30-00,0,0,0
2016-06-25-03-45-00,0,0,0
2016-06-25-04-00-00,6,3,3
2016-06-25-04-15-00,0,0,0
2016-06-25-04-30-00,0,0,0
2016-06-25-04-45-00,0,0,0
2016-06-25-05-00-00,0,0,0
2016-06-25-05-15-00,2,1,1
2016-06-25-05-30-00,0,0,0
2016-06-25-05-45-00,0,0,0
2016-06-25-06-00-00,1,0,1
2016-06-25-06-15-00,1,1,0
2016-06-25-06-30-00,0,0,0
2016-06-25-06-45-00,0,0,0
2016-06-25-07-00-00,1,1,0
2016-06-25-07-15-00,0,0,0
2016-06-25-07-30-00,0,0,0
2016-06-25-07-45-00,0,0,0
2016-06-25-08-00-00,1,1,0
2016-06-25-08-15-00,3,2,1
2016-06-25-08-30-00,0,0,0
2016-06-25-08-45-00,2,0,2
2016-06-25-09-00-00,1,1,0
2016-06-25-09-15-00,7,1,6
2016-06-25-09-30-00,1,0,1
2016-06-25-09-45-00,2,1,1
2016-06-25-10-00-00,3,2,1
2016-06-25-10-15-00,4,3,1
2016-06-25-10-30-00,4,3,1
2016-06-25-10-45-00,10,5,5
2016-06-25-11-00-00,7,0,7
2016-06-25-11-15-00,3,2,1
2016-06-25-11-30-00,12,7,5
2016-06-25-11-45-00,8,5,3
2016-06-25-12-00-00,6,4,2
2016-06-25-12-15-00,4,0,4
2016-06-25-12-30-00,5,4,1
2016-06-25-12-45-00,14,2,12
2016-06-25-13-00-00,14,2,12
2016-06-25-13-15-00,2,0,2
2016-06-25-13-30-00,3,2,1
2016-06-25-13-45-00,2,2,0
2016-06-25-14-00-00,3,1,2
2016-06-25-14-15-00,4,1,3
2016-06-25-14-30-00,6,2,4
2016-06-25-14-45-00,0,0,0
2016-06-25-15-00-00,4,2,2
2016-06-25-15-15-00,2,2,0
2016-06-25-15-30-00,1,0,1
2016-06-25-15-45-00,2,2,0
2016-06-25-16-00-00,4,2,2
2016-06-25-16-15-00,5,2,3
2016-06-25-16-30-00,0,0,0
2016-06-25-16-45-00,6,4,2
2016-06-25-17-00-00,4,3,1
2016-06-25-17-15-00,4,3,1
2016-06-25-17-30-00,5,4,1
2016-06-25-17-45-00,3,0,3
2016-06-25-18-00-00,5,3,2
2016-06-25-18-15-00,8,1,7
2016-06-25-18-30-00,6,0,6
2016-06-25-18-45-00,7,2,5
2016-06-25-19-00-00,7,4,3
2016-06-25-19-15-00,6,1,5
2016-06-25-19-30-00,8,5,3
2016-06-25-19-45-00,5,2,3
2016-06-25-20-00-00,7,3,4
2016-06-25-20-15-00,6,4,2
2016-06-25-20-30-00,15,8,7
2016-06-25-20-45-00,12,5,7
2016-06-25-21-00-00,14,2,12
2016-06-25-21-15-00,13,9,4
2016-06-25-21-30-00,13,7,6
2016-06-25-21-45-00,19,8,11
2016-06-25-22-00-00,13,7,6
2016-06-25-22-15-00,10,10,0
2016-06-25-22-30-00,9,8,1
2016-06-25-22-45-00,1,1,0
2016-06-25-23-00-00,8,4,4
2016-06-25-23-15-00,2,2,0
2016-06-25-23-30-00,4,3,1
2016-06-25-23-45-00,1,1,0
2016-06-26-00-00-00,0,0,0
2016-06-26-00-15-00,5,2,3
2016-06-26-00-30-00,2,2,0
2016-06-26-00-45-00,3,2,1
2016-06-26-01-00-00,0,0,0
2016-06-26-01-15-00,1,1,0
2016-06-26-01-30-00,0,0,0
2016-06-26-01-45-00,0,0,0
2016-06-26-02-00-00,0,0,0
2016-06-26-02-15-00,1,0,1
2016-06-26-02-30-00,0,0,0
2016-06-26-02-45-00,0,0,0
2016-06-26-03-00-00,2,1,1
2016-06-26-03-15-00,0,0,0
2016-06-26-03-30-00,1,0,1
2016-06-26-03-45-00,0,0,0
2016-06-26-04-00-00,0,0,0
2016-06-26-04-15-00,0,0,0
2016-06-26-04-30-00,0,0,0
2016-06-26-04-45-00,2,0,2
2016-06-26-05-00-00,0,0,0
2016-06-26-05-15-00,1,0,1
2016-06-26-05-30-00,2,2,0
2016-06-26-05-45-00,1,0,1
2016-06-26-06-00-00,2,0,2
2016-06-26-06-15-00,1,0,1
2016-06-26-06-30-00,2,2,0
2016-06-26-06-45-00,0,0,0
2016-06-26-07-00-00,3,2,1
2016-06-26-07-15-00,3,1,2
2016-06-26-07-30-00,6,2,4
2016-06-26-07-45-00,6,2,4
2016-06-26-08-00-00,7,3,4
2016-06-26-08-15-00,19,5,14
2016-06-26-08-30-00,12,4,8
2016-06-26-08-45-00,15,8,7
2016-06-26-09-00-00,20,9,11
2016-06-26-09-15-00,29,13,16
2016-06-26-09-30-00,33,11,22
2016-06-26-09-45-00,58,25,33
2016-06-26-10-00-00,56,23,33
2016-06-26-10-15-00,48,25,23
2016-06-26-10-30-00,56,30,26
2016-06-26-10-45-00,79,36,43
2016-06-26-11-00-00,82,39,43
2016-06-26-11-15-00,96,38,58
2016-06-26-11-30-00,118,43,75
2016-06-26-11-45-00,72,34,38
2016-06-26-12-00-00,110,57,53
2016-06-26-12-15-00,85,41,44
2016-06-26-12-30-00,80,45,35
2016-06-26-12-45-00,69,33,36
2016-06-26-13-00-00,92,46,46
2016-06-26-13-15-00,79,42,37
2016-06-26-13-30-00,68,33,35
2016-06-26-13-45-00,87,55,32
2016-06-26-14-00-00,89,60,29
2016-06-26-14-15-00,78,38,40
2016-06-26-14-30-00,82,40,42
2016-06-26-14-45-00,74,40,34
2016-06-26-15-00-00,54,24,30
2016-06-26-15-15-00,73,37,36
2016-06-26-15-30-00,75,50,25
2016-06-26-15-45-00,66,46,20
2016-06-26-16-00-00,48,27,21
2016-06-26-16-15-00,76,45,31
2016-06-26-16-30-00,57,40,17
2016-06-26-16-45-00,70,25,45
2016-06-26-17-00-00,68,44,24
2016-06-26-17-15-00,44,22,22
2016-06-26-17-30-00,33,15,18
2016-06-26-17-45-00,24,21,3
2016-06-26-18-00-00,9,6,3
2016-06-26-18-15-00,9,6,3
2016-06-26-18-30-00,4,4,0
2016-06-26-18-45-00,9,6,3
2016-06-26-19-00-00,18,13,5
2016-06-26-19-15-00,3,2,1
2016-06-26-19-30-00,5,2,3
2016-06-26-19-45-00,10,8,2
2016-06-26-20-00-00,56,45,11
2016-06-26-20-15-00,39,25,14
2016-06-26-20-30-00,38,22,16
2016-06-26-20-45-00,23,13,10
2016-06-26-21-00-00,24,11,13
2016-06-26-21-15-00,13,9,4
2016-06-26-21-30-00,20,11,9
2016-06-26-21-45-00,18,12,6
2016-06-26-22-00-00,9,5,4
2016-06-26-22-15-00,7,5,2
2016-06-26-22-30-00,3,3,0
2016-06-26-22-45-00,4,4,0
2016-06-26-23-00-00,1,1,0
2016-06-26-23-15-00,4,1,3
2016-06-26-23-30-00,2,2,0
2016-06-26-23-45-00,0,0,0
2016-06-27-00-00-00,0,0,0
2016-06-27-00-15-00,3,0,3
2016-06-27-00-30-00,1,0,1
2016-06-27-00-45-00,0,0,0
2016-06-27-01-00-00,0,0,0
2016-06-27-01-15-00,0,0,0
2016-06-27-01-30-00,0,0,0
2016-06-27-01-45-00,0,0,0
2016-06-27-02-00-00,0,0,0
2016-06-27-02-15-00,0,0,0
2016-06-27-02-30-00,0,0,0
2016-06-27-02-45-00,0,0,0
2016-06-27-03-00-00,0,0,0
2016-06-27-03-15-00,0,0,0
2016-06-27-03-30-00,0,0,0
2016-06-27-03-45-00,0,0,0
2016-06-27-04-00-00,0,0,0
2016-06-27-04-15-00,0,0,0
2016-06-27-04-30-00,0,0,0
2016-06-27-04-45-00,0,0,0
2016-06-27-05-00-00,1,0,1
2016-06-27-05-15-00,1,1,0
2016-06-27-05-30-00,1,1,0
2016-06-27-05-45-00,8,3,5
2016-06-27-06-00-00,9,3,6
2016-06-27-06-15-00,9,2,7
2016-06-27-06-30-00,11,5,6
2016-06-27-06-45-00,18,8,10
2016-06-27-07-00-00,18,7,11
2016-06-27-07-15-00,34,15,19
2016-06-27-07-30-00,36,10,26
2016-06-27-07-45-00,50,16,34
2016-06-27-08-00-00,47,9,38
2016-06-27-08-15-00,74,13,61
2016-06-27-08-30-00,51,8,43
2016-06-27-08-45-00,53,11,42
2016-06-27-09-00-00,45,9,36
2016-06-27-09-15-00,32,12,20
2016-06-27-09-30-00,17,9,8
2016-06-27-09-45-00,16,11,5
2016-06-27-10-00-00,19,4,15
2016-06-27-10-15-00,12,6,6
2016-06-27-10-30-00,24,6,18
2016-06-27-10-45-00,26,16,10
2016-06-27-11-00-00,25,17,8
2016-06-27-11-15-00,17,12,5
2016-06-27-11-30-00,17,11,6
2016-06-27-11-45-00,20,11,9
2016-06-27-12-00-00,16,7,9
2016-06-27-12-15-00,18,12,6
2016-06-27-12-30-00,19,14,5
2016-06-27-12-45-00,17,9,8
2016-06-27-13-00-00,28,23,5
2016-06-27-13-15-00,15,4,11
2016-06-27-13-30-00,18,13,5
2016-06-27-13-45-00,34,27,7
2016-06-27-14-00-00,18,12,6
2016-06-27-14-15-00,18,13,5
2016-06-27-14-30-00,23,15,8
2016-06-27-14-45-00,20,11,9
2016-06-27-15-00-00,35,20,15
2016-06-27-15-15-00,20,8,12
2016-06-27-15-30-00,21,13,8
2016-06-27-15-45-00,23,17,6
2016-06-27-16-00-00,25,15,10
2016-06-27-16-15-00,49,35,14
2016-06-27-16-30-00,30,21,9
2016-06-27-16-45-00,40,33,7
2016-06-27-17-00-00,37,28,9
2016-06-27-17-15-00,51,43,8
2016-06-27-17-30-00,48,39,9
2016-06-27-17-45-00,43,28,15
2016-06-27-18-00-00,33,27,6
2016-06-27-18-15-00,29,24,5
2016-06-27-18-30-00,18,10,8
2016-06-27-18-45-00,28,14,14
2016-06-27-19-00-00,26,13,13
2016-06-27-19-15-00,20,16,4
2016-06-27-19-30-00,13,7,6
2016-06-27-19-45-00,14,12,2
2016-06-27-20-00-00,12,6,6
2016-06-27-20-15-00,8,4,4
2016-06-27-20-30-00,9,2,7
2016-06-27-20-45-00,8,6,2
2016-06-27-21-00-00,11,3,8
2016-06-27-21-15-00,2,2,0
2016-06-27-21-30-00,7,4,3
2016-06-27-21-45-00,2,0,2
2016-06-27-22-00-00,5,4,1
2016-06-27-22-15-00,4,3,1
2016-06-27-22-30-00,1,0,1
2016-06-27-22-45-00,2,0,2
2016-06-27-23-00-00,3,2,1
2016-06-27-23-15-00,2,1,1
2016-06-27-23-30-00,0,0,0
2016-06-27-23-45-00,0,0,0
2016-06-28-00-00-00,0,0,0
2016-06-28-00-15-00,3,0,3
2016-06-28-00-30-00,0,0,0
2016-06-28-00-45-00,0,0,0
2016-06-28-01-00-00,0,0,0
2016-06-28-01-15-00,1,0,1
2016-06-28-01-30-00,0,0,0
2016-06-28-01-45-00,0,0,0
2016-06-28-02-00-00,0,0,0
2016-06-28-02-15-00,0,0,0
2016-06-28-02-30-00,1,0,1
2016-06-28-02-45-00,0,0,0
2016-06-28-03-00-00,0,0,0
2016-06-28-03-15-00,0,0,0
2016-06-28-03-30-00,0,0,0
2016-06-28-03-45-00,0,0,0
2016-06-28-04-00-00,0,0,0
2016-06-28-04-15-00,0,0,0
2016-06-28-04-30-00,0,0,0
2016-06-28-04-45-00,0,0,0
2016-06-28-05-00-00,0,0,0
2016-06-28-05-15-00,1,1,0
2016-06-28-05-30-00,3,1,2
2016-06-28-05-45-00,4,2,2
2016-06-28-06-00-00,9,5,4
2016-06-28-06-15-00,16,4,12
2016-06-28-06-30-00,15,7,8
2016-06-28-06-45-00,16,7,9
2016-06-28-07-00-00,21,5,16
2016-06-28-07-15-00,37,12,25
2016-06-28-07-30-00,50,12,38
2016-06-28-07-45-00,42,8,34
2016-06-28-08-00-00,64,10,54
2016-06-28-08-15-00,57,14,43
2016-06-28-08-30-00,52,13,39
2016-06-28-08-45-00,49,9,40
2016-06-28-09-00-00,32,6,26
2016-06-28-09-15-00,22,7,15
2016-06-28-09-30-00,21,8,13
2016-06-28-09-45-00,23,9,14
2016-06-28-10-00-00,15,7,8
2016-06-28-10-15-00,18,6,12
2016-06-28-10-30-00,15,6,9
2016-06-28-10-45-00,25,11,14
2016-06-28-11-00-00,27,7,20
2016-06-28-11-15-00,18,9,9
2016-06-28-11-30-00,24,13,11
2016-06-28-11-45-00,25,7,18
2016-06-28-12-00-00,25,17,8
2016-06-28-12-15-00,23,12,11
2016-06-28-12-30-00,27,19,8
2016-06-28-12-45-00,31,17,14
2016-06-28-13-00-00,71,18,53
2016-06-28-13-15-00,30,12,18
2016-06-28-13-30-00,26,13,13
2016-06-28-13-45-00,25,12,13
2016-06-28-14-00-00,30,16,14
2016-06-28-14-15-00,35,23,12
2016-06-28-14-30-00,34,23,11
2016-06-28-14-45-00,22,11,11
2016-06-28-15-00-00,46,24,22
2016-06-28-15-15-00,56,36,20
2016-06-28-15-30-00,42,26,16
2016-06-28-15-45-00,73,52,21
2016-06-28-16-00-00,55,36,19
2016-06-28-16-15-00,56,38,18
2016-06-28-16-30-00,55,38,17
2016-06-28-16-45-00,75,38,37
2016-06-28-17-00-00,88,58,30
2016-06-28-17-15-00,73,55,18
2016-06-28-17-30-00,76,51,25
2016-06-28-17-45-00,72,42,30
2016-06-28-18-00-00,70,39,31
2016-06-28-18-15-00,97,53,44
2016-06-28-18-30-00,63,42,21
2016-06-28-18-45-00,98,56,42
2016-06-28-19-00-00,65,36,29
2016-06-28-19-15-00,60,35,25
2016-06-28-19-30-00,61,33,28
2016-06-28-19-45-00,45,25,20
2016-06-28-20-00-00,54,22,32
2016-06-28-20-15-00,55,31,24
2016-06-28-20-30-00,34,21,13
2016-06-28-20-45-00,42,19,23
2016-06-28-21-00-00,45,26,19
2016-06-28-21-15-00,26,17,9
2016-06-28-21-30-00,15,7,8
2016-06-28-21-45-00,29,13,16
2016-06-28-22-00-00,30,23,7
2016-06-28-22-15-00,41,30,11
2016-06-28-22-30-00,16,9,7
2016-06-28-22-45-00,4,3,1
2016-06-28-23-00-00,8,3,5
2016-06-28-23-15-00,5,1,4
2016-06-28-23-30-00,0,0,0
2016-06-28-23-45-00,0,0,0
2016-06-29-00-00-00,0,0,0
2016-06-29-00-15-00,1,1,0
2016-06-29-00-30-00,0,0,0
2016-06-29-00-45-00,2,1,1
2016-06-29-01-00-00,0,0,0
2016-06-29-01-15-00,0,0,0
2016-06-29-01-30-00,0,0,0
2016-06-29-01-45-00,1,1,0
2016-06-29-02-00-00,0,0,0
2016-06-29-02-15-00,0,0,0
2016-06-29-02-30-00,0,0,0
2016-06-29-02-45-00,0,0,0
2016-06-29-03-00-00,0,0,0
2016-06-29-03-15-00,0,0,0
2016-06-29-03-30-00,0,0,0
2016-06-29-03-45-00,0,0,0
2016-06-29-04-00-00,0,0,0
2016-06-29-04-15-00,1,1,0
2016-06-29-04-30-00,1,0,1
2016-06-29-04-45-00,0,0,0
2016-06-29-05-00-00,1,0,1
2016-06-29-05-15-00,1,1,0
2016-06-29-05-30-00,0,0,0
2016-06-29-05-45-00,8,5,3
2016-06-29-06-00-00,9,3,6
2016-06-29-06-15-00,6,0,6
2016-06-29-06-30-00,17,5,12
2016-06-29-06-45-00,22,12,10
2016-06-29-07-00-00,30,8,22
2016-06-29-07-15-00,33,12,21
2016-06-29-07-30-00,53,18,35
2016-06-29-07-45-00,71,16,55
2016-06-29-08-00-00,65,13,52
2016-06-29-08-15-00,63,10,53
2016-06-29-08-30-00,59,15,44
2016-06-29-08-45-00,64,9,55
2016-06-29-09-00-00,32,7,25
2016-06-29-09-15-00,32,16,16
2016-06-29-09-30-00,24,8,16
2016-06-29-09-45-00,25,10,15
2016-06-29-10-00-00,25,9,16
2016-06-29-10-15-00,32,14,18
2016-06-29-10-30-00,19,7,12
2016-06-29-10-45-00,25,15,10
2016-06-29-11-00-00,36,18,18
2016-06-29-11-15-00,36,24,12
2016-06-29-11-30-00,41,21,20
2016-06-29-11-45-00,47,25,22
2016-06-29-12-00-00,41,26,15
2016-06-29-12-15-00,29,16,13
2016-06-29-12-30-00,39,15,24
2016-06-29-12-45-00,41,24,17
2016-06-29-13-00-00,38,20,18
2016-06-29-13-15-00,45,28,17
2016-06-29-13-30-00,28,18,10
2016-06-29-13-45-00,41,19,22
2016-06-29-14-00-00,59,33,26
2016-06-29-14-15-00,57,32,25
2016-06-29-14-30-00,41,21,20
2016-06-29-14-45-00,55,28,27
2016-06-29-15-00-00,46,20,26
2016-06-29-15-15-00,57,30,27
2016-06-29-15-30-00,68,35,33
2016-06-29-15-45-00,68,34,34
2016-06-29-16-00-00,63,39,24
2016-06-29-16-15-00,76,49,27
2016-06-29-16-30-00,90,49,41
2016-06-29-16-45-00,98,64,34
2016-06-29-17-00-00,94,55,39
2016-06-29-17-15-00,118,66,52
2016-06-29-17-30-00,85,54,31
2016-06-29-17-45-00,108,58,50
2016-06-29-18-00-00,86,65,21
2016-06-29-18-15-00,89,58,31
2016-06-29-18-30-00,95,66,29
2016-06-29-18-45-00,91,53,38
2016-06-29-19-00-00,86,57,29
2016-06-29-19-15-00,77,40,37
2016-06-29-19-30-00,58,35,23
2016-06-29-19-45-00,41,28,13
2016-06-29-20-00-00,52,35,17
2016-06-29-20-15-00,53,36,17
2016-06-29-20-30-00,31,17,14
2016-06-29-20-45-00,32,17,15
2016-06-29-21-00-00,17,7,10
2016-06-29-21-15-00,20,16,4
2016-06-29-21-30-00,16,9,7
2016-06-29-21-45-00,20,14,6
2016-06-29-22-00-00,16,9,7
2016-06-29-22-15-00,13,7,6
2016-06-29-22-30-00,10,2,8
2016-06-29-22-45-00,13,10,3
2016-06-29-23-00-00,8,2,6
2016-06-29-23-15-00,3,0,3
2016-06-29-23-30-00,4,4,0
2016-06-29-23-45-00,2,0,2
2016-06-30-00-00-00,1,0,1
2016-06-30-00-15-00,4,0,4
2016-06-30-00-30-00,2,2,0
2016-06-30-00-45-00,1,0,1
2016-06-30-01-00-00,0,0,0
2016-06-30-01-15-00,0,0,0
2016-06-30-01-30-00,0,0,0
2016-06-30-01-45-00,0,0,0
2016-06-30-02-00-00,0,0,0
2016-06-30-02-15-00,0,0,0
2016-06-30-02-30-00,0,0,0
2016-06-30-02-45-00,0,0,0
2016-06-30-03-00-00,0,0,0
2016-06-30-03-15-00,0,0,0
2016-06-30-03-30-00,0,0,0
2016-06-30-03-45-00,0,0,0
2016-06-30-04-00-00,0,0,0
2016-06-30-04-15-00,0,0,0
2016-06-30-04-30-00,1,1,0
2016-06-30-04-45-00,0,0,0
2016-06-30-05-00-00,0,0,0
2016-06-30-05-15-00,1,1,0
2016-06-30-05-30-00,1,0,1
2016-06-30-05-45-00,6,2,4
2016-06-30-06-00-00,9,6,3
2016-06-30-06-15-00,3,0,3
2016-06-30-06-30-00,12,1,11
2016-06-30-06-45-00,14,5,9
2016-06-30-07-00-00,16,6,10
2016-06-30-07-15-00,21,7,14
2016-06-30-07-30-00,38,10,28
2016-06-30-07-45-00,40,10,30
2016-06-30-08-00-00,49,8,41
2016-06-30-08-15-00,53,10,43
2016-06-30-08-30-00,39,8,31
2016-06-30-08-45-00,50,7,43
2016-06-30-09-00-00,29,6,23
2016-06-30-09-15-00,31,12,19
2016-06-30-09-30-00,15,4,11
2016-06-30-09-45-00,18,5,13
2016-06-30-10-00-00,14,6,8
2016-06-30-10-15-00,9,3,6
2016-06-30-10-30-00,19,9,10
2016-06-30-10-45-00,9,4,5
2016-06-30-11-00-00,13,7,6
2016-06-30-11-15-00,13,8,5
2016-06-30-11-30-00,19,9,10
2016-06-30-11-45-00,20,8,12
2016-06-30-12-00-00,16,8,8
2016-06-30-12-15-00,22,9,13
2016-06-30-12-30-00,9,3,6
2016-06-30-12-45-00,18,7,11
2016-06-30-13-00-00,10,5,5
2016-06-30-13-15-00,19,9,10
2016-06-30-13-30-00,21,6,15
2016-06-30-13-45-00,28,17,11
2016-06-30-14-00-00,18,11,7
2016-06-30-14-15-00,24,17,7
2016-06-30-14-30-00,25,4,21
2016-06-30-14-45-00,19,11,8
2016-06-30-15-00-00,38,23,15
2016-06-30-15-15-00,47,32,15
2016-06-30-15-30-00,25,14,11
2016-06-30-15-45-00,41,23,18
2016-06-30-16-00-00,24,14,10
2016-06-30-16-15-00,42,31,11
2016-06-30-16-30-00,40,33,7
2016-06-30-16-45-00,45,32,13
2016-06-30-17-00-00,53,37,16
2016-06-30-17-15-00,49,30,19
2016-06-30-17-30-00,55,36,19
2016-06-30-17-45-00,48,28,20
2016-06-30-18-00-00,55,40,15
2016-06-30-18-15-00,59,37,22
2016-06-30-18-30-00,43,34,9
2016-06-30-18-45-00,33,18,15
2016-06-30-19-00-00,37,23,14
2016-06-30-19-15-00,40,18,22
2016-06-30-19-30-00,28,14,14
2016-06-30-19-45-00,30,16,14
2016-06-30-20-00-00,18,7,11
2016-06-30-20-15-00,36,23,13
2016-06-30-20-30-00,27,19,8
2016-06-30-20-45-00,25,12,13
2016-06-30-21-00-00,12,11,1
2016-06-30-21-15-00,15,11,4
2016-06-30-21-30-00,9,4,5
2016-06-30-21-45-00,12,8,4
2016-06-30-22-00-00,12,7,5
2016-06-30-22-15-00,7,2,5
2016-06-30-22-30-00,1,0,1
2016-06-30-22-45-00,2,0,2
2016-06-30-23-00-00,3,2,1
2016-06-30-23-15-00,5,4,1
2016-06-30-23-30-00,4,4,0
2016-06-30-23-45-00,1,0,1
2016-07-01-00-00-00,1,1,0
2016-07-01-00-15-00,0,0,0
2016-07-01-00-30-00,4,4,0
2016-07-01-00-45-00,1,0,1
2016-07-01-01-00-00,1,0,1
2016-07-01-01-15-00,0,0,0
2016-07-01-01-30-00,1,1,0
2016-07-01-01-45-00,1,1,0
2016-07-01-02-00-00,0,0,0
2016-07-01-02-15-00,2,2,0
2016-07-01-02-30-00,0,0,0
2016-07-01-02-45-00,0,0,0
2016-07-01-03-00-00,0,0,0
2016-07-01-03-15-00,2,2,0
2016-07-01-03-30-00,0,0,0
2016-07-01-03-45-00,2,0,2
2016-07-01-04-00-00,0,0,0
2016-07-01-04-15-00,0,0,0
2016-07-01-04-30-00,0,0,0
2016-07-01-04-45-00,0,0,0
2016-07-01-05-00-00,0,0,0
2016-07-01-05-15-00,1,1,0
2016-07-01-05-30-00,0,0,0
2016-07-01-05-45-00,7,2,5
2016-07-01-06-00-00,4,2,2
2016-07-01-06-15-00,12,4,8
2016-07-01-06-30-00,8,3,5
2016-07-01-06-45-00,16,6,10
2016-07-01-07-00-00,19,10,9
2016-07-01-07-15-00,30,8,22
2016-07-01-07-30-00,31,14,17
2016-07-01-07-45-00,48,12,36
2016-07-01-08-00-00,44,9,35
2016-07-01-08-15-00,36,4,32
2016-07-01-08-30-00,55,13,42
2016-07-01-08-45-00,43,4,39
2016-07-01-09-00-00,28,4,24
2016-07-01-09-15-00,32,12,20
2016-07-01-09-30-00,22,13,9
2016-07-01-09-45-00,14,7,7
2016-07-01-10-00-00,9,5,4
2016-07-01-10-15-00,15,5,10
2016-07-01-10-30-00,14,9,5
2016-07-01-10-45-00,17,8,9
2016-07-01-11-00-00,16,5,11
2016-07-01-11-15-00,16,12,4
2016-07-01-11-30-00,13,5,8
2016-07-01-11-45-00,21,11,10
2016-07-01-12-00-00,21,8,13
2016-07-01-12-15-00,25,11,14
2016-07-01-12-30-00,22,13,9
2016-07-01-12-45-00,24,15,9
2016-07-01-13-00-00,15,11,4
2016-07-01-13-15-00,34,17,17
2016-07-01-13-30-00,25,12,13
2016-07-01-13-45-00,29,19,10
2016-07-01-14-00-00,17,8,9
2016-07-01-14-15-00,22,15,7
2016-07-01-14-30-00,40,23,17
2016-07-01-14-45-00,24,15,9
2016-07-01-15-00-00,28,23,5
2016-07-01-15-15-00,27,19,8
2016-07-01-15-30-00,52,26,26
2016-07-01-15-45-00,39,25,14
2016-07-01-16-00-00,48,19,29
2016-07-01-16-15-00,48,41,7
2016-07-01-16-30-00,45,19,26
2016-07-01-16-45-00,67,49,18
2016-07-01-17-00-00,36,31,5
2016-07-01-17-15-00,51,36,15
2016-07-01-17-30-00,40,34,6
2016-07-01-17-45-00,33,15,18
2016-07-01-18-00-00,41,22,19
2016-07-01-18-15-00,34,21,13
2016-07-01-18-30-00,49,22,27
2016-07-01-18-45-00,31,15,16
2016-07-01-19-00-00,38,16,22
2016-07-01-19-15-00,25,12,13
2016-07-01-19-30-00,35,14,21
2016-07-01-19-45-00,24,17,7
2016-07-01-20-00-00,36,22,14
2016-07-01-20-15-00,23,14,9
2016-07-01-20-30-00,16,7,9
2016-07-01-20-45-00,24,12,12
2016-07-01-21-00-00,25,23,2
2016-07-01-21-15-00,25,22,3
2016-07-01-21-30-00,11,4,7
2016-07-01-21-45-00,24,13,11
2016-07-01-22-00-00,17,12,5
2016-07-01-22-15-00,8,6,2
2016-07-01-22-30-00,3,1,2
2016-07-01-22-45-00,9,6,3
2016-07-01-23-00-00,3,1,2
2016-07-01-23-15-00,6,3,3
2016-07-01-23-30-00,6,3,3
2016-07-01-23-45-00,7,4,3
2016-07-02-00-00-00,0,0,0
2016-07-02-00-15-00,3,3,0
2016-07-02-00-30-00,5,1,4
2016-07-02-00-45-00,6,4,2
2016-07-02-01-00-00,2,2,0
2016-07-02-01-15-00,4,4,0
2016-07-02-01-30-00,0,0,0
2016-07-02-01-45-00,2,1,1
2016-07-02-02-00-00,2,0,2
2016-07-02-02-15-00,1,0,1
2016-07-02-02-30-00,0,0,0
2016-07-02-02-45-00,1,0,1
2016-07-02-03-00-00,1,0,1
2016-07-02-03-15-00,1,1,0
2016-07-02-03-30-00,0,0,0
2016-07-02-03-45-00,0,0,0
2016-07-02-04-00-00,0,0,0
2016-07-02-04-15-00,0,0,0
2016-07-02-04-30-00,0,0,0
2016-07-02-04-45-00,1,0,1
2016-07-02-05-00-00,2,0,2
2016-07-02-05-15-00,0,0,0
2016-07-02-05-30-00,1,1,0
2016-07-02-05-45-00,0,0,0
2016-07-02-06-00-00,0,0,0
2016-07-02-06-15-00,2,2,0
2016-07-02-06-30-00,1,0,1
2016-07-02-06-45-00,0,0,0
2016-07-02-07-00-00,3,2,1
2016-07-02-07-15-00,5,4,1
2016-07-02-07-30-00,2,2,0
2016-07-02-07-45-00,2,2,0
2016-07-02-08-00-00,4,2,2
2016-07-02-08-15-00,5,4,1
2016-07-02-08-30-00,7,5,2
2016-07-02-08-45-00,9,3,6
2016-07-02-09-00-00,9,4,5
2016-07-02-09-15-00,15,8,7
2016-07-02-09-30-00,15,8,7
2016-07-02-09-45-00,12,7,5
2016-07-02-10-00-00,5,2,3
2016-07-02-10-15-00,39,24,15
2016-07-02-10-30-00,20,10,10
2016-07-02-10-45-00,18,8,10
2016-07-02-11-00-00,23,9,14
2016-07-02-11-15-00,60,19,41
2016-07-02-11-30-00,24,11,13
2016-07-02-11-45-00,24,16,8
2016-07-02-12-00-00,26,7,19
2016-07-02-12-15-00,42,32,10
2016-07-02-12-30-00,26,12,14
2016-07-02-12-45-00,42,14,28
2016-07-02-13-00-00,29,19,10
2016-07-02-13-15-00,18,12,6
2016-07-02-13-30-00,26,14,12
2016-07-02-13-45-00,33,15,18
2016-07-02-14-00-00,31,14,17
2016-07-02-14-15-00,22,12,10
2016-07-02-14-30-00,39,14,25
2016-07-02-14-45-00,45,20,25
2016-07-02-15-00-00,41,18,23
2016-07-02-15-15-00,25,14,11
2016-07-02-15-30-00,43,24,19
2016-07-02-15-45-00,26,11,15
2016-07-02-16-00-00,25,13,12
2016-07-02-16-15-00,63,42,21
2016-07-02-16-30-00,41,23,18
2016-07-02-16-45-00,25,18,7
2016-07-02-17-00-00,30,17,13
2016-07-02-17-15-00,49,27,22
2016-07-02-17-30-00,21,9,12
2016-07-02-17-45-00,27,17,10
2016-07-02-18-00-00,24,11,13
2016-07-02-18-15-00,27,12,15
2016-07-02-18-30-00,44,19,25
2016-07-02-18-45-00,41,27,14
2016-07-02-19-00-00,10,6,4
2016-07-02-19-15-00,24,13,11
2016-07-02-19-30-00,30,15,15
2016-07-02-19-45-00,33,6,27
2016-07-02-20-00-00,25,18,7
2016-07-02-20-15-00,18,5,13
2016-07-02-20-30-00,21,12,9
2016-07-02-20-45-00,9,5,4
2016-07-02-21-00-00,8,6,2
2016-07-02-21-15-00,5,2,3
2016-07-02-21-30-00,4,4,0
2016-07-02-21-45-00,7,5,2
2016-07-02-22-00-00,6,4,2
2016-07-02-22-15-00,1,1,0
2016-07-02-22-30-00,3,2,1
2016-07-02-22-45-00,3,3,0
2016-07-02-23-00-00,5,4,1
2016-07-02-23-15-00,2,1,1
2016-07-02-23-30-00,1,0,1
2016-07-02-23-45-00,5,3,2
2016-07-03-00-00-00,49,41,8
2016-07-03-00-15-00,21,18,3
2016-07-03-00-30-00,21,10,11
2016-07-03-00-45-00,3,2,1
2016-07-03-01-00-00,6,2,4
2016-07-03-01-15-00,12,9,3
2016-07-03-01-30-00,2,0,2
2016-07-03-01-45-00,3,2,1
2016-07-03-02-00-00,0,0,0
2016-07-03-02-15-00,1,0,1
2016-07-03-02-30-00,0,0,0
2016-07-03-02-45-00,0,0,0
2016-07-03-03-00-00,0,0,0
2016-07-03-03-15-00,0,0,0
2016-07-03-03-30-00,0,0,0
2016-07-03-03-45-00,1,0,1
2016-07-03-04-00-00,3,0,3
2016-07-03-04-15-00,0,0,0
2016-07-03-04-30-00,2,2,0
2016-07-03-04-45-00,0,0,0
2016-07-03-05-00-00,0,0,0
2016-07-03-05-15-00,0,0,0
2016-07-03-05-30-00,0,0,0
2016-07-03-05-45-00,1,1,0
2016-07-03-06-00-00,0,0,0
2016-07-03-06-15-00,1,1,0
2016-07-03-06-30-00,2,2,0
2016-07-03-06-45-00,2,2,0
2016-07-03-07-00-00,3,0,3
2016-07-03-07-15-00,2,0,2
2016-07-03-07-30-00,5,3,2
2016-07-03-07-45-00,1,0,1
2016-07-03-08-00-00,4,1,3
2016-07-03-08-15-00,8,4,4
2016-07-03-08-30-00,14,7,7
2016-07-03-08-45-00,15,7,8
2016-07-03-09-00-00,20,10,10
2016-07-03-09-15-00,18,6,12
2016-07-03-09-30-00,21,11,10
2016-07-03-09-45-00,16,8,8
2016-07-03-10-00-00,50,18,32
2016-07-03-10-15-00,41,18,23
2016-07-03-10-30-00,57,18,39
2016-07-03-10-45-00,84,28,56
2016-07-03-11-00-00,76,36,40
2016-07-03-11-15-00,62,18,44
2016-07-03-11-30-00,75,26,49
2016-07-03-11-45-00,73,29,44
2016-07-03-12-00-00,99,55,44
2016-07-03-12-15-00,56,26,30
2016-07-03-12-30-00,96,56,40
2016-07-03-12-45-00,115,68,47
2016-07-03-13-00-00,109,60,49
2016-07-03-13-15-00,67,38,29
2016-07-03-13-30-00,106,46,60
2016-07-03-13-45-00,101,32,69
2016-07-03-14-00-00,87,49,38
2016-07-03-14-15-00,57,33,24
2016-07-03-14-30-00,79,35,44
2016-07-03-14-45-00,100,46,54
2016-07-03-15-00-00,116,58,58
2016-07-03-15-15-00,98,54,44
2016-07-03-15-30-00,77,48,29
2016-07-03-15-45-00,83,56,27
2016-07-03-16-00-00,111,57,54
2016-07-03-16-15-00,113,73,40
2016-07-03-16-30-00,96,53,43
2016-07-03-16-45-00,78,48,30
2016-07-03-17-00-00,89,57,32
2016-07-03-17-15-00,92,55,37
2016-07-03-17-30-00,111,77,34
2016-07-03-17-45-00,72,51,21
2016-07-03-18-00-00,56,42,14
2016-07-03-18-15-00,54,39,15
2016-07-03-18-30-00,53,40,13
2016-07-03-18-45-00,50,21,29
2016-07-03-19-00-00,43,26,17
2016-07-03-19-15-00,45,26,19
2016-07-03-19-30-00,31,17,14
2016-07-03-19-45-00,38,18,20
2016-07-03-20-00-00,37,22,15
2016-07-03-20-15-00,29,13,16
2016-07-03-20-30-00,27,16,11
2016-07-03-20-45-00,32,22,10
2016-07-03-21-00-00,21,15,6
2016-07-03-21-15-00,8,5,3
2016-07-03-21-30-00,13,5,8
2016-07-03-21-45-00,18,12,6
2016-07-03-22-00-00,1,1,0
2016-07-03-22-15-00,8,7,1
2016-07-03-22-30-00,8,3,5
2016-07-03-22-45-00,7,5,2
2016-07-03-23-00-00,6,4,2
2016-07-03-23-15-00,3,1,2
2016-07-03-23-30-00,2,2,0
2016-07-03-23-45-00,2,2,0
2016-07-04-00-00-00,3,3,0
2016-07-04-00-15-00,1,0,1
2016-07-04-00-30-00,1,0,1
2016-07-04-00-45-00,0,0,0
2016-07-04-01-00-00,0,0,0
2016-07-04-01-15-00,2,0,2
2016-07-04-01-30-00,0,0,0
2016-07-04-01-45-00,0,0,0
2016-07-04-02-00-00,0,0,0
2016-07-04-02-15-00,0,0,0
2016-07-04-02-30-00,0,0,0
2016-07-04-02-45-00,0,0,0
2016-07-04-03-00-00,0,0,0
2016-07-04-03-15-00,1,0,1
2016-07-04-03-30-00,0,0,0
2016-07-04-03-45-00,0,0,0
2016-07-04-04-00-00,0,0,0
2016-07-04-04-15-00,1,1,0
2016-07-04-04-30-00,0,0,0
2016-07-04-04-45-00,0,0,0
2016-07-04-05-00-00,1,0,1
2016-07-04-05-15-00,2,2,0
2016-07-04-05-30-00,1,1,0
2016-07-04-05-45-00,8,3,5
2016-07-04-06-00-00,13,8,5
2016-07-04-06-15-00,12,4,8
2016-07-04-06-30-00,8,4,4
2016-07-04-06-45-00,17,8,9
2016-07-04-07-00-00,26,10,16
2016-07-04-07-15-00,31,10,21
2016-07-04-07-30-00,39,11,28
2016-07-04-07-45-00,50,18,32
2016-07-04-08-00-00,56,18,38
2016-07-04-08-15-00,54,10,44
2016-07-04-08-30-00,54,8,46
2016-07-04-08-45-00,52,7,45
2016-07-04-09-00-00,31,9,22
2016-07-04-09-15-00,30,11,19
2016-07-04-09-30-00,27,8,19
2016-07-04-09-45-00,25,15,10
2016-07-04-10-00-00,20,8,12
2016-07-04-10-15-00,34,14,20
2016-07-04-10-30-00,41,34,7
2016-07-04-10-45-00,33,20,13
2016-07-04-11-00-00,22,8,14
2016-07-04-11-15-00,25,15,10
2016-07-04-11-30-00,17,10,7
2016-07-04-11-45-00,13,8,5
2016-07-04-12-00-00,13,8,5
2016-07-04-12-15-00,16,10,6
2016-07-04-12-30-00,19,7,12
2016-07-04-12-45-00,18,8,10
2016-07-04-13-00-00,26,13,13
2016-07-04-13-15-00,19,9,10
2016-07-04-13-30-00,15,10,5
2016-07-04-13-45-00,22,7,15
2016-07-04-14-00-00,30,14,16
2016-07-04-14-15-00,19,14,5
2016-07-04-14-30-00,29,19,10
2016-07-04-14-45-00,26,16,10
2016-07-04-15-00-00,38,19,19
2016-07-04-15-15-00,29,18,11
2016-07-04-15-30-00,40,30,10
2016-07-04-15-45-00,38,24,14
2016-07-04-16-00-00,34,24,10
2016-07-04-16-15-00,41,31,10
2016-07-04-16-30-00,56,40,16
2016-07-04-16-45-00,58,33,25
2016-07-04-17-00-00,72,39,33
2016-07-04-17-15-00,57,34,23
2016-07-04-17-30-00,83,52,31
2016-07-04-17-45-00,64,40,24
2016-07-04-18-00-00,74,40,34
2016-07-04-18-15-00,90,43,47
2016-07-04-18-30-00,61,35,26
2016-07-04-18-45-00,81,48,33
2016-07-04-19-00-00,55,31,24
2016-07-04-19-15-00,59,33,26
2016-07-04-19-30-00,45,28,17
2016-07-04-19-45-00,32,16,16
2016-07-04-20-00-00,34,24,10
2016-07-04-20-15-00,29,20,9
2016-07-04-20-30-00,43,24,19
2016-07-04-20-45-00,24,17,7
2016-07-04-21-00-00,25,16,9
2016-07-04-21-15-00,14,6,8
2016-07-04-21-30-00,25,18,7
2016-07-04-21-45-00,18,10,8
2016-07-04-22-00-00,14,9,5
2016-07-04-22-15-00,36,29,7
2016-07-04-22-30-00,2,0,2
2016-07-04-22-45-00,5,4,1
2016-07-04-23-00-00,1,0,1
2016-07-04-23-15-00,4,3,1
2016-07-04-23-30-00,6,2,4
2016-07-04-23-45-00,1,0,1
2016-07-05-00-00-00,3,3,0
2016-07-05-00-15-00,2,1,1
2016-07-05-00-30-00,2,2,0
2016-07-05-00-45-00,0,0,0
2016-07-05-01-00-00,1,0,1
2016-07-05-01-15-00,0,0,0
2016-07-05-01-30-00,0,0,0
2016-07-05-01-45-00,0,0,0
2016-07-05-02-00-00,0,0,0
2016-07-05-02-15-00,0,0,0
2016-07-05-02-30-00,0,0,0
2016-07-05-02-45-00,0,0,0
2016-07-05-03-00-00,0,0,0
2016-07-05-03-15-00,0,0,0
2016-07-05-03-30-00,0,0,0
2016-07-05-03-45-00,0,0,0
2016-07-05-04-00-00,0,0,0
2016-07-05-04-15-00,0,0,0
2016-07-05-04-30-00,1,1,0
2016-07-05-04-45-00,1,0,1
2016-07-05-05-00-00,2,1,1
2016-07-05-05-15-00,4,4,0
2016-07-05-05-30-00,0,0,0
2016-07-05-05-45-00,6,1,5
2016-07-05-06-00-00,7,3,4
2016-07-05-06-15-00,13,1,12
2016-07-05-06-30-00,11,2,9
2016-07-05-06-45-00,22,7,15
2016-07-05-07-00-00,20,7,13
2016-07-05-07-15-00,26,9,17
2016-07-05-07-30-00,41,14,27
2016-07-05-07-45-00,59,13,46
2016-07-05-08-00-00,56,12,44
2016-07-05-08-15-00,53,6,47
2016-07-05-08-30-00,72,20,52
2016-07-05-08-45-00,59,11,48
2016-07-05-09-00-00,44,8,36
2016-07-05-09-15-00,32,14,18
2016-07-05-09-30-00,36,6,30
2016-07-05-09-45-00,23,8,15
2016-07-05-10-00-00,41,11,30
2016-07-05-10-15-00,24,7,17
2016-07-05-10-30-00,31,12,19
2016-07-05-10-45-00,10,4,6
2016-07-05-11-00-00,15,10,5
2016-07-05-11-15-00,15,7,8
2016-07-05-11-30-00,21,12,9
2016-07-05-11-45-00,22,10,12
2016-07-05-12-00-00,23,13,10
2016-07-05-12-15-00,16,8,8
2016-07-05-12-30-00,26,15,11
2016-07-05-12-45-00,25,12,13
2016-07-05-13-00-00,30,12,18
2016-07-05-13-15-00,23,12,11
2016-07-05-13-30-00,16,11,5
2016-07-05-13-45-00,39,32,7
2016-07-05-14-00-00,17,9,8
2016-07-05-14-15-00,17,9,8
2016-07-05-14-30-00,27,18,9
2016-07-05-14-45-00,35,23,12
2016-07-05-15-00-00,19,12,7
2016-07-05-15-15-00,33,18,15
2016-07-05-15-30-00,32,21,11
2016-07-05-15-45-00,31,22,9
2016-07-05-16-00-00,44,26,18
2016-07-05-16-15-00,42,27,15
2016-07-05-16-30-00,47,36,11
2016-07-05-16-45-00,34,27,7
2016-07-05-17-00-00,53,40,13
2016-07-05-17-15-00,38,30,8
2016-07-05-17-30-00,47,36,11
2016-07-05-17-45-00,52,42,10
2016-07-05-18-00-00,66,45,21
2016-07-05-18-15-00,53,38,15
2016-07-05-18-30-00,50,34,16
2016-07-05-18-45-00,37,24,13
2016-07-05-19-00-00,34,16,18
2016-07-05-19-15-00,29,18,11
2016-07-05-19-30-00,31,19,12
2016-07-05-19-45-00,27,19,8
2016-07-05-20-00-00,39,35,4
2016-07-05-20-15-00,34,16,18
2016-07-05-20-30-00,16,9,7
2016-07-05-20-45-00,20,15,5
2016-07-05-21-00-00,6,2,4
2016-07-05-21-15-00,21,15,6
2016-07-05-21-30-00,17,9,8
2016-07-05-21-45-00,8,3,5
2016-07-05-22-00-00,5,2,3
2016-07-05-22-15-00,7,1,6
2016-07-05-22-30-00,4,0,4
2016-07-05-22-45-00,3,1,2
2016-07-05-23-00-00,6,2,4
2016-07-05-23-15-00,5,1,4
2016-07-05-23-30-00,0,0,0
2016-07-05-23-45-00,0,0,0
2016-07-06-00-00-00,0,0,0
2016-07-06-00-15-00,0,0,0
2016-07-06-00-30-00,5,2,3
2016-07-06-00-45-00,0,0,0
2016-07-06-01-00-00,0,0,0
2016-07-06-01-15-00,2,2,0
2016-07-06-01-30-00,0,0,0
2016-07-06-01-45-00,0,0,0
2016-07-06-02-00-00,0,0,0
2016-07-06-02-15-00,1,1,0
2016-07-06-02-30-00,0,0,0
2016-07-06-02-45-00,0,0,0
2016-07-06-03-00-00,0,0,0
2016-07-06-03-15-00,0,0,0
2016-07-06-03-30-00,0,0,0
2016-07-06-03-45-00,0,0,0
2016-07-06-04-00-00,0,0,0
2016-07-06-04-15-00,0,0,0
2016-07-06-04-30-00,0,0,0
2016-07-06-04-45-00,0,0,0
2016-07-06-05-00-00,0,0,0
2016-07-06-05-15-00,2,1,1
2016-07-06-05-30-00,2,2,0
2016-07-06-05-45-00,5,0,5
2016-07-06-06-00-00,14,6,8
2016-07-06-06-15-00,7,0,7
2016-07-06-06-30-00,12,4,8
2016-07-06-06-45-00,17,5,12
2016-07-06-07-00-00,24,8,16
2016-07-06-07-15-00,29,11,18
2016-07-06-07-30-00,50,25,25
2016-07-06-07-45-00,61,11,50
2016-07-06-08-00-00,56,15,41
2016-07-06-08-15-00,63,12,51
2016-07-06-08-30-00,50,12,38
2016-07-06-08-45-00,45,4,41
2016-07-06-09-00-00,36,6,30
2016-07-06-09-15-00,39,19,20
2016-07-06-09-30-00,28,15,13
2016-07-06-09-45-00,19,10,9
2016-07-06-10-00-00,21,4,17
2016-07-06-10-15-00,25,10,15
2016-07-06-10-30-00,23,13,10
2016-07-06-10-45-00,19,9,10
2016-07-06-11-00-00,24,13,11
2016-07-06-11-15-00,26,16,10
2016-07-06-11-30-00,25,14,11
2016-07-06-11-45-00,29,15,14
2016-07-06-12-00-00,27,13,14
2016-07-06-12-15-00,41,28,13
2016-07-06-12-30-00,37,17,20
2016-07-06-12-45-00,27,12,15
2016-07-06-13-00-00,41,18,23
2016-07-06-13-15-00,28,13,15
2016-07-06-13-30-00,34,17,17
2016-07-06-13-45-00,32,14,18
2016-07-06-14-00-00,29,16,13
2016-07-06-14-15-00,45,24,21
2016-07-06-14-30-00,33,19,14
2016-07-06-14-45-00,33,15,18
2016-07-06-15-00-00,44,24,20
2016-07-06-15-15-00,35,21,14
2016-07-06-15-30-00,61,35,26
2016-07-06-15-45-00,57,38,19
2016-07-06-16-00-00,59,27,32
2016-07-06-16-15-00,55,41,14
2016-07-06-16-30-00,67,39,28
2016-07-06-16-45-00,80,54,26
2016-07-06-17-00-00,55,38,17
2016-07-06-17-15-00,84,54,30
2016-07-06-17-30-00,67,43,24
2016-07-06-17-45-00,108,59,49
2016-07-06-18-00-00,71,50,21
2016-07-06-18-15-00,90,52,38
2016-07-06-18-30-00,74,47,27
2016-07-06-18-45-00,77,47,30
2016-07-06-19-00-00,70,45,25
2016-07-06-19-15-00,67,38,29
2016-07-06-19-30-00,43,27,16
2016-07-06-19-45-00,69,38,31
2016-07-06-20-00-00,60,46,14
2016-07-06-20-15-00,59,36,23
2016-07-06-20-30-00,39,22,17
2016-07-06-20-45-00,48,36,12
2016-07-06-21-00-00,23,14,9
2016-07-06-21-15-00,19,16,3
2016-07-06-21-30-00,21,12,9
2016-07-06-21-45-00,12,9,3
2016-07-06-22-00-00,10,6,4
2016-07-06-22-15-00,17,9,8
2016-07-06-22-30-00,9,7,2
2016-07-06-22-45-00,10,6,4
2016-07-06-23-00-00,14,8,6
2016-07-06-23-15-00,17,11,6
2016-07-06-23-30-00,10,4,6
2016-07-06-23-45-00,2,1,1
2016-07-07-00-00-00,8,7,1
2016-07-07-00-15-00,0,0,0
2016-07-07-00-30-00,0,0,0
2016-07-07-00-45-00,3,0,3
2016-07-07-01-00-00,1,1,0
2016-07-07-01-15-00,0,0,0
2016-07-07-01-30-00,0,0,0
2016-07-07-01-45-00,0,0,0
2016-07-07-02-00-00,0,0,0
2016-07-07-02-15-00,3,1,2
2016-07-07-02-30-00,0,0,0
2016-07-07-02-45-00,0,0,0
2016-07-07-03-00-00,0,0,0
2016-07-07-03-15-00,0,0,0
2016-07-07-03-30-00,0,0,0
2016-07-07-03-45-00,0,0,0
2016-07-07-04-00-00,0,0,0
2016-07-07-04-15-00,0,0,0
2016-07-07-04-30-00,1,0,1
2016-07-07-04-45-00,1,0,1
2016-07-07-05-00-00,1,0,1
2016-07-07-05-15-00,2,2,0
2016-07-07-05-30-00,0,0,0
2016-07-07-05-45-00,8,5,3
2016-07-07-06-00-00,8,2,6
2016-07-07-06-15-00,11,5,6
2016-07-07-06-30-00,13,3,10
2016-07-07-06-45-00,25,8,17
2016-07-07-07-00-00,33,14,19
2016-07-07-07-15-00,26,9,17
2016-07-07-07-30-00,47,14,33
2016-07-07-07-45-00,69,10,59
2016-07-07-08-00-00,51,10,41
2016-07-07-08-15-00,69,16,53
2016-07-07-08-30-00,53,12,41
2016-07-07-08-45-00,55,7,48
2016-07-07-09-00-00,49,16,33
2016-07-07-09-15-00,39,15,24
2016-07-07-09-30-00,24,11,13
2016-07-07-09-45-00,30,7,23
2016-07-07-10-00-00,43,22,21
2016-07-07-10-15-00,22,9,13
2016-07-07-10-30-00,43,13,30
2016-07-07-10-45-00,53,18,35
2016-07-07-11-00-00,50,17,33
2016-07-07-11-15-00,36,11,25
2016-07-07-11-30-00,44,16,28
2016-07-07-11-45-00,62,21,41
2016-07-07-12-00-00,48,21,27
2016-07-07-12-15-00,58,30,28
2016-07-07-12-30-00,57,27,30
2016-07-07-12-45-00,50,19,31
2016-07-07-13-00-00,40,18,22
2016-07-07-13-15-00,45,24,21
2016-07-07-13-30-00,60,27,33
2016-07-07-13-45-00,52,24,28
2016-07-07-14-00-00,65,29,36
2016-07-07-14-15-00,66,29,37
2016-07-07-14-30-00,77,48,29
2016-07-07-14-45-00,48,28,20
2016-07-07-15-00-00,76,43,33
2016-07-07-15-15-00,68,43,25
2016-07-07-15-30-00,64,47,17
2016-07-07-15-45-00,74,45,29
2016-07-07-16-00-00,77,46,31
2016-07-07-16-15-00,81,54,27
2016-07-07-16-30-00,66,43,23
2016-07-07-16-45-00,93,56,37
2016-07-07-17-00-00,81,50,31
2016-07-07-17-15-00,123,88,35
2016-07-07-17-30-00,112,88,24
2016-07-07-17-45-00,69,49,20
2016-07-07-18-00-00,79,49,30
2016-07-07-18-15-00,80,47,33
2016-07-07-18-30-00,73,39,34
2016-07-07-18-45-00,101,48,53
2016-07-07-19-00-00,76,19,57
2016-07-07-19-15-00,81,25,56
2016-07-07-19-30-00,87,33,54
2016-07-07-19-45-00,73,28,45
2016-07-07-20-00-00,82,29,53
2016-07-07-20-15-00,56,24,32
2016-07-07-20-30-00,50,30,20
2016-07-07-20-45-00,27,11,16
2016-07-07-21-00-00,23,16,7
2016-07-07-21-15-00,13,9,4
2016-07-07-21-30-00,13,4,9
2016-07-07-21-45-00,23,12,11
2016-07-07-22-00-00,6,5,1
2016-07-07-22-15-00,9,7,2
2016-07-07-22-30-00,0,0,0
2016-07-07-22-45-00,16,12,4
2016-07-07-23-00-00,119,106,13
2016-07-07-23-15-00,74,61,13
2016-07-07-23-30-00,37,31,6
2016-07-07-23-45-00,24,18,6
2016-07-08-00-00-00,22,18,4
2016-07-08-00-15-00,2,2,0
2016-07-08-00-30-00,8,4,4
2016-07-08-00-45-00,0,0,0
2016-07-08-01-00-00,1,0,1
2016-07-08-01-15-00,1,0,1
2016-07-08-01-30-00,0,0,0
2016-07-08-01-45-00,0,0,0
2016-07-08-02-00-00,2,1,1
2016-07-08-02-15-00,0,0,0
2016-07-08-02-30-00,0,0,0
2016-07-08-02-45-00,1,1,0
2016-07-08-03-00-00,0,0,0
2016-07-08-03-15-00,0,0,0
2016-07-08-03-30-00,0,0,0
2016-07-08-03-45-00,0,0,0
2016-07-08-04-00-00,1,1,0
2016-07-08-04-15-00,0,0,0
2016-07-08-04-30-00,0,0,0
2016-07-08-04-45-00,0,0,0
2016-07-08-05-00-00,0,0,0
2016-07-08-05-15-00,2,1,1
2016-07-08-05-30-00,2,2,0
2016-07-08-05-45-00,5,2,3
2016-07-08-06-00-00,10,2,8
2016-07-08-06-15-00,6,1,5
2016-07-08-06-30-00,10,2,8
2016-07-08-06-45-00,12,2,10
2016-07-08-07-00-00,28,13,15
2016-07-08-07-15-00,28,11,17
2016-07-08-07-30-00,43,13,30
2016-07-08-07-45-00,66,22,44
2016-07-08-08-00-00,53,16,37
2016-07-08-08-15-00,50,11,39
2016-07-08-08-30-00,60,10,50
2016-07-08-08-45-00,55,8,47
2016-07-08-09-00-00,42,12,30
2016-07-08-09-15-00,36,22,14
2016-07-08-09-30-00,31,17,14
2016-07-08-09-45-00,22,8,14
2016-07-08-10-00-00,28,18,10
2016-07-08-10-15-00,30,15,15
2016-07-08-10-30-00,19,8,11
2016-07-08-10-45-00,26,22,4
2016-07-08-11-00-00,19,7,12
2016-07-08-11-15-00,34,20,14
2016-07-08-11-30-00,36,15,21
2016-07-08-11-45-00,33,9,24
2016-07-08-12-00-00,24,14,10
2016-07-08-12-15-00,29,11,18
2016-07-08-12-30-00,30,23,7
2016-07-08-12-45-00,31,17,14
2016-07-08-13-00-00,27,13,14
2016-07-08-13-15-00,45,17,28
2016-07-08-13-30-00,39,23,16
2016-07-08-13-45-00,37,22,15
2016-07-08-14-00-00,48,23,25
2016-07-08-14-15-00,40,22,18
2016-07-08-14-30-00,36,22,14
2016-07-08-14-45-00,36,23,13
2016-07-08-15-00-00,40,30,10
2016-07-08-15-15-00,57,31,26
2016-07-08-15-30-00,60,44,16
2016-07-08-15-45-00,58,40,18
2016-07-08-16-00-00,63,48,15
2016-07-08-16-15-00,47,31,16
2016-07-08-16-30-00,48,30,18
2016-07-08-16-45-00,46,33,13
2016-07-08-17-00-00,59,34,25
2016-07-08-17-15-00,41,27,14
2016-07-08-17-30-00,70,48,22
2016-07-08-17-45-00,57,30,27
2016-07-08-18-00-00,64,42,22
2016-07-08-18-15-00,41,24,17
2016-07-08-18-30-00,48,28,20
2016-07-08-18-45-00,56,31,25
2016-07-08-19-00-00,44,18,26
2016-07-08-19-15-00,50,24,26
2016-07-08-19-30-00,36,13,23
2016-07-08-19-45-00,27,10,17
2016-07-08-20-00-00,26,14,12
2016-07-08-20-15-00,41,29,12
2016-07-08-20-30-00,26,14,12
2016-07-08-20-45-00,47,35,12
2016-07-08-21-00-00,34,17,17
2016-07-08-21-15-00,28,17,11
2016-07-08-21-30-00,27,18,9
2016-07-08-21-45-00,23,16,7
2016-07-08-22-00-00,12,7,5
2016-07-08-22-15-00,23,15,8
2016-07-08-22-30-00,16,10,6
2016-07-08-22-45-00,16,10,6
2016-07-08-23-00-00,15,8,7
2016-07-08-23-15-00,8,8,0
2016-07-08-23-30-00,6,5,1
2016-07-08-23-45-00,7,5,2
2016-07-09-00-00-00,7,2,5
2016-07-09-00-15-00,3,0,3
2016-07-09-00-30-00,10,7,3
2016-07-09-00-45-00,2,2,0
2016-07-09-01-00-00,1,0,1
2016-07-09-01-15-00,0,0,0
2016-07-09-01-30-00,1,1,0
2016-07-09-01-45-00,2,2,0
2016-07-09-02-00-00,0,0,0
2016-07-09-02-15-00,1,0,1
2016-07-09-02-30-00,1,0,1
2016-07-09-02-45-00,2,0,2
2016-07-09-03-00-00,0,0,0
2016-07-09-03-15-00,0,0,0
2016-07-09-03-30-00,0,0,0
2016-07-09-03-45-00,1,0,1
2016-07-09-04-00-00,0,0,0
2016-07-09-04-15-00,0,0,0
2016-07-09-04-30-00,1,1,0
2016-07-09-04-45-00,1,0,1
2016-07-09-05-00-00,0,0,0
2016-07-09-05-15-00,0,0,0
2016-07-09-05-30-00,2,2,0
2016-07-09-05-45-00,0,0,0
2016-07-09-06-00-00,1,1,0
2016-07-09-06-15-00,2,2,0
2016-07-09-06-30-00,5,3,2
2016-07-09-06-45-00,1,1,0
2016-07-09-07-00-00,1,1,0
2016-07-09-07-15-00,3,1,2
2016-07-09-07-30-00,10,3,7
2016-07-09-07-45-00,2,1,1
2016-07-09-08-00-00,6,2,4
2016-07-09-08-15-00,7,4,3
2016-07-09-08-30-00,7,6,1
2016-07-09-08-45-00,13,6,7
2016-07-09-09-00-00,14,9,5
2016-07-09-09-15-00,14,10,4
2016-07-09-09-30-00,27,19,8
2016-07-09-09-45-00,24,14,10
2016-07-09-10-00-00,29,12,17
2016-07-09-10-15-00,33,15,18
2016-07-09-10-30-00,31,14,17
2016-07-09-10-45-00,43,20,23
2016-07-09-11-00-00,38,13,25
2016-07-09-11-15-00,50,24,26
2016-07-09-11-30-00,32,16,16
2016-07-09-11-45-00,55,19,36
2016-07-09-12-00-00,67,24,43
2016-07-09-12-15-00,62,26,36
2016-07-09-12-30-00,37,16,21
2016-07-09-12-45-00,59,31,28
2016-07-09-13-00-00,68,31,37
2016-07-09-13-15-00,57,27,30
2016-07-09-13-30-00,74,45,29
2016-07-09-13-45-00,86,50,36
2016-07-09-14-00-00,70,32,38
2016-07-09-14-15-00,72,28,44
2016-07-09-14-30-00,66,31,35
2016-07-09-14-45-00,88,37,51
2016-07-09-15-00-00,99,44,55
2016-07-09-15-15-00,93,40,53
2016-07-09-15-30-00,91,40,51
2016-07-09-15-45-00,95,47,48
2016-07-09-16-00-00,89,35,54
2016-07-09-16-15-00,96,45,51
2016-07-09-16-30-00,78,40,38
2016-07-09-16-45-00,97,62,35
2016-07-09-17-00-00,66,32,34
2016-07-09-17-15-00,75,40,35
2016-07-09-17-30-00,80,41,39
2016-07-09-17-45-00,90,39,51
2016-07-09-18-00-00,88,49,39
2016-07-09-18-15-00,105,56,49
2016-07-09-18-30-00,91,40,51
2016-07-09-18-45-00,102,29,73
2016-07-09-19-00-00,54,28,26
2016-07-09-19-15-00,51,28,23
2016-07-09-19-30-00,68,33,35
2016-07-09-19-45-00,45,24,21
2016-07-09-20-00-00,66,35,31
2016-07-09-20-15-00,64,39,25
2016-07-09-20-30-00,67,48,19
2016-07-09-20-45-00,67,40,27
2016-07-09-21-00-00,52,29,23
2016-07-09-21-15-00,50,33,17
2016-07-09-21-30-00,36,25,11
2016-07-09-21-45-00,46,22,24
2016-07-09-22-00-00,32,15,17
2016-07-09-22-15-00,12,5,7
2016-07-09-22-30-00,20,16,4
2016-07-09-22-45-00,23,14,9
2016-07-09-23-00-00,15,9,6
2016-07-09-23-15-00,26,14,12
2016-07-09-23-30-00,18,9,9
2016-07-09-23-45-00,17,16,1
2016-07-10-00-00-00,12,9,3
2016-07-10-00-15-00,22,22,0
2016-07-10-00-30-00,7,5,2
2016-07-10-00-45-00,11,8,3
2016-07-10-01-00-00,11,8,3
2016-07-10-01-15-00,8,8,0
2016-07-10-01-30-00,0,0,0
2016-07-10-01-45-00,11,3,8
2016-07-10-02-00-00,5,2,3
2016-07-10-02-15-00,3,1,2
2016-07-10-02-30-00,2,0,2
2016-07-10-02-45-00,1,1,0
2016-07-10-03-00-00,0,0,0
2016-07-10-03-15-00,1,1,0
2016-07-10-03-30-00,0,0,0
2016-07-10-03-45-00,1,1,0
2016-07-10-04-00-00,0,0,0
2016-07-10-04-15-00,1,1,0
2016-07-10-04-30-00,0,0,0
2016-07-10-04-45-00,1,0,1
2016-07-10-05-00-00,1,1,0
2016-07-10-05-15-00,1,0,1
2016-07-10-05-30-00,1,1,0
2016-07-10-05-45-00,0,0,0
2016-07-10-06-00-00,1,1,0
2016-07-10-06-15-00,2,2,0
2016-07-10-06-30-00,3,2,1
2016-07-10-06-45-00,6,3,3
2016-07-10-07-00-00,4,0,4
2016-07-10-07-15-00,4,2,2
2016-07-10-07-30-00,9,2,7
2016-07-10-07-45-00,12,2,10
2016-07-10-08-00-00,12,3,9
2016-07-10-08-15-00,13,6,7
2016-07-10-08-30-00,13,4,9
2016-07-10-08-45-00,24,9,15
2016-07-10-09-00-00,32,17,15
2016-07-10-09-15-00,23,9,14
2016-07-10-09-30-00,47,18,29
2016-07-10-09-45-00,69,32,37
2016-07-10-10-00-00,52,27,25
2016-07-10-10-15-00,83,32,51
2016-07-10-10-30-00,73,44,29
2016-07-10-10-45-00,79,34,45
2016-07-10-11-00-00,87,39,48
2016-07-10-11-15-00,109,41,68
2016-07-10-11-30-00,114,49,65
2016-07-10-11-45-00,91,38,53
2016-07-10-12-00-00,100,47,53
2016-07-10-12-15-00,102,43,59
2016-07-10-12-30-00,103,58,45
2016-07-10-12-45-00,110,56,54
2016-07-10-13-00-00,97,39,58
2016-07-10-13-15-00,113,68,45
2016-07-10-13-30-00,83,30,53
2016-07-10-13-45-00,140,73,67
2016-07-10-14-00-00,109,68,41
2016-07-10-14-15-00,116,69,47
2016-07-10-14-30-00,119,45,74
2016-07-10-14-45-00,89,45,44
2016-07-10-15-00-00,110,49,61
2016-07-10-15-15-00,116,63,53
2016-07-10-15-30-00,108,61,47
2016-07-10-15-45-00,122,59,63
2016-07-10-16-00-00,94,56,38
2016-07-10-16-15-00,99,62,37
2016-07-10-16-30-00,124,73,51
2016-07-10-16-45-00,102,59,43
2016-07-10-17-00-00,89,50,39
2016-07-10-17-15-00,109,61,48
2016-07-10-17-30-00,83,50,33
2016-07-10-17-45-00,75,40,35
2016-07-10-18-00-00,114,81,33
2016-07-10-18-15-00,78,46,32
2016-07-10-18-30-00,85,57,28
2016-07-10-18-45-00,95,61,34
2016-07-10-19-00-00,56,35,21
2016-07-10-19-15-00,70,37,33
2016-07-10-19-30-00,41,16,25
2016-07-10-19-45-00,71,49,22
2016-07-10-20-00-00,67,33,34
2016-07-10-20-15-00,47,25,22
2016-07-10-20-30-00,51,29,22
2016-07-10-20-45-00,64,38,26
2016-07-10-21-00-00,37,19,18
2016-07-10-21-15-00,24,10,14
2016-07-10-21-30-00,13,6,7
2016-07-10-21-45-00,19,12,7
2016-07-10-22-00-00,13,9,4
2016-07-10-22-15-00,4,4,0
2016-07-10-22-30-00,6,5,1
2016-07-10-22-45-00,6,3,3
2016-07-10-23-00-00,8,8,0
2016-07-10-23-15-00,3,1,2
2016-07-10-23-30-00,8,6,2
2016-07-10-23-45-00,7,7,0
2016-07-11-00-00-00,6,3,3
2016-07-11-00-15-00,2,2,0
2016-07-11-00-30-00,0,0,0
2016-07-11-00-45-00,0,0,0
2016-07-11-01-00-00,1,0,1
2016-07-11-01-15-00,0,0,0
2016-07-11-01-30-00,0,0,0
2016-07-11-01-45-00,1,1,0
2016-07-11-02-00-00,1,0,1
2016-07-11-02-15-00,0,0,0
2016-07-11-02-30-00,0,0,0
2016-07-11-02-45-00,0,0,0
2016-07-11-03-00-00,0,0,0
2016-07-11-03-15-00,0,0,0
2016-07-11-03-30-00,0,0,0
2016-07-11-03-45-00,0,0,0
2016-07-11-04-00-00,1,1,0
2016-07-11-04-15-00,0,0,0
2016-07-11-04-30-00,0,0,0
2016-07-11-04-45-00,0,0,0
2016-07-11-05-00-00,1,0,1
2016-07-11-05-15-00,1,1,0
2016-07-11-05-30-00,1,1,0
2016-07-11-05-45-00,9,4,5
2016-07-11-06-00-00,10,4,6
2016-07-11-06-15-00,16,6,10
2016-07-11-06-30-00,12,2,10
2016-07-11-06-45-00,16,5,11
2016-07-11-07-00-00,27,10,17
2016-07-11-07-15-00,37,12,25
2016-07-11-07-30-00,50,16,34
2016-07-11-07-45-00,44,6,38
2016-07-11-08-00-00,51,16,35
2016-07-11-08-15-00,59,11,48
2016-07-11-08-30-00,61,12,49
2016-07-11-08-45-00,55,9,46
2016-07-11-09-00-00,40,8,32
2016-07-11-09-15-00,35,14,21
2016-07-11-09-30-00,36,12,24
2016-07-11-09-45-00,28,15,13
2016-07-11-10-00-00,23,10,13
2016-07-11-10-15-00,16,11,5
2016-07-11-10-30-00,25,13,12
2016-07-11-10-45-00,22,8,14
2016-07-11-11-00-00,29,9,20
2016-07-11-11-15-00,29,13,16
2016-07-11-11-30-00,29,16,13
2016-07-11-11-45-00,31,14,17
2016-07-11-12-00-00,22,13,9
2016-07-11-12-15-00,37,14,23
2016-07-11-12-30-00,30,20,10
2016-07-11-12-45-00,33,16,17
2016-07-11-13-00-00,34,19,15
2016-07-11-13-15-00,28,15,13
2016-07-11-13-30-00,37,23,14
2016-07-11-13-45-00,32,14,18
2016-07-11-14-00-00,23,13,10
2016-07-11-14-15-00,39,15,24
2016-07-11-14-30-00,24,14,10
2016-07-11-14-45-00,38,26,12
2016-07-11-15-00-00,47,28,19
2016-07-11-15-15-00,38,22,16
2016-07-11-15-30-00,46,29,17
2016-07-11-15-45-00,39,27,12
2016-07-11-16-00-00,59,32,27
2016-07-11-16-15-00,53,29,24
2016-07-11-16-30-00,61,38,23
2016-07-11-16-45-00,63,41,22
2016-07-11-17-00-00,75,50,25
2016-07-11-17-15-00,81,60,21
2016-07-11-17-30-00,82,46,36
2016-07-11-17-45-00,79,49,30
2016-07-11-18-00-00,63,39,24
2016-07-11-18-15-00,73,46,27
2016-07-11-18-30-00,77,43,34
2016-07-11-18-45-00,75,41,34
2016-07-11-19-00-00,58,30,28
2016-07-11-19-15-00,51,27,24
2016-07-11-19-30-00,47,21,26
2016-07-11-19-45-00,34,20,14
2016-07-11-20-00-00,39,25,14
2016-07-11-20-15-00,40,29,11
2016-07-11-20-30-00,39,24,15
2016-07-11-20-45-00,25,16,9
2016-07-11-21-00-00,25,15,10
2016-07-11-21-15-00,21,12,9
2016-07-11-21-30-00,31,15,16
2016-07-11-21-45-00,19,16,3
2016-07-11-22-00-00,18,12,6
2016-07-11-22-15-00,17,16,1
2016-07-11-22-30-00,15,10,5
2016-07-11-22-45-00,5,5,0
2016-07-11-23-00-00,1,1,0
2016-07-11-23-15-00,2,2,0
2016-07-11-23-30-00,0,0,0
2016-07-11-23-45-00,1,0,1
2016-07-12-00-00-00,1,0,1
2016-07-12-00-15-00,1,1,0
2016-07-12-00-30-00,0,0,0
2016-07-12-00-45-00,0,0,0
2016-07-12-01-00-00,0,0,0
2016-07-12-01-15-00,0,0,0
2016-07-12-01-30-00,1,1,0
2016-07-12-01-45-00,3,1,2
2016-07-12-02-00-00,0,0,0
2016-07-12-02-15-00,0,0,0
2016-07-12-02-30-00,0,0,0
2016-07-12-02-45-00,0,0,0
2016-07-12-03-00-00,0,0,0
2016-07-12-03-15-00,0,0,0
2016-07-12-03-30-00,0,0,0
2016-07-12-03-45-00,0,0,0
2016-07-12-04-00-00,0,0,0
2016-07-12-04-15-00,0,0,0
2016-07-12-04-30-00,0,0,0
2016-07-12-04-45-00,0,0,0
2016-07-12-05-00-00,0,0,0
2016-07-12-05-15-00,2,2,0
2016-07-12-05-30-00,1,0,1
2016-07-12-05-45-00,7,3,4
2016-07-12-06-00-00,12,7,5
2016-07-12-06-15-00,13,1,12
2016-07-12-06-30-00,12,3,9
2016-07-12-06-45-00,18,6,12
2016-07-12-07-00-00,29,8,21
2016-07-12-07-15-00,36,14,22
2016-07-12-07-30-00,29,6,23
2016-07-12-07-45-00,60,13,47
2016-07-12-08-00-00,65,12,53
2016-07-12-08-15-00,60,15,45
2016-07-12-08-30-00,55,15,40
2016-07-12-08-45-00,67,15,52
2016-07-12-09-00-00,34,9,25
2016-07-12-09-15-00,39,8,31
2016-07-12-09-30-00,19,6,13
2016-07-12-09-45-00,18,9,9
2016-07-12-10-00-00,31,12,19
2016-07-12-10-15-00,27,16,11
2016-07-12-10-30-00,29,8,21
2016-07-12-10-45-00,36,11,25
2016-07-12-11-00-00,35,16,19
2016-07-12-11-15-00,41,23,18
2016-07-12-11-30-00,44,26,18
2016-07-12-11-45-00,26,15,11
2016-07-12-12-00-00,27,15,12
2016-07-12-12-15-00,50,19,31
2016-07-12-12-30-00,48,24,24
2016-07-12-12-45-00,31,13,18
2016-07-12-13-00-00,38,17,21
2016-07-12-13-15-00,40,22,18
2016-07-12-13-30-00,31,18,13
2016-07-12-13-45-00,26,13,13
2016-07-12-14-00-00,28,18,10
2016-07-12-14-15-00,33,22,11
2016-07-12-14-30-00,38,25,13
2016-07-12-14-45-00,31,14,17
2016-07-12-15-00-00,31,21,10
2016-07-12-15-15-00,54,24,30
2016-07-12-15-30-00,48,37,11
2016-07-12-15-45-00,31,20,11
2016-07-12-16-00-00,52,26,26
2016-07-12-16-15-00,56,37,19
2016-07-12-16-30-00,40,26,14
2016-07-12-16-45-00,63,47,16
2016-07-12-17-00-00,81,55,26
2016-07-12-17-15-00,68,45,23
2016-07-12-17-30-00,82,54,28
2016-07-12-17-45-00,67,51,16
2016-07-12-18-00-00,74,52,22
2016-07-12-18-15-00,86,67,19
2016-07-12-18-30-00,54,34,20
2016-07-12-18-45-00,27,9,18
2016-07-12-19-00-00,48,27,21
2016-07-12-19-15-00,39,28,11
2016-07-12-19-30-00,42,19,23
2016-07-12-19-45-00,23,18,5
2016-07-12-20-00-00,25,13,12
2016-07-12-20-15-00,23,17,6
2016-07-12-20-30-00,17,11,6
2016-07-12-20-45-00,18,8,10
2016-07-12-21-00-00,13,10,3
2016-07-12-21-15-00,19,13,6
2016-07-12-21-30-00,17,13,4
2016-07-12-21-45-00,8,7,1
2016-07-12-22-00-00,6,4,2
2016-07-12-22-15-00,5,3,2
2016-07-12-22-30-00,8,7,1
2016-07-12-22-45-00,4,0,4
2016-07-12-23-00-00,0,0,0
2016-07-12-23-15-00,0,0,0
2016-07-12-23-30-00,5,3,2
2016-07-12-23-45-00,0,0,0
2016-07-13-00-00-00,1,0,1
2016-07-13-00-15-00,0,0,0
2016-07-13-00-30-00,0,0,0
2016-07-13-00-45-00,0,0,0
2016-07-13-01-00-00,0,0,0
2016-07-13-01-15-00,1,1,0
2016-07-13-01-30-00,0,0,0
2016-07-13-01-45-00,0,0,0
2016-07-13-02-00-00,0,0,0
2016-07-13-02-15-00,0,0,0
2016-07-13-02-30-00,0,0,0
2016-07-13-02-45-00,0,0,0
2016-07-13-03-00-00,0,0,0
2016-07-13-03-15-00,0,0,0
2016-07-13-03-30-00,0,0,0
2016-07-13-03-45-00,0,0,0
2016-07-13-04-00-00,0,0,0
2016-07-13-04-15-00,0,0,0
2016-07-13-04-30-00,0,0,0
2016-07-13-04-45-00,0,0,0
2016-07-13-05-00-00,0,0,0
2016-07-13-05-15-00,0,0,0
2016-07-13-05-30-00,0,0,0
2016-07-13-05-45-00,5,4,1
2016-07-13-06-00-00,10,5,5
2016-07-13-06-15-00,11,3,8
2016-07-13-06-30-00,12,4,8
2016-07-13-06-45-00,9,5,4
2016-07-13-07-00-00,32,8,24
2016-07-13-07-15-00,27,7,20
2016-07-13-07-30-00,25,6,19
2016-07-13-07-45-00,38,13,25
2016-07-13-08-00-00,49,8,41
2016-07-13-08-15-00,52,13,39
2016-07-13-08-30-00,53,11,42
2016-07-13-08-45-00,43,8,35
2016-07-13-09-00-00,39,5,34
2016-07-13-09-15-00,32,11,21
2016-07-13-09-30-00,21,10,11
2016-07-13-09-45-00,20,13,7
2016-07-13-10-00-00,11,5,6
2016-07-13-10-15-00,17,11,6
2016-07-13-10-30-00,16,9,7
2016-07-13-10-45-00,16,7,9
2016-07-13-11-00-00,29,21,8
2016-07-13-11-15-00,18,14,4
2016-07-13-11-30-00,8,6,2
2016-07-13-11-45-00,9,3,6
2016-07-13-12-00-00,10,4,6
2016-07-13-12-15-00,15,7,8
2016-07-13-12-30-00,9,4,5
2016-07-13-12-45-00,13,8,5
2016-07-13-13-00-00,16,8,8
2016-07-13-13-15-00,23,17,6
2016-07-13-13-30-00,12,5,7
2016-07-13-13-45-00,16,5,11
2016-07-13-14-00-00,9,4,5
2016-07-13-14-15-00,25,16,9
2016-07-13-14-30-00,14,10,4
2016-07-13-14-45-00,29,9,20
2016-07-13-15-00-00,29,19,10
2016-07-13-15-15-00,25,18,7
2016-07-13-15-30-00,38,21,17
2016-07-13-15-45-00,37,21,16
2016-07-13-16-00-00,33,20,13
2016-07-13-16-15-00,36,26,10
2016-07-13-16-30-00,37,18,19
2016-07-13-16-45-00,33,24,9
2016-07-13-17-00-00,47,41,6
2016-07-13-17-15-00,40,35,5
2016-07-13-17-30-00,53,40,13
2016-07-13-17-45-00,48,35,13
2016-07-13-18-00-00,48,33,15
2016-07-13-18-15-00,46,30,16
2016-07-13-18-30-00,47,32,15
2016-07-13-18-45-00,29,19,10
2016-07-13-19-00-00,42,28,14
2016-07-13-19-15-00,49,26,23
2016-07-13-19-30-00,47,26,21
2016-07-13-19-45-00,32,19,13
2016-07-13-20-00-00,23,13,10
2016-07-13-20-15-00,22,13,9
2016-07-13-20-30-00,25,19,6
2016-07-13-20-45-00,15,7,8
2016-07-13-21-00-00,17,10,7
2016-07-13-21-15-00,8,4,4
2016-07-13-21-30-00,8,2,6
2016-07-13-21-45-00,7,4,3
2016-07-13-22-00-00,8,6,2
2016-07-13-22-15-00,5,2,3
2016-07-13-22-30-00,5,0,5
2016-07-13-22-45-00,1,0,1
2016-07-13-23-00-00,3,2,1
2016-07-13-23-15-00,1,0,1
2016-07-13-23-30-00,5,1,4
2016-07-13-23-45-00,4,3,1
2016-07-14-00-00-00,2,2,0
2016-07-14-00-15-00,1,1,0
2016-07-14-00-30-00,0,0,0
2016-07-14-00-45-00,0,0,0
2016-07-14-01-00-00,1,0,1
2016-07-14-01-15-00,0,0,0
2016-07-14-01-30-00,0,0,0
2016-07-14-01-45-00,0,0,0
2016-07-14-02-00-00,1,0,1
2016-07-14-02-15-00,0,0,0
2016-07-14-02-30-00,0,0,0
2016-07-14-02-45-00,0,0,0
2016-07-14-03-00-00,0,0,0
2016-07-14-03-15-00,2,1,1
2016-07-14-03-30-00,0,0,0
2016-07-14-03-45-00,0,0,0
2016-07-14-04-00-00,2,0,2
2016-07-14-04-15-00,0,0,0
2016-07-14-04-30-00,0,0,0
2016-07-14-04-45-00,1,1,0
2016-07-14-05-00-00,0,0,0
2016-07-14-05-15-00,0,0,0
2016-07-14-05-30-00,2,1,1
2016-07-14-05-45-00,6,1,5
2016-07-14-06-00-00,9,4,5
2016-07-14-06-15-00,10,1,9
2016-07-14-06-30-00,14,4,10
2016-07-14-06-45-00,18,5,13
2016-07-14-07-00-00,27,12,15
2016-07-14-07-15-00,23,10,13
2016-07-14-07-30-00,36,12,24
2016-07-14-07-45-00,43,7,36
2016-07-14-08-00-00,51,13,38
2016-07-14-08-15-00,51,14,37
2016-07-14-08-30-00,51,11,40
2016-07-14-08-45-00,61,11,50
2016-07-14-09-00-00,31,6,25
2016-07-14-09-15-00,30,7,23
2016-07-14-09-30-00,19,4,15
2016-07-14-09-45-00,27,14,13
2016-07-14-10-00-00,21,11,10
2016-07-14-10-15-00,22,6,16
2016-07-14-10-30-00,24,7,17
2016-07-14-10-45-00,32,11,21
2016-07-14-11-00-00,21,7,14
2016-07-14-11-15-00,20,7,13
2016-07-14-11-30-00,29,16,13
2016-07-14-11-45-00,25,12,13
2016-07-14-12-00-00,14,9,5
2016-07-14-12-15-00,21,12,9
2016-07-14-12-30-00,27,9,18
2016-07-14-12-45-00,27,20,7
2016-07-14-13-00-00,23,8,15
2016-07-14-13-15-00,27,17,10
2016-07-14-13-30-00,28,19,9
2016-07-14-13-45-00,33,12,21
2016-07-14-14-00-00,18,10,8
2016-07-14-14-15-00,32,19,13
2016-07-14-14-30-00,20,9,11
2016-07-14-14-45-00,28,19,9
2016-07-14-15-00-00,29,19,10
2016-07-14-15-15-00,28,18,10
2016-07-14-15-30-00,36,21,15
2016-07-14-15-45-00,30,15,15
2016-07-14-16-00-00,35,18,17
2016-07-14-16-15-00,33,23,10
2016-07-14-16-30-00,35,23,12
2016-07-14-16-45-00,47,29,18
2016-07-14-17-00-00,53,42,11
2016-07-14-17-15-00,55,33,22
2016-07-14-17-30-00,59,43,16
2016-07-14-17-45-00,59,41,18
2016-07-14-18-00-00,64,41,23
2016-07-14-18-15-00,57,37,20
2016-07-14-18-30-00,56,28,28
2016-07-14-18-45-00,71,32,39
2016-07-14-19-00-00,47,22,25
2016-07-14-19-15-00,37,26,11
2016-07-14-19-30-00,61,45,16
2016-07-14-19-45-00,52,30,22
2016-07-14-20-00-00,37,16,21
2016-07-14-20-15-00,30,19,11
2016-07-14-20-30-00,20,17,3
2016-07-14-20-45-00,18,14,4
2016-07-14-21-00-00,17,11,6
2016-07-14-21-15-00,13,4,9
2016-07-14-21-30-00,12,5,7
2016-07-14-21-45-00,19,13,6
2016-07-14-22-00-00,17,9,8
2016-07-14-22-15-00,26,23,3
2016-07-14-22-30-00,10,7,3
2016-07-14-22-45-00,7,1,6
2016-07-14-23-00-00,0,0,0
2016-07-14-23-15-00,3,2,1
2016-07-14-23-30-00,2,1,1
2016-07-14-23-45-00,1,1,0
2016-07-15-00-00-00,1,1,0
2016-07-15-00-15-00,3,3,0
2016-07-15-00-30-00,0,0,0
2016-07-15-00-45-00,0,0,0
2016-07-15-01-00-00,0,0,0
2016-07-15-01-15-00,0,0,0
2016-07-15-01-30-00,0,0,0
2016-07-15-01-45-00,0,0,0
2016-07-15-02-00-00,0,0,0
2016-07-15-02-15-00,0,0,0
2016-07-15-02-30-00,0,0,0
2016-07-15-02-45-00,1,0,1
2016-07-15-03-00-00,0,0,0
2016-07-15-03-15-00,1,1,0
2016-07-15-03-30-00,0,0,0
2016-07-15-03-45-00,0,0,0
2016-07-15-04-00-00,0,0,0
2016-07-15-04-15-00,1,0,1
2016-07-15-04-30-00,0,0,0
2016-07-15-04-45-00,1,0,1
2016-07-15-05-00-00,1,0,1
2016-07-15-05-15-00,0,0,0
2016-07-15-05-30-00,3,1,2
2016-07-15-05-45-00,6,3,3
2016-07-15-06-00-00,9,2,7
2016-07-15-06-15-00,11,4,7
2016-07-15-06-30-00,11,4,7
2016-07-15-06-45-00,15,5,10
2016-07-15-07-00-00,22,6,16
2016-07-15-07-15-00,27,8,19
2016-07-15-07-30-00,20,5,15
2016-07-15-07-45-00,38,12,26
2016-07-15-08-00-00,32,7,25
2016-07-15-08-15-00,37,8,29
2016-07-15-08-30-00,41,13,28
2016-07-15-08-45-00,29,7,22
2016-07-15-09-00-00,29,7,22
2016-07-15-09-15-00,24,12,12
2016-07-15-09-30-00,17,6,11
2016-07-15-09-45-00,24,14,10
2016-07-15-10-00-00,12,7,5
2016-07-15-10-15-00,24,7,17
2016-07-15-10-30-00,20,7,13
2016-07-15-10-45-00,20,5,15
2016-07-15-11-00-00,17,13,4
2016-07-15-11-15-00,19,10,9
2016-07-15-11-30-00,32,7,25
2016-07-15-11-45-00,22,11,11
2016-07-15-12-00-00,28,9,19
2016-07-15-12-15-00,29,20,9
2016-07-15-12-30-00,31,17,14
2016-07-15-12-45-00,28,13,15
2016-07-15-13-00-00,36,18,18
2016-07-15-13-15-00,27,13,14
2016-07-15-13-30-00,29,13,16
2016-07-15-13-45-00,39,22,17
2016-07-15-14-00-00,43,26,17
2016-07-15-14-15-00,41,21,20
2016-07-15-14-30-00,41,29,12
2016-07-15-14-45-00,50,25,25
2016-07-15-15-00-00,48,23,25
2016-07-15-15-15-00,57,34,23
2016-07-15-15-30-00,56,29,27
2016-07-15-15-45-00,67,38,29
2016-07-15-16-00-00,48,30,18
2016-07-15-16-15-00,62,41,21
2016-07-15-16-30-00,56,41,15
2016-07-15-16-45-00,60,39,21
2016-07-15-17-00-00,70,51,19
2016-07-15-17-15-00,67,40,27
2016-07-15-17-30-00,58,33,25
2016-07-15-17-45-00,62,37,25
2016-07-15-18-00-00,67,32,35
2016-07-15-18-15-00,67,34,33
2016-07-15-18-30-00,47,26,21
2016-07-15-18-45-00,46,19,27
2016-07-15-19-00-00,46,28,18
2016-07-15-19-15-00,52,31,21
2016-07-15-19-30-00,42,21,21
2016-07-15-19-45-00,49,21,28
2016-07-15-20-00-00,37,22,15
2016-07-15-20-15-00,27,11,16
2016-07-15-20-30-00,37,17,20
2016-07-15-20-45-00,39,25,14
2016-07-15-21-00-00,35,21,14
2016-07-15-21-15-00,35,24,11
2016-07-15-21-30-00,20,12,8
2016-07-15-21-45-00,22,18,4
2016-07-15-22-00-00,24,13,11
2016-07-15-22-15-00,7,4,3
2016-07-15-22-30-00,6,4,2
2016-07-15-22-45-00,6,0,6
2016-07-15-23-00-00,6,4,2
2016-07-15-23-15-00,7,5,2
2016-07-15-23-30-00,6,4,2
2016-07-15-23-45-00,4,3,1
2016-07-16-00-00-00,2,0,2
2016-07-16-00-15-00,1,1,0
2016-07-16-00-30-00,1,1,0
2016-07-16-00-45-00,4,2,2
2016-07-16-01-00-00,2,2,0
2016-07-16-01-15-00,2,2,0
2016-07-16-01-30-00,1,0,1
2016-07-16-01-45-00,4,1,3
2016-07-16-02-00-00,1,1,0
2016-07-16-02-15-00,2,2,0
2016-07-16-02-30-00,0,0,0
2016-07-16-02-45-00,0,0,0
2016-07-16-03-00-00,0,0,0
2016-07-16-03-15-00,0,0,0
2016-07-16-03-30-00,0,0,0
2016-07-16-03-45-00,3,2,1
2016-07-16-04-00-00,0,0,0
2016-07-16-04-15-00,0,0,0
2016-07-16-04-30-00,2,0,2
2016-07-16-04-45-00,2,1,1
2016-07-16-05-00-00,0,0,0
2016-07-16-05-15-00,2,0,2
2016-07-16-05-30-00,0,0,0
2016-07-16-05-45-00,2,0,2
2016-07-16-06-00-00,1,0,1
2016-07-16-06-15-00,5,3,2
2016-07-16-06-30-00,4,0,4
2016-07-16-06-45-00,1,0,1
2016-07-16-07-00-00,5,3,2
2016-07-16-07-15-00,6,5,1
2016-07-16-07-30-00,6,2,4
2016-07-16-07-45-00,7,1,6
2016-07-16-08-00-00,7,3,4
2016-07-16-08-15-00,14,5,9
2016-07-16-08-30-00,6,5,1
2016-07-16-08-45-00,8,2,6
2016-07-16-09-00-00,10,3,7
2016-07-16-09-15-00,14,6,8
2016-07-16-09-30-00,27,12,15
2016-07-16-09-45-00,17,6,11
2016-07-16-10-00-00,17,8,9
2016-07-16-10-15-00,28,12,16
2016-07-16-10-30-00,39,6,33
2016-07-16-10-45-00,44,19,25
2016-07-16-11-00-00,60,33,27
2016-07-16-11-15-00,36,22,14
2016-07-16-11-30-00,64,34,30
2016-07-16-11-45-00,41,22,19
2016-07-16-12-00-00,51,15,36
2016-07-16-12-15-00,50,29,21
2016-07-16-12-30-00,60,26,34
2016-07-16-12-45-00,66,29,37
2016-07-16-13-00-00,50,20,30
2016-07-16-13-15-00,71,14,57
2016-07-16-13-30-00,64,33,31
2016-07-16-13-45-00,51,24,27
2016-07-16-14-00-00,63,29,34
2016-07-16-14-15-00,62,33,29
2016-07-16-14-30-00,49,20,29
2016-07-16-14-45-00,64,29,35
2016-07-16-15-00-00,78,46,32
2016-07-16-15-15-00,60,34,26
2016-07-16-15-30-00,63,39,24
2016-07-16-15-45-00,61,25,36
2016-07-16-16-00-00,72,40,32
2016-07-16-16-15-00,82,47,35
2016-07-16-16-30-00,73,50,23
2016-07-16-16-45-00,78,51,27
2016-07-16-17-00-00,83,46,37
2016-07-16-17-15-00,79,51,28
2016-07-16-17-30-00,59,31,28
2016-07-16-17-45-00,51,23,28
2016-07-16-18-00-00,64,36,28
2016-07-16-18-15-00,43,16,27
2016-07-16-18-30-00,44,26,18
2016-07-16-18-45-00,47,22,25
2016-07-16-19-00-00,38,14,24
2016-07-16-19-15-00,38,22,16
2016-07-16-19-30-00,24,15,9
2016-07-16-19-45-00,29,13,16
2016-07-16-20-00-00,13,4,9
2016-07-16-20-15-00,48,37,11
2016-07-16-20-30-00,35,20,15
2016-07-16-20-45-00,16,13,3
2016-07-16-21-00-00,18,13,5
2016-07-16-21-15-00,13,10,3
2016-07-16-21-30-00,8,7,1
2016-07-16-21-45-00,10,4,6
2016-07-16-22-00-00,25,21,4
2016-07-16-22-15-00,13,8,5
2016-07-16-22-30-00,8,5,3
2016-07-16-22-45-00,9,7,2
2016-07-16-23-00-00,6,2,4
2016-07-16-23-15-00,3,3,0
2016-07-16-23-30-00,5,4,1
2016-07-16-23-45-00,2,2,0
2016-07-17-00-00-00,3,1,2
2016-07-17-00-15-00,5,4,1
2016-07-17-00-30-00,4,1,3
2016-07-17-00-45-00,3,2,1
2016-07-17-01-00-00,5,0,5
2016-07-17-01-15-00,4,2,2
2016-07-17-01-30-00,4,4,0
2016-07-17-01-45-00,7,6,1
2016-07-17-02-00-00,2,0,2
2016-07-17-02-15-00,1,0,1
2016-07-17-02-30-00,0,0,0
2016-07-17-02-45-00,3,1,2
2016-07-17-03-00-00,0,0,0
2016-07-17-03-15-00,0,0,0
2016-07-17-03-30-00,1,1,0
2016-07-17-03-45-00,0,0,0
2016-07-17-04-00-00,1,0,1
2016-07-17-04-15-00,0,0,0
2016-07-17-04-30-00,1,0,1
2016-07-17-04-45-00,0,0,0
2016-07-17-05-00-00,0,0,0
2016-07-17-05-15-00,0,0,0
2016-07-17-05-30-00,0,0,0
2016-07-17-05-45-00,1,0,1
2016-07-17-06-00-00,0,0,0
2016-07-17-06-15-00,0,0,0
2016-07-17-06-30-00,4,3,1
2016-07-17-06-45-00,0,0,0
2016-07-17-07-00-00,2,2,0
2016-07-17-07-15-00,2,0,2
2016-07-17-07-30-00,4,2,2
2016-07-17-07-45-00,9,5,4
2016-07-17-08-00-00,7,1,6
2016-07-17-08-15-00,8,4,4
2016-07-17-08-30-00,13,8,5
2016-07-17-08-45-00,53,44,9
2016-07-17-09-00-00,14,8,6
2016-07-17-09-15-00,29,14,15
2016-07-17-09-30-00,38,14,24
2016-07-17-09-45-00,32,11,21
2016-07-17-10-00-00,29,10,19
2016-07-17-10-15-00,41,11,30
2016-07-17-10-30-00,53,21,32
2016-07-17-10-45-00,50,24,26
2016-07-17-11-00-00,83,42,41
2016-07-17-11-15-00,67,30,37
2016-07-17-11-30-00,72,36,36
2016-07-17-11-45-00,66,14,52
2016-07-17-12-00-00,86,39,47
2016-07-17-12-15-00,89,47,42
2016-07-17-12-30-00,99,39,60
2016-07-17-12-45-00,79,37,42
2016-07-17-13-00-00,103,33,70
2016-07-17-13-15-00,97,34,63
2016-07-17-13-30-00,89,33,56
2016-07-17-13-45-00,86,39,47
2016-07-17-14-00-00,102,64,38
2016-07-17-14-15-00,158,57,101
2016-07-17-14-30-00,118,56,62
2016-07-17-14-45-00,115,74,41
2016-07-17-15-00-00,116,75,41
2016-07-17-15-15-00,99,57,42
2016-07-17-15-30-00,103,54,49
2016-07-17-15-45-00,86,57,29
2016-07-17-16-00-00,141,85,56
2016-07-17-16-15-00,76,40,36
2016-07-17-16-30-00,88,45,43
2016-07-17-16-45-00,86,56,30
2016-07-17-17-00-00,81,50,31
2016-07-17-17-15-00,84,58,26
2016-07-17-17-30-00,82,52,30
2016-07-17-17-45-00,86,44,42
2016-07-17-18-00-00,79,42,37
2016-07-17-18-15-00,76,52,24
2016-07-17-18-30-00,68,41,27
2016-07-17-18-45-00,53,32,21
2016-07-17-19-00-00,54,38,16
2016-07-17-19-15-00,54,36,18
2016-07-17-19-30-00,41,23,18
2016-07-17-19-45-00,37,24,13
2016-07-17-20-00-00,32,20,12
2016-07-17-20-15-00,26,17,9
2016-07-17-20-30-00,27,13,14
2016-07-17-20-45-00,24,14,10
2016-07-17-21-00-00,16,15,1
2016-07-17-21-15-00,12,4,8
2016-07-17-21-30-00,15,12,3
2016-07-17-21-45-00,17,7,10
2016-07-17-22-00-00,11,8,3
2016-07-17-22-15-00,8,3,5
2016-07-17-22-30-00,6,4,2
2016-07-17-22-45-00,2,2,0
2016-07-17-23-00-00,4,4,0
2016-07-17-23-15-00,3,2,1
2016-07-17-23-30-00,0,0,0
2016-07-17-23-45-00,2,2,0
2016-07-18-00-00-00,4,0,4
2016-07-18-00-15-00,3,1,2
2016-07-18-00-30-00,1,0,1
2016-07-18-00-45-00,0,0,0
2016-07-18-01-00-00,0,0,0
2016-07-18-01-15-00,0,0,0
2016-07-18-01-30-00,0,0,0
2016-07-18-01-45-00,0,0,0
2016-07-18-02-00-00,0,0,0
2016-07-18-02-15-00,0,0,0
2016-07-18-02-30-00,0,0,0
2016-07-18-02-45-00,0,0,0
2016-07-18-03-00-00,0,0,0
2016-07-18-03-15-00,0,0,0
2016-07-18-03-30-00,0,0,0
2016-07-18-03-45-00,0,0,0
2016-07-18-04-00-00,0,0,0
2016-07-18-04-15-00,0,0,0
2016-07-18-04-30-00,2,2,0
2016-07-18-04-45-00,0,0,0
2016-07-18-05-00-00,1,0,1
2016-07-18-05-15-00,1,0,1
2016-07-18-05-30-00,2,1,1
2016-07-18-05-45-00,4,1,3
2016-07-18-06-00-00,12,4,8
2016-07-18-06-15-00,15,3,12
2016-07-18-06-30-00,15,7,8
2016-07-18-06-45-00,22,7,15
2016-07-18-07-00-00,34,15,19
2016-07-18-07-15-00,42,16,26
2016-07-18-07-30-00,41,12,29
2016-07-18-07-45-00,65,17,48
2016-07-18-08-00-00,48,12,36
2016-07-18-08-15-00,62,11,51
2016-07-18-08-30-00,75,20,55
2016-07-18-08-45-00,53,14,39
2016-07-18-09-00-00,54,11,43
2016-07-18-09-15-00,38,11,27
2016-07-18-09-30-00,32,8,24
2016-07-18-09-45-00,30,8,22
2016-07-18-10-00-00,38,16,22
2016-07-18-10-15-00,38,14,24
2016-07-18-10-30-00,31,8,23
2016-07-18-10-45-00,30,13,17
2016-07-18-11-00-00,37,15,22
2016-07-18-11-15-00,40,21,19
2016-07-18-11-30-00,53,25,28
2016-07-18-11-45-00,46,22,24
2016-07-18-12-00-00,48,23,25
2016-07-18-12-15-00,45,23,22
2016-07-18-12-30-00,49,24,25
2016-07-18-12-45-00,34,16,18
2016-07-18-13-00-00,47,18,29
2016-07-18-13-15-00,51,24,27
2016-07-18-13-30-00,50,26,24
2016-07-18-13-45-00,37,23,14
2016-07-18-14-00-00,48,26,22
2016-07-18-14-15-00,55,34,21
2016-07-18-14-30-00,57,32,25
2016-07-18-14-45-00,61,43,18
2016-07-18-15-00-00,57,29,28
2016-07-18-15-15-00,63,38,25
2016-07-18-15-30-00,82,44,38
2016-07-18-15-45-00,61,26,35
2016-07-18-16-00-00,72,48,24
2016-07-18-16-15-00,91,60,31
2016-07-18-16-30-00,95,58,37
2016-07-18-16-45-00,109,63,46
2016-07-18-17-00-00,88,63,25
2016-07-18-17-15-00,120,78,42
2016-07-18-17-30-00,87,63,24
2016-07-18-17-45-00,89,63,26
2016-07-18-18-00-00,97,47,50
2016-07-18-18-15-00,99,56,43
2016-07-18-18-30-00,107,65,42
2016-07-18-18-45-00,93,53,40
2016-07-18-19-00-00,116,57,59
2016-07-18-19-15-00,75,38,37
2016-07-18-19-30-00,100,43,57
2016-07-18-19-45-00,93,53,40
2016-07-18-20-00-00,93,47,46
2016-07-18-20-15-00,83,47,36
2016-07-18-20-30-00,89,57,32
2016-07-18-20-45-00,65,35,30
2016-07-18-21-00-00,64,30,34
2016-07-18-21-15-00,64,45,19
2016-07-18-21-30-00,46,33,13
2016-07-18-21-45-00,42,24,18
2016-07-18-22-00-00,36,21,15
2016-07-18-22-15-00,21,16,5
2016-07-18-22-30-00,24,14,10
2016-07-18-22-45-00,10,5,5
2016-07-18-23-00-00,10,7,3
2016-07-18-23-15-00,8,5,3
2016-07-18-23-30-00,4,3,1
2016-07-18-23-45-00,4,4,0
2016-07-19-00-00-00,4,3,1
2016-07-19-00-15-00,2,2,0
2016-07-19-00-30-00,3,2,1
2016-07-19-00-45-00,5,0,5
2016-07-19-01-00-00,0,0,0
2016-07-19-01-15-00,1,0,1
2016-07-19-01-30-00,0,0,0
2016-07-19-01-45-00,0,0,0
2016-07-19-02-00-00,0,0,0
2016-07-19-02-15-00,0,0,0
2016-07-19-02-30-00,0,0,0
2016-07-19-02-45-00,0,0,0
2016-07-19-03-00-00,0,0,0
2016-07-19-03-15-00,0,0,0
2016-07-19-03-30-00,0,0,0
2016-07-19-03-45-00,0,0,0
2016-07-19-04-00-00,0,0,0
2016-07-19-04-15-00,0,0,0
2016-07-19-04-30-00,0,0,0
2016-07-19-04-45-00,0,0,0
2016-07-19-05-00-00,0,0,0
2016-07-19-05-15-00,4,2,2
2016-07-19-05-30-00,5,3,2
2016-07-19-05-45-00,7,2,5
2016-07-19-06-00-00,10,3,7
2016-07-19-06-15-00,10,1,9
2016-07-19-06-30-00,17,8,9
2016-07-19-06-45-00,25,7,18
2016-07-19-07-00-00,26,11,15
2016-07-19-07-15-00,49,15,34
2016-07-19-07-30-00,45,13,32
2016-07-19-07-45-00,73,17,56
2016-07-19-08-00-00,77,15,62
2016-07-19-08-15-00,77,22,55
2016-07-19-08-30-00,62,16,46
2016-07-19-08-45-00,74,14,60
2016-07-19-09-00-00,47,14,33
2016-07-19-09-15-00,40,9,31
2016-07-19-09-30-00,35,14,21
2016-07-19-09-45-00,38,15,23
2016-07-19-10-00-00,45,24,21
2016-07-19-10-15-00,49,22,27
2016-07-19-10-30-00,47,23,24
2016-07-19-10-45-00,44,15,29
2016-07-19-11-00-00,71,29,42
2016-07-19-11-15-00,43,21,22
2016-07-19-11-30-00,70,31,39
2016-07-19-11-45-00,49,25,24
2016-07-19-12-00-00,29,16,13
2016-07-19-12-15-00,64,34,30
2016-07-19-12-30-00,44,24,20
2016-07-19-12-45-00,43,21,22
2016-07-19-13-00-00,67,34,33
2016-07-19-13-15-00,43,18,25
2016-07-19-13-30-00,49,24,25
2016-07-19-13-45-00,38,21,17
2016-07-19-14-00-00,42,20,22
2016-07-19-14-15-00,39,21,18
2016-07-19-14-30-00,61,41,20
2016-07-19-14-45-00,30,12,18
2016-07-19-15-00-00,52,37,15
2016-07-19-15-15-00,67,41,26
2016-07-19-15-30-00,57,29,28
2016-07-19-15-45-00,77,51,26
2016-07-19-16-00-00,68,45,23
2016-07-19-16-15-00,76,52,24
2016-07-19-16-30-00,87,55,32
2016-07-19-16-45-00,97,65,32
2016-07-19-17-00-00,89,55,34
2016-07-19-17-15-00,89,58,31
2016-07-19-17-30-00,110,77,33
2016-07-19-17-45-00,121,72,49
2016-07-19-18-00-00,89,56,33
2016-07-19-18-15-00,101,61,40
2016-07-19-18-30-00,95,52,43
2016-07-19-18-45-00,90,46,44
2016-07-19-19-00-00,81,48,33
2016-07-19-19-15-00,81,43,38
2016-07-19-19-30-00,75,42,33
2016-07-19-19-45-00,75,32,43
2016-07-19-20-00-00,89,50,39
2016-07-19-20-15-00,87,46,41
2016-07-19-20-30-00,70,46,24
2016-07-19-20-45-00,81,50,31
2016-07-19-21-00-00,77,55,22
2016-07-19-21-15-00,82,42,40
2016-07-19-21-30-00,62,44,18
2016-07-19-21-45-00,49,22,27
2016-07-19-22-00-00,47,36,11
2016-07-19-22-15-00,56,38,18
2016-07-19-22-30-00,21,6,15
2016-07-19-22-45-00,37,27,10
2016-07-19-23-00-00,16,7,9
2016-07-19-23-15-00,7,4,3
2016-07-19-23-30-00,4,2,2
2016-07-19-23-45-00,2,2,0
2016-07-20-00-00-00,3,1,2
2016-07-20-00-15-00,2,0,2
2016-07-20-00-30-00,8,7,1
2016-07-20-00-45-00,2,2,0
2016-07-20-01-00-00,0,0,0
2016-07-20-01-15-00,0,0,0
2016-07-20-01-30-00,0,0,0
2016-07-20-01-45-00,0,0,0
2016-07-20-02-00-00,0,0,0
2016-07-20-02-15-00,2,1,1
2016-07-20-02-30-00,0,0,0
2016-07-20-02-45-00,0,0,0
2016-07-20-03-00-00,1,1,0
2016-07-20-03-15-00,0,0,0
2016-07-20-03-30-00,0,0,0
2016-07-20-03-45-00,3,3,0
2016-07-20-04-00-00,2,0,2
2016-07-20-04-15-00,0,0,0
2016-07-20-04-30-00,0,0,0
2016-07-20-04-45-00,2,0,2
2016-07-20-05-00-00,0,0,0
2016-07-20-05-15-00,1,0,1
2016-07-20-05-30-00,2,1,1
2016-07-20-05-45-00,6,2,4
2016-07-20-06-00-00,8,5,3
2016-07-20-06-15-00,13,3,10
2016-07-20-06-30-00,22,4,18
2016-07-20-06-45-00,22,10,12
2016-07-20-07-00-00,38,16,22
2016-07-20-07-15-00,43,12,31
2016-07-20-07-30-00,45,15,30
2016-07-20-07-45-00,68,15,53
2016-07-20-08-00-00,56,8,48
2016-07-20-08-15-00,64,10,54
2016-07-20-08-30-00,56,15,41
2016-07-20-08-45-00,63,10,53
2016-07-20-09-00-00,39,17,22
2016-07-20-09-15-00,51,14,37
2016-07-20-09-30-00,45,22,23
2016-07-20-09-45-00,46,21,25
2016-07-20-10-00-00,30,11,19
2016-07-20-10-15-00,42,20,22
2016-07-20-10-30-00,36,7,29
2016-07-20-10-45-00,36,14,22
2016-07-20-11-00-00,40,23,17
2016-07-20-11-15-00,51,28,23
2016-07-20-11-30-00,45,24,21
2016-07-20-11-45-00,32,16,16
2016-07-20-12-00-00,24,10,14
2016-07-20-12-15-00,42,24,18
2016-07-20-12-30-00,35,15,20
2016-07-20-12-45-00,29,9,20
2016-07-20-13-00-00,34,20,14
2016-07-20-13-15-00,30,19,11
2016-07-20-13-30-00,26,15,11
2016-07-20-13-45-00,20,10,10
2016-07-20-14-00-00,39,20,19
2016-07-20-14-15-00,30,19,11
2016-07-20-14-30-00,40,16,24
2016-07-20-14-45-00,22,11,11
2016-07-20-15-00-00,34,29,5
2016-07-20-15-15-00,50,40,10
2016-07-20-15-30-00,51,30,21
2016-07-20-15-45-00,52,39,13
2016-07-20-16-00-00,48,37,11
2016-07-20-16-15-00,60,40,20
2016-07-20-16-30-00,62,39,23
2016-07-20-16-45-00,70,51,19
2016-07-20-17-00-00,72,53,19
2016-07-20-17-15-00,73,51,22
2016-07-20-17-30-00,82,52,30
2016-07-20-17-45-00,94,60,34
2016-07-20-18-00-00,58,37,21
2016-07-20-18-15-00,69,40,29
2016-07-20-18-30-00,80,55,25
2016-07-20-18-45-00,44,28,16
2016-07-20-19-00-00,73,41,32
2016-07-20-19-15-00,69,33,36
2016-07-20-19-30-00,68,38,30
2016-07-20-19-45-00,59,34,25
2016-07-20-20-00-00,49,31,18
2016-07-20-20-15-00,49,31,18
2016-07-20-20-30-00,22,13,9
2016-07-20-20-45-00,31,16,15
2016-07-20-21-00-00,33,17,16
2016-07-20-21-15-00,23,15,8
2016-07-20-21-30-00,27,14,13
2016-07-20-21-45-00,26,17,9
2016-07-20-22-00-00,32,20,12
2016-07-20-22-15-00,24,17,7
2016-07-20-22-30-00,8,6,2
2016-07-20-22-45-00,7,4,3
2016-07-20-23-00-00,1,1,0
2016-07-20-23-15-00,14,13,1
2016-07-20-23-30-00,5,2,3
2016-07-20-23-45-00,1,1,0
2016-07-21-00-00-00,2,0,2
2016-07-21-00-15-00,5,2,3
2016-07-21-00-30-00,0,0,0
2016-07-21-00-45-00,2,2,0
2016-07-21-01-00-00,1,0,1
2016-07-21-01-15-00,1,0,1
2016-07-21-01-30-00,0,0,0
2016-07-21-01-45-00,0,0,0
2016-07-21-02-00-00,0,0,0
2016-07-21-02-15-00,1,0,1
2016-07-21-02-30-00,1,0,1
2016-07-21-02-45-00,1,0,1
2016-07-21-03-00-00,0,0,0
2016-07-21-03-15-00,0,0,0
2016-07-21-03-30-00,0,0,0
2016-07-21-03-45-00,0,0,0
2016-07-21-04-00-00,0,0,0
2016-07-21-04-15-00,0,0,0
2016-07-21-04-30-00,0,0,0
2016-07-21-04-45-00,1,0,1
2016-07-21-05-00-00,0,0,0
2016-07-21-05-15-00,0,0,0
2016-07-21-05-30-00,4,3,1
2016-07-21-05-45-00,7,2,5
2016-07-21-06-00-00,5,1,4
2016-07-21-06-15-00,6,2,4
2016-07-21-06-30-00,19,9,10
2016-07-21-06-45-00,12,7,5
2016-07-21-07-00-00,25,10,15
2016-07-21-07-15-00,35,15,20
2016-07-21-07-30-00,21,6,15
2016-07-21-07-45-00,55,10,45
2016-07-21-08-00-00,53,9,44
2016-07-21-08-15-00,42,7,35
2016-07-21-08-30-00,53,12,41
2016-07-21-08-45-00,53,12,41
2016-07-21-09-00-00,52,21,31
2016-07-21-09-15-00,23,4,19
2016-07-21-09-30-00,22,10,12
2016-07-21-09-45-00,18,10,8
2016-07-21-10-00-00,15,8,7
2016-07-21-10-15-00,27,11,16
2016-07-21-10-30-00,59,14,45
2016-07-21-10-45-00,24,10,14
2016-07-21-11-00-00,24,13,11
2016-07-21-11-15-00,38,21,17
2016-07-21-11-30-00,33,10,23
2016-07-21-11-45-00,34,18,16
2016-07-21-12-00-00,31,15,16
2016-07-21-12-15-00,29,21,8
2016-07-21-12-30-00,22,9,13
2016-07-21-12-45-00,31,15,16
2016-07-21-13-00-00,33,19,14
2016-07-21-13-15-00,23,11,12
2016-07-21-13-30-00,24,13,11
2016-07-21-13-45-00,40,15,25
2016-07-21-14-00-00,27,11,16
2016-07-21-14-15-00,35,19,16
2016-07-21-14-30-00,24,7,17
2016-07-21-14-45-00,42,22,20
2016-07-21-15-00-00,53,36,17
2016-07-21-15-15-00,51,31,20
2016-07-21-15-30-00,57,48,9
2016-07-21-15-45-00,30,18,12
2016-07-21-16-00-00,24,14,10
2016-07-21-16-15-00,34,22,12
2016-07-21-16-30-00,44,23,21
2016-07-21-16-45-00,20,8,12
2016-07-21-17-00-00,34,20,14
2016-07-21-17-15-00,36,30,6
2016-07-21-17-30-00,36,26,10
2016-07-21-17-45-00,33,25,8
2016-07-21-18-00-00,47,31,16
2016-07-21-18-15-00,45,25,20
2016-07-21-18-30-00,17,13,4
2016-07-21-18-45-00,25,11,14
2016-07-21-19-00-00,28,19,9
2016-07-21-19-15-00,16,8,8
2016-07-21-19-30-00,27,18,9
2016-07-21-19-45-00,14,10,4
2016-07-21-20-00-00,26,8,18
2016-07-21-20-15-00,26,12,14
2016-07-21-20-30-00,30,13,17
2016-07-21-20-45-00,35,19,16
2016-07-21-21-00-00,35,23,12
2016-07-21-21-15-00,23,11,12
2016-07-21-21-30-00,22,11,11
2016-07-21-21-45-00,16,10,6
2016-07-21-22-00-00,24,17,7
2016-07-21-22-15-00,9,5,4
2016-07-21-22-30-00,2,0,2
2016-07-21-22-45-00,5,2,3
2016-07-21-23-00-00,6,4,2
2016-07-21-23-15-00,5,2,3
2016-07-21-23-30-00,6,3,3
2016-07-21-23-45-00,3,1,2
2016-07-22-00-00-00,3,0,3
2016-07-22-00-15-00,0,0,0
2016-07-22-00-30-00,0,0,0
2016-07-22-00-45-00,0,0,0
2016-07-22-01-00-00,1,0,1
2016-07-22-01-15-00,1,1,0
2016-07-22-01-30-00,2,1,1
2016-07-22-01-45-00,0,0,0
2016-07-22-02-00-00,0,0,0
2016-07-22-02-15-00,0,0,0
2016-07-22-02-30-00,0,0,0
2016-07-22-02-45-00,0,0,0
2016-07-22-03-00-00,1,0,1
2016-07-22-03-15-00,0,0,0
2016-07-22-03-30-00,1,1,0
2016-07-22-03-45-00,0,0,0
2016-07-22-04-00-00,0,0,0
2016-07-22-04-15-00,0,0,0
2016-07-22-04-30-00,1,0,1
2016-07-22-04-45-00,0,0,0
2016-07-22-05-00-00,0,0,0
2016-07-22-05-15-00,1,0,1
2016-07-22-05-30-00,2,2,0
2016-07-22-05-45-00,5,2,3
2016-07-22-06-00-00,9,2,7
2016-07-22-06-15-00,11,5,6
2016-07-22-06-30-00,7,3,4
2016-07-22-06-45-00,20,9,11
2016-07-22-07-00-00,20,5,15
2016-07-22-07-15-00,22,4,18
2016-07-22-07-30-00,24,7,17
2016-07-22-07-45-00,34,7,27
2016-07-22-08-00-00,30,11,19
2016-07-22-08-15-00,38,8,30
2016-07-22-08-30-00,25,5,20
2016-07-22-08-45-00,44,8,36
2016-07-22-09-00-00,31,6,25
2016-07-22-09-15-00,23,8,15
2016-07-22-09-30-00,22,11,11
2016-07-22-09-45-00,31,9,22
2016-07-22-10-00-00,21,8,13
2016-07-22-10-15-00,29,13,16
2016-07-22-10-30-00,16,9,7
2016-07-22-10-45-00,28,17,11
2016-07-22-11-00-00,26,14,12
2016-07-22-11-15-00,37,23,14
2016-07-22-11-30-00,31,15,16
2016-07-22-11-45-00,23,11,12
2016-07-22-12-00-00,27,15,12
2016-07-22-12-15-00,36,11,25
2016-07-22-12-30-00,34,20,14
2016-07-22-12-45-00,48,19,29
2016-07-22-13-00-00,44,26,18
2016-07-22-13-15-00,45,33,12
2016-07-22-13-30-00,41,22,19
2016-07-22-13-45-00,40,14,26
2016-07-22-14-00-00,40,23,17
2016-07-22-14-15-00,53,32,21
2016-07-22-14-30-00,51,31,20
2016-07-22-14-45-00,39,23,16
2016-07-22-15-00-00,56,23,33
2016-07-22-15-15-00,44,29,15
2016-07-22-15-30-00,48,25,23
2016-07-22-15-45-00,54,31,23
2016-07-22-16-00-00,33,17,16
2016-07-22-16-15-00,60,41,19
2016-07-22-16-30-00,38,28,10
2016-07-22-16-45-00,43,31,12
2016-07-22-17-00-00,60,37,23
2016-07-22-17-15-00,58,36,22
2016-07-22-17-30-00,58,24,34
2016-07-22-17-45-00,56,22,34
2016-07-22-18-00-00,67,24,43
2016-07-22-18-15-00,60,30,30
2016-07-22-18-30-00,73,32,41
2016-07-22-18-45-00,84,37,47
2016-07-22-19-00-00,64,23,41
2016-07-22-19-15-00,65,20,45
2016-07-22-19-30-00,73,27,46
2016-07-22-19-45-00,70,19,51
2016-07-22-20-00-00,32,9,23
2016-07-22-20-15-00,52,19,33
2016-07-22-20-30-00,55,25,30
2016-07-22-20-45-00,37,24,13
2016-07-22-21-00-00,31,23,8
2016-07-22-21-15-00,31,17,14
2016-07-22-21-30-00,29,18,11
2016-07-22-21-45-00,39,28,11
2016-07-22-22-00-00,26,21,5
2016-07-22-22-15-00,38,34,4
2016-07-22-22-30-00,54,41,13
2016-07-22-22-45-00,25,24,1
2016-07-22-23-00-00,12,12,0
2016-07-22-23-15-00,8,8,0
2016-07-22-23-30-00,15,14,1
2016-07-22-23-45-00,13,11,2
2016-07-23-00-00-00,15,13,2
2016-07-23-00-15-00,21,19,2
2016-07-23-00-30-00,23,21,2
2016-07-23-00-45-00,15,14,1
2016-07-23-01-00-00,10,10,0
2016-07-23-01-15-00,4,1,3
2016-07-23-01-30-00,1,1,0
2016-07-23-01-45-00,1,1,0
2016-07-23-02-00-00,1,0,1
2016-07-23-02-15-00,1,0,1
2016-07-23-02-30-00,0,0,0
2016-07-23-02-45-00,0,0,0
2016-07-23-03-00-00,1,0,1
2016-07-23-03-15-00,2,2,0
2016-07-23-03-30-00,1,1,0
2016-07-23-03-45-00,0,0,0
2016-07-23-04-00-00,0,0,0
2016-07-23-04-15-00,0,0,0
2016-07-23-04-30-00,1,0,1
2016-07-23-04-45-00,2,0,2
2016-07-23-05-00-00,0,0,0
2016-07-23-05-15-00,0,0,0
2016-07-23-05-30-00,1,0,1
2016-07-23-05-45-00,0,0,0
2016-07-23-06-00-00,1,0,1
2016-07-23-06-15-00,3,3,0
2016-07-23-06-30-00,2,0,2
2016-07-23-06-45-00,1,1,0
2016-07-23-07-00-00,2,1,1
2016-07-23-07-15-00,2,0,2
2016-07-23-07-30-00,4,3,1
2016-07-23-07-45-00,0,0,0
2016-07-23-08-00-00,0,0,0
2016-07-23-08-15-00,3,3,0
2016-07-23-08-30-00,6,5,1
2016-07-23-08-45-00,8,5,3
2016-07-23-09-00-00,7,4,3
2016-07-23-09-15-00,8,3,5
2016-07-23-09-30-00,13,7,6
2016-07-23-09-45-00,8,5,3
2016-07-23-10-00-00,12,3,9
2016-07-23-10-15-00,14,9,5
2016-07-23-10-30-00,20,8,12
2016-07-23-10-45-00,25,15,10
2016-07-23-11-00-00,14,5,9
2016-07-23-11-15-00,30,20,10
2016-07-23-11-30-00,32,20,12
2016-07-23-11-45-00,19,9,10
2016-07-23-12-00-00,7,2,5
2016-07-23-12-15-00,14,8,6
2016-07-23-12-30-00,6,4,2
2016-07-23-12-45-00,14,9,5
2016-07-23-13-00-00,0,0,0
2016-07-23-13-15-00,0,0,0
2016-07-23-13-30-00,7,5,2
2016-07-23-13-45-00,13,5,8
2016-07-23-14-00-00,2,1,1
2016-07-23-14-15-00,7,4,3
2016-07-23-14-30-00,5,4,1
2016-07-23-14-45-00,9,2,7
2016-07-23-15-00-00,5,3,2
2016-07-23-15-15-00,16,1,15
2016-07-23-15-30-00,3,2,1
2016-07-23-15-45-00,3,2,1
2016-07-23-16-00-00,2,0,2
2016-07-23-16-15-00,2,2,0
2016-07-23-16-30-00,6,5,1
2016-07-23-16-45-00,2,1,1
2016-07-23-17-00-00,14,7,7
2016-07-23-17-15-00,7,7,0
2016-07-23-17-30-00,12,3,9
2016-07-23-17-45-00,28,12,16
2016-07-23-18-00-00,26,3,23
2016-07-23-18-15-00,32,13,19
2016-07-23-18-30-00,26,4,22
2016-07-23-18-45-00,55,23,32
2016-07-23-19-00-00,29,12,17
2016-07-23-19-15-00,44,14,30
2016-07-23-19-30-00,33,11,22
2016-07-23-19-45-00,37,11,26
2016-07-23-20-00-00,22,10,12
2016-07-23-20-15-00,16,8,8
2016-07-23-20-30-00,20,12,8
2016-07-23-20-45-00,22,8,14
2016-07-23-21-00-00,16,11,5
2016-07-23-21-15-00,7,3,4
2016-07-23-21-30-00,17,11,6
2016-07-23-21-45-00,8,7,1
2016-07-23-22-00-00,16,16,0
2016-07-23-22-15-00,4,4,0
2016-07-23-22-30-00,10,10,0
2016-07-23-22-45-00,11,7,4
2016-07-23-23-00-00,10,10,0
2016-07-23-23-15-00,10,4,6
2016-07-23-23-30-00,3,2,1
2016-07-23-23-45-00,7,7,0
2016-07-24-00-00-00,3,3,0
2016-07-24-00-15-00,7,7,0
2016-07-24-00-30-00,2,2,0
2016-07-24-00-45-00,4,4,0
2016-07-24-01-00-00,0,0,0
2016-07-24-01-15-00,2,2,0
2016-07-24-01-30-00,2,1,1
2016-07-24-01-45-00,3,1,2
2016-07-24-02-00-00,1,0,1
2016-07-24-02-15-00,0,0,0
2016-07-24-02-30-00,2,2,0
2016-07-24-02-45-00,4,1,3
2016-07-24-03-00-00,0,0,0
2016-07-24-03-15-00,0,0,0
2016-07-24-03-30-00,1,0,1
2016-07-24-03-45-00,0,0,0
2016-07-24-04-00-00,0,0,0
2016-07-24-04-15-00,0,0,0
2016-07-24-04-30-00,0,0,0
2016-07-24-04-45-00,0,0,0
2016-07-24-05-00-00,0,0,0
2016-07-24-05-15-00,0,0,0
2016-07-24-05-30-00,0,0,0
2016-07-24-05-45-00,0,0,0
2016-07-24-06-00-00,1,0,1
2016-07-24-06-15-00,2,0,2
2016-07-24-06-30-00,2,2,0
2016-07-24-06-45-00,0,0,0
2016-07-24-07-00-00,1,1,0
2016-07-24-07-15-00,5,2,3
2016-07-24-07-30-00,2,0,2
2016-07-24-07-45-00,8,3,5
2016-07-24-08-00-00,6,5,1
2016-07-24-08-15-00,13,5,8
2016-07-24-08-30-00,12,7,5
2016-07-24-08-45-00,16,7,9
2016-07-24-09-00-00,14,6,8
2016-07-24-09-15-00,26,7,19
2016-07-24-09-30-00,28,14,14
2016-07-24-09-45-00,31,20,11
2016-07-24-10-00-00,32,17,15
2016-07-24-10-15-00,45,20,25
2016-07-24-10-30-00,51,18,33
2016-07-24-10-45-00,50,27,23
2016-07-24-11-00-00,60,30,30
2016-07-24-11-15-00,73,31,42
2016-07-24-11-30-00,96,38,58
2016-07-24-11-45-00,90,31,59
2016-07-24-12-00-00,112,44,68
2016-07-24-12-15-00,117,45,72
2016-07-24-12-30-00,98,38,60
2016-07-24-12-45-00,121,56,65
2016-07-24-13-00-00,155,61,94
2016-07-24-13-15-00,106,47,59
2016-07-24-13-30-00,107,57,50
2016-07-24-13-45-00,133,60,73
2016-07-24-14-00-00,102,48,54
2016-07-24-14-15-00,125,52,73
2016-07-24-14-30-00,148,73,75
2016-07-24-14-45-00,152,73,79
2016-07-24-15-00-00,152,71,81
2016-07-24-15-15-00,103,45,58
2016-07-24-15-30-00,120,48,72
2016-07-24-15-45-00,145,59,86
2016-07-24-16-00-00,159,82,77
2016-07-24-16-15-00,193,93,100
2016-07-24-16-30-00,145,94,51
2016-07-24-16-45-00,127,70,57
2016-07-24-17-00-00,139,67,72
2016-07-24-17-15-00,125,72,53
2016-07-24-17-30-00,116,67,49
2016-07-24-17-45-00,105,77,28
2016-07-24-18-00-00,91,50,41
2016-07-24-18-15-00,77,49,28
2016-07-24-18-30-00,96,63,33
2016-07-24-18-45-00,108,64,44
2016-07-24-19-00-00,98,57,41
2016-07-24-19-15-00,65,49,16
2016-07-24-19-30-00,54,33,21
2016-07-24-19-45-00,58,32,26
2016-07-24-20-00-00,62,51,11
2016-07-24-20-15-00,76,48,28
2016-07-24-20-30-00,42,25,17
2016-07-24-20-45-00,33,23,10
2016-07-24-21-00-00,35,26,9
2016-07-24-21-15-00,35,29,6
2016-07-24-21-30-00,47,36,11
2016-07-24-21-45-00,37,21,16
2016-07-24-22-00-00,23,15,8
2016-07-24-22-15-00,10,3,7
2016-07-24-22-30-00,9,3,6
2016-07-24-22-45-00,3,2,1
2016-07-24-23-00-00,4,0,4
2016-07-24-23-15-00,3,2,1
2016-07-24-23-30-00,1,1,0
2016-07-24-23-45-00,2,2,0
2016-07-25-00-00-00,4,2,2
2016-07-25-00-15-00,0,0,0
2016-07-25-00-30-00,2,2,0
2016-07-25-00-45-00,1,0,1
2016-07-25-01-00-00,0,0,0
2016-07-25-01-15-00,1,0,1
2016-07-25-01-30-00,2,0,2
2016-07-25-01-45-00,0,0,0
2016-07-25-02-00-00,0,0,0
2016-07-25-02-15-00,0,0,0
2016-07-25-02-30-00,0,0,0
2016-07-25-02-45-00,2,2,0
2016-07-25-03-00-00,0,0,0
2016-07-25-03-15-00,0,0,0
2016-07-25-03-30-00,0,0,0
2016-07-25-03-45-00,0,0,0
2016-07-25-04-00-00,0,0,0
2016-07-25-04-15-00,0,0,0
2016-07-25-04-30-00,0,0,0
2016-07-25-04-45-00,0,0,0
2016-07-25-05-00-00,0,0,0
2016-07-25-05-15-00,3,2,1
2016-07-25-05-30-00,1,1,0
2016-07-25-05-45-00,9,5,4
2016-07-25-06-00-00,8,3,5
2016-07-25-06-15-00,14,4,10
2016-07-25-06-30-00,11,4,7
2016-07-25-06-45-00,20,7,13
2016-07-25-07-00-00,28,9,19
2016-07-25-07-15-00,31,11,20
2016-07-25-07-30-00,46,13,33
2016-07-25-07-45-00,44,14,30
2016-07-25-08-00-00,48,10,38
2016-07-25-08-15-00,42,13,29
2016-07-25-08-30-00,62,9,53
2016-07-25-08-45-00,51,14,37
2016-07-25-09-00-00,54,15,39
2016-07-25-09-15-00,35,9,26
2016-07-25-09-30-00,26,10,16
2016-07-25-09-45-00,24,11,13
2016-07-25-10-00-00,27,12,15
2016-07-25-10-15-00,19,6,13
2016-07-25-10-30-00,34,16,18
2016-07-25-10-45-00,43,23,20
2016-07-25-11-00-00,36,17,19
2016-07-25-11-15-00,35,20,15
2016-07-25-11-30-00,38,20,18
2016-07-25-11-45-00,47,22,25
2016-07-25-12-00-00,32,14,18
2016-07-25-12-15-00,52,29,23
2016-07-25-12-30-00,34,19,15
2016-07-25-12-45-00,36,25,11
2016-07-25-13-00-00,39,22,17
2016-07-25-13-15-00,38,13,25
2016-07-25-13-30-00,35,14,21
2016-07-25-13-45-00,47,24,23
2016-07-25-14-00-00,63,32,31
2016-07-25-14-15-00,35,23,12
2016-07-25-14-30-00,49,21,28
2016-07-25-14-45-00,42,22,20
2016-07-25-15-00-00,33,20,13
2016-07-25-15-15-00,57,24,33
2016-07-25-15-30-00,50,25,25
2016-07-25-15-45-00,51,31,20
2016-07-25-16-00-00,53,32,21
2016-07-25-16-15-00,74,44,30
2016-07-25-16-30-00,72,50,22
2016-07-25-16-45-00,61,35,26
2016-07-25-17-00-00,81,58,23
2016-07-25-17-15-00,90,67,23
2016-07-25-17-30-00,77,47,30
2016-07-25-17-45-00,84,48,36
2016-07-25-18-00-00,76,48,28
2016-07-25-18-15-00,72,53,19
2016-07-25-18-30-00,73,42,31
2016-07-25-18-45-00,71,43,28
2016-07-25-19-00-00,71,43,28
2016-07-25-19-15-00,59,34,25
2016-07-25-19-30-00,67,39,28
2016-07-25-19-45-00,59,38,21
2016-07-25-20-00-00,86,58,28
2016-07-25-20-15-00,66,32,34
2016-07-25-20-30-00,58,27,31
2016-07-25-20-45-00,35,19,16
2016-07-25-21-00-00,42,18,24
2016-07-25-21-15-00,34,15,19
2016-07-25-21-30-00,28,12,16
2016-07-25-21-45-00,26,17,9
2016-07-25-22-00-00,20,13,7
2016-07-25-22-15-00,8,7,1
2016-07-25-22-30-00,16,14,2
2016-07-25-22-45-00,3,1,2
2016-07-25-23-00-00,9,3,6
2016-07-25-23-15-00,1,0,1
2016-07-25-23-30-00,5,0,5
2016-07-25-23-45-00,3,2,1
2016-07-26-00-00-00,1,1,0
2016-07-26-00-15-00,3,0,3
2016-07-26-00-30-00,1,0,1
2016-07-26-00-45-00,1,0,1
2016-07-26-01-00-00,0,0,0
2016-07-26-01-15-00,0,0,0
2016-07-26-01-30-00,1,1,0
2016-07-26-01-45-00,0,0,0
2016-07-26-02-00-00,0,0,0
2016-07-26-02-15-00,0,0,0
2016-07-26-02-30-00,0,0,0
2016-07-26-02-45-00,3,1,2
2016-07-26-03-00-00,0,0,0
2016-07-26-03-15-00,0,0,0
2016-07-26-03-30-00,0,0,0
2016-07-26-03-45-00,0,0,0
2016-07-26-04-00-00,0,0,0
2016-07-26-04-15-00,0,0,0
2016-07-26-04-30-00,0,0,0
2016-07-26-04-45-00,0,0,0
2016-07-26-05-00-00,0,0,0
2016-07-26-05-15-00,0,0,0
2016-07-26-05-30-00,2,1,1
2016-07-26-05-45-00,10,4,6
2016-07-26-06-00-00,4,2,2
2016-07-26-06-15-00,11,0,11
2016-07-26-06-30-00,20,5,15
2016-07-26-06-45-00,21,8,13
2016-07-26-07-00-00,24,7,17
2016-07-26-07-15-00,35,12,23
2016-07-26-07-30-00,30,12,18
2016-07-26-07-45-00,49,8,41
2016-07-26-08-00-00,54,13,41
2016-07-26-08-15-00,60,9,51
2016-07-26-08-30-00,61,9,52
2016-07-26-08-45-00,50,13,37
2016-07-26-09-00-00,43,19,24
2016-07-26-09-15-00,31,10,21
2016-07-26-09-30-00,25,10,15
2016-07-26-09-45-00,34,12,22
2016-07-26-10-00-00,24,9,15
2016-07-26-10-15-00,36,14,22
2016-07-26-10-30-00,39,9,30
2016-07-26-10-45-00,24,10,14
2016-07-26-11-00-00,32,21,11
2016-07-26-11-15-00,34,21,13
2016-07-26-11-30-00,29,15,14
2016-07-26-11-45-00,45,19,26
2016-07-26-12-00-00,34,19,15
2016-07-26-12-15-00,41,19,22
2016-07-26-12-30-00,35,21,14
2016-07-26-12-45-00,56,28,28
2016-07-26-13-00-00,31,9,22
2016-07-26-13-15-00,33,20,13
2016-07-26-13-30-00,38,12,26
2016-07-26-13-45-00,34,17,17
2016-07-26-14-00-00,33,22,11
2016-07-26-14-15-00,34,19,15
2016-07-26-14-30-00,35,24,11
2016-07-26-14-45-00,23,15,8
2016-07-26-15-00-00,31,17,14
2016-07-26-15-15-00,42,26,16
2016-07-26-15-30-00,29,15,14
2016-07-26-15-45-00,50,39,11
2016-07-26-16-00-00,49,36,13
2016-07-26-16-15-00,38,30,8
2016-07-26-16-30-00,33,24,9
2016-07-26-16-45-00,37,29,8
2016-07-26-17-00-00,45,38,7
2016-07-26-17-15-00,48,41,7
2016-07-26-17-30-00,75,55,20
2016-07-26-17-45-00,53,36,17
2016-07-26-18-00-00,43,29,14
2016-07-26-18-15-00,50,34,16
2016-07-26-18-30-00,50,30,20
2016-07-26-18-45-00,51,32,19
2016-07-26-19-00-00,37,22,15
2016-07-26-19-15-00,42,23,19
2016-07-26-19-30-00,39,20,19
2016-07-26-19-45-00,32,12,20
2016-07-26-20-00-00,18,17,1
2016-07-26-20-15-00,44,24,20
2016-07-26-20-30-00,20,12,8
2016-07-26-20-45-00,17,7,10
2016-07-26-21-00-00,30,19,11
2016-07-26-21-15-00,23,17,6
2016-07-26-21-30-00,17,10,7
2016-07-26-21-45-00,12,8,4
2016-07-26-22-00-00,19,9,10
2016-07-26-22-15-00,15,5,10
2016-07-26-22-30-00,11,6,5
2016-07-26-22-45-00,9,5,4
2016-07-26-23-00-00,0,0,0
2016-07-26-23-15-00,1,0,1
2016-07-26-23-30-00,0,0,0
2016-07-26-23-45-00,1,1,0
2016-07-27-00-00-00,2,1,1
2016-07-27-00-15-00,1,0,1
2016-07-27-00-30-00,3,1,2
2016-07-27-00-45-00,4,4,0
2016-07-27-01-00-00,0,0,0
2016-07-27-01-15-00,2,2,0
2016-07-27-01-30-00,1,1,0
2016-07-27-01-45-00,0,0,0
2016-07-27-02-00-00,0,0,0
2016-07-27-02-15-00,0,0,0
2016-07-27-02-30-00,0,0,0
2016-07-27-02-45-00,0,0,0
2016-07-27-03-00-00,0,0,0
2016-07-27-03-15-00,0,0,0
2016-07-27-03-30-00,0,0,0
2016-07-27-03-45-00,0,0,0
2016-07-27-04-00-00,0,0,0
2016-07-27-04-15-00,0,0,0
2016-07-27-04-30-00,0,0,0
2016-07-27-04-45-00,2,0,2
2016-07-27-05-00-00,0,0,0
2016-07-27-05-15-00,0,0,0
2016-07-27-05-30-00,2,1,1
2016-07-27-05-45-00,8,3,5
2016-07-27-06-00-00,8,3,5
2016-07-27-06-15-00,10,3,7
2016-07-27-06-30-00,11,4,7
2016-07-27-06-45-00,24,9,15
2016-07-27-07-00-00,19,4,15
2016-07-27-07-15-00,40,14,26
2016-07-27-07-30-00,36,14,22
2016-07-27-07-45-00,59,16,43
2016-07-27-08-00-00,42,6,36
2016-07-27-08-15-00,42,8,34
2016-07-27-08-30-00,55,9,46
2016-07-27-08-45-00,59,16,43
2016-07-27-09-00-00,57,17,40
2016-07-27-09-15-00,43,17,26
2016-07-27-09-30-00,24,12,12
2016-07-27-09-45-00,31,16,15
2016-07-27-10-00-00,40,17,23
2016-07-27-10-15-00,31,12,19
2016-07-27-10-30-00,45,19,26
2016-07-27-10-45-00,51,27,24
2016-07-27-11-00-00,34,19,15
2016-07-27-11-15-00,40,16,24
2016-07-27-11-30-00,56,23,33
2016-07-27-11-45-00,45,28,17
2016-07-27-12-00-00,42,26,16
2016-07-27-12-15-00,58,23,35
2016-07-27-12-30-00,53,22,31
2016-07-27-12-45-00,41,18,23
2016-07-27-13-00-00,44,22,22
2016-07-27-13-15-00,46,18,28
2016-07-27-13-30-00,55,32,23
2016-07-27-13-45-00,50,23,27
2016-07-27-14-00-00,41,19,22
2016-07-27-14-15-00,81,43,38
2016-07-27-14-30-00,65,36,29
2016-07-27-14-45-00,52,28,24
2016-07-27-15-00-00,57,31,26
2016-07-27-15-15-00,61,34,27
2016-07-27-15-30-00,87,52,35
2016-07-27-15-45-00,84,49,35
2016-07-27-16-00-00,83,64,19
2016-07-27-16-15-00,85,56,29
2016-07-27-16-30-00,79,59,20
2016-07-27-16-45-00,77,47,30
2016-07-27-17-00-00,100,63,37
2016-07-27-17-15-00,99,63,36
2016-07-27-17-30-00,92,64,28
2016-07-27-17-45-00,87,53,34
2016-07-27-18-00-00,110,82,28
2016-07-27-18-15-00,93,54,39
2016-07-27-18-30-00,97,58,39
2016-07-27-18-45-00,85,53,32
2016-07-27-19-00-00,71,44,27
2016-07-27-19-15-00,86,41,45
2016-07-27-19-30-00,88,47,41
2016-07-27-19-45-00,55,24,31
2016-07-27-20-00-00,87,39,48
2016-07-27-20-15-00,49,32,17
2016-07-27-20-30-00,53,34,19
2016-07-27-20-45-00,40,17,23
2016-07-27-21-00-00,30,21,9
2016-07-27-21-15-00,22,15,7
2016-07-27-21-30-00,23,13,10
2016-07-27-21-45-00,20,15,5
2016-07-27-22-00-00,20,10,10
2016-07-27-22-15-00,26,23,3
2016-07-27-22-30-00,24,22,2
2016-07-27-22-45-00,15,8,7
2016-07-27-23-00-00,7,3,4
2016-07-27-23-15-00,6,5,1
2016-07-27-23-30-00,1,1,0
2016-07-27-23-45-00,4,2,2
2016-07-28-00-00-00,4,3,1
2016-07-28-00-15-00,1,0,1
2016-07-28-00-30-00,6,3,3
2016-07-28-00-45-00,0,0,0
2016-07-28-01-00-00,0,0,0
2016-07-28-01-15-00,0,0,0
2016-07-28-01-30-00,0,0,0
2016-07-28-01-45-00,0,0,0
2016-07-28-02-00-00,2,0,2
2016-07-28-02-15-00,0,0,0
2016-07-28-02-30-00,2,0,2
2016-07-28-02-45-00,0,0,0
2016-07-28-03-00-00,2,0,2
2016-07-28-03-15-00,0,0,0
2016-07-28-03-30-00,0,0,0
2016-07-28-03-45-00,0,0,0
2016-07-28-04-00-00,0,0,0
2016-07-28-04-15-00,0,0,0
2016-07-28-04-30-00,0,0,0
2016-07-28-04-45-00,0,0,0
2016-07-28-05-00-00,0,0,0
2016-07-28-05-15-00,0,0,0
2016-07-28-05-30-00,0,0,0
2016-07-28-05-45-00,6,1,5
2016-07-28-06-00-00,4,0,4
2016-07-28-06-15-00,9,3,6
2016-07-28-06-30-00,14,3,11
2016-07-28-06-45-00,20,7,13
2016-07-28-07-00-00,18,6,12
2016-07-28-07-15-00,25,8,17
2016-07-28-07-30-00,29,13,16
2016-07-28-07-45-00,27,6,21
2016-07-28-08-00-00,15,3,12
2016-07-28-08-15-00,27,5,22
2016-07-28-08-30-00,28,8,20
2016-07-28-08-45-00,28,4,24
2016-07-28-09-00-00,20,4,16
2016-07-28-09-15-00,13,5,8
2016-07-28-09-30-00,10,4,6
2016-07-28-09-45-00,23,10,13
2016-07-28-10-00-00,12,2,10
2016-07-28-10-15-00,21,8,13
2016-07-28-10-30-00,5,1,4
2016-07-28-10-45-00,17,15,2
2016-07-28-11-00-00,5,4,1
2016-07-28-11-15-00,12,3,9
2016-07-28-11-30-00,10,6,4
2016-07-28-11-45-00,6,3,3
2016-07-28-12-00-00,3,3,0
2016-07-28-12-15-00,6,1,5
2016-07-28-12-30-00,5,3,2
2016-07-28-12-45-00,7,3,4
2016-07-28-13-00-00,6,4,2
2016-07-28-13-15-00,7,5,2
2016-07-28-13-30-00,6,2,4
2016-07-28-13-45-00,12,5,7
2016-07-28-14-00-00,12,12,0
2016-07-28-14-15-00,13,9,4
2016-07-28-14-30-00,11,6,5
2016-07-28-14-45-00,9,7,2
2016-07-28-15-00-00,9,6,3
2016-07-28-15-15-00,4,2,2
2016-07-28-15-30-00,9,2,7
2016-07-28-15-45-00,6,5,1
2016-07-28-16-00-00,19,12,7
2016-07-28-16-15-00,32,25,7
2016-07-28-16-30-00,24,11,13
2016-07-28-16-45-00,26,12,14
2016-07-28-17-00-00,23,16,7
2016-07-28-17-15-00,45,31,14
2016-07-28-17-30-00,47,36,11
2016-07-28-17-45-00,37,26,11
2016-07-28-18-00-00,36,17,19
2016-07-28-18-15-00,50,32,18
2016-07-28-18-30-00,39,25,14
2016-07-28-18-45-00,37,23,14
2016-07-28-19-00-00,35,21,14
2016-07-28-19-15-00,42,26,16
2016-07-28-19-30-00,27,12,15
2016-07-28-19-45-00,34,18,16
2016-07-28-20-00-00,31,21,10
2016-07-28-20-15-00,33,19,14
2016-07-28-20-30-00,36,24,12
2016-07-28-20-45-00,21,14,7
2016-07-28-21-00-00,21,16,5
2016-07-28-21-15-00,22,11,11
2016-07-28-21-30-00,17,7,10
2016-07-28-21-45-00,7,3,4
2016-07-28-22-00-00,7,5,2
2016-07-28-22-15-00,9,7,2
2016-07-28-22-30-00,10,5,5
2016-07-28-22-45-00,8,3,5
2016-07-28-23-00-00,3,1,2
2016-07-28-23-15-00,2,0,2
2016-07-28-23-30-00,2,2,0
2016-07-28-23-45-00,1,0,1
2016-07-29-00-00-00,2,1,1
2016-07-29-00-15-00,1,1,0
2016-07-29-00-30-00,1,0,1
2016-07-29-00-45-00,0,0,0
2016-07-29-01-00-00,0,0,0
2016-07-29-01-15-00,0,0,0
2016-07-29-01-30-00,1,0,1
2016-07-29-01-45-00,1,0,1
2016-07-29-02-00-00,0,0,0
2016-07-29-02-15-00,0,0,0
2016-07-29-02-30-00,2,2,0
2016-07-29-02-45-00,2,0,2
2016-07-29-03-00-00,0,0,0
2016-07-29-03-15-00,0,0,0
2016-07-29-03-30-00,0,0,0
2016-07-29-03-45-00,0,0,0
2016-07-29-04-00-00,0,0,0
2016-07-29-04-15-00,0,0,0
2016-07-29-04-30-00,0,0,0
2016-07-29-04-45-00,0,0,0
2016-07-29-05-00-00,0,0,0
2016-07-29-05-15-00,1,0,1
2016-07-29-05-30-00,0,0,0
2016-07-29-05-45-00,4,1,3
2016-07-29-06-00-00,7,2,5
2016-07-29-06-15-00,8,1,7
2016-07-29-06-30-00,8,2,6
2016-07-29-06-45-00,14,7,7
2016-07-29-07-00-00,14,4,10
2016-07-29-07-15-00,18,6,12
2016-07-29-07-30-00,18,8,10
2016-07-29-07-45-00,22,8,14
2016-07-29-08-00-00,13,1,12
2016-07-29-08-15-00,17,2,15
2016-07-29-08-30-00,37,2,35
2016-07-29-08-45-00,48,4,44
2016-07-29-09-00-00,37,7,30
2016-07-29-09-15-00,60,11,49
2016-07-29-09-30-00,54,6,48
2016-07-29-09-45-00,39,5,34
2016-07-29-10-00-00,43,8,35
2016-07-29-10-15-00,28,1,27
2016-07-29-10-30-00,32,13,19
2016-07-29-10-45-00,27,6,21
2016-07-29-11-00-00,10,5,5
2016-07-29-11-15-00,18,13,5
2016-07-29-11-30-00,24,16,8
2016-07-29-11-45-00,7,3,4
2016-07-29-12-00-00,17,12,5
2016-07-29-12-15-00,18,11,7
2016-07-29-12-30-00,14,8,6
2016-07-29-12-45-00,16,5,11
2016-07-29-13-00-00,15,7,8
2016-07-29-13-15-00,13,9,4
2016-07-29-13-30-00,20,10,10
2016-07-29-13-45-00,18,10,8
2016-07-29-14-00-00,14,9,5
2016-07-29-14-15-00,27,22,5
2016-07-29-14-30-00,7,6,1
2016-07-29-14-45-00,7,3,4
2016-07-29-15-00-00,16,9,7
2016-07-29-15-15-00,17,12,5
2016-07-29-15-30-00,19,10,9
2016-07-29-15-45-00,18,13,5
2016-07-29-16-00-00,16,13,3
2016-07-29-16-15-00,23,16,7
2016-07-29-16-30-00,24,20,4
2016-07-29-16-45-00,30,16,14
2016-07-29-17-00-00,39,22,17
2016-07-29-17-15-00,30,21,9
2016-07-29-17-30-00,42,15,27
2016-07-29-17-45-00,47,24,23
2016-07-29-18-00-00,28,16,12
2016-07-29-18-15-00,35,24,11
2016-07-29-18-30-00,42,26,16
2016-07-29-18-45-00,35,19,16
2016-07-29-19-00-00,31,18,13
2016-07-29-19-15-00,44,19,25
2016-07-29-19-30-00,32,12,20
2016-07-29-19-45-00,39,15,24
2016-07-29-20-00-00,26,16,10
2016-07-29-20-15-00,35,19,16
2016-07-29-20-30-00,19,12,7
2016-07-29-20-45-00,32,15,17
2016-07-29-21-00-00,29,16,13
2016-07-29-21-15-00,22,15,7
2016-07-29-21-30-00,12,6,6
2016-07-29-21-45-00,17,7,10
2016-07-29-22-00-00,9,3,6
2016-07-29-22-15-00,8,3,5
2016-07-29-22-30-00,8,0,8
2016-07-29-22-45-00,9,9,0
2016-07-29-23-00-00,3,0,3
2016-07-29-23-15-00,4,3,1
2016-07-29-23-30-00,4,4,0
2016-07-29-23-45-00,3,3,0
2016-07-30-00-00-00,5,5,0
2016-07-30-00-15-00,13,13,0
2016-07-30-00-30-00,0,0,0
2016-07-30-00-45-00,4,2,2
2016-07-30-01-00-00,2,0,2
2016-07-30-01-15-00,0,0,0
2016-07-30-01-30-00,0,0,0
2016-07-30-01-45-00,1,1,0
2016-07-30-02-00-00,3,2,1
2016-07-30-02-15-00,1,0,1
2016-07-30-02-30-00,0,0,0
2016-07-30-02-45-00,0,0,0
2016-07-30-03-00-00,0,0,0
2016-07-30-03-15-00,1,1,0
2016-07-30-03-30-00,0,0,0
2016-07-30-03-45-00,5,0,5
2016-07-30-04-00-00,2,1,1
2016-07-30-04-15-00,0,0,0
2016-07-30-04-30-00,0,0,0
2016-07-30-04-45-00,0,0,0
2016-07-30-05-00-00,1,1,0
2016-07-30-05-15-00,0,0,0
2016-07-30-05-30-00,1,0,1
2016-07-30-05-45-00,0,0,0
2016-07-30-06-00-00,2,1,1
2016-07-30-06-15-00,3,2,1
2016-07-30-06-30-00,1,1,0
2016-07-30-06-45-00,7,1,6
2016-07-30-07-00-00,3,2,1
2016-07-30-07-15-00,1,1,0
2016-07-30-07-30-00,6,2,4
2016-07-30-07-45-00,5,2,3
2016-07-30-08-00-00,6,4,2
2016-07-30-08-15-00,6,3,3
2016-07-30-08-30-00,10,6,4
2016-07-30-08-45-00,12,7,5
2016-07-30-09-00-00,10,7,3
2016-07-30-09-15-00,9,3,6
2016-07-30-09-30-00,22,8,14
2016-07-30-09-45-00,30,15,15
2016-07-30-10-00-00,25,10,15
2016-07-30-10-15-00,12,6,6
2016-07-30-10-30-00,34,20,14
2016-07-30-10-45-00,29,16,13
2016-07-30-11-00-00,45,14,31
2016-07-30-11-15-00,44,17,27
2016-07-30-11-30-00,49,21,28
2016-07-30-11-45-00,58,20,38
2016-07-30-12-00-00,53,29,24
2016-07-30-12-15-00,69,33,36
2016-07-30-12-30-00,66,37,29
2016-07-30-12-45-00,77,40,37
2016-07-30-13-00-00,63,24,39
2016-07-30-13-15-00,55,26,29
2016-07-30-13-30-00,76,32,44
2016-07-30-13-45-00,77,35,42
2016-07-30-14-00-00,64,32,32
2016-07-30-14-15-00,68,23,45
2016-07-30-14-30-00,69,29,40
2016-07-30-14-45-00,95,47,48
2016-07-30-15-00-00,81,45,36
2016-07-30-15-15-00,98,47,51
2016-07-30-15-30-00,75,41,34
2016-07-30-15-45-00,72,33,39
2016-07-30-16-00-00,67,35,32
2016-07-30-16-15-00,124,64,60
2016-07-30-16-30-00,80,38,42
2016-07-30-16-45-00,50,27,23
2016-07-30-17-00-00,78,36,42
2016-07-30-17-15-00,63,35,28
2016-07-30-17-30-00,68,40,28
2016-07-30-17-45-00,68,37,31
2016-07-30-18-00-00,77,33,44
2016-07-30-18-15-00,58,27,31
2016-07-30-18-30-00,52,40,12
2016-07-30-18-45-00,57,24,33
2016-07-30-19-00-00,47,35,12
2016-07-30-19-15-00,34,19,15
2016-07-30-19-30-00,59,32,27
2016-07-30-19-45-00,33,17,16
2016-07-30-20-00-00,50,31,19
2016-07-30-20-15-00,29,21,8
2016-07-30-20-30-00,32,20,12
2016-07-30-20-45-00,30,23,7
2016-07-30-21-00-00,15,10,5
2016-07-30-21-15-00,23,10,13
2016-07-30-21-30-00,12,10,2
2016-07-30-21-45-00,11,7,4
2016-07-30-22-00-00,7,5,2
2016-07-30-22-15-00,11,7,4
2016-07-30-22-30-00,6,4,2
2016-07-30-22-45-00,7,4,3
2016-07-30-23-00-00,10,6,4
2016-07-30-23-15-00,13,9,4
2016-07-30-23-30-00,5,4,1
2016-07-30-23-45-00,8,6,2
2016-07-31-00-00-00,11,9,2
2016-07-31-00-15-00,9,9,0
2016-07-31-00-30-00,0,0,0
2016-07-31-00-45-00,7,7,0
2016-07-31-01-00-00,7,6,1
2016-07-31-01-15-00,3,3,0
2016-07-31-01-30-00,3,1,2
2016-07-31-01-45-00,2,2,0
2016-07-31-02-00-00,3,1,2
2016-07-31-02-15-00,1,1,0
2016-07-31-02-30-00,0,0,0
2016-07-31-02-45-00,1,0,1
2016-07-31-03-00-00,2,0,2
2016-07-31-03-15-00,0,0,0
2016-07-31-03-30-00,0,0,0
2016-07-31-03-45-00,2,2,0
2016-07-31-04-00-00,0,0,0
2016-07-31-04-15-00,0,0,0
2016-07-31-04-30-00,1,0,1
2016-07-31-04-45-00,1,1,0
2016-07-31-05-00-00,1,1,0
2016-07-31-05-15-00,2,1,1
2016-07-31-05-30-00,2,0,2
2016-07-31-05-45-00,1,0,1
2016-07-31-06-00-00,1,1,0
2016-07-31-06-15-00,1,1,0
2016-07-31-06-30-00,1,0,1
2016-07-31-06-45-00,1,0,1
2016-07-31-07-00-00,0,0,0
2016-07-31-07-15-00,4,2,2
2016-07-31-07-30-00,5,3,2
2016-07-31-07-45-00,7,2,5
2016-07-31-08-00-00,3,2,1
2016-07-31-08-15-00,15,5,10
2016-07-31-08-30-00,6,4,2
2016-07-31-08-45-00,11,6,5
2016-07-31-09-00-00,16,13,3
2016-07-31-09-15-00,20,10,10
2016-07-31-09-30-00,16,5,11
2016-07-31-09-45-00,15,7,8
2016-07-31-10-00-00,30,11,19
2016-07-31-10-15-00,22,4,18
2016-07-31-10-30-00,43,21,22
2016-07-31-10-45-00,37,23,14
2016-07-31-11-00-00,58,38,20
2016-07-31-11-15-00,47,20,27
2016-07-31-11-30-00,57,30,27
2016-07-31-11-45-00,50,20,30
2016-07-31-12-00-00,59,32,27
2016-07-31-12-15-00,75,29,46
2016-07-31-12-30-00,67,37,30
2016-07-31-12-45-00,59,36,23
2016-07-31-13-00-00,44,20,24
2016-07-31-13-15-00,42,14,28
2016-07-31-13-30-00,36,15,21
2016-07-31-13-45-00,38,27,11
2016-07-31-14-00-00,51,35,16
2016-07-31-14-15-00,30,14,16
2016-07-31-14-30-00,22,13,9
2016-07-31-14-45-00,30,15,15
2016-07-31-15-00-00,21,17,4
2016-07-31-15-15-00,29,24,5
2016-07-31-15-30-00,19,12,7
2016-07-31-15-45-00,41,18,23
2016-07-31-16-00-00,30,17,13
2016-07-31-16-15-00,40,19,21
2016-07-31-16-30-00,67,37,30
2016-07-31-16-45-00,38,21,17
2016-07-31-17-00-00,56,35,21
2016-07-31-17-15-00,52,28,24
2016-07-31-17-30-00,9,2,7
2016-07-31-17-45-00,41,24,17
2016-07-31-18-00-00,27,20,7
2016-07-31-18-15-00,38,22,16
2016-07-31-18-30-00,31,17,14
2016-07-31-18-45-00,36,12,24
2016-07-31-19-00-00,46,29,17
2016-07-31-19-15-00,42,28,14
2016-07-31-19-30-00,60,40,20
2016-07-31-19-45-00,58,36,22
2016-07-31-20-00-00,41,20,21
2016-07-31-20-15-00,39,17,22
2016-07-31-20-30-00,21,8,13
2016-07-31-20-45-00,27,13,14
2016-07-31-21-00-00,22,10,12
2016-07-31-21-15-00,7,3,4
2016-07-31-21-30-00,8,5,3
2016-07-31-21-45-00,5,4,1
2016-07-31-22-00-00,7,4,3
2016-07-31-22-15-00,2,0,2
2016-07-31-22-30-00,1,0,1
2016-07-31-22-45-00,3,1,2
2016-07-31-23-00-00,0,0,0
2016-07-31-23-15-00,0,0,0
2016-07-31-23-30-00,0,0,0
2016-07-31-23-45-00,3,1,2
2016-08-01-00-00-00,0,0,0
2016-08-01-00-15-00,1,1,0
2016-08-01-00-30-00,0,0,0
2016-08-01-00-45-00,0,0,0
2016-08-01-01-00-00,0,0,0
2016-08-01-01-15-00,1,0,1
2016-08-01-01-30-00,0,0,0
2016-08-01-01-45-00,0,0,0
2016-08-01-02-00-00,0,0,0
2016-08-01-02-15-00,0,0,0
2016-08-01-02-30-00,0,0,0
2016-08-01-02-45-00,0,0,0
2016-08-01-03-00-00,0,0,0
2016-08-01-03-15-00,0,0,0
2016-08-01-03-30-00,1,0,1
2016-08-01-03-45-00,0,0,0
2016-08-01-04-00-00,0,0,0
2016-08-01-04-15-00,0,0,0
2016-08-01-04-30-00,0,0,0
2016-08-01-04-45-00,0,0,0
2016-08-01-05-00-00,1,0,1
2016-08-01-05-15-00,1,1,0
2016-08-01-05-30-00,3,1,2
2016-08-01-05-45-00,2,2,0
2016-08-01-06-00-00,10,5,5
2016-08-01-06-15-00,7,2,5
2016-08-01-06-30-00,14,5,9
2016-08-01-06-45-00,17,8,9
2016-08-01-07-00-00,23,11,12
2016-08-01-07-15-00,39,12,27
2016-08-01-07-30-00,36,10,26
2016-08-01-07-45-00,45,14,31
2016-08-01-08-00-00,37,8,29
2016-08-01-08-15-00,52,8,44
2016-08-01-08-30-00,48,13,35
2016-08-01-08-45-00,54,9,45
2016-08-01-09-00-00,44,8,36
2016-08-01-09-15-00,27,10,17
2016-08-01-09-30-00,22,10,12
2016-08-01-09-45-00,32,13,19
2016-08-01-10-00-00,15,7,8
2016-08-01-10-15-00,36,11,25
2016-08-01-10-30-00,31,18,13
2016-08-01-10-45-00,38,19,19
2016-08-01-11-00-00,31,15,16
2016-08-01-11-15-00,54,24,30
2016-08-01-11-30-00,39,20,19
2016-08-01-11-45-00,49,22,27
2016-08-01-12-00-00,34,20,14
2016-08-01-12-15-00,28,15,13
2016-08-01-12-30-00,44,25,19
2016-08-01-12-45-00,41,14,27
2016-08-01-13-00-00,39,20,19
2016-08-01-13-15-00,31,15,16
2016-08-01-13-30-00,40,18,22
2016-08-01-13-45-00,49,18,31
2016-08-01-14-00-00,42,30,12
2016-08-01-14-15-00,39,16,23
2016-08-01-14-30-00,37,16,21
2016-08-01-14-45-00,57,29,28
2016-08-01-15-00-00,54,29,25
2016-08-01-15-15-00,87,47,40
2016-08-01-15-30-00,42,30,12
2016-08-01-15-45-00,71,56,15
2016-08-01-16-00-00,74,37,37
2016-08-01-16-15-00,70,42,28
2016-08-01-16-30-00,84,52,32
2016-08-01-16-45-00,111,79,32
2016-08-01-17-00-00,95,63,32
2016-08-01-17-15-00,140,72,68
2016-08-01-17-30-00,81,48,33
2016-08-01-17-45-00,84,61,23
2016-08-01-18-00-00,78,58,20
2016-08-01-18-15-00,76,53,23
2016-08-01-18-30-00,67,38,29
2016-08-01-18-45-00,65,34,31
2016-08-01-19-00-00,53,34,19
2016-08-01-19-15-00,69,43,26
2016-08-01-19-30-00,45,22,23
2016-08-01-19-45-00,39,18,21
2016-08-01-20-00-00,33,23,10
2016-08-01-20-15-00,29,19,10
2016-08-01-20-30-00,49,25,24
2016-08-01-20-45-00,31,22,9
2016-08-01-21-00-00,31,13,18
2016-08-01-21-15-00,15,11,4
2016-08-01-21-30-00,24,18,6
2016-08-01-21-45-00,20,13,7
2016-08-01-22-00-00,8,1,7
2016-08-01-22-15-00,12,5,7
2016-08-01-22-30-00,2,2,0
2016-08-01-22-45-00,3,1,2
2016-08-01-23-00-00,3,3,0
2016-08-01-23-15-00,1,0,1
2016-08-01-23-30-00,2,1,1
2016-08-01-23-45-00,1,0,1
2016-08-02-00-00-00,1,0,1
2016-08-02-00-15-00,0,0,0
2016-08-02-00-30-00,0,0,0
2016-08-02-00-45-00,0,0,0
2016-08-02-01-00-00,1,1,0
2016-08-02-01-15-00,0,0,0
2016-08-02-01-30-00,0,0,0
2016-08-02-01-45-00,0,0,0
2016-08-02-02-00-00,2,1,1
2016-08-02-02-15-00,0,0,0
2016-08-02-02-30-00,0,0,0
2016-08-02-02-45-00,0,0,0
2016-08-02-03-00-00,1,0,1
2016-08-02-03-15-00,0,0,0
2016-08-02-03-30-00,0,0,0
2016-08-02-03-45-00,0,0,0
2016-08-02-04-00-00,0,0,0
2016-08-02-04-15-00,0,0,0
2016-08-02-04-30-00,0,0,0
2016-08-02-04-45-00,0,0,0
2016-08-02-05-00-00,1,0,1
2016-08-02-05-15-00,0,0,0
2016-08-02-05-30-00,1,0,1
2016-08-02-05-45-00,7,4,3
2016-08-02-06-00-00,3,2,1
2016-08-02-06-15-00,3,0,3
2016-08-02-06-30-00,9,1,8
2016-08-02-06-45-00,10,7,3
2016-08-02-07-00-00,11,4,7
2016-08-02-07-15-00,6,3,3
2016-08-02-07-30-00,20,8,12
2016-08-02-07-45-00,22,1,21
2016-08-02-08-00-00,15,2,13
2016-08-02-08-15-00,16,5,11
2016-08-02-08-30-00,27,5,22
2016-08-02-08-45-00,22,2,20
2016-08-02-09-00-00,18,6,12
2016-08-02-09-15-00,6,1,5
2016-08-02-09-30-00,7,7,0
2016-08-02-09-45-00,3,3,0
2016-08-02-10-00-00,8,1,7
2016-08-02-10-15-00,8,6,2
2016-08-02-10-30-00,6,1,5
2016-08-02-10-45-00,5,2,3
2016-08-02-11-00-00,4,1,3
2016-08-02-11-15-00,2,2,0
2016-08-02-11-30-00,3,2,1
2016-08-02-11-45-00,6,4,2
2016-08-02-12-00-00,7,4,3
2016-08-02-12-15-00,3,2,1
2016-08-02-12-30-00,1,0,1
2016-08-02-12-45-00,10,8,2
2016-08-02-13-00-00,3,1,2
2016-08-02-13-15-00,5,4,1
2016-08-02-13-30-00,11,4,7
2016-08-02-13-45-00,6,2,4
2016-08-02-14-00-00,8,3,5
2016-08-02-14-15-00,5,2,3
2016-08-02-14-30-00,9,6,3
2016-08-02-14-45-00,5,3,2
2016-08-02-15-00-00,8,6,2
2016-08-02-15-15-00,11,5,6
2016-08-02-15-30-00,10,9,1
2016-08-02-15-45-00,3,2,1
2016-08-02-16-00-00,17,13,4
2016-08-02-16-15-00,14,10,4
2016-08-02-16-30-00,19,12,7
2016-08-02-16-45-00,11,9,2
2016-08-02-17-00-00,19,13,6
2016-08-02-17-15-00,18,17,1
2016-08-02-17-30-00,18,13,5
2016-08-02-17-45-00,17,13,4
2016-08-02-18-00-00,15,12,3
2016-08-02-18-15-00,16,9,7
2016-08-02-18-30-00,12,11,1
2016-08-02-18-45-00,13,8,5
2016-08-02-19-00-00,12,8,4
2016-08-02-19-15-00,9,6,3
2016-08-02-19-30-00,8,3,5
2016-08-02-19-45-00,7,4,3
2016-08-02-20-00-00,6,2,4
2016-08-02-20-15-00,8,5,3
2016-08-02-20-30-00,5,1,4
2016-08-02-20-45-00,2,1,1
2016-08-02-21-00-00,2,1,1
2016-08-02-21-15-00,1,1,0
2016-08-02-21-30-00,2,2,0
2016-08-02-21-45-00,5,2,3
2016-08-02-22-00-00,0,0,0
2016-08-02-22-15-00,3,2,1
2016-08-02-22-30-00,1,1,0
2016-08-02-22-45-00,0,0,0
2016-08-02-23-00-00,1,1,0
2016-08-02-23-15-00,0,0,0
2016-08-02-23-30-00,0,0,0
2016-08-02-23-45-00,0,0,0
2016-08-03-00-00-00,0,0,0
2016-08-03-00-15-00,0,0,0
2016-08-03-00-30-00,0,0,0
2016-08-03-00-45-00,0,0,0
2016-08-03-01-00-00,0,0,0
2016-08-03-01-15-00,0,0,0
2016-08-03-01-30-00,0,0,0
2016-08-03-01-45-00,0,0,0
2016-08-03-02-00-00,0,0,0
2016-08-03-02-15-00,0,0,0
2016-08-03-02-30-00,0,0,0
2016-08-03-02-45-00,0,0,0
2016-08-03-03-00-00,0,0,0
2016-08-03-03-15-00,0,0,0
2016-08-03-03-30-00,0,0,0
2016-08-03-03-45-00,0,0,0
2016-08-03-04-00-00,0,0,0
2016-08-03-04-15-00,0,0,0
2016-08-03-04-30-00,0,0,0
2016-08-03-04-45-00,1,1,0
2016-08-03-05-00-00,0,0,0
2016-08-03-05-15-00,1,0,1
2016-08-03-05-30-00,1,0,1
2016-08-03-05-45-00,2,1,1
2016-08-03-06-00-00,4,0,4
2016-08-03-06-15-00,5,1,4
2016-08-03-06-30-00,5,0,5
2016-08-03-06-45-00,8,4,4
2016-08-03-07-00-00,12,3,9
2016-08-03-07-15-00,12,4,8
2016-08-03-07-30-00,13,2,11
2016-08-03-07-45-00,17,0,17
2016-08-03-08-00-00,19,5,14
2016-08-03-08-15-00,13,4,9
2016-08-03-08-30-00,27,5,22
2016-08-03-08-45-00,21,5,16
2016-08-03-09-00-00,16,2,14
2016-08-03-09-15-00,8,2,6
2016-08-03-09-30-00,5,2,3
2016-08-03-09-45-00,8,5,3
2016-08-03-10-00-00,13,1,12
2016-08-03-10-15-00,9,7,2
2016-08-03-10-30-00,12,8,4
2016-08-03-10-45-00,7,2,5
2016-08-03-11-00-00,3,1,2
2016-08-03-11-15-00,5,3,2
2016-08-03-11-30-00,9,4,5
2016-08-03-11-45-00,7,3,4
2016-08-03-12-00-00,3,1,2
2016-08-03-12-15-00,4,1,3
2016-08-03-12-30-00,6,2,4
2016-08-03-12-45-00,11,8,3
2016-08-03-13-00-00,4,3,1
2016-08-03-13-15-00,4,3,1
2016-08-03-13-30-00,11,9,2
2016-08-03-13-45-00,6,5,1
2016-08-03-14-00-00,3,1,2
2016-08-03-14-15-00,6,6,0
2016-08-03-14-30-00,4,3,1
2016-08-03-14-45-00,5,4,1
2016-08-03-15-00-00,12,7,5
2016-08-03-15-15-00,10,6,4
2016-08-03-15-30-00,4,2,2
2016-08-03-15-45-00,10,3,7
2016-08-03-16-00-00,15,12,3
2016-08-03-16-15-00,17,13,4
2016-08-03-16-30-00,21,15,6
2016-08-03-16-45-00,22,17,5
2016-08-03-17-00-00,18,9,9
2016-08-03-17-15-00,29,24,5
2016-08-03-17-30-00,18,13,5
2016-08-03-17-45-00,13,9,4
2016-08-03-18-00-00,15,10,5
2016-08-03-18-15-00,16,13,3
2016-08-03-18-30-00,13,11,2
2016-08-03-18-45-00,9,6,3
2016-08-03-19-00-00,8,3,5
2016-08-03-19-15-00,9,5,4
2016-08-03-19-30-00,5,1,4
2016-08-03-19-45-00,9,1,8
2016-08-03-20-00-00,9,8,1
2016-08-03-20-15-00,6,4,2
2016-08-03-20-30-00,6,4,2
2016-08-03-20-45-00,11,5,6
2016-08-03-21-00-00,5,2,3
2016-08-03-21-15-00,7,5,2
2016-08-03-21-30-00,4,2,2
2016-08-03-21-45-00,5,2,3
2016-08-03-22-00-00,2,1,1
2016-08-03-22-15-00,2,0,2
2016-08-03-22-30-00,0,0,0
2016-08-03-22-45-00,2,0,2
2016-08-03-23-00-00,2,0,2
2016-08-03-23-15-00,0,0,0
2016-08-03-23-30-00,1,0,1
2016-08-03-23-45-00,1,1,0
2016-08-04-00-00-00,0,0,0
2016-08-04-00-15-00,0,0,0
2016-08-04-00-30-00,0,0,0
2016-08-04-00-45-00,0,0,0
2016-08-04-01-00-00,0,0,0
2016-08-04-01-15-00,0,0,0
2016-08-04-01-30-00,0,0,0
2016-08-04-01-45-00,0,0,0
2016-08-04-02-00-00,0,0,0
2016-08-04-02-15-00,0,0,0
2016-08-04-02-30-00,0,0,0
2016-08-04-02-45-00,0,0,0
2016-08-04-03-00-00,1,0,1
2016-08-04-03-15-00,0,0,0
2016-08-04-03-30-00,0,0,0
2016-08-04-03-45-00,0,0,0
2016-08-04-04-00-00,0,0,0
2016-08-04-04-15-00,0,0,0
2016-08-04-04-30-00,0,0,0
2016-08-04-04-45-00,0,0,0
2016-08-04-05-00-00,0,0,0
2016-08-04-05-15-00,2,0,2
2016-08-04-05-30-00,1,0,1
2016-08-04-05-45-00,4,2,2
2016-08-04-06-00-00,3,0,3
2016-08-04-06-15-00,2,1,1
2016-08-04-06-30-00,5,1,4
2016-08-04-06-45-00,10,4,6
2016-08-04-07-00-00,7,3,4
2016-08-04-07-15-00,15,3,12
2016-08-04-07-30-00,22,7,15
2016-08-04-07-45-00,40,7,33
2016-08-04-08-00-00,31,8,23
2016-08-04-08-15-00,41,10,31
2016-08-04-08-30-00,39,11,28
2016-08-04-08-45-00,42,5,37
2016-08-04-09-00-00,30,8,22
2016-08-04-09-15-00,25,4,21
2016-08-04-09-30-00,19,5,14
2016-08-04-09-45-00,13,8,5
2016-08-04-10-00-00,11,1,10
2016-08-04-10-15-00,11,6,5
2016-08-04-10-30-00,11,8,3
2016-08-04-10-45-00,24,10,14
2016-08-04-11-00-00,15,6,9
2016-08-04-11-15-00,14,5,9
2016-08-04-11-30-00,22,9,13
2016-08-04-11-45-00,21,12,9
2016-08-04-12-00-00,32,11,21
2016-08-04-12-15-00,25,9,16
2016-08-04-12-30-00,22,14,8
2016-08-04-12-45-00,19,10,9
2016-08-04-13-00-00,16,9,7
2016-08-04-13-15-00,37,23,14
2016-08-04-13-30-00,35,14,21
2016-08-04-13-45-00,20,13,7
2016-08-04-14-00-00,35,12,23
2016-08-04-14-15-00,52,27,25
2016-08-04-14-30-00,46,28,18
2016-08-04-14-45-00,23,19,4
2016-08-04-15-00-00,31,22,9
2016-08-04-15-15-00,36,21,15
2016-08-04-15-30-00,26,19,7
2016-08-04-15-45-00,50,27,23
2016-08-04-16-00-00,42,28,14
2016-08-04-16-15-00,55,35,20
2016-08-04-16-30-00,37,26,11
2016-08-04-16-45-00,49,33,16
2016-08-04-17-00-00,36,23,13
2016-08-04-17-15-00,53,34,19
2016-08-04-17-30-00,50,40,10
2016-08-04-17-45-00,58,35,23
2016-08-04-18-00-00,50,32,18
2016-08-04-18-15-00,63,41,22
2016-08-04-18-30-00,51,26,25
2016-08-04-18-45-00,47,35,12
2016-08-04-19-00-00,56,34,22
2016-08-04-19-15-00,33,20,13
2016-08-04-19-30-00,34,14,20
2016-08-04-19-45-00,34,18,16
2016-08-04-20-00-00,39,21,18
2016-08-04-20-15-00,31,19,12
2016-08-04-20-30-00,56,31,25
2016-08-04-20-45-00,21,10,11
2016-08-04-21-00-00,16,8,8
2016-08-04-21-15-00,17,4,13
2016-08-04-21-30-00,10,7,3
2016-08-04-21-45-00,19,11,8
2016-08-04-22-00-00,7,5,2
2016-08-04-22-15-00,1,1,0
2016-08-04-22-30-00,8,5,3
2016-08-04-22-45-00,1,0,1
2016-08-04-23-00-00,2,1,1
2016-08-04-23-15-00,0,0,0
2016-08-04-23-30-00,1,1,0
2016-08-04-23-45-00,1,1,0
2016-08-05-00-00-00,1,0,1
2016-08-05-00-15-00,0,0,0
2016-08-05-00-30-00,0,0,0
2016-08-05-00-45-00,0,0,0
2016-08-05-01-00-00,0,0,0
2016-08-05-01-15-00,1,0,1
2016-08-05-01-30-00,2,0,2
2016-08-05-01-45-00,0,0,0
2016-08-05-02-00-00,0,0,0
2016-08-05-02-15-00,1,1,0
2016-08-05-02-30-00,0,0,0
2016-08-05-02-45-00,0,0,0
2016-08-05-03-00-00,0,0,0
2016-08-05-03-15-00,0,0,0
2016-08-05-03-30-00,0,0,0
2016-08-05-03-45-00,0,0,0
2016-08-05-04-00-00,0,0,0
2016-08-05-04-15-00,0,0,0
2016-08-05-04-30-00,0,0,0
2016-08-05-04-45-00,0,0,0
2016-08-05-05-00-00,0,0,0
2016-08-05-05-15-00,1,0,1
2016-08-05-05-30-00,4,2,2
2016-08-05-05-45-00,4,2,2
2016-08-05-06-00-00,3,1,2
2016-08-05-06-15-00,7,4,3
2016-08-05-06-30-00,7,4,3
2016-08-05-06-45-00,21,7,14
2016-08-05-07-00-00,17,7,10
2016-08-05-07-15-00,16,5,11
2016-08-05-07-30-00,27,7,20
2016-08-05-07-45-00,45,11,34
2016-08-05-08-00-00,28,8,20
2016-08-05-08-15-00,37,3,34
2016-08-05-08-30-00,33,11,22
2016-08-05-08-45-00,34,5,29
2016-08-05-09-00-00,23,5,18
2016-08-05-09-15-00,17,3,14
2016-08-05-09-30-00,12,7,5
2016-08-05-09-45-00,9,3,6
2016-08-05-10-00-00,11,5,6
2016-08-05-10-15-00,10,4,6
2016-08-05-10-30-00,14,7,7
2016-08-05-10-45-00,7,1,6
2016-08-05-11-00-00,21,9,12
2016-08-05-11-15-00,27,13,14
2016-08-05-11-30-00,21,8,13
2016-08-05-11-45-00,20,7,13
2016-08-05-12-00-00,22,6,16
2016-08-05-12-15-00,24,5,19
2016-08-05-12-30-00,26,16,10
2016-08-05-12-45-00,21,12,9
2016-08-05-13-00-00,27,14,13
2016-08-05-13-15-00,37,12,25
2016-08-05-13-30-00,37,16,21
2016-08-05-13-45-00,22,7,15
2016-08-05-14-00-00,42,28,14
2016-08-05-14-15-00,47,22,25
2016-08-05-14-30-00,39,22,17
2016-08-05-14-45-00,37,21,16
2016-08-05-15-00-00,65,41,24
2016-08-05-15-15-00,66,36,30
2016-08-05-15-30-00,57,39,18
2016-08-05-15-45-00,48,31,17
2016-08-05-16-00-00,57,37,20
2016-08-05-16-15-00,53,38,15
2016-08-05-16-30-00,40,26,14
2016-08-05-16-45-00,39,31,8
2016-08-05-17-00-00,42,26,16
2016-08-05-17-15-00,49,26,23
2016-08-05-17-30-00,54,37,17
2016-08-05-17-45-00,45,24,21
2016-08-05-18-00-00,43,25,18
2016-08-05-18-15-00,39,21,18
2016-08-05-18-30-00,35,19,16
2016-08-05-18-45-00,28,12,16
2016-08-05-19-00-00,25,16,9
2016-08-05-19-15-00,26,13,13
2016-08-05-19-30-00,43,28,15
2016-08-05-19-45-00,20,4,16
2016-08-05-20-00-00,30,17,13
2016-08-05-20-15-00,11,10,1
2016-08-05-20-30-00,23,16,7
2016-08-05-20-45-00,15,7,8
2016-08-05-21-00-00,12,8,4
2016-08-05-21-15-00,13,6,7
2016-08-05-21-30-00,9,6,3
2016-08-05-21-45-00,6,4,2
2016-08-05-22-00-00,4,3,1
2016-08-05-22-15-00,10,2,8
2016-08-05-22-30-00,7,6,1
2016-08-05-22-45-00,6,5,1
2016-08-05-23-00-00,7,2,5
2016-08-05-23-15-00,7,5,2
2016-08-05-23-30-00,1,0,1
2016-08-05-23-45-00,6,5,1
2016-08-06-00-00-00,3,2,1
2016-08-06-00-15-00,2,0,2
2016-08-06-00-30-00,1,0,1
2016-08-06-00-45-00,5,0,5
2016-08-06-01-00-00,1,1,0
2016-08-06-01-15-00,5,3,2
2016-08-06-01-30-00,0,0,0
2016-08-06-01-45-00,2,1,1
2016-08-06-02-00-00,0,0,0
2016-08-06-02-15-00,0,0,0
2016-08-06-02-30-00,0,0,0
2016-08-06-02-45-00,0,0,0
2016-08-06-03-00-00,0,0,0
2016-08-06-03-15-00,1,0,1
2016-08-06-03-30-00,1,0,1
2016-08-06-03-45-00,0,0,0
2016-08-06-04-00-00,0,0,0
2016-08-06-04-15-00,0,0,0
2016-08-06-04-30-00,1,0,1
2016-08-06-04-45-00,0,0,0
2016-08-06-05-00-00,0,0,0
2016-08-06-05-15-00,2,1,1
2016-08-06-05-30-00,1,0,1
2016-08-06-05-45-00,0,0,0
2016-08-06-06-00-00,1,0,1
2016-08-06-06-15-00,4,2,2
2016-08-06-06-30-00,6,3,3
2016-08-06-06-45-00,2,1,1
2016-08-06-07-00-00,4,1,3
2016-08-06-07-15-00,5,4,1
2016-08-06-07-30-00,5,2,3
2016-08-06-07-45-00,1,0,1
2016-08-06-08-00-00,7,6,1
2016-08-06-08-15-00,8,6,2
2016-08-06-08-30-00,14,4,10
2016-08-06-08-45-00,11,8,3
2016-08-06-09-00-00,10,4,6
2016-08-06-09-15-00,17,5,12
2016-08-06-09-30-00,17,8,9
2016-08-06-09-45-00,19,6,13
2016-08-06-10-00-00,21,14,7
2016-08-06-10-15-00,40,27,13
2016-08-06-10-30-00,31,15,16
2016-08-06-10-45-00,41,20,21
2016-08-06-11-00-00,31,14,17
2016-08-06-11-15-00,38,21,17
2016-08-06-11-30-00,47,20,27
2016-08-06-11-45-00,46,19,27
2016-08-06-12-00-00,57,23,34
2016-08-06-12-15-00,56,19,37
2016-08-06-12-30-00,59,25,34
2016-08-06-12-45-00,55,22,33
2016-08-06-13-00-00,103,46,57
2016-08-06-13-15-00,64,37,27
2016-08-06-13-30-00,63,37,26
2016-08-06-13-45-00,81,34,47
2016-08-06-14-00-00,53,29,24
2016-08-06-14-15-00,78,44,34
2016-08-06-14-30-00,67,44,23
2016-08-06-14-45-00,92,38,54
2016-08-06-15-00-00,72,34,38
2016-08-06-15-15-00,89,39,50
2016-08-06-15-30-00,81,37,44
2016-08-06-15-45-00,93,51,42
2016-08-06-16-00-00,94,54,40
2016-08-06-16-15-00,81,39,42
2016-08-06-16-30-00,77,43,34
2016-08-06-16-45-00,107,62,45
2016-08-06-17-00-00,79,48,31
2016-08-06-17-15-00,63,31,32
2016-08-06-17-30-00,63,38,25
2016-08-06-17-45-00,99,60,39
2016-08-06-18-00-00,76,30,46
2016-08-06-18-15-00,72,39,33
2016-08-06-18-30-00,83,42,41
2016-08-06-18-45-00,82,47,35
2016-08-06-19-00-00,85,51,34
2016-08-06-19-15-00,55,34,21
2016-08-06-19-30-00,42,23,19
2016-08-06-19-45-00,32,19,13
2016-08-06-20-00-00,50,25,25
2016-08-06-20-15-00,71,35,36
2016-08-06-20-30-00,29,16,13
2016-08-06-20-45-00,24,15,9
2016-08-06-21-00-00,25,18,7
2016-08-06-21-15-00,21,9,12
2016-08-06-21-30-00,26,17,9
2016-08-06-21-45-00,2,0,2
2016-08-06-22-00-00,9,5,4
2016-08-06-22-15-00,10,9,1
2016-08-06-22-30-00,14,8,6
2016-08-06-22-45-00,6,3,3
2016-08-06-23-00-00,11,7,4
2016-08-06-23-15-00,10,7,3
2016-08-06-23-30-00,7,4,3
2016-08-06-23-45-00,3,3,0
2016-08-07-00-00-00,2,0,2
2016-08-07-00-15-00,4,3,1
2016-08-07-00-30-00,5,4,1
2016-08-07-00-45-00,2,2,0
2016-08-07-01-00-00,3,3,0
2016-08-07-01-15-00,2,1,1
2016-08-07-01-30-00,1,1,0
2016-08-07-01-45-00,3,3,0
2016-08-07-02-00-00,0,0,0
2016-08-07-02-15-00,0,0,0
2016-08-07-02-30-00,3,2,1
2016-08-07-02-45-00,1,0,1
2016-08-07-03-00-00,0,0,0
2016-08-07-03-15-00,0,0,0
2016-08-07-03-30-00,0,0,0
2016-08-07-03-45-00,0,0,0
2016-08-07-04-00-00,0,0,0
2016-08-07-04-15-00,0,0,0
2016-08-07-04-30-00,0,0,0
2016-08-07-04-45-00,1,1,0
2016-08-07-05-00-00,0,0,0
2016-08-07-05-15-00,0,0,0
2016-08-07-05-30-00,0,0,0
2016-08-07-05-45-00,0,0,0
2016-08-07-06-00-00,0,0,0
2016-08-07-06-15-00,2,0,2
2016-08-07-06-30-00,3,2,1
2016-08-07-06-45-00,3,2,1
2016-08-07-07-00-00,2,2,0
2016-08-07-07-15-00,2,0,2
2016-08-07-07-30-00,6,2,4
2016-08-07-07-45-00,5,1,4
2016-08-07-08-00-00,9,7,2
2016-08-07-08-15-00,10,6,4
2016-08-07-08-30-00,13,6,7
2016-08-07-08-45-00,10,4,6
2016-08-07-09-00-00,17,9,8
2016-08-07-09-15-00,27,17,10
2016-08-07-09-30-00,40,20,20
2016-08-07-09-45-00,41,15,26
2016-08-07-10-00-00,53,8,45
2016-08-07-10-15-00,59,22,37
2016-08-07-10-30-00,82,39,43
2016-08-07-10-45-00,110,45,65
2016-08-07-11-00-00,110,51,59
2016-08-07-11-15-00,119,48,71
2016-08-07-11-30-00,152,72,80
2016-08-07-11-45-00,158,64,94
2016-08-07-12-00-00,160,74,86
2016-08-07-12-15-00,156,68,88
2016-08-07-12-30-00,169,64,105
2016-08-07-12-45-00,202,93,109
2016-08-07-13-00-00,192,70,122
2016-08-07-13-15-00,194,82,112
2016-08-07-13-30-00,190,88,102
2016-08-07-13-45-00,193,99,94
2016-08-07-14-00-00,227,123,104
2016-08-07-14-15-00,183,96,87
2016-08-07-14-30-00,187,100,87
2016-08-07-14-45-00,201,113,88
2016-08-07-15-00-00,201,117,84
2016-08-07-15-15-00,186,103,83
2016-08-07-15-30-00,178,94,84
2016-08-07-15-45-00,190,108,82
2016-08-07-16-00-00,183,104,79
2016-08-07-16-15-00,172,108,64
2016-08-07-16-30-00,179,110,69
2016-08-07-16-45-00,182,111,71
2016-08-07-17-00-00,142,83,59
2016-08-07-17-15-00,147,82,65
2016-08-07-17-30-00,162,108,54
2016-08-07-17-45-00,138,77,61
2016-08-07-18-00-00,106,69,37
2016-08-07-18-15-00,119,82,37
2016-08-07-18-30-00,110,67,43
2016-08-07-18-45-00,128,76,52
2016-08-07-19-00-00,105,65,40
2016-08-07-19-15-00,85,56,29
2016-08-07-19-30-00,101,73,28
2016-08-07-19-45-00,78,61,17
2016-08-07-20-00-00,70,48,22
2016-08-07-20-15-00,63,45,18
2016-08-07-20-30-00,44,31,13
2016-08-07-20-45-00,67,51,16
2016-08-07-21-00-00,47,32,15
2016-08-07-21-15-00,44,28,16
2016-08-07-21-30-00,36,23,13
2016-08-07-21-45-00,16,10,6
2016-08-07-22-00-00,29,22,7
2016-08-07-22-15-00,22,18,4
2016-08-07-22-30-00,11,6,5
2016-08-07-22-45-00,6,4,2
2016-08-07-23-00-00,4,3,1
2016-08-07-23-15-00,8,5,3
2016-08-07-23-30-00,0,0,0
2016-08-07-23-45-00,7,4,3
2016-08-08-00-00-00,6,2,4
2016-08-08-00-15-00,2,2,0
2016-08-08-00-30-00,0,0,0
2016-08-08-00-45-00,3,2,1
2016-08-08-01-00-00,1,1,0
2016-08-08-01-15-00,1,0,1
2016-08-08-01-30-00,0,0,0
2016-08-08-01-45-00,0,0,0
2016-08-08-02-00-00,3,0,3
2016-08-08-02-15-00,0,0,0
2016-08-08-02-30-00,3,1,2
2016-08-08-02-45-00,0,0,0
2016-08-08-03-00-00,1,1,0
2016-08-08-03-15-00,0,0,0
2016-08-08-03-30-00,0,0,0
2016-08-08-03-45-00,0,0,0
2016-08-08-04-00-00,0,0,0
2016-08-08-04-15-00,0,0,0
2016-08-08-04-30-00,0,0,0
2016-08-08-04-45-00,0,0,0
2016-08-08-05-00-00,0,0,0
2016-08-08-05-15-00,0,0,0
2016-08-08-05-30-00,0,0,0
2016-08-08-05-45-00,8,5,3
2016-08-08-06-00-00,9,5,4
2016-08-08-06-15-00,9,2,7
2016-08-08-06-30-00,9,3,6
2016-08-08-06-45-00,19,6,13
2016-08-08-07-00-00,20,7,13
2016-08-08-07-15-00,29,10,19
2016-08-08-07-30-00,26,8,18
2016-08-08-07-45-00,40,5,35
2016-08-08-08-00-00,41,16,25
2016-08-08-08-15-00,47,9,38
2016-08-08-08-30-00,54,12,42
2016-08-08-08-45-00,42,9,33
2016-08-08-09-00-00,54,12,42
2016-08-08-09-15-00,50,14,36
2016-08-08-09-30-00,24,10,14
2016-08-08-09-45-00,26,13,13
2016-08-08-10-00-00,24,17,7
2016-08-08-10-15-00,25,13,12
2016-08-08-10-30-00,24,11,13
2016-08-08-10-45-00,33,13,20
2016-08-08-11-00-00,34,23,11
2016-08-08-11-15-00,36,20,16
2016-08-08-11-30-00,37,12,25
2016-08-08-11-45-00,27,20,7
2016-08-08-12-00-00,29,10,19
2016-08-08-12-15-00,31,20,11
2016-08-08-12-30-00,39,20,19
2016-08-08-12-45-00,36,15,21
2016-08-08-13-00-00,24,14,10
2016-08-08-13-15-00,34,19,15
2016-08-08-13-30-00,41,22,19
2016-08-08-13-45-00,35,22,13
2016-08-08-14-00-00,38,20,18
2016-08-08-14-15-00,42,21,21
2016-08-08-14-30-00,46,31,15
2016-08-08-14-45-00,52,27,25
2016-08-08-15-00-00,39,21,18
2016-08-08-15-15-00,41,23,18
2016-08-08-15-30-00,45,25,20
2016-08-08-15-45-00,52,30,22
2016-08-08-16-00-00,40,31,9
2016-08-08-16-15-00,46,24,22
2016-08-08-16-30-00,55,31,24
2016-08-08-16-45-00,69,46,23
2016-08-08-17-00-00,51,38,13
2016-08-08-17-15-00,57,46,11
2016-08-08-17-30-00,58,43,15
2016-08-08-17-45-00,75,42,33
2016-08-08-18-00-00,59,31,28
2016-08-08-18-15-00,47,28,19
2016-08-08-18-30-00,54,30,24
2016-08-08-18-45-00,49,17,32
2016-08-08-19-00-00,47,23,24
2016-08-08-19-15-00,41,17,24
2016-08-08-19-30-00,34,21,13
2016-08-08-19-45-00,50,26,24
2016-08-08-20-00-00,47,16,31
2016-08-08-20-15-00,28,12,16
2016-08-08-20-30-00,22,12,10
2016-08-08-20-45-00,17,8,9
2016-08-08-21-00-00,16,9,7
2016-08-08-21-15-00,29,20,9
2016-08-08-21-30-00,9,5,4
2016-08-08-21-45-00,14,12,2
2016-08-08-22-00-00,14,8,6
2016-08-08-22-15-00,21,15,6
2016-08-08-22-30-00,10,4,6
2016-08-08-22-45-00,3,1,2
2016-08-08-23-00-00,2,2,0
2016-08-08-23-15-00,0,0,0
2016-08-08-23-30-00,4,3,1
2016-08-08-23-45-00,2,2,0
2016-08-09-00-00-00,3,0,3
2016-08-09-00-15-00,1,0,1
2016-08-09-00-30-00,1,0,1
2016-08-09-00-45-00,1,1,0
2016-08-09-01-00-00,1,0,1
2016-08-09-01-15-00,0,0,0
2016-08-09-01-30-00,2,1,1
2016-08-09-01-45-00,2,0,2
2016-08-09-02-00-00,2,0,2
2016-08-09-02-15-00,0,0,0
2016-08-09-02-30-00,0,0,0
2016-08-09-02-45-00,0,0,0
2016-08-09-03-00-00,0,0,0
2016-08-09-03-15-00,0,0,0
2016-08-09-03-30-00,0,0,0
2016-08-09-03-45-00,0,0,0
2016-08-09-04-00-00,0,0,0
2016-08-09-04-15-00,0,0,0
2016-08-09-04-30-00,0,0,0
2016-08-09-04-45-00,0,0,0
2016-08-09-05-00-00,0,0,0
2016-08-09-05-15-00,0,0,0
2016-08-09-05-30-00,1,0,1
2016-08-09-05-45-00,6,3,3
2016-08-09-06-00-00,7,2,5
2016-08-09-06-15-00,12,4,8
2016-08-09-06-30-00,13,3,10
2016-08-09-06-45-00,19,4,15
2016-08-09-07-00-00,24,9,15
2016-08-09-07-15-00,13,4,9
2016-08-09-07-30-00,33,13,20
2016-08-09-07-45-00,49,9,40
2016-08-09-08-00-00,34,9,25
2016-08-09-08-15-00,53,15,38
2016-08-09-08-30-00,43,12,31
2016-08-09-08-45-00,44,10,34
2016-08-09-09-00-00,19,4,15
2016-08-09-09-15-00,25,7,18
2016-08-09-09-30-00,21,5,16
2016-08-09-09-45-00,17,8,9
2016-08-09-10-00-00,16,6,10
2016-08-09-10-15-00,14,6,8
2016-08-09-10-30-00,21,7,14
2016-08-09-10-45-00,17,7,10
2016-08-09-11-00-00,25,17,8
2016-08-09-11-15-00,34,14,20
2016-08-09-11-30-00,32,15,17
2016-08-09-11-45-00,29,6,23
2016-08-09-12-00-00,39,22,17
2016-08-09-12-15-00,32,20,12
2016-08-09-12-30-00,37,21,16
2016-08-09-12-45-00,33,20,13
2016-08-09-13-00-00,49,24,25
2016-08-09-13-15-00,31,11,20
2016-08-09-13-30-00,48,26,22
2016-08-09-13-45-00,40,21,19
2016-08-09-14-00-00,28,17,11
2016-08-09-14-15-00,40,29,11
2016-08-09-14-30-00,21,6,15
2016-08-09-14-45-00,52,31,21
2016-08-09-15-00-00,33,23,10
2016-08-09-15-15-00,44,26,18
2016-08-09-15-30-00,38,23,15
2016-08-09-15-45-00,49,26,23
2016-08-09-16-00-00,46,27,19
2016-08-09-16-15-00,57,38,19
2016-08-09-16-30-00,43,33,10
2016-08-09-16-45-00,57,40,17
2016-08-09-17-00-00,50,35,15
2016-08-09-17-15-00,63,46,17
2016-08-09-17-30-00,64,44,20
2016-08-09-17-45-00,55,40,15
2016-08-09-18-00-00,55,34,21
2016-08-09-18-15-00,33,18,15
2016-08-09-18-30-00,42,30,12
2016-08-09-18-45-00,54,24,30
2016-08-09-19-00-00,28,18,10
2016-08-09-19-15-00,44,27,17
2016-08-09-19-30-00,38,28,10
2016-08-09-19-45-00,31,16,15
2016-08-09-20-00-00,21,15,6
2016-08-09-20-15-00,21,10,11
2016-08-09-20-30-00,12,5,7
2016-08-09-20-45-00,21,16,5
2016-08-09-21-00-00,12,8,4
2016-08-09-21-15-00,9,3,6
2016-08-09-21-30-00,8,4,4
2016-08-09-21-45-00,5,4,1
2016-08-09-22-00-00,8,5,3
2016-08-09-22-15-00,5,3,2
2016-08-09-22-30-00,2,2,0
2016-08-09-22-45-00,1,1,0
2016-08-09-23-00-00,0,0,0
2016-08-09-23-15-00,0,0,0
2016-08-09-23-30-00,3,3,0
2016-08-09-23-45-00,2,0,2
2016-08-10-00-00-00,0,0,0
2016-08-10-00-15-00,0,0,0
2016-08-10-00-30-00,0,0,0
2016-08-10-00-45-00,2,2,0
2016-08-10-01-00-00,0,0,0
2016-08-10-01-15-00,1,0,1
2016-08-10-01-30-00,0,0,0
2016-08-10-01-45-00,0,0,0
2016-08-10-02-00-00,0,0,0
2016-08-10-02-15-00,3,0,3
2016-08-10-02-30-00,0,0,0
2016-08-10-02-45-00,1,1,0
2016-08-10-03-00-00,0,0,0
2016-08-10-03-15-00,0,0,0
2016-08-10-03-30-00,0,0,0
2016-08-10-03-45-00,0,0,0
2016-08-10-04-00-00,0,0,0
2016-08-10-04-15-00,0,0,0
2016-08-10-04-30-00,0,0,0
2016-08-10-04-45-00,0,0,0
2016-08-10-05-00-00,0,0,0
2016-08-10-05-15-00,0,0,0
2016-08-10-05-30-00,1,0,1
2016-08-10-05-45-00,6,2,4
2016-08-10-06-00-00,4,2,2
2016-08-10-06-15-00,8,3,5
2016-08-10-06-30-00,12,2,10
2016-08-10-06-45-00,14,7,7
2016-08-10-07-00-00,20,6,14
2016-08-10-07-15-00,26,11,15
2016-08-10-07-30-00,24,8,16
2016-08-10-07-45-00,36,8,28
2016-08-10-08-00-00,32,9,23
2016-08-10-08-15-00,15,4,11
2016-08-10-08-30-00,18,5,13
2016-08-10-08-45-00,17,2,15
2016-08-10-09-00-00,10,2,8
2016-08-10-09-15-00,9,3,6
2016-08-10-09-30-00,5,0,5
2016-08-10-09-45-00,4,1,3
2016-08-10-10-00-00,3,3,0
2016-08-10-10-15-00,3,2,1
2016-08-10-10-30-00,8,3,5
2016-08-10-10-45-00,8,4,4
2016-08-10-11-00-00,9,5,4
2016-08-10-11-15-00,3,2,1
2016-08-10-11-30-00,12,4,8
2016-08-10-11-45-00,12,7,5
2016-08-10-12-00-00,8,6,2
2016-08-10-12-15-00,14,7,7
2016-08-10-12-30-00,15,4,11
2016-08-10-12-45-00,11,3,8
2016-08-10-13-00-00,12,6,6
2016-08-10-13-15-00,11,8,3
2016-08-10-13-30-00,10,5,5
2016-08-10-13-45-00,9,5,4
2016-08-10-14-00-00,24,12,12
2016-08-10-14-15-00,28,15,13
2016-08-10-14-30-00,24,12,12
2016-08-10-14-45-00,19,13,6
2016-08-10-15-00-00,27,15,12
2016-08-10-15-15-00,28,12,16
2016-08-10-15-30-00,44,27,17
2016-08-10-15-45-00,38,23,15
2016-08-10-16-00-00,34,19,15
2016-08-10-16-15-00,44,26,18
2016-08-10-16-30-00,63,33,30
2016-08-10-16-45-00,61,44,17
2016-08-10-17-00-00,53,34,19
2016-08-10-17-15-00,39,22,17
2016-08-10-17-30-00,57,33,24
2016-08-10-17-45-00,57,39,18
2016-08-10-18-00-00,29,16,13
2016-08-10-18-15-00,38,16,22
2016-08-10-18-30-00,22,17,5
2016-08-10-18-45-00,11,7,4
2016-08-10-19-00-00,26,18,8
2016-08-10-19-15-00,27,11,16
2016-08-10-19-30-00,17,7,10
2016-08-10-19-45-00,35,21,14
2016-08-10-20-00-00,38,22,16
2016-08-10-20-15-00,19,12,7
2016-08-10-20-30-00,19,8,11
2016-08-10-20-45-00,9,5,4
2016-08-10-21-00-00,3,0,3
2016-08-10-21-15-00,10,4,6
2016-08-10-21-30-00,5,3,2
2016-08-10-21-45-00,10,7,3
2016-08-10-22-00-00,4,4,0
2016-08-10-22-15-00,6,4,2
2016-08-10-22-30-00,3,2,1
2016-08-10-22-45-00,3,2,1
2016-08-10-23-00-00,4,1,3
2016-08-10-23-15-00,2,1,1
2016-08-10-23-30-00,1,1,0
2016-08-10-23-45-00,2,0,2
2016-08-11-00-00-00,0,0,0
2016-08-11-00-15-00,1,0,1
2016-08-11-00-30-00,1,1,0
2016-08-11-00-45-00,0,0,0
2016-08-11-01-00-00,0,0,0
2016-08-11-01-15-00,0,0,0
2016-08-11-01-30-00,0,0,0
2016-08-11-01-45-00,0,0,0
2016-08-11-02-00-00,0,0,0
2016-08-11-02-15-00,0,0,0
2016-08-11-02-30-00,0,0,0
2016-08-11-02-45-00,0,0,0
2016-08-11-03-00-00,0,0,0
2016-08-11-03-15-00,0,0,0
2016-08-11-03-30-00,0,0,0
2016-08-11-03-45-00,0,0,0
2016-08-11-04-00-00,0,0,0
2016-08-11-04-15-00,0,0,0
2016-08-11-04-30-00,0,0,0
2016-08-11-04-45-00,0,0,0
2016-08-11-05-00-00,0,0,0
2016-08-11-05-15-00,0,0,0
2016-08-11-05-30-00,1,0,1
2016-08-11-05-45-00,8,2,6
2016-08-11-06-00-00,7,3,4
2016-08-11-06-15-00,6,1,5
2016-08-11-06-30-00,14,3,11
2016-08-11-06-45-00,11,3,8
2016-08-11-07-00-00,12,7,5
2016-08-11-07-15-00,14,5,9
2016-08-11-07-30-00,24,7,17
2016-08-11-07-45-00,34,7,27
2016-08-11-08-00-00,36,12,24
2016-08-11-08-15-00,26,6,20
2016-08-11-08-30-00,45,8,37
2016-08-11-08-45-00,37,9,28
2016-08-11-09-00-00,28,5,23
2016-08-11-09-15-00,23,8,15
2016-08-11-09-30-00,16,8,8
2016-08-11-09-45-00,15,7,8
2016-08-11-10-00-00,23,13,10
2016-08-11-10-15-00,24,13,11
2016-08-11-10-30-00,19,6,13
2016-08-11-10-45-00,15,7,8
2016-08-11-11-00-00,22,7,15
2016-08-11-11-15-00,22,6,16
2016-08-11-11-30-00,34,19,15
2016-08-11-11-45-00,12,5,7
2016-08-11-12-00-00,17,10,7
2016-08-11-12-15-00,21,11,10
2016-08-11-12-30-00,19,9,10
2016-08-11-12-45-00,27,17,10
2016-08-11-13-00-00,21,16,5
2016-08-11-13-15-00,30,13,17
2016-08-11-13-30-00,16,6,10
2016-08-11-13-45-00,30,16,14
2016-08-11-14-00-00,26,20,6
2016-08-11-14-15-00,24,13,11
2016-08-11-14-30-00,13,9,4
2016-08-11-14-45-00,20,16,4
2016-08-11-15-00-00,41,31,10
2016-08-11-15-15-00,22,15,7
2016-08-11-15-30-00,40,22,18
2016-08-11-15-45-00,20,14,6
2016-08-11-16-00-00,26,16,10
2016-08-11-16-15-00,24,11,13
2016-08-11-16-30-00,29,18,11
2016-08-11-16-45-00,29,24,5
2016-08-11-17-00-00,31,18,13
2016-08-11-17-15-00,23,21,2
2016-08-11-17-30-00,30,23,7
2016-08-11-17-45-00,33,27,6
2016-08-11-18-00-00,24,18,6
2016-08-11-18-15-00,9,4,5
2016-08-11-18-30-00,15,10,5
2016-08-11-18-45-00,14,9,5
2016-08-11-19-00-00,7,3,4
2016-08-11-19-15-00,8,7,1
2016-08-11-19-30-00,8,5,3
2016-08-11-19-45-00,6,4,2
2016-08-11-20-00-00,3,3,0
2016-08-11-20-15-00,3,1,2
2016-08-11-20-30-00,5,2,3
2016-08-11-20-45-00,4,1,3
2016-08-11-21-00-00,0,0,0
2016-08-11-21-15-00,1,1,0
2016-08-11-21-30-00,4,4,0
2016-08-11-21-45-00,2,1,1
2016-08-11-22-00-00,0,0,0
2016-08-11-22-15-00,1,0,1
2016-08-11-22-30-00,0,0,0
2016-08-11-22-45-00,3,1,2
2016-08-11-23-00-00,0,0,0
2016-08-11-23-15-00,1,0,1
2016-08-11-23-30-00,0,0,0
2016-08-11-23-45-00,0,0,0
2016-08-12-00-00-00,0,0,0
2016-08-12-00-15-00,0,0,0
2016-08-12-00-30-00,0,0,0
2016-08-12-00-45-00,1,0,1
2016-08-12-01-00-00,1,0,1
2016-08-12-01-15-00,0,0,0
2016-08-12-01-30-00,0,0,0
2016-08-12-01-45-00,0,0,0
2016-08-12-02-00-00,0,0,0
2016-08-12-02-15-00,0,0,0
2016-08-12-02-30-00,0,0,0
2016-08-12-02-45-00,0,0,0
2016-08-12-03-00-00,0,0,0
2016-08-12-03-15-00,0,0,0
2016-08-12-03-30-00,0,0,0
2016-08-12-03-45-00,0,0,0
2016-08-12-04-00-00,0,0,0
2016-08-12-04-15-00,0,0,0
2016-08-12-04-30-00,0,0,0
2016-08-12-04-45-00,0,0,0
2016-08-12-05-00-00,0,0,0
2016-08-12-05-15-00,0,0,0
2016-08-12-05-30-00,1,0,1
2016-08-12-05-45-00,2,0,2
2016-08-12-06-00-00,5,3,2
2016-08-12-06-15-00,2,0,2
2016-08-12-06-30-00,2,0,2
2016-08-12-06-45-00,7,2,5
2016-08-12-07-00-00,5,2,3
2016-08-12-07-15-00,16,4,12
2016-08-12-07-30-00,10,2,8
2016-08-12-07-45-00,24,4,20
2016-08-12-08-00-00,22,3,19
2016-08-12-08-15-00,22,6,16
2016-08-12-08-30-00,19,3,16
2016-08-12-08-45-00,18,3,15
2016-08-12-09-00-00,18,5,13
2016-08-12-09-15-00,8,1,7
2016-08-12-09-30-00,10,6,4
2016-08-12-09-45-00,12,12,0
2016-08-12-10-00-00,13,8,5
2016-08-12-10-15-00,3,0,3
2016-08-12-10-30-00,6,4,2
2016-08-12-10-45-00,11,7,4
2016-08-12-11-00-00,6,5,1
2016-08-12-11-15-00,22,10,12
2016-08-12-11-30-00,4,1,3
2016-08-12-11-45-00,13,8,5
2016-08-12-12-00-00,25,7,18
2016-08-12-12-15-00,7,4,3
2016-08-12-12-30-00,14,11,3
2016-08-12-12-45-00,19,11,8
2016-08-12-13-00-00,20,8,12
2016-08-12-13-15-00,25,7,18
2016-08-12-13-30-00,27,18,9
2016-08-12-13-45-00,32,16,16
2016-08-12-14-00-00,36,16,20
2016-08-12-14-15-00,23,13,10
2016-08-12-14-30-00,25,17,8
2016-08-12-14-45-00,25,17,8
2016-08-12-15-00-00,30,15,15
2016-08-12-15-15-00,39,32,7
2016-08-12-15-30-00,32,24,8
2016-08-12-15-45-00,44,23,21
2016-08-12-16-00-00,49,24,25
2016-08-12-16-15-00,30,20,10
2016-08-12-16-30-00,36,20,16
2016-08-12-16-45-00,38,18,20
2016-08-12-17-00-00,50,36,14
2016-08-12-17-15-00,58,33,25
2016-08-12-17-30-00,54,27,27
2016-08-12-17-45-00,34,16,18
2016-08-12-18-00-00,65,40,25
2016-08-12-18-15-00,31,19,12
2016-08-12-18-30-00,29,16,13
2016-08-12-18-45-00,33,19,14
2016-08-12-19-00-00,17,8,9
2016-08-12-19-15-00,21,10,11
2016-08-12-19-30-00,32,14,18
2016-08-12-19-45-00,24,14,10
2016-08-12-20-00-00,22,15,7
2016-08-12-20-15-00,32,23,9
2016-08-12-20-30-00,24,14,10
2016-08-12-20-45-00,21,12,9
2016-08-12-21-00-00,21,13,8
2016-08-12-21-15-00,7,4,3
2016-08-12-21-30-00,6,3,3
2016-08-12-21-45-00,8,5,3
2016-08-12-22-00-00,3,2,1
2016-08-12-22-15-00,4,1,3
2016-08-12-22-30-00,7,3,4
2016-08-12-22-45-00,2,2,0
2016-08-12-23-00-00,12,6,6
2016-08-12-23-15-00,1,1,0
2016-08-12-23-30-00,9,0,9
2016-08-12-23-45-00,6,3,3
2016-08-13-00-00-00,0,0,0
2016-08-13-00-15-00,9,4,5
2016-08-13-00-30-00,0,0,0
2016-08-13-00-45-00,0,0,0
2016-08-13-01-00-00,0,0,0
2016-08-13-01-15-00,0,0,0
2016-08-13-01-30-00,0,0,0
2016-08-13-01-45-00,1,0,1
2016-08-13-02-00-00,0,0,0
2016-08-13-02-15-00,2,1,1
2016-08-13-02-30-00,1,0,1
2016-08-13-02-45-00,0,0,0
2016-08-13-03-00-00,0,0,0
2016-08-13-03-15-00,0,0,0
2016-08-13-03-30-00,1,1,0
2016-08-13-03-45-00,0,0,0
2016-08-13-04-00-00,3,2,1
2016-08-13-04-15-00,0,0,0
2016-08-13-04-30-00,0,0,0
2016-08-13-04-45-00,2,1,1
2016-08-13-05-00-00,0,0,0
2016-08-13-05-15-00,1,0,1
2016-08-13-05-30-00,3,1,2
2016-08-13-05-45-00,0,0,0
2016-08-13-06-00-00,2,1,1
2016-08-13-06-15-00,0,0,0
2016-08-13-06-30-00,4,2,2
2016-08-13-06-45-00,0,0,0
2016-08-13-07-00-00,5,2,3
2016-08-13-07-15-00,4,1,3
2016-08-13-07-30-00,2,1,1
2016-08-13-07-45-00,6,3,3
2016-08-13-08-00-00,3,2,1
2016-08-13-08-15-00,8,3,5
2016-08-13-08-30-00,10,8,2
2016-08-13-08-45-00,7,2,5
2016-08-13-09-00-00,9,5,4
2016-08-13-09-15-00,27,12,15
2016-08-13-09-30-00,21,10,11
2016-08-13-09-45-00,18,9,9
2016-08-13-10-00-00,47,30,17
2016-08-13-10-15-00,45,23,22
2016-08-13-10-30-00,47,18,29
2016-08-13-10-45-00,53,21,32
2016-08-13-11-00-00,56,30,26
2016-08-13-11-15-00,73,34,39
2016-08-13-11-30-00,83,45,38
2016-08-13-11-45-00,81,34,47
2016-08-13-12-00-00,69,23,46
2016-08-13-12-15-00,81,38,43
2016-08-13-12-30-00,70,23,47
2016-08-13-12-45-00,89,35,54
2016-08-13-13-00-00,77,32,45
2016-08-13-13-15-00,90,35,55
2016-08-13-13-30-00,101,40,61
2016-08-13-13-45-00,74,36,38
2016-08-13-14-00-00,104,57,47
2016-08-13-14-15-00,96,49,47
2016-08-13-14-30-00,115,52,63
2016-08-13-14-45-00,92,44,48
2016-08-13-15-00-00,103,51,52
2016-08-13-15-15-00,120,60,60
2016-08-13-15-30-00,92,62,30
2016-08-13-15-45-00,128,67,61
2016-08-13-16-00-00,117,72,45
2016-08-13-16-15-00,124,72,52
2016-08-13-16-30-00,114,63,51
2016-08-13-16-45-00,113,63,50
2016-08-13-17-00-00,118,62,56
2016-08-13-17-15-00,127,75,52
2016-08-13-17-30-00,90,48,42
2016-08-13-17-45-00,105,56,49
2016-08-13-18-00-00,86,47,39
2016-08-13-18-15-00,93,54,39
2016-08-13-18-30-00,89,54,35
2016-08-13-18-45-00,69,40,29
2016-08-13-19-00-00,85,57,28
2016-08-13-19-15-00,99,59,40
2016-08-13-19-30-00,69,34,35
2016-08-13-19-45-00,73,42,31
2016-08-13-20-00-00,62,30,32
2016-08-13-20-15-00,53,29,24
2016-08-13-20-30-00,59,39,20
2016-08-13-20-45-00,49,30,19
2016-08-13-21-00-00,31,23,8
2016-08-13-21-15-00,27,17,10
2016-08-13-21-30-00,29,20,9
2016-08-13-21-45-00,4,1,3
2016-08-13-22-00-00,12,6,6
2016-08-13-22-15-00,21,7,14
2016-08-13-22-30-00,12,8,4
2016-08-13-22-45-00,14,13,1
2016-08-13-23-00-00,10,7,3
2016-08-13-23-15-00,6,3,3
2016-08-13-23-30-00,13,9,4
2016-08-13-23-45-00,1,1,0
2016-08-14-00-00-00,4,1,3
2016-08-14-00-15-00,5,2,3
2016-08-14-00-30-00,6,2,4
2016-08-14-00-45-00,13,5,8
2016-08-14-01-00-00,3,2,1
2016-08-14-01-15-00,1,1,0
2016-08-14-01-30-00,0,0,0
2016-08-14-01-45-00,1,0,1
2016-08-14-02-00-00,1,1,0
2016-08-14-02-15-00,0,0,0
2016-08-14-02-30-00,0,0,0
2016-08-14-02-45-00,1,1,0
2016-08-14-03-00-00,0,0,0
2016-08-14-03-15-00,1,0,1
2016-08-14-03-30-00,1,0,1
2016-08-14-03-45-00,0,0,0
2016-08-14-04-00-00,2,2,0
2016-08-14-04-15-00,1,0,1
2016-08-14-04-30-00,0,0,0
2016-08-14-04-45-00,0,0,0
2016-08-14-05-00-00,0,0,0
2016-08-14-05-15-00,0,0,0
2016-08-14-05-30-00,0,0,0
2016-08-14-05-45-00,1,0,1
2016-08-14-06-00-00,2,0,2
2016-08-14-06-15-00,1,1,0
2016-08-14-06-30-00,1,0,1
2016-08-14-06-45-00,5,2,3
2016-08-14-07-00-00,3,1,2
2016-08-14-07-15-00,3,0,3
2016-08-14-07-30-00,2,0,2
2016-08-14-07-45-00,10,3,7
2016-08-14-08-00-00,10,7,3
2016-08-14-08-15-00,15,11,4
2016-08-14-08-30-00,16,8,8
2016-08-14-08-45-00,19,3,16
2016-08-14-09-00-00,16,7,9
2016-08-14-09-15-00,29,10,19
2016-08-14-09-30-00,21,11,10
2016-08-14-09-45-00,39,15,24
2016-08-14-10-00-00,42,20,22
2016-08-14-10-15-00,53,20,33
2016-08-14-10-30-00,84,39,45
2016-08-14-10-45-00,82,34,48
2016-08-14-11-00-00,82,44,38
2016-08-14-11-15-00,98,39,59
2016-08-14-11-30-00,90,23,67
2016-08-14-11-45-00,78,31,47
2016-08-14-12-00-00,137,63,74
2016-08-14-12-15-00,133,47,86
2016-08-14-12-30-00,107,51,56
2016-08-14-12-45-00,169,65,104
2016-08-14-13-00-00,128,56,72
2016-08-14-13-15-00,145,61,84
2016-08-14-13-30-00,129,75,54
2016-08-14-13-45-00,164,64,100
2016-08-14-14-00-00,130,65,65
2016-08-14-14-15-00,135,80,55
2016-08-14-14-30-00,179,98,81
2016-08-14-14-45-00,162,70,92
2016-08-14-15-00-00,153,67,86
2016-08-14-15-15-00,134,76,58
2016-08-14-15-30-00,161,81,80
2016-08-14-15-45-00,160,82,78
2016-08-14-16-00-00,137,67,70
2016-08-14-16-15-00,162,110,52
2016-08-14-16-30-00,140,63,77
2016-08-14-16-45-00,161,92,69
2016-08-14-17-00-00,142,82,60
2016-08-14-17-15-00,140,81,59
2016-08-14-17-30-00,183,102,81
2016-08-14-17-45-00,103,72,31
2016-08-14-18-00-00,115,69,46
2016-08-14-18-15-00,131,69,62
2016-08-14-18-30-00,98,66,32
2016-08-14-18-45-00,78,53,25
2016-08-14-19-00-00,77,48,29
2016-08-14-19-15-00,79,44,35
2016-08-14-19-30-00,64,37,27
2016-08-14-19-45-00,66,39,27
2016-08-14-20-00-00,37,27,10
2016-08-14-20-15-00,54,41,13
2016-08-14-20-30-00,18,11,7
2016-08-14-20-45-00,36,32,4
2016-08-14-21-00-00,17,13,4
2016-08-14-21-15-00,20,16,4
2016-08-14-21-30-00,20,10,10
2016-08-14-21-45-00,6,3,3
2016-08-14-22-00-00,10,5,5
2016-08-14-22-15-00,5,1,4
2016-08-14-22-30-00,4,1,3
2016-08-14-22-45-00,5,5,0
2016-08-14-23-00-00,1,0,1
2016-08-14-23-15-00,3,3,0
2016-08-14-23-30-00,2,0,2
2016-08-14-23-45-00,4,3,1
2016-08-15-00-00-00,4,3,1
2016-08-15-00-15-00,0,0,0
2016-08-15-00-30-00,0,0,0
2016-08-15-00-45-00,0,0,0
2016-08-15-01-00-00,1,1,0
2016-08-15-01-15-00,0,0,0
2016-08-15-01-30-00,1,0,1
2016-08-15-01-45-00,0,0,0
2016-08-15-02-00-00,0,0,0
2016-08-15-02-15-00,0,0,0
2016-08-15-02-30-00,1,1,0
2016-08-15-02-45-00,0,0,0
2016-08-15-03-00-00,0,0,0
2016-08-15-03-15-00,0,0,0
2016-08-15-03-30-00,0,0,0
2016-08-15-03-45-00,0,0,0
2016-08-15-04-00-00,1,1,0
2016-08-15-04-15-00,0,0,0
2016-08-15-04-30-00,0,0,0
2016-08-15-04-45-00,0,0,0
2016-08-15-05-00-00,0,0,0
2016-08-15-05-15-00,1,0,1
2016-08-15-05-30-00,1,1,0
2016-08-15-05-45-00,5,1,4
2016-08-15-06-00-00,9,6,3
2016-08-15-06-15-00,10,1,9
2016-08-15-06-30-00,9,2,7
2016-08-15-06-45-00,16,6,10
2016-08-15-07-00-00,28,6,22
2016-08-15-07-15-00,26,7,19
2016-08-15-07-30-00,44,10,34
2016-08-15-07-45-00,59,12,47
2016-08-15-08-00-00,54,11,43
2016-08-15-08-15-00,57,15,42
2016-08-15-08-30-00,49,8,41
2016-08-15-08-45-00,66,9,57
2016-08-15-09-00-00,50,15,35
2016-08-15-09-15-00,54,16,38
2016-08-15-09-30-00,30,11,19
2016-08-15-09-45-00,26,10,16
2016-08-15-10-00-00,25,10,15
2016-08-15-10-15-00,21,13,8
2016-08-15-10-30-00,34,9,25
2016-08-15-10-45-00,40,19,21
2016-08-15-11-00-00,35,13,22
2016-08-15-11-15-00,47,20,27
2016-08-15-11-30-00,40,20,20
2016-08-15-11-45-00,45,16,29
2016-08-15-12-00-00,65,33,32
2016-08-15-12-15-00,72,24,48
2016-08-15-12-30-00,43,23,20
2016-08-15-12-45-00,62,23,39
2016-08-15-13-00-00,55,29,26
2016-08-15-13-15-00,61,26,35
2016-08-15-13-30-00,50,30,20
2016-08-15-13-45-00,79,46,33
2016-08-15-14-00-00,65,31,34
2016-08-15-14-15-00,65,29,36
2016-08-15-14-30-00,57,29,28
2016-08-15-14-45-00,70,47,23
2016-08-15-15-00-00,63,34,29
2016-08-15-15-15-00,82,49,33
2016-08-15-15-30-00,109,65,44
2016-08-15-15-45-00,70,41,29
2016-08-15-16-00-00,90,57,33
2016-08-15-16-15-00,101,68,33
2016-08-15-16-30-00,91,50,41
2016-08-15-16-45-00,102,66,36
2016-08-15-17-00-00,98,65,33
2016-08-15-17-15-00,122,91,31
2016-08-15-17-30-00,97,64,33
2016-08-15-17-45-00,109,69,40
2016-08-15-18-00-00,97,63,34
2016-08-15-18-15-00,102,64,38
2016-08-15-18-30-00,94,57,37
2016-08-15-18-45-00,106,47,59
2016-08-15-19-00-00,87,42,45
2016-08-15-19-15-00,86,46,40
2016-08-15-19-30-00,91,50,41
2016-08-15-19-45-00,83,46,37
2016-08-15-20-00-00,61,32,29
2016-08-15-20-15-00,60,44,16
2016-08-15-20-30-00,45,23,22
2016-08-15-20-45-00,53,36,17
2016-08-15-21-00-00,40,29,11
2016-08-15-21-15-00,26,10,16
2016-08-15-21-30-00,27,21,6
2016-08-15-21-45-00,15,5,10
2016-08-15-22-00-00,28,23,5
2016-08-15-22-15-00,9,7,2
2016-08-15-22-30-00,5,4,1
2016-08-15-22-45-00,2,0,2
2016-08-15-23-00-00,1,1,0
2016-08-15-23-15-00,5,3,2
2016-08-15-23-30-00,4,1,3
2016-08-15-23-45-00,1,0,1
2016-08-16-00-00-00,2,1,1
2016-08-16-00-15-00,1,0,1
2016-08-16-00-30-00,0,0,0
2016-08-16-00-45-00,1,1,0
2016-08-16-01-00-00,2,0,2
2016-08-16-01-15-00,2,1,1
2016-08-16-01-30-00,0,0,0
2016-08-16-01-45-00,0,0,0
2016-08-16-02-00-00,0,0,0
2016-08-16-02-15-00,0,0,0
2016-08-16-02-30-00,0,0,0
2016-08-16-02-45-00,0,0,0
2016-08-16-03-00-00,0,0,0
2016-08-16-03-15-00,0,0,0
2016-08-16-03-30-00,0,0,0
2016-08-16-03-45-00,0,0,0
2016-08-16-04-00-00,0,0,0
2016-08-16-04-15-00,0,0,0
2016-08-16-04-30-00,0,0,0
2016-08-16-04-45-00,0,0,0
2016-08-16-05-00-00,2,0,2
2016-08-16-05-15-00,1,0,1
2016-08-16-05-30-00,1,0,1
2016-08-16-05-45-00,5,2,3
2016-08-16-06-00-00,11,4,7
2016-08-16-06-15-00,11,5,6
2016-08-16-06-30-00,15,4,11
2016-08-16-06-45-00,26,6,20
2016-08-16-07-00-00,24,5,19
2016-08-16-07-15-00,39,10,29
2016-08-16-07-30-00,38,14,24
2016-08-16-07-45-00,58,9,49
2016-08-16-08-00-00,61,15,46
2016-08-16-08-15-00,67,10,57
2016-08-16-08-30-00,83,15,68
2016-08-16-08-45-00,49,14,35
2016-08-16-09-00-00,41,14,27
2016-08-16-09-15-00,41,14,27
2016-08-16-09-30-00,35,8,27
2016-08-16-09-45-00,26,13,13
2016-08-16-10-00-00,26,7,19
2016-08-16-10-15-00,31,12,19
2016-08-16-10-30-00,31,13,18
2016-08-16-10-45-00,31,13,18
2016-08-16-11-00-00,45,25,20
2016-08-16-11-15-00,41,12,29
2016-08-16-11-30-00,62,25,37
2016-08-16-11-45-00,68,37,31
2016-08-16-12-00-00,60,32,28
2016-08-16-12-15-00,57,27,30
2016-08-16-12-30-00,48,23,25
2016-08-16-12-45-00,75,36,39
2016-08-16-13-00-00,48,16,32
2016-08-16-13-15-00,53,19,34
2016-08-16-13-30-00,52,33,19
2016-08-16-13-45-00,69,40,29
2016-08-16-14-00-00,82,33,49
2016-08-16-14-15-00,91,58,33
2016-08-16-14-30-00,61,36,25
2016-08-16-14-45-00,82,39,43
2016-08-16-15-00-00,81,36,45
2016-08-16-15-15-00,85,52,33
2016-08-16-15-30-00,100,58,42
2016-08-16-15-45-00,82,43,39
2016-08-16-16-00-00,115,78,37
2016-08-16-16-15-00,127,80,47
2016-08-16-16-30-00,92,60,32
2016-08-16-16-45-00,106,54,52
2016-08-16-17-00-00,115,68,47
2016-08-16-17-15-00,132,75,57
2016-08-16-17-30-00,131,77,54
2016-08-16-17-45-00,155,85,70
2016-08-16-18-00-00,135,88,47
2016-08-16-18-15-00,131,74,57
2016-08-16-18-30-00,120,72,48
2016-08-16-18-45-00,116,62,54
2016-08-16-19-00-00,102,55,47
2016-08-16-19-15-00,109,65,44
2016-08-16-19-30-00,102,57,45
2016-08-16-19-45-00,81,40,41
2016-08-16-20-00-00,86,53,33
2016-08-16-20-15-00,77,47,30
2016-08-16-20-30-00,71,39,32
2016-08-16-20-45-00,49,33,16
2016-08-16-21-00-00,61,44,17
2016-08-16-21-15-00,43,27,16
2016-08-16-21-30-00,38,26,12
2016-08-16-21-45-00,30,17,13
2016-08-16-22-00-00,22,14,8
2016-08-16-22-15-00,20,10,10
2016-08-16-22-30-00,13,5,8
2016-08-16-22-45-00,12,8,4
2016-08-16-23-00-00,7,5,2
2016-08-16-23-15-00,6,3,3
2016-08-16-23-30-00,6,4,2
2016-08-16-23-45-00,2,2,0
2016-08-17-00-00-00,1,1,0
2016-08-17-00-15-00,2,2,0
2016-08-17-00-30-00,1,0,1
2016-08-17-00-45-00,2,0,2
2016-08-17-01-00-00,0,0,0
2016-08-17-01-15-00,4,1,3
2016-08-17-01-30-00,0,0,0
2016-08-17-01-45-00,0,0,0
2016-08-17-02-00-00,1,1,0
2016-08-17-02-15-00,2,0,2
2016-08-17-02-30-00,0,0,0
2016-08-17-02-45-00,0,0,0
2016-08-17-03-00-00,0,0,0
2016-08-17-03-15-00,0,0,0
2016-08-17-03-30-00,0,0,0
2016-08-17-03-45-00,0,0,0
2016-08-17-04-00-00,0,0,0
2016-08-17-04-15-00,0,0,0
2016-08-17-04-30-00,0,0,0
2016-08-17-04-45-00,0,0,0
2016-08-17-05-00-00,0,0,0
2016-08-17-05-15-00,0,0,0
2016-08-17-05-30-00,1,0,1
2016-08-17-05-45-00,9,5,4
2016-08-17-06-00-00,8,3,5
2016-08-17-06-15-00,10,3,7
2016-08-17-06-30-00,18,2,16
2016-08-17-06-45-00,23,5,18
2016-08-17-07-00-00,23,9,14
2016-08-17-07-15-00,37,9,28
2016-08-17-07-30-00,40,14,26
2016-08-17-07-45-00,74,17,57
2016-08-17-08-00-00,48,10,38
2016-08-17-08-15-00,64,15,49
2016-08-17-08-30-00,52,9,43
2016-08-17-08-45-00,59,12,47
2016-08-17-09-00-00,51,11,40
2016-08-17-09-15-00,38,9,29
2016-08-17-09-30-00,27,6,21
2016-08-17-09-45-00,35,13,22
2016-08-17-10-00-00,37,16,21
2016-08-17-10-15-00,48,16,32
2016-08-17-10-30-00,36,17,19
2016-08-17-10-45-00,50,25,25
2016-08-17-11-00-00,55,17,38
2016-08-17-11-15-00,62,27,35
2016-08-17-11-30-00,89,43,46
2016-08-17-11-45-00,49,18,31
2016-08-17-12-00-00,56,23,33
2016-08-17-12-15-00,72,30,42
2016-08-17-12-30-00,63,18,45
2016-08-17-12-45-00,60,18,42
2016-08-17-13-00-00,75,38,37
2016-08-17-13-15-00,81,48,33
2016-08-17-13-30-00,62,40,22
2016-08-17-13-45-00,52,28,24
2016-08-17-14-00-00,104,43,61
2016-08-17-14-15-00,45,26,19
2016-08-17-14-30-00,58,40,18
2016-08-17-14-45-00,77,35,42
2016-08-17-15-00-00,93,46,47
2016-08-17-15-15-00,93,47,46
2016-08-17-15-30-00,103,64,39
2016-08-17-15-45-00,87,53,34
2016-08-17-16-00-00,99,64,35
2016-08-17-16-15-00,100,58,42
2016-08-17-16-30-00,121,72,49
2016-08-17-16-45-00,115,63,52
2016-08-17-17-00-00,133,80,53
2016-08-17-17-15-00,132,85,47
2016-08-17-17-30-00,115,86,29
2016-08-17-17-45-00,140,96,44
2016-08-17-18-00-00,136,88,48
2016-08-17-18-15-00,140,73,67
2016-08-17-18-30-00,149,82,67
2016-08-17-18-45-00,134,83,51
2016-08-17-19-00-00,117,47,70
2016-08-17-19-15-00,105,50,55
2016-08-17-19-30-00,74,31,43
2016-08-17-19-45-00,123,65,58
2016-08-17-20-00-00,83,45,38
2016-08-17-20-15-00,81,46,35
2016-08-17-20-30-00,75,44,31
2016-08-17-20-45-00,62,36,26
2016-08-17-21-00-00,58,36,22
2016-08-17-21-15-00,39,23,16
2016-08-17-21-30-00,50,23,27
2016-08-17-21-45-00,33,20,13
2016-08-17-22-00-00,28,15,13
2016-08-17-22-15-00,32,26,6
2016-08-17-22-30-00,24,21,3
2016-08-17-22-45-00,16,8,8
2016-08-17-23-00-00,13,8,5
2016-08-17-23-15-00,2,1,1
2016-08-17-23-30-00,1,1,0
2016-08-17-23-45-00,5,3,2
2016-08-18-00-00-00,3,2,1
2016-08-18-00-15-00,0,0,0
2016-08-18-00-30-00,6,3,3
2016-08-18-00-45-00,1,1,0
2016-08-18-01-00-00,0,0,0
2016-08-18-01-15-00,1,1,0
2016-08-18-01-30-00,1,0,1
2016-08-18-01-45-00,0,0,0
2016-08-18-02-00-00,0,0,0
2016-08-18-02-15-00,0,0,0
2016-08-18-02-30-00,0,0,0
2016-08-18-02-45-00,0,0,0
2016-08-18-03-00-00,0,0,0
2016-08-18-03-15-00,0,0,0
2016-08-18-03-30-00,0,0,0
2016-08-18-03-45-00,1,1,0
2016-08-18-04-00-00,0,0,0
2016-08-18-04-15-00,0,0,0
2016-08-18-04-30-00,0,0,0
2016-08-18-04-45-00,0,0,0
2016-08-18-05-00-00,0,0,0
2016-08-18-05-15-00,2,1,1
2016-08-18-05-30-00,3,1,2
2016-08-18-05-45-00,7,3,4
2016-08-18-06-00-00,8,5,3
2016-08-18-06-15-00,12,4,8
2016-08-18-06-30-00,10,2,8
2016-08-18-06-45-00,24,6,18
2016-08-18-07-00-00,26,14,12
2016-08-18-07-15-00,30,7,23
2016-08-18-07-30-00,39,8,31
2016-08-18-07-45-00,54,12,42
2016-08-18-08-00-00,52,11,41
2016-08-18-08-15-00,72,16,56
2016-08-18-08-30-00,64,10,54
2016-08-18-08-45-00,59,7,52
2016-08-18-09-00-00,58,14,44
2016-08-18-09-15-00,32,11,21
2016-08-18-09-30-00,30,8,22
2016-08-18-09-45-00,23,4,19
2016-08-18-10-00-00,30,14,16
2016-08-18-10-15-00,31,15,16
2016-08-18-10-30-00,50,29,21
2016-08-18-10-45-00,30,11,19
2016-08-18-11-00-00,39,17,22
2016-08-18-11-15-00,48,18,30
2016-08-18-11-30-00,31,17,14
2016-08-18-11-45-00,59,28,31
2016-08-18-12-00-00,55,22,33
2016-08-18-12-15-00,61,31,30
2016-08-18-12-30-00,59,30,29
2016-08-18-12-45-00,51,21,30
2016-08-18-13-00-00,68,19,49
2016-08-18-13-15-00,85,33,52
2016-08-18-13-30-00,49,25,24
2016-08-18-13-45-00,47,26,21
2016-08-18-14-00-00,75,35,40
2016-08-18-14-15-00,55,32,23
2016-08-18-14-30-00,81,47,34
2016-08-18-14-45-00,49,37,12
2016-08-18-15-00-00,78,48,30
2016-08-18-15-15-00,60,40,20
2016-08-18-15-30-00,65,40,25
2016-08-18-15-45-00,60,39,21
2016-08-18-16-00-00,76,62,14
2016-08-18-16-15-00,80,53,27
2016-08-18-16-30-00,62,32,30
2016-08-18-16-45-00,104,72,32
2016-08-18-17-00-00,76,56,20
2016-08-18-17-15-00,100,52,48
2016-08-18-17-30-00,91,68,23
2016-08-18-17-45-00,88,66,22
2016-08-18-18-00-00,56,30,26
2016-08-18-18-15-00,57,46,11
2016-08-18-18-30-00,94,55,39
2016-08-18-18-45-00,54,32,22
2016-08-18-19-00-00,50,23,27
2016-08-18-19-15-00,47,26,21
2016-08-18-19-30-00,46,24,22
2016-08-18-19-45-00,39,17,22
2016-08-18-20-00-00,40,29,11
2016-08-18-20-15-00,45,23,22
2016-08-18-20-30-00,27,9,18
2016-08-18-20-45-00,34,21,13
2016-08-18-21-00-00,30,20,10
2016-08-18-21-15-00,22,9,13
2016-08-18-21-30-00,12,5,7
2016-08-18-21-45-00,16,9,7
2016-08-18-22-00-00,8,7,1
2016-08-18-22-15-00,13,13,0
2016-08-18-22-30-00,12,4,8
2016-08-18-22-45-00,9,6,3
2016-08-18-23-00-00,4,0,4
2016-08-18-23-15-00,7,3,4
2016-08-18-23-30-00,13,6,7
2016-08-18-23-45-00,4,0,4
2016-08-19-00-00-00,1,0,1
2016-08-19-00-15-00,3,3,0
2016-08-19-00-30-00,4,2,2
2016-08-19-00-45-00,2,1,1
2016-08-19-01-00-00,1,0,1
2016-08-19-01-15-00,1,1,0
2016-08-19-01-30-00,0,0,0
2016-08-19-01-45-00,1,0,1
2016-08-19-02-00-00,5,3,2
2016-08-19-02-15-00,0,0,0
2016-08-19-02-30-00,1,1,0
2016-08-19-02-45-00,0,0,0
2016-08-19-03-00-00,1,0,1
2016-08-19-03-15-00,0,0,0
2016-08-19-03-30-00,0,0,0
2016-08-19-03-45-00,2,2,0
2016-08-19-04-00-00,0,0,0
2016-08-19-04-15-00,0,0,0
2016-08-19-04-30-00,1,1,0
2016-08-19-04-45-00,0,0,0
2016-08-19-05-00-00,0,0,0
2016-08-19-05-15-00,2,0,2
2016-08-19-05-30-00,3,1,2
2016-08-19-05-45-00,10,5,5
2016-08-19-06-00-00,5,1,4
2016-08-19-06-15-00,8,4,4
2016-08-19-06-30-00,10,2,8
2016-08-19-06-45-00,13,4,9
2016-08-19-07-00-00,15,8,7
2016-08-19-07-15-00,29,5,24
2016-08-19-07-30-00,40,12,28
2016-08-19-07-45-00,41,6,35
2016-08-19-08-00-00,29,8,21
2016-08-19-08-15-00,59,13,46
2016-08-19-08-30-00,49,15,34
2016-08-19-08-45-00,46,11,35
2016-08-19-09-00-00,41,11,30
2016-08-19-09-15-00,29,9,20
2016-08-19-09-30-00,15,3,12
2016-08-19-09-45-00,26,10,16
2016-08-19-10-00-00,40,17,23
2016-08-19-10-15-00,41,16,25
2016-08-19-10-30-00,36,13,23
2016-08-19-10-45-00,34,10,24
2016-08-19-11-00-00,46,21,25
2016-08-19-11-15-00,44,19,25
2016-08-19-11-30-00,68,37,31
2016-08-19-11-45-00,49,31,18
2016-08-19-12-00-00,53,27,26
2016-08-19-12-15-00,45,19,26
2016-08-19-12-30-00,55,28,27
2016-08-19-12-45-00,42,24,18
2016-08-19-13-00-00,61,33,28
2016-08-19-13-15-00,56,27,29
2016-08-19-13-30-00,42,19,23
2016-08-19-13-45-00,55,32,23
2016-08-19-14-00-00,73,53,20
2016-08-19-14-15-00,64,39,25
2016-08-19-14-30-00,66,39,27
2016-08-19-14-45-00,58,36,22
2016-08-19-15-00-00,65,47,18
2016-08-19-15-15-00,69,37,32
2016-08-19-15-30-00,71,45,26
2016-08-19-15-45-00,89,46,43
2016-08-19-16-00-00,74,43,31
2016-08-19-16-15-00,78,48,30
2016-08-19-16-30-00,60,40,20
2016-08-19-16-45-00,74,55,19
2016-08-19-17-00-00,72,48,24
2016-08-19-17-15-00,50,29,21
2016-08-19-17-30-00,49,36,13
2016-08-19-17-45-00,49,22,27
2016-08-19-18-00-00,47,26,21
2016-08-19-18-15-00,61,39,22
2016-08-19-18-30-00,49,29,20
2016-08-19-18-45-00,41,20,21
2016-08-19-19-00-00,42,18,24
2016-08-19-19-15-00,23,12,11
2016-08-19-19-30-00,39,16,23
2016-08-19-19-45-00,30,11,19
2016-08-19-20-00-00,18,11,7
2016-08-19-20-15-00,32,15,17
2016-08-19-20-30-00,17,11,6
2016-08-19-20-45-00,25,12,13
2016-08-19-21-00-00,20,12,8
2016-08-19-21-15-00,12,3,9
2016-08-19-21-30-00,11,7,4
2016-08-19-21-45-00,6,3,3
2016-08-19-22-00-00,3,1,2
2016-08-19-22-15-00,14,6,8
2016-08-19-22-30-00,7,4,3
2016-08-19-22-45-00,5,2,3
2016-08-19-23-00-00,4,0,4
2016-08-19-23-15-00,3,2,1
2016-08-19-23-30-00,5,3,2
2016-08-19-23-45-00,0,0,0
2016-08-20-00-00-00,0,0,0
2016-08-20-00-15-00,0,0,0
2016-08-20-00-30-00,1,1,0
2016-08-20-00-45-00,0,0,0
2016-08-20-01-00-00,2,0,2
2016-08-20-01-15-00,1,1,0
2016-08-20-01-30-00,0,0,0
2016-08-20-01-45-00,0,0,0
2016-08-20-02-00-00,0,0,0
2016-08-20-02-15-00,0,0,0
2016-08-20-02-30-00,0,0,0
2016-08-20-02-45-00,0,0,0
2016-08-20-03-00-00,0,0,0
2016-08-20-03-15-00,1,1,0
2016-08-20-03-30-00,0,0,0
2016-08-20-03-45-00,0,0,0
2016-08-20-04-00-00,1,1,0
2016-08-20-04-15-00,0,0,0
2016-08-20-04-30-00,0,0,0
2016-08-20-04-45-00,1,0,1
2016-08-20-05-00-00,0,0,0
2016-08-20-05-15-00,0,0,0
2016-08-20-05-30-00,0,0,0
2016-08-20-05-45-00,0,0,0
2016-08-20-06-00-00,1,1,0
2016-08-20-06-15-00,2,1,1
2016-08-20-06-30-00,7,4,3
2016-08-20-06-45-00,4,1,3
2016-08-20-07-00-00,2,0,2
2016-08-20-07-15-00,3,2,1
2016-08-20-07-30-00,8,4,4
2016-08-20-07-45-00,7,4,3
2016-08-20-08-00-00,10,3,7
2016-08-20-08-15-00,7,4,3
2016-08-20-08-30-00,14,9,5
2016-08-20-08-45-00,15,2,13
2016-08-20-09-00-00,13,2,11
2016-08-20-09-15-00,19,7,12
2016-08-20-09-30-00,22,8,14
2016-08-20-09-45-00,34,11,23
2016-08-20-10-00-00,33,7,26
2016-08-20-10-15-00,24,6,18
2016-08-20-10-30-00,37,15,22
2016-08-20-10-45-00,57,20,37
2016-08-20-11-00-00,46,18,28
2016-08-20-11-15-00,44,22,22
2016-08-20-11-30-00,49,11,38
2016-08-20-11-45-00,47,23,24
2016-08-20-12-00-00,55,22,33
2016-08-20-12-15-00,45,26,19
2016-08-20-12-30-00,49,22,27
2016-08-20-12-45-00,52,20,32
2016-08-20-13-00-00,59,26,33
2016-08-20-13-15-00,49,32,17
2016-08-20-13-30-00,55,29,26
2016-08-20-13-45-00,61,28,33
2016-08-20-14-00-00,56,33,23
2016-08-20-14-15-00,69,43,26
2016-08-20-14-30-00,55,31,24
2016-08-20-14-45-00,58,23,35
2016-08-20-15-00-00,75,46,29
2016-08-20-15-15-00,70,34,36
2016-08-20-15-30-00,69,23,46
2016-08-20-15-45-00,66,36,30
2016-08-20-16-00-00,64,41,23
2016-08-20-16-15-00,58,38,20
2016-08-20-16-30-00,68,27,41
2016-08-20-16-45-00,68,38,30
2016-08-20-17-00-00,77,44,33
2016-08-20-17-15-00,77,44,33
2016-08-20-17-30-00,97,70,27
2016-08-20-17-45-00,106,71,35
2016-08-20-18-00-00,81,52,29
2016-08-20-18-15-00,52,30,22
2016-08-20-18-30-00,60,32,28
2016-08-20-18-45-00,60,39,21
2016-08-20-19-00-00,38,16,22
2016-08-20-19-15-00,45,20,25
2016-08-20-19-30-00,46,24,22
2016-08-20-19-45-00,56,33,23
2016-08-20-20-00-00,42,22,20
2016-08-20-20-15-00,37,30,7
2016-08-20-20-30-00,44,24,20
2016-08-20-20-45-00,34,25,9
2016-08-20-21-00-00,22,19,3
2016-08-20-21-15-00,13,11,2
2016-08-20-21-30-00,14,8,6
2016-08-20-21-45-00,10,8,2
2016-08-20-22-00-00,11,11,0
2016-08-20-22-15-00,2,1,1
2016-08-20-22-30-00,10,6,4
2016-08-20-22-45-00,15,13,2
2016-08-20-23-00-00,3,2,1
2016-08-20-23-15-00,10,5,5
2016-08-20-23-30-00,11,6,5
2016-08-20-23-45-00,6,4,2
2016-08-21-00-00-00,4,2,2
2016-08-21-00-15-00,6,1,5
2016-08-21-00-30-00,3,3,0
2016-08-21-00-45-00,3,3,0
2016-08-21-01-00-00,3,3,0
2016-08-21-01-15-00,4,3,1
2016-08-21-01-30-00,5,5,0
2016-08-21-01-45-00,1,1,0
2016-08-21-02-00-00,2,1,1
2016-08-21-02-15-00,0,0,0
2016-08-21-02-30-00,3,1,2
2016-08-21-02-45-00,0,0,0
2016-08-21-03-00-00,0,0,0
2016-08-21-03-15-00,1,0,1
2016-08-21-03-30-00,1,1,0
2016-08-21-03-45-00,0,0,0
2016-08-21-04-00-00,1,1,0
2016-08-21-04-15-00,1,0,1
2016-08-21-04-30-00,0,0,0
2016-08-21-04-45-00,0,0,0
2016-08-21-05-00-00,0,0,0
2016-08-21-05-15-00,0,0,0
2016-08-21-05-30-00,4,1,3
2016-08-21-05-45-00,1,0,1
2016-08-21-06-00-00,0,0,0
2016-08-21-06-15-00,1,1,0
2016-08-21-06-30-00,2,1,1
2016-08-21-06-45-00,2,1,1
2016-08-21-07-00-00,4,1,3
2016-08-21-07-15-00,6,4,2
2016-08-21-07-30-00,6,3,3
2016-08-21-07-45-00,5,2,3
2016-08-21-08-00-00,11,3,8
2016-08-21-08-15-00,8,6,2
2016-08-21-08-30-00,7,3,4
2016-08-21-08-45-00,17,8,9
2016-08-21-09-00-00,9,6,3
2016-08-21-09-15-00,9,3,6
2016-08-21-09-30-00,13,5,8
2016-08-21-09-45-00,16,8,8
2016-08-21-10-00-00,21,9,12
2016-08-21-10-15-00,38,21,17
2016-08-21-10-30-00,25,12,13
2016-08-21-10-45-00,38,19,19
2016-08-21-11-00-00,22,13,9
2016-08-21-11-15-00,20,7,13
2016-08-21-11-30-00,15,11,4
2016-08-21-11-45-00,10,7,3
2016-08-21-12-00-00,8,4,4
2016-08-21-12-15-00,6,3,3
2016-08-21-12-30-00,13,7,6
2016-08-21-12-45-00,14,10,4
2016-08-21-13-00-00,16,13,3
2016-08-21-13-15-00,18,3,15
2016-08-21-13-30-00,7,5,2
2016-08-21-13-45-00,27,11,16
2016-08-21-14-00-00,20,13,7
2016-08-21-14-15-00,31,16,15
2016-08-21-14-30-00,38,14,24
2016-08-21-14-45-00,27,15,12
2016-08-21-15-00-00,12,6,6
2016-08-21-15-15-00,34,10,24
2016-08-21-15-30-00,25,6,19
2016-08-21-15-45-00,36,13,23
2016-08-21-16-00-00,27,13,14
2016-08-21-16-15-00,36,20,16
2016-08-21-16-30-00,34,23,11
2016-08-21-16-45-00,49,31,18
2016-08-21-17-00-00,52,30,22
2016-08-21-17-15-00,68,37,31
2016-08-21-17-30-00,49,29,20
2016-08-21-17-45-00,54,28,26
2016-08-21-18-00-00,51,28,23
2016-08-21-18-15-00,25,11,14
2016-08-21-18-30-00,33,17,16
2016-08-21-18-45-00,25,15,10
2016-08-21-19-00-00,35,19,16
2016-08-21-19-15-00,30,17,13
2016-08-21-19-30-00,29,14,15
2016-08-21-19-45-00,24,8,16
2016-08-21-20-00-00,13,8,5
2016-08-21-20-15-00,13,5,8
2016-08-21-20-30-00,13,10,3
2016-08-21-20-45-00,8,4,4
2016-08-21-21-00-00,7,3,4
2016-08-21-21-15-00,5,4,1
2016-08-21-21-30-00,2,2,0
2016-08-21-21-45-00,4,3,1
2016-08-21-22-00-00,1,1,0
2016-08-21-22-15-00,0,0,0
2016-08-21-22-30-00,2,0,2
2016-08-21-22-45-00,0,0,0
2016-08-21-23-00-00,0,0,0
2016-08-21-23-15-00,2,0,2
2016-08-21-23-30-00,0,0,0
2016-08-21-23-45-00,1,1,0
2016-08-22-00-00-00,1,1,0
2016-08-22-00-15-00,2,1,1
2016-08-22-00-30-00,0,0,0
2016-08-22-00-45-00,0,0,0
2016-08-22-01-00-00,0,0,0
2016-08-22-01-15-00,0,0,0
2016-08-22-01-30-00,0,0,0
2016-08-22-01-45-00,0,0,0
2016-08-22-02-00-00,0,0,0
2016-08-22-02-15-00,1,0,1
2016-08-22-02-30-00,1,0,1
2016-08-22-02-45-00,0,0,0
2016-08-22-03-00-00,0,0,0
2016-08-22-03-15-00,0,0,0
2016-08-22-03-30-00,0,0,0
2016-08-22-03-45-00,0,0,0
2016-08-22-04-00-00,0,0,0
2016-08-22-04-15-00,0,0,0
2016-08-22-04-30-00,0,0,0
2016-08-22-04-45-00,2,2,0
2016-08-22-05-00-00,1,0,1
2016-08-22-05-15-00,0,0,0
2016-08-22-05-30-00,2,2,0
2016-08-22-05-45-00,4,1,3
2016-08-22-06-00-00,3,1,2
2016-08-22-06-15-00,9,0,9
2016-08-22-06-30-00,9,1,8
2016-08-22-06-45-00,20,8,12
2016-08-22-07-00-00,19,8,11
2016-08-22-07-15-00,31,11,20
2016-08-22-07-30-00,34,16,18
2016-08-22-07-45-00,49,9,40
2016-08-22-08-00-00,46,12,34
2016-08-22-08-15-00,49,8,41
2016-08-22-08-30-00,56,10,46
2016-08-22-08-45-00,45,8,37
2016-08-22-09-00-00,33,7,26
2016-08-22-09-15-00,11,3,8
2016-08-22-09-30-00,18,10,8
2016-08-22-09-45-00,6,3,3
2016-08-22-10-00-00,7,0,7
2016-08-22-10-15-00,8,6,2
2016-08-22-10-30-00,8,1,7
2016-08-22-10-45-00,9,5,4
2016-08-22-11-00-00,4,3,1
2016-08-22-11-15-00,8,6,2
2016-08-22-11-30-00,12,1,11
2016-08-22-11-45-00,14,8,6
2016-08-22-12-00-00,7,3,4
2016-08-22-12-15-00,4,2,2
2016-08-22-12-30-00,10,4,6
2016-08-22-12-45-00,17,9,8
2016-08-22-13-00-00,28,20,8
2016-08-22-13-15-00,18,11,7
2016-08-22-13-30-00,21,9,12
2016-08-22-13-45-00,25,15,10
2016-08-22-14-00-00,27,18,9
2016-08-22-14-15-00,31,21,10
2016-08-22-14-30-00,17,7,10
2016-08-22-14-45-00,23,11,12
2016-08-22-15-00-00,24,18,6
2016-08-22-15-15-00,42,18,24
2016-08-22-15-30-00,24,16,8
2016-08-22-15-45-00,51,37,14
2016-08-22-16-00-00,37,25,12
2016-08-22-16-15-00,54,35,19
2016-08-22-16-30-00,59,39,20
2016-08-22-16-45-00,61,42,19
2016-08-22-17-00-00,74,48,26
2016-08-22-17-15-00,68,40,28
2016-08-22-17-30-00,67,42,25
2016-08-22-17-45-00,80,52,28
2016-08-22-18-00-00,72,44,28
2016-08-22-18-15-00,76,42,34
2016-08-22-18-30-00,65,30,35
2016-08-22-18-45-00,91,35,56
2016-08-22-19-00-00,77,40,37
2016-08-22-19-15-00,59,28,31
2016-08-22-19-30-00,71,35,36
2016-08-22-19-45-00,50,29,21
2016-08-22-20-00-00,64,34,30
2016-08-22-20-15-00,64,37,27
2016-08-22-20-30-00,40,21,19
2016-08-22-20-45-00,37,28,9
2016-08-22-21-00-00,27,11,16
2016-08-22-21-15-00,20,11,9
2016-08-22-21-30-00,12,10,2
2016-08-22-21-45-00,7,4,3
2016-08-22-22-00-00,8,5,3
2016-08-22-22-15-00,8,6,2
2016-08-22-22-30-00,4,1,3
2016-08-22-22-45-00,3,2,1
2016-08-22-23-00-00,2,0,2
2016-08-22-23-15-00,4,4,0
2016-08-22-23-30-00,5,1,4
2016-08-22-23-45-00,3,2,1
2016-08-23-00-00-00,2,1,1
2016-08-23-00-15-00,0,0,0
2016-08-23-00-30-00,0,0,0
2016-08-23-00-45-00,2,2,0
2016-08-23-01-00-00,5,5,0
2016-08-23-01-15-00,1,0,1
2016-08-23-01-30-00,1,1,0
2016-08-23-01-45-00,1,0,1
2016-08-23-02-00-00,0,0,0
2016-08-23-02-15-00,0,0,0
2016-08-23-02-30-00,0,0,0
2016-08-23-02-45-00,0,0,0
2016-08-23-03-00-00,0,0,0
2016-08-23-03-15-00,0,0,0
2016-08-23-03-30-00,0,0,0
2016-08-23-03-45-00,0,0,0
2016-08-23-04-00-00,2,2,0
2016-08-23-04-15-00,0,0,0
2016-08-23-04-30-00,0,0,0
2016-08-23-04-45-00,0,0,0
2016-08-23-05-00-00,0,0,0
2016-08-23-05-15-00,2,1,1
2016-08-23-05-30-00,4,2,2
2016-08-23-05-45-00,5,2,3
2016-08-23-06-00-00,8,5,3
2016-08-23-06-15-00,17,6,11
2016-08-23-06-30-00,14,3,11
2016-08-23-06-45-00,28,9,19
2016-08-23-07-00-00,20,6,14
2016-08-23-07-15-00,35,9,26
2016-08-23-07-30-00,54,13,41
2016-08-23-07-45-00,58,13,45
2016-08-23-08-00-00,75,19,56
2016-08-23-08-15-00,55,11,44
2016-08-23-08-30-00,74,16,58
2016-08-23-08-45-00,55,7,48
2016-08-23-09-00-00,49,14,35
2016-08-23-09-15-00,50,12,38
2016-08-23-09-30-00,33,16,17
2016-08-23-09-45-00,31,12,19
2016-08-23-10-00-00,50,27,23
2016-08-23-10-15-00,50,20,30
2016-08-23-10-30-00,48,16,32
2016-08-23-10-45-00,57,23,34
2016-08-23-11-00-00,40,19,21
2016-08-23-11-15-00,47,27,20
2016-08-23-11-30-00,60,36,24
2016-08-23-11-45-00,48,18,30
2016-08-23-12-00-00,71,36,35
2016-08-23-12-15-00,64,27,37
2016-08-23-12-30-00,64,29,35
2016-08-23-12-45-00,50,22,28
2016-08-23-13-00-00,43,19,24
2016-08-23-13-15-00,55,26,29
2016-08-23-13-30-00,83,49,34
2016-08-23-13-45-00,46,21,25
2016-08-23-14-00-00,65,30,35
2016-08-23-14-15-00,50,23,27
2016-08-23-14-30-00,77,45,32
2016-08-23-14-45-00,86,46,40
2016-08-23-15-00-00,67,38,29
2016-08-23-15-15-00,63,34,29
2016-08-23-15-30-00,75,44,31
2016-08-23-15-45-00,89,42,47
2016-08-23-16-00-00,88,67,21
2016-08-23-16-15-00,93,57,36
2016-08-23-16-30-00,104,56,48
2016-08-23-16-45-00,94,59,35
2016-08-23-17-00-00,126,80,46
2016-08-23-17-15-00,143,105,38
2016-08-23-17-30-00,132,76,56
2016-08-23-17-45-00,136,83,53
2016-08-23-18-00-00,110,62,48
2016-08-23-18-15-00,137,88,49
2016-08-23-18-30-00,115,60,55
2016-08-23-18-45-00,141,84,57
2016-08-23-19-00-00,120,47,73
2016-08-23-19-15-00,112,48,64
2016-08-23-19-30-00,107,57,50
2016-08-23-19-45-00,85,39,46
2016-08-23-20-00-00,115,72,43
2016-08-23-20-15-00,60,35,25
2016-08-23-20-30-00,83,48,35
2016-08-23-20-45-00,56,37,19
2016-08-23-21-00-00,46,28,18
2016-08-23-21-15-00,42,27,15
2016-08-23-21-30-00,38,30,8
2016-08-23-21-45-00,35,18,17
2016-08-23-22-00-00,23,14,9
2016-08-23-22-15-00,31,25,6
2016-08-23-22-30-00,13,12,1
2016-08-23-22-45-00,4,2,2
2016-08-23-23-00-00,4,2,2
2016-08-23-23-15-00,3,2,1
2016-08-23-23-30-00,5,2,3
2016-08-23-23-45-00,2,1,1
2016-08-24-00-00-00,1,0,1
2016-08-24-00-15-00,1,0,1
2016-08-24-00-30-00,2,1,1
2016-08-24-00-45-00,6,6,0
2016-08-24-01-00-00,1,0,1
2016-08-24-01-15-00,0,0,0
2016-08-24-01-30-00,1,0,1
2016-08-24-01-45-00,0,0,0
2016-08-24-02-00-00,0,0,0
2016-08-24-02-15-00,0,0,0
2016-08-24-02-30-00,0,0,0
2016-08-24-02-45-00,0,0,0
2016-08-24-03-00-00,0,0,0
2016-08-24-03-15-00,0,0,0
2016-08-24-03-30-00,0,0,0
2016-08-24-03-45-00,0,0,0
2016-08-24-04-00-00,0,0,0
2016-08-24-04-15-00,0,0,0
2016-08-24-04-30-00,0,0,0
2016-08-24-04-45-00,1,1,0
2016-08-24-05-00-00,1,0,1
2016-08-24-05-15-00,1,0,1
2016-08-24-05-30-00,1,0,1
2016-08-24-05-45-00,3,1,2
2016-08-24-06-00-00,9,5,4
2016-08-24-06-15-00,12,2,10
2016-08-24-06-30-00,22,5,17
2016-08-24-06-45-00,26,10,16
2016-08-24-07-00-00,42,17,25
2016-08-24-07-15-00,54,18,36
2016-08-24-07-30-00,61,19,42
2016-08-24-07-45-00,83,22,61
2016-08-24-08-00-00,66,14,52
2016-08-24-08-15-00,89,22,67
2016-08-24-08-30-00,83,17,66
2016-08-24-08-45-00,80,13,67
2016-08-24-09-00-00,49,13,36
2016-08-24-09-15-00,36,13,23
2016-08-24-09-30-00,43,14,29
2016-08-24-09-45-00,40,22,18
2016-08-24-10-00-00,42,22,20
2016-08-24-10-15-00,34,17,17
2016-08-24-10-30-00,34,20,14
2016-08-24-10-45-00,55,30,25
2016-08-24-11-00-00,37,18,19
2016-08-24-11-15-00,42,15,27
2016-08-24-11-30-00,48,26,22
2016-08-24-11-45-00,53,15,38
2016-08-24-12-00-00,59,24,35
2016-08-24-12-15-00,44,24,20
2016-08-24-12-30-00,46,21,25
2016-08-24-12-45-00,48,20,28
2016-08-24-13-00-00,37,19,18
2016-08-24-13-15-00,55,23,32
2016-08-24-13-30-00,35,15,20
2016-08-24-13-45-00,55,28,27
2016-08-24-14-00-00,44,27,17
2016-08-24-14-15-00,62,37,25
2016-08-24-14-30-00,60,32,28
2016-08-24-14-45-00,57,38,19
2016-08-24-15-00-00,49,30,19
2016-08-24-15-15-00,53,34,19
2016-08-24-15-30-00,67,46,21
2016-08-24-15-45-00,82,45,37
2016-08-24-16-00-00,67,44,23
2016-08-24-16-15-00,77,52,25
2016-08-24-16-30-00,77,49,28
2016-08-24-16-45-00,92,56,36
2016-08-24-17-00-00,116,66,50
2016-08-24-17-15-00,99,55,44
2016-08-24-17-30-00,114,70,44
2016-08-24-17-45-00,106,65,41
2016-08-24-18-00-00,90,57,33
2016-08-24-18-15-00,100,63,37
2016-08-24-18-30-00,101,58,43
2016-08-24-18-45-00,99,48,51
2016-08-24-19-00-00,114,60,54
2016-08-24-19-15-00,100,43,57
2016-08-24-19-30-00,87,52,35
2016-08-24-19-45-00,66,41,25
2016-08-24-20-00-00,72,35,37
2016-08-24-20-15-00,74,36,38
2016-08-24-20-30-00,76,50,26
2016-08-24-20-45-00,67,42,25
2016-08-24-21-00-00,60,43,17
2016-08-24-21-15-00,32,22,10
2016-08-24-21-30-00,47,35,12
2016-08-24-21-45-00,35,26,9
2016-08-24-22-00-00,47,40,7
2016-08-24-22-15-00,42,30,12
2016-08-24-22-30-00,21,12,9
2016-08-24-22-45-00,19,14,5
2016-08-24-23-00-00,5,2,3
2016-08-24-23-15-00,4,2,2
2016-08-24-23-30-00,5,3,2
2016-08-24-23-45-00,0,0,0
2016-08-25-00-00-00,2,1,1
2016-08-25-00-15-00,2,1,1
2016-08-25-00-30-00,6,5,1
2016-08-25-00-45-00,0,0,0
2016-08-25-01-00-00,0,0,0
2016-08-25-01-15-00,0,0,0
2016-08-25-01-30-00,0,0,0
2016-08-25-01-45-00,0,0,0
2016-08-25-02-00-00,0,0,0
2016-08-25-02-15-00,0,0,0
2016-08-25-02-30-00,0,0,0
2016-08-25-02-45-00,0,0,0
2016-08-25-03-00-00,0,0,0
2016-08-25-03-15-00,0,0,0
2016-08-25-03-30-00,0,0,0
2016-08-25-03-45-00,0,0,0
2016-08-25-04-00-00,0,0,0
2016-08-25-04-15-00,0,0,0
2016-08-25-04-30-00,1,1,0
2016-08-25-04-45-00,0,0,0
2016-08-25-05-00-00,0,0,0
2016-08-25-05-15-00,1,0,1
2016-08-25-05-30-00,2,2,0
2016-08-25-05-45-00,8,3,5
2016-08-25-06-00-00,7,2,5
2016-08-25-06-15-00,11,3,8
2016-08-25-06-30-00,18,2,16
2016-08-25-06-45-00,25,14,11
2016-08-25-07-00-00,39,16,23
2016-08-25-07-15-00,58,13,45
2016-08-25-07-30-00,70,30,40
2016-08-25-07-45-00,82,22,60
2016-08-25-08-00-00,76,16,60
2016-08-25-08-15-00,68,19,49
2016-08-25-08-30-00,65,16,49
2016-08-25-08-45-00,65,11,54
2016-08-25-09-00-00,57,11,46
2016-08-25-09-15-00,48,12,36
2016-08-25-09-30-00,45,25,20
2016-08-25-09-45-00,31,18,13
2016-08-25-10-00-00,37,18,19
2016-08-25-10-15-00,38,13,25
2016-08-25-10-30-00,31,13,18
2016-08-25-10-45-00,47,25,22
2016-08-25-11-00-00,27,18,9
2016-08-25-11-15-00,38,25,13
2016-08-25-11-30-00,41,25,16
2016-08-25-11-45-00,39,23,16
2016-08-25-12-00-00,35,20,15
2016-08-25-12-15-00,45,16,29
2016-08-25-12-30-00,34,18,16
2016-08-25-12-45-00,41,19,22
2016-08-25-13-00-00,53,36,17
2016-08-25-13-15-00,48,25,23
2016-08-25-13-30-00,32,20,12
2016-08-25-13-45-00,38,28,10
2016-08-25-14-00-00,41,17,24
2016-08-25-14-15-00,39,21,18
2016-08-25-14-30-00,37,21,16
2016-08-25-14-45-00,55,26,29
2016-08-25-15-00-00,51,33,18
2016-08-25-15-15-00,65,38,27
2016-08-25-15-30-00,61,37,24
2016-08-25-15-45-00,49,33,16
2016-08-25-16-00-00,63,41,22
2016-08-25-16-15-00,63,40,23
2016-08-25-16-30-00,81,53,28
2016-08-25-16-45-00,69,37,32
2016-08-25-17-00-00,73,47,26
2016-08-25-17-15-00,86,58,28
2016-08-25-17-30-00,88,51,37
2016-08-25-17-45-00,79,47,32
2016-08-25-18-00-00,90,52,38
2016-08-25-18-15-00,77,40,37
2016-08-25-18-30-00,112,56,56
2016-08-25-18-45-00,113,63,50
2016-08-25-19-00-00,77,41,36
2016-08-25-19-15-00,67,32,35
2016-08-25-19-30-00,66,43,23
2016-08-25-19-45-00,75,44,31
2016-08-25-20-00-00,72,31,41
2016-08-25-20-15-00,71,39,32
2016-08-25-20-30-00,65,44,21
2016-08-25-20-45-00,67,41,26
2016-08-25-21-00-00,48,28,20
2016-08-25-21-15-00,36,18,18
2016-08-25-21-30-00,15,12,3
2016-08-25-21-45-00,32,18,14
2016-08-25-22-00-00,22,14,8
2016-08-25-22-15-00,24,14,10
2016-08-25-22-30-00,26,22,4
2016-08-25-22-45-00,10,7,3
2016-08-25-23-00-00,9,6,3
2016-08-25-23-15-00,6,1,5
2016-08-25-23-30-00,4,2,2
2016-08-25-23-45-00,5,2,3
2016-08-26-00-00-00,2,1,1
2016-08-26-00-15-00,0,0,0
2016-08-26-00-30-00,0,0,0
2016-08-26-00-45-00,8,6,2
2016-08-26-01-00-00,0,0,0
2016-08-26-01-15-00,3,3,0
2016-08-26-01-30-00,0,0,0
2016-08-26-01-45-00,0,0,0
2016-08-26-02-00-00,1,0,1
2016-08-26-02-15-00,0,0,0
2016-08-26-02-30-00,0,0,0
2016-08-26-02-45-00,0,0,0
2016-08-26-03-00-00,0,0,0
2016-08-26-03-15-00,0,0,0
2016-08-26-03-30-00,0,0,0
2016-08-26-03-45-00,0,0,0
2016-08-26-04-00-00,0,0,0
2016-08-26-04-15-00,0,0,0
2016-08-26-04-30-00,1,0,1
2016-08-26-04-45-00,0,0,0
2016-08-26-05-00-00,0,0,0
2016-08-26-05-15-00,3,1,2
2016-08-26-05-30-00,2,1,1
2016-08-26-05-45-00,7,1,6
2016-08-26-06-00-00,8,3,5
2016-08-26-06-15-00,9,1,8
2016-08-26-06-30-00,14,4,10
2016-08-26-06-45-00,22,12,10
2016-08-26-07-00-00,27,10,17
2016-08-26-07-15-00,63,18,45
2016-08-26-07-30-00,55,20,35
2016-08-26-07-45-00,57,13,44
2016-08-26-08-00-00,56,14,42
2016-08-26-08-15-00,68,19,49
2016-08-26-08-30-00,75,21,54
2016-08-26-08-45-00,67,12,55
2016-08-26-09-00-00,46,13,33
2016-08-26-09-15-00,38,10,28
2016-08-26-09-30-00,25,15,10
2016-08-26-09-45-00,23,12,11
2016-08-26-10-00-00,29,13,16
2016-08-26-10-15-00,30,14,16
2016-08-26-10-30-00,38,15,23
2016-08-26-10-45-00,36,13,23
2016-08-26-11-00-00,30,17,13
2016-08-26-11-15-00,25,13,12
2016-08-26-11-30-00,25,9,16
2016-08-26-11-45-00,38,20,18
2016-08-26-12-00-00,41,23,18
2016-08-26-12-15-00,40,28,12
2016-08-26-12-30-00,36,18,18
2016-08-26-12-45-00,36,23,13
2016-08-26-13-00-00,33,19,14
2016-08-26-13-15-00,56,34,22
2016-08-26-13-30-00,58,33,25
2016-08-26-13-45-00,33,17,16
2016-08-26-14-00-00,37,24,13
2016-08-26-14-15-00,60,40,20
2016-08-26-14-30-00,53,35,18
2016-08-26-14-45-00,44,36,8
2016-08-26-15-00-00,45,33,12
2016-08-26-15-15-00,64,40,24
2016-08-26-15-30-00,69,38,31
2016-08-26-15-45-00,56,32,24
2016-08-26-16-00-00,64,34,30
2016-08-26-16-15-00,58,38,20
2016-08-26-16-30-00,68,39,29
2016-08-26-16-45-00,70,46,24
2016-08-26-17-00-00,68,34,34
2016-08-26-17-15-00,56,32,24
2016-08-26-17-30-00,67,35,32
2016-08-26-17-45-00,67,43,24
2016-08-26-18-00-00,76,38,38
2016-08-26-18-15-00,61,29,32
2016-08-26-18-30-00,67,40,27
2016-08-26-18-45-00,58,30,28
2016-08-26-19-00-00,55,26,29
2016-08-26-19-15-00,68,32,36
2016-08-26-19-30-00,57,25,32
2016-08-26-19-45-00,71,41,30
2016-08-26-20-00-00,65,41,24
2016-08-26-20-15-00,38,23,15
2016-08-26-20-30-00,56,43,13
2016-08-26-20-45-00,39,16,23
2016-08-26-21-00-00,46,29,17
2016-08-26-21-15-00,18,13,5
2016-08-26-21-30-00,26,14,12
2016-08-26-21-45-00,26,14,12
2016-08-26-22-00-00,15,10,5
2016-08-26-22-15-00,14,10,4
2016-08-26-22-30-00,10,6,4
2016-08-26-22-45-00,14,7,7
2016-08-26-23-00-00,8,4,4
2016-08-26-23-15-00,10,5,5
2016-08-26-23-30-00,2,2,0
2016-08-26-23-45-00,6,1,5
2016-08-27-00-00-00,6,2,4
2016-08-27-00-15-00,11,6,5
2016-08-27-00-30-00,3,0,3
2016-08-27-00-45-00,7,5,2
2016-08-27-01-00-00,0,0,0
2016-08-27-01-15-00,2,1,1
2016-08-27-01-30-00,1,0,1
2016-08-27-01-45-00,2,2,0
2016-08-27-02-00-00,2,2,0
2016-08-27-02-15-00,1,0,1
2016-08-27-02-30-00,1,1,0
2016-08-27-02-45-00,1,0,1
2016-08-27-03-00-00,1,0,1
2016-08-27-03-15-00,3,0,3
2016-08-27-03-30-00,0,0,0
2016-08-27-03-45-00,1,0,1
2016-08-27-04-00-00,0,0,0
2016-08-27-04-15-00,0,0,0
2016-08-27-04-30-00,1,0,1
2016-08-27-04-45-00,1,1,0
2016-08-27-05-00-00,0,0,0
2016-08-27-05-15-00,0,0,0
2016-08-27-05-30-00,0,0,0
2016-08-27-05-45-00,1,1,0
2016-08-27-06-00-00,1,0,1
2016-08-27-06-15-00,1,1,0
2016-08-27-06-30-00,5,2,3
2016-08-27-06-45-00,4,3,1
2016-08-27-07-00-00,2,1,1
2016-08-27-07-15-00,9,7,2
2016-08-27-07-30-00,10,7,3
2016-08-27-07-45-00,18,4,14
2016-08-27-08-00-00,19,9,10
2016-08-27-08-15-00,22,15,7
2016-08-27-08-30-00,15,9,6
2016-08-27-08-45-00,30,15,15
2016-08-27-09-00-00,20,12,8
2016-08-27-09-15-00,38,19,19
2016-08-27-09-30-00,29,8,21
2016-08-27-09-45-00,46,13,33
2016-08-27-10-00-00,42,15,27
2016-08-27-10-15-00,52,24,28
2016-08-27-10-30-00,44,21,23
2016-08-27-10-45-00,48,16,32
2016-08-27-11-00-00,57,31,26
2016-08-27-11-15-00,48,30,18
2016-08-27-11-30-00,57,19,38
2016-08-27-11-45-00,66,34,32
2016-08-27-12-00-00,52,24,28
2016-08-27-12-15-00,39,17,22
2016-08-27-12-30-00,41,21,20
2016-08-27-12-45-00,44,17,27
2016-08-27-13-00-00,40,20,20
2016-08-27-13-15-00,42,18,24
2016-08-27-13-30-00,46,26,20
2016-08-27-13-45-00,44,21,23
2016-08-27-14-00-00,61,31,30
2016-08-27-14-15-00,39,20,19
2016-08-27-14-30-00,50,28,22
2016-08-27-14-45-00,54,27,27
2016-08-27-15-00-00,48,19,29
2016-08-27-15-15-00,63,44,19
2016-08-27-15-30-00,37,17,20
2016-08-27-15-45-00,40,21,19
2016-08-27-16-00-00,48,27,21
2016-08-27-16-15-00,67,37,30
2016-08-27-16-30-00,50,21,29
2016-08-27-16-45-00,38,20,18
2016-08-27-17-00-00,60,28,32
2016-08-27-17-15-00,50,29,21
2016-08-27-17-30-00,50,23,27
2016-08-27-17-45-00,54,37,17
2016-08-27-18-00-00,48,29,19
2016-08-27-18-15-00,59,25,34
2016-08-27-18-30-00,81,44,37
2016-08-27-18-45-00,66,41,25
2016-08-27-19-00-00,33,23,10
2016-08-27-19-15-00,54,22,32
2016-08-27-19-30-00,51,36,15
2016-08-27-19-45-00,39,19,20
2016-08-27-20-00-00,45,23,22
2016-08-27-20-15-00,50,23,27
2016-08-27-20-30-00,38,25,13
2016-08-27-20-45-00,37,24,13
2016-08-27-21-00-00,31,19,12
2016-08-27-21-15-00,29,17,12
2016-08-27-21-30-00,17,17,0
2016-08-27-21-45-00,27,11,16
2016-08-27-22-00-00,18,13,5
2016-08-27-22-15-00,15,8,7
2016-08-27-22-30-00,14,8,6
2016-08-27-22-45-00,16,14,2
2016-08-27-23-00-00,12,4,8
2016-08-27-23-15-00,9,6,3
2016-08-27-23-30-00,6,6,0
2016-08-27-23-45-00,2,2,0
2016-08-28-00-00-00,13,8,5
2016-08-28-00-15-00,5,3,2
2016-08-28-00-30-00,10,9,1
2016-08-28-00-45-00,2,2,0
2016-08-28-01-00-00,5,4,1
2016-08-28-01-15-00,6,3,3
2016-08-28-01-30-00,4,4,0
2016-08-28-01-45-00,2,0,2
2016-08-28-02-00-00,8,0,8
2016-08-28-02-15-00,3,0,3
2016-08-28-02-30-00,1,0,1
2016-08-28-02-45-00,1,0,1
2016-08-28-03-00-00,2,1,1
2016-08-28-03-15-00,0,0,0
2016-08-28-03-30-00,0,0,0
2016-08-28-03-45-00,1,0,1
2016-08-28-04-00-00,0,0,0
2016-08-28-04-15-00,0,0,0
2016-08-28-04-30-00,2,2,0
2016-08-28-04-45-00,2,0,2
2016-08-28-05-00-00,0,0,0
2016-08-28-05-15-00,0,0,0
2016-08-28-05-30-00,0,0,0
2016-08-28-05-45-00,1,0,1
2016-08-28-06-00-00,1,0,1
2016-08-28-06-15-00,3,3,0
2016-08-28-06-30-00,1,0,1
2016-08-28-06-45-00,4,1,3
2016-08-28-07-00-00,6,3,3
2016-08-28-07-15-00,9,3,6
2016-08-28-07-30-00,9,2,7
2016-08-28-07-45-00,12,6,6
2016-08-28-08-00-00,20,7,13
2016-08-28-08-15-00,16,7,9
2016-08-28-08-30-00,24,8,16
2016-08-28-08-45-00,25,7,18
2016-08-28-09-00-00,38,13,25
2016-08-28-09-15-00,42,22,20
2016-08-28-09-30-00,39,22,17
2016-08-28-09-45-00,57,28,29
2016-08-28-10-00-00,80,49,31
2016-08-28-10-15-00,75,30,45
2016-08-28-10-30-00,71,30,41
2016-08-28-10-45-00,82,38,44
2016-08-28-11-00-00,107,56,51
2016-08-28-11-15-00,73,35,38
2016-08-28-11-30-00,84,46,38
2016-08-28-11-45-00,88,35,53
2016-08-28-12-00-00,81,46,35
2016-08-28-12-15-00,77,33,44
2016-08-28-12-30-00,80,51,29
2016-08-28-12-45-00,55,27,28
2016-08-28-13-00-00,47,24,23
2016-08-28-13-15-00,69,35,34
2016-08-28-13-30-00,58,23,35
2016-08-28-13-45-00,56,21,35
2016-08-28-14-00-00,81,51,30
2016-08-28-14-15-00,83,49,34
2016-08-28-14-30-00,28,19,9
2016-08-28-14-45-00,73,51,22
2016-08-28-15-00-00,50,29,21
2016-08-28-15-15-00,37,25,12
2016-08-28-15-30-00,38,18,20
2016-08-28-15-45-00,63,41,22
2016-08-28-16-00-00,55,40,15
2016-08-28-16-15-00,40,22,18
2016-08-28-16-30-00,52,24,28
2016-08-28-16-45-00,52,37,15
2016-08-28-17-00-00,62,35,27
2016-08-28-17-15-00,45,28,17
2016-08-28-17-30-00,38,18,20
2016-08-28-17-45-00,49,21,28
2016-08-28-18-00-00,40,18,22
2016-08-28-18-15-00,57,33,24
2016-08-28-18-30-00,49,38,11
2016-08-28-18-45-00,59,32,27
2016-08-28-19-00-00,52,35,17
2016-08-28-19-15-00,54,36,18
2016-08-28-19-30-00,45,34,11
2016-08-28-19-45-00,23,16,7
2016-08-28-20-00-00,30,18,12
2016-08-28-20-15-00,29,19,10
2016-08-28-20-30-00,30,21,9
2016-08-28-20-45-00,21,20,1
2016-08-28-21-00-00,20,8,12
2016-08-28-21-15-00,16,11,5
2016-08-28-21-30-00,10,4,6
2016-08-28-21-45-00,14,6,8
2016-08-28-22-00-00,7,6,1
2016-08-28-22-15-00,8,8,0
2016-08-28-22-30-00,7,7,0
2016-08-28-22-45-00,1,1,0
2016-08-28-23-00-00,0,0,0
2016-08-28-23-15-00,2,2,0
2016-08-28-23-30-00,3,2,1
2016-08-28-23-45-00,0,0,0
2016-08-29-00-00-00,1,0,1
2016-08-29-00-15-00,1,1,0
2016-08-29-00-30-00,0,0,0
2016-08-29-00-45-00,0,0,0
2016-08-29-01-00-00,0,0,0
2016-08-29-01-15-00,1,1,0
2016-08-29-01-30-00,0,0,0
2016-08-29-01-45-00,2,0,2
2016-08-29-02-00-00,0,0,0
2016-08-29-02-15-00,0,0,0
2016-08-29-02-30-00,0,0,0
2016-08-29-02-45-00,0,0,0
2016-08-29-03-00-00,0,0,0
2016-08-29-03-15-00,0,0,0
2016-08-29-03-30-00,0,0,0
2016-08-29-03-45-00,0,0,0
2016-08-29-04-00-00,0,0,0
2016-08-29-04-15-00,0,0,0
2016-08-29-04-30-00,0,0,0
2016-08-29-04-45-00,0,0,0
2016-08-29-05-00-00,0,0,0
2016-08-29-05-15-00,1,0,1
2016-08-29-05-30-00,0,0,0
2016-08-29-05-45-00,5,1,4
2016-08-29-06-00-00,4,2,2
2016-08-29-06-15-00,7,1,6
2016-08-29-06-30-00,11,3,8
2016-08-29-06-45-00,19,8,11
2016-08-29-07-00-00,31,12,19
2016-08-29-07-15-00,40,15,25
2016-08-29-07-30-00,39,16,23
2016-08-29-07-45-00,55,19,36
2016-08-29-08-00-00,54,13,41
2016-08-29-08-15-00,61,14,47
2016-08-29-08-30-00,66,17,49
2016-08-29-08-45-00,44,6,38
2016-08-29-09-00-00,33,5,28
2016-08-29-09-15-00,24,7,17
2016-08-29-09-30-00,21,9,12
2016-08-29-09-45-00,15,5,10
2016-08-29-10-00-00,15,9,6
2016-08-29-10-15-00,15,5,10
2016-08-29-10-30-00,24,12,12
2016-08-29-10-45-00,13,9,4
2016-08-29-11-00-00,18,13,5
2016-08-29-11-15-00,13,10,3
2016-08-29-11-30-00,23,8,15
2016-08-29-11-45-00,20,14,6
2016-08-29-12-00-00,22,14,8
2016-08-29-12-15-00,27,17,10
2016-08-29-12-30-00,25,16,9
2016-08-29-12-45-00,23,17,6
2016-08-29-13-00-00,24,12,12
2016-08-29-13-15-00,28,11,17
2016-08-29-13-30-00,25,13,12
2016-08-29-13-45-00,20,6,14
2016-08-29-14-00-00,30,22,8
2016-08-29-14-15-00,16,11,5
2016-08-29-14-30-00,34,14,20
2016-08-29-14-45-00,26,14,12
2016-08-29-15-00-00,25,8,17
2016-08-29-15-15-00,31,19,12
2016-08-29-15-30-00,33,25,8
2016-08-29-15-45-00,28,17,11
2016-08-29-16-00-00,36,26,10
2016-08-29-16-15-00,48,36,12
2016-08-29-16-30-00,51,36,15
2016-08-29-16-45-00,44,31,13
2016-08-29-17-00-00,54,43,11
2016-08-29-17-15-00,66,40,26
2016-08-29-17-30-00,73,50,23
2016-08-29-17-45-00,55,33,22
2016-08-29-18-00-00,50,29,21
2016-08-29-18-15-00,57,36,21
2016-08-29-18-30-00,53,31,22
2016-08-29-18-45-00,36,21,15
2016-08-29-19-00-00,43,30,13
2016-08-29-19-15-00,45,27,18
2016-08-29-19-30-00,26,10,16
2016-08-29-19-45-00,25,14,11
2016-08-29-20-00-00,31,13,18
2016-08-29-20-15-00,15,10,5
2016-08-29-20-30-00,25,8,17
2016-08-29-20-45-00,20,16,4
2016-08-29-21-00-00,5,2,3
2016-08-29-21-15-00,11,8,3
2016-08-29-21-30-00,17,13,4
2016-08-29-21-45-00,7,6,1
2016-08-29-22-00-00,1,1,0
2016-08-29-22-15-00,6,4,2
2016-08-29-22-30-00,7,6,1
2016-08-29-22-45-00,3,2,1
2016-08-29-23-00-00,1,1,0
2016-08-29-23-15-00,3,3,0
2016-08-29-23-30-00,1,1,0
2016-08-29-23-45-00,0,0,0
2016-08-30-00-00-00,0,0,0
2016-08-30-00-15-00,1,0,1
2016-08-30-00-30-00,1,1,0
2016-08-30-00-45-00,0,0,0
2016-08-30-01-00-00,0,0,0
2016-08-30-01-15-00,0,0,0
2016-08-30-01-30-00,1,0,1
2016-08-30-01-45-00,0,0,0
2016-08-30-02-00-00,0,0,0
2016-08-30-02-15-00,0,0,0
2016-08-30-02-30-00,0,0,0
2016-08-30-02-45-00,3,0,3
2016-08-30-03-00-00,1,1,0
2016-08-30-03-15-00,0,0,0
2016-08-30-03-30-00,0,0,0
2016-08-30-03-45-00,0,0,0
2016-08-30-04-00-00,0,0,0
2016-08-30-04-15-00,0,0,0
2016-08-30-04-30-00,1,1,0
2016-08-30-04-45-00,0,0,0
2016-08-30-05-00-00,0,0,0
2016-08-30-05-15-00,1,0,1
2016-08-30-05-30-00,1,1,0
2016-08-30-05-45-00,6,2,4
2016-08-30-06-00-00,5,3,2
2016-08-30-06-15-00,11,3,8
2016-08-30-06-30-00,21,7,14
2016-08-30-06-45-00,17,6,11
2016-08-30-07-00-00,29,12,17
2016-08-30-07-15-00,49,11,38
2016-08-30-07-30-00,66,22,44
2016-08-30-07-45-00,69,16,53
2016-08-30-08-00-00,76,19,57
2016-08-30-08-15-00,78,21,57
2016-08-30-08-30-00,69,20,49
2016-08-30-08-45-00,42,6,36
2016-08-30-09-00-00,41,13,28
2016-08-30-09-15-00,35,9,26
2016-08-30-09-30-00,22,14,8
2016-08-30-09-45-00,22,6,16
2016-08-30-10-00-00,15,7,8
2016-08-30-10-15-00,37,19,18
2016-08-30-10-30-00,30,13,17
2016-08-30-10-45-00,23,8,15
2016-08-30-11-00-00,36,16,20
2016-08-30-11-15-00,29,13,16
2016-08-30-11-30-00,29,10,19
2016-08-30-11-45-00,38,15,23
2016-08-30-12-00-00,31,12,19
2016-08-30-12-15-00,35,22,13
2016-08-30-12-30-00,38,10,28
2016-08-30-12-45-00,45,28,17
2016-08-30-13-00-00,47,24,23
2016-08-30-13-15-00,33,16,17
2016-08-30-13-30-00,41,28,13
2016-08-30-13-45-00,34,14,20
2016-08-30-14-00-00,36,23,13
2016-08-30-14-15-00,42,21,21
2016-08-30-14-30-00,54,31,23
2016-08-30-14-45-00,44,20,24
2016-08-30-15-00-00,85,43,42
2016-08-30-15-15-00,60,34,26
2016-08-30-15-30-00,68,32,36
2016-08-30-15-45-00,73,47,26
2016-08-30-16-00-00,61,47,14
2016-08-30-16-15-00,87,59,28
2016-08-30-16-30-00,87,63,24
2016-08-30-16-45-00,88,62,26
2016-08-30-17-00-00,84,52,32
2016-08-30-17-15-00,122,85,37
2016-08-30-17-30-00,122,78,44
2016-08-30-17-45-00,107,63,44
2016-08-30-18-00-00,107,72,35
2016-08-30-18-15-00,116,73,43
2016-08-30-18-30-00,80,49,31
2016-08-30-18-45-00,98,50,48
2016-08-30-19-00-00,82,43,39
2016-08-30-19-15-00,100,55,45
2016-08-30-19-30-00,80,41,39
2016-08-30-19-45-00,85,52,33
2016-08-30-20-00-00,84,49,35
2016-08-30-20-15-00,70,44,26
2016-08-30-20-30-00,43,26,17
2016-08-30-20-45-00,49,31,18
2016-08-30-21-00-00,28,14,14
2016-08-30-21-15-00,16,7,9
2016-08-30-21-30-00,20,15,5
2016-08-30-21-45-00,14,10,4
2016-08-30-22-00-00,6,3,3
2016-08-30-22-15-00,10,5,5
2016-08-30-22-30-00,7,4,3
2016-08-30-22-45-00,6,3,3
2016-08-30-23-00-00,2,0,2
2016-08-30-23-15-00,3,0,3
2016-08-30-23-30-00,2,0,2
2016-08-30-23-45-00,0,0,0
2016-08-31-00-00-00,1,1,0
2016-08-31-00-15-00,0,0,0
2016-08-31-00-30-00,0,0,0
2016-08-31-00-45-00,0,0,0
2016-08-31-01-00-00,0,0,0
2016-08-31-01-15-00,1,1,0
2016-08-31-01-30-00,0,0,0
2016-08-31-01-45-00,1,0,1
2016-08-31-02-00-00,0,0,0
2016-08-31-02-15-00,0,0,0
2016-08-31-02-30-00,0,0,0
2016-08-31-02-45-00,0,0,0
2016-08-31-03-00-00,0,0,0
2016-08-31-03-15-00,0,0,0
2016-08-31-03-30-00,0,0,0
2016-08-31-03-45-00,0,0,0
2016-08-31-04-00-00,0,0,0
2016-08-31-04-15-00,1,1,0
2016-08-31-04-30-00,0,0,0
2016-08-31-04-45-00,0,0,0
2016-08-31-05-00-00,0,0,0
2016-08-31-05-15-00,1,1,0
2016-08-31-05-30-00,2,2,0
2016-08-31-05-45-00,5,0,5
2016-08-31-06-00-00,11,5,6
2016-08-31-06-15-00,7,3,4
2016-08-31-06-30-00,17,3,14
2016-08-31-06-45-00,20,7,13
2016-08-31-07-00-00,29,11,18
2016-08-31-07-15-00,57,19,38
2016-08-31-07-30-00,50,20,30
2016-08-31-07-45-00,82,19,63
2016-08-31-08-00-00,76,11,65
2016-08-31-08-15-00,85,24,61
2016-08-31-08-30-00,80,18,62
2016-08-31-08-45-00,73,17,56
2016-08-31-09-00-00,44,20,24
2016-08-31-09-15-00,57,35,22
2016-08-31-09-30-00,44,28,16
2016-08-31-09-45-00,24,8,16
2016-08-31-10-00-00,32,12,20
2016-08-31-10-15-00,26,9,17
2016-08-31-10-30-00,27,5,22
2016-08-31-10-45-00,17,7,10
2016-08-31-11-00-00,21,9,12
2016-08-31-11-15-00,29,10,19
2016-08-31-11-30-00,45,21,24
2016-08-31-11-45-00,37,10,27
2016-08-31-12-00-00,51,27,24
2016-08-31-12-15-00,56,27,29
2016-08-31-12-30-00,50,19,31
2016-08-31-12-45-00,47,18,29
2016-08-31-13-00-00,47,28,19
2016-08-31-13-15-00,53,25,28
2016-08-31-13-30-00,59,26,33
2016-08-31-13-45-00,53,29,24
2016-08-31-14-00-00,48,27,21
2016-08-31-14-15-00,50,30,20
2016-08-31-14-30-00,65,32,33
2016-08-31-14-45-00,69,40,29
2016-08-31-15-00-00,56,35,21
2016-08-31-15-15-00,81,49,32
2016-08-31-15-30-00,63,33,30
2016-08-31-15-45-00,60,37,23
2016-08-31-16-00-00,69,47,22
2016-08-31-16-15-00,85,47,38
2016-08-31-16-30-00,92,66,26
2016-08-31-16-45-00,78,57,21
2016-08-31-17-00-00,94,61,33
2016-08-31-17-15-00,114,80,34
2016-08-31-17-30-00,110,74,36
2016-08-31-17-45-00,108,71,37
2016-08-31-18-00-00,100,64,36
2016-08-31-18-15-00,116,74,42
2016-08-31-18-30-00,78,49,29
2016-08-31-18-45-00,91,54,37
2016-08-31-19-00-00,80,50,30
2016-08-31-19-15-00,90,48,42
2016-08-31-19-30-00,76,42,34
2016-08-31-19-45-00,50,32,18
2016-08-31-20-00-00,58,36,22
2016-08-31-20-15-00,45,28,17
2016-08-31-20-30-00,39,30,9
2016-08-31-20-45-00,46,24,22
2016-08-31-21-00-00,25,13,12
2016-08-31-21-15-00,16,11,5
2016-08-31-21-30-00,26,15,11
2016-08-31-21-45-00,24,19,5
2016-08-31-22-00-00,20,13,7
2016-08-31-22-15-00,17,12,5
2016-08-31-22-30-00,9,7,2
2016-08-31-22-45-00,6,5,1
2016-08-31-23-00-00,3,1,2
2016-08-31-23-15-00,1,0,1
2016-08-31-23-30-00,1,0,1
2016-08-31-23-45-00,2,0,2
2016-09-01-00-00-00,1,0,1
2016-09-01-00-15-00,1,0,1
2016-09-01-00-30-00,3,2,1
2016-09-01-00-45-00,0,0,0
2016-09-01-01-00-00,3,3,0
2016-09-01-01-15-00,1,0,1
2016-09-01-01-30-00,2,2,0
2016-09-01-01-45-00,1,1,0
2016-09-01-02-00-00,0,0,0
2016-09-01-02-15-00,1,0,1
2016-09-01-02-30-00,0,0,0
2016-09-01-02-45-00,0,0,0
2016-09-01-03-00-00,0,0,0
2016-09-01-03-15-00,0,0,0
2016-09-01-03-30-00,1,1,0
2016-09-01-03-45-00,0,0,0
2016-09-01-04-00-00,0,0,0
2016-09-01-04-15-00,0,0,0
2016-09-01-04-30-00,0,0,0
2016-09-01-04-45-00,0,0,0
2016-09-01-05-00-00,0,0,0
2016-09-01-05-15-00,0,0,0
2016-09-01-05-30-00,2,2,0
2016-09-01-05-45-00,4,0,4
2016-09-01-06-00-00,5,2,3
2016-09-01-06-15-00,8,1,7
2016-09-01-06-30-00,17,5,12
2016-09-01-06-45-00,18,6,12
2016-09-01-07-00-00,36,12,24
2016-09-01-07-15-00,46,14,32
2016-09-01-07-30-00,67,31,36
2016-09-01-07-45-00,67,12,55
2016-09-01-08-00-00,69,19,50
2016-09-01-08-15-00,75,13,62
2016-09-01-08-30-00,74,26,48
2016-09-01-08-45-00,57,12,45
2016-09-01-09-00-00,46,12,34
2016-09-01-09-15-00,27,7,20
2016-09-01-09-30-00,26,8,18
2016-09-01-09-45-00,15,6,9
2016-09-01-10-00-00,26,16,10
2016-09-01-10-15-00,39,17,22
2016-09-01-10-30-00,36,23,13
2016-09-01-10-45-00,26,8,18
2016-09-01-11-00-00,46,20,26
2016-09-01-11-15-00,24,15,9
2016-09-01-11-30-00,43,18,25
2016-09-01-11-45-00,40,19,21
2016-09-01-12-00-00,11,6,5
2016-09-01-12-15-00,35,21,14
2016-09-01-12-30-00,37,14,23
2016-09-01-12-45-00,30,13,17
2016-09-01-13-00-00,46,23,23
2016-09-01-13-15-00,55,26,29
2016-09-01-13-30-00,42,22,20
2016-09-01-13-45-00,40,21,19
2016-09-01-14-00-00,39,19,20
2016-09-01-14-15-00,50,30,20
2016-09-01-14-30-00,56,30,26
2016-09-01-14-45-00,50,27,23
2016-09-01-15-00-00,55,28,27
2016-09-01-15-15-00,49,28,21
2016-09-01-15-30-00,70,39,31
2016-09-01-15-45-00,69,35,34
2016-09-01-16-00-00,75,52,23
2016-09-01-16-15-00,64,35,29
2016-09-01-16-30-00,70,48,22
2016-09-01-16-45-00,92,67,25
2016-09-01-17-00-00,75,53,22
2016-09-01-17-15-00,111,82,29
2016-09-01-17-30-00,99,69,30
2016-09-01-17-45-00,101,56,45
2016-09-01-18-00-00,89,59,30
2016-09-01-18-15-00,91,50,41
2016-09-01-18-30-00,75,44,31
2016-09-01-18-45-00,61,29,32
2016-09-01-19-00-00,68,30,38
2016-09-01-19-15-00,50,25,25
2016-09-01-19-30-00,49,25,24
2016-09-01-19-45-00,60,36,24
2016-09-01-20-00-00,57,39,18
2016-09-01-20-15-00,45,29,16
2016-09-01-20-30-00,34,22,12
2016-09-01-20-45-00,30,16,14
2016-09-01-21-00-00,16,7,9
2016-09-01-21-15-00,21,11,10
2016-09-01-21-30-00,13,7,6
2016-09-01-21-45-00,9,2,7
2016-09-01-22-00-00,16,8,8
2016-09-01-22-15-00,11,6,5
2016-09-01-22-30-00,15,9,6
2016-09-01-22-45-00,7,4,3
2016-09-01-23-00-00,5,2,3
2016-09-01-23-15-00,12,5,7
2016-09-01-23-30-00,4,3,1
2016-09-01-23-45-00,2,2,0
2016-09-02-00-00-00,3,1,2
2016-09-02-00-15-00,2,2,0
2016-09-02-00-30-00,0,0,0
2016-09-02-00-45-00,2,2,0
2016-09-02-01-00-00,0,0,0
2016-09-02-01-15-00,1,0,1
2016-09-02-01-30-00,0,0,0
2016-09-02-01-45-00,0,0,0
2016-09-02-02-00-00,1,0,1
2016-09-02-02-15-00,0,0,0
2016-09-02-02-30-00,0,0,0
2016-09-02-02-45-00,0,0,0
2016-09-02-03-00-00,0,0,0
2016-09-02-03-15-00,0,0,0
2016-09-02-03-30-00,0,0,0
2016-09-02-03-45-00,1,1,0
2016-09-02-04-00-00,0,0,0
2016-09-02-04-15-00,0,0,0
2016-09-02-04-30-00,0,0,0
2016-09-02-04-45-00,0,0,0
2016-09-02-05-00-00,0,0,0
2016-09-02-05-15-00,0,0,0
2016-09-02-05-30-00,2,2,0
2016-09-02-05-45-00,4,1,3
2016-09-02-06-00-00,4,2,2
2016-09-02-06-15-00,8,2,6
2016-09-02-06-30-00,10,3,7
2016-09-02-06-45-00,16,5,11
2016-09-02-07-00-00,19,10,9
2016-09-02-07-15-00,42,13,29
2016-09-02-07-30-00,55,23,32
2016-09-02-07-45-00,54,15,39
2016-09-02-08-00-00,54,9,45
2016-09-02-08-15-00,74,14,60
2016-09-02-08-30-00,61,17,44
2016-09-02-08-45-00,54,11,43
2016-09-02-09-00-00,43,16,27
2016-09-02-09-15-00,21,9,12
2016-09-02-09-30-00,19,11,8
2016-09-02-09-45-00,31,11,20
2016-09-02-10-00-00,35,20,15
2016-09-02-10-15-00,31,16,15
2016-09-02-10-30-00,25,11,14
2016-09-02-10-45-00,50,22,28
2016-09-02-11-00-00,34,18,16
2016-09-02-11-15-00,34,21,13
2016-09-02-11-30-00,53,29,24
2016-09-02-11-45-00,36,18,18
2016-09-02-12-00-00,45,21,24
2016-09-02-12-15-00,48,18,30
2016-09-02-12-30-00,42,23,19
2016-09-02-12-45-00,39,19,20
2016-09-02-13-00-00,64,34,30
2016-09-02-13-15-00,57,34,23
2016-09-02-13-30-00,42,19,23
2016-09-02-13-45-00,52,29,23
2016-09-02-14-00-00,45,26,19
2016-09-02-14-15-00,62,35,27
2016-09-02-14-30-00,58,24,34
2016-09-02-14-45-00,62,23,39
2016-09-02-15-00-00,44,23,21
2016-09-02-15-15-00,58,32,26
2016-09-02-15-30-00,71,42,29
2016-09-02-15-45-00,68,43,25
2016-09-02-16-00-00,71,53,18
2016-09-02-16-15-00,98,59,39
2016-09-02-16-30-00,90,60,30
2016-09-02-16-45-00,75,50,25
2016-09-02-17-00-00,82,54,28
2016-09-02-17-15-00,85,53,32
2016-09-02-17-30-00,87,52,35
2016-09-02-17-45-00,89,47,42
2016-09-02-18-00-00,60,41,19
2016-09-02-18-15-00,76,51,25
2016-09-02-18-30-00,87,52,35
2016-09-02-18-45-00,82,42,40
2016-09-02-19-00-00,50,21,29
2016-09-02-19-15-00,47,20,27
2016-09-02-19-30-00,77,43,34
2016-09-02-19-45-00,51,28,23
2016-09-02-20-00-00,39,27,12
2016-09-02-20-15-00,39,17,22
2016-09-02-20-30-00,34,21,13
2016-09-02-20-45-00,24,17,7
2016-09-02-21-00-00,16,7,9
2016-09-02-21-15-00,5,4,1
2016-09-02-21-30-00,17,6,11
2016-09-02-21-45-00,18,11,7
2016-09-02-22-00-00,14,8,6
2016-09-02-22-15-00,14,7,7
2016-09-02-22-30-00,8,3,5
2016-09-02-22-45-00,13,8,5
2016-09-02-23-00-00,5,1,4
2016-09-02-23-15-00,14,4,10
2016-09-02-23-30-00,4,3,1
2016-09-02-23-45-00,2,2,0
2016-09-03-00-00-00,0,0,0
2016-09-03-00-15-00,0,0,0
2016-09-03-00-30-00,5,1,4
2016-09-03-00-45-00,1,0,1
2016-09-03-01-00-00,1,0,1
2016-09-03-01-15-00,0,0,0
2016-09-03-01-30-00,4,2,2
2016-09-03-01-45-00,2,1,1
2016-09-03-02-00-00,1,0,1
2016-09-03-02-15-00,1,0,1
2016-09-03-02-30-00,0,0,0
2016-09-03-02-45-00,0,0,0
2016-09-03-03-00-00,0,0,0
2016-09-03-03-15-00,0,0,0
2016-09-03-03-30-00,3,2,1
2016-09-03-03-45-00,0,0,0
2016-09-03-04-00-00,0,0,0
2016-09-03-04-15-00,0,0,0
2016-09-03-04-30-00,0,0,0
2016-09-03-04-45-00,0,0,0
2016-09-03-05-00-00,0,0,0
2016-09-03-05-15-00,3,0,3
2016-09-03-05-30-00,1,0,1
2016-09-03-05-45-00,0,0,0
2016-09-03-06-00-00,0,0,0
2016-09-03-06-15-00,4,4,0
2016-09-03-06-30-00,2,2,0
2016-09-03-06-45-00,3,1,2
2016-09-03-07-00-00,4,2,2
2016-09-03-07-15-00,6,4,2
2016-09-03-07-30-00,11,6,5
2016-09-03-07-45-00,4,3,1
2016-09-03-08-00-00,12,6,6
2016-09-03-08-15-00,10,4,6
2016-09-03-08-30-00,13,4,9
2016-09-03-08-45-00,14,5,9
2016-09-03-09-00-00,17,4,13
2016-09-03-09-15-00,12,5,7
2016-09-03-09-30-00,14,7,7
2016-09-03-09-45-00,22,8,14
2016-09-03-10-00-00,26,15,11
2016-09-03-10-15-00,51,26,25
2016-09-03-10-30-00,37,20,17
2016-09-03-10-45-00,61,17,44
2016-09-03-11-00-00,47,17,30
2016-09-03-11-15-00,58,26,32
2016-09-03-11-30-00,48,12,36
2016-09-03-11-45-00,74,35,39
2016-09-03-12-00-00,45,15,30
2016-09-03-12-15-00,46,23,23
2016-09-03-12-30-00,51,22,29
2016-09-03-12-45-00,60,29,31
2016-09-03-13-00-00,61,30,31
2016-09-03-13-15-00,54,29,25
2016-09-03-13-30-00,62,33,29
2016-09-03-13-45-00,63,29,34
2016-09-03-14-00-00,69,29,40
2016-09-03-14-15-00,82,49,33
2016-09-03-14-30-00,67,30,37
2016-09-03-14-45-00,74,29,45
2016-09-03-15-00-00,129,71,58
2016-09-03-15-15-00,82,43,39
2016-09-03-15-30-00,103,43,60
2016-09-03-15-45-00,70,44,26
2016-09-03-16-00-00,85,46,39
2016-09-03-16-15-00,93,60,33
2016-09-03-16-30-00,104,70,34
2016-09-03-16-45-00,113,58,55
2016-09-03-17-00-00,91,55,36
2016-09-03-17-15-00,118,62,56
2016-09-03-17-30-00,118,59,59
2016-09-03-17-45-00,114,70,44
2016-09-03-18-00-00,98,56,42
2016-09-03-18-15-00,79,45,34
2016-09-03-18-30-00,95,53,42
2016-09-03-18-45-00,98,52,46
2016-09-03-19-00-00,73,50,23
2016-09-03-19-15-00,80,38,42
2016-09-03-19-30-00,48,20,28
2016-09-03-19-45-00,60,43,17
2016-09-03-20-00-00,67,32,35
2016-09-03-20-15-00,44,24,20
2016-09-03-20-30-00,46,27,19
2016-09-03-20-45-00,29,18,11
2016-09-03-21-00-00,29,17,12
2016-09-03-21-15-00,14,9,5
2016-09-03-21-30-00,13,7,6
2016-09-03-21-45-00,14,9,5
2016-09-03-22-00-00,8,6,2
2016-09-03-22-15-00,32,21,11
2016-09-03-22-30-00,1,0,1
2016-09-03-22-45-00,23,8,15
2016-09-03-23-00-00,15,9,6
2016-09-03-23-15-00,9,5,4
2016-09-03-23-30-00,2,2,0
2016-09-03-23-45-00,6,4,2
2016-09-04-00-00-00,5,4,1
2016-09-04-00-15-00,8,4,4
2016-09-04-00-30-00,2,1,1
2016-09-04-00-45-00,6,5,1
2016-09-04-01-00-00,4,4,0
2016-09-04-01-15-00,1,0,1
2016-09-04-01-30-00,6,4,2
2016-09-04-01-45-00,2,0,2
2016-09-04-02-00-00,1,1,0
2016-09-04-02-15-00,2,0,2
2016-09-04-02-30-00,3,2,1
2016-09-04-02-45-00,7,4,3
2016-09-04-03-00-00,2,2,0
2016-09-04-03-15-00,0,0,0
2016-09-04-03-30-00,1,1,0
2016-09-04-03-45-00,1,0,1
2016-09-04-04-00-00,0,0,0
2016-09-04-04-15-00,2,2,0
2016-09-04-04-30-00,1,1,0
2016-09-04-04-45-00,0,0,0
2016-09-04-05-00-00,0,0,0
2016-09-04-05-15-00,0,0,0
2016-09-04-05-30-00,0,0,0
2016-09-04-05-45-00,1,1,0
2016-09-04-06-00-00,1,0,1
2016-09-04-06-15-00,1,0,1
2016-09-04-06-30-00,2,2,0
2016-09-04-06-45-00,1,1,0
2016-09-04-07-00-00,1,1,0
2016-09-04-07-15-00,0,0,0
2016-09-04-07-30-00,2,1,1
2016-09-04-07-45-00,0,0,0
2016-09-04-08-00-00,3,2,1
2016-09-04-08-15-00,1,0,1
2016-09-04-08-30-00,2,1,1
2016-09-04-08-45-00,3,2,1
2016-09-04-09-00-00,6,4,2
2016-09-04-09-15-00,9,5,4
2016-09-04-09-30-00,1,0,1
2016-09-04-09-45-00,5,0,5
2016-09-04-10-00-00,9,3,6
2016-09-04-10-15-00,11,1,10
2016-09-04-10-30-00,12,8,4
2016-09-04-10-45-00,13,10,3
2016-09-04-11-00-00,21,8,13
2016-09-04-11-15-00,31,17,14
2016-09-04-11-30-00,36,21,15
2016-09-04-11-45-00,33,22,11
2016-09-04-12-00-00,32,22,10
2016-09-04-12-15-00,41,19,22
2016-09-04-12-30-00,31,12,19
2016-09-04-12-45-00,11,6,5
2016-09-04-13-00-00,10,6,4
2016-09-04-13-15-00,14,11,3
2016-09-04-13-30-00,21,10,11
2016-09-04-13-45-00,22,15,7
2016-09-04-14-00-00,12,7,5
2016-09-04-14-15-00,19,9,10
2016-09-04-14-30-00,32,7,25
2016-09-04-14-45-00,13,9,4
2016-09-04-15-00-00,7,6,1
2016-09-04-15-15-00,36,22,14
2016-09-04-15-30-00,20,11,9
2016-09-04-15-45-00,12,0,12
2016-09-04-16-00-00,22,8,14
2016-09-04-16-15-00,28,14,14
2016-09-04-16-30-00,20,11,9
2016-09-04-16-45-00,40,18,22
2016-09-04-17-00-00,36,21,15
2016-09-04-17-15-00,42,22,20
2016-09-04-17-30-00,37,22,15
2016-09-04-17-45-00,23,11,12
2016-09-04-18-00-00,18,10,8
2016-09-04-18-15-00,39,20,19
2016-09-04-18-30-00,19,17,2
2016-09-04-18-45-00,16,7,9
2016-09-04-19-00-00,20,14,6
2016-09-04-19-15-00,5,4,1
2016-09-04-19-30-00,11,7,4
2016-09-04-19-45-00,13,6,7
2016-09-04-20-00-00,5,5,0
2016-09-04-20-15-00,8,5,3
2016-09-04-20-30-00,9,3,6
2016-09-04-20-45-00,9,0,9
2016-09-04-21-00-00,1,1,0
2016-09-04-21-15-00,3,3,0
2016-09-04-21-30-00,1,0,1
2016-09-04-21-45-00,1,1,0
2016-09-04-22-00-00,0,0,0
2016-09-04-22-15-00,0,0,0
2016-09-04-22-30-00,1,0,1
2016-09-04-22-45-00,1,1,0
2016-09-04-23-00-00,0,0,0
2016-09-04-23-15-00,0,0,0
2016-09-04-23-30-00,0,0,0
2016-09-04-23-45-00,1,0,1
2016-09-05-00-00-00,1,1,0
2016-09-05-00-15-00,0,0,0
2016-09-05-00-30-00,0,0,0
2016-09-05-00-45-00,0,0,0
2016-09-05-01-00-00,1,1,0
2016-09-05-01-15-00,0,0,0
2016-09-05-01-30-00,0,0,0
2016-09-05-01-45-00,0,0,0
2016-09-05-02-00-00,0,0,0
2016-09-05-02-15-00,0,0,0
2016-09-05-02-30-00,1,0,1
2016-09-05-02-45-00,0,0,0
2016-09-05-03-00-00,0,0,0
2016-09-05-03-15-00,0,0,0
2016-09-05-03-30-00,0,0,0
2016-09-05-03-45-00,0,0,0
2016-09-05-04-00-00,0,0,0
2016-09-05-04-15-00,0,0,0
2016-09-05-04-30-00,0,0,0
2016-09-05-04-45-00,0,0,0
2016-09-05-05-00-00,0,0,0
2016-09-05-05-15-00,2,1,1
2016-09-05-05-30-00,1,0,1
2016-09-05-05-45-00,5,2,3
2016-09-05-06-00-00,6,1,5
2016-09-05-06-15-00,8,4,4
2016-09-05-06-30-00,6,0,6
2016-09-05-06-45-00,16,13,3
2016-09-05-07-00-00,24,7,17
2016-09-05-07-15-00,39,12,27
2016-09-05-07-30-00,43,19,24
2016-09-05-07-45-00,47,18,29
2016-09-05-08-00-00,51,14,37
2016-09-05-08-15-00,45,10,35
2016-09-05-08-30-00,33,6,27
2016-09-05-08-45-00,39,6,33
2016-09-05-09-00-00,26,4,22
2016-09-05-09-15-00,26,10,16
2016-09-05-09-30-00,29,10,19
2016-09-05-09-45-00,15,7,8
2016-09-05-10-00-00,17,2,15
2016-09-05-10-15-00,10,7,3
2016-09-05-10-30-00,13,6,7
2016-09-05-10-45-00,12,5,7
2016-09-05-11-00-00,12,4,8
2016-09-05-11-15-00,14,6,8
2016-09-05-11-30-00,14,8,6
2016-09-05-11-45-00,9,6,3
2016-09-05-12-00-00,26,14,12
2016-09-05-12-15-00,22,10,12
2016-09-05-12-30-00,15,7,8
2016-09-05-12-45-00,15,7,8
2016-09-05-13-00-00,12,5,7
2016-09-05-13-15-00,22,10,12
2016-09-05-13-30-00,16,8,8
2016-09-05-13-45-00,28,15,13
2016-09-05-14-00-00,22,12,10
2016-09-05-14-15-00,26,16,10
2016-09-05-14-30-00,21,9,12
2016-09-05-14-45-00,24,10,14
2016-09-05-15-00-00,24,19,5
2016-09-05-15-15-00,26,13,13
2016-09-05-15-30-00,27,12,15
2016-09-05-15-45-00,44,28,16
2016-09-05-16-00-00,41,28,13
2016-09-05-16-15-00,39,22,17
2016-09-05-16-30-00,34,24,10
2016-09-05-16-45-00,53,33,20
2016-09-05-17-00-00,61,44,17
2016-09-05-17-15-00,59,44,15
2016-09-05-17-30-00,62,39,23
2016-09-05-17-45-00,60,43,17
2016-09-05-18-00-00,78,50,28
2016-09-05-18-15-00,65,34,31
2016-09-05-18-30-00,49,29,20
2016-09-05-18-45-00,56,27,29
2016-09-05-19-00-00,73,37,36
2016-09-05-19-15-00,39,20,19
2016-09-05-19-30-00,30,20,10
2016-09-05-19-45-00,45,30,15
2016-09-05-20-00-00,34,20,14
2016-09-05-20-15-00,11,4,7
2016-09-05-20-30-00,11,8,3
2016-09-05-20-45-00,14,6,8
2016-09-05-21-00-00,13,10,3
2016-09-05-21-15-00,6,4,2
2016-09-05-21-30-00,2,1,1
2016-09-05-21-45-00,4,1,3
2016-09-05-22-00-00,6,5,1
2016-09-05-22-15-00,3,2,1
2016-09-05-22-30-00,3,1,2
2016-09-05-22-45-00,1,1,0
2016-09-05-23-00-00,4,4,0
2016-09-05-23-15-00,0,0,0
2016-09-05-23-30-00,2,0,2
2016-09-05-23-45-00,3,0,3
2016-09-06-00-00-00,2,2,0
2016-09-06-00-15-00,0,0,0
2016-09-06-00-30-00,1,0,1
2016-09-06-00-45-00,5,3,2
2016-09-06-01-00-00,0,0,0
2016-09-06-01-15-00,0,0,0
2016-09-06-01-30-00,2,2,0
2016-09-06-01-45-00,1,0,1
2016-09-06-02-00-00,0,0,0
2016-09-06-02-15-00,0,0,0
2016-09-06-02-30-00,0,0,0
2016-09-06-02-45-00,0,0,0
2016-09-06-03-00-00,0,0,0
2016-09-06-03-15-00,0,0,0
2016-09-06-03-30-00,0,0,0
2016-09-06-03-45-00,0,0,0
2016-09-06-04-00-00,0,0,0
2016-09-06-04-15-00,0,0,0
2016-09-06-04-30-00,0,0,0
2016-09-06-04-45-00,0,0,0
2016-09-06-05-00-00,0,0,0
2016-09-06-05-15-00,1,0,1
2016-09-06-05-30-00,1,0,1
2016-09-06-05-45-00,6,2,4
2016-09-06-06-00-00,13,2,11
2016-09-06-06-15-00,11,4,7
2016-09-06-06-30-00,12,6,6
2016-09-06-06-45-00,19,8,11
2016-09-06-07-00-00,37,12,25
2016-09-06-07-15-00,48,9,39
2016-09-06-07-30-00,51,25,26
2016-09-06-07-45-00,78,15,63
2016-09-06-08-00-00,66,15,51
2016-09-06-08-15-00,55,14,41
2016-09-06-08-30-00,69,11,58
2016-09-06-08-45-00,47,9,38
2016-09-06-09-00-00,47,13,34
2016-09-06-09-15-00,19,7,12
2016-09-06-09-30-00,34,9,25
2016-09-06-09-45-00,29,12,17
2016-09-06-10-00-00,18,9,9
2016-09-06-10-15-00,33,15,18
2016-09-06-10-30-00,23,8,15
2016-09-06-10-45-00,35,21,14
2016-09-06-11-00-00,33,15,18
2016-09-06-11-15-00,34,21,13
2016-09-06-11-30-00,44,18,26
2016-09-06-11-45-00,46,18,28
2016-09-06-12-00-00,35,15,20
2016-09-06-12-15-00,38,15,23
2016-09-06-12-30-00,29,11,18
2016-09-06-12-45-00,46,19,27
2016-09-06-13-00-00,43,18,25
2016-09-06-13-15-00,44,22,22
2016-09-06-13-30-00,67,28,39
2016-09-06-13-45-00,58,24,34
2016-09-06-14-00-00,44,22,22
2016-09-06-14-15-00,48,26,22
2016-09-06-14-30-00,61,34,27
2016-09-06-14-45-00,59,34,25
2016-09-06-15-00-00,59,40,19
2016-09-06-15-15-00,57,30,27
2016-09-06-15-30-00,67,41,26
2016-09-06-15-45-00,70,50,20
2016-09-06-16-00-00,65,41,24
2016-09-06-16-15-00,86,53,33
2016-09-06-16-30-00,96,66,30
2016-09-06-16-45-00,98,68,30
2016-09-06-17-00-00,88,52,36
2016-09-06-17-15-00,106,78,28
2016-09-06-17-30-00,108,81,27
2016-09-06-17-45-00,100,66,34
2016-09-06-18-00-00,117,73,44
2016-09-06-18-15-00,111,64,47
2016-09-06-18-30-00,111,71,40
2016-09-06-18-45-00,114,69,45
2016-09-06-19-00-00,91,47,44
2016-09-06-19-15-00,74,44,30
2016-09-06-19-30-00,98,55,43
2016-09-06-19-45-00,81,52,29
2016-09-06-20-00-00,63,47,16
2016-09-06-20-15-00,60,35,25
2016-09-06-20-30-00,34,14,20
2016-09-06-20-45-00,35,20,15
2016-09-06-21-00-00,21,15,6
2016-09-06-21-15-00,18,8,10
2016-09-06-21-30-00,15,12,3
2016-09-06-21-45-00,10,2,8
2016-09-06-22-00-00,18,14,4
2016-09-06-22-15-00,6,5,1
2016-09-06-22-30-00,5,1,4
2016-09-06-22-45-00,3,2,1
2016-09-06-23-00-00,0,0,0
2016-09-06-23-15-00,1,1,0
2016-09-06-23-30-00,3,2,1
2016-09-06-23-45-00,2,0,2
2016-09-07-00-00-00,1,0,1
2016-09-07-00-15-00,0,0,0
2016-09-07-00-30-00,1,0,1
2016-09-07-00-45-00,0,0,0
2016-09-07-01-00-00,2,2,0
2016-09-07-01-15-00,0,0,0
2016-09-07-01-30-00,0,0,0
2016-09-07-01-45-00,0,0,0
2016-09-07-02-00-00,0,0,0
2016-09-07-02-15-00,0,0,0
2016-09-07-02-30-00,0,0,0
2016-09-07-02-45-00,0,0,0
2016-09-07-03-00-00,0,0,0
2016-09-07-03-15-00,0,0,0
2016-09-07-03-30-00,0,0,0
2016-09-07-03-45-00,0,0,0
2016-09-07-04-00-00,0,0,0
2016-09-07-04-15-00,0,0,0
2016-09-07-04-30-00,0,0,0
2016-09-07-04-45-00,0,0,0
2016-09-07-05-00-00,0,0,0
2016-09-07-05-15-00,0,0,0
2016-09-07-05-30-00,0,0,0
2016-09-07-05-45-00,5,3,2
2016-09-07-06-00-00,12,2,10
2016-09-07-06-15-00,9,6,3
2016-09-07-06-30-00,14,3,11
2016-09-07-06-45-00,24,8,16
2016-09-07-07-00-00,33,9,24
2016-09-07-07-15-00,55,16,39
2016-09-07-07-30-00,54,21,33
2016-09-07-07-45-00,67,12,55
2016-09-07-08-00-00,71,14,57
2016-09-07-08-15-00,58,14,44
2016-09-07-08-30-00,65,28,37
2016-09-07-08-45-00,53,8,45
2016-09-07-09-00-00,50,8,42
2016-09-07-09-15-00,23,7,16
2016-09-07-09-30-00,48,23,25
2016-09-07-09-45-00,30,9,21
2016-09-07-10-00-00,35,17,18
2016-09-07-10-15-00,27,12,15
2016-09-07-10-30-00,37,13,24
2016-09-07-10-45-00,38,17,21
2016-09-07-11-00-00,31,10,21
2016-09-07-11-15-00,41,17,24
2016-09-07-11-30-00,39,17,22
2016-09-07-11-45-00,47,23,24
2016-09-07-12-00-00,39,9,30
2016-09-07-12-15-00,32,13,19
2016-09-07-12-30-00,54,23,31
2016-09-07-12-45-00,64,40,24
2016-09-07-13-00-00,60,24,36
2016-09-07-13-15-00,58,38,20
2016-09-07-13-30-00,49,18,31
2016-09-07-13-45-00,32,19,13
2016-09-07-14-00-00,68,28,40
2016-09-07-14-15-00,67,38,29
2016-09-07-14-30-00,85,41,44
2016-09-07-14-45-00,60,34,26
2016-09-07-15-00-00,48,32,16
2016-09-07-15-15-00,74,36,38
2016-09-07-15-30-00,75,41,34
2016-09-07-15-45-00,64,37,27
2016-09-07-16-00-00,73,50,23
2016-09-07-16-15-00,112,75,37
2016-09-07-16-30-00,80,46,34
2016-09-07-16-45-00,86,57,29
2016-09-07-17-00-00,134,87,47
2016-09-07-17-15-00,91,54,37
2016-09-07-17-30-00,105,69,36
2016-09-07-17-45-00,98,74,24
2016-09-07-18-00-00,118,78,40
2016-09-07-18-15-00,126,74,52
2016-09-07-18-30-00,137,79,58
2016-09-07-18-45-00,106,68,38
2016-09-07-19-00-00,115,72,43
2016-09-07-19-15-00,80,49,31
2016-09-07-19-30-00,75,40,35
2016-09-07-19-45-00,79,49,30
2016-09-07-20-00-00,53,36,17
2016-09-07-20-15-00,53,31,22
2016-09-07-20-30-00,43,35,8
2016-09-07-20-45-00,34,24,10
2016-09-07-21-00-00,59,33,26
2016-09-07-21-15-00,16,12,4
2016-09-07-21-30-00,25,11,14
2016-09-07-21-45-00,14,6,8
2016-09-07-22-00-00,11,9,2
2016-09-07-22-15-00,15,10,5
2016-09-07-22-30-00,12,4,8
2016-09-07-22-45-00,12,9,3
2016-09-07-23-00-00,5,4,1
2016-09-07-23-15-00,5,0,5
2016-09-07-23-30-00,2,2,0
2016-09-07-23-45-00,0,0,0
2016-09-08-00-00-00,0,0,0
2016-09-08-00-15-00,1,1,0
2016-09-08-00-30-00,3,1,2
2016-09-08-00-45-00,2,2,0
2016-09-08-01-00-00,0,0,0
2016-09-08-01-15-00,1,0,1
2016-09-08-01-30-00,1,0,1
2016-09-08-01-45-00,0,0,0
2016-09-08-02-00-00,0,0,0
2016-09-08-02-15-00,0,0,0
2016-09-08-02-30-00,0,0,0
2016-09-08-02-45-00,0,0,0
2016-09-08-03-00-00,0,0,0
2016-09-08-03-15-00,0,0,0
2016-09-08-03-30-00,0,0,0
2016-09-08-03-45-00,1,1,0
2016-09-08-04-00-00,0,0,0
2016-09-08-04-15-00,0,0,0
2016-09-08-04-30-00,0,0,0
2016-09-08-04-45-00,0,0,0
2016-09-08-05-00-00,1,0,1
2016-09-08-05-15-00,0,0,0
2016-09-08-05-30-00,4,2,2
2016-09-08-05-45-00,6,3,3
2016-09-08-06-00-00,5,2,3
2016-09-08-06-15-00,3,2,1
2016-09-08-06-30-00,10,3,7
2016-09-08-06-45-00,20,8,12
2016-09-08-07-00-00,23,4,19
2016-09-08-07-15-00,48,13,35
2016-09-08-07-30-00,52,21,31
2016-09-08-07-45-00,79,19,60
2016-09-08-08-00-00,61,16,45
2016-09-08-08-15-00,62,12,50
2016-09-08-08-30-00,61,12,49
2016-09-08-08-45-00,56,13,43
2016-09-08-09-00-00,36,6,30
2016-09-08-09-15-00,24,4,20
2016-09-08-09-30-00,28,14,14
2016-09-08-09-45-00,45,20,25
2016-09-08-10-00-00,33,13,20
2016-09-08-10-15-00,34,10,24
2016-09-08-10-30-00,37,12,25
2016-09-08-10-45-00,43,17,26
2016-09-08-11-00-00,38,19,19
2016-09-08-11-15-00,30,14,16
2016-09-08-11-30-00,53,30,23
2016-09-08-11-45-00,38,15,23
2016-09-08-12-00-00,37,15,22
2016-09-08-12-15-00,50,28,22
2016-09-08-12-30-00,52,22,30
2016-09-08-12-45-00,43,18,25
2016-09-08-13-00-00,53,33,20
2016-09-08-13-15-00,50,31,19
2016-09-08-13-30-00,51,36,15
2016-09-08-13-45-00,44,19,25
2016-09-08-14-00-00,47,28,19
2016-09-08-14-15-00,69,39,30
2016-09-08-14-30-00,48,27,21
2016-09-08-14-45-00,45,26,19
2016-09-08-15-00-00,68,36,32
2016-09-08-15-15-00,61,34,27
2016-09-08-15-30-00,62,25,37
2016-09-08-15-45-00,83,46,37
2016-09-08-16-00-00,78,40,38
2016-09-08-16-15-00,100,63,37
2016-09-08-16-30-00,95,43,52
2016-09-08-16-45-00,132,65,67
2016-09-08-17-00-00,102,49,53
2016-09-08-17-15-00,121,57,64
2016-09-08-17-30-00,93,56,37
2016-09-08-17-45-00,95,57,38
2016-09-08-18-00-00,94,65,29
2016-09-08-18-15-00,88,44,44
2016-09-08-18-30-00,85,55,30
2016-09-08-18-45-00,103,56,47
2016-09-08-19-00-00,99,62,37
2016-09-08-19-15-00,95,54,41
2016-09-08-19-30-00,107,70,37
2016-09-08-19-45-00,105,79,26
2016-09-08-20-00-00,79,53,26
2016-09-08-20-15-00,63,45,18
2016-09-08-20-30-00,73,48,25
2016-09-08-20-45-00,40,29,11
2016-09-08-21-00-00,28,26,2
2016-09-08-21-15-00,26,13,13
2016-09-08-21-30-00,25,13,12
2016-09-08-21-45-00,13,10,3
2016-09-08-22-00-00,14,10,4
2016-09-08-22-15-00,14,11,3
2016-09-08-22-30-00,14,6,8
2016-09-08-22-45-00,11,8,3
2016-09-08-23-00-00,6,0,6
2016-09-08-23-15-00,4,0,4
2016-09-08-23-30-00,1,1,0
2016-09-08-23-45-00,3,1,2
2016-09-09-00-00-00,0,0,0
2016-09-09-00-15-00,3,3,0
2016-09-09-00-30-00,1,1,0
2016-09-09-00-45-00,0,0,0
2016-09-09-01-00-00,5,4,1
2016-09-09-01-15-00,2,2,0
2016-09-09-01-30-00,2,2,0
2016-09-09-01-45-00,0,0,0
2016-09-09-02-00-00,0,0,0
2016-09-09-02-15-00,0,0,0
2016-09-09-02-30-00,0,0,0
2016-09-09-02-45-00,0,0,0
2016-09-09-03-00-00,0,0,0
2016-09-09-03-15-00,0,0,0
2016-09-09-03-30-00,0,0,0
2016-09-09-03-45-00,0,0,0
2016-09-09-04-00-00,0,0,0
2016-09-09-04-15-00,0,0,0
2016-09-09-04-30-00,0,0,0
2016-09-09-04-45-00,1,0,1
2016-09-09-05-00-00,0,0,0
2016-09-09-05-15-00,2,0,2
2016-09-09-05-30-00,1,1,0
2016-09-09-05-45-00,6,3,3
2016-09-09-06-00-00,4,0,4
2016-09-09-06-15-00,4,1,3
2016-09-09-06-30-00,15,6,9
2016-09-09-06-45-00,13,5,8
2016-09-09-07-00-00,26,8,18
2016-09-09-07-15-00,47,15,32
2016-09-09-07-30-00,53,20,33
2016-09-09-07-45-00,59,13,46
2016-09-09-08-00-00,60,16,44
2016-09-09-08-15-00,51,9,42
2016-09-09-08-30-00,59,18,41
2016-09-09-08-45-00,48,14,34
2016-09-09-09-00-00,29,9,20
2016-09-09-09-15-00,30,14,16
2016-09-09-09-30-00,25,7,18
2016-09-09-09-45-00,23,10,13
2016-09-09-10-00-00,22,13,9
2016-09-09-10-15-00,19,11,8
2016-09-09-10-30-00,34,15,19
2016-09-09-10-45-00,32,14,18
2016-09-09-11-00-00,40,21,19
2016-09-09-11-15-00,38,19,19
2016-09-09-11-30-00,27,10,17
2016-09-09-11-45-00,37,23,14
2016-09-09-12-00-00,51,21,30
2016-09-09-12-15-00,57,34,23
2016-09-09-12-30-00,47,20,27
2016-09-09-12-45-00,34,20,14
2016-09-09-13-00-00,40,25,15
2016-09-09-13-15-00,41,18,23
2016-09-09-13-30-00,50,26,24
2016-09-09-13-45-00,43,31,12
2016-09-09-14-00-00,58,31,27
2016-09-09-14-15-00,61,38,23
2016-09-09-14-30-00,60,36,24
2016-09-09-14-45-00,80,47,33
2016-09-09-15-00-00,53,36,17
2016-09-09-15-15-00,58,30,28
2016-09-09-15-30-00,60,34,26
2016-09-09-15-45-00,69,41,28
2016-09-09-16-00-00,75,44,31
2016-09-09-16-15-00,76,37,39
2016-09-09-16-30-00,102,55,47
2016-09-09-16-45-00,70,40,30
2016-09-09-17-00-00,77,41,36
2016-09-09-17-15-00,59,40,19
2016-09-09-17-30-00,82,52,30
2016-09-09-17-45-00,65,39,26
2016-09-09-18-00-00,90,51,39
2016-09-09-18-15-00,98,70,28
2016-09-09-18-30-00,80,46,34
2016-09-09-18-45-00,72,39,33
2016-09-09-19-00-00,70,43,27
2016-09-09-19-15-00,65,43,22
2016-09-09-19-30-00,60,28,32
2016-09-09-19-45-00,59,31,28
2016-09-09-20-00-00,45,29,16
2016-09-09-20-15-00,40,25,15
2016-09-09-20-30-00,28,15,13
2016-09-09-20-45-00,28,21,7
2016-09-09-21-00-00,12,7,5
2016-09-09-21-15-00,10,5,5
2016-09-09-21-30-00,3,2,1
2016-09-09-21-45-00,11,8,3
2016-09-09-22-00-00,13,9,4
2016-09-09-22-15-00,7,4,3
2016-09-09-22-30-00,13,6,7
2016-09-09-22-45-00,5,5,0
2016-09-09-23-00-00,0,0,0
2016-09-09-23-15-00,3,0,3
2016-09-09-23-30-00,4,1,3
2016-09-09-23-45-00,2,2,0
2016-09-10-00-00-00,3,0,3
2016-09-10-00-15-00,2,1,1
2016-09-10-00-30-00,1,1,0
2016-09-10-00-45-00,3,3,0
2016-09-10-01-00-00,1,0,1
2016-09-10-01-15-00,2,0,2
2016-09-10-01-30-00,2,0,2
2016-09-10-01-45-00,0,0,0
2016-09-10-02-00-00,0,0,0
2016-09-10-02-15-00,0,0,0
2016-09-10-02-30-00,1,1,0
2016-09-10-02-45-00,0,0,0
2016-09-10-03-00-00,4,0,4
2016-09-10-03-15-00,1,0,1
2016-09-10-03-30-00,0,0,0
2016-09-10-03-45-00,4,0,4
2016-09-10-04-00-00,1,0,1
2016-09-10-04-15-00,0,0,0
2016-09-10-04-30-00,0,0,0
2016-09-10-04-45-00,0,0,0
2016-09-10-05-00-00,1,0,1
2016-09-10-05-15-00,0,0,0
2016-09-10-05-30-00,0,0,0
2016-09-10-05-45-00,2,1,1
2016-09-10-06-00-00,2,1,1
2016-09-10-06-15-00,3,2,1
2016-09-10-06-30-00,1,1,0
2016-09-10-06-45-00,2,0,2
2016-09-10-07-00-00,4,2,2
2016-09-10-07-15-00,1,0,1
2016-09-10-07-30-00,7,5,2
2016-09-10-07-45-00,3,3,0
2016-09-10-08-00-00,14,8,6
2016-09-10-08-15-00,17,12,5
2016-09-10-08-30-00,25,11,14
2016-09-10-08-45-00,21,9,12
2016-09-10-09-00-00,28,15,13
2016-09-10-09-15-00,23,14,9
2016-09-10-09-30-00,32,16,16
2016-09-10-09-45-00,19,12,7
2016-09-10-10-00-00,32,10,22
2016-09-10-10-15-00,36,21,15
2016-09-10-10-30-00,60,43,17
2016-09-10-10-45-00,39,19,20
2016-09-10-11-00-00,45,19,26
2016-09-10-11-15-00,63,18,45
2016-09-10-11-30-00,62,30,32
2016-09-10-11-45-00,77,29,48
2016-09-10-12-00-00,58,23,35
2016-09-10-12-15-00,59,25,34
2016-09-10-12-30-00,83,39,44
2016-09-10-12-45-00,53,20,33
2016-09-10-13-00-00,78,20,58
2016-09-10-13-15-00,84,39,45
2016-09-10-13-30-00,65,31,34
2016-09-10-13-45-00,59,30,29
2016-09-10-14-00-00,64,32,32
2016-09-10-14-15-00,97,36,61
2016-09-10-14-30-00,93,50,43
2016-09-10-14-45-00,114,78,36
2016-09-10-15-00-00,98,44,54
2016-09-10-15-15-00,87,43,44
2016-09-10-15-30-00,91,55,36
2016-09-10-15-45-00,72,36,36
2016-09-10-16-00-00,75,47,28
2016-09-10-16-15-00,115,67,48
2016-09-10-16-30-00,70,41,29
2016-09-10-16-45-00,80,44,36
2016-09-10-17-00-00,89,51,38
2016-09-10-17-15-00,99,47,52
2016-09-10-17-30-00,92,46,46
2016-09-10-17-45-00,90,43,47
2016-09-10-18-00-00,80,47,33
2016-09-10-18-15-00,67,39,28
2016-09-10-18-30-00,72,44,28
2016-09-10-18-45-00,79,39,40
2016-09-10-19-00-00,74,58,16
2016-09-10-19-15-00,77,44,33
2016-09-10-19-30-00,75,55,20
2016-09-10-19-45-00,40,22,18
2016-09-10-20-00-00,42,25,17
2016-09-10-20-15-00,42,29,13
2016-09-10-20-30-00,23,9,14
2016-09-10-20-45-00,19,17,2
2016-09-10-21-00-00,20,9,11
2016-09-10-21-15-00,6,4,2
2016-09-10-21-30-00,8,4,4
2016-09-10-21-45-00,9,5,4
2016-09-10-22-00-00,9,6,3
2016-09-10-22-15-00,14,5,9
2016-09-10-22-30-00,5,0,5
2016-09-10-22-45-00,8,6,2
2016-09-10-23-00-00,5,4,1
2016-09-10-23-15-00,13,2,11
2016-09-10-23-30-00,1,0,1
2016-09-10-23-45-00,3,0,3
2016-09-11-00-00-00,4,1,3
2016-09-11-00-15-00,8,1,7
2016-09-11-00-30-00,1,0,1
2016-09-11-00-45-00,3,1,2
2016-09-11-01-00-00,1,0,1
2016-09-11-01-15-00,3,2,1
2016-09-11-01-30-00,2,0,2
2016-09-11-01-45-00,1,0,1
2016-09-11-02-00-00,2,1,1
2016-09-11-02-15-00,0,0,0
2016-09-11-02-30-00,0,0,0
2016-09-11-02-45-00,3,1,2
2016-09-11-03-00-00,1,0,1
2016-09-11-03-15-00,0,0,0
2016-09-11-03-30-00,0,0,0
2016-09-11-03-45-00,0,0,0
2016-09-11-04-00-00,0,0,0
2016-09-11-04-15-00,1,1,0
2016-09-11-04-30-00,0,0,0
2016-09-11-04-45-00,0,0,0
2016-09-11-05-00-00,1,1,0
2016-09-11-05-15-00,0,0,0
2016-09-11-05-30-00,0,0,0
2016-09-11-05-45-00,0,0,0
2016-09-11-06-00-00,2,1,1
2016-09-11-06-15-00,0,0,0
2016-09-11-06-30-00,0,0,0
2016-09-11-06-45-00,2,0,2
2016-09-11-07-00-00,4,2,2
2016-09-11-07-15-00,5,1,4
2016-09-11-07-30-00,3,0,3
2016-09-11-07-45-00,8,4,4
2016-09-11-08-00-00,5,2,3
2016-09-11-08-15-00,14,6,8
2016-09-11-08-30-00,12,7,5
2016-09-11-08-45-00,20,10,10
2016-09-11-09-00-00,26,16,10
2016-09-11-09-15-00,40,22,18
2016-09-11-09-30-00,28,9,19
2016-09-11-09-45-00,31,18,13
2016-09-11-10-00-00,37,17,20
2016-09-11-10-15-00,65,25,40
2016-09-11-10-30-00,50,8,42
2016-09-11-10-45-00,57,30,27
2016-09-11-11-00-00,62,35,27
2016-09-11-11-15-00,57,26,31
2016-09-11-11-30-00,89,41,48
2016-09-11-11-45-00,69,31,38
2016-09-11-12-00-00,50,23,27
2016-09-11-12-15-00,72,31,41
2016-09-11-12-30-00,75,31,44
2016-09-11-12-45-00,96,46,50
2016-09-11-13-00-00,92,42,50
2016-09-11-13-15-00,84,41,43
2016-09-11-13-30-00,75,49,26
2016-09-11-13-45-00,103,42,61
2016-09-11-14-00-00,97,51,46
2016-09-11-14-15-00,129,46,83
2016-09-11-14-30-00,100,51,49
2016-09-11-14-45-00,73,43,30
2016-09-11-15-00-00,99,53,46
2016-09-11-15-15-00,99,53,46
2016-09-11-15-30-00,130,80,50
2016-09-11-15-45-00,108,58,50
2016-09-11-16-00-00,115,73,42
2016-09-11-16-15-00,121,63,58
2016-09-11-16-30-00,106,67,39
2016-09-11-16-45-00,102,57,45
2016-09-11-17-00-00,98,53,45
2016-09-11-17-15-00,84,49,35
2016-09-11-17-30-00,82,42,40
2016-09-11-17-45-00,96,68,28
2016-09-11-18-00-00,77,38,39
2016-09-11-18-15-00,72,43,29
2016-09-11-18-30-00,75,42,33
2016-09-11-18-45-00,78,37,41
2016-09-11-19-00-00,62,45,17
2016-09-11-19-15-00,59,36,23
2016-09-11-19-30-00,35,17,18
2016-09-11-19-45-00,45,39,6
2016-09-11-20-00-00,43,32,11
2016-09-11-20-15-00,29,20,9
2016-09-11-20-30-00,27,12,15
2016-09-11-20-45-00,14,10,4
2016-09-11-21-00-00,11,9,2
2016-09-11-21-15-00,8,3,5
2016-09-11-21-30-00,3,2,1
2016-09-11-21-45-00,6,4,2
2016-09-11-22-00-00,6,2,4
2016-09-11-22-15-00,7,2,5
2016-09-11-22-30-00,2,2,0
2016-09-11-22-45-00,2,0,2
2016-09-11-23-00-00,3,2,1
2016-09-11-23-15-00,2,1,1
2016-09-11-23-30-00,2,2,0
2016-09-11-23-45-00,0,0,0
2016-09-12-00-00-00,0,0,0
2016-09-12-00-15-00,0,0,0
2016-09-12-00-30-00,1,0,1
2016-09-12-00-45-00,0,0,0
2016-09-12-01-00-00,2,2,0
2016-09-12-01-15-00,0,0,0
2016-09-12-01-30-00,0,0,0
2016-09-12-01-45-00,0,0,0
2016-09-12-02-00-00,0,0,0
2016-09-12-02-15-00,1,0,1
2016-09-12-02-30-00,0,0,0
2016-09-12-02-45-00,0,0,0
2016-09-12-03-00-00,1,1,0
2016-09-12-03-15-00,1,0,1
2016-09-12-03-30-00,0,0,0
2016-09-12-03-45-00,0,0,0
2016-09-12-04-00-00,0,0,0
2016-09-12-04-15-00,0,0,0
2016-09-12-04-30-00,0,0,0
2016-09-12-04-45-00,0,0,0
2016-09-12-05-00-00,2,1,1
2016-09-12-05-15-00,1,0,1
2016-09-12-05-30-00,1,1,0
2016-09-12-05-45-00,4,2,2
2016-09-12-06-00-00,4,0,4
2016-09-12-06-15-00,11,6,5
2016-09-12-06-30-00,15,3,12
2016-09-12-06-45-00,16,3,13
2016-09-12-07-00-00,37,9,28
2016-09-12-07-15-00,50,11,39
2016-09-12-07-30-00,53,26,27
2016-09-12-07-45-00,53,15,38
2016-09-12-08-00-00,66,14,52
2016-09-12-08-15-00,81,17,64
2016-09-12-08-30-00,55,13,42
2016-09-12-08-45-00,59,11,48
2016-09-12-09-00-00,53,19,34
2016-09-12-09-15-00,27,9,18
2016-09-12-09-30-00,37,16,21
2016-09-12-09-45-00,30,15,15
2016-09-12-10-00-00,24,10,14
2016-09-12-10-15-00,23,11,12
2016-09-12-10-30-00,25,18,7
2016-09-12-10-45-00,32,7,25
2016-09-12-11-00-00,29,10,19
2016-09-12-11-15-00,38,17,21
2016-09-12-11-30-00,46,20,26
2016-09-12-11-45-00,47,20,27
2016-09-12-12-00-00,33,16,17
2016-09-12-12-15-00,40,24,16
2016-09-12-12-30-00,32,16,16
2016-09-12-12-45-00,39,18,21
2016-09-12-13-00-00,44,23,21
2016-09-12-13-15-00,45,18,27
2016-09-12-13-30-00,40,19,21
2016-09-12-13-45-00,28,14,14
2016-09-12-14-00-00,50,25,25
2016-09-12-14-15-00,44,27,17
2016-09-12-14-30-00,54,22,32
2016-09-12-14-45-00,44,29,15
2016-09-12-15-00-00,36,26,10
2016-09-12-15-15-00,50,31,19
2016-09-12-15-30-00,62,50,12
2016-09-12-15-45-00,48,33,15
2016-09-12-16-00-00,64,36,28
2016-09-12-16-15-00,81,55,26
2016-09-12-16-30-00,59,39,20
2016-09-12-16-45-00,82,56,26
2016-09-12-17-00-00,89,55,34
2016-09-12-17-15-00,89,65,24
2016-09-12-17-30-00,88,66,22
2016-09-12-17-45-00,79,54,25
2016-09-12-18-00-00,72,42,30
2016-09-12-18-15-00,90,59,31
2016-09-12-18-30-00,59,37,22
2016-09-12-18-45-00,67,44,23
2016-09-12-19-00-00,79,48,31
2016-09-12-19-15-00,76,36,40
2016-09-12-19-30-00,69,36,33
2016-09-12-19-45-00,58,35,23
2016-09-12-20-00-00,40,25,15
2016-09-12-20-15-00,40,21,19
2016-09-12-20-30-00,22,15,7
2016-09-12-20-45-00,16,9,7
2016-09-12-21-00-00,16,7,9
2016-09-12-21-15-00,12,11,1
2016-09-12-21-30-00,11,7,4
2016-09-12-21-45-00,16,7,9
2016-09-12-22-00-00,5,1,4
2016-09-12-22-15-00,10,1,9
2016-09-12-22-30-00,0,0,0
2016-09-12-22-45-00,4,2,2
2016-09-12-23-00-00,5,3,2
2016-09-12-23-15-00,2,1,1
2016-09-12-23-30-00,1,1,0
2016-09-12-23-45-00,0,0,0
2016-09-13-00-00-00,3,0,3
2016-09-13-00-15-00,0,0,0
2016-09-13-00-30-00,1,0,1
2016-09-13-00-45-00,1,1,0
2016-09-13-01-00-00,2,1,1
2016-09-13-01-15-00,2,0,2
2016-09-13-01-30-00,1,1,0
2016-09-13-01-45-00,0,0,0
2016-09-13-02-00-00,1,0,1
2016-09-13-02-15-00,0,0,0
2016-09-13-02-30-00,0,0,0
2016-09-13-02-45-00,0,0,0
2016-09-13-03-00-00,0,0,0
2016-09-13-03-15-00,0,0,0
2016-09-13-03-30-00,0,0,0
2016-09-13-03-45-00,1,1,0
2016-09-13-04-00-00,0,0,0
2016-09-13-04-15-00,0,0,0
2016-09-13-04-30-00,0,0,0
2016-09-13-04-45-00,0,0,0
2016-09-13-05-00-00,0,0,0
2016-09-13-05-15-00,1,0,1
2016-09-13-05-30-00,1,1,0
2016-09-13-05-45-00,9,3,6
2016-09-13-06-00-00,5,2,3
2016-09-13-06-15-00,7,2,5
2016-09-13-06-30-00,17,4,13
2016-09-13-06-45-00,21,6,15
2016-09-13-07-00-00,32,11,21
2016-09-13-07-15-00,61,18,43
2016-09-13-07-30-00,63,23,40
2016-09-13-07-45-00,66,14,52
2016-09-13-08-00-00,73,16,57
2016-09-13-08-15-00,71,22,49
2016-09-13-08-30-00,72,14,58
2016-09-13-08-45-00,61,13,48
2016-09-13-09-00-00,42,9,33
2016-09-13-09-15-00,41,16,25
2016-09-13-09-30-00,26,13,13
2016-09-13-09-45-00,28,10,18
2016-09-13-10-00-00,36,13,23
2016-09-13-10-15-00,31,14,17
2016-09-13-10-30-00,37,17,20
2016-09-13-10-45-00,53,18,35
2016-09-13-11-00-00,22,8,14
2016-09-13-11-15-00,40,21,19
2016-09-13-11-30-00,33,9,24
2016-09-13-11-45-00,54,30,24
2016-09-13-12-00-00,42,15,27
2016-09-13-12-15-00,45,25,20
2016-09-13-12-30-00,39,14,25
2016-09-13-12-45-00,37,18,19
2016-09-13-13-00-00,46,22,24
2016-09-13-13-15-00,37,21,16
2016-09-13-13-30-00,26,5,21
2016-09-13-13-45-00,50,30,20
2016-09-13-14-00-00,39,24,15
2016-09-13-14-15-00,48,26,22
2016-09-13-14-30-00,47,22,25
2016-09-13-14-45-00,45,33,12
2016-09-13-15-00-00,34,20,14
2016-09-13-15-15-00,54,36,18
2016-09-13-15-30-00,71,40,31
2016-09-13-15-45-00,55,37,18
2016-09-13-16-00-00,53,30,23
2016-09-13-16-15-00,88,53,35
2016-09-13-16-30-00,63,50,13
2016-09-13-16-45-00,100,81,19
2016-09-13-17-00-00,73,56,17
2016-09-13-17-15-00,91,61,30
2016-09-13-17-30-00,105,59,46
2016-09-13-17-45-00,82,49,33
2016-09-13-18-00-00,73,46,27
2016-09-13-18-15-00,92,53,39
2016-09-13-18-30-00,83,54,29
2016-09-13-18-45-00,62,45,17
2016-09-13-19-00-00,66,45,21
2016-09-13-19-15-00,117,72,45
2016-09-13-19-30-00,74,42,32
2016-09-13-19-45-00,79,53,26
2016-09-13-20-00-00,46,25,21
2016-09-13-20-15-00,39,30,9
2016-09-13-20-30-00,22,13,9
2016-09-13-20-45-00,12,6,6
2016-09-13-21-00-00,23,17,6
2016-09-13-21-15-00,9,6,3
2016-09-13-21-30-00,10,7,3
2016-09-13-21-45-00,18,13,5
2016-09-13-22-00-00,6,0,6
2016-09-13-22-15-00,10,5,5
2016-09-13-22-30-00,9,4,5
2016-09-13-22-45-00,2,2,0
2016-09-13-23-00-00,4,2,2
2016-09-13-23-15-00,3,1,2
2016-09-13-23-30-00,0,0,0
2016-09-13-23-45-00,1,0,1
2016-09-14-00-00-00,1,1,0
2016-09-14-00-15-00,2,2,0
2016-09-14-00-30-00,0,0,0
2016-09-14-00-45-00,0,0,0
2016-09-14-01-00-00,1,0,1
2016-09-14-01-15-00,1,1,0
2016-09-14-01-30-00,0,0,0
2016-09-14-01-45-00,1,0,1
2016-09-14-02-00-00,0,0,0
2016-09-14-02-15-00,0,0,0
2016-09-14-02-30-00,1,0,1
2016-09-14-02-45-00,0,0,0
2016-09-14-03-00-00,0,0,0
2016-09-14-03-15-00,0,0,0
2016-09-14-03-30-00,0,0,0
2016-09-14-03-45-00,0,0,0
2016-09-14-04-00-00,0,0,0
2016-09-14-04-15-00,0,0,0
2016-09-14-04-30-00,1,0,1
2016-09-14-04-45-00,0,0,0
2016-09-14-05-00-00,0,0,0
2016-09-14-05-15-00,0,0,0
2016-09-14-05-30-00,1,1,0
2016-09-14-05-45-00,4,2,2
2016-09-14-06-00-00,5,1,4
2016-09-14-06-15-00,11,5,6
2016-09-14-06-30-00,12,1,11
2016-09-14-06-45-00,14,4,10
2016-09-14-07-00-00,34,11,23
2016-09-14-07-15-00,63,15,48
2016-09-14-07-30-00,65,25,40
2016-09-14-07-45-00,68,20,48
2016-09-14-08-00-00,71,18,53
2016-09-14-08-15-00,72,13,59
2016-09-14-08-30-00,75,14,61
2016-09-14-08-45-00,51,12,39
2016-09-14-09-00-00,47,8,39
2016-09-14-09-15-00,38,9,29
2016-09-14-09-30-00,41,20,21
2016-09-14-09-45-00,50,15,35
2016-09-14-10-00-00,43,19,24
2016-09-14-10-15-00,27,12,15
2016-09-14-10-30-00,28,16,12
2016-09-14-10-45-00,41,18,23
2016-09-14-11-00-00,47,14,33
2016-09-14-11-15-00,41,20,21
2016-09-14-11-30-00,46,19,27
2016-09-14-11-45-00,31,13,18
2016-09-14-12-00-00,27,13,14
2016-09-14-12-15-00,53,23,30
2016-09-14-12-30-00,37,23,14
2016-09-14-12-45-00,42,21,21
2016-09-14-13-00-00,49,29,20
2016-09-14-13-15-00,62,28,34
2016-09-14-13-30-00,46,25,21
2016-09-14-13-45-00,41,26,15
2016-09-14-14-00-00,37,20,17
2016-09-14-14-15-00,50,29,21
2016-09-14-14-30-00,40,25,15
2016-09-14-14-45-00,42,29,13
2016-09-14-15-00-00,41,24,17
2016-09-14-15-15-00,35,27,8
2016-09-14-15-30-00,57,37,20
2016-09-14-15-45-00,54,29,25
2016-09-14-16-00-00,80,56,24
2016-09-14-16-15-00,63,39,24
2016-09-14-16-30-00,42,28,14
2016-09-14-16-45-00,73,55,18
2016-09-14-17-00-00,76,51,25
2016-09-14-17-15-00,109,73,36
2016-09-14-17-30-00,86,57,29
2016-09-14-17-45-00,94,56,38
2016-09-14-18-00-00,85,56,29
2016-09-14-18-15-00,90,69,21
2016-09-14-18-30-00,98,60,38
2016-09-14-18-45-00,106,52,54
2016-09-14-19-00-00,104,45,59
2016-09-14-19-15-00,85,47,38
2016-09-14-19-30-00,84,50,34
2016-09-14-19-45-00,78,56,22
2016-09-14-20-00-00,52,29,23
2016-09-14-20-15-00,49,23,26
2016-09-14-20-30-00,21,14,7
2016-09-14-20-45-00,29,22,7
2016-09-14-21-00-00,22,15,7
2016-09-14-21-15-00,21,12,9
2016-09-14-21-30-00,30,19,11
2016-09-14-21-45-00,23,17,6
2016-09-14-22-00-00,18,12,6
2016-09-14-22-15-00,11,8,3
2016-09-14-22-30-00,4,3,1
2016-09-14-22-45-00,9,4,5
2016-09-14-23-00-00,14,9,5
2016-09-14-23-15-00,7,5,2
2016-09-14-23-30-00,2,1,1
2016-09-14-23-45-00,4,3,1
2016-09-15-00-00-00,2,1,1
2016-09-15-00-15-00,3,3,0
2016-09-15-00-30-00,1,0,1
2016-09-15-00-45-00,2,0,2
2016-09-15-01-00-00,4,2,2
2016-09-15-01-15-00,0,0,0
2016-09-15-01-30-00,0,0,0
2016-09-15-01-45-00,0,0,0
2016-09-15-02-00-00,0,0,0
2016-09-15-02-15-00,0,0,0
2016-09-15-02-30-00,0,0,0
2016-09-15-02-45-00,0,0,0
2016-09-15-03-00-00,0,0,0
2016-09-15-03-15-00,0,0,0
2016-09-15-03-30-00,0,0,0
2016-09-15-03-45-00,0,0,0
2016-09-15-04-00-00,0,0,0
2016-09-15-04-15-00,1,0,1
2016-09-15-04-30-00,0,0,0
2016-09-15-04-45-00,0,0,0
2016-09-15-05-00-00,0,0,0
2016-09-15-05-15-00,1,1,0
2016-09-15-05-30-00,1,1,0
2016-09-15-05-45-00,9,2,7
2016-09-15-06-00-00,6,2,4
2016-09-15-06-15-00,10,2,8
2016-09-15-06-30-00,3,2,1
2016-09-15-06-45-00,20,5,15
2016-09-15-07-00-00,27,7,20
2016-09-15-07-15-00,45,16,29
2016-09-15-07-30-00,48,19,29
2016-09-15-07-45-00,80,18,62
2016-09-15-08-00-00,62,18,44
2016-09-15-08-15-00,61,14,47
2016-09-15-08-30-00,69,15,54
2016-09-15-08-45-00,56,16,40
2016-09-15-09-00-00,50,15,35
2016-09-15-09-15-00,35,6,29
2016-09-15-09-30-00,42,22,20
2016-09-15-09-45-00,33,20,13
2016-09-15-10-00-00,25,11,14
2016-09-15-10-15-00,35,20,15
2016-09-15-10-30-00,44,25,19
2016-09-15-10-45-00,39,13,26
2016-09-15-11-00-00,38,11,27
2016-09-15-11-15-00,30,12,18
2016-09-15-11-30-00,50,25,25
2016-09-15-11-45-00,44,20,24
2016-09-15-12-00-00,30,18,12
2016-09-15-12-15-00,30,13,17
2016-09-15-12-30-00,40,17,23
2016-09-15-12-45-00,29,16,13
2016-09-15-13-00-00,34,19,15
2016-09-15-13-15-00,38,18,20
2016-09-15-13-30-00,38,24,14
2016-09-15-13-45-00,41,13,28
2016-09-15-14-00-00,37,17,20
2016-09-15-14-15-00,32,11,21
2016-09-15-14-30-00,36,23,13
2016-09-15-14-45-00,43,26,17
2016-09-15-15-00-00,41,27,14
2016-09-15-15-15-00,56,34,22
2016-09-15-15-30-00,85,47,38
2016-09-15-15-45-00,59,34,25
2016-09-15-16-00-00,65,45,20
2016-09-15-16-15-00,61,43,18
2016-09-15-16-30-00,79,54,25
2016-09-15-16-45-00,111,65,46
2016-09-15-17-00-00,98,54,44
2016-09-15-17-15-00,77,55,22
2016-09-15-17-30-00,79,48,31
2016-09-15-17-45-00,96,73,23
2016-09-15-18-00-00,92,54,38
2016-09-15-18-15-00,71,46,25
2016-09-15-18-30-00,85,45,40
2016-09-15-18-45-00,88,54,34
2016-09-15-19-00-00,53,33,20
2016-09-15-19-15-00,42,22,20
2016-09-15-19-30-00,49,35,14
2016-09-15-19-45-00,41,25,16
2016-09-15-20-00-00,36,20,16
2016-09-15-20-15-00,18,13,5
2016-09-15-20-30-00,13,5,8
2016-09-15-20-45-00,9,4,5
2016-09-15-21-00-00,12,4,8
2016-09-15-21-15-00,9,5,4
2016-09-15-21-30-00,10,5,5
2016-09-15-21-45-00,8,6,2
2016-09-15-22-00-00,3,1,2
2016-09-15-22-15-00,5,2,3
2016-09-15-22-30-00,9,5,4
2016-09-15-22-45-00,3,3,0
2016-09-15-23-00-00,2,2,0
2016-09-15-23-15-00,4,4,0
2016-09-15-23-30-00,3,0,3
2016-09-15-23-45-00,1,1,0
2016-09-16-00-00-00,2,1,1
2016-09-16-00-15-00,1,1,0
2016-09-16-00-30-00,0,0,0
2016-09-16-00-45-00,0,0,0
2016-09-16-01-00-00,0,0,0
2016-09-16-01-15-00,0,0,0
2016-09-16-01-30-00,1,0,1
2016-09-16-01-45-00,0,0,0
2016-09-16-02-00-00,1,1,0
2016-09-16-02-15-00,0,0,0
2016-09-16-02-30-00,0,0,0
2016-09-16-02-45-00,0,0,0
2016-09-16-03-00-00,0,0,0
2016-09-16-03-15-00,0,0,0
2016-09-16-03-30-00,0,0,0
2016-09-16-03-45-00,0,0,0
2016-09-16-04-00-00,0,0,0
2016-09-16-04-15-00,1,1,0
2016-09-16-04-30-00,0,0,0
2016-09-16-04-45-00,0,0,0
2016-09-16-05-00-00,0,0,0
2016-09-16-05-15-00,0,0,0
2016-09-16-05-30-00,3,3,0
2016-09-16-05-45-00,5,1,4
2016-09-16-06-00-00,2,0,2
2016-09-16-06-15-00,9,7,2
2016-09-16-06-30-00,6,1,5
2016-09-16-06-45-00,12,6,6
2016-09-16-07-00-00,17,5,12
2016-09-16-07-15-00,40,17,23
2016-09-16-07-30-00,40,15,25
2016-09-16-07-45-00,40,7,33
2016-09-16-08-00-00,53,17,36
2016-09-16-08-15-00,50,11,39
2016-09-16-08-30-00,51,15,36
2016-09-16-08-45-00,35,3,32
2016-09-16-09-00-00,25,4,21
2016-09-16-09-15-00,26,3,23
2016-09-16-09-30-00,26,11,15
2016-09-16-09-45-00,28,14,14
2016-09-16-10-00-00,16,7,9
2016-09-16-10-15-00,20,9,11
2016-09-16-10-30-00,21,15,6
2016-09-16-10-45-00,20,13,7
2016-09-16-11-00-00,20,8,12
2016-09-16-11-15-00,20,13,7
2016-09-16-11-30-00,34,19,15
2016-09-16-11-45-00,25,10,15
2016-09-16-12-00-00,19,7,12
2016-09-16-12-15-00,22,8,14
2016-09-16-12-30-00,19,8,11
2016-09-16-12-45-00,22,11,11
2016-09-16-13-00-00,40,20,20
2016-09-16-13-15-00,29,12,17
2016-09-16-13-30-00,48,27,21
2016-09-16-13-45-00,28,16,12
2016-09-16-14-00-00,37,22,15
2016-09-16-14-15-00,41,29,12
2016-09-16-14-30-00,31,21,10
2016-09-16-14-45-00,29,22,7
2016-09-16-15-00-00,51,27,24
2016-09-16-15-15-00,45,33,12
2016-09-16-15-30-00,62,27,35
2016-09-16-15-45-00,51,35,16
2016-09-16-16-00-00,48,28,20
2016-09-16-16-15-00,59,37,22
2016-09-16-16-30-00,56,37,19
2016-09-16-16-45-00,48,30,18
2016-09-16-17-00-00,50,30,20
2016-09-16-17-15-00,54,35,19
2016-09-16-17-30-00,52,28,24
2016-09-16-17-45-00,33,22,11
2016-09-16-18-00-00,47,27,20
2016-09-16-18-15-00,28,20,8
2016-09-16-18-30-00,39,21,18
2016-09-16-18-45-00,36,25,11
2016-09-16-19-00-00,30,20,10
2016-09-16-19-15-00,27,19,8
2016-09-16-19-30-00,33,17,16
2016-09-16-19-45-00,17,12,5
2016-09-16-20-00-00,16,11,5
2016-09-16-20-15-00,7,4,3
2016-09-16-20-30-00,10,5,5
2016-09-16-20-45-00,12,6,6
2016-09-16-21-00-00,6,2,4
2016-09-16-21-15-00,1,1,0
2016-09-16-21-30-00,3,2,1
2016-09-16-21-45-00,5,3,2
2016-09-16-22-00-00,8,7,1
2016-09-16-22-15-00,4,1,3
2016-09-16-22-30-00,5,3,2
2016-09-16-22-45-00,5,3,2
2016-09-16-23-00-00,0,0,0
2016-09-16-23-15-00,7,4,3
2016-09-16-23-30-00,0,0,0
2016-09-16-23-45-00,4,4,0
2016-09-17-00-00-00,0,0,0
2016-09-17-00-15-00,0,0,0
2016-09-17-00-30-00,2,2,0
2016-09-17-00-45-00,1,1,0
2016-09-17-01-00-00,2,1,1
2016-09-17-01-15-00,0,0,0
2016-09-17-01-30-00,0,0,0
2016-09-17-01-45-00,5,5,0
2016-09-17-02-00-00,0,0,0
2016-09-17-02-15-00,1,1,0
2016-09-17-02-30-00,0,0,0
2016-09-17-02-45-00,1,1,0
2016-09-17-03-00-00,1,0,1
2016-09-17-03-15-00,0,0,0
2016-09-17-03-30-00,0,0,0
2016-09-17-03-45-00,1,1,0
2016-09-17-04-00-00,0,0,0
2016-09-17-04-15-00,0,0,0
2016-09-17-04-30-00,1,0,1
2016-09-17-04-45-00,0,0,0
2016-09-17-05-00-00,0,0,0
2016-09-17-05-15-00,1,0,1
2016-09-17-05-30-00,1,1,0
2016-09-17-05-45-00,0,0,0
2016-09-17-06-00-00,8,2,6
2016-09-17-06-15-00,4,1,3
2016-09-17-06-30-00,3,2,1
2016-09-17-06-45-00,2,0,2
2016-09-17-07-00-00,4,1,3
2016-09-17-07-15-00,10,2,8
2016-09-17-07-30-00,2,1,1
2016-09-17-07-45-00,6,3,3
2016-09-17-08-00-00,8,0,8
2016-09-17-08-15-00,17,8,9
2016-09-17-08-30-00,13,8,5
2016-09-17-08-45-00,18,9,9
2016-09-17-09-00-00,13,5,8
2016-09-17-09-15-00,23,8,15
2016-09-17-09-30-00,33,10,23
2016-09-17-09-45-00,26,9,17
2016-09-17-10-00-00,35,16,19
2016-09-17-10-15-00,44,14,30
2016-09-17-10-30-00,50,19,31
2016-09-17-10-45-00,46,11,35
2016-09-17-11-00-00,46,20,26
2016-09-17-11-15-00,55,26,29
2016-09-17-11-30-00,57,27,30
2016-09-17-11-45-00,56,27,29
2016-09-17-12-00-00,48,17,31
2016-09-17-12-15-00,54,29,25
2016-09-17-12-30-00,48,25,23
2016-09-17-12-45-00,41,24,17
2016-09-17-13-00-00,30,19,11
2016-09-17-13-15-00,53,28,25
2016-09-17-13-30-00,67,51,16
2016-09-17-13-45-00,44,28,16
2016-09-17-14-00-00,85,42,43
2016-09-17-14-15-00,59,34,25
2016-09-17-14-30-00,75,40,35
2016-09-17-14-45-00,50,30,20
2016-09-17-15-00-00,55,30,25
2016-09-17-15-15-00,55,24,31
2016-09-17-15-30-00,63,37,26
2016-09-17-15-45-00,52,37,15
2016-09-17-16-00-00,58,43,15
2016-09-17-16-15-00,65,40,25
2016-09-17-16-30-00,50,33,17
2016-09-17-16-45-00,26,12,14
2016-09-17-17-00-00,41,26,15
2016-09-17-17-15-00,35,24,11
2016-09-17-17-30-00,26,15,11
2016-09-17-17-45-00,36,9,27
2016-09-17-18-00-00,26,14,12
2016-09-17-18-15-00,32,19,13
2016-09-17-18-30-00,20,14,6
2016-09-17-18-45-00,25,13,12
2016-09-17-19-00-00,22,11,11
2016-09-17-19-15-00,12,6,6
2016-09-17-19-30-00,5,4,1
2016-09-17-19-45-00,4,1,3
2016-09-17-20-00-00,9,6,3
2016-09-17-20-15-00,8,2,6
2016-09-17-20-30-00,4,3,1
2016-09-17-20-45-00,2,2,0
2016-09-17-21-00-00,2,0,2
2016-09-17-21-15-00,1,1,0
2016-09-17-21-30-00,0,0,0
2016-09-17-21-45-00,0,0,0
2016-09-17-22-00-00,1,1,0
2016-09-17-22-15-00,0,0,0
2016-09-17-22-30-00,0,0,0
2016-09-17-22-45-00,1,1,0
2016-09-17-23-00-00,2,2,0
2016-09-17-23-15-00,1,1,0
2016-09-17-23-30-00,0,0,0
2016-09-17-23-45-00,2,0,2
2016-09-18-00-00-00,0,0,0
2016-09-18-00-15-00,1,0,1
2016-09-18-00-30-00,0,0,0
2016-09-18-00-45-00,1,1,0
2016-09-18-01-00-00,0,0,0
2016-09-18-01-15-00,1,1,0
2016-09-18-01-30-00,0,0,0
2016-09-18-01-45-00,0,0,0
2016-09-18-02-00-00,2,2,0
2016-09-18-02-15-00,0,0,0
2016-09-18-02-30-00,0,0,0
2016-09-18-02-45-00,0,0,0
2016-09-18-03-00-00,0,0,0
2016-09-18-03-15-00,0,0,0
2016-09-18-03-30-00,0,0,0
2016-09-18-03-45-00,0,0,0
2016-09-18-04-00-00,0,0,0
2016-09-18-04-15-00,0,0,0
2016-09-18-04-30-00,0,0,0
2016-09-18-04-45-00,0,0,0
2016-09-18-05-00-00,0,0,0
2016-09-18-05-15-00,0,0,0
2016-09-18-05-30-00,0,0,0
2016-09-18-05-45-00,0,0,0
2016-09-18-06-00-00,2,1,1
2016-09-18-06-15-00,0,0,0
2016-09-18-06-30-00,1,1,0
2016-09-18-06-45-00,0,0,0
2016-09-18-07-00-00,0,0,0
2016-09-18-07-15-00,1,0,1
2016-09-18-07-30-00,2,2,0
2016-09-18-07-45-00,4,0,4
2016-09-18-08-00-00,4,1,3
2016-09-18-08-15-00,7,3,4
2016-09-18-08-30-00,6,1,5
2016-09-18-08-45-00,20,13,7
2016-09-18-09-00-00,8,5,3
2016-09-18-09-15-00,15,5,10
2016-09-18-09-30-00,15,1,14
2016-09-18-09-45-00,20,10,10
2016-09-18-10-00-00,25,15,10
2016-09-18-10-15-00,30,16,14
2016-09-18-10-30-00,25,17,8
2016-09-18-10-45-00,37,16,21
2016-09-18-11-00-00,28,11,17
2016-09-18-11-15-00,29,13,16
2016-09-18-11-30-00,41,23,18
2016-09-18-11-45-00,46,21,25
2016-09-18-12-00-00,36,12,24
2016-09-18-12-15-00,26,16,10
2016-09-18-12-30-00,31,17,14
2016-09-18-12-45-00,40,15,25
2016-09-18-13-00-00,48,29,19
2016-09-18-13-15-00,43,19,24
2016-09-18-13-30-00,39,22,17
2016-09-18-13-45-00,53,26,27
2016-09-18-14-00-00,41,15,26
2016-09-18-14-15-00,41,14,27
2016-09-18-14-30-00,50,28,22
2016-09-18-14-45-00,51,25,26
2016-09-18-15-00-00,56,27,29
2016-09-18-15-15-00,58,21,37
2016-09-18-15-30-00,69,36,33
2016-09-18-15-45-00,49,28,21
2016-09-18-16-00-00,55,22,33
2016-09-18-16-15-00,69,44,25
2016-09-18-16-30-00,71,42,29
2016-09-18-16-45-00,83,50,33
2016-09-18-17-00-00,73,48,25
2016-09-18-17-15-00,58,40,18
2016-09-18-17-30-00,68,38,30
2016-09-18-17-45-00,56,36,20
2016-09-18-18-00-00,58,29,29
2016-09-18-18-15-00,54,37,17
2016-09-18-18-30-00,50,26,24
2016-09-18-18-45-00,36,20,16
2016-09-18-19-00-00,44,33,11
2016-09-18-19-15-00,26,19,7
2016-09-18-19-30-00,33,22,11
2016-09-18-19-45-00,19,9,10
2016-09-18-20-00-00,13,8,5
2016-09-18-20-15-00,12,8,4
2016-09-18-20-30-00,2,1,1
2016-09-18-20-45-00,6,2,4
2016-09-18-21-00-00,2,2,0
2016-09-18-21-15-00,2,2,0
2016-09-18-21-30-00,3,2,1
2016-09-18-21-45-00,6,0,6
2016-09-18-22-00-00,1,1,0
2016-09-18-22-15-00,2,0,2
2016-09-18-22-30-00,6,4,2
2016-09-18-22-45-00,3,2,1
2016-09-18-23-00-00,2,2,0
2016-09-18-23-15-00,0,0,0
2016-09-18-23-30-00,0,0,0
2016-09-18-23-45-00,0,0,0
2016-09-19-00-00-00,0,0,0
2016-09-19-00-15-00,0,0,0
2016-09-19-00-30-00,0,0,0
2016-09-19-00-45-00,1,1,0
2016-09-19-01-00-00,2,0,2
2016-09-19-01-15-00,1,0,1
2016-09-19-01-30-00,0,0,0
2016-09-19-01-45-00,0,0,0
2016-09-19-02-00-00,0,0,0
2016-09-19-02-15-00,0,0,0
2016-09-19-02-30-00,0,0,0
2016-09-19-02-45-00,0,0,0
2016-09-19-03-00-00,0,0,0
2016-09-19-03-15-00,0,0,0
2016-09-19-03-30-00,0,0,0
2016-09-19-03-45-00,0,0,0
2016-09-19-04-00-00,0,0,0
2016-09-19-04-15-00,0,0,0
2016-09-19-04-30-00,1,1,0
2016-09-19-04-45-00,0,0,0
2016-09-19-05-00-00,0,0,0
2016-09-19-05-15-00,0,0,0
2016-09-19-05-30-00,1,1,0
2016-09-19-05-45-00,3,1,2
2016-09-19-06-00-00,7,4,3
2016-09-19-06-15-00,10,1,9
2016-09-19-06-30-00,5,2,3
2016-09-19-06-45-00,17,6,11
2016-09-19-07-00-00,19,8,11
2016-09-19-07-15-00,48,16,32
2016-09-19-07-30-00,52,22,30
2016-09-19-07-45-00,57,14,43
2016-09-19-08-00-00,61,14,47
2016-09-19-08-15-00,53,13,40
2016-09-19-08-30-00,58,11,47
2016-09-19-08-45-00,52,11,41
2016-09-19-09-00-00,41,11,30
2016-09-19-09-15-00,29,8,21
2016-09-19-09-30-00,15,6,9
2016-09-19-09-45-00,17,8,9
2016-09-19-10-00-00,18,7,11
2016-09-19-10-15-00,20,6,14
2016-09-19-10-30-00,15,5,10
2016-09-19-10-45-00,20,12,8
2016-09-19-11-00-00,15,5,10
2016-09-19-11-15-00,15,12,3
2016-09-19-11-30-00,14,9,5
2016-09-19-11-45-00,16,9,7
2016-09-19-12-00-00,20,10,10
2016-09-19-12-15-00,19,12,7
2016-09-19-12-30-00,18,9,9
2016-09-19-12-45-00,17,9,8
2016-09-19-13-00-00,18,9,9
2016-09-19-13-15-00,19,10,9
2016-09-19-13-30-00,30,15,15
2016-09-19-13-45-00,22,10,12
2016-09-19-14-00-00,20,11,9
2016-09-19-14-15-00,32,17,15
2016-09-19-14-30-00,30,14,16
2016-09-19-14-45-00,35,20,15
2016-09-19-15-00-00,27,16,11
2016-09-19-15-15-00,28,16,12
2016-09-19-15-30-00,44,26,18
2016-09-19-15-45-00,46,31,15
2016-09-19-16-00-00,39,21,18
2016-09-19-16-15-00,40,32,8
2016-09-19-16-30-00,52,36,16
2016-09-19-16-45-00,50,40,10
2016-09-19-17-00-00,55,45,10
2016-09-19-17-15-00,68,51,17
2016-09-19-17-30-00,62,47,15
2016-09-19-17-45-00,54,36,18
2016-09-19-18-00-00,56,38,18
2016-09-19-18-15-00,39,15,24
2016-09-19-18-30-00,34,21,13
2016-09-19-18-45-00,47,32,15
2016-09-19-19-00-00,36,23,13
2016-09-19-19-15-00,31,17,14
2016-09-19-19-30-00,35,17,18
2016-09-19-19-45-00,15,10,5
2016-09-19-20-00-00,9,8,1
2016-09-19-20-15-00,8,6,2
2016-09-19-20-30-00,9,2,7
2016-09-19-20-45-00,5,3,2
2016-09-19-21-00-00,4,3,1
2016-09-19-21-15-00,4,4,0
2016-09-19-21-30-00,3,3,0
2016-09-19-21-45-00,4,2,2
2016-09-19-22-00-00,3,2,1
2016-09-19-22-15-00,3,2,1
2016-09-19-22-30-00,1,0,1
2016-09-19-22-45-00,0,0,0
2016-09-19-23-00-00,3,1,2
2016-09-19-23-15-00,5,2,3
2016-09-19-23-30-00,1,0,1
2016-09-19-23-45-00,0,0,0
2016-09-20-00-00-00,0,0,0
2016-09-20-00-15-00,0,0,0
2016-09-20-00-30-00,1,1,0
2016-09-20-00-45-00,0,0,0
2016-09-20-01-00-00,1,0,1
2016-09-20-01-15-00,0,0,0
2016-09-20-01-30-00,0,0,0
2016-09-20-01-45-00,0,0,0
2016-09-20-02-00-00,0,0,0
2016-09-20-02-15-00,0,0,0
2016-09-20-02-30-00,1,1,0
2016-09-20-02-45-00,0,0,0
2016-09-20-03-00-00,0,0,0
2016-09-20-03-15-00,0,0,0
2016-09-20-03-30-00,0,0,0
2016-09-20-03-45-00,0,0,0
2016-09-20-04-00-00,0,0,0
2016-09-20-04-15-00,0,0,0
2016-09-20-04-30-00,0,0,0
2016-09-20-04-45-00,0,0,0
2016-09-20-05-00-00,0,0,0
2016-09-20-05-15-00,0,0,0
2016-09-20-05-30-00,0,0,0
2016-09-20-05-45-00,4,1,3
2016-09-20-06-00-00,8,5,3
2016-09-20-06-15-00,8,2,6
2016-09-20-06-30-00,15,4,11
2016-09-20-06-45-00,10,5,5
2016-09-20-07-00-00,16,7,9
2016-09-20-07-15-00,54,18,36
2016-09-20-07-30-00,43,17,26
2016-09-20-07-45-00,46,8,38
2016-09-20-08-00-00,65,17,48
2016-09-20-08-15-00,56,9,47
2016-09-20-08-30-00,45,12,33
2016-09-20-08-45-00,48,6,42
2016-09-20-09-00-00,38,11,27
2016-09-20-09-15-00,19,4,15
2016-09-20-09-30-00,14,5,9
2016-09-20-09-45-00,12,6,6
2016-09-20-10-00-00,17,5,12
2016-09-20-10-15-00,24,13,11
2016-09-20-10-30-00,13,7,6
2016-09-20-10-45-00,19,14,5
2016-09-20-11-00-00,23,13,10
2016-09-20-11-15-00,19,9,10
2016-09-20-11-30-00,13,3,10
2016-09-20-11-45-00,11,7,4
2016-09-20-12-00-00,14,5,9
2016-09-20-12-15-00,18,7,11
2016-09-20-12-30-00,21,7,14
2016-09-20-12-45-00,13,5,8
2016-09-20-13-00-00,15,12,3
2016-09-20-13-15-00,29,24,5
2016-09-20-13-30-00,10,3,7
2016-09-20-13-45-00,18,12,6
2016-09-20-14-00-00,33,15,18
2016-09-20-14-15-00,18,12,6
2016-09-20-14-30-00,16,13,3
2016-09-20-14-45-00,28,14,14
2016-09-20-15-00-00,21,7,14
2016-09-20-15-15-00,46,23,23
2016-09-20-15-30-00,38,26,12
2016-09-20-15-45-00,36,26,10
2016-09-20-16-00-00,42,33,9
2016-09-20-16-15-00,51,40,11
2016-09-20-16-30-00,63,45,18
2016-09-20-16-45-00,56,32,24
2016-09-20-17-00-00,53,36,17
2016-09-20-17-15-00,65,50,15
2016-09-20-17-30-00,73,53,20
2016-09-20-17-45-00,62,42,20
2016-09-20-18-00-00,51,30,21
2016-09-20-18-15-00,46,32,14
2016-09-20-18-30-00,55,38,17
2016-09-20-18-45-00,41,23,18
2016-09-20-19-00-00,34,15,19
2016-09-20-19-15-00,26,10,16
2016-09-20-19-30-00,19,12,7
2016-09-20-19-45-00,27,23,4
2016-09-20-20-00-00,13,11,2
2016-09-20-20-15-00,7,3,4
2016-09-20-20-30-00,6,5,1
2016-09-20-20-45-00,6,4,2
2016-09-20-21-00-00,2,2,0
2016-09-20-21-15-00,7,4,3
2016-09-20-21-30-00,7,4,3
2016-09-20-21-45-00,3,2,1
2016-09-20-22-00-00,0,0,0
2016-09-20-22-15-00,4,0,4
2016-09-20-22-30-00,2,1,1
2016-09-20-22-45-00,1,1,0
2016-09-20-23-00-00,1,1,0
2016-09-20-23-15-00,3,1,2
2016-09-20-23-30-00,1,1,0
2016-09-20-23-45-00,3,2,1
2016-09-21-00-00-00,0,0,0
2016-09-21-00-15-00,2,2,0
2016-09-21-00-30-00,0,0,0
2016-09-21-00-45-00,0,0,0
2016-09-21-01-00-00,0,0,0
2016-09-21-01-15-00,0,0,0
2016-09-21-01-30-00,0,0,0
2016-09-21-01-45-00,0,0,0
2016-09-21-02-00-00,0,0,0
2016-09-21-02-15-00,0,0,0
2016-09-21-02-30-00,0,0,0
2016-09-21-02-45-00,0,0,0
2016-09-21-03-00-00,0,0,0
2016-09-21-03-15-00,1,0,1
2016-09-21-03-30-00,0,0,0
2016-09-21-03-45-00,0,0,0
2016-09-21-04-00-00,0,0,0
2016-09-21-04-15-00,0,0,0
2016-09-21-04-30-00,1,1,0
2016-09-21-04-45-00,0,0,0
2016-09-21-05-00-00,0,0,0
2016-09-21-05-15-00,0,0,0
2016-09-21-05-30-00,1,0,1
2016-09-21-05-45-00,4,2,2
2016-09-21-06-00-00,2,0,2
2016-09-21-06-15-00,10,3,7
2016-09-21-06-30-00,8,1,7
2016-09-21-06-45-00,13,5,8
2016-09-21-07-00-00,26,9,17
2016-09-21-07-15-00,50,20,30
2016-09-21-07-30-00,52,18,34
2016-09-21-07-45-00,72,24,48
2016-09-21-08-00-00,60,13,47
2016-09-21-08-15-00,52,6,46
2016-09-21-08-30-00,49,15,34
2016-09-21-08-45-00,49,3,46
2016-09-21-09-00-00,41,11,30
2016-09-21-09-15-00,25,6,19
2016-09-21-09-30-00,38,20,18
2016-09-21-09-45-00,27,13,14
2016-09-21-10-00-00,15,7,8
2016-09-21-10-15-00,34,14,20
2016-09-21-10-30-00,22,5,17
2016-09-21-10-45-00,15,8,7
2016-09-21-11-00-00,28,10,18
2016-09-21-11-15-00,33,17,16
2016-09-21-11-30-00,32,21,11
2016-09-21-11-45-00,38,18,20
2016-09-21-12-00-00,50,24,26
2016-09-21-12-15-00,33,14,19
2016-09-21-12-30-00,36,22,14
2016-09-21-12-45-00,33,11,22
2016-09-21-13-00-00,38,14,24
2016-09-21-13-15-00,52,29,23
2016-09-21-13-30-00,52,23,29
2016-09-21-13-45-00,40,21,19
2016-09-21-14-00-00,62,28,34
2016-09-21-14-15-00,54,30,24
2016-09-21-14-30-00,54,26,28
2016-09-21-14-45-00,53,25,28
2016-09-21-15-00-00,67,44,23
2016-09-21-15-15-00,68,33,35
2016-09-21-15-30-00,52,37,15
2016-09-21-15-45-00,79,53,26
2016-09-21-16-00-00,76,50,26
2016-09-21-16-15-00,86,64,22
2016-09-21-16-30-00,115,73,42
2016-09-21-16-45-00,82,54,28
2016-09-21-17-00-00,96,55,41
2016-09-21-17-15-00,108,64,44
2016-09-21-17-30-00,99,65,34
2016-09-21-17-45-00,90,53,37
2016-09-21-18-00-00,89,55,34
2016-09-21-18-15-00,111,63,48
2016-09-21-18-30-00,82,43,39
2016-09-21-18-45-00,107,62,45
2016-09-21-19-00-00,64,31,33
2016-09-21-19-15-00,52,32,20
2016-09-21-19-30-00,44,29,15
2016-09-21-19-45-00,43,31,12
2016-09-21-20-00-00,26,14,12
2016-09-21-20-15-00,17,11,6
2016-09-21-20-30-00,12,7,5
2016-09-21-20-45-00,13,13,0
2016-09-21-21-00-00,4,2,2
2016-09-21-21-15-00,5,3,2
2016-09-21-21-30-00,1,0,1
2016-09-21-21-45-00,8,2,6
2016-09-21-22-00-00,2,0,2
2016-09-21-22-15-00,6,2,4
2016-09-21-22-30-00,6,0,6
2016-09-21-22-45-00,0,0,0
2016-09-21-23-00-00,1,1,0
2016-09-21-23-15-00,2,1,1
2016-09-21-23-30-00,0,0,0
2016-09-21-23-45-00,1,1,0
2016-09-22-00-00-00,1,1,0
2016-09-22-00-15-00,0,0,0
2016-09-22-00-30-00,0,0,0
2016-09-22-00-45-00,0,0,0
2016-09-22-01-00-00,0,0,0
2016-09-22-01-15-00,0,0,0
2016-09-22-01-30-00,0,0,0
2016-09-22-01-45-00,0,0,0
2016-09-22-02-00-00,0,0,0
2016-09-22-02-15-00,0,0,0
2016-09-22-02-30-00,0,0,0
2016-09-22-02-45-00,0,0,0
2016-09-22-03-00-00,0,0,0
2016-09-22-03-15-00,0,0,0
2016-09-22-03-30-00,1,1,0
2016-09-22-03-45-00,0,0,0
2016-09-22-04-00-00,0,0,0
2016-09-22-04-15-00,0,0,0
2016-09-22-04-30-00,0,0,0
2016-09-22-04-45-00,1,1,0
2016-09-22-05-00-00,0,0,0
2016-09-22-05-15-00,1,0,1
2016-09-22-05-30-00,1,0,1
2016-09-22-05-45-00,6,2,4
2016-09-22-06-00-00,2,1,1
2016-09-22-06-15-00,11,6,5
2016-09-22-06-30-00,7,0,7
2016-09-22-06-45-00,22,11,11
2016-09-22-07-00-00,19,8,11
2016-09-22-07-15-00,44,15,29
2016-09-22-07-30-00,56,22,34
2016-09-22-07-45-00,60,14,46
2016-09-22-08-00-00,63,12,51
2016-09-22-08-15-00,54,11,43
2016-09-22-08-30-00,72,16,56
2016-09-22-08-45-00,52,8,44
2016-09-22-09-00-00,36,7,29
2016-09-22-09-15-00,32,9,23
2016-09-22-09-30-00,19,7,12
2016-09-22-09-45-00,12,3,9
2016-09-22-10-00-00,18,7,11
2016-09-22-10-15-00,24,10,14
2016-09-22-10-30-00,26,12,14
2016-09-22-10-45-00,37,12,25
2016-09-22-11-00-00,26,9,17
2016-09-22-11-15-00,39,19,20
2016-09-22-11-30-00,37,16,21
2016-09-22-11-45-00,33,13,20
2016-09-22-12-00-00,40,20,20
2016-09-22-12-15-00,33,18,15
2016-09-22-12-30-00,66,16,50
2016-09-22-12-45-00,30,18,12
2016-09-22-13-00-00,32,14,18
2016-09-22-13-15-00,40,18,22
2016-09-22-13-30-00,43,20,23
2016-09-22-13-45-00,40,21,19
2016-09-22-14-00-00,51,18,33
2016-09-22-14-15-00,67,38,29
2016-09-22-14-30-00,65,43,22
2016-09-22-14-45-00,80,50,30
2016-09-22-15-00-00,66,39,27
2016-09-22-15-15-00,75,30,45
2016-09-22-15-30-00,78,51,27
2016-09-22-15-45-00,70,40,30
2016-09-22-16-00-00,51,27,24
2016-09-22-16-15-00,90,56,34
2016-09-22-16-30-00,89,53,36
2016-09-22-16-45-00,97,71,26
2016-09-22-17-00-00,88,53,35
2016-09-22-17-15-00,81,60,21
2016-09-22-17-30-00,93,63,30
2016-09-22-17-45-00,99,71,28
2016-09-22-18-00-00,48,31,17
2016-09-22-18-15-00,84,47,37
2016-09-22-18-30-00,68,43,25
2016-09-22-18-45-00,60,45,15
2016-09-22-19-00-00,47,27,20
2016-09-22-19-15-00,53,22,31
2016-09-22-19-30-00,25,13,12
2016-09-22-19-45-00,21,10,11
2016-09-22-20-00-00,18,8,10
2016-09-22-20-15-00,25,15,10
2016-09-22-20-30-00,14,8,6
2016-09-22-20-45-00,10,6,4
2016-09-22-21-00-00,15,7,8
2016-09-22-21-15-00,6,4,2
2016-09-22-21-30-00,5,3,2
2016-09-22-21-45-00,6,3,3
2016-09-22-22-00-00,3,1,2
2016-09-22-22-15-00,6,6,0
2016-09-22-22-30-00,5,0,5
2016-09-22-22-45-00,4,2,2
2016-09-22-23-00-00,3,3,0
2016-09-22-23-15-00,3,1,2
2016-09-22-23-30-00,3,2,1
2016-09-22-23-45-00,0,0,0
2016-09-23-00-00-00,5,5,0
2016-09-23-00-15-00,0,0,0
2016-09-23-00-30-00,0,0,0
2016-09-23-00-45-00,1,1,0
2016-09-23-01-00-00,0,0,0
2016-09-23-01-15-00,1,0,1
2016-09-23-01-30-00,0,0,0
2016-09-23-01-45-00,0,0,0
2016-09-23-02-00-00,0,0,0
2016-09-23-02-15-00,0,0,0
2016-09-23-02-30-00,0,0,0
2016-09-23-02-45-00,0,0,0
2016-09-23-03-00-00,0,0,0
2016-09-23-03-15-00,0,0,0
2016-09-23-03-30-00,0,0,0
2016-09-23-03-45-00,0,0,0
2016-09-23-04-00-00,0,0,0
2016-09-23-04-15-00,0,0,0
2016-09-23-04-30-00,0,0,0
2016-09-23-04-45-00,0,0,0
2016-09-23-05-00-00,0,0,0
2016-09-23-05-15-00,0,0,0
2016-09-23-05-30-00,1,0,1
2016-09-23-05-45-00,6,2,4
2016-09-23-06-00-00,5,2,3
2016-09-23-06-15-00,6,3,3
2016-09-23-06-30-00,11,4,7
2016-09-23-06-45-00,10,6,4
2016-09-23-07-00-00,23,7,16
2016-09-23-07-15-00,39,15,24
2016-09-23-07-30-00,59,20,39
2016-09-23-07-45-00,67,15,52
2016-09-23-08-00-00,52,9,43
2016-09-23-08-15-00,42,6,36
2016-09-23-08-30-00,46,13,33
2016-09-23-08-45-00,52,10,42
2016-09-23-09-00-00,36,4,32
2016-09-23-09-15-00,21,12,9
2016-09-23-09-30-00,20,7,13
2016-09-23-09-45-00,16,10,6
2016-09-23-10-00-00,12,7,5
2016-09-23-10-15-00,23,10,13
2016-09-23-10-30-00,20,11,9
2016-09-23-10-45-00,18,7,11
2016-09-23-11-00-00,14,6,8
2016-09-23-11-15-00,22,12,10
2016-09-23-11-30-00,21,12,9
2016-09-23-11-45-00,28,14,14
2016-09-23-12-00-00,24,11,13
2016-09-23-12-15-00,29,13,16
2016-09-23-12-30-00,34,10,24
2016-09-23-12-45-00,30,20,10
2016-09-23-13-00-00,39,17,22
2016-09-23-13-15-00,37,19,18
2016-09-23-13-30-00,40,28,12
2016-09-23-13-45-00,56,32,24
2016-09-23-14-00-00,49,29,20
2016-09-23-14-15-00,51,30,21
2016-09-23-14-30-00,61,38,23
2016-09-23-14-45-00,52,36,16
2016-09-23-15-00-00,57,34,23
2016-09-23-15-15-00,82,40,42
2016-09-23-15-30-00,64,36,28
2016-09-23-15-45-00,61,39,22
2016-09-23-16-00-00,63,41,22
2016-09-23-16-15-00,57,33,24
2016-09-23-16-30-00,59,44,15
2016-09-23-16-45-00,81,47,34
2016-09-23-17-00-00,58,26,32
2016-09-23-17-15-00,73,53,20
2016-09-23-17-30-00,60,37,23
2016-09-23-17-45-00,59,29,30
2016-09-23-18-00-00,60,36,24
2016-09-23-18-15-00,35,19,16
2016-09-23-18-30-00,42,25,17
2016-09-23-18-45-00,44,27,17
2016-09-23-19-00-00,41,18,23
2016-09-23-19-15-00,44,32,12
2016-09-23-19-30-00,25,17,8
2016-09-23-19-45-00,8,6,2
2016-09-23-20-00-00,6,2,4
2016-09-23-20-15-00,9,2,7
2016-09-23-20-30-00,10,4,6
2016-09-23-20-45-00,8,2,6
2016-09-23-21-00-00,7,3,4
2016-09-23-21-15-00,5,4,1
2016-09-23-21-30-00,3,2,1
2016-09-23-21-45-00,3,1,2
2016-09-23-22-00-00,1,1,0
2016-09-23-22-15-00,5,1,4
2016-09-23-22-30-00,3,1,2
2016-09-23-22-45-00,1,0,1
2016-09-23-23-00-00,1,0,1
2016-09-23-23-15-00,0,0,0
2016-09-23-23-30-00,1,0,1
2016-09-23-23-45-00,2,2,0
2016-09-24-00-00-00,0,0,0
2016-09-24-00-15-00,1,0,1
2016-09-24-00-30-00,0,0,0
2016-09-24-00-45-00,3,0,3
2016-09-24-01-00-00,1,1,0
2016-09-24-01-15-00,1,1,0
2016-09-24-01-30-00,2,1,1
2016-09-24-01-45-00,1,0,1
2016-09-24-02-00-00,0,0,0
2016-09-24-02-15-00,0,0,0
2016-09-24-02-30-00,0,0,0
2016-09-24-02-45-00,0,0,0
2016-09-24-03-00-00,0,0,0
2016-09-24-03-15-00,0,0,0
2016-09-24-03-30-00,0,0,0
2016-09-24-03-45-00,0,0,0
2016-09-24-04-00-00,0,0,0
2016-09-24-04-15-00,0,0,0
2016-09-24-04-30-00,1,0,1
2016-09-24-04-45-00,0,0,0
2016-09-24-05-00-00,0,0,0
2016-09-24-05-15-00,0,0,0
2016-09-24-05-30-00,0,0,0
2016-09-24-05-45-00,2,1,1
2016-09-24-06-00-00,0,0,0
2016-09-24-06-15-00,3,2,1
2016-09-24-06-30-00,4,1,3
2016-09-24-06-45-00,1,0,1
2016-09-24-07-00-00,3,0,3
2016-09-24-07-15-00,5,1,4
2016-09-24-07-30-00,5,4,1
2016-09-24-07-45-00,3,2,1
2016-09-24-08-00-00,6,3,3
2016-09-24-08-15-00,8,6,2
2016-09-24-08-30-00,6,3,3
2016-09-24-08-45-00,16,8,8
2016-09-24-09-00-00,11,3,8
2016-09-24-09-15-00,28,13,15
2016-09-24-09-30-00,22,8,14
2016-09-24-09-45-00,22,10,12
2016-09-24-10-00-00,17,6,11
2016-09-24-10-15-00,39,18,21
2016-09-24-10-30-00,33,14,19
2016-09-24-10-45-00,44,18,26
2016-09-24-11-00-00,57,26,31
2016-09-24-11-15-00,52,11,41
2016-09-24-11-30-00,55,30,25
2016-09-24-11-45-00,53,20,33
2016-09-24-12-00-00,58,26,32
2016-09-24-12-15-00,74,33,41
2016-09-24-12-30-00,65,14,51
2016-09-24-12-45-00,68,35,33
2016-09-24-13-00-00,75,36,39
2016-09-24-13-15-00,75,24,51
2016-09-24-13-30-00,76,38,38
2016-09-24-13-45-00,92,37,55
2016-09-24-14-00-00,87,42,45
2016-09-24-14-15-00,110,54,56
2016-09-24-14-30-00,96,52,44
2016-09-24-14-45-00,97,47,50
2016-09-24-15-00-00,125,55,70
2016-09-24-15-15-00,104,37,67
2016-09-24-15-30-00,96,64,32
2016-09-24-15-45-00,107,55,52
2016-09-24-16-00-00,114,71,43
2016-09-24-16-15-00,107,68,39
2016-09-24-16-30-00,105,56,49
2016-09-24-16-45-00,154,86,68
2016-09-24-17-00-00,129,83,46
2016-09-24-17-15-00,109,60,49
2016-09-24-17-30-00,117,71,46
2016-09-24-17-45-00,88,40,48
2016-09-24-18-00-00,104,59,45
2016-09-24-18-15-00,100,67,33
2016-09-24-18-30-00,72,40,32
2016-09-24-18-45-00,70,46,24
2016-09-24-19-00-00,80,48,32
2016-09-24-19-15-00,80,52,28
2016-09-24-19-30-00,42,35,7
2016-09-24-19-45-00,22,11,11
2016-09-24-20-00-00,17,7,10
2016-09-24-20-15-00,10,3,7
2016-09-24-20-30-00,15,7,8
2016-09-24-20-45-00,12,7,5
2016-09-24-21-00-00,12,5,7
2016-09-24-21-15-00,10,4,6
2016-09-24-21-30-00,11,6,5
2016-09-24-21-45-00,15,15,0
2016-09-24-22-00-00,5,1,4
2016-09-24-22-15-00,5,5,0
2016-09-24-22-30-00,3,1,2
2016-09-24-22-45-00,1,1,0
2016-09-24-23-00-00,2,1,1
2016-09-24-23-15-00,6,3,3
2016-09-24-23-30-00,3,3,0
2016-09-24-23-45-00,0,0,0
2016-09-25-00-00-00,0,0,0
2016-09-25-00-15-00,1,0,1
2016-09-25-00-30-00,0,0,0
2016-09-25-00-45-00,5,0,5
2016-09-25-01-00-00,2,1,1
2016-09-25-01-15-00,0,0,0
2016-09-25-01-30-00,0,0,0
2016-09-25-01-45-00,2,2,0
2016-09-25-02-00-00,0,0,0
2016-09-25-02-15-00,0,0,0
2016-09-25-02-30-00,2,2,0
2016-09-25-02-45-00,0,0,0
2016-09-25-03-00-00,0,0,0
2016-09-25-03-15-00,0,0,0
2016-09-25-03-30-00,0,0,0
2016-09-25-03-45-00,1,1,0
2016-09-25-04-00-00,1,0,1
2016-09-25-04-15-00,1,0,1
2016-09-25-04-30-00,0,0,0
2016-09-25-04-45-00,0,0,0
2016-09-25-05-00-00,0,0,0
2016-09-25-05-15-00,0,0,0
2016-09-25-05-30-00,0,0,0
2016-09-25-05-45-00,1,1,0
2016-09-25-06-00-00,0,0,0
2016-09-25-06-15-00,2,2,0
2016-09-25-06-30-00,0,0,0
2016-09-25-06-45-00,1,0,1
2016-09-25-07-00-00,0,0,0
2016-09-25-07-15-00,1,0,1
2016-09-25-07-30-00,3,2,1
2016-09-25-07-45-00,1,0,1
2016-09-25-08-00-00,6,3,3
2016-09-25-08-15-00,9,1,8
2016-09-25-08-30-00,20,7,13
2016-09-25-08-45-00,9,4,5
2016-09-25-09-00-00,12,9,3
2016-09-25-09-15-00,20,6,14
2016-09-25-09-30-00,32,11,21
2016-09-25-09-45-00,27,11,16
2016-09-25-10-00-00,32,8,24
2016-09-25-10-15-00,42,14,28
2016-09-25-10-30-00,45,22,23
2016-09-25-10-45-00,67,20,47
2016-09-25-11-00-00,68,30,38
2016-09-25-11-15-00,98,26,72
2016-09-25-11-30-00,86,25,61
2016-09-25-11-45-00,106,38,68
2016-09-25-12-00-00,117,52,65
2016-09-25-12-15-00,108,40,68
2016-09-25-12-30-00,138,49,89
2016-09-25-12-45-00,130,63,67
2016-09-25-13-00-00,109,42,67
2016-09-25-13-15-00,174,62,112
2016-09-25-13-30-00,147,71,76
2016-09-25-13-45-00,167,60,107
2016-09-25-14-00-00,170,73,97
2016-09-25-14-15-00,201,89,112
2016-09-25-14-30-00,241,130,111
2016-09-25-14-45-00,198,104,94
2016-09-25-15-00-00,201,118,83
2016-09-25-15-15-00,217,101,116
2016-09-25-15-30-00,186,102,84
2016-09-25-15-45-00,166,98,68
2016-09-25-16-00-00,172,114,58
2016-09-25-16-15-00,157,82,75
2016-09-25-16-30-00,149,82,67
2016-09-25-16-45-00,155,80,75
2016-09-25-17-00-00,189,129,60
2016-09-25-17-15-00,170,122,48
2016-09-25-17-30-00,142,86,56
2016-09-25-17-45-00,121,91,30
2016-09-25-18-00-00,154,116,38
2016-09-25-18-15-00,123,88,35
2016-09-25-18-30-00,103,80,23
2016-09-25-18-45-00,111,80,31
2016-09-25-19-00-00,75,54,21
2016-09-25-19-15-00,45,23,22
2016-09-25-19-30-00,51,30,21
2016-09-25-19-45-00,23,18,5
2016-09-25-20-00-00,22,19,3
2016-09-25-20-15-00,10,8,2
2016-09-25-20-30-00,13,12,1
2016-09-25-20-45-00,5,3,2
2016-09-25-21-00-00,8,3,5
2016-09-25-21-15-00,1,1,0
2016-09-25-21-30-00,3,0,3
2016-09-25-21-45-00,3,3,0
2016-09-25-22-00-00,6,3,3
2016-09-25-22-15-00,1,1,0
2016-09-25-22-30-00,2,1,1
2016-09-25-22-45-00,1,0,1
2016-09-25-23-00-00,1,1,0
2016-09-25-23-15-00,0,0,0
2016-09-25-23-30-00,0,0,0
2016-09-25-23-45-00,0,0,0
2016-09-26-00-00-00,0,0,0
2016-09-26-00-15-00,0,0,0
2016-09-26-00-30-00,0,0,0
2016-09-26-00-45-00,0,0,0
2016-09-26-01-00-00,0,0,0
2016-09-26-01-15-00,1,0,1
2016-09-26-01-30-00,1,1,0
2016-09-26-01-45-00,0,0,0
2016-09-26-02-00-00,0,0,0
2016-09-26-02-15-00,0,0,0
2016-09-26-02-30-00,0,0,0
2016-09-26-02-45-00,1,1,0
2016-09-26-03-00-00,0,0,0
2016-09-26-03-15-00,2,2,0
2016-09-26-03-30-00,0,0,0
2016-09-26-03-45-00,0,0,0
2016-09-26-04-00-00,0,0,0
2016-09-26-04-15-00,0,0,0
2016-09-26-04-30-00,0,0,0
2016-09-26-04-45-00,1,1,0
2016-09-26-05-00-00,0,0,0
2016-09-26-05-15-00,1,0,1
2016-09-26-05-30-00,2,2,0
2016-09-26-05-45-00,7,3,4
2016-09-26-06-00-00,6,3,3
2016-09-26-06-15-00,10,5,5
2016-09-26-06-30-00,8,3,5
2016-09-26-06-45-00,12,5,7
2016-09-26-07-00-00,20,7,13
2016-09-26-07-15-00,43,10,33
2016-09-26-07-30-00,49,24,25
2016-09-26-07-45-00,48,16,32
2016-09-26-08-00-00,56,18,38
2016-09-26-08-15-00,65,14,51
2016-09-26-08-30-00,53,15,38
2016-09-26-08-45-00,59,7,52
2016-09-26-09-00-00,36,7,29
2016-09-26-09-15-00,22,6,16
2016-09-26-09-30-00,15,4,11
2016-09-26-09-45-00,20,9,11
2016-09-26-10-00-00,19,11,8
2016-09-26-10-15-00,18,6,12
2016-09-26-10-30-00,18,6,12
2016-09-26-10-45-00,17,7,10
2016-09-26-11-00-00,40,22,18
2016-09-26-11-15-00,24,9,15
2016-09-26-11-30-00,23,15,8
2016-09-26-11-45-00,27,11,16
2016-09-26-12-00-00,30,15,15
2016-09-26-12-15-00,32,14,18
2016-09-26-12-30-00,25,17,8
2016-09-26-12-45-00,24,12,12
2016-09-26-13-00-00,25,14,11
2016-09-26-13-15-00,40,15,25
2016-09-26-13-30-00,38,15,23
2016-09-26-13-45-00,32,21,11
2016-09-26-14-00-00,32,19,13
2016-09-26-14-15-00,26,13,13
2016-09-26-14-30-00,42,21,21
2016-09-26-14-45-00,48,19,29
2016-09-26-15-00-00,45,27,18
2016-09-26-15-15-00,55,28,27
2016-09-26-15-30-00,50,31,19
2016-09-26-15-45-00,58,32,26
2016-09-26-16-00-00,59,33,26
2016-09-26-16-15-00,52,36,16
2016-09-26-16-30-00,68,37,31
2016-09-26-16-45-00,101,73,28
2016-09-26-17-00-00,93,51,42
2016-09-26-17-15-00,102,68,34
2016-09-26-17-30-00,81,53,28
2016-09-26-17-45-00,93,68,25
2016-09-26-18-00-00,69,38,31
2016-09-26-18-15-00,60,32,28
2016-09-26-18-30-00,67,48,19
2016-09-26-18-45-00,60,39,21
2016-09-26-19-00-00,29,19,10
2016-09-26-19-15-00,40,20,20
2016-09-26-19-30-00,25,15,10
2016-09-26-19-45-00,22,15,7
2016-09-26-20-00-00,22,10,12
2016-09-26-20-15-00,15,9,6
2016-09-26-20-30-00,10,9,1
2016-09-26-20-45-00,9,3,6
2016-09-26-21-00-00,3,2,1
2016-09-26-21-15-00,6,3,3
2016-09-26-21-30-00,1,0,1
2016-09-26-21-45-00,3,3,0
2016-09-26-22-00-00,3,0,3
2016-09-26-22-15-00,3,0,3
2016-09-26-22-30-00,0,0,0
2016-09-26-22-45-00,1,0,1
2016-09-26-23-00-00,2,0,2
2016-09-26-23-15-00,0,0,0
2016-09-26-23-30-00,0,0,0
2016-09-26-23-45-00,0,0,0
2016-09-27-00-00-00,0,0,0
2016-09-27-00-15-00,1,1,0
2016-09-27-00-30-00,0,0,0
2016-09-27-00-45-00,0,0,0
2016-09-27-01-00-00,0,0,0
2016-09-27-01-15-00,0,0,0
2016-09-27-01-30-00,1,0,1
2016-09-27-01-45-00,0,0,0
2016-09-27-02-00-00,0,0,0
2016-09-27-02-15-00,0,0,0
2016-09-27-02-30-00,0,0,0
2016-09-27-02-45-00,0,0,0
2016-09-27-03-00-00,0,0,0
2016-09-27-03-15-00,0,0,0
2016-09-27-03-30-00,0,0,0
2016-09-27-03-45-00,0,0,0
2016-09-27-04-00-00,0,0,0
2016-09-27-04-15-00,0,0,0
2016-09-27-04-30-00,1,1,0
2016-09-27-04-45-00,0,0,0
2016-09-27-05-00-00,0,0,0
2016-09-27-05-15-00,1,0,1
2016-09-27-05-30-00,1,1,0
2016-09-27-05-45-00,7,1,6
2016-09-27-06-00-00,5,3,2
2016-09-27-06-15-00,8,4,4
2016-09-27-06-30-00,10,1,9
2016-09-27-06-45-00,17,9,8
2016-09-27-07-00-00,31,8,23
2016-09-27-07-15-00,35,11,24
2016-09-27-07-30-00,56,22,34
2016-09-27-07-45-00,58,14,44
2016-09-27-08-00-00,51,13,38
2016-09-27-08-15-00,75,19,56
2016-09-27-08-30-00,49,8,41
2016-09-27-08-45-00,49,6,43
2016-09-27-09-00-00,45,14,31
2016-09-27-09-15-00,20,7,13
2016-09-27-09-30-00,25,8,17
2016-09-27-09-45-00,28,10,18
2016-09-27-10-00-00,15,10,5
2016-09-27-10-15-00,27,7,20
2016-09-27-10-30-00,22,15,7
2016-09-27-10-45-00,34,14,20
2016-09-27-11-00-00,23,11,12
2016-09-27-11-15-00,26,14,12
2016-09-27-11-30-00,29,10,19
2016-09-27-11-45-00,32,18,14
2016-09-27-12-00-00,29,10,19
2016-09-27-12-15-00,29,13,16
2016-09-27-12-30-00,46,26,20
2016-09-27-12-45-00,29,12,17
2016-09-27-13-00-00,42,19,23
2016-09-27-13-15-00,47,17,30
2016-09-27-13-30-00,40,24,16
2016-09-27-13-45-00,33,18,15
2016-09-27-14-00-00,43,20,23
2016-09-27-14-15-00,35,17,18
2016-09-27-14-30-00,60,35,25
2016-09-27-14-45-00,49,22,27
2016-09-27-15-00-00,60,24,36
2016-09-27-15-15-00,60,26,34
2016-09-27-15-30-00,68,42,26
2016-09-27-15-45-00,75,57,18
2016-09-27-16-00-00,59,34,25
2016-09-27-16-15-00,97,63,34
2016-09-27-16-30-00,91,56,35
2016-09-27-16-45-00,100,56,44
2016-09-27-17-00-00,98,72,26
2016-09-27-17-15-00,96,63,33
2016-09-27-17-30-00,102,66,36
2016-09-27-17-45-00,88,58,30
2016-09-27-18-00-00,96,64,32
2016-09-27-18-15-00,96,54,42
2016-09-27-18-30-00,97,63,34
2016-09-27-18-45-00,83,48,35
2016-09-27-19-00-00,59,30,29
2016-09-27-19-15-00,54,34,20
2016-09-27-19-30-00,29,19,10
2016-09-27-19-45-00,34,19,15
2016-09-27-20-00-00,24,13,11
2016-09-27-20-15-00,17,11,6
2016-09-27-20-30-00,15,6,9
2016-09-27-20-45-00,7,4,3
2016-09-27-21-00-00,6,6,0
2016-09-27-21-15-00,6,2,4
2016-09-27-21-30-00,7,4,3
2016-09-27-21-45-00,5,4,1
2016-09-27-22-00-00,4,1,3
2016-09-27-22-15-00,2,1,1
2016-09-27-22-30-00,3,2,1
2016-09-27-22-45-00,2,0,2
2016-09-27-23-00-00,4,4,0
2016-09-27-23-15-00,0,0,0
2016-09-27-23-30-00,2,2,0
2016-09-27-23-45-00,1,0,1
2016-09-28-00-00-00,1,0,1
2016-09-28-00-15-00,1,1,0
2016-09-28-00-30-00,0,0,0
2016-09-28-00-45-00,0,0,0
2016-09-28-01-00-00,0,0,0
2016-09-28-01-15-00,1,1,0
2016-09-28-01-30-00,0,0,0
2016-09-28-01-45-00,0,0,0
2016-09-28-02-00-00,0,0,0
2016-09-28-02-15-00,0,0,0
2016-09-28-02-30-00,0,0,0
2016-09-28-02-45-00,0,0,0
2016-09-28-03-00-00,0,0,0
2016-09-28-03-15-00,0,0,0
2016-09-28-03-30-00,0,0,0
2016-09-28-03-45-00,0,0,0
2016-09-28-04-00-00,0,0,0
2016-09-28-04-15-00,0,0,0
2016-09-28-04-30-00,0,0,0
2016-09-28-04-45-00,0,0,0
2016-09-28-05-00-00,0,0,0
2016-09-28-05-15-00,1,0,1
2016-09-28-05-30-00,1,0,1
2016-09-28-05-45-00,7,4,3
2016-09-28-06-00-00,2,0,2
2016-09-28-06-15-00,7,0,7
2016-09-28-06-30-00,10,6,4
2016-09-28-06-45-00,18,7,11
2016-09-28-07-00-00,19,10,9
2016-09-28-07-15-00,51,11,40
2016-09-28-07-30-00,39,12,27
2016-09-28-07-45-00,53,20,33
2016-09-28-08-00-00,46,8,38
2016-09-28-08-15-00,65,13,52
2016-09-28-08-30-00,56,17,39
2016-09-28-08-45-00,48,4,44
2016-09-28-09-00-00,46,12,34
2016-09-28-09-15-00,26,7,19
2016-09-28-09-30-00,33,10,23
2016-09-28-09-45-00,28,11,17
2016-09-28-10-00-00,19,11,8
2016-09-28-10-15-00,27,9,18
2016-09-28-10-30-00,16,8,8
2016-09-28-10-45-00,33,21,12
2016-09-28-11-00-00,18,5,13
2016-09-28-11-15-00,31,11,20
2016-09-28-11-30-00,22,6,16
2016-09-28-11-45-00,24,10,14
2016-09-28-12-00-00,31,14,17
2016-09-28-12-15-00,27,18,9
2016-09-28-12-30-00,20,11,9
2016-09-28-12-45-00,31,19,12
2016-09-28-13-00-00,32,20,12
2016-09-28-13-15-00,39,19,20
2016-09-28-13-30-00,28,19,9
2016-09-28-13-45-00,23,14,9
2016-09-28-14-00-00,29,14,15
2016-09-28-14-15-00,32,15,17
2016-09-28-14-30-00,26,16,10
2016-09-28-14-45-00,31,15,16
2016-09-28-15-00-00,35,25,10
2016-09-28-15-15-00,51,26,25
2016-09-28-15-30-00,56,36,20
2016-09-28-15-45-00,55,32,23
2016-09-28-16-00-00,51,31,20
2016-09-28-16-15-00,57,34,23
2016-09-28-16-30-00,62,39,23
2016-09-28-16-45-00,68,45,23
2016-09-28-17-00-00,55,36,19
2016-09-28-17-15-00,87,69,18
2016-09-28-17-30-00,60,36,24
2016-09-28-17-45-00,70,43,27
2016-09-28-18-00-00,78,49,29
2016-09-28-18-15-00,96,59,37
2016-09-28-18-30-00,60,40,20
2016-09-28-18-45-00,54,33,21
2016-09-28-19-00-00,58,39,19
2016-09-28-19-15-00,47,29,18
2016-09-28-19-30-00,22,13,9
2016-09-28-19-45-00,33,26,7
2016-09-28-20-00-00,14,10,4
2016-09-28-20-15-00,11,6,5
2016-09-28-20-30-00,19,15,4
2016-09-28-20-45-00,8,6,2
2016-09-28-21-00-00,8,4,4
2016-09-28-21-15-00,8,5,3
2016-09-28-21-30-00,3,0,3
2016-09-28-21-45-00,5,3,2
2016-09-28-22-00-00,3,1,2
2016-09-28-22-15-00,0,0,0
2016-09-28-22-30-00,5,4,1
2016-09-28-22-45-00,3,1,2
2016-09-28-23-00-00,1,0,1
2016-09-28-23-15-00,3,2,1
2016-09-28-23-30-00,0,0,0
2016-09-28-23-45-00,3,3,0
2016-09-29-00-00-00,1,0,1
2016-09-29-00-15-00,0,0,0
2016-09-29-00-30-00,0,0,0
2016-09-29-00-45-00,0,0,0
2016-09-29-01-00-00,0,0,0
2016-09-29-01-15-00,0,0,0
2016-09-29-01-30-00,0,0,0
2016-09-29-01-45-00,0,0,0
2016-09-29-02-00-00,0,0,0
2016-09-29-02-15-00,0,0,0
2016-09-29-02-30-00,0,0,0
2016-09-29-02-45-00,0,0,0
2016-09-29-03-00-00,1,0,1
2016-09-29-03-15-00,1,1,0
2016-09-29-03-30-00,0,0,0
2016-09-29-03-45-00,0,0,0
2016-09-29-04-00-00,0,0,0
2016-09-29-04-15-00,0,0,0
2016-09-29-04-30-00,0,0,0
2016-09-29-04-45-00,1,0,1
2016-09-29-05-00-00,0,0,0
2016-09-29-05-15-00,0,0,0
2016-09-29-05-30-00,2,0,2
2016-09-29-05-45-00,7,3,4
2016-09-29-06-00-00,6,2,4
2016-09-29-06-15-00,10,5,5
2016-09-29-06-30-00,5,1,4
2016-09-29-06-45-00,12,6,6
2016-09-29-07-00-00,17,3,14
2016-09-29-07-15-00,41,12,29
2016-09-29-07-30-00,55,26,29
2016-09-29-07-45-00,57,14,43
2016-09-29-08-00-00,57,10,47
2016-09-29-08-15-00,63,14,49
2016-09-29-08-30-00,68,19,49
2016-09-29-08-45-00,55,10,45
2016-09-29-09-00-00,30,6,24
2016-09-29-09-15-00,28,9,19
2016-09-29-09-30-00,22,10,12
2016-09-29-09-45-00,24,11,13
2016-09-29-10-00-00,37,14,23
2016-09-29-10-15-00,22,12,10
2016-09-29-10-30-00,27,13,14
2016-09-29-10-45-00,37,10,27
2016-09-29-11-00-00,41,19,22
2016-09-29-11-15-00,39,17,22
2016-09-29-11-30-00,47,17,30
2016-09-29-11-45-00,51,22,29
2016-09-29-12-00-00,53,23,30
2016-09-29-12-15-00,30,18,12
2016-09-29-12-30-00,34,18,16
2016-09-29-12-45-00,50,17,33
2016-09-29-13-00-00,41,23,18
2016-09-29-13-15-00,51,25,26
2016-09-29-13-30-00,60,31,29
2016-09-29-13-45-00,36,21,15
2016-09-29-14-00-00,74,38,36
2016-09-29-14-15-00,44,25,19
2016-09-29-14-30-00,64,36,28
2016-09-29-14-45-00,46,29,17
2016-09-29-15-00-00,66,31,35
2016-09-29-15-15-00,55,28,27
2016-09-29-15-30-00,80,46,34
2016-09-29-15-45-00,60,40,20
2016-09-29-16-00-00,96,51,45
2016-09-29-16-15-00,66,49,17
2016-09-29-16-30-00,69,50,19
2016-09-29-16-45-00,85,55,30
2016-09-29-17-00-00,92,65,27
2016-09-29-17-15-00,109,70,39
2016-09-29-17-30-00,103,70,33
2016-09-29-17-45-00,85,54,31
2016-09-29-18-00-00,112,71,41
2016-09-29-18-15-00,76,53,23
2016-09-29-18-30-00,76,35,41
2016-09-29-18-45-00,84,58,26
2016-09-29-19-00-00,59,40,19
2016-09-29-19-15-00,51,28,23
2016-09-29-19-30-00,41,31,10
2016-09-29-19-45-00,32,20,12
2016-09-29-20-00-00,24,18,6
2016-09-29-20-15-00,12,2,10
2016-09-29-20-30-00,8,6,2
2016-09-29-20-45-00,5,3,2
2016-09-29-21-00-00,7,6,1
2016-09-29-21-15-00,3,3,0
2016-09-29-21-30-00,12,9,3
2016-09-29-21-45-00,2,2,0
2016-09-29-22-00-00,8,7,1
2016-09-29-22-15-00,6,4,2
2016-09-29-22-30-00,7,1,6
2016-09-29-22-45-00,1,1,0
2016-09-29-23-00-00,1,1,0
2016-09-29-23-15-00,1,1,0
2016-09-29-23-30-00,2,1,1
2016-09-29-23-45-00,1,1,0
2016-09-30-00-00-00,1,1,0
2016-09-30-00-15-00,0,0,0
2016-09-30-00-30-00,0,0,0
2016-09-30-00-45-00,0,0,0
2016-09-30-01-00-00,1,1,0
2016-09-30-01-15-00,0,0,0
2016-09-30-01-30-00,0,0,0
2016-09-30-01-45-00,0,0,0
2016-09-30-02-00-00,0,0,0
2016-09-30-02-15-00,0,0,0
2016-09-30-02-30-00,0,0,0
2016-09-30-02-45-00,0,0,0
2016-09-30-03-00-00,0,0,0
2016-09-30-03-15-00,0,0,0
2016-09-30-03-30-00,0,0,0
2016-09-30-03-45-00,0,0,0
2016-09-30-04-00-00,1,0,1
2016-09-30-04-15-00,0,0,0
2016-09-30-04-30-00,0,0,0
2016-09-30-04-45-00,0,0,0
2016-09-30-05-00-00,1,0,1
2016-09-30-05-15-00,1,1,0
2016-09-30-05-30-00,0,0,0
2016-09-30-05-45-00,7,2,5
2016-09-30-06-00-00,4,0,4
2016-09-30-06-15-00,5,2,3
2016-09-30-06-30-00,6,3,3
2016-09-30-06-45-00,14,4,10
2016-09-30-07-00-00,15,2,13
2016-09-30-07-15-00,35,6,29
2016-09-30-07-30-00,31,15,16
2016-09-30-07-45-00,42,10,32
2016-09-30-08-00-00,64,17,47
2016-09-30-08-15-00,46,8,38
2016-09-30-08-30-00,23,4,19
2016-09-30-08-45-00,33,3,30
2016-09-30-09-00-00,29,6,23
2016-09-30-09-15-00,17,9,8
2016-09-30-09-30-00,9,3,6
2016-09-30-09-45-00,23,9,14
2016-09-30-10-00-00,21,14,7
2016-09-30-10-15-00,13,6,7
2016-09-30-10-30-00,20,11,9
2016-09-30-10-45-00,15,10,5
2016-09-30-11-00-00,14,4,10
2016-09-30-11-15-00,22,14,8
2016-09-30-11-30-00,11,9,2
2016-09-30-11-45-00,9,4,5
2016-09-30-12-00-00,24,15,9
2016-09-30-12-15-00,25,12,13
2016-09-30-12-30-00,20,12,8
2016-09-30-12-45-00,23,9,14
2016-09-30-13-00-00,31,19,12
2016-09-30-13-15-00,24,14,10
2016-09-30-13-30-00,25,13,12
2016-09-30-13-45-00,23,18,5
2016-09-30-14-00-00,29,13,16
2016-09-30-14-15-00,28,5,23
2016-09-30-14-30-00,41,23,18
2016-09-30-14-45-00,31,16,15
2016-09-30-15-00-00,37,22,15
2016-09-30-15-15-00,38,28,10
2016-09-30-15-30-00,43,25,18
2016-09-30-15-45-00,32,16,16
2016-09-30-16-00-00,27,20,7
2016-09-30-16-15-00,55,42,13
2016-09-30-16-30-00,45,27,18
2016-09-30-16-45-00,52,36,16
2016-09-30-17-00-00,42,26,16
2016-09-30-17-15-00,46,32,14
2016-09-30-17-30-00,31,20,11
2016-09-30-17-45-00,47,28,19
2016-09-30-18-00-00,36,23,13
2016-09-30-18-15-00,35,23,12
2016-09-30-18-30-00,51,27,24
2016-09-30-18-45-00,23,17,6
2016-09-30-19-00-00,29,21,8
2016-09-30-19-15-00,26,15,11
2016-09-30-19-30-00,18,11,7
2016-09-30-19-45-00,16,7,9
2016-09-30-20-00-00,7,6,1
2016-09-30-20-15-00,9,3,6
2016-09-30-20-30-00,6,1,5
2016-09-30-20-45-00,1,0,1
2016-09-30-21-00-00,4,4,0
2016-09-30-21-15-00,1,0,1
2016-09-30-21-30-00,1,0,1
2016-09-30-21-45-00,3,1,2
2016-09-30-22-00-00,6,4,2
2016-09-30-22-15-00,1,0,1
2016-09-30-22-30-00,3,1,2
2016-09-30-22-45-00,1,1,0
2016-09-30-23-00-00,1,1,0
2016-09-30-23-15-00,0,0,0
2016-09-30-23-30-00,2,2,0
2016-09-30-23-45-00,1,0,1
2016-10-01-00-00-00,0,0,0
2016-10-01-00-15-00,0,0,0
2016-10-01-00-30-00,2,0,2
2016-10-01-00-45-00,1,1,0
2016-10-01-01-00-00,0,0,0
2016-10-01-01-15-00,0,0,0
2016-10-01-01-30-00,0,0,0
2016-10-01-01-45-00,0,0,0
2016-10-01-02-00-00,2,0,2
2016-10-01-02-15-00,2,0,2
2016-10-01-02-30-00,0,0,0
2016-10-01-02-45-00,0,0,0
2016-10-01-03-00-00,0,0,0
2016-10-01-03-15-00,0,0,0
2016-10-01-03-30-00,0,0,0
2016-10-01-03-45-00,0,0,0
2016-10-01-04-00-00,0,0,0
2016-10-01-04-15-00,0,0,0
2016-10-01-04-30-00,0,0,0
2016-10-01-04-45-00,0,0,0
2016-10-01-05-00-00,0,0,0
2016-10-01-05-15-00,1,0,1
2016-10-01-05-30-00,0,0,0
2016-10-01-05-45-00,0,0,0
2016-10-01-06-00-00,1,1,0
2016-10-01-06-15-00,0,0,0
2016-10-01-06-30-00,2,1,1
2016-10-01-06-45-00,1,1,0
2016-10-01-07-00-00,0,0,0
2016-10-01-07-15-00,1,0,1
2016-10-01-07-30-00,1,1,0
2016-10-01-07-45-00,1,0,1
2016-10-01-08-00-00,1,1,0
2016-10-01-08-15-00,1,1,0
2016-10-01-08-30-00,4,1,3
2016-10-01-08-45-00,4,1,3
2016-10-01-09-00-00,0,0,0
2016-10-01-09-15-00,4,2,2
2016-10-01-09-30-00,4,2,2
2016-10-01-09-45-00,4,3,1
2016-10-01-10-00-00,5,3,2
2016-10-01-10-15-00,6,2,4
2016-10-01-10-30-00,7,5,2
2016-10-01-10-45-00,6,2,4
2016-10-01-11-00-00,10,7,3
2016-10-01-11-15-00,1,0,1
2016-10-01-11-30-00,9,6,3
2016-10-01-11-45-00,2,2,0
2016-10-01-12-00-00,8,4,4
2016-10-01-12-15-00,6,4,2
2016-10-01-12-30-00,16,13,3
2016-10-01-12-45-00,12,5,7
2016-10-01-13-00-00,7,2,5
2016-10-01-13-15-00,9,3,6
2016-10-01-13-30-00,7,2,5
2016-10-01-13-45-00,13,7,6
2016-10-01-14-00-00,8,6,2
2016-10-01-14-15-00,14,4,10
2016-10-01-14-30-00,10,6,4
2016-10-01-14-45-00,23,9,14
2016-10-01-15-00-00,18,11,7
2016-10-01-15-15-00,25,11,14
2016-10-01-15-30-00,37,26,11
2016-10-01-15-45-00,38,18,20
2016-10-01-16-00-00,10,5,5
2016-10-01-16-15-00,10,3,7
2016-10-01-16-30-00,28,6,22
2016-10-01-16-45-00,26,12,14
2016-10-01-17-00-00,16,3,13
2016-10-01-17-15-00,17,10,7
2016-10-01-17-30-00,20,10,10
2016-10-01-17-45-00,29,19,10
2016-10-01-18-00-00,20,12,8
2016-10-01-18-15-00,20,12,8
2016-10-01-18-30-00,26,14,12
2016-10-01-18-45-00,19,8,11
2016-10-01-19-00-00,14,9,5
2016-10-01-19-15-00,18,12,6
2016-10-01-19-30-00,5,3,2
2016-10-01-19-45-00,8,3,5
2016-10-01-20-00-00,10,4,6
2016-10-01-20-15-00,3,2,1
2016-10-01-20-30-00,1,0,1
2016-10-01-20-45-00,2,0,2
2016-10-01-21-00-00,1,0,1
2016-10-01-21-15-00,0,0,0
2016-10-01-21-30-00,1,1,0
2016-10-01-21-45-00,2,1,1
2016-10-01-22-00-00,4,0,4
2016-10-01-22-15-00,2,0,2
2016-10-01-22-30-00,3,3,0
2016-10-01-22-45-00,1,0,1
2016-10-01-23-00-00,6,6,0
2016-10-01-23-15-00,1,0,1
2016-10-01-23-30-00,0,0,0
2016-10-01-23-45-00,3,2,1
2016-10-02-00-00-00,0,0,0
2016-10-02-00-15-00,0,0,0
2016-10-02-00-30-00,3,1,2
2016-10-02-00-45-00,0,0,0
2016-10-02-01-00-00,1,1,0
2016-10-02-01-15-00,0,0,0
2016-10-02-01-30-00,0,0,0
2016-10-02-01-45-00,0,0,0
2016-10-02-02-00-00,0,0,0
2016-10-02-02-15-00,0,0,0
2016-10-02-02-30-00,0,0,0
2016-10-02-02-45-00,0,0,0
2016-10-02-03-00-00,0,0,0
2016-10-02-03-15-00,0,0,0
2016-10-02-03-30-00,0,0,0
2016-10-02-03-45-00,0,0,0
2016-10-02-04-00-00,1,1,0
2016-10-02-04-15-00,1,0,1
2016-10-02-04-30-00,0,0,0
2016-10-02-04-45-00,0,0,0
2016-10-02-05-00-00,0,0,0
2016-10-02-05-15-00,2,1,1
2016-10-02-05-30-00,1,1,0
2016-10-02-05-45-00,0,0,0
2016-10-02-06-00-00,3,0,3
2016-10-02-06-15-00,2,1,1
2016-10-02-06-30-00,0,0,0
2016-10-02-06-45-00,0,0,0
2016-10-02-07-00-00,1,1,0
2016-10-02-07-15-00,0,0,0
2016-10-02-07-30-00,4,2,2
2016-10-02-07-45-00,2,0,2
2016-10-02-08-00-00,5,1,4
2016-10-02-08-15-00,5,3,2
2016-10-02-08-30-00,4,3,1
2016-10-02-08-45-00,11,6,5
2016-10-02-09-00-00,5,2,3
2016-10-02-09-15-00,14,7,7
2016-10-02-09-30-00,22,8,14
2016-10-02-09-45-00,16,8,8
2016-10-02-10-00-00,22,8,14
2016-10-02-10-15-00,43,18,25
2016-10-02-10-30-00,27,13,14
2016-10-02-10-45-00,27,11,16
2016-10-02-11-00-00,51,24,27
2016-10-02-11-15-00,33,15,18
2016-10-02-11-30-00,34,20,14
2016-10-02-11-45-00,29,13,16
2016-10-02-12-00-00,13,7,6
2016-10-02-12-15-00,24,3,21
2016-10-02-12-30-00,17,10,7
2016-10-02-12-45-00,13,12,1
2016-10-02-13-00-00,18,13,5
2016-10-02-13-15-00,9,5,4
2016-10-02-13-30-00,25,13,12
2016-10-02-13-45-00,29,17,12
2016-10-02-14-00-00,22,14,8
2016-10-02-14-15-00,21,10,11
2016-10-02-14-30-00,19,14,5
2016-10-02-14-45-00,52,34,18
2016-10-02-15-00-00,23,12,11
2016-10-02-15-15-00,26,12,14
2016-10-02-15-30-00,23,9,14
2016-10-02-15-45-00,34,22,12
2016-10-02-16-00-00,15,6,9
2016-10-02-16-15-00,37,22,15
2016-10-02-16-30-00,40,26,14
2016-10-02-16-45-00,20,8,12
2016-10-02-17-00-00,36,26,10
2016-10-02-17-15-00,43,17,26
2016-10-02-17-30-00,33,13,20
2016-10-02-17-45-00,43,25,18
2016-10-02-18-00-00,8,4,4
2016-10-02-18-15-00,16,10,6
2016-10-02-18-30-00,14,12,2
2016-10-02-18-45-00,8,4,4
2016-10-02-19-00-00,4,2,2
2016-10-02-19-15-00,4,0,4
2016-10-02-19-30-00,0,0,0
2016-10-02-19-45-00,1,1,0
2016-10-02-20-00-00,2,1,1
2016-10-02-20-15-00,1,0,1
2016-10-02-20-30-00,1,1,0
2016-10-02-20-45-00,5,2,3
2016-10-02-21-00-00,1,1,0
2016-10-02-21-15-00,1,1,0
2016-10-02-21-30-00,0,0,0
2016-10-02-21-45-00,1,0,1
2016-10-02-22-00-00,1,1,0
2016-10-02-22-15-00,0,0,0
2016-10-02-22-30-00,0,0,0
2016-10-02-22-45-00,1,0,1
2016-10-02-23-00-00,0,0,0
2016-10-02-23-15-00,2,2,0
2016-10-02-23-30-00,0,0,0
2016-10-02-23-45-00,0,0,0
2016-10-03-00-00-00,1,1,0
2016-10-03-00-15-00,0,0,0
2016-10-03-00-30-00,0,0,0
2016-10-03-00-45-00,3,1,2
2016-10-03-01-00-00,0,0,0
2016-10-03-01-15-00,0,0,0
2016-10-03-01-30-00,0,0,0
2016-10-03-01-45-00,0,0,0
2016-10-03-02-00-00,0,0,0
2016-10-03-02-15-00,0,0,0
2016-10-03-02-30-00,0,0,0
2016-10-03-02-45-00,0,0,0
2016-10-03-03-00-00,0,0,0
2016-10-03-03-15-00,0,0,0
2016-10-03-03-30-00,0,0,0
2016-10-03-03-45-00,0,0,0
2016-10-03-04-00-00,0,0,0
2016-10-03-04-15-00,0,0,0
2016-10-03-04-30-00,0,0,0
2016-10-03-04-45-00,0,0,0
2016-10-03-05-00-00,0,0,0
2016-10-03-05-15-00,0,0,0
2016-10-03-05-30-00,0,0,0
2016-10-03-05-45-00,0,0,0
2016-10-03-06-00-00,0,0,0
2016-10-03-06-15-00,0,0,0
2016-10-03-06-30-00,0,0,0
2016-10-03-06-45-00,0,0,0
2016-10-03-07-00-00,1,1,0
2016-10-03-07-15-00,0,0,0
2016-10-03-07-30-00,1,1,0
2016-10-03-07-45-00,2,1,1
2016-10-03-08-00-00,4,1,3
2016-10-03-08-15-00,7,4,3
2016-10-03-08-30-00,3,2,1
2016-10-03-08-45-00,3,0,3
2016-10-03-09-00-00,7,3,4
2016-10-03-09-15-00,3,1,2
2016-10-03-09-30-00,2,2,0
2016-10-03-09-45-00,7,3,4
2016-10-03-10-00-00,9,7,2
2016-10-03-10-15-00,16,4,12
2016-10-03-10-30-00,14,8,6
2016-10-03-10-45-00,13,12,1
2016-10-03-11-00-00,6,4,2
2016-10-03-11-15-00,28,13,15
2016-10-03-11-30-00,16,9,7
2016-10-03-11-45-00,25,5,20
2016-10-03-12-00-00,15,6,9
2016-10-03-12-15-00,15,10,5
2016-10-03-12-30-00,20,6,14
2016-10-03-12-45-00,21,13,8
2016-10-03-13-00-00,22,11,11
2016-10-03-13-15-00,12,3,9
2016-10-03-13-30-00,31,13,18
2016-10-03-13-45-00,29,11,18
2016-10-03-14-00-00,54,23,31
2016-10-03-14-15-00,22,6,16
2016-10-03-14-30-00,32,13,19
2016-10-03-14-45-00,53,22,31
2016-10-03-15-00-00,58,26,32
2016-10-03-15-15-00,36,14,22
2016-10-03-15-30-00,44,25,19
2016-10-03-15-45-00,54,24,30
2016-10-03-16-00-00,51,20,31
2016-10-03-16-15-00,41,23,18
2016-10-03-16-30-00,58,25,33
2016-10-03-16-45-00,63,30,33
2016-10-03-17-00-00,45,26,19
2016-10-03-17-15-00,61,31,30
2016-10-03-17-30-00,44,28,16
2016-10-03-17-45-00,40,18,22
2016-10-03-18-00-00,42,32,10
2016-10-03-18-15-00,39,25,14
2016-10-03-18-30-00,52,41,11
2016-10-03-18-45-00,27,16,11
2016-10-03-19-00-00,23,17,6
2016-10-03-19-15-00,15,8,7
2016-10-03-19-30-00,7,3,4
2016-10-03-19-45-00,9,3,6
2016-10-03-20-00-00,3,2,1
2016-10-03-20-15-00,2,0,2
2016-10-03-20-30-00,2,2,0
2016-10-03-20-45-00,1,1,0
2016-10-03-21-00-00,0,0,0
2016-10-03-21-15-00,2,1,1
2016-10-03-21-30-00,1,1,0
2016-10-03-21-45-00,5,2,3
2016-10-03-22-00-00,1,0,1
2016-10-03-22-15-00,0,0,0
2016-10-03-22-30-00,1,1,0
2016-10-03-22-45-00,0,0,0
2016-10-03-23-00-00,0,0,0
2016-10-03-23-15-00,0,0,0
2016-10-03-23-30-00,1,1,0
2016-10-03-23-45-00,0,0,0
2016-10-04-00-00-00,0,0,0
2016-10-04-00-15-00,1,0,1
2016-10-04-00-30-00,0,0,0
2016-10-04-00-45-00,0,0,0
2016-10-04-01-00-00,0,0,0
2016-10-04-01-15-00,0,0,0
2016-10-04-01-30-00,0,0,0
2016-10-04-01-45-00,0,0,0
2016-10-04-02-00-00,0,0,0
2016-10-04-02-15-00,0,0,0
2016-10-04-02-30-00,1,0,1
2016-10-04-02-45-00,0,0,0
2016-10-04-03-00-00,0,0,0
2016-10-04-03-15-00,0,0,0
2016-10-04-03-30-00,0,0,0
2016-10-04-03-45-00,0,0,0
2016-10-04-04-00-00,0,0,0
2016-10-04-04-15-00,0,0,0
2016-10-04-04-30-00,0,0,0
2016-10-04-04-45-00,0,0,0
2016-10-04-05-00-00,0,0,0
2016-10-04-05-15-00,0,0,0
2016-10-04-05-30-00,2,0,2
2016-10-04-05-45-00,4,1,3
2016-10-04-06-00-00,4,0,4
2016-10-04-06-15-00,6,1,5
2016-10-04-06-30-00,4,1,3
2016-10-04-06-45-00,12,6,6
2016-10-04-07-00-00,25,11,14
2016-10-04-07-15-00,39,9,30
2016-10-04-07-30-00,52,19,33
2016-10-04-07-45-00,45,7,38
2016-10-04-08-00-00,45,10,35
2016-10-04-08-15-00,44,11,33
2016-10-04-08-30-00,52,15,37
2016-10-04-08-45-00,34,4,30
2016-10-04-09-00-00,28,6,22
2016-10-04-09-15-00,24,10,14
2016-10-04-09-30-00,21,6,15
2016-10-04-09-45-00,15,9,6
2016-10-04-10-00-00,15,7,8
2016-10-04-10-15-00,34,5,29
2016-10-04-10-30-00,18,10,8
2016-10-04-10-45-00,22,7,15
2016-10-04-11-00-00,13,4,9
2016-10-04-11-15-00,14,9,5
2016-10-04-11-30-00,16,9,7
2016-10-04-11-45-00,21,11,10
2016-10-04-12-00-00,24,11,13
2016-10-04-12-15-00,19,4,15
2016-10-04-12-30-00,22,7,15
2016-10-04-12-45-00,16,12,4
2016-10-04-13-00-00,17,8,9
2016-10-04-13-15-00,27,10,17
2016-10-04-13-30-00,21,13,8
2016-10-04-13-45-00,14,8,6
2016-10-04-14-00-00,17,10,7
2016-10-04-14-15-00,22,14,8
2016-10-04-14-30-00,25,15,10
2016-10-04-14-45-00,32,14,18
2016-10-04-15-00-00,19,12,7
2016-10-04-15-15-00,33,20,13
2016-10-04-15-30-00,32,18,14
2016-10-04-15-45-00,35,23,12
2016-10-04-16-00-00,32,19,13
2016-10-04-16-15-00,53,40,13
2016-10-04-16-30-00,51,26,25
2016-10-04-16-45-00,55,40,15
2016-10-04-17-00-00,70,45,25
2016-10-04-17-15-00,56,43,13
2016-10-04-17-30-00,67,44,23
2016-10-04-17-45-00,44,30,14
2016-10-04-18-00-00,56,37,19
2016-10-04-18-15-00,53,36,17
2016-10-04-18-30-00,49,33,16
2016-10-04-18-45-00,45,26,19
2016-10-04-19-00-00,31,19,12
2016-10-04-19-15-00,32,23,9
2016-10-04-19-30-00,19,11,8
2016-10-04-19-45-00,18,12,6
2016-10-04-20-00-00,11,5,6
2016-10-04-20-15-00,10,7,3
2016-10-04-20-30-00,2,1,1
2016-10-04-20-45-00,3,2,1
2016-10-04-21-00-00,3,2,1
2016-10-04-21-15-00,2,0,2
2016-10-04-21-30-00,1,0,1
2016-10-04-21-45-00,4,3,1
2016-10-04-22-00-00,1,0,1
2016-10-04-22-15-00,2,1,1
2016-10-04-22-30-00,0,0,0
2016-10-04-22-45-00,2,2,0
2016-10-04-23-00-00,0,0,0
2016-10-04-23-15-00,1,0,1
2016-10-04-23-30-00,1,1,0
2016-10-04-23-45-00,0,0,0
2016-10-05-00-00-00,0,0,0
2016-10-05-00-15-00,0,0,0
2016-10-05-00-30-00,1,1,0
2016-10-05-00-45-00,0,0,0
2016-10-05-01-00-00,0,0,0
2016-10-05-01-15-00,0,0,0
2016-10-05-01-30-00,0,0,0
2016-10-05-01-45-00,0,0,0
2016-10-05-02-00-00,0,0,0
2016-10-05-02-15-00,0,0,0
2016-10-05-02-30-00,0,0,0
2016-10-05-02-45-00,0,0,0
2016-10-05-03-00-00,0,0,0
2016-10-05-03-15-00,0,0,0
2016-10-05-03-30-00,0,0,0
2016-10-05-03-45-00,1,1,0
2016-10-05-04-00-00,0,0,0
2016-10-05-04-15-00,1,0,1
2016-10-05-04-30-00,0,0,0
2016-10-05-04-45-00,0,0,0
2016-10-05-05-00-00,0,0,0
2016-10-05-05-15-00,2,0,2
2016-10-05-05-30-00,1,0,1
2016-10-05-05-45-00,3,1,2
2016-10-05-06-00-00,2,1,1
2016-10-05-06-15-00,7,3,4
2016-10-05-06-30-00,5,0,5
2016-10-05-06-45-00,11,4,7
2016-10-05-07-00-00,20,8,12
2016-10-05-07-15-00,29,9,20
2016-10-05-07-30-00,41,14,27
2016-10-05-07-45-00,53,5,48
2016-10-05-08-00-00,46,5,41
2016-10-05-08-15-00,49,14,35
2016-10-05-08-30-00,50,14,36
2016-10-05-08-45-00,61,13,48
2016-10-05-09-00-00,31,9,22
2016-10-05-09-15-00,22,7,15
2016-10-05-09-30-00,23,13,10
2016-10-05-09-45-00,16,1,15
2016-10-05-10-00-00,22,9,13
2016-10-05-10-15-00,16,7,9
2016-10-05-10-30-00,30,15,15
2016-10-05-10-45-00,19,10,9
2016-10-05-11-00-00,23,14,9
2016-10-05-11-15-00,24,15,9
2016-10-05-11-30-00,24,14,10
2016-10-05-11-45-00,30,12,18
2016-10-05-12-00-00,24,8,16
2016-10-05-12-15-00,30,15,15
2016-10-05-12-30-00,27,13,14
2016-10-05-12-45-00,22,9,13
2016-10-05-13-00-00,21,10,11
2016-10-05-13-15-00,43,25,18
2016-10-05-13-30-00,30,19,11
2016-10-05-13-45-00,25,15,10
2016-10-05-14-00-00,52,28,24
2016-10-05-14-15-00,52,34,18
2016-10-05-14-30-00,50,32,18
2016-10-05-14-45-00,43,25,18
2016-10-05-15-00-00,34,23,11
2016-10-05-15-15-00,48,31,17
2016-10-05-15-30-00,43,24,19
2016-10-05-15-45-00,52,34,18
2016-10-05-16-00-00,46,30,16
2016-10-05-16-15-00,60,45,15
2016-10-05-16-30-00,68,45,23
2016-10-05-16-45-00,66,40,26
2016-10-05-17-00-00,83,51,32
2016-10-05-17-15-00,78,51,27
2016-10-05-17-30-00,69,41,28
2016-10-05-17-45-00,68,44,24
2016-10-05-18-00-00,50,34,16
2016-10-05-18-15-00,54,33,21
2016-10-05-18-30-00,53,32,21
2016-10-05-18-45-00,35,19,16
2016-10-05-19-00-00,40,24,16
2016-10-05-19-15-00,19,10,9
2016-10-05-19-30-00,28,24,4
2016-10-05-19-45-00,10,8,2
2016-10-05-20-00-00,9,6,3
2016-10-05-20-15-00,13,8,5
2016-10-05-20-30-00,8,5,3
2016-10-05-20-45-00,1,0,1
2016-10-05-21-00-00,8,5,3
2016-10-05-21-15-00,4,4,0
2016-10-05-21-30-00,1,0,1
2016-10-05-21-45-00,5,3,2
2016-10-05-22-00-00,2,0,2
2016-10-05-22-15-00,4,3,1
2016-10-05-22-30-00,3,1,2
2016-10-05-22-45-00,1,1,0
2016-10-05-23-00-00,3,0,3
2016-10-05-23-15-00,0,0,0
2016-10-05-23-30-00,1,1,0
2016-10-05-23-45-00,3,1,2
2016-10-06-00-00-00,0,0,0
2016-10-06-00-15-00,0,0,0
2016-10-06-00-30-00,0,0,0
2016-10-06-00-45-00,0,0,0
2016-10-06-01-00-00,0,0,0
2016-10-06-01-15-00,0,0,0
2016-10-06-01-30-00,1,0,1
2016-10-06-01-45-00,0,0,0
2016-10-06-02-00-00,0,0,0
2016-10-06-02-15-00,0,0,0
2016-10-06-02-30-00,0,0,0
2016-10-06-02-45-00,0,0,0
2016-10-06-03-00-00,1,1,0
2016-10-06-03-15-00,0,0,0
2016-10-06-03-30-00,0,0,0
2016-10-06-03-45-00,0,0,0
2016-10-06-04-00-00,0,0,0
2016-10-06-04-15-00,0,0,0
2016-10-06-04-30-00,0,0,0
2016-10-06-04-45-00,0,0,0
2016-10-06-05-00-00,0,0,0
2016-10-06-05-15-00,0,0,0
2016-10-06-05-30-00,3,2,1
2016-10-06-05-45-00,2,0,2
2016-10-06-06-00-00,6,2,4
2016-10-06-06-15-00,8,1,7
2016-10-06-06-30-00,6,2,4
2016-10-06-06-45-00,9,1,8
2016-10-06-07-00-00,25,15,10
2016-10-06-07-15-00,27,8,19
2016-10-06-07-30-00,36,14,22
2016-10-06-07-45-00,47,12,35
2016-10-06-08-00-00,62,13,49
2016-10-06-08-15-00,52,14,38
2016-10-06-08-30-00,43,11,32
2016-10-06-08-45-00,32,5,27
2016-10-06-09-00-00,31,9,22
2016-10-06-09-15-00,20,9,11
2016-10-06-09-30-00,17,5,12
2016-10-06-09-45-00,10,4,6
2016-10-06-10-00-00,16,7,9
2016-10-06-10-15-00,17,4,13
2016-10-06-10-30-00,12,4,8
2016-10-06-10-45-00,13,3,10
2016-10-06-11-00-00,11,5,6
2016-10-06-11-15-00,16,7,9
2016-10-06-11-30-00,19,10,9
2016-10-06-11-45-00,16,9,7
2016-10-06-12-00-00,20,10,10
2016-10-06-12-15-00,14,6,8
2016-10-06-12-30-00,23,14,9
2016-10-06-12-45-00,9,5,4
2016-10-06-13-00-00,16,8,8
2016-10-06-13-15-00,16,7,9
2016-10-06-13-30-00,13,2,11
2016-10-06-13-45-00,19,11,8
2016-10-06-14-00-00,19,13,6
2016-10-06-14-15-00,19,6,13
2016-10-06-14-30-00,14,10,4
2016-10-06-14-45-00,18,7,11
2016-10-06-15-00-00,23,11,12
2016-10-06-15-15-00,22,16,6
2016-10-06-15-30-00,16,11,5
2016-10-06-15-45-00,24,15,9
2016-10-06-16-00-00,30,22,8
2016-10-06-16-15-00,36,24,12
2016-10-06-16-30-00,32,24,8
2016-10-06-16-45-00,39,28,11
2016-10-06-17-00-00,35,21,14
2016-10-06-17-15-00,44,33,11
2016-10-06-17-30-00,39,28,11
2016-10-06-17-45-00,34,20,14
2016-10-06-18-00-00,31,21,10
2016-10-06-18-15-00,37,26,11
2016-10-06-18-30-00,32,21,11
2016-10-06-18-45-00,25,16,9
2016-10-06-19-00-00,12,8,4
2016-10-06-19-15-00,12,9,3
2016-10-06-19-30-00,8,6,2
2016-10-06-19-45-00,8,7,1
2016-10-06-20-00-00,8,4,4
2016-10-06-20-15-00,3,2,1
2016-10-06-20-30-00,3,2,1
2016-10-06-20-45-00,4,0,4
2016-10-06-21-00-00,3,3,0
2016-10-06-21-15-00,3,1,2
2016-10-06-21-30-00,2,0,2
2016-10-06-21-45-00,3,3,0
2016-10-06-22-00-00,10,7,3
2016-10-06-22-15-00,3,1,2
2016-10-06-22-30-00,3,2,1
2016-10-06-22-45-00,0,0,0
2016-10-06-23-00-00,0,0,0
2016-10-06-23-15-00,2,0,2
2016-10-06-23-30-00,4,2,2
2016-10-06-23-45-00,0,0,0
2016-10-07-00-00-00,0,0,0
2016-10-07-00-15-00,0,0,0
2016-10-07-00-30-00,0,0,0
2016-10-07-00-45-00,0,0,0
2016-10-07-01-00-00,0,0,0
2016-10-07-01-15-00,0,0,0
2016-10-07-01-30-00,0,0,0
2016-10-07-01-45-00,0,0,0
2016-10-07-02-00-00,0,0,0
2016-10-07-02-15-00,0,0,0
2016-10-07-02-30-00,0,0,0
2016-10-07-02-45-00,0,0,0
2016-10-07-03-00-00,0,0,0
2016-10-07-03-15-00,0,0,0
2016-10-07-03-30-00,0,0,0
2016-10-07-03-45-00,0,0,0
2016-10-07-04-00-00,0,0,0
2016-10-07-04-15-00,1,1,0
2016-10-07-04-30-00,0,0,0
2016-10-07-04-45-00,0,0,0
2016-10-07-05-00-00,1,0,1
2016-10-07-05-15-00,1,1,0
2016-10-07-05-30-00,1,1,0
2016-10-07-05-45-00,4,1,3
2016-10-07-06-00-00,3,1,2
2016-10-07-06-15-00,5,1,4
2016-10-07-06-30-00,6,1,5
2016-10-07-06-45-00,10,5,5
2016-10-07-07-00-00,14,5,9
2016-10-07-07-15-00,23,10,13
2016-10-07-07-30-00,30,10,20
2016-10-07-07-45-00,37,3,34
2016-10-07-08-00-00,47,13,34
2016-10-07-08-15-00,31,9,22
2016-10-07-08-30-00,35,10,25
2016-10-07-08-45-00,37,7,30
2016-10-07-09-00-00,20,5,15
2016-10-07-09-15-00,16,5,11
2016-10-07-09-30-00,11,2,9
2016-10-07-09-45-00,12,5,7
2016-10-07-10-00-00,5,4,1
2016-10-07-10-15-00,19,4,15
2016-10-07-10-30-00,7,3,4
2016-10-07-10-45-00,12,9,3
2016-10-07-11-00-00,8,2,6
2016-10-07-11-15-00,13,8,5
2016-10-07-11-30-00,3,2,1
2016-10-07-11-45-00,4,1,3
2016-10-07-12-00-00,12,9,3
2016-10-07-12-15-00,16,10,6
2016-10-07-12-30-00,9,2,7
2016-10-07-12-45-00,10,3,7
2016-10-07-13-00-00,9,6,3
2016-10-07-13-15-00,20,7,13
2016-10-07-13-30-00,18,11,7
2016-10-07-13-45-00,10,5,5
2016-10-07-14-00-00,21,12,9
2016-10-07-14-15-00,8,6,2
2016-10-07-14-30-00,17,14,3
2016-10-07-14-45-00,28,19,9
2016-10-07-15-00-00,33,23,10
2016-10-07-15-15-00,37,25,12
2016-10-07-15-30-00,28,24,4
2016-10-07-15-45-00,23,15,8
2016-10-07-16-00-00,31,18,13
2016-10-07-16-15-00,39,29,10
2016-10-07-16-30-00,24,17,7
2016-10-07-16-45-00,31,16,15
2016-10-07-17-00-00,22,14,8
2016-10-07-17-15-00,33,21,12
2016-10-07-17-30-00,31,21,10
2016-10-07-17-45-00,23,17,6
2016-10-07-18-00-00,27,16,11
2016-10-07-18-15-00,21,13,8
2016-10-07-18-30-00,16,5,11
2016-10-07-18-45-00,11,8,3
2016-10-07-19-00-00,15,8,7
2016-10-07-19-15-00,10,7,3
2016-10-07-19-30-00,8,4,4
2016-10-07-19-45-00,4,0,4
2016-10-07-20-00-00,5,5,0
2016-10-07-20-15-00,5,5,0
2016-10-07-20-30-00,4,2,2
2016-10-07-20-45-00,1,1,0
2016-10-07-21-00-00,2,2,0
2016-10-07-21-15-00,2,1,1
2016-10-07-21-30-00,1,0,1
2016-10-07-21-45-00,0,0,0
2016-10-07-22-00-00,1,0,1
2016-10-07-22-15-00,8,3,5
2016-10-07-22-30-00,2,2,0
2016-10-07-22-45-00,1,0,1
2016-10-07-23-00-00,0,0,0
2016-10-07-23-15-00,0,0,0
2016-10-07-23-30-00,0,0,0
2016-10-07-23-45-00,0,0,0
2016-10-08-00-00-00,0,0,0
2016-10-08-00-15-00,0,0,0
2016-10-08-00-30-00,1,0,1
2016-10-08-00-45-00,0,0,0
2016-10-08-01-00-00,0,0,0
2016-10-08-01-15-00,1,0,1
2016-10-08-01-30-00,1,0,1
2016-10-08-01-45-00,0,0,0
2016-10-08-02-00-00,3,1,2
2016-10-08-02-15-00,0,0,0
2016-10-08-02-30-00,0,0,0
2016-10-08-02-45-00,0,0,0
2016-10-08-03-00-00,0,0,0
2016-10-08-03-15-00,0,0,0
2016-10-08-03-30-00,0,0,0
2016-10-08-03-45-00,0,0,0
2016-10-08-04-00-00,0,0,0
2016-10-08-04-15-00,0,0,0
2016-10-08-04-30-00,0,0,0
2016-10-08-04-45-00,0,0,0
2016-10-08-05-00-00,0,0,0
2016-10-08-05-15-00,2,0,2
2016-10-08-05-30-00,0,0,0
2016-10-08-05-45-00,0,0,0
2016-10-08-06-00-00,2,1,1
2016-10-08-06-15-00,0,0,0
2016-10-08-06-30-00,0,0,0
2016-10-08-06-45-00,0,0,0
2016-10-08-07-00-00,0,0,0
2016-10-08-07-15-00,1,1,0
2016-10-08-07-30-00,0,0,0
2016-10-08-07-45-00,1,1,0
2016-10-08-08-00-00,4,1,3
2016-10-08-08-15-00,3,2,1
2016-10-08-08-30-00,4,4,0
2016-10-08-08-45-00,6,5,1
2016-10-08-09-00-00,3,3,0
2016-10-08-09-15-00,5,2,3
2016-10-08-09-30-00,5,1,4
2016-10-08-09-45-00,9,8,1
2016-10-08-10-00-00,6,1,5
2016-10-08-10-15-00,11,2,9
2016-10-08-10-30-00,6,4,2
2016-10-08-10-45-00,17,7,10
2016-10-08-11-00-00,16,10,6
2016-10-08-11-15-00,15,7,8
2016-10-08-11-30-00,18,14,4
2016-10-08-11-45-00,37,16,21
2016-10-08-12-00-00,22,11,11
2016-10-08-12-15-00,18,9,9
2016-10-08-12-30-00,21,10,11
2016-10-08-12-45-00,18,11,7
2016-10-08-13-00-00,36,24,12
2016-10-08-13-15-00,26,12,14
2016-10-08-13-30-00,19,10,9
2016-10-08-13-45-00,32,15,17
2016-10-08-14-00-00,45,19,26
2016-10-08-14-15-00,25,8,17
2016-10-08-14-30-00,21,4,17
2016-10-08-14-45-00,22,11,11
2016-10-08-15-00-00,17,5,12
2016-10-08-15-15-00,35,14,21
2016-10-08-15-30-00,30,13,17
2016-10-08-15-45-00,31,25,6
2016-10-08-16-00-00,32,18,14
2016-10-08-16-15-00,29,16,13
2016-10-08-16-30-00,39,21,18
2016-10-08-16-45-00,25,11,14
2016-10-08-17-00-00,40,19,21
2016-10-08-17-15-00,37,22,15
2016-10-08-17-30-00,36,19,17
2016-10-08-17-45-00,42,19,23
2016-10-08-18-00-00,27,13,14
2016-10-08-18-15-00,28,17,11
2016-10-08-18-30-00,27,21,6
2016-10-08-18-45-00,19,11,8
2016-10-08-19-00-00,24,17,7
2016-10-08-19-15-00,7,2,5
2016-10-08-19-30-00,6,2,4
2016-10-08-19-45-00,13,9,4
2016-10-08-20-00-00,3,0,3
2016-10-08-20-15-00,8,4,4
2016-10-08-20-30-00,3,1,2
2016-10-08-20-45-00,3,2,1
2016-10-08-21-00-00,2,2,0
2016-10-08-21-15-00,1,0,1
2016-10-08-21-30-00,1,0,1
2016-10-08-21-45-00,1,1,0
2016-10-08-22-00-00,2,0,2
2016-10-08-22-15-00,3,2,1
2016-10-08-22-30-00,5,3,2
2016-10-08-22-45-00,3,3,0
2016-10-08-23-00-00,1,1,0
2016-10-08-23-15-00,1,1,0
2016-10-08-23-30-00,0,0,0
2016-10-08-23-45-00,1,1,0
2016-10-09-00-00-00,0,0,0
2016-10-09-00-15-00,0,0,0
2016-10-09-00-30-00,0,0,0
2016-10-09-00-45-00,2,0,2
2016-10-09-01-00-00,1,0,1
2016-10-09-01-15-00,0,0,0
2016-10-09-01-30-00,0,0,0
2016-10-09-01-45-00,0,0,0
2016-10-09-02-00-00,1,0,1
2016-10-09-02-15-00,1,1,0
2016-10-09-02-30-00,1,1,0
2016-10-09-02-45-00,2,0,2
2016-10-09-03-00-00,0,0,0
2016-10-09-03-15-00,0,0,0
2016-10-09-03-30-00,0,0,0
2016-10-09-03-45-00,0,0,0
2016-10-09-04-00-00,1,1,0
2016-10-09-04-15-00,0,0,0
2016-10-09-04-30-00,2,2,0
2016-10-09-04-45-00,0,0,0
2016-10-09-05-00-00,0,0,0
2016-10-09-05-15-00,0,0,0
2016-10-09-05-30-00,1,0,1
2016-10-09-05-45-00,1,0,1
2016-10-09-06-00-00,0,0,0
2016-10-09-06-15-00,2,0,2
2016-10-09-06-30-00,1,0,1
2016-10-09-06-45-00,0,0,0
2016-10-09-07-00-00,0,0,0
2016-10-09-07-15-00,1,1,0
2016-10-09-07-30-00,0,0,0
2016-10-09-07-45-00,6,1,5
2016-10-09-08-00-00,5,1,4
2016-10-09-08-15-00,4,3,1
2016-10-09-08-30-00,3,2,1
2016-10-09-08-45-00,9,2,7
2016-10-09-09-00-00,9,4,5
2016-10-09-09-15-00,13,8,5
2016-10-09-09-30-00,14,3,11
2016-10-09-09-45-00,17,8,9
2016-10-09-10-00-00,18,6,12
2016-10-09-10-15-00,22,9,13
2016-10-09-10-30-00,31,12,19
2016-10-09-10-45-00,41,25,16
2016-10-09-11-00-00,33,9,24
2016-10-09-11-15-00,46,17,29
2016-10-09-11-30-00,34,13,21
2016-10-09-11-45-00,38,18,20
2016-10-09-12-00-00,50,25,25
2016-10-09-12-15-00,67,28,39
2016-10-09-12-30-00,45,31,14
2016-10-09-12-45-00,37,10,27
2016-10-09-13-00-00,59,25,34
2016-10-09-13-15-00,67,24,43
2016-10-09-13-30-00,85,39,46
2016-10-09-13-45-00,97,35,62
2016-10-09-14-00-00,63,34,29
2016-10-09-14-15-00,76,39,37
2016-10-09-14-30-00,97,56,41
2016-10-09-14-45-00,80,35,45
2016-10-09-15-00-00,79,48,31
2016-10-09-15-15-00,58,31,27
2016-10-09-15-30-00,48,22,26
2016-10-09-15-45-00,74,43,31
2016-10-09-16-00-00,54,39,15
2016-10-09-16-15-00,66,38,28
2016-10-09-16-30-00,47,30,17
2016-10-09-16-45-00,42,30,12
2016-10-09-17-00-00,44,28,16
2016-10-09-17-15-00,51,39,12
2016-10-09-17-30-00,35,15,20
2016-10-09-17-45-00,33,19,14
2016-10-09-18-00-00,22,15,7
2016-10-09-18-15-00,25,8,17
2016-10-09-18-30-00,20,7,13
2016-10-09-18-45-00,17,12,5
2016-10-09-19-00-00,10,5,5
2016-10-09-19-15-00,5,3,2
2016-10-09-19-30-00,8,4,4
2016-10-09-19-45-00,3,2,1
2016-10-09-20-00-00,2,1,1
2016-10-09-20-15-00,3,0,3
2016-10-09-20-30-00,5,5,0
2016-10-09-20-45-00,1,0,1
2016-10-09-21-00-00,0,0,0
2016-10-09-21-15-00,0,0,0
2016-10-09-21-30-00,1,1,0
2016-10-09-21-45-00,6,6,0
2016-10-09-22-00-00,0,0,0
2016-10-09-22-15-00,0,0,0
2016-10-09-22-30-00,1,0,1
2016-10-09-22-45-00,1,1,0
2016-10-09-23-00-00,1,1,0
2016-10-09-23-15-00,1,0,1
2016-10-09-23-30-00,0,0,0
2016-10-09-23-45-00,1,0,1
2016-10-10-00-00-00,0,0,0
2016-10-10-00-15-00,0,0,0
2016-10-10-00-30-00,0,0,0
2016-10-10-00-45-00,0,0,0
2016-10-10-01-00-00,1,1,0
2016-10-10-01-15-00,0,0,0
2016-10-10-01-30-00,0,0,0
2016-10-10-01-45-00,0,0,0
2016-10-10-02-00-00,0,0,0
2016-10-10-02-15-00,0,0,0
2016-10-10-02-30-00,0,0,0
2016-10-10-02-45-00,0,0,0
2016-10-10-03-00-00,0,0,0
2016-10-10-03-15-00,0,0,0
2016-10-10-03-30-00,0,0,0
2016-10-10-03-45-00,0,0,0
2016-10-10-04-00-00,0,0,0
2016-10-10-04-15-00,0,0,0
2016-10-10-04-30-00,0,0,0
2016-10-10-04-45-00,0,0,0
2016-10-10-05-00-00,1,0,1
2016-10-10-05-15-00,1,0,1
2016-10-10-05-30-00,2,0,2
2016-10-10-05-45-00,4,2,2
2016-10-10-06-00-00,6,3,3
2016-10-10-06-15-00,6,1,5
2016-10-10-06-30-00,6,2,4
2016-10-10-06-45-00,13,5,8
2016-10-10-07-00-00,14,4,10
2016-10-10-07-15-00,18,8,10
2016-10-10-07-30-00,20,5,15
2016-10-10-07-45-00,25,3,22
2016-10-10-08-00-00,27,5,22
2016-10-10-08-15-00,34,4,30
2016-10-10-08-30-00,32,7,25
2016-10-10-08-45-00,40,10,30
2016-10-10-09-00-00,36,5,31
2016-10-10-09-15-00,26,5,21
2016-10-10-09-30-00,13,1,12
2016-10-10-09-45-00,12,4,8
2016-10-10-10-00-00,10,4,6
2016-10-10-10-15-00,14,7,7
2016-10-10-10-30-00,6,2,4
2016-10-10-10-45-00,7,3,4
2016-10-10-11-00-00,9,6,3
2016-10-10-11-15-00,14,11,3
2016-10-10-11-30-00,6,2,4
2016-10-10-11-45-00,15,6,9
2016-10-10-12-00-00,12,5,7
2016-10-10-12-15-00,9,5,4
2016-10-10-12-30-00,9,3,6
2016-10-10-12-45-00,5,0,5
2016-10-10-13-00-00,8,6,2
2016-10-10-13-15-00,12,7,5
2016-10-10-13-30-00,12,9,3
2016-10-10-13-45-00,10,4,6
2016-10-10-14-00-00,6,3,3
2016-10-10-14-15-00,16,9,7
2016-10-10-14-30-00,17,7,10
2016-10-10-14-45-00,14,9,5
2016-10-10-15-00-00,20,16,4
2016-10-10-15-15-00,18,9,9
2016-10-10-15-30-00,29,20,9
2016-10-10-15-45-00,26,18,8
2016-10-10-16-00-00,21,10,11
2016-10-10-16-15-00,40,28,12
2016-10-10-16-30-00,44,24,20
2016-10-10-16-45-00,55,29,26
2016-10-10-17-00-00,47,26,21
2016-10-10-17-15-00,66,49,17
2016-10-10-17-30-00,47,37,10
2016-10-10-17-45-00,44,32,12
2016-10-10-18-00-00,31,19,12
2016-10-10-18-15-00,35,20,15
2016-10-10-18-30-00,31,21,10
2016-10-10-18-45-00,33,27,6
2016-10-10-19-00-00,15,11,4
2016-10-10-19-15-00,15,12,3
2016-10-10-19-30-00,9,7,2
2016-10-10-19-45-00,7,5,2
2016-10-10-20-00-00,3,3,0
2016-10-10-20-15-00,3,3,0
2016-10-10-20-30-00,1,0,1
2016-10-10-20-45-00,2,1,1
2016-10-10-21-00-00,3,2,1
2016-10-10-21-15-00,3,2,1
2016-10-10-21-30-00,0,0,0
2016-10-10-21-45-00,2,1,1
2016-10-10-22-00-00,1,0,1
2016-10-10-22-15-00,2,2,0
2016-10-10-22-30-00,3,0,3
2016-10-10-22-45-00,0,0,0
2016-10-10-23-00-00,1,1,0
2016-10-10-23-15-00,0,0,0
2016-10-10-23-30-00,0,0,0
2016-10-10-23-45-00,0,0,0
2016-10-11-00-00-00,0,0,0
2016-10-11-00-15-00,0,0,0
2016-10-11-00-30-00,0,0,0
2016-10-11-00-45-00,0,0,0
2016-10-11-01-00-00,0,0,0
2016-10-11-01-15-00,0,0,0
2016-10-11-01-30-00,0,0,0
2016-10-11-01-45-00,0,0,0
2016-10-11-02-00-00,1,0,1
2016-10-11-02-15-00,0,0,0
2016-10-11-02-30-00,0,0,0
2016-10-11-02-45-00,0,0,0
2016-10-11-03-00-00,0,0,0
2016-10-11-03-15-00,0,0,0
2016-10-11-03-30-00,0,0,0
2016-10-11-03-45-00,0,0,0
2016-10-11-04-00-00,0,0,0
2016-10-11-04-15-00,0,0,0
2016-10-11-04-30-00,0,0,0
2016-10-11-04-45-00,0,0,0
2016-10-11-05-00-00,0,0,0
2016-10-11-05-15-00,0,0,0
2016-10-11-05-30-00,0,0,0
2016-10-11-05-45-00,2,0,2
2016-10-11-06-00-00,3,0,3
2016-10-11-06-15-00,8,4,4
2016-10-11-06-30-00,7,1,6
2016-10-11-06-45-00,8,5,3
2016-10-11-07-00-00,12,4,8
2016-10-11-07-15-00,6,2,4
2016-10-11-07-30-00,29,10,19
2016-10-11-07-45-00,31,10,21
2016-10-11-08-00-00,47,9,38
2016-10-11-08-15-00,42,7,35
2016-10-11-08-30-00,39,6,33
2016-10-11-08-45-00,34,4,30
2016-10-11-09-00-00,27,6,21
2016-10-11-09-15-00,15,5,10
2016-10-11-09-30-00,12,1,11
2016-10-11-09-45-00,14,4,10
2016-10-11-10-00-00,8,5,3
2016-10-11-10-15-00,4,2,2
2016-10-11-10-30-00,16,15,1
2016-10-11-10-45-00,11,6,5
2016-10-11-11-00-00,3,0,3
2016-10-11-11-15-00,10,4,6
2016-10-11-11-30-00,7,4,3
2016-10-11-11-45-00,7,6,1
2016-10-11-12-00-00,9,7,2
2016-10-11-12-15-00,12,9,3
2016-10-11-12-30-00,7,1,6
2016-10-11-12-45-00,6,3,3
2016-10-11-13-00-00,6,2,4
2016-10-11-13-15-00,10,6,4
2016-10-11-13-30-00,15,4,11
2016-10-11-13-45-00,11,4,7
2016-10-11-14-00-00,17,8,9
2016-10-11-14-15-00,27,15,12
2016-10-11-14-30-00,16,3,13
2016-10-11-14-45-00,45,24,21
2016-10-11-15-00-00,24,13,11
2016-10-11-15-15-00,23,12,11
2016-10-11-15-30-00,24,11,13
2016-10-11-15-45-00,41,25,16
2016-10-11-16-00-00,19,13,6
2016-10-11-16-15-00,33,18,15
2016-10-11-16-30-00,35,20,15
2016-10-11-16-45-00,47,29,18
2016-10-11-17-00-00,50,35,15
2016-10-11-17-15-00,50,39,11
2016-10-11-17-30-00,50,42,8
2016-10-11-17-45-00,47,34,13
2016-10-11-18-00-00,38,23,15
2016-10-11-18-15-00,28,20,8
2016-10-11-18-30-00,23,13,10
2016-10-11-18-45-00,35,20,15
2016-10-11-19-00-00,35,26,9
2016-10-11-19-15-00,18,12,6
2016-10-11-19-30-00,12,10,2
2016-10-11-19-45-00,7,6,1
2016-10-11-20-00-00,3,1,2
2016-10-11-20-15-00,3,3,0
2016-10-11-20-30-00,6,4,2
2016-10-11-20-45-00,3,1,2
2016-10-11-21-00-00,5,2,3
2016-10-11-21-15-00,5,3,2
2016-10-11-21-30-00,2,2,0
2016-10-11-21-45-00,0,0,0
2016-10-11-22-00-00,1,0,1
2016-10-11-22-15-00,5,0,5
2016-10-11-22-30-00,3,1,2
2016-10-11-22-45-00,2,2,0
2016-10-11-23-00-00,1,0,1
2016-10-11-23-15-00,0,0,0
2016-10-11-23-30-00,1,1,0
2016-10-11-23-45-00,0,0,0
2016-10-12-00-00-00,0,0,0
2016-10-12-00-15-00,0,0,0
2016-10-12-00-30-00,0,0,0
2016-10-12-00-45-00,0,0,0
2016-10-12-01-00-00,1,1,0
2016-10-12-01-15-00,0,0,0
2016-10-12-01-30-00,0,0,0
2016-10-12-01-45-00,0,0,0
2016-10-12-02-00-00,0,0,0
2016-10-12-02-15-00,0,0,0
2016-10-12-02-30-00,1,0,1
2016-10-12-02-45-00,0,0,0
2016-10-12-03-00-00,0,0,0
2016-10-12-03-15-00,0,0,0
2016-10-12-03-30-00,1,1,0
2016-10-12-03-45-00,0,0,0
2016-10-12-04-00-00,0,0,0
2016-10-12-04-15-00,0,0,0
2016-10-12-04-30-00,0,0,0
2016-10-12-04-45-00,3,3,0
2016-10-12-05-00-00,0,0,0
2016-10-12-05-15-00,0,0,0
2016-10-12-05-30-00,2,0,2
2016-10-12-05-45-00,3,0,3
2016-10-12-06-00-00,3,2,1
2016-10-12-06-15-00,7,2,5
2016-10-12-06-30-00,5,3,2
2016-10-12-06-45-00,10,4,6
2016-10-12-07-00-00,11,2,9
2016-10-12-07-15-00,11,4,7
2016-10-12-07-30-00,17,4,13
2016-10-12-07-45-00,26,5,21
2016-10-12-08-00-00,28,5,23
2016-10-12-08-15-00,23,5,18
2016-10-12-08-30-00,29,4,25
2016-10-12-08-45-00,26,4,22
2016-10-12-09-00-00,27,9,18
2016-10-12-09-15-00,13,4,9
2016-10-12-09-30-00,7,2,5
2016-10-12-09-45-00,12,3,9
2016-10-12-10-00-00,18,7,11
2016-10-12-10-15-00,18,7,11
2016-10-12-10-30-00,13,8,5
2016-10-12-10-45-00,11,5,6
2016-10-12-11-00-00,11,8,3
2016-10-12-11-15-00,7,2,5
2016-10-12-11-30-00,10,2,8
2016-10-12-11-45-00,6,3,3
2016-10-12-12-00-00,12,6,6
2016-10-12-12-15-00,8,5,3
2016-10-12-12-30-00,12,5,7
2016-10-12-12-45-00,9,5,4
2016-10-12-13-00-00,11,3,8
2016-10-12-13-15-00,9,4,5
2016-10-12-13-30-00,17,12,5
2016-10-12-13-45-00,9,5,4
2016-10-12-14-00-00,7,3,4
2016-10-12-14-15-00,19,14,5
2016-10-12-14-30-00,23,8,15
2016-10-12-14-45-00,8,7,1
2016-10-12-15-00-00,15,11,4
2016-10-12-15-15-00,21,14,7
2016-10-12-15-30-00,19,10,9
2016-10-12-15-45-00,18,11,7
2016-10-12-16-00-00,24,14,10
2016-10-12-16-15-00,31,25,6
2016-10-12-16-30-00,28,23,5
2016-10-12-16-45-00,24,11,13
2016-10-12-17-00-00,32,21,11
2016-10-12-17-15-00,44,29,15
2016-10-12-17-30-00,27,21,6
2016-10-12-17-45-00,37,29,8
2016-10-12-18-00-00,25,16,9
2016-10-12-18-15-00,27,17,10
2016-10-12-18-30-00,26,17,9
2016-10-12-18-45-00,18,12,6
2016-10-12-19-00-00,12,12,0
2016-10-12-19-15-00,34,29,5
2016-10-12-19-30-00,16,9,7
2016-10-12-19-45-00,12,7,5
2016-10-12-20-00-00,9,6,3
2016-10-12-20-15-00,1,1,0
2016-10-12-20-30-00,5,5,0
2016-10-12-20-45-00,1,1,0
2016-10-12-21-00-00,1,1,0
2016-10-12-21-15-00,5,3,2
2016-10-12-21-30-00,0,0,0
2016-10-12-21-45-00,1,0,1
2016-10-12-22-00-00,0,0,0
2016-10-12-22-15-00,6,3,3
2016-10-12-22-30-00,2,2,0
2016-10-12-22-45-00,0,0,0
2016-10-12-23-00-00,2,2,0
2016-10-12-23-15-00,1,1,0
2016-10-12-23-30-00,0,0,0
2016-10-12-23-45-00,0,0,0
2016-10-13-00-00-00,1,0,1
2016-10-13-00-15-00,0,0,0
2016-10-13-00-30-00,0,0,0
2016-10-13-00-45-00,1,0,1
2016-10-13-01-00-00,0,0,0
2016-10-13-01-15-00,0,0,0
2016-10-13-01-30-00,0,0,0
2016-10-13-01-45-00,0,0,0
2016-10-13-02-00-00,0,0,0
2016-10-13-02-15-00,0,0,0
2016-10-13-02-30-00,0,0,0
2016-10-13-02-45-00,2,2,0
2016-10-13-03-00-00,0,0,0
2016-10-13-03-15-00,0,0,0
2016-10-13-03-30-00,0,0,0
2016-10-13-03-45-00,0,0,0
2016-10-13-04-00-00,0,0,0
2016-10-13-04-15-00,0,0,0
2016-10-13-04-30-00,0,0,0
2016-10-13-04-45-00,0,0,0
2016-10-13-05-00-00,0,0,0
2016-10-13-05-15-00,0,0,0
2016-10-13-05-30-00,1,0,1
2016-10-13-05-45-00,1,0,1
2016-10-13-06-00-00,2,0,2
2016-10-13-06-15-00,7,1,6
2016-10-13-06-30-00,7,1,6
2016-10-13-06-45-00,11,5,6
2016-10-13-07-00-00,15,4,11
2016-10-13-07-15-00,17,7,10
2016-10-13-07-30-00,27,11,16
2016-10-13-07-45-00,30,5,25
2016-10-13-08-00-00,46,12,34
2016-10-13-08-15-00,45,7,38
2016-10-13-08-30-00,33,7,26
2016-10-13-08-45-00,47,7,40
2016-10-13-09-00-00,30,5,25
2016-10-13-09-15-00,20,3,17
2016-10-13-09-30-00,12,9,3
2016-10-13-09-45-00,14,7,7
2016-10-13-10-00-00,15,7,8
2016-10-13-10-15-00,13,3,10
2016-10-13-10-30-00,4,4,0
2016-10-13-10-45-00,10,8,2
2016-10-13-11-00-00,8,3,5
2016-10-13-11-15-00,13,9,4
2016-10-13-11-30-00,22,15,7
2016-10-13-11-45-00,9,1,8
2016-10-13-12-00-00,14,1,13
2016-10-13-12-15-00,7,2,5
2016-10-13-12-30-00,10,7,3
2016-10-13-12-45-00,11,4,7
2016-10-13-13-00-00,15,12,3
2016-10-13-13-15-00,13,8,5
2016-10-13-13-30-00,30,21,9
2016-10-13-13-45-00,9,5,4
2016-10-13-14-00-00,12,8,4
2016-10-13-14-15-00,21,15,6
2016-10-13-14-30-00,23,13,10
2016-10-13-14-45-00,25,13,12
2016-10-13-15-00-00,19,12,7
2016-10-13-15-15-00,21,15,6
2016-10-13-15-30-00,26,16,10
2016-10-13-15-45-00,33,21,12
2016-10-13-16-00-00,39,24,15
2016-10-13-16-15-00,43,29,14
2016-10-13-16-30-00,40,26,14
2016-10-13-16-45-00,44,32,12
2016-10-13-17-00-00,34,21,13
2016-10-13-17-15-00,48,35,13
2016-10-13-17-30-00,38,28,10
2016-10-13-17-45-00,36,23,13
2016-10-13-18-00-00,44,26,18
2016-10-13-18-15-00,32,25,7
2016-10-13-18-30-00,25,18,7
2016-10-13-18-45-00,27,22,5
2016-10-13-19-00-00,23,13,10
2016-10-13-19-15-00,11,7,4
2016-10-13-19-30-00,14,9,5
2016-10-13-19-45-00,8,6,2
2016-10-13-20-00-00,6,4,2
2016-10-13-20-15-00,9,3,6
2016-10-13-20-30-00,0,0,0
2016-10-13-20-45-00,5,4,1
2016-10-13-21-00-00,6,5,1
2016-10-13-21-15-00,3,3,0
2016-10-13-21-30-00,3,2,1
2016-10-13-21-45-00,2,1,1
2016-10-13-22-00-00,3,0,3
2016-10-13-22-15-00,2,1,1
2016-10-13-22-30-00,4,1,3
2016-10-13-22-45-00,2,1,1
2016-10-13-23-00-00,1,0,1
2016-10-13-23-15-00,0,0,0
2016-10-13-23-30-00,1,1,0
2016-10-13-23-45-00,0,0,0
2016-10-14-00-00-00,1,1,0
2016-10-14-00-15-00,0,0,0
2016-10-14-00-30-00,1,0,1
2016-10-14-00-45-00,0,0,0
2016-10-14-01-00-00,0,0,0
2016-10-14-01-15-00,0,0,0
2016-10-14-01-30-00,0,0,0
2016-10-14-01-45-00,0,0,0
2016-10-14-02-00-00,0,0,0
2016-10-14-02-15-00,0,0,0
2016-10-14-02-30-00,0,0,0
2016-10-14-02-45-00,0,0,0
2016-10-14-03-00-00,0,0,0
2016-10-14-03-15-00,0,0,0
2016-10-14-03-30-00,0,0,0
2016-10-14-03-45-00,0,0,0
2016-10-14-04-00-00,0,0,0
2016-10-14-04-15-00,1,0,1
2016-10-14-04-30-00,0,0,0
2016-10-14-04-45-00,0,0,0
2016-10-14-05-00-00,0,0,0
2016-10-14-05-15-00,2,0,2
2016-10-14-05-30-00,2,1,1
2016-10-14-05-45-00,3,0,3
2016-10-14-06-00-00,1,1,0
2016-10-14-06-15-00,4,1,3
2016-10-14-06-30-00,7,4,3
2016-10-14-06-45-00,5,0,5
2016-10-14-07-00-00,11,1,10
2016-10-14-07-15-00,15,5,10
2016-10-14-07-30-00,13,3,10
2016-10-14-07-45-00,24,4,20
2016-10-14-08-00-00,28,6,22
2016-10-14-08-15-00,39,8,31
2016-10-14-08-30-00,38,7,31
2016-10-14-08-45-00,34,6,28
2016-10-14-09-00-00,28,4,24
2016-10-14-09-15-00,21,7,14
2016-10-14-09-30-00,7,2,5
2016-10-14-09-45-00,16,6,10
2016-10-14-10-00-00,5,1,4
2016-10-14-10-15-00,8,6,2
2016-10-14-10-30-00,15,8,7
2016-10-14-10-45-00,17,10,7
2016-10-14-11-00-00,10,5,5
2016-10-14-11-15-00,13,7,6
2016-10-14-11-30-00,14,8,6
2016-10-14-11-45-00,29,9,20
2016-10-14-12-00-00,9,5,4
2016-10-14-12-15-00,13,7,6
2016-10-14-12-30-00,18,6,12
2016-10-14-12-45-00,13,7,6
2016-10-14-13-00-00,20,10,10
2016-10-14-13-15-00,30,15,15
2016-10-14-13-30-00,15,10,5
2016-10-14-13-45-00,15,9,6
2016-10-14-14-00-00,16,10,6
2016-10-14-14-15-00,16,9,7
2016-10-14-14-30-00,22,15,7
2016-10-14-14-45-00,32,25,7
2016-10-14-15-00-00,31,26,5
2016-10-14-15-15-00,31,17,14
2016-10-14-15-30-00,38,24,14
2016-10-14-15-45-00,41,36,5
2016-10-14-16-00-00,48,40,8
2016-10-14-16-15-00,28,20,8
2016-10-14-16-30-00,30,18,12
2016-10-14-16-45-00,40,24,16
2016-10-14-17-00-00,29,19,10
2016-10-14-17-15-00,28,20,8
2016-10-14-17-30-00,31,19,12
2016-10-14-17-45-00,32,21,11
2016-10-14-18-00-00,17,12,5
2016-10-14-18-15-00,22,12,10
2016-10-14-18-30-00,8,5,3
2016-10-14-18-45-00,22,12,10
2016-10-14-19-00-00,13,8,5
2016-10-14-19-15-00,16,12,4
2016-10-14-19-30-00,7,2,5
2016-10-14-19-45-00,6,5,1
2016-10-14-20-00-00,11,11,0
2016-10-14-20-15-00,3,2,1
2016-10-14-20-30-00,2,1,1
2016-10-14-20-45-00,3,3,0
2016-10-14-21-00-00,0,0,0
2016-10-14-21-15-00,1,1,0
2016-10-14-21-30-00,2,1,1
2016-10-14-21-45-00,1,1,0
2016-10-14-22-00-00,1,0,1
2016-10-14-22-15-00,1,1,0
2016-10-14-22-30-00,3,1,2
2016-10-14-22-45-00,1,1,0
2016-10-14-23-00-00,3,2,1
2016-10-14-23-15-00,0,0,0
2016-10-14-23-30-00,0,0,0
2016-10-14-23-45-00,0,0,0
2016-10-15-00-00-00,1,1,0
2016-10-15-00-15-00,2,0,2
2016-10-15-00-30-00,1,1,0
2016-10-15-00-45-00,0,0,0
2016-10-15-01-00-00,0,0,0
2016-10-15-01-15-00,1,0,1
2016-10-15-01-30-00,0,0,0
2016-10-15-01-45-00,0,0,0
2016-10-15-02-00-00,0,0,0
2016-10-15-02-15-00,0,0,0
2016-10-15-02-30-00,0,0,0
2016-10-15-02-45-00,0,0,0
2016-10-15-03-00-00,1,0,1
2016-10-15-03-15-00,1,0,1
2016-10-15-03-30-00,0,0,0
2016-10-15-03-45-00,1,0,1
2016-10-15-04-00-00,0,0,0
2016-10-15-04-15-00,3,2,1
2016-10-15-04-30-00,1,0,1
2016-10-15-04-45-00,1,0,1
2016-10-15-05-00-00,0,0,0
2016-10-15-05-15-00,0,0,0
2016-10-15-05-30-00,1,1,0
2016-10-15-05-45-00,1,0,1
2016-10-15-06-00-00,2,0,2
2016-10-15-06-15-00,1,1,0
2016-10-15-06-30-00,2,1,1
2016-10-15-06-45-00,0,0,0
2016-10-15-07-00-00,3,1,2
2016-10-15-07-15-00,2,1,1
2016-10-15-07-30-00,4,1,3
2016-10-15-07-45-00,1,1,0
2016-10-15-08-00-00,6,2,4
2016-10-15-08-15-00,5,3,2
2016-10-15-08-30-00,11,5,6
2016-10-15-08-45-00,6,2,4
2016-10-15-09-00-00,6,3,3
2016-10-15-09-15-00,9,2,7
2016-10-15-09-30-00,9,6,3
2016-10-15-09-45-00,13,7,6
2016-10-15-10-00-00,9,2,7
2016-10-15-10-15-00,5,1,4
2016-10-15-10-30-00,18,6,12
2016-10-15-10-45-00,17,11,6
2016-10-15-11-00-00,13,2,11
2016-10-15-11-15-00,17,2,15
2016-10-15-11-30-00,25,15,10
2016-10-15-11-45-00,31,9,22
2016-10-15-12-00-00,19,10,9
2016-10-15-12-15-00,22,9,13
2016-10-15-12-30-00,17,6,11
2016-10-15-12-45-00,28,8,20
2016-10-15-13-00-00,23,15,8
2016-10-15-13-15-00,19,8,11
2016-10-15-13-30-00,23,13,10
2016-10-15-13-45-00,20,10,10
2016-10-15-14-00-00,26,13,13
2016-10-15-14-15-00,31,16,15
2016-10-15-14-30-00,27,18,9
2016-10-15-14-45-00,26,15,11
2016-10-15-15-00-00,44,28,16
2016-10-15-15-15-00,28,22,6
2016-10-15-15-30-00,31,20,11
2016-10-15-15-45-00,30,15,15
2016-10-15-16-00-00,42,28,14
2016-10-15-16-15-00,62,27,35
2016-10-15-16-30-00,55,28,27
2016-10-15-16-45-00,54,24,30
2016-10-15-17-00-00,51,22,29
2016-10-15-17-15-00,52,27,25
2016-10-15-17-30-00,29,14,15
2016-10-15-17-45-00,40,26,14
2016-10-15-18-00-00,24,14,10
2016-10-15-18-15-00,30,24,6
2016-10-15-18-30-00,18,8,10
2016-10-15-18-45-00,23,14,9
2016-10-15-19-00-00,11,3,8
2016-10-15-19-15-00,6,4,2
2016-10-15-19-30-00,16,10,6
2016-10-15-19-45-00,5,3,2
2016-10-15-20-00-00,14,12,2
2016-10-15-20-15-00,4,1,3
2016-10-15-20-30-00,7,6,1
2016-10-15-20-45-00,0,0,0
2016-10-15-21-00-00,4,1,3
2016-10-15-21-15-00,2,2,0
2016-10-15-21-30-00,3,0,3
2016-10-15-21-45-00,2,1,1
2016-10-15-22-00-00,0,0,0
2016-10-15-22-15-00,2,0,2
2016-10-15-22-30-00,3,1,2
2016-10-15-22-45-00,0,0,0
2016-10-15-23-00-00,3,2,1
2016-10-15-23-15-00,1,1,0
2016-10-15-23-30-00,0,0,0
2016-10-15-23-45-00,0,0,0
2016-10-16-00-00-00,3,2,1
2016-10-16-00-15-00,0,0,0
2016-10-16-00-30-00,2,0,2
2016-10-16-00-45-00,0,0,0
2016-10-16-01-00-00,0,0,0
2016-10-16-01-15-00,1,1,0
2016-10-16-01-30-00,1,1,0
2016-10-16-01-45-00,1,1,0
2016-10-16-02-00-00,0,0,0
2016-10-16-02-15-00,0,0,0
2016-10-16-02-30-00,1,1,0
2016-10-16-02-45-00,1,1,0
2016-10-16-03-00-00,0,0,0
2016-10-16-03-15-00,0,0,0
2016-10-16-03-30-00,0,0,0
2016-10-16-03-45-00,0,0,0
2016-10-16-04-00-00,0,0,0
2016-10-16-04-15-00,0,0,0
2016-10-16-04-30-00,1,0,1
2016-10-16-04-45-00,1,1,0
2016-10-16-05-00-00,0,0,0
2016-10-16-05-15-00,0,0,0
2016-10-16-05-30-00,0,0,0
2016-10-16-05-45-00,0,0,0
2016-10-16-06-00-00,0,0,0
2016-10-16-06-15-00,2,1,1
2016-10-16-06-30-00,0,0,0
2016-10-16-06-45-00,0,0,0
2016-10-16-07-00-00,2,0,2
2016-10-16-07-15-00,1,0,1
2016-10-16-07-30-00,2,1,1
2016-10-16-07-45-00,2,0,2
2016-10-16-08-00-00,2,0,2
2016-10-16-08-15-00,7,4,3
2016-10-16-08-30-00,6,4,2
2016-10-16-08-45-00,20,14,6
2016-10-16-09-00-00,16,11,5
2016-10-16-09-15-00,17,5,12
2016-10-16-09-30-00,10,3,7
2016-10-16-09-45-00,18,12,6
2016-10-16-10-00-00,28,16,12
2016-10-16-10-15-00,25,13,12
2016-10-16-10-30-00,29,13,16
2016-10-16-10-45-00,44,18,26
2016-10-16-11-00-00,36,17,19
2016-10-16-11-15-00,57,10,47
2016-10-16-11-30-00,65,27,38
2016-10-16-11-45-00,70,23,47
2016-10-16-12-00-00,59,22,37
2016-10-16-12-15-00,93,38,55
2016-10-16-12-30-00,102,35,67
2016-10-16-12-45-00,127,44,83
2016-10-16-13-00-00,95,28,67
2016-10-16-13-15-00,119,32,87
2016-10-16-13-30-00,131,60,71
2016-10-16-13-45-00,129,62,67
2016-10-16-14-00-00,111,61,50
2016-10-16-14-15-00,152,89,63
2016-10-16-14-30-00,155,67,88
2016-10-16-14-45-00,161,78,83
2016-10-16-15-00-00,166,103,63
2016-10-16-15-15-00,139,77,62
2016-10-16-15-30-00,157,95,62
2016-10-16-15-45-00,143,79,64
2016-10-16-16-00-00,162,83,79
2016-10-16-16-15-00,137,83,54
2016-10-16-16-30-00,105,59,46
2016-10-16-16-45-00,127,87,40
2016-10-16-17-00-00,116,66,50
2016-10-16-17-15-00,100,69,31
2016-10-16-17-30-00,100,68,32
2016-10-16-17-45-00,81,56,25
2016-10-16-18-00-00,88,55,33
2016-10-16-18-15-00,67,51,16
2016-10-16-18-30-00,44,29,15
2016-10-16-18-45-00,54,34,20
2016-10-16-19-00-00,15,12,3
2016-10-16-19-15-00,19,14,5
2016-10-16-19-30-00,7,6,1
2016-10-16-19-45-00,4,3,1
2016-10-16-20-00-00,2,1,1
2016-10-16-20-15-00,5,2,3
2016-10-16-20-30-00,6,5,1
2016-10-16-20-45-00,6,4,2
2016-10-16-21-00-00,5,2,3
2016-10-16-21-15-00,2,2,0
2016-10-16-21-30-00,3,3,0
2016-10-16-21-45-00,2,0,2
2016-10-16-22-00-00,2,0,2
2016-10-16-22-15-00,3,1,2
2016-10-16-22-30-00,0,0,0
2016-10-16-22-45-00,0,0,0
2016-10-16-23-00-00,0,0,0
2016-10-16-23-15-00,0,0,0
2016-10-16-23-30-00,1,1,0
2016-10-16-23-45-00,0,0,0
2016-10-17-00-00-00,0,0,0
2016-10-17-00-15-00,0,0,0
2016-10-17-00-30-00,1,1,0
2016-10-17-00-45-00,0,0,0
2016-10-17-01-00-00,0,0,0
2016-10-17-01-15-00,0,0,0
2016-10-17-01-30-00,2,2,0
2016-10-17-01-45-00,0,0,0
2016-10-17-02-00-00,0,0,0
2016-10-17-02-15-00,0,0,0
2016-10-17-02-30-00,0,0,0
2016-10-17-02-45-00,0,0,0
2016-10-17-03-00-00,0,0,0
2016-10-17-03-15-00,0,0,0
2016-10-17-03-30-00,1,1,0
2016-10-17-03-45-00,0,0,0
2016-10-17-04-00-00,0,0,0
2016-10-17-04-15-00,0,0,0
2016-10-17-04-30-00,0,0,0
2016-10-17-04-45-00,1,0,1
2016-10-17-05-00-00,0,0,0
2016-10-17-05-15-00,0,0,0
2016-10-17-05-30-00,2,1,1
2016-10-17-05-45-00,5,1,4
2016-10-17-06-00-00,2,0,2
2016-10-17-06-15-00,5,1,4
2016-10-17-06-30-00,5,1,4
2016-10-17-06-45-00,8,3,5
2016-10-17-07-00-00,15,7,8
2016-10-17-07-15-00,19,7,12
2016-10-17-07-30-00,18,8,10
2016-10-17-07-45-00,40,8,32
2016-10-17-08-00-00,30,10,20
2016-10-17-08-15-00,47,10,37
2016-10-17-08-30-00,52,12,40
2016-10-17-08-45-00,37,7,30
2016-10-17-09-00-00,24,7,17
2016-10-17-09-15-00,26,7,19
2016-10-17-09-30-00,24,7,17
2016-10-17-09-45-00,11,3,8
2016-10-17-10-00-00,13,3,10
2016-10-17-10-15-00,11,4,7
2016-10-17-10-30-00,14,9,5
2016-10-17-10-45-00,14,3,11
2016-10-17-11-00-00,12,9,3
2016-10-17-11-15-00,17,11,6
2016-10-17-11-30-00,18,8,10
2016-10-17-11-45-00,18,9,9
2016-10-17-12-00-00,19,10,9
2016-10-17-12-15-00,11,4,7
2016-10-17-12-30-00,24,6,18
2016-10-17-12-45-00,9,5,4
2016-10-17-13-00-00,22,8,14
2016-10-17-13-15-00,21,12,9
2016-10-17-13-30-00,20,12,8
2016-10-17-13-45-00,27,15,12
2016-10-17-14-00-00,10,7,3
2016-10-17-14-15-00,21,12,9
2016-10-17-14-30-00,19,7,12
2016-10-17-14-45-00,24,12,12
2016-10-17-15-00-00,17,8,9
2016-10-17-15-15-00,27,10,17
2016-10-17-15-30-00,22,16,6
2016-10-17-15-45-00,18,14,4
2016-10-17-16-00-00,26,19,7
2016-10-17-16-15-00,28,17,11
2016-10-17-16-30-00,42,23,19
2016-10-17-16-45-00,32,23,9
2016-10-17-17-00-00,41,26,15
2016-10-17-17-15-00,52,34,18
2016-10-17-17-30-00,48,38,10
2016-10-17-17-45-00,46,27,19
2016-10-17-18-00-00,40,24,16
2016-10-17-18-15-00,34,27,7
2016-10-17-18-30-00,33,20,13
2016-10-17-18-45-00,29,21,8
2016-10-17-19-00-00,20,15,5
2016-10-17-19-15-00,18,14,4
2016-10-17-19-30-00,10,8,2
2016-10-17-19-45-00,13,9,4
2016-10-17-20-00-00,4,4,0
2016-10-17-20-15-00,7,5,2
2016-10-17-20-30-00,4,2,2
2016-10-17-20-45-00,5,2,3
2016-10-17-21-00-00,4,3,1
2016-10-17-21-15-00,1,1,0
2016-10-17-21-30-00,4,2,2
2016-10-17-21-45-00,0,0,0
2016-10-17-22-00-00,0,0,0
2016-10-17-22-15-00,0,0,0
2016-10-17-22-30-00,4,2,2
2016-10-17-22-45-00,0,0,0
2016-10-17-23-00-00,0,0,0
2016-10-17-23-15-00,1,1,0
2016-10-17-23-30-00,0,0,0
2016-10-17-23-45-00,0,0,0
2016-10-18-00-00-00,2,1,1
2016-10-18-00-15-00,0,0,0
2016-10-18-00-30-00,1,0,1
2016-10-18-00-45-00,0,0,0
2016-10-18-01-00-00,0,0,0
2016-10-18-01-15-00,1,1,0
2016-10-18-01-30-00,0,0,0
2016-10-18-01-45-00,0,0,0
2016-10-18-02-00-00,0,0,0
2016-10-18-02-15-00,0,0,0
2016-10-18-02-30-00,0,0,0
2016-10-18-02-45-00,0,0,0
2016-10-18-03-00-00,0,0,0
2016-10-18-03-15-00,0,0,0
2016-10-18-03-30-00,1,1,0
2016-10-18-03-45-00,0,0,0
2016-10-18-04-00-00,0,0,0
2016-10-18-04-15-00,0,0,0
2016-10-18-04-30-00,0,0,0
2016-10-18-04-45-00,0,0,0
2016-10-18-05-00-00,0,0,0
2016-10-18-05-15-00,0,0,0
2016-10-18-05-30-00,1,1,0
2016-10-18-05-45-00,1,0,1
2016-10-18-06-00-00,2,1,1
2016-10-18-06-15-00,6,1,5
2016-10-18-06-30-00,8,2,6
2016-10-18-06-45-00,11,3,8
2016-10-18-07-00-00,17,4,13
2016-10-18-07-15-00,19,9,10
2016-10-18-07-30-00,26,8,18
2016-10-18-07-45-00,36,6,30
2016-10-18-08-00-00,46,6,40
2016-10-18-08-15-00,37,8,29
2016-10-18-08-30-00,54,11,43
2016-10-18-08-45-00,44,7,37
2016-10-18-09-00-00,33,7,26
2016-10-18-09-15-00,24,7,17
2016-10-18-09-30-00,11,4,7
2016-10-18-09-45-00,10,2,8
2016-10-18-10-00-00,15,8,7
2016-10-18-10-15-00,10,4,6
2016-10-18-10-30-00,20,4,16
2016-10-18-10-45-00,18,7,11
2016-10-18-11-00-00,28,13,15
2016-10-18-11-15-00,25,11,14
2016-10-18-11-30-00,32,15,17
2016-10-18-11-45-00,26,15,11
2016-10-18-12-00-00,27,16,11
2016-10-18-12-15-00,37,22,15
2016-10-18-12-30-00,32,12,20
2016-10-18-12-45-00,33,15,18
2016-10-18-13-00-00,29,18,11
2016-10-18-13-15-00,34,14,20
2016-10-18-13-30-00,31,17,14
2016-10-18-13-45-00,27,13,14
2016-10-18-14-00-00,23,10,13
2016-10-18-14-15-00,32,19,13
2016-10-18-14-30-00,41,26,15
2016-10-18-14-45-00,37,18,19
2016-10-18-15-00-00,32,17,15
2016-10-18-15-15-00,30,16,14
2016-10-18-15-30-00,29,22,7
2016-10-18-15-45-00,28,18,10
2016-10-18-16-00-00,30,19,11
2016-10-18-16-15-00,38,25,13
2016-10-18-16-30-00,35,25,10
2016-10-18-16-45-00,38,18,20
2016-10-18-17-00-00,63,39,24
2016-10-18-17-15-00,53,37,16
2016-10-18-17-30-00,55,33,22
2016-10-18-17-45-00,47,40,7
2016-10-18-18-00-00,41,21,20
2016-10-18-18-15-00,30,19,11
2016-10-18-18-30-00,37,25,12
2016-10-18-18-45-00,20,15,5
2016-10-18-19-00-00,21,13,8
2016-10-18-19-15-00,11,8,3
2016-10-18-19-30-00,10,8,2
2016-10-18-19-45-00,7,3,4
2016-10-18-20-00-00,1,1,0
2016-10-18-20-15-00,5,3,2
2016-10-18-20-30-00,5,3,2
2016-10-18-20-45-00,3,3,0
2016-10-18-21-00-00,1,1,0
2016-10-18-21-15-00,1,0,1
2016-10-18-21-30-00,3,2,1
2016-10-18-21-45-00,4,4,0
2016-10-18-22-00-00,1,1,0
2016-10-18-22-15-00,1,0,1
2016-10-18-22-30-00,0,0,0
2016-10-18-22-45-00,0,0,0
2016-10-18-23-00-00,1,1,0
2016-10-18-23-15-00,0,0,0
2016-10-18-23-30-00,0,0,0
2016-10-18-23-45-00,0,0,0
2016-10-19-00-00-00,1,1,0
2016-10-19-00-15-00,0,0,0
2016-10-19-00-30-00,0,0,0
2016-10-19-00-45-00,0,0,0
2016-10-19-01-00-00,0,0,0
2016-10-19-01-15-00,0,0,0
2016-10-19-01-30-00,0,0,0
2016-10-19-01-45-00,0,0,0
2016-10-19-02-00-00,0,0,0
2016-10-19-02-15-00,0,0,0
2016-10-19-02-30-00,1,1,0
2016-10-19-02-45-00,0,0,0
2016-10-19-03-00-00,0,0,0
2016-10-19-03-15-00,0,0,0
2016-10-19-03-30-00,0,0,0
2016-10-19-03-45-00,0,0,0
2016-10-19-04-00-00,1,1,0
2016-10-19-04-15-00,0,0,0
2016-10-19-04-30-00,0,0,0
2016-10-19-04-45-00,0,0,0
2016-10-19-05-00-00,0,0,0
2016-10-19-05-15-00,0,0,0
2016-10-19-05-30-00,1,0,1
2016-10-19-05-45-00,3,1,2
2016-10-19-06-00-00,0,0,0
2016-10-19-06-15-00,5,1,4
2016-10-19-06-30-00,4,3,1
2016-10-19-06-45-00,4,1,3
2016-10-19-07-00-00,12,5,7
2016-10-19-07-15-00,11,3,8
2016-10-19-07-30-00,21,6,15
2016-10-19-07-45-00,32,8,24
2016-10-19-08-00-00,28,8,20
2016-10-19-08-15-00,29,4,25
2016-10-19-08-30-00,33,11,22
2016-10-19-08-45-00,30,2,28
2016-10-19-09-00-00,18,4,14
2016-10-19-09-15-00,12,6,6
2016-10-19-09-30-00,14,5,9
2016-10-19-09-45-00,19,4,15
2016-10-19-10-00-00,10,3,7
2016-10-19-10-15-00,5,3,2
2016-10-19-10-30-00,2,0,2
2016-10-19-10-45-00,3,1,2
2016-10-19-11-00-00,9,6,3
2016-10-19-11-15-00,11,6,5
2016-10-19-11-30-00,7,4,3
2016-10-19-11-45-00,3,2,1
2016-10-19-12-00-00,5,3,2
2016-10-19-12-15-00,4,2,2
2016-10-19-12-30-00,2,2,0
2016-10-19-12-45-00,7,3,4
2016-10-19-13-00-00,0,0,0
2016-10-19-13-15-00,7,2,5
2016-10-19-13-30-00,7,4,3
2016-10-19-13-45-00,6,4,2
2016-10-19-14-00-00,6,5,1
2016-10-19-14-15-00,5,3,2
2016-10-19-14-30-00,23,4,19
2016-10-19-14-45-00,5,3,2
2016-10-19-15-00-00,7,6,1
2016-10-19-15-15-00,8,5,3
2016-10-19-15-30-00,8,3,5
2016-10-19-15-45-00,14,8,6
2016-10-19-16-00-00,8,8,0
2016-10-19-16-15-00,14,12,2
2016-10-19-16-30-00,17,14,3
2016-10-19-16-45-00,21,12,9
2016-10-19-17-00-00,20,14,6
2016-10-19-17-15-00,30,21,9
2016-10-19-17-30-00,23,18,5
2016-10-19-17-45-00,15,11,4
2016-10-19-18-00-00,21,14,7
2016-10-19-18-15-00,31,24,7
2016-10-19-18-30-00,21,18,3
2016-10-19-18-45-00,15,10,5
2016-10-19-19-00-00,10,8,2
2016-10-19-19-15-00,17,12,5
2016-10-19-19-30-00,10,7,3
2016-10-19-19-45-00,6,4,2
2016-10-19-20-00-00,4,3,1
2016-10-19-20-15-00,4,1,3
2016-10-19-20-30-00,7,6,1
2016-10-19-20-45-00,4,3,1
2016-10-19-21-00-00,3,3,0
2016-10-19-21-15-00,0,0,0
2016-10-19-21-30-00,0,0,0
2016-10-19-21-45-00,1,1,0
2016-10-19-22-00-00,1,0,1
2016-10-19-22-15-00,4,2,2
2016-10-19-22-30-00,0,0,0
2016-10-19-22-45-00,1,1,0
2016-10-19-23-00-00,1,0,1
2016-10-19-23-15-00,0,0,0
2016-10-19-23-30-00,0,0,0
2016-10-19-23-45-00,0,0,0
2016-10-20-00-00-00,0,0,0
2016-10-20-00-15-00,2,0,2
2016-10-20-00-30-00,1,1,0
2016-10-20-00-45-00,0,0,0
2016-10-20-01-00-00,0,0,0
2016-10-20-01-15-00,0,0,0
2016-10-20-01-30-00,1,1,0
2016-10-20-01-45-00,0,0,0
2016-10-20-02-00-00,0,0,0
2016-10-20-02-15-00,0,0,0
2016-10-20-02-30-00,0,0,0
2016-10-20-02-45-00,0,0,0
2016-10-20-03-00-00,0,0,0
2016-10-20-03-15-00,0,0,0
2016-10-20-03-30-00,0,0,0
2016-10-20-03-45-00,0,0,0
2016-10-20-04-00-00,0,0,0
2016-10-20-04-15-00,0,0,0
2016-10-20-04-30-00,0,0,0
2016-10-20-04-45-00,0,0,0
2016-10-20-05-00-00,0,0,0
2016-10-20-05-15-00,0,0,0
2016-10-20-05-30-00,2,0,2
2016-10-20-05-45-00,2,1,1
2016-10-20-06-00-00,3,3,0
2016-10-20-06-15-00,5,1,4
2016-10-20-06-30-00,5,1,4
2016-10-20-06-45-00,1,0,1
2016-10-20-07-00-00,10,3,7
2016-10-20-07-15-00,10,2,8
2016-10-20-07-30-00,16,4,12
2016-10-20-07-45-00,22,3,19
2016-10-20-08-00-00,19,5,14
2016-10-20-08-15-00,22,3,19
2016-10-20-08-30-00,29,12,17
2016-10-20-08-45-00,23,1,22
2016-10-20-09-00-00,21,7,14
2016-10-20-09-15-00,9,3,6
2016-10-20-09-30-00,19,4,15
2016-10-20-09-45-00,12,3,9
2016-10-20-10-00-00,5,1,4
2016-10-20-10-15-00,12,8,4
2016-10-20-10-30-00,9,5,4
2016-10-20-10-45-00,5,2,3
2016-10-20-11-00-00,4,4,0
2016-10-20-11-15-00,12,10,2
2016-10-20-11-30-00,5,4,1
2016-10-20-11-45-00,3,0,3
2016-10-20-12-00-00,4,1,3
2016-10-20-12-15-00,1,0,1
2016-10-20-12-30-00,0,0,0
2016-10-20-12-45-00,3,0,3
2016-10-20-13-00-00,4,2,2
2016-10-20-13-15-00,6,2,4
2016-10-20-13-30-00,2,1,1
2016-10-20-13-45-00,0,0,0
2016-10-20-14-00-00,9,8,1
2016-10-20-14-15-00,5,4,1
2016-10-20-14-30-00,4,4,0
2016-10-20-14-45-00,7,6,1
2016-10-20-15-00-00,2,0,2
2016-10-20-15-15-00,11,9,2
2016-10-20-15-30-00,2,2,0
2016-10-20-15-45-00,10,8,2
2016-10-20-16-00-00,10,8,2
2016-10-20-16-15-00,11,10,1
2016-10-20-16-30-00,19,14,5
2016-10-20-16-45-00,17,12,5
2016-10-20-17-00-00,22,14,8
2016-10-20-17-15-00,28,21,7
2016-10-20-17-30-00,18,11,7
2016-10-20-17-45-00,21,17,4
2016-10-20-18-00-00,11,8,3
2016-10-20-18-15-00,14,9,5
2016-10-20-18-30-00,9,9,0
2016-10-20-18-45-00,6,3,3
2016-10-20-19-00-00,8,6,2
2016-10-20-19-15-00,3,2,1
2016-10-20-19-30-00,6,6,0
2016-10-20-19-45-00,4,0,4
2016-10-20-20-00-00,4,3,1
2016-10-20-20-15-00,3,2,1
2016-10-20-20-30-00,1,0,1
2016-10-20-20-45-00,4,3,1
2016-10-20-21-00-00,1,1,0
2016-10-20-21-15-00,1,0,1
2016-10-20-21-30-00,1,0,1
2016-10-20-21-45-00,1,1,0
2016-10-20-22-00-00,0,0,0
2016-10-20-22-15-00,2,0,2
2016-10-20-22-30-00,0,0,0
2016-10-20-22-45-00,0,0,0
2016-10-20-23-00-00,0,0,0
2016-10-20-23-15-00,0,0,0
2016-10-20-23-30-00,0,0,0
2016-10-20-23-45-00,2,2,0
2016-10-21-00-00-00,0,0,0
2016-10-21-00-15-00,0,0,0
2016-10-21-00-30-00,0,0,0
2016-10-21-00-45-00,0,0,0
2016-10-21-01-00-00,0,0,0
2016-10-21-01-15-00,0,0,0
2016-10-21-01-30-00,0,0,0
2016-10-21-01-45-00,0,0,0
2016-10-21-02-00-00,0,0,0
2016-10-21-02-15-00,1,1,0
2016-10-21-02-30-00,0,0,0
2016-10-21-02-45-00,0,0,0
2016-10-21-03-00-00,1,0,1
2016-10-21-03-15-00,0,0,0
2016-10-21-03-30-00,0,0,0
2016-10-21-03-45-00,0,0,0
2016-10-21-04-00-00,0,0,0
2016-10-21-04-15-00,0,0,0
2016-10-21-04-30-00,0,0,0
2016-10-21-04-45-00,0,0,0
2016-10-21-05-00-00,0,0,0
2016-10-21-05-15-00,1,0,1
2016-10-21-05-30-00,0,0,0
2016-10-21-05-45-00,2,0,2
2016-10-21-06-00-00,2,1,1
2016-10-21-06-15-00,6,1,5
2016-10-21-06-30-00,4,1,3
2016-10-21-06-45-00,5,2,3
2016-10-21-07-00-00,10,3,7
2016-10-21-07-15-00,8,5,3
2016-10-21-07-30-00,18,3,15
2016-10-21-07-45-00,23,4,19
2016-10-21-08-00-00,22,6,16
2016-10-21-08-15-00,21,4,17
2016-10-21-08-30-00,28,6,22
2016-10-21-08-45-00,36,6,30
2016-10-21-09-00-00,16,4,12
2016-10-21-09-15-00,10,3,7
2016-10-21-09-30-00,12,1,11
2016-10-21-09-45-00,9,0,9
2016-10-21-10-00-00,2,0,2
2016-10-21-10-15-00,17,9,8
2016-10-21-10-30-00,9,6,3
2016-10-21-10-45-00,10,5,5
2016-10-21-11-00-00,15,5,10
2016-10-21-11-15-00,17,10,7
2016-10-21-11-30-00,10,5,5
2016-10-21-11-45-00,8,6,2
2016-10-21-12-00-00,14,8,6
2016-10-21-12-15-00,16,7,9
2016-10-21-12-30-00,5,4,1
2016-10-21-12-45-00,12,9,3
2016-10-21-13-00-00,11,5,6
2016-10-21-13-15-00,10,8,2
2016-10-21-13-30-00,20,13,7
2016-10-21-13-45-00,9,4,5
2016-10-21-14-00-00,14,11,3
2016-10-21-14-15-00,18,15,3
2016-10-21-14-30-00,17,13,4
2016-10-21-14-45-00,16,10,6
2016-10-21-15-00-00,28,20,8
2016-10-21-15-15-00,26,20,6
2016-10-21-15-30-00,19,11,8
2016-10-21-15-45-00,24,11,13
2016-10-21-16-00-00,42,32,10
2016-10-21-16-15-00,24,18,6
2016-10-21-16-30-00,21,17,4
2016-10-21-16-45-00,20,11,9
2016-10-21-17-00-00,21,11,10
2016-10-21-17-15-00,17,9,8
2016-10-21-17-30-00,21,11,10
2016-10-21-17-45-00,23,14,9
2016-10-21-18-00-00,12,8,4
2016-10-21-18-15-00,17,10,7
2016-10-21-18-30-00,15,11,4
2016-10-21-18-45-00,12,5,7
2016-10-21-19-00-00,4,3,1
2016-10-21-19-15-00,7,7,0
2016-10-21-19-30-00,7,6,1
2016-10-21-19-45-00,7,4,3
2016-10-21-20-00-00,2,1,1
2016-10-21-20-15-00,2,1,1
2016-10-21-20-30-00,2,0,2
2016-10-21-20-45-00,0,0,0
2016-10-21-21-00-00,2,1,1
2016-10-21-21-15-00,3,0,3
2016-10-21-21-30-00,1,1,0
2016-10-21-21-45-00,1,1,0
2016-10-21-22-00-00,0,0,0
2016-10-21-22-15-00,0,0,0
2016-10-21-22-30-00,0,0,0
2016-10-21-22-45-00,1,1,0
2016-10-21-23-00-00,4,3,1
2016-10-21-23-15-00,0,0,0
2016-10-21-23-30-00,3,3,0
2016-10-21-23-45-00,0,0,0
2016-10-22-00-00-00,0,0,0
2016-10-22-00-15-00,0,0,0
2016-10-22-00-30-00,1,1,0
2016-10-22-00-45-00,0,0,0
2016-10-22-01-00-00,0,0,0
2016-10-22-01-15-00,1,1,0
2016-10-22-01-30-00,1,0,1
2016-10-22-01-45-00,0,0,0
2016-10-22-02-00-00,0,0,0
2016-10-22-02-15-00,0,0,0
2016-10-22-02-30-00,0,0,0
2016-10-22-02-45-00,1,1,0
2016-10-22-03-00-00,0,0,0
2016-10-22-03-15-00,0,0,0
2016-10-22-03-30-00,0,0,0
2016-10-22-03-45-00,0,0,0
2016-10-22-04-00-00,0,0,0
2016-10-22-04-15-00,1,0,1
2016-10-22-04-30-00,1,1,0
2016-10-22-04-45-00,0,0,0
2016-10-22-05-00-00,0,0,0
2016-10-22-05-15-00,0,0,0
2016-10-22-05-30-00,0,0,0
2016-10-22-05-45-00,0,0,0
2016-10-22-06-00-00,0,0,0
2016-10-22-06-15-00,0,0,0
2016-10-22-06-30-00,0,0,0
2016-10-22-06-45-00,1,1,0
2016-10-22-07-00-00,3,2,1
2016-10-22-07-15-00,2,0,2
2016-10-22-07-30-00,1,0,1
2016-10-22-07-45-00,1,0,1
2016-10-22-08-00-00,3,2,1
2016-10-22-08-15-00,4,4,0
2016-10-22-08-30-00,4,3,1
2016-10-22-08-45-00,3,0,3
2016-10-22-09-00-00,0,0,0
2016-10-22-09-15-00,3,2,1
2016-10-22-09-30-00,3,2,1
2016-10-22-09-45-00,18,6,12
2016-10-22-10-00-00,4,2,2
2016-10-22-10-15-00,3,1,2
2016-10-22-10-30-00,7,7,0
2016-10-22-10-45-00,15,10,5
2016-10-22-11-00-00,1,1,0
2016-10-22-11-15-00,9,6,3
2016-10-22-11-30-00,6,3,3
2016-10-22-11-45-00,6,3,3
2016-10-22-12-00-00,17,16,1
2016-10-22-12-15-00,8,1,7
2016-10-22-12-30-00,12,5,7
2016-10-22-12-45-00,13,4,9
2016-10-22-13-00-00,10,8,2
2016-10-22-13-15-00,9,5,4
2016-10-22-13-30-00,9,8,1
2016-10-22-13-45-00,11,6,5
2016-10-22-14-00-00,5,0,5
2016-10-22-14-15-00,3,2,1
2016-10-22-14-30-00,15,7,8
2016-10-22-14-45-00,8,6,2
2016-10-22-15-00-00,14,8,6
2016-10-22-15-15-00,9,5,4
2016-10-22-15-30-00,18,7,11
2016-10-22-15-45-00,17,4,13
2016-10-22-16-00-00,15,7,8
2016-10-22-16-15-00,17,11,6
2016-10-22-16-30-00,21,10,11
2016-10-22-16-45-00,20,6,14
2016-10-22-17-00-00,13,7,6
2016-10-22-17-15-00,7,5,2
2016-10-22-17-30-00,22,14,8
2016-10-22-17-45-00,23,18,5
2016-10-22-18-00-00,12,5,7
2016-10-22-18-15-00,12,5,7
2016-10-22-18-30-00,9,5,4
2016-10-22-18-45-00,13,9,4
2016-10-22-19-00-00,9,3,6
2016-10-22-19-15-00,4,2,2
2016-10-22-19-30-00,6,2,4
2016-10-22-19-45-00,2,1,1
2016-10-22-20-00-00,3,2,1
2016-10-22-20-15-00,3,2,1
2016-10-22-20-30-00,4,3,1
2016-10-22-20-45-00,1,1,0
2016-10-22-21-00-00,1,1,0
2016-10-22-21-15-00,1,0,1
2016-10-22-21-30-00,2,1,1
2016-10-22-21-45-00,2,1,1
2016-10-22-22-00-00,1,0,1
2016-10-22-22-15-00,0,0,0
2016-10-22-22-30-00,0,0,0
2016-10-22-22-45-00,2,1,1
2016-10-22-23-00-00,0,0,0
2016-10-22-23-15-00,1,0,1
2016-10-22-23-30-00,0,0,0
2016-10-22-23-45-00,0,0,0
2016-10-23-00-00-00,1,1,0
2016-10-23-00-15-00,1,0,1
2016-10-23-00-30-00,1,1,0
2016-10-23-00-45-00,1,0,1
2016-10-23-01-00-00,1,1,0
2016-10-23-01-15-00,0,0,0
2016-10-23-01-30-00,0,0,0
2016-10-23-01-45-00,1,1,0
2016-10-23-02-00-00,0,0,0
2016-10-23-02-15-00,1,0,1
2016-10-23-02-30-00,0,0,0
2016-10-23-02-45-00,1,1,0
2016-10-23-03-00-00,0,0,0
2016-10-23-03-15-00,0,0,0
2016-10-23-03-30-00,0,0,0
2016-10-23-03-45-00,1,1,0
2016-10-23-04-00-00,0,0,0
2016-10-23-04-15-00,0,0,0
2016-10-23-04-30-00,0,0,0
2016-10-23-04-45-00,0,0,0
2016-10-23-05-00-00,0,0,0
2016-10-23-05-15-00,0,0,0
2016-10-23-05-30-00,1,1,0
2016-10-23-05-45-00,0,0,0
2016-10-23-06-00-00,1,0,1
2016-10-23-06-15-00,0,0,0
2016-10-23-06-30-00,0,0,0
2016-10-23-06-45-00,0,0,0
2016-10-23-07-00-00,1,1,0
2016-10-23-07-15-00,0,0,0
2016-10-23-07-30-00,0,0,0
2016-10-23-07-45-00,2,1,1
2016-10-23-08-00-00,5,4,1
2016-10-23-08-15-00,3,1,2
2016-10-23-08-30-00,8,3,5
2016-10-23-08-45-00,5,3,2
2016-10-23-09-00-00,13,6,7
2016-10-23-09-15-00,8,1,7
2016-10-23-09-30-00,17,10,7
2016-10-23-09-45-00,6,1,5
2016-10-23-10-00-00,13,7,6
2016-10-23-10-15-00,27,11,16
2016-10-23-10-30-00,17,6,11
2016-10-23-10-45-00,38,13,25
2016-10-23-11-00-00,25,10,15
2016-10-23-11-15-00,29,15,14
2016-10-23-11-30-00,23,8,15
2016-10-23-11-45-00,19,10,9
2016-10-23-12-00-00,25,14,11
2016-10-23-12-15-00,23,8,15
2016-10-23-12-30-00,23,5,18
2016-10-23-12-45-00,24,9,15
2016-10-23-13-00-00,18,8,10
2016-10-23-13-15-00,23,16,7
2016-10-23-13-30-00,42,18,24
2016-10-23-13-45-00,50,13,37
2016-10-23-14-00-00,31,15,16
2016-10-23-14-15-00,47,22,25
2016-10-23-14-30-00,49,29,20
2016-10-23-14-45-00,56,23,33
2016-10-23-15-00-00,67,39,28
2016-10-23-15-15-00,61,28,33
2016-10-23-15-30-00,49,24,25
2016-10-23-15-45-00,73,47,26
2016-10-23-16-00-00,48,24,24
2016-10-23-16-15-00,34,15,19
2016-10-23-16-30-00,35,19,16
2016-10-23-16-45-00,43,24,19
2016-10-23-17-00-00,39,21,18
2016-10-23-17-15-00,37,23,14
2016-10-23-17-30-00,43,28,15
2016-10-23-17-45-00,27,16,11
2016-10-23-18-00-00,33,20,13
2016-10-23-18-15-00,19,11,8
2016-10-23-18-30-00,16,12,4
2016-10-23-18-45-00,14,10,4
2016-10-23-19-00-00,3,2,1
2016-10-23-19-15-00,8,7,1
2016-10-23-19-30-00,2,0,2
2016-10-23-19-45-00,6,3,3
2016-10-23-20-00-00,2,0,2
2016-10-23-20-15-00,4,2,2
2016-10-23-20-30-00,1,0,1
2016-10-23-20-45-00,2,1,1
2016-10-23-21-00-00,0,0,0
2016-10-23-21-15-00,1,1,0
2016-10-23-21-30-00,1,1,0
2016-10-23-21-45-00,0,0,0
2016-10-23-22-00-00,0,0,0
2016-10-23-22-15-00,2,2,0
2016-10-23-22-30-00,1,0,1
2016-10-23-22-45-00,0,0,0
2016-10-23-23-00-00,0,0,0
2016-10-23-23-15-00,1,1,0
2016-10-23-23-30-00,0,0,0
2016-10-23-23-45-00,0,0,0
2016-10-24-00-00-00,0,0,0
2016-10-24-00-15-00,0,0,0
2016-10-24-00-30-00,0,0,0
2016-10-24-00-45-00,0,0,0
2016-10-24-01-00-00,0,0,0
2016-10-24-01-15-00,0,0,0
2016-10-24-01-30-00,0,0,0
2016-10-24-01-45-00,0,0,0
2016-10-24-02-00-00,0,0,0
2016-10-24-02-15-00,0,0,0
2016-10-24-02-30-00,0,0,0
2016-10-24-02-45-00,0,0,0
2016-10-24-03-00-00,0,0,0
2016-10-24-03-15-00,0,0,0
2016-10-24-03-30-00,0,0,0
2016-10-24-03-45-00,0,0,0
2016-10-24-04-00-00,0,0,0
2016-10-24-04-15-00,0,0,0
2016-10-24-04-30-00,0,0,0
2016-10-24-04-45-00,0,0,0
2016-10-24-05-00-00,0,0,0
2016-10-24-05-15-00,0,0,0
2016-10-24-05-30-00,4,1,3
2016-10-24-05-45-00,1,1,0
2016-10-24-06-00-00,2,1,1
2016-10-24-06-15-00,5,3,2
2016-10-24-06-30-00,8,2,6
2016-10-24-06-45-00,7,4,3
2016-10-24-07-00-00,13,7,6
2016-10-24-07-15-00,26,10,16
2016-10-24-07-30-00,25,8,17
2016-10-24-07-45-00,47,15,32
2016-10-24-08-00-00,38,7,31
2016-10-24-08-15-00,44,13,31
2016-10-24-08-30-00,34,5,29
2016-10-24-08-45-00,39,6,33
2016-10-24-09-00-00,26,7,19
2016-10-24-09-15-00,15,5,10
2016-10-24-09-30-00,12,4,8
2016-10-24-09-45-00,9,4,5
2016-10-24-10-00-00,7,2,5
2016-10-24-10-15-00,5,1,4
2016-10-24-10-30-00,2,2,0
2016-10-24-10-45-00,6,2,4
2016-10-24-11-00-00,5,3,2
2016-10-24-11-15-00,4,1,3
2016-10-24-11-30-00,5,1,4
2016-10-24-11-45-00,4,2,2
2016-10-24-12-00-00,1,0,1
2016-10-24-12-15-00,1,1,0
2016-10-24-12-30-00,3,3,0
2016-10-24-12-45-00,6,3,3
2016-10-24-13-00-00,5,4,1
2016-10-24-13-15-00,7,4,3
2016-10-24-13-30-00,7,4,3
2016-10-24-13-45-00,1,1,0
2016-10-24-14-00-00,3,0,3
2016-10-24-14-15-00,7,4,3
2016-10-24-14-30-00,7,4,3
2016-10-24-14-45-00,5,2,3
2016-10-24-15-00-00,13,9,4
2016-10-24-15-15-00,7,5,2
2016-10-24-15-30-00,13,8,5
2016-10-24-15-45-00,8,7,1
2016-10-24-16-00-00,9,7,2
2016-10-24-16-15-00,17,13,4
2016-10-24-16-30-00,31,24,7
2016-10-24-16-45-00,31,20,11
2016-10-24-17-00-00,39,30,9
2016-10-24-17-15-00,21,15,6
2016-10-24-17-30-00,41,28,13
2016-10-24-17-45-00,28,23,5
2016-10-24-18-00-00,16,12,4
2016-10-24-18-15-00,24,21,3
2016-10-24-18-30-00,23,19,4
2016-10-24-18-45-00,18,10,8
2016-10-24-19-00-00,15,11,4
2016-10-24-19-15-00,8,5,3
2016-10-24-19-30-00,7,3,4
2016-10-24-19-45-00,2,1,1
2016-10-24-20-00-00,2,1,1
2016-10-24-20-15-00,3,2,1
2016-10-24-20-30-00,6,1,5
2016-10-24-20-45-00,1,0,1
2016-10-24-21-00-00,2,1,1
2016-10-24-21-15-00,1,0,1
2016-10-24-21-30-00,1,0,1
2016-10-24-21-45-00,0,0,0
2016-10-24-22-00-00,3,2,1
2016-10-24-22-15-00,1,0,1
2016-10-24-22-30-00,1,1,0
2016-10-24-22-45-00,1,1,0
2016-10-24-23-00-00,0,0,0
2016-10-24-23-15-00,0,0,0
2016-10-24-23-30-00,0,0,0
2016-10-24-23-45-00,0,0,0
2016-10-25-00-00-00,0,0,0
2016-10-25-00-15-00,0,0,0
2016-10-25-00-30-00,0,0,0
2016-10-25-00-45-00,0,0,0
2016-10-25-01-00-00,0,0,0
2016-10-25-01-15-00,0,0,0
2016-10-25-01-30-00,0,0,0
2016-10-25-01-45-00,0,0,0
2016-10-25-02-00-00,0,0,0
2016-10-25-02-15-00,0,0,0
2016-10-25-02-30-00,0,0,0
2016-10-25-02-45-00,0,0,0
2016-10-25-03-00-00,0,0,0
2016-10-25-03-15-00,0,0,0
2016-10-25-03-30-00,0,0,0
2016-10-25-03-45-00,0,0,0
2016-10-25-04-00-00,0,0,0
2016-10-25-04-15-00,0,0,0
2016-10-25-04-30-00,0,0,0
2016-10-25-04-45-00,0,0,0
2016-10-25-05-00-00,0,0,0
2016-10-25-05-15-00,1,0,1
2016-10-25-05-30-00,2,0,2
2016-10-25-05-45-00,3,0,3
2016-10-25-06-00-00,4,2,2
2016-10-25-06-15-00,2,0,2
2016-10-25-06-30-00,11,2,9
2016-10-25-06-45-00,10,4,6
2016-10-25-07-00-00,25,12,13
2016-10-25-07-15-00,30,12,18
2016-10-25-07-30-00,26,7,19
2016-10-25-07-45-00,50,14,36
2016-10-25-08-00-00,35,7,28
2016-10-25-08-15-00,55,8,47
2016-10-25-08-30-00,38,11,27
2016-10-25-08-45-00,40,8,32
2016-10-25-09-00-00,34,11,23
2016-10-25-09-15-00,18,1,17
2016-10-25-09-30-00,14,5,9
2016-10-25-09-45-00,8,4,4
2016-10-25-10-00-00,5,2,3
2016-10-25-10-15-00,10,8,2
2016-10-25-10-30-00,4,4,0
2016-10-25-10-45-00,11,6,5
2016-10-25-11-00-00,7,4,3
2016-10-25-11-15-00,5,3,2
2016-10-25-11-30-00,13,6,7
2016-10-25-11-45-00,8,3,5
2016-10-25-12-00-00,11,7,4
2016-10-25-12-15-00,7,5,2
2016-10-25-12-30-00,12,2,10
2016-10-25-12-45-00,6,3,3
2016-10-25-13-00-00,11,9,2
2016-10-25-13-15-00,10,3,7
2016-10-25-13-30-00,14,10,4
2016-10-25-13-45-00,11,7,4
2016-10-25-14-00-00,9,6,3
2016-10-25-14-15-00,17,12,5
2016-10-25-14-30-00,6,2,4
2016-10-25-14-45-00,15,9,6
2016-10-25-15-00-00,18,11,7
2016-10-25-15-15-00,17,11,6
2016-10-25-15-30-00,32,18,14
2016-10-25-15-45-00,14,9,5
2016-10-25-16-00-00,21,18,3
2016-10-25-16-15-00,40,29,11
2016-10-25-16-30-00,27,11,16
2016-10-25-16-45-00,36,24,12
2016-10-25-17-00-00,38,29,9
2016-10-25-17-15-00,39,29,10
2016-10-25-17-30-00,37,28,9
2016-10-25-17-45-00,25,18,7
2016-10-25-18-00-00,20,16,4
2016-10-25-18-15-00,26,18,8
2016-10-25-18-30-00,24,15,9
2016-10-25-18-45-00,20,9,11
2016-10-25-19-00-00,21,10,11
2016-10-25-19-15-00,12,6,6
2016-10-25-19-30-00,10,5,5
2016-10-25-19-45-00,7,4,3
2016-10-25-20-00-00,4,2,2
2016-10-25-20-15-00,9,6,3
2016-10-25-20-30-00,3,1,2
2016-10-25-20-45-00,3,1,2
2016-10-25-21-00-00,5,3,2
2016-10-25-21-15-00,4,2,2
2016-10-25-21-30-00,4,2,2
2016-10-25-21-45-00,2,1,1
2016-10-25-22-00-00,0,0,0
2016-10-25-22-15-00,2,2,0
2016-10-25-22-30-00,1,1,0
2016-10-25-22-45-00,0,0,0
2016-10-25-23-00-00,0,0,0
2016-10-25-23-15-00,0,0,0
2016-10-25-23-30-00,0,0,0
2016-10-25-23-45-00,2,1,1
2016-10-26-00-00-00,0,0,0
2016-10-26-00-15-00,0,0,0
2016-10-26-00-30-00,0,0,0
2016-10-26-00-45-00,0,0,0
2016-10-26-01-00-00,0,0,0
2016-10-26-01-15-00,1,0,1
2016-10-26-01-30-00,0,0,0
2016-10-26-01-45-00,0,0,0
2016-10-26-02-00-00,0,0,0
2016-10-26-02-15-00,2,0,2
2016-10-26-02-30-00,0,0,0
2016-10-26-02-45-00,0,0,0
2016-10-26-03-00-00,0,0,0
2016-10-26-03-15-00,0,0,0
2016-10-26-03-30-00,0,0,0
2016-10-26-03-45-00,0,0,0
2016-10-26-04-00-00,1,1,0
2016-10-26-04-15-00,0,0,0
2016-10-26-04-30-00,0,0,0
2016-10-26-04-45-00,0,0,0
2016-10-26-05-00-00,0,0,0
2016-10-26-05-15-00,0,0,0
2016-10-26-05-30-00,1,0,1
2016-10-26-05-45-00,3,0,3
2016-10-26-06-00-00,5,1,4
2016-10-26-06-15-00,5,3,2
2016-10-26-06-30-00,7,1,6
2016-10-26-06-45-00,13,3,10
2016-10-26-07-00-00,16,5,11
2016-10-26-07-15-00,33,8,25
2016-10-26-07-30-00,29,14,15
2016-10-26-07-45-00,45,10,35
2016-10-26-08-00-00,50,9,41
2016-10-26-08-15-00,39,10,29
2016-10-26-08-30-00,41,8,33
2016-10-26-08-45-00,42,6,36
2016-10-26-09-00-00,30,4,26
2016-10-26-09-15-00,18,2,16
2016-10-26-09-30-00,18,10,8
2016-10-26-09-45-00,11,5,6
2016-10-26-10-00-00,14,7,7
2016-10-26-10-15-00,13,5,8
2016-10-26-10-30-00,6,3,3
2016-10-26-10-45-00,15,12,3
2016-10-26-11-00-00,17,8,9
2016-10-26-11-15-00,8,5,3
2016-10-26-11-30-00,27,13,14
2016-10-26-11-45-00,12,7,5
2016-10-26-12-00-00,14,6,8
2016-10-26-12-15-00,17,9,8
2016-10-26-12-30-00,22,8,14
2016-10-26-12-45-00,16,2,14
2016-10-26-13-00-00,17,5,12
2016-10-26-13-15-00,27,15,12
2016-10-26-13-30-00,11,9,2
2016-10-26-13-45-00,26,17,9
2016-10-26-14-00-00,16,9,7
2016-10-26-14-15-00,17,9,8
2016-10-26-14-30-00,34,16,18
2016-10-26-14-45-00,26,13,13
2016-10-26-15-00-00,29,13,16
2016-10-26-15-15-00,36,25,11
2016-10-26-15-30-00,36,26,10
2016-10-26-15-45-00,29,18,11
2016-10-26-16-00-00,41,28,13
2016-10-26-16-15-00,45,34,11
2016-10-26-16-30-00,47,30,17
2016-10-26-16-45-00,50,33,17
2016-10-26-17-00-00,52,35,17
2016-10-26-17-15-00,56,43,13
2016-10-26-17-30-00,53,36,17
2016-10-26-17-45-00,46,33,13
2016-10-26-18-00-00,51,41,10
2016-10-26-18-15-00,34,26,8
2016-10-26-18-30-00,29,21,8
2016-10-26-18-45-00,33,25,8
2016-10-26-19-00-00,16,11,5
2016-10-26-19-15-00,14,6,8
2016-10-26-19-30-00,13,7,6
2016-10-26-19-45-00,17,10,7
2016-10-26-20-00-00,12,5,7
2016-10-26-20-15-00,10,4,6
2016-10-26-20-30-00,4,0,4
2016-10-26-20-45-00,2,1,1
2016-10-26-21-00-00,4,2,2
2016-10-26-21-15-00,7,7,0
2016-10-26-21-30-00,2,0,2
2016-10-26-21-45-00,2,1,1
2016-10-26-22-00-00,4,1,3
2016-10-26-22-15-00,1,1,0
2016-10-26-22-30-00,0,0,0
2016-10-26-22-45-00,1,1,0
2016-10-26-23-00-00,2,2,0
2016-10-26-23-15-00,1,0,1
2016-10-26-23-30-00,2,2,0
2016-10-26-23-45-00,0,0,0
2016-10-27-00-00-00,0,0,0
2016-10-27-00-15-00,1,0,1
2016-10-27-00-30-00,1,1,0
2016-10-27-00-45-00,1,1,0
2016-10-27-01-00-00,0,0,0
2016-10-27-01-15-00,0,0,0
2016-10-27-01-30-00,0,0,0
2016-10-27-01-45-00,0,0,0
2016-10-27-02-00-00,0,0,0
2016-10-27-02-15-00,0,0,0
2016-10-27-02-30-00,0,0,0
2016-10-27-02-45-00,1,0,1
2016-10-27-03-00-00,1,1,0
2016-10-27-03-15-00,1,0,1
2016-10-27-03-30-00,0,0,0
2016-10-27-03-45-00,0,0,0
2016-10-27-04-00-00,1,1,0
2016-10-27-04-15-00,0,0,0
2016-10-27-04-30-00,0,0,0
2016-10-27-04-45-00,0,0,0
2016-10-27-05-00-00,0,0,0
2016-10-27-05-15-00,0,0,0
2016-10-27-05-30-00,2,2,0
2016-10-27-05-45-00,4,1,3
2016-10-27-06-00-00,4,0,4
2016-10-27-06-15-00,6,1,5
2016-10-27-06-30-00,7,1,6
2016-10-27-06-45-00,11,4,7
2016-10-27-07-00-00,24,13,11
2016-10-27-07-15-00,26,6,20
2016-10-27-07-30-00,46,21,25
2016-10-27-07-45-00,55,14,41
2016-10-27-08-00-00,44,5,39
2016-10-27-08-15-00,43,14,29
2016-10-27-08-30-00,60,13,47
2016-10-27-08-45-00,50,6,44
2016-10-27-09-00-00,24,5,19
2016-10-27-09-15-00,18,3,15
2016-10-27-09-30-00,20,4,16
2016-10-27-09-45-00,23,9,14
2016-10-27-10-00-00,12,6,6
2016-10-27-10-15-00,10,1,9
2016-10-27-10-30-00,7,2,5
2016-10-27-10-45-00,11,3,8
2016-10-27-11-00-00,5,3,2
2016-10-27-11-15-00,17,8,9
2016-10-27-11-30-00,22,8,14
2016-10-27-11-45-00,20,7,13
2016-10-27-12-00-00,14,9,5
2016-10-27-12-15-00,10,4,6
2016-10-27-12-30-00,17,6,11
2016-10-27-12-45-00,23,10,13
2016-10-27-13-00-00,26,13,13
2016-10-27-13-15-00,18,8,10
2016-10-27-13-30-00,17,7,10
2016-10-27-13-45-00,26,13,13
2016-10-27-14-00-00,24,13,11
2016-10-27-14-15-00,25,9,16
2016-10-27-14-30-00,30,16,14
2016-10-27-14-45-00,29,19,10
2016-10-27-15-00-00,23,8,15
2016-10-27-15-15-00,27,17,10
2016-10-27-15-30-00,34,14,20
2016-10-27-15-45-00,38,27,11
2016-10-27-16-00-00,32,22,10
2016-10-27-16-15-00,36,26,10
2016-10-27-16-30-00,50,36,14
2016-10-27-16-45-00,60,46,14
2016-10-27-17-00-00,51,31,20
2016-10-27-17-15-00,43,31,12
2016-10-27-17-30-00,48,30,18
2016-10-27-17-45-00,36,22,14
2016-10-27-18-00-00,36,26,10
2016-10-27-18-15-00,49,34,15
2016-10-27-18-30-00,25,20,5
2016-10-27-18-45-00,20,12,8
2016-10-27-19-00-00,15,6,9
2016-10-27-19-15-00,11,8,3
2016-10-27-19-30-00,10,6,4
2016-10-27-19-45-00,9,3,6
2016-10-27-20-00-00,9,6,3
2016-10-27-20-15-00,3,2,1
2016-10-27-20-30-00,8,6,2
2016-10-27-20-45-00,8,5,3
2016-10-27-21-00-00,1,0,1
2016-10-27-21-15-00,5,2,3
2016-10-27-21-30-00,7,7,0
2016-10-27-21-45-00,4,4,0
2016-10-27-22-00-00,6,2,4
2016-10-27-22-15-00,1,0,1
2016-10-27-22-30-00,0,0,0
2016-10-27-22-45-00,4,3,1
2016-10-27-23-00-00,1,1,0
2016-10-27-23-15-00,1,0,1
2016-10-27-23-30-00,0,0,0
2016-10-27-23-45-00,0,0,0
2016-10-28-00-00-00,0,0,0
2016-10-28-00-15-00,3,3,0
2016-10-28-00-30-00,0,0,0
2016-10-28-00-45-00,1,0,1
2016-10-28-01-00-00,1,1,0
2016-10-28-01-15-00,0,0,0
2016-10-28-01-30-00,0,0,0
2016-10-28-01-45-00,1,0,1
2016-10-28-02-00-00,0,0,0
2016-10-28-02-15-00,1,0,1
2016-10-28-02-30-00,0,0,0
2016-10-28-02-45-00,0,0,0
2016-10-28-03-00-00,0,0,0
2016-10-28-03-15-00,1,1,0
2016-10-28-03-30-00,0,0,0
2016-10-28-03-45-00,0,0,0
2016-10-28-04-00-00,0,0,0
2016-10-28-04-15-00,0,0,0
2016-10-28-04-30-00,1,0,1
2016-10-28-04-45-00,0,0,0
2016-10-28-05-00-00,0,0,0
2016-10-28-05-15-00,0,0,0
2016-10-28-05-30-00,3,0,3
2016-10-28-05-45-00,2,1,1
2016-10-28-06-00-00,2,1,1
2016-10-28-06-15-00,2,1,1
2016-10-28-06-30-00,8,2,6
2016-10-28-06-45-00,8,4,4
2016-10-28-07-00-00,14,7,7
2016-10-28-07-15-00,31,12,19
2016-10-28-07-30-00,22,8,14
2016-10-28-07-45-00,36,8,28
2016-10-28-08-00-00,38,10,28
2016-10-28-08-15-00,33,7,26
2016-10-28-08-30-00,45,9,36
2016-10-28-08-45-00,37,3,34
2016-10-28-09-00-00,18,3,15
2016-10-28-09-15-00,19,5,14
2016-10-28-09-30-00,20,9,11
2016-10-28-09-45-00,6,3,3
2016-10-28-10-00-00,14,5,9
2016-10-28-10-15-00,12,5,7
2016-10-28-10-30-00,15,8,7
2016-10-28-10-45-00,10,7,3
2016-10-28-11-00-00,13,6,7
2016-10-28-11-15-00,15,9,6
2016-10-28-11-30-00,10,3,7
2016-10-28-11-45-00,16,8,8
2016-10-28-12-00-00,16,10,6
2016-10-28-12-15-00,16,5,11
2016-10-28-12-30-00,20,12,8
2016-10-28-12-45-00,16,10,6
2016-10-28-13-00-00,18,13,5
2016-10-28-13-15-00,13,5,8
2016-10-28-13-30-00,25,14,11
2016-10-28-13-45-00,17,11,6
2016-10-28-14-00-00,26,12,14
2016-10-28-14-15-00,11,10,1
2016-10-28-14-30-00,36,22,14
2016-10-28-14-45-00,35,22,13
2016-10-28-15-00-00,23,20,3
2016-10-28-15-15-00,25,19,6
2016-10-28-15-30-00,29,20,9
2016-10-28-15-45-00,28,20,8
2016-10-28-16-00-00,32,21,11
2016-10-28-16-15-00,23,16,7
2016-10-28-16-30-00,25,16,9
2016-10-28-16-45-00,37,25,12
2016-10-28-17-00-00,26,19,7
2016-10-28-17-15-00,36,22,14
2016-10-28-17-30-00,24,17,7
2016-10-28-17-45-00,18,14,4
2016-10-28-18-00-00,22,13,9
2016-10-28-18-15-00,22,14,8
2016-10-28-18-30-00,14,9,5
2016-10-28-18-45-00,12,4,8
2016-10-28-19-00-00,10,5,5
2016-10-28-19-15-00,7,4,3
2016-10-28-19-30-00,0,0,0
2016-10-28-19-45-00,4,2,2
2016-10-28-20-00-00,4,3,1
2016-10-28-20-15-00,2,1,1
2016-10-28-20-30-00,2,2,0
2016-10-28-20-45-00,4,3,1
2016-10-28-21-00-00,5,2,3
2016-10-28-21-15-00,2,0,2
2016-10-28-21-30-00,5,3,2
2016-10-28-21-45-00,1,0,1
2016-10-28-22-00-00,0,0,0
2016-10-28-22-15-00,0,0,0
2016-10-28-22-30-00,2,1,1
2016-10-28-22-45-00,2,1,1
2016-10-28-23-00-00,0,0,0
2016-10-28-23-15-00,0,0,0
2016-10-28-23-30-00,4,4,0
2016-10-28-23-45-00,0,0,0
2016-10-29-00-00-00,1,0,1
2016-10-29-00-15-00,1,1,0
2016-10-29-00-30-00,1,0,1
2016-10-29-00-45-00,0,0,0
2016-10-29-01-00-00,3,3,0
2016-10-29-01-15-00,0,0,0
2016-10-29-01-30-00,0,0,0
2016-10-29-01-45-00,1,0,1
2016-10-29-02-00-00,0,0,0
2016-10-29-02-15-00,0,0,0
2016-10-29-02-30-00,0,0,0
2016-10-29-02-45-00,0,0,0
2016-10-29-03-00-00,0,0,0
2016-10-29-03-15-00,0,0,0
2016-10-29-03-30-00,1,1,0
2016-10-29-03-45-00,0,0,0
2016-10-29-04-00-00,0,0,0
2016-10-29-04-15-00,0,0,0
2016-10-29-04-30-00,0,0,0
2016-10-29-04-45-00,0,0,0
2016-10-29-05-00-00,0,0,0
2016-10-29-05-15-00,1,0,1
2016-10-29-05-30-00,0,0,0
2016-10-29-05-45-00,1,1,0
2016-10-29-06-00-00,2,0,2
2016-10-29-06-15-00,0,0,0
2016-10-29-06-30-00,0,0,0
2016-10-29-06-45-00,0,0,0
2016-10-29-07-00-00,2,1,1
2016-10-29-07-15-00,4,3,1
2016-10-29-07-30-00,1,0,1
2016-10-29-07-45-00,4,1,3
2016-10-29-08-00-00,5,2,3
2016-10-29-08-15-00,5,3,2
2016-10-29-08-30-00,5,2,3
2016-10-29-08-45-00,7,2,5
2016-10-29-09-00-00,7,4,3
2016-10-29-09-15-00,8,6,2
2016-10-29-09-30-00,3,0,3
2016-10-29-09-45-00,12,5,7
2016-10-29-10-00-00,14,8,6
2016-10-29-10-15-00,17,11,6
2016-10-29-10-30-00,15,8,7
2016-10-29-10-45-00,7,4,3
2016-10-29-11-00-00,18,3,15
2016-10-29-11-15-00,19,9,10
2016-10-29-11-30-00,22,11,11
2016-10-29-11-45-00,17,10,7
2016-10-29-12-00-00,27,14,13
2016-10-29-12-15-00,30,16,14
2016-10-29-12-30-00,22,13,9
2016-10-29-12-45-00,28,14,14
2016-10-29-13-00-00,20,10,10
2016-10-29-13-15-00,25,13,12
2016-10-29-13-30-00,19,8,11
2016-10-29-13-45-00,26,11,15
2016-10-29-14-00-00,26,11,15
2016-10-29-14-15-00,34,16,18
2016-10-29-14-30-00,34,17,17
2016-10-29-14-45-00,37,21,16
2016-10-29-15-00-00,27,14,13
2016-10-29-15-15-00,40,26,14
2016-10-29-15-30-00,43,18,25
2016-10-29-15-45-00,35,16,19
2016-10-29-16-00-00,62,32,30
2016-10-29-16-15-00,51,28,23
2016-10-29-16-30-00,39,17,22
2016-10-29-16-45-00,55,28,27
2016-10-29-17-00-00,49,26,23
2016-10-29-17-15-00,57,28,29
2016-10-29-17-30-00,42,29,13
2016-10-29-17-45-00,42,26,16
2016-10-29-18-00-00,23,21,2
2016-10-29-18-15-00,18,12,6
2016-10-29-18-30-00,18,10,8
2016-10-29-18-45-00,16,10,6
2016-10-29-19-00-00,8,5,3
2016-10-29-19-15-00,4,3,1
2016-10-29-19-30-00,4,4,0
2016-10-29-19-45-00,4,2,2
2016-10-29-20-00-00,7,4,3
2016-10-29-20-15-00,1,1,0
2016-10-29-20-30-00,3,3,0
2016-10-29-20-45-00,1,0,1
2016-10-29-21-00-00,0,0,0
2016-10-29-21-15-00,1,1,0
2016-10-29-21-30-00,0,0,0
2016-10-29-21-45-00,0,0,0
2016-10-29-22-00-00,0,0,0
2016-10-29-22-15-00,1,1,0
2016-10-29-22-30-00,1,1,0
2016-10-29-22-45-00,1,0,1
2016-10-29-23-00-00,1,1,0
2016-10-29-23-15-00,1,0,1
2016-10-29-23-30-00,0,0,0
2016-10-29-23-45-00,1,1,0
2016-10-30-00-00-00,1,1,0
2016-10-30-00-15-00,0,0,0
2016-10-30-00-30-00,2,0,2
2016-10-30-00-45-00,0,0,0
2016-10-30-01-00-00,0,0,0
2016-10-30-01-15-00,0,0,0
2016-10-30-01-30-00,1,0,1
2016-10-30-01-45-00,0,0,0
2016-10-30-02-00-00,4,3,1
2016-10-30-02-15-00,3,3,0
2016-10-30-02-30-00,2,0,2
2016-10-30-02-45-00,0,0,0
2016-10-30-03-00-00,0,0,0
2016-10-30-03-15-00,1,0,1
2016-10-30-03-30-00,0,0,0
2016-10-30-03-45-00,0,0,0
2016-10-30-04-00-00,0,0,0
2016-10-30-04-15-00,0,0,0
2016-10-30-04-30-00,0,0,0
2016-10-30-04-45-00,0,0,0
2016-10-30-05-00-00,0,0,0
2016-10-30-05-15-00,0,0,0
2016-10-30-05-30-00,1,1,0
2016-10-30-05-45-00,2,1,1
2016-10-30-06-00-00,0,0,0
2016-10-30-06-15-00,3,1,2
2016-10-30-06-30-00,1,1,0
2016-10-30-06-45-00,0,0,0
2016-10-30-07-00-00,0,0,0
2016-10-30-07-15-00,3,1,2
2016-10-30-07-30-00,5,1,4
2016-10-30-07-45-00,3,0,3
2016-10-30-08-00-00,13,8,5
2016-10-30-08-15-00,3,0,3
2016-10-30-08-30-00,3,2,1
2016-10-30-08-45-00,16,7,9
2016-10-30-09-00-00,16,5,11
2016-10-30-09-15-00,9,3,6
2016-10-30-09-30-00,11,5,6
2016-10-30-09-45-00,29,12,17
2016-10-30-10-00-00,24,9,15
2016-10-30-10-15-00,24,11,13
2016-10-30-10-30-00,40,13,27
2016-10-30-10-45-00,39,21,18
2016-10-30-11-00-00,48,17,31
2016-10-30-11-15-00,48,12,36
2016-10-30-11-30-00,44,16,28
2016-10-30-11-45-00,64,24,40
2016-10-30-12-00-00,75,23,52
2016-10-30-12-15-00,80,33,47
2016-10-30-12-30-00,85,34,51
2016-10-30-12-45-00,65,27,38
2016-10-30-13-00-00,69,28,41
2016-10-30-13-15-00,100,34,66
2016-10-30-13-30-00,109,51,58
2016-10-30-13-45-00,116,49,67
2016-10-30-14-00-00,101,46,55
2016-10-30-14-15-00,130,56,74
2016-10-30-14-30-00,124,59,65
2016-10-30-14-45-00,128,79,49
2016-10-30-15-00-00,91,53,38
2016-10-30-15-15-00,107,64,43
2016-10-30-15-30-00,110,68,42
2016-10-30-15-45-00,112,72,40
2016-10-30-16-00-00,91,55,36
2016-10-30-16-15-00,98,60,38
2016-10-30-16-30-00,73,45,28
2016-10-30-16-45-00,95,75,20
2016-10-30-17-00-00,75,58,17
2016-10-30-17-15-00,45,31,14
2016-10-30-17-30-00,29,26,3
2016-10-30-17-45-00,23,14,9
2016-10-30-18-00-00,24,20,4
2016-10-30-18-15-00,11,11,0
2016-10-30-18-30-00,6,5,1
2016-10-30-18-45-00,10,6,4
2016-10-30-19-00-00,4,3,1
2016-10-30-19-15-00,7,4,3
2016-10-30-19-30-00,2,1,1
2016-10-30-19-45-00,4,4,0
2016-10-30-20-00-00,7,4,3
2016-10-30-20-15-00,0,0,0
2016-10-30-20-30-00,0,0,0
2016-10-30-20-45-00,0,0,0
2016-10-30-21-00-00,0,0,0
2016-10-30-21-15-00,2,1,1
2016-10-30-21-30-00,0,0,0
2016-10-30-21-45-00,1,0,1
2016-10-30-22-00-00,1,0,1
2016-10-30-22-15-00,0,0,0
2016-10-30-22-30-00,0,0,0
2016-10-30-22-45-00,1,0,1
2016-10-30-23-00-00,0,0,0
2016-10-30-23-15-00,2,2,0
2016-10-30-23-30-00,0,0,0
2016-10-30-23-45-00,0,0,0
2016-10-31-00-00-00,0,0,0
2016-10-31-00-15-00,2,0,2
2016-10-31-00-30-00,0,0,0
2016-10-31-00-45-00,0,0,0
2016-10-31-01-00-00,0,0,0
2016-10-31-01-15-00,0,0,0
2016-10-31-01-30-00,1,1,0
2016-10-31-01-45-00,0,0,0
2016-10-31-02-00-00,0,0,0
2016-10-31-02-15-00,0,0,0
2016-10-31-02-30-00,0,0,0
2016-10-31-02-45-00,0,0,0
2016-10-31-03-00-00,0,0,0
2016-10-31-03-15-00,2,2,0
2016-10-31-03-30-00,0,0,0
2016-10-31-03-45-00,0,0,0
2016-10-31-04-00-00,0,0,0
2016-10-31-04-15-00,0,0,0
2016-10-31-04-30-00,0,0,0
2016-10-31-04-45-00,0,0,0
2016-10-31-05-00-00,0,0,0
2016-10-31-05-15-00,0,0,0
2016-10-31-05-30-00,1,1,0
2016-10-31-05-45-00,1,0,1
2016-10-31-06-00-00,4,4,0
2016-10-31-06-15-00,2,1,1
2016-10-31-06-30-00,7,1,6
2016-10-31-06-45-00,8,5,3
2016-10-31-07-00-00,11,4,7
2016-10-31-07-15-00,24,8,16
2016-10-31-07-30-00,34,12,22
2016-10-31-07-45-00,28,8,20
2016-10-31-08-00-00,29,9,20
2016-10-31-08-15-00,34,9,25
2016-10-31-08-30-00,29,8,21
2016-10-31-08-45-00,28,12,16
2016-10-31-09-00-00,15,3,12
2016-10-31-09-15-00,37,9,28
2016-10-31-09-30-00,10,3,7
2016-10-31-09-45-00,19,9,10
2016-10-31-10-00-00,18,6,12
2016-10-31-10-15-00,29,22,7
2016-10-31-10-30-00,26,9,17
2016-10-31-10-45-00,17,11,6
2016-10-31-11-00-00,24,17,7
2016-10-31-11-15-00,30,14,16
2016-10-31-11-30-00,27,11,16
2016-10-31-11-45-00,44,17,27
2016-10-31-12-00-00,32,17,15
2016-10-31-12-15-00,21,8,13
2016-10-31-12-30-00,44,16,28
2016-10-31-12-45-00,32,8,24
2016-10-31-13-00-00,34,13,21
2016-10-31-13-15-00,38,18,20
2016-10-31-13-30-00,51,20,31
2016-10-31-13-45-00,44,19,25
2016-10-31-14-00-00,60,32,28
2016-10-31-14-15-00,60,35,25
2016-10-31-14-30-00,67,28,39
2016-10-31-14-45-00,61,28,33
2016-10-31-15-00-00,78,44,34
2016-10-31-15-15-00,74,45,29
2016-10-31-15-30-00,76,35,41
2016-10-31-15-45-00,42,20,22
2016-10-31-16-00-00,52,29,23
2016-10-31-16-15-00,84,54,30
2016-10-31-16-30-00,68,47,21
2016-10-31-16-45-00,69,48,21
2016-10-31-17-00-00,49,32,17
2016-10-31-17-15-00,53,37,16
2016-10-31-17-30-00,31,24,7
2016-10-31-17-45-00,24,14,10
2016-10-31-18-00-00,17,10,7
2016-10-31-18-15-00,11,9,2
2016-10-31-18-30-00,16,12,4
2016-10-31-18-45-00,14,8,6
2016-10-31-19-00-00,12,10,2
2016-10-31-19-15-00,8,5,3
2016-10-31-19-30-00,3,2,1
2016-10-31-19-45-00,10,7,3
2016-10-31-20-00-00,5,5,0
2016-10-31-20-15-00,4,1,3
2016-10-31-20-30-00,3,1,2
2016-10-31-20-45-00,5,4,1
2016-10-31-21-00-00,2,1,1
2016-10-31-21-15-00,4,1,3
2016-10-31-21-30-00,0,0,0
2016-10-31-21-45-00,1,0,1
2016-10-31-22-00-00,0,0,0
2016-10-31-22-15-00,0,0,0
2016-10-31-22-30-00,0,0,0
2016-10-31-22-45-00,1,1,0
2016-10-31-23-00-00,2,0,2
2016-10-31-23-15-00,3,2,1
2016-10-31-23-30-00,2,1,1
2016-10-31-23-45-00,0,0,0
2016-11-01-00-00-00,0,0,0
2016-11-01-00-15-00,0,0,0
2016-11-01-00-30-00,0,0,0
2016-11-01-00-45-00,0,0,0
2016-11-01-01-00-00,0,0,0
2016-11-01-01-15-00,0,0,0
2016-11-01-01-30-00,0,0,0
2016-11-01-01-45-00,1,0,1
2016-11-01-02-00-00,0,0,0
2016-11-01-02-15-00,1,0,1
2016-11-01-02-30-00,1,1,0
2016-11-01-02-45-00,0,0,0
2016-11-01-03-00-00,1,1,0
2016-11-01-03-15-00,1,0,1
2016-11-01-03-30-00,1,0,1
2016-11-01-03-45-00,0,0,0
2016-11-01-04-00-00,0,0,0
2016-11-01-04-15-00,0,0,0
2016-11-01-04-30-00,0,0,0
2016-11-01-04-45-00,0,0,0
2016-11-01-05-00-00,1,0,1
2016-11-01-05-15-00,0,0,0
2016-11-01-05-30-00,0,0,0
2016-11-01-05-45-00,0,0,0
2016-11-01-06-00-00,3,2,1
2016-11-01-06-15-00,0,0,0
2016-11-01-06-30-00,0,0,0
2016-11-01-06-45-00,0,0,0
2016-11-01-07-00-00,2,0,2
2016-11-01-07-15-00,1,0,1
2016-11-01-07-30-00,3,1,2
2016-11-01-07-45-00,2,2,0
2016-11-01-08-00-00,3,1,2
2016-11-01-08-15-00,7,5,2
2016-11-01-08-30-00,6,2,4
2016-11-01-08-45-00,13,7,6
2016-11-01-09-00-00,9,2,7
2016-11-01-09-15-00,13,9,4
2016-11-01-09-30-00,16,11,5
2016-11-01-09-45-00,28,13,15
2016-11-01-10-00-00,20,5,15
2016-11-01-10-15-00,21,11,10
2016-11-01-10-30-00,34,24,10
2016-11-01-10-45-00,33,16,17
2016-11-01-11-00-00,44,22,22
2016-11-01-11-15-00,41,10,31
2016-11-01-11-30-00,73,24,49
2016-11-01-11-45-00,56,29,27
2016-11-01-12-00-00,76,29,47
2016-11-01-12-15-00,57,20,37
2016-11-01-12-30-00,79,26,53
2016-11-01-12-45-00,64,27,37
2016-11-01-13-00-00,68,28,40
2016-11-01-13-15-00,91,44,47
2016-11-01-13-30-00,76,22,54
2016-11-01-13-45-00,75,32,43
2016-11-01-14-00-00,89,56,33
2016-11-01-14-15-00,92,47,45
2016-11-01-14-30-00,120,81,39
2016-11-01-14-45-00,99,50,49
2016-11-01-15-00-00,116,50,66
2016-11-01-15-15-00,101,44,57
2016-11-01-15-30-00,100,65,35
2016-11-01-15-45-00,95,59,36
2016-11-01-16-00-00,60,42,18
2016-11-01-16-15-00,85,49,36
2016-11-01-16-30-00,70,40,30
2016-11-01-16-45-00,70,53,17
2016-11-01-17-00-00,53,34,19
2016-11-01-17-15-00,41,20,21
2016-11-01-17-30-00,32,23,9
2016-11-01-17-45-00,20,15,5
2016-11-01-18-00-00,8,6,2
2016-11-01-18-15-00,11,4,7
2016-11-01-18-30-00,4,1,3
2016-11-01-18-45-00,3,3,0
2016-11-01-19-00-00,7,3,4
2016-11-01-19-15-00,1,1,0
2016-11-01-19-30-00,4,1,3
2016-11-01-19-45-00,7,4,3
2016-11-01-20-00-00,2,2,0
2016-11-01-20-15-00,1,1,0
2016-11-01-20-30-00,2,2,0
2016-11-01-20-45-00,1,0,1
2016-11-01-21-00-00,2,1,1
2016-11-01-21-15-00,0,0,0
2016-11-01-21-30-00,3,2,1
2016-11-01-21-45-00,2,2,0
2016-11-01-22-00-00,0,0,0
2016-11-01-22-15-00,1,0,1
2016-11-01-22-30-00,0,0,0
2016-11-01-22-45-00,0,0,0
2016-11-01-23-00-00,0,0,0
2016-11-01-23-15-00,0,0,0
2016-11-01-23-30-00,0,0,0
2016-11-01-23-45-00,0,0,0
2016-11-02-00-00-00,0,0,0
2016-11-02-00-15-00,0,0,0
2016-11-02-00-30-00,0,0,0
2016-11-02-00-45-00,0,0,0
2016-11-02-01-00-00,0,0,0
2016-11-02-01-15-00,0,0,0
2016-11-02-01-30-00,0,0,0
2016-11-02-01-45-00,0,0,0
2016-11-02-02-00-00,0,0,0
2016-11-02-02-15-00,0,0,0
2016-11-02-02-30-00,0,0,0
2016-11-02-02-45-00,0,0,0
2016-11-02-03-00-00,0,0,0
2016-11-02-03-15-00,1,0,1
2016-11-02-03-30-00,0,0,0
2016-11-02-03-45-00,0,0,0
2016-11-02-04-00-00,0,0,0
2016-11-02-04-15-00,1,0,1
2016-11-02-04-30-00,0,0,0
2016-11-02-04-45-00,0,0,0
2016-11-02-05-00-00,0,0,0
2016-11-02-05-15-00,0,0,0
2016-11-02-05-30-00,1,0,1
2016-11-02-05-45-00,2,0,2
2016-11-02-06-00-00,6,2,4
2016-11-02-06-15-00,4,1,3
2016-11-02-06-30-00,5,2,3
2016-11-02-06-45-00,12,2,10
2016-11-02-07-00-00,14,6,8
2016-11-02-07-15-00,22,7,15
2016-11-02-07-30-00,41,17,24
2016-11-02-07-45-00,35,5,30
2016-11-02-08-00-00,49,16,33
2016-11-02-08-15-00,52,10,42
2016-11-02-08-30-00,34,4,30
2016-11-02-08-45-00,31,2,29
2016-11-02-09-00-00,29,9,20
2016-11-02-09-15-00,16,8,8
2016-11-02-09-30-00,12,4,8
2016-11-02-09-45-00,8,6,2
2016-11-02-10-00-00,5,2,3
2016-11-02-10-15-00,7,6,1
2016-11-02-10-30-00,6,3,3
2016-11-02-10-45-00,6,1,5
2016-11-02-11-00-00,3,2,1
2016-11-02-11-15-00,11,6,5
2016-11-02-11-30-00,12,2,10
2016-11-02-11-45-00,9,3,6
2016-11-02-12-00-00,6,3,3
2016-11-02-12-15-00,4,3,1
2016-11-02-12-30-00,5,3,2
2016-11-02-12-45-00,3,2,1
2016-11-02-13-00-00,8,5,3
2016-11-02-13-15-00,8,5,3
2016-11-02-13-30-00,9,5,4
2016-11-02-13-45-00,13,10,3
2016-11-02-14-00-00,19,8,11
2016-11-02-14-15-00,12,7,5
2016-11-02-14-30-00,13,8,5
2016-11-02-14-45-00,15,9,6
2016-11-02-15-00-00,15,7,8
2016-11-02-15-15-00,13,6,7
2016-11-02-15-30-00,17,15,2
2016-11-02-15-45-00,23,12,11
2016-11-02-16-00-00,32,23,9
2016-11-02-16-15-00,37,24,13
2016-11-02-16-30-00,30,23,7
2016-11-02-16-45-00,44,29,15
2016-11-02-17-00-00,34,26,8
2016-11-02-17-15-00,32,28,4
2016-11-02-17-30-00,31,21,10
2016-11-02-17-45-00,32,27,5
2016-11-02-18-00-00,22,15,7
2016-11-02-18-15-00,25,24,1
2016-11-02-18-30-00,13,10,3
2016-11-02-18-45-00,22,15,7
2016-11-02-19-00-00,16,12,4
2016-11-02-19-15-00,15,6,9
2016-11-02-19-30-00,8,7,1
2016-11-02-19-45-00,5,1,4
2016-11-02-20-00-00,6,4,2
2016-11-02-20-15-00,6,6,0
2016-11-02-20-30-00,3,2,1
2016-11-02-20-45-00,7,4,3
2016-11-02-21-00-00,4,3,1
2016-11-02-21-15-00,1,1,0
2016-11-02-21-30-00,5,1,4
2016-11-02-21-45-00,1,0,1
2016-11-02-22-00-00,3,1,2
2016-11-02-22-15-00,1,0,1
2016-11-02-22-30-00,2,2,0
2016-11-02-22-45-00,1,1,0
2016-11-02-23-00-00,0,0,0
2016-11-02-23-15-00,2,2,0
2016-11-02-23-30-00,0,0,0
2016-11-02-23-45-00,0,0,0
2016-11-03-00-00-00,0,0,0
2016-11-03-00-15-00,0,0,0
2016-11-03-00-30-00,0,0,0
2016-11-03-00-45-00,0,0,0
2016-11-03-01-00-00,0,0,0
2016-11-03-01-15-00,0,0,0
2016-11-03-01-30-00,0,0,0
2016-11-03-01-45-00,0,0,0
2016-11-03-02-00-00,0,0,0
2016-11-03-02-15-00,0,0,0
2016-11-03-02-30-00,0,0,0
2016-11-03-02-45-00,0,0,0
2016-11-03-03-00-00,0,0,0
2016-11-03-03-15-00,1,1,0
2016-11-03-03-30-00,0,0,0
2016-11-03-03-45-00,0,0,0
2016-11-03-04-00-00,0,0,0
2016-11-03-04-15-00,0,0,0
2016-11-03-04-30-00,0,0,0
2016-11-03-04-45-00,0,0,0
2016-11-03-05-00-00,0,0,0
2016-11-03-05-15-00,0,0,0
2016-11-03-05-30-00,2,0,2
2016-11-03-05-45-00,2,1,1
2016-11-03-06-00-00,6,1,5
2016-11-03-06-15-00,1,0,1
2016-11-03-06-30-00,6,3,3
2016-11-03-06-45-00,12,5,7
2016-11-03-07-00-00,21,9,12
2016-11-03-07-15-00,22,5,17
2016-11-03-07-30-00,49,21,28
2016-11-03-07-45-00,50,8,42
2016-11-03-08-00-00,44,15,29
2016-11-03-08-15-00,57,12,45
2016-11-03-08-30-00,43,11,32
2016-11-03-08-45-00,35,8,27
2016-11-03-09-00-00,27,9,18
2016-11-03-09-15-00,17,6,11
2016-11-03-09-30-00,12,4,8
2016-11-03-09-45-00,22,12,10
2016-11-03-10-00-00,10,3,7
2016-11-03-10-15-00,8,4,4
2016-11-03-10-30-00,6,3,3
2016-11-03-10-45-00,17,7,10
2016-11-03-11-00-00,13,6,7
2016-11-03-11-15-00,14,9,5
2016-11-03-11-30-00,17,6,11
2016-11-03-11-45-00,12,5,7
2016-11-03-12-00-00,10,4,6
2016-11-03-12-15-00,9,5,4
2016-11-03-12-30-00,10,4,6
2016-11-03-12-45-00,10,7,3
2016-11-03-13-00-00,13,8,5
2016-11-03-13-15-00,18,9,9
2016-11-03-13-30-00,8,4,4
2016-11-03-13-45-00,16,11,5
2016-11-03-14-00-00,18,10,8
2016-11-03-14-15-00,12,7,5
2016-11-03-14-30-00,23,15,8
2016-11-03-14-45-00,14,5,9
2016-11-03-15-00-00,16,11,5
2016-11-03-15-15-00,24,15,9
2016-11-03-15-30-00,23,10,13
2016-11-03-15-45-00,21,15,6
2016-11-03-16-00-00,27,15,12
2016-11-03-16-15-00,28,22,6
2016-11-03-16-30-00,45,31,14
2016-11-03-16-45-00,47,32,15
2016-11-03-17-00-00,48,36,12
2016-11-03-17-15-00,30,20,10
2016-11-03-17-30-00,36,27,9
2016-11-03-17-45-00,27,23,4
2016-11-03-18-00-00,27,16,11
2016-11-03-18-15-00,23,14,9
2016-11-03-18-30-00,29,21,8
2016-11-03-18-45-00,26,16,10
2016-11-03-19-00-00,20,10,10
2016-11-03-19-15-00,7,5,2
2016-11-03-19-30-00,9,6,3
2016-11-03-19-45-00,4,3,1
2016-11-03-20-00-00,5,4,1
2016-11-03-20-15-00,11,5,6
2016-11-03-20-30-00,7,5,2
2016-11-03-20-45-00,1,0,1
2016-11-03-21-00-00,0,0,0
2016-11-03-21-15-00,3,0,3
2016-11-03-21-30-00,3,3,0
2016-11-03-21-45-00,5,3,2
2016-11-03-22-00-00,3,3,0
2016-11-03-22-15-00,1,0,1
2016-11-03-22-30-00,2,0,2
2016-11-03-22-45-00,0,0,0
2016-11-03-23-00-00,0,0,0
2016-11-03-23-15-00,0,0,0
2016-11-03-23-30-00,1,1,0
2016-11-03-23-45-00,1,1,0
2016-11-04-00-00-00,2,1,1
2016-11-04-00-15-00,0,0,0
2016-11-04-00-30-00,0,0,0
2016-11-04-00-45-00,0,0,0
2016-11-04-01-00-00,0,0,0
2016-11-04-01-15-00,0,0,0
2016-11-04-01-30-00,0,0,0
2016-11-04-01-45-00,0,0,0
2016-11-04-02-00-00,0,0,0
2016-11-04-02-15-00,0,0,0
2016-11-04-02-30-00,2,0,2
2016-11-04-02-45-00,0,0,0
2016-11-04-03-00-00,0,0,0
2016-11-04-03-15-00,0,0,0
2016-11-04-03-30-00,0,0,0
2016-11-04-03-45-00,0,0,0
2016-11-04-04-00-00,0,0,0
2016-11-04-04-15-00,0,0,0
2016-11-04-04-30-00,0,0,0
2016-11-04-04-45-00,0,0,0
2016-11-04-05-00-00,0,0,0
2016-11-04-05-15-00,0,0,0
2016-11-04-05-30-00,0,0,0
2016-11-04-05-45-00,6,3,3
2016-11-04-06-00-00,3,1,2
2016-11-04-06-15-00,4,3,1
2016-11-04-06-30-00,11,6,5
2016-11-04-06-45-00,7,2,5
2016-11-04-07-00-00,13,5,8
2016-11-04-07-15-00,24,7,17
2016-11-04-07-30-00,30,12,18
2016-11-04-07-45-00,42,7,35
2016-11-04-08-00-00,41,14,27
2016-11-04-08-15-00,48,15,33
2016-11-04-08-30-00,29,6,23
2016-11-04-08-45-00,22,1,21
2016-11-04-09-00-00,19,4,15
2016-11-04-09-15-00,12,7,5
2016-11-04-09-30-00,20,7,13
2016-11-04-09-45-00,13,7,6
2016-11-04-10-00-00,11,3,8
2016-11-04-10-15-00,10,6,4
2016-11-04-10-30-00,7,6,1
2016-11-04-10-45-00,7,3,4
2016-11-04-11-00-00,9,4,5
2016-11-04-11-15-00,15,9,6
2016-11-04-11-30-00,8,3,5
2016-11-04-11-45-00,13,6,7
2016-11-04-12-00-00,11,7,4
2016-11-04-12-15-00,14,8,6
2016-11-04-12-30-00,10,3,7
2016-11-04-12-45-00,8,6,2
2016-11-04-13-00-00,12,7,5
2016-11-04-13-15-00,13,5,8
2016-11-04-13-30-00,13,9,4
2016-11-04-13-45-00,22,14,8
2016-11-04-14-00-00,15,10,5
2016-11-04-14-15-00,16,9,7
2016-11-04-14-30-00,25,15,10
2016-11-04-14-45-00,15,9,6
2016-11-04-15-00-00,39,21,18
2016-11-04-15-15-00,30,22,8
2016-11-04-15-30-00,38,25,13
2016-11-04-15-45-00,34,15,19
2016-11-04-16-00-00,28,20,8
2016-11-04-16-15-00,38,26,12
2016-11-04-16-30-00,36,27,9
2016-11-04-16-45-00,32,23,9
2016-11-04-17-00-00,20,14,6
2016-11-04-17-15-00,23,20,3
2016-11-04-17-30-00,21,11,10
2016-11-04-17-45-00,21,14,7
2016-11-04-18-00-00,13,10,3
2016-11-04-18-15-00,11,5,6
2016-11-04-18-30-00,12,8,4
2016-11-04-18-45-00,3,0,3
2016-11-04-19-00-00,12,8,4
2016-11-04-19-15-00,3,3,0
2016-11-04-19-30-00,4,2,2
2016-11-04-19-45-00,4,1,3
2016-11-04-20-00-00,5,2,3
2016-11-04-20-15-00,6,4,2
2016-11-04-20-30-00,1,1,0
2016-11-04-20-45-00,0,0,0
2016-11-04-21-00-00,3,2,1
2016-11-04-21-15-00,2,1,1
2016-11-04-21-30-00,0,0,0
2016-11-04-21-45-00,0,0,0
2016-11-04-22-00-00,3,1,2
2016-11-04-22-15-00,2,1,1
2016-11-04-22-30-00,0,0,0
2016-11-04-22-45-00,1,0,1
2016-11-04-23-00-00,0,0,0
2016-11-04-23-15-00,1,0,1
2016-11-04-23-30-00,0,0,0
2016-11-04-23-45-00,6,5,1
2016-11-05-00-00-00,4,0,4
2016-11-05-00-15-00,1,1,0
2016-11-05-00-30-00,0,0,0
2016-11-05-00-45-00,0,0,0
2016-11-05-01-00-00,0,0,0
2016-11-05-01-15-00,1,1,0
2016-11-05-01-30-00,0,0,0
2016-11-05-01-45-00,0,0,0
2016-11-05-02-00-00,1,1,0
2016-11-05-02-15-00,1,1,0
2016-11-05-02-30-00,0,0,0
2016-11-05-02-45-00,1,0,1
2016-11-05-03-00-00,0,0,0
2016-11-05-03-15-00,0,0,0
2016-11-05-03-30-00,0,0,0
2016-11-05-03-45-00,0,0,0
2016-11-05-04-00-00,0,0,0
2016-11-05-04-15-00,0,0,0
2016-11-05-04-30-00,0,0,0
2016-11-05-04-45-00,1,0,1
2016-11-05-05-00-00,0,0,0
2016-11-05-05-15-00,0,0,0
2016-11-05-05-30-00,1,0,1
2016-11-05-05-45-00,0,0,0
2016-11-05-06-00-00,1,1,0
2016-11-05-06-15-00,1,1,0
2016-11-05-06-30-00,0,0,0
2016-11-05-06-45-00,1,0,1
2016-11-05-07-00-00,0,0,0
2016-11-05-07-15-00,3,0,3
2016-11-05-07-30-00,3,3,0
2016-11-05-07-45-00,1,1,0
2016-11-05-08-00-00,3,2,1
2016-11-05-08-15-00,5,3,2
2016-11-05-08-30-00,8,4,4
2016-11-05-08-45-00,5,3,2
2016-11-05-09-00-00,4,1,3
2016-11-05-09-15-00,11,8,3
2016-11-05-09-30-00,8,4,4
2016-11-05-09-45-00,11,7,4
2016-11-05-10-00-00,6,3,3
2016-11-05-10-15-00,11,9,2
2016-11-05-10-30-00,10,5,5
2016-11-05-10-45-00,10,5,5
2016-11-05-11-00-00,10,7,3
2016-11-05-11-15-00,13,8,5
2016-11-05-11-30-00,6,3,3
2016-11-05-11-45-00,17,8,9
2016-11-05-12-00-00,8,2,6
2016-11-05-12-15-00,21,9,12
2016-11-05-12-30-00,8,5,3
2016-11-05-12-45-00,10,7,3
2016-11-05-13-00-00,16,11,5
2016-11-05-13-15-00,8,5,3
2016-11-05-13-30-00,30,22,8
2016-11-05-13-45-00,26,18,8
2016-11-05-14-00-00,19,7,12
2016-11-05-14-15-00,10,4,6
2016-11-05-14-30-00,15,6,9
2016-11-05-14-45-00,28,15,13
2016-11-05-15-00-00,15,7,8
2016-11-05-15-15-00,21,13,8
2016-11-05-15-30-00,14,8,6
2016-11-05-15-45-00,23,13,10
2016-11-05-16-00-00,22,12,10
2016-11-05-16-15-00,24,11,13
2016-11-05-16-30-00,23,13,10
2016-11-05-16-45-00,18,9,9
2016-11-05-17-00-00,25,18,7
2016-11-05-17-15-00,23,18,5
2016-11-05-17-30-00,8,5,3
2016-11-05-17-45-00,6,2,4
2016-11-05-18-00-00,12,6,6
2016-11-05-18-15-00,4,4,0
2016-11-05-18-30-00,5,2,3
2016-11-05-18-45-00,2,1,1
2016-11-05-19-00-00,4,4,0
2016-11-05-19-15-00,1,1,0
2016-11-05-19-30-00,1,1,0
2016-11-05-19-45-00,3,1,2
2016-11-05-20-00-00,1,0,1
2016-11-05-20-15-00,1,1,0
2016-11-05-20-30-00,1,0,1
2016-11-05-20-45-00,0,0,0
2016-11-05-21-00-00,3,3,0
2016-11-05-21-15-00,4,1,3
2016-11-05-21-30-00,1,0,1
2016-11-05-21-45-00,4,4,0
2016-11-05-22-00-00,2,2,0
2016-11-05-22-15-00,0,0,0
2016-11-05-22-30-00,0,0,0
2016-11-05-22-45-00,1,1,0
2016-11-05-23-00-00,2,2,0
2016-11-05-23-15-00,1,1,0
2016-11-05-23-30-00,0,0,0
2016-11-05-23-45-00,0,0,0
2016-11-06-00-00-00,4,1,3
2016-11-06-00-15-00,4,0,4
2016-11-06-00-30-00,0,0,0
2016-11-06-00-45-00,0,0,0
2016-11-06-01-00-00,0,0,0
2016-11-06-01-15-00,1,0,1
2016-11-06-01-30-00,1,0,1
2016-11-06-01-45-00,2,1,1
2016-11-06-02-00-00,1,1,0
2016-11-06-02-15-00,0,0,0
2016-11-06-02-30-00,0,0,0
2016-11-06-02-45-00,2,2,0
2016-11-06-03-00-00,4,1,3
2016-11-06-03-15-00,1,1,0
2016-11-06-03-30-00,2,2,0
2016-11-06-03-45-00,0,0,0
2016-11-06-04-00-00,0,0,0
2016-11-06-04-15-00,1,1,0
2016-11-06-04-30-00,0,0,0
2016-11-06-04-45-00,0,0,0
2016-11-06-05-00-00,0,0,0
2016-11-06-05-15-00,1,0,1
2016-11-06-05-30-00,0,0,0
2016-11-06-05-45-00,0,0,0
2016-11-06-06-00-00,0,0,0
2016-11-06-06-15-00,0,0,0
2016-11-06-06-30-00,0,0,0
2016-11-06-06-45-00,0,0,0
2016-11-06-07-00-00,3,2,1
2016-11-06-07-15-00,0,0,0
2016-11-06-07-30-00,2,1,1
2016-11-06-07-45-00,2,0,2
2016-11-06-08-00-00,3,1,2
2016-11-06-08-15-00,5,3,2
2016-11-06-08-30-00,9,5,4
2016-11-06-08-45-00,8,4,4
2016-11-06-09-00-00,10,3,7
2016-11-06-09-15-00,10,7,3
2016-11-06-09-30-00,18,8,10
2016-11-06-09-45-00,8,4,4
2016-11-06-10-00-00,18,12,6
2016-11-06-10-15-00,31,13,18
2016-11-06-10-30-00,27,10,17
2016-11-06-10-45-00,26,8,18
2016-11-06-11-00-00,28,17,11
2016-11-06-11-15-00,30,9,21
2016-11-06-11-30-00,19,7,12
2016-11-06-11-45-00,22,13,9
2016-11-06-12-00-00,23,11,12
2016-11-06-12-15-00,21,10,11
2016-11-06-12-30-00,16,9,7
2016-11-06-12-45-00,19,10,9
2016-11-06-13-00-00,42,25,17
2016-11-06-13-15-00,46,19,27
2016-11-06-13-30-00,30,21,9
2016-11-06-13-45-00,20,9,11
2016-11-06-14-00-00,24,17,7
2016-11-06-14-15-00,28,13,15
2016-11-06-14-30-00,17,8,9
2016-11-06-14-45-00,40,25,15
2016-11-06-15-00-00,33,19,14
2016-11-06-15-15-00,34,15,19
2016-11-06-15-30-00,29,19,10
2016-11-06-15-45-00,33,23,10
2016-11-06-16-00-00,27,18,9
2016-11-06-16-15-00,20,13,7
2016-11-06-16-30-00,21,18,3
2016-11-06-16-45-00,30,21,9
2016-11-06-17-00-00,15,7,8
2016-11-06-17-15-00,13,8,5
2016-11-06-17-30-00,5,4,1
2016-11-06-17-45-00,6,3,3
2016-11-06-18-00-00,8,3,5
2016-11-06-18-15-00,5,3,2
2016-11-06-18-30-00,1,1,0
2016-11-06-18-45-00,1,0,1
2016-11-06-19-00-00,3,1,2
2016-11-06-19-15-00,3,3,0
2016-11-06-19-30-00,0,0,0
2016-11-06-19-45-00,1,0,1
2016-11-06-20-00-00,0,0,0
2016-11-06-20-15-00,2,0,2
2016-11-06-20-30-00,0,0,0
2016-11-06-20-45-00,0,0,0
2016-11-06-21-00-00,0,0,0
2016-11-06-21-15-00,0,0,0
2016-11-06-21-30-00,1,0,1
2016-11-06-21-45-00,0,0,0
2016-11-06-22-00-00,0,0,0
2016-11-06-22-15-00,0,0,0
2016-11-06-22-30-00,1,0,1
2016-11-06-22-45-00,0,0,0
2016-11-06-23-00-00,0,0,0
2016-11-06-23-15-00,0,0,0
2016-11-06-23-30-00,1,1,0
2016-11-06-23-45-00,2,2,0
2016-11-07-00-00-00,0,0,0
2016-11-07-00-15-00,0,0,0
2016-11-07-00-30-00,0,0,0
2016-11-07-00-45-00,0,0,0
2016-11-07-01-00-00,0,0,0
2016-11-07-01-15-00,0,0,0
2016-11-07-01-30-00,0,0,0
2016-11-07-01-45-00,0,0,0
2016-11-07-02-00-00,0,0,0
2016-11-07-02-15-00,0,0,0
2016-11-07-02-30-00,0,0,0
2016-11-07-02-45-00,0,0,0
2016-11-07-03-00-00,0,0,0
2016-11-07-03-15-00,0,0,0
2016-11-07-03-30-00,0,0,0
2016-11-07-03-45-00,0,0,0
2016-11-07-04-00-00,0,0,0
2016-11-07-04-15-00,0,0,0
2016-11-07-04-30-00,0,0,0
2016-11-07-04-45-00,0,0,0
2016-11-07-05-00-00,0,0,0
2016-11-07-05-15-00,0,0,0
2016-11-07-05-30-00,4,2,2
2016-11-07-05-45-00,2,1,1
2016-11-07-06-00-00,7,2,5
2016-11-07-06-15-00,3,0,3
2016-11-07-06-30-00,5,0,5
2016-11-07-06-45-00,7,3,4
2016-11-07-07-00-00,8,3,5
2016-11-07-07-15-00,19,7,12
2016-11-07-07-30-00,24,9,15
2016-11-07-07-45-00,29,7,22
2016-11-07-08-00-00,27,6,21
2016-11-07-08-15-00,25,3,22
2016-11-07-08-30-00,24,6,18
2016-11-07-08-45-00,25,5,20
2016-11-07-09-00-00,12,3,9
2016-11-07-09-15-00,8,1,7
2016-11-07-09-30-00,8,6,2
2016-11-07-09-45-00,8,2,6
2016-11-07-10-00-00,6,2,4
2016-11-07-10-15-00,2,1,1
2016-11-07-10-30-00,2,2,0
2016-11-07-10-45-00,4,1,3
2016-11-07-11-00-00,3,3,0
2016-11-07-11-15-00,3,1,2
2016-11-07-11-30-00,4,3,1
2016-11-07-11-45-00,3,3,0
2016-11-07-12-00-00,1,0,1
2016-11-07-12-15-00,1,0,1
2016-11-07-12-30-00,3,1,2
2016-11-07-12-45-00,3,2,1
2016-11-07-13-00-00,3,0,3
2016-11-07-13-15-00,8,4,4
2016-11-07-13-30-00,1,1,0
2016-11-07-13-45-00,3,2,1
2016-11-07-14-00-00,4,3,1
2016-11-07-14-15-00,6,4,2
2016-11-07-14-30-00,3,1,2
2016-11-07-14-45-00,3,2,1
2016-11-07-15-00-00,8,6,2
2016-11-07-15-15-00,6,2,4
2016-11-07-15-30-00,6,4,2
2016-11-07-15-45-00,5,4,1
2016-11-07-16-00-00,8,4,4
2016-11-07-16-15-00,12,10,2
2016-11-07-16-30-00,13,10,3
2016-11-07-16-45-00,20,19,1
2016-11-07-17-00-00,22,17,5
2016-11-07-17-15-00,21,17,4
2016-11-07-17-30-00,18,12,6
2016-11-07-17-45-00,16,12,4
2016-11-07-18-00-00,20,14,6
2016-11-07-18-15-00,22,15,7
2016-11-07-18-30-00,12,11,1
2016-11-07-18-45-00,5,3,2
2016-11-07-19-00-00,14,10,4
2016-11-07-19-15-00,5,3,2
2016-11-07-19-30-00,4,3,1
2016-11-07-19-45-00,8,6,2
2016-11-07-20-00-00,2,0,2
2016-11-07-20-15-00,0,0,0
2016-11-07-20-30-00,1,0,1
2016-11-07-20-45-00,1,0,1
2016-11-07-21-00-00,3,2,1
2016-11-07-21-15-00,3,2,1
2016-11-07-21-30-00,1,0,1
2016-11-07-21-45-00,1,0,1
2016-11-07-22-00-00,1,0,1
2016-11-07-22-15-00,1,0,1
2016-11-07-22-30-00,0,0,0
2016-11-07-22-45-00,0,0,0
2016-11-07-23-00-00,1,0,1
2016-11-07-23-15-00,0,0,0
2016-11-07-23-30-00,0,0,0
2016-11-07-23-45-00,0,0,0
2016-11-08-00-00-00,0,0,0
2016-11-08-00-15-00,0,0,0
2016-11-08-00-30-00,0,0,0
2016-11-08-00-45-00,0,0,0
2016-11-08-01-00-00,0,0,0
2016-11-08-01-15-00,0,0,0
2016-11-08-01-30-00,0,0,0
2016-11-08-01-45-00,0,0,0
2016-11-08-02-00-00,0,0,0
2016-11-08-02-15-00,0,0,0
2016-11-08-02-30-00,0,0,0
2016-11-08-02-45-00,0,0,0
2016-11-08-03-00-00,0,0,0
2016-11-08-03-15-00,0,0,0
2016-11-08-03-30-00,0,0,0
2016-11-08-03-45-00,0,0,0
2016-11-08-04-00-00,0,0,0
2016-11-08-04-15-00,0,0,0
2016-11-08-04-30-00,0,0,0
2016-11-08-04-45-00,0,0,0
2016-11-08-05-00-00,1,0,1
2016-11-08-05-15-00,1,0,1
2016-11-08-05-30-00,1,1,0
2016-11-08-05-45-00,1,1,0
2016-11-08-06-00-00,4,1,3
2016-11-08-06-15-00,1,0,1
2016-11-08-06-30-00,5,2,3
2016-11-08-06-45-00,6,0,6
2016-11-08-07-00-00,19,7,12
2016-11-08-07-15-00,24,10,14
2016-11-08-07-30-00,28,11,17
2016-11-08-07-45-00,33,9,24
2016-11-08-08-00-00,36,4,32
2016-11-08-08-15-00,27,5,22
2016-11-08-08-30-00,45,9,36
2016-11-08-08-45-00,31,2,29
2016-11-08-09-00-00,21,5,16
2016-11-08-09-15-00,12,3,9
2016-11-08-09-30-00,16,8,8
2016-11-08-09-45-00,9,6,3
2016-11-08-10-00-00,8,2,6
2016-11-08-10-15-00,11,6,5
2016-11-08-10-30-00,7,2,5
2016-11-08-10-45-00,8,6,2
2016-11-08-11-00-00,8,5,3
2016-11-08-11-15-00,12,3,9
2016-11-08-11-30-00,5,2,3
2016-11-08-11-45-00,7,5,2
2016-11-08-12-00-00,9,3,6
2016-11-08-12-15-00,5,2,3
2016-11-08-12-30-00,8,3,5
2016-11-08-12-45-00,7,4,3
2016-11-08-13-00-00,12,5,7
2016-11-08-13-15-00,10,6,4
2016-11-08-13-30-00,12,9,3
2016-11-08-13-45-00,23,8,15
2016-11-08-14-00-00,11,4,7
2016-11-08-14-15-00,17,8,9
2016-11-08-14-30-00,18,8,10
2016-11-08-14-45-00,12,5,7
2016-11-08-15-00-00,21,12,9
2016-11-08-15-15-00,21,17,4
2016-11-08-15-30-00,16,10,6
2016-11-08-15-45-00,23,14,9
2016-11-08-16-00-00,26,19,7
2016-11-08-16-15-00,33,23,10
2016-11-08-16-30-00,29,18,11
2016-11-08-16-45-00,29,23,6
2016-11-08-17-00-00,29,22,7
2016-11-08-17-15-00,29,18,11
2016-11-08-17-30-00,26,20,6
2016-11-08-17-45-00,15,8,7
2016-11-08-18-00-00,19,11,8
2016-11-08-18-15-00,20,16,4
2016-11-08-18-30-00,11,8,3
2016-11-08-18-45-00,17,13,4
2016-11-08-19-00-00,10,7,3
2016-11-08-19-15-00,10,4,6
2016-11-08-19-30-00,6,2,4
2016-11-08-19-45-00,8,6,2
2016-11-08-20-00-00,2,2,0
2016-11-08-20-15-00,6,3,3
2016-11-08-20-30-00,4,2,2
2016-11-08-20-45-00,1,0,1
2016-11-08-21-00-00,3,2,1
2016-11-08-21-15-00,4,2,2
2016-11-08-21-30-00,1,1,0
2016-11-08-21-45-00,1,0,1
2016-11-08-22-00-00,1,1,0
2016-11-08-22-15-00,2,0,2
2016-11-08-22-30-00,1,1,0
2016-11-08-22-45-00,0,0,0
2016-11-08-23-00-00,0,0,0
2016-11-08-23-15-00,0,0,0
2016-11-08-23-30-00,0,0,0
2016-11-08-23-45-00,0,0,0
2016-11-09-00-00-00,0,0,0
2016-11-09-00-15-00,0,0,0
2016-11-09-00-30-00,0,0,0
2016-11-09-00-45-00,0,0,0
2016-11-09-01-00-00,0,0,0
2016-11-09-01-15-00,1,0,1
2016-11-09-01-30-00,0,0,0
2016-11-09-01-45-00,0,0,0
2016-11-09-02-00-00,0,0,0
2016-11-09-02-15-00,0,0,0
2016-11-09-02-30-00,0,0,0
2016-11-09-02-45-00,0,0,0
2016-11-09-03-00-00,0,0,0
2016-11-09-03-15-00,0,0,0
2016-11-09-03-30-00,0,0,0
2016-11-09-03-45-00,0,0,0
2016-11-09-04-00-00,0,0,0
2016-11-09-04-15-00,0,0,0
2016-11-09-04-30-00,0,0,0
2016-11-09-04-45-00,0,0,0
2016-11-09-05-00-00,0,0,0
2016-11-09-05-15-00,0,0,0
2016-11-09-05-30-00,1,1,0
2016-11-09-05-45-00,1,0,1
2016-11-09-06-00-00,3,0,3
2016-11-09-06-15-00,2,1,1
2016-11-09-06-30-00,5,3,2
2016-11-09-06-45-00,9,3,6
2016-11-09-07-00-00,15,4,11
2016-11-09-07-15-00,21,9,12
2016-11-09-07-30-00,31,13,18
2016-11-09-07-45-00,31,13,18
2016-11-09-08-00-00,26,6,20
2016-11-09-08-15-00,30,2,28
2016-11-09-08-30-00,31,5,26
2016-11-09-08-45-00,29,4,25
2016-11-09-09-00-00,19,3,16
2016-11-09-09-15-00,19,2,17
2016-11-09-09-30-00,10,5,5
2016-11-09-09-45-00,14,8,6
2016-11-09-10-00-00,11,5,6
2016-11-09-10-15-00,4,4,0
2016-11-09-10-30-00,13,6,7
2016-11-09-10-45-00,6,2,4
2016-11-09-11-00-00,6,3,3
2016-11-09-11-15-00,9,9,0
2016-11-09-11-30-00,6,1,5
2016-11-09-11-45-00,7,1,6
2016-11-09-12-00-00,4,4,0
2016-11-09-12-15-00,3,3,0
2016-11-09-12-30-00,10,8,2
2016-11-09-12-45-00,3,1,2
2016-11-09-13-00-00,5,3,2
2016-11-09-13-15-00,13,4,9
2016-11-09-13-30-00,8,5,3
2016-11-09-13-45-00,9,2,7
2016-11-09-14-00-00,9,6,3
2016-11-09-14-15-00,5,4,1
2016-11-09-14-30-00,9,5,4
2016-11-09-14-45-00,8,5,3
2016-11-09-15-00-00,3,2,1
2016-11-09-15-15-00,4,1,3
2016-11-09-15-30-00,7,5,2
2016-11-09-15-45-00,12,12,0
2016-11-09-16-00-00,8,5,3
2016-11-09-16-15-00,14,9,5
2016-11-09-16-30-00,17,12,5
2016-11-09-16-45-00,15,9,6
2016-11-09-17-00-00,15,12,3
2016-11-09-17-15-00,26,23,3
2016-11-09-17-30-00,18,14,4
2016-11-09-17-45-00,15,11,4
2016-11-09-18-00-00,15,12,3
2016-11-09-18-15-00,10,7,3
2016-11-09-18-30-00,16,15,1
2016-11-09-18-45-00,8,7,1
2016-11-09-19-00-00,6,5,1
2016-11-09-19-15-00,4,3,1
2016-11-09-19-30-00,6,3,3
2016-11-09-19-45-00,1,0,1
2016-11-09-20-00-00,0,0,0
2016-11-09-20-15-00,1,1,0
2016-11-09-20-30-00,4,3,1
2016-11-09-20-45-00,2,2,0
2016-11-09-21-00-00,2,2,0
2016-11-09-21-15-00,0,0,0
2016-11-09-21-30-00,2,2,0
2016-11-09-21-45-00,0,0,0
2016-11-09-22-00-00,1,0,1
2016-11-09-22-15-00,2,1,1
2016-11-09-22-30-00,1,1,0
2016-11-09-22-45-00,0,0,0
2016-11-09-23-00-00,0,0,0
2016-11-09-23-15-00,0,0,0
2016-11-09-23-30-00,0,0,0
2016-11-09-23-45-00,0,0,0
2016-11-10-00-00-00,1,1,0
2016-11-10-00-15-00,0,0,0
2016-11-10-00-30-00,0,0,0
2016-11-10-00-45-00,0,0,0
2016-11-10-01-00-00,0,0,0
2016-11-10-01-15-00,0,0,0
2016-11-10-01-30-00,0,0,0
2016-11-10-01-45-00,0,0,0
2016-11-10-02-00-00,1,0,1
2016-11-10-02-15-00,0,0,0
2016-11-10-02-30-00,0,0,0
2016-11-10-02-45-00,0,0,0
2016-11-10-03-00-00,0,0,0
2016-11-10-03-15-00,0,0,0
2016-11-10-03-30-00,0,0,0
2016-11-10-03-45-00,0,0,0
2016-11-10-04-00-00,0,0,0
2016-11-10-04-15-00,0,0,0
2016-11-10-04-30-00,0,0,0
2016-11-10-04-45-00,0,0,0
2016-11-10-05-00-00,0,0,0
2016-11-10-05-15-00,0,0,0
2016-11-10-05-30-00,1,0,1
2016-11-10-05-45-00,2,1,1
2016-11-10-06-00-00,2,0,2
2016-11-10-06-15-00,4,1,3
2016-11-10-06-30-00,7,1,6
2016-11-10-06-45-00,5,2,3
2016-11-10-07-00-00,13,4,9
2016-11-10-07-15-00,11,4,7
2016-11-10-07-30-00,23,11,12
2016-11-10-07-45-00,28,7,21
2016-11-10-08-00-00,15,2,13
2016-11-10-08-15-00,27,5,22
2016-11-10-08-30-00,22,3,19
2016-11-10-08-45-00,22,4,18
2016-11-10-09-00-00,13,3,10
2016-11-10-09-15-00,7,1,6
2016-11-10-09-30-00,6,2,4
2016-11-10-09-45-00,6,3,3
2016-11-10-10-00-00,10,5,5
2016-11-10-10-15-00,4,3,1
2016-11-10-10-30-00,2,0,2
2016-11-10-10-45-00,3,0,3
2016-11-10-11-00-00,4,1,3
2016-11-10-11-15-00,9,6,3
2016-11-10-11-30-00,7,4,3
2016-11-10-11-45-00,3,1,2
2016-11-10-12-00-00,5,2,3
2016-11-10-12-15-00,0,0,0
2016-11-10-12-30-00,7,3,4
2016-11-10-12-45-00,2,0,2
2016-11-10-13-00-00,8,4,4
2016-11-10-13-15-00,8,6,2
2016-11-10-13-30-00,8,3,5
2016-11-10-13-45-00,12,4,8
2016-11-10-14-00-00,10,4,6
2016-11-10-14-15-00,14,9,5
2016-11-10-14-30-00,13,10,3
2016-11-10-14-45-00,7,5,2
2016-11-10-15-00-00,9,5,4
2016-11-10-15-15-00,9,2,7
2016-11-10-15-30-00,9,6,3
2016-11-10-15-45-00,17,10,7
2016-11-10-16-00-00,17,12,5
2016-11-10-16-15-00,22,18,4
2016-11-10-16-30-00,30,23,7
2016-11-10-16-45-00,26,17,9
2016-11-10-17-00-00,19,10,9
2016-11-10-17-15-00,20,16,4
2016-11-10-17-30-00,19,15,4
2016-11-10-17-45-00,15,10,5
2016-11-10-18-00-00,13,8,5
2016-11-10-18-15-00,19,13,6
2016-11-10-18-30-00,17,13,4
2016-11-10-18-45-00,19,9,10
2016-11-10-19-00-00,8,6,2
2016-11-10-19-15-00,5,4,1
2016-11-10-19-30-00,6,4,2
2016-11-10-19-45-00,5,3,2
2016-11-10-20-00-00,6,5,1
2016-11-10-20-15-00,4,2,2
2016-11-10-20-30-00,3,3,0
2016-11-10-20-45-00,4,1,3
2016-11-10-21-00-00,2,2,0
2016-11-10-21-15-00,1,1,0
2016-11-10-21-30-00,1,1,0
2016-11-10-21-45-00,2,1,1
2016-11-10-22-00-00,0,0,0
2016-11-10-22-15-00,2,1,1
2016-11-10-22-30-00,0,0,0
2016-11-10-22-45-00,0,0,0
2016-11-10-23-00-00,0,0,0
2016-11-10-23-15-00,0,0,0
2016-11-10-23-30-00,1,0,1
2016-11-10-23-45-00,0,0,0
2016-11-11-00-00-00,1,0,1
2016-11-11-00-15-00,0,0,0
2016-11-11-00-30-00,0,0,0
2016-11-11-00-45-00,0,0,0
2016-11-11-01-00-00,0,0,0
2016-11-11-01-15-00,0,0,0
2016-11-11-01-30-00,0,0,0
2016-11-11-01-45-00,0,0,0
2016-11-11-02-00-00,0,0,0
2016-11-11-02-15-00,0,0,0
2016-11-11-02-30-00,0,0,0
2016-11-11-02-45-00,0,0,0
2016-11-11-03-00-00,0,0,0
2016-11-11-03-15-00,0,0,0
2016-11-11-03-30-00,0,0,0
2016-11-11-03-45-00,0,0,0
2016-11-11-04-00-00,0,0,0
2016-11-11-04-15-00,0,0,0
2016-11-11-04-30-00,1,1,0
2016-11-11-04-45-00,0,0,0
2016-11-11-05-00-00,0,0,0
2016-11-11-05-15-00,0,0,0
2016-11-11-05-30-00,0,0,0
2016-11-11-05-45-00,2,0,2
2016-11-11-06-00-00,3,1,2
2016-11-11-06-15-00,5,1,4
2016-11-11-06-30-00,6,2,4
2016-11-11-06-45-00,4,2,2
2016-11-11-07-00-00,16,7,9
2016-11-11-07-15-00,17,5,12
2016-11-11-07-30-00,20,7,13
2016-11-11-07-45-00,30,8,22
2016-11-11-08-00-00,34,10,24
2016-11-11-08-15-00,24,2,22
2016-11-11-08-30-00,23,3,20
2016-11-11-08-45-00,22,4,18
2016-11-11-09-00-00,22,7,15
2016-11-11-09-15-00,10,5,5
2016-11-11-09-30-00,6,2,4
2016-11-11-09-45-00,7,2,5
2016-11-11-10-00-00,10,5,5
2016-11-11-10-15-00,3,1,2
2016-11-11-10-30-00,6,1,5
2016-11-11-10-45-00,9,4,5
2016-11-11-11-00-00,3,2,1
2016-11-11-11-15-00,4,2,2
2016-11-11-11-30-00,4,2,2
2016-11-11-11-45-00,4,1,3
2016-11-11-12-00-00,2,1,1
2016-11-11-12-15-00,2,1,1
2016-11-11-12-30-00,5,3,2
2016-11-11-12-45-00,13,5,8
2016-11-11-13-00-00,11,9,2
2016-11-11-13-15-00,3,3,0
2016-11-11-13-30-00,12,11,1
2016-11-11-13-45-00,8,2,6
2016-11-11-14-00-00,16,10,6
2016-11-11-14-15-00,13,8,5
2016-11-11-14-30-00,14,5,9
2016-11-11-14-45-00,16,13,3
2016-11-11-15-00-00,12,9,3
2016-11-11-15-15-00,10,8,2
2016-11-11-15-30-00,18,11,7
2016-11-11-15-45-00,10,8,2
2016-11-11-16-00-00,18,13,5
2016-11-11-16-15-00,19,14,5
2016-11-11-16-30-00,14,12,2
2016-11-11-16-45-00,25,18,7
2016-11-11-17-00-00,17,8,9
2016-11-11-17-15-00,19,13,6
2016-11-11-17-30-00,10,8,2
2016-11-11-17-45-00,13,8,5
2016-11-11-18-00-00,11,7,4
2016-11-11-18-15-00,8,6,2
2016-11-11-18-30-00,5,4,1
2016-11-11-18-45-00,4,2,2
2016-11-11-19-00-00,5,4,1
2016-11-11-19-15-00,7,6,1
2016-11-11-19-30-00,3,3,0
2016-11-11-19-45-00,0,0,0
2016-11-11-20-00-00,3,3,0
2016-11-11-20-15-00,0,0,0
2016-11-11-20-30-00,2,0,2
2016-11-11-20-45-00,2,1,1
2016-11-11-21-00-00,1,1,0
2016-11-11-21-15-00,1,0,1
2016-11-11-21-30-00,3,2,1
2016-11-11-21-45-00,6,4,2
2016-11-11-22-00-00,0,0,0
2016-11-11-22-15-00,1,1,0
2016-11-11-22-30-00,0,0,0
2016-11-11-22-45-00,1,0,1
2016-11-11-23-00-00,0,0,0
2016-11-11-23-15-00,0,0,0
2016-11-11-23-30-00,0,0,0
2016-11-11-23-45-00,1,1,0
2016-11-12-00-00-00,0,0,0
2016-11-12-00-15-00,0,0,0
2016-11-12-00-30-00,0,0,0
2016-11-12-00-45-00,1,1,0
2016-11-12-01-00-00,0,0,0
2016-11-12-01-15-00,0,0,0
2016-11-12-01-30-00,0,0,0
2016-11-12-01-45-00,0,0,0
2016-11-12-02-00-00,0,0,0
2016-11-12-02-15-00,0,0,0
2016-11-12-02-30-00,0,0,0
2016-11-12-02-45-00,0,0,0
2016-11-12-03-00-00,0,0,0
2016-11-12-03-15-00,1,1,0
2016-11-12-03-30-00,0,0,0
2016-11-12-03-45-00,0,0,0
2016-11-12-04-00-00,0,0,0
2016-11-12-04-15-00,0,0,0
2016-11-12-04-30-00,0,0,0
2016-11-12-04-45-00,1,0,1
2016-11-12-05-00-00,0,0,0
2016-11-12-05-15-00,0,0,0
2016-11-12-05-30-00,0,0,0
2016-11-12-05-45-00,0,0,0
2016-11-12-06-00-00,1,1,0
2016-11-12-06-15-00,0,0,0
2016-11-12-06-30-00,0,0,0
2016-11-12-06-45-00,0,0,0
2016-11-12-07-00-00,1,1,0
2016-11-12-07-15-00,1,1,0
2016-11-12-07-30-00,0,0,0
2016-11-12-07-45-00,0,0,0
2016-11-12-08-00-00,0,0,0
2016-11-12-08-15-00,2,2,0
2016-11-12-08-30-00,3,1,2
2016-11-12-08-45-00,4,1,3
2016-11-12-09-00-00,4,1,3
2016-11-12-09-15-00,6,4,2
2016-11-12-09-30-00,14,5,9
2016-11-12-09-45-00,8,5,3
2016-11-12-10-00-00,10,6,4
2016-11-12-10-15-00,11,7,4
2016-11-12-10-30-00,10,4,6
2016-11-12-10-45-00,26,14,12
2016-11-12-11-00-00,16,11,5
2016-11-12-11-15-00,10,7,3
2016-11-12-11-30-00,16,8,8
2016-11-12-11-45-00,23,15,8
2016-11-12-12-00-00,25,17,8
2016-11-12-12-15-00,16,8,8
2016-11-12-12-30-00,24,13,11
2016-11-12-12-45-00,32,11,21
2016-11-12-13-00-00,23,9,14
2016-11-12-13-15-00,18,10,8
2016-11-12-13-30-00,25,12,13
2016-11-12-13-45-00,19,9,10
2016-11-12-14-00-00,30,13,17
2016-11-12-14-15-00,22,14,8
2016-11-12-14-30-00,22,13,9
2016-11-12-14-45-00,40,18,22
2016-11-12-15-00-00,26,12,14
2016-11-12-15-15-00,53,15,38
2016-11-12-15-30-00,24,13,11
2016-11-12-15-45-00,28,11,17
2016-11-12-16-00-00,25,16,9
2016-11-12-16-15-00,18,8,10
2016-11-12-16-30-00,31,16,15
2016-11-12-16-45-00,14,7,7
2016-11-12-17-00-00,14,5,9
2016-11-12-17-15-00,11,3,8
2016-11-12-17-30-00,4,2,2
2016-11-12-17-45-00,13,8,5
2016-11-12-18-00-00,4,2,2
2016-11-12-18-15-00,2,2,0
2016-11-12-18-30-00,2,2,0
2016-11-12-18-45-00,4,4,0
2016-11-12-19-00-00,4,3,1
2016-11-12-19-15-00,2,1,1
2016-11-12-19-30-00,1,1,0
2016-11-12-19-45-00,1,1,0
2016-11-12-20-00-00,0,0,0
2016-11-12-20-15-00,1,0,1
2016-11-12-20-30-00,1,0,1
2016-11-12-20-45-00,1,0,1
2016-11-12-21-00-00,0,0,0
2016-11-12-21-15-00,2,1,1
2016-11-12-21-30-00,0,0,0
2016-11-12-21-45-00,0,0,0
2016-11-12-22-00-00,1,0,1
2016-11-12-22-15-00,0,0,0
2016-11-12-22-30-00,0,0,0
2016-11-12-22-45-00,0,0,0
2016-11-12-23-00-00,0,0,0
2016-11-12-23-15-00,1,0,1
2016-11-12-23-30-00,0,0,0
2016-11-12-23-45-00,5,4,1
2016-11-13-00-00-00,2,0,2
2016-11-13-00-15-00,0,0,0
2016-11-13-00-30-00,0,0,0
2016-11-13-00-45-00,0,0,0
2016-11-13-01-00-00,0,0,0
2016-11-13-01-15-00,0,0,0
2016-11-13-01-30-00,0,0,0
2016-11-13-01-45-00,0,0,0
2016-11-13-02-00-00,0,0,0
2016-11-13-02-15-00,2,1,1
2016-11-13-02-30-00,0,0,0
2016-11-13-02-45-00,0,0,0
2016-11-13-03-00-00,1,1,0
2016-11-13-03-15-00,0,0,0
2016-11-13-03-30-00,0,0,0
2016-11-13-03-45-00,0,0,0
2016-11-13-04-00-00,0,0,0
2016-11-13-04-15-00,0,0,0
2016-11-13-04-30-00,0,0,0
2016-11-13-04-45-00,0,0,0
2016-11-13-05-00-00,0,0,0
2016-11-13-05-15-00,0,0,0
2016-11-13-05-30-00,0,0,0
2016-11-13-05-45-00,0,0,0
2016-11-13-06-00-00,1,1,0
2016-11-13-06-15-00,0,0,0
2016-11-13-06-30-00,0,0,0
2016-11-13-06-45-00,0,0,0
2016-11-13-07-00-00,0,0,0
2016-11-13-07-15-00,0,0,0
2016-11-13-07-30-00,1,1,0
2016-11-13-07-45-00,2,1,1
2016-11-13-08-00-00,4,0,4
2016-11-13-08-15-00,1,1,0
2016-11-13-08-30-00,2,1,1
2016-11-13-08-45-00,8,4,4
2016-11-13-09-00-00,1,0,1
2016-11-13-09-15-00,6,2,4
2016-11-13-09-30-00,10,5,5
2016-11-13-09-45-00,8,3,5
2016-11-13-10-00-00,20,9,11
2016-11-13-10-15-00,14,5,9
2016-11-13-10-30-00,20,10,10
2016-11-13-10-45-00,19,9,10
2016-11-13-11-00-00,15,8,7
2016-11-13-11-15-00,34,10,24
2016-11-13-11-30-00,20,12,8
2016-11-13-11-45-00,25,12,13
2016-11-13-12-00-00,18,10,8
2016-11-13-12-15-00,29,22,7
2016-11-13-12-30-00,20,12,8
2016-11-13-12-45-00,20,4,16
2016-11-13-13-00-00,21,9,12
2016-11-13-13-15-00,13,5,8
2016-11-13-13-30-00,20,12,8
2016-11-13-13-45-00,30,10,20
2016-11-13-14-00-00,22,7,15
2016-11-13-14-15-00,30,17,13
2016-11-13-14-30-00,38,20,18
2016-11-13-14-45-00,26,10,16
2016-11-13-15-00-00,20,6,14
2016-11-13-15-15-00,20,13,7
2016-11-13-15-30-00,19,8,11
2016-11-13-15-45-00,19,14,5
2016-11-13-16-00-00,16,8,8
2016-11-13-16-15-00,18,8,10
2016-11-13-16-30-00,13,11,2
2016-11-13-16-45-00,16,9,7
2016-11-13-17-00-00,11,8,3
2016-11-13-17-15-00,6,2,4
2016-11-13-17-30-00,6,4,2
2016-11-13-17-45-00,10,10,0
2016-11-13-18-00-00,6,6,0
2016-11-13-18-15-00,11,10,1
2016-11-13-18-30-00,5,2,3
2016-11-13-18-45-00,1,0,1
2016-11-13-19-00-00,6,2,4
2016-11-13-19-15-00,2,0,2
2016-11-13-19-30-00,0,0,0
2016-11-13-19-45-00,3,1,2
2016-11-13-20-00-00,2,2,0
2016-11-13-20-15-00,1,1,0
2016-11-13-20-30-00,3,3,0
2016-11-13-20-45-00,1,1,0
2016-11-13-21-00-00,1,0,1
2016-11-13-21-15-00,2,0,2
2016-11-13-21-30-00,0,0,0
2016-11-13-21-45-00,1,1,0
2016-11-13-22-00-00,0,0,0
2016-11-13-22-15-00,1,1,0
2016-11-13-22-30-00,1,0,1
2016-11-13-22-45-00,0,0,0
2016-11-13-23-00-00,1,1,0
2016-11-13-23-15-00,1,0,1
2016-11-13-23-30-00,1,1,0
2016-11-13-23-45-00,1,0,1
2016-11-14-00-00-00,0,0,0
2016-11-14-00-15-00,0,0,0
2016-11-14-00-30-00,0,0,0
2016-11-14-00-45-00,0,0,0
2016-11-14-01-00-00,0,0,0
2016-11-14-01-15-00,0,0,0
2016-11-14-01-30-00,0,0,0
2016-11-14-01-45-00,0,0,0
2016-11-14-02-00-00,0,0,0
2016-11-14-02-15-00,0,0,0
2016-11-14-02-30-00,0,0,0
2016-11-14-02-45-00,0,0,0
2016-11-14-03-00-00,0,0,0
2016-11-14-03-15-00,1,1,0
2016-11-14-03-30-00,0,0,0
2016-11-14-03-45-00,0,0,0
2016-11-14-04-00-00,0,0,0
2016-11-14-04-15-00,0,0,0
2016-11-14-04-30-00,0,0,0
2016-11-14-04-45-00,1,1,0
2016-11-14-05-00-00,0,0,0
2016-11-14-05-15-00,0,0,0
2016-11-14-05-30-00,1,0,1
2016-11-14-05-45-00,1,0,1
2016-11-14-06-00-00,6,1,5
2016-11-14-06-15-00,4,1,3
2016-11-14-06-30-00,3,2,1
2016-11-14-06-45-00,10,4,6
2016-11-14-07-00-00,15,5,10
2016-11-14-07-15-00,25,6,19
2016-11-14-07-30-00,27,10,17
2016-11-14-07-45-00,37,11,26
2016-11-14-08-00-00,38,4,34
2016-11-14-08-15-00,28,4,24
2016-11-14-08-30-00,37,8,29
2016-11-14-08-45-00,44,8,36
2016-11-14-09-00-00,32,5,27
2016-11-14-09-15-00,14,5,9
2016-11-14-09-30-00,18,4,14
2016-11-14-09-45-00,14,8,6
2016-11-14-10-00-00,7,0,7
2016-11-14-10-15-00,5,3,2
2016-11-14-10-30-00,15,8,7
2016-11-14-10-45-00,11,10,1
2016-11-14-11-00-00,17,5,12
2016-11-14-11-15-00,7,3,4
2016-11-14-11-30-00,14,9,5
2016-11-14-11-45-00,14,9,5
2016-11-14-12-00-00,9,6,3
2016-11-14-12-15-00,21,7,14
2016-11-14-12-30-00,11,8,3
2016-11-14-12-45-00,14,7,7
2016-11-14-13-00-00,16,9,7
2016-11-14-13-15-00,15,10,5
2016-11-14-13-30-00,20,9,11
2016-11-14-13-45-00,18,10,8
2016-11-14-14-00-00,13,5,8
2016-11-14-14-15-00,13,9,4
2016-11-14-14-30-00,16,11,5
2016-11-14-14-45-00,16,7,9
2016-11-14-15-00-00,16,10,6
2016-11-14-15-15-00,25,20,5
2016-11-14-15-30-00,17,9,8
2016-11-14-15-45-00,17,14,3
2016-11-14-16-00-00,22,18,4
2016-11-14-16-15-00,28,21,7
2016-11-14-16-30-00,20,15,5
2016-11-14-16-45-00,28,20,8
2016-11-14-17-00-00,29,20,9
2016-11-14-17-15-00,31,17,14
2016-11-14-17-30-00,30,24,6
2016-11-14-17-45-00,25,19,6
2016-11-14-18-00-00,12,9,3
2016-11-14-18-15-00,24,19,5
2016-11-14-18-30-00,19,13,6
2016-11-14-18-45-00,30,25,5
2016-11-14-19-00-00,12,12,0
2016-11-14-19-15-00,10,10,0
2016-11-14-19-30-00,5,3,2
2016-11-14-19-45-00,7,4,3
2016-11-14-20-00-00,6,3,3
2016-11-14-20-15-00,7,3,4
2016-11-14-20-30-00,6,3,3
2016-11-14-20-45-00,3,1,2
2016-11-14-21-00-00,2,1,1
2016-11-14-21-15-00,0,0,0
2016-11-14-21-30-00,0,0,0
2016-11-14-21-45-00,0,0,0
2016-11-14-22-00-00,2,1,1
2016-11-14-22-15-00,2,1,1
2016-11-14-22-30-00,1,1,0
2016-11-14-22-45-00,0,0,0
2016-11-14-23-00-00,2,2,0
2016-11-14-23-15-00,2,2,0
2016-11-14-23-30-00,0,0,0
2016-11-14-23-45-00,1,1,0
2016-11-15-00-00-00,0,0,0
2016-11-15-00-15-00,0,0,0
2016-11-15-00-30-00,0,0,0
2016-11-15-00-45-00,0,0,0
2016-11-15-01-00-00,0,0,0
2016-11-15-01-15-00,0,0,0
2016-11-15-01-30-00,0,0,0
2016-11-15-01-45-00,0,0,0
2016-11-15-02-00-00,1,0,1
2016-11-15-02-15-00,0,0,0
2016-11-15-02-30-00,0,0,0
2016-11-15-02-45-00,0,0,0
2016-11-15-03-00-00,0,0,0
2016-11-15-03-15-00,0,0,0
2016-11-15-03-30-00,0,0,0
2016-11-15-03-45-00,0,0,0
2016-11-15-04-00-00,0,0,0
2016-11-15-04-15-00,1,1,0
2016-11-15-04-30-00,0,0,0
2016-11-15-04-45-00,0,0,0
2016-11-15-05-00-00,1,1,0
2016-11-15-05-15-00,0,0,0
2016-11-15-05-30-00,2,1,1
2016-11-15-05-45-00,2,0,2
2016-11-15-06-00-00,4,0,4
2016-11-15-06-15-00,1,0,1
2016-11-15-06-30-00,6,2,4
2016-11-15-06-45-00,6,3,3
2016-11-15-07-00-00,12,4,8
2016-11-15-07-15-00,23,11,12
2016-11-15-07-30-00,18,8,10
2016-11-15-07-45-00,32,5,27
2016-11-15-08-00-00,37,5,32
2016-11-15-08-15-00,29,9,20
2016-11-15-08-30-00,27,7,20
2016-11-15-08-45-00,23,2,21
2016-11-15-09-00-00,20,4,16
2016-11-15-09-15-00,10,2,8
2016-11-15-09-30-00,2,1,1
2016-11-15-09-45-00,5,2,3
2016-11-15-10-00-00,1,0,1
2016-11-15-10-15-00,5,3,2
2016-11-15-10-30-00,6,2,4
2016-11-15-10-45-00,5,2,3
2016-11-15-11-00-00,1,0,1
2016-11-15-11-15-00,2,1,1
2016-11-15-11-30-00,3,1,2
2016-11-15-11-45-00,5,3,2
2016-11-15-12-00-00,3,2,1
2016-11-15-12-15-00,3,2,1
2016-11-15-12-30-00,9,1,8
2016-11-15-12-45-00,2,1,1
2016-11-15-13-00-00,8,3,5
2016-11-15-13-15-00,9,6,3
2016-11-15-13-30-00,6,4,2
2016-11-15-13-45-00,8,4,4
2016-11-15-14-00-00,6,3,3
2016-11-15-14-15-00,5,2,3
2016-11-15-14-30-00,8,3,5
2016-11-15-14-45-00,7,4,3
2016-11-15-15-00-00,5,3,2
2016-11-15-15-15-00,8,4,4
2016-11-15-15-30-00,10,9,1
2016-11-15-15-45-00,10,9,1
2016-11-15-16-00-00,8,7,1
2016-11-15-16-15-00,19,17,2
2016-11-15-16-30-00,26,19,7
2016-11-15-16-45-00,16,11,5
2016-11-15-17-00-00,26,20,6
2016-11-15-17-15-00,20,16,4
2016-11-15-17-30-00,23,15,8
2016-11-15-17-45-00,21,16,5
2016-11-15-18-00-00,13,11,2
2016-11-15-18-15-00,13,7,6
2016-11-15-18-30-00,13,11,2
2016-11-15-18-45-00,14,7,7
2016-11-15-19-00-00,8,8,0
2016-11-15-19-15-00,4,4,0
2016-11-15-19-30-00,7,5,2
2016-11-15-19-45-00,5,2,3
2016-11-15-20-00-00,4,2,2
2016-11-15-20-15-00,4,1,3
2016-11-15-20-30-00,3,3,0
2016-11-15-20-45-00,1,0,1
2016-11-15-21-00-00,5,4,1
2016-11-15-21-15-00,2,0,2
2016-11-15-21-30-00,2,2,0
2016-11-15-21-45-00,3,1,2
2016-11-15-22-00-00,0,0,0
2016-11-15-22-15-00,2,0,2
2016-11-15-22-30-00,2,0,2
2016-11-15-22-45-00,1,1,0
2016-11-15-23-00-00,1,0,1
2016-11-15-23-15-00,0,0,0
2016-11-15-23-30-00,1,1,0
2016-11-15-23-45-00,0,0,0
2016-11-16-00-00-00,0,0,0
2016-11-16-00-15-00,1,1,0
2016-11-16-00-30-00,0,0,0
2016-11-16-00-45-00,0,0,0
2016-11-16-01-00-00,0,0,0
2016-11-16-01-15-00,0,0,0
2016-11-16-01-30-00,0,0,0
2016-11-16-01-45-00,0,0,0
2016-11-16-02-00-00,0,0,0
2016-11-16-02-15-00,0,0,0
2016-11-16-02-30-00,0,0,0
2016-11-16-02-45-00,0,0,0
2016-11-16-03-00-00,0,0,0
2016-11-16-03-15-00,2,2,0
2016-11-16-03-30-00,0,0,0
2016-11-16-03-45-00,0,0,0
2016-11-16-04-00-00,0,0,0
2016-11-16-04-15-00,0,0,0
2016-11-16-04-30-00,0,0,0
2016-11-16-04-45-00,0,0,0
2016-11-16-05-00-00,0,0,0
2016-11-16-05-15-00,0,0,0
2016-11-16-05-30-00,1,1,0
2016-11-16-05-45-00,2,0,2
2016-11-16-06-00-00,3,0,3
2016-11-16-06-15-00,3,2,1
2016-11-16-06-30-00,4,2,2
2016-11-16-06-45-00,9,2,7
2016-11-16-07-00-00,13,4,9
2016-11-16-07-15-00,17,7,10
2016-11-16-07-30-00,21,6,15
2016-11-16-07-45-00,26,5,21
2016-11-16-08-00-00,26,6,20
2016-11-16-08-15-00,23,2,21
2016-11-16-08-30-00,16,5,11
2016-11-16-08-45-00,21,1,20
2016-11-16-09-00-00,10,2,8
2016-11-16-09-15-00,10,2,8
2016-11-16-09-30-00,7,1,6
2016-11-16-09-45-00,3,0,3
2016-11-16-10-00-00,5,1,4
2016-11-16-10-15-00,9,8,1
2016-11-16-10-30-00,2,1,1
2016-11-16-10-45-00,2,2,0
2016-11-16-11-00-00,2,2,0
2016-11-16-11-15-00,2,1,1
2016-11-16-11-30-00,3,1,2
2016-11-16-11-45-00,7,1,6
2016-11-16-12-00-00,0,0,0
2016-11-16-12-15-00,1,1,0
2016-11-16-12-30-00,3,1,2
2016-11-16-12-45-00,1,1,0
2016-11-16-13-00-00,1,0,1
2016-11-16-13-15-00,5,5,0
2016-11-16-13-30-00,6,5,1
2016-11-16-13-45-00,5,1,4
2016-11-16-14-00-00,2,1,1
2016-11-16-14-15-00,6,2,4
2016-11-16-14-30-00,10,8,2
2016-11-16-14-45-00,8,6,2
2016-11-16-15-00-00,5,3,2
2016-11-16-15-15-00,10,5,5
2016-11-16-15-30-00,9,7,2
2016-11-16-15-45-00,19,11,8
2016-11-16-16-00-00,10,6,4
2016-11-16-16-15-00,14,13,1
2016-11-16-16-30-00,18,15,3
2016-11-16-16-45-00,14,10,4
2016-11-16-17-00-00,28,18,10
2016-11-16-17-15-00,30,21,9
2016-11-16-17-30-00,22,17,5
2016-11-16-17-45-00,16,13,3
2016-11-16-18-00-00,7,3,4
2016-11-16-18-15-00,14,12,2
2016-11-16-18-30-00,12,8,4
2016-11-16-18-45-00,9,8,1
2016-11-16-19-00-00,6,4,2
2016-11-16-19-15-00,7,6,1
2016-11-16-19-30-00,6,3,3
2016-11-16-19-45-00,7,4,3
2016-11-16-20-00-00,5,2,3
2016-11-16-20-15-00,0,0,0
2016-11-16-20-30-00,2,2,0
2016-11-16-20-45-00,1,0,1
2016-11-16-21-00-00,2,2,0
2016-11-16-21-15-00,1,1,0
2016-11-16-21-30-00,3,3,0
2016-11-16-21-45-00,1,1,0
2016-11-16-22-00-00,1,0,1
2016-11-16-22-15-00,1,0,1
2016-11-16-22-30-00,0,0,0
2016-11-16-22-45-00,0,0,0
2016-11-16-23-00-00,3,3,0
2016-11-16-23-15-00,1,0,1
2016-11-16-23-30-00,0,0,0
2016-11-16-23-45-00,0,0,0
2016-11-17-00-00-00,0,0,0
2016-11-17-00-15-00,1,0,1
2016-11-17-00-30-00,0,0,0
2016-11-17-00-45-00,2,0,2
2016-11-17-01-00-00,0,0,0
2016-11-17-01-15-00,0,0,0
2016-11-17-01-30-00,0,0,0
2016-11-17-01-45-00,1,0,1
2016-11-17-02-00-00,0,0,0
2016-11-17-02-15-00,0,0,0
2016-11-17-02-30-00,0,0,0
2016-11-17-02-45-00,0,0,0
2016-11-17-03-00-00,0,0,0
2016-11-17-03-15-00,0,0,0
2016-11-17-03-30-00,0,0,0
2016-11-17-03-45-00,0,0,0
2016-11-17-04-00-00,0,0,0
2016-11-17-04-15-00,0,0,0
2016-11-17-04-30-00,0,0,0
2016-11-17-04-45-00,0,0,0
2016-11-17-05-00-00,0,0,0
2016-11-17-05-15-00,0,0,0
2016-11-17-05-30-00,1,0,1
2016-11-17-05-45-00,1,0,1
2016-11-17-06-00-00,5,0,5
2016-11-17-06-15-00,4,0,4
2016-11-17-06-30-00,3,2,1
2016-11-17-06-45-00,8,2,6
2016-11-17-07-00-00,11,5,6
2016-11-17-07-15-00,21,7,14
2016-11-17-07-30-00,26,7,19
2016-11-17-07-45-00,41,9,32
2016-11-17-08-00-00,35,5,30
2016-11-17-08-15-00,41,11,30
2016-11-17-08-30-00,31,7,24
2016-11-17-08-45-00,23,4,19
2016-11-17-09-00-00,32,5,27
2016-11-17-09-15-00,22,8,14
2016-11-17-09-30-00,10,5,5
2016-11-17-09-45-00,10,4,6
2016-11-17-10-00-00,5,1,4
2016-11-17-10-15-00,7,3,4
2016-11-17-10-30-00,8,1,7
2016-11-17-10-45-00,6,2,4
2016-11-17-11-00-00,1,0,1
2016-11-17-11-15-00,5,2,3
2016-11-17-11-30-00,11,4,7
2016-11-17-11-45-00,5,4,1
2016-11-17-12-00-00,4,2,2
2016-11-17-12-15-00,3,1,2
2016-11-17-12-30-00,3,2,1
2016-11-17-12-45-00,3,3,0
2016-11-17-13-00-00,0,0,0
2016-11-17-13-15-00,7,1,6
2016-11-17-13-30-00,4,2,2
2016-11-17-13-45-00,8,4,4
2016-11-17-14-00-00,7,4,3
2016-11-17-14-15-00,9,6,3
2016-11-17-14-30-00,14,6,8
2016-11-17-14-45-00,17,8,9
2016-11-17-15-00-00,14,8,6
2016-11-17-15-15-00,12,7,5
2016-11-17-15-30-00,10,6,4
2016-11-17-15-45-00,30,21,9
2016-11-17-16-00-00,24,15,9
2016-11-17-16-15-00,30,27,3
2016-11-17-16-30-00,22,18,4
2016-11-17-16-45-00,19,14,5
2016-11-17-17-00-00,25,16,9
2016-11-17-17-15-00,35,26,9
2016-11-17-17-30-00,19,14,5
2016-11-17-17-45-00,18,13,5
2016-11-17-18-00-00,17,14,3
2016-11-17-18-15-00,15,12,3
2016-11-17-18-30-00,16,13,3
2016-11-17-18-45-00,18,15,3
2016-11-17-19-00-00,10,6,4
2016-11-17-19-15-00,4,4,0
2016-11-17-19-30-00,13,4,9
2016-11-17-19-45-00,3,2,1
2016-11-17-20-00-00,8,6,2
2016-11-17-20-15-00,4,3,1
2016-11-17-20-30-00,2,2,0
2016-11-17-20-45-00,1,1,0
2016-11-17-21-00-00,1,0,1
2016-11-17-21-15-00,4,3,1
2016-11-17-21-30-00,3,3,0
2016-11-17-21-45-00,4,3,1
2016-11-17-22-00-00,3,1,2
2016-11-17-22-15-00,4,4,0
2016-11-17-22-30-00,2,0,2
2016-11-17-22-45-00,0,0,0
2016-11-17-23-00-00,0,0,0
2016-11-17-23-15-00,0,0,0
2016-11-17-23-30-00,0,0,0
2016-11-17-23-45-00,2,0,2
2016-11-18-00-00-00,0,0,0
2016-11-18-00-15-00,0,0,0
2016-11-18-00-30-00,0,0,0
2016-11-18-00-45-00,0,0,0
2016-11-18-01-00-00,0,0,0
2016-11-18-01-15-00,0,0,0
2016-11-18-01-30-00,0,0,0
2016-11-18-01-45-00,0,0,0
2016-11-18-02-00-00,0,0,0
2016-11-18-02-15-00,0,0,0
2016-11-18-02-30-00,1,0,1
2016-11-18-02-45-00,0,0,0
2016-11-18-03-00-00,1,1,0
2016-11-18-03-15-00,0,0,0
2016-11-18-03-30-00,0,0,0
2016-11-18-03-45-00,0,0,0
2016-11-18-04-00-00,0,0,0
2016-11-18-04-15-00,0,0,0
2016-11-18-04-30-00,0,0,0
2016-11-18-04-45-00,0,0,0
2016-11-18-05-00-00,3,3,0
2016-11-18-05-15-00,0,0,0
2016-11-18-05-30-00,1,0,1
2016-11-18-05-45-00,2,0,2
2016-11-18-06-00-00,3,0,3
2016-11-18-06-15-00,4,1,3
2016-11-18-06-30-00,3,0,3
2016-11-18-06-45-00,3,1,2
2016-11-18-07-00-00,6,3,3
2016-11-18-07-15-00,12,7,5
2016-11-18-07-30-00,10,3,7
2016-11-18-07-45-00,18,9,9
2016-11-18-08-00-00,14,2,12
2016-11-18-08-15-00,20,2,18
2016-11-18-08-30-00,22,4,18
2016-11-18-08-45-00,17,2,15
2016-11-18-09-00-00,18,3,15
2016-11-18-09-15-00,9,3,6
2016-11-18-09-30-00,6,1,5
2016-11-18-09-45-00,7,2,5
2016-11-18-10-00-00,13,5,8
2016-11-18-10-15-00,4,1,3
2016-11-18-10-30-00,7,4,3
2016-11-18-10-45-00,5,2,3
2016-11-18-11-00-00,12,7,5
2016-11-18-11-15-00,12,6,6
2016-11-18-11-30-00,10,3,7
2016-11-18-11-45-00,7,5,2
2016-11-18-12-00-00,3,0,3
2016-11-18-12-15-00,7,5,2
2016-11-18-12-30-00,10,4,6
2016-11-18-12-45-00,5,3,2
2016-11-18-13-00-00,7,3,4
2016-11-18-13-15-00,5,5,0
2016-11-18-13-30-00,8,5,3
2016-11-18-13-45-00,5,2,3
2016-11-18-14-00-00,7,4,3
2016-11-18-14-15-00,15,9,6
2016-11-18-14-30-00,14,6,8
2016-11-18-14-45-00,20,11,9
2016-11-18-15-00-00,11,5,6
2016-11-18-15-15-00,32,22,10
2016-11-18-15-30-00,12,7,5
2016-11-18-15-45-00,29,19,10
2016-11-18-16-00-00,25,15,10
2016-11-18-16-15-00,23,15,8
2016-11-18-16-30-00,33,25,8
2016-11-18-16-45-00,24,17,7
2016-11-18-17-00-00,19,9,10
2016-11-18-17-15-00,22,16,6
2016-11-18-17-30-00,19,9,10
2016-11-18-17-45-00,17,10,7
2016-11-18-18-00-00,17,10,7
2016-11-18-18-15-00,10,6,4
2016-11-18-18-30-00,2,2,0
2016-11-18-18-45-00,12,10,2
2016-11-18-19-00-00,2,1,1
2016-11-18-19-15-00,2,1,1
2016-11-18-19-30-00,3,2,1
2016-11-18-19-45-00,6,5,1
2016-11-18-20-00-00,4,1,3
2016-11-18-20-15-00,1,0,1
2016-11-18-20-30-00,1,1,0
2016-11-18-20-45-00,6,2,4
2016-11-18-21-00-00,3,3,0
2016-11-18-21-15-00,0,0,0
2016-11-18-21-30-00,1,1,0
2016-11-18-21-45-00,2,0,2
2016-11-18-22-00-00,0,0,0
2016-11-18-22-15-00,0,0,0
2016-11-18-22-30-00,1,1,0
2016-11-18-22-45-00,0,0,0
2016-11-18-23-00-00,3,1,2
2016-11-18-23-15-00,3,0,3
2016-11-18-23-30-00,1,1,0
2016-11-18-23-45-00,1,1,0
2016-11-19-00-00-00,2,2,0
2016-11-19-00-15-00,2,1,1
2016-11-19-00-30-00,2,0,2
2016-11-19-00-45-00,0,0,0
2016-11-19-01-00-00,1,1,0
2016-11-19-01-15-00,0,0,0
2016-11-19-01-30-00,2,0,2
2016-11-19-01-45-00,1,0,1
2016-11-19-02-00-00,0,0,0
2016-11-19-02-15-00,0,0,0
2016-11-19-02-30-00,0,0,0
2016-11-19-02-45-00,1,1,0
2016-11-19-03-00-00,0,0,0
2016-11-19-03-15-00,0,0,0
2016-11-19-03-30-00,1,1,0
2016-11-19-03-45-00,0,0,0
2016-11-19-04-00-00,0,0,0
2016-11-19-04-15-00,0,0,0
2016-11-19-04-30-00,1,0,1
2016-11-19-04-45-00,0,0,0
2016-11-19-05-00-00,0,0,0
2016-11-19-05-15-00,0,0,0
2016-11-19-05-30-00,1,0,1
2016-11-19-05-45-00,2,0,2
2016-11-19-06-00-00,1,1,0
2016-11-19-06-15-00,0,0,0
2016-11-19-06-30-00,1,0,1
2016-11-19-06-45-00,0,0,0
2016-11-19-07-00-00,3,2,1
2016-11-19-07-15-00,0,0,0
2016-11-19-07-30-00,0,0,0
2016-11-19-07-45-00,0,0,0
2016-11-19-08-00-00,3,1,2
2016-11-19-08-15-00,6,2,4
2016-11-19-08-30-00,10,2,8
2016-11-19-08-45-00,7,5,2
2016-11-19-09-00-00,1,0,1
2016-11-19-09-15-00,13,7,6
2016-11-19-09-30-00,17,10,7
2016-11-19-09-45-00,15,6,9
2016-11-19-10-00-00,15,6,9
2016-11-19-10-15-00,16,9,7
2016-11-19-10-30-00,11,5,6
2016-11-19-10-45-00,16,10,6
2016-11-19-11-00-00,10,3,7
2016-11-19-11-15-00,20,12,8
2016-11-19-11-30-00,20,12,8
2016-11-19-11-45-00,28,12,16
2016-11-19-12-00-00,16,9,7
2016-11-19-12-15-00,14,5,9
2016-11-19-12-30-00,10,1,9
2016-11-19-12-45-00,15,7,8
2016-11-19-13-00-00,16,11,5
2016-11-19-13-15-00,10,7,3
2016-11-19-13-30-00,28,21,7
2016-11-19-13-45-00,16,8,8
2016-11-19-14-00-00,30,8,22
2016-11-19-14-15-00,16,5,11
2016-11-19-14-30-00,22,9,13
2016-11-19-14-45-00,21,13,8
2016-11-19-15-00-00,17,11,6
2016-11-19-15-15-00,25,12,13
2016-11-19-15-30-00,27,17,10
2016-11-19-15-45-00,18,7,11
2016-11-19-16-00-00,27,15,12
2016-11-19-16-15-00,19,18,1
2016-11-19-16-30-00,27,12,15
2016-11-19-16-45-00,20,15,5
2016-11-19-17-00-00,11,9,2
2016-11-19-17-15-00,10,5,5
2016-11-19-17-30-00,7,5,2
2016-11-19-17-45-00,7,3,4
2016-11-19-18-00-00,2,0,2
2016-11-19-18-15-00,4,3,1
2016-11-19-18-30-00,1,0,1
2016-11-19-18-45-00,1,1,0
2016-11-19-19-00-00,0,0,0
2016-11-19-19-15-00,3,3,0
2016-11-19-19-30-00,2,2,0
2016-11-19-19-45-00,2,1,1
2016-11-19-20-00-00,2,1,1
2016-11-19-20-15-00,3,0,3
2016-11-19-20-30-00,2,2,0
2016-11-19-20-45-00,3,2,1
2016-11-19-21-00-00,2,1,1
2016-11-19-21-15-00,2,2,0
2016-11-19-21-30-00,1,1,0
2016-11-19-21-45-00,3,2,1
2016-11-19-22-00-00,1,0,1
2016-11-19-22-15-00,5,1,4
2016-11-19-22-30-00,0,0,0
2016-11-19-22-45-00,0,0,0
2016-11-19-23-00-00,0,0,0
2016-11-19-23-15-00,0,0,0
2016-11-19-23-30-00,0,0,0
2016-11-19-23-45-00,0,0,0
2016-11-20-00-00-00,0,0,0
2016-11-20-00-15-00,3,0,3
2016-11-20-00-30-00,1,0,1
2016-11-20-00-45-00,1,1,0
2016-11-20-01-00-00,1,1,0
2016-11-20-01-15-00,1,1,0
2016-11-20-01-30-00,0,0,0
2016-11-20-01-45-00,0,0,0
2016-11-20-02-00-00,1,1,0
2016-11-20-02-15-00,0,0,0
2016-11-20-02-30-00,0,0,0
2016-11-20-02-45-00,1,0,1
2016-11-20-03-00-00,0,0,0
2016-11-20-03-15-00,1,1,0
2016-11-20-03-30-00,1,1,0
2016-11-20-03-45-00,1,1,0
2016-11-20-04-00-00,0,0,0
2016-11-20-04-15-00,0,0,0
2016-11-20-04-30-00,0,0,0
2016-11-20-04-45-00,1,0,1
2016-11-20-05-00-00,0,0,0
2016-11-20-05-15-00,0,0,0
2016-11-20-05-30-00,0,0,0
2016-11-20-05-45-00,0,0,0
2016-11-20-06-00-00,0,0,0
2016-11-20-06-15-00,0,0,0
2016-11-20-06-30-00,0,0,0
2016-11-20-06-45-00,2,1,1
2016-11-20-07-00-00,2,2,0
2016-11-20-07-15-00,1,0,1
2016-11-20-07-30-00,0,0,0
2016-11-20-07-45-00,1,0,1
2016-11-20-08-00-00,2,0,2
2016-11-20-08-15-00,1,1,0
2016-11-20-08-30-00,1,1,0
2016-11-20-08-45-00,4,4,0
2016-11-20-09-00-00,4,1,3
2016-11-20-09-15-00,6,1,5
2016-11-20-09-30-00,6,4,2
2016-11-20-09-45-00,5,2,3
2016-11-20-10-00-00,11,2,9
2016-11-20-10-15-00,9,6,3
2016-11-20-10-30-00,8,6,2
2016-11-20-10-45-00,4,1,3
2016-11-20-11-00-00,10,6,4
2016-11-20-11-15-00,11,4,7
2016-11-20-11-30-00,16,7,9
2016-11-20-11-45-00,13,8,5
2016-11-20-12-00-00,16,8,8
2016-11-20-12-15-00,17,7,10
2016-11-20-12-30-00,18,6,12
2016-11-20-12-45-00,11,4,7
2016-11-20-13-00-00,15,8,7
2016-11-20-13-15-00,14,8,6
2016-11-20-13-30-00,20,8,12
2016-11-20-13-45-00,13,4,9
2016-11-20-14-00-00,14,7,7
2016-11-20-14-15-00,24,15,9
2016-11-20-14-30-00,28,11,17
2016-11-20-14-45-00,24,15,9
2016-11-20-15-00-00,27,22,5
2016-11-20-15-15-00,24,11,13
2016-11-20-15-30-00,13,4,9
2016-11-20-15-45-00,16,7,9
2016-11-20-16-00-00,6,4,2
2016-11-20-16-15-00,16,12,4
2016-11-20-16-30-00,26,21,5
2016-11-20-16-45-00,15,13,2
2016-11-20-17-00-00,15,11,4
2016-11-20-17-15-00,9,6,3
2016-11-20-17-30-00,13,7,6
2016-11-20-17-45-00,6,2,4
2016-11-20-18-00-00,1,1,0
2016-11-20-18-15-00,8,8,0
2016-11-20-18-30-00,4,1,3
2016-11-20-18-45-00,4,4,0
2016-11-20-19-00-00,3,3,0
2016-11-20-19-15-00,7,3,4
2016-11-20-19-30-00,1,0,1
2016-11-20-19-45-00,8,3,5
2016-11-20-20-00-00,0,0,0
2016-11-20-20-15-00,0,0,0
2016-11-20-20-30-00,2,1,1
2016-11-20-20-45-00,2,1,1
2016-11-20-21-00-00,1,0,1
2016-11-20-21-15-00,3,1,2
2016-11-20-21-30-00,0,0,0
2016-11-20-21-45-00,1,1,0
2016-11-20-22-00-00,0,0,0
2016-11-20-22-15-00,1,0,1
2016-11-20-22-30-00,1,0,1
2016-11-20-22-45-00,0,0,0
2016-11-20-23-00-00,0,0,0
2016-11-20-23-15-00,0,0,0
2016-11-20-23-30-00,1,1,0
2016-11-20-23-45-00,0,0,0
2016-11-21-00-00-00,0,0,0
2016-11-21-00-15-00,0,0,0
2016-11-21-00-30-00,0,0,0
2016-11-21-00-45-00,1,1,0
2016-11-21-01-00-00,0,0,0
2016-11-21-01-15-00,0,0,0
2016-11-21-01-30-00,0,0,0
2016-11-21-01-45-00,0,0,0
2016-11-21-02-00-00,0,0,0
2016-11-21-02-15-00,0,0,0
2016-11-21-02-30-00,0,0,0
2016-11-21-02-45-00,0,0,0
2016-11-21-03-00-00,1,0,1
2016-11-21-03-15-00,0,0,0
2016-11-21-03-30-00,0,0,0
2016-11-21-03-45-00,0,0,0
2016-11-21-04-00-00,0,0,0
2016-11-21-04-15-00,1,1,0
2016-11-21-04-30-00,0,0,0
2016-11-21-04-45-00,0,0,0
2016-11-21-05-00-00,0,0,0
2016-11-21-05-15-00,0,0,0
2016-11-21-05-30-00,0,0,0
2016-11-21-05-45-00,1,1,0
2016-11-21-06-00-00,5,1,4
2016-11-21-06-15-00,3,1,2
2016-11-21-06-30-00,4,1,3
2016-11-21-06-45-00,8,3,5
2016-11-21-07-00-00,16,7,9
2016-11-21-07-15-00,22,6,16
2016-11-21-07-30-00,31,12,19
2016-11-21-07-45-00,36,10,26
2016-11-21-08-00-00,50,9,41
2016-11-21-08-15-00,44,11,33
2016-11-21-08-30-00,25,5,20
2016-11-21-08-45-00,38,4,34
2016-11-21-09-00-00,15,2,13
2016-11-21-09-15-00,10,2,8
2016-11-21-09-30-00,8,2,6
2016-11-21-09-45-00,8,2,6
2016-11-21-10-00-00,9,4,5
2016-11-21-10-15-00,2,1,1
2016-11-21-10-30-00,3,0,3
2016-11-21-10-45-00,4,2,2
2016-11-21-11-00-00,3,2,1
2016-11-21-11-15-00,1,0,1
2016-11-21-11-30-00,4,3,1
2016-11-21-11-45-00,4,2,2
2016-11-21-12-00-00,3,1,2
2016-11-21-12-15-00,7,2,5
2016-11-21-12-30-00,3,1,2
2016-11-21-12-45-00,2,1,1
2016-11-21-13-00-00,10,7,3
2016-11-21-13-15-00,6,3,3
2016-11-21-13-30-00,8,4,4
2016-11-21-13-45-00,5,4,1
2016-11-21-14-00-00,4,4,0
2016-11-21-14-15-00,12,6,6
2016-11-21-14-30-00,11,8,3
2016-11-21-14-45-00,11,8,3
2016-11-21-15-00-00,14,8,6
2016-11-21-15-15-00,6,4,2
2016-11-21-15-30-00,14,7,7
2016-11-21-15-45-00,24,19,5
2016-11-21-16-00-00,20,13,7
2016-11-21-16-15-00,14,10,4
2016-11-21-16-30-00,24,13,11
2016-11-21-16-45-00,36,27,9
2016-11-21-17-00-00,18,13,5
2016-11-21-17-15-00,29,21,8
2016-11-21-17-30-00,34,28,6
2016-11-21-17-45-00,24,19,5
2016-11-21-18-00-00,18,15,3
2016-11-21-18-15-00,14,11,3
2016-11-21-18-30-00,13,10,3
2016-11-21-18-45-00,18,12,6
2016-11-21-19-00-00,8,3,5
2016-11-21-19-15-00,18,12,6
2016-11-21-19-30-00,6,6,0
2016-11-21-19-45-00,12,5,7
2016-11-21-20-00-00,5,3,2
2016-11-21-20-15-00,4,2,2
2016-11-21-20-30-00,6,4,2
2016-11-21-20-45-00,5,1,4
2016-11-21-21-00-00,2,2,0
2016-11-21-21-15-00,0,0,0
2016-11-21-21-30-00,2,1,1
2016-11-21-21-45-00,2,1,1
2016-11-21-22-00-00,3,3,0
2016-11-21-22-15-00,2,2,0
2016-11-21-22-30-00,1,0,1
2016-11-21-22-45-00,0,0,0
2016-11-21-23-00-00,1,0,1
2016-11-21-23-15-00,0,0,0
2016-11-21-23-30-00,0,0,0
2016-11-21-23-45-00,0,0,0
2016-11-22-00-00-00,0,0,0
2016-11-22-00-15-00,0,0,0
2016-11-22-00-30-00,0,0,0
2016-11-22-00-45-00,0,0,0
2016-11-22-01-00-00,0,0,0
2016-11-22-01-15-00,1,1,0
2016-11-22-01-30-00,0,0,0
2016-11-22-01-45-00,0,0,0
2016-11-22-02-00-00,0,0,0
2016-11-22-02-15-00,0,0,0
2016-11-22-02-30-00,0,0,0
2016-11-22-02-45-00,0,0,0
2016-11-22-03-00-00,0,0,0
2016-11-22-03-15-00,0,0,0
2016-11-22-03-30-00,0,0,0
2016-11-22-03-45-00,0,0,0
2016-11-22-04-00-00,0,0,0
2016-11-22-04-15-00,0,0,0
2016-11-22-04-30-00,0,0,0
2016-11-22-04-45-00,0,0,0
2016-11-22-05-00-00,0,0,0
2016-11-22-05-15-00,0,0,0
2016-11-22-05-30-00,0,0,0
2016-11-22-05-45-00,0,0,0
2016-11-22-06-00-00,5,2,3
2016-11-22-06-15-00,5,2,3
2016-11-22-06-30-00,9,2,7
2016-11-22-06-45-00,7,3,4
2016-11-22-07-00-00,23,8,15
2016-11-22-07-15-00,29,6,23
2016-11-22-07-30-00,36,12,24
2016-11-22-07-45-00,33,9,24
2016-11-22-08-00-00,41,7,34
2016-11-22-08-15-00,37,7,30
2016-11-22-08-30-00,49,13,36
2016-11-22-08-45-00,37,9,28
2016-11-22-09-00-00,33,8,25
2016-11-22-09-15-00,24,9,15
2016-11-22-09-30-00,12,5,7
2016-11-22-09-45-00,13,2,11
2016-11-22-10-00-00,9,5,4
2016-11-22-10-15-00,9,5,4
2016-11-22-10-30-00,9,7,2
2016-11-22-10-45-00,8,2,6
2016-11-22-11-00-00,5,3,2
2016-11-22-11-15-00,13,8,5
2016-11-22-11-30-00,9,3,6
2016-11-22-11-45-00,14,7,7
2016-11-22-12-00-00,18,10,8
2016-11-22-12-15-00,7,2,5
2016-11-22-12-30-00,7,4,3
2016-11-22-12-45-00,10,5,5
2016-11-22-13-00-00,12,8,4
2016-11-22-13-15-00,20,8,12
2016-11-22-13-30-00,15,6,9
2016-11-22-13-45-00,9,2,7
2016-11-22-14-00-00,8,4,4
2016-11-22-14-15-00,18,10,8
2016-11-22-14-30-00,18,6,12
2016-11-22-14-45-00,16,5,11
2016-11-22-15-00-00,20,11,9
2016-11-22-15-15-00,17,13,4
2016-11-22-15-30-00,17,11,6
2016-11-22-15-45-00,22,15,7
2016-11-22-16-00-00,26,18,8
2016-11-22-16-15-00,33,23,10
2016-11-22-16-30-00,32,17,15
2016-11-22-16-45-00,44,33,11
2016-11-22-17-00-00,22,18,4
2016-11-22-17-15-00,29,24,5
2016-11-22-17-30-00,38,28,10
2016-11-22-17-45-00,28,22,6
2016-11-22-18-00-00,31,26,5
2016-11-22-18-15-00,16,12,4
2016-11-22-18-30-00,24,15,9
2016-11-22-18-45-00,16,11,5
2016-11-22-19-00-00,5,4,1
2016-11-22-19-15-00,15,7,8
2016-11-22-19-30-00,8,7,1
2016-11-22-19-45-00,8,8,0
2016-11-22-20-00-00,5,5,0
2016-11-22-20-15-00,7,5,2
2016-11-22-20-30-00,5,5,0
2016-11-22-20-45-00,3,2,1
2016-11-22-21-00-00,1,1,0
2016-11-22-21-15-00,8,5,3
2016-11-22-21-30-00,1,0,1
2016-11-22-21-45-00,0,0,0
2016-11-22-22-00-00,1,0,1
2016-11-22-22-15-00,1,0,1
2016-11-22-22-30-00,0,0,0
2016-11-22-22-45-00,1,0,1
2016-11-22-23-00-00,1,1,0
2016-11-22-23-15-00,0,0,0
2016-11-22-23-30-00,0,0,0
2016-11-22-23-45-00,0,0,0
2016-11-23-00-00-00,0,0,0
2016-11-23-00-15-00,0,0,0
2016-11-23-00-30-00,0,0,0
2016-11-23-00-45-00,0,0,0
2016-11-23-01-00-00,0,0,0
2016-11-23-01-15-00,0,0,0
2016-11-23-01-30-00,0,0,0
2016-11-23-01-45-00,0,0,0
2016-11-23-02-00-00,0,0,0
2016-11-23-02-15-00,0,0,0
2016-11-23-02-30-00,1,0,1
2016-11-23-02-45-00,0,0,0
2016-11-23-03-00-00,0,0,0
2016-11-23-03-15-00,0,0,0
2016-11-23-03-30-00,0,0,0
2016-11-23-03-45-00,0,0,0
2016-11-23-04-00-00,0,0,0
2016-11-23-04-15-00,1,1,0
2016-11-23-04-30-00,1,1,0
2016-11-23-04-45-00,0,0,0
2016-11-23-05-00-00,0,0,0
2016-11-23-05-15-00,0,0,0
2016-11-23-05-30-00,0,0,0
2016-11-23-05-45-00,1,1,0
2016-11-23-06-00-00,4,0,4
2016-11-23-06-15-00,2,0,2
2016-11-23-06-30-00,6,0,6
2016-11-23-06-45-00,7,2,5
2016-11-23-07-00-00,19,8,11
2016-11-23-07-15-00,26,6,20
2016-11-23-07-30-00,40,12,28
2016-11-23-07-45-00,34,9,25
2016-11-23-08-00-00,35,7,28
2016-11-23-08-15-00,41,4,37
2016-11-23-08-30-00,37,6,31
2016-11-23-08-45-00,29,9,20
2016-11-23-09-00-00,27,5,22
2016-11-23-09-15-00,14,4,10
2016-11-23-09-30-00,9,4,5
2016-11-23-09-45-00,20,8,12
2016-11-23-10-00-00,14,5,9
2016-11-23-10-15-00,12,7,5
2016-11-23-10-30-00,16,3,13
2016-11-23-10-45-00,9,3,6
2016-11-23-11-00-00,12,8,4
2016-11-23-11-15-00,9,3,6
2016-11-23-11-30-00,10,4,6
2016-11-23-11-45-00,7,5,2
2016-11-23-12-00-00,17,7,10
2016-11-23-12-15-00,26,14,12
2016-11-23-12-30-00,12,5,7
2016-11-23-12-45-00,19,10,9
2016-11-23-13-00-00,17,9,8
2016-11-23-13-15-00,23,12,11
2016-11-23-13-30-00,17,10,7
2016-11-23-13-45-00,21,13,8
2016-11-23-14-00-00,19,8,11
2016-11-23-14-15-00,23,18,5
2016-11-23-14-30-00,27,14,13
2016-11-23-14-45-00,29,19,10
2016-11-23-15-00-00,26,16,10
2016-11-23-15-15-00,36,19,17
2016-11-23-15-30-00,24,17,7
2016-11-23-15-45-00,33,16,17
2016-11-23-16-00-00,22,12,10
2016-11-23-16-15-00,33,21,12
2016-11-23-16-30-00,33,21,12
2016-11-23-16-45-00,55,44,11
2016-11-23-17-00-00,41,31,10
2016-11-23-17-15-00,33,25,8
2016-11-23-17-30-00,30,22,8
2016-11-23-17-45-00,29,19,10
2016-11-23-18-00-00,12,9,3
2016-11-23-18-15-00,24,18,6
2016-11-23-18-30-00,21,14,7
2016-11-23-18-45-00,16,15,1
2016-11-23-19-00-00,16,10,6
2016-11-23-19-15-00,14,12,2
2016-11-23-19-30-00,12,7,5
2016-11-23-19-45-00,8,4,4
2016-11-23-20-00-00,4,2,2
2016-11-23-20-15-00,6,1,5
2016-11-23-20-30-00,4,3,1
2016-11-23-20-45-00,7,2,5
2016-11-23-21-00-00,4,2,2
2016-11-23-21-15-00,5,3,2
2016-11-23-21-30-00,4,3,1
2016-11-23-21-45-00,1,0,1
2016-11-23-22-00-00,3,2,1
2016-11-23-22-15-00,2,1,1
2016-11-23-22-30-00,1,1,0
2016-11-23-22-45-00,2,1,1
2016-11-23-23-00-00,2,1,1
2016-11-23-23-15-00,0,0,0
2016-11-23-23-30-00,0,0,0
2016-11-23-23-45-00,0,0,0
2016-11-24-00-00-00,0,0,0
2016-11-24-00-15-00,0,0,0
2016-11-24-00-30-00,0,0,0
2016-11-24-00-45-00,0,0,0
2016-11-24-01-00-00,0,0,0
2016-11-24-01-15-00,0,0,0
2016-11-24-01-30-00,0,0,0
2016-11-24-01-45-00,0,0,0
2016-11-24-02-00-00,0,0,0
2016-11-24-02-15-00,0,0,0
2016-11-24-02-30-00,0,0,0
2016-11-24-02-45-00,0,0,0
2016-11-24-03-00-00,0,0,0
2016-11-24-03-15-00,0,0,0
2016-11-24-03-30-00,0,0,0
2016-11-24-03-45-00,1,1,0
2016-11-24-04-00-00,1,0,1
2016-11-24-04-15-00,0,0,0
2016-11-24-04-30-00,1,0,1
2016-11-24-04-45-00,0,0,0
2016-11-24-05-00-00,0,0,0
2016-11-24-05-15-00,0,0,0
2016-11-24-05-30-00,2,0,2
2016-11-24-05-45-00,0,0,0
2016-11-24-06-00-00,6,1,5
2016-11-24-06-15-00,5,3,2
2016-11-24-06-30-00,5,1,4
2016-11-24-06-45-00,10,3,7
2016-11-24-07-00-00,15,5,10
2016-11-24-07-15-00,29,8,21
2016-11-24-07-30-00,38,14,24
2016-11-24-07-45-00,46,15,31
2016-11-24-08-00-00,39,9,30
2016-11-24-08-15-00,39,7,32
2016-11-24-08-30-00,34,7,27
2016-11-24-08-45-00,39,6,33
2016-11-24-09-00-00,33,6,27
2016-11-24-09-15-00,15,2,13
2016-11-24-09-30-00,21,7,14
2016-11-24-09-45-00,10,4,6
2016-11-24-10-00-00,18,12,6
2016-11-24-10-15-00,9,5,4
2016-11-24-10-30-00,12,6,6
2016-11-24-10-45-00,18,10,8
2016-11-24-11-00-00,16,6,10
2016-11-24-11-15-00,23,11,12
2016-11-24-11-30-00,17,11,6
2016-11-24-11-45-00,17,11,6
2016-11-24-12-00-00,12,9,3
2016-11-24-12-15-00,21,11,10
2016-11-24-12-30-00,18,8,10
2016-11-24-12-45-00,26,8,18
2016-11-24-13-00-00,18,7,11
2016-11-24-13-15-00,24,12,12
2016-11-24-13-30-00,29,17,12
2016-11-24-13-45-00,34,24,10
2016-11-24-14-00-00,24,11,13
2016-11-24-14-15-00,26,10,16
2016-11-24-14-30-00,29,18,11
2016-11-24-14-45-00,30,11,19
2016-11-24-15-00-00,25,14,11
2016-11-24-15-15-00,43,20,23
2016-11-24-15-30-00,45,27,18
2016-11-24-15-45-00,36,22,14
2016-11-24-16-00-00,31,17,14
2016-11-24-16-15-00,42,29,13
2016-11-24-16-30-00,38,34,4
2016-11-24-16-45-00,38,26,12
2016-11-24-17-00-00,34,29,5
2016-11-24-17-15-00,39,29,10
2016-11-24-17-30-00,40,27,13
2016-11-24-17-45-00,42,29,13
2016-11-24-18-00-00,35,26,9
2016-11-24-18-15-00,26,17,9
2016-11-24-18-30-00,23,15,8
2016-11-24-18-45-00,12,8,4
2016-11-24-19-00-00,20,11,9
2016-11-24-19-15-00,8,4,4
2016-11-24-19-30-00,10,6,4
2016-11-24-19-45-00,10,5,5
2016-11-24-20-00-00,7,3,4
2016-11-24-20-15-00,3,3,0
2016-11-24-20-30-00,1,0,1
2016-11-24-20-45-00,7,3,4
2016-11-24-21-00-00,5,2,3
2016-11-24-21-15-00,6,3,3
2016-11-24-21-30-00,6,2,4
2016-11-24-21-45-00,5,3,2
2016-11-24-22-00-00,3,2,1
2016-11-24-22-15-00,4,2,2
2016-11-24-22-30-00,0,0,0
2016-11-24-22-45-00,3,0,3
2016-11-24-23-00-00,0,0,0
2016-11-24-23-15-00,1,0,1
2016-11-24-23-30-00,0,0,0
2016-11-24-23-45-00,0,0,0
2016-11-25-00-00-00,2,1,1
2016-11-25-00-15-00,3,1,2
2016-11-25-00-30-00,3,3,0
2016-11-25-00-45-00,0,0,0
2016-11-25-01-00-00,0,0,0
2016-11-25-01-15-00,0,0,0
2016-11-25-01-30-00,0,0,0
2016-11-25-01-45-00,1,0,1
2016-11-25-02-00-00,0,0,0
2016-11-25-02-15-00,0,0,0
2016-11-25-02-30-00,1,1,0
2016-11-25-02-45-00,0,0,0
2016-11-25-03-00-00,1,1,0
2016-11-25-03-15-00,0,0,0
2016-11-25-03-30-00,0,0,0
2016-11-25-03-45-00,0,0,0
2016-11-25-04-00-00,0,0,0
2016-11-25-04-15-00,0,0,0
2016-11-25-04-30-00,0,0,0
2016-11-25-04-45-00,0,0,0
2016-11-25-05-00-00,0,0,0
2016-11-25-05-15-00,0,0,0
2016-11-25-05-30-00,1,0,1
2016-11-25-05-45-00,2,0,2
2016-11-25-06-00-00,2,1,1
2016-11-25-06-15-00,7,4,3
2016-11-25-06-30-00,9,2,7
2016-11-25-06-45-00,6,2,4
2016-11-25-07-00-00,19,7,12
2016-11-25-07-15-00,16,5,11
2016-11-25-07-30-00,36,13,23
2016-11-25-07-45-00,41,12,29
2016-11-25-08-00-00,33,2,31
2016-11-25-08-15-00,31,6,25
2016-11-25-08-30-00,28,8,20
2016-11-25-08-45-00,25,2,23
2016-11-25-09-00-00,23,7,16
2016-11-25-09-15-00,20,5,15
2016-11-25-09-30-00,13,6,7
2016-11-25-09-45-00,14,8,6
2016-11-25-10-00-00,11,2,9
2016-11-25-10-15-00,16,9,7
2016-11-25-10-30-00,4,1,3
2016-11-25-10-45-00,13,7,6
2016-11-25-11-00-00,10,7,3
2016-11-25-11-15-00,13,9,4
2016-11-25-11-30-00,16,8,8
2016-11-25-11-45-00,27,13,14
2016-11-25-12-00-00,7,3,4
2016-11-25-12-15-00,19,9,10
2016-11-25-12-30-00,29,13,16
2016-11-25-12-45-00,21,12,9
2016-11-25-13-00-00,24,13,11
2016-11-25-13-15-00,19,8,11
2016-11-25-13-30-00,27,13,14
2016-11-25-13-45-00,32,12,20
2016-11-25-14-00-00,44,24,20
2016-11-25-14-15-00,37,26,11
2016-11-25-14-30-00,44,28,16
2016-11-25-14-45-00,45,28,17
2016-11-25-15-00-00,48,28,20
2016-11-25-15-15-00,49,31,18
2016-11-25-15-30-00,42,25,17
2016-11-25-15-45-00,41,26,15
2016-11-25-16-00-00,46,31,15
2016-11-25-16-15-00,50,35,15
2016-11-25-16-30-00,33,23,10
2016-11-25-16-45-00,40,28,12
2016-11-25-17-00-00,26,18,8
2016-11-25-17-15-00,27,17,10
2016-11-25-17-30-00,19,12,7
2016-11-25-17-45-00,16,11,5
2016-11-25-18-00-00,17,12,5
2016-11-25-18-15-00,18,11,7
2016-11-25-18-30-00,7,5,2
2016-11-25-18-45-00,5,3,2
2016-11-25-19-00-00,12,11,1
2016-11-25-19-15-00,12,8,4
2016-11-25-19-30-00,5,2,3
2016-11-25-19-45-00,2,1,1
2016-11-25-20-00-00,4,1,3
2016-11-25-20-15-00,3,1,2
2016-11-25-20-30-00,5,2,3
2016-11-25-20-45-00,2,1,1
2016-11-25-21-00-00,3,1,2
2016-11-25-21-15-00,2,2,0
2016-11-25-21-30-00,5,0,5
2016-11-25-21-45-00,0,0,0
2016-11-25-22-00-00,0,0,0
2016-11-25-22-15-00,0,0,0
2016-11-25-22-30-00,0,0,0
2016-11-25-22-45-00,2,1,1
2016-11-25-23-00-00,1,0,1
2016-11-25-23-15-00,2,1,1
2016-11-25-23-30-00,2,0,2
2016-11-25-23-45-00,0,0,0
2016-11-26-00-00-00,0,0,0
2016-11-26-00-15-00,0,0,0
2016-11-26-00-30-00,3,1,2
2016-11-26-00-45-00,2,2,0
2016-11-26-01-00-00,1,1,0
2016-11-26-01-15-00,0,0,0
2016-11-26-01-30-00,2,0,2
2016-11-26-01-45-00,1,0,1
2016-11-26-02-00-00,0,0,0
2016-11-26-02-15-00,1,0,1
2016-11-26-02-30-00,0,0,0
2016-11-26-02-45-00,0,0,0
2016-11-26-03-00-00,0,0,0
2016-11-26-03-15-00,1,1,0
2016-11-26-03-30-00,1,1,0
2016-11-26-03-45-00,0,0,0
2016-11-26-04-00-00,0,0,0
2016-11-26-04-15-00,0,0,0
2016-11-26-04-30-00,0,0,0
2016-11-26-04-45-00,0,0,0
2016-11-26-05-00-00,1,1,0
2016-11-26-05-15-00,0,0,0
2016-11-26-05-30-00,0,0,0
2016-11-26-05-45-00,0,0,0
2016-11-26-06-00-00,3,1,2
2016-11-26-06-15-00,1,1,0
2016-11-26-06-30-00,0,0,0
2016-11-26-06-45-00,0,0,0
2016-11-26-07-00-00,4,3,1
2016-11-26-07-15-00,3,0,3
2016-11-26-07-30-00,0,0,0
2016-11-26-07-45-00,1,1,0
2016-11-26-08-00-00,3,2,1
2016-11-26-08-15-00,4,3,1
2016-11-26-08-30-00,10,2,8
2016-11-26-08-45-00,11,3,8
2016-11-26-09-00-00,6,1,5
2016-11-26-09-15-00,9,3,6
2016-11-26-09-30-00,9,5,4
2016-11-26-09-45-00,17,9,8
2016-11-26-10-00-00,7,2,5
2016-11-26-10-15-00,11,6,5
2016-11-26-10-30-00,7,4,3
2016-11-26-10-45-00,12,3,9
2016-11-26-11-00-00,13,10,3
2016-11-26-11-15-00,23,15,8
2016-11-26-11-30-00,11,6,5
2016-11-26-11-45-00,21,12,9
2016-11-26-12-00-00,8,5,3
2016-11-26-12-15-00,28,16,12
2016-11-26-12-30-00,20,14,6
2016-11-26-12-45-00,11,5,6
2016-11-26-13-00-00,13,9,4
2016-11-26-13-15-00,18,6,12
2016-11-26-13-30-00,24,13,11
2016-11-26-13-45-00,16,8,8
2016-11-26-14-00-00,20,9,11
2016-11-26-14-15-00,23,11,12
2016-11-26-14-30-00,27,11,16
2016-11-26-14-45-00,21,11,10
2016-11-26-15-00-00,10,8,2
2016-11-26-15-15-00,9,4,5
2016-11-26-15-30-00,21,15,6
2016-11-26-15-45-00,14,10,4
2016-11-26-16-00-00,11,5,6
2016-11-26-16-15-00,13,8,5
2016-11-26-16-30-00,14,7,7
2016-11-26-16-45-00,14,7,7
2016-11-26-17-00-00,14,11,3
2016-11-26-17-15-00,9,7,2
2016-11-26-17-30-00,6,3,3
2016-11-26-17-45-00,2,2,0
2016-11-26-18-00-00,7,1,6
2016-11-26-18-15-00,7,0,7
2016-11-26-18-30-00,7,6,1
2016-11-26-18-45-00,7,4,3
2016-11-26-19-00-00,3,2,1
2016-11-26-19-15-00,5,2,3
2016-11-26-19-30-00,2,0,2
2016-11-26-19-45-00,2,1,1
2016-11-26-20-00-00,3,1,2
2016-11-26-20-15-00,3,2,1
2016-11-26-20-30-00,0,0,0
2016-11-26-20-45-00,1,0,1
2016-11-26-21-00-00,1,0,1
2016-11-26-21-15-00,0,0,0
2016-11-26-21-30-00,6,2,4
2016-11-26-21-45-00,1,0,1
2016-11-26-22-00-00,6,3,3
2016-11-26-22-15-00,0,0,0
2016-11-26-22-30-00,3,3,0
2016-11-26-22-45-00,2,0,2
2016-11-26-23-00-00,5,4,1
2016-11-26-23-15-00,1,0,1
2016-11-26-23-30-00,1,0,1
2016-11-26-23-45-00,0,0,0
2016-11-27-00-00-00,0,0,0
2016-11-27-00-15-00,0,0,0
2016-11-27-00-30-00,0,0,0
2016-11-27-00-45-00,2,1,1
2016-11-27-01-00-00,0,0,0
2016-11-27-01-15-00,0,0,0
2016-11-27-01-30-00,0,0,0
2016-11-27-01-45-00,0,0,0
2016-11-27-02-00-00,0,0,0
2016-11-27-02-15-00,0,0,0
2016-11-27-02-30-00,0,0,0
2016-11-27-02-45-00,1,0,1
2016-11-27-03-00-00,0,0,0
2016-11-27-03-15-00,0,0,0
2016-11-27-03-30-00,0,0,0
2016-11-27-03-45-00,0,0,0
2016-11-27-04-00-00,0,0,0
2016-11-27-04-15-00,0,0,0
2016-11-27-04-30-00,0,0,0
2016-11-27-04-45-00,0,0,0
2016-11-27-05-00-00,0,0,0
2016-11-27-05-15-00,0,0,0
2016-11-27-05-30-00,0,0,0
2016-11-27-05-45-00,0,0,0
2016-11-27-06-00-00,1,0,1
2016-11-27-06-15-00,0,0,0
2016-11-27-06-30-00,2,2,0
2016-11-27-06-45-00,0,0,0
2016-11-27-07-00-00,0,0,0
2016-11-27-07-15-00,0,0,0
2016-11-27-07-30-00,0,0,0
2016-11-27-07-45-00,3,1,2
2016-11-27-08-00-00,3,3,0
2016-11-27-08-15-00,2,0,2
2016-11-27-08-30-00,0,0,0
2016-11-27-08-45-00,2,1,1
2016-11-27-09-00-00,5,2,3
2016-11-27-09-15-00,2,1,1
2016-11-27-09-30-00,7,4,3
2016-11-27-09-45-00,10,2,8
2016-11-27-10-00-00,8,6,2
2016-11-27-10-15-00,9,5,4
2016-11-27-10-30-00,11,3,8
2016-11-27-10-45-00,12,8,4
2016-11-27-11-00-00,12,5,7
2016-11-27-11-15-00,14,4,10
2016-11-27-11-30-00,15,5,10
2016-11-27-11-45-00,8,7,1
2016-11-27-12-00-00,5,5,0
2016-11-27-12-15-00,14,7,7
2016-11-27-12-30-00,14,7,7
2016-11-27-12-45-00,15,5,10
2016-11-27-13-00-00,15,10,5
2016-11-27-13-15-00,28,12,16
2016-11-27-13-30-00,21,9,12
2016-11-27-13-45-00,21,6,15
2016-11-27-14-00-00,32,13,19
2016-11-27-14-15-00,19,10,9
2016-11-27-14-30-00,20,11,9
2016-11-27-14-45-00,20,11,9
2016-11-27-15-00-00,26,11,15
2016-11-27-15-15-00,23,13,10
2016-11-27-15-30-00,24,13,11
2016-11-27-15-45-00,22,9,13
2016-11-27-16-00-00,24,16,8
2016-11-27-16-15-00,23,10,13
2016-11-27-16-30-00,18,15,3
2016-11-27-16-45-00,7,6,1
2016-11-27-17-00-00,7,7,0
2016-11-27-17-15-00,8,3,5
2016-11-27-17-30-00,5,4,1
2016-11-27-17-45-00,5,3,2
2016-11-27-18-00-00,16,9,7
2016-11-27-18-15-00,6,3,3
2016-11-27-18-30-00,6,5,1
2016-11-27-18-45-00,5,2,3
2016-11-27-19-00-00,0,0,0
2016-11-27-19-15-00,1,1,0
2016-11-27-19-30-00,3,2,1
2016-11-27-19-45-00,3,2,1
2016-11-27-20-00-00,3,0,3
2016-11-27-20-15-00,2,1,1
2016-11-27-20-30-00,0,0,0
2016-11-27-20-45-00,2,1,1
2016-11-27-21-00-00,0,0,0
2016-11-27-21-15-00,0,0,0
2016-11-27-21-30-00,4,0,4
2016-11-27-21-45-00,1,1,0
2016-11-27-22-00-00,0,0,0
2016-11-27-22-15-00,0,0,0
2016-11-27-22-30-00,3,1,2
2016-11-27-22-45-00,0,0,0
2016-11-27-23-00-00,1,1,0
2016-11-27-23-15-00,0,0,0
2016-11-27-23-30-00,0,0,0
2016-11-27-23-45-00,0,0,0
2016-11-28-00-00-00,0,0,0
2016-11-28-00-15-00,0,0,0
2016-11-28-00-30-00,0,0,0
2016-11-28-00-45-00,0,0,0
2016-11-28-01-00-00,0,0,0
2016-11-28-01-15-00,0,0,0
2016-11-28-01-30-00,0,0,0
2016-11-28-01-45-00,0,0,0
2016-11-28-02-00-00,0,0,0
2016-11-28-02-15-00,0,0,0
2016-11-28-02-30-00,0,0,0
2016-11-28-02-45-00,0,0,0
2016-11-28-03-00-00,0,0,0
2016-11-28-03-15-00,0,0,0
2016-11-28-03-30-00,0,0,0
2016-11-28-03-45-00,0,0,0
2016-11-28-04-00-00,0,0,0
2016-11-28-04-15-00,0,0,0
2016-11-28-04-30-00,0,0,0
2016-11-28-04-45-00,0,0,0
2016-11-28-05-00-00,1,1,0
2016-11-28-05-15-00,0,0,0
2016-11-28-05-30-00,2,1,1
2016-11-28-05-45-00,1,1,0
2016-11-28-06-00-00,3,1,2
2016-11-28-06-15-00,4,2,2
2016-11-28-06-30-00,6,3,3
2016-11-28-06-45-00,8,2,6
2016-11-28-07-00-00,15,5,10
2016-11-28-07-15-00,19,7,12
2016-11-28-07-30-00,36,14,22
2016-11-28-07-45-00,42,12,30
2016-11-28-08-00-00,35,10,25
2016-11-28-08-15-00,45,9,36
2016-11-28-08-30-00,29,6,23
2016-11-28-08-45-00,38,6,32
2016-11-28-09-00-00,28,2,26
2016-11-28-09-15-00,19,10,9
2016-11-28-09-30-00,16,3,13
2016-11-28-09-45-00,7,2,5
2016-11-28-10-00-00,9,2,7
2016-11-28-10-15-00,2,0,2
2016-11-28-10-30-00,5,2,3
2016-11-28-10-45-00,8,5,3
2016-11-28-11-00-00,9,4,5
2016-11-28-11-15-00,11,4,7
2016-11-28-11-30-00,8,3,5
2016-11-28-11-45-00,9,5,4
2016-11-28-12-00-00,9,8,1
2016-11-28-12-15-00,15,9,6
2016-11-28-12-30-00,9,5,4
2016-11-28-12-45-00,16,10,6
2016-11-28-13-00-00,11,9,2
2016-11-28-13-15-00,11,4,7
2016-11-28-13-30-00,13,6,7
2016-11-28-13-45-00,18,7,11
2016-11-28-14-00-00,20,11,9
2016-11-28-14-15-00,21,12,9
2016-11-28-14-30-00,29,16,13
2016-11-28-14-45-00,24,14,10
2016-11-28-15-00-00,23,13,10
2016-11-28-15-15-00,22,16,6
2016-11-28-15-30-00,25,17,8
2016-11-28-15-45-00,30,18,12
2016-11-28-16-00-00,28,17,11
2016-11-28-16-15-00,34,25,9
2016-11-28-16-30-00,20,15,5
2016-11-28-16-45-00,38,28,10
2016-11-28-17-00-00,35,28,7
2016-11-28-17-15-00,28,18,10
2016-11-28-17-30-00,25,20,5
2016-11-28-17-45-00,23,20,3
2016-11-28-18-00-00,17,10,7
2016-11-28-18-15-00,20,14,6
2016-11-28-18-30-00,17,12,5
2016-11-28-18-45-00,17,13,4
2016-11-28-19-00-00,8,5,3
2016-11-28-19-15-00,11,9,2
2016-11-28-19-30-00,8,5,3
2016-11-28-19-45-00,9,6,3
2016-11-28-20-00-00,4,2,2
2016-11-28-20-15-00,4,2,2
2016-11-28-20-30-00,2,1,1
2016-11-28-20-45-00,2,1,1
2016-11-28-21-00-00,0,0,0
2016-11-28-21-15-00,2,0,2
2016-11-28-21-30-00,3,2,1
2016-11-28-21-45-00,2,1,1
2016-11-28-22-00-00,1,1,0
2016-11-28-22-15-00,1,1,0
2016-11-28-22-30-00,2,2,0
2016-11-28-22-45-00,1,1,0
2016-11-28-23-00-00,0,0,0
2016-11-28-23-15-00,0,0,0
2016-11-28-23-30-00,2,0,2
2016-11-28-23-45-00,0,0,0
2016-11-29-00-00-00,1,0,1
2016-11-29-00-15-00,0,0,0
2016-11-29-00-30-00,0,0,0
2016-11-29-00-45-00,0,0,0
2016-11-29-01-00-00,0,0,0
2016-11-29-01-15-00,0,0,0
2016-11-29-01-30-00,0,0,0
2016-11-29-01-45-00,0,0,0
2016-11-29-02-00-00,0,0,0
2016-11-29-02-15-00,0,0,0
2016-11-29-02-30-00,0,0,0
2016-11-29-02-45-00,0,0,0
2016-11-29-03-00-00,1,0,1
2016-11-29-03-15-00,0,0,0
2016-11-29-03-30-00,0,0,0
2016-11-29-03-45-00,0,0,0
2016-11-29-04-00-00,0,0,0
2016-11-29-04-15-00,0,0,0
2016-11-29-04-30-00,0,0,0
2016-11-29-04-45-00,0,0,0
2016-11-29-05-00-00,0,0,0
2016-11-29-05-15-00,0,0,0
2016-11-29-05-30-00,1,0,1
2016-11-29-05-45-00,1,0,1
2016-11-29-06-00-00,1,0,1
2016-11-29-06-15-00,3,0,3
2016-11-29-06-30-00,1,1,0
2016-11-29-06-45-00,6,3,3
2016-11-29-07-00-00,20,8,12
2016-11-29-07-15-00,24,6,18
2016-11-29-07-30-00,29,10,19
2016-11-29-07-45-00,34,10,24
2016-11-29-08-00-00,28,4,24
2016-11-29-08-15-00,43,8,35
2016-11-29-08-30-00,39,7,32
2016-11-29-08-45-00,34,4,30
2016-11-29-09-00-00,31,6,25
2016-11-29-09-15-00,13,5,8
2016-11-29-09-30-00,16,3,13
2016-11-29-09-45-00,10,6,4
2016-11-29-10-00-00,12,6,6
2016-11-29-10-15-00,7,3,4
2016-11-29-10-30-00,12,6,6
2016-11-29-10-45-00,9,4,5
2016-11-29-11-00-00,9,5,4
2016-11-29-11-15-00,8,4,4
2016-11-29-11-30-00,4,2,2
2016-11-29-11-45-00,12,4,8
2016-11-29-12-00-00,7,3,4
2016-11-29-12-15-00,4,2,2
2016-11-29-12-30-00,15,7,8
2016-11-29-12-45-00,18,7,11
2016-11-29-13-00-00,13,7,6
2016-11-29-13-15-00,30,18,12
2016-11-29-13-30-00,18,8,10
2016-11-29-13-45-00,16,10,6
2016-11-29-14-00-00,13,5,8
2016-11-29-14-15-00,16,5,11
2016-11-29-14-30-00,23,17,6
2016-11-29-14-45-00,30,14,16
2016-11-29-15-00-00,20,12,8
2016-11-29-15-15-00,28,16,12
2016-11-29-15-30-00,28,17,11
2016-11-29-15-45-00,22,16,6
2016-11-29-16-00-00,25,17,8
2016-11-29-16-15-00,30,21,9
2016-11-29-16-30-00,30,24,6
2016-11-29-16-45-00,37,24,13
2016-11-29-17-00-00,27,20,7
2016-11-29-17-15-00,29,24,5
2016-11-29-17-30-00,26,20,6
2016-11-29-17-45-00,21,16,5
2016-11-29-18-00-00,21,14,7
2016-11-29-18-15-00,17,12,5
2016-11-29-18-30-00,22,15,7
2016-11-29-18-45-00,23,16,7
2016-11-29-19-00-00,6,4,2
2016-11-29-19-15-00,3,2,1
2016-11-29-19-30-00,6,6,0
2016-11-29-19-45-00,11,8,3
2016-11-29-20-00-00,10,10,0
2016-11-29-20-15-00,4,2,2
2016-11-29-20-30-00,3,1,2
2016-11-29-20-45-00,5,2,3
2016-11-29-21-00-00,5,3,2
2016-11-29-21-15-00,5,1,4
2016-11-29-21-30-00,2,1,1
2016-11-29-21-45-00,2,0,2
2016-11-29-22-00-00,2,1,1
2016-11-29-22-15-00,2,1,1
2016-11-29-22-30-00,0,0,0
2016-11-29-22-45-00,1,1,0
2016-11-29-23-00-00,0,0,0
2016-11-29-23-15-00,1,1,0
2016-11-29-23-30-00,0,0,0
2016-11-29-23-45-00,1,1,0
2016-11-30-00-00-00,1,0,1
2016-11-30-00-15-00,0,0,0
2016-11-30-00-30-00,0,0,0
2016-11-30-00-45-00,0,0,0
2016-11-30-01-00-00,1,1,0
2016-11-30-01-15-00,0,0,0
2016-11-30-01-30-00,0,0,0
2016-11-30-01-45-00,0,0,0
2016-11-30-02-00-00,0,0,0
2016-11-30-02-15-00,0,0,0
2016-11-30-02-30-00,0,0,0
2016-11-30-02-45-00,0,0,0
2016-11-30-03-00-00,0,0,0
2016-11-30-03-15-00,0,0,0
2016-11-30-03-30-00,1,1,0
2016-11-30-03-45-00,0,0,0
2016-11-30-04-00-00,0,0,0
2016-11-30-04-15-00,0,0,0
2016-11-30-04-30-00,1,1,0
2016-11-30-04-45-00,1,0,1
2016-11-30-05-00-00,0,0,0
2016-11-30-05-15-00,0,0,0
2016-11-30-05-30-00,1,0,1
2016-11-30-05-45-00,2,0,2
2016-11-30-06-00-00,6,1,5
2016-11-30-06-15-00,2,1,1
2016-11-30-06-30-00,3,0,3
2016-11-30-06-45-00,6,4,2
2016-11-30-07-00-00,21,12,9
2016-11-30-07-15-00,16,6,10
2016-11-30-07-30-00,33,7,26
2016-11-30-07-45-00,28,8,20
2016-11-30-08-00-00,29,6,23
2016-11-30-08-15-00,30,5,25
2016-11-30-08-30-00,45,9,36
2016-11-30-08-45-00,25,3,22
2016-11-30-09-00-00,18,2,16
2016-11-30-09-15-00,23,6,17
2016-11-30-09-30-00,14,4,10
2016-11-30-09-45-00,13,4,9
2016-11-30-10-00-00,9,4,5
2016-11-30-10-15-00,5,3,2
2016-11-30-10-30-00,3,2,1
2016-11-30-10-45-00,5,4,1
2016-11-30-11-00-00,10,3,7
2016-11-30-11-15-00,12,7,5
2016-11-30-11-30-00,6,3,3
2016-11-30-11-45-00,6,2,4
2016-11-30-12-00-00,5,3,2
2016-11-30-12-15-00,13,6,7
2016-11-30-12-30-00,14,9,5
2016-11-30-12-45-00,6,0,6
2016-11-30-13-00-00,14,8,6
2016-11-30-13-15-00,13,4,9
2016-11-30-13-30-00,12,3,9
2016-11-30-13-45-00,13,6,7
2016-11-30-14-00-00,14,9,5
2016-11-30-14-15-00,24,11,13
2016-11-30-14-30-00,19,12,7
2016-11-30-14-45-00,11,5,6
2016-11-30-15-00-00,10,5,5
2016-11-30-15-15-00,20,13,7
2016-11-30-15-30-00,20,12,8
2016-11-30-15-45-00,22,14,8
2016-11-30-16-00-00,16,12,4
2016-11-30-16-15-00,21,13,8
2016-11-30-16-30-00,39,25,14
2016-11-30-16-45-00,26,17,9
2016-11-30-17-00-00,38,25,13
2016-11-30-17-15-00,32,23,9
2016-11-30-17-30-00,18,14,4
2016-11-30-17-45-00,23,16,7
2016-11-30-18-00-00,13,11,2
2016-11-30-18-15-00,23,19,4
2016-11-30-18-30-00,13,8,5
2016-11-30-18-45-00,7,6,1
2016-11-30-19-00-00,18,13,5
2016-11-30-19-15-00,8,3,5
2016-11-30-19-30-00,2,2,0
2016-11-30-19-45-00,7,5,2
2016-11-30-20-00-00,5,5,0
2016-11-30-20-15-00,1,1,0
2016-11-30-20-30-00,4,3,1
2016-11-30-20-45-00,4,2,2
2016-11-30-21-00-00,5,3,2
2016-11-30-21-15-00,1,1,0
2016-11-30-21-30-00,2,1,1
2016-11-30-21-45-00,3,1,2
2016-11-30-22-00-00,0,0,0
2016-11-30-22-15-00,1,0,1
2016-11-30-22-30-00,0,0,0
2016-11-30-22-45-00,0,0,0
2016-11-30-23-00-00,1,0,1
2016-11-30-23-15-00,1,1,0
2016-11-30-23-30-00,0,0,0
2016-11-30-23-45-00,0,0,0
2016-12-01-00-00-00,0,0,0
2016-12-01-00-15-00,1,0,1
2016-12-01-00-30-00,0,0,0
2016-12-01-00-45-00,0,0,0
2016-12-01-01-00-00,1,1,0
2016-12-01-01-15-00,0,0,0
2016-12-01-01-30-00,1,1,0
2016-12-01-01-45-00,0,0,0
2016-12-01-02-00-00,0,0,0
2016-12-01-02-15-00,0,0,0
2016-12-01-02-30-00,0,0,0
2016-12-01-02-45-00,0,0,0
2016-12-01-03-00-00,0,0,0
2016-12-01-03-15-00,0,0,0
2016-12-01-03-30-00,0,0,0
2016-12-01-03-45-00,1,1,0
2016-12-01-04-00-00,0,0,0
2016-12-01-04-15-00,0,0,0
2016-12-01-04-30-00,0,0,0
2016-12-01-04-45-00,0,0,0
2016-12-01-05-00-00,2,1,1
2016-12-01-05-15-00,0,0,0
2016-12-01-05-30-00,1,0,1
2016-12-01-05-45-00,2,0,2
2016-12-01-06-00-00,5,0,5
2016-12-01-06-15-00,3,1,2
2016-12-01-06-30-00,2,0,2
2016-12-01-06-45-00,5,1,4
2016-12-01-07-00-00,10,5,5
2016-12-01-07-15-00,31,9,22
2016-12-01-07-30-00,34,10,24
2016-12-01-07-45-00,29,8,21
2016-12-01-08-00-00,38,5,33
2016-12-01-08-15-00,39,9,30
2016-12-01-08-30-00,45,10,35
2016-12-01-08-45-00,24,2,22
2016-12-01-09-00-00,21,2,19
2016-12-01-09-15-00,12,1,11
2016-12-01-09-30-00,7,5,2
2016-12-01-09-45-00,6,2,4
2016-12-01-10-00-00,14,6,8
2016-12-01-10-15-00,5,4,1
2016-12-01-10-30-00,8,0,8
2016-12-01-10-45-00,8,3,5
2016-12-01-11-00-00,5,3,2
2016-12-01-11-15-00,11,8,3
2016-12-01-11-30-00,9,3,6
2016-12-01-11-45-00,3,1,2
2016-12-01-12-00-00,8,6,2
2016-12-01-12-15-00,10,6,4
2016-12-01-12-30-00,7,6,1
2016-12-01-12-45-00,5,2,3
2016-12-01-13-00-00,5,2,3
2016-12-01-13-15-00,9,1,8
2016-12-01-13-30-00,6,5,1
2016-12-01-13-45-00,11,3,8
2016-12-01-14-00-00,15,8,7
2016-12-01-14-15-00,10,6,4
2016-12-01-14-30-00,8,4,4
2016-12-01-14-45-00,7,5,2
2016-12-01-15-00-00,8,4,4
2016-12-01-15-15-00,17,11,6
2016-12-01-15-30-00,16,13,3
2016-12-01-15-45-00,20,16,4
2016-12-01-16-00-00,10,5,5
2016-12-01-16-15-00,20,14,6
2016-12-01-16-30-00,25,21,4
2016-12-01-16-45-00,22,16,6
2016-12-01-17-00-00,39,32,7
2016-12-01-17-15-00,20,12,8
2016-12-01-17-30-00,23,20,3
2016-12-01-17-45-00,11,8,3
2016-12-01-18-00-00,20,16,4
2016-12-01-18-15-00,23,12,11
2016-12-01-18-30-00,20,12,8
2016-12-01-18-45-00,12,7,5
2016-12-01-19-00-00,13,9,4
2016-12-01-19-15-00,8,4,4
2016-12-01-19-30-00,5,3,2
2016-12-01-19-45-00,7,6,1
2016-12-01-20-00-00,5,1,4
2016-12-01-20-15-00,7,3,4
2016-12-01-20-30-00,2,2,0
2016-12-01-20-45-00,3,3,0
2016-12-01-21-00-00,0,0,0
2016-12-01-21-15-00,5,3,2
2016-12-01-21-30-00,3,3,0
2016-12-01-21-45-00,3,1,2
2016-12-01-22-00-00,5,3,2
2016-12-01-22-15-00,2,0,2
2016-12-01-22-30-00,2,2,0
2016-12-01-22-45-00,3,1,2
2016-12-01-23-00-00,1,0,1
2016-12-01-23-15-00,0,0,0
2016-12-01-23-30-00,0,0,0
2016-12-01-23-45-00,0,0,0
2016-12-02-00-00-00,0,0,0
2016-12-02-00-15-00,0,0,0
2016-12-02-00-30-00,0,0,0
2016-12-02-00-45-00,0,0,0
2016-12-02-01-00-00,1,1,0
2016-12-02-01-15-00,1,1,0
2016-12-02-01-30-00,0,0,0
2016-12-02-01-45-00,0,0,0
2016-12-02-02-00-00,0,0,0
2016-12-02-02-15-00,0,0,0
2016-12-02-02-30-00,0,0,0
2016-12-02-02-45-00,0,0,0
2016-12-02-03-00-00,0,0,0
2016-12-02-03-15-00,0,0,0
2016-12-02-03-30-00,0,0,0
2016-12-02-03-45-00,0,0,0
2016-12-02-04-00-00,0,0,0
2016-12-02-04-15-00,1,0,1
2016-12-02-04-30-00,0,0,0
2016-12-02-04-45-00,0,0,0
2016-12-02-05-00-00,1,1,0
2016-12-02-05-15-00,0,0,0
2016-12-02-05-30-00,1,1,0
2016-12-02-05-45-00,4,1,3
2016-12-02-06-00-00,4,0,4
2016-12-02-06-15-00,2,2,0
2016-12-02-06-30-00,1,0,1
2016-12-02-06-45-00,6,3,3
2016-12-02-07-00-00,11,3,8
2016-12-02-07-15-00,17,5,12
2016-12-02-07-30-00,23,7,16
2016-12-02-07-45-00,40,14,26
2016-12-02-08-00-00,30,5,25
2016-12-02-08-15-00,22,8,14
2016-12-02-08-30-00,26,6,20
2016-12-02-08-45-00,21,1,20
2016-12-02-09-00-00,13,2,11
2016-12-02-09-15-00,9,6,3
2016-12-02-09-30-00,13,5,8
2016-12-02-09-45-00,5,3,2
2016-12-02-10-00-00,3,3,0
2016-12-02-10-15-00,3,1,2
2016-12-02-10-30-00,2,1,1
2016-12-02-10-45-00,3,2,1
2016-12-02-11-00-00,2,2,0
2016-12-02-11-15-00,5,2,3
2016-12-02-11-30-00,5,4,1
2016-12-02-11-45-00,5,3,2
2016-12-02-12-00-00,4,3,1
2016-12-02-12-15-00,8,5,3
2016-12-02-12-30-00,10,5,5
2016-12-02-12-45-00,6,5,1
2016-12-02-13-00-00,11,7,4
2016-12-02-13-15-00,8,3,5
2016-12-02-13-30-00,9,2,7
2016-12-02-13-45-00,8,6,2
2016-12-02-14-00-00,4,4,0
2016-12-02-14-15-00,15,12,3
2016-12-02-14-30-00,16,9,7
2016-12-02-14-45-00,21,16,5
2016-12-02-15-00-00,15,10,5
2016-12-02-15-15-00,11,6,5
2016-12-02-15-30-00,20,12,8
2016-12-02-15-45-00,21,16,5
2016-12-02-16-00-00,12,7,5
2016-12-02-16-15-00,20,16,4
2016-12-02-16-30-00,15,11,4
2016-12-02-16-45-00,20,16,4
2016-12-02-17-00-00,12,10,2
2016-12-02-17-15-00,11,7,4
2016-12-02-17-30-00,10,4,6
2016-12-02-17-45-00,11,7,4
2016-12-02-18-00-00,7,3,4
2016-12-02-18-15-00,10,7,3
2016-12-02-18-30-00,8,3,5
2016-12-02-18-45-00,8,3,5
2016-12-02-19-00-00,7,4,3
2016-12-02-19-15-00,2,1,1
2016-12-02-19-30-00,8,4,4
2016-12-02-19-45-00,3,3,0
2016-12-02-20-00-00,2,2,0
2016-12-02-20-15-00,2,2,0
2016-12-02-20-30-00,3,2,1
2016-12-02-20-45-00,1,1,0
2016-12-02-21-00-00,0,0,0
2016-12-02-21-15-00,1,0,1
2016-12-02-21-30-00,1,1,0
2016-12-02-21-45-00,0,0,0
2016-12-02-22-00-00,2,1,1
2016-12-02-22-15-00,1,1,0
2016-12-02-22-30-00,0,0,0
2016-12-02-22-45-00,2,0,2
2016-12-02-23-00-00,2,2,0
2016-12-02-23-15-00,0,0,0
2016-12-02-23-30-00,0,0,0
2016-12-02-23-45-00,2,2,0
2016-12-03-00-00-00,2,1,1
2016-12-03-00-15-00,0,0,0
2016-12-03-00-30-00,2,2,0
2016-12-03-00-45-00,1,1,0
2016-12-03-01-00-00,1,1,0
2016-12-03-01-15-00,0,0,0
2016-12-03-01-30-00,0,0,0
2016-12-03-01-45-00,1,1,0
2016-12-03-02-00-00,0,0,0
2016-12-03-02-15-00,1,0,1
2016-12-03-02-30-00,2,2,0
2016-12-03-02-45-00,0,0,0
2016-12-03-03-00-00,2,2,0
2016-12-03-03-15-00,0,0,0
2016-12-03-03-30-00,0,0,0
2016-12-03-03-45-00,0,0,0
2016-12-03-04-00-00,0,0,0
2016-12-03-04-15-00,0,0,0
2016-12-03-04-30-00,0,0,0
2016-12-03-04-45-00,0,0,0
2016-12-03-05-00-00,0,0,0
2016-12-03-05-15-00,0,0,0
2016-12-03-05-30-00,0,0,0
2016-12-03-05-45-00,1,1,0
2016-12-03-06-00-00,1,0,1
2016-12-03-06-15-00,1,1,0
2016-12-03-06-30-00,0,0,0
2016-12-03-06-45-00,0,0,0
2016-12-03-07-00-00,0,0,0
2016-12-03-07-15-00,2,1,1
2016-12-03-07-30-00,2,0,2
2016-12-03-07-45-00,0,0,0
2016-12-03-08-00-00,2,2,0
2016-12-03-08-15-00,3,0,3
2016-12-03-08-30-00,4,1,3
2016-12-03-08-45-00,4,0,4
2016-12-03-09-00-00,5,3,2
2016-12-03-09-15-00,5,3,2
2016-12-03-09-30-00,7,3,4
2016-12-03-09-45-00,13,8,5
2016-12-03-10-00-00,5,5,0
2016-12-03-10-15-00,10,5,5
2016-12-03-10-30-00,10,6,4
2016-12-03-10-45-00,11,6,5
2016-12-03-11-00-00,8,3,5
2016-12-03-11-15-00,7,4,3
2016-12-03-11-30-00,10,6,4
2016-12-03-11-45-00,4,3,1
2016-12-03-12-00-00,12,7,5
2016-12-03-12-15-00,11,5,6
2016-12-03-12-30-00,10,6,4
2016-12-03-12-45-00,13,6,7
2016-12-03-13-00-00,10,4,6
2016-12-03-13-15-00,17,4,13
2016-12-03-13-30-00,10,6,4
2016-12-03-13-45-00,12,4,8
2016-12-03-14-00-00,15,9,6
2016-12-03-14-15-00,16,6,10
2016-12-03-14-30-00,18,10,8
2016-12-03-14-45-00,14,10,4
2016-12-03-15-00-00,14,12,2
2016-12-03-15-15-00,18,6,12
2016-12-03-15-30-00,15,7,8
2016-12-03-15-45-00,21,11,10
2016-12-03-16-00-00,16,7,9
2016-12-03-16-15-00,11,6,5
2016-12-03-16-30-00,11,7,4
2016-12-03-16-45-00,11,7,4
2016-12-03-17-00-00,10,7,3
2016-12-03-17-15-00,7,5,2
2016-12-03-17-30-00,2,0,2
2016-12-03-17-45-00,3,1,2
2016-12-03-18-00-00,0,0,0
2016-12-03-18-15-00,0,0,0
2016-12-03-18-30-00,5,2,3
2016-12-03-18-45-00,3,1,2
2016-12-03-19-00-00,2,0,2
2016-12-03-19-15-00,3,3,0
2016-12-03-19-30-00,2,2,0
2016-12-03-19-45-00,2,0,2
2016-12-03-20-00-00,1,1,0
2016-12-03-20-15-00,0,0,0
2016-12-03-20-30-00,2,0,2
2016-12-03-20-45-00,0,0,0
2016-12-03-21-00-00,2,2,0
2016-12-03-21-15-00,1,0,1
2016-12-03-21-30-00,0,0,0
2016-12-03-21-45-00,2,2,0
2016-12-03-22-00-00,0,0,0
2016-12-03-22-15-00,0,0,0
2016-12-03-22-30-00,0,0,0
2016-12-03-22-45-00,0,0,0
2016-12-03-23-00-00,0,0,0
2016-12-03-23-15-00,1,1,0
2016-12-03-23-30-00,0,0,0
2016-12-03-23-45-00,0,0,0
2016-12-04-00-00-00,0,0,0
2016-12-04-00-15-00,0,0,0
2016-12-04-00-30-00,2,2,0
2016-12-04-00-45-00,0,0,0
2016-12-04-01-00-00,0,0,0
2016-12-04-01-15-00,0,0,0
2016-12-04-01-30-00,0,0,0
2016-12-04-01-45-00,0,0,0
2016-12-04-02-00-00,0,0,0
2016-12-04-02-15-00,0,0,0
2016-12-04-02-30-00,0,0,0
2016-12-04-02-45-00,0,0,0
2016-12-04-03-00-00,0,0,0
2016-12-04-03-15-00,0,0,0
2016-12-04-03-30-00,0,0,0
2016-12-04-03-45-00,0,0,0
2016-12-04-04-00-00,0,0,0
2016-12-04-04-15-00,1,1,0
2016-12-04-04-30-00,2,0,2
2016-12-04-04-45-00,0,0,0
2016-12-04-05-00-00,0,0,0
2016-12-04-05-15-00,0,0,0
2016-12-04-05-30-00,0,0,0
2016-12-04-05-45-00,0,0,0
2016-12-04-06-00-00,0,0,0
2016-12-04-06-15-00,2,0,2
2016-12-04-06-30-00,0,0,0
2016-12-04-06-45-00,0,0,0
2016-12-04-07-00-00,1,1,0
2016-12-04-07-15-00,1,0,1
2016-12-04-07-30-00,2,2,0
2016-12-04-07-45-00,4,4,0
2016-12-04-08-00-00,2,0,2
2016-12-04-08-15-00,0,0,0
2016-12-04-08-30-00,3,3,0
2016-12-04-08-45-00,5,2,3
2016-12-04-09-00-00,6,5,1
2016-12-04-09-15-00,6,1,5
2016-12-04-09-30-00,2,1,1
2016-12-04-09-45-00,10,6,4
2016-12-04-10-00-00,16,5,11
2016-12-04-10-15-00,6,3,3
2016-12-04-10-30-00,11,5,6
2016-12-04-10-45-00,19,8,11
2016-12-04-11-00-00,6,4,2
2016-12-04-11-15-00,14,8,6
2016-12-04-11-30-00,17,11,6
2016-12-04-11-45-00,16,10,6
2016-12-04-12-00-00,20,4,16
2016-12-04-12-15-00,19,7,12
2016-12-04-12-30-00,18,4,14
2016-12-04-12-45-00,24,9,15
2016-12-04-13-00-00,27,11,16
2016-12-04-13-15-00,21,10,11
2016-12-04-13-30-00,39,14,25
2016-12-04-13-45-00,37,22,15
2016-12-04-14-00-00,29,15,14
2016-12-04-14-15-00,27,13,14
2016-12-04-14-30-00,50,19,31
2016-12-04-14-45-00,37,18,19
2016-12-04-15-00-00,37,17,20
2016-12-04-15-15-00,44,27,17
2016-12-04-15-30-00,30,16,14
2016-12-04-15-45-00,42,24,18
2016-12-04-16-00-00,21,18,3
2016-12-04-16-15-00,28,21,7
2016-12-04-16-30-00,11,5,6
2016-12-04-16-45-00,9,8,1
2016-12-04-17-00-00,13,8,5
2016-12-04-17-15-00,8,7,1
2016-12-04-17-30-00,3,0,3
2016-12-04-17-45-00,8,2,6
2016-12-04-18-00-00,1,1,0
2016-12-04-18-15-00,2,1,1
2016-12-04-18-30-00,7,5,2
2016-12-04-18-45-00,4,3,1
2016-12-04-19-00-00,1,0,1
2016-12-04-19-15-00,2,2,0
2016-12-04-19-30-00,1,1,0
2016-12-04-19-45-00,3,3,0
2016-12-04-20-00-00,0,0,0
2016-12-04-20-15-00,7,1,6
2016-12-04-20-30-00,1,1,0
2016-12-04-20-45-00,1,1,0
2016-12-04-21-00-00,0,0,0
2016-12-04-21-15-00,0,0,0
2016-12-04-21-30-00,1,1,0
2016-12-04-21-45-00,0,0,0
2016-12-04-22-00-00,0,0,0
2016-12-04-22-15-00,0,0,0
2016-12-04-22-30-00,0,0,0
2016-12-04-22-45-00,1,0,1
2016-12-04-23-00-00,0,0,0
2016-12-04-23-15-00,0,0,0
2016-12-04-23-30-00,2,2,0
2016-12-04-23-45-00,0,0,0
2016-12-05-00-00-00,0,0,0
2016-12-05-00-15-00,0,0,0
2016-12-05-00-30-00,0,0,0
2016-12-05-00-45-00,1,1,0
2016-12-05-01-00-00,0,0,0
2016-12-05-01-15-00,0,0,0
2016-12-05-01-30-00,0,0,0
2016-12-05-01-45-00,0,0,0
2016-12-05-02-00-00,0,0,0
2016-12-05-02-15-00,0,0,0
2016-12-05-02-30-00,0,0,0
2016-12-05-02-45-00,0,0,0
2016-12-05-03-00-00,0,0,0
2016-12-05-03-15-00,0,0,0
2016-12-05-03-30-00,0,0,0
2016-12-05-03-45-00,0,0,0
2016-12-05-04-00-00,0,0,0
2016-12-05-04-15-00,0,0,0
2016-12-05-04-30-00,0,0,0
2016-12-05-04-45-00,0,0,0
2016-12-05-05-00-00,1,1,0
2016-12-05-05-15-00,0,0,0
2016-12-05-05-30-00,2,0,2
2016-12-05-05-45-00,4,0,4
2016-12-05-06-00-00,2,0,2
2016-12-05-06-15-00,2,0,2
2016-12-05-06-30-00,3,2,1
2016-12-05-06-45-00,11,5,6
2016-12-05-07-00-00,9,3,6
2016-12-05-07-15-00,14,6,8
2016-12-05-07-30-00,29,11,18
2016-12-05-07-45-00,29,11,18
2016-12-05-08-00-00,40,9,31
2016-12-05-08-15-00,36,4,32
2016-12-05-08-30-00,47,9,38
2016-12-05-08-45-00,33,10,23
2016-12-05-09-00-00,24,2,22
2016-12-05-09-15-00,17,8,9
2016-12-05-09-30-00,14,6,8
2016-12-05-09-45-00,17,6,11
2016-12-05-10-00-00,7,2,5
2016-12-05-10-15-00,4,0,4
2016-12-05-10-30-00,4,1,3
2016-12-05-10-45-00,7,2,5
2016-12-05-11-00-00,10,5,5
2016-12-05-11-15-00,4,0,4
2016-12-05-11-30-00,9,4,5
2016-12-05-11-45-00,7,4,3
2016-12-05-12-00-00,8,5,3
2016-12-05-12-15-00,15,7,8
2016-12-05-12-30-00,7,3,4
2016-12-05-12-45-00,12,4,8
2016-12-05-13-00-00,9,6,3
2016-12-05-13-15-00,16,5,11
2016-12-05-13-30-00,13,7,6
2016-12-05-13-45-00,16,12,4
2016-12-05-14-00-00,25,13,12
2016-12-05-14-15-00,29,15,14
2016-12-05-14-30-00,15,10,5
2016-12-05-14-45-00,14,5,9
2016-12-05-15-00-00,20,13,7
2016-12-05-15-15-00,24,15,9
2016-12-05-15-30-00,23,13,10
2016-12-05-15-45-00,19,7,12
2016-12-05-16-00-00,29,21,8
2016-12-05-16-15-00,31,25,6
2016-12-05-16-30-00,26,20,6
2016-12-05-16-45-00,25,14,11
2016-12-05-17-00-00,28,25,3
2016-12-05-17-15-00,26,19,7
2016-12-05-17-30-00,26,17,9
2016-12-05-17-45-00,28,22,6
2016-12-05-18-00-00,28,24,4
2016-12-05-18-15-00,17,15,2
2016-12-05-18-30-00,23,14,9
2016-12-05-18-45-00,10,9,1
2016-12-05-19-00-00,7,4,3
2016-12-05-19-15-00,6,6,0
2016-12-05-19-30-00,9,6,3
2016-12-05-19-45-00,8,5,3
2016-12-05-20-00-00,0,0,0
2016-12-05-20-15-00,5,3,2
2016-12-05-20-30-00,1,1,0
2016-12-05-20-45-00,3,2,1
2016-12-05-21-00-00,0,0,0
2016-12-05-21-15-00,1,1,0
2016-12-05-21-30-00,0,0,0
2016-12-05-21-45-00,0,0,0
2016-12-05-22-00-00,1,0,1
2016-12-05-22-15-00,3,2,1
2016-12-05-22-30-00,1,0,1
2016-12-05-22-45-00,0,0,0
2016-12-05-23-00-00,0,0,0
2016-12-05-23-15-00,0,0,0
2016-12-05-23-30-00,0,0,0
2016-12-05-23-45-00,1,1,0
2016-12-06-00-00-00,0,0,0
2016-12-06-00-15-00,0,0,0
2016-12-06-00-30-00,0,0,0
2016-12-06-00-45-00,1,1,0
2016-12-06-01-00-00,0,0,0
2016-12-06-01-15-00,0,0,0
2016-12-06-01-30-00,1,1,0
2016-12-06-01-45-00,0,0,0
2016-12-06-02-00-00,1,0,1
2016-12-06-02-15-00,0,0,0
2016-12-06-02-30-00,0,0,0
2016-12-06-02-45-00,0,0,0
2016-12-06-03-00-00,0,0,0
2016-12-06-03-15-00,0,0,0
2016-12-06-03-30-00,0,0,0
2016-12-06-03-45-00,0,0,0
2016-12-06-04-00-00,0,0,0
2016-12-06-04-15-00,0,0,0
2016-12-06-04-30-00,0,0,0
2016-12-06-04-45-00,0,0,0
2016-12-06-05-00-00,1,1,0
2016-12-06-05-15-00,0,0,0
2016-12-06-05-30-00,3,0,3
2016-12-06-05-45-00,1,0,1
2016-12-06-06-00-00,0,0,0
2016-12-06-06-15-00,6,2,4
2016-12-06-06-30-00,1,0,1
2016-12-06-06-45-00,4,2,2
2016-12-06-07-00-00,17,6,11
2016-12-06-07-15-00,16,2,14
2016-12-06-07-30-00,32,14,18
2016-12-06-07-45-00,37,14,23
2016-12-06-08-00-00,36,7,29
2016-12-06-08-15-00,51,7,44
2016-12-06-08-30-00,32,8,24
2016-12-06-08-45-00,29,4,25
2016-12-06-09-00-00,24,3,21
2016-12-06-09-15-00,13,4,9
2016-12-06-09-30-00,11,2,9
2016-12-06-09-45-00,10,1,9
2016-12-06-10-00-00,5,2,3
2016-12-06-10-15-00,4,2,2
2016-12-06-10-30-00,8,3,5
2016-12-06-10-45-00,9,5,4
2016-12-06-11-00-00,11,9,2
2016-12-06-11-15-00,10,7,3
2016-12-06-11-30-00,9,4,5
2016-12-06-11-45-00,10,5,5
2016-12-06-12-00-00,7,4,3
2016-12-06-12-15-00,9,6,3
2016-12-06-12-30-00,5,3,2
2016-12-06-12-45-00,18,9,9
2016-12-06-13-00-00,13,2,11
2016-12-06-13-15-00,27,14,13
2016-12-06-13-30-00,17,7,10
2016-12-06-13-45-00,11,4,7
2016-12-06-14-00-00,17,7,10
2016-12-06-14-15-00,15,4,11
2016-12-06-14-30-00,15,7,8
2016-12-06-14-45-00,13,9,4
2016-12-06-15-00-00,15,11,4
2016-12-06-15-15-00,20,11,9
2016-12-06-15-30-00,21,17,4
2016-12-06-15-45-00,12,8,4
2016-12-06-16-00-00,17,12,5
2016-12-06-16-15-00,36,28,8
2016-12-06-16-30-00,25,17,8
2016-12-06-16-45-00,29,23,6
2016-12-06-17-00-00,24,19,5
2016-12-06-17-15-00,20,14,6
2016-12-06-17-30-00,23,18,5
2016-12-06-17-45-00,23,19,4
2016-12-06-18-00-00,21,16,5
2016-12-06-18-15-00,19,13,6
2016-12-06-18-30-00,18,12,6
2016-12-06-18-45-00,11,8,3
2016-12-06-19-00-00,9,6,3
2016-12-06-19-15-00,7,6,1
2016-12-06-19-30-00,6,4,2
2016-12-06-19-45-00,2,2,0
2016-12-06-20-00-00,7,5,2
2016-12-06-20-15-00,4,2,2
2016-12-06-20-30-00,2,1,1
2016-12-06-20-45-00,7,3,4
2016-12-06-21-00-00,1,0,1
2016-12-06-21-15-00,1,1,0
2016-12-06-21-30-00,2,0,2
2016-12-06-21-45-00,0,0,0
2016-12-06-22-00-00,2,1,1
2016-12-06-22-15-00,2,1,1
2016-12-06-22-30-00,1,1,0
2016-12-06-22-45-00,1,0,1
2016-12-06-23-00-00,0,0,0
2016-12-06-23-15-00,0,0,0
2016-12-06-23-30-00,0,0,0
2016-12-06-23-45-00,1,0,1
2016-12-07-00-00-00,1,0,1
2016-12-07-00-15-00,0,0,0
2016-12-07-00-30-00,0,0,0
2016-12-07-00-45-00,0,0,0
2016-12-07-01-00-00,0,0,0
2016-12-07-01-15-00,0,0,0
2016-12-07-01-30-00,0,0,0
2016-12-07-01-45-00,0,0,0
2016-12-07-02-00-00,0,0,0
2016-12-07-02-15-00,0,0,0
2016-12-07-02-30-00,0,0,0
2016-12-07-02-45-00,0,0,0
2016-12-07-03-00-00,0,0,0
2016-12-07-03-15-00,1,1,0
2016-12-07-03-30-00,0,0,0
2016-12-07-03-45-00,0,0,0
2016-12-07-04-00-00,0,0,0
2016-12-07-04-15-00,0,0,0
2016-12-07-04-30-00,0,0,0
2016-12-07-04-45-00,0,0,0
2016-12-07-05-00-00,0,0,0
2016-12-07-05-15-00,0,0,0
2016-12-07-05-30-00,0,0,0
2016-12-07-05-45-00,2,0,2
2016-12-07-06-00-00,6,3,3
2016-12-07-06-15-00,5,1,4
2016-12-07-06-30-00,2,1,1
2016-12-07-06-45-00,8,4,4
2016-12-07-07-00-00,11,5,6
2016-12-07-07-15-00,21,6,15
2016-12-07-07-30-00,27,8,19
2016-12-07-07-45-00,34,11,23
2016-12-07-08-00-00,36,9,27
2016-12-07-08-15-00,35,3,32
2016-12-07-08-30-00,26,6,20
2016-12-07-08-45-00,25,3,22
2016-12-07-09-00-00,24,8,16
2016-12-07-09-15-00,21,6,15
2016-12-07-09-30-00,10,3,7
2016-12-07-09-45-00,7,5,2
2016-12-07-10-00-00,8,7,1
2016-12-07-10-15-00,5,1,4
2016-12-07-10-30-00,4,2,2
2016-12-07-10-45-00,2,1,1
2016-12-07-11-00-00,7,2,5
2016-12-07-11-15-00,10,3,7
2016-12-07-11-30-00,10,4,6
2016-12-07-11-45-00,12,6,6
2016-12-07-12-00-00,4,1,3
2016-12-07-12-15-00,5,5,0
2016-12-07-12-30-00,9,5,4
2016-12-07-12-45-00,7,4,3
2016-12-07-13-00-00,9,5,4
2016-12-07-13-15-00,12,7,5
2016-12-07-13-30-00,11,4,7
2016-12-07-13-45-00,9,3,6
2016-12-07-14-00-00,8,6,2
2016-12-07-14-15-00,12,7,5
2016-12-07-14-30-00,9,5,4
2016-12-07-14-45-00,12,3,9
2016-12-07-15-00-00,14,8,6
2016-12-07-15-15-00,11,7,4
2016-12-07-15-30-00,12,6,6
2016-12-07-15-45-00,14,7,7
2016-12-07-16-00-00,16,9,7
2016-12-07-16-15-00,30,19,11
2016-12-07-16-30-00,16,15,1
2016-12-07-16-45-00,31,22,9
2016-12-07-17-00-00,23,21,2
2016-12-07-17-15-00,17,14,3
2016-12-07-17-30-00,25,20,5
2016-12-07-17-45-00,32,26,6
2016-12-07-18-00-00,22,17,5
2016-12-07-18-15-00,15,12,3
2016-12-07-18-30-00,17,12,5
2016-12-07-18-45-00,13,12,1
2016-12-07-19-00-00,13,12,1
2016-12-07-19-15-00,10,7,3
2016-12-07-19-30-00,5,3,2
2016-12-07-19-45-00,9,5,4
2016-12-07-20-00-00,3,3,0
2016-12-07-20-15-00,2,1,1
2016-12-07-20-30-00,2,0,2
2016-12-07-20-45-00,2,1,1
2016-12-07-21-00-00,3,2,1
2016-12-07-21-15-00,5,3,2
2016-12-07-21-30-00,1,0,1
2016-12-07-21-45-00,5,4,1
2016-12-07-22-00-00,4,1,3
2016-12-07-22-15-00,1,0,1
2016-12-07-22-30-00,2,2,0
2016-12-07-22-45-00,0,0,0
2016-12-07-23-00-00,1,1,0
2016-12-07-23-15-00,0,0,0
2016-12-07-23-30-00,1,0,1
2016-12-07-23-45-00,0,0,0
2016-12-08-00-00-00,0,0,0
2016-12-08-00-15-00,1,1,0
2016-12-08-00-30-00,1,0,1
2016-12-08-00-45-00,0,0,0
2016-12-08-01-00-00,0,0,0
2016-12-08-01-15-00,0,0,0
2016-12-08-01-30-00,0,0,0
2016-12-08-01-45-00,0,0,0
2016-12-08-02-00-00,0,0,0
2016-12-08-02-15-00,0,0,0
2016-12-08-02-30-00,0,0,0
2016-12-08-02-45-00,0,0,0
2016-12-08-03-00-00,0,0,0
2016-12-08-03-15-00,0,0,0
2016-12-08-03-30-00,0,0,0
2016-12-08-03-45-00,0,0,0
2016-12-08-04-00-00,0,0,0
2016-12-08-04-15-00,0,0,0
2016-12-08-04-30-00,0,0,0
2016-12-08-04-45-00,0,0,0
2016-12-08-05-00-00,0,0,0
2016-12-08-05-15-00,0,0,0
2016-12-08-05-30-00,3,2,1
2016-12-08-05-45-00,2,0,2
2016-12-08-06-00-00,3,0,3
2016-12-08-06-15-00,3,0,3
2016-12-08-06-30-00,3,1,2
2016-12-08-06-45-00,11,6,5
2016-12-08-07-00-00,16,6,10
2016-12-08-07-15-00,20,7,13
2016-12-08-07-30-00,31,13,18
2016-12-08-07-45-00,36,10,26
2016-12-08-08-00-00,38,4,34
2016-12-08-08-15-00,45,11,34
2016-12-08-08-30-00,35,10,25
2016-12-08-08-45-00,36,7,29
2016-12-08-09-00-00,18,4,14
2016-12-08-09-15-00,21,3,18
2016-12-08-09-30-00,12,8,4
2016-12-08-09-45-00,8,4,4
2016-12-08-10-00-00,7,3,4
2016-12-08-10-15-00,6,3,3
2016-12-08-10-30-00,8,3,5
2016-12-08-10-45-00,11,4,7
2016-12-08-11-00-00,10,4,6
2016-12-08-11-15-00,13,9,4
2016-12-08-11-30-00,10,6,4
2016-12-08-11-45-00,9,5,4
2016-12-08-12-00-00,11,8,3
2016-12-08-12-15-00,12,6,6
2016-12-08-12-30-00,12,8,4
2016-12-08-12-45-00,13,5,8
2016-12-08-13-00-00,11,4,7
2016-12-08-13-15-00,15,9,6
2016-12-08-13-30-00,13,6,7
2016-12-08-13-45-00,16,6,10
2016-12-08-14-00-00,11,5,6
2016-12-08-14-15-00,22,8,14
2016-12-08-14-30-00,12,10,2
2016-12-08-14-45-00,17,12,5
2016-12-08-15-00-00,12,9,3
2016-12-08-15-15-00,13,5,8
2016-12-08-15-30-00,18,16,2
2016-12-08-15-45-00,13,10,3
2016-12-08-16-00-00,19,14,5
2016-12-08-16-15-00,26,22,4
2016-12-08-16-30-00,26,17,9
2016-12-08-16-45-00,37,26,11
2016-12-08-17-00-00,38,29,9
2016-12-08-17-15-00,22,15,7
2016-12-08-17-30-00,24,17,7
2016-12-08-17-45-00,16,13,3
2016-12-08-18-00-00,19,15,4
2016-12-08-18-15-00,18,12,6
2016-12-08-18-30-00,17,10,7
2016-12-08-18-45-00,19,13,6
2016-12-08-19-00-00,12,9,3
2016-12-08-19-15-00,9,3,6
2016-12-08-19-30-00,4,1,3
2016-12-08-19-45-00,11,7,4
2016-12-08-20-00-00,2,2,0
2016-12-08-20-15-00,4,3,1
2016-12-08-20-30-00,3,2,1
2016-12-08-20-45-00,3,2,1
2016-12-08-21-00-00,2,1,1
2016-12-08-21-15-00,1,1,0
2016-12-08-21-30-00,1,1,0
2016-12-08-21-45-00,1,1,0
2016-12-08-22-00-00,6,2,4
2016-12-08-22-15-00,0,0,0
2016-12-08-22-30-00,3,3,0
2016-12-08-22-45-00,1,1,0
2016-12-08-23-00-00,6,5,1
2016-12-08-23-15-00,1,1,0
2016-12-08-23-30-00,0,0,0
2016-12-08-23-45-00,0,0,0
2016-12-09-00-00-00,0,0,0
2016-12-09-00-15-00,0,0,0
2016-12-09-00-30-00,0,0,0
2016-12-09-00-45-00,0,0,0
2016-12-09-01-00-00,0,0,0
2016-12-09-01-15-00,0,0,0
2016-12-09-01-30-00,1,0,1
2016-12-09-01-45-00,0,0,0
2016-12-09-02-00-00,0,0,0
2016-12-09-02-15-00,0,0,0
2016-12-09-02-30-00,0,0,0
2016-12-09-02-45-00,0,0,0
2016-12-09-03-00-00,0,0,0
2016-12-09-03-15-00,0,0,0
2016-12-09-03-30-00,0,0,0
2016-12-09-03-45-00,0,0,0
2016-12-09-04-00-00,0,0,0
2016-12-09-04-15-00,0,0,0
2016-12-09-04-30-00,0,0,0
2016-12-09-04-45-00,0,0,0
2016-12-09-05-00-00,0,0,0
2016-12-09-05-15-00,0,0,0
2016-12-09-05-30-00,0,0,0
2016-12-09-05-45-00,2,1,1
2016-12-09-06-00-00,3,0,3
2016-12-09-06-15-00,6,2,4
2016-12-09-06-30-00,3,2,1
2016-12-09-06-45-00,9,4,5
2016-12-09-07-00-00,11,3,8
2016-12-09-07-15-00,12,5,7
2016-12-09-07-30-00,23,10,13
2016-12-09-07-45-00,38,12,26
2016-12-09-08-00-00,31,5,26
2016-12-09-08-15-00,39,11,28
2016-12-09-08-30-00,26,3,23
2016-12-09-08-45-00,23,1,22
2016-12-09-09-00-00,17,1,16
2016-12-09-09-15-00,22,8,14
2016-12-09-09-30-00,11,6,5
2016-12-09-09-45-00,10,5,5
2016-12-09-10-00-00,12,6,6
2016-12-09-10-15-00,3,2,1
2016-12-09-10-30-00,13,8,5
2016-12-09-10-45-00,7,4,3
2016-12-09-11-00-00,8,5,3
2016-12-09-11-15-00,9,6,3
2016-12-09-11-30-00,12,5,7
2016-12-09-11-45-00,11,6,5
2016-12-09-12-00-00,9,4,5
2016-12-09-12-15-00,6,2,4
2016-12-09-12-30-00,15,9,6
2016-12-09-12-45-00,13,9,4
2016-12-09-13-00-00,12,6,6
2016-12-09-13-15-00,23,13,10
2016-12-09-13-30-00,19,12,7
2016-12-09-13-45-00,17,12,5
2016-12-09-14-00-00,15,11,4
2016-12-09-14-15-00,17,6,11
2016-12-09-14-30-00,24,13,11
2016-12-09-14-45-00,18,9,9
2016-12-09-15-00-00,25,14,11
2016-12-09-15-15-00,23,13,10
2016-12-09-15-30-00,18,12,6
2016-12-09-15-45-00,21,17,4
2016-12-09-16-00-00,23,13,10
2016-12-09-16-15-00,26,19,7
2016-12-09-16-30-00,24,16,8
2016-12-09-16-45-00,12,9,3
2016-12-09-17-00-00,14,8,6
2016-12-09-17-15-00,18,12,6
2016-12-09-17-30-00,18,14,4
2016-12-09-17-45-00,8,6,2
2016-12-09-18-00-00,14,10,4
2016-12-09-18-15-00,7,6,1
2016-12-09-18-30-00,8,6,2
2016-12-09-18-45-00,10,6,4
2016-12-09-19-00-00,1,1,0
2016-12-09-19-15-00,5,1,4
2016-12-09-19-30-00,4,3,1
2016-12-09-19-45-00,7,6,1
2016-12-09-20-00-00,4,4,0
2016-12-09-20-15-00,3,1,2
2016-12-09-20-30-00,1,1,0
2016-12-09-20-45-00,1,0,1
2016-12-09-21-00-00,3,1,2
2016-12-09-21-15-00,2,1,1
2016-12-09-21-30-00,4,2,2
2016-12-09-21-45-00,4,4,0
2016-12-09-22-00-00,3,1,2
2016-12-09-22-15-00,1,1,0
2016-12-09-22-30-00,4,4,0
2016-12-09-22-45-00,1,1,0
2016-12-09-23-00-00,0,0,0
2016-12-09-23-15-00,2,2,0
2016-12-09-23-30-00,1,0,1
2016-12-09-23-45-00,3,0,3
2016-12-10-00-00-00,1,1,0
2016-12-10-00-15-00,1,0,1
2016-12-10-00-30-00,0,0,0
2016-12-10-00-45-00,1,0,1
2016-12-10-01-00-00,1,0,1
2016-12-10-01-15-00,0,0,0
2016-12-10-01-30-00,1,1,0
2016-12-10-01-45-00,0,0,0
2016-12-10-02-00-00,0,0,0
2016-12-10-02-15-00,1,0,1
2016-12-10-02-30-00,0,0,0
2016-12-10-02-45-00,1,1,0
2016-12-10-03-00-00,0,0,0
2016-12-10-03-15-00,0,0,0
2016-12-10-03-30-00,0,0,0
2016-12-10-03-45-00,0,0,0
2016-12-10-04-00-00,0,0,0
2016-12-10-04-15-00,0,0,0
2016-12-10-04-30-00,0,0,0
2016-12-10-04-45-00,0,0,0
2016-12-10-05-00-00,1,1,0
2016-12-10-05-15-00,0,0,0
2016-12-10-05-30-00,0,0,0
2016-12-10-05-45-00,1,0,1
2016-12-10-06-00-00,0,0,0
2016-12-10-06-15-00,1,0,1
2016-12-10-06-30-00,1,0,1
2016-12-10-06-45-00,0,0,0
2016-12-10-07-00-00,3,2,1
2016-12-10-07-15-00,1,0,1
2016-12-10-07-30-00,2,2,0
2016-12-10-07-45-00,0,0,0
2016-12-10-08-00-00,4,2,2
2016-12-10-08-15-00,5,3,2
2016-12-10-08-30-00,6,2,4
2016-12-10-08-45-00,3,1,2
2016-12-10-09-00-00,4,3,1
2016-12-10-09-15-00,10,4,6
2016-12-10-09-30-00,5,4,1
2016-12-10-09-45-00,11,5,6
2016-12-10-10-00-00,12,5,7
2016-12-10-10-15-00,6,3,3
2016-12-10-10-30-00,11,10,1
2016-12-10-10-45-00,15,9,6
2016-12-10-11-00-00,19,10,9
2016-12-10-11-15-00,13,9,4
2016-12-10-11-30-00,20,12,8
2016-12-10-11-45-00,14,5,9
2016-12-10-12-00-00,25,16,9
2016-12-10-12-15-00,27,16,11
2016-12-10-12-30-00,19,4,15
2016-12-10-12-45-00,25,12,13
2016-12-10-13-00-00,16,10,6
2016-12-10-13-15-00,31,18,13
2016-12-10-13-30-00,27,12,15
2016-12-10-13-45-00,43,28,15
2016-12-10-14-00-00,32,18,14
2016-12-10-14-15-00,50,25,25
2016-12-10-14-30-00,38,9,29
2016-12-10-14-45-00,46,22,24
2016-12-10-15-00-00,37,21,16
2016-12-10-15-15-00,31,15,16
2016-12-10-15-30-00,24,14,10
2016-12-10-15-45-00,29,21,8
2016-12-10-16-00-00,27,15,12
2016-12-10-16-15-00,29,16,13
2016-12-10-16-30-00,11,2,9
2016-12-10-16-45-00,15,9,6
2016-12-10-17-00-00,5,5,0
2016-12-10-17-15-00,14,8,6
2016-12-10-17-30-00,10,4,6
2016-12-10-17-45-00,10,5,5
2016-12-10-18-00-00,1,1,0
2016-12-10-18-15-00,1,1,0
2016-12-10-18-30-00,5,2,3
2016-12-10-18-45-00,4,2,2
2016-12-10-19-00-00,2,1,1
2016-12-10-19-15-00,2,2,0
2016-12-10-19-30-00,1,1,0
2016-12-10-19-45-00,4,2,2
2016-12-10-20-00-00,0,0,0
2016-12-10-20-15-00,7,1,6
2016-12-10-20-30-00,3,1,2
2016-12-10-20-45-00,3,0,3
2016-12-10-21-00-00,3,2,1
2016-12-10-21-15-00,0,0,0
2016-12-10-21-30-00,0,0,0
2016-12-10-21-45-00,0,0,0
2016-12-10-22-00-00,1,0,1
2016-12-10-22-15-00,0,0,0
2016-12-10-22-30-00,0,0,0
2016-12-10-22-45-00,3,3,0
2016-12-10-23-00-00,0,0,0
2016-12-10-23-15-00,0,0,0
2016-12-10-23-30-00,0,0,0
2016-12-10-23-45-00,3,0,3
2016-12-11-00-00-00,2,0,2
2016-12-11-00-15-00,1,1,0
2016-12-11-00-30-00,1,0,1
2016-12-11-00-45-00,0,0,0
2016-12-11-01-00-00,1,0,1
2016-12-11-01-15-00,2,1,1
2016-12-11-01-30-00,0,0,0
2016-12-11-01-45-00,0,0,0
2016-12-11-02-00-00,0,0,0
2016-12-11-02-15-00,0,0,0
2016-12-11-02-30-00,1,0,1
2016-12-11-02-45-00,0,0,0
2016-12-11-03-00-00,0,0,0
2016-12-11-03-15-00,0,0,0
2016-12-11-03-30-00,0,0,0
2016-12-11-03-45-00,0,0,0
2016-12-11-04-00-00,0,0,0
2016-12-11-04-15-00,0,0,0
2016-12-11-04-30-00,1,1,0
2016-12-11-04-45-00,0,0,0
2016-12-11-05-00-00,1,1,0
2016-12-11-05-15-00,1,0,1
2016-12-11-05-30-00,0,0,0
2016-12-11-05-45-00,1,1,0
2016-12-11-06-00-00,0,0,0
2016-12-11-06-15-00,0,0,0
2016-12-11-06-30-00,0,0,0
2016-12-11-06-45-00,0,0,0
2016-12-11-07-00-00,1,0,1
2016-12-11-07-15-00,0,0,0
2016-12-11-07-30-00,2,1,1
2016-12-11-07-45-00,2,1,1
2016-12-11-08-00-00,0,0,0
2016-12-11-08-15-00,3,1,2
2016-12-11-08-30-00,2,1,1
2016-12-11-08-45-00,4,2,2
2016-12-11-09-00-00,3,1,2
2016-12-11-09-15-00,6,3,3
2016-12-11-09-30-00,7,1,6
2016-12-11-09-45-00,8,5,3
2016-12-11-10-00-00,6,3,3
2016-12-11-10-15-00,13,7,6
2016-12-11-10-30-00,7,4,3
2016-12-11-10-45-00,16,7,9
2016-12-11-11-00-00,18,8,10
2016-12-11-11-15-00,14,5,9
2016-12-11-11-30-00,11,6,5
2016-12-11-11-45-00,18,9,9
2016-12-11-12-00-00,10,2,8
2016-12-11-12-15-00,15,5,10
2016-12-11-12-30-00,30,12,18
2016-12-11-12-45-00,10,1,9
2016-12-11-13-00-00,9,5,4
2016-12-11-13-15-00,20,14,6
2016-12-11-13-30-00,16,2,14
2016-12-11-13-45-00,18,10,8
2016-12-11-14-00-00,14,6,8
2016-12-11-14-15-00,24,12,12
2016-12-11-14-30-00,14,5,9
2016-12-11-14-45-00,14,8,6
2016-12-11-15-00-00,18,8,10
2016-12-11-15-15-00,13,3,10
2016-12-11-15-30-00,18,12,6
2016-12-11-15-45-00,19,12,7
2016-12-11-16-00-00,22,11,11
2016-12-11-16-15-00,23,14,9
2016-12-11-16-30-00,23,10,13
2016-12-11-16-45-00,10,7,3
2016-12-11-17-00-00,10,4,6
2016-12-11-17-15-00,2,1,1
2016-12-11-17-30-00,3,3,0
2016-12-11-17-45-00,7,4,3
2016-12-11-18-00-00,5,4,1
2016-12-11-18-15-00,0,0,0
2016-12-11-18-30-00,3,1,2
2016-12-11-18-45-00,5,2,3
2016-12-11-19-00-00,2,2,0
2016-12-11-19-15-00,2,2,0
2016-12-11-19-30-00,4,2,2
2016-12-11-19-45-00,4,2,2
2016-12-11-20-00-00,2,1,1
2016-12-11-20-15-00,2,1,1
2016-12-11-20-30-00,1,1,0
2016-12-11-20-45-00,0,0,0
2016-12-11-21-00-00,0,0,0
2016-12-11-21-15-00,0,0,0
2016-12-11-21-30-00,0,0,0
2016-12-11-21-45-00,2,2,0
2016-12-11-22-00-00,1,1,0
2016-12-11-22-15-00,0,0,0
2016-12-11-22-30-00,1,0,1
2016-12-11-22-45-00,0,0,0
2016-12-11-23-00-00,0,0,0
2016-12-11-23-15-00,0,0,0
2016-12-11-23-30-00,1,1,0
2016-12-11-23-45-00,0,0,0
2016-12-12-00-00-00,0,0,0
2016-12-12-00-15-00,0,0,0
2016-12-12-00-30-00,0,0,0
2016-12-12-00-45-00,0,0,0
2016-12-12-01-00-00,0,0,0
2016-12-12-01-15-00,0,0,0
2016-12-12-01-30-00,0,0,0
2016-12-12-01-45-00,0,0,0
2016-12-12-02-00-00,0,0,0
2016-12-12-02-15-00,0,0,0
2016-12-12-02-30-00,0,0,0
2016-12-12-02-45-00,0,0,0
2016-12-12-03-00-00,0,0,0
2016-12-12-03-15-00,0,0,0
2016-12-12-03-30-00,1,0,1
2016-12-12-03-45-00,0,0,0
2016-12-12-04-00-00,0,0,0
2016-12-12-04-15-00,0,0,0
2016-12-12-04-30-00,0,0,0
2016-12-12-04-45-00,0,0,0
2016-12-12-05-00-00,0,0,0
2016-12-12-05-15-00,1,0,1
2016-12-12-05-30-00,1,1,0
2016-12-12-05-45-00,1,0,1
2016-12-12-06-00-00,8,1,7
2016-12-12-06-15-00,2,2,0
2016-12-12-06-30-00,8,2,6
2016-12-12-06-45-00,6,4,2
2016-12-12-07-00-00,15,7,8
2016-12-12-07-15-00,21,5,16
2016-12-12-07-30-00,29,15,14
2016-12-12-07-45-00,38,13,25
2016-12-12-08-00-00,33,7,26
2016-12-12-08-15-00,48,10,38
2016-12-12-08-30-00,35,8,27
2016-12-12-08-45-00,47,3,44
2016-12-12-09-00-00,21,5,16
2016-12-12-09-15-00,16,3,13
2016-12-12-09-30-00,22,10,12
2016-12-12-09-45-00,19,6,13
2016-12-12-10-00-00,8,4,4
2016-12-12-10-15-00,3,1,2
2016-12-12-10-30-00,4,1,3
2016-12-12-10-45-00,10,5,5
2016-12-12-11-00-00,11,5,6
2016-12-12-11-15-00,8,4,4
2016-12-12-11-30-00,7,6,1
2016-12-12-11-45-00,10,2,8
2016-12-12-12-00-00,8,5,3
2016-12-12-12-15-00,16,9,7
2016-12-12-12-30-00,9,6,3
2016-12-12-12-45-00,6,3,3
2016-12-12-13-00-00,14,7,7
2016-12-12-13-15-00,16,9,7
2016-12-12-13-30-00,14,5,9
2016-12-12-13-45-00,17,8,9
2016-12-12-14-00-00,14,7,7
2016-12-12-14-15-00,18,8,10
2016-12-12-14-30-00,29,15,14
2016-12-12-14-45-00,14,2,12
2016-12-12-15-00-00,17,11,6
2016-12-12-15-15-00,22,9,13
2016-12-12-15-30-00,24,20,4
2016-12-12-15-45-00,14,10,4
2016-12-12-16-00-00,26,9,17
2016-12-12-16-15-00,25,20,5
2016-12-12-16-30-00,30,26,4
2016-12-12-16-45-00,14,9,5
2016-12-12-17-00-00,29,20,9
2016-12-12-17-15-00,29,20,9
2016-12-12-17-30-00,23,18,5
2016-12-12-17-45-00,22,15,7
2016-12-12-18-00-00,29,24,5
2016-12-12-18-15-00,21,19,2
2016-12-12-18-30-00,14,12,2
2016-12-12-18-45-00,20,15,5
2016-12-12-19-00-00,19,14,5
2016-12-12-19-15-00,9,5,4
2016-12-12-19-30-00,12,8,4
2016-12-12-19-45-00,5,2,3
2016-12-12-20-00-00,4,2,2
2016-12-12-20-15-00,5,2,3
2016-12-12-20-30-00,2,1,1
2016-12-12-20-45-00,5,2,3
2016-12-12-21-00-00,0,0,0
2016-12-12-21-15-00,0,0,0
2016-12-12-21-30-00,1,1,0
2016-12-12-21-45-00,3,1,2
2016-12-12-22-00-00,2,1,1
2016-12-12-22-15-00,2,1,1
2016-12-12-22-30-00,1,0,1
2016-12-12-22-45-00,1,0,1
2016-12-12-23-00-00,0,0,0
2016-12-12-23-15-00,0,0,0
2016-12-12-23-30-00,2,0,2
2016-12-12-23-45-00,0,0,0
2016-12-13-00-00-00,0,0,0
2016-12-13-00-15-00,0,0,0
2016-12-13-00-30-00,0,0,0
2016-12-13-00-45-00,0,0,0
2016-12-13-01-00-00,0,0,0
2016-12-13-01-15-00,0,0,0
2016-12-13-01-30-00,0,0,0
2016-12-13-01-45-00,0,0,0
2016-12-13-02-00-00,0,0,0
2016-12-13-02-15-00,0,0,0
2016-12-13-02-30-00,0,0,0
2016-12-13-02-45-00,0,0,0
2016-12-13-03-00-00,0,0,0
2016-12-13-03-15-00,0,0,0
2016-12-13-03-30-00,0,0,0
2016-12-13-03-45-00,0,0,0
2016-12-13-04-00-00,0,0,0
2016-12-13-04-15-00,0,0,0
2016-12-13-04-30-00,0,0,0
2016-12-13-04-45-00,0,0,0
2016-12-13-05-00-00,0,0,0
2016-12-13-05-15-00,1,0,1
2016-12-13-05-30-00,0,0,0
2016-12-13-05-45-00,2,1,1
2016-12-13-06-00-00,2,0,2
2016-12-13-06-15-00,1,0,1
2016-12-13-06-30-00,7,2,5
2016-12-13-06-45-00,9,5,4
2016-12-13-07-00-00,11,3,8
2016-12-13-07-15-00,23,11,12
2016-12-13-07-30-00,26,14,12
2016-12-13-07-45-00,38,11,27
2016-12-13-08-00-00,39,6,33
2016-12-13-08-15-00,44,5,39
2016-12-13-08-30-00,40,12,28
2016-12-13-08-45-00,36,6,30
2016-12-13-09-00-00,22,4,18
2016-12-13-09-15-00,11,3,8
2016-12-13-09-30-00,12,4,8
2016-12-13-09-45-00,12,3,9
2016-12-13-10-00-00,4,1,3
2016-12-13-10-15-00,7,5,2
2016-12-13-10-30-00,8,7,1
2016-12-13-10-45-00,5,3,2
2016-12-13-11-00-00,3,2,1
2016-12-13-11-15-00,2,1,1
2016-12-13-11-30-00,6,4,2
2016-12-13-11-45-00,2,1,1
2016-12-13-12-00-00,4,2,2
2016-12-13-12-15-00,6,1,5
2016-12-13-12-30-00,9,6,3
2016-12-13-12-45-00,3,2,1
2016-12-13-13-00-00,6,4,2
2016-12-13-13-15-00,11,9,2
2016-12-13-13-30-00,7,4,3
2016-12-13-13-45-00,5,2,3
2016-12-13-14-00-00,4,2,2
2016-12-13-14-15-00,3,1,2
2016-12-13-14-30-00,12,5,7
2016-12-13-14-45-00,9,4,5
2016-12-13-15-00-00,7,4,3
2016-12-13-15-15-00,11,6,5
2016-12-13-15-30-00,10,7,3
2016-12-13-15-45-00,10,9,1
2016-12-13-16-00-00,13,11,2
2016-12-13-16-15-00,22,17,5
2016-12-13-16-30-00,21,13,8
2016-12-13-16-45-00,26,16,10
2016-12-13-17-00-00,33,25,8
2016-12-13-17-15-00,19,14,5
2016-12-13-17-30-00,21,17,4
2016-12-13-17-45-00,24,19,5
2016-12-13-18-00-00,18,9,9
2016-12-13-18-15-00,22,18,4
2016-12-13-18-30-00,16,11,5
2016-12-13-18-45-00,18,12,6
2016-12-13-19-00-00,10,7,3
2016-12-13-19-15-00,11,10,1
2016-12-13-19-30-00,7,5,2
2016-12-13-19-45-00,7,4,3
2016-12-13-20-00-00,5,4,1
2016-12-13-20-15-00,5,2,3
2016-12-13-20-30-00,4,3,1
2016-12-13-20-45-00,4,2,2
2016-12-13-21-00-00,5,3,2
2016-12-13-21-15-00,3,2,1
2016-12-13-21-30-00,2,1,1
2016-12-13-21-45-00,9,4,5
2016-12-13-22-00-00,1,1,0
2016-12-13-22-15-00,2,1,1
2016-12-13-22-30-00,3,1,2
2016-12-13-22-45-00,5,4,1
2016-12-13-23-00-00,0,0,0
2016-12-13-23-15-00,0,0,0
2016-12-13-23-30-00,0,0,0
2016-12-13-23-45-00,0,0,0
2016-12-14-00-00-00,0,0,0
2016-12-14-00-15-00,0,0,0
2016-12-14-00-30-00,2,1,1
2016-12-14-00-45-00,2,0,2
2016-12-14-01-00-00,0,0,0
2016-12-14-01-15-00,0,0,0
2016-12-14-01-30-00,1,0,1
2016-12-14-01-45-00,0,0,0
2016-12-14-02-00-00,0,0,0
2016-12-14-02-15-00,0,0,0
2016-12-14-02-30-00,0,0,0
2016-12-14-02-45-00,0,0,0
2016-12-14-03-00-00,0,0,0
2016-12-14-03-15-00,0,0,0
2016-12-14-03-30-00,0,0,0
2016-12-14-03-45-00,0,0,0
2016-12-14-04-00-00,0,0,0
2016-12-14-04-15-00,0,0,0
2016-12-14-04-30-00,0,0,0
2016-12-14-04-45-00,0,0,0
2016-12-14-05-00-00,0,0,0
2016-12-14-05-15-00,0,0,0
2016-12-14-05-30-00,0,0,0
2016-12-14-05-45-00,3,1,2
2016-12-14-06-00-00,3,1,2
2016-12-14-06-15-00,3,1,2
2016-12-14-06-30-00,5,0,5
2016-12-14-06-45-00,6,4,2
2016-12-14-07-00-00,13,6,7
2016-12-14-07-15-00,17,6,11
2016-12-14-07-30-00,26,10,16
2016-12-14-07-45-00,42,9,33
2016-12-14-08-00-00,40,5,35
2016-12-14-08-15-00,38,6,32
2016-12-14-08-30-00,35,8,27
2016-12-14-08-45-00,39,5,34
2016-12-14-09-00-00,21,5,16
2016-12-14-09-15-00,23,8,15
2016-12-14-09-30-00,15,7,8
2016-12-14-09-45-00,13,7,6
2016-12-14-10-00-00,13,4,9
2016-12-14-10-15-00,13,5,8
2016-12-14-10-30-00,8,6,2
2016-12-14-10-45-00,7,4,3
2016-12-14-11-00-00,8,5,3
2016-12-14-11-15-00,10,3,7
2016-12-14-11-30-00,9,5,4
2016-12-14-11-45-00,11,4,7
2016-12-14-12-00-00,17,9,8
2016-12-14-12-15-00,12,5,7
2016-12-14-12-30-00,15,10,5
2016-12-14-12-45-00,14,8,6
2016-12-14-13-00-00,19,8,11
2016-12-14-13-15-00,17,7,10
2016-12-14-13-30-00,13,5,8
2016-12-14-13-45-00,16,13,3
2016-12-14-14-00-00,12,8,4
2016-12-14-14-15-00,19,9,10
2016-12-14-14-30-00,23,11,12
2016-12-14-14-45-00,13,7,6
2016-12-14-15-00-00,13,7,6
2016-12-14-15-15-00,22,14,8
2016-12-14-15-30-00,15,12,3
2016-12-14-15-45-00,30,16,14
2016-12-14-16-00-00,24,21,3
2016-12-14-16-15-00,19,12,7
2016-12-14-16-30-00,28,18,10
2016-12-14-16-45-00,29,22,7
2016-12-14-17-00-00,35,21,14
2016-12-14-17-15-00,36,27,9
2016-12-14-17-30-00,20,13,7
2016-12-14-17-45-00,15,13,2
2016-12-14-18-00-00,14,10,4
2016-12-14-18-15-00,16,11,5
2016-12-14-18-30-00,17,11,6
2016-12-14-18-45-00,18,18,0
2016-12-14-19-00-00,12,6,6
2016-12-14-19-15-00,11,7,4
2016-12-14-19-30-00,9,5,4
2016-12-14-19-45-00,8,8,0
2016-12-14-20-00-00,6,3,3
2016-12-14-20-15-00,4,2,2
2016-12-14-20-30-00,6,5,1
2016-12-14-20-45-00,4,2,2
2016-12-14-21-00-00,6,2,4
2016-12-14-21-15-00,2,2,0
2016-12-14-21-30-00,4,2,2
2016-12-14-21-45-00,3,0,3
2016-12-14-22-00-00,0,0,0
2016-12-14-22-15-00,1,1,0
2016-12-14-22-30-00,2,2,0
2016-12-14-22-45-00,2,1,1
2016-12-14-23-00-00,2,2,0
2016-12-14-23-15-00,0,0,0
2016-12-14-23-30-00,1,0,1
2016-12-14-23-45-00,0,0,0
2016-12-15-00-00-00,0,0,0
2016-12-15-00-15-00,0,0,0
2016-12-15-00-30-00,1,1,0
2016-12-15-00-45-00,0,0,0
2016-12-15-01-00-00,0,0,0
2016-12-15-01-15-00,0,0,0
2016-12-15-01-30-00,0,0,0
2016-12-15-01-45-00,0,0,0
2016-12-15-02-00-00,0,0,0
2016-12-15-02-15-00,0,0,0
2016-12-15-02-30-00,0,0,0
2016-12-15-02-45-00,0,0,0
2016-12-15-03-00-00,1,1,0
2016-12-15-03-15-00,2,0,2
2016-12-15-03-30-00,0,0,0
2016-12-15-03-45-00,0,0,0
2016-12-15-04-00-00,0,0,0
2016-12-15-04-15-00,0,0,0
2016-12-15-04-30-00,0,0,0
2016-12-15-04-45-00,0,0,0
2016-12-15-05-00-00,1,1,0
2016-12-15-05-15-00,1,0,1
2016-12-15-05-30-00,0,0,0
2016-12-15-05-45-00,3,0,3
2016-12-15-06-00-00,3,1,2
2016-12-15-06-15-00,3,0,3
2016-12-15-06-30-00,2,0,2
2016-12-15-06-45-00,15,8,7
2016-12-15-07-00-00,13,6,7
2016-12-15-07-15-00,22,7,15
2016-12-15-07-30-00,25,8,17
2016-12-15-07-45-00,27,8,19
2016-12-15-08-00-00,41,8,33
2016-12-15-08-15-00,34,12,22
2016-12-15-08-30-00,44,10,34
2016-12-15-08-45-00,39,4,35
2016-12-15-09-00-00,20,6,14
2016-12-15-09-15-00,22,4,18
2016-12-15-09-30-00,20,10,10
2016-12-15-09-45-00,10,5,5
2016-12-15-10-00-00,9,1,8
2016-12-15-10-15-00,8,1,7
2016-12-15-10-30-00,9,2,7
2016-12-15-10-45-00,13,4,9
2016-12-15-11-00-00,11,6,5
2016-12-15-11-15-00,21,12,9
2016-12-15-11-30-00,11,6,5
2016-12-15-11-45-00,8,6,2
2016-12-15-12-00-00,6,3,3
2016-12-15-12-15-00,9,7,2
2016-12-15-12-30-00,11,7,4
2016-12-15-12-45-00,15,12,3
2016-12-15-13-00-00,9,4,5
2016-12-15-13-15-00,16,4,12
2016-12-15-13-30-00,18,5,13
2016-12-15-13-45-00,17,9,8
2016-12-15-14-00-00,13,5,8
2016-12-15-14-15-00,26,10,16
2016-12-15-14-30-00,19,11,8
2016-12-15-14-45-00,8,5,3
2016-12-15-15-00-00,13,7,6
2016-12-15-15-15-00,16,9,7
2016-12-15-15-30-00,21,10,11
2016-12-15-15-45-00,14,10,4
2016-12-15-16-00-00,28,20,8
2016-12-15-16-15-00,16,11,5
2016-12-15-16-30-00,34,19,15
2016-12-15-16-45-00,25,15,10
2016-12-15-17-00-00,38,27,11
2016-12-15-17-15-00,21,17,4
2016-12-15-17-30-00,12,9,3
2016-12-15-17-45-00,15,9,6
2016-12-15-18-00-00,16,11,5
2016-12-15-18-15-00,9,5,4
2016-12-15-18-30-00,23,16,7
2016-12-15-18-45-00,12,10,2
2016-12-15-19-00-00,17,10,7
2016-12-15-19-15-00,10,8,2
2016-12-15-19-30-00,11,7,4
2016-12-15-19-45-00,8,6,2
2016-12-15-20-00-00,12,9,3
2016-12-15-20-15-00,11,6,5
2016-12-15-20-30-00,6,2,4
2016-12-15-20-45-00,3,1,2
2016-12-15-21-00-00,3,1,2
2016-12-15-21-15-00,10,5,5
2016-12-15-21-30-00,2,0,2
2016-12-15-21-45-00,5,2,3
2016-12-15-22-00-00,3,2,1
2016-12-15-22-15-00,6,5,1
2016-12-15-22-30-00,1,1,0
2016-12-15-22-45-00,0,0,0
2016-12-15-23-00-00,0,0,0
2016-12-15-23-15-00,2,2,0
2016-12-15-23-30-00,2,2,0
2016-12-15-23-45-00,3,2,1
2016-12-16-00-00-00,2,2,0
2016-12-16-00-15-00,0,0,0
2016-12-16-00-30-00,0,0,0
2016-12-16-00-45-00,1,1,0
2016-12-16-01-00-00,0,0,0
2016-12-16-01-15-00,2,1,1
2016-12-16-01-30-00,3,2,1
2016-12-16-01-45-00,1,1,0
2016-12-16-02-00-00,2,2,0
2016-12-16-02-15-00,1,1,0
2016-12-16-02-30-00,1,1,0
2016-12-16-02-45-00,0,0,0
2016-12-16-03-00-00,0,0,0
2016-12-16-03-15-00,0,0,0
2016-12-16-03-30-00,0,0,0
2016-12-16-03-45-00,0,0,0
2016-12-16-04-00-00,0,0,0
2016-12-16-04-15-00,0,0,0
2016-12-16-04-30-00,0,0,0
2016-12-16-04-45-00,0,0,0
2016-12-16-05-00-00,1,1,0
2016-12-16-05-15-00,0,0,0
2016-12-16-05-30-00,0,0,0
2016-12-16-05-45-00,4,0,4
2016-12-16-06-00-00,1,0,1
2016-12-16-06-15-00,7,3,4
2016-12-16-06-30-00,8,3,5
2016-12-16-06-45-00,11,6,5
2016-12-16-07-00-00,12,7,5
2016-12-16-07-15-00,16,6,10
2016-12-16-07-30-00,27,11,16
2016-12-16-07-45-00,25,7,18
2016-12-16-08-00-00,28,8,20
2016-12-16-08-15-00,27,7,20
2016-12-16-08-30-00,33,8,25
2016-12-16-08-45-00,18,2,16
2016-12-16-09-00-00,19,4,15
2016-12-16-09-15-00,16,6,10
2016-12-16-09-30-00,6,1,5
2016-12-16-09-45-00,10,7,3
2016-12-16-10-00-00,7,1,6
2016-12-16-10-15-00,5,4,1
2016-12-16-10-30-00,7,4,3
2016-12-16-10-45-00,11,3,8
2016-12-16-11-00-00,7,6,1
2016-12-16-11-15-00,3,1,2
2016-12-16-11-30-00,14,7,7
2016-12-16-11-45-00,15,6,9
2016-12-16-12-00-00,15,7,8
2016-12-16-12-15-00,10,6,4
2016-12-16-12-30-00,19,12,7
2016-12-16-12-45-00,12,8,4
2016-12-16-13-00-00,12,6,6
2016-12-16-13-15-00,22,13,9
2016-12-16-13-30-00,14,11,3
2016-12-16-13-45-00,23,14,9
2016-12-16-14-00-00,23,14,9
2016-12-16-14-15-00,16,9,7
2016-12-16-14-30-00,20,8,12
2016-12-16-14-45-00,24,15,9
2016-12-16-15-00-00,23,15,8
2016-12-16-15-15-00,22,16,6
2016-12-16-15-30-00,27,15,12
2016-12-16-15-45-00,22,14,8
2016-12-16-16-00-00,23,19,4
2016-12-16-16-15-00,31,22,9
2016-12-16-16-30-00,18,10,8
2016-12-16-16-45-00,19,11,8
2016-12-16-17-00-00,18,16,2
2016-12-16-17-15-00,7,4,3
2016-12-16-17-30-00,11,7,4
2016-12-16-17-45-00,12,8,4
2016-12-16-18-00-00,11,9,2
2016-12-16-18-15-00,26,14,12
2016-12-16-18-30-00,6,5,1
2016-12-16-18-45-00,8,5,3
2016-12-16-19-00-00,3,2,1
2016-12-16-19-15-00,3,2,1
2016-12-16-19-30-00,6,4,2
2016-12-16-19-45-00,5,0,5
2016-12-16-20-00-00,1,1,0
2016-12-16-20-15-00,4,3,1
2016-12-16-20-30-00,5,0,5
2016-12-16-20-45-00,3,3,0
2016-12-16-21-00-00,2,2,0
2016-12-16-21-15-00,2,0,2
2016-12-16-21-30-00,1,1,0
2016-12-16-21-45-00,1,0,1
2016-12-16-22-00-00,1,1,0
2016-12-16-22-15-00,2,1,1
2016-12-16-22-30-00,0,0,0
2016-12-16-22-45-00,1,0,1
2016-12-16-23-00-00,2,2,0
2016-12-16-23-15-00,1,0,1
2016-12-16-23-30-00,0,0,0
2016-12-16-23-45-00,2,1,1
2016-12-17-00-00-00,2,1,1
2016-12-17-00-15-00,3,0,3
2016-12-17-00-30-00,0,0,0
2016-12-17-00-45-00,0,0,0
2016-12-17-01-00-00,0,0,0
2016-12-17-01-15-00,0,0,0
2016-12-17-01-30-00,1,0,1
2016-12-17-01-45-00,0,0,0
2016-12-17-02-00-00,0,0,0
2016-12-17-02-15-00,1,0,1
2016-12-17-02-30-00,0,0,0
2016-12-17-02-45-00,0,0,0
2016-12-17-03-00-00,0,0,0
2016-12-17-03-15-00,1,1,0
2016-12-17-03-30-00,0,0,0
2016-12-17-03-45-00,0,0,0
2016-12-17-04-00-00,0,0,0
2016-12-17-04-15-00,0,0,0
2016-12-17-04-30-00,0,0,0
2016-12-17-04-45-00,0,0,0
2016-12-17-05-00-00,0,0,0
2016-12-17-05-15-00,1,0,1
2016-12-17-05-30-00,0,0,0
2016-12-17-05-45-00,0,0,0
2016-12-17-06-00-00,0,0,0
2016-12-17-06-15-00,0,0,0
2016-12-17-06-30-00,0,0,0
2016-12-17-06-45-00,0,0,0
2016-12-17-07-00-00,1,1,0
2016-12-17-07-15-00,1,1,0
2016-12-17-07-30-00,0,0,0
2016-12-17-07-45-00,1,1,0
2016-12-17-08-00-00,1,0,1
2016-12-17-08-15-00,4,2,2
2016-12-17-08-30-00,4,2,2
2016-12-17-08-45-00,2,2,0
2016-12-17-09-00-00,6,4,2
2016-12-17-09-15-00,2,0,2
2016-12-17-09-30-00,9,4,5
2016-12-17-09-45-00,8,4,4
2016-12-17-10-00-00,3,0,3
2016-12-17-10-15-00,9,4,5
2016-12-17-10-30-00,9,8,1
2016-12-17-10-45-00,3,1,2
2016-12-17-11-00-00,14,5,9
2016-12-17-11-15-00,14,8,6
2016-12-17-11-30-00,7,5,2
2016-12-17-11-45-00,23,16,7
2016-12-17-12-00-00,6,1,5
2016-12-17-12-15-00,22,11,11
2016-12-17-12-30-00,14,6,8
2016-12-17-12-45-00,7,3,4
2016-12-17-13-00-00,18,9,9
2016-12-17-13-15-00,30,7,23
2016-12-17-13-30-00,19,9,10
2016-12-17-13-45-00,20,9,11
2016-12-17-14-00-00,28,17,11
2016-12-17-14-15-00,20,9,11
2016-12-17-14-30-00,30,17,13
2016-12-17-14-45-00,18,10,8
2016-12-17-15-00-00,11,5,6
2016-12-17-15-15-00,31,11,20
2016-12-17-15-30-00,21,12,9
2016-12-17-15-45-00,6,3,3
2016-12-17-16-00-00,11,5,6
2016-12-17-16-15-00,6,2,4
2016-12-17-16-30-00,11,7,4
2016-12-17-16-45-00,6,1,5
2016-12-17-17-00-00,8,6,2
2016-12-17-17-15-00,10,8,2
2016-12-17-17-30-00,6,4,2
2016-12-17-17-45-00,4,2,2
2016-12-17-18-00-00,4,2,2
2016-12-17-18-15-00,5,0,5
2016-12-17-18-30-00,6,4,2
2016-12-17-18-45-00,5,5,0
2016-12-17-19-00-00,7,5,2
2016-12-17-19-15-00,0,0,0
2016-12-17-19-30-00,2,2,0
2016-12-17-19-45-00,2,0,2
2016-12-17-20-00-00,0,0,0
2016-12-17-20-15-00,2,0,2
2016-12-17-20-30-00,3,2,1
2016-12-17-20-45-00,0,0,0
2016-12-17-21-00-00,1,0,1
2016-12-17-21-15-00,4,1,3
2016-12-17-21-30-00,1,1,0
2016-12-17-21-45-00,0,0,0
2016-12-17-22-00-00,1,0,1
2016-12-17-22-15-00,2,0,2
2016-12-17-22-30-00,1,0,1
2016-12-17-22-45-00,0,0,0
2016-12-17-23-00-00,1,1,0
2016-12-17-23-15-00,0,0,0
2016-12-17-23-30-00,3,0,3
2016-12-17-23-45-00,2,1,1
2016-12-18-00-00-00,0,0,0
2016-12-18-00-15-00,2,0,2
2016-12-18-00-30-00,3,2,1
2016-12-18-00-45-00,1,0,1
2016-12-18-01-00-00,0,0,0
2016-12-18-01-15-00,3,0,3
2016-12-18-01-30-00,0,0,0
2016-12-18-01-45-00,0,0,0
2016-12-18-02-00-00,0,0,0
2016-12-18-02-15-00,0,0,0
2016-12-18-02-30-00,0,0,0
2016-12-18-02-45-00,0,0,0
2016-12-18-03-00-00,0,0,0
2016-12-18-03-15-00,0,0,0
2016-12-18-03-30-00,0,0,0
2016-12-18-03-45-00,0,0,0
2016-12-18-04-00-00,0,0,0
2016-12-18-04-15-00,0,0,0
2016-12-18-04-30-00,0,0,0
2016-12-18-04-45-00,0,0,0
2016-12-18-05-00-00,0,0,0
2016-12-18-05-15-00,0,0,0
2016-12-18-05-30-00,0,0,0
2016-12-18-05-45-00,1,0,1
2016-12-18-06-00-00,1,0,1
2016-12-18-06-15-00,1,1,0
2016-12-18-06-30-00,0,0,0
2016-12-18-06-45-00,0,0,0
2016-12-18-07-00-00,1,1,0
2016-12-18-07-15-00,2,2,0
2016-12-18-07-30-00,1,1,0
2016-12-18-07-45-00,2,0,2
2016-12-18-08-00-00,2,0,2
2016-12-18-08-15-00,2,0,2
2016-12-18-08-30-00,3,1,2
2016-12-18-08-45-00,2,1,1
2016-12-18-09-00-00,4,2,2
2016-12-18-09-15-00,7,4,3
2016-12-18-09-30-00,7,4,3
2016-12-18-09-45-00,10,2,8
2016-12-18-10-00-00,9,3,6
2016-12-18-10-15-00,17,6,11
2016-12-18-10-30-00,17,3,14
2016-12-18-10-45-00,12,6,6
2016-12-18-11-00-00,15,7,8
2016-12-18-11-15-00,19,8,11
2016-12-18-11-30-00,16,11,5
2016-12-18-11-45-00,15,2,13
2016-12-18-12-00-00,9,8,1
2016-12-18-12-15-00,15,12,3
2016-12-18-12-30-00,17,8,9
2016-12-18-12-45-00,11,7,4
2016-12-18-13-00-00,15,8,7
2016-12-18-13-15-00,16,9,7
2016-12-18-13-30-00,7,3,4
2016-12-18-13-45-00,17,5,12
2016-12-18-14-00-00,16,5,11
2016-12-18-14-15-00,18,11,7
2016-12-18-14-30-00,15,5,10
2016-12-18-14-45-00,19,9,10
2016-12-18-15-00-00,22,12,10
2016-12-18-15-15-00,21,12,9
2016-12-18-15-30-00,12,7,5
2016-12-18-15-45-00,21,13,8
2016-12-18-16-00-00,27,14,13
2016-12-18-16-15-00,22,11,11
2016-12-18-16-30-00,13,9,4
2016-12-18-16-45-00,11,5,6
2016-12-18-17-00-00,8,5,3
2016-12-18-17-15-00,12,12,0
2016-12-18-17-30-00,4,2,2
2016-12-18-17-45-00,5,1,4
2016-12-18-18-00-00,1,1,0
2016-12-18-18-15-00,1,1,0
2016-12-18-18-30-00,4,0,4
2016-12-18-18-45-00,0,0,0
2016-12-18-19-00-00,2,1,1
2016-12-18-19-15-00,7,2,5
2016-12-18-19-30-00,5,1,4
2016-12-18-19-45-00,3,0,3
2016-12-18-20-00-00,4,4,0
2016-12-18-20-15-00,1,0,1
2016-12-18-20-30-00,1,1,0
2016-12-18-20-45-00,5,5,0
2016-12-18-21-00-00,1,1,0
2016-12-18-21-15-00,1,1,0
2016-12-18-21-30-00,0,0,0
2016-12-18-21-45-00,0,0,0
2016-12-18-22-00-00,0,0,0
2016-12-18-22-15-00,1,0,1
2016-12-18-22-30-00,0,0,0
2016-12-18-22-45-00,1,0,1
2016-12-18-23-00-00,0,0,0
2016-12-18-23-15-00,6,0,6
2016-12-18-23-30-00,0,0,0
2016-12-18-23-45-00,2,2,0
2016-12-19-00-00-00,0,0,0
2016-12-19-00-15-00,1,0,1
2016-12-19-00-30-00,0,0,0
2016-12-19-00-45-00,0,0,0
2016-12-19-01-00-00,0,0,0
2016-12-19-01-15-00,0,0,0
2016-12-19-01-30-00,1,1,0
2016-12-19-01-45-00,0,0,0
2016-12-19-02-00-00,0,0,0
2016-12-19-02-15-00,0,0,0
2016-12-19-02-30-00,0,0,0
2016-12-19-02-45-00,1,0,1
2016-12-19-03-00-00,0,0,0
2016-12-19-03-15-00,0,0,0
2016-12-19-03-30-00,0,0,0
2016-12-19-03-45-00,0,0,0
2016-12-19-04-00-00,0,0,0
2016-12-19-04-15-00,0,0,0
2016-12-19-04-30-00,0,0,0
2016-12-19-04-45-00,0,0,0
2016-12-19-05-00-00,1,1,0
2016-12-19-05-15-00,1,0,1
2016-12-19-05-30-00,0,0,0
2016-12-19-05-45-00,6,2,4
2016-12-19-06-00-00,4,2,2
2016-12-19-06-15-00,1,0,1
2016-12-19-06-30-00,2,1,1
2016-12-19-06-45-00,12,5,7
2016-12-19-07-00-00,17,6,11
2016-12-19-07-15-00,15,5,10
2016-12-19-07-30-00,29,10,19
2016-12-19-07-45-00,35,12,23
2016-12-19-08-00-00,36,10,26
2016-12-19-08-15-00,27,5,22
2016-12-19-08-30-00,41,10,31
2016-12-19-08-45-00,35,9,26
2016-12-19-09-00-00,27,3,24
2016-12-19-09-15-00,21,5,16
2016-12-19-09-30-00,18,7,11
2016-12-19-09-45-00,14,9,5
2016-12-19-10-00-00,12,7,5
2016-12-19-10-15-00,6,3,3
2016-12-19-10-30-00,11,3,8
2016-12-19-10-45-00,11,5,6
2016-12-19-11-00-00,18,11,7
2016-12-19-11-15-00,11,5,6
2016-12-19-11-30-00,12,3,9
2016-12-19-11-45-00,10,7,3
2016-12-19-12-00-00,5,2,3
2016-12-19-12-15-00,9,4,5
2016-12-19-12-30-00,9,3,6
2016-12-19-12-45-00,12,6,6
2016-12-19-13-00-00,11,6,5
2016-12-19-13-15-00,14,5,9
2016-12-19-13-30-00,14,9,5
2016-12-19-13-45-00,7,4,3
2016-12-19-14-00-00,19,11,8
2016-12-19-14-15-00,13,5,8
2016-12-19-14-30-00,21,16,5
2016-12-19-14-45-00,10,8,2
2016-12-19-15-00-00,14,7,7
2016-12-19-15-15-00,12,7,5
2016-12-19-15-30-00,15,9,6
2016-12-19-15-45-00,21,15,6
2016-12-19-16-00-00,22,15,7
2016-12-19-16-15-00,31,25,6
2016-12-19-16-30-00,24,18,6
2016-12-19-16-45-00,35,25,10
2016-12-19-17-00-00,22,14,8
2016-12-19-17-15-00,28,16,12
2016-12-19-17-30-00,25,18,7
2016-12-19-17-45-00,20,13,7
2016-12-19-18-00-00,22,19,3
2016-12-19-18-15-00,27,19,8
2016-12-19-18-30-00,11,7,4
2016-12-19-18-45-00,15,11,4
2016-12-19-19-00-00,9,5,4
2016-12-19-19-15-00,9,6,3
2016-12-19-19-30-00,8,3,5
2016-12-19-19-45-00,6,6,0
2016-12-19-20-00-00,7,4,3
2016-12-19-20-15-00,3,2,1
2016-12-19-20-30-00,4,4,0
2016-12-19-20-45-00,2,0,2
2016-12-19-21-00-00,3,3,0
2016-12-19-21-15-00,3,1,2
2016-12-19-21-30-00,3,2,1
2016-12-19-21-45-00,1,0,1
2016-12-19-22-00-00,2,2,0
2016-12-19-22-15-00,2,2,0
2016-12-19-22-30-00,1,1,0
2016-12-19-22-45-00,0,0,0
2016-12-19-23-00-00,1,1,0
2016-12-19-23-15-00,3,2,1
2016-12-19-23-30-00,1,1,0
2016-12-19-23-45-00,0,0,0
2016-12-20-00-00-00,0,0,0
2016-12-20-00-15-00,0,0,0
2016-12-20-00-30-00,0,0,0
2016-12-20-00-45-00,0,0,0
2016-12-20-01-00-00,0,0,0
2016-12-20-01-15-00,1,0,1
2016-12-20-01-30-00,0,0,0
2016-12-20-01-45-00,0,0,0
2016-12-20-02-00-00,0,0,0
2016-12-20-02-15-00,1,1,0
2016-12-20-02-30-00,0,0,0
2016-12-20-02-45-00,0,0,0
2016-12-20-03-00-00,1,0,1
2016-12-20-03-15-00,0,0,0
2016-12-20-03-30-00,0,0,0
2016-12-20-03-45-00,0,0,0
2016-12-20-04-00-00,0,0,0
2016-12-20-04-15-00,0,0,0
2016-12-20-04-30-00,0,0,0
2016-12-20-04-45-00,0,0,0
2016-12-20-05-00-00,1,1,0
2016-12-20-05-15-00,0,0,0
2016-12-20-05-30-00,0,0,0
2016-12-20-05-45-00,1,0,1
2016-12-20-06-00-00,4,0,4
2016-12-20-06-15-00,3,1,2
2016-12-20-06-30-00,7,4,3
2016-12-20-06-45-00,9,3,6
2016-12-20-07-00-00,13,5,8
2016-12-20-07-15-00,21,5,16
2016-12-20-07-30-00,24,15,9
2016-12-20-07-45-00,32,6,26
2016-12-20-08-00-00,24,6,18
2016-12-20-08-15-00,38,9,29
2016-12-20-08-30-00,41,7,34
2016-12-20-08-45-00,36,4,32
2016-12-20-09-00-00,24,2,22
2016-12-20-09-15-00,25,9,16
2016-12-20-09-30-00,16,4,12
2016-12-20-09-45-00,11,5,6
2016-12-20-10-00-00,9,5,4
2016-12-20-10-15-00,8,4,4
2016-12-20-10-30-00,16,12,4
2016-12-20-10-45-00,11,6,5
2016-12-20-11-00-00,10,2,8
2016-12-20-11-15-00,14,5,9
2016-12-20-11-30-00,4,2,2
2016-12-20-11-45-00,14,8,6
2016-12-20-12-00-00,9,5,4
2016-12-20-12-15-00,19,10,9
2016-12-20-12-30-00,18,8,10
2016-12-20-12-45-00,16,12,4
2016-12-20-13-00-00,25,15,10
2016-12-20-13-15-00,22,9,13
2016-12-20-13-30-00,12,6,6
2016-12-20-13-45-00,16,4,12
2016-12-20-14-00-00,23,6,17
2016-12-20-14-15-00,21,9,12
2016-12-20-14-30-00,22,10,12
2016-12-20-14-45-00,11,6,5
2016-12-20-15-00-00,24,11,13
2016-12-20-15-15-00,31,21,10
2016-12-20-15-30-00,23,15,8
2016-12-20-15-45-00,19,12,7
2016-12-20-16-00-00,25,18,7
2016-12-20-16-15-00,23,19,4
2016-12-20-16-30-00,31,24,7
2016-12-20-16-45-00,33,21,12
2016-12-20-17-00-00,21,15,6
2016-12-20-17-15-00,19,15,4
2016-12-20-17-30-00,19,15,4
2016-12-20-17-45-00,17,12,5
2016-12-20-18-00-00,14,11,3
2016-12-20-18-15-00,15,11,4
2016-12-20-18-30-00,22,13,9
2016-12-20-18-45-00,19,14,5
2016-12-20-19-00-00,12,7,5
2016-12-20-19-15-00,8,8,0
2016-12-20-19-30-00,11,6,5
2016-12-20-19-45-00,4,3,1
2016-12-20-20-00-00,4,3,1
2016-12-20-20-15-00,3,3,0
2016-12-20-20-30-00,2,1,1
2016-12-20-20-45-00,4,2,2
2016-12-20-21-00-00,1,0,1
2016-12-20-21-15-00,4,4,0
2016-12-20-21-30-00,4,0,4
2016-12-20-21-45-00,4,3,1
2016-12-20-22-00-00,1,0,1
2016-12-20-22-15-00,1,1,0
2016-12-20-22-30-00,3,2,1
2016-12-20-22-45-00,2,2,0
2016-12-20-23-00-00,0,0,0
2016-12-20-23-15-00,0,0,0
2016-12-20-23-30-00,1,0,1
2016-12-20-23-45-00,0,0,0
2016-12-21-00-00-00,0,0,0
2016-12-21-00-15-00,1,0,1
2016-12-21-00-30-00,2,0,2
2016-12-21-00-45-00,0,0,0
2016-12-21-01-00-00,0,0,0
2016-12-21-01-15-00,0,0,0
2016-12-21-01-30-00,0,0,0
2016-12-21-01-45-00,0,0,0
2016-12-21-02-00-00,0,0,0
2016-12-21-02-15-00,0,0,0
2016-12-21-02-30-00,0,0,0
2016-12-21-02-45-00,0,0,0
2016-12-21-03-00-00,0,0,0
2016-12-21-03-15-00,0,0,0
2016-12-21-03-30-00,0,0,0
2016-12-21-03-45-00,0,0,0
2016-12-21-04-00-00,1,1,0
2016-12-21-04-15-00,0,0,0
2016-12-21-04-30-00,0,0,0
2016-12-21-04-45-00,0,0,0
2016-12-21-05-00-00,0,0,0
2016-12-21-05-15-00,0,0,0
2016-12-21-05-30-00,1,0,1
2016-12-21-05-45-00,3,0,3
2016-12-21-06-00-00,0,0,0
2016-12-21-06-15-00,1,1,0
2016-12-21-06-30-00,3,1,2
2016-12-21-06-45-00,4,3,1
2016-12-21-07-00-00,11,5,6
2016-12-21-07-15-00,20,5,15
2016-12-21-07-30-00,27,15,12
2016-12-21-07-45-00,26,9,17
2016-12-21-08-00-00,31,10,21
2016-12-21-08-15-00,24,4,20
2016-12-21-08-30-00,29,5,24
2016-12-21-08-45-00,33,5,28
2016-12-21-09-00-00,22,5,17
2016-12-21-09-15-00,12,3,9
2016-12-21-09-30-00,14,6,8
2016-12-21-09-45-00,8,4,4
2016-12-21-10-00-00,17,9,8
2016-12-21-10-15-00,7,3,4
2016-12-21-10-30-00,7,4,3
2016-12-21-10-45-00,11,5,6
2016-12-21-11-00-00,6,0,6
2016-12-21-11-15-00,11,8,3
2016-12-21-11-30-00,9,5,4
2016-12-21-11-45-00,5,4,1
2016-12-21-12-00-00,10,4,6
2016-12-21-12-15-00,6,2,4
2016-12-21-12-30-00,11,8,3
2016-12-21-12-45-00,9,7,2
2016-12-21-13-00-00,11,5,6
2016-12-21-13-15-00,18,11,7
2016-12-21-13-30-00,18,7,11
2016-12-21-13-45-00,13,6,7
2016-12-21-14-00-00,15,11,4
2016-12-21-14-15-00,18,5,13
2016-12-21-14-30-00,13,8,5
2016-12-21-14-45-00,15,10,5
2016-12-21-15-00-00,20,11,9
2016-12-21-15-15-00,23,12,11
2016-12-21-15-30-00,22,16,6
2016-12-21-15-45-00,31,17,14
2016-12-21-16-00-00,23,18,5
2016-12-21-16-15-00,18,13,5
2016-12-21-16-30-00,29,16,13
2016-12-21-16-45-00,40,30,10
2016-12-21-17-00-00,22,16,6
2016-12-21-17-15-00,20,11,9
2016-12-21-17-30-00,24,17,7
2016-12-21-17-45-00,21,15,6
2016-12-21-18-00-00,13,9,4
2016-12-21-18-15-00,13,10,3
2016-12-21-18-30-00,19,14,5
2016-12-21-18-45-00,11,10,1
2016-12-21-19-00-00,14,11,3
2016-12-21-19-15-00,17,17,0
2016-12-21-19-30-00,8,6,2
2016-12-21-19-45-00,6,5,1
2016-12-21-20-00-00,2,1,1
2016-12-21-20-15-00,1,1,0
2016-12-21-20-30-00,1,1,0
2016-12-21-20-45-00,2,1,1
2016-12-21-21-00-00,4,3,1
2016-12-21-21-15-00,1,0,1
2016-12-21-21-30-00,0,0,0
2016-12-21-21-45-00,3,0,3
2016-12-21-22-00-00,3,1,2
2016-12-21-22-15-00,2,0,2
2016-12-21-22-30-00,3,2,1
2016-12-21-22-45-00,0,0,0
2016-12-21-23-00-00,3,1,2
2016-12-21-23-15-00,1,1,0
2016-12-21-23-30-00,0,0,0
2016-12-21-23-45-00,1,1,0
2016-12-22-00-00-00,0,0,0
2016-12-22-00-15-00,1,1,0
2016-12-22-00-30-00,1,0,1
2016-12-22-00-45-00,0,0,0
2016-12-22-01-00-00,0,0,0
2016-12-22-01-15-00,0,0,0
2016-12-22-01-30-00,0,0,0
2016-12-22-01-45-00,1,0,1
2016-12-22-02-00-00,0,0,0
2016-12-22-02-15-00,0,0,0
2016-12-22-02-30-00,0,0,0
2016-12-22-02-45-00,0,0,0
2016-12-22-03-00-00,0,0,0
2016-12-22-03-15-00,0,0,0
2016-12-22-03-30-00,0,0,0
2016-12-22-03-45-00,0,0,0
2016-12-22-04-00-00,0,0,0
2016-12-22-04-15-00,0,0,0
2016-12-22-04-30-00,0,0,0
2016-12-22-04-45-00,0,0,0
2016-12-22-05-00-00,1,1,0
2016-12-22-05-15-00,0,0,0
2016-12-22-05-30-00,2,1,1
2016-12-22-05-45-00,2,0,2
2016-12-22-06-00-00,1,1,0
2016-12-22-06-15-00,2,0,2
2016-12-22-06-30-00,7,1,6
2016-12-22-06-45-00,3,2,1
2016-12-22-07-00-00,8,5,3
2016-12-22-07-15-00,8,2,6
2016-12-22-07-30-00,10,2,8
2016-12-22-07-45-00,13,1,12
2016-12-22-08-00-00,13,5,8
2016-12-22-08-15-00,9,0,9
2016-12-22-08-30-00,14,4,10
2016-12-22-08-45-00,13,2,11
2016-12-22-09-00-00,12,2,10
2016-12-22-09-15-00,4,2,2
2016-12-22-09-30-00,3,1,2
2016-12-22-09-45-00,1,0,1
2016-12-22-10-00-00,2,0,2
2016-12-22-10-15-00,3,1,2
2016-12-22-10-30-00,3,2,1
2016-12-22-10-45-00,2,1,1
2016-12-22-11-00-00,3,3,0
2016-12-22-11-15-00,1,0,1
2016-12-22-11-30-00,2,2,0
2016-12-22-11-45-00,2,1,1
2016-12-22-12-00-00,2,1,1
2016-12-22-12-15-00,6,5,1
2016-12-22-12-30-00,2,2,0
2016-12-22-12-45-00,3,2,1
2016-12-22-13-00-00,3,2,1
2016-12-22-13-15-00,6,4,2
2016-12-22-13-30-00,5,2,3
2016-12-22-13-45-00,6,3,3
2016-12-22-14-00-00,0,0,0
2016-12-22-14-15-00,6,3,3
2016-12-22-14-30-00,8,7,1
2016-12-22-14-45-00,8,2,6
2016-12-22-15-00-00,4,2,2
2016-12-22-15-15-00,9,7,2
2016-12-22-15-30-00,9,4,5
2016-12-22-15-45-00,20,15,5
2016-12-22-16-00-00,12,8,4
2016-12-22-16-15-00,12,8,4
2016-12-22-16-30-00,13,7,6
2016-12-22-16-45-00,13,9,4
2016-12-22-17-00-00,10,9,1
2016-12-22-17-15-00,4,2,2
2016-12-22-17-30-00,9,7,2
2016-12-22-17-45-00,7,6,1
2016-12-22-18-00-00,9,6,3
2016-12-22-18-15-00,6,5,1
2016-12-22-18-30-00,6,3,3
2016-12-22-18-45-00,7,6,1
2016-12-22-19-00-00,6,4,2
2016-12-22-19-15-00,1,0,1
2016-12-22-19-30-00,4,2,2
2016-12-22-19-45-00,4,3,1
2016-12-22-20-00-00,0,0,0
2016-12-22-20-15-00,1,1,0
2016-12-22-20-30-00,3,2,1
2016-12-22-20-45-00,0,0,0
2016-12-22-21-00-00,2,1,1
2016-12-22-21-15-00,1,1,0
2016-12-22-21-30-00,0,0,0
2016-12-22-21-45-00,3,1,2
2016-12-22-22-00-00,1,0,1
2016-12-22-22-15-00,1,0,1
2016-12-22-22-30-00,0,0,0
2016-12-22-22-45-00,0,0,0
2016-12-22-23-00-00,2,0,2
2016-12-22-23-15-00,0,0,0
2016-12-22-23-30-00,1,1,0
2016-12-22-23-45-00,1,0,1
2016-12-23-00-00-00,1,1,0
2016-12-23-00-15-00,0,0,0
2016-12-23-00-30-00,0,0,0
2016-12-23-00-45-00,0,0,0
2016-12-23-01-00-00,0,0,0
2016-12-23-01-15-00,0,0,0
2016-12-23-01-30-00,0,0,0
2016-12-23-01-45-00,0,0,0
2016-12-23-02-00-00,0,0,0
2016-12-23-02-15-00,0,0,0
2016-12-23-02-30-00,1,1,0
2016-12-23-02-45-00,0,0,0
2016-12-23-03-00-00,1,0,1
2016-12-23-03-15-00,0,0,0
2016-12-23-03-30-00,0,0,0
2016-12-23-03-45-00,0,0,0
2016-12-23-04-00-00,0,0,0
2016-12-23-04-15-00,0,0,0
2016-12-23-04-30-00,0,0,0
2016-12-23-04-45-00,0,0,0
2016-12-23-05-00-00,0,0,0
2016-12-23-05-15-00,1,0,1
2016-12-23-05-30-00,0,0,0
2016-12-23-05-45-00,1,0,1
2016-12-23-06-00-00,0,0,0
2016-12-23-06-15-00,3,0,3
2016-12-23-06-30-00,2,1,1
2016-12-23-06-45-00,6,0,6
2016-12-23-07-00-00,4,1,3
2016-12-23-07-15-00,7,4,3
2016-12-23-07-30-00,13,6,7
2016-12-23-07-45-00,6,2,4
2016-12-23-08-00-00,11,4,7
2016-12-23-08-15-00,13,4,9
2016-12-23-08-30-00,12,4,8
2016-12-23-08-45-00,15,3,12
2016-12-23-09-00-00,20,7,13
2016-12-23-09-15-00,11,3,8
2016-12-23-09-30-00,9,3,6
2016-12-23-09-45-00,7,5,2
2016-12-23-10-00-00,10,4,6
2016-12-23-10-15-00,8,4,4
2016-12-23-10-30-00,8,4,4
2016-12-23-10-45-00,7,4,3
2016-12-23-11-00-00,8,5,3
2016-12-23-11-15-00,9,6,3
2016-12-23-11-30-00,10,5,5
2016-12-23-11-45-00,9,7,2
2016-12-23-12-00-00,9,4,5
2016-12-23-12-15-00,23,10,13
2016-12-23-12-30-00,12,9,3
2016-12-23-12-45-00,10,4,6
2016-12-23-13-00-00,10,7,3
2016-12-23-13-15-00,10,10,0
2016-12-23-13-30-00,16,6,10
2016-12-23-13-45-00,14,11,3
2016-12-23-14-00-00,6,5,1
2016-12-23-14-15-00,22,11,11
2016-12-23-14-30-00,14,12,2
2016-12-23-14-45-00,20,16,4
2016-12-23-15-00-00,18,12,6
2016-12-23-15-15-00,17,10,7
2016-12-23-15-30-00,28,22,6
2016-12-23-15-45-00,9,5,4
2016-12-23-16-00-00,18,11,7
2016-12-23-16-15-00,9,7,2
2016-12-23-16-30-00,14,8,6
2016-12-23-16-45-00,12,5,7
2016-12-23-17-00-00,15,11,4
2016-12-23-17-15-00,8,5,3
2016-12-23-17-30-00,14,8,6
2016-12-23-17-45-00,3,2,1
2016-12-23-18-00-00,10,3,7
2016-12-23-18-15-00,2,2,0
2016-12-23-18-30-00,1,0,1
2016-12-23-18-45-00,9,8,1
2016-12-23-19-00-00,7,4,3
2016-12-23-19-15-00,4,1,3
2016-12-23-19-30-00,1,0,1
2016-12-23-19-45-00,3,1,2
2016-12-23-20-00-00,2,2,0
2016-12-23-20-15-00,4,3,1
2016-12-23-20-30-00,0,0,0
2016-12-23-20-45-00,2,1,1
2016-12-23-21-00-00,0,0,0
2016-12-23-21-15-00,1,1,0
2016-12-23-21-30-00,2,1,1
2016-12-23-21-45-00,0,0,0
2016-12-23-22-00-00,0,0,0
2016-12-23-22-15-00,0,0,0
2016-12-23-22-30-00,0,0,0
2016-12-23-22-45-00,2,1,1
2016-12-23-23-00-00,0,0,0
2016-12-23-23-15-00,1,0,1
2016-12-23-23-30-00,0,0,0
2016-12-23-23-45-00,1,1,0
2016-12-24-00-00-00,1,0,1
2016-12-24-00-15-00,0,0,0
2016-12-24-00-30-00,0,0,0
2016-12-24-00-45-00,1,0,1
2016-12-24-01-00-00,0,0,0
2016-12-24-01-15-00,1,0,1
2016-12-24-01-30-00,0,0,0
2016-12-24-01-45-00,1,0,1
2016-12-24-02-00-00,1,0,1
2016-12-24-02-15-00,1,0,1
2016-12-24-02-30-00,0,0,0
2016-12-24-02-45-00,0,0,0
2016-12-24-03-00-00,0,0,0
2016-12-24-03-15-00,0,0,0
2016-12-24-03-30-00,0,0,0
2016-12-24-03-45-00,0,0,0
2016-12-24-04-00-00,0,0,0
2016-12-24-04-15-00,0,0,0
2016-12-24-04-30-00,0,0,0
2016-12-24-04-45-00,0,0,0
2016-12-24-05-00-00,0,0,0
2016-12-24-05-15-00,0,0,0
2016-12-24-05-30-00,0,0,0
2016-12-24-05-45-00,0,0,0
2016-12-24-06-00-00,0,0,0
2016-12-24-06-15-00,1,0,1
2016-12-24-06-30-00,0,0,0
2016-12-24-06-45-00,0,0,0
2016-12-24-07-00-00,0,0,0
2016-12-24-07-15-00,3,1,2
2016-12-24-07-30-00,2,2,0
2016-12-24-07-45-00,3,3,0
2016-12-24-08-00-00,0,0,0
2016-12-24-08-15-00,3,1,2
2016-12-24-08-30-00,5,2,3
2016-12-24-08-45-00,3,3,0
2016-12-24-09-00-00,3,2,1
2016-12-24-09-15-00,5,2,3
2016-12-24-09-30-00,10,4,6
2016-12-24-09-45-00,6,4,2
2016-12-24-10-00-00,3,0,3
2016-12-24-10-15-00,13,3,10
2016-12-24-10-30-00,5,2,3
2016-12-24-10-45-00,14,6,8
2016-12-24-11-00-00,17,9,8
2016-12-24-11-15-00,13,4,9
2016-12-24-11-30-00,11,6,5
2016-12-24-11-45-00,11,6,5
2016-12-24-12-00-00,8,5,3
2016-12-24-12-15-00,10,6,4
2016-12-24-12-30-00,5,4,1
2016-12-24-12-45-00,16,11,5
2016-12-24-13-00-00,24,9,15
2016-12-24-13-15-00,18,11,7
2016-12-24-13-30-00,13,6,7
2016-12-24-13-45-00,7,3,4
2016-12-24-14-00-00,11,3,8
2016-12-24-14-15-00,14,8,6
2016-12-24-14-30-00,14,10,4
2016-12-24-14-45-00,8,8,0
2016-12-24-15-00-00,9,8,1
2016-12-24-15-15-00,10,8,2
2016-12-24-15-30-00,12,4,8
2016-12-24-15-45-00,8,2,6
2016-12-24-16-00-00,3,3,0
2016-12-24-16-15-00,11,9,2
2016-12-24-16-30-00,1,1,0
2016-12-24-16-45-00,3,1,2
2016-12-24-17-00-00,1,1,0
2016-12-24-17-15-00,1,0,1
2016-12-24-17-30-00,3,3,0
2016-12-24-17-45-00,0,0,0
2016-12-24-18-00-00,0,0,0
2016-12-24-18-15-00,1,1,0
2016-12-24-18-30-00,1,1,0
2016-12-24-18-45-00,0,0,0
2016-12-24-19-00-00,0,0,0
2016-12-24-19-15-00,3,1,2
2016-12-24-19-30-00,0,0,0
2016-12-24-19-45-00,1,0,1
2016-12-24-20-00-00,0,0,0
2016-12-24-20-15-00,0,0,0
2016-12-24-20-30-00,0,0,0
2016-12-24-20-45-00,2,1,1
2016-12-24-21-00-00,0,0,0
2016-12-24-21-15-00,0,0,0
2016-12-24-21-30-00,2,1,1
2016-12-24-21-45-00,0,0,0
2016-12-24-22-00-00,0,0,0
2016-12-24-22-15-00,1,1,0
2016-12-24-22-30-00,0,0,0
2016-12-24-22-45-00,1,1,0
2016-12-24-23-00-00,0,0,0
2016-12-24-23-15-00,1,1,0
2016-12-24-23-30-00,0,0,0
2016-12-24-23-45-00,3,0,3
2016-12-25-00-00-00,0,0,0
2016-12-25-00-15-00,0,0,0
2016-12-25-00-30-00,1,0,1
2016-12-25-00-45-00,2,0,2
2016-12-25-01-00-00,0,0,0
2016-12-25-01-15-00,0,0,0
2016-12-25-01-30-00,0,0,0
2016-12-25-01-45-00,0,0,0
2016-12-25-02-00-00,0,0,0
2016-12-25-02-15-00,0,0,0
2016-12-25-02-30-00,0,0,0
2016-12-25-02-45-00,0,0,0
2016-12-25-03-00-00,0,0,0
2016-12-25-03-15-00,1,1,0
2016-12-25-03-30-00,0,0,0
2016-12-25-03-45-00,0,0,0
2016-12-25-04-00-00,0,0,0
2016-12-25-04-15-00,0,0,0
2016-12-25-04-30-00,0,0,0
2016-12-25-04-45-00,0,0,0
2016-12-25-05-00-00,0,0,0
2016-12-25-05-15-00,0,0,0
2016-12-25-05-30-00,0,0,0
2016-12-25-05-45-00,0,0,0
2016-12-25-06-00-00,0,0,0
2016-12-25-06-15-00,0,0,0
2016-12-25-06-30-00,0,0,0
2016-12-25-06-45-00,0,0,0
2016-12-25-07-00-00,0,0,0
2016-12-25-07-15-00,2,2,0
2016-12-25-07-30-00,0,0,0
2016-12-25-07-45-00,0,0,0
2016-12-25-08-00-00,3,1,2
2016-12-25-08-15-00,0,0,0
2016-12-25-08-30-00,2,1,1
2016-12-25-08-45-00,1,1,0
2016-12-25-09-00-00,3,2,1
2016-12-25-09-15-00,3,2,1
2016-12-25-09-30-00,5,2,3
2016-12-25-09-45-00,5,1,4
2016-12-25-10-00-00,5,5,0
2016-12-25-10-15-00,7,4,3
2016-12-25-10-30-00,11,7,4
2016-12-25-10-45-00,6,4,2
2016-12-25-11-00-00,8,5,3
2016-12-25-11-15-00,13,4,9
2016-12-25-11-30-00,17,3,14
2016-12-25-11-45-00,12,5,7
2016-12-25-12-00-00,13,3,10
2016-12-25-12-15-00,16,8,8
2016-12-25-12-30-00,5,3,2
2016-12-25-12-45-00,12,8,4
2016-12-25-13-00-00,11,8,3
2016-12-25-13-15-00,11,4,7
2016-12-25-13-30-00,11,8,3
2016-12-25-13-45-00,6,3,3
2016-12-25-14-00-00,10,5,5
2016-12-25-14-15-00,11,7,4
2016-12-25-14-30-00,14,9,5
2016-12-25-14-45-00,10,5,5
2016-12-25-15-00-00,14,10,4
2016-12-25-15-15-00,15,7,8
2016-12-25-15-30-00,15,6,9
2016-12-25-15-45-00,11,3,8
2016-12-25-16-00-00,19,11,8
2016-12-25-16-15-00,7,2,5
2016-12-25-16-30-00,8,8,0
2016-12-25-16-45-00,9,7,2
2016-12-25-17-00-00,4,3,1
2016-12-25-17-15-00,6,5,1
2016-12-25-17-30-00,5,5,0
2016-12-25-17-45-00,3,1,2
2016-12-25-18-00-00,3,2,1
2016-12-25-18-15-00,0,0,0
2016-12-25-18-30-00,2,2,0
2016-12-25-18-45-00,2,2,0
2016-12-25-19-00-00,3,3,0
2016-12-25-19-15-00,0,0,0
2016-12-25-19-30-00,4,0,4
2016-12-25-19-45-00,6,2,4
2016-12-25-20-00-00,1,0,1
2016-12-25-20-15-00,2,2,0
2016-12-25-20-30-00,1,1,0
2016-12-25-20-45-00,0,0,0
2016-12-25-21-00-00,0,0,0
2016-12-25-21-15-00,1,0,1
2016-12-25-21-30-00,0,0,0
2016-12-25-21-45-00,5,1,4
2016-12-25-22-00-00,0,0,0
2016-12-25-22-15-00,0,0,0
2016-12-25-22-30-00,2,0,2
2016-12-25-22-45-00,0,0,0
2016-12-25-23-00-00,0,0,0
2016-12-25-23-15-00,1,0,1
2016-12-25-23-30-00,0,0,0
2016-12-25-23-45-00,1,0,1
2016-12-26-00-00-00,0,0,0
2016-12-26-00-15-00,0,0,0
2016-12-26-00-30-00,1,0,1
2016-12-26-00-45-00,0,0,0
2016-12-26-01-00-00,0,0,0
2016-12-26-01-15-00,0,0,0
2016-12-26-01-30-00,0,0,0
2016-12-26-01-45-00,1,1,0
2016-12-26-02-00-00,0,0,0
2016-12-26-02-15-00,0,0,0
2016-12-26-02-30-00,0,0,0
2016-12-26-02-45-00,0,0,0
2016-12-26-03-00-00,1,1,0
2016-12-26-03-15-00,0,0,0
2016-12-26-03-30-00,0,0,0
2016-12-26-03-45-00,0,0,0
2016-12-26-04-00-00,0,0,0
2016-12-26-04-15-00,0,0,0
2016-12-26-04-30-00,0,0,0
2016-12-26-04-45-00,0,0,0
2016-12-26-05-00-00,0,0,0
2016-12-26-05-15-00,0,0,0
2016-12-26-05-30-00,1,1,0
2016-12-26-05-45-00,0,0,0
2016-12-26-06-00-00,0,0,0
2016-12-26-06-15-00,1,1,0
2016-12-26-06-30-00,0,0,0
2016-12-26-06-45-00,1,0,1
2016-12-26-07-00-00,2,1,1
2016-12-26-07-15-00,0,0,0
2016-12-26-07-30-00,0,0,0
2016-12-26-07-45-00,0,0,0
2016-12-26-08-00-00,1,0,1
2016-12-26-08-15-00,1,0,1
2016-12-26-08-30-00,3,2,1
2016-12-26-08-45-00,5,2,3
2016-12-26-09-00-00,5,3,2
2016-12-26-09-15-00,6,3,3
2016-12-26-09-30-00,4,2,2
2016-12-26-09-45-00,15,11,4
2016-12-26-10-00-00,14,5,9
2016-12-26-10-15-00,10,3,7
2016-12-26-10-30-00,15,6,9
2016-12-26-10-45-00,19,9,10
2016-12-26-11-00-00,10,5,5
2016-12-26-11-15-00,2,1,1
2016-12-26-11-30-00,6,5,1
2016-12-26-11-45-00,1,0,1
2016-12-26-12-00-00,3,3,0
2016-12-26-12-15-00,2,2,0
2016-12-26-12-30-00,1,0,1
2016-12-26-12-45-00,9,5,4
2016-12-26-13-00-00,6,4,2
2016-12-26-13-15-00,7,5,2
2016-12-26-13-30-00,3,3,0
2016-12-26-13-45-00,5,3,2
2016-12-26-14-00-00,12,3,9
2016-12-26-14-15-00,14,3,11
2016-12-26-14-30-00,16,10,6
2016-12-26-14-45-00,19,7,12
2016-12-26-15-00-00,30,9,21
2016-12-26-15-15-00,23,11,12
2016-12-26-15-30-00,23,12,11
2016-12-26-15-45-00,12,5,7
2016-12-26-16-00-00,14,7,7
2016-12-26-16-15-00,26,15,11
2016-12-26-16-30-00,16,8,8
2016-12-26-16-45-00,12,5,7
2016-12-26-17-00-00,7,7,0
2016-12-26-17-15-00,1,0,1
2016-12-26-17-30-00,2,1,1
2016-12-26-17-45-00,2,1,1
2016-12-26-18-00-00,4,2,2
2016-12-26-18-15-00,1,0,1
2016-12-26-18-30-00,0,0,0
2016-12-26-18-45-00,2,1,1
2016-12-26-19-00-00,2,1,1
2016-12-26-19-15-00,4,3,1
2016-12-26-19-30-00,3,0,3
2016-12-26-19-45-00,3,1,2
2016-12-26-20-00-00,3,2,1
2016-12-26-20-15-00,1,1,0
2016-12-26-20-30-00,1,1,0
2016-12-26-20-45-00,0,0,0
2016-12-26-21-00-00,0,0,0
2016-12-26-21-15-00,0,0,0
2016-12-26-21-30-00,1,1,0
2016-12-26-21-45-00,0,0,0
2016-12-26-22-00-00,0,0,0
2016-12-26-22-15-00,0,0,0
2016-12-26-22-30-00,0,0,0
2016-12-26-22-45-00,0,0,0
2016-12-26-23-00-00,2,1,1
2016-12-26-23-15-00,2,1,1
2016-12-26-23-30-00,0,0,0
2016-12-26-23-45-00,0,0,0
2016-12-27-00-00-00,0,0,0
2016-12-27-00-15-00,0,0,0
2016-12-27-00-30-00,0,0,0
2016-12-27-00-45-00,0,0,0
2016-12-27-01-00-00,0,0,0
2016-12-27-01-15-00,0,0,0
2016-12-27-01-30-00,0,0,0
2016-12-27-01-45-00,0,0,0
2016-12-27-02-00-00,0,0,0
2016-12-27-02-15-00,0,0,0
2016-12-27-02-30-00,0,0,0
2016-12-27-02-45-00,1,1,0
2016-12-27-03-00-00,0,0,0
2016-12-27-03-15-00,0,0,0
2016-12-27-03-30-00,0,0,0
2016-12-27-03-45-00,0,0,0
2016-12-27-04-00-00,0,0,0
2016-12-27-04-15-00,0,0,0
2016-12-27-04-30-00,0,0,0
2016-12-27-04-45-00,0,0,0
2016-12-27-05-00-00,0,0,0
2016-12-27-05-15-00,0,0,0
2016-12-27-05-30-00,1,1,0
2016-12-27-05-45-00,0,0,0
2016-12-27-06-00-00,1,0,1
2016-12-27-06-15-00,0,0,0
2016-12-27-06-30-00,4,1,3
2016-12-27-06-45-00,3,2,1
2016-12-27-07-00-00,8,4,4
2016-12-27-07-15-00,11,5,6
2016-12-27-07-30-00,0,0,0
2016-12-27-07-45-00,10,4,6
2016-12-27-08-00-00,5,1,4
2016-12-27-08-15-00,5,4,1
2016-12-27-08-30-00,10,5,5
2016-12-27-08-45-00,10,4,6
2016-12-27-09-00-00,5,2,3
2016-12-27-09-15-00,11,6,5
2016-12-27-09-30-00,6,3,3
2016-12-27-09-45-00,7,0,7
2016-12-27-10-00-00,12,6,6
2016-12-27-10-15-00,14,10,4
2016-12-27-10-30-00,15,8,7
2016-12-27-10-45-00,12,7,5
2016-12-27-11-00-00,10,6,4
2016-12-27-11-15-00,14,9,5
2016-12-27-11-30-00,29,9,20
2016-12-27-11-45-00,11,6,5
2016-12-27-12-00-00,17,8,9
2016-12-27-12-15-00,19,7,12
2016-12-27-12-30-00,22,8,14
2016-12-27-12-45-00,27,14,13
2016-12-27-13-00-00,27,8,19
2016-12-27-13-15-00,21,8,13
2016-12-27-13-30-00,24,7,17
2016-12-27-13-45-00,28,6,22
2016-12-27-14-00-00,20,11,9
2016-12-27-14-15-00,28,11,17
2016-12-27-14-30-00,20,15,5
2016-12-27-14-45-00,37,17,20
2016-12-27-15-00-00,31,14,17
2016-12-27-15-15-00,30,12,18
2016-12-27-15-30-00,31,13,18
2016-12-27-15-45-00,38,23,15
2016-12-27-16-00-00,37,24,13
2016-12-27-16-15-00,45,27,18
2016-12-27-16-30-00,30,16,14
2016-12-27-16-45-00,22,15,7
2016-12-27-17-00-00,17,8,9
2016-12-27-17-15-00,11,7,4
2016-12-27-17-30-00,13,6,7
2016-12-27-17-45-00,9,7,2
2016-12-27-18-00-00,5,2,3
2016-12-27-18-15-00,9,4,5
2016-12-27-18-30-00,8,4,4
2016-12-27-18-45-00,4,3,1
2016-12-27-19-00-00,4,3,1
2016-12-27-19-15-00,6,3,3
2016-12-27-19-30-00,1,0,1
2016-12-27-19-45-00,6,2,4
2016-12-27-20-00-00,1,1,0
2016-12-27-20-15-00,1,1,0
2016-12-27-20-30-00,1,0,1
2016-12-27-20-45-00,2,1,1
2016-12-27-21-00-00,2,0,2
2016-12-27-21-15-00,3,1,2
2016-12-27-21-30-00,1,0,1
2016-12-27-21-45-00,0,0,0
2016-12-27-22-00-00,2,2,0
2016-12-27-22-15-00,1,0,1
2016-12-27-22-30-00,0,0,0
2016-12-27-22-45-00,0,0,0
2016-12-27-23-00-00,1,0,1
2016-12-27-23-15-00,0,0,0
2016-12-27-23-30-00,0,0,0
2016-12-27-23-45-00,2,0,2
2016-12-28-00-00-00,2,2,0
2016-12-28-00-15-00,0,0,0
2016-12-28-00-30-00,0,0,0
2016-12-28-00-45-00,1,0,1
2016-12-28-01-00-00,0,0,0
2016-12-28-01-15-00,2,1,1
2016-12-28-01-30-00,1,0,1
2016-12-28-01-45-00,0,0,0
2016-12-28-02-00-00,1,0,1
2016-12-28-02-15-00,0,0,0
2016-12-28-02-30-00,0,0,0
2016-12-28-02-45-00,0,0,0
2016-12-28-03-00-00,0,0,0
2016-12-28-03-15-00,0,0,0
2016-12-28-03-30-00,0,0,0
2016-12-28-03-45-00,0,0,0
2016-12-28-04-00-00,0,0,0
2016-12-28-04-15-00,0,0,0
2016-12-28-04-30-00,0,0,0
2016-12-28-04-45-00,0,0,0
2016-12-28-05-00-00,0,0,0
2016-12-28-05-15-00,1,0,1
2016-12-28-05-30-00,1,1,0
2016-12-28-05-45-00,0,0,0
2016-12-28-06-00-00,1,0,1
2016-12-28-06-15-00,2,2,0
2016-12-28-06-30-00,4,0,4
2016-12-28-06-45-00,5,2,3
2016-12-28-07-00-00,4,2,2
2016-12-28-07-15-00,11,5,6
2016-12-28-07-30-00,8,3,5
2016-12-28-07-45-00,6,2,4
2016-12-28-08-00-00,4,2,2
2016-12-28-08-15-00,16,2,14
2016-12-28-08-30-00,7,3,4
2016-12-28-08-45-00,7,1,6
2016-12-28-09-00-00,3,1,2
2016-12-28-09-15-00,14,3,11
2016-12-28-09-30-00,3,2,1
2016-12-28-09-45-00,10,3,7
2016-12-28-10-00-00,6,4,2
2016-12-28-10-15-00,7,6,1
2016-12-28-10-30-00,12,2,10
2016-12-28-10-45-00,8,4,4
2016-12-28-11-00-00,18,9,9
2016-12-28-11-15-00,13,6,7
2016-12-28-11-30-00,11,8,3
2016-12-28-11-45-00,9,6,3
2016-12-28-12-00-00,14,7,7
2016-12-28-12-15-00,8,3,5
2016-12-28-12-30-00,19,8,11
2016-12-28-12-45-00,11,4,7
2016-12-28-13-00-00,12,8,4
2016-12-28-13-15-00,29,10,19
2016-12-28-13-30-00,12,7,5
2016-12-28-13-45-00,18,10,8
2016-12-28-14-00-00,27,12,15
2016-12-28-14-15-00,17,4,13
2016-12-28-14-30-00,9,4,5
2016-12-28-14-45-00,34,15,19
2016-12-28-15-00-00,22,16,6
2016-12-28-15-15-00,20,9,11
2016-12-28-15-30-00,20,8,12
2016-12-28-15-45-00,22,11,11
2016-12-28-16-00-00,14,9,5
2016-12-28-16-15-00,24,10,14
2016-12-28-16-30-00,19,13,6
2016-12-28-16-45-00,19,11,8
2016-12-28-17-00-00,12,9,3
2016-12-28-17-15-00,13,9,4
2016-12-28-17-30-00,11,4,7
2016-12-28-17-45-00,7,5,2
2016-12-28-18-00-00,4,3,1
2016-12-28-18-15-00,8,7,1
2016-12-28-18-30-00,3,2,1
2016-12-28-18-45-00,1,1,0
2016-12-28-19-00-00,3,2,1
2016-12-28-19-15-00,1,0,1
2016-12-28-19-30-00,5,5,0
2016-12-28-19-45-00,2,2,0
2016-12-28-20-00-00,1,0,1
2016-12-28-20-15-00,3,0,3
2016-12-28-20-30-00,1,1,0
2016-12-28-20-45-00,0,0,0
2016-12-28-21-00-00,1,1,0
2016-12-28-21-15-00,0,0,0
2016-12-28-21-30-00,0,0,0
2016-12-28-21-45-00,1,0,1
2016-12-28-22-00-00,0,0,0
2016-12-28-22-15-00,1,0,1
2016-12-28-22-30-00,1,0,1
2016-12-28-22-45-00,0,0,0
2016-12-28-23-00-00,0,0,0
2016-12-28-23-15-00,1,1,0
2016-12-28-23-30-00,0,0,0
2016-12-28-23-45-00,0,0,0
2016-12-29-00-00-00,0,0,0
2016-12-29-00-15-00,0,0,0
2016-12-29-00-30-00,0,0,0
2016-12-29-00-45-00,0,0,0
2016-12-29-01-00-00,1,0,1
2016-12-29-01-15-00,1,0,1
2016-12-29-01-30-00,1,1,0
2016-12-29-01-45-00,0,0,0
2016-12-29-02-00-00,0,0,0
2016-12-29-02-15-00,0,0,0
2016-12-29-02-30-00,0,0,0
2016-12-29-02-45-00,0,0,0
2016-12-29-03-00-00,0,0,0
2016-12-29-03-15-00,0,0,0
2016-12-29-03-30-00,0,0,0
2016-12-29-03-45-00,0,0,0
2016-12-29-04-00-00,0,0,0
2016-12-29-04-15-00,0,0,0
2016-12-29-04-30-00,0,0,0
2016-12-29-04-45-00,0,0,0
2016-12-29-05-00-00,0,0,0
2016-12-29-05-15-00,0,0,0
2016-12-29-05-30-00,1,1,0
2016-12-29-05-45-00,1,0,1
2016-12-29-06-00-00,2,0,2
2016-12-29-06-15-00,2,1,1
2016-12-29-06-30-00,3,0,3
2016-12-29-06-45-00,6,3,3
2016-12-29-07-00-00,2,2,0
2016-12-29-07-15-00,12,5,7
2016-12-29-07-30-00,4,2,2
2016-12-29-07-45-00,2,0,2
2016-12-29-08-00-00,9,2,7
2016-12-29-08-15-00,5,1,4
2016-12-29-08-30-00,12,6,6
2016-12-29-08-45-00,5,2,3
2016-12-29-09-00-00,8,1,7
2016-12-29-09-15-00,8,2,6
2016-12-29-09-30-00,5,2,3
2016-12-29-09-45-00,5,2,3
2016-12-29-10-00-00,3,2,1
2016-12-29-10-15-00,6,2,4
2016-12-29-10-30-00,4,4,0
2016-12-29-10-45-00,11,5,6
2016-12-29-11-00-00,11,5,6
2016-12-29-11-15-00,15,9,6
2016-12-29-11-30-00,13,7,6
2016-12-29-11-45-00,16,7,9
2016-12-29-12-00-00,8,5,3
2016-12-29-12-15-00,8,5,3
2016-12-29-12-30-00,27,11,16
2016-12-29-12-45-00,18,9,9
2016-12-29-13-00-00,25,13,12
2016-12-29-13-15-00,30,14,16
2016-12-29-13-30-00,27,12,15
2016-12-29-13-45-00,28,16,12
2016-12-29-14-00-00,37,22,15
2016-12-29-14-15-00,38,16,22
2016-12-29-14-30-00,31,14,17
2016-12-29-14-45-00,28,16,12
2016-12-29-15-00-00,30,19,11
2016-12-29-15-15-00,36,16,20
2016-12-29-15-30-00,34,24,10
2016-12-29-15-45-00,45,26,19
2016-12-29-16-00-00,39,21,18
2016-12-29-16-15-00,28,13,15
2016-12-29-16-30-00,31,10,21
2016-12-29-16-45-00,26,18,8
2016-12-29-17-00-00,13,5,8
2016-12-29-17-15-00,15,7,8
2016-12-29-17-30-00,8,5,3
2016-12-29-17-45-00,8,2,6
2016-12-29-18-00-00,11,3,8
2016-12-29-18-15-00,4,1,3
2016-12-29-18-30-00,7,3,4
2016-12-29-18-45-00,5,4,1
2016-12-29-19-00-00,2,2,0
2016-12-29-19-15-00,6,5,1
2016-12-29-19-30-00,0,0,0
2016-12-29-19-45-00,0,0,0
2016-12-29-20-00-00,3,2,1
2016-12-29-20-15-00,1,1,0
2016-12-29-20-30-00,3,3,0
2016-12-29-20-45-00,2,0,2
2016-12-29-21-00-00,2,1,1
2016-12-29-21-15-00,3,1,2
2016-12-29-21-30-00,0,0,0
2016-12-29-21-45-00,2,0,2
2016-12-29-22-00-00,0,0,0
2016-12-29-22-15-00,0,0,0
2016-12-29-22-30-00,0,0,0
2016-12-29-22-45-00,2,0,2
2016-12-29-23-00-00,0,0,0
2016-12-29-23-15-00,4,2,2
2016-12-29-23-30-00,1,0,1
2016-12-29-23-45-00,1,1,0
2016-12-30-00-00-00,1,1,0
2016-12-30-00-15-00,0,0,0
2016-12-30-00-30-00,0,0,0
2016-12-30-00-45-00,0,0,0
2016-12-30-01-00-00,0,0,0
2016-12-30-01-15-00,0,0,0
2016-12-30-01-30-00,0,0,0
2016-12-30-01-45-00,0,0,0
2016-12-30-02-00-00,0,0,0
2016-12-30-02-15-00,0,0,0
2016-12-30-02-30-00,0,0,0
2016-12-30-02-45-00,0,0,0
2016-12-30-03-00-00,0,0,0
2016-12-30-03-15-00,0,0,0
2016-12-30-03-30-00,0,0,0
2016-12-30-03-45-00,0,0,0
2016-12-30-04-00-00,0,0,0
2016-12-30-04-15-00,0,0,0
2016-12-30-04-30-00,0,0,0
2016-12-30-04-45-00,0,0,0
2016-12-30-05-00-00,0,0,0
2016-12-30-05-15-00,0,0,0
2016-12-30-05-30-00,1,0,1
2016-12-30-05-45-00,1,0,1
2016-12-30-06-00-00,0,0,0
2016-12-30-06-15-00,0,0,0
2016-12-30-06-30-00,3,1,2
2016-12-30-06-45-00,4,2,2
2016-12-30-07-00-00,1,0,1
2016-12-30-07-15-00,5,1,4
2016-12-30-07-30-00,6,2,4
2016-12-30-07-45-00,5,1,4
2016-12-30-08-00-00,5,1,4
2016-12-30-08-15-00,6,3,3
2016-12-30-08-30-00,9,2,7
2016-12-30-08-45-00,8,2,6
2016-12-30-09-00-00,7,2,5
2016-12-30-09-15-00,3,1,2
2016-12-30-09-30-00,5,2,3
2016-12-30-09-45-00,5,1,4
2016-12-30-10-00-00,4,3,1
2016-12-30-10-15-00,5,4,1
2016-12-30-10-30-00,8,4,4
2016-12-30-10-45-00,5,4,1
2016-12-30-11-00-00,5,4,1
2016-12-30-11-15-00,12,3,9
2016-12-30-11-30-00,12,8,4
2016-12-30-11-45-00,14,6,8
2016-12-30-12-00-00,11,8,3
2016-12-30-12-15-00,25,12,13
2016-12-30-12-30-00,14,3,11
2016-12-30-12-45-00,20,8,12
2016-12-30-13-00-00,19,9,10
2016-12-30-13-15-00,24,15,9
2016-12-30-13-30-00,14,5,9
2016-12-30-13-45-00,30,16,14
2016-12-30-14-00-00,27,17,10
2016-12-30-14-15-00,23,10,13
2016-12-30-14-30-00,27,10,17
2016-12-30-14-45-00,49,31,18
2016-12-30-15-00-00,39,24,15
2016-12-30-15-15-00,36,18,18
2016-12-30-15-30-00,39,16,23
2016-12-30-15-45-00,28,15,13
2016-12-30-16-00-00,29,25,4
2016-12-30-16-15-00,17,9,8
2016-12-30-16-30-00,20,12,8
2016-12-30-16-45-00,23,15,8
2016-12-30-17-00-00,7,4,3
2016-12-30-17-15-00,6,5,1
2016-12-30-17-30-00,9,9,0
2016-12-30-17-45-00,6,5,1
2016-12-30-18-00-00,6,1,5
2016-12-30-18-15-00,7,7,0
2016-12-30-18-30-00,1,1,0
2016-12-30-18-45-00,1,1,0
2016-12-30-19-00-00,1,1,0
2016-12-30-19-15-00,1,0,1
2016-12-30-19-30-00,1,1,0
2016-12-30-19-45-00,0,0,0
2016-12-30-20-00-00,2,2,0
2016-12-30-20-15-00,0,0,0
2016-12-30-20-30-00,1,1,0
2016-12-30-20-45-00,3,2,1
2016-12-30-21-00-00,0,0,0
2016-12-30-21-15-00,2,2,0
2016-12-30-21-30-00,0,0,0
2016-12-30-21-45-00,2,2,0
2016-12-30-22-00-00,1,0,1
2016-12-30-22-15-00,1,0,1
2016-12-30-22-30-00,1,0,1
2016-12-30-22-45-00,0,0,0
2016-12-30-23-00-00,0,0,0
2016-12-30-23-15-00,0,0,0
2016-12-30-23-30-00,0,0,0
2016-12-30-23-45-00,0,0,0
2016-12-31-00-00-00,1,1,0
2016-12-31-00-15-00,0,0,0
2016-12-31-00-30-00,0,0,0
2016-12-31-00-45-00,0,0,0
2016-12-31-01-00-00,0,0,0
2016-12-31-01-15-00,0,0,0
2016-12-31-01-30-00,0,0,0
2016-12-31-01-45-00,1,0,1
2016-12-31-02-00-00,0,0,0
2016-12-31-02-15-00,0,0,0
2016-12-31-02-30-00,0,0,0
2016-12-31-02-45-00,0,0,0
2016-12-31-03-00-00,0,0,0
2016-12-31-03-15-00,0,0,0
2016-12-31-03-30-00,0,0,0
2016-12-31-03-45-00,0,0,0
2016-12-31-04-00-00,0,0,0
2016-12-31-04-15-00,0,0,0
2016-12-31-04-30-00,0,0,0
2016-12-31-04-45-00,0,0,0
2016-12-31-05-00-00,0,0,0
2016-12-31-05-15-00,0,0,0
2016-12-31-05-30-00,0,0,0
2016-12-31-05-45-00,0,0,0
2016-12-31-06-00-00,0,0,0
2016-12-31-06-15-00,0,0,0
2016-12-31-06-30-00,0,0,0
2016-12-31-06-45-00,0,0,0
2016-12-31-07-00-00,0,0,0
2016-12-31-07-15-00,2,2,0
2016-12-31-07-30-00,0,0,0
2016-12-31-07-45-00,0,0,0
2016-12-31-08-00-00,1,0,1
2016-12-31-08-15-00,1,1,0
2016-12-31-08-30-00,2,2,0
2016-12-31-08-45-00,0,0,0
2016-12-31-09-00-00,5,1,4
2016-12-31-09-15-00,7,6,1
2016-12-31-09-30-00,4,3,1
2016-12-31-09-45-00,2,2,0
2016-12-31-10-00-00,7,3,4
2016-12-31-10-15-00,8,5,3
2016-12-31-10-30-00,6,2,4
2016-12-31-10-45-00,4,2,2
2016-12-31-11-00-00,5,2,3
2016-12-31-11-15-00,7,2,5
2016-12-31-11-30-00,17,8,9
2016-12-31-11-45-00,20,9,11
2016-12-31-12-00-00,12,5,7
2016-12-31-12-15-00,16,4,12
2016-12-31-12-30-00,10,4,6
2016-12-31-12-45-00,11,5,6
2016-12-31-13-00-00,17,7,10
2016-12-31-13-15-00,16,8,8
2016-12-31-13-30-00,17,4,13
2016-12-31-13-45-00,25,8,17
2016-12-31-14-00-00,27,15,12
2016-12-31-14-15-00,29,12,17
2016-12-31-14-30-00,25,15,10
2016-12-31-14-45-00,22,14,8
2016-12-31-15-00-00,27,17,10
2016-12-31-15-15-00,38,16,22
2016-12-31-15-30-00,28,18,10
2016-12-31-15-45-00,15,9,6
2016-12-31-16-00-00,18,12,6
2016-12-31-16-15-00,9,4,5
2016-12-31-16-30-00,5,4,1
2016-12-31-16-45-00,9,4,5
2016-12-31-17-00-00,5,3,2
2016-12-31-17-15-00,4,1,3
2016-12-31-17-30-00,9,5,4
2016-12-31-17-45-00,0,0,0
2016-12-31-18-00-00,0,0,0
2016-12-31-18-15-00,2,2,0
2016-12-31-18-30-00,3,3,0
2016-12-31-18-45-00,2,0,2
2016-12-31-19-00-00,1,0,1
2016-12-31-19-15-00,2,0,2
2016-12-31-19-30-00,1,0,1
2016-12-31-19-45-00,1,1,0
2016-12-31-20-00-00,1,1,0
2016-12-31-20-15-00,0,0,0
2016-12-31-20-30-00,0,0,0
2016-12-31-20-45-00,0,0,0
2016-12-31-21-00-00,1,0,1
2016-12-31-21-15-00,0,0,0
2016-12-31-21-30-00,0,0,0
2016-12-31-21-45-00,0,0,0
2016-12-31-22-00-00,0,0,0
2016-12-31-22-15-00,0,0,0
2016-12-31-22-30-00,1,1,0
2016-12-31-22-45-00,1,1,0
2016-12-31-23-00-00,0,0,0
2016-12-31-23-15-00,0,0,0
2016-12-31-23-30-00,3,3,0
2016-12-31-23-45-00,2,1,1
2017-01-01-00-00-00,0,0,0
2017-01-01-00-15-00,0,0,0
2017-01-01-00-30-00,0,0,0
2017-01-01-00-45-00,0,0,0
2017-01-01-01-00-00,0,0,0
2017-01-01-01-15-00,0,0,0
2017-01-01-01-30-00,2,0,2
2017-01-01-01-45-00,0,0,0
2017-01-01-02-00-00,3,3,0
2017-01-01-02-15-00,1,0,1
2017-01-01-02-30-00,1,1,0
2017-01-01-02-45-00,0,0,0
2017-01-01-03-00-00,0,0,0
2017-01-01-03-15-00,1,1,0
2017-01-01-03-30-00,1,1,0
2017-01-01-03-45-00,0,0,0
2017-01-01-04-00-00,1,1,0
2017-01-01-04-15-00,2,1,1
2017-01-01-04-30-00,0,0,0
2017-01-01-04-45-00,0,0,0
2017-01-01-05-00-00,0,0,0
2017-01-01-05-15-00,0,0,0
2017-01-01-05-30-00,1,0,1
2017-01-01-05-45-00,0,0,0
2017-01-01-06-00-00,0,0,0
2017-01-01-06-15-00,0,0,0
2017-01-01-06-30-00,0,0,0
2017-01-01-06-45-00,0,0,0
2017-01-01-07-00-00,0,0,0
2017-01-01-07-15-00,1,1,0
2017-01-01-07-30-00,0,0,0
2017-01-01-07-45-00,1,0,1
2017-01-01-08-00-00,1,0,1
2017-01-01-08-15-00,0,0,0
2017-01-01-08-30-00,2,1,1
2017-01-01-08-45-00,0,0,0
2017-01-01-09-00-00,1,0,1
2017-01-01-09-15-00,2,1,1
2017-01-01-09-30-00,0,0,0
2017-01-01-09-45-00,4,1,3
2017-01-01-10-00-00,0,0,0
2017-01-01-10-15-00,0,0,0
2017-01-01-10-30-00,4,2,2
2017-01-01-10-45-00,3,0,3
2017-01-01-11-00-00,4,2,2
2017-01-01-11-15-00,5,4,1
2017-01-01-11-30-00,3,2,1
2017-01-01-11-45-00,10,0,10
2017-01-01-12-00-00,5,3,2
2017-01-01-12-15-00,7,3,4
2017-01-01-12-30-00,6,1,5
2017-01-01-12-45-00,13,7,6
2017-01-01-13-00-00,10,5,5
2017-01-01-13-15-00,14,7,7
2017-01-01-13-30-00,11,8,3
2017-01-01-13-45-00,11,6,5
2017-01-01-14-00-00,17,11,6
2017-01-01-14-15-00,16,3,13
2017-01-01-14-30-00,21,6,15
2017-01-01-14-45-00,20,15,5
2017-01-01-15-00-00,23,11,12
2017-01-01-15-15-00,37,18,19
2017-01-01-15-30-00,5,2,3
2017-01-01-15-45-00,20,12,8
2017-01-01-16-00-00,15,11,4
2017-01-01-16-15-00,14,11,3
2017-01-01-16-30-00,12,7,5
2017-01-01-16-45-00,8,6,2
2017-01-01-17-00-00,11,10,1
2017-01-01-17-15-00,3,1,2
2017-01-01-17-30-00,3,2,1
2017-01-01-17-45-00,3,3,0
2017-01-01-18-00-00,3,3,0
2017-01-01-18-15-00,2,0,2
2017-01-01-18-30-00,1,1,0
2017-01-01-18-45-00,0,0,0
2017-01-01-19-00-00,0,0,0
2017-01-01-19-15-00,2,1,1
2017-01-01-19-30-00,0,0,0
2017-01-01-19-45-00,0,0,0
2017-01-01-20-00-00,0,0,0
2017-01-01-20-15-00,1,1,0
2017-01-01-20-30-00,1,0,1
2017-01-01-20-45-00,0,0,0
2017-01-01-21-00-00,0,0,0
2017-01-01-21-15-00,0,0,0
2017-01-01-21-30-00,0,0,0
2017-01-01-21-45-00,0,0,0
2017-01-01-22-00-00,0,0,0
2017-01-01-22-15-00,0,0,0
2017-01-01-22-30-00,0,0,0
2017-01-01-22-45-00,0,0,0
2017-01-01-23-00-00,0,0,0
2017-01-01-23-15-00,1,0,1
2017-01-01-23-30-00,0,0,0
2017-01-01-23-45-00,0,0,0
2017-01-02-00-00-00,0,0,0
2017-01-02-00-15-00,0,0,0
2017-01-02-00-30-00,0,0,0
2017-01-02-00-45-00,0,0,0
2017-01-02-01-00-00,3,2,1
2017-01-02-01-15-00,0,0,0
2017-01-02-01-30-00,0,0,0
2017-01-02-01-45-00,0,0,0
2017-01-02-02-00-00,0,0,0
2017-01-02-02-15-00,0,0,0
2017-01-02-02-30-00,0,0,0
2017-01-02-02-45-00,0,0,0
2017-01-02-03-00-00,0,0,0
2017-01-02-03-15-00,0,0,0
2017-01-02-03-30-00,0,0,0
2017-01-02-03-45-00,0,0,0
2017-01-02-04-00-00,0,0,0
2017-01-02-04-15-00,0,0,0
2017-01-02-04-30-00,0,0,0
2017-01-02-04-45-00,0,0,0
2017-01-02-05-00-00,0,0,0
2017-01-02-05-15-00,2,1,1
2017-01-02-05-30-00,0,0,0
2017-01-02-05-45-00,0,0,0
2017-01-02-06-00-00,4,1,3
2017-01-02-06-15-00,2,0,2
2017-01-02-06-30-00,2,0,2
2017-01-02-06-45-00,1,1,0
2017-01-02-07-00-00,10,5,5
2017-01-02-07-15-00,5,2,3
2017-01-02-07-30-00,7,2,5
2017-01-02-07-45-00,13,1,12
2017-01-02-08-00-00,7,2,5
2017-01-02-08-15-00,4,1,3
2017-01-02-08-30-00,10,2,8
2017-01-02-08-45-00,6,2,4
2017-01-02-09-00-00,7,2,5
2017-01-02-09-15-00,5,1,4
2017-01-02-09-30-00,5,1,4
2017-01-02-09-45-00,6,2,4
2017-01-02-10-00-00,4,2,2
2017-01-02-10-15-00,0,0,0
2017-01-02-10-30-00,1,0,1
2017-01-02-10-45-00,1,0,1
2017-01-02-11-00-00,2,1,1
2017-01-02-11-15-00,0,0,0
2017-01-02-11-30-00,1,0,1
2017-01-02-11-45-00,0,0,0
2017-01-02-12-00-00,1,0,1
2017-01-02-12-15-00,4,3,1
2017-01-02-12-30-00,1,1,0
2017-01-02-12-45-00,0,0,0
2017-01-02-13-00-00,4,4,0
2017-01-02-13-15-00,2,1,1
2017-01-02-13-30-00,5,4,1
2017-01-02-13-45-00,1,0,1
2017-01-02-14-00-00,2,2,0
2017-01-02-14-15-00,2,2,0
2017-01-02-14-30-00,2,1,1
2017-01-02-14-45-00,4,3,1
2017-01-02-15-00-00,8,5,3
2017-01-02-15-15-00,7,4,3
2017-01-02-15-30-00,12,9,3
2017-01-02-15-45-00,13,7,6
2017-01-02-16-00-00,9,5,4
2017-01-02-16-15-00,11,5,6
2017-01-02-16-30-00,5,2,3
2017-01-02-16-45-00,18,12,6
2017-01-02-17-00-00,8,7,1
2017-01-02-17-15-00,5,4,1
2017-01-02-17-30-00,11,9,2
2017-01-02-17-45-00,5,4,1
2017-01-02-18-00-00,6,4,2
2017-01-02-18-15-00,9,8,1
2017-01-02-18-30-00,7,6,1
2017-01-02-18-45-00,5,5,0
2017-01-02-19-00-00,5,5,0
2017-01-02-19-15-00,0,0,0
2017-01-02-19-30-00,0,0,0
2017-01-02-19-45-00,1,0,1
2017-01-02-20-00-00,0,0,0
2017-01-02-20-15-00,1,0,1
2017-01-02-20-30-00,3,1,2
2017-01-02-20-45-00,0,0,0
2017-01-02-21-00-00,0,0,0
2017-01-02-21-15-00,1,1,0
2017-01-02-21-30-00,0,0,0
2017-01-02-21-45-00,0,0,0
2017-01-02-22-00-00,0,0,0
2017-01-02-22-15-00,0,0,0
2017-01-02-22-30-00,1,0,1
2017-01-02-22-45-00,0,0,0
2017-01-02-23-00-00,0,0,0
2017-01-02-23-15-00,0,0,0
2017-01-02-23-30-00,2,2,0
2017-01-02-23-45-00,0,0,0
2017-01-03-00-00-00,0,0,0
2017-01-03-00-15-00,0,0,0
2017-01-03-00-30-00,0,0,0
2017-01-03-00-45-00,0,0,0
2017-01-03-01-00-00,0,0,0
2017-01-03-01-15-00,1,0,1
2017-01-03-01-30-00,0,0,0
2017-01-03-01-45-00,0,0,0
2017-01-03-02-00-00,0,0,0
2017-01-03-02-15-00,0,0,0
2017-01-03-02-30-00,0,0,0
2017-01-03-02-45-00,0,0,0
2017-01-03-03-00-00,0,0,0
2017-01-03-03-15-00,0,0,0
2017-01-03-03-30-00,0,0,0
2017-01-03-03-45-00,0,0,0
2017-01-03-04-00-00,0,0,0
2017-01-03-04-15-00,0,0,0
2017-01-03-04-30-00,0,0,0
2017-01-03-04-45-00,0,0,0
2017-01-03-05-00-00,2,2,0
2017-01-03-05-15-00,1,0,1
2017-01-03-05-30-00,0,0,0
2017-01-03-05-45-00,3,0,3
2017-01-03-06-00-00,2,1,1
2017-01-03-06-15-00,1,0,1
2017-01-03-06-30-00,4,1,3
2017-01-03-06-45-00,2,1,1
2017-01-03-07-00-00,6,3,3
2017-01-03-07-15-00,6,1,5
2017-01-03-07-30-00,11,5,6
2017-01-03-07-45-00,16,4,12
2017-01-03-08-00-00,8,1,7
2017-01-03-08-15-00,14,5,9
2017-01-03-08-30-00,13,3,10
2017-01-03-08-45-00,12,3,9
2017-01-03-09-00-00,11,0,11
2017-01-03-09-15-00,9,1,8
2017-01-03-09-30-00,4,2,2
2017-01-03-09-45-00,4,1,3
2017-01-03-10-00-00,4,1,3
2017-01-03-10-15-00,2,1,1
2017-01-03-10-30-00,2,2,0
2017-01-03-10-45-00,11,9,2
2017-01-03-11-00-00,1,0,1
2017-01-03-11-15-00,5,3,2
2017-01-03-11-30-00,5,3,2
2017-01-03-11-45-00,11,7,4
2017-01-03-12-00-00,7,3,4
2017-01-03-12-15-00,7,3,4
2017-01-03-12-30-00,8,4,4
2017-01-03-12-45-00,7,3,4
2017-01-03-13-00-00,4,3,1
2017-01-03-13-15-00,5,1,4
2017-01-03-13-30-00,9,1,8
2017-01-03-13-45-00,12,4,8
2017-01-03-14-00-00,12,5,7
2017-01-03-14-15-00,11,7,4
2017-01-03-14-30-00,9,3,6
2017-01-03-14-45-00,13,10,3
2017-01-03-15-00-00,8,5,3
2017-01-03-15-15-00,15,6,9
2017-01-03-15-30-00,12,10,2
2017-01-03-15-45-00,14,9,5
2017-01-03-16-00-00,20,15,5
2017-01-03-16-15-00,17,15,2
2017-01-03-16-30-00,16,9,7
2017-01-03-16-45-00,17,13,4
2017-01-03-17-00-00,10,10,0
2017-01-03-17-15-00,11,8,3
2017-01-03-17-30-00,16,14,2
2017-01-03-17-45-00,7,4,3
2017-01-03-18-00-00,9,6,3
2017-01-03-18-15-00,4,2,2
2017-01-03-18-30-00,10,7,3
2017-01-03-18-45-00,7,5,2
2017-01-03-19-00-00,1,1,0
2017-01-03-19-15-00,5,5,0
2017-01-03-19-30-00,4,2,2
2017-01-03-19-45-00,5,2,3
2017-01-03-20-00-00,1,0,1
2017-01-03-20-15-00,2,2,0
2017-01-03-20-30-00,0,0,0
2017-01-03-20-45-00,4,3,1
2017-01-03-21-00-00,2,1,1
2017-01-03-21-15-00,1,0,1
2017-01-03-21-30-00,0,0,0
2017-01-03-21-45-00,0,0,0
2017-01-03-22-00-00,0,0,0
2017-01-03-22-15-00,0,0,0
2017-01-03-22-30-00,0,0,0
2017-01-03-22-45-00,0,0,0
2017-01-03-23-00-00,0,0,0
2017-01-03-23-15-00,1,1,0
2017-01-03-23-30-00,0,0,0
2017-01-03-23-45-00,1,0,1
2017-01-04-00-00-00,0,0,0
2017-01-04-00-15-00,1,1,0
2017-01-04-00-30-00,0,0,0
2017-01-04-00-45-00,0,0,0
2017-01-04-01-00-00,0,0,0
2017-01-04-01-15-00,0,0,0
2017-01-04-01-30-00,0,0,0
2017-01-04-01-45-00,0,0,0
2017-01-04-02-00-00,0,0,0
2017-01-04-02-15-00,0,0,0
2017-01-04-02-30-00,0,0,0
2017-01-04-02-45-00,0,0,0
2017-01-04-03-00-00,0,0,0
2017-01-04-03-15-00,0,0,0
2017-01-04-03-30-00,0,0,0
2017-01-04-03-45-00,0,0,0
2017-01-04-04-00-00,0,0,0
2017-01-04-04-15-00,0,0,0
2017-01-04-04-30-00,0,0,0
2017-01-04-04-45-00,0,0,0
2017-01-04-05-00-00,0,0,0
2017-01-04-05-15-00,0,0,0
2017-01-04-05-30-00,0,0,0
2017-01-04-05-45-00,4,0,4
2017-01-04-06-00-00,2,0,2
2017-01-04-06-15-00,2,0,2
2017-01-04-06-30-00,1,1,0
2017-01-04-06-45-00,5,3,2
2017-01-04-07-00-00,3,1,2
2017-01-04-07-15-00,13,3,10
2017-01-04-07-30-00,12,3,9
2017-01-04-07-45-00,17,4,13
2017-01-04-08-00-00,17,3,14
2017-01-04-08-15-00,7,2,5
2017-01-04-08-30-00,16,3,13
2017-01-04-08-45-00,11,1,10
2017-01-04-09-00-00,11,1,10
2017-01-04-09-15-00,13,2,11
2017-01-04-09-30-00,5,1,4
2017-01-04-09-45-00,3,1,2
2017-01-04-10-00-00,2,1,1
2017-01-04-10-15-00,0,0,0
2017-01-04-10-30-00,3,2,1
2017-01-04-10-45-00,4,3,1
2017-01-04-11-00-00,5,3,2
2017-01-04-11-15-00,1,0,1
2017-01-04-11-30-00,4,2,2
2017-01-04-11-45-00,1,0,1
2017-01-04-12-00-00,1,1,0
2017-01-04-12-15-00,4,2,2
2017-01-04-12-30-00,3,2,1
2017-01-04-12-45-00,1,0,1
2017-01-04-13-00-00,1,0,1
2017-01-04-13-15-00,7,7,0
2017-01-04-13-30-00,3,2,1
2017-01-04-13-45-00,7,4,3
2017-01-04-14-00-00,5,2,3
2017-01-04-14-15-00,3,2,1
2017-01-04-14-30-00,4,2,2
2017-01-04-14-45-00,1,0,1
2017-01-04-15-00-00,8,5,3
2017-01-04-15-15-00,6,3,3
2017-01-04-15-30-00,17,10,7
2017-01-04-15-45-00,5,2,3
2017-01-04-16-00-00,10,10,0
2017-01-04-16-15-00,17,13,4
2017-01-04-16-30-00,17,11,6
2017-01-04-16-45-00,13,8,5
2017-01-04-17-00-00,10,9,1
2017-01-04-17-15-00,16,14,2
2017-01-04-17-30-00,9,8,1
2017-01-04-17-45-00,7,3,4
2017-01-04-18-00-00,4,4,0
2017-01-04-18-15-00,6,4,2
2017-01-04-18-30-00,8,8,0
2017-01-04-18-45-00,9,7,2
2017-01-04-19-00-00,4,3,1
2017-01-04-19-15-00,1,0,1
2017-01-04-19-30-00,2,2,0
2017-01-04-19-45-00,6,5,1
2017-01-04-20-00-00,1,1,0
2017-01-04-20-15-00,2,0,2
2017-01-04-20-30-00,3,1,2
2017-01-04-20-45-00,2,2,0
2017-01-04-21-00-00,1,1,0
2017-01-04-21-15-00,2,1,1
2017-01-04-21-30-00,1,0,1
2017-01-04-21-45-00,0,0,0
2017-01-04-22-00-00,1,0,1
2017-01-04-22-15-00,0,0,0
2017-01-04-22-30-00,0,0,0
2017-01-04-22-45-00,1,0,1
2017-01-04-23-00-00,1,0,1
2017-01-04-23-15-00,0,0,0
2017-01-04-23-30-00,0,0,0
2017-01-04-23-45-00,0,0,0
2017-01-05-00-00-00,1,0,1
2017-01-05-00-15-00,0,0,0
2017-01-05-00-30-00,0,0,0
2017-01-05-00-45-00,0,0,0
2017-01-05-01-00-00,0,0,0
2017-01-05-01-15-00,0,0,0
2017-01-05-01-30-00,0,0,0
2017-01-05-01-45-00,0,0,0
2017-01-05-02-00-00,0,0,0
2017-01-05-02-15-00,2,0,2
2017-01-05-02-30-00,0,0,0
2017-01-05-02-45-00,0,0,0
2017-01-05-03-00-00,0,0,0
2017-01-05-03-15-00,0,0,0
2017-01-05-03-30-00,0,0,0
2017-01-05-03-45-00,0,0,0
2017-01-05-04-00-00,0,0,0
2017-01-05-04-15-00,0,0,0
2017-01-05-04-30-00,0,0,0
2017-01-05-04-45-00,0,0,0
2017-01-05-05-00-00,0,0,0
2017-01-05-05-15-00,0,0,0
2017-01-05-05-30-00,2,1,1
2017-01-05-05-45-00,1,1,0
2017-01-05-06-00-00,2,0,2
2017-01-05-06-15-00,4,0,4
2017-01-05-06-30-00,3,0,3
2017-01-05-06-45-00,4,2,2
2017-01-05-07-00-00,8,4,4
2017-01-05-07-15-00,11,4,7
2017-01-05-07-30-00,14,5,9
2017-01-05-07-45-00,13,3,10
2017-01-05-08-00-00,18,3,15
2017-01-05-08-15-00,14,1,13
2017-01-05-08-30-00,29,8,21
2017-01-05-08-45-00,20,2,18
2017-01-05-09-00-00,23,4,19
2017-01-05-09-15-00,10,3,7
2017-01-05-09-30-00,6,0,6
2017-01-05-09-45-00,9,5,4
2017-01-05-10-00-00,4,1,3
2017-01-05-10-15-00,3,2,1
2017-01-05-10-30-00,5,3,2
2017-01-05-10-45-00,6,5,1
2017-01-05-11-00-00,8,2,6
2017-01-05-11-15-00,9,7,2
2017-01-05-11-30-00,12,9,3
2017-01-05-11-45-00,8,4,4
2017-01-05-12-00-00,11,4,7
2017-01-05-12-15-00,12,4,8
2017-01-05-12-30-00,12,9,3
2017-01-05-12-45-00,8,2,6
2017-01-05-13-00-00,12,7,5
2017-01-05-13-15-00,7,4,3
2017-01-05-13-30-00,9,4,5
2017-01-05-13-45-00,17,11,6
2017-01-05-14-00-00,18,12,6
2017-01-05-14-15-00,12,8,4
2017-01-05-14-30-00,14,12,2
2017-01-05-14-45-00,11,7,4
2017-01-05-15-00-00,26,14,12
2017-01-05-15-15-00,18,12,6
2017-01-05-15-30-00,7,4,3
2017-01-05-15-45-00,18,14,4
2017-01-05-16-00-00,19,12,7
2017-01-05-16-15-00,25,19,6
2017-01-05-16-30-00,26,16,10
2017-01-05-16-45-00,34,28,6
2017-01-05-17-00-00,20,14,6
2017-01-05-17-15-00,20,17,3
2017-01-05-17-30-00,17,10,7
2017-01-05-17-45-00,12,8,4
2017-01-05-18-00-00,13,9,4
2017-01-05-18-15-00,13,10,3
2017-01-05-18-30-00,7,2,5
2017-01-05-18-45-00,11,8,3
2017-01-05-19-00-00,8,3,5
2017-01-05-19-15-00,3,3,0
2017-01-05-19-30-00,6,5,1
2017-01-05-19-45-00,5,2,3
2017-01-05-20-00-00,3,3,0
2017-01-05-20-15-00,6,4,2
2017-01-05-20-30-00,0,0,0
2017-01-05-20-45-00,1,0,1
2017-01-05-21-00-00,0,0,0
2017-01-05-21-15-00,1,0,1
2017-01-05-21-30-00,2,0,2
2017-01-05-21-45-00,0,0,0
2017-01-05-22-00-00,2,1,1
2017-01-05-22-15-00,3,2,1
2017-01-05-22-30-00,0,0,0
2017-01-05-22-45-00,0,0,0
2017-01-05-23-00-00,0,0,0
2017-01-05-23-15-00,0,0,0
2017-01-05-23-30-00,0,0,0
2017-01-05-23-45-00,0,0,0
2017-01-06-00-00-00,1,1,0
2017-01-06-00-15-00,0,0,0
2017-01-06-00-30-00,0,0,0
2017-01-06-00-45-00,0,0,0
2017-01-06-01-00-00,0,0,0
2017-01-06-01-15-00,1,0,1
2017-01-06-01-30-00,0,0,0
2017-01-06-01-45-00,0,0,0
2017-01-06-02-00-00,0,0,0
2017-01-06-02-15-00,0,0,0
2017-01-06-02-30-00,0,0,0
2017-01-06-02-45-00,0,0,0
2017-01-06-03-00-00,1,0,1
2017-01-06-03-15-00,0,0,0
2017-01-06-03-30-00,0,0,0
2017-01-06-03-45-00,0,0,0
2017-01-06-04-00-00,0,0,0
2017-01-06-04-15-00,0,0,0
2017-01-06-04-30-00,0,0,0
2017-01-06-04-45-00,0,0,0
2017-01-06-05-00-00,1,1,0
2017-01-06-05-15-00,1,0,1
2017-01-06-05-30-00,0,0,0
2017-01-06-05-45-00,0,0,0
2017-01-06-06-00-00,4,0,4
2017-01-06-06-15-00,1,0,1
2017-01-06-06-30-00,2,0,2
2017-01-06-06-45-00,6,3,3
2017-01-06-07-00-00,7,3,4
2017-01-06-07-15-00,9,2,7
2017-01-06-07-30-00,9,5,4
2017-01-06-07-45-00,15,3,12
2017-01-06-08-00-00,13,2,11
2017-01-06-08-15-00,13,2,11
2017-01-06-08-30-00,13,2,11
2017-01-06-08-45-00,13,2,11
2017-01-06-09-00-00,11,0,11
2017-01-06-09-15-00,7,3,4
2017-01-06-09-30-00,6,3,3
2017-01-06-09-45-00,3,1,2
2017-01-06-10-00-00,6,2,4
2017-01-06-10-15-00,6,4,2
2017-01-06-10-30-00,5,4,1
2017-01-06-10-45-00,3,1,2
2017-01-06-11-00-00,3,3,0
2017-01-06-11-15-00,3,2,1
2017-01-06-11-30-00,6,5,1
2017-01-06-11-45-00,6,1,5
2017-01-06-12-00-00,5,4,1
2017-01-06-12-15-00,8,5,3
2017-01-06-12-30-00,9,3,6
2017-01-06-12-45-00,9,3,6
2017-01-06-13-00-00,10,5,5
2017-01-06-13-15-00,7,4,3
2017-01-06-13-30-00,6,4,2
2017-01-06-13-45-00,9,3,6
2017-01-06-14-00-00,10,6,4
2017-01-06-14-15-00,15,7,8
2017-01-06-14-30-00,10,7,3
2017-01-06-14-45-00,12,8,4
2017-01-06-15-00-00,20,15,5
2017-01-06-15-15-00,16,7,9
2017-01-06-15-30-00,21,13,8
2017-01-06-15-45-00,19,10,9
2017-01-06-16-00-00,20,16,4
2017-01-06-16-15-00,12,8,4
2017-01-06-16-30-00,18,13,5
2017-01-06-16-45-00,22,12,10
2017-01-06-17-00-00,18,12,6
2017-01-06-17-15-00,13,10,3
2017-01-06-17-30-00,5,4,1
2017-01-06-17-45-00,9,6,3
2017-01-06-18-00-00,10,8,2
2017-01-06-18-15-00,7,7,0
2017-01-06-18-30-00,9,7,2
2017-01-06-18-45-00,2,0,2
2017-01-06-19-00-00,5,2,3
2017-01-06-19-15-00,2,1,1
2017-01-06-19-30-00,3,0,3
2017-01-06-19-45-00,2,1,1
2017-01-06-20-00-00,1,0,1
2017-01-06-20-15-00,2,1,1
2017-01-06-20-30-00,1,1,0
2017-01-06-20-45-00,1,1,0
2017-01-06-21-00-00,0,0,0
2017-01-06-21-15-00,0,0,0
2017-01-06-21-30-00,0,0,0
2017-01-06-21-45-00,0,0,0
2017-01-06-22-00-00,1,1,0
2017-01-06-22-15-00,0,0,0
2017-01-06-22-30-00,0,0,0
2017-01-06-22-45-00,0,0,0
2017-01-06-23-00-00,2,0,2
2017-01-06-23-15-00,0,0,0
2017-01-06-23-30-00,1,1,0
2017-01-06-23-45-00,1,0,1
2017-01-07-00-00-00,0,0,0
2017-01-07-00-15-00,0,0,0
2017-01-07-00-30-00,0,0,0
2017-01-07-00-45-00,1,1,0
2017-01-07-01-00-00,0,0,0
2017-01-07-01-15-00,0,0,0
2017-01-07-01-30-00,0,0,0
2017-01-07-01-45-00,1,1,0
2017-01-07-02-00-00,0,0,0
2017-01-07-02-15-00,0,0,0
2017-01-07-02-30-00,0,0,0
2017-01-07-02-45-00,0,0,0
2017-01-07-03-00-00,0,0,0
2017-01-07-03-15-00,0,0,0
2017-01-07-03-30-00,0,0,0
2017-01-07-03-45-00,0,0,0
2017-01-07-04-00-00,0,0,0
2017-01-07-04-15-00,0,0,0
2017-01-07-04-30-00,0,0,0
2017-01-07-04-45-00,1,1,0
2017-01-07-05-00-00,0,0,0
2017-01-07-05-15-00,0,0,0
2017-01-07-05-30-00,0,0,0
2017-01-07-05-45-00,0,0,0
2017-01-07-06-00-00,1,0,1
2017-01-07-06-15-00,0,0,0
2017-01-07-06-30-00,0,0,0
2017-01-07-06-45-00,0,0,0
2017-01-07-07-00-00,0,0,0
2017-01-07-07-15-00,0,0,0
2017-01-07-07-30-00,0,0,0
2017-01-07-07-45-00,0,0,0
2017-01-07-08-00-00,1,1,0
2017-01-07-08-15-00,0,0,0
2017-01-07-08-30-00,3,1,2
2017-01-07-08-45-00,2,1,1
2017-01-07-09-00-00,1,0,1
2017-01-07-09-15-00,1,0,1
2017-01-07-09-30-00,1,0,1
2017-01-07-09-45-00,3,3,0
2017-01-07-10-00-00,2,0,2
2017-01-07-10-15-00,1,0,1
2017-01-07-10-30-00,4,0,4
2017-01-07-10-45-00,4,3,1
2017-01-07-11-00-00,3,2,1
2017-01-07-11-15-00,1,1,0
2017-01-07-11-30-00,5,3,2
2017-01-07-11-45-00,7,3,4
2017-01-07-12-00-00,6,4,2
2017-01-07-12-15-00,2,2,0
2017-01-07-12-30-00,3,1,2
2017-01-07-12-45-00,2,1,1
2017-01-07-13-00-00,5,1,4
2017-01-07-13-15-00,3,1,2
2017-01-07-13-30-00,3,2,1
2017-01-07-13-45-00,3,3,0
2017-01-07-14-00-00,5,2,3
2017-01-07-14-15-00,1,0,1
2017-01-07-14-30-00,6,3,3
2017-01-07-14-45-00,2,0,2
2017-01-07-15-00-00,3,3,0
2017-01-07-15-15-00,3,2,1
2017-01-07-15-30-00,3,1,2
2017-01-07-15-45-00,7,4,3
2017-01-07-16-00-00,3,3,0
2017-01-07-16-15-00,1,1,0
2017-01-07-16-30-00,1,0,1
2017-01-07-16-45-00,2,2,0
2017-01-07-17-00-00,0,0,0
2017-01-07-17-15-00,0,0,0
2017-01-07-17-30-00,1,1,0
2017-01-07-17-45-00,0,0,0
2017-01-07-18-00-00,0,0,0
2017-01-07-18-15-00,0,0,0
2017-01-07-18-30-00,0,0,0
2017-01-07-18-45-00,0,0,0
2017-01-07-19-00-00,0,0,0
2017-01-07-19-15-00,0,0,0
2017-01-07-19-30-00,0,0,0
2017-01-07-19-45-00,0,0,0
2017-01-07-20-00-00,0,0,0
2017-01-07-20-15-00,1,1,0
2017-01-07-20-30-00,0,0,0
2017-01-07-20-45-00,0,0,0
2017-01-07-21-00-00,0,0,0
2017-01-07-21-15-00,0,0,0
2017-01-07-21-30-00,0,0,0
2017-01-07-21-45-00,0,0,0
2017-01-07-22-00-00,0,0,0
2017-01-07-22-15-00,0,0,0
2017-01-07-22-30-00,0,0,0
2017-01-07-22-45-00,0,0,0
2017-01-07-23-00-00,0,0,0
2017-01-07-23-15-00,0,0,0
2017-01-07-23-30-00,0,0,0
2017-01-07-23-45-00,0,0,0
2017-01-08-00-00-00,0,0,0
2017-01-08-00-15-00,0,0,0
2017-01-08-00-30-00,0,0,0
2017-01-08-00-45-00,0,0,0
2017-01-08-01-00-00,0,0,0
2017-01-08-01-15-00,0,0,0
2017-01-08-01-30-00,0,0,0
2017-01-08-01-45-00,0,0,0
2017-01-08-02-00-00,0,0,0
2017-01-08-02-15-00,2,0,2
2017-01-08-02-30-00,0,0,0
2017-01-08-02-45-00,0,0,0
2017-01-08-03-00-00,0,0,0
2017-01-08-03-15-00,0,0,0
2017-01-08-03-30-00,0,0,0
2017-01-08-03-45-00,0,0,0
2017-01-08-04-00-00,0,0,0
2017-01-08-04-15-00,0,0,0
2017-01-08-04-30-00,0,0,0
2017-01-08-04-45-00,0,0,0
2017-01-08-05-00-00,0,0,0
2017-01-08-05-15-00,1,0,1
2017-01-08-05-30-00,0,0,0
2017-01-08-05-45-00,0,0,0
2017-01-08-06-00-00,0,0,0
2017-01-08-06-15-00,0,0,0
2017-01-08-06-30-00,0,0,0
2017-01-08-06-45-00,0,0,0
2017-01-08-07-00-00,0,0,0
2017-01-08-07-15-00,0,0,0
2017-01-08-07-30-00,0,0,0
2017-01-08-07-45-00,0,0,0
2017-01-08-08-00-00,0,0,0
2017-01-08-08-15-00,0,0,0
2017-01-08-08-30-00,0,0,0
2017-01-08-08-45-00,1,1,0
2017-01-08-09-00-00,0,0,0
2017-01-08-09-15-00,0,0,0
2017-01-08-09-30-00,0,0,0
2017-01-08-09-45-00,0,0,0
2017-01-08-10-00-00,3,1,2
2017-01-08-10-15-00,1,0,1
2017-01-08-10-30-00,1,0,1
2017-01-08-10-45-00,1,0,1
2017-01-08-11-00-00,1,1,0
2017-01-08-11-15-00,0,0,0
2017-01-08-11-30-00,4,3,1
2017-01-08-11-45-00,4,2,2
2017-01-08-12-00-00,2,1,1
2017-01-08-12-15-00,1,0,1
2017-01-08-12-30-00,4,2,2
2017-01-08-12-45-00,4,1,3
2017-01-08-13-00-00,4,0,4
2017-01-08-13-15-00,0,0,0
2017-01-08-13-30-00,1,0,1
2017-01-08-13-45-00,4,2,2
2017-01-08-14-00-00,4,2,2
2017-01-08-14-15-00,3,3,0
2017-01-08-14-30-00,3,2,1
2017-01-08-14-45-00,4,2,2
2017-01-08-15-00-00,6,4,2
2017-01-08-15-15-00,6,4,2
2017-01-08-15-30-00,8,6,2
2017-01-08-15-45-00,5,4,1
2017-01-08-16-00-00,2,2,0
2017-01-08-16-15-00,6,5,1
2017-01-08-16-30-00,4,2,2
2017-01-08-16-45-00,6,3,3
2017-01-08-17-00-00,3,3,0
2017-01-08-17-15-00,8,7,1
2017-01-08-17-30-00,2,2,0
2017-01-08-17-45-00,1,0,1
2017-01-08-18-00-00,2,1,1
2017-01-08-18-15-00,1,1,0
2017-01-08-18-30-00,0,0,0
2017-01-08-18-45-00,3,3,0
2017-01-08-19-00-00,2,2,0
2017-01-08-19-15-00,0,0,0
2017-01-08-19-30-00,0,0,0
2017-01-08-19-45-00,0,0,0
2017-01-08-20-00-00,0,0,0
2017-01-08-20-15-00,0,0,0
2017-01-08-20-30-00,0,0,0
2017-01-08-20-45-00,1,1,0
2017-01-08-21-00-00,0,0,0
2017-01-08-21-15-00,0,0,0
2017-01-08-21-30-00,0,0,0
2017-01-08-21-45-00,0,0,0
2017-01-08-22-00-00,0,0,0
2017-01-08-22-15-00,0,0,0
2017-01-08-22-30-00,0,0,0
2017-01-08-22-45-00,0,0,0
2017-01-08-23-00-00,1,0,1
2017-01-08-23-15-00,0,0,0
2017-01-08-23-30-00,0,0,0
2017-01-08-23-45-00,0,0,0
2017-01-09-00-00-00,0,0,0
2017-01-09-00-15-00,0,0,0
2017-01-09-00-30-00,1,0,1
2017-01-09-00-45-00,0,0,0
2017-01-09-01-00-00,0,0,0
2017-01-09-01-15-00,0,0,0
2017-01-09-01-30-00,0,0,0
2017-01-09-01-45-00,0,0,0
2017-01-09-02-00-00,0,0,0
2017-01-09-02-15-00,0,0,0
2017-01-09-02-30-00,0,0,0
2017-01-09-02-45-00,0,0,0
2017-01-09-03-00-00,0,0,0
2017-01-09-03-15-00,0,0,0
2017-01-09-03-30-00,0,0,0
2017-01-09-03-45-00,0,0,0
2017-01-09-04-00-00,0,0,0
2017-01-09-04-15-00,0,0,0
2017-01-09-04-30-00,0,0,0
2017-01-09-04-45-00,0,0,0
2017-01-09-05-00-00,0,0,0
2017-01-09-05-15-00,1,0,1
2017-01-09-05-30-00,0,0,0
2017-01-09-05-45-00,2,1,1
2017-01-09-06-00-00,4,1,3
2017-01-09-06-15-00,3,1,2
2017-01-09-06-30-00,4,0,4
2017-01-09-06-45-00,7,4,3
2017-01-09-07-00-00,10,6,4
2017-01-09-07-15-00,19,7,12
2017-01-09-07-30-00,17,6,11
2017-01-09-07-45-00,33,9,24
2017-01-09-08-00-00,33,4,29
2017-01-09-08-15-00,32,4,28
2017-01-09-08-30-00,23,6,17
2017-01-09-08-45-00,39,10,29
2017-01-09-09-00-00,20,3,17
2017-01-09-09-15-00,17,6,11
2017-01-09-09-30-00,11,4,7
2017-01-09-09-45-00,6,3,3
2017-01-09-10-00-00,5,1,4
2017-01-09-10-15-00,7,1,6
2017-01-09-10-30-00,7,4,3
2017-01-09-10-45-00,5,2,3
2017-01-09-11-00-00,6,4,2
2017-01-09-11-15-00,7,3,4
2017-01-09-11-30-00,4,3,1
2017-01-09-11-45-00,6,4,2
2017-01-09-12-00-00,7,4,3
2017-01-09-12-15-00,8,4,4
2017-01-09-12-30-00,3,2,1
2017-01-09-12-45-00,4,2,2
2017-01-09-13-00-00,9,3,6
2017-01-09-13-15-00,10,6,4
2017-01-09-13-30-00,13,5,8
2017-01-09-13-45-00,13,8,5
2017-01-09-14-00-00,8,2,6
2017-01-09-14-15-00,11,7,4
2017-01-09-14-30-00,8,7,1
2017-01-09-14-45-00,7,3,4
2017-01-09-15-00-00,9,4,5
2017-01-09-15-15-00,14,10,4
2017-01-09-15-30-00,7,4,3
2017-01-09-15-45-00,14,9,5
2017-01-09-16-00-00,10,5,5
2017-01-09-16-15-00,36,29,7
2017-01-09-16-30-00,25,16,9
2017-01-09-16-45-00,24,21,3
2017-01-09-17-00-00,24,20,4
2017-01-09-17-15-00,22,17,5
2017-01-09-17-30-00,27,20,7
2017-01-09-17-45-00,27,18,9
2017-01-09-18-00-00,22,20,2
2017-01-09-18-15-00,14,12,2
2017-01-09-18-30-00,11,11,0
2017-01-09-18-45-00,11,5,6
2017-01-09-19-00-00,6,6,0
2017-01-09-19-15-00,5,4,1
2017-01-09-19-30-00,8,5,3
2017-01-09-19-45-00,3,3,0
2017-01-09-20-00-00,4,2,2
2017-01-09-20-15-00,2,2,0
2017-01-09-20-30-00,3,2,1
2017-01-09-20-45-00,3,1,2
2017-01-09-21-00-00,2,1,1
2017-01-09-21-15-00,2,2,0
2017-01-09-21-30-00,1,0,1
2017-01-09-21-45-00,1,0,1
2017-01-09-22-00-00,0,0,0
2017-01-09-22-15-00,0,0,0
2017-01-09-22-30-00,0,0,0
2017-01-09-22-45-00,0,0,0
2017-01-09-23-00-00,0,0,0
2017-01-09-23-15-00,0,0,0
2017-01-09-23-30-00,1,0,1
2017-01-09-23-45-00,0,0,0
2017-01-10-00-00-00,0,0,0
2017-01-10-00-15-00,0,0,0
2017-01-10-00-30-00,0,0,0
2017-01-10-00-45-00,0,0,0
2017-01-10-01-00-00,0,0,0
2017-01-10-01-15-00,0,0,0
2017-01-10-01-30-00,0,0,0
2017-01-10-01-45-00,0,0,0
2017-01-10-02-00-00,0,0,0
2017-01-10-02-15-00,0,0,0
2017-01-10-02-30-00,0,0,0
2017-01-10-02-45-00,0,0,0
2017-01-10-03-00-00,0,0,0
2017-01-10-03-15-00,0,0,0
2017-01-10-03-30-00,0,0,0
2017-01-10-03-45-00,0,0,0
2017-01-10-04-00-00,0,0,0
2017-01-10-04-15-00,0,0,0
2017-01-10-04-30-00,0,0,0
2017-01-10-04-45-00,0,0,0
2017-01-10-05-00-00,1,1,0
2017-01-10-05-15-00,0,0,0
2017-01-10-05-30-00,0,0,0
2017-01-10-05-45-00,0,0,0
2017-01-10-06-00-00,3,0,3
2017-01-10-06-15-00,3,1,2
2017-01-10-06-30-00,3,1,2
2017-01-10-06-45-00,3,1,2
2017-01-10-07-00-00,9,6,3
2017-01-10-07-15-00,10,4,6
2017-01-10-07-30-00,19,8,11
2017-01-10-07-45-00,24,3,21
2017-01-10-08-00-00,23,3,20
2017-01-10-08-15-00,23,2,21
2017-01-10-08-30-00,27,9,18
2017-01-10-08-45-00,22,8,14
2017-01-10-09-00-00,19,4,15
2017-01-10-09-15-00,15,2,13
2017-01-10-09-30-00,9,1,8
2017-01-10-09-45-00,7,2,5
2017-01-10-10-00-00,6,2,4
2017-01-10-10-15-00,3,2,1
2017-01-10-10-30-00,4,0,4
2017-01-10-10-45-00,5,5,0
2017-01-10-11-00-00,5,0,5
2017-01-10-11-15-00,5,3,2
2017-01-10-11-30-00,4,2,2
2017-01-10-11-45-00,2,0,2
2017-01-10-12-00-00,3,1,2
2017-01-10-12-15-00,3,1,2
2017-01-10-12-30-00,3,0,3
2017-01-10-12-45-00,6,4,2
2017-01-10-13-00-00,3,1,2
2017-01-10-13-15-00,6,3,3
2017-01-10-13-30-00,9,5,4
2017-01-10-13-45-00,9,2,7
2017-01-10-14-00-00,11,4,7
2017-01-10-14-15-00,14,7,7
2017-01-10-14-30-00,13,8,5
2017-01-10-14-45-00,17,10,7
2017-01-10-15-00-00,16,11,5
2017-01-10-15-15-00,11,5,6
2017-01-10-15-30-00,10,8,2
2017-01-10-15-45-00,7,3,4
2017-01-10-16-00-00,15,10,5
2017-01-10-16-15-00,22,12,10
2017-01-10-16-30-00,23,12,11
2017-01-10-16-45-00,24,17,7
2017-01-10-17-00-00,17,12,5
2017-01-10-17-15-00,22,16,6
2017-01-10-17-30-00,15,13,2
2017-01-10-17-45-00,26,18,8
2017-01-10-18-00-00,12,8,4
2017-01-10-18-15-00,19,14,5
2017-01-10-18-30-00,24,13,11
2017-01-10-18-45-00,12,9,3
2017-01-10-19-00-00,11,7,4
2017-01-10-19-15-00,6,4,2
2017-01-10-19-30-00,8,7,1
2017-01-10-19-45-00,7,5,2
2017-01-10-20-00-00,3,3,0
2017-01-10-20-15-00,4,2,2
2017-01-10-20-30-00,3,2,1
2017-01-10-20-45-00,1,1,0
2017-01-10-21-00-00,3,3,0
2017-01-10-21-15-00,3,1,2
2017-01-10-21-30-00,1,0,1
2017-01-10-21-45-00,3,3,0
2017-01-10-22-00-00,2,1,1
2017-01-10-22-15-00,0,0,0
2017-01-10-22-30-00,1,1,0
2017-01-10-22-45-00,4,4,0
2017-01-10-23-00-00,0,0,0
2017-01-10-23-15-00,1,0,1
2017-01-10-23-30-00,0,0,0
2017-01-10-23-45-00,0,0,0
2017-01-11-00-00-00,0,0,0
2017-01-11-00-15-00,0,0,0
2017-01-11-00-30-00,0,0,0
2017-01-11-00-45-00,0,0,0
2017-01-11-01-00-00,2,0,2
2017-01-11-01-15-00,0,0,0
2017-01-11-01-30-00,0,0,0
2017-01-11-01-45-00,0,0,0
2017-01-11-02-00-00,0,0,0
2017-01-11-02-15-00,0,0,0
2017-01-11-02-30-00,0,0,0
2017-01-11-02-45-00,0,0,0
2017-01-11-03-00-00,0,0,0
2017-01-11-03-15-00,0,0,0
2017-01-11-03-30-00,0,0,0
2017-01-11-03-45-00,0,0,0
2017-01-11-04-00-00,0,0,0
2017-01-11-04-15-00,0,0,0
2017-01-11-04-30-00,0,0,0
2017-01-11-04-45-00,0,0,0
2017-01-11-05-00-00,1,1,0
2017-01-11-05-15-00,0,0,0
2017-01-11-05-30-00,0,0,0
2017-01-11-05-45-00,3,2,1
2017-01-11-06-00-00,1,0,1
2017-01-11-06-15-00,3,2,1
2017-01-11-06-30-00,3,0,3
2017-01-11-06-45-00,5,1,4
2017-01-11-07-00-00,8,5,3
2017-01-11-07-15-00,23,8,15
2017-01-11-07-30-00,16,7,9
2017-01-11-07-45-00,31,11,20
2017-01-11-08-00-00,28,3,25
2017-01-11-08-15-00,25,1,24
2017-01-11-08-30-00,34,9,25
2017-01-11-08-45-00,28,4,24
2017-01-11-09-00-00,13,1,12
2017-01-11-09-15-00,18,6,12
2017-01-11-09-30-00,13,5,8
2017-01-11-09-45-00,11,7,4
2017-01-11-10-00-00,10,3,7
2017-01-11-10-15-00,14,5,9
2017-01-11-10-30-00,2,1,1
2017-01-11-10-45-00,5,3,2
2017-01-11-11-00-00,9,4,5
2017-01-11-11-15-00,8,5,3
2017-01-11-11-30-00,5,4,1
2017-01-11-11-45-00,5,1,4
2017-01-11-12-00-00,7,3,4
2017-01-11-12-15-00,4,2,2
2017-01-11-12-30-00,6,3,3
2017-01-11-12-45-00,9,3,6
2017-01-11-13-00-00,7,4,3
2017-01-11-13-15-00,10,7,3
2017-01-11-13-30-00,5,3,2
2017-01-11-13-45-00,8,7,1
2017-01-11-14-00-00,2,2,0
2017-01-11-14-15-00,4,4,0
2017-01-11-14-30-00,4,3,1
2017-01-11-14-45-00,2,2,0
2017-01-11-15-00-00,5,4,1
2017-01-11-15-15-00,3,2,1
2017-01-11-15-30-00,4,2,2
2017-01-11-15-45-00,19,9,10
2017-01-11-16-00-00,16,10,6
2017-01-11-16-15-00,18,15,3
2017-01-11-16-30-00,22,17,5
2017-01-11-16-45-00,15,12,3
2017-01-11-17-00-00,20,17,3
2017-01-11-17-15-00,23,19,4
2017-01-11-17-30-00,10,6,4
2017-01-11-17-45-00,13,6,7
2017-01-11-18-00-00,12,10,2
2017-01-11-18-15-00,14,12,2
2017-01-11-18-30-00,17,13,4
2017-01-11-18-45-00,10,7,3
2017-01-11-19-00-00,7,3,4
2017-01-11-19-15-00,3,2,1
2017-01-11-19-30-00,8,6,2
2017-01-11-19-45-00,10,5,5
2017-01-11-20-00-00,2,1,1
2017-01-11-20-15-00,0,0,0
2017-01-11-20-30-00,3,1,2
2017-01-11-20-45-00,2,2,0
2017-01-11-21-00-00,3,2,1
2017-01-11-21-15-00,0,0,0
2017-01-11-21-30-00,2,1,1
2017-01-11-21-45-00,2,1,1
2017-01-11-22-00-00,0,0,0
2017-01-11-22-15-00,1,0,1
2017-01-11-22-30-00,1,1,0
2017-01-11-22-45-00,1,1,0
2017-01-11-23-00-00,2,1,1
2017-01-11-23-15-00,0,0,0
2017-01-11-23-30-00,0,0,0
2017-01-11-23-45-00,0,0,0
2017-01-12-00-00-00,1,1,0
2017-01-12-00-15-00,0,0,0
2017-01-12-00-30-00,0,0,0
2017-01-12-00-45-00,0,0,0
2017-01-12-01-00-00,0,0,0
2017-01-12-01-15-00,0,0,0
2017-01-12-01-30-00,0,0,0
2017-01-12-01-45-00,0,0,0
2017-01-12-02-00-00,0,0,0
2017-01-12-02-15-00,0,0,0
2017-01-12-02-30-00,0,0,0
2017-01-12-02-45-00,0,0,0
2017-01-12-03-00-00,0,0,0
2017-01-12-03-15-00,0,0,0
2017-01-12-03-30-00,0,0,0
2017-01-12-03-45-00,0,0,0
2017-01-12-04-00-00,0,0,0
2017-01-12-04-15-00,0,0,0
2017-01-12-04-30-00,0,0,0
2017-01-12-04-45-00,0,0,0
2017-01-12-05-00-00,2,2,0
2017-01-12-05-15-00,0,0,0
2017-01-12-05-30-00,1,1,0
2017-01-12-05-45-00,1,0,1
2017-01-12-06-00-00,4,3,1
2017-01-12-06-15-00,2,0,2
2017-01-12-06-30-00,5,1,4
2017-01-12-06-45-00,6,1,5
2017-01-12-07-00-00,9,4,5
2017-01-12-07-15-00,14,5,9
2017-01-12-07-30-00,19,6,13
2017-01-12-07-45-00,25,8,17
2017-01-12-08-00-00,39,7,32
2017-01-12-08-15-00,27,5,22
2017-01-12-08-30-00,37,9,28
2017-01-12-08-45-00,29,4,25
2017-01-12-09-00-00,14,4,10
2017-01-12-09-15-00,15,2,13
2017-01-12-09-30-00,7,3,4
2017-01-12-09-45-00,8,4,4
2017-01-12-10-00-00,9,4,5
2017-01-12-10-15-00,7,4,3
2017-01-12-10-30-00,12,8,4
2017-01-12-10-45-00,8,2,6
2017-01-12-11-00-00,3,2,1
2017-01-12-11-15-00,10,6,4
2017-01-12-11-30-00,5,2,3
2017-01-12-11-45-00,7,1,6
2017-01-12-12-00-00,10,6,4
2017-01-12-12-15-00,3,3,0
2017-01-12-12-30-00,4,1,3
2017-01-12-12-45-00,12,7,5
2017-01-12-13-00-00,10,6,4
2017-01-12-13-15-00,12,5,7
2017-01-12-13-30-00,17,7,10
2017-01-12-13-45-00,13,7,6
2017-01-12-14-00-00,16,9,7
2017-01-12-14-15-00,18,10,8
2017-01-12-14-30-00,16,8,8
2017-01-12-14-45-00,13,4,9
2017-01-12-15-00-00,12,9,3
2017-01-12-15-15-00,11,9,2
2017-01-12-15-30-00,19,15,4
2017-01-12-15-45-00,13,9,4
2017-01-12-16-00-00,22,13,9
2017-01-12-16-15-00,26,18,8
2017-01-12-16-30-00,20,15,5
2017-01-12-16-45-00,23,18,5
2017-01-12-17-00-00,22,18,4
2017-01-12-17-15-00,27,20,7
2017-01-12-17-30-00,26,18,8
2017-01-12-17-45-00,10,8,2
2017-01-12-18-00-00,13,10,3
2017-01-12-18-15-00,13,9,4
2017-01-12-18-30-00,13,12,1
2017-01-12-18-45-00,12,8,4
2017-01-12-19-00-00,7,6,1
2017-01-12-19-15-00,7,6,1
2017-01-12-19-30-00,6,5,1
2017-01-12-19-45-00,6,3,3
2017-01-12-20-00-00,4,4,0
2017-01-12-20-15-00,4,4,0
2017-01-12-20-30-00,3,3,0
2017-01-12-20-45-00,3,1,2
2017-01-12-21-00-00,0,0,0
2017-01-12-21-15-00,0,0,0
2017-01-12-21-30-00,0,0,0
2017-01-12-21-45-00,4,1,3
2017-01-12-22-00-00,0,0,0
2017-01-12-22-15-00,0,0,0
2017-01-12-22-30-00,0,0,0
2017-01-12-22-45-00,1,0,1
2017-01-12-23-00-00,0,0,0
2017-01-12-23-15-00,1,1,0
2017-01-12-23-30-00,0,0,0
2017-01-12-23-45-00,0,0,0
2017-01-13-00-00-00,0,0,0
2017-01-13-00-15-00,0,0,0
2017-01-13-00-30-00,0,0,0
2017-01-13-00-45-00,2,1,1
2017-01-13-01-00-00,0,0,0
2017-01-13-01-15-00,0,0,0
2017-01-13-01-30-00,0,0,0
2017-01-13-01-45-00,0,0,0
2017-01-13-02-00-00,0,0,0
2017-01-13-02-15-00,0,0,0
2017-01-13-02-30-00,0,0,0
2017-01-13-02-45-00,0,0,0
2017-01-13-03-00-00,0,0,0
2017-01-13-03-15-00,0,0,0
2017-01-13-03-30-00,0,0,0
2017-01-13-03-45-00,0,0,0
2017-01-13-04-00-00,0,0,0
2017-01-13-04-15-00,0,0,0
2017-01-13-04-30-00,0,0,0
2017-01-13-04-45-00,0,0,0
2017-01-13-05-00-00,1,1,0
2017-01-13-05-15-00,0,0,0
2017-01-13-05-30-00,1,0,1
2017-01-13-05-45-00,1,0,1
2017-01-13-06-00-00,2,0,2
2017-01-13-06-15-00,1,0,1
2017-01-13-06-30-00,1,0,1
2017-01-13-06-45-00,5,3,2
2017-01-13-07-00-00,5,1,4
2017-01-13-07-15-00,7,3,4
2017-01-13-07-30-00,11,2,9
2017-01-13-07-45-00,9,2,7
2017-01-13-08-00-00,15,0,15
2017-01-13-08-15-00,10,2,8
2017-01-13-08-30-00,16,1,15
2017-01-13-08-45-00,12,1,11
2017-01-13-09-00-00,9,2,7
2017-01-13-09-15-00,8,2,6
2017-01-13-09-30-00,6,4,2
2017-01-13-09-45-00,3,2,1
2017-01-13-10-00-00,4,2,2
2017-01-13-10-15-00,2,1,1
2017-01-13-10-30-00,4,2,2
2017-01-13-10-45-00,5,0,5
2017-01-13-11-00-00,4,1,3
2017-01-13-11-15-00,2,1,1
2017-01-13-11-30-00,3,1,2
2017-01-13-11-45-00,0,0,0
2017-01-13-12-00-00,2,1,1
2017-01-13-12-15-00,5,4,1
2017-01-13-12-30-00,6,2,4
2017-01-13-12-45-00,2,2,0
2017-01-13-13-00-00,8,6,2
2017-01-13-13-15-00,2,2,0
2017-01-13-13-30-00,6,5,1
2017-01-13-13-45-00,8,2,6
2017-01-13-14-00-00,5,4,1
2017-01-13-14-15-00,6,5,1
2017-01-13-14-30-00,12,7,5
2017-01-13-14-45-00,4,2,2
2017-01-13-15-00-00,12,7,5
2017-01-13-15-15-00,13,9,4
2017-01-13-15-30-00,16,11,5
2017-01-13-15-45-00,25,18,7
2017-01-13-16-00-00,16,14,2
2017-01-13-16-15-00,10,8,2
2017-01-13-16-30-00,12,11,1
2017-01-13-16-45-00,15,9,6
2017-01-13-17-00-00,5,3,2
2017-01-13-17-15-00,11,6,5
2017-01-13-17-30-00,11,8,3
2017-01-13-17-45-00,11,8,3
2017-01-13-18-00-00,6,5,1
2017-01-13-18-15-00,10,9,1
2017-01-13-18-30-00,5,4,1
2017-01-13-18-45-00,0,0,0
2017-01-13-19-00-00,3,3,0
2017-01-13-19-15-00,4,1,3
2017-01-13-19-30-00,2,0,2
2017-01-13-19-45-00,2,1,1
2017-01-13-20-00-00,0,0,0
2017-01-13-20-15-00,0,0,0
2017-01-13-20-30-00,0,0,0
2017-01-13-20-45-00,0,0,0
2017-01-13-21-00-00,0,0,0
2017-01-13-21-15-00,2,2,0
2017-01-13-21-30-00,1,1,0
2017-01-13-21-45-00,1,0,1
2017-01-13-22-00-00,0,0,0
2017-01-13-22-15-00,1,1,0
2017-01-13-22-30-00,0,0,0
2017-01-13-22-45-00,0,0,0
2017-01-13-23-00-00,0,0,0
2017-01-13-23-15-00,0,0,0
2017-01-13-23-30-00,0,0,0
2017-01-13-23-45-00,2,2,0
2017-01-14-00-00-00,0,0,0
2017-01-14-00-15-00,0,0,0
2017-01-14-00-30-00,0,0,0
2017-01-14-00-45-00,0,0,0
2017-01-14-01-00-00,0,0,0
2017-01-14-01-15-00,0,0,0
2017-01-14-01-30-00,0,0,0
2017-01-14-01-45-00,0,0,0
2017-01-14-02-00-00,0,0,0
2017-01-14-02-15-00,0,0,0
2017-01-14-02-30-00,1,0,1
2017-01-14-02-45-00,0,0,0
2017-01-14-03-00-00,0,0,0
2017-01-14-03-15-00,0,0,0
2017-01-14-03-30-00,0,0,0
2017-01-14-03-45-00,0,0,0
2017-01-14-04-00-00,0,0,0
2017-01-14-04-15-00,0,0,0
2017-01-14-04-30-00,0,0,0
2017-01-14-04-45-00,0,0,0
2017-01-14-05-00-00,0,0,0
2017-01-14-05-15-00,0,0,0
2017-01-14-05-30-00,0,0,0
2017-01-14-05-45-00,0,0,0
2017-01-14-06-00-00,1,1,0
2017-01-14-06-15-00,0,0,0
2017-01-14-06-30-00,1,1,0
2017-01-14-06-45-00,0,0,0
2017-01-14-07-00-00,0,0,0
2017-01-14-07-15-00,1,0,1
2017-01-14-07-30-00,1,1,0
2017-01-14-07-45-00,0,0,0
2017-01-14-08-00-00,2,0,2
2017-01-14-08-15-00,1,0,1
2017-01-14-08-30-00,4,1,3
2017-01-14-08-45-00,3,3,0
2017-01-14-09-00-00,1,0,1
2017-01-14-09-15-00,2,1,1
2017-01-14-09-30-00,3,0,3
2017-01-14-09-45-00,5,4,1
2017-01-14-10-00-00,4,1,3
2017-01-14-10-15-00,4,1,3
2017-01-14-10-30-00,6,4,2
2017-01-14-10-45-00,5,3,2
2017-01-14-11-00-00,8,5,3
2017-01-14-11-15-00,9,6,3
2017-01-14-11-30-00,5,1,4
2017-01-14-11-45-00,6,4,2
2017-01-14-12-00-00,7,3,4
2017-01-14-12-15-00,7,3,4
2017-01-14-12-30-00,7,5,2
2017-01-14-12-45-00,8,5,3
2017-01-14-13-00-00,5,3,2
2017-01-14-13-15-00,5,2,3
2017-01-14-13-30-00,11,5,6
2017-01-14-13-45-00,10,3,7
2017-01-14-14-00-00,25,10,15
2017-01-14-14-15-00,20,6,14
2017-01-14-14-30-00,14,6,8
2017-01-14-14-45-00,26,12,14
2017-01-14-15-00-00,23,11,12
2017-01-14-15-15-00,12,8,4
2017-01-14-15-30-00,9,7,2
2017-01-14-15-45-00,7,3,4
2017-01-14-16-00-00,10,2,8
2017-01-14-16-15-00,13,11,2
2017-01-14-16-30-00,2,2,0
2017-01-14-16-45-00,4,3,1
2017-01-14-17-00-00,5,3,2
2017-01-14-17-15-00,3,3,0
2017-01-14-17-30-00,3,3,0
2017-01-14-17-45-00,0,0,0
2017-01-14-18-00-00,1,0,1
2017-01-14-18-15-00,2,1,1
2017-01-14-18-30-00,4,2,2
2017-01-14-18-45-00,3,1,2
2017-01-14-19-00-00,1,0,1
2017-01-14-19-15-00,2,2,0
2017-01-14-19-30-00,0,0,0
2017-01-14-19-45-00,4,1,3
2017-01-14-20-00-00,3,1,2
2017-01-14-20-15-00,0,0,0
2017-01-14-20-30-00,0,0,0
2017-01-14-20-45-00,1,1,0
2017-01-14-21-00-00,0,0,0
2017-01-14-21-15-00,0,0,0
2017-01-14-21-30-00,0,0,0
2017-01-14-21-45-00,1,1,0
2017-01-14-22-00-00,0,0,0
2017-01-14-22-15-00,1,1,0
2017-01-14-22-30-00,1,1,0
2017-01-14-22-45-00,0,0,0
2017-01-14-23-00-00,1,0,1
2017-01-14-23-15-00,0,0,0
2017-01-14-23-30-00,0,0,0
2017-01-14-23-45-00,0,0,0
2017-01-15-00-00-00,0,0,0
2017-01-15-00-15-00,0,0,0
2017-01-15-00-30-00,1,0,1
2017-01-15-00-45-00,0,0,0
2017-01-15-01-00-00,0,0,0
2017-01-15-01-15-00,0,0,0
2017-01-15-01-30-00,1,1,0
2017-01-15-01-45-00,0,0,0
2017-01-15-02-00-00,0,0,0
2017-01-15-02-15-00,0,0,0
2017-01-15-02-30-00,1,1,0
2017-01-15-02-45-00,0,0,0
2017-01-15-03-00-00,0,0,0
2017-01-15-03-15-00,0,0,0
2017-01-15-03-30-00,0,0,0
2017-01-15-03-45-00,0,0,0
2017-01-15-04-00-00,0,0,0
2017-01-15-04-15-00,0,0,0
2017-01-15-04-30-00,0,0,0
2017-01-15-04-45-00,0,0,0
2017-01-15-05-00-00,0,0,0
2017-01-15-05-15-00,0,0,0
2017-01-15-05-30-00,0,0,0
2017-01-15-05-45-00,0,0,0
2017-01-15-06-00-00,0,0,0
2017-01-15-06-15-00,1,0,1
2017-01-15-06-30-00,0,0,0
2017-01-15-06-45-00,0,0,0
2017-01-15-07-00-00,1,1,0
2017-01-15-07-15-00,1,1,0
2017-01-15-07-30-00,0,0,0
2017-01-15-07-45-00,0,0,0
2017-01-15-08-00-00,1,0,1
2017-01-15-08-15-00,0,0,0
2017-01-15-08-30-00,0,0,0
2017-01-15-08-45-00,5,2,3
2017-01-15-09-00-00,8,3,5
2017-01-15-09-15-00,5,2,3
2017-01-15-09-30-00,2,2,0
2017-01-15-09-45-00,5,3,2
2017-01-15-10-00-00,5,0,5
2017-01-15-10-15-00,4,0,4
2017-01-15-10-30-00,8,4,4
2017-01-15-10-45-00,13,6,7
2017-01-15-11-00-00,9,5,4
2017-01-15-11-15-00,8,2,6
2017-01-15-11-30-00,11,7,4
2017-01-15-11-45-00,10,5,5
2017-01-15-12-00-00,14,8,6
2017-01-15-12-15-00,20,8,12
2017-01-15-12-30-00,21,17,4
2017-01-15-12-45-00,12,4,8
2017-01-15-13-00-00,16,6,10
2017-01-15-13-15-00,12,8,4
2017-01-15-13-30-00,11,1,10
2017-01-15-13-45-00,13,7,6
2017-01-15-14-00-00,22,12,10
2017-01-15-14-15-00,13,4,9
2017-01-15-14-30-00,20,8,12
2017-01-15-14-45-00,20,7,13
2017-01-15-15-00-00,9,3,6
2017-01-15-15-15-00,14,6,8
2017-01-15-15-30-00,23,14,9
2017-01-15-15-45-00,23,13,10
2017-01-15-16-00-00,18,14,4
2017-01-15-16-15-00,28,14,14
2017-01-15-16-30-00,18,10,8
2017-01-15-16-45-00,15,8,7
2017-01-15-17-00-00,7,4,3
2017-01-15-17-15-00,7,4,3
2017-01-15-17-30-00,8,5,3
2017-01-15-17-45-00,5,3,2
2017-01-15-18-00-00,1,1,0
2017-01-15-18-15-00,2,1,1
2017-01-15-18-30-00,0,0,0
2017-01-15-18-45-00,3,1,2
2017-01-15-19-00-00,1,1,0
2017-01-15-19-15-00,3,2,1
2017-01-15-19-30-00,4,2,2
2017-01-15-19-45-00,1,0,1
2017-01-15-20-00-00,4,1,3
2017-01-15-20-15-00,2,2,0
2017-01-15-20-30-00,0,0,0
2017-01-15-20-45-00,0,0,0
2017-01-15-21-00-00,1,1,0
2017-01-15-21-15-00,0,0,0
2017-01-15-21-30-00,2,2,0
2017-01-15-21-45-00,0,0,0
2017-01-15-22-00-00,0,0,0
2017-01-15-22-15-00,0,0,0
2017-01-15-22-30-00,1,0,1
2017-01-15-22-45-00,0,0,0
2017-01-15-23-00-00,0,0,0
2017-01-15-23-15-00,0,0,0
2017-01-15-23-30-00,0,0,0
2017-01-15-23-45-00,0,0,0
2017-01-16-00-00-00,0,0,0
2017-01-16-00-15-00,0,0,0
2017-01-16-00-30-00,2,2,0
2017-01-16-00-45-00,0,0,0
2017-01-16-01-00-00,0,0,0
2017-01-16-01-15-00,0,0,0
2017-01-16-01-30-00,0,0,0
2017-01-16-01-45-00,0,0,0
2017-01-16-02-00-00,0,0,0
2017-01-16-02-15-00,0,0,0
2017-01-16-02-30-00,0,0,0
2017-01-16-02-45-00,0,0,0
2017-01-16-03-00-00,0,0,0
2017-01-16-03-15-00,0,0,0
2017-01-16-03-30-00,0,0,0
2017-01-16-03-45-00,0,0,0
2017-01-16-04-00-00,0,0,0
2017-01-16-04-15-00,0,0,0
2017-01-16-04-30-00,0,0,0
2017-01-16-04-45-00,0,0,0
2017-01-16-05-00-00,0,0,0
2017-01-16-05-15-00,1,0,1
2017-01-16-05-30-00,2,1,1
2017-01-16-05-45-00,3,1,2
2017-01-16-06-00-00,4,2,2
2017-01-16-06-15-00,7,2,5
2017-01-16-06-30-00,6,0,6
2017-01-16-06-45-00,6,1,5
2017-01-16-07-00-00,7,5,2
2017-01-16-07-15-00,20,7,13
2017-01-16-07-30-00,17,8,9
2017-01-16-07-45-00,37,8,29
2017-01-16-08-00-00,29,5,24
2017-01-16-08-15-00,15,2,13
2017-01-16-08-30-00,36,6,30
2017-01-16-08-45-00,22,6,16
2017-01-16-09-00-00,23,2,21
2017-01-16-09-15-00,13,2,11
2017-01-16-09-30-00,9,4,5
2017-01-16-09-45-00,6,0,6
2017-01-16-10-00-00,14,7,7
2017-01-16-10-15-00,5,1,4
2017-01-16-10-30-00,1,0,1
2017-01-16-10-45-00,4,3,1
2017-01-16-11-00-00,4,2,2
2017-01-16-11-15-00,5,2,3
2017-01-16-11-30-00,5,1,4
2017-01-16-11-45-00,5,3,2
2017-01-16-12-00-00,10,5,5
2017-01-16-12-15-00,9,4,5
2017-01-16-12-30-00,7,4,3
2017-01-16-12-45-00,10,5,5
2017-01-16-13-00-00,9,8,1
2017-01-16-13-15-00,16,8,8
2017-01-16-13-30-00,11,6,5
2017-01-16-13-45-00,18,7,11
2017-01-16-14-00-00,14,8,6
2017-01-16-14-15-00,13,5,8
2017-01-16-14-30-00,17,10,7
2017-01-16-14-45-00,15,5,10
2017-01-16-15-00-00,13,6,7
2017-01-16-15-15-00,18,14,4
2017-01-16-15-30-00,18,14,4
2017-01-16-15-45-00,31,23,8
2017-01-16-16-00-00,26,17,9
2017-01-16-16-15-00,20,10,10
2017-01-16-16-30-00,35,23,12
2017-01-16-16-45-00,18,11,7
2017-01-16-17-00-00,24,20,4
2017-01-16-17-15-00,37,26,11
2017-01-16-17-30-00,29,22,7
2017-01-16-17-45-00,15,11,4
2017-01-16-18-00-00,17,14,3
2017-01-16-18-15-00,22,19,3
2017-01-16-18-30-00,13,12,1
2017-01-16-18-45-00,19,16,3
2017-01-16-19-00-00,10,4,6
2017-01-16-19-15-00,8,7,1
2017-01-16-19-30-00,4,3,1
2017-01-16-19-45-00,0,0,0
2017-01-16-20-00-00,4,3,1
2017-01-16-20-15-00,3,3,0
2017-01-16-20-30-00,4,2,2
2017-01-16-20-45-00,2,1,1
2017-01-16-21-00-00,1,1,0
2017-01-16-21-15-00,2,2,0
2017-01-16-21-30-00,3,1,2
2017-01-16-21-45-00,0,0,0
2017-01-16-22-00-00,0,0,0
2017-01-16-22-15-00,0,0,0
2017-01-16-22-30-00,0,0,0
2017-01-16-22-45-00,0,0,0
2017-01-16-23-00-00,0,0,0
2017-01-16-23-15-00,0,0,0
2017-01-16-23-30-00,0,0,0
2017-01-16-23-45-00,0,0,0
2017-01-17-00-00-00,0,0,0
2017-01-17-00-15-00,0,0,0
2017-01-17-00-30-00,0,0,0
2017-01-17-00-45-00,0,0,0
2017-01-17-01-00-00,6,0,6
2017-01-17-01-15-00,0,0,0
2017-01-17-01-30-00,0,0,0
2017-01-17-01-45-00,0,0,0
2017-01-17-02-00-00,2,1,1
2017-01-17-02-15-00,0,0,0
2017-01-17-02-30-00,0,0,0
2017-01-17-02-45-00,0,0,0
2017-01-17-03-00-00,0,0,0
2017-01-17-03-15-00,0,0,0
2017-01-17-03-30-00,0,0,0
2017-01-17-03-45-00,2,2,0
2017-01-17-04-00-00,0,0,0
2017-01-17-04-15-00,0,0,0
2017-01-17-04-30-00,0,0,0
2017-01-17-04-45-00,0,0,0
2017-01-17-05-00-00,0,0,0
2017-01-17-05-15-00,0,0,0
2017-01-17-05-30-00,1,0,1
2017-01-17-05-45-00,3,2,1
2017-01-17-06-00-00,5,0,5
2017-01-17-06-15-00,3,0,3
2017-01-17-06-30-00,4,1,3
2017-01-17-06-45-00,7,2,5
2017-01-17-07-00-00,14,6,8
2017-01-17-07-15-00,15,3,12
2017-01-17-07-30-00,19,9,10
2017-01-17-07-45-00,24,9,15
2017-01-17-08-00-00,27,1,26
2017-01-17-08-15-00,40,8,32
2017-01-17-08-30-00,29,6,23
2017-01-17-08-45-00,22,1,21
2017-01-17-09-00-00,25,5,20
2017-01-17-09-15-00,8,0,8
2017-01-17-09-30-00,12,4,8
2017-01-17-09-45-00,10,3,7
2017-01-17-10-00-00,9,5,4
2017-01-17-10-15-00,9,4,5
2017-01-17-10-30-00,3,1,2
2017-01-17-10-45-00,11,6,5
2017-01-17-11-00-00,2,1,1
2017-01-17-11-15-00,8,5,3
2017-01-17-11-30-00,3,2,1
2017-01-17-11-45-00,5,1,4
2017-01-17-12-00-00,7,4,3
2017-01-17-12-15-00,8,5,3
2017-01-17-12-30-00,4,3,1
2017-01-17-12-45-00,1,0,1
2017-01-17-13-00-00,8,6,2
2017-01-17-13-15-00,8,4,4
2017-01-17-13-30-00,2,2,0
2017-01-17-13-45-00,8,3,5
2017-01-17-14-00-00,4,3,1
2017-01-17-14-15-00,9,5,4
2017-01-17-14-30-00,7,3,4
2017-01-17-14-45-00,6,1,5
2017-01-17-15-00-00,9,4,5
2017-01-17-15-15-00,24,13,11
2017-01-17-15-30-00,15,12,3
2017-01-17-15-45-00,15,9,6
2017-01-17-16-00-00,15,10,5
2017-01-17-16-15-00,16,14,2
2017-01-17-16-30-00,30,23,7
2017-01-17-16-45-00,25,24,1
2017-01-17-17-00-00,21,18,3
2017-01-17-17-15-00,24,20,4
2017-01-17-17-30-00,26,24,2
2017-01-17-17-45-00,30,20,10
2017-01-17-18-00-00,21,12,9
2017-01-17-18-15-00,14,11,3
2017-01-17-18-30-00,17,13,4
2017-01-17-18-45-00,8,6,2
2017-01-17-19-00-00,7,3,4
2017-01-17-19-15-00,5,4,1
2017-01-17-19-30-00,6,6,0
2017-01-17-19-45-00,3,3,0
2017-01-17-20-00-00,4,3,1
2017-01-17-20-15-00,2,2,0
2017-01-17-20-30-00,3,1,2
2017-01-17-20-45-00,3,1,2
2017-01-17-21-00-00,2,2,0
2017-01-17-21-15-00,5,2,3
2017-01-17-21-30-00,2,1,1
2017-01-17-21-45-00,1,1,0
2017-01-17-22-00-00,0,0,0
2017-01-17-22-15-00,1,1,0
2017-01-17-22-30-00,0,0,0
2017-01-17-22-45-00,2,0,2
2017-01-17-23-00-00,0,0,0
2017-01-17-23-15-00,0,0,0
2017-01-17-23-30-00,0,0,0
2017-01-17-23-45-00,0,0,0
2017-01-18-00-00-00,0,0,0
2017-01-18-00-15-00,0,0,0
2017-01-18-00-30-00,0,0,0
2017-01-18-00-45-00,0,0,0
2017-01-18-01-00-00,0,0,0
2017-01-18-01-15-00,0,0,0
2017-01-18-01-30-00,0,0,0
2017-01-18-01-45-00,0,0,0
2017-01-18-02-00-00,0,0,0
2017-01-18-02-15-00,0,0,0
2017-01-18-02-30-00,0,0,0
2017-01-18-02-45-00,0,0,0
2017-01-18-03-00-00,0,0,0
2017-01-18-03-15-00,0,0,0
2017-01-18-03-30-00,0,0,0
2017-01-18-03-45-00,0,0,0
2017-01-18-04-00-00,0,0,0
2017-01-18-04-15-00,0,0,0
2017-01-18-04-30-00,0,0,0
2017-01-18-04-45-00,0,0,0
2017-01-18-05-00-00,0,0,0
2017-01-18-05-15-00,1,0,1
2017-01-18-05-30-00,1,1,0
2017-01-18-05-45-00,1,0,1
2017-01-18-06-00-00,5,2,3
2017-01-18-06-15-00,3,1,2
2017-01-18-06-30-00,4,0,4
2017-01-18-06-45-00,6,4,2
2017-01-18-07-00-00,9,7,2
2017-01-18-07-15-00,18,3,15
2017-01-18-07-30-00,19,7,12
2017-01-18-07-45-00,28,7,21
2017-01-18-08-00-00,22,3,19
2017-01-18-08-15-00,19,0,19
2017-01-18-08-30-00,30,8,22
2017-01-18-08-45-00,29,5,24
2017-01-18-09-00-00,14,0,14
2017-01-18-09-15-00,12,3,9
2017-01-18-09-30-00,8,4,4
2017-01-18-09-45-00,8,2,6
2017-01-18-10-00-00,3,1,2
2017-01-18-10-15-00,4,0,4
2017-01-18-10-30-00,8,7,1
2017-01-18-10-45-00,1,1,0
2017-01-18-11-00-00,5,1,4
2017-01-18-11-15-00,5,2,3
2017-01-18-11-30-00,5,3,2
2017-01-18-11-45-00,4,3,1
2017-01-18-12-00-00,7,4,3
2017-01-18-12-15-00,2,2,0
2017-01-18-12-30-00,15,8,7
2017-01-18-12-45-00,1,1,0
2017-01-18-13-00-00,20,6,14
2017-01-18-13-15-00,6,2,4
2017-01-18-13-30-00,11,7,4
2017-01-18-13-45-00,5,1,4
2017-01-18-14-00-00,18,13,5
2017-01-18-14-15-00,10,4,6
2017-01-18-14-30-00,12,8,4
2017-01-18-14-45-00,7,2,5
2017-01-18-15-00-00,10,5,5
2017-01-18-15-15-00,15,8,7
2017-01-18-15-30-00,21,17,4
2017-01-18-15-45-00,13,8,5
2017-01-18-16-00-00,21,13,8
2017-01-18-16-15-00,22,17,5
2017-01-18-16-30-00,16,11,5
2017-01-18-16-45-00,31,21,10
2017-01-18-17-00-00,19,15,4
2017-01-18-17-15-00,32,30,2
2017-01-18-17-30-00,18,13,5
2017-01-18-17-45-00,21,16,5
2017-01-18-18-00-00,20,19,1
2017-01-18-18-15-00,15,14,1
2017-01-18-18-30-00,16,12,4
2017-01-18-18-45-00,14,11,3
2017-01-18-19-00-00,6,5,1
2017-01-18-19-15-00,7,5,2
2017-01-18-19-30-00,10,9,1
2017-01-18-19-45-00,4,3,1
2017-01-18-20-00-00,6,2,4
2017-01-18-20-15-00,2,1,1
2017-01-18-20-30-00,0,0,0
2017-01-18-20-45-00,2,0,2
2017-01-18-21-00-00,0,0,0
2017-01-18-21-15-00,1,1,0
2017-01-18-21-30-00,1,0,1
2017-01-18-21-45-00,1,0,1
2017-01-18-22-00-00,0,0,0
2017-01-18-22-15-00,0,0,0
2017-01-18-22-30-00,2,1,1
2017-01-18-22-45-00,0,0,0
2017-01-18-23-00-00,2,0,2
2017-01-18-23-15-00,1,0,1
2017-01-18-23-30-00,0,0,0
2017-01-18-23-45-00,1,1,0
2017-01-19-00-00-00,0,0,0
2017-01-19-00-15-00,0,0,0
2017-01-19-00-30-00,0,0,0
2017-01-19-00-45-00,0,0,0
2017-01-19-01-00-00,0,0,0
2017-01-19-01-15-00,0,0,0
2017-01-19-01-30-00,0,0,0
2017-01-19-01-45-00,0,0,0
2017-01-19-02-00-00,0,0,0
2017-01-19-02-15-00,0,0,0
2017-01-19-02-30-00,0,0,0
2017-01-19-02-45-00,0,0,0
2017-01-19-03-00-00,0,0,0
2017-01-19-03-15-00,0,0,0
2017-01-19-03-30-00,0,0,0
2017-01-19-03-45-00,0,0,0
2017-01-19-04-00-00,0,0,0
2017-01-19-04-15-00,0,0,0
2017-01-19-04-30-00,0,0,0
2017-01-19-04-45-00,0,0,0
2017-01-19-05-00-00,0,0,0
2017-01-19-05-15-00,0,0,0
2017-01-19-05-30-00,0,0,0
2017-01-19-05-45-00,1,0,1
2017-01-19-06-00-00,3,0,3
2017-01-19-06-15-00,3,0,3
2017-01-19-06-30-00,4,1,3
2017-01-19-06-45-00,9,2,7
2017-01-19-07-00-00,13,8,5
2017-01-19-07-15-00,14,2,12
2017-01-19-07-30-00,17,8,9
2017-01-19-07-45-00,32,9,23
2017-01-19-08-00-00,22,1,21
2017-01-19-08-15-00,26,6,20
2017-01-19-08-30-00,37,4,33
2017-01-19-08-45-00,24,3,21
2017-01-19-09-00-00,14,4,10
2017-01-19-09-15-00,12,3,9
2017-01-19-09-30-00,5,3,2
2017-01-19-09-45-00,10,5,5
2017-01-19-10-00-00,6,3,3
2017-01-19-10-15-00,4,2,2
2017-01-19-10-30-00,5,3,2
2017-01-19-10-45-00,5,1,4
2017-01-19-11-00-00,8,5,3
2017-01-19-11-15-00,4,1,3
2017-01-19-11-30-00,5,2,3
2017-01-19-11-45-00,10,7,3
2017-01-19-12-00-00,4,3,1
2017-01-19-12-15-00,6,5,1
2017-01-19-12-30-00,8,3,5
2017-01-19-12-45-00,12,7,5
2017-01-19-13-00-00,9,5,4
2017-01-19-13-15-00,8,3,5
2017-01-19-13-30-00,9,6,3
2017-01-19-13-45-00,11,7,4
2017-01-19-14-00-00,14,4,10
2017-01-19-14-15-00,13,6,7
2017-01-19-14-30-00,8,5,3
2017-01-19-14-45-00,16,10,6
2017-01-19-15-00-00,15,6,9
2017-01-19-15-15-00,15,10,5
2017-01-19-15-30-00,25,16,9
2017-01-19-15-45-00,20,18,2
2017-01-19-16-00-00,22,13,9
2017-01-19-16-15-00,27,17,10
2017-01-19-16-30-00,25,19,6
2017-01-19-16-45-00,23,20,3
2017-01-19-17-00-00,30,24,6
2017-01-19-17-15-00,25,22,3
2017-01-19-17-30-00,24,17,7
2017-01-19-17-45-00,24,18,6
2017-01-19-18-00-00,16,12,4
2017-01-19-18-15-00,16,13,3
2017-01-19-18-30-00,6,2,4
2017-01-19-18-45-00,7,5,2
2017-01-19-19-00-00,3,3,0
2017-01-19-19-15-00,3,2,1
2017-01-19-19-30-00,1,1,0
2017-01-19-19-45-00,7,4,3
2017-01-19-20-00-00,5,3,2
2017-01-19-20-15-00,6,3,3
2017-01-19-20-30-00,2,2,0
2017-01-19-20-45-00,2,0,2
2017-01-19-21-00-00,0,0,0
2017-01-19-21-15-00,1,1,0
2017-01-19-21-30-00,5,3,2
2017-01-19-21-45-00,2,2,0
2017-01-19-22-00-00,2,2,0
2017-01-19-22-15-00,1,0,1
2017-01-19-22-30-00,1,0,1
2017-01-19-22-45-00,0,0,0
2017-01-19-23-00-00,0,0,0
2017-01-19-23-15-00,0,0,0
2017-01-19-23-30-00,0,0,0
2017-01-19-23-45-00,0,0,0
2017-01-20-00-00-00,0,0,0
2017-01-20-00-15-00,0,0,0
2017-01-20-00-30-00,0,0,0
2017-01-20-00-45-00,0,0,0
2017-01-20-01-00-00,0,0,0
2017-01-20-01-15-00,0,0,0
2017-01-20-01-30-00,0,0,0
2017-01-20-01-45-00,0,0,0
2017-01-20-02-00-00,0,0,0
2017-01-20-02-15-00,0,0,0
2017-01-20-02-30-00,0,0,0
2017-01-20-02-45-00,0,0,0
2017-01-20-03-00-00,0,0,0
2017-01-20-03-15-00,0,0,0
2017-01-20-03-30-00,0,0,0
2017-01-20-03-45-00,0,0,0
2017-01-20-04-00-00,0,0,0
2017-01-20-04-15-00,0,0,0
2017-01-20-04-30-00,0,0,0
2017-01-20-04-45-00,0,0,0
2017-01-20-05-00-00,1,1,0
2017-01-20-05-15-00,0,0,0
2017-01-20-05-30-00,1,1,0
2017-01-20-05-45-00,1,0,1
2017-01-20-06-00-00,3,0,3
2017-01-20-06-15-00,2,1,1
2017-01-20-06-30-00,4,1,3
2017-01-20-06-45-00,6,4,2
2017-01-20-07-00-00,9,6,3
2017-01-20-07-15-00,14,2,12
2017-01-20-07-30-00,22,9,13
2017-01-20-07-45-00,17,3,14
2017-01-20-08-00-00,24,4,20
2017-01-20-08-15-00,23,2,21
2017-01-20-08-30-00,16,5,11
2017-01-20-08-45-00,21,2,19
2017-01-20-09-00-00,16,2,14
2017-01-20-09-15-00,12,5,7
2017-01-20-09-30-00,4,3,1
2017-01-20-09-45-00,7,6,1
2017-01-20-10-00-00,2,1,1
2017-01-20-10-15-00,5,3,2
2017-01-20-10-30-00,8,4,4
2017-01-20-10-45-00,8,3,5
2017-01-20-11-00-00,5,3,2
2017-01-20-11-15-00,8,2,6
2017-01-20-11-30-00,6,2,4
2017-01-20-11-45-00,3,0,3
2017-01-20-12-00-00,7,4,3
2017-01-20-12-15-00,6,3,3
2017-01-20-12-30-00,14,4,10
2017-01-20-12-45-00,9,7,2
2017-01-20-13-00-00,19,10,9
2017-01-20-13-15-00,20,10,10
2017-01-20-13-30-00,15,8,7
2017-01-20-13-45-00,18,10,8
2017-01-20-14-00-00,19,10,9
2017-01-20-14-15-00,13,8,5
2017-01-20-14-30-00,22,15,7
2017-01-20-14-45-00,25,19,6
2017-01-20-15-00-00,24,19,5
2017-01-20-15-15-00,30,20,10
2017-01-20-15-30-00,27,15,12
2017-01-20-15-45-00,26,17,9
2017-01-20-16-00-00,21,13,8
2017-01-20-16-15-00,26,16,10
2017-01-20-16-30-00,38,25,13
2017-01-20-16-45-00,29,20,9
2017-01-20-17-00-00,13,8,5
2017-01-20-17-15-00,14,11,3
2017-01-20-17-30-00,15,11,4
2017-01-20-17-45-00,14,9,5
2017-01-20-18-00-00,11,6,5
2017-01-20-18-15-00,8,7,1
2017-01-20-18-30-00,6,6,0
2017-01-20-18-45-00,4,4,0
2017-01-20-19-00-00,5,1,4
2017-01-20-19-15-00,11,11,0
2017-01-20-19-30-00,2,2,0
2017-01-20-19-45-00,5,1,4
2017-01-20-20-00-00,2,2,0
2017-01-20-20-15-00,3,1,2
2017-01-20-20-30-00,0,0,0
2017-01-20-20-45-00,1,1,0
2017-01-20-21-00-00,0,0,0
2017-01-20-21-15-00,0,0,0
2017-01-20-21-30-00,0,0,0
2017-01-20-21-45-00,2,1,1
2017-01-20-22-00-00,1,0,1
2017-01-20-22-15-00,1,1,0
2017-01-20-22-30-00,1,1,0
2017-01-20-22-45-00,1,0,1
2017-01-20-23-00-00,1,0,1
2017-01-20-23-15-00,2,2,0
2017-01-20-23-30-00,0,0,0
2017-01-20-23-45-00,0,0,0
2017-01-21-00-00-00,0,0,0
2017-01-21-00-15-00,0,0,0
2017-01-21-00-30-00,0,0,0
2017-01-21-00-45-00,0,0,0
2017-01-21-01-00-00,0,0,0
2017-01-21-01-15-00,0,0,0
2017-01-21-01-30-00,0,0,0
2017-01-21-01-45-00,1,0,1
2017-01-21-02-00-00,0,0,0
2017-01-21-02-15-00,0,0,0
2017-01-21-02-30-00,0,0,0
2017-01-21-02-45-00,0,0,0
2017-01-21-03-00-00,0,0,0
2017-01-21-03-15-00,0,0,0
2017-01-21-03-30-00,0,0,0
2017-01-21-03-45-00,0,0,0
2017-01-21-04-00-00,0,0,0
2017-01-21-04-15-00,0,0,0
2017-01-21-04-30-00,0,0,0
2017-01-21-04-45-00,0,0,0
2017-01-21-05-00-00,0,0,0
2017-01-21-05-15-00,0,0,0
2017-01-21-05-30-00,0,0,0
2017-01-21-05-45-00,2,0,2
2017-01-21-06-00-00,1,0,1
2017-01-21-06-15-00,0,0,0
2017-01-21-06-30-00,0,0,0
2017-01-21-06-45-00,0,0,0
2017-01-21-07-00-00,1,0,1
2017-01-21-07-15-00,0,0,0
2017-01-21-07-30-00,0,0,0
2017-01-21-07-45-00,1,0,1
2017-01-21-08-00-00,1,0,1
2017-01-21-08-15-00,2,0,2
2017-01-21-08-30-00,9,2,7
2017-01-21-08-45-00,7,4,3
2017-01-21-09-00-00,1,1,0
2017-01-21-09-15-00,4,1,3
2017-01-21-09-30-00,4,0,4
2017-01-21-09-45-00,4,4,0
2017-01-21-10-00-00,1,0,1
2017-01-21-10-15-00,3,1,2
2017-01-21-10-30-00,4,2,2
2017-01-21-10-45-00,8,5,3
2017-01-21-11-00-00,5,2,3
2017-01-21-11-15-00,13,6,7
2017-01-21-11-30-00,12,5,7
2017-01-21-11-45-00,7,3,4
2017-01-21-12-00-00,16,8,8
2017-01-21-12-15-00,11,8,3
2017-01-21-12-30-00,16,8,8
2017-01-21-12-45-00,17,7,10
2017-01-21-13-00-00,22,12,10
2017-01-21-13-15-00,24,9,15
2017-01-21-13-30-00,16,4,12
2017-01-21-13-45-00,24,13,11
2017-01-21-14-00-00,31,7,24
2017-01-21-14-15-00,24,7,17
2017-01-21-14-30-00,30,14,16
2017-01-21-14-45-00,32,18,14
2017-01-21-15-00-00,42,26,16
2017-01-21-15-15-00,38,18,20
2017-01-21-15-30-00,20,13,7
2017-01-21-15-45-00,24,15,9
2017-01-21-16-00-00,35,21,14
2017-01-21-16-15-00,35,23,12
2017-01-21-16-30-00,32,16,16
2017-01-21-16-45-00,20,14,6
2017-01-21-17-00-00,12,3,9
2017-01-21-17-15-00,6,5,1
2017-01-21-17-30-00,2,2,0
2017-01-21-17-45-00,2,1,1
2017-01-21-18-00-00,7,6,1
2017-01-21-18-15-00,3,1,2
2017-01-21-18-30-00,0,0,0
2017-01-21-18-45-00,4,3,1
2017-01-21-19-00-00,4,4,0
2017-01-21-19-15-00,2,1,1
2017-01-21-19-30-00,1,1,0
2017-01-21-19-45-00,0,0,0
2017-01-21-20-00-00,0,0,0
2017-01-21-20-15-00,0,0,0
2017-01-21-20-30-00,0,0,0
2017-01-21-20-45-00,0,0,0
2017-01-21-21-00-00,1,0,1
2017-01-21-21-15-00,0,0,0
2017-01-21-21-30-00,0,0,0
2017-01-21-21-45-00,2,2,0
2017-01-21-22-00-00,0,0,0
2017-01-21-22-15-00,0,0,0
2017-01-21-22-30-00,2,1,1
2017-01-21-22-45-00,2,0,2
2017-01-21-23-00-00,0,0,0
2017-01-21-23-15-00,0,0,0
2017-01-21-23-30-00,0,0,0
2017-01-21-23-45-00,0,0,0
2017-01-22-00-00-00,1,1,0
2017-01-22-00-15-00,1,0,1
2017-01-22-00-30-00,0,0,0
2017-01-22-00-45-00,0,0,0
2017-01-22-01-00-00,0,0,0
2017-01-22-01-15-00,0,0,0
2017-01-22-01-30-00,0,0,0
2017-01-22-01-45-00,2,0,2
2017-01-22-02-00-00,0,0,0
2017-01-22-02-15-00,0,0,0
2017-01-22-02-30-00,0,0,0
2017-01-22-02-45-00,0,0,0
2017-01-22-03-00-00,0,0,0
2017-01-22-03-15-00,0,0,0
2017-01-22-03-30-00,0,0,0
2017-01-22-03-45-00,0,0,0
2017-01-22-04-00-00,0,0,0
2017-01-22-04-15-00,1,0,1
2017-01-22-04-30-00,0,0,0
2017-01-22-04-45-00,0,0,0
2017-01-22-05-00-00,0,0,0
2017-01-22-05-15-00,0,0,0
2017-01-22-05-30-00,0,0,0
2017-01-22-05-45-00,0,0,0
2017-01-22-06-00-00,0,0,0
2017-01-22-06-15-00,0,0,0
2017-01-22-06-30-00,0,0,0
2017-01-22-06-45-00,0,0,0
2017-01-22-07-00-00,0,0,0
2017-01-22-07-15-00,1,1,0
2017-01-22-07-30-00,1,1,0
2017-01-22-07-45-00,0,0,0
2017-01-22-08-00-00,0,0,0
2017-01-22-08-15-00,1,1,0
2017-01-22-08-30-00,3,1,2
2017-01-22-08-45-00,1,1,0
2017-01-22-09-00-00,6,2,4
2017-01-22-09-15-00,4,2,2
2017-01-22-09-30-00,2,2,0
2017-01-22-09-45-00,2,1,1
2017-01-22-10-00-00,5,1,4
2017-01-22-10-15-00,4,2,2
2017-01-22-10-30-00,9,4,5
2017-01-22-10-45-00,8,5,3
2017-01-22-11-00-00,8,4,4
2017-01-22-11-15-00,13,5,8
2017-01-22-11-30-00,12,3,9
2017-01-22-11-45-00,12,4,8
2017-01-22-12-00-00,7,2,5
2017-01-22-12-15-00,15,5,10
2017-01-22-12-30-00,16,9,7
2017-01-22-12-45-00,22,10,12
2017-01-22-13-00-00,22,10,12
2017-01-22-13-15-00,31,10,21
2017-01-22-13-30-00,25,12,13
2017-01-22-13-45-00,27,12,15
2017-01-22-14-00-00,31,16,15
2017-01-22-14-15-00,36,13,23
2017-01-22-14-30-00,31,8,23
2017-01-22-14-45-00,35,19,16
2017-01-22-15-00-00,37,16,21
2017-01-22-15-15-00,32,17,15
2017-01-22-15-30-00,48,24,24
2017-01-22-15-45-00,34,21,13
2017-01-22-16-00-00,24,14,10
2017-01-22-16-15-00,32,16,16
2017-01-22-16-30-00,28,19,9
2017-01-22-16-45-00,28,15,13
2017-01-22-17-00-00,4,3,1
2017-01-22-17-15-00,15,14,1
2017-01-22-17-30-00,8,5,3
2017-01-22-17-45-00,7,6,1
2017-01-22-18-00-00,5,1,4
2017-01-22-18-15-00,0,0,0
2017-01-22-18-30-00,1,1,0
2017-01-22-18-45-00,2,2,0
2017-01-22-19-00-00,1,1,0
2017-01-22-19-15-00,1,0,1
2017-01-22-19-30-00,2,2,0
2017-01-22-19-45-00,1,0,1
2017-01-22-20-00-00,2,0,2
2017-01-22-20-15-00,1,1,0
2017-01-22-20-30-00,0,0,0
2017-01-22-20-45-00,2,0,2
2017-01-22-21-00-00,0,0,0
2017-01-22-21-15-00,0,0,0
2017-01-22-21-30-00,1,1,0
2017-01-22-21-45-00,0,0,0
2017-01-22-22-00-00,0,0,0
2017-01-22-22-15-00,0,0,0
2017-01-22-22-30-00,0,0,0
2017-01-22-22-45-00,1,0,1
2017-01-22-23-00-00,1,0,1
2017-01-22-23-15-00,0,0,0
2017-01-22-23-30-00,0,0,0
2017-01-22-23-45-00,0,0,0
2017-01-23-00-00-00,0,0,0
2017-01-23-00-15-00,0,0,0
2017-01-23-00-30-00,0,0,0
2017-01-23-00-45-00,0,0,0
2017-01-23-01-00-00,0,0,0
2017-01-23-01-15-00,0,0,0
2017-01-23-01-30-00,0,0,0
2017-01-23-01-45-00,0,0,0
2017-01-23-02-00-00,0,0,0
2017-01-23-02-15-00,0,0,0
2017-01-23-02-30-00,0,0,0
2017-01-23-02-45-00,0,0,0
2017-01-23-03-00-00,0,0,0
2017-01-23-03-15-00,0,0,0
2017-01-23-03-30-00,0,0,0
2017-01-23-03-45-00,0,0,0
2017-01-23-04-00-00,0,0,0
2017-01-23-04-15-00,0,0,0
2017-01-23-04-30-00,0,0,0
2017-01-23-04-45-00,0,0,0
2017-01-23-05-00-00,0,0,0
2017-01-23-05-15-00,1,0,1
2017-01-23-05-30-00,0,0,0
2017-01-23-05-45-00,0,0,0
2017-01-23-06-00-00,2,0,2
2017-01-23-06-15-00,3,1,2
2017-01-23-06-30-00,3,1,2
2017-01-23-06-45-00,8,3,5
2017-01-23-07-00-00,7,3,4
2017-01-23-07-15-00,14,7,7
2017-01-23-07-30-00,26,12,14
2017-01-23-07-45-00,18,3,15
2017-01-23-08-00-00,30,7,23
2017-01-23-08-15-00,21,4,17
2017-01-23-08-30-00,33,8,25
2017-01-23-08-45-00,22,3,19
2017-01-23-09-00-00,21,4,17
2017-01-23-09-15-00,16,1,15
2017-01-23-09-30-00,10,4,6
2017-01-23-09-45-00,7,1,6
2017-01-23-10-00-00,5,4,1
2017-01-23-10-15-00,7,2,5
2017-01-23-10-30-00,7,3,4
2017-01-23-10-45-00,1,0,1
2017-01-23-11-00-00,8,4,4
2017-01-23-11-15-00,2,1,1
2017-01-23-11-30-00,4,2,2
2017-01-23-11-45-00,3,3,0
2017-01-23-12-00-00,4,3,1
2017-01-23-12-15-00,2,1,1
2017-01-23-12-30-00,3,1,2
2017-01-23-12-45-00,3,1,2
2017-01-23-13-00-00,5,4,1
2017-01-23-13-15-00,4,0,4
2017-01-23-13-30-00,8,5,3
2017-01-23-13-45-00,7,2,5
2017-01-23-14-00-00,11,6,5
2017-01-23-14-15-00,6,5,1
2017-01-23-14-30-00,12,4,8
2017-01-23-14-45-00,9,5,4
2017-01-23-15-00-00,6,5,1
2017-01-23-15-15-00,5,3,2
2017-01-23-15-30-00,14,9,5
2017-01-23-15-45-00,14,9,5
2017-01-23-16-00-00,15,13,2
2017-01-23-16-15-00,15,10,5
2017-01-23-16-30-00,19,14,5
2017-01-23-16-45-00,21,16,5
2017-01-23-17-00-00,26,23,3
2017-01-23-17-15-00,20,16,4
2017-01-23-17-30-00,20,17,3
2017-01-23-17-45-00,17,15,2
2017-01-23-18-00-00,15,9,6
2017-01-23-18-15-00,12,9,3
2017-01-23-18-30-00,20,17,3
2017-01-23-18-45-00,9,5,4
2017-01-23-19-00-00,17,14,3
2017-01-23-19-15-00,4,3,1
2017-01-23-19-30-00,2,2,0
2017-01-23-19-45-00,10,8,2
2017-01-23-20-00-00,1,1,0
2017-01-23-20-15-00,1,1,0
2017-01-23-20-30-00,2,1,1
2017-01-23-20-45-00,1,0,1
2017-01-23-21-00-00,2,0,2
2017-01-23-21-15-00,1,0,1
2017-01-23-21-30-00,2,1,1
2017-01-23-21-45-00,3,2,1
2017-01-23-22-00-00,1,0,1
2017-01-23-22-15-00,2,2,0
2017-01-23-22-30-00,2,0,2
2017-01-23-22-45-00,0,0,0
2017-01-23-23-00-00,0,0,0
2017-01-23-23-15-00,0,0,0
2017-01-23-23-30-00,0,0,0
2017-01-23-23-45-00,0,0,0
2017-01-24-00-00-00,0,0,0
2017-01-24-00-15-00,0,0,0
2017-01-24-00-30-00,0,0,0
2017-01-24-00-45-00,0,0,0
2017-01-24-01-00-00,0,0,0
2017-01-24-01-15-00,0,0,0
2017-01-24-01-30-00,0,0,0
2017-01-24-01-45-00,0,0,0
2017-01-24-02-00-00,0,0,0
2017-01-24-02-15-00,0,0,0
2017-01-24-02-30-00,0,0,0
2017-01-24-02-45-00,0,0,0
2017-01-24-03-00-00,0,0,0
2017-01-24-03-15-00,0,0,0
2017-01-24-03-30-00,0,0,0
2017-01-24-03-45-00,0,0,0
2017-01-24-04-00-00,0,0,0
2017-01-24-04-15-00,0,0,0
2017-01-24-04-30-00,0,0,0
2017-01-24-04-45-00,0,0,0
2017-01-24-05-00-00,0,0,0
2017-01-24-05-15-00,0,0,0
2017-01-24-05-30-00,3,1,2
2017-01-24-05-45-00,3,1,2
2017-01-24-06-00-00,1,0,1
2017-01-24-06-15-00,1,0,1
2017-01-24-06-30-00,4,1,3
2017-01-24-06-45-00,6,3,3
2017-01-24-07-00-00,10,6,4
2017-01-24-07-15-00,20,5,15
2017-01-24-07-30-00,22,12,10
2017-01-24-07-45-00,21,3,18
2017-01-24-08-00-00,16,2,14
2017-01-24-08-15-00,23,4,19
2017-01-24-08-30-00,30,6,24
2017-01-24-08-45-00,25,1,24
2017-01-24-09-00-00,10,1,9
2017-01-24-09-15-00,12,2,10
2017-01-24-09-30-00,7,0,7
2017-01-24-09-45-00,6,2,4
2017-01-24-10-00-00,4,0,4
2017-01-24-10-15-00,2,0,2
2017-01-24-10-30-00,3,2,1
2017-01-24-10-45-00,6,4,2
2017-01-24-11-00-00,2,1,1
2017-01-24-11-15-00,2,1,1
2017-01-24-11-30-00,3,2,1
2017-01-24-11-45-00,2,2,0
2017-01-24-12-00-00,7,5,2
2017-01-24-12-15-00,10,5,5
2017-01-24-12-30-00,2,1,1
2017-01-24-12-45-00,5,2,3
2017-01-24-13-00-00,12,6,6
2017-01-24-13-15-00,5,3,2
2017-01-24-13-30-00,7,5,2
2017-01-24-13-45-00,10,5,5
2017-01-24-14-00-00,7,4,3
2017-01-24-14-15-00,7,5,2
2017-01-24-14-30-00,11,7,4
2017-01-24-14-45-00,12,4,8
2017-01-24-15-00-00,9,3,6
2017-01-24-15-15-00,11,7,4
2017-01-24-15-30-00,13,9,4
2017-01-24-15-45-00,15,10,5
2017-01-24-16-00-00,12,5,7
2017-01-24-16-15-00,19,14,5
2017-01-24-16-30-00,17,14,3
2017-01-24-16-45-00,17,12,5
2017-01-24-17-00-00,19,13,6
2017-01-24-17-15-00,21,13,8
2017-01-24-17-30-00,15,13,2
2017-01-24-17-45-00,19,17,2
2017-01-24-18-00-00,18,14,4
2017-01-24-18-15-00,14,9,5
2017-01-24-18-30-00,14,12,2
2017-01-24-18-45-00,10,5,5
2017-01-24-19-00-00,6,5,1
2017-01-24-19-15-00,8,5,3
2017-01-24-19-30-00,3,2,1
2017-01-24-19-45-00,4,3,1
2017-01-24-20-00-00,1,1,0
2017-01-24-20-15-00,6,4,2
2017-01-24-20-30-00,4,4,0
2017-01-24-20-45-00,1,0,1
2017-01-24-21-00-00,4,2,2
2017-01-24-21-15-00,0,0,0
2017-01-24-21-30-00,1,1,0
2017-01-24-21-45-00,0,0,0
2017-01-24-22-00-00,0,0,0
2017-01-24-22-15-00,0,0,0
2017-01-24-22-30-00,0,0,0
2017-01-24-22-45-00,0,0,0
2017-01-24-23-00-00,1,1,0
2017-01-24-23-15-00,0,0,0
2017-01-24-23-30-00,0,0,0
2017-01-24-23-45-00,0,0,0
2017-01-25-00-00-00,1,1,0
2017-01-25-00-15-00,0,0,0
2017-01-25-00-30-00,0,0,0
2017-01-25-00-45-00,0,0,0
2017-01-25-01-00-00,0,0,0
2017-01-25-01-15-00,0,0,0
2017-01-25-01-30-00,0,0,0
2017-01-25-01-45-00,0,0,0
2017-01-25-02-00-00,0,0,0
2017-01-25-02-15-00,0,0,0
2017-01-25-02-30-00,0,0,0
2017-01-25-02-45-00,0,0,0
2017-01-25-03-00-00,0,0,0
2017-01-25-03-15-00,0,0,0
2017-01-25-03-30-00,0,0,0
2017-01-25-03-45-00,0,0,0
2017-01-25-04-00-00,0,0,0
2017-01-25-04-15-00,0,0,0
2017-01-25-04-30-00,0,0,0
2017-01-25-04-45-00,0,0,0
2017-01-25-05-00-00,0,0,0
2017-01-25-05-15-00,1,0,1
2017-01-25-05-30-00,2,1,1
2017-01-25-05-45-00,3,0,3
2017-01-25-06-00-00,1,0,1
2017-01-25-06-15-00,0,0,0
2017-01-25-06-30-00,7,1,6
2017-01-25-06-45-00,8,3,5
2017-01-25-07-00-00,8,6,2
2017-01-25-07-15-00,20,8,12
2017-01-25-07-30-00,24,5,19
2017-01-25-07-45-00,21,5,16
2017-01-25-08-00-00,29,0,29
2017-01-25-08-15-00,34,4,30
2017-01-25-08-30-00,20,4,16
2017-01-25-08-45-00,22,4,18
2017-01-25-09-00-00,12,1,11
2017-01-25-09-15-00,12,4,8
2017-01-25-09-30-00,10,4,6
2017-01-25-09-45-00,12,6,6
2017-01-25-10-00-00,7,1,6
2017-01-25-10-15-00,8,5,3
2017-01-25-10-30-00,5,3,2
2017-01-25-10-45-00,8,5,3
2017-01-25-11-00-00,3,2,1
2017-01-25-11-15-00,3,1,2
2017-01-25-11-30-00,8,4,4
2017-01-25-11-45-00,9,5,4
2017-01-25-12-00-00,6,2,4
2017-01-25-12-15-00,5,5,0
2017-01-25-12-30-00,10,3,7
2017-01-25-12-45-00,5,3,2
2017-01-25-13-00-00,2,2,0
2017-01-25-13-15-00,9,4,5
2017-01-25-13-30-00,7,6,1
2017-01-25-13-45-00,6,3,3
2017-01-25-14-00-00,9,5,4
2017-01-25-14-15-00,5,3,2
2017-01-25-14-30-00,8,4,4
2017-01-25-14-45-00,6,6,0
2017-01-25-15-00-00,7,2,5
2017-01-25-15-15-00,11,6,5
2017-01-25-15-30-00,8,5,3
2017-01-25-15-45-00,11,9,2
2017-01-25-16-00-00,12,9,3
2017-01-25-16-15-00,20,13,7
2017-01-25-16-30-00,21,15,6
2017-01-25-16-45-00,17,10,7
2017-01-25-17-00-00,19,16,3
2017-01-25-17-15-00,23,20,3
2017-01-25-17-30-00,25,20,5
2017-01-25-17-45-00,23,21,2
2017-01-25-18-00-00,14,13,1
2017-01-25-18-15-00,23,20,3
2017-01-25-18-30-00,20,16,4
2017-01-25-18-45-00,8,8,0
2017-01-25-19-00-00,5,4,1
2017-01-25-19-15-00,3,3,0
2017-01-25-19-30-00,4,3,1
2017-01-25-19-45-00,11,7,4
2017-01-25-20-00-00,3,0,3
2017-01-25-20-15-00,4,4,0
2017-01-25-20-30-00,2,2,0
2017-01-25-20-45-00,5,2,3
2017-01-25-21-00-00,0,0,0
2017-01-25-21-15-00,2,1,1
2017-01-25-21-30-00,3,1,2
2017-01-25-21-45-00,1,1,0
2017-01-25-22-00-00,0,0,0
2017-01-25-22-15-00,0,0,0
2017-01-25-22-30-00,0,0,0
2017-01-25-22-45-00,4,3,1
2017-01-25-23-00-00,2,2,0
2017-01-25-23-15-00,1,0,1
2017-01-25-23-30-00,0,0,0
2017-01-25-23-45-00,0,0,0
2017-01-26-00-00-00,0,0,0
2017-01-26-00-15-00,0,0,0
2017-01-26-00-30-00,0,0,0
2017-01-26-00-45-00,1,0,1
2017-01-26-01-00-00,0,0,0
2017-01-26-01-15-00,0,0,0
2017-01-26-01-30-00,0,0,0
2017-01-26-01-45-00,0,0,0
2017-01-26-02-00-00,0,0,0
2017-01-26-02-15-00,0,0,0
2017-01-26-02-30-00,0,0,0
2017-01-26-02-45-00,0,0,0
2017-01-26-03-00-00,0,0,0
2017-01-26-03-15-00,0,0,0
2017-01-26-03-30-00,0,0,0
2017-01-26-03-45-00,0,0,0
2017-01-26-04-00-00,0,0,0
2017-01-26-04-15-00,0,0,0
2017-01-26-04-30-00,0,0,0
2017-01-26-04-45-00,0,0,0
2017-01-26-05-00-00,1,1,0
2017-01-26-05-15-00,1,0,1
2017-01-26-05-30-00,0,0,0
2017-01-26-05-45-00,2,0,2
2017-01-26-06-00-00,5,0,5
2017-01-26-06-15-00,5,1,4
2017-01-26-06-30-00,3,2,1
2017-01-26-06-45-00,7,0,7
2017-01-26-07-00-00,8,5,3
2017-01-26-07-15-00,16,5,11
2017-01-26-07-30-00,22,10,12
2017-01-26-07-45-00,21,5,16
2017-01-26-08-00-00,27,1,26
2017-01-26-08-15-00,26,6,20
2017-01-26-08-30-00,31,8,23
2017-01-26-08-45-00,32,3,29
2017-01-26-09-00-00,18,2,16
2017-01-26-09-15-00,16,3,13
2017-01-26-09-30-00,12,3,9
2017-01-26-09-45-00,8,3,5
2017-01-26-10-00-00,7,2,5
2017-01-26-10-15-00,8,1,7
2017-01-26-10-30-00,4,3,1
2017-01-26-10-45-00,9,8,1
2017-01-26-11-00-00,8,6,2
2017-01-26-11-15-00,3,0,3
2017-01-26-11-30-00,13,9,4
2017-01-26-11-45-00,4,2,2
2017-01-26-12-00-00,1,1,0
2017-01-26-12-15-00,11,5,6
2017-01-26-12-30-00,8,4,4
2017-01-26-12-45-00,11,7,4
2017-01-26-13-00-00,13,6,7
2017-01-26-13-15-00,9,3,6
2017-01-26-13-30-00,11,5,6
2017-01-26-13-45-00,15,8,7
2017-01-26-14-00-00,11,4,7
2017-01-26-14-15-00,17,10,7
2017-01-26-14-30-00,21,7,14
2017-01-26-14-45-00,11,6,5
2017-01-26-15-00-00,21,14,7
2017-01-26-15-15-00,14,10,4
2017-01-26-15-30-00,20,13,7
2017-01-26-15-45-00,24,15,9
2017-01-26-16-00-00,25,12,13
2017-01-26-16-15-00,36,20,16
2017-01-26-16-30-00,32,24,8
2017-01-26-16-45-00,24,19,5
2017-01-26-17-00-00,19,15,4
2017-01-26-17-15-00,32,27,5
2017-01-26-17-30-00,21,16,5
2017-01-26-17-45-00,23,18,5
2017-01-26-18-00-00,22,16,6
2017-01-26-18-15-00,13,10,3
2017-01-26-18-30-00,12,11,1
2017-01-26-18-45-00,10,7,3
2017-01-26-19-00-00,15,12,3
2017-01-26-19-15-00,7,6,1
2017-01-26-19-30-00,6,4,2
2017-01-26-19-45-00,2,2,0
2017-01-26-20-00-00,5,3,2
2017-01-26-20-15-00,1,1,0
2017-01-26-20-30-00,1,0,1
2017-01-26-20-45-00,4,1,3
2017-01-26-21-00-00,2,2,0
2017-01-26-21-15-00,1,0,1
2017-01-26-21-30-00,0,0,0
2017-01-26-21-45-00,0,0,0
2017-01-26-22-00-00,2,2,0
2017-01-26-22-15-00,3,2,1
2017-01-26-22-30-00,1,0,1
2017-01-26-22-45-00,0,0,0
2017-01-26-23-00-00,0,0,0
2017-01-26-23-15-00,0,0,0
2017-01-26-23-30-00,0,0,0
2017-01-26-23-45-00,2,0,2
2017-01-27-00-00-00,0,0,0
2017-01-27-00-15-00,0,0,0
2017-01-27-00-30-00,0,0,0
2017-01-27-00-45-00,0,0,0
2017-01-27-01-00-00,0,0,0
2017-01-27-01-15-00,0,0,0
2017-01-27-01-30-00,0,0,0
2017-01-27-01-45-00,0,0,0
2017-01-27-02-00-00,0,0,0
2017-01-27-02-15-00,0,0,0
2017-01-27-02-30-00,0,0,0
2017-01-27-02-45-00,0,0,0
2017-01-27-03-00-00,0,0,0
2017-01-27-03-15-00,0,0,0
2017-01-27-03-30-00,0,0,0
2017-01-27-03-45-00,0,0,0
2017-01-27-04-00-00,0,0,0
2017-01-27-04-15-00,0,0,0
2017-01-27-04-30-00,0,0,0
2017-01-27-04-45-00,0,0,0
2017-01-27-05-00-00,0,0,0
2017-01-27-05-15-00,0,0,0
2017-01-27-05-30-00,1,1,0
2017-01-27-05-45-00,2,1,1
2017-01-27-06-00-00,5,1,4
2017-01-27-06-15-00,4,0,4
2017-01-27-06-30-00,5,0,5
2017-01-27-06-45-00,8,4,4
2017-01-27-07-00-00,7,4,3
2017-01-27-07-15-00,11,2,9
2017-01-27-07-30-00,25,11,14
2017-01-27-07-45-00,26,6,20
2017-01-27-08-00-00,24,6,18
2017-01-27-08-15-00,29,6,23
2017-01-27-08-30-00,28,7,21
2017-01-27-08-45-00,31,2,29
2017-01-27-09-00-00,16,2,14
2017-01-27-09-15-00,3,2,1
2017-01-27-09-30-00,8,3,5
2017-01-27-09-45-00,5,2,3
2017-01-27-10-00-00,5,2,3
2017-01-27-10-15-00,4,2,2
2017-01-27-10-30-00,2,2,0
2017-01-27-10-45-00,8,5,3
2017-01-27-11-00-00,8,6,2
2017-01-27-11-15-00,7,2,5
2017-01-27-11-30-00,9,5,4
2017-01-27-11-45-00,4,3,1
2017-01-27-12-00-00,3,2,1
2017-01-27-12-15-00,8,3,5
2017-01-27-12-30-00,11,5,6
2017-01-27-12-45-00,10,8,2
2017-01-27-13-00-00,14,6,8
2017-01-27-13-15-00,16,9,7
2017-01-27-13-30-00,12,10,2
2017-01-27-13-45-00,10,8,2
2017-01-27-14-00-00,8,5,3
2017-01-27-14-15-00,7,3,4
2017-01-27-14-30-00,12,4,8
2017-01-27-14-45-00,23,16,7
2017-01-27-15-00-00,12,9,3
2017-01-27-15-15-00,16,12,4
2017-01-27-15-30-00,22,16,6
2017-01-27-15-45-00,17,10,7
2017-01-27-16-00-00,27,19,8
2017-01-27-16-15-00,29,26,3
2017-01-27-16-30-00,20,15,5
2017-01-27-16-45-00,20,15,5
2017-01-27-17-00-00,23,12,11
2017-01-27-17-15-00,22,16,6
2017-01-27-17-30-00,15,12,3
2017-01-27-17-45-00,13,7,6
2017-01-27-18-00-00,10,6,4
2017-01-27-18-15-00,11,10,1
2017-01-27-18-30-00,9,7,2
2017-01-27-18-45-00,3,3,0
2017-01-27-19-00-00,5,4,1
2017-01-27-19-15-00,2,1,1
2017-01-27-19-30-00,3,2,1
2017-01-27-19-45-00,1,1,0
2017-01-27-20-00-00,2,1,1
2017-01-27-20-15-00,5,1,4
2017-01-27-20-30-00,3,2,1
2017-01-27-20-45-00,0,0,0
2017-01-27-21-00-00,2,2,0
2017-01-27-21-15-00,1,1,0
2017-01-27-21-30-00,4,1,3
2017-01-27-21-45-00,0,0,0
2017-01-27-22-00-00,0,0,0
2017-01-27-22-15-00,2,2,0
2017-01-27-22-30-00,4,1,3
2017-01-27-22-45-00,0,0,0
2017-01-27-23-00-00,1,0,1
2017-01-27-23-15-00,0,0,0
2017-01-27-23-30-00,0,0,0
2017-01-27-23-45-00,0,0,0
2017-01-28-00-00-00,0,0,0
2017-01-28-00-15-00,0,0,0
2017-01-28-00-30-00,1,0,1
2017-01-28-00-45-00,0,0,0
2017-01-28-01-00-00,0,0,0
2017-01-28-01-15-00,0,0,0
2017-01-28-01-30-00,0,0,0
2017-01-28-01-45-00,0,0,0
2017-01-28-02-00-00,0,0,0
2017-01-28-02-15-00,0,0,0
2017-01-28-02-30-00,0,0,0
2017-01-28-02-45-00,2,1,1
2017-01-28-03-00-00,0,0,0
2017-01-28-03-15-00,0,0,0
2017-01-28-03-30-00,0,0,0
2017-01-28-03-45-00,0,0,0
2017-01-28-04-00-00,0,0,0
2017-01-28-04-15-00,0,0,0
2017-01-28-04-30-00,0,0,0
2017-01-28-04-45-00,0,0,0
2017-01-28-05-00-00,0,0,0
2017-01-28-05-15-00,0,0,0
2017-01-28-05-30-00,0,0,0
2017-01-28-05-45-00,0,0,0
2017-01-28-06-00-00,0,0,0
2017-01-28-06-15-00,0,0,0
2017-01-28-06-30-00,0,0,0
2017-01-28-06-45-00,1,0,1
2017-01-28-07-00-00,2,1,1
2017-01-28-07-15-00,0,0,0
2017-01-28-07-30-00,2,1,1
2017-01-28-07-45-00,0,0,0
2017-01-28-08-00-00,2,2,0
2017-01-28-08-15-00,1,1,0
2017-01-28-08-30-00,6,3,3
2017-01-28-08-45-00,3,1,2
2017-01-28-09-00-00,1,1,0
2017-01-28-09-15-00,2,2,0
2017-01-28-09-30-00,7,4,3
2017-01-28-09-45-00,8,2,6
2017-01-28-10-00-00,4,1,3
2017-01-28-10-15-00,10,6,4
2017-01-28-10-30-00,9,6,3
2017-01-28-10-45-00,8,5,3
2017-01-28-11-00-00,9,5,4
2017-01-28-11-15-00,11,6,5
2017-01-28-11-30-00,9,7,2
2017-01-28-11-45-00,22,9,13
2017-01-28-12-00-00,17,8,9
2017-01-28-12-15-00,17,12,5
2017-01-28-12-30-00,18,12,6
2017-01-28-12-45-00,15,9,6
2017-01-28-13-00-00,28,16,12
2017-01-28-13-15-00,13,5,8
2017-01-28-13-30-00,10,3,7
2017-01-28-13-45-00,14,6,8
2017-01-28-14-00-00,26,13,13
2017-01-28-14-15-00,11,6,5
2017-01-28-14-30-00,33,13,20
2017-01-28-14-45-00,21,10,11
2017-01-28-15-00-00,20,10,10
2017-01-28-15-15-00,18,7,11
2017-01-28-15-30-00,31,15,16
2017-01-28-15-45-00,21,15,6
2017-01-28-16-00-00,19,10,9
2017-01-28-16-15-00,34,22,12
2017-01-28-16-30-00,14,10,4
2017-01-28-16-45-00,13,10,3
2017-01-28-17-00-00,14,10,4
2017-01-28-17-15-00,8,4,4
2017-01-28-17-30-00,9,5,4
2017-01-28-17-45-00,9,8,1
2017-01-28-18-00-00,1,0,1
2017-01-28-18-15-00,4,3,1
2017-01-28-18-30-00,4,1,3
2017-01-28-18-45-00,4,1,3
2017-01-28-19-00-00,5,0,5
2017-01-28-19-15-00,1,1,0
2017-01-28-19-30-00,0,0,0
2017-01-28-19-45-00,2,0,2
2017-01-28-20-00-00,2,1,1
2017-01-28-20-15-00,1,1,0
2017-01-28-20-30-00,2,0,2
2017-01-28-20-45-00,1,0,1
2017-01-28-21-00-00,0,0,0
2017-01-28-21-15-00,1,0,1
2017-01-28-21-30-00,1,0,1
2017-01-28-21-45-00,3,2,1
2017-01-28-22-00-00,0,0,0
2017-01-28-22-15-00,5,5,0
2017-01-28-22-30-00,1,1,0
2017-01-28-22-45-00,2,0,2
2017-01-28-23-00-00,0,0,0
2017-01-28-23-15-00,3,1,2
2017-01-28-23-30-00,1,0,1
2017-01-28-23-45-00,0,0,0
2017-01-29-00-00-00,0,0,0
2017-01-29-00-15-00,0,0,0
2017-01-29-00-30-00,0,0,0
2017-01-29-00-45-00,0,0,0
2017-01-29-01-00-00,0,0,0
2017-01-29-01-15-00,1,0,1
2017-01-29-01-30-00,0,0,0
2017-01-29-01-45-00,0,0,0
2017-01-29-02-00-00,2,2,0
2017-01-29-02-15-00,1,0,1
2017-01-29-02-30-00,0,0,0
2017-01-29-02-45-00,0,0,0
2017-01-29-03-00-00,0,0,0
2017-01-29-03-15-00,0,0,0
2017-01-29-03-30-00,0,0,0
2017-01-29-03-45-00,0,0,0
2017-01-29-04-00-00,0,0,0
2017-01-29-04-15-00,0,0,0
2017-01-29-04-30-00,0,0,0
2017-01-29-04-45-00,0,0,0
2017-01-29-05-00-00,0,0,0
2017-01-29-05-15-00,0,0,0
2017-01-29-05-30-00,0,0,0
2017-01-29-05-45-00,0,0,0
2017-01-29-06-00-00,0,0,0
2017-01-29-06-15-00,0,0,0
2017-01-29-06-30-00,0,0,0
2017-01-29-06-45-00,0,0,0
2017-01-29-07-00-00,0,0,0
2017-01-29-07-15-00,0,0,0
2017-01-29-07-30-00,2,2,0
2017-01-29-07-45-00,0,0,0
2017-01-29-08-00-00,0,0,0
2017-01-29-08-15-00,3,1,2
2017-01-29-08-30-00,2,2,0
2017-01-29-08-45-00,3,3,0
2017-01-29-09-00-00,10,5,5
2017-01-29-09-15-00,4,1,3
2017-01-29-09-30-00,8,2,6
2017-01-29-09-45-00,8,3,5
2017-01-29-10-00-00,9,3,6
2017-01-29-10-15-00,13,3,10
2017-01-29-10-30-00,25,13,12
2017-01-29-10-45-00,11,10,1
2017-01-29-11-00-00,20,6,14
2017-01-29-11-15-00,8,4,4
2017-01-29-11-30-00,11,4,7
2017-01-29-11-45-00,16,11,5
2017-01-29-12-00-00,13,6,7
2017-01-29-12-15-00,20,13,7
2017-01-29-12-30-00,20,11,9
2017-01-29-12-45-00,11,4,7
2017-01-29-13-00-00,23,10,13
2017-01-29-13-15-00,22,9,13
2017-01-29-13-30-00,19,12,7
2017-01-29-13-45-00,27,10,17
2017-01-29-14-00-00,30,11,19
2017-01-29-14-15-00,27,8,19
2017-01-29-14-30-00,30,19,11
2017-01-29-14-45-00,25,10,15
2017-01-29-15-00-00,15,6,9
2017-01-29-15-15-00,26,20,6
2017-01-29-15-30-00,14,8,6
2017-01-29-15-45-00,18,14,4
2017-01-29-16-00-00,16,9,7
2017-01-29-16-15-00,15,8,7
2017-01-29-16-30-00,19,9,10
2017-01-29-16-45-00,24,13,11
2017-01-29-17-00-00,37,17,20
2017-01-29-17-15-00,7,3,4
2017-01-29-17-30-00,5,3,2
2017-01-29-17-45-00,6,6,0
2017-01-29-18-00-00,4,3,1
2017-01-29-18-15-00,5,3,2
2017-01-29-18-30-00,8,8,0
2017-01-29-18-45-00,2,2,0
2017-01-29-19-00-00,2,2,0
2017-01-29-19-15-00,4,0,4
2017-01-29-19-30-00,0,0,0
2017-01-29-19-45-00,1,0,1
2017-01-29-20-00-00,1,1,0
2017-01-29-20-15-00,0,0,0
2017-01-29-20-30-00,2,1,1
2017-01-29-20-45-00,0,0,0
2017-01-29-21-00-00,0,0,0
2017-01-29-21-15-00,0,0,0
2017-01-29-21-30-00,0,0,0
2017-01-29-21-45-00,3,1,2
2017-01-29-22-00-00,0,0,0
2017-01-29-22-15-00,0,0,0
2017-01-29-22-30-00,0,0,0
2017-01-29-22-45-00,1,1,0
2017-01-29-23-00-00,0,0,0
2017-01-29-23-15-00,2,0,2
2017-01-29-23-30-00,0,0,0
2017-01-29-23-45-00,0,0,0
2017-01-30-00-00-00,0,0,0
2017-01-30-00-15-00,1,0,1
2017-01-30-00-30-00,0,0,0
2017-01-30-00-45-00,0,0,0
2017-01-30-01-00-00,0,0,0
2017-01-30-01-15-00,0,0,0
2017-01-30-01-30-00,0,0,0
2017-01-30-01-45-00,0,0,0
2017-01-30-02-00-00,0,0,0
2017-01-30-02-15-00,0,0,0
2017-01-30-02-30-00,0,0,0
2017-01-30-02-45-00,0,0,0
2017-01-30-03-00-00,0,0,0
2017-01-30-03-15-00,0,0,0
2017-01-30-03-30-00,0,0,0
2017-01-30-03-45-00,0,0,0
2017-01-30-04-00-00,0,0,0
2017-01-30-04-15-00,0,0,0
2017-01-30-04-30-00,0,0,0
2017-01-30-04-45-00,0,0,0
2017-01-30-05-00-00,0,0,0
2017-01-30-05-15-00,0,0,0
2017-01-30-05-30-00,1,1,0
2017-01-30-05-45-00,3,1,2
2017-01-30-06-00-00,2,0,2
2017-01-30-06-15-00,6,0,6
2017-01-30-06-30-00,2,0,2
2017-01-30-06-45-00,5,3,2
2017-01-30-07-00-00,7,3,4
2017-01-30-07-15-00,9,1,8
2017-01-30-07-30-00,18,8,10
2017-01-30-07-45-00,24,5,19
2017-01-30-08-00-00,23,2,21
2017-01-30-08-15-00,19,4,15
2017-01-30-08-30-00,26,8,18
2017-01-30-08-45-00,26,5,21
2017-01-30-09-00-00,17,3,14
2017-01-30-09-15-00,12,4,8
2017-01-30-09-30-00,5,3,2
2017-01-30-09-45-00,8,3,5
2017-01-30-10-00-00,8,2,6
2017-01-30-10-15-00,5,2,3
2017-01-30-10-30-00,3,1,2
2017-01-30-10-45-00,13,8,5
2017-01-30-11-00-00,3,1,2
2017-01-30-11-15-00,4,2,2
2017-01-30-11-30-00,2,2,0
2017-01-30-11-45-00,5,2,3
2017-01-30-12-00-00,1,1,0
2017-01-30-12-15-00,1,0,1
2017-01-30-12-30-00,1,0,1
2017-01-30-12-45-00,3,2,1
2017-01-30-13-00-00,4,3,1
2017-01-30-13-15-00,5,1,4
2017-01-30-13-30-00,8,3,5
2017-01-30-13-45-00,6,4,2
2017-01-30-14-00-00,3,2,1
2017-01-30-14-15-00,3,1,2
2017-01-30-14-30-00,6,5,1
2017-01-30-14-45-00,3,2,1
2017-01-30-15-00-00,13,8,5
2017-01-30-15-15-00,11,5,6
2017-01-30-15-30-00,14,9,5
2017-01-30-15-45-00,13,9,4
2017-01-30-16-00-00,13,10,3
2017-01-30-16-15-00,23,17,6
2017-01-30-16-30-00,13,11,2
2017-01-30-16-45-00,22,12,10
2017-01-30-17-00-00,32,21,11
2017-01-30-17-15-00,19,15,4
2017-01-30-17-30-00,21,18,3
2017-01-30-17-45-00,10,8,2
2017-01-30-18-00-00,22,18,4
2017-01-30-18-15-00,12,8,4
2017-01-30-18-30-00,9,8,1
2017-01-30-18-45-00,12,8,4
2017-01-30-19-00-00,10,9,1
2017-01-30-19-15-00,3,2,1
2017-01-30-19-30-00,9,5,4
2017-01-30-19-45-00,11,8,3
2017-01-30-20-00-00,4,3,1
2017-01-30-20-15-00,4,2,2
2017-01-30-20-30-00,4,3,1
2017-01-30-20-45-00,1,0,1
2017-01-30-21-00-00,0,0,0
2017-01-30-21-15-00,1,0,1
2017-01-30-21-30-00,1,0,1
2017-01-30-21-45-00,3,2,1
2017-01-30-22-00-00,0,0,0
2017-01-30-22-15-00,0,0,0
2017-01-30-22-30-00,1,0,1
2017-01-30-22-45-00,0,0,0
2017-01-30-23-00-00,0,0,0
2017-01-30-23-15-00,0,0,0
2017-01-30-23-30-00,0,0,0
2017-01-30-23-45-00,0,0,0
2017-01-31-00-00-00,0,0,0
2017-01-31-00-15-00,0,0,0
2017-01-31-00-30-00,0,0,0
2017-01-31-00-45-00,0,0,0
2017-01-31-01-00-00,0,0,0
2017-01-31-01-15-00,0,0,0
2017-01-31-01-30-00,0,0,0
2017-01-31-01-45-00,0,0,0
2017-01-31-02-00-00,0,0,0
2017-01-31-02-15-00,0,0,0
2017-01-31-02-30-00,0,0,0
2017-01-31-02-45-00,0,0,0
2017-01-31-03-00-00,0,0,0
2017-01-31-03-15-00,0,0,0
2017-01-31-03-30-00,0,0,0
2017-01-31-03-45-00,0,0,0
2017-01-31-04-00-00,0,0,0
2017-01-31-04-15-00,0,0,0
2017-01-31-04-30-00,0,0,0
2017-01-31-04-45-00,0,0,0
2017-01-31-05-00-00,1,0,1
2017-01-31-05-15-00,1,1,0
2017-01-31-05-30-00,0,0,0
2017-01-31-05-45-00,3,0,3
2017-01-31-06-00-00,2,1,1
2017-01-31-06-15-00,3,2,1
2017-01-31-06-30-00,4,0,4
2017-01-31-06-45-00,10,6,4
2017-01-31-07-00-00,14,5,9
2017-01-31-07-15-00,25,4,21
2017-01-31-07-30-00,25,10,15
2017-01-31-07-45-00,31,6,25
2017-01-31-08-00-00,29,3,26
2017-01-31-08-15-00,28,4,24
2017-01-31-08-30-00,49,7,42
2017-01-31-08-45-00,23,3,20
2017-01-31-09-00-00,23,4,19
2017-01-31-09-15-00,12,1,11
2017-01-31-09-30-00,9,2,7
2017-01-31-09-45-00,7,4,3
2017-01-31-10-00-00,5,3,2
2017-01-31-10-15-00,8,2,6
2017-01-31-10-30-00,10,3,7
2017-01-31-10-45-00,4,1,3
2017-01-31-11-00-00,12,6,6
2017-01-31-11-15-00,5,2,3
2017-01-31-11-30-00,8,3,5
2017-01-31-11-45-00,8,2,6
2017-01-31-12-00-00,3,2,1
2017-01-31-12-15-00,10,6,4
2017-01-31-12-30-00,5,3,2
2017-01-31-12-45-00,8,5,3
2017-01-31-13-00-00,12,4,8
2017-01-31-13-15-00,9,7,2
2017-01-31-13-30-00,10,6,4
2017-01-31-13-45-00,8,8,0
2017-01-31-14-00-00,10,8,2
2017-01-31-14-15-00,15,11,4
2017-01-31-14-30-00,10,5,5
2017-01-31-14-45-00,12,8,4
2017-01-31-15-00-00,11,7,4
2017-01-31-15-15-00,13,7,6
2017-01-31-15-30-00,22,12,10
2017-01-31-15-45-00,23,13,10
2017-01-31-16-00-00,11,10,1
2017-01-31-16-15-00,20,14,6
2017-01-31-16-30-00,24,20,4
2017-01-31-16-45-00,30,19,11
2017-01-31-17-00-00,26,21,5
2017-01-31-17-15-00,35,29,6
2017-01-31-17-30-00,21,17,4
2017-01-31-17-45-00,20,14,6
2017-01-31-18-00-00,18,15,3
2017-01-31-18-15-00,19,13,6
2017-01-31-18-30-00,15,10,5
2017-01-31-18-45-00,7,6,1
2017-01-31-19-00-00,10,6,4
2017-01-31-19-15-00,10,3,7
2017-01-31-19-30-00,11,6,5
2017-01-31-19-45-00,9,7,2
2017-01-31-20-00-00,4,3,1
2017-01-31-20-15-00,6,4,2
2017-01-31-20-30-00,2,1,1
2017-01-31-20-45-00,4,1,3
2017-01-31-21-00-00,2,1,1
2017-01-31-21-15-00,1,1,0
2017-01-31-21-30-00,0,0,0
2017-01-31-21-45-00,1,0,1
2017-01-31-22-00-00,0,0,0
2017-01-31-22-15-00,1,0,1
2017-01-31-22-30-00,0,0,0
2017-01-31-22-45-00,1,0,1
2017-01-31-23-00-00,0,0,0
2017-01-31-23-15-00,0,0,0
2017-01-31-23-30-00,0,0,0
2017-01-31-23-45-00,0,0,0
2017-02-01-00-00-00,0,0,0
2017-02-01-00-15-00,0,0,0
2017-02-01-00-30-00,1,0,1
2017-02-01-00-45-00,1,1,0
2017-02-01-01-00-00,0,0,0
2017-02-01-01-15-00,0,0,0
2017-02-01-01-30-00,0,0,0
2017-02-01-01-45-00,0,0,0
2017-02-01-02-00-00,0,0,0
2017-02-01-02-15-00,0,0,0
2017-02-01-02-30-00,0,0,0
2017-02-01-02-45-00,0,0,0
2017-02-01-03-00-00,0,0,0
2017-02-01-03-15-00,0,0,0
2017-02-01-03-30-00,0,0,0
2017-02-01-03-45-00,0,0,0
2017-02-01-04-00-00,0,0,0
2017-02-01-04-15-00,0,0,0
2017-02-01-04-30-00,0,0,0
2017-02-01-04-45-00,0,0,0
2017-02-01-05-00-00,0,0,0
2017-02-01-05-15-00,0,0,0
2017-02-01-05-30-00,0,0,0
2017-02-01-05-45-00,5,1,4
2017-02-01-06-00-00,4,1,3
2017-02-01-06-15-00,6,1,5
2017-02-01-06-30-00,2,0,2
2017-02-01-06-45-00,6,2,4
2017-02-01-07-00-00,19,6,13
2017-02-01-07-15-00,20,8,12
2017-02-01-07-30-00,28,10,18
2017-02-01-07-45-00,33,7,26
2017-02-01-08-00-00,34,4,30
2017-02-01-08-15-00,37,7,30
2017-02-01-08-30-00,27,9,18
2017-02-01-08-45-00,26,7,19
2017-02-01-09-00-00,19,2,17
2017-02-01-09-15-00,10,2,8
2017-02-01-09-30-00,16,5,11
2017-02-01-09-45-00,10,5,5
2017-02-01-10-00-00,7,1,6
2017-02-01-10-15-00,4,0,4
2017-02-01-10-30-00,12,6,6
2017-02-01-10-45-00,6,3,3
2017-02-01-11-00-00,6,6,0
2017-02-01-11-15-00,7,2,5
2017-02-01-11-30-00,3,1,2
2017-02-01-11-45-00,8,5,3
2017-02-01-12-00-00,6,4,2
2017-02-01-12-15-00,8,4,4
2017-02-01-12-30-00,8,4,4
2017-02-01-12-45-00,13,5,8
2017-02-01-13-00-00,9,3,6
2017-02-01-13-15-00,17,8,9
2017-02-01-13-30-00,16,10,6
2017-02-01-13-45-00,13,6,7
2017-02-01-14-00-00,9,5,4
2017-02-01-14-15-00,19,7,12
2017-02-01-14-30-00,20,16,4
2017-02-01-14-45-00,13,10,3
2017-02-01-15-00-00,11,6,5
2017-02-01-15-15-00,17,11,6
2017-02-01-15-30-00,12,7,5
2017-02-01-15-45-00,29,18,11
2017-02-01-16-00-00,18,12,6
2017-02-01-16-15-00,25,16,9
2017-02-01-16-30-00,37,32,5
2017-02-01-16-45-00,21,12,9
2017-02-01-17-00-00,27,14,13
2017-02-01-17-15-00,28,21,7
2017-02-01-17-30-00,26,20,6
2017-02-01-17-45-00,26,15,11
2017-02-01-18-00-00,20,17,3
2017-02-01-18-15-00,24,20,4
2017-02-01-18-30-00,18,15,3
2017-02-01-18-45-00,13,12,1
2017-02-01-19-00-00,10,8,2
2017-02-01-19-15-00,8,7,1
2017-02-01-19-30-00,5,5,0
2017-02-01-19-45-00,9,7,2
2017-02-01-20-00-00,6,3,3
2017-02-01-20-15-00,3,1,2
2017-02-01-20-30-00,2,1,1
2017-02-01-20-45-00,2,2,0
2017-02-01-21-00-00,1,1,0
2017-02-01-21-15-00,2,1,1
2017-02-01-21-30-00,2,2,0
2017-02-01-21-45-00,1,1,0
2017-02-01-22-00-00,1,1,0
2017-02-01-22-15-00,1,1,0
2017-02-01-22-30-00,2,2,0
2017-02-01-22-45-00,2,1,1
2017-02-01-23-00-00,0,0,0
2017-02-01-23-15-00,1,1,0
2017-02-01-23-30-00,1,1,0
2017-02-01-23-45-00,0,0,0
2017-02-02-00-00-00,0,0,0
2017-02-02-00-15-00,0,0,0
2017-02-02-00-30-00,0,0,0
2017-02-02-00-45-00,0,0,0
2017-02-02-01-00-00,0,0,0
2017-02-02-01-15-00,0,0,0
2017-02-02-01-30-00,0,0,0
2017-02-02-01-45-00,0,0,0
2017-02-02-02-00-00,1,0,1
2017-02-02-02-15-00,0,0,0
2017-02-02-02-30-00,0,0,0
2017-02-02-02-45-00,0,0,0
2017-02-02-03-00-00,0,0,0
2017-02-02-03-15-00,0,0,0
2017-02-02-03-30-00,0,0,0
2017-02-02-03-45-00,0,0,0
2017-02-02-04-00-00,0,0,0
2017-02-02-04-15-00,0,0,0
2017-02-02-04-30-00,0,0,0
2017-02-02-04-45-00,0,0,0
2017-02-02-05-00-00,1,0,1
2017-02-02-05-15-00,2,1,1
2017-02-02-05-30-00,1,1,0
2017-02-02-05-45-00,4,1,3
2017-02-02-06-00-00,3,1,2
2017-02-02-06-15-00,2,0,2
2017-02-02-06-30-00,3,1,2
2017-02-02-06-45-00,10,3,7
2017-02-02-07-00-00,17,6,11
2017-02-02-07-15-00,20,6,14
2017-02-02-07-30-00,26,9,17
2017-02-02-07-45-00,38,10,28
2017-02-02-08-00-00,44,5,39
2017-02-02-08-15-00,35,8,27
2017-02-02-08-30-00,29,6,23
2017-02-02-08-45-00,39,8,31
2017-02-02-09-00-00,26,5,21
2017-02-02-09-15-00,13,5,8
2017-02-02-09-30-00,12,2,10
2017-02-02-09-45-00,16,6,10
2017-02-02-10-00-00,4,1,3
2017-02-02-10-15-00,7,2,5
2017-02-02-10-30-00,10,7,3
2017-02-02-10-45-00,11,3,8
2017-02-02-11-00-00,13,5,8
2017-02-02-11-15-00,11,4,7
2017-02-02-11-30-00,24,16,8
2017-02-02-11-45-00,15,3,12
2017-02-02-12-00-00,5,4,1
2017-02-02-12-15-00,9,6,3
2017-02-02-12-30-00,5,2,3
2017-02-02-12-45-00,10,5,5
2017-02-02-13-00-00,14,8,6
2017-02-02-13-15-00,22,13,9
2017-02-02-13-30-00,17,11,6
2017-02-02-13-45-00,16,11,5
2017-02-02-14-00-00,21,14,7
2017-02-02-14-15-00,21,11,10
2017-02-02-14-30-00,17,10,7
2017-02-02-14-45-00,15,8,7
2017-02-02-15-00-00,20,13,7
2017-02-02-15-15-00,20,10,10
2017-02-02-15-30-00,34,19,15
2017-02-02-15-45-00,33,21,12
2017-02-02-16-00-00,26,19,7
2017-02-02-16-15-00,40,31,9
2017-02-02-16-30-00,27,18,9
2017-02-02-16-45-00,28,19,9
2017-02-02-17-00-00,43,32,11
2017-02-02-17-15-00,36,23,13
2017-02-02-17-30-00,29,23,6
2017-02-02-17-45-00,28,19,9
2017-02-02-18-00-00,23,16,7
2017-02-02-18-15-00,16,14,2
2017-02-02-18-30-00,20,14,6
2017-02-02-18-45-00,19,15,4
2017-02-02-19-00-00,10,7,3
2017-02-02-19-15-00,12,8,4
2017-02-02-19-30-00,9,5,4
2017-02-02-19-45-00,5,2,3
2017-02-02-20-00-00,5,3,2
2017-02-02-20-15-00,3,1,2
2017-02-02-20-30-00,0,0,0
2017-02-02-20-45-00,2,1,1
2017-02-02-21-00-00,7,4,3
2017-02-02-21-15-00,7,4,3
2017-02-02-21-30-00,3,1,2
2017-02-02-21-45-00,3,1,2
2017-02-02-22-00-00,1,1,0
2017-02-02-22-15-00,0,0,0
2017-02-02-22-30-00,4,1,3
2017-02-02-22-45-00,0,0,0
2017-02-02-23-00-00,0,0,0
2017-02-02-23-15-00,1,0,1
2017-02-02-23-30-00,1,1,0
2017-02-02-23-45-00,0,0,0
2017-02-03-00-00-00,0,0,0
2017-02-03-00-15-00,0,0,0
2017-02-03-00-30-00,0,0,0
2017-02-03-00-45-00,1,0,1
2017-02-03-01-00-00,0,0,0
2017-02-03-01-15-00,0,0,0
2017-02-03-01-30-00,0,0,0
2017-02-03-01-45-00,0,0,0
2017-02-03-02-00-00,0,0,0
2017-02-03-02-15-00,0,0,0
2017-02-03-02-30-00,0,0,0
2017-02-03-02-45-00,0,0,0
2017-02-03-03-00-00,1,0,1
2017-02-03-03-15-00,0,0,0
2017-02-03-03-30-00,0,0,0
2017-02-03-03-45-00,0,0,0
2017-02-03-04-00-00,0,0,0
2017-02-03-04-15-00,0,0,0
2017-02-03-04-30-00,0,0,0
2017-02-03-04-45-00,0,0,0
2017-02-03-05-00-00,0,0,0
2017-02-03-05-15-00,0,0,0
2017-02-03-05-30-00,1,0,1
2017-02-03-05-45-00,6,2,4
2017-02-03-06-00-00,4,0,4
2017-02-03-06-15-00,1,1,0
2017-02-03-06-30-00,1,0,1
2017-02-03-06-45-00,9,3,6
2017-02-03-07-00-00,9,4,5
2017-02-03-07-15-00,23,5,18
2017-02-03-07-30-00,19,5,14
2017-02-03-07-45-00,27,6,21
2017-02-03-08-00-00,26,5,21
2017-02-03-08-15-00,27,9,18
2017-02-03-08-30-00,21,4,17
2017-02-03-08-45-00,15,6,9
2017-02-03-09-00-00,10,0,10
2017-02-03-09-15-00,7,2,5
2017-02-03-09-30-00,5,2,3
2017-02-03-09-45-00,2,0,2
2017-02-03-10-00-00,0,0,0
2017-02-03-10-15-00,3,2,1
2017-02-03-10-30-00,4,3,1
2017-02-03-10-45-00,3,2,1
2017-02-03-11-00-00,5,2,3
2017-02-03-11-15-00,8,6,2
2017-02-03-11-30-00,3,3,0
2017-02-03-11-45-00,3,2,1
2017-02-03-12-00-00,14,3,11
2017-02-03-12-15-00,10,6,4
2017-02-03-12-30-00,3,1,2
2017-02-03-12-45-00,11,7,4
2017-02-03-13-00-00,13,10,3
2017-02-03-13-15-00,18,13,5
2017-02-03-13-30-00,10,4,6
2017-02-03-13-45-00,11,10,1
2017-02-03-14-00-00,15,9,6
2017-02-03-14-15-00,14,5,9
2017-02-03-14-30-00,26,19,7
2017-02-03-14-45-00,24,15,9
2017-02-03-15-00-00,13,6,7
2017-02-03-15-15-00,28,22,6
2017-02-03-15-30-00,28,18,10
2017-02-03-15-45-00,28,18,10
2017-02-03-16-00-00,18,12,6
2017-02-03-16-15-00,27,16,11
2017-02-03-16-30-00,23,14,9
2017-02-03-16-45-00,35,19,16
2017-02-03-17-00-00,16,6,10
2017-02-03-17-15-00,18,13,5
2017-02-03-17-30-00,19,11,8
2017-02-03-17-45-00,18,10,8
2017-02-03-18-00-00,16,10,6
2017-02-03-18-15-00,9,6,3
2017-02-03-18-30-00,16,14,2
2017-02-03-18-45-00,9,9,0
2017-02-03-19-00-00,9,4,5
2017-02-03-19-15-00,9,4,5
2017-02-03-19-30-00,5,2,3
2017-02-03-19-45-00,1,1,0
2017-02-03-20-00-00,3,1,2
2017-02-03-20-15-00,0,0,0
2017-02-03-20-30-00,5,3,2
2017-02-03-20-45-00,2,1,1
2017-02-03-21-00-00,0,0,0
2017-02-03-21-15-00,1,0,1
2017-02-03-21-30-00,1,0,1
2017-02-03-21-45-00,1,1,0
2017-02-03-22-00-00,3,2,1
2017-02-03-22-15-00,2,1,1
2017-02-03-22-30-00,1,0,1
2017-02-03-22-45-00,2,2,0
2017-02-03-23-00-00,0,0,0
2017-02-03-23-15-00,1,1,0
2017-02-03-23-30-00,0,0,0
2017-02-03-23-45-00,0,0,0
2017-02-04-00-00-00,1,1,0
2017-02-04-00-15-00,4,3,1
2017-02-04-00-30-00,0,0,0
2017-02-04-00-45-00,0,0,0
2017-02-04-01-00-00,0,0,0
2017-02-04-01-15-00,0,0,0
2017-02-04-01-30-00,0,0,0
2017-02-04-01-45-00,0,0,0
2017-02-04-02-00-00,1,0,1
2017-02-04-02-15-00,1,0,1
2017-02-04-02-30-00,0,0,0
2017-02-04-02-45-00,1,0,1
2017-02-04-03-00-00,0,0,0
2017-02-04-03-15-00,0,0,0
2017-02-04-03-30-00,0,0,0
2017-02-04-03-45-00,3,0,3
2017-02-04-04-00-00,1,1,0
2017-02-04-04-15-00,0,0,0
2017-02-04-04-30-00,0,0,0
2017-02-04-04-45-00,0,0,0
2017-02-04-05-00-00,0,0,0
2017-02-04-05-15-00,0,0,0
2017-02-04-05-30-00,1,0,1
2017-02-04-05-45-00,0,0,0
2017-02-04-06-00-00,0,0,0
2017-02-04-06-15-00,0,0,0
2017-02-04-06-30-00,0,0,0
2017-02-04-06-45-00,0,0,0
2017-02-04-07-00-00,1,1,0
2017-02-04-07-15-00,3,2,1
2017-02-04-07-30-00,1,1,0
2017-02-04-07-45-00,0,0,0
2017-02-04-08-00-00,1,0,1
2017-02-04-08-15-00,2,1,1
2017-02-04-08-30-00,6,4,2
2017-02-04-08-45-00,4,3,1
2017-02-04-09-00-00,4,1,3
2017-02-04-09-15-00,5,3,2
2017-02-04-09-30-00,8,6,2
2017-02-04-09-45-00,13,10,3
2017-02-04-10-00-00,9,2,7
2017-02-04-10-15-00,8,7,1
2017-02-04-10-30-00,13,7,6
2017-02-04-10-45-00,16,7,9
2017-02-04-11-00-00,7,7,0
2017-02-04-11-15-00,17,6,11
2017-02-04-11-30-00,16,10,6
2017-02-04-11-45-00,22,8,14
2017-02-04-12-00-00,15,13,2
2017-02-04-12-15-00,22,15,7
2017-02-04-12-30-00,16,4,12
2017-02-04-12-45-00,10,6,4
2017-02-04-13-00-00,17,10,7
2017-02-04-13-15-00,11,9,2
2017-02-04-13-30-00,17,8,9
2017-02-04-13-45-00,20,9,11
2017-02-04-14-00-00,12,9,3
2017-02-04-14-15-00,11,8,3
2017-02-04-14-30-00,14,8,6
2017-02-04-14-45-00,9,4,5
2017-02-04-15-00-00,10,2,8
2017-02-04-15-15-00,4,2,2
2017-02-04-15-30-00,4,0,4
2017-02-04-15-45-00,6,2,4
2017-02-04-16-00-00,8,2,6
2017-02-04-16-15-00,6,2,4
2017-02-04-16-30-00,5,2,3
2017-02-04-16-45-00,10,5,5
2017-02-04-17-00-00,6,2,4
2017-02-04-17-15-00,8,7,1
2017-02-04-17-30-00,12,5,7
2017-02-04-17-45-00,7,5,2
2017-02-04-18-00-00,5,5,0
2017-02-04-18-15-00,3,3,0
2017-02-04-18-30-00,0,0,0
2017-02-04-18-45-00,2,1,1
2017-02-04-19-00-00,1,1,0
2017-02-04-19-15-00,3,3,0
2017-02-04-19-30-00,1,0,1
2017-02-04-19-45-00,0,0,0
2017-02-04-20-00-00,1,1,0
2017-02-04-20-15-00,1,1,0
2017-02-04-20-30-00,4,0,4
2017-02-04-20-45-00,0,0,0
2017-02-04-21-00-00,0,0,0
2017-02-04-21-15-00,0,0,0
2017-02-04-21-30-00,0,0,0
2017-02-04-21-45-00,0,0,0
2017-02-04-22-00-00,1,0,1
2017-02-04-22-15-00,0,0,0
2017-02-04-22-30-00,0,0,0
2017-02-04-22-45-00,1,1,0
2017-02-04-23-00-00,0,0,0
2017-02-04-23-15-00,0,0,0
2017-02-04-23-30-00,1,1,0
2017-02-04-23-45-00,0,0,0
2017-02-05-00-00-00,1,1,0
2017-02-05-00-15-00,1,1,0
2017-02-05-00-30-00,0,0,0
2017-02-05-00-45-00,0,0,0
2017-02-05-01-00-00,0,0,0
2017-02-05-01-15-00,2,0,2
2017-02-05-01-30-00,0,0,0
2017-02-05-01-45-00,0,0,0
2017-02-05-02-00-00,0,0,0
2017-02-05-02-15-00,0,0,0
2017-02-05-02-30-00,0,0,0
2017-02-05-02-45-00,0,0,0
2017-02-05-03-00-00,1,0,1
2017-02-05-03-15-00,0,0,0
2017-02-05-03-30-00,0,0,0
2017-02-05-03-45-00,0,0,0
2017-02-05-04-00-00,0,0,0
2017-02-05-04-15-00,0,0,0
2017-02-05-04-30-00,0,0,0
2017-02-05-04-45-00,0,0,0
2017-02-05-05-00-00,0,0,0
2017-02-05-05-15-00,0,0,0
2017-02-05-05-30-00,0,0,0
2017-02-05-05-45-00,0,0,0
2017-02-05-06-00-00,0,0,0
2017-02-05-06-15-00,0,0,0
2017-02-05-06-30-00,0,0,0
2017-02-05-06-45-00,0,0,0
2017-02-05-07-00-00,1,1,0
2017-02-05-07-15-00,0,0,0
2017-02-05-07-30-00,1,1,0
2017-02-05-07-45-00,2,0,2
2017-02-05-08-00-00,3,2,1
2017-02-05-08-15-00,1,0,1
2017-02-05-08-30-00,3,2,1
2017-02-05-08-45-00,10,4,6
2017-02-05-09-00-00,9,2,7
2017-02-05-09-15-00,14,7,7
2017-02-05-09-30-00,6,2,4
2017-02-05-09-45-00,15,7,8
2017-02-05-10-00-00,12,5,7
2017-02-05-10-15-00,16,7,9
2017-02-05-10-30-00,14,8,6
2017-02-05-10-45-00,21,10,11
2017-02-05-11-00-00,28,19,9
2017-02-05-11-15-00,29,12,17
2017-02-05-11-30-00,64,22,42
2017-02-05-11-45-00,39,17,22
2017-02-05-12-00-00,50,22,28
2017-02-05-12-15-00,58,27,31
2017-02-05-12-30-00,54,18,36
2017-02-05-12-45-00,38,28,10
2017-02-05-13-00-00,45,26,19
2017-02-05-13-15-00,52,22,30
2017-02-05-13-30-00,67,39,28
2017-02-05-13-45-00,55,33,22
2017-02-05-14-00-00,40,21,19
2017-02-05-14-15-00,48,25,23
2017-02-05-14-30-00,52,27,25
2017-02-05-14-45-00,52,35,17
2017-02-05-15-00-00,29,9,20
2017-02-05-15-15-00,43,26,17
2017-02-05-15-30-00,39,24,15
2017-02-05-15-45-00,25,12,13
2017-02-05-16-00-00,39,19,20
2017-02-05-16-15-00,25,18,7
2017-02-05-16-30-00,23,12,11
2017-02-05-16-45-00,12,6,6
2017-02-05-17-00-00,15,9,6
2017-02-05-17-15-00,22,15,7
2017-02-05-17-30-00,16,11,5
2017-02-05-17-45-00,13,10,3
2017-02-05-18-00-00,5,5,0
2017-02-05-18-15-00,5,5,0
2017-02-05-18-30-00,7,5,2
2017-02-05-18-45-00,5,1,4
2017-02-05-19-00-00,2,1,1
2017-02-05-19-15-00,1,0,1
2017-02-05-19-30-00,2,2,0
2017-02-05-19-45-00,5,4,1
2017-02-05-20-00-00,0,0,0
2017-02-05-20-15-00,0,0,0
2017-02-05-20-30-00,1,0,1
2017-02-05-20-45-00,0,0,0
2017-02-05-21-00-00,2,1,1
2017-02-05-21-15-00,2,2,0
2017-02-05-21-30-00,1,1,0
2017-02-05-21-45-00,0,0,0
2017-02-05-22-00-00,0,0,0
2017-02-05-22-15-00,0,0,0
2017-02-05-22-30-00,1,1,0
2017-02-05-22-45-00,0,0,0
2017-02-05-23-00-00,0,0,0
2017-02-05-23-15-00,2,2,0
2017-02-05-23-30-00,0,0,0
2017-02-05-23-45-00,0,0,0
2017-02-06-00-00-00,0,0,0
2017-02-06-00-15-00,0,0,0
2017-02-06-00-30-00,0,0,0
2017-02-06-00-45-00,0,0,0
2017-02-06-01-00-00,0,0,0
2017-02-06-01-15-00,0,0,0
2017-02-06-01-30-00,0,0,0
2017-02-06-01-45-00,0,0,0
2017-02-06-02-00-00,0,0,0
2017-02-06-02-15-00,0,0,0
2017-02-06-02-30-00,0,0,0
2017-02-06-02-45-00,0,0,0
2017-02-06-03-00-00,0,0,0
2017-02-06-03-15-00,0,0,0
2017-02-06-03-30-00,0,0,0
2017-02-06-03-45-00,0,0,0
2017-02-06-04-00-00,0,0,0
2017-02-06-04-15-00,0,0,0
2017-02-06-04-30-00,0,0,0
2017-02-06-04-45-00,0,0,0
2017-02-06-05-00-00,0,0,0
2017-02-06-05-15-00,1,0,1
2017-02-06-05-30-00,2,1,1
2017-02-06-05-45-00,4,0,4
2017-02-06-06-00-00,6,2,4
2017-02-06-06-15-00,2,0,2
2017-02-06-06-30-00,4,0,4
2017-02-06-06-45-00,12,4,8
2017-02-06-07-00-00,10,3,7
2017-02-06-07-15-00,22,4,18
2017-02-06-07-30-00,30,17,13
2017-02-06-07-45-00,30,8,22
2017-02-06-08-00-00,38,7,31
2017-02-06-08-15-00,31,6,25
2017-02-06-08-30-00,37,7,30
2017-02-06-08-45-00,34,5,29
2017-02-06-09-00-00,29,5,24
2017-02-06-09-15-00,16,6,10
2017-02-06-09-30-00,9,2,7
2017-02-06-09-45-00,9,2,7
2017-02-06-10-00-00,6,1,5
2017-02-06-10-15-00,4,0,4
2017-02-06-10-30-00,7,1,6
2017-02-06-10-45-00,6,4,2
2017-02-06-11-00-00,8,5,3
2017-02-06-11-15-00,8,6,2
2017-02-06-11-30-00,5,5,0
2017-02-06-11-45-00,8,1,7
2017-02-06-12-00-00,8,4,4
2017-02-06-12-15-00,8,5,3
2017-02-06-12-30-00,12,9,3
2017-02-06-12-45-00,8,5,3
2017-02-06-13-00-00,12,3,9
2017-02-06-13-15-00,10,7,3
2017-02-06-13-30-00,14,6,8
2017-02-06-13-45-00,14,10,4
2017-02-06-14-00-00,23,10,13
2017-02-06-14-15-00,23,11,12
2017-02-06-14-30-00,18,8,10
2017-02-06-14-45-00,20,7,13
2017-02-06-15-00-00,15,9,6
2017-02-06-15-15-00,27,15,12
2017-02-06-15-30-00,16,11,5
2017-02-06-15-45-00,25,12,13
2017-02-06-16-00-00,25,15,10
2017-02-06-16-15-00,31,25,6
2017-02-06-16-30-00,27,18,9
2017-02-06-16-45-00,22,13,9
2017-02-06-17-00-00,27,24,3
2017-02-06-17-15-00,45,34,11
2017-02-06-17-30-00,31,23,8
2017-02-06-17-45-00,40,24,16
2017-02-06-18-00-00,21,18,3
2017-02-06-18-15-00,24,19,5
2017-02-06-18-30-00,18,16,2
2017-02-06-18-45-00,13,10,3
2017-02-06-19-00-00,18,12,6
2017-02-06-19-15-00,9,6,3
2017-02-06-19-30-00,7,6,1
2017-02-06-19-45-00,5,2,3
2017-02-06-20-00-00,3,3,0
2017-02-06-20-15-00,4,2,2
2017-02-06-20-30-00,1,1,0
2017-02-06-20-45-00,4,2,2
2017-02-06-21-00-00,1,0,1
2017-02-06-21-15-00,2,2,0
2017-02-06-21-30-00,2,2,0
2017-02-06-21-45-00,0,0,0
2017-02-06-22-00-00,1,1,0
2017-02-06-22-15-00,0,0,0
2017-02-06-22-30-00,1,1,0
2017-02-06-22-45-00,0,0,0
2017-02-06-23-00-00,0,0,0
2017-02-06-23-15-00,0,0,0
2017-02-06-23-30-00,0,0,0
2017-02-06-23-45-00,1,0,1
2017-02-07-00-00-00,1,1,0
2017-02-07-00-15-00,0,0,0
2017-02-07-00-30-00,0,0,0
2017-02-07-00-45-00,0,0,0
2017-02-07-01-00-00,0,0,0
2017-02-07-01-15-00,0,0,0
2017-02-07-01-30-00,0,0,0
2017-02-07-01-45-00,0,0,0
2017-02-07-02-00-00,0,0,0
2017-02-07-02-15-00,0,0,0
2017-02-07-02-30-00,0,0,0
2017-02-07-02-45-00,0,0,0
2017-02-07-03-00-00,0,0,0
2017-02-07-03-15-00,0,0,0
2017-02-07-03-30-00,0,0,0
2017-02-07-03-45-00,0,0,0
2017-02-07-04-00-00,0,0,0
2017-02-07-04-15-00,0,0,0
2017-02-07-04-30-00,0,0,0
2017-02-07-04-45-00,0,0,0
2017-02-07-05-00-00,0,0,0
2017-02-07-05-15-00,0,0,0
2017-02-07-05-30-00,1,0,1
2017-02-07-05-45-00,4,1,3
2017-02-07-06-00-00,3,1,2
2017-02-07-06-15-00,5,1,4
2017-02-07-06-30-00,4,0,4
2017-02-07-06-45-00,11,5,6
2017-02-07-07-00-00,11,5,6
2017-02-07-07-15-00,18,3,15
2017-02-07-07-30-00,18,7,11
2017-02-07-07-45-00,28,4,24
2017-02-07-08-00-00,33,8,25
2017-02-07-08-15-00,45,13,32
2017-02-07-08-30-00,32,9,23
2017-02-07-08-45-00,33,3,30
2017-02-07-09-00-00,17,4,13
2017-02-07-09-15-00,9,3,6
2017-02-07-09-30-00,7,1,6
2017-02-07-09-45-00,9,5,4
2017-02-07-10-00-00,7,1,6
2017-02-07-10-15-00,3,1,2
2017-02-07-10-30-00,0,0,0
2017-02-07-10-45-00,5,4,1
2017-02-07-11-00-00,4,2,2
2017-02-07-11-15-00,4,3,1
2017-02-07-11-30-00,2,0,2
2017-02-07-11-45-00,4,3,1
2017-02-07-12-00-00,3,0,3
2017-02-07-12-15-00,3,3,0
2017-02-07-12-30-00,4,2,2
2017-02-07-12-45-00,9,4,5
2017-02-07-13-00-00,3,1,2
2017-02-07-13-15-00,7,6,1
2017-02-07-13-30-00,4,3,1
2017-02-07-13-45-00,6,4,2
2017-02-07-14-00-00,3,2,1
2017-02-07-14-15-00,3,2,1
2017-02-07-14-30-00,8,5,3
2017-02-07-14-45-00,4,3,1
2017-02-07-15-00-00,6,3,3
2017-02-07-15-15-00,4,3,1
2017-02-07-15-30-00,22,16,6
2017-02-07-15-45-00,7,3,4
2017-02-07-16-00-00,12,9,3
2017-02-07-16-15-00,11,8,3
2017-02-07-16-30-00,13,10,3
2017-02-07-16-45-00,23,17,6
2017-02-07-17-00-00,25,19,6
2017-02-07-17-15-00,29,19,10
2017-02-07-17-30-00,19,12,7
2017-02-07-17-45-00,27,23,4
2017-02-07-18-00-00,15,12,3
2017-02-07-18-15-00,19,17,2
2017-02-07-18-30-00,19,12,7
2017-02-07-18-45-00,9,6,3
2017-02-07-19-00-00,12,9,3
2017-02-07-19-15-00,7,5,2
2017-02-07-19-30-00,7,4,3
2017-02-07-19-45-00,14,9,5
2017-02-07-20-00-00,2,1,1
2017-02-07-20-15-00,4,1,3
2017-02-07-20-30-00,1,1,0
2017-02-07-20-45-00,3,3,0
2017-02-07-21-00-00,1,1,0
2017-02-07-21-15-00,2,1,1
2017-02-07-21-30-00,2,0,2
2017-02-07-21-45-00,1,1,0
2017-02-07-22-00-00,1,0,1
2017-02-07-22-15-00,0,0,0
2017-02-07-22-30-00,2,1,1
2017-02-07-22-45-00,0,0,0
2017-02-07-23-00-00,0,0,0
2017-02-07-23-15-00,0,0,0
2017-02-07-23-30-00,0,0,0
2017-02-07-23-45-00,0,0,0
2017-02-08-00-00-00,0,0,0
2017-02-08-00-15-00,0,0,0
2017-02-08-00-30-00,0,0,0
2017-02-08-00-45-00,3,3,0
2017-02-08-01-00-00,0,0,0
2017-02-08-01-15-00,0,0,0
2017-02-08-01-30-00,0,0,0
2017-02-08-01-45-00,3,0,3
2017-02-08-02-00-00,0,0,0
2017-02-08-02-15-00,0,0,0
2017-02-08-02-30-00,0,0,0
2017-02-08-02-45-00,0,0,0
2017-02-08-03-00-00,0,0,0
2017-02-08-03-15-00,0,0,0
2017-02-08-03-30-00,0,0,0
2017-02-08-03-45-00,0,0,0
2017-02-08-04-00-00,0,0,0
2017-02-08-04-15-00,0,0,0
2017-02-08-04-30-00,0,0,0
2017-02-08-04-45-00,0,0,0
2017-02-08-05-00-00,0,0,0
2017-02-08-05-15-00,0,0,0
2017-02-08-05-30-00,2,0,2
2017-02-08-05-45-00,2,0,2
2017-02-08-06-00-00,6,2,4
2017-02-08-06-15-00,2,0,2
2017-02-08-06-30-00,8,0,8
2017-02-08-06-45-00,9,5,4
2017-02-08-07-00-00,17,7,10
2017-02-08-07-15-00,19,5,14
2017-02-08-07-30-00,24,11,13
2017-02-08-07-45-00,36,5,31
2017-02-08-08-00-00,28,6,22
2017-02-08-08-15-00,33,7,26
2017-02-08-08-30-00,24,6,18
2017-02-08-08-45-00,27,2,25
2017-02-08-09-00-00,22,2,20
2017-02-08-09-15-00,16,7,9
2017-02-08-09-30-00,13,5,8
2017-02-08-09-45-00,10,3,7
2017-02-08-10-00-00,4,0,4
2017-02-08-10-15-00,13,10,3
2017-02-08-10-30-00,10,5,5
2017-02-08-10-45-00,7,4,3
2017-02-08-11-00-00,11,5,6
2017-02-08-11-15-00,9,4,5
2017-02-08-11-30-00,6,3,3
2017-02-08-11-45-00,6,2,4
2017-02-08-12-00-00,14,6,8
2017-02-08-12-15-00,6,4,2
2017-02-08-12-30-00,7,5,2
2017-02-08-12-45-00,9,3,6
2017-02-08-13-00-00,5,4,1
2017-02-08-13-15-00,7,3,4
2017-02-08-13-30-00,18,9,9
2017-02-08-13-45-00,8,4,4
2017-02-08-14-00-00,12,8,4
2017-02-08-14-15-00,11,5,6
2017-02-08-14-30-00,7,4,3
2017-02-08-14-45-00,9,6,3
2017-02-08-15-00-00,21,14,7
2017-02-08-15-15-00,14,4,10
2017-02-08-15-30-00,12,7,5
2017-02-08-15-45-00,22,11,11
2017-02-08-16-00-00,16,11,5
2017-02-08-16-15-00,25,20,5
2017-02-08-16-30-00,37,25,12
2017-02-08-16-45-00,22,17,5
2017-02-08-17-00-00,18,15,3
2017-02-08-17-15-00,30,23,7
2017-02-08-17-30-00,21,18,3
2017-02-08-17-45-00,26,17,9
2017-02-08-18-00-00,13,7,6
2017-02-08-18-15-00,25,16,9
2017-02-08-18-30-00,18,13,5
2017-02-08-18-45-00,18,15,3
2017-02-08-19-00-00,16,12,4
2017-02-08-19-15-00,14,10,4
2017-02-08-19-30-00,10,9,1
2017-02-08-19-45-00,4,2,2
2017-02-08-20-00-00,5,3,2
2017-02-08-20-15-00,4,3,1
2017-02-08-20-30-00,2,2,0
2017-02-08-20-45-00,2,1,1
2017-02-08-21-00-00,0,0,0
2017-02-08-21-15-00,4,2,2
2017-02-08-21-30-00,3,1,2
2017-02-08-21-45-00,1,0,1
2017-02-08-22-00-00,1,1,0
2017-02-08-22-15-00,0,0,0
2017-02-08-22-30-00,2,0,2
2017-02-08-22-45-00,0,0,0
2017-02-08-23-00-00,3,2,1
2017-02-08-23-15-00,2,1,1
2017-02-08-23-30-00,1,0,1
2017-02-08-23-45-00,1,0,1
2017-02-09-00-00-00,0,0,0
2017-02-09-00-15-00,0,0,0
2017-02-09-00-30-00,0,0,0
2017-02-09-00-45-00,0,0,0
2017-02-09-01-00-00,0,0,0
2017-02-09-01-15-00,0,0,0
2017-02-09-01-30-00,0,0,0
2017-02-09-01-45-00,0,0,0
2017-02-09-02-00-00,0,0,0
2017-02-09-02-15-00,0,0,0
2017-02-09-02-30-00,0,0,0
2017-02-09-02-45-00,0,0,0
2017-02-09-03-00-00,0,0,0
2017-02-09-03-15-00,0,0,0
2017-02-09-03-30-00,0,0,0
2017-02-09-03-45-00,0,0,0
2017-02-09-04-00-00,0,0,0
2017-02-09-04-15-00,0,0,0
2017-02-09-04-30-00,0,0,0
2017-02-09-04-45-00,0,0,0
2017-02-09-05-00-00,0,0,0
2017-02-09-05-15-00,0,0,0
2017-02-09-05-30-00,1,0,1
2017-02-09-05-45-00,1,0,1
2017-02-09-06-00-00,6,0,6
2017-02-09-06-15-00,4,1,3
2017-02-09-06-30-00,4,0,4
2017-02-09-06-45-00,13,5,8
2017-02-09-07-00-00,15,6,9
2017-02-09-07-15-00,14,5,9
2017-02-09-07-30-00,20,5,15
2017-02-09-07-45-00,32,7,25
2017-02-09-08-00-00,27,5,22
2017-02-09-08-15-00,38,11,27
2017-02-09-08-30-00,45,5,40
2017-02-09-08-45-00,36,3,33
2017-02-09-09-00-00,20,8,12
2017-02-09-09-15-00,25,11,14
2017-02-09-09-30-00,9,4,5
2017-02-09-09-45-00,11,6,5
2017-02-09-10-00-00,9,4,5
2017-02-09-10-15-00,4,3,1
2017-02-09-10-30-00,5,4,1
2017-02-09-10-45-00,8,5,3
2017-02-09-11-00-00,12,6,6
2017-02-09-11-15-00,4,3,1
2017-02-09-11-30-00,8,5,3
2017-02-09-11-45-00,7,5,2
2017-02-09-12-00-00,11,5,6
2017-02-09-12-15-00,8,5,3
2017-02-09-12-30-00,6,0,6
2017-02-09-12-45-00,16,10,6
2017-02-09-13-00-00,8,5,3
2017-02-09-13-15-00,14,4,10
2017-02-09-13-30-00,15,7,8
2017-02-09-13-45-00,17,10,7
2017-02-09-14-00-00,14,10,4
2017-02-09-14-15-00,15,9,6
2017-02-09-14-30-00,18,11,7
2017-02-09-14-45-00,17,11,6
2017-02-09-15-00-00,24,7,17
2017-02-09-15-15-00,19,8,11
2017-02-09-15-30-00,23,15,8
2017-02-09-15-45-00,23,21,2
2017-02-09-16-00-00,22,20,2
2017-02-09-16-15-00,38,20,18
2017-02-09-16-30-00,20,12,8
2017-02-09-16-45-00,18,14,4
2017-02-09-17-00-00,27,21,6
2017-02-09-17-15-00,36,28,8
2017-02-09-17-30-00,33,24,9
2017-02-09-17-45-00,26,21,5
2017-02-09-18-00-00,27,20,7
2017-02-09-18-15-00,24,18,6
2017-02-09-18-30-00,10,9,1
2017-02-09-18-45-00,23,18,5
2017-02-09-19-00-00,10,7,3
2017-02-09-19-15-00,13,7,6
2017-02-09-19-30-00,4,3,1
2017-02-09-19-45-00,7,5,2
2017-02-09-20-00-00,5,3,2
2017-02-09-20-15-00,2,2,0
2017-02-09-20-30-00,2,2,0
2017-02-09-20-45-00,1,1,0
2017-02-09-21-00-00,0,0,0
2017-02-09-21-15-00,0,0,0
2017-02-09-21-30-00,2,1,1
2017-02-09-21-45-00,1,0,1
2017-02-09-22-00-00,6,1,5
2017-02-09-22-15-00,3,2,1
2017-02-09-22-30-00,1,0,1
2017-02-09-22-45-00,1,0,1
2017-02-09-23-00-00,0,0,0
2017-02-09-23-15-00,0,0,0
2017-02-09-23-30-00,1,1,0
2017-02-09-23-45-00,0,0,0
2017-02-10-00-00-00,0,0,0
2017-02-10-00-15-00,0,0,0
2017-02-10-00-30-00,0,0,0
2017-02-10-00-45-00,1,1,0
2017-02-10-01-00-00,0,0,0
2017-02-10-01-15-00,0,0,0
2017-02-10-01-30-00,0,0,0
2017-02-10-01-45-00,0,0,0
2017-02-10-02-00-00,0,0,0
2017-02-10-02-15-00,0,0,0
2017-02-10-02-30-00,0,0,0
2017-02-10-02-45-00,0,0,0
2017-02-10-03-00-00,0,0,0
2017-02-10-03-15-00,0,0,0
2017-02-10-03-30-00,0,0,0
2017-02-10-03-45-00,0,0,0
2017-02-10-04-00-00,0,0,0
2017-02-10-04-15-00,0,0,0
2017-02-10-04-30-00,0,0,0
2017-02-10-04-45-00,0,0,0
2017-02-10-05-00-00,0,0,0
2017-02-10-05-15-00,0,0,0
2017-02-10-05-30-00,2,0,2
2017-02-10-05-45-00,3,0,3
2017-02-10-06-00-00,3,0,3
2017-02-10-06-15-00,3,2,1
2017-02-10-06-30-00,5,0,5
2017-02-10-06-45-00,10,4,6
2017-02-10-07-00-00,11,8,3
2017-02-10-07-15-00,14,3,11
2017-02-10-07-30-00,27,10,17
2017-02-10-07-45-00,28,6,22
2017-02-10-08-00-00,36,5,31
2017-02-10-08-15-00,17,2,15
2017-02-10-08-30-00,20,4,16
2017-02-10-08-45-00,21,1,20
2017-02-10-09-00-00,22,4,18
2017-02-10-09-15-00,10,2,8
2017-02-10-09-30-00,14,8,6
2017-02-10-09-45-00,4,1,3
2017-02-10-10-00-00,6,4,2
2017-02-10-10-15-00,4,0,4
2017-02-10-10-30-00,6,2,4
2017-02-10-10-45-00,11,5,6
2017-02-10-11-00-00,6,2,4
2017-02-10-11-15-00,9,6,3
2017-02-10-11-30-00,5,2,3
2017-02-10-11-45-00,8,4,4
2017-02-10-12-00-00,3,3,0
2017-02-10-12-15-00,9,6,3
2017-02-10-12-30-00,11,5,6
2017-02-10-12-45-00,8,6,2
2017-02-10-13-00-00,6,3,3
2017-02-10-13-15-00,7,7,0
2017-02-10-13-30-00,14,8,6
2017-02-10-13-45-00,13,4,9
2017-02-10-14-00-00,11,7,4
2017-02-10-14-15-00,11,9,2
2017-02-10-14-30-00,16,11,5
2017-02-10-14-45-00,17,13,4
2017-02-10-15-00-00,17,9,8
2017-02-10-15-15-00,16,14,2
2017-02-10-15-30-00,14,9,5
2017-02-10-15-45-00,18,15,3
2017-02-10-16-00-00,23,15,8
2017-02-10-16-15-00,22,20,2
2017-02-10-16-30-00,30,18,12
2017-02-10-16-45-00,15,9,6
2017-02-10-17-00-00,26,21,5
2017-02-10-17-15-00,17,14,3
2017-02-10-17-30-00,22,14,8
2017-02-10-17-45-00,15,13,2
2017-02-10-18-00-00,20,12,8
2017-02-10-18-15-00,12,7,5
2017-02-10-18-30-00,5,2,3
2017-02-10-18-45-00,2,1,1
2017-02-10-19-00-00,1,1,0
2017-02-10-19-15-00,3,1,2
2017-02-10-19-30-00,2,2,0
2017-02-10-19-45-00,11,9,2
2017-02-10-20-00-00,1,0,1
2017-02-10-20-15-00,3,2,1
2017-02-10-20-30-00,1,1,0
2017-02-10-20-45-00,3,2,1
2017-02-10-21-00-00,0,0,0
2017-02-10-21-15-00,3,2,1
2017-02-10-21-30-00,0,0,0
2017-02-10-21-45-00,1,0,1
2017-02-10-22-00-00,0,0,0
2017-02-10-22-15-00,0,0,0
2017-02-10-22-30-00,2,0,2
2017-02-10-22-45-00,4,2,2
2017-02-10-23-00-00,1,0,1
2017-02-10-23-15-00,2,0,2
2017-02-10-23-30-00,0,0,0
2017-02-10-23-45-00,1,1,0
2017-02-11-00-00-00,0,0,0
2017-02-11-00-15-00,0,0,0
2017-02-11-00-30-00,0,0,0
2017-02-11-00-45-00,0,0,0
2017-02-11-01-00-00,0,0,0
2017-02-11-01-15-00,1,0,1
2017-02-11-01-30-00,0,0,0
2017-02-11-01-45-00,0,0,0
2017-02-11-02-00-00,0,0,0
2017-02-11-02-15-00,0,0,0
2017-02-11-02-30-00,0,0,0
2017-02-11-02-45-00,0,0,0
2017-02-11-03-00-00,0,0,0
2017-02-11-03-15-00,0,0,0
2017-02-11-03-30-00,0,0,0
2017-02-11-03-45-00,0,0,0
2017-02-11-04-00-00,0,0,0
2017-02-11-04-15-00,0,0,0
2017-02-11-04-30-00,0,0,0
2017-02-11-04-45-00,0,0,0
2017-02-11-05-00-00,0,0,0
2017-02-11-05-15-00,0,0,0
2017-02-11-05-30-00,0,0,0
2017-02-11-05-45-00,1,1,0
2017-02-11-06-00-00,0,0,0
2017-02-11-06-15-00,0,0,0
2017-02-11-06-30-00,0,0,0
2017-02-11-06-45-00,0,0,0
2017-02-11-07-00-00,0,0,0
2017-02-11-07-15-00,2,1,1
2017-02-11-07-30-00,1,1,0
2017-02-11-07-45-00,1,1,0
2017-02-11-08-00-00,0,0,0
2017-02-11-08-15-00,3,2,1
2017-02-11-08-30-00,1,1,0
2017-02-11-08-45-00,1,0,1
2017-02-11-09-00-00,1,0,1
2017-02-11-09-15-00,1,0,1
2017-02-11-09-30-00,5,2,3
2017-02-11-09-45-00,6,5,1
2017-02-11-10-00-00,2,2,0
2017-02-11-10-15-00,2,2,0
2017-02-11-10-30-00,3,1,2
2017-02-11-10-45-00,3,2,1
2017-02-11-11-00-00,8,4,4
2017-02-11-11-15-00,3,3,0
2017-02-11-11-30-00,6,3,3
2017-02-11-11-45-00,2,0,2
2017-02-11-12-00-00,1,0,1
2017-02-11-12-15-00,13,12,1
2017-02-11-12-30-00,6,3,3
2017-02-11-12-45-00,1,1,0
2017-02-11-13-00-00,7,7,0
2017-02-11-13-15-00,3,1,2
2017-02-11-13-30-00,10,3,7
2017-02-11-13-45-00,8,4,4
2017-02-11-14-00-00,12,4,8
2017-02-11-14-15-00,6,3,3
2017-02-11-14-30-00,17,10,7
2017-02-11-14-45-00,4,3,1
2017-02-11-15-00-00,9,6,3
2017-02-11-15-15-00,4,1,3
2017-02-11-15-30-00,8,6,2
2017-02-11-15-45-00,8,2,6
2017-02-11-16-00-00,2,2,0
2017-02-11-16-15-00,6,4,2
2017-02-11-16-30-00,1,0,1
2017-02-11-16-45-00,3,1,2
2017-02-11-17-00-00,7,3,4
2017-02-11-17-15-00,3,3,0
2017-02-11-17-30-00,3,1,2
2017-02-11-17-45-00,1,0,1
2017-02-11-18-00-00,2,2,0
2017-02-11-18-15-00,5,3,2
2017-02-11-18-30-00,6,6,0
2017-02-11-18-45-00,3,2,1
2017-02-11-19-00-00,3,1,2
2017-02-11-19-15-00,1,0,1
2017-02-11-19-30-00,0,0,0
2017-02-11-19-45-00,1,0,1
2017-02-11-20-00-00,1,0,1
2017-02-11-20-15-00,0,0,0
2017-02-11-20-30-00,1,1,0
2017-02-11-20-45-00,1,0,1
2017-02-11-21-00-00,1,0,1
2017-02-11-21-15-00,2,0,2
2017-02-11-21-30-00,0,0,0
2017-02-11-21-45-00,0,0,0
2017-02-11-22-00-00,0,0,0
2017-02-11-22-15-00,0,0,0
2017-02-11-22-30-00,1,1,0
2017-02-11-22-45-00,0,0,0
2017-02-11-23-00-00,0,0,0
2017-02-11-23-15-00,0,0,0
2017-02-11-23-30-00,1,1,0
2017-02-11-23-45-00,0,0,0
2017-02-12-00-00-00,0,0,0
2017-02-12-00-15-00,1,1,0
2017-02-12-00-30-00,0,0,0
2017-02-12-00-45-00,0,0,0
2017-02-12-01-00-00,1,1,0
2017-02-12-01-15-00,1,1,0
2017-02-12-01-30-00,0,0,0
2017-02-12-01-45-00,0,0,0
2017-02-12-02-00-00,0,0,0
2017-02-12-02-15-00,0,0,0
2017-02-12-02-30-00,0,0,0
2017-02-12-02-45-00,1,1,0
2017-02-12-03-00-00,0,0,0
2017-02-12-03-15-00,0,0,0
2017-02-12-03-30-00,0,0,0
2017-02-12-03-45-00,0,0,0
2017-02-12-04-00-00,0,0,0
2017-02-12-04-15-00,0,0,0
2017-02-12-04-30-00,0,0,0
2017-02-12-04-45-00,0,0,0
2017-02-12-05-00-00,0,0,0
2017-02-12-05-15-00,0,0,0
2017-02-12-05-30-00,0,0,0
2017-02-12-05-45-00,1,1,0
2017-02-12-06-00-00,0,0,0
2017-02-12-06-15-00,0,0,0
2017-02-12-06-30-00,1,0,1
2017-02-12-06-45-00,1,0,1
2017-02-12-07-00-00,0,0,0
2017-02-12-07-15-00,1,0,1
2017-02-12-07-30-00,3,3,0
2017-02-12-07-45-00,0,0,0
2017-02-12-08-00-00,1,0,1
2017-02-12-08-15-00,7,3,4
2017-02-12-08-30-00,1,1,0
2017-02-12-08-45-00,8,4,4
2017-02-12-09-00-00,7,3,4
2017-02-12-09-15-00,8,2,6
2017-02-12-09-30-00,7,3,4
2017-02-12-09-45-00,11,6,5
2017-02-12-10-00-00,5,1,4
2017-02-12-10-15-00,9,5,4
2017-02-12-10-30-00,23,10,13
2017-02-12-10-45-00,15,9,6
2017-02-12-11-00-00,13,8,5
2017-02-12-11-15-00,13,9,4
2017-02-12-11-30-00,16,4,12
2017-02-12-11-45-00,17,10,7
2017-02-12-12-00-00,17,7,10
2017-02-12-12-15-00,24,8,16
2017-02-12-12-30-00,23,11,12
2017-02-12-12-45-00,30,8,22
2017-02-12-13-00-00,25,9,16
2017-02-12-13-15-00,30,20,10
2017-02-12-13-30-00,34,15,19
2017-02-12-13-45-00,45,24,21
2017-02-12-14-00-00,51,26,25
2017-02-12-14-15-00,45,20,25
2017-02-12-14-30-00,62,33,29
2017-02-12-14-45-00,58,29,29
2017-02-12-15-00-00,64,27,37
2017-02-12-15-15-00,80,36,44
2017-02-12-15-30-00,49,22,27
2017-02-12-15-45-00,38,22,16
2017-02-12-16-00-00,60,32,28
2017-02-12-16-15-00,47,26,21
2017-02-12-16-30-00,32,25,7
2017-02-12-16-45-00,41,24,17
2017-02-12-17-00-00,35,15,20
2017-02-12-17-15-00,19,12,7
2017-02-12-17-30-00,23,16,7
2017-02-12-17-45-00,12,7,5
2017-02-12-18-00-00,11,9,2
2017-02-12-18-15-00,6,3,3
2017-02-12-18-30-00,11,8,3
2017-02-12-18-45-00,1,1,0
2017-02-12-19-00-00,9,4,5
2017-02-12-19-15-00,4,4,0
2017-02-12-19-30-00,3,3,0
2017-02-12-19-45-00,4,2,2
2017-02-12-20-00-00,0,0,0
2017-02-12-20-15-00,0,0,0
2017-02-12-20-30-00,2,1,1
2017-02-12-20-45-00,1,0,1
2017-02-12-21-00-00,3,2,1
2017-02-12-21-15-00,2,0,2
2017-02-12-21-30-00,0,0,0
2017-02-12-21-45-00,1,0,1
2017-02-12-22-00-00,0,0,0
2017-02-12-22-15-00,0,0,0
2017-02-12-22-30-00,0,0,0
2017-02-12-22-45-00,0,0,0
2017-02-12-23-00-00,0,0,0
2017-02-12-23-15-00,1,0,1
2017-02-12-23-30-00,1,0,1
2017-02-12-23-45-00,0,0,0
2017-02-13-00-00-00,0,0,0
2017-02-13-00-15-00,0,0,0
2017-02-13-00-30-00,0,0,0
2017-02-13-00-45-00,0,0,0
2017-02-13-01-00-00,0,0,0
2017-02-13-01-15-00,0,0,0
2017-02-13-01-30-00,0,0,0
2017-02-13-01-45-00,0,0,0
2017-02-13-02-00-00,0,0,0
2017-02-13-02-15-00,0,0,0
2017-02-13-02-30-00,0,0,0
2017-02-13-02-45-00,0,0,0
2017-02-13-03-00-00,0,0,0
2017-02-13-03-15-00,0,0,0
2017-02-13-03-30-00,0,0,0
2017-02-13-03-45-00,0,0,0
2017-02-13-04-00-00,0,0,0
2017-02-13-04-15-00,0,0,0
2017-02-13-04-30-00,0,0,0
2017-02-13-04-45-00,0,0,0
2017-02-13-05-00-00,1,0,1
2017-02-13-05-15-00,1,0,1
2017-02-13-05-30-00,0,0,0
2017-02-13-05-45-00,3,1,2
2017-02-13-06-00-00,3,0,3
2017-02-13-06-15-00,9,3,6
2017-02-13-06-30-00,3,1,2
2017-02-13-06-45-00,12,1,11
2017-02-13-07-00-00,14,5,9
2017-02-13-07-15-00,22,7,15
2017-02-13-07-30-00,22,9,13
2017-02-13-07-45-00,38,7,31
2017-02-13-08-00-00,37,11,26
2017-02-13-08-15-00,41,7,34
2017-02-13-08-30-00,29,10,19
2017-02-13-08-45-00,33,1,32
2017-02-13-09-00-00,27,5,22
2017-02-13-09-15-00,17,5,12
2017-02-13-09-30-00,12,3,9
2017-02-13-09-45-00,10,5,5
2017-02-13-10-00-00,6,1,5
2017-02-13-10-15-00,10,5,5
2017-02-13-10-30-00,5,2,3
2017-02-13-10-45-00,13,6,7
2017-02-13-11-00-00,9,3,6
2017-02-13-11-15-00,12,7,5
2017-02-13-11-30-00,8,5,3
2017-02-13-11-45-00,15,7,8
2017-02-13-12-00-00,7,6,1
2017-02-13-12-15-00,9,4,5
2017-02-13-12-30-00,6,2,4
2017-02-13-12-45-00,12,8,4
2017-02-13-13-00-00,8,3,5
2017-02-13-13-15-00,20,8,12
2017-02-13-13-30-00,16,4,12
2017-02-13-13-45-00,12,3,9
2017-02-13-14-00-00,20,8,12
2017-02-13-14-15-00,15,9,6
2017-02-13-14-30-00,20,7,13
2017-02-13-14-45-00,21,10,11
2017-02-13-15-00-00,37,21,16
2017-02-13-15-15-00,22,10,12
2017-02-13-15-30-00,34,18,16
2017-02-13-15-45-00,47,29,18
2017-02-13-16-00-00,36,22,14
2017-02-13-16-15-00,38,26,12
2017-02-13-16-30-00,57,39,18
2017-02-13-16-45-00,32,19,13
2017-02-13-17-00-00,41,28,13
2017-02-13-17-15-00,45,35,10
2017-02-13-17-30-00,43,36,7
2017-02-13-17-45-00,29,21,8
2017-02-13-18-00-00,31,21,10
2017-02-13-18-15-00,38,26,12
2017-02-13-18-30-00,23,19,4
2017-02-13-18-45-00,14,10,4
2017-02-13-19-00-00,11,9,2
2017-02-13-19-15-00,8,4,4
2017-02-13-19-30-00,9,6,3
2017-02-13-19-45-00,1,1,0
2017-02-13-20-00-00,2,1,1
2017-02-13-20-15-00,9,5,4
2017-02-13-20-30-00,3,1,2
2017-02-13-20-45-00,6,0,6
2017-02-13-21-00-00,3,2,1
2017-02-13-21-15-00,4,3,1
2017-02-13-21-30-00,0,0,0
2017-02-13-21-45-00,0,0,0
2017-02-13-22-00-00,1,1,0
2017-02-13-22-15-00,2,2,0
2017-02-13-22-30-00,0,0,0
2017-02-13-22-45-00,0,0,0
2017-02-13-23-00-00,0,0,0
2017-02-13-23-15-00,1,1,0
2017-02-13-23-30-00,1,0,1
2017-02-13-23-45-00,0,0,0
2017-02-14-00-00-00,0,0,0
2017-02-14-00-15-00,0,0,0
2017-02-14-00-30-00,1,1,0
2017-02-14-00-45-00,0,0,0
2017-02-14-01-00-00,0,0,0
2017-02-14-01-15-00,0,0,0
2017-02-14-01-30-00,0,0,0
2017-02-14-01-45-00,0,0,0
2017-02-14-02-00-00,0,0,0
2017-02-14-02-15-00,0,0,0
2017-02-14-02-30-00,0,0,0
2017-02-14-02-45-00,0,0,0
2017-02-14-03-00-00,0,0,0
2017-02-14-03-15-00,0,0,0
2017-02-14-03-30-00,0,0,0
2017-02-14-03-45-00,1,1,0
2017-02-14-04-00-00,0,0,0
2017-02-14-04-15-00,0,0,0
2017-02-14-04-30-00,0,0,0
2017-02-14-04-45-00,0,0,0
2017-02-14-05-00-00,0,0,0
2017-02-14-05-15-00,1,0,1
2017-02-14-05-30-00,2,0,2
2017-02-14-05-45-00,3,2,1
2017-02-14-06-00-00,3,0,3
2017-02-14-06-15-00,4,1,3
2017-02-14-06-30-00,6,0,6
2017-02-14-06-45-00,11,0,11
2017-02-14-07-00-00,16,5,11
2017-02-14-07-15-00,28,8,20
2017-02-14-07-30-00,34,14,20
2017-02-14-07-45-00,32,9,23
2017-02-14-08-00-00,36,4,32
2017-02-14-08-15-00,35,11,24
2017-02-14-08-30-00,51,9,42
2017-02-14-08-45-00,35,7,28
2017-02-14-09-00-00,25,3,22
2017-02-14-09-15-00,21,4,17
2017-02-14-09-30-00,12,2,10
2017-02-14-09-45-00,12,4,8
2017-02-14-10-00-00,14,6,8
2017-02-14-10-15-00,15,7,8
2017-02-14-10-30-00,8,3,5
2017-02-14-10-45-00,22,11,11
2017-02-14-11-00-00,9,5,4
2017-02-14-11-15-00,18,13,5
2017-02-14-11-30-00,14,6,8
2017-02-14-11-45-00,18,8,10
2017-02-14-12-00-00,15,4,11
2017-02-14-12-15-00,27,10,17
2017-02-14-12-30-00,12,9,3
2017-02-14-12-45-00,26,8,18
2017-02-14-13-00-00,21,9,12
2017-02-14-13-15-00,25,10,15
2017-02-14-13-30-00,18,9,9
2017-02-14-13-45-00,28,10,18
2017-02-14-14-00-00,27,15,12
2017-02-14-14-15-00,33,17,16
2017-02-14-14-30-00,36,16,20
2017-02-14-14-45-00,42,24,18
2017-02-14-15-00-00,40,27,13
2017-02-14-15-15-00,46,28,18
2017-02-14-15-30-00,49,28,21
2017-02-14-15-45-00,62,38,24
2017-02-14-16-00-00,33,24,9
2017-02-14-16-15-00,56,32,24
2017-02-14-16-30-00,49,36,13
2017-02-14-16-45-00,54,25,29
2017-02-14-17-00-00,49,29,20
2017-02-14-17-15-00,60,40,20
2017-02-14-17-30-00,46,34,12
2017-02-14-17-45-00,37,29,8
2017-02-14-18-00-00,34,25,9
2017-02-14-18-15-00,30,22,8
2017-02-14-18-30-00,19,12,7
2017-02-14-18-45-00,20,16,4
2017-02-14-19-00-00,9,4,5
2017-02-14-19-15-00,9,5,4
2017-02-14-19-30-00,11,9,2
2017-02-14-19-45-00,6,6,0
2017-02-14-20-00-00,9,8,1
2017-02-14-20-15-00,5,4,1
2017-02-14-20-30-00,1,1,0
2017-02-14-20-45-00,5,3,2
2017-02-14-21-00-00,0,0,0
2017-02-14-21-15-00,2,0,2
2017-02-14-21-30-00,2,2,0
2017-02-14-21-45-00,3,2,1
2017-02-14-22-00-00,1,0,1
2017-02-14-22-15-00,1,0,1
2017-02-14-22-30-00,5,3,2
2017-02-14-22-45-00,1,0,1
2017-02-14-23-00-00,3,2,1
2017-02-14-23-15-00,0,0,0
2017-02-14-23-30-00,0,0,0
2017-02-14-23-45-00,0,0,0
2017-02-15-00-00-00,0,0,0
2017-02-15-00-15-00,0,0,0
2017-02-15-00-30-00,0,0,0
2017-02-15-00-45-00,1,0,1
2017-02-15-01-00-00,0,0,0
2017-02-15-01-15-00,0,0,0
2017-02-15-01-30-00,0,0,0
2017-02-15-01-45-00,0,0,0
2017-02-15-02-00-00,0,0,0
2017-02-15-02-15-00,0,0,0
2017-02-15-02-30-00,0,0,0
2017-02-15-02-45-00,0,0,0
2017-02-15-03-00-00,0,0,0
2017-02-15-03-15-00,0,0,0
2017-02-15-03-30-00,0,0,0
2017-02-15-03-45-00,0,0,0
2017-02-15-04-00-00,0,0,0
2017-02-15-04-15-00,0,0,0
2017-02-15-04-30-00,0,0,0
2017-02-15-04-45-00,0,0,0
2017-02-15-05-00-00,0,0,0
2017-02-15-05-15-00,0,0,0
2017-02-15-05-30-00,3,0,3
2017-02-15-05-45-00,0,0,0
2017-02-15-06-00-00,6,1,5
2017-02-15-06-15-00,7,2,5
2017-02-15-06-30-00,8,0,8
2017-02-15-06-45-00,11,2,9
2017-02-15-07-00-00,21,9,12
2017-02-15-07-15-00,34,10,24
2017-02-15-07-30-00,25,5,20
2017-02-15-07-45-00,48,16,32
2017-02-15-08-00-00,49,14,35
2017-02-15-08-15-00,49,10,39
2017-02-15-08-30-00,32,5,27
2017-02-15-08-45-00,31,1,30
2017-02-15-09-00-00,22,4,18
2017-02-15-09-15-00,9,0,9
2017-02-15-09-30-00,18,5,13
2017-02-15-09-45-00,16,9,7
2017-02-15-10-00-00,8,2,6
2017-02-15-10-15-00,6,1,5
2017-02-15-10-30-00,11,2,9
2017-02-15-10-45-00,17,9,8
2017-02-15-11-00-00,11,2,9
2017-02-15-11-15-00,20,13,7
2017-02-15-11-30-00,20,8,12
2017-02-15-11-45-00,21,7,14
2017-02-15-12-00-00,23,8,15
2017-02-15-12-15-00,27,15,12
2017-02-15-12-30-00,27,11,16
2017-02-15-12-45-00,29,11,18
2017-02-15-13-00-00,21,6,15
2017-02-15-13-15-00,46,23,23
2017-02-15-13-30-00,52,27,25
2017-02-15-13-45-00,36,18,18
2017-02-15-14-00-00,42,19,23
2017-02-15-14-15-00,56,28,28
2017-02-15-14-30-00,55,31,24
2017-02-15-14-45-00,48,26,22
2017-02-15-15-00-00,48,22,26
2017-02-15-15-15-00,48,28,20
2017-02-15-15-30-00,82,50,32
2017-02-15-15-45-00,68,52,16
2017-02-15-16-00-00,57,32,25
2017-02-15-16-15-00,67,43,24
2017-02-15-16-30-00,72,46,26
2017-02-15-16-45-00,79,48,31
2017-02-15-17-00-00,74,55,19
2017-02-15-17-15-00,79,37,42
2017-02-15-17-30-00,61,48,13
2017-02-15-17-45-00,44,30,14
2017-02-15-18-00-00,51,38,13
2017-02-15-18-15-00,35,22,13
2017-02-15-18-30-00,27,24,3
2017-02-15-18-45-00,23,18,5
2017-02-15-19-00-00,15,10,5
2017-02-15-19-15-00,9,9,0
2017-02-15-19-30-00,11,9,2
2017-02-15-19-45-00,3,2,1
2017-02-15-20-00-00,5,4,1
2017-02-15-20-15-00,10,8,2
2017-02-15-20-30-00,8,7,1
2017-02-15-20-45-00,3,0,3
2017-02-15-21-00-00,3,2,1
2017-02-15-21-15-00,2,1,1
2017-02-15-21-30-00,1,1,0
2017-02-15-21-45-00,2,0,2
2017-02-15-22-00-00,0,0,0
2017-02-15-22-15-00,3,0,3
2017-02-15-22-30-00,9,3,6
2017-02-15-22-45-00,2,1,1
2017-02-15-23-00-00,1,0,1
2017-02-15-23-15-00,1,1,0
2017-02-15-23-30-00,0,0,0
2017-02-15-23-45-00,0,0,0
2017-02-16-00-00-00,0,0,0
2017-02-16-00-15-00,0,0,0
2017-02-16-00-30-00,0,0,0
2017-02-16-00-45-00,1,1,0
2017-02-16-01-00-00,0,0,0
2017-02-16-01-15-00,0,0,0
2017-02-16-01-30-00,0,0,0
2017-02-16-01-45-00,0,0,0
2017-02-16-02-00-00,0,0,0
2017-02-16-02-15-00,0,0,0
2017-02-16-02-30-00,0,0,0
2017-02-16-02-45-00,1,0,1
2017-02-16-03-00-00,0,0,0
2017-02-16-03-15-00,0,0,0
2017-02-16-03-30-00,0,0,0
2017-02-16-03-45-00,0,0,0
2017-02-16-04-00-00,0,0,0
2017-02-16-04-15-00,0,0,0
2017-02-16-04-30-00,0,0,0
2017-02-16-04-45-00,0,0,0
2017-02-16-05-00-00,0,0,0
2017-02-16-05-15-00,0,0,0
2017-02-16-05-30-00,1,0,1
2017-02-16-05-45-00,3,2,1
2017-02-16-06-00-00,7,0,7
2017-02-16-06-15-00,2,1,1
2017-02-16-06-30-00,5,1,4
2017-02-16-06-45-00,11,2,9
2017-02-16-07-00-00,9,2,7
2017-02-16-07-15-00,23,5,18
2017-02-16-07-30-00,33,10,23
2017-02-16-07-45-00,48,9,39
2017-02-16-08-00-00,61,8,53
2017-02-16-08-15-00,39,5,34
2017-02-16-08-30-00,35,8,27
2017-02-16-08-45-00,31,8,23
2017-02-16-09-00-00,21,4,17
2017-02-16-09-15-00,10,2,8
2017-02-16-09-30-00,12,4,8
2017-02-16-09-45-00,7,4,3
2017-02-16-10-00-00,6,3,3
2017-02-16-10-15-00,6,3,3
2017-02-16-10-30-00,10,6,4
2017-02-16-10-45-00,14,6,8
2017-02-16-11-00-00,3,2,1
2017-02-16-11-15-00,8,3,5
2017-02-16-11-30-00,12,2,10
2017-02-16-11-45-00,5,3,2
2017-02-16-12-00-00,12,10,2
2017-02-16-12-15-00,9,6,3
2017-02-16-12-30-00,9,4,5
2017-02-16-12-45-00,9,5,4
2017-02-16-13-00-00,10,3,7
2017-02-16-13-15-00,13,4,9
2017-02-16-13-30-00,13,4,9
2017-02-16-13-45-00,25,15,10
2017-02-16-14-00-00,16,9,7
2017-02-16-14-15-00,14,11,3
2017-02-16-14-30-00,11,6,5
2017-02-16-14-45-00,7,1,6
2017-02-16-15-00-00,6,4,2
2017-02-16-15-15-00,17,10,7
2017-02-16-15-30-00,24,15,9
2017-02-16-15-45-00,12,7,5
2017-02-16-16-00-00,15,10,5
2017-02-16-16-15-00,24,20,4
2017-02-16-16-30-00,31,21,10
2017-02-16-16-45-00,28,22,6
2017-02-16-17-00-00,31,19,12
2017-02-16-17-15-00,43,34,9
2017-02-16-17-30-00,42,31,11
2017-02-16-17-45-00,27,23,4
2017-02-16-18-00-00,26,18,8
2017-02-16-18-15-00,33,30,3
2017-02-16-18-30-00,18,10,8
2017-02-16-18-45-00,11,10,1
2017-02-16-19-00-00,14,11,3
2017-02-16-19-15-00,10,5,5
2017-02-16-19-30-00,9,6,3
2017-02-16-19-45-00,7,4,3
2017-02-16-20-00-00,7,3,4
2017-02-16-20-15-00,4,4,0
2017-02-16-20-30-00,1,0,1
2017-02-16-20-45-00,6,3,3
2017-02-16-21-00-00,2,2,0
2017-02-16-21-15-00,5,1,4
2017-02-16-21-30-00,3,1,2
2017-02-16-21-45-00,0,0,0
2017-02-16-22-00-00,2,1,1
2017-02-16-22-15-00,2,1,1
2017-02-16-22-30-00,4,3,1
2017-02-16-22-45-00,2,0,2
2017-02-16-23-00-00,2,1,1
2017-02-16-23-15-00,0,0,0
2017-02-16-23-30-00,1,1,0
2017-02-16-23-45-00,0,0,0
2017-02-17-00-00-00,1,0,1
2017-02-17-00-15-00,0,0,0
2017-02-17-00-30-00,0,0,0
2017-02-17-00-45-00,0,0,0
2017-02-17-01-00-00,0,0,0
2017-02-17-01-15-00,0,0,0
2017-02-17-01-30-00,0,0,0
2017-02-17-01-45-00,0,0,0
2017-02-17-02-00-00,0,0,0
2017-02-17-02-15-00,0,0,0
2017-02-17-02-30-00,0,0,0
2017-02-17-02-45-00,0,0,0
2017-02-17-03-00-00,0,0,0
2017-02-17-03-15-00,0,0,0
2017-02-17-03-30-00,0,0,0
2017-02-17-03-45-00,0,0,0
2017-02-17-04-00-00,0,0,0
2017-02-17-04-15-00,1,0,1
2017-02-17-04-30-00,1,0,1
2017-02-17-04-45-00,0,0,0
2017-02-17-05-00-00,0,0,0
2017-02-17-05-15-00,0,0,0
2017-02-17-05-30-00,2,0,2
2017-02-17-05-45-00,2,1,1
2017-02-17-06-00-00,7,4,3
2017-02-17-06-15-00,5,2,3
2017-02-17-06-30-00,3,0,3
2017-02-17-06-45-00,9,3,6
2017-02-17-07-00-00,10,5,5
2017-02-17-07-15-00,17,5,12
2017-02-17-07-30-00,35,10,25
2017-02-17-07-45-00,42,8,34
2017-02-17-08-00-00,39,7,32
2017-02-17-08-15-00,46,9,37
2017-02-17-08-30-00,35,9,26
2017-02-17-08-45-00,27,7,20
2017-02-17-09-00-00,17,4,13
2017-02-17-09-15-00,13,2,11
2017-02-17-09-30-00,10,6,4
2017-02-17-09-45-00,9,3,6
2017-02-17-10-00-00,5,3,2
2017-02-17-10-15-00,7,5,2
2017-02-17-10-30-00,4,0,4
2017-02-17-10-45-00,3,1,2
2017-02-17-11-00-00,3,2,1
2017-02-17-11-15-00,5,2,3
2017-02-17-11-30-00,5,3,2
2017-02-17-11-45-00,2,1,1
2017-02-17-12-00-00,0,0,0
2017-02-17-12-15-00,8,2,6
2017-02-17-12-30-00,11,7,4
2017-02-17-12-45-00,6,3,3
2017-02-17-13-00-00,9,5,4
2017-02-17-13-15-00,5,2,3
2017-02-17-13-30-00,12,7,5
2017-02-17-13-45-00,11,8,3
2017-02-17-14-00-00,11,7,4
2017-02-17-14-15-00,14,10,4
2017-02-17-14-30-00,10,7,3
2017-02-17-14-45-00,21,14,7
2017-02-17-15-00-00,23,15,8
2017-02-17-15-15-00,20,14,6
2017-02-17-15-30-00,13,11,2
2017-02-17-15-45-00,23,13,10
2017-02-17-16-00-00,25,15,10
2017-02-17-16-15-00,31,27,4
2017-02-17-16-30-00,16,13,3
2017-02-17-16-45-00,25,15,10
2017-02-17-17-00-00,25,15,10
2017-02-17-17-15-00,13,11,2
2017-02-17-17-30-00,20,12,8
2017-02-17-17-45-00,19,14,5
2017-02-17-18-00-00,15,12,3
2017-02-17-18-15-00,15,8,7
2017-02-17-18-30-00,10,8,2
2017-02-17-18-45-00,14,8,6
2017-02-17-19-00-00,7,3,4
2017-02-17-19-15-00,5,3,2
2017-02-17-19-30-00,8,8,0
2017-02-17-19-45-00,4,3,1
2017-02-17-20-00-00,5,4,1
2017-02-17-20-15-00,0,0,0
2017-02-17-20-30-00,2,2,0
2017-02-17-20-45-00,1,1,0
2017-02-17-21-00-00,1,1,0
2017-02-17-21-15-00,2,1,1
2017-02-17-21-30-00,2,1,1
2017-02-17-21-45-00,2,2,0
2017-02-17-22-00-00,2,0,2
2017-02-17-22-15-00,0,0,0
2017-02-17-22-30-00,2,2,0
2017-02-17-22-45-00,0,0,0
2017-02-17-23-00-00,0,0,0
2017-02-17-23-15-00,1,0,1
2017-02-17-23-30-00,1,0,1
2017-02-17-23-45-00,0,0,0
2017-02-18-00-00-00,1,0,1
2017-02-18-00-15-00,1,0,1
2017-02-18-00-30-00,0,0,0
2017-02-18-00-45-00,0,0,0
2017-02-18-01-00-00,0,0,0
2017-02-18-01-15-00,0,0,0
2017-02-18-01-30-00,0,0,0
2017-02-18-01-45-00,1,1,0
2017-02-18-02-00-00,1,0,1
2017-02-18-02-15-00,0,0,0
2017-02-18-02-30-00,0,0,0
2017-02-18-02-45-00,3,0,3
2017-02-18-03-00-00,0,0,0
2017-02-18-03-15-00,1,0,1
2017-02-18-03-30-00,0,0,0
2017-02-18-03-45-00,0,0,0
2017-02-18-04-00-00,1,0,1
2017-02-18-04-15-00,0,0,0
2017-02-18-04-30-00,0,0,0
2017-02-18-04-45-00,0,0,0
2017-02-18-05-00-00,0,0,0
2017-02-18-05-15-00,0,0,0
2017-02-18-05-30-00,1,0,1
2017-02-18-05-45-00,0,0,0
2017-02-18-06-00-00,4,4,0
2017-02-18-06-15-00,0,0,0
2017-02-18-06-30-00,0,0,0
2017-02-18-06-45-00,0,0,0
2017-02-18-07-00-00,1,0,1
2017-02-18-07-15-00,1,1,0
2017-02-18-07-30-00,0,0,0
2017-02-18-07-45-00,3,0,3
2017-02-18-08-00-00,0,0,0
2017-02-18-08-15-00,1,1,0
2017-02-18-08-30-00,12,1,11
2017-02-18-08-45-00,9,6,3
2017-02-18-09-00-00,13,8,5
2017-02-18-09-15-00,8,3,5
2017-02-18-09-30-00,9,6,3
2017-02-18-09-45-00,9,5,4
2017-02-18-10-00-00,10,3,7
2017-02-18-10-15-00,9,4,5
2017-02-18-10-30-00,10,6,4
2017-02-18-10-45-00,13,5,8
2017-02-18-11-00-00,14,7,7
2017-02-18-11-15-00,19,10,9
2017-02-18-11-30-00,7,3,4
2017-02-18-11-45-00,11,5,6
2017-02-18-12-00-00,13,8,5
2017-02-18-12-15-00,11,4,7
2017-02-18-12-30-00,17,9,8
2017-02-18-12-45-00,14,5,9
2017-02-18-13-00-00,26,14,12
2017-02-18-13-15-00,22,17,5
2017-02-18-13-30-00,11,8,3
2017-02-18-13-45-00,26,14,12
2017-02-18-14-00-00,26,8,18
2017-02-18-14-15-00,22,8,14
2017-02-18-14-30-00,26,9,17
2017-02-18-14-45-00,22,11,11
2017-02-18-15-00-00,40,22,18
2017-02-18-15-15-00,25,11,14
2017-02-18-15-30-00,23,13,10
2017-02-18-15-45-00,19,7,12
2017-02-18-16-00-00,20,9,11
2017-02-18-16-15-00,24,14,10
2017-02-18-16-30-00,22,9,13
2017-02-18-16-45-00,31,18,13
2017-02-18-17-00-00,24,15,9
2017-02-18-17-15-00,15,6,9
2017-02-18-17-30-00,18,9,9
2017-02-18-17-45-00,13,8,5
2017-02-18-18-00-00,13,9,4
2017-02-18-18-15-00,7,6,1
2017-02-18-18-30-00,9,4,5
2017-02-18-18-45-00,8,5,3
2017-02-18-19-00-00,7,3,4
2017-02-18-19-15-00,5,3,2
2017-02-18-19-30-00,0,0,0
2017-02-18-19-45-00,1,1,0
2017-02-18-20-00-00,0,0,0
2017-02-18-20-15-00,0,0,0
2017-02-18-20-30-00,0,0,0
2017-02-18-20-45-00,0,0,0
2017-02-18-21-00-00,1,0,1
2017-02-18-21-15-00,1,0,1
2017-02-18-21-30-00,0,0,0
2017-02-18-21-45-00,0,0,0
2017-02-18-22-00-00,0,0,0
2017-02-18-22-15-00,2,2,0
2017-02-18-22-30-00,0,0,0
2017-02-18-22-45-00,1,1,0
2017-02-18-23-00-00,0,0,0
2017-02-18-23-15-00,0,0,0
2017-02-18-23-30-00,0,0,0
2017-02-18-23-45-00,0,0,0
2017-02-19-00-00-00,0,0,0
2017-02-19-00-15-00,0,0,0
2017-02-19-00-30-00,3,3,0
2017-02-19-00-45-00,0,0,0
2017-02-19-01-00-00,1,0,1
2017-02-19-01-15-00,1,0,1
2017-02-19-01-30-00,0,0,0
2017-02-19-01-45-00,0,0,0
2017-02-19-02-00-00,0,0,0
2017-02-19-02-15-00,0,0,0
2017-02-19-02-30-00,0,0,0
2017-02-19-02-45-00,0,0,0
2017-02-19-03-00-00,0,0,0
2017-02-19-03-15-00,0,0,0
2017-02-19-03-30-00,0,0,0
2017-02-19-03-45-00,0,0,0
2017-02-19-04-00-00,0,0,0
2017-02-19-04-15-00,0,0,0
2017-02-19-04-30-00,0,0,0
2017-02-19-04-45-00,0,0,0
2017-02-19-05-00-00,0,0,0
2017-02-19-05-15-00,0,0,0
2017-02-19-05-30-00,1,1,0
2017-02-19-05-45-00,0,0,0
2017-02-19-06-00-00,0,0,0
2017-02-19-06-15-00,1,0,1
2017-02-19-06-30-00,0,0,0
2017-02-19-06-45-00,0,0,0
2017-02-19-07-00-00,1,0,1
2017-02-19-07-15-00,0,0,0
2017-02-19-07-30-00,1,1,0
2017-02-19-07-45-00,0,0,0
2017-02-19-08-00-00,0,0,0
2017-02-19-08-15-00,4,2,2
2017-02-19-08-30-00,5,4,1
2017-02-19-08-45-00,3,1,2
2017-02-19-09-00-00,12,4,8
2017-02-19-09-15-00,9,4,5
2017-02-19-09-30-00,14,6,8
2017-02-19-09-45-00,9,3,6
2017-02-19-10-00-00,13,9,4
2017-02-19-10-15-00,15,7,8
2017-02-19-10-30-00,21,9,12
2017-02-19-10-45-00,27,15,12
2017-02-19-11-00-00,37,20,17
2017-02-19-11-15-00,32,14,18
2017-02-19-11-30-00,37,13,24
2017-02-19-11-45-00,33,18,15
2017-02-19-12-00-00,35,16,19
2017-02-19-12-15-00,27,17,10
2017-02-19-12-30-00,25,14,11
2017-02-19-12-45-00,26,14,12
2017-02-19-13-00-00,21,10,11
2017-02-19-13-15-00,28,11,17
2017-02-19-13-30-00,24,14,10
2017-02-19-13-45-00,22,15,7
2017-02-19-14-00-00,28,12,16
2017-02-19-14-15-00,14,8,6
2017-02-19-14-30-00,32,15,17
2017-02-19-14-45-00,20,11,9
2017-02-19-15-00-00,17,8,9
2017-02-19-15-15-00,21,9,12
2017-02-19-15-30-00,24,9,15
2017-02-19-15-45-00,26,10,16
2017-02-19-16-00-00,18,9,9
2017-02-19-16-15-00,27,19,8
2017-02-19-16-30-00,16,11,5
2017-02-19-16-45-00,9,6,3
2017-02-19-17-00-00,14,11,3
2017-02-19-17-15-00,5,3,2
2017-02-19-17-30-00,5,2,3
2017-02-19-17-45-00,8,4,4
2017-02-19-18-00-00,7,5,2
2017-02-19-18-15-00,3,2,1
2017-02-19-18-30-00,1,1,0
2017-02-19-18-45-00,2,2,0
2017-02-19-19-00-00,0,0,0
2017-02-19-19-15-00,6,5,1
2017-02-19-19-30-00,0,0,0
2017-02-19-19-45-00,0,0,0
2017-02-19-20-00-00,0,0,0
2017-02-19-20-15-00,0,0,0
2017-02-19-20-30-00,1,1,0
2017-02-19-20-45-00,0,0,0
2017-02-19-21-00-00,0,0,0
2017-02-19-21-15-00,0,0,0
2017-02-19-21-30-00,0,0,0
2017-02-19-21-45-00,0,0,0
2017-02-19-22-00-00,0,0,0
2017-02-19-22-15-00,1,1,0
2017-02-19-22-30-00,0,0,0
2017-02-19-22-45-00,0,0,0
2017-02-19-23-00-00,0,0,0
2017-02-19-23-15-00,0,0,0
2017-02-19-23-30-00,0,0,0
2017-02-19-23-45-00,0,0,0
2017-02-20-00-00-00,0,0,0
2017-02-20-00-15-00,0,0,0
2017-02-20-00-30-00,0,0,0
2017-02-20-00-45-00,0,0,0
2017-02-20-01-00-00,0,0,0
2017-02-20-01-15-00,0,0,0
2017-02-20-01-30-00,0,0,0
2017-02-20-01-45-00,0,0,0
2017-02-20-02-00-00,0,0,0
2017-02-20-02-15-00,1,0,1
2017-02-20-02-30-00,0,0,0
2017-02-20-02-45-00,0,0,0
2017-02-20-03-00-00,0,0,0
2017-02-20-03-15-00,0,0,0
2017-02-20-03-30-00,0,0,0
2017-02-20-03-45-00,0,0,0
2017-02-20-04-00-00,0,0,0
2017-02-20-04-15-00,0,0,0
2017-02-20-04-30-00,0,0,0
2017-02-20-04-45-00,0,0,0
2017-02-20-05-00-00,0,0,0
2017-02-20-05-15-00,0,0,0
2017-02-20-05-30-00,1,0,1
2017-02-20-05-45-00,5,2,3
2017-02-20-06-00-00,7,2,5
2017-02-20-06-15-00,2,0,2
2017-02-20-06-30-00,5,0,5
2017-02-20-06-45-00,12,7,5
2017-02-20-07-00-00,10,5,5
2017-02-20-07-15-00,21,4,17
2017-02-20-07-30-00,27,10,17
2017-02-20-07-45-00,27,11,16
2017-02-20-08-00-00,35,8,27
2017-02-20-08-15-00,43,12,31
2017-02-20-08-30-00,29,5,24
2017-02-20-08-45-00,28,4,24
2017-02-20-09-00-00,25,4,21
2017-02-20-09-15-00,10,4,6
2017-02-20-09-30-00,12,5,7
2017-02-20-09-45-00,13,6,7
2017-02-20-10-00-00,6,0,6
2017-02-20-10-15-00,6,0,6
2017-02-20-10-30-00,17,8,9
2017-02-20-10-45-00,17,9,8
2017-02-20-11-00-00,16,5,11
2017-02-20-11-15-00,10,4,6
2017-02-20-11-30-00,4,3,1
2017-02-20-11-45-00,8,5,3
2017-02-20-12-00-00,5,2,3
2017-02-20-12-15-00,4,0,4
2017-02-20-12-30-00,8,3,5
2017-02-20-12-45-00,12,8,4
2017-02-20-13-00-00,4,3,1
2017-02-20-13-15-00,8,2,6
2017-02-20-13-30-00,13,6,7
2017-02-20-13-45-00,12,6,6
2017-02-20-14-00-00,7,2,5
2017-02-20-14-15-00,10,5,5
2017-02-20-14-30-00,6,2,4
2017-02-20-14-45-00,5,3,2
2017-02-20-15-00-00,8,5,3
2017-02-20-15-15-00,7,6,1
2017-02-20-15-30-00,9,7,2
2017-02-20-15-45-00,10,6,4
2017-02-20-16-00-00,17,12,5
2017-02-20-16-15-00,16,13,3
2017-02-20-16-30-00,18,11,7
2017-02-20-16-45-00,15,11,4
2017-02-20-17-00-00,22,15,7
2017-02-20-17-15-00,26,19,7
2017-02-20-17-30-00,25,17,8
2017-02-20-17-45-00,18,11,7
2017-02-20-18-00-00,15,12,3
2017-02-20-18-15-00,17,15,2
2017-02-20-18-30-00,12,11,1
2017-02-20-18-45-00,17,11,6
2017-02-20-19-00-00,7,4,3
2017-02-20-19-15-00,12,8,4
2017-02-20-19-30-00,6,3,3
2017-02-20-19-45-00,7,4,3
2017-02-20-20-00-00,2,1,1
2017-02-20-20-15-00,4,4,0
2017-02-20-20-30-00,6,5,1
2017-02-20-20-45-00,2,1,1
2017-02-20-21-00-00,2,0,2
2017-02-20-21-15-00,0,0,0
2017-02-20-21-30-00,4,4,0
2017-02-20-21-45-00,4,3,1
2017-02-20-22-00-00,1,1,0
2017-02-20-22-15-00,1,1,0
2017-02-20-22-30-00,0,0,0
2017-02-20-22-45-00,0,0,0
2017-02-20-23-00-00,0,0,0
2017-02-20-23-15-00,1,1,0
2017-02-20-23-30-00,0,0,0
2017-02-20-23-45-00,2,2,0
2017-02-21-00-00-00,2,2,0
2017-02-21-00-15-00,0,0,0
2017-02-21-00-30-00,0,0,0
2017-02-21-00-45-00,0,0,0
2017-02-21-01-00-00,0,0,0
2017-02-21-01-15-00,0,0,0
2017-02-21-01-30-00,0,0,0
2017-02-21-01-45-00,0,0,0
2017-02-21-02-00-00,0,0,0
2017-02-21-02-15-00,0,0,0
2017-02-21-02-30-00,0,0,0
2017-02-21-02-45-00,0,0,0
2017-02-21-03-00-00,0,0,0
2017-02-21-03-15-00,0,0,0
2017-02-21-03-30-00,0,0,0
2017-02-21-03-45-00,0,0,0
2017-02-21-04-00-00,0,0,0
2017-02-21-04-15-00,0,0,0
2017-02-21-04-30-00,0,0,0
2017-02-21-04-45-00,0,0,0
2017-02-21-05-00-00,0,0,0
2017-02-21-05-15-00,0,0,0
2017-02-21-05-30-00,2,0,2
2017-02-21-05-45-00,1,0,1
2017-02-21-06-00-00,2,0,2
2017-02-21-06-15-00,6,1,5
2017-02-21-06-30-00,8,2,6
2017-02-21-06-45-00,5,1,4
2017-02-21-07-00-00,14,5,9
2017-02-21-07-15-00,21,8,13
2017-02-21-07-30-00,26,10,16
2017-02-21-07-45-00,29,7,22
2017-02-21-08-00-00,32,7,25
2017-02-21-08-15-00,33,3,30
2017-02-21-08-30-00,26,7,19
2017-02-21-08-45-00,22,4,18
2017-02-21-09-00-00,23,4,19
2017-02-21-09-15-00,12,3,9
2017-02-21-09-30-00,5,2,3
2017-02-21-09-45-00,9,5,4
2017-02-21-10-00-00,7,1,6
2017-02-21-10-15-00,8,3,5
2017-02-21-10-30-00,18,4,14
2017-02-21-10-45-00,9,7,2
2017-02-21-11-00-00,5,3,2
2017-02-21-11-15-00,7,3,4
2017-02-21-11-30-00,7,5,2
2017-02-21-11-45-00,7,3,4
2017-02-21-12-00-00,4,3,1
2017-02-21-12-15-00,18,12,6
2017-02-21-12-30-00,13,4,9
2017-02-21-12-45-00,8,6,2
2017-02-21-13-00-00,10,3,7
2017-02-21-13-15-00,5,3,2
2017-02-21-13-30-00,5,3,2
2017-02-21-13-45-00,6,4,2
2017-02-21-14-00-00,10,7,3
2017-02-21-14-15-00,9,3,6
2017-02-21-14-30-00,10,3,7
2017-02-21-14-45-00,15,13,2
2017-02-21-15-00-00,6,2,4
2017-02-21-15-15-00,6,2,4
2017-02-21-15-30-00,12,9,3
2017-02-21-15-45-00,23,15,8
2017-02-21-16-00-00,11,7,4
2017-02-21-16-15-00,20,17,3
2017-02-21-16-30-00,18,15,3
2017-02-21-16-45-00,20,11,9
2017-02-21-17-00-00,24,16,8
2017-02-21-17-15-00,33,28,5
2017-02-21-17-30-00,26,20,6
2017-02-21-17-45-00,17,13,4
2017-02-21-18-00-00,29,17,12
2017-02-21-18-15-00,25,18,7
2017-02-21-18-30-00,15,11,4
2017-02-21-18-45-00,14,12,2
2017-02-21-19-00-00,7,2,5
2017-02-21-19-15-00,9,8,1
2017-02-21-19-30-00,5,3,2
2017-02-21-19-45-00,13,4,9
2017-02-21-20-00-00,1,0,1
2017-02-21-20-15-00,3,3,0
2017-02-21-20-30-00,9,1,8
2017-02-21-20-45-00,0,0,0
2017-02-21-21-00-00,5,2,3
2017-02-21-21-15-00,5,2,3
2017-02-21-21-30-00,1,0,1
2017-02-21-21-45-00,2,1,1
2017-02-21-22-00-00,3,2,1
2017-02-21-22-15-00,0,0,0
2017-02-21-22-30-00,0,0,0
2017-02-21-22-45-00,1,1,0
2017-02-21-23-00-00,2,1,1
2017-02-21-23-15-00,0,0,0
2017-02-21-23-30-00,0,0,0
2017-02-21-23-45-00,0,0,0
2017-02-22-00-00-00,0,0,0
2017-02-22-00-15-00,0,0,0
2017-02-22-00-30-00,0,0,0
2017-02-22-00-45-00,0,0,0
2017-02-22-01-00-00,0,0,0
2017-02-22-01-15-00,0,0,0
2017-02-22-01-30-00,0,0,0
2017-02-22-01-45-00,0,0,0
2017-02-22-02-00-00,0,0,0
2017-02-22-02-15-00,0,0,0
2017-02-22-02-30-00,0,0,0
2017-02-22-02-45-00,0,0,0
2017-02-22-03-00-00,0,0,0
2017-02-22-03-15-00,0,0,0
2017-02-22-03-30-00,0,0,0
2017-02-22-03-45-00,0,0,0
2017-02-22-04-00-00,0,0,0
2017-02-22-04-15-00,0,0,0
2017-02-22-04-30-00,0,0,0
2017-02-22-04-45-00,0,0,0
2017-02-22-05-00-00,0,0,0
2017-02-22-05-15-00,0,0,0
2017-02-22-05-30-00,0,0,0
2017-02-22-05-45-00,3,0,3
2017-02-22-06-00-00,3,1,2
2017-02-22-06-15-00,6,2,4
2017-02-22-06-30-00,3,2,1
2017-02-22-06-45-00,13,6,7
2017-02-22-07-00-00,7,2,5
2017-02-22-07-15-00,18,4,14
2017-02-22-07-30-00,23,7,16
2017-02-22-07-45-00,36,9,27
2017-02-22-08-00-00,28,4,24
2017-02-22-08-15-00,33,6,27
2017-02-22-08-30-00,20,8,12
2017-02-22-08-45-00,16,3,13
2017-02-22-09-00-00,17,5,12
2017-02-22-09-15-00,10,1,9
2017-02-22-09-30-00,5,2,3
2017-02-22-09-45-00,19,7,12
2017-02-22-10-00-00,11,6,5
2017-02-22-10-15-00,3,1,2
2017-02-22-10-30-00,10,6,4
2017-02-22-10-45-00,6,3,3
2017-02-22-11-00-00,4,1,3
2017-02-22-11-15-00,3,1,2
2017-02-22-11-30-00,9,4,5
2017-02-22-11-45-00,2,2,0
2017-02-22-12-00-00,5,1,4
2017-02-22-12-15-00,4,3,1
2017-02-22-12-30-00,4,1,3
2017-02-22-12-45-00,5,4,1
2017-02-22-13-00-00,8,6,2
2017-02-22-13-15-00,7,3,4
2017-02-22-13-30-00,1,1,0
2017-02-22-13-45-00,5,2,3
2017-02-22-14-00-00,5,4,1
2017-02-22-14-15-00,11,4,7
2017-02-22-14-30-00,8,4,4
2017-02-22-14-45-00,7,4,3
2017-02-22-15-00-00,11,6,5
2017-02-22-15-15-00,10,6,4
2017-02-22-15-30-00,13,9,4
2017-02-22-15-45-00,17,10,7
2017-02-22-16-00-00,23,16,7
2017-02-22-16-15-00,25,22,3
2017-02-22-16-30-00,25,21,4
2017-02-22-16-45-00,22,15,7
2017-02-22-17-00-00,25,18,7
2017-02-22-17-15-00,28,19,9
2017-02-22-17-30-00,16,11,5
2017-02-22-17-45-00,13,11,2
2017-02-22-18-00-00,14,13,1
2017-02-22-18-15-00,17,14,3
2017-02-22-18-30-00,13,7,6
2017-02-22-18-45-00,11,7,4
2017-02-22-19-00-00,8,5,3
2017-02-22-19-15-00,12,8,4
2017-02-22-19-30-00,6,5,1
2017-02-22-19-45-00,7,5,2
2017-02-22-20-00-00,2,2,0
2017-02-22-20-15-00,1,1,0
2017-02-22-20-30-00,0,0,0
2017-02-22-20-45-00,1,1,0
2017-02-22-21-00-00,0,0,0
2017-02-22-21-15-00,4,3,1
2017-02-22-21-30-00,1,1,0
2017-02-22-21-45-00,0,0,0
2017-02-22-22-00-00,2,2,0
2017-02-22-22-15-00,0,0,0
2017-02-22-22-30-00,0,0,0
2017-02-22-22-45-00,1,1,0
2017-02-22-23-00-00,0,0,0
2017-02-22-23-15-00,0,0,0
2017-02-22-23-30-00,0,0,0
2017-02-22-23-45-00,0,0,0
2017-02-23-00-00-00,0,0,0
2017-02-23-00-15-00,0,0,0
2017-02-23-00-30-00,0,0,0
2017-02-23-00-45-00,0,0,0
2017-02-23-01-00-00,1,0,1
2017-02-23-01-15-00,0,0,0
2017-02-23-01-30-00,0,0,0
2017-02-23-01-45-00,0,0,0
2017-02-23-02-00-00,1,0,1
2017-02-23-02-15-00,0,0,0
2017-02-23-02-30-00,0,0,0
2017-02-23-02-45-00,0,0,0
2017-02-23-03-00-00,0,0,0
2017-02-23-03-15-00,0,0,0
2017-02-23-03-30-00,0,0,0
2017-02-23-03-45-00,0,0,0
2017-02-23-04-00-00,0,0,0
2017-02-23-04-15-00,0,0,0
2017-02-23-04-30-00,0,0,0
2017-02-23-04-45-00,0,0,0
2017-02-23-05-00-00,1,1,0
2017-02-23-05-15-00,2,1,1
2017-02-23-05-30-00,1,0,1
2017-02-23-05-45-00,3,0,3
2017-02-23-06-00-00,2,0,2
2017-02-23-06-15-00,2,0,2
2017-02-23-06-30-00,0,0,0
2017-02-23-06-45-00,4,2,2
2017-02-23-07-00-00,5,3,2
2017-02-23-07-15-00,18,4,14
2017-02-23-07-30-00,20,4,16
2017-02-23-07-45-00,17,6,11
2017-02-23-08-00-00,11,2,9
2017-02-23-08-15-00,17,3,14
2017-02-23-08-30-00,25,2,23
2017-02-23-08-45-00,21,3,18
2017-02-23-09-00-00,15,5,10
2017-02-23-09-15-00,12,4,8
2017-02-23-09-30-00,9,1,8
2017-02-23-09-45-00,9,4,5
2017-02-23-10-00-00,5,5,0
2017-02-23-10-15-00,4,2,2
2017-02-23-10-30-00,10,8,2
2017-02-23-10-45-00,10,6,4
2017-02-23-11-00-00,6,4,2
2017-02-23-11-15-00,7,4,3
2017-02-23-11-30-00,8,7,1
2017-02-23-11-45-00,4,1,3
2017-02-23-12-00-00,4,1,3
2017-02-23-12-15-00,14,8,6
2017-02-23-12-30-00,11,7,4
2017-02-23-12-45-00,8,2,6
2017-02-23-13-00-00,8,3,5
2017-02-23-13-15-00,9,7,2
2017-02-23-13-30-00,6,3,3
2017-02-23-13-45-00,5,3,2
2017-02-23-14-00-00,4,2,2
2017-02-23-14-15-00,5,4,1
2017-02-23-14-30-00,13,9,4
2017-02-23-14-45-00,5,2,3
2017-02-23-15-00-00,11,9,2
2017-02-23-15-15-00,11,8,3
2017-02-23-15-30-00,5,4,1
2017-02-23-15-45-00,9,5,4
2017-02-23-16-00-00,12,8,4
2017-02-23-16-15-00,7,2,5
2017-02-23-16-30-00,11,8,3
2017-02-23-16-45-00,13,12,1
2017-02-23-17-00-00,14,12,2
2017-02-23-17-15-00,10,7,3
2017-02-23-17-30-00,14,11,3
2017-02-23-17-45-00,7,3,4
2017-02-23-18-00-00,7,6,1
2017-02-23-18-15-00,7,4,3
2017-02-23-18-30-00,8,7,1
2017-02-23-18-45-00,6,3,3
2017-02-23-19-00-00,4,1,3
2017-02-23-19-15-00,0,0,0
2017-02-23-19-30-00,2,1,1
2017-02-23-19-45-00,2,2,0
2017-02-23-20-00-00,0,0,0
2017-02-23-20-15-00,1,1,0
2017-02-23-20-30-00,1,1,0
2017-02-23-20-45-00,1,1,0
2017-02-23-21-00-00,0,0,0
2017-02-23-21-15-00,2,2,0
2017-02-23-21-30-00,1,1,0
2017-02-23-21-45-00,1,1,0
2017-02-23-22-00-00,5,2,3
2017-02-23-22-15-00,0,0,0
2017-02-23-22-30-00,0,0,0
2017-02-23-22-45-00,0,0,0
2017-02-23-23-00-00,0,0,0
2017-02-23-23-15-00,0,0,0
2017-02-23-23-30-00,0,0,0
2017-02-23-23-45-00,1,0,1
2017-02-24-00-00-00,0,0,0
2017-02-24-00-15-00,0,0,0
2017-02-24-00-30-00,0,0,0
2017-02-24-00-45-00,0,0,0
2017-02-24-01-00-00,1,0,1
2017-02-24-01-15-00,0,0,0
2017-02-24-01-30-00,0,0,0
2017-02-24-01-45-00,0,0,0
2017-02-24-02-00-00,0,0,0
2017-02-24-02-15-00,0,0,0
2017-02-24-02-30-00,0,0,0
2017-02-24-02-45-00,0,0,0
2017-02-24-03-00-00,0,0,0
2017-02-24-03-15-00,0,0,0
2017-02-24-03-30-00,0,0,0
2017-02-24-03-45-00,0,0,0
2017-02-24-04-00-00,0,0,0
2017-02-24-04-15-00,0,0,0
2017-02-24-04-30-00,0,0,0
2017-02-24-04-45-00,0,0,0
2017-02-24-05-00-00,0,0,0
2017-02-24-05-15-00,1,1,0
2017-02-24-05-30-00,1,0,1
2017-02-24-05-45-00,2,0,2
2017-02-24-06-00-00,1,0,1
2017-02-24-06-15-00,3,0,3
2017-02-24-06-30-00,1,1,0
2017-02-24-06-45-00,3,2,1
2017-02-24-07-00-00,2,2,0
2017-02-24-07-15-00,8,2,6
2017-02-24-07-30-00,9,4,5
2017-02-24-07-45-00,10,2,8
2017-02-24-08-00-00,14,2,12
2017-02-24-08-15-00,18,6,12
2017-02-24-08-30-00,24,7,17
2017-02-24-08-45-00,17,1,16
2017-02-24-09-00-00,16,4,12
2017-02-24-09-15-00,6,3,3
2017-02-24-09-30-00,9,0,9
2017-02-24-09-45-00,12,5,7
2017-02-24-10-00-00,9,1,8
2017-02-24-10-15-00,5,2,3
2017-02-24-10-30-00,10,5,5
2017-02-24-10-45-00,7,4,3
2017-02-24-11-00-00,17,11,6
2017-02-24-11-15-00,9,4,5
2017-02-24-11-30-00,8,3,5
2017-02-24-11-45-00,11,5,6
2017-02-24-12-00-00,11,4,7
2017-02-24-12-15-00,17,6,11
2017-02-24-12-30-00,17,12,5
2017-02-24-12-45-00,8,3,5
2017-02-24-13-00-00,21,10,11
2017-02-24-13-15-00,12,9,3
2017-02-24-13-30-00,15,6,9
2017-02-24-13-45-00,6,2,4
2017-02-24-14-00-00,13,8,5
2017-02-24-14-15-00,14,7,7
2017-02-24-14-30-00,21,14,7
2017-02-24-14-45-00,13,8,5
2017-02-24-15-00-00,19,16,3
2017-02-24-15-15-00,19,12,7
2017-02-24-15-30-00,29,16,13
2017-02-24-15-45-00,12,9,3
2017-02-24-16-00-00,19,8,11
2017-02-24-16-15-00,28,14,14
2017-02-24-16-30-00,28,22,6
2017-02-24-16-45-00,36,22,14
2017-02-24-17-00-00,27,12,15
2017-02-24-17-15-00,29,19,10
2017-02-24-17-30-00,24,17,7
2017-02-24-17-45-00,21,20,1
2017-02-24-18-00-00,22,14,8
2017-02-24-18-15-00,15,11,4
2017-02-24-18-30-00,10,6,4
2017-02-24-18-45-00,10,5,5
2017-02-24-19-00-00,4,1,3
2017-02-24-19-15-00,8,5,3
2017-02-24-19-30-00,2,2,0
2017-02-24-19-45-00,1,0,1
2017-02-24-20-00-00,2,1,1
2017-02-24-20-15-00,6,6,0
2017-02-24-20-30-00,1,1,0
2017-02-24-20-45-00,0,0,0
2017-02-24-21-00-00,1,0,1
2017-02-24-21-15-00,3,2,1
2017-02-24-21-30-00,0,0,0
2017-02-24-21-45-00,0,0,0
2017-02-24-22-00-00,0,0,0
2017-02-24-22-15-00,1,1,0
2017-02-24-22-30-00,0,0,0
2017-02-24-22-45-00,1,0,1
2017-02-24-23-00-00,1,1,0
2017-02-24-23-15-00,2,1,1
2017-02-24-23-30-00,1,0,1
2017-02-24-23-45-00,0,0,0
2017-02-25-00-00-00,0,0,0
2017-02-25-00-15-00,1,1,0
2017-02-25-00-30-00,0,0,0
2017-02-25-00-45-00,2,0,2
2017-02-25-01-00-00,0,0,0
2017-02-25-01-15-00,0,0,0
2017-02-25-01-30-00,0,0,0
2017-02-25-01-45-00,0,0,0
2017-02-25-02-00-00,0,0,0
2017-02-25-02-15-00,0,0,0
2017-02-25-02-30-00,0,0,0
2017-02-25-02-45-00,0,0,0
2017-02-25-03-00-00,0,0,0
2017-02-25-03-15-00,0,0,0
2017-02-25-03-30-00,0,0,0
2017-02-25-03-45-00,0,0,0
2017-02-25-04-00-00,0,0,0
2017-02-25-04-15-00,1,0,1
2017-02-25-04-30-00,0,0,0
2017-02-25-04-45-00,0,0,0
2017-02-25-05-00-00,0,0,0
2017-02-25-05-15-00,0,0,0
2017-02-25-05-30-00,1,0,1
2017-02-25-05-45-00,0,0,0
2017-02-25-06-00-00,0,0,0
2017-02-25-06-15-00,1,1,0
2017-02-25-06-30-00,0,0,0
2017-02-25-06-45-00,1,1,0
2017-02-25-07-00-00,0,0,0
2017-02-25-07-15-00,0,0,0
2017-02-25-07-30-00,1,1,0
2017-02-25-07-45-00,3,1,2
2017-02-25-08-00-00,2,2,0
2017-02-25-08-15-00,4,3,1
2017-02-25-08-30-00,5,3,2
2017-02-25-08-45-00,3,3,0
2017-02-25-09-00-00,3,2,1
2017-02-25-09-15-00,4,2,2
2017-02-25-09-30-00,3,2,1
2017-02-25-09-45-00,7,4,3
2017-02-25-10-00-00,7,3,4
2017-02-25-10-15-00,12,3,9
2017-02-25-10-30-00,18,13,5
2017-02-25-10-45-00,19,9,10
2017-02-25-11-00-00,19,10,9
2017-02-25-11-15-00,20,12,8
2017-02-25-11-30-00,29,15,14
2017-02-25-11-45-00,31,18,13
2017-02-25-12-00-00,25,13,12
2017-02-25-12-15-00,36,16,20
2017-02-25-12-30-00,30,17,13
2017-02-25-12-45-00,28,14,14
2017-02-25-13-00-00,27,14,13
2017-02-25-13-15-00,43,19,24
2017-02-25-13-30-00,59,32,27
2017-02-25-13-45-00,38,17,21
2017-02-25-14-00-00,32,16,16
2017-02-25-14-15-00,44,24,20
2017-02-25-14-30-00,38,15,23
2017-02-25-14-45-00,46,26,20
2017-02-25-15-00-00,22,13,9
2017-02-25-15-15-00,21,14,7
2017-02-25-15-30-00,35,17,18
2017-02-25-15-45-00,34,24,10
2017-02-25-16-00-00,19,15,4
2017-02-25-16-15-00,13,9,4
2017-02-25-16-30-00,14,13,1
2017-02-25-16-45-00,11,4,7
2017-02-25-17-00-00,18,13,5
2017-02-25-17-15-00,13,8,5
2017-02-25-17-30-00,11,7,4
2017-02-25-17-45-00,6,4,2
2017-02-25-18-00-00,8,6,2
2017-02-25-18-15-00,5,4,1
2017-02-25-18-30-00,2,1,1
2017-02-25-18-45-00,0,0,0
2017-02-25-19-00-00,9,3,6
2017-02-25-19-15-00,2,2,0
2017-02-25-19-30-00,1,1,0
2017-02-25-19-45-00,0,0,0
2017-02-25-20-00-00,0,0,0
2017-02-25-20-15-00,0,0,0
2017-02-25-20-30-00,1,1,0
2017-02-25-20-45-00,4,3,1
2017-02-25-21-00-00,4,4,0
2017-02-25-21-15-00,0,0,0
2017-02-25-21-30-00,0,0,0
2017-02-25-21-45-00,1,1,0
2017-02-25-22-00-00,0,0,0
2017-02-25-22-15-00,0,0,0
2017-02-25-22-30-00,1,0,1
2017-02-25-22-45-00,0,0,0
2017-02-25-23-00-00,0,0,0
2017-02-25-23-15-00,2,0,2
2017-02-25-23-30-00,0,0,0
2017-02-25-23-45-00,1,1,0
2017-02-26-00-00-00,0,0,0
2017-02-26-00-15-00,0,0,0
2017-02-26-00-30-00,1,0,1
2017-02-26-00-45-00,0,0,0
2017-02-26-01-00-00,0,0,0
2017-02-26-01-15-00,0,0,0
2017-02-26-01-30-00,0,0,0
2017-02-26-01-45-00,1,0,1
2017-02-26-02-00-00,3,0,3
2017-02-26-02-15-00,1,1,0
2017-02-26-02-30-00,0,0,0
2017-02-26-02-45-00,2,0,2
2017-02-26-03-00-00,4,0,4
2017-02-26-03-15-00,1,1,0
2017-02-26-03-30-00,0,0,0
2017-02-26-03-45-00,0,0,0
2017-02-26-04-00-00,0,0,0
2017-02-26-04-15-00,0,0,0
2017-02-26-04-30-00,0,0,0
2017-02-26-04-45-00,0,0,0
2017-02-26-05-00-00,0,0,0
2017-02-26-05-15-00,0,0,0
2017-02-26-05-30-00,0,0,0
2017-02-26-05-45-00,0,0,0
2017-02-26-06-00-00,0,0,0
2017-02-26-06-15-00,1,1,0
2017-02-26-06-30-00,0,0,0
2017-02-26-06-45-00,4,2,2
2017-02-26-07-00-00,0,0,0
2017-02-26-07-15-00,2,0,2
2017-02-26-07-30-00,0,0,0
2017-02-26-07-45-00,2,2,0
2017-02-26-08-00-00,2,1,1
2017-02-26-08-15-00,2,1,1
2017-02-26-08-30-00,4,1,3
2017-02-26-08-45-00,5,3,2
2017-02-26-09-00-00,6,3,3
2017-02-26-09-15-00,3,2,1
2017-02-26-09-30-00,4,2,2
2017-02-26-09-45-00,8,4,4
2017-02-26-10-00-00,19,5,14
2017-02-26-10-15-00,12,4,8
2017-02-26-10-30-00,24,12,12
2017-02-26-10-45-00,24,13,11
2017-02-26-11-00-00,19,8,11
2017-02-26-11-15-00,31,13,18
2017-02-26-11-30-00,48,25,23
2017-02-26-11-45-00,50,15,35
2017-02-26-12-00-00,33,15,18
2017-02-26-12-15-00,44,24,20
2017-02-26-12-30-00,29,12,17
2017-02-26-12-45-00,35,14,21
2017-02-26-13-00-00,36,21,15
2017-02-26-13-15-00,50,24,26
2017-02-26-13-30-00,38,18,20
2017-02-26-13-45-00,47,23,24
2017-02-26-14-00-00,25,10,15
2017-02-26-14-15-00,28,9,19
2017-02-26-14-30-00,34,27,7
2017-02-26-14-45-00,24,14,10
2017-02-26-15-00-00,47,26,21
2017-02-26-15-15-00,20,11,9
2017-02-26-15-30-00,33,21,12
2017-02-26-15-45-00,26,16,10
2017-02-26-16-00-00,22,17,5
2017-02-26-16-15-00,16,8,8
2017-02-26-16-30-00,20,15,5
2017-02-26-16-45-00,26,21,5
2017-02-26-17-00-00,15,11,4
2017-02-26-17-15-00,21,11,10
2017-02-26-17-30-00,13,7,6
2017-02-26-17-45-00,18,11,7
2017-02-26-18-00-00,8,7,1
2017-02-26-18-15-00,9,5,4
2017-02-26-18-30-00,1,1,0
2017-02-26-18-45-00,3,2,1
2017-02-26-19-00-00,3,1,2
2017-02-26-19-15-00,2,2,0
2017-02-26-19-30-00,1,1,0
2017-02-26-19-45-00,0,0,0
2017-02-26-20-00-00,2,0,2
2017-02-26-20-15-00,4,2,2
2017-02-26-20-30-00,1,0,1
2017-02-26-20-45-00,0,0,0
2017-02-26-21-00-00,0,0,0
2017-02-26-21-15-00,2,2,0
2017-02-26-21-30-00,1,1,0
2017-02-26-21-45-00,1,0,1
2017-02-26-22-00-00,1,1,0
2017-02-26-22-15-00,4,2,2
2017-02-26-22-30-00,2,0,2
2017-02-26-22-45-00,0,0,0
2017-02-26-23-00-00,2,2,0
2017-02-26-23-15-00,4,3,1
2017-02-26-23-30-00,1,1,0
2017-02-26-23-45-00,0,0,0
2017-02-27-00-00-00,0,0,0
2017-02-27-00-15-00,0,0,0
2017-02-27-00-30-00,0,0,0
2017-02-27-00-45-00,0,0,0
2017-02-27-01-00-00,0,0,0
2017-02-27-01-15-00,0,0,0
2017-02-27-01-30-00,0,0,0
2017-02-27-01-45-00,0,0,0
2017-02-27-02-00-00,0,0,0
2017-02-27-02-15-00,0,0,0
2017-02-27-02-30-00,0,0,0
2017-02-27-02-45-00,0,0,0
2017-02-27-03-00-00,0,0,0
2017-02-27-03-15-00,0,0,0
2017-02-27-03-30-00,0,0,0
2017-02-27-03-45-00,0,0,0
2017-02-27-04-00-00,0,0,0
2017-02-27-04-15-00,0,0,0
2017-02-27-04-30-00,0,0,0
2017-02-27-04-45-00,0,0,0
2017-02-27-05-00-00,1,0,1
2017-02-27-05-15-00,0,0,0
2017-02-27-05-30-00,0,0,0
2017-02-27-05-45-00,0,0,0
2017-02-27-06-00-00,1,0,1
2017-02-27-06-15-00,0,0,0
2017-02-27-06-30-00,1,0,1
2017-02-27-06-45-00,2,2,0
2017-02-27-07-00-00,2,2,0
2017-02-27-07-15-00,4,2,2
2017-02-27-07-30-00,5,3,2
2017-02-27-07-45-00,6,2,4
2017-02-27-08-00-00,5,0,5
2017-02-27-08-15-00,7,0,7
2017-02-27-08-30-00,17,4,13
2017-02-27-08-45-00,6,0,6
2017-02-27-09-00-00,13,1,12
2017-02-27-09-15-00,9,3,6
2017-02-27-09-30-00,9,3,6
2017-02-27-09-45-00,10,2,8
2017-02-27-10-00-00,13,6,7
2017-02-27-10-15-00,10,5,5
2017-02-27-10-30-00,12,3,9
2017-02-27-10-45-00,14,6,8
2017-02-27-11-00-00,12,10,2
2017-02-27-11-15-00,14,6,8
2017-02-27-11-30-00,12,10,2
2017-02-27-11-45-00,12,5,7
2017-02-27-12-00-00,22,12,10
2017-02-27-12-15-00,12,6,6
2017-02-27-12-30-00,16,10,6
2017-02-27-12-45-00,12,6,6
2017-02-27-13-00-00,10,6,4
2017-02-27-13-15-00,18,9,9
2017-02-27-13-30-00,19,14,5
2017-02-27-13-45-00,11,6,5
2017-02-27-14-00-00,13,11,2
2017-02-27-14-15-00,19,14,5
2017-02-27-14-30-00,11,7,4
2017-02-27-14-45-00,18,10,8
2017-02-27-15-00-00,17,10,7
2017-02-27-15-15-00,12,8,4
2017-02-27-15-30-00,18,16,2
2017-02-27-15-45-00,9,5,4
2017-02-27-16-00-00,11,5,6
2017-02-27-16-15-00,12,7,5
2017-02-27-16-30-00,20,12,8
2017-02-27-16-45-00,12,10,2
2017-02-27-17-00-00,9,8,1
2017-02-27-17-15-00,12,5,7
2017-02-27-17-30-00,7,5,2
2017-02-27-17-45-00,8,4,4
2017-02-27-18-00-00,16,8,8
2017-02-27-18-15-00,7,2,5
2017-02-27-18-30-00,3,2,1
2017-02-27-18-45-00,2,1,1
2017-02-27-19-00-00,5,4,1
2017-02-27-19-15-00,0,0,0
2017-02-27-19-30-00,3,3,0
2017-02-27-19-45-00,2,1,1
2017-02-27-20-00-00,1,1,0
2017-02-27-20-15-00,3,3,0
2017-02-27-20-30-00,4,1,3
2017-02-27-20-45-00,0,0,0
2017-02-27-21-00-00,0,0,0
2017-02-27-21-15-00,0,0,0
2017-02-27-21-30-00,1,1,0
2017-02-27-21-45-00,0,0,0
2017-02-27-22-00-00,0,0,0
2017-02-27-22-15-00,2,1,1
2017-02-27-22-30-00,0,0,0
2017-02-27-22-45-00,0,0,0
2017-02-27-23-00-00,0,0,0
2017-02-27-23-15-00,0,0,0
2017-02-27-23-30-00,0,0,0
2017-02-27-23-45-00,0,0,0
2017-02-28-00-00-00,0,0,0
2017-02-28-00-15-00,0,0,0
2017-02-28-00-30-00,0,0,0
2017-02-28-00-45-00,0,0,0
2017-02-28-01-00-00,0,0,0
2017-02-28-01-15-00,0,0,0
2017-02-28-01-30-00,0,0,0
2017-02-28-01-45-00,0,0,0
2017-02-28-02-00-00,0,0,0
2017-02-28-02-15-00,0,0,0
2017-02-28-02-30-00,0,0,0
2017-02-28-02-45-00,0,0,0
2017-02-28-03-00-00,0,0,0
2017-02-28-03-15-00,0,0,0
2017-02-28-03-30-00,0,0,0
2017-02-28-03-45-00,0,0,0
2017-02-28-04-00-00,0,0,0
2017-02-28-04-15-00,0,0,0
2017-02-28-04-30-00,0,0,0
2017-02-28-04-45-00,0,0,0
2017-02-28-05-00-00,0,0,0
2017-02-28-05-15-00,0,0,0
2017-02-28-05-30-00,1,0,1
2017-02-28-05-45-00,1,0,1
2017-02-28-06-00-00,3,1,2
2017-02-28-06-15-00,6,1,5
2017-02-28-06-30-00,8,1,7
2017-02-28-06-45-00,10,5,5
2017-02-28-07-00-00,10,2,8
2017-02-28-07-15-00,12,3,9
2017-02-28-07-30-00,17,9,8
2017-02-28-07-45-00,22,8,14
2017-02-28-08-00-00,27,5,22
2017-02-28-08-15-00,27,8,19
2017-02-28-08-30-00,34,8,26
2017-02-28-08-45-00,30,3,27
2017-02-28-09-00-00,22,5,17
2017-02-28-09-15-00,14,4,10
2017-02-28-09-30-00,14,3,11
2017-02-28-09-45-00,12,3,9
2017-02-28-10-00-00,11,4,7
2017-02-28-10-15-00,8,2,6
2017-02-28-10-30-00,20,10,10
2017-02-28-10-45-00,9,6,3
2017-02-28-11-00-00,10,6,4
2017-02-28-11-15-00,11,6,5
2017-02-28-11-30-00,8,4,4
2017-02-28-11-45-00,13,6,7
2017-02-28-12-00-00,10,7,3
2017-02-28-12-15-00,14,7,7
2017-02-28-12-30-00,14,9,5
2017-02-28-12-45-00,10,4,6
2017-02-28-13-00-00,8,6,2
2017-02-28-13-15-00,8,6,2
2017-02-28-13-30-00,15,9,6
2017-02-28-13-45-00,16,8,8
2017-02-28-14-00-00,10,6,4
2017-02-28-14-15-00,10,4,6
2017-02-28-14-30-00,13,7,6
2017-02-28-14-45-00,13,7,6
2017-02-28-15-00-00,11,8,3
2017-02-28-15-15-00,10,9,1
2017-02-28-15-30-00,12,11,1
2017-02-28-15-45-00,5,4,1
2017-02-28-16-00-00,12,10,2
2017-02-28-16-15-00,12,8,4
2017-02-28-16-30-00,9,8,1
2017-02-28-16-45-00,13,8,5
2017-02-28-17-00-00,14,13,1
2017-02-28-17-15-00,16,15,1
2017-02-28-17-30-00,16,13,3
2017-02-28-17-45-00,14,10,4
2017-02-28-18-00-00,14,11,3
2017-02-28-18-15-00,11,8,3
2017-02-28-18-30-00,16,10,6
2017-02-28-18-45-00,11,9,2
2017-02-28-19-00-00,8,7,1
2017-02-28-19-15-00,4,3,1
2017-02-28-19-30-00,4,3,1
2017-02-28-19-45-00,3,3,0
2017-02-28-20-00-00,6,5,1
2017-02-28-20-15-00,1,1,0
2017-02-28-20-30-00,1,0,1
2017-02-28-20-45-00,6,6,0
2017-02-28-21-00-00,4,2,2
2017-02-28-21-15-00,0,0,0
2017-02-28-21-30-00,1,0,1
2017-02-28-21-45-00,3,1,2
2017-02-28-22-00-00,1,1,0
2017-02-28-22-15-00,0,0,0
2017-02-28-22-30-00,0,0,0
2017-02-28-22-45-00,0,0,0
2017-02-28-23-00-00,1,1,0
2017-02-28-23-15-00,0,0,0
2017-02-28-23-30-00,0,0,0
2017-02-28-23-45-00,0,0,0
2017-03-01-00-00-00,0,0,0
2017-03-01-00-15-00,0,0,0
2017-03-01-00-30-00,1,1,0
2017-03-01-00-45-00,0,0,0
2017-03-01-01-00-00,0,0,0
2017-03-01-01-15-00,0,0,0
2017-03-01-01-30-00,1,1,0
2017-03-01-01-45-00,0,0,0
2017-03-01-02-00-00,0,0,0
2017-03-01-02-15-00,0,0,0
2017-03-01-02-30-00,0,0,0
2017-03-01-02-45-00,0,0,0
2017-03-01-03-00-00,0,0,0
2017-03-01-03-15-00,0,0,0
2017-03-01-03-30-00,0,0,0
2017-03-01-03-45-00,0,0,0
2017-03-01-04-00-00,1,0,1
2017-03-01-04-15-00,0,0,0
2017-03-01-04-30-00,0,0,0
2017-03-01-04-45-00,0,0,0
2017-03-01-05-00-00,0,0,0
2017-03-01-05-15-00,0,0,0
2017-03-01-05-30-00,0,0,0
2017-03-01-05-45-00,2,1,1
2017-03-01-06-00-00,5,1,4
2017-03-01-06-15-00,7,1,6
2017-03-01-06-30-00,5,3,2
2017-03-01-06-45-00,6,4,2
2017-03-01-07-00-00,8,4,4
2017-03-01-07-15-00,14,3,11
2017-03-01-07-30-00,18,7,11
2017-03-01-07-45-00,27,6,21
2017-03-01-08-00-00,29,4,25
2017-03-01-08-15-00,24,7,17
2017-03-01-08-30-00,23,5,18
2017-03-01-08-45-00,24,2,22
2017-03-01-09-00-00,13,1,12
2017-03-01-09-15-00,16,4,12
2017-03-01-09-30-00,5,1,4
2017-03-01-09-45-00,15,9,6
2017-03-01-10-00-00,12,2,10
2017-03-01-10-15-00,8,2,6
2017-03-01-10-30-00,5,4,1
2017-03-01-10-45-00,6,5,1
2017-03-01-11-00-00,11,8,3
2017-03-01-11-15-00,9,6,3
2017-03-01-11-30-00,5,2,3
2017-03-01-11-45-00,9,3,6
2017-03-01-12-00-00,3,2,1
2017-03-01-12-15-00,6,3,3
2017-03-01-12-30-00,4,2,2
2017-03-01-12-45-00,7,3,4
2017-03-01-13-00-00,6,1,5
2017-03-01-13-15-00,12,8,4
2017-03-01-13-30-00,11,6,5
2017-03-01-13-45-00,9,4,5
2017-03-01-14-00-00,6,4,2
2017-03-01-14-15-00,7,3,4
2017-03-01-14-30-00,12,5,7
2017-03-01-14-45-00,8,3,5
2017-03-01-15-00-00,6,4,2
2017-03-01-15-15-00,7,5,2
2017-03-01-15-30-00,19,12,7
2017-03-01-15-45-00,13,10,3
2017-03-01-16-00-00,14,10,4
2017-03-01-16-15-00,22,18,4
2017-03-01-16-30-00,12,11,1
2017-03-01-16-45-00,16,14,2
2017-03-01-17-00-00,21,12,9
2017-03-01-17-15-00,23,16,7
2017-03-01-17-30-00,25,17,8
2017-03-01-17-45-00,23,14,9
2017-03-01-18-00-00,27,19,8
2017-03-01-18-15-00,15,12,3
2017-03-01-18-30-00,10,6,4
2017-03-01-18-45-00,13,8,5
2017-03-01-19-00-00,13,8,5
2017-03-01-19-15-00,8,2,6
2017-03-01-19-30-00,3,2,1
2017-03-01-19-45-00,7,4,3
2017-03-01-20-00-00,6,4,2
2017-03-01-20-15-00,3,0,3
2017-03-01-20-30-00,2,2,0
2017-03-01-20-45-00,1,0,1
2017-03-01-21-00-00,5,5,0
2017-03-01-21-15-00,0,0,0
2017-03-01-21-30-00,1,1,0
2017-03-01-21-45-00,2,1,1
2017-03-01-22-00-00,0,0,0
2017-03-01-22-15-00,0,0,0
2017-03-01-22-30-00,2,2,0
2017-03-01-22-45-00,0,0,0
2017-03-01-23-00-00,1,1,0
2017-03-01-23-15-00,0,0,0
2017-03-01-23-30-00,1,0,1
2017-03-01-23-45-00,0,0,0
2017-03-02-00-00-00,0,0,0
2017-03-02-00-15-00,0,0,0
2017-03-02-00-30-00,0,0,0
2017-03-02-00-45-00,0,0,0
2017-03-02-01-00-00,0,0,0
2017-03-02-01-15-00,0,0,0
2017-03-02-01-30-00,0,0,0
2017-03-02-01-45-00,0,0,0
2017-03-02-02-00-00,0,0,0
2017-03-02-02-15-00,0,0,0
2017-03-02-02-30-00,0,0,0
2017-03-02-02-45-00,0,0,0
2017-03-02-03-00-00,0,0,0
2017-03-02-03-15-00,0,0,0
2017-03-02-03-30-00,0,0,0
2017-03-02-03-45-00,0,0,0
2017-03-02-04-00-00,0,0,0
2017-03-02-04-15-00,0,0,0
2017-03-02-04-30-00,0,0,0
2017-03-02-04-45-00,0,0,0
2017-03-02-05-00-00,0,0,0
2017-03-02-05-15-00,1,0,1
2017-03-02-05-30-00,3,1,2
2017-03-02-05-45-00,1,0,1
2017-03-02-06-00-00,4,1,3
2017-03-02-06-15-00,3,1,2
2017-03-02-06-30-00,3,1,2
2017-03-02-06-45-00,5,2,3
2017-03-02-07-00-00,10,3,7
2017-03-02-07-15-00,17,7,10
2017-03-02-07-30-00,21,6,15
2017-03-02-07-45-00,24,3,21
2017-03-02-08-00-00,31,5,26
2017-03-02-08-15-00,31,8,23
2017-03-02-08-30-00,36,9,27
2017-03-02-08-45-00,21,4,17
2017-03-02-09-00-00,10,1,9
2017-03-02-09-15-00,9,4,5
2017-03-02-09-30-00,8,6,2
2017-03-02-09-45-00,6,2,4
2017-03-02-10-00-00,6,1,5
2017-03-02-10-15-00,4,2,2
2017-03-02-10-30-00,5,0,5
2017-03-02-10-45-00,2,1,1
2017-03-02-11-00-00,3,1,2
2017-03-02-11-15-00,4,2,2
2017-03-02-11-30-00,2,0,2
2017-03-02-11-45-00,6,2,4
2017-03-02-12-00-00,3,2,1
2017-03-02-12-15-00,8,3,5
2017-03-02-12-30-00,7,5,2
2017-03-02-12-45-00,9,7,2
2017-03-02-13-00-00,6,2,4
2017-03-02-13-15-00,3,1,2
2017-03-02-13-30-00,6,4,2
2017-03-02-13-45-00,11,3,8
2017-03-02-14-00-00,6,2,4
2017-03-02-14-15-00,7,1,6
2017-03-02-14-30-00,12,9,3
2017-03-02-14-45-00,8,6,2
2017-03-02-15-00-00,4,3,1
2017-03-02-15-15-00,7,3,4
2017-03-02-15-30-00,12,5,7
2017-03-02-15-45-00,16,13,3
2017-03-02-16-00-00,10,6,4
2017-03-02-16-15-00,9,7,2
2017-03-02-16-30-00,20,16,4
2017-03-02-16-45-00,18,10,8
2017-03-02-17-00-00,18,14,4
2017-03-02-17-15-00,28,21,7
2017-03-02-17-30-00,33,22,11
2017-03-02-17-45-00,24,17,7
2017-03-02-18-00-00,33,22,11
2017-03-02-18-15-00,22,18,4
2017-03-02-18-30-00,17,12,5
2017-03-02-18-45-00,15,10,5
2017-03-02-19-00-00,16,14,2
2017-03-02-19-15-00,4,3,1
2017-03-02-19-30-00,2,2,0
2017-03-02-19-45-00,4,3,1
2017-03-02-20-00-00,8,4,4
2017-03-02-20-15-00,1,1,0
2017-03-02-20-30-00,8,5,3
2017-03-02-20-45-00,4,3,1
2017-03-02-21-00-00,4,1,3
2017-03-02-21-15-00,2,1,1
2017-03-02-21-30-00,1,1,0
2017-03-02-21-45-00,1,1,0
2017-03-02-22-00-00,3,1,2
2017-03-02-22-15-00,2,1,1
2017-03-02-22-30-00,0,0,0
2017-03-02-22-45-00,0,0,0
2017-03-02-23-00-00,0,0,0
2017-03-02-23-15-00,0,0,0
2017-03-02-23-30-00,0,0,0
2017-03-02-23-45-00,0,0,0
2017-03-03-00-00-00,0,0,0
2017-03-03-00-15-00,0,0,0
2017-03-03-00-30-00,0,0,0
2017-03-03-00-45-00,0,0,0
2017-03-03-01-00-00,0,0,0
2017-03-03-01-15-00,0,0,0
2017-03-03-01-30-00,0,0,0
2017-03-03-01-45-00,0,0,0
2017-03-03-02-00-00,0,0,0
2017-03-03-02-15-00,0,0,0
2017-03-03-02-30-00,0,0,0
2017-03-03-02-45-00,0,0,0
2017-03-03-03-00-00,0,0,0
2017-03-03-03-15-00,0,0,0
2017-03-03-03-30-00,0,0,0
2017-03-03-03-45-00,0,0,0
2017-03-03-04-00-00,0,0,0
2017-03-03-04-15-00,0,0,0
2017-03-03-04-30-00,0,0,0
2017-03-03-04-45-00,0,0,0
2017-03-03-05-00-00,0,0,0
2017-03-03-05-15-00,0,0,0
2017-03-03-05-30-00,3,0,3
2017-03-03-05-45-00,1,0,1
2017-03-03-06-00-00,3,0,3
2017-03-03-06-15-00,8,2,6
2017-03-03-06-30-00,3,1,2
2017-03-03-06-45-00,10,6,4
2017-03-03-07-00-00,12,7,5
2017-03-03-07-15-00,24,10,14
2017-03-03-07-30-00,20,7,13
2017-03-03-07-45-00,39,8,31
2017-03-03-08-00-00,26,5,21
2017-03-03-08-15-00,46,12,34
2017-03-03-08-30-00,37,9,28
2017-03-03-08-45-00,16,2,14
2017-03-03-09-00-00,18,5,13
2017-03-03-09-15-00,27,8,19
2017-03-03-09-30-00,11,5,6
2017-03-03-09-45-00,16,5,11
2017-03-03-10-00-00,10,3,7
2017-03-03-10-15-00,11,3,8
2017-03-03-10-30-00,11,1,10
2017-03-03-10-45-00,8,4,4
2017-03-03-11-00-00,9,6,3
2017-03-03-11-15-00,10,8,2
2017-03-03-11-30-00,12,6,6
2017-03-03-11-45-00,10,4,6
2017-03-03-12-00-00,11,7,4
2017-03-03-12-15-00,11,6,5
2017-03-03-12-30-00,10,8,2
2017-03-03-12-45-00,6,2,4
2017-03-03-13-00-00,16,9,7
2017-03-03-13-15-00,12,4,8
2017-03-03-13-30-00,13,7,6
2017-03-03-13-45-00,17,9,8
2017-03-03-14-00-00,20,8,12
2017-03-03-14-15-00,17,5,12
2017-03-03-14-30-00,29,16,13
2017-03-03-14-45-00,25,21,4
2017-03-03-15-00-00,16,8,8
2017-03-03-15-15-00,28,18,10
2017-03-03-15-30-00,33,20,13
2017-03-03-15-45-00,27,16,11
2017-03-03-16-00-00,21,17,4
2017-03-03-16-15-00,37,25,12
2017-03-03-16-30-00,26,20,6
2017-03-03-16-45-00,22,16,6
2017-03-03-17-00-00,22,12,10
2017-03-03-17-15-00,29,18,11
2017-03-03-17-30-00,24,15,9
2017-03-03-17-45-00,29,23,6
2017-03-03-18-00-00,19,13,6
2017-03-03-18-15-00,16,12,4
2017-03-03-18-30-00,16,9,7
2017-03-03-18-45-00,13,5,8
2017-03-03-19-00-00,10,4,6
2017-03-03-19-15-00,8,6,2
2017-03-03-19-30-00,6,3,3
2017-03-03-19-45-00,5,3,2
2017-03-03-20-00-00,4,4,0
2017-03-03-20-15-00,2,1,1
2017-03-03-20-30-00,4,4,0
2017-03-03-20-45-00,3,3,0
2017-03-03-21-00-00,2,1,1
2017-03-03-21-15-00,3,3,0
2017-03-03-21-30-00,2,0,2
2017-03-03-21-45-00,0,0,0
2017-03-03-22-00-00,1,1,0
2017-03-03-22-15-00,0,0,0
2017-03-03-22-30-00,0,0,0
2017-03-03-22-45-00,1,0,1
2017-03-03-23-00-00,0,0,0
2017-03-03-23-15-00,2,2,0
2017-03-03-23-30-00,0,0,0
2017-03-03-23-45-00,0,0,0
2017-03-04-00-00-00,0,0,0
2017-03-04-00-15-00,0,0,0
2017-03-04-00-30-00,1,1,0
2017-03-04-00-45-00,0,0,0
2017-03-04-01-00-00,0,0,0
2017-03-04-01-15-00,0,0,0
2017-03-04-01-30-00,1,0,1
2017-03-04-01-45-00,2,1,1
2017-03-04-02-00-00,0,0,0
2017-03-04-02-15-00,1,1,0
2017-03-04-02-30-00,2,0,2
2017-03-04-02-45-00,0,0,0
2017-03-04-03-00-00,0,0,0
2017-03-04-03-15-00,0,0,0
2017-03-04-03-30-00,0,0,0
2017-03-04-03-45-00,0,0,0
2017-03-04-04-00-00,0,0,0
2017-03-04-04-15-00,0,0,0
2017-03-04-04-30-00,0,0,0
2017-03-04-04-45-00,0,0,0
2017-03-04-05-00-00,0,0,0
2017-03-04-05-15-00,0,0,0
2017-03-04-05-30-00,0,0,0
2017-03-04-05-45-00,0,0,0
2017-03-04-06-00-00,1,0,1
2017-03-04-06-15-00,2,0,2
2017-03-04-06-30-00,0,0,0
2017-03-04-06-45-00,0,0,0
2017-03-04-07-00-00,1,1,0
2017-03-04-07-15-00,0,0,0
2017-03-04-07-30-00,4,2,2
2017-03-04-07-45-00,3,1,2
2017-03-04-08-00-00,5,0,5
2017-03-04-08-15-00,4,1,3
2017-03-04-08-30-00,11,7,4
2017-03-04-08-45-00,3,2,1
2017-03-04-09-00-00,5,3,2
2017-03-04-09-15-00,12,5,7
2017-03-04-09-30-00,11,7,4
2017-03-04-09-45-00,12,6,6
2017-03-04-10-00-00,22,10,12
2017-03-04-10-15-00,20,13,7
2017-03-04-10-30-00,27,11,16
2017-03-04-10-45-00,31,16,15
2017-03-04-11-00-00,27,18,9
2017-03-04-11-15-00,38,23,15
2017-03-04-11-30-00,33,14,19
2017-03-04-11-45-00,37,19,18
2017-03-04-12-00-00,44,21,23
2017-03-04-12-15-00,39,16,23
2017-03-04-12-30-00,55,25,30
2017-03-04-12-45-00,49,26,23
2017-03-04-13-00-00,59,26,33
2017-03-04-13-15-00,48,23,25
2017-03-04-13-30-00,57,20,37
2017-03-04-13-45-00,37,17,20
2017-03-04-14-00-00,47,30,17
2017-03-04-14-15-00,43,21,22
2017-03-04-14-30-00,54,27,27
2017-03-04-14-45-00,50,26,24
2017-03-04-15-00-00,55,34,21
2017-03-04-15-15-00,56,24,32
2017-03-04-15-30-00,47,27,20
2017-03-04-15-45-00,41,18,23
2017-03-04-16-00-00,44,28,16
2017-03-04-16-15-00,47,29,18
2017-03-04-16-30-00,59,28,31
2017-03-04-16-45-00,52,28,24
2017-03-04-17-00-00,57,29,28
2017-03-04-17-15-00,24,15,9
2017-03-04-17-30-00,30,20,10
2017-03-04-17-45-00,27,15,12
2017-03-04-18-00-00,26,13,13
2017-03-04-18-15-00,15,6,9
2017-03-04-18-30-00,15,6,9
2017-03-04-18-45-00,4,1,3
2017-03-04-19-00-00,2,2,0
2017-03-04-19-15-00,1,1,0
2017-03-04-19-30-00,3,3,0
2017-03-04-19-45-00,1,1,0
2017-03-04-20-00-00,1,1,0
2017-03-04-20-15-00,5,5,0
2017-03-04-20-30-00,1,1,0
2017-03-04-20-45-00,1,0,1
2017-03-04-21-00-00,1,1,0
2017-03-04-21-15-00,1,1,0
2017-03-04-21-30-00,1,1,0
2017-03-04-21-45-00,0,0,0
2017-03-04-22-00-00,0,0,0
2017-03-04-22-15-00,1,1,0
2017-03-04-22-30-00,0,0,0
2017-03-04-22-45-00,0,0,0
2017-03-04-23-00-00,0,0,0
2017-03-04-23-15-00,1,1,0
2017-03-04-23-30-00,2,2,0
2017-03-04-23-45-00,0,0,0
2017-03-05-00-00-00,0,0,0
2017-03-05-00-15-00,1,0,1
2017-03-05-00-30-00,0,0,0
2017-03-05-00-45-00,1,0,1
2017-03-05-01-00-00,0,0,0
2017-03-05-01-15-00,0,0,0
2017-03-05-01-30-00,1,0,1
2017-03-05-01-45-00,0,0,0
2017-03-05-02-00-00,0,0,0
2017-03-05-02-15-00,1,1,0
2017-03-05-02-30-00,0,0,0
2017-03-05-02-45-00,0,0,0
2017-03-05-03-00-00,0,0,0
2017-03-05-03-15-00,0,0,0
2017-03-05-03-30-00,1,1,0
2017-03-05-03-45-00,0,0,0
2017-03-05-04-00-00,0,0,0
2017-03-05-04-15-00,0,0,0
2017-03-05-04-30-00,0,0,0
2017-03-05-04-45-00,0,0,0
2017-03-05-05-00-00,0,0,0
2017-03-05-05-15-00,0,0,0
2017-03-05-05-30-00,0,0,0
2017-03-05-05-45-00,0,0,0
2017-03-05-06-00-00,0,0,0
2017-03-05-06-15-00,1,0,1
2017-03-05-06-30-00,0,0,0
2017-03-05-06-45-00,1,0,1
2017-03-05-07-00-00,1,0,1
2017-03-05-07-15-00,0,0,0
2017-03-05-07-30-00,2,1,1
2017-03-05-07-45-00,6,0,6
2017-03-05-08-00-00,5,3,2
2017-03-05-08-15-00,9,4,5
2017-03-05-08-30-00,7,4,3
2017-03-05-08-45-00,11,4,7
2017-03-05-09-00-00,14,6,8
2017-03-05-09-15-00,19,9,10
2017-03-05-09-30-00,19,7,12
2017-03-05-09-45-00,29,10,19
2017-03-05-10-00-00,38,12,26
2017-03-05-10-15-00,34,15,19
2017-03-05-10-30-00,36,17,19
2017-03-05-10-45-00,34,13,21
2017-03-05-11-00-00,40,25,15
2017-03-05-11-15-00,54,28,26
2017-03-05-11-30-00,33,15,18
2017-03-05-11-45-00,40,23,17
2017-03-05-12-00-00,46,29,17
2017-03-05-12-15-00,39,21,18
2017-03-05-12-30-00,36,17,19
2017-03-05-12-45-00,40,25,15
2017-03-05-13-00-00,34,21,13
2017-03-05-13-15-00,50,29,21
2017-03-05-13-30-00,31,17,14
2017-03-05-13-45-00,39,22,17
2017-03-05-14-00-00,41,22,19
2017-03-05-14-15-00,31,15,16
2017-03-05-14-30-00,40,14,26
2017-03-05-14-45-00,31,9,22
2017-03-05-15-00-00,41,24,17
2017-03-05-15-15-00,28,19,9
2017-03-05-15-30-00,18,9,9
2017-03-05-15-45-00,29,12,17
2017-03-05-16-00-00,20,9,11
2017-03-05-16-15-00,19,15,4
2017-03-05-16-30-00,21,14,7
2017-03-05-16-45-00,4,2,2
2017-03-05-17-00-00,5,4,1
2017-03-05-17-15-00,10,6,4
2017-03-05-17-30-00,8,3,5
2017-03-05-17-45-00,2,2,0
2017-03-05-18-00-00,1,0,1
2017-03-05-18-15-00,4,3,1
2017-03-05-18-30-00,4,3,1
2017-03-05-18-45-00,2,1,1
2017-03-05-19-00-00,3,2,1
2017-03-05-19-15-00,3,3,0
2017-03-05-19-30-00,1,0,1
2017-03-05-19-45-00,1,1,0
2017-03-05-20-00-00,0,0,0
2017-03-05-20-15-00,1,0,1
2017-03-05-20-30-00,0,0,0
2017-03-05-20-45-00,0,0,0
2017-03-05-21-00-00,1,0,1
2017-03-05-21-15-00,0,0,0
2017-03-05-21-30-00,0,0,0
2017-03-05-21-45-00,0,0,0
2017-03-05-22-00-00,0,0,0
2017-03-05-22-15-00,0,0,0
2017-03-05-22-30-00,0,0,0
2017-03-05-22-45-00,0,0,0
2017-03-05-23-00-00,0,0,0
2017-03-05-23-15-00,0,0,0
2017-03-05-23-30-00,0,0,0
2017-03-05-23-45-00,0,0,0
2017-03-06-00-00-00,0,0,0
2017-03-06-00-15-00,0,0,0
2017-03-06-00-30-00,1,1,0
2017-03-06-00-45-00,0,0,0
2017-03-06-01-00-00,1,1,0
2017-03-06-01-15-00,0,0,0
2017-03-06-01-30-00,0,0,0
2017-03-06-01-45-00,0,0,0
2017-03-06-02-00-00,0,0,0
2017-03-06-02-15-00,1,0,1
2017-03-06-02-30-00,0,0,0
2017-03-06-02-45-00,0,0,0
2017-03-06-03-00-00,0,0,0
2017-03-06-03-15-00,0,0,0
2017-03-06-03-30-00,0,0,0
2017-03-06-03-45-00,0,0,0
2017-03-06-04-00-00,0,0,0
2017-03-06-04-15-00,0,0,0
2017-03-06-04-30-00,0,0,0
2017-03-06-04-45-00,0,0,0
2017-03-06-05-00-00,0,0,0
2017-03-06-05-15-00,0,0,0
2017-03-06-05-30-00,3,1,2
2017-03-06-05-45-00,3,1,2
2017-03-06-06-00-00,2,1,1
2017-03-06-06-15-00,9,1,8
2017-03-06-06-30-00,7,3,4
2017-03-06-06-45-00,6,4,2
2017-03-06-07-00-00,8,3,5
2017-03-06-07-15-00,13,2,11
2017-03-06-07-30-00,21,11,10
2017-03-06-07-45-00,14,5,9
2017-03-06-08-00-00,27,4,23
2017-03-06-08-15-00,21,6,15
2017-03-06-08-30-00,17,1,16
2017-03-06-08-45-00,15,0,15
2017-03-06-09-00-00,13,2,11
2017-03-06-09-15-00,8,2,6
2017-03-06-09-30-00,5,2,3
2017-03-06-09-45-00,7,3,4
2017-03-06-10-00-00,7,0,7
2017-03-06-10-15-00,9,4,5
2017-03-06-10-30-00,2,0,2
2017-03-06-10-45-00,8,3,5
2017-03-06-11-00-00,4,1,3
2017-03-06-11-15-00,8,4,4
2017-03-06-11-30-00,5,4,1
2017-03-06-11-45-00,4,2,2
2017-03-06-12-00-00,7,5,2
2017-03-06-12-15-00,3,2,1
2017-03-06-12-30-00,6,2,4
2017-03-06-12-45-00,8,5,3
2017-03-06-13-00-00,4,3,1
2017-03-06-13-15-00,5,2,3
2017-03-06-13-30-00,5,4,1
2017-03-06-13-45-00,3,3,0
2017-03-06-14-00-00,4,2,2
2017-03-06-14-15-00,8,5,3
2017-03-06-14-30-00,12,3,9
2017-03-06-14-45-00,6,5,1
2017-03-06-15-00-00,4,2,2
2017-03-06-15-15-00,9,8,1
2017-03-06-15-30-00,5,3,2
2017-03-06-15-45-00,8,7,1
2017-03-06-16-00-00,10,7,3
2017-03-06-16-15-00,12,11,1
2017-03-06-16-30-00,17,10,7
2017-03-06-16-45-00,19,15,4
2017-03-06-17-00-00,18,12,6
2017-03-06-17-15-00,14,10,4
2017-03-06-17-30-00,18,11,7
2017-03-06-17-45-00,24,14,10
2017-03-06-18-00-00,20,12,8
2017-03-06-18-15-00,12,9,3
2017-03-06-18-30-00,14,10,4
2017-03-06-18-45-00,11,7,4
2017-03-06-19-00-00,9,8,1
2017-03-06-19-15-00,6,4,2
2017-03-06-19-30-00,2,1,1
2017-03-06-19-45-00,2,2,0
2017-03-06-20-00-00,5,0,5
2017-03-06-20-15-00,4,3,1
2017-03-06-20-30-00,2,1,1
2017-03-06-20-45-00,5,0,5
2017-03-06-21-00-00,1,1,0
2017-03-06-21-15-00,3,2,1
2017-03-06-21-30-00,0,0,0
2017-03-06-21-45-00,0,0,0
2017-03-06-22-00-00,1,1,0
2017-03-06-22-15-00,0,0,0
2017-03-06-22-30-00,2,2,0
2017-03-06-22-45-00,0,0,0
2017-03-06-23-00-00,1,0,1
2017-03-06-23-15-00,1,1,0
2017-03-06-23-30-00,0,0,0
2017-03-06-23-45-00,0,0,0
2017-03-07-00-00-00,0,0,0
2017-03-07-00-15-00,0,0,0
2017-03-07-00-30-00,1,1,0
2017-03-07-00-45-00,0,0,0
2017-03-07-01-00-00,0,0,0
2017-03-07-01-15-00,0,0,0
2017-03-07-01-30-00,0,0,0
2017-03-07-01-45-00,0,0,0
2017-03-07-02-00-00,0,0,0
2017-03-07-02-15-00,0,0,0
2017-03-07-02-30-00,0,0,0
2017-03-07-02-45-00,0,0,0
2017-03-07-03-00-00,0,0,0
2017-03-07-03-15-00,0,0,0
2017-03-07-03-30-00,0,0,0
2017-03-07-03-45-00,0,0,0
2017-03-07-04-00-00,0,0,0
2017-03-07-04-15-00,0,0,0
2017-03-07-04-30-00,0,0,0
2017-03-07-04-45-00,0,0,0
2017-03-07-05-00-00,0,0,0
2017-03-07-05-15-00,0,0,0
2017-03-07-05-30-00,1,0,1
2017-03-07-05-45-00,2,0,2
2017-03-07-06-00-00,2,0,2
2017-03-07-06-15-00,8,3,5
2017-03-07-06-30-00,2,2,0
2017-03-07-06-45-00,7,6,1
2017-03-07-07-00-00,8,3,5
2017-03-07-07-15-00,18,3,15
2017-03-07-07-30-00,33,12,21
2017-03-07-07-45-00,36,8,28
2017-03-07-08-00-00,35,4,31
2017-03-07-08-15-00,28,2,26
2017-03-07-08-30-00,37,7,30
2017-03-07-08-45-00,15,0,15
2017-03-07-09-00-00,18,5,13
2017-03-07-09-15-00,12,2,10
2017-03-07-09-30-00,8,1,7
2017-03-07-09-45-00,7,3,4
2017-03-07-10-00-00,6,5,1
2017-03-07-10-15-00,7,5,2
2017-03-07-10-30-00,8,3,5
2017-03-07-10-45-00,7,2,5
2017-03-07-11-00-00,6,1,5
2017-03-07-11-15-00,7,3,4
2017-03-07-11-30-00,10,7,3
2017-03-07-11-45-00,2,1,1
2017-03-07-12-00-00,2,1,1
2017-03-07-12-15-00,3,1,2
2017-03-07-12-30-00,6,3,3
2017-03-07-12-45-00,11,6,5
2017-03-07-13-00-00,14,9,5
2017-03-07-13-15-00,9,6,3
2017-03-07-13-30-00,8,4,4
2017-03-07-13-45-00,6,4,2
2017-03-07-14-00-00,7,1,6
2017-03-07-14-15-00,28,15,13
2017-03-07-14-30-00,12,5,7
2017-03-07-14-45-00,22,8,14
2017-03-07-15-00-00,8,6,2
2017-03-07-15-15-00,11,5,6
2017-03-07-15-30-00,21,13,8
2017-03-07-15-45-00,19,17,2
2017-03-07-16-00-00,15,12,3
2017-03-07-16-15-00,24,17,7
2017-03-07-16-30-00,25,16,9
2017-03-07-16-45-00,24,19,5
2017-03-07-17-00-00,27,17,10
2017-03-07-17-15-00,29,17,12
2017-03-07-17-30-00,30,23,7
2017-03-07-17-45-00,16,11,5
2017-03-07-18-00-00,16,10,6
2017-03-07-18-15-00,21,14,7
2017-03-07-18-30-00,20,13,7
2017-03-07-18-45-00,14,10,4
2017-03-07-19-00-00,8,7,1
2017-03-07-19-15-00,12,11,1
2017-03-07-19-30-00,8,5,3
2017-03-07-19-45-00,7,4,3
2017-03-07-20-00-00,2,1,1
2017-03-07-20-15-00,5,5,0
2017-03-07-20-30-00,4,1,3
2017-03-07-20-45-00,2,1,1
2017-03-07-21-00-00,4,2,2
2017-03-07-21-15-00,5,1,4
2017-03-07-21-30-00,1,1,0
2017-03-07-21-45-00,2,0,2
2017-03-07-22-00-00,0,0,0
2017-03-07-22-15-00,0,0,0
2017-03-07-22-30-00,1,0,1
2017-03-07-22-45-00,0,0,0
2017-03-07-23-00-00,0,0,0
2017-03-07-23-15-00,0,0,0
2017-03-07-23-30-00,0,0,0
2017-03-07-23-45-00,0,0,0
2017-03-08-00-00-00,0,0,0
2017-03-08-00-15-00,0,0,0
2017-03-08-00-30-00,0,0,0
2017-03-08-00-45-00,0,0,0
2017-03-08-01-00-00,0,0,0
2017-03-08-01-15-00,0,0,0
2017-03-08-01-30-00,0,0,0
2017-03-08-01-45-00,0,0,0
2017-03-08-02-00-00,1,1,0
2017-03-08-02-15-00,0,0,0
2017-03-08-02-30-00,0,0,0
2017-03-08-02-45-00,0,0,0
2017-03-08-03-00-00,0,0,0
2017-03-08-03-15-00,0,0,0
2017-03-08-03-30-00,0,0,0
2017-03-08-03-45-00,0,0,0
2017-03-08-04-00-00,0,0,0
2017-03-08-04-15-00,0,0,0
2017-03-08-04-30-00,0,0,0
2017-03-08-04-45-00,0,0,0
2017-03-08-05-00-00,0,0,0
2017-03-08-05-15-00,0,0,0
2017-03-08-05-30-00,0,0,0
2017-03-08-05-45-00,2,1,1
2017-03-08-06-00-00,2,0,2
2017-03-08-06-15-00,9,3,6
2017-03-08-06-30-00,1,0,1
2017-03-08-06-45-00,10,8,2
2017-03-08-07-00-00,15,7,8
2017-03-08-07-15-00,19,4,15
2017-03-08-07-30-00,31,8,23
2017-03-08-07-45-00,26,4,22
2017-03-08-08-00-00,30,6,24
2017-03-08-08-15-00,24,5,19
2017-03-08-08-30-00,35,7,28
2017-03-08-08-45-00,17,1,16
2017-03-08-09-00-00,20,5,15
2017-03-08-09-15-00,16,1,15
2017-03-08-09-30-00,14,5,9
2017-03-08-09-45-00,7,4,3
2017-03-08-10-00-00,11,5,6
2017-03-08-10-15-00,2,2,0
2017-03-08-10-30-00,3,1,2
2017-03-08-10-45-00,5,1,4
2017-03-08-11-00-00,3,1,2
2017-03-08-11-15-00,0,0,0
2017-03-08-11-30-00,2,0,2
2017-03-08-11-45-00,3,1,2
2017-03-08-12-00-00,1,1,0
2017-03-08-12-15-00,2,2,0
2017-03-08-12-30-00,3,1,2
2017-03-08-12-45-00,2,1,1
2017-03-08-13-00-00,3,1,2
2017-03-08-13-15-00,6,3,3
2017-03-08-13-30-00,3,3,0
2017-03-08-13-45-00,9,8,1
2017-03-08-14-00-00,3,1,2
2017-03-08-14-15-00,5,1,4
2017-03-08-14-30-00,2,1,1
2017-03-08-14-45-00,8,8,0
2017-03-08-15-00-00,7,4,3
2017-03-08-15-15-00,5,4,1
2017-03-08-15-30-00,6,5,1
2017-03-08-15-45-00,12,9,3
2017-03-08-16-00-00,7,4,3
2017-03-08-16-15-00,12,10,2
2017-03-08-16-30-00,16,13,3
2017-03-08-16-45-00,5,5,0
2017-03-08-17-00-00,9,7,2
2017-03-08-17-15-00,18,14,4
2017-03-08-17-30-00,11,9,2
2017-03-08-17-45-00,17,17,0
2017-03-08-18-00-00,13,12,1
2017-03-08-18-15-00,16,13,3
2017-03-08-18-30-00,9,7,2
2017-03-08-18-45-00,8,8,0
2017-03-08-19-00-00,6,6,0
2017-03-08-19-15-00,1,1,0
2017-03-08-19-30-00,5,4,1
2017-03-08-19-45-00,6,3,3
2017-03-08-20-00-00,2,0,2
2017-03-08-20-15-00,0,0,0
2017-03-08-20-30-00,2,1,1
2017-03-08-20-45-00,1,0,1
2017-03-08-21-00-00,0,0,0
2017-03-08-21-15-00,0,0,0
2017-03-08-21-30-00,0,0,0
2017-03-08-21-45-00,1,1,0
2017-03-08-22-00-00,1,0,1
2017-03-08-22-15-00,2,0,2
2017-03-08-22-30-00,0,0,0
2017-03-08-22-45-00,0,0,0
2017-03-08-23-00-00,2,1,1
2017-03-08-23-15-00,1,1,0
2017-03-08-23-30-00,0,0,0
2017-03-08-23-45-00,0,0,0
2017-03-09-00-00-00,0,0,0
2017-03-09-00-15-00,0,0,0
2017-03-09-00-30-00,0,0,0
2017-03-09-00-45-00,0,0,0
2017-03-09-01-00-00,0,0,0
2017-03-09-01-15-00,0,0,0
2017-03-09-01-30-00,0,0,0
2017-03-09-01-45-00,0,0,0
2017-03-09-02-00-00,1,1,0
2017-03-09-02-15-00,0,0,0
2017-03-09-02-30-00,0,0,0
2017-03-09-02-45-00,0,0,0
2017-03-09-03-00-00,0,0,0
2017-03-09-03-15-00,0,0,0
2017-03-09-03-30-00,0,0,0
2017-03-09-03-45-00,0,0,0
2017-03-09-04-00-00,0,0,0
2017-03-09-04-15-00,0,0,0
2017-03-09-04-30-00,0,0,0
2017-03-09-04-45-00,0,0,0
2017-03-09-05-00-00,0,0,0
2017-03-09-05-15-00,0,0,0
2017-03-09-05-30-00,2,1,1
2017-03-09-05-45-00,1,0,1
2017-03-09-06-00-00,3,0,3
2017-03-09-06-15-00,5,2,3
2017-03-09-06-30-00,1,0,1
2017-03-09-06-45-00,7,3,4
2017-03-09-07-00-00,9,7,2
2017-03-09-07-15-00,17,3,14
2017-03-09-07-30-00,22,7,15
2017-03-09-07-45-00,31,4,27
2017-03-09-08-00-00,24,3,21
2017-03-09-08-15-00,24,4,20
2017-03-09-08-30-00,25,5,20
2017-03-09-08-45-00,24,3,21
2017-03-09-09-00-00,15,4,11
2017-03-09-09-15-00,12,4,8
2017-03-09-09-30-00,8,2,6
2017-03-09-09-45-00,9,7,2
2017-03-09-10-00-00,3,1,2
2017-03-09-10-15-00,0,0,0
2017-03-09-10-30-00,7,4,3
2017-03-09-10-45-00,7,3,4
2017-03-09-11-00-00,8,2,6
2017-03-09-11-15-00,11,7,4
2017-03-09-11-30-00,5,3,2
2017-03-09-11-45-00,5,3,2
2017-03-09-12-00-00,10,4,6
2017-03-09-12-15-00,7,5,2
2017-03-09-12-30-00,5,4,1
2017-03-09-12-45-00,4,2,2
2017-03-09-13-00-00,7,2,5
2017-03-09-13-15-00,8,4,4
2017-03-09-13-30-00,11,8,3
2017-03-09-13-45-00,8,6,2
2017-03-09-14-00-00,8,2,6
2017-03-09-14-15-00,10,4,6
2017-03-09-14-30-00,9,8,1
2017-03-09-14-45-00,11,7,4
2017-03-09-15-00-00,5,2,3
2017-03-09-15-15-00,15,11,4
2017-03-09-15-30-00,18,8,10
2017-03-09-15-45-00,15,14,1
2017-03-09-16-00-00,16,11,5
2017-03-09-16-15-00,28,21,7
2017-03-09-16-30-00,25,16,9
2017-03-09-16-45-00,36,23,13
2017-03-09-17-00-00,21,16,5
2017-03-09-17-15-00,30,21,9
2017-03-09-17-30-00,34,23,11
2017-03-09-17-45-00,32,26,6
2017-03-09-18-00-00,29,17,12
2017-03-09-18-15-00,27,16,11
2017-03-09-18-30-00,31,18,13
2017-03-09-18-45-00,21,17,4
2017-03-09-19-00-00,21,13,8
2017-03-09-19-15-00,15,12,3
2017-03-09-19-30-00,10,4,6
2017-03-09-19-45-00,9,7,2
2017-03-09-20-00-00,10,4,6
2017-03-09-20-15-00,1,0,1
2017-03-09-20-30-00,2,0,2
2017-03-09-20-45-00,5,2,3
2017-03-09-21-00-00,2,1,1
2017-03-09-21-15-00,3,1,2
2017-03-09-21-30-00,3,2,1
2017-03-09-21-45-00,2,1,1
2017-03-09-22-00-00,3,2,1
2017-03-09-22-15-00,2,0,2
2017-03-09-22-30-00,2,1,1
2017-03-09-22-45-00,1,0,1
2017-03-09-23-00-00,0,0,0
2017-03-09-23-15-00,1,1,0
2017-03-09-23-30-00,1,0,1
2017-03-09-23-45-00,3,1,2
2017-03-10-00-00-00,0,0,0
2017-03-10-00-15-00,1,1,0
2017-03-10-00-30-00,0,0,0
2017-03-10-00-45-00,0,0,0
2017-03-10-01-00-00,0,0,0
2017-03-10-01-15-00,0,0,0
2017-03-10-01-30-00,0,0,0
2017-03-10-01-45-00,0,0,0
2017-03-10-02-00-00,0,0,0
2017-03-10-02-15-00,1,1,0
2017-03-10-02-30-00,0,0,0
2017-03-10-02-45-00,0,0,0
2017-03-10-03-00-00,0,0,0
2017-03-10-03-15-00,0,0,0
2017-03-10-03-30-00,0,0,0
2017-03-10-03-45-00,0,0,0
2017-03-10-04-00-00,0,0,0
2017-03-10-04-15-00,0,0,0
2017-03-10-04-30-00,0,0,0
2017-03-10-04-45-00,0,0,0
2017-03-10-05-00-00,0,0,0
2017-03-10-05-15-00,0,0,0
2017-03-10-05-30-00,0,0,0
2017-03-10-05-45-00,2,0,2
2017-03-10-06-00-00,6,3,3
2017-03-10-06-15-00,5,2,3
2017-03-10-06-30-00,6,0,6
2017-03-10-06-45-00,10,9,1
2017-03-10-07-00-00,22,8,14
2017-03-10-07-15-00,23,8,15
2017-03-10-07-30-00,33,12,21
2017-03-10-07-45-00,33,9,24
2017-03-10-08-00-00,31,4,27
2017-03-10-08-15-00,42,9,33
2017-03-10-08-30-00,32,9,23
2017-03-10-08-45-00,34,6,28
2017-03-10-09-00-00,17,4,13
2017-03-10-09-15-00,13,5,8
2017-03-10-09-30-00,12,2,10
2017-03-10-09-45-00,9,1,8
2017-03-10-10-00-00,13,7,6
2017-03-10-10-15-00,10,4,6
2017-03-10-10-30-00,10,2,8
2017-03-10-10-45-00,14,7,7
2017-03-10-11-00-00,20,5,15
2017-03-10-11-15-00,13,8,5
2017-03-10-11-30-00,21,8,13
2017-03-10-11-45-00,16,5,11
2017-03-10-12-00-00,12,4,8
2017-03-10-12-15-00,19,8,11
2017-03-10-12-30-00,22,9,13
2017-03-10-12-45-00,14,6,8
2017-03-10-13-00-00,30,17,13
2017-03-10-13-15-00,40,27,13
2017-03-10-13-30-00,34,18,16
2017-03-10-13-45-00,29,15,14
2017-03-10-14-00-00,32,14,18
2017-03-10-14-15-00,37,18,19
2017-03-10-14-30-00,55,23,32
2017-03-10-14-45-00,53,33,20
2017-03-10-15-00-00,47,25,22
2017-03-10-15-15-00,46,29,17
2017-03-10-15-30-00,65,35,30
2017-03-10-15-45-00,55,34,21
2017-03-10-16-00-00,51,32,19
2017-03-10-16-15-00,82,53,29
2017-03-10-16-30-00,64,41,23
2017-03-10-16-45-00,59,40,19
2017-03-10-17-00-00,53,34,19
2017-03-10-17-15-00,59,36,23
2017-03-10-17-30-00,44,21,23
2017-03-10-17-45-00,40,26,14
2017-03-10-18-00-00,27,19,8
2017-03-10-18-15-00,29,17,12
2017-03-10-18-30-00,24,14,10
2017-03-10-18-45-00,24,19,5
2017-03-10-19-00-00,15,7,8
2017-03-10-19-15-00,5,4,1
2017-03-10-19-30-00,12,7,5
2017-03-10-19-45-00,6,3,3
2017-03-10-20-00-00,4,2,2
2017-03-10-20-15-00,2,1,1
2017-03-10-20-30-00,1,1,0
2017-03-10-20-45-00,3,2,1
2017-03-10-21-00-00,2,2,0
2017-03-10-21-15-00,4,2,2
2017-03-10-21-30-00,5,3,2
2017-03-10-21-45-00,4,0,4
2017-03-10-22-00-00,2,0,2
2017-03-10-22-15-00,1,0,1
2017-03-10-22-30-00,5,3,2
2017-03-10-22-45-00,1,0,1
2017-03-10-23-00-00,2,2,0
2017-03-10-23-15-00,0,0,0
2017-03-10-23-30-00,4,2,2
2017-03-10-23-45-00,0,0,0
2017-03-11-00-00-00,0,0,0
2017-03-11-00-15-00,0,0,0
2017-03-11-00-30-00,1,0,1
2017-03-11-00-45-00,3,1,2
2017-03-11-01-00-00,0,0,0
2017-03-11-01-15-00,1,1,0
2017-03-11-01-30-00,0,0,0
2017-03-11-01-45-00,0,0,0
2017-03-11-02-00-00,0,0,0
2017-03-11-02-15-00,3,2,1
2017-03-11-02-30-00,0,0,0
2017-03-11-02-45-00,0,0,0
2017-03-11-03-00-00,0,0,0
2017-03-11-03-15-00,0,0,0
2017-03-11-03-30-00,1,0,1
2017-03-11-03-45-00,0,0,0
2017-03-11-04-00-00,0,0,0
2017-03-11-04-15-00,0,0,0
2017-03-11-04-30-00,0,0,0
2017-03-11-04-45-00,0,0,0
2017-03-11-05-00-00,0,0,0
2017-03-11-05-15-00,0,0,0
2017-03-11-05-30-00,0,0,0
2017-03-11-05-45-00,1,0,1
2017-03-11-06-00-00,2,0,2
2017-03-11-06-15-00,1,1,0
2017-03-11-06-30-00,3,2,1
2017-03-11-06-45-00,1,0,1
2017-03-11-07-00-00,2,2,0
2017-03-11-07-15-00,1,1,0
2017-03-11-07-30-00,2,0,2
2017-03-11-07-45-00,2,0,2
2017-03-11-08-00-00,2,0,2
2017-03-11-08-15-00,8,4,4
2017-03-11-08-30-00,7,5,2
2017-03-11-08-45-00,13,7,6
2017-03-11-09-00-00,8,7,1
2017-03-11-09-15-00,10,3,7
2017-03-11-09-30-00,9,5,4
2017-03-11-09-45-00,25,14,11
2017-03-11-10-00-00,15,4,11
2017-03-11-10-15-00,18,12,6
2017-03-11-10-30-00,25,11,14
2017-03-11-10-45-00,30,13,17
2017-03-11-11-00-00,34,12,22
2017-03-11-11-15-00,34,22,12
2017-03-11-11-30-00,35,12,23
2017-03-11-11-45-00,32,17,15
2017-03-11-12-00-00,32,14,18
2017-03-11-12-15-00,45,19,26
2017-03-11-12-30-00,56,19,37
2017-03-11-12-45-00,71,30,41
2017-03-11-13-00-00,52,29,23
2017-03-11-13-15-00,61,28,33
2017-03-11-13-30-00,63,34,29
2017-03-11-13-45-00,83,49,34
2017-03-11-14-00-00,67,39,28
2017-03-11-14-15-00,89,48,41
2017-03-11-14-30-00,90,47,43
2017-03-11-14-45-00,75,36,39
2017-03-11-15-00-00,84,40,44
2017-03-11-15-15-00,67,41,26
2017-03-11-15-30-00,64,33,31
2017-03-11-15-45-00,75,30,45
2017-03-11-16-00-00,81,41,40
2017-03-11-16-15-00,103,35,68
2017-03-11-16-30-00,81,50,31
2017-03-11-16-45-00,98,56,42
2017-03-11-17-00-00,70,46,24
2017-03-11-17-15-00,57,29,28
2017-03-11-17-30-00,66,40,26
2017-03-11-17-45-00,36,17,19
2017-03-11-18-00-00,25,14,11
2017-03-11-18-15-00,22,13,9
2017-03-11-18-30-00,8,3,5
2017-03-11-18-45-00,9,6,3
2017-03-11-19-00-00,13,7,6
2017-03-11-19-15-00,12,8,4
2017-03-11-19-30-00,2,0,2
2017-03-11-19-45-00,1,1,0
2017-03-11-20-00-00,0,0,0
2017-03-11-20-15-00,7,3,4
2017-03-11-20-30-00,2,2,0
2017-03-11-20-45-00,1,0,1
2017-03-11-21-00-00,0,0,0
2017-03-11-21-15-00,1,0,1
2017-03-11-21-30-00,3,3,0
2017-03-11-21-45-00,0,0,0
2017-03-11-22-00-00,1,0,1
2017-03-11-22-15-00,3,3,0
2017-03-11-22-30-00,1,0,1
2017-03-11-22-45-00,0,0,0
2017-03-11-23-00-00,1,0,1
2017-03-11-23-15-00,0,0,0
2017-03-11-23-30-00,2,0,2
2017-03-11-23-45-00,0,0,0
2017-03-12-00-00-00,0,0,0
2017-03-12-00-15-00,0,0,0
2017-03-12-00-30-00,4,4,0
2017-03-12-00-45-00,0,0,0
2017-03-12-01-00-00,1,1,0
2017-03-12-01-15-00,0,0,0
2017-03-12-01-30-00,1,1,0
2017-03-12-01-45-00,1,1,0
2017-03-12-02-00-00,1,1,0
2017-03-12-02-15-00,0,0,0
2017-03-12-02-30-00,0,0,0
2017-03-12-02-45-00,0,0,0
2017-03-12-03-00-00,0,0,0
2017-03-12-03-15-00,0,0,0
2017-03-12-03-30-00,0,0,0
2017-03-12-03-45-00,1,0,1
2017-03-12-04-00-00,0,0,0
2017-03-12-04-15-00,0,0,0
2017-03-12-04-30-00,0,0,0
2017-03-12-04-45-00,0,0,0
2017-03-12-05-00-00,0,0,0
2017-03-12-05-15-00,0,0,0
2017-03-12-05-30-00,0,0,0
2017-03-12-05-45-00,0,0,0
2017-03-12-06-00-00,0,0,0
2017-03-12-06-15-00,3,2,1
2017-03-12-06-30-00,2,2,0
2017-03-12-06-45-00,1,0,1
2017-03-12-07-00-00,2,0,2
2017-03-12-07-15-00,1,0,1
2017-03-12-07-30-00,0,0,0
2017-03-12-07-45-00,2,1,1
2017-03-12-08-00-00,2,2,0
2017-03-12-08-15-00,3,1,2
2017-03-12-08-30-00,12,4,8
2017-03-12-08-45-00,15,7,8
2017-03-12-09-00-00,13,4,9
2017-03-12-09-15-00,19,8,11
2017-03-12-09-30-00,22,13,9
2017-03-12-09-45-00,29,11,18
2017-03-12-10-00-00,22,6,16
2017-03-12-10-15-00,35,18,17
2017-03-12-10-30-00,42,15,27
2017-03-12-10-45-00,56,25,31
2017-03-12-11-00-00,88,26,62
2017-03-12-11-15-00,81,40,41
2017-03-12-11-30-00,70,20,50
2017-03-12-11-45-00,72,24,48
2017-03-12-12-00-00,82,31,51
2017-03-12-12-15-00,95,42,53
2017-03-12-12-30-00,78,44,34
2017-03-12-12-45-00,99,37,62
2017-03-12-13-00-00,101,51,50
2017-03-12-13-15-00,133,58,75
2017-03-12-13-30-00,117,71,46
2017-03-12-13-45-00,134,60,74
2017-03-12-14-00-00,158,80,78
2017-03-12-14-15-00,145,74,71
2017-03-12-14-30-00,133,70,63
2017-03-12-14-45-00,110,68,42
2017-03-12-15-00-00,140,74,66
2017-03-12-15-15-00,135,82,53
2017-03-12-15-30-00,129,71,58
2017-03-12-15-45-00,156,86,70
2017-03-12-16-00-00,128,74,54
2017-03-12-16-15-00,170,107,63
2017-03-12-16-30-00,125,76,49
2017-03-12-16-45-00,117,78,39
2017-03-12-17-00-00,103,69,34
2017-03-12-17-15-00,81,45,36
2017-03-12-17-30-00,75,48,27
2017-03-12-17-45-00,68,50,18
2017-03-12-18-00-00,45,25,20
2017-03-12-18-15-00,30,16,14
2017-03-12-18-30-00,23,17,6
2017-03-12-18-45-00,16,11,5
2017-03-12-19-00-00,17,10,7
2017-03-12-19-15-00,3,3,0
2017-03-12-19-30-00,8,7,1
2017-03-12-19-45-00,8,2,6
2017-03-12-20-00-00,2,1,1
2017-03-12-20-15-00,4,2,2
2017-03-12-20-30-00,3,3,0
2017-03-12-20-45-00,4,4,0
2017-03-12-21-00-00,0,0,0
2017-03-12-21-15-00,2,1,1
2017-03-12-21-30-00,1,1,0
2017-03-12-21-45-00,2,0,2
2017-03-12-22-00-00,2,2,0
2017-03-12-22-15-00,0,0,0
2017-03-12-22-30-00,0,0,0
2017-03-12-22-45-00,0,0,0
2017-03-12-23-00-00,0,0,0
2017-03-12-23-15-00,0,0,0
2017-03-12-23-30-00,1,1,0
2017-03-12-23-45-00,0,0,0
2017-03-13-00-00-00,0,0,0
2017-03-13-00-15-00,0,0,0
2017-03-13-00-30-00,0,0,0
2017-03-13-00-45-00,0,0,0
2017-03-13-01-00-00,0,0,0
2017-03-13-01-15-00,0,0,0
2017-03-13-01-30-00,0,0,0
2017-03-13-01-45-00,0,0,0
2017-03-13-02-00-00,0,0,0
2017-03-13-02-15-00,0,0,0
2017-03-13-02-30-00,0,0,0
2017-03-13-02-45-00,0,0,0
2017-03-13-03-00-00,0,0,0
2017-03-13-03-15-00,0,0,0
2017-03-13-03-30-00,0,0,0
2017-03-13-03-45-00,0,0,0
2017-03-13-04-00-00,0,0,0
2017-03-13-04-15-00,1,0,1
2017-03-13-04-30-00,0,0,0
2017-03-13-04-45-00,0,0,0
2017-03-13-05-00-00,0,0,0
2017-03-13-05-15-00,1,0,1
2017-03-13-05-30-00,1,0,1
2017-03-13-05-45-00,1,0,1
2017-03-13-06-00-00,6,2,4
2017-03-13-06-15-00,6,3,3
2017-03-13-06-30-00,13,3,10
2017-03-13-06-45-00,19,9,10
2017-03-13-07-00-00,29,9,20
2017-03-13-07-15-00,31,11,20
2017-03-13-07-30-00,48,18,30
2017-03-13-07-45-00,46,9,37
2017-03-13-08-00-00,61,13,48
2017-03-13-08-15-00,52,12,40
2017-03-13-08-30-00,52,9,43
2017-03-13-08-45-00,40,4,36
2017-03-13-09-00-00,37,7,30
2017-03-13-09-15-00,17,9,8
2017-03-13-09-30-00,18,8,10
2017-03-13-09-45-00,17,4,13
2017-03-13-10-00-00,16,5,11
2017-03-13-10-15-00,24,12,12
2017-03-13-10-30-00,16,6,10
2017-03-13-10-45-00,15,10,5
2017-03-13-11-00-00,15,10,5
2017-03-13-11-15-00,18,6,12
2017-03-13-11-30-00,25,17,8
2017-03-13-11-45-00,27,7,20
2017-03-13-12-00-00,25,15,10
2017-03-13-12-15-00,20,8,12
2017-03-13-12-30-00,14,9,5
2017-03-13-12-45-00,31,13,18
2017-03-13-13-00-00,29,12,17
2017-03-13-13-15-00,39,26,13
2017-03-13-13-30-00,36,12,24
2017-03-13-13-45-00,30,13,17
2017-03-13-14-00-00,36,23,13
2017-03-13-14-15-00,47,27,20
2017-03-13-14-30-00,46,27,19
2017-03-13-14-45-00,55,33,22
2017-03-13-15-00-00,55,24,31
2017-03-13-15-15-00,55,32,23
2017-03-13-15-30-00,66,34,32
2017-03-13-15-45-00,66,41,25
2017-03-13-16-00-00,54,28,26
2017-03-13-16-15-00,62,39,23
2017-03-13-16-30-00,51,26,25
2017-03-13-16-45-00,67,46,21
2017-03-13-17-00-00,59,34,25
2017-03-13-17-15-00,73,50,23
2017-03-13-17-30-00,65,46,19
2017-03-13-17-45-00,57,34,23
2017-03-13-18-00-00,59,42,17
2017-03-13-18-15-00,52,35,17
2017-03-13-18-30-00,42,33,9
2017-03-13-18-45-00,27,22,5
2017-03-13-19-00-00,20,14,6
2017-03-13-19-15-00,14,10,4
2017-03-13-19-30-00,11,7,4
2017-03-13-19-45-00,13,9,4
2017-03-13-20-00-00,6,6,0
2017-03-13-20-15-00,0,0,0
2017-03-13-20-30-00,2,0,2
2017-03-13-20-45-00,9,5,4
2017-03-13-21-00-00,1,1,0
2017-03-13-21-15-00,4,4,0
2017-03-13-21-30-00,2,2,0
2017-03-13-21-45-00,0,0,0
2017-03-13-22-00-00,1,1,0
2017-03-13-22-15-00,1,0,1
2017-03-13-22-30-00,3,1,2
2017-03-13-22-45-00,0,0,0
2017-03-13-23-00-00,1,1,0
2017-03-13-23-15-00,4,2,2
2017-03-13-23-30-00,0,0,0
2017-03-13-23-45-00,0,0,0
2017-03-14-00-00-00,0,0,0
2017-03-14-00-15-00,0,0,0
2017-03-14-00-30-00,0,0,0
2017-03-14-00-45-00,0,0,0
2017-03-14-01-00-00,0,0,0
2017-03-14-01-15-00,0,0,0
2017-03-14-01-30-00,0,0,0
2017-03-14-01-45-00,0,0,0
2017-03-14-02-00-00,0,0,0
2017-03-14-02-15-00,0,0,0
2017-03-14-02-30-00,0,0,0
2017-03-14-02-45-00,0,0,0
2017-03-14-03-00-00,0,0,0
2017-03-14-03-15-00,0,0,0
2017-03-14-03-30-00,0,0,0
2017-03-14-03-45-00,0,0,0
2017-03-14-04-00-00,0,0,0
2017-03-14-04-15-00,0,0,0
2017-03-14-04-30-00,0,0,0
2017-03-14-04-45-00,0,0,0
2017-03-14-05-00-00,0,0,0
2017-03-14-05-15-00,1,0,1
2017-03-14-05-30-00,2,0,2
2017-03-14-05-45-00,1,0,1
2017-03-14-06-00-00,4,1,3
2017-03-14-06-15-00,6,1,5
2017-03-14-06-30-00,12,4,8
2017-03-14-06-45-00,12,7,5
2017-03-14-07-00-00,22,9,13
2017-03-14-07-15-00,32,11,21
2017-03-14-07-30-00,46,16,30
2017-03-14-07-45-00,64,10,54
2017-03-14-08-00-00,42,10,32
2017-03-14-08-15-00,51,16,35
2017-03-14-08-30-00,53,8,45
2017-03-14-08-45-00,50,8,42
2017-03-14-09-00-00,31,10,21
2017-03-14-09-15-00,22,7,15
2017-03-14-09-30-00,20,7,13
2017-03-14-09-45-00,16,6,10
2017-03-14-10-00-00,15,5,10
2017-03-14-10-15-00,11,5,6
2017-03-14-10-30-00,15,5,10
2017-03-14-10-45-00,12,6,6
2017-03-14-11-00-00,22,10,12
2017-03-14-11-15-00,16,4,12
2017-03-14-11-30-00,17,8,9
2017-03-14-11-45-00,13,8,5
2017-03-14-12-00-00,23,14,9
2017-03-14-12-15-00,27,11,16
2017-03-14-12-30-00,20,7,13
2017-03-14-12-45-00,22,14,8
2017-03-14-13-00-00,31,11,20
2017-03-14-13-15-00,30,16,14
2017-03-14-13-30-00,28,15,13
2017-03-14-13-45-00,35,23,12
2017-03-14-14-00-00,37,11,26
2017-03-14-14-15-00,46,19,27
2017-03-14-14-30-00,42,13,29
2017-03-14-14-45-00,43,24,19
2017-03-14-15-00-00,46,24,22
2017-03-14-15-15-00,52,26,26
2017-03-14-15-30-00,58,37,21
2017-03-14-15-45-00,58,28,30
2017-03-14-16-00-00,61,41,20
2017-03-14-16-15-00,50,32,18
2017-03-14-16-30-00,62,44,18
2017-03-14-16-45-00,88,54,34
2017-03-14-17-00-00,81,58,23
2017-03-14-17-15-00,85,64,21
2017-03-14-17-30-00,67,45,22
2017-03-14-17-45-00,65,44,21
2017-03-14-18-00-00,42,26,16
2017-03-14-18-15-00,52,30,22
2017-03-14-18-30-00,46,28,18
2017-03-14-18-45-00,19,13,6
2017-03-14-19-00-00,25,14,11
2017-03-14-19-15-00,21,17,4
2017-03-14-19-30-00,22,14,8
2017-03-14-19-45-00,4,1,3
2017-03-14-20-00-00,10,7,3
2017-03-14-20-15-00,4,3,1
2017-03-14-20-30-00,4,3,1
2017-03-14-20-45-00,7,6,1
2017-03-14-21-00-00,4,2,2
2017-03-14-21-15-00,4,2,2
2017-03-14-21-30-00,2,0,2
2017-03-14-21-45-00,3,2,1
2017-03-14-22-00-00,3,3,0
2017-03-14-22-15-00,2,1,1
2017-03-14-22-30-00,1,1,0
2017-03-14-22-45-00,2,0,2
2017-03-14-23-00-00,2,2,0
2017-03-14-23-15-00,0,0,0
2017-03-14-23-30-00,0,0,0
2017-03-14-23-45-00,0,0,0
2017-03-15-00-00-00,0,0,0
2017-03-15-00-15-00,1,1,0
2017-03-15-00-30-00,0,0,0
2017-03-15-00-45-00,0,0,0
2017-03-15-01-00-00,0,0,0
2017-03-15-01-15-00,0,0,0
2017-03-15-01-30-00,0,0,0
2017-03-15-01-45-00,1,1,0
2017-03-15-02-00-00,0,0,0
2017-03-15-02-15-00,0,0,0
2017-03-15-02-30-00,0,0,0
2017-03-15-02-45-00,0,0,0
2017-03-15-03-00-00,0,0,0
2017-03-15-03-15-00,0,0,0
2017-03-15-03-30-00,0,0,0
2017-03-15-03-45-00,0,0,0
2017-03-15-04-00-00,0,0,0
2017-03-15-04-15-00,0,0,0
2017-03-15-04-30-00,0,0,0
2017-03-15-04-45-00,0,0,0
2017-03-15-05-00-00,0,0,0
2017-03-15-05-15-00,0,0,0
2017-03-15-05-30-00,1,0,1
2017-03-15-05-45-00,3,2,1
2017-03-15-06-00-00,3,1,2
2017-03-15-06-15-00,8,4,4
2017-03-15-06-30-00,10,4,6
2017-03-15-06-45-00,16,6,10
2017-03-15-07-00-00,29,10,19
2017-03-15-07-15-00,28,7,21
2017-03-15-07-30-00,47,16,31
2017-03-15-07-45-00,51,15,36
2017-03-15-08-00-00,49,10,39
2017-03-15-08-15-00,40,6,34
2017-03-15-08-30-00,43,10,33
2017-03-15-08-45-00,43,5,38
2017-03-15-09-00-00,33,4,29
2017-03-15-09-15-00,21,10,11
2017-03-15-09-30-00,13,3,10
2017-03-15-09-45-00,11,5,6
2017-03-15-10-00-00,12,3,9
2017-03-15-10-15-00,12,7,5
2017-03-15-10-30-00,9,4,5
2017-03-15-10-45-00,5,4,1
2017-03-15-11-00-00,16,11,5
2017-03-15-11-15-00,10,5,5
2017-03-15-11-30-00,10,6,4
2017-03-15-11-45-00,24,9,15
2017-03-15-12-00-00,10,3,7
2017-03-15-12-15-00,19,9,10
2017-03-15-12-30-00,10,4,6
2017-03-15-12-45-00,14,4,10
2017-03-15-13-00-00,21,17,4
2017-03-15-13-15-00,26,15,11
2017-03-15-13-30-00,16,2,14
2017-03-15-13-45-00,23,15,8
2017-03-15-14-00-00,19,8,11
2017-03-15-14-15-00,23,9,14
2017-03-15-14-30-00,25,17,8
2017-03-15-14-45-00,36,17,19
2017-03-15-15-00-00,31,17,14
2017-03-15-15-15-00,40,21,19
2017-03-15-15-30-00,35,18,17
2017-03-15-15-45-00,46,23,23
2017-03-15-16-00-00,62,37,25
2017-03-15-16-15-00,54,31,23
2017-03-15-16-30-00,51,31,20
2017-03-15-16-45-00,84,45,39
2017-03-15-17-00-00,63,46,17
2017-03-15-17-15-00,74,53,21
2017-03-15-17-30-00,62,51,11
2017-03-15-17-45-00,69,42,27
2017-03-15-18-00-00,51,32,19
2017-03-15-18-15-00,53,35,18
2017-03-15-18-30-00,46,35,11
2017-03-15-18-45-00,31,17,14
2017-03-15-19-00-00,21,17,4
2017-03-15-19-15-00,19,12,7
2017-03-15-19-30-00,6,5,1
2017-03-15-19-45-00,13,13,0
2017-03-15-20-00-00,9,4,5
2017-03-15-20-15-00,6,3,3
2017-03-15-20-30-00,2,2,0
2017-03-15-20-45-00,4,0,4
2017-03-15-21-00-00,3,2,1
2017-03-15-21-15-00,3,2,1
2017-03-15-21-30-00,0,0,0
2017-03-15-21-45-00,3,1,2
2017-03-15-22-00-00,2,1,1
2017-03-15-22-15-00,1,1,0
2017-03-15-22-30-00,3,1,2
2017-03-15-22-45-00,0,0,0
2017-03-15-23-00-00,1,1,0
2017-03-15-23-15-00,2,2,0
2017-03-15-23-30-00,0,0,0
2017-03-15-23-45-00,0,0,0
2017-03-16-00-00-00,0,0,0
2017-03-16-00-15-00,0,0,0
2017-03-16-00-30-00,0,0,0
2017-03-16-00-45-00,0,0,0
2017-03-16-01-00-00,0,0,0
2017-03-16-01-15-00,0,0,0
2017-03-16-01-30-00,0,0,0
2017-03-16-01-45-00,1,0,1
2017-03-16-02-00-00,0,0,0
2017-03-16-02-15-00,0,0,0
2017-03-16-02-30-00,0,0,0
2017-03-16-02-45-00,0,0,0
2017-03-16-03-00-00,1,1,0
2017-03-16-03-15-00,0,0,0
2017-03-16-03-30-00,0,0,0
2017-03-16-03-45-00,0,0,0
2017-03-16-04-00-00,0,0,0
2017-03-16-04-15-00,0,0,0
2017-03-16-04-30-00,0,0,0
2017-03-16-04-45-00,0,0,0
2017-03-16-05-00-00,0,0,0
2017-03-16-05-15-00,0,0,0
2017-03-16-05-30-00,1,1,0
2017-03-16-05-45-00,3,0,3
2017-03-16-06-00-00,3,0,3
2017-03-16-06-15-00,7,2,5
2017-03-16-06-30-00,9,6,3
2017-03-16-06-45-00,19,6,13
2017-03-16-07-00-00,24,10,14
2017-03-16-07-15-00,36,12,24
2017-03-16-07-30-00,51,19,32
2017-03-16-07-45-00,66,12,54
2017-03-16-08-00-00,50,16,34
2017-03-16-08-15-00,69,13,56
2017-03-16-08-30-00,56,16,40
2017-03-16-08-45-00,41,4,37
2017-03-16-09-00-00,32,7,25
2017-03-16-09-15-00,20,3,17
2017-03-16-09-30-00,19,9,10
2017-03-16-09-45-00,20,7,13
2017-03-16-10-00-00,21,11,10
2017-03-16-10-15-00,14,4,10
2017-03-16-10-30-00,18,6,12
2017-03-16-10-45-00,29,9,20
2017-03-16-11-00-00,35,15,20
2017-03-16-11-15-00,25,11,14
2017-03-16-11-30-00,49,16,33
2017-03-16-11-45-00,31,10,21
2017-03-16-12-00-00,40,22,18
2017-03-16-12-15-00,43,14,29
2017-03-16-12-30-00,74,27,47
2017-03-16-12-45-00,65,23,42
2017-03-16-13-00-00,58,40,18
2017-03-16-13-15-00,62,28,34
2017-03-16-13-30-00,45,21,24
2017-03-16-13-45-00,61,37,24
2017-03-16-14-00-00,60,30,30
2017-03-16-14-15-00,88,48,40
2017-03-16-14-30-00,79,43,36
2017-03-16-14-45-00,76,48,28
2017-03-16-15-00-00,96,50,46
2017-03-16-15-15-00,102,56,46
2017-03-16-15-30-00,105,57,48
2017-03-16-15-45-00,111,77,34
2017-03-16-16-00-00,107,67,40
2017-03-16-16-15-00,118,83,35
2017-03-16-16-30-00,135,72,63
2017-03-16-16-45-00,97,59,38
2017-03-16-17-00-00,85,54,31
2017-03-16-17-15-00,124,85,39
2017-03-16-17-30-00,116,76,40
2017-03-16-17-45-00,106,67,39
2017-03-16-18-00-00,107,60,47
2017-03-16-18-15-00,85,45,40
2017-03-16-18-30-00,70,38,32
2017-03-16-18-45-00,60,35,25
2017-03-16-19-00-00,47,31,16
2017-03-16-19-15-00,20,14,6
2017-03-16-19-30-00,17,9,8
2017-03-16-19-45-00,17,12,5
2017-03-16-20-00-00,9,3,6
2017-03-16-20-15-00,17,9,8
2017-03-16-20-30-00,6,4,2
2017-03-16-20-45-00,4,2,2
2017-03-16-21-00-00,7,6,1
2017-03-16-21-15-00,7,7,0
2017-03-16-21-30-00,3,3,0
2017-03-16-21-45-00,4,1,3
2017-03-16-22-00-00,11,4,7
2017-03-16-22-15-00,5,1,4
2017-03-16-22-30-00,4,1,3
2017-03-16-22-45-00,3,2,1
2017-03-16-23-00-00,0,0,0
2017-03-16-23-15-00,3,3,0
2017-03-16-23-30-00,1,0,1
2017-03-16-23-45-00,0,0,0
2017-03-17-00-00-00,0,0,0
2017-03-17-00-15-00,0,0,0
2017-03-17-00-30-00,0,0,0
2017-03-17-00-45-00,0,0,0
2017-03-17-01-00-00,0,0,0
2017-03-17-01-15-00,2,0,2
2017-03-17-01-30-00,0,0,0
2017-03-17-01-45-00,0,0,0
2017-03-17-02-00-00,0,0,0
2017-03-17-02-15-00,0,0,0
2017-03-17-02-30-00,0,0,0
2017-03-17-02-45-00,0,0,0
2017-03-17-03-00-00,0,0,0
2017-03-17-03-15-00,0,0,0
2017-03-17-03-30-00,0,0,0
2017-03-17-03-45-00,0,0,0
2017-03-17-04-00-00,0,0,0
2017-03-17-04-15-00,0,0,0
2017-03-17-04-30-00,0,0,0
2017-03-17-04-45-00,0,0,0
2017-03-17-05-00-00,0,0,0
2017-03-17-05-15-00,0,0,0
2017-03-17-05-30-00,0,0,0
2017-03-17-05-45-00,2,0,2
2017-03-17-06-00-00,4,1,3
2017-03-17-06-15-00,6,3,3
2017-03-17-06-30-00,6,3,3
2017-03-17-06-45-00,15,8,7
2017-03-17-07-00-00,23,9,14
2017-03-17-07-15-00,15,4,11
2017-03-17-07-30-00,40,13,27
2017-03-17-07-45-00,49,11,38
2017-03-17-08-00-00,35,13,22
2017-03-17-08-15-00,40,3,37
2017-03-17-08-30-00,35,10,25
2017-03-17-08-45-00,27,7,20
2017-03-17-09-00-00,19,5,14
2017-03-17-09-15-00,19,8,11
2017-03-17-09-30-00,16,7,9
2017-03-17-09-45-00,11,6,5
2017-03-17-10-00-00,4,2,2
2017-03-17-10-15-00,9,2,7
2017-03-17-10-30-00,6,1,5
2017-03-17-10-45-00,9,1,8
2017-03-17-11-00-00,16,9,7
2017-03-17-11-15-00,7,3,4
2017-03-17-11-30-00,5,4,1
2017-03-17-11-45-00,9,4,5
2017-03-17-12-00-00,4,2,2
2017-03-17-12-15-00,9,5,4
2017-03-17-12-30-00,12,8,4
2017-03-17-12-45-00,8,4,4
2017-03-17-13-00-00,19,11,8
2017-03-17-13-15-00,19,11,8
2017-03-17-13-30-00,15,13,2
2017-03-17-13-45-00,19,12,7
2017-03-17-14-00-00,17,10,7
2017-03-17-14-15-00,17,7,10
2017-03-17-14-30-00,23,14,9
2017-03-17-14-45-00,27,10,17
2017-03-17-15-00-00,19,16,3
2017-03-17-15-15-00,25,17,8
2017-03-17-15-30-00,20,12,8
2017-03-17-15-45-00,29,16,13
2017-03-17-16-00-00,31,25,6
2017-03-17-16-15-00,23,16,7
2017-03-17-16-30-00,26,22,4
2017-03-17-16-45-00,34,22,12
2017-03-17-17-00-00,21,12,9
2017-03-17-17-15-00,26,13,13
2017-03-17-17-30-00,37,25,12
2017-03-17-17-45-00,16,8,8
2017-03-17-18-00-00,20,12,8
2017-03-17-18-15-00,23,18,5
2017-03-17-18-30-00,20,11,9
2017-03-17-18-45-00,16,10,6
2017-03-17-19-00-00,12,9,3
2017-03-17-19-15-00,11,9,2
2017-03-17-19-30-00,0,0,0
2017-03-17-19-45-00,9,6,3
2017-03-17-20-00-00,4,0,4
2017-03-17-20-15-00,6,2,4
2017-03-17-20-30-00,1,0,1
2017-03-17-20-45-00,1,0,1
2017-03-17-21-00-00,5,5,0
2017-03-17-21-15-00,4,2,2
2017-03-17-21-30-00,0,0,0
2017-03-17-21-45-00,0,0,0
2017-03-17-22-00-00,1,1,0
2017-03-17-22-15-00,3,3,0
2017-03-17-22-30-00,0,0,0
2017-03-17-22-45-00,3,1,2
2017-03-17-23-00-00,0,0,0
2017-03-17-23-15-00,0,0,0
2017-03-17-23-30-00,1,1,0
2017-03-17-23-45-00,0,0,0
2017-03-18-00-00-00,0,0,0
2017-03-18-00-15-00,2,0,2
2017-03-18-00-30-00,0,0,0
2017-03-18-00-45-00,0,0,0
2017-03-18-01-00-00,0,0,0
2017-03-18-01-15-00,3,3,0
2017-03-18-01-30-00,1,0,1
2017-03-18-01-45-00,0,0,0
2017-03-18-02-00-00,0,0,0
2017-03-18-02-15-00,0,0,0
2017-03-18-02-30-00,0,0,0
2017-03-18-02-45-00,0,0,0
2017-03-18-03-00-00,0,0,0
2017-03-18-03-15-00,0,0,0
2017-03-18-03-30-00,0,0,0
2017-03-18-03-45-00,0,0,0
2017-03-18-04-00-00,0,0,0
2017-03-18-04-15-00,0,0,0
2017-03-18-04-30-00,0,0,0
2017-03-18-04-45-00,0,0,0
2017-03-18-05-00-00,0,0,0
2017-03-18-05-15-00,1,0,1
2017-03-18-05-30-00,0,0,0
2017-03-18-05-45-00,1,1,0
2017-03-18-06-00-00,0,0,0
2017-03-18-06-15-00,0,0,0
2017-03-18-06-30-00,1,0,1
2017-03-18-06-45-00,2,0,2
2017-03-18-07-00-00,0,0,0
2017-03-18-07-15-00,0,0,0
2017-03-18-07-30-00,2,1,1
2017-03-18-07-45-00,2,0,2
2017-03-18-08-00-00,4,1,3
2017-03-18-08-15-00,3,0,3
2017-03-18-08-30-00,3,2,1
2017-03-18-08-45-00,2,0,2
2017-03-18-09-00-00,4,1,3
2017-03-18-09-15-00,6,1,5
2017-03-18-09-30-00,7,4,3
2017-03-18-09-45-00,8,5,3
2017-03-18-10-00-00,4,1,3
2017-03-18-10-15-00,5,4,1
2017-03-18-10-30-00,5,2,3
2017-03-18-10-45-00,8,3,5
2017-03-18-11-00-00,3,1,2
2017-03-18-11-15-00,3,2,1
2017-03-18-11-30-00,7,5,2
2017-03-18-11-45-00,2,0,2
2017-03-18-12-00-00,7,3,4
2017-03-18-12-15-00,9,7,2
2017-03-18-12-30-00,9,4,5
2017-03-18-12-45-00,7,6,1
2017-03-18-13-00-00,8,1,7
2017-03-18-13-15-00,7,2,5
2017-03-18-13-30-00,6,6,0
2017-03-18-13-45-00,7,5,2
2017-03-18-14-00-00,4,2,2
2017-03-18-14-15-00,12,7,5
2017-03-18-14-30-00,10,5,5
2017-03-18-14-45-00,7,4,3
2017-03-18-15-00-00,6,4,2
2017-03-18-15-15-00,17,8,9
2017-03-18-15-30-00,3,2,1
2017-03-18-15-45-00,9,4,5
2017-03-18-16-00-00,7,3,4
2017-03-18-16-15-00,12,5,7
2017-03-18-16-30-00,3,2,1
2017-03-18-16-45-00,4,2,2
2017-03-18-17-00-00,1,0,1
2017-03-18-17-15-00,3,2,1
2017-03-18-17-30-00,1,0,1
2017-03-18-17-45-00,3,1,2
2017-03-18-18-00-00,1,0,1
2017-03-18-18-15-00,2,2,0
2017-03-18-18-30-00,2,1,1
2017-03-18-18-45-00,0,0,0
2017-03-18-19-00-00,1,0,1
2017-03-18-19-15-00,0,0,0
2017-03-18-19-30-00,1,0,1
2017-03-18-19-45-00,4,3,1
2017-03-18-20-00-00,0,0,0
2017-03-18-20-15-00,3,3,0
2017-03-18-20-30-00,0,0,0
2017-03-18-20-45-00,0,0,0
2017-03-18-21-00-00,0,0,0
2017-03-18-21-15-00,0,0,0
2017-03-18-21-30-00,0,0,0
2017-03-18-21-45-00,0,0,0
2017-03-18-22-00-00,0,0,0
2017-03-18-22-15-00,0,0,0
2017-03-18-22-30-00,0,0,0
2017-03-18-22-45-00,0,0,0
2017-03-18-23-00-00,0,0,0
2017-03-18-23-15-00,0,0,0
2017-03-18-23-30-00,0,0,0
2017-03-18-23-45-00,0,0,0
2017-03-19-00-00-00,1,1,0
2017-03-19-00-15-00,0,0,0
2017-03-19-00-30-00,0,0,0
2017-03-19-00-45-00,0,0,0
2017-03-19-01-00-00,0,0,0
2017-03-19-01-15-00,1,1,0
2017-03-19-01-30-00,0,0,0
2017-03-19-01-45-00,0,0,0
2017-03-19-02-00-00,0,0,0
2017-03-19-02-15-00,0,0,0
2017-03-19-02-30-00,0,0,0
2017-03-19-02-45-00,0,0,0
2017-03-19-03-00-00,0,0,0
2017-03-19-03-15-00,0,0,0
2017-03-19-03-30-00,0,0,0
2017-03-19-03-45-00,0,0,0
2017-03-19-04-00-00,0,0,0
2017-03-19-04-15-00,0,0,0
2017-03-19-04-30-00,0,0,0
2017-03-19-04-45-00,0,0,0
2017-03-19-05-00-00,0,0,0
2017-03-19-05-15-00,0,0,0
2017-03-19-05-30-00,0,0,0
2017-03-19-05-45-00,0,0,0
2017-03-19-06-00-00,0,0,0
2017-03-19-06-15-00,0,0,0
2017-03-19-06-30-00,0,0,0
2017-03-19-06-45-00,0,0,0
2017-03-19-07-00-00,1,0,1
2017-03-19-07-15-00,1,0,1
2017-03-19-07-30-00,0,0,0
2017-03-19-07-45-00,3,2,1
2017-03-19-08-00-00,2,0,2
2017-03-19-08-15-00,4,4,0
2017-03-19-08-30-00,9,3,6
2017-03-19-08-45-00,9,4,5
2017-03-19-09-00-00,7,3,4
2017-03-19-09-15-00,13,7,6
2017-03-19-09-30-00,9,6,3
2017-03-19-09-45-00,22,9,13
2017-03-19-10-00-00,14,5,9
2017-03-19-10-15-00,32,10,22
2017-03-19-10-30-00,37,24,13
2017-03-19-10-45-00,51,41,10
2017-03-19-11-00-00,69,8,61
2017-03-19-11-15-00,63,34,29
2017-03-19-11-30-00,20,13,7
2017-03-19-11-45-00,27,10,17
2017-03-19-12-00-00,24,17,7
2017-03-19-12-15-00,31,12,19
2017-03-19-12-30-00,24,12,12
2017-03-19-12-45-00,16,8,8
2017-03-19-13-00-00,27,12,15
2017-03-19-13-15-00,29,13,16
2017-03-19-13-30-00,42,21,21
2017-03-19-13-45-00,25,8,17
2017-03-19-14-00-00,22,17,5
2017-03-19-14-15-00,19,9,10
2017-03-19-14-30-00,34,20,14
2017-03-19-14-45-00,48,21,27
2017-03-19-15-00-00,26,13,13
2017-03-19-15-15-00,32,15,17
2017-03-19-15-30-00,40,23,17
2017-03-19-15-45-00,27,14,13
2017-03-19-16-00-00,32,20,12
2017-03-19-16-15-00,46,24,22
2017-03-19-16-30-00,35,21,14
2017-03-19-16-45-00,32,21,11
2017-03-19-17-00-00,40,26,14
2017-03-19-17-15-00,28,20,8
2017-03-19-17-30-00,31,14,17
2017-03-19-17-45-00,23,16,7
2017-03-19-18-00-00,23,11,12
2017-03-19-18-15-00,18,10,8
2017-03-19-18-30-00,15,8,7
2017-03-19-18-45-00,11,8,3
2017-03-19-19-00-00,7,3,4
2017-03-19-19-15-00,8,4,4
2017-03-19-19-30-00,5,5,0
2017-03-19-19-45-00,1,1,0
2017-03-19-20-00-00,1,0,1
2017-03-19-20-15-00,2,1,1
2017-03-19-20-30-00,2,2,0
2017-03-19-20-45-00,1,1,0
2017-03-19-21-00-00,1,0,1
2017-03-19-21-15-00,0,0,0
2017-03-19-21-30-00,1,1,0
2017-03-19-21-45-00,1,1,0
2017-03-19-22-00-00,4,2,2
2017-03-19-22-15-00,2,2,0
2017-03-19-22-30-00,3,0,3
2017-03-19-22-45-00,0,0,0
2017-03-19-23-00-00,0,0,0
2017-03-19-23-15-00,1,1,0
2017-03-19-23-30-00,0,0,0
2017-03-19-23-45-00,0,0,0
2017-03-20-00-00-00,0,0,0
2017-03-20-00-15-00,0,0,0
2017-03-20-00-30-00,0,0,0
2017-03-20-00-45-00,0,0,0
2017-03-20-01-00-00,0,0,0
2017-03-20-01-15-00,0,0,0
2017-03-20-01-30-00,0,0,0
2017-03-20-01-45-00,0,0,0
2017-03-20-02-00-00,0,0,0
2017-03-20-02-15-00,0,0,0
2017-03-20-02-30-00,0,0,0
2017-03-20-02-45-00,0,0,0
2017-03-20-03-00-00,0,0,0
2017-03-20-03-15-00,0,0,0
2017-03-20-03-30-00,0,0,0
2017-03-20-03-45-00,0,0,0
2017-03-20-04-00-00,0,0,0
2017-03-20-04-15-00,0,0,0
2017-03-20-04-30-00,0,0,0
2017-03-20-04-45-00,0,0,0
2017-03-20-05-00-00,0,0,0
2017-03-20-05-15-00,1,0,1
2017-03-20-05-30-00,0,0,0
2017-03-20-05-45-00,5,2,3
2017-03-20-06-00-00,7,1,6
2017-03-20-06-15-00,8,4,4
2017-03-20-06-30-00,6,3,3
2017-03-20-06-45-00,19,9,10
2017-03-20-07-00-00,14,5,9
2017-03-20-07-15-00,32,8,24
2017-03-20-07-30-00,42,15,27
2017-03-20-07-45-00,52,12,40
2017-03-20-08-00-00,44,14,30
2017-03-20-08-15-00,45,9,36
2017-03-20-08-30-00,37,9,28
2017-03-20-08-45-00,38,7,31
2017-03-20-09-00-00,30,10,20
2017-03-20-09-15-00,19,5,14
2017-03-20-09-30-00,13,4,9
2017-03-20-09-45-00,13,8,5
2017-03-20-10-00-00,14,7,7
2017-03-20-10-15-00,9,5,4
2017-03-20-10-30-00,14,5,9
2017-03-20-10-45-00,17,7,10
2017-03-20-11-00-00,18,8,10
2017-03-20-11-15-00,10,8,2
2017-03-20-11-30-00,12,8,4
2017-03-20-11-45-00,14,5,9
2017-03-20-12-00-00,8,4,4
2017-03-20-12-15-00,9,4,5
2017-03-20-12-30-00,12,7,5
2017-03-20-12-45-00,15,8,7
2017-03-20-13-00-00,14,7,7
2017-03-20-13-15-00,18,11,7
2017-03-20-13-30-00,16,9,7
2017-03-20-13-45-00,14,8,6
2017-03-20-14-00-00,17,7,10
2017-03-20-14-15-00,16,10,6
2017-03-20-14-30-00,18,11,7
2017-03-20-14-45-00,25,11,14
2017-03-20-15-00-00,23,8,15
2017-03-20-15-15-00,24,15,9
2017-03-20-15-30-00,26,17,9
2017-03-20-15-45-00,21,13,8
2017-03-20-16-00-00,25,19,6
2017-03-20-16-15-00,38,32,6
2017-03-20-16-30-00,37,27,10
2017-03-20-16-45-00,40,26,14
2017-03-20-17-00-00,39,22,17
2017-03-20-17-15-00,33,26,7
2017-03-20-17-30-00,53,35,18
2017-03-20-17-45-00,46,29,17
2017-03-20-18-00-00,33,21,12
2017-03-20-18-15-00,35,29,6
2017-03-20-18-30-00,29,20,9
2017-03-20-18-45-00,22,16,6
2017-03-20-19-00-00,14,11,3
2017-03-20-19-15-00,17,13,4
2017-03-20-19-30-00,9,5,4
2017-03-20-19-45-00,3,2,1
2017-03-20-20-00-00,6,5,1
2017-03-20-20-15-00,5,3,2
2017-03-20-20-30-00,4,2,2
2017-03-20-20-45-00,3,1,2
2017-03-20-21-00-00,2,1,1
2017-03-20-21-15-00,6,4,2
2017-03-20-21-30-00,2,1,1
2017-03-20-21-45-00,3,2,1
2017-03-20-22-00-00,2,1,1
2017-03-20-22-15-00,5,3,2
2017-03-20-22-30-00,1,1,0
2017-03-20-22-45-00,2,1,1
2017-03-20-23-00-00,0,0,0
2017-03-20-23-15-00,2,0,2
2017-03-20-23-30-00,0,0,0
2017-03-20-23-45-00,0,0,0
2017-03-21-00-00-00,0,0,0
2017-03-21-00-15-00,0,0,0
2017-03-21-00-30-00,0,0,0
2017-03-21-00-45-00,0,0,0
2017-03-21-01-00-00,0,0,0
2017-03-21-01-15-00,0,0,0
2017-03-21-01-30-00,0,0,0
2017-03-21-01-45-00,0,0,0
2017-03-21-02-00-00,0,0,0
2017-03-21-02-15-00,0,0,0
2017-03-21-02-30-00,0,0,0
2017-03-21-02-45-00,0,0,0
2017-03-21-03-00-00,0,0,0
2017-03-21-03-15-00,0,0,0
2017-03-21-03-30-00,0,0,0
2017-03-21-03-45-00,0,0,0
2017-03-21-04-00-00,0,0,0
2017-03-21-04-15-00,0,0,0
2017-03-21-04-30-00,0,0,0
2017-03-21-04-45-00,0,0,0
2017-03-21-05-00-00,0,0,0
2017-03-21-05-15-00,0,0,0
2017-03-21-05-30-00,1,0,1
2017-03-21-05-45-00,3,0,3
2017-03-21-06-00-00,1,0,1
2017-03-21-06-15-00,10,4,6
2017-03-21-06-30-00,6,1,5
2017-03-21-06-45-00,12,6,6
2017-03-21-07-00-00,9,0,9
2017-03-21-07-15-00,32,11,21
2017-03-21-07-30-00,33,10,23
2017-03-21-07-45-00,40,9,31
2017-03-21-08-00-00,46,5,41
2017-03-21-08-15-00,50,15,35
2017-03-21-08-30-00,54,15,39
2017-03-21-08-45-00,40,4,36
2017-03-21-09-00-00,27,8,19
2017-03-21-09-15-00,16,3,13
2017-03-21-09-30-00,9,5,4
2017-03-21-09-45-00,14,7,7
2017-03-21-10-00-00,14,7,7
2017-03-21-10-15-00,8,1,7
2017-03-21-10-30-00,15,5,10
2017-03-21-10-45-00,12,6,6
2017-03-21-11-00-00,16,11,5
2017-03-21-11-15-00,10,7,3
2017-03-21-11-30-00,15,6,9
2017-03-21-11-45-00,15,7,8
2017-03-21-12-00-00,4,3,1
2017-03-21-12-15-00,12,7,5
2017-03-21-12-30-00,7,4,3
2017-03-21-12-45-00,9,4,5
2017-03-21-13-00-00,19,12,7
2017-03-21-13-15-00,16,9,7
2017-03-21-13-30-00,11,7,4
2017-03-21-13-45-00,9,5,4
2017-03-21-14-00-00,5,2,3
2017-03-21-14-15-00,13,6,7
2017-03-21-14-30-00,15,10,5
2017-03-21-14-45-00,7,3,4
2017-03-21-15-00-00,13,9,4
2017-03-21-15-15-00,21,12,9
2017-03-21-15-30-00,14,12,2
2017-03-21-15-45-00,30,18,12
2017-03-21-16-00-00,19,14,5
2017-03-21-16-15-00,31,18,13
2017-03-21-16-30-00,35,23,12
2017-03-21-16-45-00,49,33,16
2017-03-21-17-00-00,39,28,11
2017-03-21-17-15-00,47,37,10
2017-03-21-17-30-00,44,28,16
2017-03-21-17-45-00,36,28,8
2017-03-21-18-00-00,35,21,14
2017-03-21-18-15-00,34,20,14
2017-03-21-18-30-00,21,17,4
2017-03-21-18-45-00,28,10,18
2017-03-21-19-00-00,20,9,11
2017-03-21-19-15-00,17,8,9
2017-03-21-19-30-00,18,9,9
2017-03-21-19-45-00,17,10,7
2017-03-21-20-00-00,6,4,2
2017-03-21-20-15-00,8,4,4
2017-03-21-20-30-00,5,2,3
2017-03-21-20-45-00,6,5,1
2017-03-21-21-00-00,3,0,3
2017-03-21-21-15-00,3,2,1
2017-03-21-21-30-00,8,5,3
2017-03-21-21-45-00,1,1,0
2017-03-21-22-00-00,1,0,1
2017-03-21-22-15-00,0,0,0
2017-03-21-22-30-00,5,2,3
2017-03-21-22-45-00,3,1,2
2017-03-21-23-00-00,1,0,1
2017-03-21-23-15-00,0,0,0
2017-03-21-23-30-00,0,0,0
2017-03-21-23-45-00,2,1,1
2017-03-22-00-00-00,0,0,0
2017-03-22-00-15-00,0,0,0
2017-03-22-00-30-00,0,0,0
2017-03-22-00-45-00,0,0,0
2017-03-22-01-00-00,0,0,0
2017-03-22-01-15-00,0,0,0
2017-03-22-01-30-00,0,0,0
2017-03-22-01-45-00,0,0,0
2017-03-22-02-00-00,0,0,0
2017-03-22-02-15-00,0,0,0
2017-03-22-02-30-00,0,0,0
2017-03-22-02-45-00,0,0,0
2017-03-22-03-00-00,0,0,0
2017-03-22-03-15-00,0,0,0
2017-03-22-03-30-00,0,0,0
2017-03-22-03-45-00,0,0,0
2017-03-22-04-00-00,0,0,0
2017-03-22-04-15-00,0,0,0
2017-03-22-04-30-00,0,0,0
2017-03-22-04-45-00,0,0,0
2017-03-22-05-00-00,0,0,0
2017-03-22-05-15-00,0,0,0
2017-03-22-05-30-00,1,0,1
2017-03-22-05-45-00,5,2,3
2017-03-22-06-00-00,4,3,1
2017-03-22-06-15-00,9,3,6
2017-03-22-06-30-00,3,1,2
2017-03-22-06-45-00,18,11,7
2017-03-22-07-00-00,19,7,12
2017-03-22-07-15-00,31,10,21
2017-03-22-07-30-00,53,22,31
2017-03-22-07-45-00,51,9,42
2017-03-22-08-00-00,44,7,37
2017-03-22-08-15-00,45,10,35
2017-03-22-08-30-00,38,11,27
2017-03-22-08-45-00,48,2,46
2017-03-22-09-00-00,28,5,23
2017-03-22-09-15-00,21,3,18
2017-03-22-09-30-00,22,8,14
2017-03-22-09-45-00,15,7,8
2017-03-22-10-00-00,15,6,9
2017-03-22-10-15-00,12,6,6
2017-03-22-10-30-00,19,14,5
2017-03-22-10-45-00,14,9,5
2017-03-22-11-00-00,21,15,6
2017-03-22-11-15-00,30,17,13
2017-03-22-11-30-00,12,6,6
2017-03-22-11-45-00,14,3,11
2017-03-22-12-00-00,11,7,4
2017-03-22-12-15-00,18,11,7
2017-03-22-12-30-00,12,8,4
2017-03-22-12-45-00,23,13,10
2017-03-22-13-00-00,17,8,9
2017-03-22-13-15-00,22,12,10
2017-03-22-13-30-00,16,6,10
2017-03-22-13-45-00,26,9,17
2017-03-22-14-00-00,17,8,9
2017-03-22-14-15-00,22,13,9
2017-03-22-14-30-00,22,14,8
2017-03-22-14-45-00,19,8,11
2017-03-22-15-00-00,22,12,10
2017-03-22-15-15-00,13,9,4
2017-03-22-15-30-00,20,9,11
2017-03-22-15-45-00,24,11,13
2017-03-22-16-00-00,30,17,13
2017-03-22-16-15-00,35,26,9
2017-03-22-16-30-00,45,35,10
2017-03-22-16-45-00,49,38,11
2017-03-22-17-00-00,43,26,17
2017-03-22-17-15-00,50,38,12
2017-03-22-17-30-00,49,33,16
2017-03-22-17-45-00,42,27,15
2017-03-22-18-00-00,30,24,6
2017-03-22-18-15-00,46,34,12
2017-03-22-18-30-00,38,23,15
2017-03-22-18-45-00,20,16,4
2017-03-22-19-00-00,19,12,7
2017-03-22-19-15-00,18,14,4
2017-03-22-19-30-00,14,9,5
2017-03-22-19-45-00,3,1,2
2017-03-22-20-00-00,9,4,5
2017-03-22-20-15-00,3,1,2
2017-03-22-20-30-00,7,4,3
2017-03-22-20-45-00,13,10,3
2017-03-22-21-00-00,4,3,1
2017-03-22-21-15-00,0,0,0
2017-03-22-21-30-00,2,0,2
2017-03-22-21-45-00,1,0,1
2017-03-22-22-00-00,1,0,1
2017-03-22-22-15-00,4,3,1
2017-03-22-22-30-00,1,0,1
2017-03-22-22-45-00,4,2,2
2017-03-22-23-00-00,4,1,3
2017-03-22-23-15-00,0,0,0
2017-03-22-23-30-00,0,0,0
2017-03-22-23-45-00,0,0,0
2017-03-23-00-00-00,0,0,0
2017-03-23-00-15-00,0,0,0
2017-03-23-00-30-00,0,0,0
2017-03-23-00-45-00,1,1,0
2017-03-23-01-00-00,0,0,0
2017-03-23-01-15-00,0,0,0
2017-03-23-01-30-00,0,0,0
2017-03-23-01-45-00,0,0,0
2017-03-23-02-00-00,0,0,0
2017-03-23-02-15-00,0,0,0
2017-03-23-02-30-00,0,0,0
2017-03-23-02-45-00,0,0,0
2017-03-23-03-00-00,0,0,0
2017-03-23-03-15-00,0,0,0
2017-03-23-03-30-00,0,0,0
2017-03-23-03-45-00,0,0,0
2017-03-23-04-00-00,0,0,0
2017-03-23-04-15-00,0,0,0
2017-03-23-04-30-00,0,0,0
2017-03-23-04-45-00,0,0,0
2017-03-23-05-00-00,0,0,0
2017-03-23-05-15-00,0,0,0
2017-03-23-05-30-00,3,0,3
2017-03-23-05-45-00,2,1,1
2017-03-23-06-00-00,4,1,3
2017-03-23-06-15-00,8,4,4
2017-03-23-06-30-00,10,2,8
2017-03-23-06-45-00,18,10,8
2017-03-23-07-00-00,23,10,13
2017-03-23-07-15-00,29,9,20
2017-03-23-07-30-00,50,18,32
2017-03-23-07-45-00,49,8,41
2017-03-23-08-00-00,47,10,37
2017-03-23-08-15-00,42,7,35
2017-03-23-08-30-00,56,13,43
2017-03-23-08-45-00,40,5,35
2017-03-23-09-00-00,21,5,16
2017-03-23-09-15-00,22,6,16
2017-03-23-09-30-00,27,10,17
2017-03-23-09-45-00,21,8,13
2017-03-23-10-00-00,12,4,8
2017-03-23-10-15-00,9,0,9
2017-03-23-10-30-00,15,3,12
2017-03-23-10-45-00,16,10,6
2017-03-23-11-00-00,18,9,9
2017-03-23-11-15-00,21,13,8
2017-03-23-11-30-00,26,12,14
2017-03-23-11-45-00,19,8,11
2017-03-23-12-00-00,20,7,13
2017-03-23-12-15-00,25,15,10
2017-03-23-12-30-00,27,12,15
2017-03-23-12-45-00,26,16,10
2017-03-23-13-00-00,42,23,19
2017-03-23-13-15-00,31,13,18
2017-03-23-13-30-00,36,19,17
2017-03-23-13-45-00,29,15,14
2017-03-23-14-00-00,40,15,25
2017-03-23-14-15-00,55,39,16
2017-03-23-14-30-00,44,31,13
2017-03-23-14-45-00,55,31,24
2017-03-23-15-00-00,42,27,15
2017-03-23-15-15-00,39,19,20
2017-03-23-15-30-00,63,38,25
2017-03-23-15-45-00,61,29,32
2017-03-23-16-00-00,65,39,26
2017-03-23-16-15-00,74,44,30
2017-03-23-16-30-00,104,62,42
2017-03-23-16-45-00,103,46,57
2017-03-23-17-00-00,74,42,32
2017-03-23-17-15-00,78,51,27
2017-03-23-17-30-00,68,36,32
2017-03-23-17-45-00,37,24,13
2017-03-23-18-00-00,35,23,12
2017-03-23-18-15-00,48,33,15
2017-03-23-18-30-00,68,51,17
2017-03-23-18-45-00,52,37,15
2017-03-23-19-00-00,55,45,10
2017-03-23-19-15-00,39,31,8
2017-03-23-19-30-00,16,13,3
2017-03-23-19-45-00,11,7,4
2017-03-23-20-00-00,7,2,5
2017-03-23-20-15-00,8,5,3
2017-03-23-20-30-00,3,2,1
2017-03-23-20-45-00,3,3,0
2017-03-23-21-00-00,2,1,1
2017-03-23-21-15-00,3,1,2
2017-03-23-21-30-00,4,3,1
2017-03-23-21-45-00,4,3,1
2017-03-23-22-00-00,4,2,2
2017-03-23-22-15-00,5,3,2
2017-03-23-22-30-00,3,1,2
2017-03-23-22-45-00,4,4,0
2017-03-23-23-00-00,0,0,0
2017-03-23-23-15-00,0,0,0
2017-03-23-23-30-00,0,0,0
2017-03-23-23-45-00,0,0,0
2017-03-24-00-00-00,0,0,0
2017-03-24-00-15-00,0,0,0
2017-03-24-00-30-00,2,0,2
2017-03-24-00-45-00,0,0,0
2017-03-24-01-00-00,0,0,0
2017-03-24-01-15-00,0,0,0
2017-03-24-01-30-00,0,0,0
2017-03-24-01-45-00,0,0,0
2017-03-24-02-00-00,0,0,0
2017-03-24-02-15-00,0,0,0
2017-03-24-02-30-00,0,0,0
2017-03-24-02-45-00,0,0,0
2017-03-24-03-00-00,0,0,0
2017-03-24-03-15-00,0,0,0
2017-03-24-03-30-00,0,0,0
2017-03-24-03-45-00,0,0,0
2017-03-24-04-00-00,0,0,0
2017-03-24-04-15-00,0,0,0
2017-03-24-04-30-00,0,0,0
2017-03-24-04-45-00,0,0,0
2017-03-24-05-00-00,0,0,0
2017-03-24-05-15-00,0,0,0
2017-03-24-05-30-00,1,0,1
2017-03-24-05-45-00,5,2,3
2017-03-24-06-00-00,6,2,4
2017-03-24-06-15-00,6,3,3
2017-03-24-06-30-00,8,4,4
2017-03-24-06-45-00,18,11,7
2017-03-24-07-00-00,21,8,13
2017-03-24-07-15-00,47,17,30
2017-03-24-07-30-00,39,11,28
2017-03-24-07-45-00,60,18,42
2017-03-24-08-00-00,42,6,36
2017-03-24-08-15-00,43,13,30
2017-03-24-08-30-00,29,5,24
2017-03-24-08-45-00,27,1,26
2017-03-24-09-00-00,18,4,14
2017-03-24-09-15-00,20,5,15
2017-03-24-09-30-00,22,10,12
2017-03-24-09-45-00,12,5,7
2017-03-24-10-00-00,12,6,6
2017-03-24-10-15-00,16,6,10
2017-03-24-10-30-00,17,7,10
2017-03-24-10-45-00,18,12,6
2017-03-24-11-00-00,10,2,8
2017-03-24-11-15-00,25,13,12
2017-03-24-11-30-00,16,6,10
2017-03-24-11-45-00,30,10,20
2017-03-24-12-00-00,33,18,15
2017-03-24-12-15-00,40,18,22
2017-03-24-12-30-00,21,7,14
2017-03-24-12-45-00,46,25,21
2017-03-24-13-00-00,33,20,13
2017-03-24-13-15-00,38,19,19
2017-03-24-13-30-00,38,17,21
2017-03-24-13-45-00,33,17,16
2017-03-24-14-00-00,48,17,31
2017-03-24-14-15-00,53,25,28
2017-03-24-14-30-00,49,30,19
2017-03-24-14-45-00,36,21,15
2017-03-24-15-00-00,54,32,22
2017-03-24-15-15-00,59,30,29
2017-03-24-15-30-00,62,43,19
2017-03-24-15-45-00,54,35,19
2017-03-24-16-00-00,60,37,23
2017-03-24-16-15-00,86,54,32
2017-03-24-16-30-00,69,36,33
2017-03-24-16-45-00,74,47,27
2017-03-24-17-00-00,73,49,24
2017-03-24-17-15-00,77,44,33
2017-03-24-17-30-00,73,49,24
2017-03-24-17-45-00,70,42,28
2017-03-24-18-00-00,68,33,35
2017-03-24-18-15-00,41,26,15
2017-03-24-18-30-00,29,17,12
2017-03-24-18-45-00,35,19,16
2017-03-24-19-00-00,21,11,10
2017-03-24-19-15-00,41,18,23
2017-03-24-19-30-00,14,6,8
2017-03-24-19-45-00,8,3,5
2017-03-24-20-00-00,7,4,3
2017-03-24-20-15-00,6,4,2
2017-03-24-20-30-00,6,3,3
2017-03-24-20-45-00,3,2,1
2017-03-24-21-00-00,5,2,3
2017-03-24-21-15-00,5,0,5
2017-03-24-21-30-00,1,0,1
2017-03-24-21-45-00,2,2,0
2017-03-24-22-00-00,1,1,0
2017-03-24-22-15-00,1,1,0
2017-03-24-22-30-00,4,2,2
2017-03-24-22-45-00,2,1,1
2017-03-24-23-00-00,3,2,1
2017-03-24-23-15-00,1,1,0
2017-03-24-23-30-00,13,12,1
2017-03-24-23-45-00,4,2,2
2017-03-25-00-00-00,0,0,0
2017-03-25-00-15-00,0,0,0
2017-03-25-00-30-00,0,0,0
2017-03-25-00-45-00,1,0,1
2017-03-25-01-00-00,0,0,0
2017-03-25-01-15-00,2,2,0
2017-03-25-01-30-00,0,0,0
2017-03-25-01-45-00,0,0,0
2017-03-25-02-00-00,0,0,0
2017-03-25-02-15-00,0,0,0
2017-03-25-02-30-00,0,0,0
2017-03-25-02-45-00,1,0,1
2017-03-25-03-00-00,1,0,1
2017-03-25-03-15-00,0,0,0
2017-03-25-03-30-00,0,0,0
2017-03-25-03-45-00,0,0,0
2017-03-25-04-00-00,0,0,0
2017-03-25-04-15-00,0,0,0
2017-03-25-04-30-00,0,0,0
2017-03-25-04-45-00,0,0,0
2017-03-25-05-00-00,0,0,0
2017-03-25-05-15-00,0,0,0
2017-03-25-05-30-00,0,0,0
2017-03-25-05-45-00,0,0,0
2017-03-25-06-00-00,0,0,0
2017-03-25-06-15-00,1,0,1
2017-03-25-06-30-00,0,0,0
2017-03-25-06-45-00,0,0,0
2017-03-25-07-00-00,3,2,1
2017-03-25-07-15-00,3,0,3
2017-03-25-07-30-00,1,1,0
2017-03-25-07-45-00,7,0,7
2017-03-25-08-00-00,3,2,1
2017-03-25-08-15-00,8,3,5
2017-03-25-08-30-00,9,4,5
2017-03-25-08-45-00,8,3,5
2017-03-25-09-00-00,14,7,7
2017-03-25-09-15-00,27,12,15
2017-03-25-09-30-00,17,3,14
2017-03-25-09-45-00,30,19,11
2017-03-25-10-00-00,33,13,20
2017-03-25-10-15-00,27,12,15
2017-03-25-10-30-00,25,15,10
2017-03-25-10-45-00,49,21,28
2017-03-25-11-00-00,49,22,27
2017-03-25-11-15-00,55,25,30
2017-03-25-11-30-00,68,43,25
2017-03-25-11-45-00,57,25,32
2017-03-25-12-00-00,71,32,39
2017-03-25-12-15-00,90,23,67
2017-03-25-12-30-00,55,26,29
2017-03-25-12-45-00,79,26,53
2017-03-25-13-00-00,79,42,37
2017-03-25-13-15-00,78,28,50
2017-03-25-13-30-00,92,42,50
2017-03-25-13-45-00,85,46,39
2017-03-25-14-00-00,115,60,55
2017-03-25-14-15-00,121,63,58
2017-03-25-14-30-00,142,80,62
2017-03-25-14-45-00,91,58,33
2017-03-25-15-00-00,106,56,50
2017-03-25-15-15-00,130,82,48
2017-03-25-15-30-00,123,57,66
2017-03-25-15-45-00,106,48,58
2017-03-25-16-00-00,144,73,71
2017-03-25-16-15-00,108,58,50
2017-03-25-16-30-00,129,71,58
2017-03-25-16-45-00,102,59,43
2017-03-25-17-00-00,70,36,34
2017-03-25-17-15-00,83,59,24
2017-03-25-17-30-00,122,57,65
2017-03-25-17-45-00,88,42,46
2017-03-25-18-00-00,81,40,41
2017-03-25-18-15-00,67,39,28
2017-03-25-18-30-00,79,44,35
2017-03-25-18-45-00,62,23,39
2017-03-25-19-00-00,35,17,18
2017-03-25-19-15-00,23,6,17
2017-03-25-19-30-00,29,16,13
2017-03-25-19-45-00,16,5,11
2017-03-25-20-00-00,7,6,1
2017-03-25-20-15-00,5,0,5
2017-03-25-20-30-00,6,2,4
2017-03-25-20-45-00,9,3,6
2017-03-25-21-00-00,3,1,2
2017-03-25-21-15-00,0,0,0
2017-03-25-21-30-00,1,0,1
2017-03-25-21-45-00,9,3,6
2017-03-25-22-00-00,1,0,1
2017-03-25-22-15-00,2,1,1
2017-03-25-22-30-00,1,0,1
2017-03-25-22-45-00,1,1,0
2017-03-25-23-00-00,5,4,1
2017-03-25-23-15-00,4,1,3
2017-03-25-23-30-00,7,7,0
2017-03-25-23-45-00,41,39,2
2017-03-26-00-00-00,18,18,0
2017-03-26-00-15-00,4,4,0
2017-03-26-00-30-00,2,2,0
2017-03-26-00-45-00,0,0,0
2017-03-26-01-00-00,0,0,0
2017-03-26-01-15-00,0,0,0
2017-03-26-01-30-00,6,0,6
2017-03-26-01-45-00,0,0,0
2017-03-26-03-00-00,1,1,0
2017-03-26-03-15-00,1,1,0
2017-03-26-03-30-00,4,1,3
2017-03-26-03-45-00,1,1,0
2017-03-26-04-00-00,0,0,0
2017-03-26-04-15-00,0,0,0
2017-03-26-04-30-00,2,0,2
2017-03-26-04-45-00,0,0,0
2017-03-26-05-00-00,0,0,0
2017-03-26-05-15-00,0,0,0
2017-03-26-05-30-00,1,1,0
2017-03-26-05-45-00,0,0,0
2017-03-26-06-00-00,0,0,0
2017-03-26-06-15-00,0,0,0
2017-03-26-06-30-00,1,0,1
2017-03-26-06-45-00,0,0,0
2017-03-26-07-00-00,1,1,0
2017-03-26-07-15-00,1,0,1
2017-03-26-07-30-00,2,2,0
2017-03-26-07-45-00,2,1,1
2017-03-26-08-00-00,2,0,2
2017-03-26-08-15-00,2,1,1
2017-03-26-08-30-00,4,3,1
2017-03-26-08-45-00,8,1,7
2017-03-26-09-00-00,13,4,9
2017-03-26-09-15-00,8,1,7
2017-03-26-09-30-00,23,10,13
2017-03-26-09-45-00,22,12,10
2017-03-26-10-00-00,26,10,16
2017-03-26-10-15-00,22,14,8
2017-03-26-10-30-00,28,13,15
2017-03-26-10-45-00,33,16,17
2017-03-26-11-00-00,55,35,20
2017-03-26-11-15-00,40,16,24
2017-03-26-11-30-00,65,27,38
2017-03-26-11-45-00,69,26,43
2017-03-26-12-00-00,78,53,25
2017-03-26-12-15-00,85,35,50
2017-03-26-12-30-00,104,60,44
2017-03-26-12-45-00,98,47,51
2017-03-26-13-00-00,122,52,70
2017-03-26-13-15-00,116,58,58
2017-03-26-13-30-00,142,81,61
2017-03-26-13-45-00,148,86,62
2017-03-26-14-00-00,141,69,72
2017-03-26-14-15-00,185,78,107
2017-03-26-14-30-00,167,75,92
2017-03-26-14-45-00,170,105,65
2017-03-26-15-00-00,160,74,86
2017-03-26-15-15-00,168,93,75
2017-03-26-15-30-00,181,68,113
2017-03-26-15-45-00,186,105,81
2017-03-26-16-00-00,165,68,97
2017-03-26-16-15-00,157,76,81
2017-03-26-16-30-00,178,119,59
2017-03-26-16-45-00,148,81,67
2017-03-26-17-00-00,125,75,50
2017-03-26-17-15-00,121,77,44
2017-03-26-17-30-00,133,68,65
2017-03-26-17-45-00,105,62,43
2017-03-26-18-00-00,95,60,35
2017-03-26-18-15-00,105,52,53
2017-03-26-18-30-00,79,58,21
2017-03-26-18-45-00,86,34,52
2017-03-26-19-00-00,63,49,14
2017-03-26-19-15-00,31,19,12
2017-03-26-19-30-00,35,14,21
2017-03-26-19-45-00,38,27,11
2017-03-26-20-00-00,31,19,12
2017-03-26-20-15-00,17,11,6
2017-03-26-20-30-00,11,8,3
2017-03-26-20-45-00,9,6,3
2017-03-26-21-00-00,4,2,2
2017-03-26-21-15-00,3,2,1
2017-03-26-21-30-00,2,1,1
2017-03-26-21-45-00,2,1,1
2017-03-26-22-00-00,0,0,0
2017-03-26-22-15-00,2,1,1
2017-03-26-22-30-00,3,2,1
2017-03-26-22-45-00,2,0,2
2017-03-26-23-00-00,2,2,0
2017-03-26-23-15-00,0,0,0
2017-03-26-23-30-00,0,0,0
2017-03-26-23-45-00,0,0,0
2017-03-27-00-00-00,1,0,1
2017-03-27-00-15-00,0,0,0
2017-03-27-00-30-00,0,0,0
2017-03-27-00-45-00,0,0,0
2017-03-27-01-00-00,0,0,0
2017-03-27-01-15-00,0,0,0
2017-03-27-01-30-00,0,0,0
2017-03-27-01-45-00,0,0,0
2017-03-27-02-00-00,0,0,0
2017-03-27-02-15-00,0,0,0
2017-03-27-02-30-00,0,0,0
2017-03-27-02-45-00,0,0,0
2017-03-27-03-00-00,0,0,0
2017-03-27-03-15-00,0,0,0
2017-03-27-03-30-00,0,0,0
2017-03-27-03-45-00,1,0,1
2017-03-27-04-00-00,0,0,0
2017-03-27-04-15-00,0,0,0
2017-03-27-04-30-00,1,1,0
2017-03-27-04-45-00,0,0,0
2017-03-27-05-00-00,0,0,0
2017-03-27-05-15-00,1,0,1
2017-03-27-05-30-00,0,0,0
2017-03-27-05-45-00,3,0,3
2017-03-27-06-00-00,0,0,0
2017-03-27-06-15-00,8,4,4
2017-03-27-06-30-00,10,2,8
2017-03-27-06-45-00,16,8,8
2017-03-27-07-00-00,21,9,12
2017-03-27-07-15-00,41,11,30
2017-03-27-07-30-00,39,20,19
2017-03-27-07-45-00,60,19,41
2017-03-27-08-00-00,42,12,30
2017-03-27-08-15-00,56,18,38
2017-03-27-08-30-00,49,10,39
2017-03-27-08-45-00,58,8,50
2017-03-27-09-00-00,35,6,29
2017-03-27-09-15-00,17,3,14
2017-03-27-09-30-00,17,3,14
2017-03-27-09-45-00,17,8,9
2017-03-27-10-00-00,19,9,10
2017-03-27-10-15-00,21,9,12
2017-03-27-10-30-00,29,18,11
2017-03-27-10-45-00,12,4,8
2017-03-27-11-00-00,20,8,12
2017-03-27-11-15-00,29,14,15
2017-03-27-11-30-00,31,11,20
2017-03-27-11-45-00,28,14,14
2017-03-27-12-00-00,32,14,18
2017-03-27-12-15-00,25,18,7
2017-03-27-12-30-00,39,18,21
2017-03-27-12-45-00,36,12,24
2017-03-27-13-00-00,44,24,20
2017-03-27-13-15-00,45,12,33
2017-03-27-13-30-00,37,15,22
2017-03-27-13-45-00,41,21,20
2017-03-27-14-00-00,49,22,27
2017-03-27-14-15-00,52,21,31
2017-03-27-14-30-00,50,26,24
2017-03-27-14-45-00,66,31,35
2017-03-27-15-00-00,55,31,24
2017-03-27-15-15-00,54,33,21
2017-03-27-15-30-00,58,31,27
2017-03-27-15-45-00,71,41,30
2017-03-27-16-00-00,83,48,35
2017-03-27-16-15-00,72,47,25
2017-03-27-16-30-00,71,46,25
2017-03-27-16-45-00,77,50,27
2017-03-27-17-00-00,96,65,31
2017-03-27-17-15-00,115,74,41
2017-03-27-17-30-00,107,81,26
2017-03-27-17-45-00,93,51,42
2017-03-27-18-00-00,80,54,26
2017-03-27-18-15-00,72,46,26
2017-03-27-18-30-00,96,50,46
2017-03-27-18-45-00,65,38,27
2017-03-27-19-00-00,73,42,31
2017-03-27-19-15-00,66,47,19
2017-03-27-19-30-00,38,28,10
2017-03-27-19-45-00,36,21,15
2017-03-27-20-00-00,25,12,13
2017-03-27-20-15-00,19,11,8
2017-03-27-20-30-00,11,10,1
2017-03-27-20-45-00,8,2,6
2017-03-27-21-00-00,9,7,2
2017-03-27-21-15-00,3,0,3
2017-03-27-21-30-00,12,5,7
2017-03-27-21-45-00,2,1,1
2017-03-27-22-00-00,0,0,0
2017-03-27-22-15-00,3,1,2
2017-03-27-22-30-00,3,3,0
2017-03-27-22-45-00,4,3,1
2017-03-27-23-00-00,0,0,0
2017-03-27-23-15-00,0,0,0
2017-03-27-23-30-00,0,0,0
2017-03-27-23-45-00,0,0,0
2017-03-28-00-00-00,0,0,0
2017-03-28-00-15-00,0,0,0
2017-03-28-00-30-00,1,1,0
2017-03-28-00-45-00,0,0,0
2017-03-28-01-00-00,0,0,0
2017-03-28-01-15-00,0,0,0
2017-03-28-01-30-00,0,0,0
2017-03-28-01-45-00,0,0,0
2017-03-28-02-00-00,0,0,0
2017-03-28-02-15-00,0,0,0
2017-03-28-02-30-00,1,0,1
2017-03-28-02-45-00,0,0,0
2017-03-28-03-00-00,0,0,0
2017-03-28-03-15-00,0,0,0
2017-03-28-03-30-00,0,0,0
2017-03-28-03-45-00,0,0,0
2017-03-28-04-00-00,0,0,0
2017-03-28-04-15-00,0,0,0
2017-03-28-04-30-00,0,0,0
2017-03-28-04-45-00,0,0,0
2017-03-28-05-00-00,1,1,0
2017-03-28-05-15-00,1,0,1
2017-03-28-05-30-00,4,2,2
2017-03-28-05-45-00,2,0,2
2017-03-28-06-00-00,1,0,1
2017-03-28-06-15-00,8,3,5
2017-03-28-06-30-00,11,6,5
2017-03-28-06-45-00,18,9,9
2017-03-28-07-00-00,26,8,18
2017-03-28-07-15-00,43,8,35
2017-03-28-07-30-00,51,23,28
2017-03-28-07-45-00,60,18,42
2017-03-28-08-00-00,60,9,51
2017-03-28-08-15-00,57,12,45
2017-03-28-08-30-00,48,9,39
2017-03-28-08-45-00,50,5,45
2017-03-28-09-00-00,44,10,34
2017-03-28-09-15-00,29,12,17
2017-03-28-09-30-00,16,5,11
2017-03-28-09-45-00,32,13,19
2017-03-28-10-00-00,17,3,14
2017-03-28-10-15-00,23,9,14
2017-03-28-10-30-00,12,9,3
2017-03-28-10-45-00,28,12,16
2017-03-28-11-00-00,20,10,10
2017-03-28-11-15-00,27,16,11
2017-03-28-11-30-00,23,8,15
2017-03-28-11-45-00,31,11,20
2017-03-28-12-00-00,37,17,20
2017-03-28-12-15-00,38,20,18
2017-03-28-12-30-00,41,18,23
2017-03-28-12-45-00,51,23,28
2017-03-28-13-00-00,48,21,27
2017-03-28-13-15-00,46,20,26
2017-03-28-13-30-00,57,29,28
2017-03-28-13-45-00,56,33,23
2017-03-28-14-00-00,64,37,27
2017-03-28-14-15-00,43,19,24
2017-03-28-14-30-00,62,27,35
2017-03-28-14-45-00,59,25,34
2017-03-28-15-00-00,55,35,20
2017-03-28-15-15-00,80,54,26
2017-03-28-15-30-00,65,38,27
2017-03-28-15-45-00,87,49,38
2017-03-28-16-00-00,96,67,29
2017-03-28-16-15-00,95,63,32
2017-03-28-16-30-00,101,55,46
2017-03-28-16-45-00,98,71,27
2017-03-28-17-00-00,111,71,40
2017-03-28-17-15-00,112,74,38
2017-03-28-17-30-00,82,45,37
2017-03-28-17-45-00,69,42,27
2017-03-28-18-00-00,72,44,28
2017-03-28-18-15-00,73,35,38
2017-03-28-18-30-00,79,44,35
2017-03-28-18-45-00,60,43,17
2017-03-28-19-00-00,59,35,24
2017-03-28-19-15-00,59,29,30
2017-03-28-19-30-00,53,35,18
2017-03-28-19-45-00,26,15,11
2017-03-28-20-00-00,39,26,13
2017-03-28-20-15-00,29,20,9
2017-03-28-20-30-00,10,3,7
2017-03-28-20-45-00,8,3,5
2017-03-28-21-00-00,15,9,6
2017-03-28-21-15-00,6,2,4
2017-03-28-21-30-00,9,1,8
2017-03-28-21-45-00,5,3,2
2017-03-28-22-00-00,2,1,1
2017-03-28-22-15-00,2,1,1
2017-03-28-22-30-00,1,0,1
2017-03-28-22-45-00,0,0,0
2017-03-28-23-00-00,1,1,0
2017-03-28-23-15-00,0,0,0
2017-03-28-23-30-00,1,0,1
2017-03-28-23-45-00,0,0,0
2017-03-29-00-00-00,0,0,0
2017-03-29-00-15-00,0,0,0
2017-03-29-00-30-00,0,0,0
2017-03-29-00-45-00,0,0,0
2017-03-29-01-00-00,1,1,0
2017-03-29-01-15-00,0,0,0
2017-03-29-01-30-00,0,0,0
2017-03-29-01-45-00,0,0,0
2017-03-29-02-00-00,0,0,0
2017-03-29-02-15-00,0,0,0
2017-03-29-02-30-00,0,0,0
2017-03-29-02-45-00,0,0,0
2017-03-29-03-00-00,0,0,0
2017-03-29-03-15-00,0,0,0
2017-03-29-03-30-00,0,0,0
2017-03-29-03-45-00,1,0,1
2017-03-29-04-00-00,0,0,0
2017-03-29-04-15-00,0,0,0
2017-03-29-04-30-00,0,0,0
2017-03-29-04-45-00,0,0,0
2017-03-29-05-00-00,0,0,0
2017-03-29-05-15-00,0,0,0
2017-03-29-05-30-00,0,0,0
2017-03-29-05-45-00,2,0,2
2017-03-29-06-00-00,1,0,1
2017-03-29-06-15-00,9,4,5
2017-03-29-06-30-00,9,3,6
2017-03-29-06-45-00,17,7,10
2017-03-29-07-00-00,25,9,16
2017-03-29-07-15-00,35,8,27
2017-03-29-07-30-00,41,16,25
2017-03-29-07-45-00,47,14,33
2017-03-29-08-00-00,56,10,46
2017-03-29-08-15-00,49,16,33
2017-03-29-08-30-00,67,15,52
2017-03-29-08-45-00,41,7,34
2017-03-29-09-00-00,31,12,19
2017-03-29-09-15-00,28,13,15
2017-03-29-09-30-00,23,5,18
2017-03-29-09-45-00,23,10,13
2017-03-29-10-00-00,17,5,12
2017-03-29-10-15-00,18,7,11
2017-03-29-10-30-00,17,8,9
2017-03-29-10-45-00,22,12,10
2017-03-29-11-00-00,23,15,8
2017-03-29-11-15-00,21,10,11
2017-03-29-11-30-00,16,10,6
2017-03-29-11-45-00,15,5,10
2017-03-29-12-00-00,22,6,16
2017-03-29-12-15-00,26,8,18
2017-03-29-12-30-00,16,10,6
2017-03-29-12-45-00,27,13,14
2017-03-29-13-00-00,14,7,7
2017-03-29-13-15-00,25,15,10
2017-03-29-13-30-00,26,13,13
2017-03-29-13-45-00,24,15,9
2017-03-29-14-00-00,17,10,7
2017-03-29-14-15-00,20,8,12
2017-03-29-14-30-00,20,10,10
2017-03-29-14-45-00,24,13,11
2017-03-29-15-00-00,16,12,4
2017-03-29-15-15-00,27,18,9
2017-03-29-15-30-00,36,18,18
2017-03-29-15-45-00,26,20,6
2017-03-29-16-00-00,34,17,17
2017-03-29-16-15-00,48,37,11
2017-03-29-16-30-00,48,29,19
2017-03-29-16-45-00,54,36,18
2017-03-29-17-00-00,40,33,7
2017-03-29-17-15-00,60,36,24
2017-03-29-17-30-00,59,40,19
2017-03-29-17-45-00,57,35,22
2017-03-29-18-00-00,46,31,15
2017-03-29-18-15-00,39,31,8
2017-03-29-18-30-00,35,26,9
2017-03-29-18-45-00,38,24,14
2017-03-29-19-00-00,29,20,9
2017-03-29-19-15-00,26,15,11
2017-03-29-19-30-00,24,17,7
2017-03-29-19-45-00,16,10,6
2017-03-29-20-00-00,8,4,4
2017-03-29-20-15-00,8,6,2
2017-03-29-20-30-00,5,3,2
2017-03-29-20-45-00,10,6,4
2017-03-29-21-00-00,6,4,2
2017-03-29-21-15-00,4,3,1
2017-03-29-21-30-00,9,4,5
2017-03-29-21-45-00,5,2,3
2017-03-29-22-00-00,2,1,1
2017-03-29-22-15-00,4,1,3
2017-03-29-22-30-00,5,1,4
2017-03-29-22-45-00,1,0,1
2017-03-29-23-00-00,0,0,0
2017-03-29-23-15-00,0,0,0
2017-03-29-23-30-00,0,0,0
2017-03-29-23-45-00,1,1,0
2017-03-30-00-00-00,1,0,1
2017-03-30-00-15-00,1,1,0
2017-03-30-00-30-00,0,0,0
2017-03-30-00-45-00,0,0,0
2017-03-30-01-00-00,0,0,0
2017-03-30-01-15-00,0,0,0
2017-03-30-01-30-00,0,0,0
2017-03-30-01-45-00,0,0,0
2017-03-30-02-00-00,0,0,0
2017-03-30-02-15-00,2,2,0
2017-03-30-02-30-00,0,0,0
2017-03-30-02-45-00,0,0,0
2017-03-30-03-00-00,0,0,0
2017-03-30-03-15-00,0,0,0
2017-03-30-03-30-00,0,0,0
2017-03-30-03-45-00,0,0,0
2017-03-30-04-00-00,0,0,0
2017-03-30-04-15-00,0,0,0
2017-03-30-04-30-00,0,0,0
2017-03-30-04-45-00,0,0,0
2017-03-30-05-00-00,0,0,0
2017-03-30-05-15-00,0,0,0
2017-03-30-05-30-00,2,2,0
2017-03-30-05-45-00,3,1,2
2017-03-30-06-00-00,0,0,0
2017-03-30-06-15-00,8,5,3
2017-03-30-06-30-00,12,2,10
2017-03-30-06-45-00,16,11,5
2017-03-30-07-00-00,26,7,19
2017-03-30-07-15-00,35,10,25
2017-03-30-07-30-00,54,19,35
2017-03-30-07-45-00,56,14,42
2017-03-30-08-00-00,50,14,36
2017-03-30-08-15-00,62,15,47
2017-03-30-08-30-00,63,18,45
2017-03-30-08-45-00,34,7,27
2017-03-30-09-00-00,40,6,34
2017-03-30-09-15-00,16,1,15
2017-03-30-09-30-00,27,6,21
2017-03-30-09-45-00,26,13,13
2017-03-30-10-00-00,22,15,7
2017-03-30-10-15-00,23,10,13
2017-03-30-10-30-00,14,7,7
2017-03-30-10-45-00,25,9,16
2017-03-30-11-00-00,19,11,8
2017-03-30-11-15-00,22,14,8
2017-03-30-11-30-00,23,12,11
2017-03-30-11-45-00,19,8,11
2017-03-30-12-00-00,21,11,10
2017-03-30-12-15-00,17,6,11
2017-03-30-12-30-00,48,26,22
2017-03-30-12-45-00,31,15,16
2017-03-30-13-00-00,38,23,15
2017-03-30-13-15-00,38,22,16
2017-03-30-13-30-00,26,13,13
2017-03-30-13-45-00,42,26,16
2017-03-30-14-00-00,47,21,26
2017-03-30-14-15-00,61,32,29
2017-03-30-14-30-00,45,21,24
2017-03-30-14-45-00,41,22,19
2017-03-30-15-00-00,54,34,20
2017-03-30-15-15-00,39,22,17
2017-03-30-15-30-00,52,38,14
2017-03-30-15-45-00,55,37,18
2017-03-30-16-00-00,52,33,19
2017-03-30-16-15-00,73,41,32
2017-03-30-16-30-00,76,41,35
2017-03-30-16-45-00,62,32,30
2017-03-30-17-00-00,66,41,25
2017-03-30-17-15-00,105,74,31
2017-03-30-17-30-00,104,69,35
2017-03-30-17-45-00,93,57,36
2017-03-30-18-00-00,88,54,34
2017-03-30-18-15-00,101,56,45
2017-03-30-18-30-00,75,45,30
2017-03-30-18-45-00,67,41,26
2017-03-30-19-00-00,60,29,31
2017-03-30-19-15-00,58,37,21
2017-03-30-19-30-00,44,31,13
2017-03-30-19-45-00,43,18,25
2017-03-30-20-00-00,34,21,13
2017-03-30-20-15-00,35,18,17
2017-03-30-20-30-00,15,7,8
2017-03-30-20-45-00,19,8,11
2017-03-30-21-00-00,11,7,4
2017-03-30-21-15-00,6,4,2
2017-03-30-21-30-00,11,3,8
2017-03-30-21-45-00,8,5,3
2017-03-30-22-00-00,7,4,3
2017-03-30-22-15-00,6,2,4
2017-03-30-22-30-00,3,0,3
2017-03-30-22-45-00,0,0,0
2017-03-30-23-00-00,3,0,3
2017-03-30-23-15-00,1,1,0
2017-03-30-23-30-00,2,1,1
2017-03-30-23-45-00,0,0,0
2017-03-31-00-00-00,1,0,1
2017-03-31-00-15-00,0,0,0
2017-03-31-00-30-00,1,1,0
2017-03-31-00-45-00,0,0,0
2017-03-31-01-00-00,1,1,0
2017-03-31-01-15-00,0,0,0
2017-03-31-01-30-00,0,0,0
2017-03-31-01-45-00,0,0,0
2017-03-31-02-00-00,0,0,0
2017-03-31-02-15-00,0,0,0
2017-03-31-02-30-00,0,0,0
2017-03-31-02-45-00,1,1,0
2017-03-31-03-00-00,0,0,0
2017-03-31-03-15-00,0,0,0
2017-03-31-03-30-00,0,0,0
2017-03-31-03-45-00,0,0,0
2017-03-31-04-00-00,0,0,0
2017-03-31-04-15-00,0,0,0
2017-03-31-04-30-00,0,0,0
2017-03-31-04-45-00,0,0,0
2017-03-31-05-00-00,0,0,0
2017-03-31-05-15-00,0,0,0
2017-03-31-05-30-00,0,0,0
2017-03-31-05-45-00,4,1,3
2017-03-31-06-00-00,1,1,0
2017-03-31-06-15-00,7,3,4
2017-03-31-06-30-00,10,5,5
2017-03-31-06-45-00,18,8,10
2017-03-31-07-00-00,21,9,12
2017-03-31-07-15-00,32,15,17
2017-03-31-07-30-00,49,16,33
2017-03-31-07-45-00,46,17,29
2017-03-31-08-00-00,52,11,41
2017-03-31-08-15-00,59,10,49
2017-03-31-08-30-00,50,14,36
2017-03-31-08-45-00,39,10,29
2017-03-31-09-00-00,29,5,24
2017-03-31-09-15-00,31,8,23
2017-03-31-09-30-00,15,9,6
2017-03-31-09-45-00,23,9,14
2017-03-31-10-00-00,17,8,9
2017-03-31-10-15-00,21,9,12
2017-03-31-10-30-00,25,6,19
2017-03-31-10-45-00,33,14,19
2017-03-31-11-00-00,27,18,9
2017-03-31-11-15-00,39,17,22
2017-03-31-11-30-00,37,15,22
2017-03-31-11-45-00,34,11,23
2017-03-31-12-00-00,42,13,29
2017-03-31-12-15-00,34,10,24
2017-03-31-12-30-00,38,24,14
2017-03-31-12-45-00,48,24,24
2017-03-31-13-00-00,59,33,26
2017-03-31-13-15-00,54,21,33
2017-03-31-13-30-00,58,23,35
2017-03-31-13-45-00,79,33,46
2017-03-31-14-00-00,48,24,24
2017-03-31-14-15-00,68,43,25
2017-03-31-14-30-00,83,44,39
2017-03-31-14-45-00,86,32,54
2017-03-31-15-00-00,75,28,47
2017-03-31-15-15-00,75,45,30
2017-03-31-15-30-00,112,67,45
2017-03-31-15-45-00,113,61,52
2017-03-31-16-00-00,97,51,46
2017-03-31-16-15-00,106,73,33
2017-03-31-16-30-00,95,52,43
2017-03-31-16-45-00,91,54,37
2017-03-31-17-00-00,75,46,29
2017-03-31-17-15-00,72,42,30
2017-03-31-17-30-00,85,52,33
2017-03-31-17-45-00,79,48,31
2017-03-31-18-00-00,75,55,20
2017-03-31-18-15-00,71,41,30
2017-03-31-18-30-00,64,29,35
2017-03-31-18-45-00,68,46,22
2017-03-31-19-00-00,62,33,29
2017-03-31-19-15-00,41,22,19
2017-03-31-19-30-00,33,19,14
2017-03-31-19-45-00,31,19,12
2017-03-31-20-00-00,41,25,16
2017-03-31-20-15-00,25,8,17
2017-03-31-20-30-00,16,9,7
2017-03-31-20-45-00,14,10,4
2017-03-31-21-00-00,9,6,3
2017-03-31-21-15-00,6,0,6
2017-03-31-21-30-00,9,5,4
2017-03-31-21-45-00,12,6,6
2017-03-31-22-00-00,5,0,5
2017-03-31-22-15-00,10,8,2
2017-03-31-22-30-00,8,4,4
2017-03-31-22-45-00,13,9,4
2017-03-31-23-00-00,4,4,0
2017-03-31-23-15-00,5,4,1
2017-03-31-23-30-00,12,10,2
2017-03-31-23-45-00,4,3,1
2017-04-01-00-00-00,0,0,0
2017-04-01-00-15-00,3,1,2
2017-04-01-00-30-00,6,4,2
2017-04-01-00-45-00,3,1,2
2017-04-01-01-00-00,0,0,0
2017-04-01-01-15-00,1,0,1
2017-04-01-01-30-00,2,2,0
2017-04-01-01-45-00,0,0,0
2017-04-01-02-00-00,3,0,3
2017-04-01-02-15-00,0,0,0
2017-04-01-02-30-00,0,0,0
2017-04-01-02-45-00,0,0,0
2017-04-01-03-00-00,0,0,0
2017-04-01-03-15-00,0,0,0
2017-04-01-03-30-00,0,0,0
2017-04-01-03-45-00,1,0,1
2017-04-01-04-00-00,0,0,0
2017-04-01-04-15-00,1,1,0
2017-04-01-04-30-00,0,0,0
2017-04-01-04-45-00,0,0,0
2017-04-01-05-00-00,0,0,0
2017-04-01-05-15-00,1,0,1
2017-04-01-05-30-00,0,0,0
2017-04-01-05-45-00,0,0,0
2017-04-01-06-00-00,1,0,1
2017-04-01-06-15-00,0,0,0
2017-04-01-06-30-00,1,0,1
2017-04-01-06-45-00,2,2,0
2017-04-01-07-00-00,2,1,1
2017-04-01-07-15-00,1,1,0
2017-04-01-07-30-00,4,3,1
2017-04-01-07-45-00,3,1,2
2017-04-01-08-00-00,6,4,2
2017-04-01-08-15-00,9,6,3
2017-04-01-08-30-00,10,3,7
2017-04-01-08-45-00,19,4,15
2017-04-01-09-00-00,13,5,8
2017-04-01-09-15-00,35,3,32
2017-04-01-09-30-00,50,12,38
2017-04-01-09-45-00,44,6,38
2017-04-01-10-00-00,17,9,8
2017-04-01-10-15-00,22,10,12
2017-04-01-10-30-00,14,10,4
2017-04-01-10-45-00,13,8,5
2017-04-01-11-00-00,33,16,17
2017-04-01-11-15-00,34,20,14
2017-04-01-11-30-00,35,25,10
2017-04-01-11-45-00,87,76,11
2017-04-01-12-00-00,79,56,23
2017-04-01-12-15-00,31,23,8
2017-04-01-12-30-00,32,13,19
2017-04-01-12-45-00,22,17,5
2017-04-01-13-00-00,26,14,12
2017-04-01-13-15-00,22,9,13
2017-04-01-13-30-00,42,20,22
2017-04-01-13-45-00,40,15,25
2017-04-01-14-00-00,37,22,15
2017-04-01-14-15-00,32,9,23
2017-04-01-14-30-00,46,19,27
2017-04-01-14-45-00,47,23,24
2017-04-01-15-00-00,42,22,20
2017-04-01-15-15-00,59,19,40
2017-04-01-15-30-00,62,34,28
2017-04-01-15-45-00,43,19,24
2017-04-01-16-00-00,50,26,24
2017-04-01-16-15-00,42,13,29
2017-04-01-16-30-00,52,32,20
2017-04-01-16-45-00,44,20,24
2017-04-01-17-00-00,55,31,24
2017-04-01-17-15-00,43,24,19
2017-04-01-17-30-00,30,21,9
2017-04-01-17-45-00,32,20,12
2017-04-01-18-00-00,40,26,14
2017-04-01-18-15-00,25,18,7
2017-04-01-18-30-00,28,15,13
2017-04-01-18-45-00,33,9,24
2017-04-01-19-00-00,29,18,11
2017-04-01-19-15-00,10,5,5
2017-04-01-19-30-00,14,4,10
2017-04-01-19-45-00,7,5,2
2017-04-01-20-00-00,10,7,3
2017-04-01-20-15-00,7,1,6
2017-04-01-20-30-00,5,3,2
2017-04-01-20-45-00,8,7,1
2017-04-01-21-00-00,0,0,0
2017-04-01-21-15-00,3,0,3
2017-04-01-21-30-00,4,3,1
2017-04-01-21-45-00,3,0,3
2017-04-01-22-00-00,5,0,5
2017-04-01-22-15-00,5,2,3
2017-04-01-22-30-00,4,1,3
2017-04-01-22-45-00,0,0,0
2017-04-01-23-00-00,0,0,0
2017-04-01-23-15-00,0,0,0
2017-04-01-23-30-00,4,1,3
2017-04-01-23-45-00,1,1,0
2017-04-02-00-00-00,2,1,1
2017-04-02-00-15-00,5,3,2
2017-04-02-00-30-00,1,1,0
2017-04-02-00-45-00,4,3,1
2017-04-02-01-00-00,0,0,0
2017-04-02-01-15-00,1,1,0
2017-04-02-01-30-00,1,1,0
2017-04-02-01-45-00,4,2,2
2017-04-02-02-00-00,0,0,0
2017-04-02-02-15-00,2,0,2
2017-04-02-02-30-00,0,0,0
2017-04-02-02-45-00,0,0,0
2017-04-02-03-00-00,0,0,0
2017-04-02-03-15-00,1,0,1
2017-04-02-03-30-00,0,0,0
2017-04-02-03-45-00,0,0,0
2017-04-02-04-00-00,0,0,0
2017-04-02-04-15-00,0,0,0
2017-04-02-04-30-00,0,0,0
2017-04-02-04-45-00,0,0,0
2017-04-02-05-00-00,0,0,0
2017-04-02-05-15-00,0,0,0
2017-04-02-05-30-00,0,0,0
2017-04-02-05-45-00,1,0,1
2017-04-02-06-00-00,0,0,0
2017-04-02-06-15-00,2,0,2
2017-04-02-06-30-00,1,0,1
2017-04-02-06-45-00,1,0,1
2017-04-02-07-00-00,2,2,0
2017-04-02-07-15-00,4,3,1
2017-04-02-07-30-00,7,5,2
2017-04-02-07-45-00,2,2,0
2017-04-02-08-00-00,3,0,3
2017-04-02-08-15-00,13,7,6
2017-04-02-08-30-00,12,4,8
2017-04-02-08-45-00,12,7,5
2017-04-02-09-00-00,21,11,10
2017-04-02-09-15-00,27,11,16
2017-04-02-09-30-00,35,16,19
2017-04-02-09-45-00,35,9,26
2017-04-02-10-00-00,55,16,39
2017-04-02-10-15-00,54,22,32
2017-04-02-10-30-00,50,23,27
2017-04-02-10-45-00,59,29,30
2017-04-02-11-00-00,117,52,65
2017-04-02-11-15-00,101,44,57
2017-04-02-11-30-00,72,25,47
2017-04-02-11-45-00,71,26,45
2017-04-02-12-00-00,72,34,38
2017-04-02-12-15-00,87,47,40
2017-04-02-12-30-00,118,58,60
2017-04-02-12-45-00,96,39,57
2017-04-02-13-00-00,96,43,53
2017-04-02-13-15-00,139,58,81
2017-04-02-13-30-00,127,57,70
2017-04-02-13-45-00,111,52,59
2017-04-02-14-00-00,142,66,76
2017-04-02-14-15-00,133,71,62
2017-04-02-14-30-00,112,59,53
2017-04-02-14-45-00,109,51,58
2017-04-02-15-00-00,135,63,72
2017-04-02-15-15-00,124,66,58
2017-04-02-15-30-00,97,45,52
2017-04-02-15-45-00,111,66,45
2017-04-02-16-00-00,115,71,44
2017-04-02-16-15-00,119,86,33
2017-04-02-16-30-00,95,49,46
2017-04-02-16-45-00,96,63,33
2017-04-02-17-00-00,82,55,27
2017-04-02-17-15-00,111,54,57
2017-04-02-17-30-00,102,62,40
2017-04-02-17-45-00,87,45,42
2017-04-02-18-00-00,87,46,41
2017-04-02-18-15-00,94,63,31
2017-04-02-18-30-00,62,28,34
2017-04-02-18-45-00,81,55,26
2017-04-02-19-00-00,31,15,16
2017-04-02-19-15-00,46,27,19
2017-04-02-19-30-00,35,21,14
2017-04-02-19-45-00,38,24,14
2017-04-02-20-00-00,15,7,8
2017-04-02-20-15-00,20,12,8
2017-04-02-20-30-00,16,6,10
2017-04-02-20-45-00,8,3,5
2017-04-02-21-00-00,5,4,1
2017-04-02-21-15-00,7,2,5
2017-04-02-21-30-00,1,1,0
2017-04-02-21-45-00,0,0,0
2017-04-02-22-00-00,5,3,2
2017-04-02-22-15-00,2,1,1
2017-04-02-22-30-00,5,5,0
2017-04-02-22-45-00,5,2,3
2017-04-02-23-00-00,0,0,0
2017-04-02-23-15-00,1,0,1
2017-04-02-23-30-00,1,0,1
2017-04-02-23-45-00,1,1,0
2017-04-03-00-00-00,0,0,0
2017-04-03-00-15-00,0,0,0
2017-04-03-00-30-00,2,2,0
2017-04-03-00-45-00,0,0,0
2017-04-03-01-00-00,0,0,0
2017-04-03-01-15-00,0,0,0
2017-04-03-01-30-00,0,0,0
2017-04-03-01-45-00,0,0,0
2017-04-03-02-00-00,0,0,0
2017-04-03-02-15-00,1,0,1
2017-04-03-02-30-00,0,0,0
2017-04-03-02-45-00,0,0,0
2017-04-03-03-00-00,1,1,0
2017-04-03-03-15-00,1,0,1
2017-04-03-03-30-00,0,0,0
2017-04-03-03-45-00,0,0,0
2017-04-03-04-00-00,0,0,0
2017-04-03-04-15-00,0,0,0
2017-04-03-04-30-00,0,0,0
2017-04-03-04-45-00,0,0,0
2017-04-03-05-00-00,1,0,1
2017-04-03-05-15-00,0,0,0
2017-04-03-05-30-00,1,0,1
2017-04-03-05-45-00,1,0,1
2017-04-03-06-00-00,1,1,0
2017-04-03-06-15-00,11,4,7
2017-04-03-06-30-00,12,4,8
2017-04-03-06-45-00,16,9,7
2017-04-03-07-00-00,11,2,9
2017-04-03-07-15-00,43,13,30
2017-04-03-07-30-00,67,31,36
2017-04-03-07-45-00,54,20,34
2017-04-03-08-00-00,56,12,44
2017-04-03-08-15-00,49,10,39
2017-04-03-08-30-00,53,11,42
2017-04-03-08-45-00,55,14,41
2017-04-03-09-00-00,23,5,18
2017-04-03-09-15-00,21,3,18
2017-04-03-09-30-00,19,4,15
2017-04-03-09-45-00,25,8,17
2017-04-03-10-00-00,14,5,9
2017-04-03-10-15-00,16,6,10
2017-04-03-10-30-00,17,6,11
2017-04-03-10-45-00,15,2,13
2017-04-03-11-00-00,15,4,11
2017-04-03-11-15-00,18,13,5
2017-04-03-11-30-00,10,6,4
2017-04-03-11-45-00,18,10,8
2017-04-03-12-00-00,10,7,3
2017-04-03-12-15-00,11,5,6
2017-04-03-12-30-00,9,0,9
2017-04-03-12-45-00,14,6,8
2017-04-03-13-00-00,28,18,10
2017-04-03-13-15-00,17,11,6
2017-04-03-13-30-00,18,10,8
2017-04-03-13-45-00,19,14,5
2017-04-03-14-00-00,32,20,12
2017-04-03-14-15-00,31,13,18
2017-04-03-14-30-00,26,13,13
2017-04-03-14-45-00,34,24,10
2017-04-03-15-00-00,39,25,14
2017-04-03-15-15-00,36,25,11
2017-04-03-15-30-00,27,15,12
2017-04-03-15-45-00,45,27,18
2017-04-03-16-00-00,44,28,16
2017-04-03-16-15-00,58,33,25
2017-04-03-16-30-00,57,38,19
2017-04-03-16-45-00,57,34,23
2017-04-03-17-00-00,80,52,28
2017-04-03-17-15-00,74,54,20
2017-04-03-17-30-00,72,52,20
2017-04-03-17-45-00,73,43,30
2017-04-03-18-00-00,58,39,19
2017-04-03-18-15-00,80,37,43
2017-04-03-18-30-00,67,33,34
2017-04-03-18-45-00,59,36,23
2017-04-03-19-00-00,49,36,13
2017-04-03-19-15-00,53,36,17
2017-04-03-19-30-00,39,28,11
2017-04-03-19-45-00,33,20,13
2017-04-03-20-00-00,27,15,12
2017-04-03-20-15-00,16,10,6
2017-04-03-20-30-00,20,7,13
2017-04-03-20-45-00,14,6,8
2017-04-03-21-00-00,9,9,0
2017-04-03-21-15-00,8,3,5
2017-04-03-21-30-00,3,1,2
2017-04-03-21-45-00,4,2,2
2017-04-03-22-00-00,2,2,0
2017-04-03-22-15-00,0,0,0
2017-04-03-22-30-00,2,2,0
2017-04-03-22-45-00,1,0,1
2017-04-03-23-00-00,0,0,0
2017-04-03-23-15-00,1,0,1
2017-04-03-23-30-00,1,0,1
2017-04-03-23-45-00,2,1,1
2017-04-04-00-00-00,0,0,0
2017-04-04-00-15-00,0,0,0
2017-04-04-00-30-00,0,0,0
2017-04-04-00-45-00,1,0,1
2017-04-04-01-00-00,0,0,0
2017-04-04-01-15-00,0,0,0
2017-04-04-01-30-00,0,0,0
2017-04-04-01-45-00,0,0,0
2017-04-04-02-00-00,0,0,0
2017-04-04-02-15-00,0,0,0
2017-04-04-02-30-00,0,0,0
2017-04-04-02-45-00,0,0,0
2017-04-04-03-00-00,2,0,2
2017-04-04-03-15-00,0,0,0
2017-04-04-03-30-00,0,0,0
2017-04-04-03-45-00,0,0,0
2017-04-04-04-00-00,0,0,0
2017-04-04-04-15-00,0,0,0
2017-04-04-04-30-00,0,0,0
2017-04-04-04-45-00,0,0,0
2017-04-04-05-00-00,0,0,0
2017-04-04-05-15-00,1,0,1
2017-04-04-05-30-00,0,0,0
2017-04-04-05-45-00,8,2,6
2017-04-04-06-00-00,3,2,1
2017-04-04-06-15-00,8,3,5
2017-04-04-06-30-00,11,6,5
2017-04-04-06-45-00,19,9,10
2017-04-04-07-00-00,23,8,15
2017-04-04-07-15-00,42,14,28
2017-04-04-07-30-00,59,28,31
2017-04-04-07-45-00,49,7,42
2017-04-04-08-00-00,55,13,42
2017-04-04-08-15-00,68,15,53
2017-04-04-08-30-00,66,15,51
2017-04-04-08-45-00,48,6,42
2017-04-04-09-00-00,24,8,16
2017-04-04-09-15-00,20,2,18
2017-04-04-09-30-00,32,9,23
2017-04-04-09-45-00,30,13,17
2017-04-04-10-00-00,19,9,10
2017-04-04-10-15-00,15,9,6
2017-04-04-10-30-00,17,8,9
2017-04-04-10-45-00,22,11,11
2017-04-04-11-00-00,8,2,6
2017-04-04-11-15-00,33,14,19
2017-04-04-11-30-00,24,8,16
2017-04-04-11-45-00,37,13,24
2017-04-04-12-00-00,34,14,20
2017-04-04-12-15-00,26,16,10
2017-04-04-12-30-00,27,13,14
2017-04-04-12-45-00,37,11,26
2017-04-04-13-00-00,39,18,21
2017-04-04-13-15-00,32,15,17
2017-04-04-13-30-00,37,20,17
2017-04-04-13-45-00,37,19,18
2017-04-04-14-00-00,56,27,29
2017-04-04-14-15-00,38,20,18
2017-04-04-14-30-00,57,23,34
2017-04-04-14-45-00,59,29,30
2017-04-04-15-00-00,52,31,21
2017-04-04-15-15-00,58,33,25
2017-04-04-15-30-00,67,43,24
2017-04-04-15-45-00,54,33,21
2017-04-04-16-00-00,52,34,18
2017-04-04-16-15-00,84,54,30
2017-04-04-16-30-00,86,61,25
2017-04-04-16-45-00,81,59,22
2017-04-04-17-00-00,93,57,36
2017-04-04-17-15-00,92,64,28
2017-04-04-17-30-00,102,69,33
2017-04-04-17-45-00,76,41,35
2017-04-04-18-00-00,78,47,31
2017-04-04-18-15-00,62,42,20
2017-04-04-18-30-00,58,42,16
2017-04-04-18-45-00,57,39,18
2017-04-04-19-00-00,48,27,21
2017-04-04-19-15-00,36,20,16
2017-04-04-19-30-00,50,29,21
2017-04-04-19-45-00,33,25,8
2017-04-04-20-00-00,19,10,9
2017-04-04-20-15-00,18,10,8
2017-04-04-20-30-00,20,9,11
2017-04-04-20-45-00,21,11,10
2017-04-04-21-00-00,11,6,5
2017-04-04-21-15-00,6,4,2
2017-04-04-21-30-00,1,1,0
2017-04-04-21-45-00,3,1,2
2017-04-04-22-00-00,3,1,2
2017-04-04-22-15-00,2,1,1
2017-04-04-22-30-00,0,0,0
2017-04-04-22-45-00,2,1,1
2017-04-04-23-00-00,4,1,3
2017-04-04-23-15-00,1,1,0
2017-04-04-23-30-00,0,0,0
2017-04-04-23-45-00,0,0,0
2017-04-05-00-00-00,1,0,1
2017-04-05-00-15-00,0,0,0
2017-04-05-00-30-00,1,0,1
2017-04-05-00-45-00,0,0,0
2017-04-05-01-00-00,0,0,0
2017-04-05-01-15-00,0,0,0
2017-04-05-01-30-00,0,0,0
2017-04-05-01-45-00,0,0,0
2017-04-05-02-00-00,0,0,0
2017-04-05-02-15-00,0,0,0
2017-04-05-02-30-00,0,0,0
2017-04-05-02-45-00,0,0,0
2017-04-05-03-00-00,0,0,0
2017-04-05-03-15-00,1,1,0
2017-04-05-03-30-00,1,0,1
2017-04-05-03-45-00,1,0,1
2017-04-05-04-00-00,0,0,0
2017-04-05-04-15-00,0,0,0
2017-04-05-04-30-00,0,0,0
2017-04-05-04-45-00,0,0,0
2017-04-05-05-00-00,0,0,0
2017-04-05-05-15-00,0,0,0
2017-04-05-05-30-00,1,0,1
2017-04-05-05-45-00,4,1,3
2017-04-05-06-00-00,4,1,3
2017-04-05-06-15-00,13,5,8
2017-04-05-06-30-00,7,2,5
2017-04-05-06-45-00,16,8,8
2017-04-05-07-00-00,16,5,11
2017-04-05-07-15-00,46,15,31
2017-04-05-07-30-00,41,13,28
2017-04-05-07-45-00,53,17,36
2017-04-05-08-00-00,47,7,40
2017-04-05-08-15-00,53,13,40
2017-04-05-08-30-00,49,11,38
2017-04-05-08-45-00,47,9,38
2017-04-05-09-00-00,32,6,26
2017-04-05-09-15-00,25,8,17
2017-04-05-09-30-00,17,7,10
2017-04-05-09-45-00,19,9,10
2017-04-05-10-00-00,14,1,13
2017-04-05-10-15-00,13,7,6
2017-04-05-10-30-00,16,8,8
2017-04-05-10-45-00,10,5,5
2017-04-05-11-00-00,19,14,5
2017-04-05-11-15-00,15,7,8
2017-04-05-11-30-00,19,12,7
2017-04-05-11-45-00,31,10,21
2017-04-05-12-00-00,14,7,7
2017-04-05-12-15-00,25,21,4
2017-04-05-12-30-00,16,6,10
2017-04-05-12-45-00,21,11,10
2017-04-05-13-00-00,27,15,12
2017-04-05-13-15-00,25,13,12
2017-04-05-13-30-00,20,12,8
2017-04-05-13-45-00,11,4,7
2017-04-05-14-00-00,27,16,11
2017-04-05-14-15-00,22,10,12
2017-04-05-14-30-00,32,21,11
2017-04-05-14-45-00,16,12,4
2017-04-05-15-00-00,19,7,12
2017-04-05-15-15-00,18,12,6
2017-04-05-15-30-00,26,19,7
2017-04-05-15-45-00,37,19,18
2017-04-05-16-00-00,25,17,8
2017-04-05-16-15-00,37,25,12
2017-04-05-16-30-00,40,27,13
2017-04-05-16-45-00,53,41,12
2017-04-05-17-00-00,47,36,11
2017-04-05-17-15-00,43,33,10
2017-04-05-17-30-00,52,39,13
2017-04-05-17-45-00,44,32,12
2017-04-05-18-00-00,45,24,21
2017-04-05-18-15-00,39,24,15
2017-04-05-18-30-00,26,21,5
2017-04-05-18-45-00,25,19,6
2017-04-05-19-00-00,26,18,8
2017-04-05-19-15-00,22,17,5
2017-04-05-19-30-00,22,17,5
2017-04-05-19-45-00,22,15,7
2017-04-05-20-00-00,9,8,1
2017-04-05-20-15-00,3,2,1
2017-04-05-20-30-00,11,7,4
2017-04-05-20-45-00,5,1,4
2017-04-05-21-00-00,2,1,1
2017-04-05-21-15-00,4,2,2
2017-04-05-21-30-00,4,1,3
2017-04-05-21-45-00,2,1,1
2017-04-05-22-00-00,1,1,0
2017-04-05-22-15-00,2,1,1
2017-04-05-22-30-00,2,0,2
2017-04-05-22-45-00,1,0,1
2017-04-05-23-00-00,0,0,0
2017-04-05-23-15-00,0,0,0
2017-04-05-23-30-00,0,0,0
2017-04-05-23-45-00,2,2,0
2017-04-06-00-00-00,0,0,0
2017-04-06-00-15-00,2,2,0
2017-04-06-00-30-00,0,0,0
2017-04-06-00-45-00,0,0,0
2017-04-06-01-00-00,0,0,0
2017-04-06-01-15-00,0,0,0
2017-04-06-01-30-00,0,0,0
2017-04-06-01-45-00,1,0,1
2017-04-06-02-00-00,0,0,0
2017-04-06-02-15-00,0,0,0
2017-04-06-02-30-00,0,0,0
2017-04-06-02-45-00,1,1,0
2017-04-06-03-00-00,0,0,0
2017-04-06-03-15-00,0,0,0
2017-04-06-03-30-00,0,0,0
2017-04-06-03-45-00,0,0,0
2017-04-06-04-00-00,0,0,0
2017-04-06-04-15-00,0,0,0
2017-04-06-04-30-00,0,0,0
2017-04-06-04-45-00,0,0,0
2017-04-06-05-00-00,0,0,0
2017-04-06-05-15-00,1,0,1
2017-04-06-05-30-00,2,1,1
2017-04-06-05-45-00,7,0,7
2017-04-06-06-00-00,6,1,5
2017-04-06-06-15-00,9,3,6
2017-04-06-06-30-00,8,3,5
2017-04-06-06-45-00,13,6,7
2017-04-06-07-00-00,17,6,11
2017-04-06-07-15-00,28,9,19
2017-04-06-07-30-00,45,20,25
2017-04-06-07-45-00,51,8,43
2017-04-06-08-00-00,39,8,31
2017-04-06-08-15-00,38,8,30
2017-04-06-08-30-00,51,17,34
2017-04-06-08-45-00,38,10,28
2017-04-06-09-00-00,25,2,23
2017-04-06-09-15-00,20,6,14
2017-04-06-09-30-00,20,11,9
2017-04-06-09-45-00,11,4,7
2017-04-06-10-00-00,8,0,8
2017-04-06-10-15-00,7,5,2
2017-04-06-10-30-00,8,3,5
2017-04-06-10-45-00,10,7,3
2017-04-06-11-00-00,9,4,5
2017-04-06-11-15-00,7,0,7
2017-04-06-11-30-00,10,6,4
2017-04-06-11-45-00,10,6,4
2017-04-06-12-00-00,10,5,5
2017-04-06-12-15-00,13,11,2
2017-04-06-12-30-00,13,4,9
2017-04-06-12-45-00,4,1,3
2017-04-06-13-00-00,22,12,10
2017-04-06-13-15-00,10,5,5
2017-04-06-13-30-00,11,7,4
2017-04-06-13-45-00,8,2,6
2017-04-06-14-00-00,17,8,9
2017-04-06-14-15-00,20,11,9
2017-04-06-14-30-00,12,8,4
2017-04-06-14-45-00,17,11,6
2017-04-06-15-00-00,33,14,19
2017-04-06-15-15-00,18,11,7
2017-04-06-15-30-00,30,20,10
2017-04-06-15-45-00,35,24,11
2017-04-06-16-00-00,36,19,17
2017-04-06-16-15-00,44,32,12
2017-04-06-16-30-00,49,31,18
2017-04-06-16-45-00,36,19,17
2017-04-06-17-00-00,43,24,19
2017-04-06-17-15-00,44,32,12
2017-04-06-17-30-00,39,31,8
2017-04-06-17-45-00,42,30,12
2017-04-06-18-00-00,42,28,14
2017-04-06-18-15-00,29,18,11
2017-04-06-18-30-00,34,26,8
2017-04-06-18-45-00,34,29,5
2017-04-06-19-00-00,20,12,8
2017-04-06-19-15-00,26,16,10
2017-04-06-19-30-00,22,12,10
2017-04-06-19-45-00,20,14,6
2017-04-06-20-00-00,11,7,4
2017-04-06-20-15-00,13,9,4
2017-04-06-20-30-00,13,5,8
2017-04-06-20-45-00,7,5,2
2017-04-06-21-00-00,2,2,0
2017-04-06-21-15-00,2,1,1
2017-04-06-21-30-00,1,0,1
2017-04-06-21-45-00,0,0,0
2017-04-06-22-00-00,6,3,3
2017-04-06-22-15-00,3,1,2
2017-04-06-22-30-00,5,4,1
2017-04-06-22-45-00,2,0,2
2017-04-06-23-00-00,0,0,0
2017-04-06-23-15-00,0,0,0
2017-04-06-23-30-00,0,0,0
2017-04-06-23-45-00,1,1,0
2017-04-07-00-00-00,0,0,0
2017-04-07-00-15-00,1,0,1
2017-04-07-00-30-00,0,0,0
2017-04-07-00-45-00,0,0,0
2017-04-07-01-00-00,0,0,0
2017-04-07-01-15-00,1,0,1
2017-04-07-01-30-00,0,0,0
2017-04-07-01-45-00,0,0,0
2017-04-07-02-00-00,0,0,0
2017-04-07-02-15-00,0,0,0
2017-04-07-02-30-00,0,0,0
2017-04-07-02-45-00,0,0,0
2017-04-07-03-00-00,0,0,0
2017-04-07-03-15-00,1,1,0
2017-04-07-03-30-00,0,0,0
2017-04-07-03-45-00,0,0,0
2017-04-07-04-00-00,0,0,0
2017-04-07-04-15-00,0,0,0
2017-04-07-04-30-00,0,0,0
2017-04-07-04-45-00,0,0,0
2017-04-07-05-00-00,0,0,0
2017-04-07-05-15-00,0,0,0
2017-04-07-05-30-00,0,0,0
2017-04-07-05-45-00,9,3,6
2017-04-07-06-00-00,3,1,2
2017-04-07-06-15-00,9,0,9
2017-04-07-06-30-00,9,6,3
2017-04-07-06-45-00,11,6,5
2017-04-07-07-00-00,20,7,13
2017-04-07-07-15-00,27,9,18
2017-04-07-07-30-00,35,14,21
2017-04-07-07-45-00,33,6,27
2017-04-07-08-00-00,26,8,18
2017-04-07-08-15-00,54,13,41
2017-04-07-08-30-00,33,8,25
2017-04-07-08-45-00,27,6,21
2017-04-07-09-00-00,25,3,22
2017-04-07-09-15-00,22,10,12
2017-04-07-09-30-00,10,6,4
2017-04-07-09-45-00,15,4,11
2017-04-07-10-00-00,14,3,11
2017-04-07-10-15-00,13,4,9
2017-04-07-10-30-00,17,7,10
2017-04-07-10-45-00,8,2,6
2017-04-07-11-00-00,10,7,3
2017-04-07-11-15-00,18,9,9
2017-04-07-11-30-00,14,7,7
2017-04-07-11-45-00,9,6,3
2017-04-07-12-00-00,8,4,4
2017-04-07-12-15-00,14,10,4
2017-04-07-12-30-00,21,10,11
2017-04-07-12-45-00,14,6,8
2017-04-07-13-00-00,25,18,7
2017-04-07-13-15-00,22,14,8
2017-04-07-13-30-00,15,12,3
2017-04-07-13-45-00,24,11,13
2017-04-07-14-00-00,20,12,8
2017-04-07-14-15-00,27,16,11
2017-04-07-14-30-00,25,17,8
2017-04-07-14-45-00,30,14,16
2017-04-07-15-00-00,27,18,9
2017-04-07-15-15-00,29,22,7
2017-04-07-15-30-00,32,23,9
2017-04-07-15-45-00,39,27,12
2017-04-07-16-00-00,41,29,12
2017-04-07-16-15-00,38,24,14
2017-04-07-16-30-00,40,27,13
2017-04-07-16-45-00,31,20,11
2017-04-07-17-00-00,37,30,7
2017-04-07-17-15-00,27,16,11
2017-04-07-17-30-00,32,20,12
2017-04-07-17-45-00,31,19,12
2017-04-07-18-00-00,33,18,15
2017-04-07-18-15-00,32,22,10
2017-04-07-18-30-00,23,20,3
2017-04-07-18-45-00,24,12,12
2017-04-07-19-00-00,10,5,5
2017-04-07-19-15-00,16,14,2
2017-04-07-19-30-00,15,10,5
2017-04-07-19-45-00,8,4,4
2017-04-07-20-00-00,9,4,5
2017-04-07-20-15-00,6,4,2
2017-04-07-20-30-00,6,2,4
2017-04-07-20-45-00,2,1,1
2017-04-07-21-00-00,2,2,0
2017-04-07-21-15-00,2,1,1
2017-04-07-21-30-00,0,0,0
2017-04-07-21-45-00,2,0,2
2017-04-07-22-00-00,1,0,1
2017-04-07-22-15-00,1,0,1
2017-04-07-22-30-00,4,1,3
2017-04-07-22-45-00,1,1,0
2017-04-07-23-00-00,4,1,3
2017-04-07-23-15-00,0,0,0
2017-04-07-23-30-00,4,0,4
2017-04-07-23-45-00,2,2,0
2017-04-08-00-00-00,1,1,0
2017-04-08-00-15-00,1,1,0
2017-04-08-00-30-00,1,1,0
2017-04-08-00-45-00,0,0,0
2017-04-08-01-00-00,0,0,0
2017-04-08-01-15-00,0,0,0
2017-04-08-01-30-00,0,0,0
2017-04-08-01-45-00,2,2,0
2017-04-08-02-00-00,3,3,0
2017-04-08-02-15-00,0,0,0
2017-04-08-02-30-00,0,0,0
2017-04-08-02-45-00,0,0,0
2017-04-08-03-00-00,1,0,1
2017-04-08-03-15-00,0,0,0
2017-04-08-03-30-00,0,0,0
2017-04-08-03-45-00,0,0,0
2017-04-08-04-00-00,0,0,0
2017-04-08-04-15-00,1,1,0
2017-04-08-04-30-00,1,1,0
2017-04-08-04-45-00,0,0,0
2017-04-08-05-00-00,0,0,0
2017-04-08-05-15-00,0,0,0
2017-04-08-05-30-00,1,1,0
2017-04-08-05-45-00,0,0,0
2017-04-08-06-00-00,1,0,1
2017-04-08-06-15-00,0,0,0
2017-04-08-06-30-00,0,0,0
2017-04-08-06-45-00,0,0,0
2017-04-08-07-00-00,0,0,0
2017-04-08-07-15-00,1,0,1
2017-04-08-07-30-00,4,3,1
2017-04-08-07-45-00,5,3,2
2017-04-08-08-00-00,6,2,4
2017-04-08-08-15-00,10,6,4
2017-04-08-08-30-00,8,4,4
2017-04-08-08-45-00,6,3,3
2017-04-08-09-00-00,11,5,6
2017-04-08-09-15-00,13,5,8
2017-04-08-09-30-00,12,3,9
2017-04-08-09-45-00,14,6,8
2017-04-08-10-00-00,15,7,8
2017-04-08-10-15-00,13,4,9
2017-04-08-10-30-00,27,10,17
2017-04-08-10-45-00,13,6,7
2017-04-08-11-00-00,20,12,8
2017-04-08-11-15-00,36,19,17
2017-04-08-11-30-00,23,12,11
2017-04-08-11-45-00,31,19,12
2017-04-08-12-00-00,32,11,21
2017-04-08-12-15-00,43,19,24
2017-04-08-12-30-00,35,18,17
2017-04-08-12-45-00,32,14,18
2017-04-08-13-00-00,38,21,17
2017-04-08-13-15-00,51,21,30
2017-04-08-13-30-00,57,24,33
2017-04-08-13-45-00,40,21,19
2017-04-08-14-00-00,57,37,20
2017-04-08-14-15-00,51,26,25
2017-04-08-14-30-00,64,38,26
2017-04-08-14-45-00,58,16,42
2017-04-08-15-00-00,65,34,31
2017-04-08-15-15-00,66,37,29
2017-04-08-15-30-00,52,29,23
2017-04-08-15-45-00,53,32,21
2017-04-08-16-00-00,83,51,32
2017-04-08-16-15-00,78,29,49
2017-04-08-16-30-00,68,42,26
2017-04-08-16-45-00,62,21,41
2017-04-08-17-00-00,78,40,38
2017-04-08-17-15-00,76,43,33
2017-04-08-17-30-00,56,39,17
2017-04-08-17-45-00,82,39,43
2017-04-08-18-00-00,56,21,35
2017-04-08-18-15-00,73,41,32
2017-04-08-18-30-00,72,46,26
2017-04-08-18-45-00,65,32,33
2017-04-08-19-00-00,43,21,22
2017-04-08-19-15-00,35,14,21
2017-04-08-19-30-00,37,23,14
2017-04-08-19-45-00,17,11,6
2017-04-08-20-00-00,23,15,8
2017-04-08-20-15-00,14,9,5
2017-04-08-20-30-00,20,9,11
2017-04-08-20-45-00,16,13,3
2017-04-08-21-00-00,5,5,0
2017-04-08-21-15-00,5,3,2
2017-04-08-21-30-00,8,3,5
2017-04-08-21-45-00,4,3,1
2017-04-08-22-00-00,8,3,5
2017-04-08-22-15-00,2,1,1
2017-04-08-22-30-00,1,0,1
2017-04-08-22-45-00,5,0,5
2017-04-08-23-00-00,4,2,2
2017-04-08-23-15-00,1,0,1
2017-04-08-23-30-00,18,4,14
2017-04-08-23-45-00,1,0,1
2017-04-09-00-00-00,0,0,0
2017-04-09-00-15-00,3,3,0
2017-04-09-00-30-00,6,2,4
2017-04-09-00-45-00,1,1,0
2017-04-09-01-00-00,1,1,0
2017-04-09-01-15-00,3,0,3
2017-04-09-01-30-00,3,2,1
2017-04-09-01-45-00,1,0,1
2017-04-09-02-00-00,1,1,0
2017-04-09-02-15-00,0,0,0
2017-04-09-02-30-00,1,1,0
2017-04-09-02-45-00,0,0,0
2017-04-09-03-00-00,0,0,0
2017-04-09-03-15-00,1,1,0
2017-04-09-03-30-00,0,0,0
2017-04-09-03-45-00,0,0,0
2017-04-09-04-00-00,0,0,0
2017-04-09-04-15-00,2,2,0
2017-04-09-04-30-00,0,0,0
2017-04-09-04-45-00,0,0,0
2017-04-09-05-00-00,0,0,0
2017-04-09-05-15-00,0,0,0
2017-04-09-05-30-00,0,0,0
2017-04-09-05-45-00,2,2,0
2017-04-09-06-00-00,0,0,0
2017-04-09-06-15-00,1,0,1
2017-04-09-06-30-00,0,0,0
2017-04-09-06-45-00,2,2,0
2017-04-09-07-00-00,0,0,0
2017-04-09-07-15-00,1,0,1
2017-04-09-07-30-00,3,3,0
2017-04-09-07-45-00,6,1,5
2017-04-09-08-00-00,7,2,5
2017-04-09-08-15-00,8,3,5
2017-04-09-08-30-00,7,4,3
2017-04-09-08-45-00,19,9,10
2017-04-09-09-00-00,25,10,15
2017-04-09-09-15-00,18,9,9
2017-04-09-09-30-00,22,11,11
2017-04-09-09-45-00,26,13,13
2017-04-09-10-00-00,33,16,17
2017-04-09-10-15-00,46,14,32
2017-04-09-10-30-00,51,22,29
2017-04-09-10-45-00,56,33,23
2017-04-09-11-00-00,96,35,61
2017-04-09-11-15-00,80,39,41
2017-04-09-11-30-00,118,52,66
2017-04-09-11-45-00,94,37,57
2017-04-09-12-00-00,127,46,81
2017-04-09-12-15-00,141,52,89
2017-04-09-12-30-00,146,42,104
2017-04-09-12-45-00,164,81,83
2017-04-09-13-00-00,191,85,106
2017-04-09-13-15-00,202,86,116
2017-04-09-13-30-00,199,84,115
2017-04-09-13-45-00,230,113,117
2017-04-09-14-00-00,193,75,118
2017-04-09-14-15-00,220,79,141
2017-04-09-14-30-00,236,111,125
2017-04-09-14-45-00,224,122,102
2017-04-09-15-00-00,245,113,132
2017-04-09-15-15-00,259,108,151
2017-04-09-15-30-00,233,123,110
2017-04-09-15-45-00,223,119,104
2017-04-09-16-00-00,230,130,100
2017-04-09-16-15-00,238,132,106
2017-04-09-16-30-00,224,133,91
2017-04-09-16-45-00,198,124,74
2017-04-09-17-00-00,182,104,78
2017-04-09-17-15-00,212,139,73
2017-04-09-17-30-00,161,97,64
2017-04-09-17-45-00,162,96,66
2017-04-09-18-00-00,129,80,49
2017-04-09-18-15-00,149,107,42
2017-04-09-18-30-00,105,68,37
2017-04-09-18-45-00,103,71,32
2017-04-09-19-00-00,87,59,28
2017-04-09-19-15-00,99,58,41
2017-04-09-19-30-00,90,67,23
2017-04-09-19-45-00,86,59,27
2017-04-09-20-00-00,60,45,15
2017-04-09-20-15-00,38,35,3
2017-04-09-20-30-00,52,35,17
2017-04-09-20-45-00,21,11,10
2017-04-09-21-00-00,23,21,2
2017-04-09-21-15-00,19,16,3
2017-04-09-21-30-00,11,7,4
2017-04-09-21-45-00,12,8,4
2017-04-09-22-00-00,23,19,4
2017-04-09-22-15-00,6,6,0
2017-04-09-22-30-00,8,2,6
2017-04-09-22-45-00,5,5,0
2017-04-09-23-00-00,7,7,0
2017-04-09-23-15-00,1,0,1
2017-04-09-23-30-00,3,2,1
2017-04-09-23-45-00,2,0,2
2017-04-10-00-00-00,0,0,0
2017-04-10-00-15-00,4,0,4
2017-04-10-00-30-00,0,0,0
2017-04-10-00-45-00,0,0,0
2017-04-10-01-00-00,0,0,0
2017-04-10-01-15-00,0,0,0
2017-04-10-01-30-00,0,0,0
2017-04-10-01-45-00,0,0,0
2017-04-10-02-00-00,0,0,0
2017-04-10-02-15-00,0,0,0
2017-04-10-02-30-00,1,1,0
2017-04-10-02-45-00,0,0,0
2017-04-10-03-00-00,0,0,0
2017-04-10-03-15-00,0,0,0
2017-04-10-03-30-00,0,0,0
2017-04-10-03-45-00,0,0,0
2017-04-10-04-00-00,0,0,0
2017-04-10-04-15-00,0,0,0
2017-04-10-04-30-00,2,1,1
2017-04-10-04-45-00,0,0,0
2017-04-10-05-00-00,0,0,0
2017-04-10-05-15-00,1,0,1
2017-04-10-05-30-00,1,0,1
2017-04-10-05-45-00,4,2,2
2017-04-10-06-00-00,8,1,7
2017-04-10-06-15-00,11,4,7
2017-04-10-06-30-00,4,1,3
2017-04-10-06-45-00,21,12,9
2017-04-10-07-00-00,16,4,12
2017-04-10-07-15-00,21,7,14
2017-04-10-07-30-00,29,8,21
2017-04-10-07-45-00,40,5,35
2017-04-10-08-00-00,45,14,31
2017-04-10-08-15-00,39,10,29
2017-04-10-08-30-00,59,14,45
2017-04-10-08-45-00,40,7,33
2017-04-10-09-00-00,36,8,28
2017-04-10-09-15-00,28,8,20
2017-04-10-09-30-00,36,10,26
2017-04-10-09-45-00,23,5,18
2017-04-10-10-00-00,17,5,12
2017-04-10-10-15-00,14,9,5
2017-04-10-10-30-00,21,9,12
2017-04-10-10-45-00,23,5,18
2017-04-10-11-00-00,14,4,10
2017-04-10-11-15-00,26,14,12
2017-04-10-11-30-00,9,5,4
2017-04-10-11-45-00,12,9,3
2017-04-10-12-00-00,11,7,4
2017-04-10-12-15-00,10,5,5
2017-04-10-12-30-00,19,9,10
2017-04-10-12-45-00,22,10,12
2017-04-10-13-00-00,13,8,5
2017-04-10-13-15-00,17,11,6
2017-04-10-13-30-00,12,3,9
2017-04-10-13-45-00,21,10,11
2017-04-10-14-00-00,20,13,7
2017-04-10-14-15-00,18,9,9
2017-04-10-14-30-00,33,22,11
2017-04-10-14-45-00,20,9,11
2017-04-10-15-00-00,25,16,9
2017-04-10-15-15-00,23,13,10
2017-04-10-15-30-00,13,8,5
2017-04-10-15-45-00,39,21,18
2017-04-10-16-00-00,26,17,9
2017-04-10-16-15-00,51,35,16
2017-04-10-16-30-00,42,32,10
2017-04-10-16-45-00,50,33,17
2017-04-10-17-00-00,44,31,13
2017-04-10-17-15-00,45,29,16
2017-04-10-17-30-00,56,40,16
2017-04-10-17-45-00,45,36,9
2017-04-10-18-00-00,43,28,15
2017-04-10-18-15-00,36,26,10
2017-04-10-18-30-00,49,32,17
2017-04-10-18-45-00,41,30,11
2017-04-10-19-00-00,25,18,7
2017-04-10-19-15-00,38,20,18
2017-04-10-19-30-00,28,20,8
2017-04-10-19-45-00,20,12,8
2017-04-10-20-00-00,17,8,9
2017-04-10-20-15-00,11,3,8
2017-04-10-20-30-00,10,6,4
2017-04-10-20-45-00,10,4,6
2017-04-10-21-00-00,7,6,1
2017-04-10-21-15-00,0,0,0
2017-04-10-21-30-00,2,2,0
2017-04-10-21-45-00,5,3,2
2017-04-10-22-00-00,6,5,1
2017-04-10-22-15-00,2,0,2
2017-04-10-22-30-00,1,1,0
2017-04-10-22-45-00,5,0,5
2017-04-10-23-00-00,1,0,1
2017-04-10-23-15-00,1,1,0
2017-04-10-23-30-00,0,0,0
2017-04-10-23-45-00,2,0,2
2017-04-11-00-00-00,0,0,0
2017-04-11-00-15-00,1,1,0
2017-04-11-00-30-00,1,1,0
2017-04-11-00-45-00,0,0,0
2017-04-11-01-00-00,1,0,1
2017-04-11-01-15-00,0,0,0
2017-04-11-01-30-00,0,0,0
2017-04-11-01-45-00,0,0,0
2017-04-11-02-00-00,0,0,0
2017-04-11-02-15-00,0,0,0
2017-04-11-02-30-00,0,0,0
2017-04-11-02-45-00,0,0,0
2017-04-11-03-00-00,0,0,0
2017-04-11-03-15-00,0,0,0
2017-04-11-03-30-00,0,0,0
2017-04-11-03-45-00,0,0,0
2017-04-11-04-00-00,0,0,0
2017-04-11-04-15-00,0,0,0
2017-04-11-04-30-00,0,0,0
2017-04-11-04-45-00,0,0,0
2017-04-11-05-00-00,0,0,0
2017-04-11-05-15-00,1,0,1
2017-04-11-05-30-00,1,0,1
2017-04-11-05-45-00,6,1,5
2017-04-11-06-00-00,8,2,6
2017-04-11-06-15-00,5,3,2
2017-04-11-06-30-00,14,5,9
2017-04-11-06-45-00,18,8,10
2017-04-11-07-00-00,17,4,13
2017-04-11-07-15-00,14,8,6
2017-04-11-07-30-00,40,7,33
2017-04-11-07-45-00,48,11,37
2017-04-11-08-00-00,36,9,27
2017-04-11-08-15-00,47,10,37
2017-04-11-08-30-00,38,10,28
2017-04-11-08-45-00,37,7,30
2017-04-11-09-00-00,37,9,28
2017-04-11-09-15-00,20,5,15
2017-04-11-09-30-00,14,4,10
2017-04-11-09-45-00,20,9,11
2017-04-11-10-00-00,9,5,4
2017-04-11-10-15-00,21,11,10
2017-04-11-10-30-00,19,8,11
2017-04-11-10-45-00,18,9,9
2017-04-11-11-00-00,11,5,6
2017-04-11-11-15-00,22,14,8
2017-04-11-11-30-00,17,10,7
2017-04-11-11-45-00,24,9,15
2017-04-11-12-00-00,29,13,16
2017-04-11-12-15-00,15,10,5
2017-04-11-12-30-00,22,6,16
2017-04-11-12-45-00,16,6,10
2017-04-11-13-00-00,18,9,9
2017-04-11-13-15-00,17,9,8
2017-04-11-13-30-00,23,13,10
2017-04-11-13-45-00,23,9,14
2017-04-11-14-00-00,10,6,4
2017-04-11-14-15-00,24,12,12
2017-04-11-14-30-00,36,23,13
2017-04-11-14-45-00,34,12,22
2017-04-11-15-00-00,40,28,12
2017-04-11-15-15-00,40,19,21
2017-04-11-15-30-00,45,21,24
2017-04-11-15-45-00,48,24,24
2017-04-11-16-00-00,49,29,20
2017-04-11-16-15-00,68,44,24
2017-04-11-16-30-00,62,46,16
2017-04-11-16-45-00,82,53,29
2017-04-11-17-00-00,83,67,16
2017-04-11-17-15-00,69,44,25
2017-04-11-17-30-00,60,40,20
2017-04-11-17-45-00,47,28,19
2017-04-11-18-00-00,61,36,25
2017-04-11-18-15-00,46,35,11
2017-04-11-18-30-00,44,24,20
2017-04-11-18-45-00,50,30,20
2017-04-11-19-00-00,45,21,24
2017-04-11-19-15-00,29,21,8
2017-04-11-19-30-00,25,14,11
2017-04-11-19-45-00,33,26,7
2017-04-11-20-00-00,19,10,9
2017-04-11-20-15-00,18,11,7
2017-04-11-20-30-00,10,8,2
2017-04-11-20-45-00,15,12,3
2017-04-11-21-00-00,8,2,6
2017-04-11-21-15-00,7,3,4
2017-04-11-21-30-00,0,0,0
2017-04-11-21-45-00,7,4,3
2017-04-11-22-00-00,3,1,2
2017-04-11-22-15-00,1,1,0
2017-04-11-22-30-00,2,1,1
2017-04-11-22-45-00,1,1,0
2017-04-11-23-00-00,0,0,0
2017-04-11-23-15-00,1,0,1
2017-04-11-23-30-00,0,0,0
2017-04-11-23-45-00,4,0,4
2017-04-12-00-00-00,0,0,0
2017-04-12-00-15-00,0,0,0
2017-04-12-00-30-00,0,0,0
2017-04-12-00-45-00,1,1,0
2017-04-12-01-00-00,0,0,0
2017-04-12-01-15-00,2,1,1
2017-04-12-01-30-00,0,0,0
2017-04-12-01-45-00,0,0,0
2017-04-12-02-00-00,0,0,0
2017-04-12-02-15-00,0,0,0
2017-04-12-02-30-00,0,0,0
2017-04-12-02-45-00,0,0,0
2017-04-12-03-00-00,0,0,0
2017-04-12-03-15-00,0,0,0
2017-04-12-03-30-00,0,0,0
2017-04-12-03-45-00,0,0,0
2017-04-12-04-00-00,0,0,0
2017-04-12-04-15-00,0,0,0
2017-04-12-04-30-00,0,0,0
2017-04-12-04-45-00,0,0,0
2017-04-12-05-00-00,0,0,0
2017-04-12-05-15-00,0,0,0
2017-04-12-05-30-00,0,0,0
2017-04-12-05-45-00,8,3,5
2017-04-12-06-00-00,2,1,1
2017-04-12-06-15-00,9,3,6
2017-04-12-06-30-00,10,4,6
2017-04-12-06-45-00,14,5,9
2017-04-12-07-00-00,18,6,12
2017-04-12-07-15-00,17,9,8
2017-04-12-07-30-00,39,11,28
2017-04-12-07-45-00,39,3,36
2017-04-12-08-00-00,32,12,20
2017-04-12-08-15-00,37,4,33
2017-04-12-08-30-00,46,9,37
2017-04-12-08-45-00,49,7,42
2017-04-12-09-00-00,19,7,12
2017-04-12-09-15-00,21,8,13
2017-04-12-09-30-00,10,8,2
2017-04-12-09-45-00,19,5,14
2017-04-12-10-00-00,15,11,4
2017-04-12-10-15-00,13,5,8
2017-04-12-10-30-00,15,6,9
2017-04-12-10-45-00,11,6,5
2017-04-12-11-00-00,18,9,9
2017-04-12-11-15-00,12,6,6
2017-04-12-11-30-00,33,16,17
2017-04-12-11-45-00,21,15,6
2017-04-12-12-00-00,8,2,6
2017-04-12-12-15-00,17,11,6
2017-04-12-12-30-00,16,11,5
2017-04-12-12-45-00,22,13,9
2017-04-12-13-15-00,12,6,6
2017-04-12-13-30-00,21,15,6
2017-04-12-13-45-00,19,11,8
2017-04-12-14-00-00,17,7,10
2017-04-12-14-15-00,25,14,11
2017-04-12-14-30-00,24,16,8
2017-04-12-14-45-00,16,1,15
2017-04-12-15-00-00,13,10,3
2017-04-12-15-15-00,30,17,13
2017-04-12-15-30-00,30,19,11
2017-04-12-15-45-00,44,28,16
2017-04-12-16-00-00,30,18,12
2017-04-12-16-15-00,28,17,11
2017-04-12-16-30-00,51,29,22
2017-04-12-16-45-00,39,27,12
2017-04-12-17-00-00,48,33,15
2017-04-12-17-15-00,43,27,16
2017-04-12-17-30-00,60,37,23
2017-04-12-17-45-00,44,31,13
2017-04-12-18-00-00,42,34,8
2017-04-12-18-15-00,27,19,8
2017-04-12-18-30-00,34,20,14
2017-04-12-18-45-00,34,27,7
2017-04-12-19-00-00,37,29,8
2017-04-12-19-15-00,21,14,7
2017-04-12-19-30-00,12,7,5
2017-04-12-19-45-00,20,13,7
2017-04-12-20-00-00,13,6,7
2017-04-12-20-15-00,17,6,11
2017-04-12-20-30-00,10,8,2
2017-04-12-20-45-00,6,3,3
2017-04-12-21-00-00,1,1,0
2017-04-12-21-15-00,3,3,0
2017-04-12-21-30-00,2,2,0
2017-04-12-21-45-00,2,1,1
2017-04-12-22-00-00,0,0,0
2017-04-12-22-15-00,2,2,0
2017-04-12-22-30-00,2,1,1
2017-04-12-22-45-00,0,0,0
2017-04-12-23-00-00,0,0,0
2017-04-12-23-15-00,0,0,0
2017-04-12-23-30-00,2,0,2
2017-04-12-23-45-00,0,0,0
2017-04-13-00-00-00,0,0,0
2017-04-13-00-15-00,1,0,1
2017-04-13-00-30-00,0,0,0
2017-04-13-00-45-00,1,0,1
2017-04-13-01-00-00,2,1,1
2017-04-13-01-15-00,0,0,0
2017-04-13-01-30-00,0,0,0
2017-04-13-01-45-00,0,0,0
2017-04-13-02-00-00,0,0,0
2017-04-13-02-15-00,0,0,0
2017-04-13-02-30-00,0,0,0
2017-04-13-02-45-00,0,0,0
2017-04-13-03-00-00,0,0,0
2017-04-13-03-15-00,0,0,0
2017-04-13-03-30-00,0,0,0
2017-04-13-03-45-00,0,0,0
2017-04-13-04-00-00,0,0,0
2017-04-13-04-15-00,0,0,0
2017-04-13-04-30-00,0,0,0
2017-04-13-04-45-00,2,2,0
2017-04-13-05-00-00,0,0,0
2017-04-13-05-15-00,0,0,0
2017-04-13-05-30-00,3,1,2
2017-04-13-05-45-00,6,1,5
2017-04-13-06-00-00,2,0,2
2017-04-13-06-15-00,7,2,5
2017-04-13-06-30-00,6,2,4
2017-04-13-06-45-00,5,2,3
2017-04-13-07-00-00,18,6,12
2017-04-13-07-15-00,11,3,8
2017-04-13-07-30-00,20,5,15
2017-04-13-07-45-00,29,3,26
2017-04-13-08-00-00,27,9,18
2017-04-13-08-15-00,27,6,21
2017-04-13-08-30-00,34,6,28
2017-04-13-08-45-00,37,8,29
2017-04-13-09-00-00,22,4,18
2017-04-13-09-15-00,17,6,11
2017-04-13-09-30-00,10,4,6
2017-04-13-09-45-00,18,13,5
2017-04-13-10-00-00,7,4,3
2017-04-13-10-15-00,21,10,11
2017-04-13-10-30-00,11,4,7
2017-04-13-10-45-00,11,4,7
2017-04-13-11-00-00,20,10,10
2017-04-13-11-15-00,12,6,6
2017-04-13-11-30-00,11,6,5
2017-04-13-11-45-00,13,3,10
2017-04-13-12-00-00,22,10,12
2017-04-13-12-15-00,21,4,17
2017-04-13-12-30-00,15,8,7
2017-04-13-12-45-00,6,2,4
2017-04-13-13-00-00,11,6,5
2017-04-13-13-15-00,8,3,5
2017-04-13-13-30-00,19,12,7
2017-04-13-13-45-00,8,4,4
2017-04-13-14-00-00,19,9,10
2017-04-13-14-15-00,19,10,9
2017-04-13-14-30-00,19,12,7
2017-04-13-14-45-00,21,6,15
2017-04-13-15-00-00,27,19,8
2017-04-13-15-15-00,22,11,11
2017-04-13-15-30-00,27,12,15
2017-04-13-15-45-00,29,19,10
2017-04-13-16-00-00,32,20,12
2017-04-13-16-15-00,19,14,5
2017-04-13-16-30-00,42,31,11
2017-04-13-16-45-00,40,28,12
2017-04-13-17-00-00,35,22,13
2017-04-13-17-15-00,38,30,8
2017-04-13-17-30-00,47,37,10
2017-04-13-17-45-00,23,14,9
2017-04-13-18-00-00,30,17,13
2017-04-13-18-15-00,25,16,9
2017-04-13-18-30-00,22,11,11
2017-04-13-18-45-00,16,9,7
2017-04-13-19-00-00,21,15,6
2017-04-13-19-15-00,15,7,8
2017-04-13-19-30-00,13,7,6
2017-04-13-19-45-00,17,12,5
2017-04-13-20-00-00,21,15,6
2017-04-13-20-15-00,11,7,4
2017-04-13-20-30-00,5,1,4
2017-04-13-20-45-00,7,3,4
2017-04-13-21-00-00,7,6,1
2017-04-13-21-15-00,5,5,0
2017-04-13-21-30-00,3,1,2
2017-04-13-21-45-00,2,1,1
2017-04-13-22-00-00,2,1,1
2017-04-13-22-15-00,4,3,1
2017-04-13-22-30-00,3,0,3
2017-04-13-22-45-00,2,1,1
2017-04-13-23-00-00,0,0,0
2017-04-13-23-15-00,1,0,1
2017-04-13-23-30-00,2,0,2
2017-04-13-23-45-00,1,0,1
2017-04-14-00-00-00,0,0,0
2017-04-14-00-15-00,0,0,0
2017-04-14-00-30-00,0,0,0
2017-04-14-00-45-00,0,0,0
2017-04-14-01-00-00,0,0,0
2017-04-14-01-15-00,0,0,0
2017-04-14-01-30-00,3,3,0
2017-04-14-01-45-00,0,0,0
2017-04-14-02-00-00,1,1,0
2017-04-14-02-15-00,0,0,0
2017-04-14-02-30-00,0,0,0
2017-04-14-02-45-00,0,0,0
2017-04-14-03-00-00,0,0,0
2017-04-14-03-15-00,0,0,0
2017-04-14-03-30-00,0,0,0
2017-04-14-03-45-00,0,0,0
2017-04-14-04-00-00,0,0,0
2017-04-14-04-15-00,0,0,0
2017-04-14-04-30-00,0,0,0
2017-04-14-04-45-00,0,0,0
2017-04-14-05-00-00,0,0,0
2017-04-14-05-15-00,1,1,0
2017-04-14-05-30-00,1,0,1
2017-04-14-05-45-00,0,0,0
2017-04-14-06-00-00,0,0,0
2017-04-14-06-15-00,3,2,1
2017-04-14-06-30-00,0,0,0
2017-04-14-06-45-00,1,0,1
2017-04-14-07-00-00,1,1,0
2017-04-14-07-15-00,0,0,0
2017-04-14-07-30-00,3,1,2
2017-04-14-07-45-00,2,1,1
2017-04-14-08-00-00,7,6,1
2017-04-14-08-15-00,6,2,4
2017-04-14-08-30-00,14,8,6
2017-04-14-08-45-00,8,4,4
2017-04-14-09-00-00,11,8,3
2017-04-14-09-15-00,9,3,6
2017-04-14-09-30-00,21,10,11
2017-04-14-09-45-00,18,8,10
2017-04-14-10-00-00,27,6,21
2017-04-14-10-15-00,38,18,20
2017-04-14-10-30-00,31,14,17
2017-04-14-10-45-00,53,19,34
2017-04-14-11-00-00,61,28,33
2017-04-14-11-15-00,60,30,30
2017-04-14-11-30-00,68,30,38
2017-04-14-11-45-00,53,22,31
2017-04-14-12-00-00,51,27,24
2017-04-14-12-15-00,35,19,16
2017-04-14-12-30-00,66,40,26
2017-04-14-12-45-00,56,23,33
2017-04-14-13-00-00,44,18,26
2017-04-14-13-15-00,58,28,30
2017-04-14-13-30-00,63,35,28
2017-04-14-13-45-00,62,25,37
2017-04-14-14-00-00,35,11,24
2017-04-14-14-15-00,75,42,33
2017-04-14-14-30-00,68,32,36
2017-04-14-14-45-00,78,37,41
2017-04-14-15-00-00,55,30,25
2017-04-14-15-15-00,69,28,41
2017-04-14-15-30-00,66,39,27
2017-04-14-15-45-00,66,35,31
2017-04-14-16-00-00,58,32,26
2017-04-14-16-15-00,45,25,20
2017-04-14-16-30-00,49,18,31
2017-04-14-16-45-00,53,35,18
2017-04-14-17-00-00,53,21,32
2017-04-14-17-15-00,40,27,13
2017-04-14-17-30-00,60,39,21
2017-04-14-17-45-00,38,17,21
2017-04-14-18-00-00,53,31,22
2017-04-14-18-15-00,36,28,8
2017-04-14-18-30-00,32,17,15
2017-04-14-18-45-00,31,24,7
2017-04-14-19-00-00,16,12,4
2017-04-14-19-15-00,25,22,3
2017-04-14-19-30-00,10,5,5
2017-04-14-19-45-00,12,9,3
2017-04-14-20-00-00,13,7,6
2017-04-14-20-15-00,15,8,7
2017-04-14-20-30-00,5,5,0
2017-04-14-20-45-00,10,6,4
2017-04-14-21-00-00,2,2,0
2017-04-14-21-15-00,1,1,0
2017-04-14-21-30-00,3,1,2
2017-04-14-21-45-00,4,2,2
2017-04-14-22-00-00,5,4,1
2017-04-14-22-15-00,2,2,0
2017-04-14-22-30-00,1,1,0
2017-04-14-22-45-00,1,0,1
2017-04-14-23-00-00,0,0,0
2017-04-14-23-15-00,2,1,1
2017-04-14-23-30-00,1,1,0
2017-04-14-23-45-00,1,1,0
2017-04-15-00-00-00,0,0,0
2017-04-15-00-15-00,1,1,0
2017-04-15-00-30-00,0,0,0
2017-04-15-00-45-00,1,1,0
2017-04-15-01-00-00,0,0,0
2017-04-15-01-15-00,0,0,0
2017-04-15-01-30-00,1,0,1
2017-04-15-01-45-00,0,0,0
2017-04-15-02-00-00,1,0,1
2017-04-15-02-15-00,3,3,0
2017-04-15-02-30-00,1,1,0
2017-04-15-02-45-00,0,0,0
2017-04-15-03-00-00,0,0,0
2017-04-15-03-15-00,1,1,0
2017-04-15-03-30-00,0,0,0
2017-04-15-03-45-00,0,0,0
2017-04-15-04-00-00,0,0,0
2017-04-15-04-15-00,0,0,0
2017-04-15-04-30-00,0,0,0
2017-04-15-04-45-00,0,0,0
2017-04-15-05-00-00,0,0,0
2017-04-15-05-15-00,0,0,0
2017-04-15-05-30-00,0,0,0
2017-04-15-05-45-00,0,0,0
2017-04-15-06-00-00,0,0,0
2017-04-15-06-15-00,0,0,0
2017-04-15-06-30-00,1,0,1
2017-04-15-06-45-00,1,1,0
2017-04-15-07-00-00,3,2,1
2017-04-15-07-15-00,3,1,2
2017-04-15-07-30-00,3,1,2
2017-04-15-07-45-00,0,0,0
2017-04-15-08-00-00,3,3,0
2017-04-15-08-15-00,3,2,1
2017-04-15-08-30-00,5,1,4
2017-04-15-08-45-00,3,0,3
2017-04-15-09-00-00,4,2,2
2017-04-15-09-15-00,7,2,5
2017-04-15-09-30-00,6,3,3
2017-04-15-09-45-00,10,6,4
2017-04-15-10-00-00,8,3,5
2017-04-15-10-15-00,12,8,4
2017-04-15-10-30-00,11,4,7
2017-04-15-10-45-00,6,2,4
2017-04-15-11-00-00,20,11,9
2017-04-15-11-15-00,6,4,2
2017-04-15-11-30-00,13,12,1
2017-04-15-11-45-00,5,2,3
2017-04-15-12-00-00,14,9,5
2017-04-15-12-15-00,10,7,3
2017-04-15-12-30-00,11,4,7
2017-04-15-12-45-00,22,11,11
2017-04-15-13-00-00,10,8,2
2017-04-15-13-15-00,4,3,1
2017-04-15-13-30-00,10,6,4
2017-04-15-13-45-00,3,1,2
2017-04-15-14-00-00,12,1,11
2017-04-15-14-15-00,8,3,5
2017-04-15-14-30-00,8,3,5
2017-04-15-14-45-00,9,2,7
2017-04-15-15-00-00,6,4,2
2017-04-15-15-15-00,9,7,2
2017-04-15-15-30-00,3,1,2
2017-04-15-15-45-00,19,11,8
2017-04-15-16-00-00,5,1,4
2017-04-15-16-15-00,12,4,8
2017-04-15-16-30-00,13,8,5
2017-04-15-16-45-00,8,4,4
2017-04-15-17-00-00,9,7,2
2017-04-15-17-15-00,16,7,9
2017-04-15-17-30-00,14,10,4
2017-04-15-17-45-00,7,5,2
2017-04-15-18-00-00,4,3,1
2017-04-15-18-15-00,10,7,3
2017-04-15-18-30-00,7,2,5
2017-04-15-18-45-00,11,4,7
2017-04-15-19-00-00,7,5,2
2017-04-15-19-15-00,8,4,4
2017-04-15-19-30-00,4,2,2
2017-04-15-19-45-00,5,2,3
2017-04-15-20-00-00,7,2,5
2017-04-15-20-15-00,4,4,0
2017-04-15-20-30-00,6,4,2
2017-04-15-20-45-00,6,3,3
2017-04-15-21-00-00,9,5,4
2017-04-15-21-15-00,2,1,1
2017-04-15-21-30-00,1,0,1
2017-04-15-21-45-00,2,2,0
2017-04-15-22-00-00,3,0,3
2017-04-15-22-15-00,8,6,2
2017-04-15-22-30-00,0,0,0
2017-04-15-22-45-00,1,0,1
2017-04-15-23-00-00,0,0,0
2017-04-15-23-15-00,0,0,0
2017-04-15-23-30-00,2,0,2
2017-04-15-23-45-00,1,0,1
2017-04-16-00-00-00,3,1,2
2017-04-16-00-15-00,2,2,0
2017-04-16-00-30-00,0,0,0
2017-04-16-00-45-00,6,6,0
2017-04-16-01-00-00,0,0,0
2017-04-16-01-15-00,0,0,0
2017-04-16-01-30-00,0,0,0
2017-04-16-01-45-00,2,2,0
2017-04-16-02-00-00,0,0,0
2017-04-16-02-15-00,0,0,0
2017-04-16-02-30-00,0,0,0
2017-04-16-02-45-00,0,0,0
2017-04-16-03-00-00,0,0,0
2017-04-16-03-15-00,0,0,0
2017-04-16-03-30-00,1,0,1
2017-04-16-03-45-00,1,0,1
2017-04-16-04-00-00,0,0,0
2017-04-16-04-15-00,0,0,0
2017-04-16-04-30-00,0,0,0
2017-04-16-04-45-00,0,0,0
2017-04-16-05-00-00,0,0,0
2017-04-16-05-15-00,0,0,0
2017-04-16-05-30-00,0,0,0
2017-04-16-05-45-00,1,0,1
2017-04-16-06-00-00,0,0,0
2017-04-16-06-15-00,0,0,0
2017-04-16-06-30-00,0,0,0
2017-04-16-06-45-00,0,0,0
2017-04-16-07-00-00,3,3,0
2017-04-16-07-15-00,0,0,0
2017-04-16-07-30-00,2,0,2
2017-04-16-07-45-00,1,1,0
2017-04-16-08-00-00,2,0,2
2017-04-16-08-15-00,2,1,1
2017-04-16-08-30-00,9,5,4
2017-04-16-08-45-00,4,1,3
2017-04-16-09-00-00,4,3,1
2017-04-16-09-15-00,6,5,1
2017-04-16-09-30-00,10,2,8
2017-04-16-09-45-00,6,4,2
2017-04-16-10-00-00,15,6,9
2017-04-16-10-15-00,12,7,5
2017-04-16-10-30-00,8,4,4
2017-04-16-10-45-00,23,12,11
2017-04-16-11-00-00,10,5,5
2017-04-16-11-15-00,16,6,10
2017-04-16-11-30-00,20,8,12
2017-04-16-11-45-00,12,7,5
2017-04-16-12-00-00,15,4,11
2017-04-16-12-15-00,19,9,10
2017-04-16-12-30-00,16,6,10
2017-04-16-12-45-00,23,14,9
2017-04-16-13-00-00,15,11,4
2017-04-16-13-15-00,7,4,3
2017-04-16-13-30-00,8,3,5
2017-04-16-13-45-00,16,14,2
2017-04-16-14-00-00,18,11,7
2017-04-16-14-15-00,8,4,4
2017-04-16-14-30-00,18,13,5
2017-04-16-14-45-00,15,6,9
2017-04-16-15-00-00,7,5,2
2017-04-16-15-15-00,10,5,5
2017-04-16-15-30-00,6,3,3
2017-04-16-15-45-00,10,3,7
2017-04-16-16-00-00,16,9,7
2017-04-16-16-15-00,9,8,1
2017-04-16-16-30-00,7,4,3
2017-04-16-16-45-00,11,4,7
2017-04-16-17-00-00,14,8,6
2017-04-16-17-15-00,10,5,5
2017-04-16-17-30-00,14,6,8
2017-04-16-17-45-00,18,13,5
2017-04-16-18-00-00,17,10,7
2017-04-16-18-15-00,19,13,6
2017-04-16-18-30-00,15,7,8
2017-04-16-18-45-00,17,10,7
2017-04-16-19-00-00,8,5,3
2017-04-16-19-15-00,15,9,6
2017-04-16-19-30-00,8,2,6
2017-04-16-19-45-00,14,4,10
2017-04-16-20-00-00,11,8,3
2017-04-16-20-15-00,12,8,4
2017-04-16-20-30-00,6,4,2
2017-04-16-20-45-00,4,3,1
2017-04-16-21-00-00,3,3,0
2017-04-16-21-15-00,1,0,1
2017-04-16-21-30-00,1,1,0
2017-04-16-21-45-00,7,3,4
2017-04-16-22-00-00,3,2,1
2017-04-16-22-15-00,2,2,0
2017-04-16-22-30-00,0,0,0
2017-04-16-22-45-00,0,0,0
2017-04-16-23-00-00,0,0,0
2017-04-16-23-15-00,4,0,4
2017-04-16-23-30-00,0,0,0
2017-04-16-23-45-00,0,0,0
2017-04-17-00-00-00,1,1,0
2017-04-17-00-15-00,0,0,0
2017-04-17-00-30-00,0,0,0
2017-04-17-00-45-00,0,0,0
2017-04-17-01-00-00,0,0,0
2017-04-17-01-15-00,0,0,0
2017-04-17-01-30-00,1,1,0
2017-04-17-01-45-00,0,0,0
2017-04-17-02-00-00,0,0,0
2017-04-17-02-15-00,0,0,0
2017-04-17-02-30-00,0,0,0
2017-04-17-02-45-00,0,0,0
2017-04-17-03-00-00,0,0,0
2017-04-17-03-15-00,0,0,0
2017-04-17-03-30-00,0,0,0
2017-04-17-03-45-00,0,0,0
2017-04-17-04-00-00,0,0,0
2017-04-17-04-15-00,0,0,0
2017-04-17-04-30-00,0,0,0
2017-04-17-04-45-00,0,0,0
2017-04-17-05-00-00,0,0,0
2017-04-17-05-15-00,0,0,0
2017-04-17-05-30-00,0,0,0
2017-04-17-05-45-00,0,0,0
2017-04-17-06-00-00,0,0,0
2017-04-17-06-15-00,0,0,0
2017-04-17-06-30-00,0,0,0
2017-04-17-06-45-00,1,1,0
2017-04-17-07-00-00,0,0,0
2017-04-17-07-15-00,0,0,0
2017-04-17-07-30-00,3,2,1
2017-04-17-07-45-00,0,0,0
2017-04-17-08-00-00,0,0,0
2017-04-17-08-15-00,0,0,0
2017-04-17-08-30-00,2,1,1
2017-04-17-08-45-00,1,1,0
2017-04-17-09-00-00,0,0,0
2017-04-17-09-15-00,1,0,1
2017-04-17-09-30-00,1,1,0
2017-04-17-09-45-00,0,0,0
2017-04-17-10-00-00,2,0,2
2017-04-17-10-15-00,2,2,0
2017-04-17-10-30-00,6,3,3
2017-04-17-10-45-00,3,2,1
2017-04-17-11-00-00,4,3,1
2017-04-17-11-15-00,8,5,3
2017-04-17-11-30-00,7,1,6
2017-04-17-11-45-00,6,0,6
2017-04-17-12-00-00,2,1,1
2017-04-17-12-15-00,9,6,3
2017-04-17-12-30-00,10,8,2
2017-04-17-12-45-00,6,1,5
2017-04-17-13-00-00,13,7,6
2017-04-17-13-15-00,13,4,9
2017-04-17-13-30-00,9,3,6
2017-04-17-13-45-00,16,4,12
2017-04-17-14-00-00,22,11,11
2017-04-17-14-15-00,24,7,17
2017-04-17-14-30-00,30,13,17
2017-04-17-14-45-00,33,15,18
2017-04-17-15-00-00,33,20,13
2017-04-17-15-15-00,25,14,11
2017-04-17-15-30-00,26,12,14
2017-04-17-15-45-00,27,11,16
2017-04-17-16-00-00,25,18,7
2017-04-17-16-15-00,39,22,17
2017-04-17-16-30-00,44,28,16
2017-04-17-16-45-00,47,21,26
2017-04-17-17-00-00,35,25,10
2017-04-17-17-15-00,38,23,15
2017-04-17-17-30-00,25,14,11
2017-04-17-17-45-00,23,14,9
2017-04-17-18-00-00,15,10,5
2017-04-17-18-15-00,16,8,8
2017-04-17-18-30-00,8,6,2
2017-04-17-18-45-00,14,4,10
2017-04-17-19-00-00,12,5,7
2017-04-17-19-15-00,9,4,5
2017-04-17-19-30-00,9,5,4
2017-04-17-19-45-00,13,7,6
2017-04-17-20-00-00,5,4,1
2017-04-17-20-15-00,3,1,2
2017-04-17-20-30-00,2,2,0
2017-04-17-20-45-00,3,1,2
2017-04-17-21-00-00,2,2,0
2017-04-17-21-15-00,0,0,0
2017-04-17-21-30-00,1,1,0
2017-04-17-21-45-00,2,2,0
2017-04-17-22-00-00,0,0,0
2017-04-17-22-15-00,1,1,0
2017-04-17-22-30-00,1,0,1
2017-04-17-22-45-00,2,1,1
2017-04-17-23-00-00,0,0,0
2017-04-17-23-15-00,0,0,0
2017-04-17-23-30-00,0,0,0
2017-04-17-23-45-00,0,0,0
2017-04-18-00-00-00,1,1,0
2017-04-18-00-15-00,0,0,0
2017-04-18-00-30-00,0,0,0
2017-04-18-00-45-00,0,0,0
2017-04-18-01-00-00,0,0,0
2017-04-18-01-15-00,0,0,0
2017-04-18-01-30-00,1,1,0
2017-04-18-01-45-00,0,0,0
2017-04-18-02-00-00,0,0,0
2017-04-18-02-15-00,0,0,0
2017-04-18-02-30-00,0,0,0
2017-04-18-02-45-00,0,0,0
2017-04-18-03-00-00,0,0,0
2017-04-18-03-15-00,0,0,0
2017-04-18-03-30-00,0,0,0
2017-04-18-03-45-00,0,0,0
2017-04-18-04-00-00,0,0,0
2017-04-18-04-15-00,0,0,0
2017-04-18-04-30-00,0,0,0
2017-04-18-04-45-00,0,0,0
2017-04-18-05-00-00,1,0,1
2017-04-18-05-15-00,0,0,0
2017-04-18-05-30-00,1,0,1
2017-04-18-05-45-00,3,1,2
2017-04-18-06-00-00,3,2,1
2017-04-18-06-15-00,6,1,5
2017-04-18-06-30-00,4,1,3
2017-04-18-06-45-00,10,2,8
2017-04-18-07-00-00,6,2,4
2017-04-18-07-15-00,11,3,8
2017-04-18-07-30-00,26,8,18
2017-04-18-07-45-00,30,7,23
2017-04-18-08-00-00,26,8,18
2017-04-18-08-15-00,25,3,22
2017-04-18-08-30-00,29,2,27
2017-04-18-08-45-00,20,4,16
2017-04-18-09-00-00,16,2,14
2017-04-18-09-15-00,9,3,6
2017-04-18-09-30-00,13,6,7
2017-04-18-09-45-00,6,2,4
2017-04-18-10-00-00,8,2,6
2017-04-18-10-15-00,10,3,7
2017-04-18-10-30-00,11,4,7
2017-04-18-10-45-00,10,3,7
2017-04-18-11-00-00,20,11,9
2017-04-18-11-15-00,7,2,5
2017-04-18-11-30-00,14,7,7
2017-04-18-11-45-00,7,2,5
2017-04-18-12-00-00,9,6,3
2017-04-18-12-15-00,13,4,9
2017-04-18-12-30-00,5,3,2
2017-04-18-12-45-00,8,2,6
2017-04-18-13-00-00,8,3,5
2017-04-18-13-15-00,11,4,7
2017-04-18-13-30-00,11,4,7
2017-04-18-13-45-00,11,7,4
2017-04-18-14-00-00,8,3,5
2017-04-18-14-15-00,5,3,2
2017-04-18-14-30-00,7,4,3
2017-04-18-14-45-00,9,4,5
2017-04-18-15-00-00,15,10,5
2017-04-18-15-15-00,12,5,7
2017-04-18-15-30-00,28,16,12
2017-04-18-15-45-00,18,9,9
2017-04-18-16-00-00,14,12,2
2017-04-18-16-15-00,25,15,10
2017-04-18-16-30-00,15,13,2
2017-04-18-16-45-00,26,21,5
2017-04-18-17-00-00,19,15,4
2017-04-18-17-15-00,46,38,8
2017-04-18-17-30-00,34,24,10
2017-04-18-17-45-00,16,12,4
2017-04-18-18-00-00,20,15,5
2017-04-18-18-15-00,29,24,5
2017-04-18-18-30-00,25,18,7
2017-04-18-18-45-00,12,6,6
2017-04-18-19-00-00,23,19,4
2017-04-18-19-15-00,11,7,4
2017-04-18-19-30-00,19,9,10
2017-04-18-19-45-00,10,5,5
2017-04-18-20-00-00,10,8,2
2017-04-18-20-15-00,10,5,5
2017-04-18-20-30-00,8,2,6
2017-04-18-20-45-00,6,5,1
2017-04-18-21-00-00,7,2,5
2017-04-18-21-15-00,3,1,2
2017-04-18-21-30-00,3,3,0
2017-04-18-21-45-00,3,1,2
2017-04-18-22-00-00,0,0,0
2017-04-18-22-15-00,0,0,0
2017-04-18-22-30-00,2,2,0
2017-04-18-22-45-00,0,0,0
2017-04-18-23-00-00,0,0,0
2017-04-18-23-15-00,2,1,1
2017-04-18-23-30-00,0,0,0
2017-04-18-23-45-00,0,0,0
2017-04-19-00-00-00,2,1,1
2017-04-19-00-15-00,0,0,0
2017-04-19-00-30-00,1,0,1
2017-04-19-00-45-00,0,0,0
2017-04-19-01-00-00,0,0,0
2017-04-19-01-15-00,0,0,0
2017-04-19-01-30-00,0,0,0
2017-04-19-01-45-00,0,0,0
2017-04-19-02-00-00,0,0,0
2017-04-19-02-15-00,0,0,0
2017-04-19-02-30-00,0,0,0
2017-04-19-02-45-00,0,0,0
2017-04-19-03-00-00,0,0,0
2017-04-19-03-15-00,0,0,0
2017-04-19-03-30-00,0,0,0
2017-04-19-03-45-00,0,0,0
2017-04-19-04-00-00,0,0,0
2017-04-19-04-15-00,0,0,0
2017-04-19-04-30-00,0,0,0
2017-04-19-04-45-00,0,0,0
2017-04-19-05-00-00,0,0,0
2017-04-19-05-15-00,1,0,1
2017-04-19-05-30-00,1,1,0
2017-04-19-05-45-00,7,3,4
2017-04-19-06-00-00,3,1,2
2017-04-19-06-15-00,6,2,4
2017-04-19-06-30-00,5,3,2
2017-04-19-06-45-00,11,4,7
2017-04-19-07-00-00,7,2,5
2017-04-19-07-15-00,17,4,13
2017-04-19-07-30-00,26,5,21
2017-04-19-07-45-00,38,5,33
2017-04-19-08-00-00,25,6,19
2017-04-19-08-15-00,35,7,28
2017-04-19-08-30-00,29,4,25
2017-04-19-08-45-00,45,11,34
2017-04-19-09-00-00,25,7,18
2017-04-19-09-15-00,19,7,12
2017-04-19-09-30-00,13,7,6
2017-04-19-09-45-00,6,2,4
2017-04-19-10-00-00,18,7,11
2017-04-19-10-15-00,11,8,3
2017-04-19-10-30-00,9,3,6
2017-04-19-10-45-00,11,3,8
2017-04-19-11-00-00,18,13,5
2017-04-19-11-15-00,19,11,8
2017-04-19-11-30-00,12,5,7
2017-04-19-11-45-00,16,6,10
2017-04-19-12-00-00,10,2,8
2017-04-19-12-15-00,25,11,14
2017-04-19-12-30-00,12,8,4
2017-04-19-12-45-00,15,12,3
2017-04-19-13-00-00,15,8,7
2017-04-19-13-15-00,12,10,2
2017-04-19-13-30-00,17,12,5
2017-04-19-13-45-00,8,7,1
2017-04-19-14-00-00,25,15,10
2017-04-19-14-15-00,17,9,8
2017-04-19-14-30-00,13,10,3
2017-04-19-14-45-00,29,19,10
2017-04-19-15-00-00,36,19,17
2017-04-19-15-15-00,27,19,8
2017-04-19-15-30-00,18,7,11
2017-04-19-15-45-00,19,14,5
2017-04-19-16-00-00,36,22,14
2017-04-19-16-15-00,36,24,12
2017-04-19-16-30-00,30,17,13
2017-04-19-16-45-00,38,21,17
2017-04-19-17-00-00,33,28,5
2017-04-19-17-15-00,55,33,22
2017-04-19-17-30-00,45,33,12
2017-04-19-17-45-00,43,27,16
2017-04-19-18-00-00,29,20,9
2017-04-19-18-15-00,32,22,10
2017-04-19-18-30-00,32,21,11
2017-04-19-18-45-00,21,13,8
2017-04-19-19-00-00,19,12,7
2017-04-19-19-15-00,11,8,3
2017-04-19-19-30-00,16,8,8
2017-04-19-19-45-00,19,14,5
2017-04-19-20-00-00,12,5,7
2017-04-19-20-15-00,17,12,5
2017-04-19-20-30-00,5,3,2
2017-04-19-20-45-00,3,1,2
2017-04-19-21-00-00,7,3,4
2017-04-19-21-15-00,2,2,0
2017-04-19-21-30-00,2,1,1
2017-04-19-21-45-00,1,0,1
2017-04-19-22-00-00,1,1,0
2017-04-19-22-15-00,0,0,0
2017-04-19-22-30-00,0,0,0
2017-04-19-22-45-00,1,1,0
2017-04-19-23-00-00,0,0,0
2017-04-19-23-15-00,3,3,0
2017-04-19-23-30-00,0,0,0
2017-04-19-23-45-00,0,0,0
2017-04-20-00-00-00,0,0,0
2017-04-20-00-15-00,0,0,0
2017-04-20-00-30-00,0,0,0
2017-04-20-00-45-00,1,1,0
2017-04-20-01-00-00,0,0,0
2017-04-20-01-15-00,0,0,0
2017-04-20-01-30-00,0,0,0
2017-04-20-01-45-00,0,0,0
2017-04-20-02-00-00,0,0,0
2017-04-20-02-15-00,0,0,0
2017-04-20-02-30-00,0,0,0
2017-04-20-02-45-00,0,0,0
2017-04-20-03-00-00,0,0,0
2017-04-20-03-15-00,0,0,0
2017-04-20-03-30-00,0,0,0
2017-04-20-03-45-00,0,0,0
2017-04-20-04-00-00,0,0,0
2017-04-20-04-15-00,0,0,0
2017-04-20-04-30-00,0,0,0
2017-04-20-04-45-00,0,0,0
2017-04-20-05-00-00,1,0,1
2017-04-20-05-15-00,0,0,0
2017-04-20-05-30-00,1,1,0
2017-04-20-05-45-00,3,1,2
2017-04-20-06-00-00,3,1,2
2017-04-20-06-15-00,6,2,4
2017-04-20-06-30-00,4,0,4
2017-04-20-06-45-00,10,3,7
2017-04-20-07-00-00,10,3,7
2017-04-20-07-15-00,11,3,8
2017-04-20-07-30-00,25,6,19
2017-04-20-07-45-00,34,9,25
2017-04-20-08-00-00,25,5,20
2017-04-20-08-15-00,34,6,28
2017-04-20-08-30-00,24,1,23
2017-04-20-08-45-00,35,6,29
2017-04-20-09-00-00,30,7,23
2017-04-20-09-15-00,15,5,10
2017-04-20-09-30-00,15,3,12
2017-04-20-09-45-00,12,1,11
2017-04-20-10-00-00,20,7,13
2017-04-20-10-15-00,10,6,4
2017-04-20-10-30-00,12,4,8
2017-04-20-10-45-00,14,7,7
2017-04-20-11-00-00,36,16,20
2017-04-20-11-15-00,23,9,14
2017-04-20-11-30-00,21,10,11
2017-04-20-11-45-00,30,14,16
2017-04-20-12-00-00,13,7,6
2017-04-20-12-15-00,17,2,15
2017-04-20-12-30-00,32,18,14
2017-04-20-12-45-00,31,7,24
2017-04-20-13-00-00,32,15,17
2017-04-20-13-15-00,35,12,23
2017-04-20-13-30-00,31,13,18
2017-04-20-13-45-00,29,11,18
2017-04-20-14-00-00,30,17,13
2017-04-20-14-15-00,26,22,4
2017-04-20-14-30-00,36,19,17
2017-04-20-14-45-00,64,42,22
2017-04-20-15-00-00,39,28,11
2017-04-20-15-15-00,25,12,13
2017-04-20-15-30-00,40,28,12
2017-04-20-15-45-00,39,27,12
2017-04-20-16-00-00,39,21,18
2017-04-20-16-15-00,67,34,33
2017-04-20-16-30-00,47,30,17
2017-04-20-16-45-00,53,38,15
2017-04-20-17-00-00,69,46,23
2017-04-20-17-15-00,69,37,32
2017-04-20-17-30-00,55,41,14
2017-04-20-17-45-00,58,37,21
2017-04-20-18-00-00,66,45,21
2017-04-20-18-15-00,51,34,17
2017-04-20-18-30-00,35,24,11
2017-04-20-18-45-00,37,24,13
2017-04-20-19-00-00,45,24,21
2017-04-20-19-15-00,28,14,14
2017-04-20-19-30-00,31,22,9
2017-04-20-19-45-00,31,17,14
2017-04-20-20-00-00,8,7,1
2017-04-20-20-15-00,11,5,6
2017-04-20-20-30-00,13,3,10
2017-04-20-20-45-00,12,6,6
2017-04-20-21-00-00,2,1,1
2017-04-20-21-15-00,1,1,0
2017-04-20-21-30-00,5,3,2
2017-04-20-21-45-00,2,0,2
2017-04-20-22-00-00,10,6,4
2017-04-20-22-15-00,1,0,1
2017-04-20-22-30-00,1,1,0
2017-04-20-22-45-00,0,0,0
2017-04-20-23-00-00,0,0,0
2017-04-20-23-15-00,1,1,0
2017-04-20-23-30-00,0,0,0
2017-04-20-23-45-00,0,0,0
2017-04-21-00-00-00,0,0,0
2017-04-21-00-15-00,0,0,0
2017-04-21-00-30-00,0,0,0
2017-04-21-00-45-00,0,0,0
2017-04-21-01-00-00,0,0,0
2017-04-21-01-15-00,1,1,0
2017-04-21-01-30-00,0,0,0
2017-04-21-01-45-00,0,0,0
2017-04-21-02-00-00,0,0,0
2017-04-21-02-15-00,0,0,0
2017-04-21-02-30-00,0,0,0
2017-04-21-02-45-00,0,0,0
2017-04-21-03-00-00,1,1,0
2017-04-21-03-15-00,0,0,0
2017-04-21-03-30-00,0,0,0
2017-04-21-03-45-00,0,0,0
2017-04-21-04-00-00,0,0,0
2017-04-21-04-15-00,0,0,0
2017-04-21-04-30-00,0,0,0
2017-04-21-04-45-00,0,0,0
2017-04-21-05-00-00,1,0,1
2017-04-21-05-15-00,0,0,0
2017-04-21-05-30-00,0,0,0
2017-04-21-05-45-00,6,2,4
2017-04-21-06-00-00,2,1,1
2017-04-21-06-15-00,8,3,5
2017-04-21-06-30-00,5,3,2
2017-04-21-06-45-00,8,3,5
2017-04-21-07-00-00,9,3,6
2017-04-21-07-15-00,16,8,8
2017-04-21-07-30-00,17,5,12
2017-04-21-07-45-00,27,5,22
2017-04-21-08-00-00,17,1,16
2017-04-21-08-15-00,28,5,23
2017-04-21-08-30-00,19,6,13
2017-04-21-08-45-00,29,1,28
2017-04-21-09-00-00,24,5,19
2017-04-21-09-15-00,10,2,8
2017-04-21-09-30-00,9,4,5
2017-04-21-09-45-00,10,3,7
2017-04-21-10-00-00,1,1,0
2017-04-21-10-15-00,14,6,8
2017-04-21-10-30-00,10,5,5
2017-04-21-10-45-00,9,5,4
2017-04-21-11-00-00,13,10,3
2017-04-21-11-15-00,10,6,4
2017-04-21-11-30-00,14,11,3
2017-04-21-11-45-00,11,5,6
2017-04-21-12-00-00,9,6,3
2017-04-21-12-15-00,20,11,9
2017-04-21-12-30-00,16,8,8
2017-04-21-12-45-00,16,9,7
2017-04-21-13-00-00,9,3,6
2017-04-21-13-15-00,15,6,9
2017-04-21-13-30-00,17,11,6
2017-04-21-13-45-00,18,8,10
2017-04-21-14-00-00,17,12,5
2017-04-21-14-15-00,15,6,9
2017-04-21-14-30-00,28,18,10
2017-04-21-14-45-00,17,10,7
2017-04-21-15-00-00,19,16,3
2017-04-21-15-15-00,36,22,14
2017-04-21-15-30-00,38,18,20
2017-04-21-15-45-00,28,15,13
2017-04-21-16-00-00,36,32,4
2017-04-21-16-15-00,44,26,18
2017-04-21-16-30-00,24,16,8
2017-04-21-16-45-00,25,12,13
2017-04-21-17-00-00,43,31,12
2017-04-21-17-15-00,22,13,9
2017-04-21-17-30-00,19,13,6
2017-04-21-17-45-00,28,17,11
2017-04-21-18-00-00,26,17,9
2017-04-21-18-15-00,32,21,11
2017-04-21-18-30-00,22,15,7
2017-04-21-18-45-00,27,20,7
2017-04-21-19-00-00,15,7,8
2017-04-21-19-15-00,19,13,6
2017-04-21-19-30-00,9,8,1
2017-04-21-19-45-00,8,3,5
2017-04-21-20-00-00,10,6,4
2017-04-21-20-15-00,9,5,4
2017-04-21-20-30-00,3,2,1
2017-04-21-20-45-00,8,4,4
2017-04-21-21-00-00,6,2,4
2017-04-21-21-15-00,6,5,1
2017-04-21-21-30-00,3,1,2
2017-04-21-21-45-00,0,0,0
2017-04-21-22-00-00,3,1,2
2017-04-21-22-15-00,2,2,0
2017-04-21-22-30-00,1,1,0
2017-04-21-22-45-00,2,1,1
2017-04-21-23-00-00,1,0,1
2017-04-21-23-15-00,1,1,0
2017-04-21-23-30-00,1,0,1
2017-04-21-23-45-00,1,1,0
2017-04-22-00-00-00,1,0,1
2017-04-22-00-15-00,0,0,0
2017-04-22-00-30-00,0,0,0
2017-04-22-00-45-00,0,0,0
2017-04-22-01-00-00,0,0,0
2017-04-22-01-15-00,1,1,0
2017-04-22-01-30-00,0,0,0
2017-04-22-01-45-00,2,1,1
2017-04-22-02-00-00,0,0,0
2017-04-22-02-15-00,0,0,0
2017-04-22-02-30-00,0,0,0
2017-04-22-02-45-00,0,0,0
2017-04-22-03-00-00,0,0,0
2017-04-22-03-15-00,0,0,0
2017-04-22-03-30-00,0,0,0
2017-04-22-03-45-00,0,0,0
2017-04-22-04-00-00,0,0,0
2017-04-22-04-15-00,0,0,0
2017-04-22-04-30-00,0,0,0
2017-04-22-04-45-00,0,0,0
2017-04-22-05-00-00,0,0,0
2017-04-22-05-15-00,2,1,1
2017-04-22-05-30-00,1,1,0
2017-04-22-05-45-00,1,1,0
2017-04-22-06-00-00,0,0,0
2017-04-22-06-15-00,0,0,0
2017-04-22-06-30-00,2,0,2
2017-04-22-06-45-00,3,2,1
2017-04-22-07-00-00,2,0,2
2017-04-22-07-15-00,4,0,4
2017-04-22-07-30-00,3,0,3
2017-04-22-07-45-00,8,2,6
2017-04-22-08-00-00,4,4,0
2017-04-22-08-15-00,2,1,1
2017-04-22-08-30-00,4,1,3
2017-04-22-08-45-00,5,3,2
2017-04-22-09-00-00,3,2,1
2017-04-22-09-15-00,2,2,0
2017-04-22-09-30-00,1,0,1
2017-04-22-09-45-00,3,0,3
2017-04-22-10-00-00,1,0,1
2017-04-22-10-15-00,6,1,5
2017-04-22-10-30-00,8,6,2
2017-04-22-10-45-00,17,6,11
2017-04-22-11-00-00,14,3,11
2017-04-22-11-15-00,19,4,15
2017-04-22-11-30-00,20,12,8
2017-04-22-11-45-00,15,7,8
2017-04-22-12-00-00,16,3,13
2017-04-22-12-15-00,15,8,7
2017-04-22-12-30-00,10,1,9
2017-04-22-12-45-00,17,9,8
2017-04-22-13-00-00,16,8,8
2017-04-22-13-15-00,9,5,4
2017-04-22-13-30-00,17,8,9
2017-04-22-13-45-00,30,17,13
2017-04-22-14-00-00,23,13,10
2017-04-22-14-15-00,16,11,5
2017-04-22-14-30-00,31,16,15
2017-04-22-14-45-00,33,25,8
2017-04-22-15-00-00,15,7,8
2017-04-22-15-15-00,17,9,8
2017-04-22-15-30-00,14,8,6
2017-04-22-15-45-00,16,1,15
2017-04-22-16-00-00,20,9,11
2017-04-22-16-15-00,14,5,9
2017-04-22-16-30-00,16,8,8
2017-04-22-16-45-00,25,11,14
2017-04-22-17-00-00,17,11,6
2017-04-22-17-15-00,29,13,16
2017-04-22-17-30-00,12,8,4
2017-04-22-17-45-00,11,8,3
2017-04-22-18-00-00,20,15,5
2017-04-22-18-15-00,14,8,6
2017-04-22-18-30-00,13,5,8
2017-04-22-18-45-00,8,3,5
2017-04-22-19-00-00,5,4,1
2017-04-22-19-15-00,9,6,3
2017-04-22-19-30-00,9,6,3
2017-04-22-19-45-00,11,4,7
2017-04-22-20-00-00,5,1,4
2017-04-22-20-15-00,12,7,5
2017-04-22-20-30-00,3,2,1
2017-04-22-20-45-00,3,2,1
2017-04-22-21-00-00,2,1,1
2017-04-22-21-15-00,2,2,0
2017-04-22-21-30-00,3,3,0
2017-04-22-21-45-00,1,1,0
2017-04-22-22-00-00,0,0,0
2017-04-22-22-15-00,1,1,0
2017-04-22-22-30-00,0,0,0
2017-04-22-22-45-00,1,1,0
2017-04-22-23-00-00,0,0,0
2017-04-22-23-15-00,2,1,1
2017-04-22-23-30-00,2,0,2
2017-04-22-23-45-00,1,0,1
2017-04-23-00-00-00,1,1,0
2017-04-23-00-15-00,0,0,0
2017-04-23-00-30-00,1,1,0
2017-04-23-00-45-00,2,2,0
2017-04-23-01-00-00,0,0,0
2017-04-23-01-15-00,1,0,1
2017-04-23-01-30-00,0,0,0
2017-04-23-01-45-00,0,0,0
2017-04-23-02-00-00,1,0,1
2017-04-23-02-15-00,0,0,0
2017-04-23-02-30-00,1,0,1
2017-04-23-02-45-00,0,0,0
2017-04-23-03-00-00,3,0,3
2017-04-23-03-15-00,0,0,0
2017-04-23-03-30-00,0,0,0
2017-04-23-03-45-00,0,0,0
2017-04-23-04-00-00,0,0,0
2017-04-23-04-15-00,0,0,0
2017-04-23-04-30-00,0,0,0
2017-04-23-04-45-00,0,0,0
2017-04-23-05-00-00,0,0,0
2017-04-23-05-15-00,0,0,0
2017-04-23-05-30-00,0,0,0
2017-04-23-05-45-00,0,0,0
2017-04-23-06-00-00,1,1,0
2017-04-23-06-15-00,0,0,0
2017-04-23-06-30-00,0,0,0
2017-04-23-06-45-00,3,1,2
2017-04-23-07-00-00,2,0,2
2017-04-23-07-15-00,4,1,3
2017-04-23-07-30-00,1,1,0
2017-04-23-07-45-00,6,0,6
2017-04-23-08-00-00,3,3,0
2017-04-23-08-15-00,5,1,4
2017-04-23-08-30-00,8,5,3
2017-04-23-08-45-00,6,2,4
2017-04-23-09-00-00,6,4,2
2017-04-23-09-15-00,11,6,5
2017-04-23-09-30-00,16,7,9
2017-04-23-09-45-00,12,6,6
2017-04-23-10-00-00,18,6,12
2017-04-23-10-15-00,28,12,16
2017-04-23-10-30-00,31,9,22
2017-04-23-10-45-00,21,16,5
2017-04-23-11-00-00,13,6,7
2017-04-23-11-15-00,41,17,24
2017-04-23-11-30-00,17,9,8
2017-04-23-11-45-00,35,10,25
2017-04-23-12-00-00,39,18,21
2017-04-23-12-15-00,42,22,20
2017-04-23-12-30-00,44,19,25
2017-04-23-12-45-00,45,20,25
2017-04-23-13-00-00,30,9,21
2017-04-23-13-15-00,56,26,30
2017-04-23-13-30-00,51,26,25
2017-04-23-13-45-00,47,20,27
2017-04-23-14-00-00,42,17,25
2017-04-23-14-15-00,38,16,22
2017-04-23-14-30-00,54,32,22
2017-04-23-14-45-00,40,20,20
2017-04-23-15-00-00,58,33,25
2017-04-23-15-15-00,52,24,28
2017-04-23-15-30-00,65,32,33
2017-04-23-15-45-00,37,18,19
2017-04-23-16-00-00,64,41,23
2017-04-23-16-15-00,64,38,26
2017-04-23-16-30-00,65,40,25
2017-04-23-16-45-00,47,29,18
2017-04-23-17-00-00,21,11,10
2017-04-23-17-15-00,36,18,18
2017-04-23-17-30-00,31,13,18
2017-04-23-17-45-00,30,24,6
2017-04-23-18-00-00,22,16,6
2017-04-23-18-15-00,33,17,16
2017-04-23-18-30-00,5,5,0
2017-04-23-18-45-00,21,12,9
2017-04-23-19-00-00,13,6,7
2017-04-23-19-15-00,19,17,2
2017-04-23-19-30-00,13,9,4
2017-04-23-19-45-00,22,12,10
2017-04-23-20-00-00,12,4,8
2017-04-23-20-15-00,6,4,2
2017-04-23-20-30-00,8,5,3
2017-04-23-20-45-00,1,1,0
2017-04-23-21-00-00,2,0,2
2017-04-23-21-15-00,0,0,0
2017-04-23-21-30-00,2,2,0
2017-04-23-21-45-00,0,0,0
2017-04-23-22-00-00,0,0,0
2017-04-23-22-15-00,2,0,2
2017-04-23-22-30-00,0,0,0
2017-04-23-22-45-00,0,0,0
2017-04-23-23-00-00,4,2,2
2017-04-23-23-15-00,1,1,0
2017-04-23-23-30-00,0,0,0
2017-04-23-23-45-00,1,1,0
2017-04-24-00-00-00,0,0,0
2017-04-24-00-15-00,1,0,1
2017-04-24-00-30-00,1,1,0
2017-04-24-00-45-00,0,0,0
2017-04-24-01-00-00,0,0,0
2017-04-24-01-15-00,0,0,0
2017-04-24-01-30-00,0,0,0
2017-04-24-01-45-00,0,0,0
2017-04-24-02-00-00,0,0,0
2017-04-24-02-15-00,0,0,0
2017-04-24-02-30-00,0,0,0
2017-04-24-02-45-00,0,0,0
2017-04-24-03-00-00,0,0,0
2017-04-24-03-15-00,0,0,0
2017-04-24-03-30-00,0,0,0
2017-04-24-03-45-00,0,0,0
2017-04-24-04-00-00,0,0,0
2017-04-24-04-15-00,1,0,1
2017-04-24-04-30-00,0,0,0
2017-04-24-04-45-00,0,0,0
2017-04-24-05-00-00,1,0,1
2017-04-24-05-15-00,0,0,0
2017-04-24-05-30-00,0,0,0
2017-04-24-05-45-00,2,1,1
2017-04-24-06-00-00,5,2,3
2017-04-24-06-15-00,13,5,8
2017-04-24-06-30-00,9,0,9
2017-04-24-06-45-00,15,10,5
2017-04-24-07-00-00,25,8,17
2017-04-24-07-15-00,34,9,25
2017-04-24-07-30-00,53,19,34
2017-04-24-07-45-00,57,16,41
2017-04-24-08-00-00,60,18,42
2017-04-24-08-15-00,51,7,44
2017-04-24-08-30-00,60,13,47
2017-04-24-08-45-00,39,5,34
2017-04-24-09-00-00,33,7,26
2017-04-24-09-15-00,24,12,12
2017-04-24-09-30-00,16,2,14
2017-04-24-09-45-00,13,1,12
2017-04-24-10-00-00,17,3,14
2017-04-24-10-15-00,17,5,12
2017-04-24-10-30-00,10,5,5
2017-04-24-10-45-00,13,7,6
2017-04-24-11-00-00,18,9,9
2017-04-24-11-15-00,21,12,9
2017-04-24-11-30-00,28,15,13
2017-04-24-11-45-00,23,8,15
2017-04-24-12-00-00,22,9,13
2017-04-24-12-15-00,28,13,15
2017-04-24-12-30-00,23,9,14
2017-04-24-12-45-00,28,12,16
2017-04-24-13-00-00,37,19,18
2017-04-24-13-15-00,30,12,18
2017-04-24-13-30-00,35,20,15
2017-04-24-13-45-00,34,18,16
2017-04-24-14-00-00,41,21,20
2017-04-24-14-15-00,31,13,18
2017-04-24-14-30-00,41,20,21
2017-04-24-14-45-00,45,25,20
2017-04-24-15-00-00,47,29,18
2017-04-24-15-15-00,52,30,22
2017-04-24-15-30-00,44,30,14
2017-04-24-15-45-00,62,37,25
2017-04-24-16-00-00,65,39,26
2017-04-24-16-15-00,77,45,32
2017-04-24-16-30-00,76,42,34
2017-04-24-16-45-00,62,39,23
2017-04-24-17-00-00,64,41,23
2017-04-24-17-15-00,85,63,22
2017-04-24-17-30-00,79,53,26
2017-04-24-17-45-00,66,41,25
2017-04-24-18-00-00,56,38,18
2017-04-24-18-15-00,61,37,24
2017-04-24-18-30-00,72,47,25
2017-04-24-18-45-00,52,36,16
2017-04-24-19-00-00,42,25,17
2017-04-24-19-15-00,43,26,17
2017-04-24-19-30-00,35,17,18
2017-04-24-19-45-00,27,19,8
2017-04-24-20-00-00,17,11,6
2017-04-24-20-15-00,25,12,13
2017-04-24-20-30-00,7,4,3
2017-04-24-20-45-00,14,7,7
2017-04-24-21-00-00,10,8,2
2017-04-24-21-15-00,6,4,2
2017-04-24-21-30-00,4,2,2
2017-04-24-21-45-00,6,3,3
2017-04-24-22-00-00,6,6,0
2017-04-24-22-15-00,4,2,2
2017-04-24-22-30-00,2,1,1
2017-04-24-22-45-00,2,2,0
2017-04-24-23-00-00,0,0,0
2017-04-24-23-15-00,0,0,0
2017-04-24-23-30-00,0,0,0
2017-04-24-23-45-00,2,2,0
2017-04-25-00-00-00,1,1,0
2017-04-25-00-15-00,0,0,0
2017-04-25-00-30-00,0,0,0
2017-04-25-00-45-00,0,0,0
2017-04-25-01-00-00,1,1,0
2017-04-25-01-15-00,1,0,1
2017-04-25-01-30-00,1,1,0
2017-04-25-01-45-00,0,0,0
2017-04-25-02-00-00,1,0,1
2017-04-25-02-15-00,1,0,1
2017-04-25-02-30-00,0,0,0
2017-04-25-02-45-00,0,0,0
2017-04-25-03-00-00,0,0,0
2017-04-25-03-15-00,0,0,0
2017-04-25-03-30-00,0,0,0
2017-04-25-03-45-00,0,0,0
2017-04-25-04-00-00,0,0,0
2017-04-25-04-15-00,0,0,0
2017-04-25-04-30-00,0,0,0
2017-04-25-04-45-00,0,0,0
2017-04-25-05-00-00,1,0,1
2017-04-25-05-15-00,1,1,0
2017-04-25-05-30-00,2,0,2
2017-04-25-05-45-00,5,2,3
2017-04-25-06-00-00,1,1,0
2017-04-25-06-15-00,8,2,6
2017-04-25-06-30-00,4,2,2
2017-04-25-06-45-00,7,3,4
2017-04-25-07-00-00,17,8,9
2017-04-25-07-15-00,21,4,17
2017-04-25-07-30-00,38,15,23
2017-04-25-07-45-00,37,5,32
2017-04-25-08-00-00,34,5,29
2017-04-25-08-15-00,36,7,29
2017-04-25-08-30-00,44,14,30
2017-04-25-08-45-00,27,8,19
2017-04-25-09-00-00,14,0,14
2017-04-25-09-15-00,12,3,9
2017-04-25-09-30-00,15,2,13
2017-04-25-09-45-00,8,1,7
2017-04-25-10-00-00,4,1,3
2017-04-25-10-15-00,10,4,6
2017-04-25-10-30-00,6,4,2
2017-04-25-10-45-00,8,4,4
2017-04-25-11-00-00,11,7,4
2017-04-25-11-15-00,4,2,2
2017-04-25-11-30-00,4,1,3
2017-04-25-11-45-00,6,2,4
2017-04-25-12-00-00,10,3,7
2017-04-25-12-15-00,6,4,2
2017-04-25-12-30-00,9,4,5
2017-04-25-12-45-00,6,4,2
2017-04-25-13-00-00,12,9,3
2017-04-25-13-15-00,6,4,2
2017-04-25-13-30-00,14,7,7
2017-04-25-13-45-00,14,5,9
2017-04-25-14-00-00,11,7,4
2017-04-25-14-15-00,24,13,11
2017-04-25-14-30-00,22,16,6
2017-04-25-14-45-00,12,7,5
2017-04-25-15-00-00,15,11,4
2017-04-25-15-15-00,14,11,3
2017-04-25-15-30-00,20,11,9
2017-04-25-15-45-00,23,16,7
2017-04-25-16-00-00,27,16,11
2017-04-25-16-15-00,30,19,11
2017-04-25-16-30-00,29,16,13
2017-04-25-16-45-00,32,24,8
2017-04-25-17-00-00,39,28,11
2017-04-25-17-15-00,38,29,9
2017-04-25-17-30-00,41,31,10
2017-04-25-17-45-00,36,20,16
2017-04-25-18-00-00,31,18,13
2017-04-25-18-15-00,29,19,10
2017-04-25-18-30-00,34,21,13
2017-04-25-18-45-00,30,18,12
2017-04-25-19-00-00,16,7,9
2017-04-25-19-15-00,18,12,6
2017-04-25-19-30-00,15,8,7
2017-04-25-19-45-00,17,6,11
2017-04-25-20-00-00,12,5,7
2017-04-25-20-15-00,6,3,3
2017-04-25-20-30-00,9,4,5
2017-04-25-20-45-00,3,3,0
2017-04-25-21-00-00,3,1,2
2017-04-25-21-15-00,1,0,1
2017-04-25-21-30-00,1,1,0
2017-04-25-21-45-00,1,1,0
2017-04-25-22-00-00,3,2,1
2017-04-25-22-15-00,0,0,0
2017-04-25-22-30-00,2,2,0
2017-04-25-22-45-00,0,0,0
2017-04-25-23-00-00,0,0,0
2017-04-25-23-15-00,0,0,0
2017-04-25-23-30-00,3,0,3
2017-04-25-23-45-00,1,1,0
2017-04-26-00-00-00,0,0,0
2017-04-26-00-15-00,0,0,0
2017-04-26-00-30-00,0,0,0
2017-04-26-00-45-00,0,0,0
2017-04-26-01-00-00,0,0,0
2017-04-26-01-15-00,0,0,0
2017-04-26-01-30-00,0,0,0
2017-04-26-01-45-00,0,0,0
2017-04-26-02-00-00,0,0,0
2017-04-26-02-15-00,0,0,0
2017-04-26-02-30-00,0,0,0
2017-04-26-02-45-00,0,0,0
2017-04-26-03-00-00,0,0,0
2017-04-26-03-15-00,0,0,0
2017-04-26-03-30-00,0,0,0
2017-04-26-03-45-00,0,0,0
2017-04-26-04-00-00,0,0,0
2017-04-26-04-15-00,0,0,0
2017-04-26-04-30-00,0,0,0
2017-04-26-04-45-00,0,0,0
2017-04-26-05-00-00,0,0,0
2017-04-26-05-15-00,0,0,0
2017-04-26-05-30-00,2,2,0
2017-04-26-05-45-00,9,1,8
2017-04-26-06-00-00,4,4,0
2017-04-26-06-15-00,9,6,3
2017-04-26-06-30-00,7,1,6
2017-04-26-06-45-00,10,5,5
2017-04-26-07-00-00,30,11,19
2017-04-26-07-15-00,30,13,17
2017-04-26-07-30-00,37,13,24
2017-04-26-07-45-00,44,11,33
2017-04-26-08-00-00,34,5,29
2017-04-26-08-15-00,54,16,38
2017-04-26-08-30-00,57,14,43
2017-04-26-08-45-00,35,6,29
2017-04-26-09-00-00,30,6,24
2017-04-26-09-15-00,17,6,11
2017-04-26-09-30-00,16,5,11
2017-04-26-09-45-00,16,9,7
2017-04-26-10-00-00,1,0,1
2017-04-26-10-15-00,13,2,11
2017-04-26-10-30-00,7,3,4
2017-04-26-10-45-00,17,8,9
2017-04-26-11-00-00,18,12,6
2017-04-26-11-15-00,18,11,7
2017-04-26-11-30-00,18,12,6
2017-04-26-11-45-00,9,4,5
2017-04-26-12-00-00,10,7,3
2017-04-26-12-15-00,14,9,5
2017-04-26-12-30-00,15,9,6
2017-04-26-12-45-00,18,6,12
2017-04-26-13-00-00,24,13,11
2017-04-26-13-15-00,13,6,7
2017-04-26-13-30-00,30,4,26
2017-04-26-13-45-00,5,1,4
2017-04-26-14-00-00,19,13,6
2017-04-26-14-15-00,14,6,8
2017-04-26-14-30-00,15,6,9
2017-04-26-14-45-00,13,5,8
2017-04-26-15-00-00,9,5,4
2017-04-26-15-15-00,14,8,6
2017-04-26-15-30-00,21,10,11
2017-04-26-15-45-00,33,19,14
2017-04-26-16-00-00,41,26,15
2017-04-26-16-15-00,46,28,18
2017-04-26-16-30-00,52,36,16
2017-04-26-16-45-00,56,32,24
2017-04-26-17-00-00,37,31,6
2017-04-26-17-15-00,45,34,11
2017-04-26-17-30-00,56,33,23
2017-04-26-17-45-00,41,26,15
2017-04-26-18-00-00,42,26,16
2017-04-26-18-15-00,51,37,14
2017-04-26-18-30-00,50,34,16
2017-04-26-18-45-00,27,15,12
2017-04-26-19-00-00,32,24,8
2017-04-26-19-15-00,16,4,12
2017-04-26-19-30-00,20,13,7
2017-04-26-19-45-00,16,11,5
2017-04-26-20-00-00,16,10,6
2017-04-26-20-15-00,17,13,4
2017-04-26-20-30-00,9,5,4
2017-04-26-20-45-00,6,3,3
2017-04-26-21-00-00,9,7,2
2017-04-26-21-15-00,5,4,1
2017-04-26-21-30-00,6,3,3
2017-04-26-21-45-00,3,1,2
2017-04-26-22-00-00,1,0,1
2017-04-26-22-15-00,1,0,1
2017-04-26-22-30-00,1,1,0
2017-04-26-22-45-00,0,0,0
2017-04-26-23-00-00,1,1,0
2017-04-26-23-15-00,2,0,2
2017-04-26-23-30-00,1,0,1
2017-04-26-23-45-00,1,1,0
2017-04-27-00-00-00,0,0,0
2017-04-27-00-15-00,0,0,0
2017-04-27-00-30-00,0,0,0
2017-04-27-00-45-00,0,0,0
2017-04-27-01-00-00,2,1,1
2017-04-27-01-15-00,0,0,0
2017-04-27-01-30-00,0,0,0
2017-04-27-01-45-00,0,0,0
2017-04-27-02-00-00,0,0,0
2017-04-27-02-15-00,0,0,0
2017-04-27-02-30-00,0,0,0
2017-04-27-02-45-00,0,0,0
2017-04-27-03-00-00,0,0,0
2017-04-27-03-15-00,0,0,0
2017-04-27-03-30-00,0,0,0
2017-04-27-03-45-00,0,0,0
2017-04-27-04-00-00,0,0,0
2017-04-27-04-15-00,0,0,0
2017-04-27-04-30-00,0,0,0
2017-04-27-04-45-00,0,0,0
2017-04-27-05-00-00,0,0,0
2017-04-27-05-15-00,0,0,0
2017-04-27-05-30-00,1,1,0
2017-04-27-05-45-00,4,1,3
2017-04-27-06-00-00,8,2,6
2017-04-27-06-15-00,7,4,3
2017-04-27-06-30-00,8,0,8
2017-04-27-06-45-00,10,5,5
2017-04-27-07-00-00,22,8,14
2017-04-27-07-15-00,21,3,18
2017-04-27-07-30-00,29,8,21
2017-04-27-07-45-00,57,13,44
2017-04-27-08-00-00,46,7,39
2017-04-27-08-15-00,55,13,42
2017-04-27-08-30-00,46,11,35
2017-04-27-08-45-00,50,7,43
2017-04-27-09-00-00,25,8,17
2017-04-27-09-15-00,26,9,17
2017-04-27-09-30-00,15,7,8
2017-04-27-09-45-00,15,5,10
2017-04-27-10-00-00,12,3,9
2017-04-27-10-15-00,11,5,6
2017-04-27-10-30-00,15,7,8
2017-04-27-10-45-00,19,12,7
2017-04-27-11-00-00,11,6,5
2017-04-27-11-15-00,15,9,6
2017-04-27-11-30-00,11,6,5
2017-04-27-11-45-00,16,9,7
2017-04-27-12-00-00,13,8,5
2017-04-27-12-15-00,9,5,4
2017-04-27-12-30-00,15,5,10
2017-04-27-12-45-00,18,10,8
2017-04-27-13-00-00,20,11,9
2017-04-27-13-15-00,19,10,9
2017-04-27-13-30-00,19,7,12
2017-04-27-13-45-00,25,15,10
2017-04-27-14-00-00,12,7,5
2017-04-27-14-15-00,29,12,17
2017-04-27-14-30-00,29,19,10
2017-04-27-14-45-00,29,12,17
2017-04-27-15-00-00,16,8,8
2017-04-27-15-15-00,30,21,9
2017-04-27-15-30-00,41,27,14
2017-04-27-15-45-00,32,16,16
2017-04-27-16-00-00,51,34,17
2017-04-27-16-15-00,38,22,16
2017-04-27-16-30-00,47,34,13
2017-04-27-16-45-00,54,32,22
2017-04-27-17-00-00,60,34,26
2017-04-27-17-15-00,64,39,25
2017-04-27-17-30-00,62,43,19
2017-04-27-17-45-00,63,42,21
2017-04-27-18-00-00,62,42,20
2017-04-27-18-15-00,41,29,12
2017-04-27-18-30-00,44,31,13
2017-04-27-18-45-00,43,23,20
2017-04-27-19-00-00,31,19,12
2017-04-27-19-15-00,18,11,7
2017-04-27-19-30-00,35,26,9
2017-04-27-19-45-00,29,23,6
2017-04-27-20-00-00,16,11,5
2017-04-27-20-15-00,17,6,11
2017-04-27-20-30-00,9,1,8
2017-04-27-20-45-00,8,5,3
2017-04-27-21-00-00,9,7,2
2017-04-27-21-15-00,6,2,4
2017-04-27-21-30-00,9,8,1
2017-04-27-21-45-00,5,0,5
2017-04-27-22-00-00,9,5,4
2017-04-27-22-15-00,3,2,1
2017-04-27-22-30-00,1,0,1
2017-04-27-22-45-00,3,1,2
2017-04-27-23-00-00,0,0,0
2017-04-27-23-15-00,4,1,3
2017-04-27-23-30-00,1,0,1
2017-04-27-23-45-00,0,0,0
2017-04-28-00-00-00,1,1,0
2017-04-28-00-15-00,0,0,0
2017-04-28-00-30-00,0,0,0
2017-04-28-00-45-00,0,0,0
2017-04-28-01-00-00,0,0,0
2017-04-28-01-15-00,0,0,0
2017-04-28-01-30-00,0,0,0
2017-04-28-01-45-00,0,0,0
2017-04-28-02-00-00,0,0,0
2017-04-28-02-15-00,0,0,0
2017-04-28-02-30-00,0,0,0
2017-04-28-02-45-00,0,0,0
2017-04-28-03-00-00,0,0,0
2017-04-28-03-15-00,0,0,0
2017-04-28-03-30-00,0,0,0
2017-04-28-03-45-00,1,0,1
2017-04-28-04-00-00,0,0,0
2017-04-28-04-15-00,0,0,0
2017-04-28-04-30-00,0,0,0
2017-04-28-04-45-00,0,0,0
2017-04-28-05-00-00,0,0,0
2017-04-28-05-15-00,1,0,1
2017-04-28-05-30-00,1,1,0
2017-04-28-05-45-00,6,2,4
2017-04-28-06-00-00,5,3,2
2017-04-28-06-15-00,7,3,4
2017-04-28-06-30-00,5,0,5
2017-04-28-06-45-00,13,6,7
2017-04-28-07-00-00,13,3,10
2017-04-28-07-15-00,23,12,11
2017-04-28-07-30-00,30,7,23
2017-04-28-07-45-00,40,7,33
2017-04-28-08-00-00,39,9,30
2017-04-28-08-15-00,37,5,32
2017-04-28-08-30-00,51,13,38
2017-04-28-08-45-00,39,3,36
2017-04-28-09-00-00,11,5,6
2017-04-28-09-15-00,23,6,17
2017-04-28-09-30-00,12,6,6
2017-04-28-09-45-00,16,7,9
2017-04-28-10-00-00,15,7,8
2017-04-28-10-15-00,16,9,7
2017-04-28-10-30-00,16,11,5
2017-04-28-10-45-00,15,8,7
2017-04-28-11-00-00,10,7,3
2017-04-28-11-15-00,31,27,4
2017-04-28-11-30-00,14,4,10
2017-04-28-11-45-00,11,6,5
2017-04-28-12-00-00,12,6,6
2017-04-28-12-15-00,16,13,3
2017-04-28-12-30-00,21,11,10
2017-04-28-12-45-00,22,8,14
2017-04-28-13-00-00,19,9,10
2017-04-28-13-15-00,20,12,8
2017-04-28-13-30-00,21,13,8
2017-04-28-13-45-00,36,24,12
2017-04-28-14-00-00,17,13,4
2017-04-28-14-15-00,27,17,10
2017-04-28-14-30-00,25,16,9
2017-04-28-14-45-00,29,16,13
2017-04-28-15-00-00,27,21,6
2017-04-28-15-15-00,30,21,9
2017-04-28-15-30-00,27,11,16
2017-04-28-15-45-00,32,23,9
2017-04-28-16-00-00,28,20,8
2017-04-28-16-15-00,35,28,7
2017-04-28-16-30-00,30,15,15
2017-04-28-16-45-00,40,25,15
2017-04-28-17-00-00,25,15,10
2017-04-28-17-15-00,41,31,10
2017-04-28-17-30-00,23,16,7
2017-04-28-17-45-00,29,20,9
2017-04-28-18-00-00,23,15,8
2017-04-28-18-15-00,23,15,8
2017-04-28-18-30-00,12,9,3
2017-04-28-18-45-00,19,13,6
2017-04-28-19-00-00,15,7,8
2017-04-28-19-15-00,12,9,3
2017-04-28-19-30-00,11,3,8
2017-04-28-19-45-00,19,13,6
2017-04-28-20-00-00,6,1,5
2017-04-28-20-15-00,6,2,4
2017-04-28-20-30-00,10,6,4
2017-04-28-20-45-00,6,3,3
2017-04-28-21-00-00,8,6,2
2017-04-28-21-15-00,2,1,1
2017-04-28-21-30-00,1,1,0
2017-04-28-21-45-00,5,2,3
2017-04-28-22-00-00,2,1,1
2017-04-28-22-15-00,3,2,1
2017-04-28-22-30-00,4,2,2
2017-04-28-22-45-00,2,2,0
2017-04-28-23-00-00,0,0,0
2017-04-28-23-15-00,3,2,1
2017-04-28-23-30-00,1,1,0
2017-04-28-23-45-00,0,0,0
2017-04-29-00-00-00,2,0,2
2017-04-29-00-15-00,0,0,0
2017-04-29-00-30-00,0,0,0
2017-04-29-00-45-00,0,0,0
2017-04-29-01-00-00,0,0,0
2017-04-29-01-15-00,1,0,1
2017-04-29-01-30-00,0,0,0
2017-04-29-01-45-00,0,0,0
2017-04-29-02-00-00,3,1,2
2017-04-29-02-15-00,0,0,0
2017-04-29-02-30-00,3,1,2
2017-04-29-02-45-00,0,0,0
2017-04-29-03-00-00,0,0,0
2017-04-29-03-15-00,0,0,0
2017-04-29-03-30-00,1,0,1
2017-04-29-03-45-00,0,0,0
2017-04-29-04-00-00,0,0,0
2017-04-29-04-15-00,0,0,0
2017-04-29-04-30-00,0,0,0
2017-04-29-04-45-00,0,0,0
2017-04-29-05-00-00,0,0,0
2017-04-29-05-15-00,0,0,0
2017-04-29-05-30-00,0,0,0
2017-04-29-05-45-00,2,0,2
2017-04-29-06-00-00,2,2,0
2017-04-29-06-15-00,1,1,0
2017-04-29-06-30-00,2,1,1
2017-04-29-06-45-00,0,0,0
2017-04-29-07-00-00,3,3,0
2017-04-29-07-15-00,2,1,1
2017-04-29-07-30-00,2,0,2
2017-04-29-07-45-00,2,1,1
2017-04-29-08-00-00,4,1,3
2017-04-29-08-15-00,5,3,2
2017-04-29-08-30-00,4,2,2
2017-04-29-08-45-00,7,4,3
2017-04-29-09-00-00,2,2,0
2017-04-29-09-15-00,10,8,2
2017-04-29-09-30-00,5,4,1
2017-04-29-09-45-00,17,8,9
2017-04-29-10-00-00,13,9,4
2017-04-29-10-15-00,13,5,8
2017-04-29-10-30-00,18,7,11
2017-04-29-10-45-00,9,3,6
2017-04-29-11-00-00,25,14,11
2017-04-29-11-15-00,16,8,8
2017-04-29-11-30-00,31,14,17
2017-04-29-11-45-00,31,13,18
2017-04-29-12-00-00,24,9,15
2017-04-29-12-15-00,31,13,18
2017-04-29-12-30-00,28,17,11
2017-04-29-12-45-00,29,8,21
2017-04-29-13-00-00,39,22,17
2017-04-29-13-15-00,25,15,10
2017-04-29-13-30-00,21,10,11
2017-04-29-13-45-00,26,8,18
2017-04-29-14-00-00,30,22,8
2017-04-29-14-15-00,45,16,29
2017-04-29-14-30-00,37,15,22
2017-04-29-14-45-00,36,14,22
2017-04-29-15-00-00,32,21,11
2017-04-29-15-15-00,37,22,15
2017-04-29-15-30-00,45,31,14
2017-04-29-15-45-00,47,27,20
2017-04-29-16-00-00,53,31,22
2017-04-29-16-15-00,57,33,24
2017-04-29-16-30-00,48,21,27
2017-04-29-16-45-00,57,38,19
2017-04-29-17-00-00,40,21,19
2017-04-29-17-15-00,37,23,14
2017-04-29-17-30-00,64,19,45
2017-04-29-17-45-00,37,17,20
2017-04-29-18-00-00,66,25,41
2017-04-29-18-15-00,46,18,28
2017-04-29-18-30-00,53,32,21
2017-04-29-18-45-00,26,13,13
2017-04-29-19-00-00,29,21,8
2017-04-29-19-15-00,51,28,23
2017-04-29-19-30-00,33,21,12
2017-04-29-19-45-00,33,17,16
2017-04-29-20-00-00,26,20,6
2017-04-29-20-15-00,21,8,13
2017-04-29-20-30-00,8,4,4
2017-04-29-20-45-00,9,4,5
2017-04-29-21-00-00,5,1,4
2017-04-29-21-15-00,3,2,1
2017-04-29-21-30-00,6,6,0
2017-04-29-21-45-00,9,2,7
2017-04-29-22-00-00,2,2,0
2017-04-29-22-15-00,3,1,2
2017-04-29-22-30-00,0,0,0
2017-04-29-22-45-00,3,1,2
2017-04-29-23-00-00,2,1,1
2017-04-29-23-15-00,1,0,1
2017-04-29-23-30-00,1,1,0
2017-04-29-23-45-00,2,0,2
2017-04-30-00-00-00,0,0,0
2017-04-30-00-15-00,0,0,0
2017-04-30-00-30-00,3,2,1
2017-04-30-00-45-00,3,2,1
2017-04-30-01-00-00,0,0,0
2017-04-30-01-15-00,0,0,0
2017-04-30-01-30-00,1,0,1
2017-04-30-01-45-00,0,0,0
2017-04-30-02-00-00,2,2,0
2017-04-30-02-15-00,0,0,0
2017-04-30-02-30-00,0,0,0
2017-04-30-02-45-00,2,0,2
2017-04-30-03-00-00,0,0,0
2017-04-30-03-15-00,0,0,0
2017-04-30-03-30-00,0,0,0
2017-04-30-03-45-00,1,0,1
2017-04-30-04-00-00,0,0,0
2017-04-30-04-15-00,0,0,0
2017-04-30-04-30-00,0,0,0
2017-04-30-04-45-00,1,1,0
2017-04-30-05-00-00,1,1,0
2017-04-30-05-15-00,0,0,0
2017-04-30-05-30-00,0,0,0
2017-04-30-05-45-00,0,0,0
2017-04-30-06-00-00,1,1,0
2017-04-30-06-15-00,0,0,0
2017-04-30-06-30-00,2,0,2
2017-04-30-06-45-00,1,0,1
2017-04-30-07-00-00,2,1,1
2017-04-30-07-15-00,2,0,2
2017-04-30-07-30-00,3,3,0
2017-04-30-07-45-00,9,2,7
2017-04-30-08-00-00,6,2,4
2017-04-30-08-15-00,15,6,9
2017-04-30-08-30-00,13,9,4
2017-04-30-08-45-00,7,1,6
2017-04-30-09-00-00,20,6,14
2017-04-30-09-15-00,14,7,7
2017-04-30-09-30-00,27,8,19
2017-04-30-09-45-00,26,12,14
2017-04-30-10-00-00,27,13,14
2017-04-30-10-15-00,61,21,40
2017-04-30-10-30-00,57,30,27
2017-04-30-10-45-00,75,26,49
2017-04-30-11-00-00,80,39,41
2017-04-30-11-15-00,85,40,45
2017-04-30-11-30-00,109,34,75
2017-04-30-11-45-00,98,35,63
2017-04-30-12-00-00,116,50,66
2017-04-30-12-15-00,99,34,65
2017-04-30-12-30-00,94,39,55
2017-04-30-12-45-00,109,46,63
2017-04-30-13-00-00,100,35,65
2017-04-30-13-15-00,125,47,78
2017-04-30-13-30-00,122,64,58
2017-04-30-13-45-00,127,59,68
2017-04-30-14-00-00,125,50,75
2017-04-30-14-15-00,132,55,77
2017-04-30-14-30-00,152,83,69
2017-04-30-14-45-00,133,64,69
2017-04-30-15-00-00,157,89,68
2017-04-30-15-15-00,100,46,54
2017-04-30-15-30-00,175,94,81
2017-04-30-15-45-00,122,73,49
2017-04-30-16-00-00,142,84,58
2017-04-30-16-15-00,139,80,59
2017-04-30-16-30-00,146,94,52
2017-04-30-16-45-00,127,66,61
2017-04-30-17-00-00,97,45,52
2017-04-30-17-15-00,157,100,57
2017-04-30-17-30-00,126,68,58
2017-04-30-17-45-00,108,73,35
2017-04-30-18-00-00,106,76,30
2017-04-30-18-15-00,100,58,42
2017-04-30-18-30-00,70,45,25
2017-04-30-18-45-00,71,45,26
2017-04-30-19-00-00,75,42,33
2017-04-30-19-15-00,58,32,26
2017-04-30-19-30-00,51,35,16
2017-04-30-19-45-00,52,38,14
2017-04-30-20-00-00,36,27,9
2017-04-30-20-15-00,44,29,15
2017-04-30-20-30-00,28,21,7
2017-04-30-20-45-00,25,18,7
2017-04-30-21-00-00,12,6,6
2017-04-30-21-15-00,24,23,1
2017-04-30-21-30-00,19,17,2
2017-04-30-21-45-00,10,9,1
2017-04-30-22-00-00,16,8,8
2017-04-30-22-15-00,16,14,2
2017-04-30-22-30-00,5,5,0
2017-04-30-22-45-00,0,0,0
2017-04-30-23-00-00,2,1,1
2017-04-30-23-15-00,3,3,0
2017-04-30-23-30-00,0,0,0
2017-04-30-23-45-00,2,1,1
2017-05-01-00-00-00,5,3,2
2017-05-01-00-15-00,4,4,0
2017-05-01-00-30-00,0,0,0
2017-05-01-00-45-00,0,0,0
2017-05-01-01-00-00,0,0,0
2017-05-01-01-15-00,0,0,0
2017-05-01-01-30-00,1,0,1
2017-05-01-01-45-00,0,0,0
2017-05-01-02-00-00,0,0,0
2017-05-01-02-15-00,0,0,0
2017-05-01-02-30-00,0,0,0
2017-05-01-02-45-00,1,0,1
2017-05-01-03-00-00,2,1,1
2017-05-01-03-15-00,1,0,1
2017-05-01-03-30-00,0,0,0
2017-05-01-03-45-00,0,0,0
2017-05-01-04-00-00,0,0,0
2017-05-01-04-15-00,1,1,0
2017-05-01-04-30-00,0,0,0
2017-05-01-04-45-00,0,0,0
2017-05-01-05-00-00,0,0,0
2017-05-01-05-15-00,1,0,1
2017-05-01-05-30-00,1,0,1
2017-05-01-05-45-00,0,0,0
2017-05-01-06-00-00,1,0,1
2017-05-01-06-15-00,0,0,0
2017-05-01-06-30-00,1,1,0
2017-05-01-06-45-00,0,0,0
2017-05-01-07-00-00,3,3,0
2017-05-01-07-15-00,0,0,0
2017-05-01-07-30-00,2,1,1
2017-05-01-07-45-00,6,3,3
2017-05-01-08-00-00,3,2,1
2017-05-01-08-15-00,2,0,2
2017-05-01-08-30-00,3,2,1
2017-05-01-08-45-00,1,1,0
2017-05-01-09-00-00,2,1,1
2017-05-01-09-15-00,3,1,2
2017-05-01-09-30-00,0,0,0
2017-05-01-09-45-00,4,4,0
2017-05-01-10-00-00,8,6,2
2017-05-01-10-15-00,7,5,2
2017-05-01-10-30-00,5,2,3
2017-05-01-10-45-00,3,2,1
2017-05-01-11-00-00,2,1,1
2017-05-01-11-15-00,6,1,5
2017-05-01-11-30-00,5,3,2
2017-05-01-11-45-00,0,0,0
2017-05-01-12-00-00,1,1,0
2017-05-01-12-15-00,2,2,0
2017-05-01-12-30-00,2,0,2
2017-05-01-12-45-00,2,1,1
2017-05-01-13-00-00,3,3,0
2017-05-01-13-15-00,1,1,0
2017-05-01-13-30-00,4,3,1
2017-05-01-13-45-00,3,3,0
2017-05-01-14-00-00,1,0,1
2017-05-01-14-15-00,1,1,0
2017-05-01-14-30-00,2,2,0
2017-05-01-14-45-00,4,3,1
2017-05-01-15-00-00,1,0,1
2017-05-01-15-15-00,2,1,1
2017-05-01-15-30-00,5,0,5
2017-05-01-15-45-00,4,2,2
2017-05-01-16-00-00,16,9,7
2017-05-01-16-15-00,8,4,4
2017-05-01-16-30-00,10,4,6
2017-05-01-16-45-00,4,3,1
2017-05-01-17-00-00,8,3,5
2017-05-01-17-15-00,5,4,1
2017-05-01-17-30-00,3,1,2
2017-05-01-17-45-00,5,4,1
2017-05-01-18-00-00,5,2,3
2017-05-01-18-15-00,9,9,0
2017-05-01-18-30-00,5,3,2
2017-05-01-18-45-00,10,5,5
2017-05-01-19-00-00,4,2,2
2017-05-01-19-15-00,5,2,3
2017-05-01-19-30-00,7,2,5
2017-05-01-19-45-00,3,2,1
2017-05-01-20-00-00,2,1,1
2017-05-01-20-15-00,4,2,2
2017-05-01-20-30-00,4,2,2
2017-05-01-20-45-00,3,2,1
2017-05-01-21-00-00,0,0,0
2017-05-01-21-15-00,0,0,0
2017-05-01-21-30-00,0,0,0
2017-05-01-21-45-00,0,0,0
2017-05-01-22-00-00,1,1,0
2017-05-01-22-15-00,0,0,0
2017-05-01-22-30-00,0,0,0
2017-05-01-22-45-00,0,0,0
2017-05-01-23-00-00,0,0,0
2017-05-01-23-15-00,0,0,0
2017-05-01-23-30-00,0,0,0
2017-05-01-23-45-00,0,0,0
2017-05-02-00-00-00,4,2,2
2017-05-02-00-15-00,0,0,0
2017-05-02-00-30-00,0,0,0
2017-05-02-00-45-00,0,0,0
2017-05-02-01-00-00,0,0,0
2017-05-02-01-15-00,0,0,0
2017-05-02-01-30-00,0,0,0
2017-05-02-01-45-00,0,0,0
2017-05-02-02-00-00,1,1,0
2017-05-02-02-15-00,0,0,0
2017-05-02-02-30-00,0,0,0
2017-05-02-02-45-00,0,0,0
2017-05-02-03-00-00,0,0,0
2017-05-02-03-15-00,0,0,0
2017-05-02-03-30-00,0,0,0
2017-05-02-03-45-00,0,0,0
2017-05-02-04-00-00,0,0,0
2017-05-02-04-15-00,0,0,0
2017-05-02-04-30-00,0,0,0
2017-05-02-04-45-00,1,1,0
2017-05-02-05-00-00,0,0,0
2017-05-02-05-15-00,0,0,0
2017-05-02-05-30-00,0,0,0
2017-05-02-05-45-00,6,0,6
2017-05-02-06-00-00,2,0,2
2017-05-02-06-15-00,6,1,5
2017-05-02-06-30-00,2,0,2
2017-05-02-06-45-00,7,1,6
2017-05-02-07-00-00,13,7,6
2017-05-02-07-15-00,20,5,15
2017-05-02-07-30-00,30,9,21
2017-05-02-07-45-00,28,10,18
2017-05-02-08-00-00,31,5,26
2017-05-02-08-15-00,31,4,27
2017-05-02-08-30-00,41,11,30
2017-05-02-08-45-00,27,4,23
2017-05-02-09-00-00,21,6,15
2017-05-02-09-15-00,17,4,13
2017-05-02-09-30-00,8,2,6
2017-05-02-09-45-00,3,0,3
2017-05-02-10-00-00,10,3,7
2017-05-02-10-15-00,9,1,8
2017-05-02-10-30-00,10,1,9
2017-05-02-10-45-00,2,1,1
2017-05-02-11-00-00,7,3,4
2017-05-02-11-15-00,2,2,0
2017-05-02-11-30-00,2,2,0
2017-05-02-11-45-00,3,1,2
2017-05-02-12-00-00,1,1,0
2017-05-02-12-15-00,3,0,3
2017-05-02-12-30-00,4,2,2
2017-05-02-12-45-00,3,2,1
2017-05-02-13-00-00,5,1,4
2017-05-02-13-15-00,4,3,1
2017-05-02-13-30-00,3,1,2
2017-05-02-13-45-00,12,6,6
2017-05-02-14-00-00,3,2,1
2017-05-02-14-15-00,10,3,7
2017-05-02-14-30-00,14,7,7
2017-05-02-14-45-00,12,10,2
2017-05-02-15-00-00,10,7,3
2017-05-02-15-15-00,3,1,2
2017-05-02-15-30-00,8,5,3
2017-05-02-15-45-00,12,9,3
2017-05-02-16-00-00,14,11,3
2017-05-02-16-15-00,23,19,4
2017-05-02-16-30-00,26,20,6
2017-05-02-16-45-00,20,15,5
2017-05-02-17-00-00,21,14,7
2017-05-02-17-15-00,34,28,6
2017-05-02-17-30-00,25,16,9
2017-05-02-17-45-00,29,24,5
2017-05-02-18-00-00,18,12,6
2017-05-02-18-15-00,20,16,4
2017-05-02-18-30-00,17,12,5
2017-05-02-18-45-00,14,11,3
2017-05-02-19-00-00,10,7,3
2017-05-02-19-15-00,14,7,7
2017-05-02-19-30-00,15,8,7
2017-05-02-19-45-00,10,5,5
2017-05-02-20-00-00,7,5,2
2017-05-02-20-15-00,6,4,2
2017-05-02-20-30-00,2,2,0
2017-05-02-20-45-00,4,3,1
2017-05-02-21-00-00,2,2,0
2017-05-02-21-15-00,4,1,3
2017-05-02-21-30-00,1,1,0
2017-05-02-21-45-00,2,1,1
2017-05-02-22-00-00,2,1,1
2017-05-02-22-15-00,0,0,0
2017-05-02-22-30-00,1,1,0
2017-05-02-22-45-00,0,0,0
2017-05-02-23-00-00,0,0,0
2017-05-02-23-15-00,0,0,0
2017-05-02-23-30-00,0,0,0
2017-05-02-23-45-00,0,0,0
2017-05-03-00-00-00,0,0,0
2017-05-03-00-15-00,0,0,0
2017-05-03-00-30-00,1,0,1
2017-05-03-00-45-00,0,0,0
2017-05-03-01-00-00,0,0,0
2017-05-03-01-15-00,0,0,0
2017-05-03-01-30-00,0,0,0
2017-05-03-01-45-00,0,0,0
2017-05-03-02-00-00,0,0,0
2017-05-03-02-15-00,0,0,0
2017-05-03-02-30-00,0,0,0
2017-05-03-02-45-00,0,0,0
2017-05-03-03-00-00,0,0,0
2017-05-03-03-15-00,0,0,0
2017-05-03-03-30-00,0,0,0
2017-05-03-03-45-00,0,0,0
2017-05-03-04-00-00,0,0,0
2017-05-03-04-15-00,0,0,0
2017-05-03-04-30-00,0,0,0
2017-05-03-04-45-00,0,0,0
2017-05-03-05-00-00,0,0,0
2017-05-03-05-15-00,1,0,1
2017-05-03-05-30-00,0,0,0
2017-05-03-05-45-00,5,2,3
2017-05-03-06-00-00,1,0,1
2017-05-03-06-15-00,5,1,4
2017-05-03-06-30-00,2,0,2
2017-05-03-06-45-00,12,6,6
2017-05-03-07-00-00,16,7,9
2017-05-03-07-15-00,20,9,11
2017-05-03-07-30-00,33,10,23
2017-05-03-07-45-00,45,11,34
2017-05-03-08-00-00,47,9,38
2017-05-03-08-15-00,43,8,35
2017-05-03-08-30-00,38,13,25
2017-05-03-08-45-00,37,8,29
2017-05-03-09-00-00,18,4,14
2017-05-03-09-15-00,9,3,6
2017-05-03-09-30-00,8,4,4
2017-05-03-09-45-00,10,7,3
2017-05-03-10-00-00,10,3,7
2017-05-03-10-15-00,8,3,5
2017-05-03-10-30-00,11,5,6
2017-05-03-10-45-00,12,7,5
2017-05-03-11-00-00,7,3,4
2017-05-03-11-15-00,12,6,6
2017-05-03-11-30-00,9,2,7
2017-05-03-11-45-00,18,8,10
2017-05-03-12-00-00,16,7,9
2017-05-03-12-15-00,13,5,8
2017-05-03-12-30-00,15,10,5
2017-05-03-12-45-00,10,5,5
2017-05-03-13-00-00,17,9,8
2017-05-03-13-15-00,20,9,11
2017-05-03-13-30-00,15,8,7
2017-05-03-13-45-00,17,10,7
2017-05-03-14-00-00,13,1,12
2017-05-03-14-15-00,22,10,12
2017-05-03-14-30-00,22,13,9
2017-05-03-14-45-00,22,8,14
2017-05-03-15-00-00,19,11,8
2017-05-03-15-15-00,16,6,10
2017-05-03-15-30-00,32,16,16
2017-05-03-15-45-00,21,14,7
2017-05-03-16-00-00,28,21,7
2017-05-03-16-15-00,26,17,9
2017-05-03-16-30-00,23,16,7
2017-05-03-16-45-00,33,26,7
2017-05-03-17-00-00,46,32,14
2017-05-03-17-15-00,23,18,5
2017-05-03-17-30-00,25,13,12
2017-05-03-17-45-00,32,22,10
2017-05-03-18-00-00,26,19,7
2017-05-03-18-15-00,32,22,10
2017-05-03-18-30-00,38,23,15
2017-05-03-18-45-00,24,21,3
2017-05-03-19-00-00,23,17,6
2017-05-03-19-15-00,12,6,6
2017-05-03-19-30-00,17,11,6
2017-05-03-19-45-00,15,12,3
2017-05-03-20-00-00,11,6,5
2017-05-03-20-15-00,8,7,1
2017-05-03-20-30-00,5,1,4
2017-05-03-20-45-00,7,5,2
2017-05-03-21-00-00,6,3,3
2017-05-03-21-15-00,4,3,1
2017-05-03-21-30-00,3,1,2
2017-05-03-21-45-00,1,1,0
2017-05-03-22-00-00,1,1,0
2017-05-03-22-15-00,1,1,0
2017-05-03-22-30-00,0,0,0
2017-05-03-22-45-00,1,1,0
2017-05-03-23-00-00,0,0,0
2017-05-03-23-15-00,1,1,0
2017-05-03-23-30-00,0,0,0
2017-05-03-23-45-00,0,0,0
2017-05-04-00-00-00,0,0,0
2017-05-04-00-15-00,0,0,0
2017-05-04-00-30-00,1,0,1
2017-05-04-00-45-00,3,2,1
2017-05-04-01-00-00,0,0,0
2017-05-04-01-15-00,0,0,0
2017-05-04-01-30-00,0,0,0
2017-05-04-01-45-00,0,0,0
2017-05-04-02-00-00,0,0,0
2017-05-04-02-15-00,0,0,0
2017-05-04-02-30-00,0,0,0
2017-05-04-02-45-00,0,0,0
2017-05-04-03-00-00,0,0,0
2017-05-04-03-15-00,0,0,0
2017-05-04-03-30-00,0,0,0
2017-05-04-03-45-00,0,0,0
2017-05-04-04-00-00,0,0,0
2017-05-04-04-15-00,0,0,0
2017-05-04-04-30-00,0,0,0
2017-05-04-04-45-00,0,0,0
2017-05-04-05-00-00,0,0,0
2017-05-04-05-15-00,0,0,0
2017-05-04-05-30-00,2,1,1
2017-05-04-05-45-00,6,0,6
2017-05-04-06-00-00,1,0,1
2017-05-04-06-15-00,6,2,4
2017-05-04-06-30-00,2,1,1
2017-05-04-06-45-00,7,1,6
2017-05-04-07-00-00,11,1,10
2017-05-04-07-15-00,11,2,9
2017-05-04-07-30-00,28,7,21
2017-05-04-07-45-00,20,4,16
2017-05-04-08-00-00,29,11,18
2017-05-04-08-15-00,24,6,18
2017-05-04-08-30-00,41,7,34
2017-05-04-08-45-00,28,11,17
2017-05-04-09-00-00,24,6,18
2017-05-04-09-15-00,10,2,8
2017-05-04-09-30-00,6,1,5
2017-05-04-09-45-00,10,8,2
2017-05-04-10-00-00,8,2,6
2017-05-04-10-15-00,11,7,4
2017-05-04-10-30-00,6,2,4
2017-05-04-10-45-00,12,3,9
2017-05-04-11-00-00,6,6,0
2017-05-04-11-15-00,9,3,6
2017-05-04-11-30-00,6,3,3
2017-05-04-11-45-00,12,8,4
2017-05-04-12-00-00,12,7,5
2017-05-04-12-15-00,5,2,3
2017-05-04-12-30-00,5,3,2
2017-05-04-12-45-00,3,2,1
2017-05-04-13-00-00,10,6,4
2017-05-04-13-15-00,7,5,2
2017-05-04-13-30-00,9,4,5
2017-05-04-13-45-00,12,7,5
2017-05-04-14-00-00,7,5,2
2017-05-04-14-15-00,13,6,7
2017-05-04-14-30-00,16,11,5
2017-05-04-14-45-00,12,5,7
2017-05-04-15-00-00,10,5,5
2017-05-04-15-15-00,13,6,7
2017-05-04-15-30-00,18,10,8
2017-05-04-15-45-00,26,15,11
2017-05-04-16-00-00,21,9,12
2017-05-04-16-15-00,26,20,6
2017-05-04-16-30-00,30,15,15
2017-05-04-16-45-00,28,23,5
2017-05-04-17-00-00,17,11,6
2017-05-04-17-15-00,35,23,12
2017-05-04-17-30-00,43,31,12
2017-05-04-17-45-00,27,20,7
2017-05-04-18-00-00,36,18,18
2017-05-04-18-15-00,29,19,10
2017-05-04-18-30-00,26,23,3
2017-05-04-18-45-00,25,12,13
2017-05-04-19-00-00,19,12,7
2017-05-04-19-15-00,37,28,9
2017-05-04-19-30-00,14,8,6
2017-05-04-19-45-00,14,10,4
2017-05-04-20-00-00,15,11,4
2017-05-04-20-15-00,11,5,6
2017-05-04-20-30-00,10,5,5
2017-05-04-20-45-00,4,1,3
2017-05-04-21-00-00,7,2,5
2017-05-04-21-15-00,10,4,6
2017-05-04-21-30-00,7,6,1
2017-05-04-21-45-00,5,2,3
2017-05-04-22-00-00,3,2,1
2017-05-04-22-15-00,2,0,2
2017-05-04-22-30-00,0,0,0
2017-05-04-22-45-00,1,1,0
2017-05-04-23-00-00,0,0,0
2017-05-04-23-15-00,0,0,0
2017-05-04-23-30-00,1,1,0
2017-05-04-23-45-00,0,0,0
2017-05-05-00-00-00,0,0,0
2017-05-05-00-15-00,1,0,1
2017-05-05-00-30-00,0,0,0
2017-05-05-00-45-00,0,0,0
2017-05-05-01-00-00,0,0,0
2017-05-05-01-15-00,0,0,0
2017-05-05-01-30-00,0,0,0
2017-05-05-01-45-00,1,1,0
2017-05-05-02-00-00,0,0,0
2017-05-05-02-15-00,0,0,0
2017-05-05-02-30-00,0,0,0
2017-05-05-02-45-00,1,0,1
2017-05-05-03-00-00,0,0,0
2017-05-05-03-15-00,0,0,0
2017-05-05-03-30-00,0,0,0
2017-05-05-03-45-00,0,0,0
2017-05-05-04-00-00,0,0,0
2017-05-05-04-15-00,0,0,0
2017-05-05-04-30-00,0,0,0
2017-05-05-04-45-00,0,0,0
2017-05-05-05-00-00,0,0,0
2017-05-05-05-15-00,0,0,0
2017-05-05-05-30-00,1,1,0
2017-05-05-05-45-00,6,2,4
2017-05-05-06-00-00,5,2,3
2017-05-05-06-15-00,11,5,6
2017-05-05-06-30-00,8,3,5
2017-05-05-06-45-00,11,5,6
2017-05-05-07-00-00,16,5,11
2017-05-05-07-15-00,27,8,19
2017-05-05-07-30-00,27,14,13
2017-05-05-07-45-00,38,10,28
2017-05-05-08-00-00,33,8,25
2017-05-05-08-15-00,46,9,37
2017-05-05-08-30-00,39,13,26
2017-05-05-08-45-00,39,4,35
2017-05-05-09-00-00,23,8,15
2017-05-05-09-15-00,12,4,8
2017-05-05-09-30-00,12,7,5
2017-05-05-09-45-00,9,4,5
2017-05-05-10-00-00,7,3,4
2017-05-05-10-15-00,11,5,6
2017-05-05-10-30-00,17,8,9
2017-05-05-10-45-00,12,5,7
2017-05-05-11-00-00,12,9,3
2017-05-05-11-15-00,11,7,4
2017-05-05-11-30-00,10,5,5
2017-05-05-11-45-00,6,4,2
2017-05-05-12-00-00,15,11,4
2017-05-05-12-15-00,13,6,7
2017-05-05-12-30-00,21,10,11
2017-05-05-12-45-00,11,5,6
2017-05-05-13-00-00,24,18,6
2017-05-05-13-15-00,20,6,14
2017-05-05-13-30-00,30,10,20
2017-05-05-13-45-00,24,13,11
2017-05-05-14-00-00,27,14,13
2017-05-05-14-15-00,31,18,13
2017-05-05-14-30-00,14,7,7
2017-05-05-14-45-00,39,21,18
2017-05-05-15-00-00,31,19,12
2017-05-05-15-15-00,32,22,10
2017-05-05-15-30-00,26,11,15
2017-05-05-15-45-00,29,19,10
2017-05-05-16-00-00,28,16,12
2017-05-05-16-15-00,51,37,14
2017-05-05-16-30-00,52,34,18
2017-05-05-16-45-00,52,34,18
2017-05-05-17-00-00,30,17,13
2017-05-05-17-15-00,48,29,19
2017-05-05-17-30-00,37,19,18
2017-05-05-17-45-00,48,29,19
2017-05-05-18-00-00,43,30,13
2017-05-05-18-15-00,44,31,13
2017-05-05-18-30-00,39,16,23
2017-05-05-18-45-00,38,22,16
2017-05-05-19-00-00,46,14,32
2017-05-05-19-15-00,38,12,26
2017-05-05-19-30-00,51,29,22
2017-05-05-19-45-00,47,23,24
2017-05-05-20-00-00,40,23,17
2017-05-05-20-15-00,32,13,19
2017-05-05-20-30-00,27,7,20
2017-05-05-20-45-00,24,17,7
2017-05-05-21-00-00,24,16,8
2017-05-05-21-15-00,23,13,10
2017-05-05-21-30-00,10,2,8
2017-05-05-21-45-00,17,10,7
2017-05-05-22-00-00,9,3,6
2017-05-05-22-15-00,10,5,5
2017-05-05-22-30-00,12,5,7
2017-05-05-22-45-00,6,3,3
2017-05-05-23-00-00,11,7,4
2017-05-05-23-15-00,6,3,3
2017-05-05-23-30-00,2,2,0
2017-05-05-23-45-00,2,2,0
2017-05-06-00-00-00,5,5,0
2017-05-06-00-15-00,12,12,0
2017-05-06-00-30-00,13,12,1
2017-05-06-00-45-00,3,2,1
2017-05-06-01-00-00,2,2,0
2017-05-06-01-15-00,4,4,0
2017-05-06-01-30-00,3,0,3
2017-05-06-01-45-00,2,1,1
2017-05-06-02-00-00,0,0,0
2017-05-06-02-15-00,0,0,0
2017-05-06-02-30-00,0,0,0
2017-05-06-02-45-00,2,0,2
2017-05-06-03-00-00,0,0,0
2017-05-06-03-15-00,0,0,0
2017-05-06-03-30-00,1,1,0
2017-05-06-03-45-00,3,2,1
2017-05-06-04-00-00,2,2,0
2017-05-06-04-15-00,0,0,0
2017-05-06-04-30-00,0,0,0
2017-05-06-04-45-00,0,0,0
2017-05-06-05-00-00,1,1,0
2017-05-06-05-15-00,1,0,1
2017-05-06-05-30-00,2,1,1
2017-05-06-05-45-00,0,0,0
2017-05-06-06-00-00,1,0,1
2017-05-06-06-15-00,1,1,0
2017-05-06-06-30-00,0,0,0
2017-05-06-06-45-00,4,4,0
2017-05-06-07-00-00,3,1,2
2017-05-06-07-15-00,6,1,5
2017-05-06-07-30-00,2,2,0
2017-05-06-07-45-00,4,3,1
2017-05-06-08-00-00,6,3,3
2017-05-06-08-15-00,11,5,6
2017-05-06-08-30-00,10,1,9
2017-05-06-08-45-00,16,7,9
2017-05-06-09-00-00,6,2,4
2017-05-06-09-15-00,4,2,2
2017-05-06-09-30-00,15,10,5
2017-05-06-09-45-00,28,17,11
2017-05-06-10-00-00,17,10,7
2017-05-06-10-15-00,36,17,19
2017-05-06-10-30-00,30,15,15
2017-05-06-10-45-00,27,11,16
2017-05-06-11-00-00,45,20,25
2017-05-06-11-15-00,46,20,26
2017-05-06-11-30-00,55,28,27
2017-05-06-11-45-00,72,33,39
2017-05-06-12-00-00,44,25,19
2017-05-06-12-15-00,64,21,43
2017-05-06-12-30-00,76,28,48
2017-05-06-12-45-00,76,29,47
2017-05-06-13-00-00,91,36,55
2017-05-06-13-15-00,78,35,43
2017-05-06-13-30-00,92,36,56
2017-05-06-13-45-00,87,39,48
2017-05-06-14-00-00,97,44,53
2017-05-06-14-15-00,86,31,55
2017-05-06-14-30-00,80,43,37
2017-05-06-14-45-00,108,50,58
2017-05-06-15-00-00,118,57,61
2017-05-06-15-15-00,108,52,56
2017-05-06-15-30-00,111,55,56
2017-05-06-15-45-00,99,42,57
2017-05-06-16-00-00,117,52,65
2017-05-06-16-15-00,126,47,79
2017-05-06-16-30-00,125,61,64
2017-05-06-16-45-00,134,61,73
2017-05-06-17-00-00,118,47,71
2017-05-06-17-15-00,136,62,74
2017-05-06-17-30-00,133,49,84
2017-05-06-17-45-00,128,45,83
2017-05-06-18-00-00,145,38,107
2017-05-06-18-15-00,161,46,115
2017-05-06-18-30-00,132,36,96
2017-05-06-18-45-00,181,39,142
2017-05-06-19-00-00,115,47,68
2017-05-06-19-15-00,90,17,73
2017-05-06-19-30-00,134,31,103
2017-05-06-19-45-00,124,21,103
2017-05-06-20-00-00,103,31,72
2017-05-06-20-15-00,93,16,77
2017-05-06-20-30-00,102,28,74
2017-05-06-20-45-00,106,21,85
2017-05-06-21-00-00,116,25,91
2017-05-06-21-15-00,82,17,65
2017-05-06-21-30-00,71,29,42
2017-05-06-21-45-00,78,24,54
2017-05-06-22-00-00,87,23,64
2017-05-06-22-15-00,74,28,46
2017-05-06-22-30-00,105,13,92
2017-05-06-22-45-00,89,21,68
2017-05-06-23-00-00,50,10,40
2017-05-06-23-15-00,19,6,13
2017-05-06-23-30-00,57,51,6
2017-05-06-23-45-00,271,256,15
2017-05-07-00-00-00,244,227,17
2017-05-07-00-15-00,235,230,5
2017-05-07-00-30-00,148,142,6
2017-05-07-00-45-00,95,91,4
2017-05-07-01-00-00,39,37,2
2017-05-07-01-15-00,38,36,2
2017-05-07-01-30-00,19,18,1
2017-05-07-01-45-00,14,14,0
2017-05-07-02-00-00,19,19,0
2017-05-07-02-15-00,9,5,4
2017-05-07-02-30-00,3,2,1
2017-05-07-02-45-00,9,9,0
2017-05-07-03-00-00,7,7,0
2017-05-07-03-15-00,2,2,0
2017-05-07-03-30-00,1,1,0
2017-05-07-03-45-00,3,3,0
2017-05-07-04-00-00,4,4,0
2017-05-07-04-15-00,4,4,0
2017-05-07-04-30-00,6,5,1
2017-05-07-04-45-00,0,0,0
2017-05-07-05-00-00,1,1,0
2017-05-07-05-15-00,0,0,0
2017-05-07-05-30-00,6,6,0
2017-05-07-05-45-00,1,1,0
2017-05-07-06-00-00,1,0,1
2017-05-07-06-15-00,2,0,2
2017-05-07-06-30-00,2,1,1
2017-05-07-06-45-00,1,0,1
2017-05-07-07-00-00,2,1,1
2017-05-07-07-15-00,4,1,3
2017-05-07-07-30-00,1,1,0
2017-05-07-07-45-00,13,5,8
2017-05-07-08-00-00,2,1,1
2017-05-07-08-15-00,1,1,0
2017-05-07-08-30-00,3,2,1
2017-05-07-08-45-00,9,1,8
2017-05-07-09-00-00,10,4,6
2017-05-07-09-15-00,14,9,5
2017-05-07-09-30-00,11,4,7
2017-05-07-09-45-00,11,2,9
2017-05-07-10-00-00,26,11,15
2017-05-07-10-15-00,16,7,9
2017-05-07-10-30-00,13,4,9
2017-05-07-10-45-00,26,16,10
2017-05-07-11-00-00,29,16,13
2017-05-07-11-15-00,28,13,15
2017-05-07-11-30-00,18,8,10
2017-05-07-11-45-00,10,3,7
2017-05-07-12-00-00,32,19,13
2017-05-07-12-15-00,17,11,6
2017-05-07-12-30-00,15,9,6
2017-05-07-12-45-00,24,14,10
2017-05-07-13-00-00,34,19,15
2017-05-07-13-15-00,47,24,23
2017-05-07-13-30-00,32,16,16
2017-05-07-13-45-00,25,10,15
2017-05-07-14-00-00,46,17,29
2017-05-07-14-15-00,42,19,23
2017-05-07-14-30-00,45,15,30
2017-05-07-14-45-00,51,18,33
2017-05-07-15-00-00,52,26,26
2017-05-07-15-15-00,43,17,26
2017-05-07-15-30-00,50,27,23
2017-05-07-15-45-00,62,30,32
2017-05-07-16-00-00,49,30,19
2017-05-07-16-15-00,56,27,29
2017-05-07-16-30-00,63,39,24
2017-05-07-16-45-00,46,22,24
2017-05-07-17-00-00,65,39,26
2017-05-07-17-15-00,58,42,16
2017-05-07-17-30-00,51,26,25
2017-05-07-17-45-00,33,25,8
2017-05-07-18-00-00,53,38,15
2017-05-07-18-15-00,27,21,6
2017-05-07-18-30-00,28,18,10
2017-05-07-18-45-00,9,5,4
2017-05-07-19-00-00,15,11,4
2017-05-07-19-15-00,21,12,9
2017-05-07-19-30-00,19,15,4
2017-05-07-19-45-00,10,8,2
2017-05-07-20-00-00,4,4,0
2017-05-07-20-15-00,15,8,7
2017-05-07-20-30-00,7,4,3
2017-05-07-20-45-00,5,2,3
2017-05-07-21-00-00,10,6,4
2017-05-07-21-15-00,4,3,1
2017-05-07-21-30-00,2,1,1
2017-05-07-21-45-00,2,2,0
2017-05-07-22-00-00,2,2,0
2017-05-07-22-15-00,4,1,3
2017-05-07-22-30-00,0,0,0
2017-05-07-22-45-00,2,2,0
2017-05-07-23-00-00,0,0,0
2017-05-07-23-15-00,0,0,0
2017-05-07-23-30-00,2,2,0
2017-05-07-23-45-00,0,0,0
2017-05-08-00-00-00,0,0,0
2017-05-08-00-15-00,0,0,0
2017-05-08-00-30-00,0,0,0
2017-05-08-00-45-00,0,0,0
2017-05-08-01-00-00,0,0,0
2017-05-08-01-15-00,0,0,0
2017-05-08-01-30-00,0,0,0
2017-05-08-01-45-00,0,0,0
2017-05-08-02-00-00,0,0,0
2017-05-08-02-15-00,0,0,0
2017-05-08-02-30-00,0,0,0
2017-05-08-02-45-00,0,0,0
2017-05-08-03-00-00,0,0,0
2017-05-08-03-15-00,0,0,0
2017-05-08-03-30-00,0,0,0
2017-05-08-03-45-00,0,0,0
2017-05-08-04-00-00,1,0,1
2017-05-08-04-15-00,0,0,0
2017-05-08-04-30-00,0,0,0
2017-05-08-04-45-00,1,1,0
2017-05-08-05-00-00,0,0,0
2017-05-08-05-15-00,0,0,0
2017-05-08-05-30-00,4,3,1
2017-05-08-05-45-00,5,0,5
2017-05-08-06-00-00,5,2,3
2017-05-08-06-15-00,10,4,6
2017-05-08-06-30-00,6,2,4
2017-05-08-06-45-00,16,8,8
2017-05-08-07-00-00,13,3,10
2017-05-08-07-15-00,35,11,24
2017-05-08-07-30-00,28,11,17
2017-05-08-07-45-00,52,12,40
2017-05-08-08-00-00,40,10,30
2017-05-08-08-15-00,51,14,37
2017-05-08-08-30-00,45,12,33
2017-05-08-08-45-00,35,4,31
2017-05-08-09-00-00,23,2,21
2017-05-08-09-15-00,19,3,16
2017-05-08-09-30-00,16,6,10
2017-05-08-09-45-00,13,6,7
2017-05-08-10-00-00,12,5,7
2017-05-08-10-15-00,7,3,4
2017-05-08-10-30-00,10,2,8
2017-05-08-10-45-00,14,5,9
2017-05-08-11-00-00,8,3,5
2017-05-08-11-15-00,9,6,3
2017-05-08-11-30-00,12,7,5
2017-05-08-11-45-00,5,1,4
2017-05-08-12-00-00,8,2,6
2017-05-08-12-15-00,10,6,4
2017-05-08-12-30-00,12,4,8
2017-05-08-12-45-00,8,2,6
2017-05-08-13-00-00,14,4,10
2017-05-08-13-15-00,10,5,5
2017-05-08-13-30-00,9,4,5
2017-05-08-13-45-00,14,7,7
2017-05-08-14-00-00,16,9,7
2017-05-08-14-15-00,11,8,3
2017-05-08-14-30-00,20,8,12
2017-05-08-14-45-00,9,2,7
2017-05-08-15-00-00,19,15,4
2017-05-08-15-15-00,15,7,8
2017-05-08-15-30-00,13,13,0
2017-05-08-15-45-00,29,16,13
2017-05-08-16-00-00,18,14,4
2017-05-08-16-15-00,39,23,16
2017-05-08-16-30-00,24,19,5
2017-05-08-16-45-00,36,26,10
2017-05-08-17-00-00,26,21,5
2017-05-08-17-15-00,34,24,10
2017-05-08-17-30-00,41,31,10
2017-05-08-17-45-00,33,25,8
2017-05-08-18-00-00,34,28,6
2017-05-08-18-15-00,24,16,8
2017-05-08-18-30-00,23,18,5
2017-05-08-18-45-00,17,12,5
2017-05-08-19-00-00,19,13,6
2017-05-08-19-15-00,13,10,3
2017-05-08-19-30-00,10,9,1
2017-05-08-19-45-00,15,10,5
2017-05-08-20-00-00,9,6,3
2017-05-08-20-15-00,10,7,3
2017-05-08-20-30-00,7,2,5
2017-05-08-20-45-00,9,4,5
2017-05-08-21-00-00,1,1,0
2017-05-08-21-15-00,5,2,3
2017-05-08-21-30-00,0,0,0
2017-05-08-21-45-00,2,0,2
2017-05-08-22-00-00,1,1,0
2017-05-08-22-15-00,2,2,0
2017-05-08-22-30-00,1,0,1
2017-05-08-22-45-00,1,1,0
2017-05-08-23-00-00,1,1,0
2017-05-08-23-15-00,0,0,0
2017-05-08-23-30-00,1,1,0
2017-05-08-23-45-00,0,0,0
2017-05-09-00-00-00,0,0,0
2017-05-09-00-15-00,1,1,0
2017-05-09-00-30-00,1,1,0
2017-05-09-00-45-00,0,0,0
2017-05-09-01-00-00,0,0,0
2017-05-09-01-15-00,0,0,0
2017-05-09-01-30-00,0,0,0
2017-05-09-01-45-00,0,0,0
2017-05-09-02-00-00,0,0,0
2017-05-09-02-15-00,0,0,0
2017-05-09-02-30-00,0,0,0
2017-05-09-02-45-00,0,0,0
2017-05-09-03-00-00,0,0,0
2017-05-09-03-15-00,0,0,0
2017-05-09-03-30-00,0,0,0
2017-05-09-03-45-00,0,0,0
2017-05-09-04-00-00,0,0,0
2017-05-09-04-15-00,0,0,0
2017-05-09-04-30-00,0,0,0
2017-05-09-04-45-00,0,0,0
2017-05-09-05-00-00,0,0,0
2017-05-09-05-15-00,1,1,0
2017-05-09-05-30-00,3,1,2
2017-05-09-05-45-00,4,1,3
2017-05-09-06-00-00,9,3,6
2017-05-09-06-15-00,6,2,4
2017-05-09-06-30-00,10,3,7
2017-05-09-06-45-00,14,6,8
2017-05-09-07-00-00,31,10,21
2017-05-09-07-15-00,33,7,26
2017-05-09-07-30-00,42,16,26
2017-05-09-07-45-00,52,13,39
2017-05-09-08-00-00,48,10,38
2017-05-09-08-15-00,65,26,39
2017-05-09-08-30-00,65,10,55
2017-05-09-08-45-00,48,6,42
2017-05-09-09-00-00,29,4,25
2017-05-09-09-15-00,16,0,16
2017-05-09-09-30-00,20,8,12
2017-05-09-09-45-00,25,13,12
2017-05-09-10-00-00,17,7,10
2017-05-09-10-15-00,25,8,17
2017-05-09-10-30-00,17,6,11
2017-05-09-10-45-00,16,5,11
2017-05-09-11-00-00,20,7,13
2017-05-09-11-15-00,21,13,8
2017-05-09-11-30-00,18,9,9
2017-05-09-11-45-00,32,11,21
2017-05-09-12-00-00,33,17,16
2017-05-09-12-15-00,22,12,10
2017-05-09-12-30-00,21,8,13
2017-05-09-12-45-00,21,8,13
2017-05-09-13-00-00,24,14,10
2017-05-09-13-15-00,19,7,12
2017-05-09-13-30-00,37,20,17
2017-05-09-13-45-00,30,21,9
2017-05-09-14-00-00,24,15,9
2017-05-09-14-15-00,32,15,17
2017-05-09-14-30-00,38,22,16
2017-05-09-14-45-00,29,16,13
2017-05-09-15-00-00,28,19,9
2017-05-09-15-15-00,33,15,18
2017-05-09-15-30-00,45,26,19
2017-05-09-15-45-00,50,32,18
2017-05-09-16-00-00,54,31,23
2017-05-09-16-15-00,54,31,23
2017-05-09-16-30-00,73,47,26
2017-05-09-16-45-00,79,60,19
2017-05-09-17-00-00,56,39,17
2017-05-09-17-15-00,86,52,34
2017-05-09-17-30-00,71,52,19
2017-05-09-17-45-00,65,44,21
2017-05-09-18-00-00,68,43,25
2017-05-09-18-15-00,73,43,30
2017-05-09-18-30-00,57,39,18
2017-05-09-18-45-00,39,24,15
2017-05-09-19-00-00,40,25,15
2017-05-09-19-15-00,41,25,16
2017-05-09-19-30-00,51,15,36
2017-05-09-19-45-00,36,18,18
2017-05-09-20-00-00,25,13,12
2017-05-09-20-15-00,18,13,5
2017-05-09-20-30-00,24,14,10
2017-05-09-20-45-00,14,9,5
2017-05-09-21-00-00,21,10,11
2017-05-09-21-15-00,10,7,3
2017-05-09-21-30-00,5,2,3
2017-05-09-21-45-00,7,6,1
2017-05-09-22-00-00,4,2,2
2017-05-09-22-15-00,3,2,1
2017-05-09-22-30-00,1,1,0
2017-05-09-22-45-00,1,0,1
2017-05-09-23-00-00,4,1,3
2017-05-09-23-15-00,3,3,0
2017-05-09-23-30-00,0,0,0
2017-05-09-23-45-00,0,0,0
2017-05-10-00-00-00,0,0,0
2017-05-10-00-15-00,0,0,0
2017-05-10-00-30-00,0,0,0
2017-05-10-00-45-00,0,0,0
2017-05-10-01-00-00,0,0,0
2017-05-10-01-15-00,0,0,0
2017-05-10-01-30-00,0,0,0
2017-05-10-01-45-00,0,0,0
2017-05-10-02-00-00,0,0,0
2017-05-10-02-15-00,0,0,0
2017-05-10-02-30-00,0,0,0
2017-05-10-02-45-00,0,0,0
2017-05-10-03-00-00,0,0,0
2017-05-10-03-15-00,0,0,0
2017-05-10-03-30-00,0,0,0
2017-05-10-03-45-00,0,0,0
2017-05-10-04-00-00,0,0,0
2017-05-10-04-15-00,0,0,0
2017-05-10-04-30-00,0,0,0
2017-05-10-04-45-00,0,0,0
2017-05-10-05-00-00,0,0,0
2017-05-10-05-15-00,1,1,0
2017-05-10-05-30-00,3,1,2
2017-05-10-05-45-00,7,3,4
2017-05-10-06-00-00,4,1,3
2017-05-10-06-15-00,6,3,3
2017-05-10-06-30-00,11,4,7
2017-05-10-06-45-00,22,13,9
2017-05-10-07-00-00,27,9,18
2017-05-10-07-15-00,36,7,29
2017-05-10-07-30-00,54,20,34
2017-05-10-07-45-00,49,10,39
2017-05-10-08-00-00,61,14,47
2017-05-10-08-15-00,55,11,44
2017-05-10-08-30-00,67,16,51
2017-05-10-08-45-00,48,11,37
2017-05-10-09-00-00,44,9,35
2017-05-10-09-15-00,24,5,19
2017-05-10-09-30-00,28,10,18
2017-05-10-09-45-00,11,4,7
2017-05-10-10-00-00,16,7,9
2017-05-10-10-15-00,29,9,20
2017-05-10-10-30-00,32,16,16
2017-05-10-10-45-00,28,14,14
2017-05-10-11-00-00,37,7,30
2017-05-10-11-15-00,43,16,27
2017-05-10-11-30-00,36,18,18
2017-05-10-11-45-00,30,13,17
2017-05-10-12-00-00,34,15,19
2017-05-10-12-15-00,38,15,23
2017-05-10-12-30-00,28,15,13
2017-05-10-12-45-00,36,11,25
2017-05-10-13-00-00,59,19,40
2017-05-10-13-15-00,47,20,27
2017-05-10-13-30-00,45,21,24
2017-05-10-13-45-00,47,25,22
2017-05-10-14-00-00,42,18,24
2017-05-10-14-15-00,53,31,22
2017-05-10-14-30-00,53,31,22
2017-05-10-14-45-00,61,36,25
2017-05-10-15-00-00,61,32,29
2017-05-10-15-15-00,73,45,28
2017-05-10-15-30-00,56,34,22
2017-05-10-15-45-00,70,36,34
2017-05-10-16-00-00,73,43,30
2017-05-10-16-15-00,84,57,27
2017-05-10-16-30-00,114,77,37
2017-05-10-16-45-00,95,67,28
2017-05-10-17-00-00,96,54,42
2017-05-10-17-15-00,98,71,27
2017-05-10-17-30-00,86,57,29
2017-05-10-17-45-00,95,58,37
2017-05-10-18-00-00,100,69,31
2017-05-10-18-15-00,100,60,40
2017-05-10-18-30-00,77,51,26
2017-05-10-18-45-00,74,54,20
2017-05-10-19-00-00,68,49,19
2017-05-10-19-15-00,89,58,31
2017-05-10-19-30-00,70,43,27
2017-05-10-19-45-00,45,32,13
2017-05-10-20-00-00,66,47,19
2017-05-10-20-15-00,52,33,19
2017-05-10-20-30-00,30,18,12
2017-05-10-20-45-00,26,15,11
2017-05-10-21-00-00,27,14,13
2017-05-10-21-15-00,10,5,5
2017-05-10-21-30-00,18,11,7
2017-05-10-21-45-00,5,3,2
2017-05-10-22-00-00,7,5,2
2017-05-10-22-15-00,5,3,2
2017-05-10-22-30-00,6,2,4
2017-05-10-22-45-00,5,5,0
2017-05-10-23-00-00,0,0,0
2017-05-10-23-15-00,2,0,2
2017-05-10-23-30-00,3,1,2
2017-05-10-23-45-00,1,1,0
2017-05-11-00-00-00,0,0,0
2017-05-11-00-15-00,0,0,0
2017-05-11-00-30-00,1,0,1
2017-05-11-00-45-00,0,0,0
2017-05-11-01-00-00,1,1,0
2017-05-11-01-15-00,0,0,0
2017-05-11-01-30-00,0,0,0
2017-05-11-01-45-00,0,0,0
2017-05-11-02-00-00,0,0,0
2017-05-11-02-15-00,0,0,0
2017-05-11-02-30-00,0,0,0
2017-05-11-02-45-00,0,0,0
2017-05-11-03-00-00,0,0,0
2017-05-11-03-15-00,0,0,0
2017-05-11-03-30-00,0,0,0
2017-05-11-03-45-00,0,0,0
2017-05-11-04-00-00,0,0,0
2017-05-11-04-15-00,0,0,0
2017-05-11-04-30-00,0,0,0
2017-05-11-04-45-00,0,0,0
2017-05-11-05-00-00,0,0,0
2017-05-11-05-15-00,1,1,0
2017-05-11-05-30-00,2,1,1
2017-05-11-05-45-00,5,2,3
2017-05-11-06-00-00,7,2,5
2017-05-11-06-15-00,13,3,10
2017-05-11-06-30-00,8,2,6
2017-05-11-06-45-00,14,7,7
2017-05-11-07-00-00,20,11,9
2017-05-11-07-15-00,28,6,22
2017-05-11-07-30-00,44,18,26
2017-05-11-07-45-00,47,8,39
2017-05-11-08-00-00,49,14,35
2017-05-11-08-15-00,63,19,44
2017-05-11-08-30-00,64,10,54
2017-05-11-08-45-00,39,7,32
2017-05-11-09-00-00,28,7,21
2017-05-11-09-15-00,26,6,20
2017-05-11-09-30-00,9,2,7
2017-05-11-09-45-00,25,11,14
2017-05-11-10-00-00,15,7,8
2017-05-11-10-15-00,11,4,7
2017-05-11-10-30-00,18,7,11
2017-05-11-10-45-00,20,12,8
2017-05-11-11-00-00,15,7,8
2017-05-11-11-15-00,17,5,12
2017-05-11-11-30-00,15,8,7
2017-05-11-11-45-00,23,11,12
2017-05-11-12-00-00,22,11,11
2017-05-11-12-15-00,10,5,5
2017-05-11-12-30-00,25,12,13
2017-05-11-12-45-00,20,7,13
2017-05-11-13-00-00,19,13,6
2017-05-11-13-15-00,21,5,16
2017-05-11-13-30-00,27,17,10
2017-05-11-13-45-00,25,15,10
2017-05-11-14-00-00,19,9,10
2017-05-11-14-15-00,34,20,14
2017-05-11-14-30-00,35,18,17
2017-05-11-14-45-00,19,12,7
2017-05-11-15-00-00,34,18,16
2017-05-11-15-15-00,28,15,13
2017-05-11-15-30-00,42,31,11
2017-05-11-15-45-00,33,20,13
2017-05-11-16-00-00,41,27,14
2017-05-11-16-15-00,52,33,19
2017-05-11-16-30-00,45,29,16
2017-05-11-16-45-00,47,32,15
2017-05-11-17-00-00,40,31,9
2017-05-11-17-15-00,62,41,21
2017-05-11-17-30-00,59,40,19
2017-05-11-17-45-00,60,42,18
2017-05-11-18-00-00,45,26,19
2017-05-11-18-15-00,60,40,20
2017-05-11-18-30-00,43,26,17
2017-05-11-18-45-00,43,26,17
2017-05-11-19-00-00,32,19,13
2017-05-11-19-15-00,28,17,11
2017-05-11-19-30-00,25,18,7
2017-05-11-19-45-00,30,16,14
2017-05-11-20-00-00,19,14,5
2017-05-11-20-15-00,17,13,4
2017-05-11-20-30-00,13,8,5
2017-05-11-20-45-00,19,12,7
2017-05-11-21-00-00,9,6,3
2017-05-11-21-15-00,5,4,1
2017-05-11-21-30-00,13,5,8
2017-05-11-21-45-00,9,5,4
2017-05-11-22-00-00,12,8,4
2017-05-11-22-15-00,12,1,11
2017-05-11-22-30-00,5,1,4
2017-05-11-22-45-00,3,1,2
2017-05-11-23-00-00,5,2,3
2017-05-11-23-15-00,0,0,0
2017-05-11-23-30-00,0,0,0
2017-05-11-23-45-00,0,0,0
2017-05-12-00-00-00,2,1,1
2017-05-12-00-15-00,0,0,0
2017-05-12-00-30-00,0,0,0
2017-05-12-00-45-00,0,0,0
2017-05-12-01-00-00,0,0,0
2017-05-12-01-15-00,0,0,0
2017-05-12-01-30-00,0,0,0
2017-05-12-01-45-00,0,0,0
2017-05-12-02-00-00,0,0,0
2017-05-12-02-15-00,0,0,0
2017-05-12-02-30-00,0,0,0
2017-05-12-02-45-00,0,0,0
2017-05-12-03-00-00,0,0,0
2017-05-12-03-15-00,0,0,0
2017-05-12-03-30-00,0,0,0
2017-05-12-03-45-00,0,0,0
2017-05-12-04-00-00,0,0,0
2017-05-12-04-15-00,0,0,0
2017-05-12-04-30-00,0,0,0
2017-05-12-04-45-00,0,0,0
2017-05-12-05-00-00,0,0,0
2017-05-12-05-15-00,0,0,0
2017-05-12-05-30-00,0,0,0
2017-05-12-05-45-00,4,2,2
2017-05-12-06-00-00,1,0,1
2017-05-12-06-15-00,6,2,4
2017-05-12-06-30-00,3,0,3
2017-05-12-06-45-00,6,4,2
2017-05-12-07-00-00,9,4,5
2017-05-12-07-15-00,14,6,8
2017-05-12-07-30-00,19,5,14
2017-05-12-07-45-00,25,9,16
2017-05-12-08-00-00,25,7,18
2017-05-12-08-15-00,14,3,11
2017-05-12-08-30-00,26,5,21
2017-05-12-08-45-00,20,2,18
2017-05-12-09-00-00,18,2,16
2017-05-12-09-15-00,16,7,9
2017-05-12-09-30-00,10,6,4
2017-05-12-09-45-00,10,2,8
2017-05-12-10-00-00,10,4,6
2017-05-12-10-15-00,23,6,17
2017-05-12-10-30-00,20,8,12
2017-05-12-10-45-00,14,7,7
2017-05-12-11-00-00,14,12,2
2017-05-12-11-15-00,9,7,2
2017-05-12-11-30-00,21,11,10
2017-05-12-11-45-00,16,10,6
2017-05-12-12-00-00,22,11,11
2017-05-12-12-15-00,5,3,2
2017-05-12-12-30-00,16,7,9
2017-05-12-12-45-00,19,8,11
2017-05-12-13-00-00,16,12,4
2017-05-12-13-15-00,20,11,9
2017-05-12-13-30-00,24,11,13
2017-05-12-13-45-00,25,11,14
2017-05-12-14-00-00,28,18,10
2017-05-12-14-15-00,29,16,13
2017-05-12-14-30-00,22,11,11
2017-05-12-14-45-00,17,14,3
2017-05-12-15-00-00,39,23,16
2017-05-12-15-15-00,32,11,21
2017-05-12-15-30-00,36,19,17
2017-05-12-15-45-00,42,29,13
2017-05-12-16-00-00,36,19,17
2017-05-12-16-15-00,25,14,11
2017-05-12-16-30-00,30,20,10
2017-05-12-16-45-00,29,20,9
2017-05-12-17-00-00,38,21,17
2017-05-12-17-15-00,38,19,19
2017-05-12-17-30-00,37,23,14
2017-05-12-17-45-00,22,12,10
2017-05-12-18-00-00,15,7,8
2017-05-12-18-15-00,31,16,15
2017-05-12-18-30-00,20,12,8
2017-05-12-18-45-00,23,14,9
2017-05-12-19-00-00,11,8,3
2017-05-12-19-15-00,18,9,9
2017-05-12-19-30-00,23,7,16
2017-05-12-19-45-00,4,3,1
2017-05-12-20-00-00,13,8,5
2017-05-12-20-15-00,14,10,4
2017-05-12-20-30-00,6,3,3
2017-05-12-20-45-00,9,5,4
2017-05-12-21-00-00,15,10,5
2017-05-12-21-15-00,4,3,1
2017-05-12-21-30-00,4,4,0
2017-05-12-21-45-00,6,3,3
2017-05-12-22-00-00,4,1,3
2017-05-12-22-15-00,3,3,0
2017-05-12-22-30-00,2,1,1
2017-05-12-22-45-00,1,0,1
2017-05-12-23-00-00,2,2,0
2017-05-12-23-15-00,0,0,0
2017-05-12-23-30-00,4,1,3
2017-05-12-23-45-00,3,2,1
2017-05-13-00-00-00,3,2,1
2017-05-13-00-15-00,0,0,0
2017-05-13-00-30-00,0,0,0
2017-05-13-00-45-00,3,3,0
2017-05-13-01-00-00,0,0,0
2017-05-13-01-15-00,2,2,0
2017-05-13-01-30-00,1,1,0
2017-05-13-01-45-00,1,1,0
2017-05-13-02-00-00,0,0,0
2017-05-13-02-15-00,0,0,0
2017-05-13-02-30-00,0,0,0
2017-05-13-02-45-00,2,1,1
2017-05-13-03-00-00,0,0,0
2017-05-13-03-15-00,2,0,2
2017-05-13-03-30-00,0,0,0
2017-05-13-03-45-00,0,0,0
2017-05-13-04-00-00,0,0,0
2017-05-13-04-15-00,0,0,0
2017-05-13-04-30-00,0,0,0
2017-05-13-04-45-00,0,0,0
2017-05-13-05-00-00,0,0,0
2017-05-13-05-15-00,2,0,2
2017-05-13-05-30-00,0,0,0
2017-05-13-05-45-00,1,1,0
2017-05-13-06-00-00,0,0,0
2017-05-13-06-15-00,1,1,0
2017-05-13-06-30-00,4,3,1
2017-05-13-06-45-00,1,1,0
2017-05-13-07-00-00,5,3,2
2017-05-13-07-15-00,5,1,4
2017-05-13-07-30-00,6,3,3
2017-05-13-07-45-00,6,3,3
2017-05-13-08-00-00,10,3,7
2017-05-13-08-15-00,4,2,2
2017-05-13-08-30-00,10,7,3
2017-05-13-08-45-00,7,4,3
2017-05-13-09-00-00,12,6,6
2017-05-13-09-15-00,9,2,7
2017-05-13-09-30-00,18,7,11
2017-05-13-09-45-00,25,18,7
2017-05-13-10-00-00,21,15,6
2017-05-13-10-15-00,30,16,14
2017-05-13-10-30-00,12,4,8
2017-05-13-10-45-00,24,14,10
2017-05-13-11-00-00,26,12,14
2017-05-13-11-15-00,34,19,15
2017-05-13-11-30-00,15,9,6
2017-05-13-11-45-00,41,14,27
2017-05-13-12-00-00,58,19,39
2017-05-13-12-15-00,17,12,5
2017-05-13-12-30-00,25,13,12
2017-05-13-12-45-00,39,22,17
2017-05-13-13-00-00,66,28,38
2017-05-13-13-15-00,26,16,10
2017-05-13-13-30-00,22,13,9
2017-05-13-13-45-00,49,23,26
2017-05-13-14-00-00,33,16,17
2017-05-13-14-15-00,50,23,27
2017-05-13-14-30-00,39,22,17
2017-05-13-14-45-00,48,23,25
2017-05-13-15-00-00,40,18,22
2017-05-13-15-15-00,38,20,18
2017-05-13-15-30-00,52,27,25
2017-05-13-15-45-00,35,21,14
2017-05-13-16-00-00,29,7,22
2017-05-13-16-15-00,43,22,21
2017-05-13-16-30-00,74,46,28
2017-05-13-16-45-00,31,23,8
2017-05-13-17-00-00,49,23,26
2017-05-13-17-15-00,35,26,9
2017-05-13-17-30-00,37,17,20
2017-05-13-17-45-00,42,23,19
2017-05-13-18-00-00,46,25,21
2017-05-13-18-15-00,55,29,26
2017-05-13-18-30-00,31,19,12
2017-05-13-18-45-00,44,27,17
2017-05-13-19-00-00,35,23,12
2017-05-13-19-15-00,26,18,8
2017-05-13-19-30-00,22,14,8
2017-05-13-19-45-00,27,13,14
2017-05-13-20-00-00,24,14,10
2017-05-13-20-15-00,21,13,8
2017-05-13-20-30-00,36,20,16
2017-05-13-20-45-00,21,7,14
2017-05-13-21-00-00,10,8,2
2017-05-13-21-15-00,12,5,7
2017-05-13-21-30-00,12,10,2
2017-05-13-21-45-00,6,2,4
2017-05-13-22-00-00,4,1,3
2017-05-13-22-15-00,6,1,5
2017-05-13-22-30-00,4,4,0
2017-05-13-22-45-00,1,0,1
2017-05-13-23-00-00,8,1,7
2017-05-13-23-15-00,6,2,4
2017-05-13-23-30-00,3,1,2
2017-05-13-23-45-00,0,0,0
2017-05-14-00-00-00,0,0,0
2017-05-14-00-15-00,2,0,2
2017-05-14-00-30-00,4,1,3
2017-05-14-00-45-00,0,0,0
2017-05-14-01-00-00,0,0,0
2017-05-14-01-15-00,0,0,0
2017-05-14-01-30-00,2,1,1
2017-05-14-01-45-00,3,1,2
2017-05-14-02-00-00,0,0,0
2017-05-14-02-15-00,3,2,1
2017-05-14-02-30-00,1,1,0
2017-05-14-02-45-00,0,0,0
2017-05-14-03-00-00,0,0,0
2017-05-14-03-15-00,2,0,2
2017-05-14-03-30-00,0,0,0
2017-05-14-03-45-00,1,0,1
2017-05-14-04-00-00,0,0,0
2017-05-14-04-15-00,0,0,0
2017-05-14-04-30-00,1,1,0
2017-05-14-04-45-00,1,1,0
2017-05-14-05-00-00,0,0,0
2017-05-14-05-15-00,3,1,2
2017-05-14-05-30-00,1,0,1
2017-05-14-05-45-00,2,2,0
2017-05-14-06-00-00,1,1,0
2017-05-14-06-15-00,2,0,2
2017-05-14-06-30-00,2,2,0
2017-05-14-06-45-00,3,1,2
2017-05-14-07-00-00,2,1,1
2017-05-14-07-15-00,3,1,2
2017-05-14-07-30-00,5,1,4
2017-05-14-07-45-00,8,5,3
2017-05-14-08-00-00,8,4,4
2017-05-14-08-15-00,8,4,4
2017-05-14-08-30-00,15,5,10
2017-05-14-08-45-00,25,9,16
2017-05-14-09-00-00,22,6,16
2017-05-14-09-15-00,25,6,19
2017-05-14-09-30-00,30,7,23
2017-05-14-09-45-00,30,16,14
2017-05-14-10-00-00,24,5,19
2017-05-14-10-15-00,27,16,11
2017-05-14-10-30-00,22,12,10
2017-05-14-10-45-00,43,23,20
2017-05-14-11-00-00,37,22,15
2017-05-14-11-15-00,40,15,25
2017-05-14-11-30-00,50,12,38
2017-05-14-11-45-00,20,16,4
2017-05-14-12-00-00,29,27,2
2017-05-14-12-15-00,53,26,27
2017-05-14-12-30-00,26,17,9
2017-05-14-12-45-00,34,10,24
2017-05-14-13-00-00,44,12,32
2017-05-14-13-15-00,40,16,24
2017-05-14-13-30-00,28,19,9
2017-05-14-13-45-00,58,37,21
2017-05-14-14-00-00,52,32,20
2017-05-14-14-15-00,41,28,13
2017-05-14-14-30-00,44,25,19
2017-05-14-14-45-00,62,37,25
2017-05-14-15-00-00,83,35,48
2017-05-14-15-15-00,40,19,21
2017-05-14-15-30-00,55,29,26
2017-05-14-15-45-00,67,44,23
2017-05-14-16-00-00,68,36,32
2017-05-14-16-15-00,54,27,27
2017-05-14-16-30-00,74,32,42
2017-05-14-16-45-00,53,37,16
2017-05-14-17-00-00,60,35,25
2017-05-14-17-15-00,51,33,18
2017-05-14-17-30-00,44,36,8
2017-05-14-17-45-00,54,37,17
2017-05-14-18-00-00,53,41,12
2017-05-14-18-15-00,35,22,13
2017-05-14-18-30-00,20,15,5
2017-05-14-18-45-00,16,14,2
2017-05-14-19-00-00,13,5,8
2017-05-14-19-15-00,12,10,2
2017-05-14-19-30-00,16,9,7
2017-05-14-19-45-00,26,11,15
2017-05-14-20-00-00,14,9,5
2017-05-14-20-15-00,22,6,16
2017-05-14-20-30-00,16,12,4
2017-05-14-20-45-00,10,4,6
2017-05-14-21-00-00,14,8,6
2017-05-14-21-15-00,7,6,1
2017-05-14-21-30-00,6,6,0
2017-05-14-21-45-00,5,4,1
2017-05-14-22-00-00,4,4,0
2017-05-14-22-15-00,3,0,3
2017-05-14-22-30-00,3,1,2
2017-05-14-22-45-00,1,1,0
2017-05-14-23-00-00,3,3,0
2017-05-14-23-15-00,2,2,0
2017-05-14-23-30-00,3,3,0
2017-05-14-23-45-00,0,0,0
2017-05-15-00-00-00,0,0,0
2017-05-15-00-15-00,0,0,0
2017-05-15-00-30-00,0,0,0
2017-05-15-00-45-00,0,0,0
2017-05-15-01-00-00,0,0,0
2017-05-15-01-15-00,0,0,0
2017-05-15-01-30-00,1,1,0
2017-05-15-01-45-00,0,0,0
2017-05-15-02-00-00,0,0,0
2017-05-15-02-15-00,0,0,0
2017-05-15-02-30-00,0,0,0
2017-05-15-02-45-00,0,0,0
2017-05-15-03-00-00,0,0,0
2017-05-15-03-15-00,0,0,0
2017-05-15-03-30-00,0,0,0
2017-05-15-03-45-00,0,0,0
2017-05-15-04-00-00,0,0,0
2017-05-15-04-15-00,0,0,0
2017-05-15-04-30-00,0,0,0
2017-05-15-04-45-00,0,0,0
2017-05-15-05-00-00,0,0,0
2017-05-15-05-15-00,2,1,1
2017-05-15-05-30-00,0,0,0
2017-05-15-05-45-00,5,2,3
2017-05-15-06-00-00,9,5,4
2017-05-15-06-15-00,12,3,9
2017-05-15-06-30-00,9,3,6
2017-05-15-06-45-00,31,12,19
2017-05-15-07-00-00,23,11,12
2017-05-15-07-15-00,38,12,26
2017-05-15-07-30-00,62,23,39
2017-05-15-07-45-00,54,16,38
2017-05-15-08-00-00,52,12,40
2017-05-15-08-15-00,85,43,42
2017-05-15-08-30-00,75,17,58
2017-05-15-08-45-00,48,12,36
2017-05-15-09-00-00,31,7,24
2017-05-15-09-15-00,43,8,35
2017-05-15-09-30-00,26,7,19
2017-05-15-09-45-00,18,5,13
2017-05-15-10-00-00,27,8,19
2017-05-15-10-15-00,27,14,13
2017-05-15-10-30-00,19,8,11
2017-05-15-10-45-00,17,7,10
2017-05-15-11-00-00,34,10,24
2017-05-15-11-15-00,22,13,9
2017-05-15-11-30-00,25,12,13
2017-05-15-11-45-00,39,20,19
2017-05-15-12-00-00,23,10,13
2017-05-15-12-15-00,22,11,11
2017-05-15-12-30-00,56,18,38
2017-05-15-12-45-00,36,18,18
2017-05-15-13-00-00,49,23,26
2017-05-15-13-15-00,37,19,18
2017-05-15-13-30-00,42,17,25
2017-05-15-13-45-00,53,25,28
2017-05-15-14-00-00,41,16,25
2017-05-15-14-15-00,48,21,27
2017-05-15-14-30-00,63,31,32
2017-05-15-14-45-00,62,34,28
2017-05-15-15-00-00,59,36,23
2017-05-15-15-15-00,68,35,33
2017-05-15-15-30-00,70,39,31
2017-05-15-15-45-00,58,42,16
2017-05-15-16-00-00,60,35,25
2017-05-15-16-15-00,83,47,36
2017-05-15-16-30-00,65,41,24
2017-05-15-16-45-00,95,61,34
2017-05-15-17-00-00,85,54,31
2017-05-15-17-15-00,93,62,31
2017-05-15-17-30-00,104,68,36
2017-05-15-17-45-00,89,52,37
2017-05-15-18-00-00,103,59,44
2017-05-15-18-15-00,80,52,28
2017-05-15-18-30-00,78,48,30
2017-05-15-18-45-00,92,52,40
2017-05-15-19-00-00,60,31,29
2017-05-15-19-15-00,65,32,33
2017-05-15-19-30-00,72,48,24
2017-05-15-19-45-00,65,29,36
2017-05-15-20-00-00,66,41,25
2017-05-15-20-15-00,53,32,21
2017-05-15-20-30-00,49,31,18
2017-05-15-20-45-00,46,24,22
2017-05-15-21-00-00,34,16,18
2017-05-15-21-15-00,17,9,8
2017-05-15-21-30-00,14,10,4
2017-05-15-21-45-00,7,5,2
2017-05-15-22-00-00,8,6,2
2017-05-15-22-15-00,8,4,4
2017-05-15-22-30-00,4,2,2
2017-05-15-22-45-00,6,4,2
2017-05-15-23-00-00,2,1,1
2017-05-15-23-15-00,2,1,1
2017-05-15-23-30-00,0,0,0
2017-05-15-23-45-00,0,0,0
2017-05-16-00-00-00,1,0,1
2017-05-16-00-15-00,1,1,0
2017-05-16-00-30-00,0,0,0
2017-05-16-00-45-00,0,0,0
2017-05-16-01-00-00,0,0,0
2017-05-16-01-15-00,0,0,0
2017-05-16-01-30-00,0,0,0
2017-05-16-01-45-00,0,0,0
2017-05-16-02-00-00,0,0,0
2017-05-16-02-15-00,1,0,1
2017-05-16-02-30-00,0,0,0
2017-05-16-02-45-00,0,0,0
2017-05-16-03-00-00,0,0,0
2017-05-16-03-15-00,0,0,0
2017-05-16-03-30-00,0,0,0
2017-05-16-03-45-00,0,0,0
2017-05-16-04-00-00,1,0,1
2017-05-16-04-15-00,0,0,0
2017-05-16-04-30-00,0,0,0
2017-05-16-04-45-00,0,0,0
2017-05-16-05-00-00,0,0,0
2017-05-16-05-15-00,3,1,2
2017-05-16-05-30-00,2,0,2
2017-05-16-05-45-00,8,2,6
2017-05-16-06-00-00,10,5,5
2017-05-16-06-15-00,21,9,12
2017-05-16-06-30-00,16,7,9
2017-05-16-06-45-00,32,12,20
2017-05-16-07-00-00,32,11,21
2017-05-16-07-15-00,48,20,28
2017-05-16-07-30-00,60,23,37
2017-05-16-07-45-00,61,13,48
2017-05-16-08-00-00,79,22,57
2017-05-16-08-15-00,67,11,56
2017-05-16-08-30-00,68,11,57
2017-05-16-08-45-00,61,17,44
2017-05-16-09-00-00,39,10,29
2017-05-16-09-15-00,28,6,22
2017-05-16-09-30-00,29,14,15
2017-05-16-09-45-00,13,4,9
2017-05-16-10-00-00,17,8,9
2017-05-16-10-15-00,29,16,13
2017-05-16-10-30-00,16,5,11
2017-05-16-10-45-00,32,14,18
2017-05-16-11-00-00,30,12,18
2017-05-16-11-15-00,29,15,14
2017-05-16-11-30-00,25,14,11
2017-05-16-11-45-00,27,13,14
2017-05-16-12-00-00,34,12,22
2017-05-16-12-15-00,33,14,19
2017-05-16-12-30-00,38,18,20
2017-05-16-12-45-00,43,16,27
2017-05-16-13-00-00,38,18,20
2017-05-16-13-15-00,42,23,19
2017-05-16-13-30-00,47,26,21
2017-05-16-13-45-00,28,6,22
2017-05-16-14-00-00,36,17,19
2017-05-16-14-15-00,47,27,20
2017-05-16-14-30-00,51,28,23
2017-05-16-14-45-00,46,29,17
2017-05-16-15-00-00,57,31,26
2017-05-16-15-15-00,63,27,36
2017-05-16-15-30-00,57,36,21
2017-05-16-15-45-00,74,46,28
2017-05-16-16-00-00,75,45,30
2017-05-16-16-15-00,88,57,31
2017-05-16-16-30-00,91,52,39
2017-05-16-16-45-00,97,60,37
2017-05-16-17-00-00,122,77,45
2017-05-16-17-15-00,109,73,36
2017-05-16-17-30-00,112,76,36
2017-05-16-17-45-00,107,74,33
2017-05-16-18-00-00,89,63,26
2017-05-16-18-15-00,113,63,50
2017-05-16-18-30-00,115,73,42
2017-05-16-18-45-00,92,47,45
2017-05-16-19-00-00,104,53,51
2017-05-16-19-15-00,82,46,36
2017-05-16-19-30-00,97,55,42
2017-05-16-19-45-00,76,45,31
2017-05-16-20-00-00,68,45,23
2017-05-16-20-15-00,51,31,20
2017-05-16-20-30-00,65,40,25
2017-05-16-20-45-00,44,34,10
2017-05-16-21-00-00,40,22,18
2017-05-16-21-15-00,32,15,17
2017-05-16-21-30-00,30,11,19
2017-05-16-21-45-00,12,8,4
2017-05-16-22-00-00,14,8,6
2017-05-16-22-15-00,12,4,8
2017-05-16-22-30-00,9,6,3
2017-05-16-22-45-00,5,2,3
2017-05-16-23-00-00,8,2,6
2017-05-16-23-15-00,6,2,4
2017-05-16-23-30-00,2,0,2
2017-05-16-23-45-00,2,1,1
2017-05-17-00-00-00,0,0,0
2017-05-17-00-15-00,0,0,0
2017-05-17-00-30-00,1,0,1
2017-05-17-00-45-00,0,0,0
2017-05-17-01-00-00,0,0,0
2017-05-17-01-15-00,1,0,1
2017-05-17-01-30-00,1,1,0
2017-05-17-01-45-00,0,0,0
2017-05-17-02-00-00,0,0,0
2017-05-17-02-15-00,0,0,0
2017-05-17-02-30-00,1,1,0
2017-05-17-02-45-00,0,0,0
2017-05-17-03-00-00,0,0,0
2017-05-17-03-15-00,0,0,0
2017-05-17-03-30-00,0,0,0
2017-05-17-03-45-00,0,0,0
2017-05-17-04-00-00,0,0,0
2017-05-17-04-15-00,0,0,0
2017-05-17-04-30-00,0,0,0
2017-05-17-04-45-00,0,0,0
2017-05-17-05-00-00,4,0,4
2017-05-17-05-15-00,1,1,0
2017-05-17-05-30-00,3,1,2
2017-05-17-05-45-00,5,2,3
2017-05-17-06-00-00,8,1,7
2017-05-17-06-15-00,14,5,9
2017-05-17-06-30-00,20,7,13
2017-05-17-06-45-00,28,16,12
2017-05-17-07-00-00,38,14,24
2017-05-17-07-15-00,43,16,27
2017-05-17-07-30-00,78,23,55
2017-05-17-07-45-00,63,10,53
2017-05-17-08-00-00,71,22,49
2017-05-17-08-15-00,86,11,75
2017-05-17-08-30-00,63,15,48
2017-05-17-08-45-00,65,18,47
2017-05-17-09-00-00,39,9,30
2017-05-17-09-15-00,41,23,18
2017-05-17-09-30-00,35,8,27
2017-05-17-09-45-00,38,12,26
2017-05-17-10-00-00,27,14,13
2017-05-17-10-15-00,20,6,14
2017-05-17-10-30-00,32,17,15
2017-05-17-10-45-00,46,15,31
2017-05-17-11-00-00,43,22,21
2017-05-17-11-15-00,52,20,32
2017-05-17-11-30-00,47,21,26
2017-05-17-11-45-00,56,24,32
2017-05-17-12-00-00,34,15,19
2017-05-17-12-15-00,44,18,26
2017-05-17-12-30-00,63,27,36
2017-05-17-12-45-00,39,30,9
2017-05-17-13-00-00,66,34,32
2017-05-17-13-15-00,45,18,27
2017-05-17-13-30-00,55,30,25
2017-05-17-13-45-00,44,22,22
2017-05-17-14-00-00,63,36,27
2017-05-17-14-15-00,58,32,26
2017-05-17-14-30-00,44,21,23
2017-05-17-14-45-00,66,42,24
2017-05-17-15-00-00,74,47,27
2017-05-17-15-15-00,74,51,23
2017-05-17-15-30-00,68,45,23
2017-05-17-15-45-00,81,52,29
2017-05-17-16-00-00,83,54,29
2017-05-17-16-15-00,96,65,31
2017-05-17-16-30-00,100,65,35
2017-05-17-16-45-00,105,68,37
2017-05-17-17-00-00,109,66,43
2017-05-17-17-15-00,151,93,58
2017-05-17-17-30-00,158,102,56
2017-05-17-17-45-00,136,73,63
2017-05-17-18-00-00,126,63,63
2017-05-17-18-15-00,101,58,43
2017-05-17-18-30-00,133,69,64
2017-05-17-18-45-00,113,55,58
2017-05-17-19-00-00,102,62,40
2017-05-17-19-15-00,121,71,50
2017-05-17-19-30-00,90,53,37
2017-05-17-19-45-00,84,40,44
2017-05-17-20-00-00,97,55,42
2017-05-17-20-15-00,76,44,32
2017-05-17-20-30-00,71,37,34
2017-05-17-20-45-00,67,41,26
2017-05-17-21-00-00,56,35,21
2017-05-17-21-15-00,49,38,11
2017-05-17-21-30-00,38,22,16
2017-05-17-21-45-00,35,28,7
2017-05-17-22-00-00,54,48,6
2017-05-17-22-15-00,74,66,8
2017-05-17-22-30-00,37,31,6
2017-05-17-22-45-00,11,4,7
2017-05-17-23-00-00,11,5,6
2017-05-17-23-15-00,6,4,2
2017-05-17-23-30-00,9,6,3
2017-05-17-23-45-00,1,0,1
2017-05-18-00-00-00,1,1,0
2017-05-18-00-15-00,2,0,2
2017-05-18-00-30-00,3,1,2
2017-05-18-00-45-00,0,0,0
2017-05-18-01-00-00,2,0,2
2017-05-18-01-15-00,0,0,0
2017-05-18-01-30-00,0,0,0
2017-05-18-01-45-00,1,0,1
2017-05-18-02-00-00,1,1,0
2017-05-18-02-15-00,0,0,0
2017-05-18-02-30-00,0,0,0
2017-05-18-02-45-00,0,0,0
2017-05-18-03-00-00,0,0,0
2017-05-18-03-15-00,0,0,0
2017-05-18-03-30-00,0,0,0
2017-05-18-03-45-00,0,0,0
2017-05-18-04-00-00,0,0,0
2017-05-18-04-15-00,0,0,0
2017-05-18-04-30-00,0,0,0
2017-05-18-04-45-00,0,0,0
2017-05-18-05-00-00,0,0,0
2017-05-18-05-15-00,1,1,0
2017-05-18-05-30-00,4,2,2
2017-05-18-05-45-00,7,3,4
2017-05-18-06-00-00,10,1,9
2017-05-18-06-15-00,8,1,7
2017-05-18-06-30-00,9,3,6
2017-05-18-06-45-00,14,3,11
2017-05-18-07-00-00,31,13,18
2017-05-18-07-15-00,20,4,16
2017-05-18-07-30-00,39,16,23
2017-05-18-07-45-00,49,16,33
2017-05-18-08-00-00,46,9,37
2017-05-18-08-15-00,29,9,20
2017-05-18-08-30-00,44,8,36
2017-05-18-08-45-00,42,8,34
2017-05-18-09-00-00,27,8,19
2017-05-18-09-15-00,20,7,13
2017-05-18-09-30-00,16,6,10
2017-05-18-09-45-00,16,5,11
2017-05-18-10-00-00,13,7,6
2017-05-18-10-15-00,17,10,7
2017-05-18-10-30-00,8,4,4
2017-05-18-10-45-00,12,8,4
2017-05-18-11-00-00,13,7,6
2017-05-18-11-15-00,9,5,4
2017-05-18-11-30-00,6,2,4
2017-05-18-11-45-00,17,8,9
2017-05-18-12-00-00,15,9,6
2017-05-18-12-15-00,9,5,4
2017-05-18-12-30-00,19,14,5
2017-05-18-12-45-00,12,7,5
2017-05-18-13-00-00,9,5,4
2017-05-18-13-15-00,11,5,6
2017-05-18-13-30-00,13,5,8
2017-05-18-13-45-00,9,8,1
2017-05-18-14-00-00,4,3,1
2017-05-18-14-15-00,9,5,4
2017-05-18-14-30-00,6,2,4
2017-05-18-14-45-00,18,11,7
2017-05-18-15-00-00,11,3,8
2017-05-18-15-15-00,13,6,7
2017-05-18-15-30-00,23,18,5
2017-05-18-15-45-00,16,11,5
2017-05-18-16-00-00,17,14,3
2017-05-18-16-15-00,17,15,2
2017-05-18-16-30-00,11,9,2
2017-05-18-16-45-00,23,15,8
2017-05-18-17-00-00,38,29,9
2017-05-18-17-15-00,47,36,11
2017-05-18-17-30-00,32,24,8
2017-05-18-17-45-00,23,16,7
2017-05-18-18-00-00,25,20,5
2017-05-18-18-15-00,23,16,7
2017-05-18-18-30-00,32,23,9
2017-05-18-18-45-00,47,29,18
2017-05-18-19-00-00,26,19,7
2017-05-18-19-15-00,32,21,11
2017-05-18-19-30-00,19,12,7
2017-05-18-19-45-00,19,15,4
2017-05-18-20-00-00,17,12,5
2017-05-18-20-15-00,28,17,11
2017-05-18-20-30-00,11,5,6
2017-05-18-20-45-00,22,15,7
2017-05-18-21-00-00,10,7,3
2017-05-18-21-15-00,12,7,5
2017-05-18-21-30-00,7,4,3
2017-05-18-21-45-00,8,5,3
2017-05-18-22-00-00,8,2,6
2017-05-18-22-15-00,4,0,4
2017-05-18-22-30-00,2,0,2
2017-05-18-22-45-00,2,0,2
2017-05-18-23-00-00,3,0,3
2017-05-18-23-15-00,0,0,0
2017-05-18-23-30-00,1,0,1
2017-05-18-23-45-00,0,0,0
2017-05-19-00-00-00,0,0,0
2017-05-19-00-15-00,0,0,0
2017-05-19-00-30-00,0,0,0
2017-05-19-00-45-00,4,0,4
2017-05-19-01-00-00,0,0,0
2017-05-19-01-15-00,0,0,0
2017-05-19-01-30-00,0,0,0
2017-05-19-01-45-00,0,0,0
2017-05-19-02-00-00,0,0,0
2017-05-19-02-15-00,0,0,0
2017-05-19-02-30-00,0,0,0
2017-05-19-02-45-00,0,0,0
2017-05-19-03-00-00,0,0,0
2017-05-19-03-15-00,0,0,0
2017-05-19-03-30-00,0,0,0
2017-05-19-03-45-00,0,0,0
2017-05-19-04-00-00,0,0,0
2017-05-19-04-15-00,0,0,0
2017-05-19-04-30-00,0,0,0
2017-05-19-04-45-00,1,0,1
2017-05-19-05-00-00,0,0,0
2017-05-19-05-15-00,0,0,0
2017-05-19-05-30-00,1,1,0
2017-05-19-05-45-00,5,2,3
2017-05-19-06-00-00,7,1,6
2017-05-19-06-15-00,8,3,5
2017-05-19-06-30-00,3,2,1
2017-05-19-06-45-00,9,5,4
2017-05-19-07-00-00,11,6,5
2017-05-19-07-15-00,12,3,9
2017-05-19-07-30-00,28,10,18
2017-05-19-07-45-00,22,5,17
2017-05-19-08-00-00,26,4,22
2017-05-19-08-15-00,10,1,9
2017-05-19-08-30-00,21,7,14
2017-05-19-08-45-00,25,5,20
2017-05-19-09-00-00,17,3,14
2017-05-19-09-15-00,2,0,2
2017-05-19-09-30-00,11,3,8
2017-05-19-09-45-00,4,2,2
2017-05-19-10-00-00,5,0,5
2017-05-19-10-15-00,5,2,3
2017-05-19-10-30-00,5,3,2
2017-05-19-10-45-00,6,3,3
2017-05-19-11-00-00,23,22,1
2017-05-19-11-15-00,2,1,1
2017-05-19-11-30-00,3,3,0
2017-05-19-11-45-00,4,3,1
2017-05-19-12-00-00,3,1,2
2017-05-19-12-15-00,9,3,6
2017-05-19-12-30-00,4,1,3
2017-05-19-12-45-00,2,2,0
2017-05-19-13-00-00,4,2,2
2017-05-19-13-15-00,8,4,4
2017-05-19-13-30-00,5,4,1
2017-05-19-13-45-00,10,5,5
2017-05-19-14-00-00,10,6,4
2017-05-19-14-15-00,11,8,3
2017-05-19-14-30-00,4,3,1
2017-05-19-14-45-00,12,8,4
2017-05-19-15-00-00,13,9,4
2017-05-19-15-15-00,9,8,1
2017-05-19-15-30-00,13,11,2
2017-05-19-15-45-00,5,2,3
2017-05-19-16-00-00,17,11,6
2017-05-19-16-15-00,22,19,3
2017-05-19-16-30-00,9,9,0
2017-05-19-16-45-00,14,11,3
2017-05-19-17-00-00,11,7,4
2017-05-19-17-15-00,32,18,14
2017-05-19-17-30-00,9,7,2
2017-05-19-17-45-00,8,8,0
2017-05-19-18-00-00,10,9,1
2017-05-19-18-15-00,9,6,3
2017-05-19-18-30-00,12,8,4
2017-05-19-18-45-00,3,1,2
2017-05-19-19-00-00,10,6,4
2017-05-19-19-15-00,14,9,5
2017-05-19-19-30-00,5,2,3
2017-05-19-19-45-00,4,2,2
2017-05-19-20-00-00,10,6,4
2017-05-19-20-15-00,0,0,0
2017-05-19-20-30-00,5,2,3
2017-05-19-20-45-00,3,1,2
2017-05-19-21-00-00,7,2,5
2017-05-19-21-15-00,7,4,3
2017-05-19-21-30-00,0,0,0
2017-05-19-21-45-00,0,0,0
2017-05-19-22-00-00,2,1,1
2017-05-19-22-15-00,3,1,2
2017-05-19-22-30-00,0,0,0
2017-05-19-22-45-00,5,2,3
2017-05-19-23-00-00,0,0,0
2017-05-19-23-15-00,0,0,0
2017-05-19-23-30-00,1,1,0
2017-05-19-23-45-00,2,1,1
2017-05-20-00-00-00,0,0,0
2017-05-20-00-15-00,0,0,0
2017-05-20-00-30-00,0,0,0
2017-05-20-00-45-00,0,0,0
2017-05-20-01-00-00,1,0,1
2017-05-20-01-15-00,0,0,0
2017-05-20-01-30-00,0,0,0
2017-05-20-01-45-00,0,0,0
2017-05-20-02-00-00,1,0,1
2017-05-20-02-15-00,1,1,0
2017-05-20-02-30-00,0,0,0
2017-05-20-02-45-00,0,0,0
2017-05-20-03-00-00,0,0,0
2017-05-20-03-15-00,0,0,0
2017-05-20-03-30-00,0,0,0
2017-05-20-03-45-00,0,0,0
2017-05-20-04-00-00,0,0,0
2017-05-20-04-15-00,0,0,0
2017-05-20-04-30-00,0,0,0
2017-05-20-04-45-00,0,0,0
2017-05-20-05-00-00,0,0,0
2017-05-20-05-15-00,1,0,1
2017-05-20-05-30-00,2,0,2
2017-05-20-05-45-00,0,0,0
2017-05-20-06-00-00,0,0,0
2017-05-20-06-15-00,6,0,6
2017-05-20-06-30-00,2,1,1
2017-05-20-06-45-00,3,3,0
2017-05-20-07-00-00,3,1,2
2017-05-20-07-15-00,4,1,3
2017-05-20-07-30-00,8,2,6
2017-05-20-07-45-00,4,4,0
2017-05-20-08-00-00,10,2,8
2017-05-20-08-15-00,11,6,5
2017-05-20-08-30-00,9,3,6
2017-05-20-08-45-00,15,4,11
2017-05-20-09-00-00,13,5,8
2017-05-20-09-15-00,19,3,16
2017-05-20-09-30-00,28,6,22
2017-05-20-09-45-00,32,15,17
2017-05-20-10-00-00,22,9,13
2017-05-20-10-15-00,39,22,17
2017-05-20-10-30-00,40,21,19
2017-05-20-10-45-00,50,27,23
2017-05-20-11-00-00,45,13,32
2017-05-20-11-15-00,56,15,41
2017-05-20-11-30-00,50,20,30
2017-05-20-11-45-00,42,21,21
2017-05-20-12-00-00,39,11,28
2017-05-20-12-15-00,52,18,34
2017-05-20-12-30-00,42,19,23
2017-05-20-12-45-00,47,23,24
2017-05-20-13-00-00,41,19,22
2017-05-20-13-15-00,58,31,27
2017-05-20-13-30-00,47,22,25
2017-05-20-13-45-00,62,35,27
2017-05-20-14-00-00,47,27,20
2017-05-20-14-15-00,58,21,37
2017-05-20-14-30-00,50,25,25
2017-05-20-14-45-00,67,27,40
2017-05-20-15-00-00,57,34,23
2017-05-20-15-15-00,59,45,14
2017-05-20-15-30-00,71,44,27
2017-05-20-15-45-00,75,42,33
2017-05-20-16-00-00,61,40,21
2017-05-20-16-15-00,65,43,22
2017-05-20-16-30-00,43,27,16
2017-05-20-16-45-00,64,33,31
2017-05-20-17-00-00,58,35,23
2017-05-20-17-15-00,39,21,18
2017-05-20-17-30-00,46,32,14
2017-05-20-17-45-00,71,40,31
2017-05-20-18-00-00,42,23,19
2017-05-20-18-15-00,51,25,26
2017-05-20-18-30-00,59,35,24
2017-05-20-18-45-00,40,32,8
2017-05-20-19-00-00,44,29,15
2017-05-20-19-15-00,30,23,7
2017-05-20-19-30-00,24,15,9
2017-05-20-19-45-00,22,8,14
2017-05-20-20-00-00,27,18,9
2017-05-20-20-15-00,14,5,9
2017-05-20-20-30-00,25,14,11
2017-05-20-20-45-00,17,11,6
2017-05-20-21-00-00,23,16,7
2017-05-20-21-15-00,20,10,10
2017-05-20-21-30-00,12,7,5
2017-05-20-21-45-00,12,9,3
2017-05-20-22-00-00,10,4,6
2017-05-20-22-15-00,5,1,4
2017-05-20-22-30-00,4,3,1
2017-05-20-22-45-00,2,2,0
2017-05-20-23-00-00,6,3,3
2017-05-20-23-15-00,6,1,5
2017-05-20-23-30-00,7,2,5
2017-05-20-23-45-00,2,2,0
2017-05-21-00-00-00,1,0,1
2017-05-21-00-15-00,1,1,0
2017-05-21-00-30-00,1,1,0
2017-05-21-00-45-00,3,1,2
2017-05-21-01-00-00,1,1,0
2017-05-21-01-15-00,1,1,0
2017-05-21-01-30-00,2,1,1
2017-05-21-01-45-00,1,0,1
2017-05-21-02-00-00,0,0,0
2017-05-21-02-15-00,0,0,0
2017-05-21-02-30-00,5,4,1
2017-05-21-02-45-00,1,1,0
2017-05-21-03-00-00,1,0,1
2017-05-21-03-15-00,1,1,0
2017-05-21-03-30-00,0,0,0
2017-05-21-03-45-00,0,0,0
2017-05-21-04-00-00,0,0,0
2017-05-21-04-15-00,2,2,0
2017-05-21-04-30-00,0,0,0
2017-05-21-04-45-00,1,1,0
2017-05-21-05-00-00,0,0,0
2017-05-21-05-15-00,2,1,1
2017-05-21-05-30-00,1,0,1
2017-05-21-05-45-00,1,1,0
2017-05-21-06-00-00,3,3,0
2017-05-21-06-15-00,1,1,0
2017-05-21-06-30-00,2,0,2
2017-05-21-06-45-00,3,1,2
2017-05-21-07-00-00,1,1,0
2017-05-21-07-15-00,2,1,1
2017-05-21-07-30-00,4,1,3
2017-05-21-07-45-00,3,0,3
2017-05-21-08-00-00,12,5,7
2017-05-21-08-15-00,3,1,2
2017-05-21-08-30-00,14,6,8
2017-05-21-08-45-00,11,6,5
2017-05-21-09-00-00,18,9,9
2017-05-21-09-15-00,22,13,9
2017-05-21-09-30-00,32,6,26
2017-05-21-09-45-00,35,14,21
2017-05-21-10-00-00,25,11,14
2017-05-21-10-15-00,58,19,39
2017-05-21-10-30-00,58,24,34
2017-05-21-10-45-00,90,33,57
2017-05-21-11-00-00,106,40,66
2017-05-21-11-15-00,127,43,84
2017-05-21-11-30-00,74,28,46
2017-05-21-11-45-00,110,45,65
2017-05-21-12-00-00,101,42,59
2017-05-21-12-15-00,110,48,62
2017-05-21-12-30-00,113,40,73
2017-05-21-12-45-00,95,34,61
2017-05-21-13-00-00,141,51,90
2017-05-21-13-15-00,113,50,63
2017-05-21-13-30-00,116,54,62
2017-05-21-13-45-00,169,96,73
2017-05-21-14-00-00,192,102,90
2017-05-21-14-15-00,136,58,78
2017-05-21-14-30-00,167,89,78
2017-05-21-14-45-00,134,56,78
2017-05-21-15-00-00,159,69,90
2017-05-21-15-15-00,157,84,73
2017-05-21-15-30-00,151,68,83
2017-05-21-15-45-00,137,78,59
2017-05-21-16-00-00,146,87,59
2017-05-21-16-15-00,145,71,74
2017-05-21-16-30-00,148,87,61
2017-05-21-16-45-00,124,77,47
2017-05-21-17-00-00,161,103,58
2017-05-21-17-15-00,110,65,45
2017-05-21-17-30-00,106,69,37
2017-05-21-17-45-00,123,79,44
2017-05-21-18-00-00,113,57,56
2017-05-21-18-15-00,104,81,23
2017-05-21-18-30-00,83,53,30
2017-05-21-18-45-00,69,40,29
2017-05-21-19-00-00,95,60,35
2017-05-21-19-15-00,81,47,34
2017-05-21-19-30-00,59,37,22
2017-05-21-19-45-00,41,24,17
2017-05-21-20-00-00,54,40,14
2017-05-21-20-15-00,39,21,18
2017-05-21-20-30-00,37,23,14
2017-05-21-20-45-00,21,10,11
2017-05-21-21-00-00,22,16,6
2017-05-21-21-15-00,26,21,5
2017-05-21-21-30-00,16,8,8
2017-05-21-21-45-00,20,12,8
2017-05-21-22-00-00,5,4,1
2017-05-21-22-15-00,19,17,2
2017-05-21-22-30-00,5,3,2
2017-05-21-22-45-00,3,3,0
2017-05-21-23-00-00,10,10,0
2017-05-21-23-15-00,4,3,1
2017-05-21-23-30-00,1,0,1
2017-05-21-23-45-00,0,0,0
2017-05-22-00-00-00,1,0,1
2017-05-22-00-15-00,2,1,1
2017-05-22-00-30-00,0,0,0
2017-05-22-00-45-00,0,0,0
2017-05-22-01-00-00,1,1,0
2017-05-22-01-15-00,1,1,0
2017-05-22-01-30-00,0,0,0
2017-05-22-01-45-00,0,0,0
2017-05-22-02-00-00,0,0,0
2017-05-22-02-15-00,0,0,0
2017-05-22-02-30-00,0,0,0
2017-05-22-02-45-00,0,0,0
2017-05-22-03-00-00,0,0,0
2017-05-22-03-15-00,0,0,0
2017-05-22-03-30-00,0,0,0
2017-05-22-03-45-00,0,0,0
2017-05-22-04-00-00,0,0,0
2017-05-22-04-15-00,0,0,0
2017-05-22-04-30-00,0,0,0
2017-05-22-04-45-00,1,1,0
2017-05-22-05-00-00,0,0,0
2017-05-22-05-15-00,4,2,2
2017-05-22-05-30-00,4,2,2
2017-05-22-05-45-00,9,4,5
2017-05-22-06-00-00,17,8,9
2017-05-22-06-15-00,7,3,4
2017-05-22-06-30-00,19,7,12
2017-05-22-06-45-00,25,11,14
2017-05-22-07-00-00,37,13,24
2017-05-22-07-15-00,46,17,29
2017-05-22-07-30-00,68,27,41
2017-05-22-07-45-00,58,14,44
2017-05-22-08-00-00,70,30,40
2017-05-22-08-15-00,75,18,57
2017-05-22-08-30-00,70,13,57
2017-05-22-08-45-00,66,11,55
2017-05-22-09-00-00,37,13,24
2017-05-22-09-15-00,28,11,17
2017-05-22-09-30-00,27,15,12
2017-05-22-09-45-00,18,7,11
2017-05-22-10-00-00,20,9,11
2017-05-22-10-15-00,24,14,10
2017-05-22-10-30-00,27,12,15
2017-05-22-10-45-00,26,10,16
2017-05-22-11-00-00,31,11,20
2017-05-22-11-15-00,33,19,14
2017-05-22-11-30-00,32,9,23
2017-05-22-11-45-00,39,17,22
2017-05-22-12-00-00,39,17,22
2017-05-22-12-15-00,38,13,25
2017-05-22-12-30-00,34,18,16
2017-05-22-12-45-00,46,21,25
2017-05-22-13-00-00,44,28,16
2017-05-22-13-15-00,75,35,40
2017-05-22-13-30-00,50,29,21
2017-05-22-13-45-00,51,22,29
2017-05-22-14-00-00,38,15,23
2017-05-22-14-15-00,54,25,29
2017-05-22-14-30-00,47,28,19
2017-05-22-14-45-00,48,35,13
2017-05-22-15-00-00,56,29,27
2017-05-22-15-15-00,61,37,24
2017-05-22-15-30-00,67,45,22
2017-05-22-15-45-00,62,37,25
2017-05-22-16-00-00,73,46,27
2017-05-22-16-15-00,82,51,31
2017-05-22-16-30-00,93,61,32
2017-05-22-16-45-00,87,56,31
2017-05-22-17-00-00,81,51,30
2017-05-22-17-15-00,126,90,36
2017-05-22-17-30-00,99,56,43
2017-05-22-17-45-00,118,78,40
2017-05-22-18-00-00,82,50,32
2017-05-22-18-15-00,101,59,42
2017-05-22-18-30-00,81,50,31
2017-05-22-18-45-00,79,55,24
2017-05-22-19-00-00,64,32,32
2017-05-22-19-15-00,64,32,32
2017-05-22-19-30-00,85,56,29
2017-05-22-19-45-00,58,35,23
2017-05-22-20-00-00,49,26,23
2017-05-22-20-15-00,33,12,21
2017-05-22-20-30-00,46,23,23
2017-05-22-20-45-00,34,20,14
2017-05-22-21-00-00,24,18,6
2017-05-22-21-15-00,31,11,20
2017-05-22-21-30-00,25,16,9
2017-05-22-21-45-00,13,6,7
2017-05-22-22-00-00,19,13,6
2017-05-22-22-15-00,5,2,3
2017-05-22-22-30-00,6,2,4
2017-05-22-22-45-00,6,6,0
2017-05-22-23-00-00,3,0,3
2017-05-22-23-15-00,2,0,2
2017-05-22-23-30-00,3,1,2
2017-05-22-23-45-00,0,0,0
2017-05-23-00-00-00,2,0,2
2017-05-23-00-15-00,2,1,1
2017-05-23-00-30-00,0,0,0
2017-05-23-00-45-00,2,1,1
2017-05-23-01-00-00,1,1,0
2017-05-23-01-15-00,1,0,1
2017-05-23-01-30-00,0,0,0
2017-05-23-01-45-00,0,0,0
2017-05-23-02-00-00,0,0,0
2017-05-23-02-15-00,0,0,0
2017-05-23-02-30-00,1,1,0
2017-05-23-02-45-00,0,0,0
2017-05-23-03-00-00,0,0,0
2017-05-23-03-15-00,0,0,0
2017-05-23-03-30-00,0,0,0
2017-05-23-03-45-00,0,0,0
2017-05-23-04-00-00,0,0,0
2017-05-23-04-15-00,0,0,0
2017-05-23-04-30-00,0,0,0
2017-05-23-04-45-00,0,0,0
2017-05-23-05-00-00,0,0,0
2017-05-23-05-15-00,4,2,2
2017-05-23-05-30-00,3,1,2
2017-05-23-05-45-00,8,4,4
2017-05-23-06-00-00,9,3,6
2017-05-23-06-15-00,16,7,9
2017-05-23-06-30-00,18,6,12
2017-05-23-06-45-00,29,9,20
2017-05-23-07-00-00,38,13,25
2017-05-23-07-15-00,59,20,39
2017-05-23-07-30-00,78,28,50
2017-05-23-07-45-00,65,18,47
2017-05-23-08-00-00,76,21,55
2017-05-23-08-15-00,61,16,45
2017-05-23-08-30-00,91,23,68
2017-05-23-08-45-00,63,8,55
2017-05-23-09-00-00,38,12,26
2017-05-23-09-15-00,42,11,31
2017-05-23-09-30-00,26,8,18
2017-05-23-09-45-00,22,11,11
2017-05-23-10-00-00,13,7,6
2017-05-23-10-15-00,33,12,21
2017-05-23-10-30-00,32,14,18
2017-05-23-10-45-00,24,8,16
2017-05-23-11-00-00,28,13,15
2017-05-23-11-15-00,28,9,19
2017-05-23-11-30-00,45,19,26
2017-05-23-11-45-00,31,17,14
2017-05-23-12-00-00,35,16,19
2017-05-23-12-15-00,29,14,15
2017-05-23-12-30-00,30,15,15
2017-05-23-12-45-00,26,9,17
2017-05-23-13-00-00,55,28,27
2017-05-23-13-15-00,25,6,19
2017-05-23-13-30-00,50,27,23
2017-05-23-13-45-00,44,20,24
2017-05-23-14-00-00,33,15,18
2017-05-23-14-15-00,36,11,25
2017-05-23-14-30-00,50,28,22
2017-05-23-14-45-00,38,23,15
2017-05-23-15-00-00,45,28,17
2017-05-23-15-15-00,66,33,33
2017-05-23-15-30-00,66,50,16
2017-05-23-15-45-00,73,50,23
2017-05-23-16-00-00,60,38,22
2017-05-23-16-15-00,73,48,25
2017-05-23-16-30-00,82,53,29
2017-05-23-16-45-00,85,47,38
2017-05-23-17-00-00,115,84,31
2017-05-23-17-15-00,105,69,36
2017-05-23-17-30-00,103,71,32
2017-05-23-17-45-00,83,55,28
2017-05-23-18-00-00,92,55,37
2017-05-23-18-15-00,100,64,36
2017-05-23-18-30-00,83,40,43
2017-05-23-18-45-00,86,45,41
2017-05-23-19-00-00,68,36,32
2017-05-23-19-15-00,52,29,23
2017-05-23-19-30-00,54,34,20
2017-05-23-19-45-00,66,46,20
2017-05-23-20-00-00,43,21,22
2017-05-23-20-15-00,63,34,29
2017-05-23-20-30-00,25,13,12
2017-05-23-20-45-00,46,20,26
2017-05-23-21-00-00,18,9,9
2017-05-23-21-15-00,20,10,10
2017-05-23-21-30-00,9,3,6
2017-05-23-21-45-00,18,8,10
2017-05-23-22-00-00,14,2,12
2017-05-23-22-15-00,14,5,9
2017-05-23-22-30-00,7,3,4
2017-05-23-22-45-00,4,1,3
2017-05-23-23-00-00,5,1,4
2017-05-23-23-15-00,4,3,1
2017-05-23-23-30-00,7,0,7
2017-05-23-23-45-00,2,1,1
2017-05-24-00-00-00,2,2,0
2017-05-24-00-15-00,0,0,0
2017-05-24-00-30-00,1,1,0
2017-05-24-00-45-00,0,0,0
2017-05-24-01-00-00,1,1,0
2017-05-24-01-15-00,1,1,0
2017-05-24-01-30-00,0,0,0
2017-05-24-01-45-00,0,0,0
2017-05-24-02-00-00,0,0,0
2017-05-24-02-15-00,0,0,0
2017-05-24-02-30-00,0,0,0
2017-05-24-02-45-00,0,0,0
2017-05-24-03-00-00,0,0,0
2017-05-24-03-15-00,1,1,0
2017-05-24-03-30-00,0,0,0
2017-05-24-03-45-00,0,0,0
2017-05-24-04-00-00,0,0,0
2017-05-24-04-15-00,0,0,0
2017-05-24-04-30-00,0,0,0
2017-05-24-04-45-00,0,0,0
2017-05-24-05-00-00,0,0,0
2017-05-24-05-15-00,2,1,1
2017-05-24-05-30-00,2,0,2
2017-05-24-05-45-00,7,2,5
2017-05-24-06-00-00,11,4,7
2017-05-24-06-15-00,9,4,5
2017-05-24-06-30-00,17,5,12
2017-05-24-06-45-00,18,12,6
2017-05-24-07-00-00,34,12,22
2017-05-24-07-15-00,34,6,28
2017-05-24-07-30-00,54,21,33
2017-05-24-07-45-00,52,8,44
2017-05-24-08-00-00,65,17,48
2017-05-24-08-15-00,64,14,50
2017-05-24-08-30-00,58,8,50
2017-05-24-08-45-00,60,13,47
2017-05-24-09-00-00,31,9,22
2017-05-24-09-15-00,25,11,14
2017-05-24-09-30-00,23,6,17
2017-05-24-09-45-00,22,10,12
2017-05-24-10-00-00,35,20,15
2017-05-24-10-15-00,6,4,2
2017-05-24-10-30-00,21,9,12
2017-05-24-10-45-00,26,18,8
2017-05-24-11-00-00,24,11,13
2017-05-24-11-15-00,22,12,10
2017-05-24-11-30-00,37,13,24
2017-05-24-11-45-00,26,13,13
2017-05-24-12-00-00,13,6,7
2017-05-24-12-15-00,21,8,13
2017-05-24-12-30-00,23,11,12
2017-05-24-12-45-00,29,13,16
2017-05-24-13-00-00,42,24,18
2017-05-24-13-15-00,33,11,22
2017-05-24-13-30-00,35,13,22
2017-05-24-13-45-00,17,8,9
2017-05-24-14-00-00,28,12,16
2017-05-24-14-15-00,27,17,10
2017-05-24-14-30-00,32,19,13
2017-05-24-14-45-00,36,21,15
2017-05-24-15-00-00,35,21,14
2017-05-24-15-15-00,35,27,8
2017-05-24-15-30-00,31,23,8
2017-05-24-15-45-00,50,38,12
2017-05-24-16-00-00,44,34,10
2017-05-24-16-15-00,72,41,31
2017-05-24-16-30-00,73,52,21
2017-05-24-16-45-00,60,38,22
2017-05-24-17-00-00,51,31,20
2017-05-24-17-15-00,80,50,30
2017-05-24-17-30-00,48,29,19
2017-05-24-17-45-00,58,45,13
2017-05-24-18-00-00,49,35,14
2017-05-24-18-15-00,60,34,26
2017-05-24-18-30-00,58,45,13
2017-05-24-18-45-00,44,31,13
2017-05-24-19-00-00,42,21,21
2017-05-24-19-15-00,42,23,19
2017-05-24-19-30-00,48,19,29
2017-05-24-19-45-00,33,22,11
2017-05-24-20-00-00,36,23,13
2017-05-24-20-15-00,23,13,10
2017-05-24-20-30-00,22,16,6
2017-05-24-20-45-00,18,11,7
2017-05-24-21-00-00,10,6,4
2017-05-24-21-15-00,14,7,7
2017-05-24-21-30-00,17,13,4
2017-05-24-21-45-00,14,8,6
2017-05-24-22-00-00,4,2,2
2017-05-24-22-15-00,4,3,1
2017-05-24-22-30-00,4,1,3
2017-05-24-22-45-00,5,3,2
2017-05-24-23-00-00,3,1,2
2017-05-24-23-15-00,5,1,4
2017-05-24-23-30-00,3,0,3
2017-05-24-23-45-00,6,6,0
2017-05-25-00-00-00,9,3,6
2017-05-25-00-15-00,0,0,0
2017-05-25-00-30-00,2,0,2
2017-05-25-00-45-00,2,1,1
2017-05-25-01-00-00,2,2,0
2017-05-25-01-15-00,4,3,1
2017-05-25-01-30-00,4,1,3
2017-05-25-01-45-00,3,1,2
2017-05-25-02-00-00,0,0,0
2017-05-25-02-15-00,1,0,1
2017-05-25-02-30-00,3,0,3
2017-05-25-02-45-00,0,0,0
2017-05-25-03-00-00,0,0,0
2017-05-25-03-15-00,0,0,0
2017-05-25-03-30-00,2,2,0
2017-05-25-03-45-00,0,0,0
2017-05-25-04-00-00,0,0,0
2017-05-25-04-15-00,1,1,0
2017-05-25-04-30-00,1,1,0
2017-05-25-04-45-00,0,0,0
2017-05-25-05-00-00,0,0,0
2017-05-25-05-15-00,0,0,0
2017-05-25-05-30-00,1,0,1
2017-05-25-05-45-00,0,0,0
2017-05-25-06-00-00,0,0,0
2017-05-25-06-15-00,1,0,1
2017-05-25-06-30-00,5,3,2
2017-05-25-06-45-00,2,2,0
2017-05-25-07-00-00,3,3,0
2017-05-25-07-15-00,6,2,4
2017-05-25-07-30-00,10,4,6
2017-05-25-07-45-00,4,1,3
2017-05-25-08-00-00,16,4,12
2017-05-25-08-15-00,13,6,7
2017-05-25-08-30-00,10,6,4
2017-05-25-08-45-00,16,6,10
2017-05-25-09-00-00,16,9,7
2017-05-25-09-15-00,40,17,23
2017-05-25-09-30-00,35,14,21
2017-05-25-09-45-00,43,9,34
2017-05-25-10-00-00,34,9,25
2017-05-25-10-15-00,49,31,18
2017-05-25-10-30-00,77,29,48
2017-05-25-10-45-00,83,31,52
2017-05-25-11-00-00,77,37,40
2017-05-25-11-15-00,82,45,37
2017-05-25-11-30-00,115,36,79
2017-05-25-11-45-00,126,34,92
2017-05-25-12-00-00,114,40,74
2017-05-25-12-15-00,140,44,96
2017-05-25-12-30-00,96,45,51
2017-05-25-12-45-00,151,38,113
2017-05-25-13-00-00,135,61,74
2017-05-25-13-15-00,118,51,67
2017-05-25-13-30-00,149,71,78
2017-05-25-13-45-00,180,70,110
2017-05-25-14-00-00,138,61,77
2017-05-25-14-15-00,178,81,97
2017-05-25-14-30-00,149,60,89
2017-05-25-14-45-00,165,87,78
2017-05-25-15-00-00,165,95,70
2017-05-25-15-15-00,176,81,95
2017-05-25-15-30-00,172,87,85
2017-05-25-15-45-00,173,92,81
2017-05-25-16-00-00,190,100,90
2017-05-25-16-15-00,177,99,78
2017-05-25-16-30-00,180,117,63
2017-05-25-16-45-00,188,110,78
2017-05-25-17-00-00,158,101,57
2017-05-25-17-15-00,136,97,39
2017-05-25-17-30-00,187,123,64
2017-05-25-17-45-00,127,84,43
2017-05-25-18-00-00,134,78,56
2017-05-25-18-15-00,124,94,30
2017-05-25-18-30-00,144,89,55
2017-05-25-18-45-00,93,57,36
2017-05-25-19-00-00,108,63,45
2017-05-25-19-15-00,119,74,45
2017-05-25-19-30-00,107,63,44
2017-05-25-19-45-00,78,40,38
2017-05-25-20-00-00,73,39,34
2017-05-25-20-15-00,70,61,9
2017-05-25-20-30-00,61,37,24
2017-05-25-20-45-00,65,35,30
2017-05-25-21-00-00,39,22,17
2017-05-25-21-15-00,51,28,23
2017-05-25-21-30-00,45,32,13
2017-05-25-21-45-00,25,12,13
2017-05-25-22-00-00,28,21,7
2017-05-25-22-15-00,16,14,2
2017-05-25-22-30-00,18,8,10
2017-05-25-22-45-00,15,4,11
2017-05-25-23-00-00,4,2,2
2017-05-25-23-15-00,5,2,3
2017-05-25-23-30-00,7,5,2
2017-05-25-23-45-00,3,0,3
2017-05-26-00-00-00,1,1,0
2017-05-26-00-15-00,0,0,0
2017-05-26-00-30-00,0,0,0
2017-05-26-00-45-00,1,0,1
2017-05-26-01-00-00,2,1,1
2017-05-26-01-15-00,2,1,1
2017-05-26-01-30-00,0,0,0
2017-05-26-01-45-00,1,1,0
2017-05-26-02-00-00,0,0,0
2017-05-26-02-15-00,1,0,1
2017-05-26-02-30-00,1,1,0
2017-05-26-02-45-00,0,0,0
2017-05-26-03-00-00,0,0,0
2017-05-26-03-15-00,1,1,0
2017-05-26-03-30-00,0,0,0
2017-05-26-03-45-00,0,0,0
2017-05-26-04-00-00,0,0,0
2017-05-26-04-15-00,0,0,0
2017-05-26-04-30-00,0,0,0
2017-05-26-04-45-00,0,0,0
2017-05-26-05-00-00,1,1,0
2017-05-26-05-15-00,2,2,0
2017-05-26-05-30-00,2,1,1
2017-05-26-05-45-00,6,1,5
2017-05-26-06-00-00,5,1,4
2017-05-26-06-15-00,8,3,5
2017-05-26-06-30-00,14,4,10
2017-05-26-06-45-00,16,6,10
2017-05-26-07-00-00,18,6,12
2017-05-26-07-15-00,15,5,10
2017-05-26-07-30-00,28,13,15
2017-05-26-07-45-00,30,8,22
2017-05-26-08-00-00,33,6,27
2017-05-26-08-15-00,30,12,18
2017-05-26-08-30-00,32,11,21
2017-05-26-08-45-00,33,9,24
2017-05-26-09-00-00,34,10,24
2017-05-26-09-15-00,36,17,19
2017-05-26-09-30-00,27,12,15
2017-05-26-09-45-00,29,16,13
2017-05-26-10-00-00,24,11,13
2017-05-26-10-15-00,47,28,19
2017-05-26-10-30-00,47,19,28
2017-05-26-10-45-00,31,17,14
2017-05-26-11-00-00,59,28,31
2017-05-26-11-15-00,61,32,29
2017-05-26-11-30-00,49,27,22
2017-05-26-11-45-00,52,20,32
2017-05-26-12-00-00,54,27,27
2017-05-26-12-15-00,66,28,38
2017-05-26-12-30-00,48,19,29
2017-05-26-12-45-00,87,39,48
2017-05-26-13-00-00,72,28,44
2017-05-26-13-15-00,61,39,22
2017-05-26-13-30-00,45,23,22
2017-05-26-13-45-00,54,42,12
2017-05-26-14-00-00,69,48,21
2017-05-26-14-15-00,59,32,27
2017-05-26-14-30-00,86,58,28
2017-05-26-14-45-00,74,41,33
2017-05-26-15-00-00,69,32,37
2017-05-26-15-15-00,94,58,36
2017-05-26-15-30-00,107,65,42
2017-05-26-15-45-00,92,42,50
2017-05-26-16-00-00,92,47,45
2017-05-26-16-15-00,92,47,45
2017-05-26-16-30-00,93,55,38
2017-05-26-16-45-00,82,56,26
2017-05-26-17-00-00,76,55,21
2017-05-26-17-15-00,73,43,30
2017-05-26-17-30-00,93,60,33
2017-05-26-17-45-00,87,55,32
2017-05-26-18-00-00,88,56,32
2017-05-26-18-15-00,85,43,42
2017-05-26-18-30-00,56,37,19
2017-05-26-18-45-00,73,35,38
2017-05-26-19-00-00,58,31,27
2017-05-26-19-15-00,52,30,22
2017-05-26-19-30-00,60,35,25
2017-05-26-19-45-00,59,32,27
2017-05-26-20-00-00,61,32,29
2017-05-26-20-15-00,51,33,18
2017-05-26-20-30-00,53,35,18
2017-05-26-20-45-00,38,22,16
2017-05-26-21-00-00,63,33,30
2017-05-26-21-15-00,21,18,3
2017-05-26-21-30-00,34,21,13
2017-05-26-21-45-00,28,18,10
2017-05-26-22-00-00,24,8,16
2017-05-26-22-15-00,24,6,18
2017-05-26-22-30-00,20,11,9
2017-05-26-22-45-00,9,3,6
2017-05-26-23-00-00,11,4,7
2017-05-26-23-15-00,10,5,5
2017-05-26-23-30-00,10,4,6
2017-05-26-23-45-00,2,1,1
2017-05-27-00-00-00,8,4,4
2017-05-27-00-15-00,8,4,4
2017-05-27-00-30-00,2,2,0
2017-05-27-00-45-00,4,1,3
2017-05-27-01-00-00,1,0,1
2017-05-27-01-15-00,9,9,0
2017-05-27-01-30-00,11,6,5
2017-05-27-01-45-00,0,0,0
2017-05-27-02-00-00,0,0,0
2017-05-27-02-15-00,1,0,1
2017-05-27-02-30-00,0,0,0
2017-05-27-02-45-00,1,0,1
2017-05-27-03-00-00,2,0,2
2017-05-27-03-15-00,0,0,0
2017-05-27-03-30-00,1,1,0
2017-05-27-03-45-00,1,0,1
2017-05-27-04-00-00,0,0,0
2017-05-27-04-15-00,0,0,0
2017-05-27-04-30-00,1,0,1
2017-05-27-04-45-00,1,0,1
2017-05-27-05-00-00,0,0,0
2017-05-27-05-15-00,1,0,1
2017-05-27-05-30-00,0,0,0
2017-05-27-05-45-00,0,0,0
2017-05-27-06-00-00,1,1,0
2017-05-27-06-15-00,2,1,1
2017-05-27-06-30-00,5,2,3
2017-05-27-06-45-00,5,2,3
2017-05-27-07-00-00,2,1,1
2017-05-27-07-15-00,9,1,8
2017-05-27-07-30-00,9,3,6
2017-05-27-07-45-00,1,1,0
2017-05-27-08-00-00,11,4,7
2017-05-27-08-15-00,16,2,14
2017-05-27-08-30-00,16,11,5
2017-05-27-08-45-00,16,7,9
2017-05-27-09-00-00,32,15,17
2017-05-27-09-15-00,20,7,13
2017-05-27-09-30-00,42,20,22
2017-05-27-09-45-00,65,27,38
2017-05-27-10-00-00,68,36,32
2017-05-27-10-15-00,32,12,20
2017-05-27-10-30-00,60,30,30
2017-05-27-10-45-00,83,28,55
2017-05-27-11-00-00,77,36,41
2017-05-27-11-15-00,58,31,27
2017-05-27-11-30-00,52,14,38
2017-05-27-11-45-00,68,43,25
2017-05-27-12-00-00,62,29,33
2017-05-27-12-15-00,67,31,36
2017-05-27-12-30-00,79,33,46
2017-05-27-12-45-00,72,35,37
2017-05-27-13-00-00,69,33,36
2017-05-27-13-15-00,63,19,44
2017-05-27-13-30-00,56,32,24
2017-05-27-13-45-00,82,41,41
2017-05-27-14-00-00,82,44,38
2017-05-27-14-15-00,71,41,30
2017-05-27-14-30-00,66,35,31
2017-05-27-14-45-00,83,42,41
2017-05-27-15-00-00,84,38,46
2017-05-27-15-15-00,84,39,45
2017-05-27-15-30-00,69,31,38
2017-05-27-15-45-00,67,39,28
2017-05-27-16-00-00,82,41,41
2017-05-27-16-15-00,81,36,45
2017-05-27-16-30-00,88,43,45
2017-05-27-16-45-00,75,41,34
2017-05-27-17-00-00,96,58,38
2017-05-27-17-15-00,98,66,32
2017-05-27-17-30-00,61,33,28
2017-05-27-17-45-00,82,38,44
2017-05-27-18-00-00,64,43,21
2017-05-27-18-15-00,73,43,30
2017-05-27-18-30-00,65,38,27
2017-05-27-18-45-00,43,23,20
2017-05-27-19-00-00,79,49,30
2017-05-27-19-15-00,68,35,33
2017-05-27-19-30-00,54,33,21
2017-05-27-19-45-00,51,16,35
2017-05-27-20-00-00,55,38,17
2017-05-27-20-15-00,39,20,19
2017-05-27-20-30-00,37,24,13
2017-05-27-20-45-00,37,20,17
2017-05-27-21-00-00,33,27,6
2017-05-27-21-15-00,22,9,13
2017-05-27-21-30-00,35,20,15
2017-05-27-21-45-00,30,19,11
2017-05-27-22-00-00,39,25,14
2017-05-27-22-15-00,28,25,3
2017-05-27-22-30-00,30,15,15
2017-05-27-22-45-00,24,10,14
2017-05-27-23-00-00,22,14,8
2017-05-27-23-15-00,7,3,4
2017-05-27-23-30-00,10,3,7
2017-05-27-23-45-00,21,10,11
2017-05-28-00-00-00,5,2,3
2017-05-28-00-15-00,3,2,1
2017-05-28-00-30-00,6,4,2
2017-05-28-00-45-00,7,7,0
2017-05-28-01-00-00,1,0,1
2017-05-28-01-15-00,3,3,0
2017-05-28-01-30-00,3,0,3
2017-05-28-01-45-00,8,5,3
2017-05-28-02-00-00,4,4,0
2017-05-28-02-15-00,1,1,0
2017-05-28-02-30-00,2,0,2
2017-05-28-02-45-00,1,1,0
2017-05-28-03-00-00,0,0,0
2017-05-28-03-15-00,0,0,0
2017-05-28-03-30-00,1,1,0
2017-05-28-03-45-00,0,0,0
2017-05-28-04-00-00,1,1,0
2017-05-28-04-15-00,0,0,0
2017-05-28-04-30-00,3,3,0
2017-05-28-04-45-00,0,0,0
2017-05-28-05-00-00,0,0,0
2017-05-28-05-15-00,2,1,1
2017-05-28-05-30-00,2,1,1
2017-05-28-05-45-00,2,2,0
2017-05-28-06-00-00,1,1,0
2017-05-28-06-15-00,0,0,0
2017-05-28-06-30-00,1,0,1
2017-05-28-06-45-00,2,2,0
2017-05-28-07-00-00,3,0,3
2017-05-28-07-15-00,2,1,1
2017-05-28-07-30-00,11,6,5
2017-05-28-07-45-00,8,4,4
2017-05-28-08-00-00,13,8,5
2017-05-28-08-15-00,14,7,7
2017-05-28-08-30-00,22,13,9
2017-05-28-08-45-00,40,18,22
2017-05-28-09-00-00,24,6,18
2017-05-28-09-15-00,43,24,19
2017-05-28-09-30-00,35,16,19
2017-05-28-09-45-00,62,28,34
2017-05-28-10-00-00,59,32,27
2017-05-28-10-15-00,56,21,35
2017-05-28-10-30-00,65,27,38
2017-05-28-10-45-00,91,48,43
2017-05-28-11-00-00,73,27,46
2017-05-28-11-15-00,94,32,62
2017-05-28-11-30-00,62,27,35
2017-05-28-11-45-00,73,38,35
2017-05-28-12-00-00,60,30,30
2017-05-28-12-15-00,77,42,35
2017-05-28-12-30-00,68,35,33
2017-05-28-12-45-00,45,23,22
2017-05-28-13-00-00,55,35,20
2017-05-28-13-15-00,69,35,34
2017-05-28-13-30-00,85,52,33
2017-05-28-13-45-00,95,45,50
2017-05-28-14-00-00,84,53,31
2017-05-28-14-15-00,77,48,29
2017-05-28-14-30-00,80,48,32
2017-05-28-14-45-00,87,53,34
2017-05-28-15-00-00,58,30,28
2017-05-28-15-15-00,70,27,43
2017-05-28-15-30-00,60,27,33
2017-05-28-15-45-00,69,32,37
2017-05-28-16-00-00,66,35,31
2017-05-28-16-15-00,75,44,31
2017-05-28-16-30-00,100,50,50
2017-05-28-16-45-00,82,50,32
2017-05-28-17-00-00,72,44,28
2017-05-28-17-15-00,48,33,15
2017-05-28-17-30-00,37,13,24
2017-05-28-17-45-00,28,16,12
2017-05-28-18-00-00,44,18,26
2017-05-28-18-15-00,48,31,17
2017-05-28-18-30-00,41,24,17
2017-05-28-18-45-00,48,22,26
2017-05-28-19-00-00,38,23,15
2017-05-28-19-15-00,29,18,11
2017-05-28-19-30-00,47,30,17
2017-05-28-19-45-00,33,24,9
2017-05-28-20-00-00,31,23,8
2017-05-28-20-15-00,43,27,16
2017-05-28-20-30-00,32,18,14
2017-05-28-20-45-00,33,20,13
2017-05-28-21-00-00,21,14,7
2017-05-28-21-15-00,19,5,14
2017-05-28-21-30-00,23,14,9
2017-05-28-21-45-00,15,9,6
2017-05-28-22-00-00,8,4,4
2017-05-28-22-15-00,5,3,2
2017-05-28-22-30-00,13,2,11
2017-05-28-22-45-00,6,5,1
2017-05-28-23-00-00,4,0,4
2017-05-28-23-15-00,1,1,0
2017-05-28-23-30-00,0,0,0
2017-05-28-23-45-00,0,0,0
2017-05-29-00-00-00,0,0,0
2017-05-29-00-15-00,1,0,1
2017-05-29-00-30-00,1,1,0
2017-05-29-00-45-00,2,1,1
2017-05-29-01-00-00,0,0,0
2017-05-29-01-15-00,0,0,0
2017-05-29-01-30-00,0,0,0
2017-05-29-01-45-00,0,0,0
2017-05-29-02-00-00,0,0,0
2017-05-29-02-15-00,2,1,1
2017-05-29-02-30-00,0,0,0
2017-05-29-02-45-00,2,2,0
2017-05-29-03-00-00,0,0,0
2017-05-29-03-15-00,0,0,0
2017-05-29-03-30-00,0,0,0
2017-05-29-03-45-00,0,0,0
2017-05-29-04-00-00,0,0,0
2017-05-29-04-15-00,0,0,0
2017-05-29-04-30-00,0,0,0
2017-05-29-04-45-00,0,0,0
2017-05-29-05-00-00,0,0,0
2017-05-29-05-15-00,2,1,1
2017-05-29-05-30-00,5,3,2
2017-05-29-05-45-00,7,2,5
2017-05-29-06-00-00,13,7,6
2017-05-29-06-15-00,11,4,7
2017-05-29-06-30-00,15,9,6
2017-05-29-06-45-00,25,9,16
2017-05-29-07-00-00,41,17,24
2017-05-29-07-15-00,58,17,41
2017-05-29-07-30-00,60,24,36
2017-05-29-07-45-00,75,24,51
2017-05-29-08-00-00,64,18,46
2017-05-29-08-15-00,66,23,43
2017-05-29-08-30-00,70,19,51
2017-05-29-08-45-00,60,6,54
2017-05-29-09-00-00,50,16,34
2017-05-29-09-15-00,35,8,27
2017-05-29-09-30-00,37,17,20
2017-05-29-09-45-00,22,10,12
2017-05-29-10-00-00,24,9,15
2017-05-29-10-15-00,37,11,26
2017-05-29-10-30-00,28,12,16
2017-05-29-10-45-00,34,17,17
2017-05-29-11-00-00,28,11,17
2017-05-29-11-15-00,19,10,9
2017-05-29-11-30-00,22,12,10
2017-05-29-11-45-00,20,9,11
2017-05-29-12-00-00,26,10,16
2017-05-29-12-15-00,32,19,13
2017-05-29-12-30-00,28,18,10
2017-05-29-12-45-00,26,15,11
2017-05-29-13-00-00,44,27,17
2017-05-29-13-15-00,28,15,13
2017-05-29-13-30-00,36,15,21
2017-05-29-13-45-00,30,11,19
2017-05-29-14-00-00,31,16,15
2017-05-29-14-15-00,18,10,8
2017-05-29-14-30-00,29,17,12
2017-05-29-14-45-00,32,20,12
2017-05-29-15-00-00,36,22,14
2017-05-29-15-15-00,23,18,5
2017-05-29-15-30-00,49,34,15
2017-05-29-15-45-00,38,25,13
2017-05-29-16-00-00,44,26,18
2017-05-29-16-15-00,55,33,22
2017-05-29-16-30-00,64,49,15
2017-05-29-16-45-00,79,42,37
2017-05-29-17-00-00,78,52,26
2017-05-29-17-15-00,66,45,21
2017-05-29-17-30-00,76,46,30
2017-05-29-17-45-00,73,44,29
2017-05-29-18-00-00,86,58,28
2017-05-29-18-15-00,54,40,14
2017-05-29-18-30-00,67,45,22
2017-05-29-18-45-00,62,39,23
2017-05-29-19-00-00,55,33,22
2017-05-29-19-15-00,69,48,21
2017-05-29-19-30-00,46,26,20
2017-05-29-19-45-00,57,34,23
2017-05-29-20-00-00,51,35,16
2017-05-29-20-15-00,36,21,15
2017-05-29-20-30-00,32,19,13
2017-05-29-20-45-00,39,20,19
2017-05-29-21-00-00,21,9,12
2017-05-29-21-15-00,20,11,9
2017-05-29-21-30-00,18,10,8
2017-05-29-21-45-00,23,14,9
2017-05-29-22-00-00,12,4,8
2017-05-29-22-15-00,9,4,5
2017-05-29-22-30-00,8,3,5
2017-05-29-22-45-00,11,3,8
2017-05-29-23-00-00,8,6,2
2017-05-29-23-15-00,5,1,4
2017-05-29-23-30-00,0,0,0
2017-05-29-23-45-00,4,0,4
2017-05-30-00-00-00,0,0,0
2017-05-30-00-15-00,0,0,0
2017-05-30-00-30-00,2,0,2
2017-05-30-00-45-00,1,0,1
2017-05-30-01-00-00,2,0,2
2017-05-30-01-15-00,0,0,0
2017-05-30-01-30-00,0,0,0
2017-05-30-01-45-00,0,0,0
2017-05-30-02-00-00,0,0,0
2017-05-30-02-15-00,1,0,1
2017-05-30-02-30-00,0,0,0
2017-05-30-02-45-00,0,0,0
2017-05-30-03-00-00,2,1,1
2017-05-30-03-15-00,0,0,0
2017-05-30-03-30-00,0,0,0
2017-05-30-03-45-00,0,0,0
2017-05-30-04-00-00,0,0,0
2017-05-30-04-15-00,0,0,0
2017-05-30-04-30-00,0,0,0
2017-05-30-04-45-00,0,0,0
2017-05-30-05-00-00,1,1,0
2017-05-30-05-15-00,3,2,1
2017-05-30-05-30-00,3,0,3
2017-05-30-05-45-00,5,1,4
2017-05-30-06-00-00,11,8,3
2017-05-30-06-15-00,10,4,6
2017-05-30-06-30-00,18,7,11
2017-05-30-06-45-00,18,10,8
2017-05-30-07-00-00,29,7,22
2017-05-30-07-15-00,48,18,30
2017-05-30-07-30-00,68,23,45
2017-05-30-07-45-00,56,12,44
2017-05-30-08-00-00,72,21,51
2017-05-30-08-15-00,57,12,45
2017-05-30-08-30-00,71,21,50
2017-05-30-08-45-00,57,17,40
2017-05-30-09-00-00,41,11,30
2017-05-30-09-15-00,34,15,19
2017-05-30-09-30-00,17,7,10
2017-05-30-09-45-00,35,12,23
2017-05-30-10-00-00,25,12,13
2017-05-30-10-15-00,29,10,19
2017-05-30-10-30-00,11,6,5
2017-05-30-10-45-00,35,20,15
2017-05-30-11-00-00,30,14,16
2017-05-30-11-15-00,29,12,17
2017-05-30-11-30-00,36,14,22
2017-05-30-11-45-00,22,11,11
2017-05-30-12-00-00,31,15,16
2017-05-30-12-15-00,26,13,13
2017-05-30-12-30-00,31,16,15
2017-05-30-12-45-00,16,8,8
2017-05-30-13-00-00,28,16,12
2017-05-30-13-15-00,14,10,4
2017-05-30-13-30-00,29,14,15
2017-05-30-13-45-00,15,9,6
2017-05-30-14-00-00,19,9,10
2017-05-30-14-15-00,22,10,12
2017-05-30-14-30-00,25,13,12
2017-05-30-14-45-00,16,11,5
2017-05-30-15-00-00,23,13,10
2017-05-30-15-15-00,37,19,18
2017-05-30-15-30-00,40,27,13
2017-05-30-15-45-00,42,31,11
2017-05-30-16-00-00,34,21,13
2017-05-30-16-15-00,41,33,8
2017-05-30-16-30-00,59,38,21
2017-05-30-16-45-00,62,36,26
2017-05-30-17-00-00,56,34,22
2017-05-30-17-15-00,89,56,33
2017-05-30-17-30-00,63,44,19
2017-05-30-17-45-00,60,43,17
2017-05-30-18-00-00,61,36,25
2017-05-30-18-15-00,78,56,22
2017-05-30-18-30-00,62,44,18
2017-05-30-18-45-00,61,28,33
2017-05-30-19-00-00,69,45,24
2017-05-30-19-15-00,42,19,23
2017-05-30-19-30-00,40,18,22
2017-05-30-19-45-00,45,28,17
2017-05-30-20-00-00,60,43,17
2017-05-30-20-15-00,51,31,20
2017-05-30-20-30-00,41,23,18
2017-05-30-20-45-00,33,16,17
2017-05-30-21-00-00,38,30,8
2017-05-30-21-15-00,26,17,9
2017-05-30-21-30-00,29,19,10
2017-05-30-21-45-00,26,12,14
2017-05-30-22-00-00,5,4,1
2017-05-30-22-15-00,19,11,8
2017-05-30-22-30-00,8,4,4
2017-05-30-22-45-00,3,2,1
2017-05-30-23-00-00,2,0,2
2017-05-30-23-15-00,3,1,2
2017-05-30-23-30-00,1,1,0
2017-05-30-23-45-00,2,1,1
2017-05-31-00-00-00,0,0,0
2017-05-31-00-15-00,2,1,1
2017-05-31-00-30-00,0,0,0
2017-05-31-00-45-00,2,2,0
2017-05-31-01-00-00,1,1,0
2017-05-31-01-15-00,0,0,0
2017-05-31-01-30-00,0,0,0
2017-05-31-01-45-00,0,0,0
2017-05-31-02-00-00,0,0,0
2017-05-31-02-15-00,0,0,0
2017-05-31-02-30-00,0,0,0
2017-05-31-02-45-00,1,0,1
2017-05-31-03-00-00,0,0,0
2017-05-31-03-15-00,0,0,0
2017-05-31-03-30-00,0,0,0
2017-05-31-03-45-00,1,0,1
2017-05-31-04-00-00,0,0,0
2017-05-31-04-15-00,0,0,0
2017-05-31-04-30-00,0,0,0
2017-05-31-04-45-00,0,0,0
2017-05-31-05-00-00,0,0,0
2017-05-31-05-15-00,1,1,0
2017-05-31-05-30-00,4,0,4
2017-05-31-05-45-00,9,3,6
2017-05-31-06-00-00,14,4,10
2017-05-31-06-15-00,9,4,5
2017-05-31-06-30-00,9,2,7
2017-05-31-06-45-00,22,12,10
2017-05-31-07-00-00,40,13,27
2017-05-31-07-15-00,47,11,36
2017-05-31-07-30-00,80,32,48
2017-05-31-07-45-00,66,15,51
2017-05-31-08-00-00,57,15,42
2017-05-31-08-15-00,55,9,46
2017-05-31-08-30-00,66,15,51
2017-05-31-08-45-00,65,13,52
2017-05-31-09-00-00,34,3,31
2017-05-31-09-15-00,39,14,25
2017-05-31-09-30-00,35,13,22
2017-05-31-09-45-00,35,18,17
2017-05-31-10-00-00,25,12,13
2017-05-31-10-15-00,27,18,9
2017-05-31-10-30-00,32,17,15
2017-05-31-10-45-00,32,19,13
2017-05-31-11-00-00,36,21,15
2017-05-31-11-15-00,32,14,18
2017-05-31-11-30-00,33,24,9
2017-05-31-11-45-00,27,14,13
2017-05-31-12-00-00,26,10,16
2017-05-31-12-15-00,30,15,15
2017-05-31-12-30-00,33,15,18
2017-05-31-12-45-00,30,17,13
2017-05-31-13-00-00,32,15,17
2017-05-31-13-15-00,28,14,14
2017-05-31-13-30-00,31,16,15
2017-05-31-13-45-00,26,15,11
2017-05-31-14-00-00,40,20,20
2017-05-31-14-15-00,43,13,30
2017-05-31-14-30-00,42,26,16
2017-05-31-14-45-00,39,18,21
2017-05-31-15-00-00,43,22,21
2017-05-31-15-15-00,47,30,17
2017-05-31-15-30-00,77,53,24
2017-05-31-15-45-00,57,33,24
2017-05-31-16-00-00,79,57,22
2017-05-31-16-15-00,66,39,27
2017-05-31-16-30-00,80,48,32
2017-05-31-16-45-00,78,54,24
2017-05-31-17-00-00,75,61,14
2017-05-31-17-15-00,84,55,29
2017-05-31-17-30-00,72,47,25
2017-05-31-17-45-00,87,60,27
2017-05-31-18-00-00,82,56,26
2017-05-31-18-15-00,109,73,36
2017-05-31-18-30-00,92,63,29
2017-05-31-18-45-00,72,42,30
2017-05-31-19-00-00,84,42,42
2017-05-31-19-15-00,63,37,26
2017-05-31-19-30-00,88,37,51
2017-05-31-19-45-00,47,25,22
2017-05-31-20-00-00,49,34,15
2017-05-31-20-15-00,57,29,28
2017-05-31-20-30-00,38,27,11
2017-05-31-20-45-00,43,29,14
2017-05-31-21-00-00,32,21,11
2017-05-31-21-15-00,31,13,18
2017-05-31-21-30-00,22,12,10
2017-05-31-21-45-00,28,18,10
2017-05-31-22-00-00,17,4,13
2017-05-31-22-15-00,21,11,10
2017-05-31-22-30-00,11,3,8
2017-05-31-22-45-00,7,4,3
2017-05-31-23-00-00,8,6,2
2017-05-31-23-15-00,7,2,5
2017-05-31-23-30-00,4,1,3
2017-05-31-23-45-00,4,2,2
2017-06-01-00-00-00,0,0,0
2017-06-01-00-15-00,0,0,0
2017-06-01-00-30-00,2,1,1
2017-06-01-00-45-00,4,3,1
2017-06-01-01-00-00,0,0,0
2017-06-01-01-15-00,0,0,0
2017-06-01-01-30-00,0,0,0
2017-06-01-01-45-00,0,0,0
2017-06-01-02-00-00,0,0,0
2017-06-01-02-15-00,0,0,0
2017-06-01-02-30-00,0,0,0
2017-06-01-02-45-00,0,0,0
2017-06-01-03-00-00,0,0,0
2017-06-01-03-15-00,0,0,0
2017-06-01-03-30-00,0,0,0
2017-06-01-03-45-00,0,0,0
2017-06-01-04-00-00,0,0,0
2017-06-01-04-15-00,0,0,0
2017-06-01-04-30-00,0,0,0
2017-06-01-04-45-00,0,0,0
2017-06-01-05-00-00,0,0,0
2017-06-01-05-15-00,1,1,0
2017-06-01-05-30-00,4,2,2
2017-06-01-05-45-00,9,2,7
2017-06-01-06-00-00,9,0,9
2017-06-01-06-15-00,17,3,14
2017-06-01-06-30-00,14,2,12
2017-06-01-06-45-00,44,17,27
2017-06-01-07-00-00,29,11,18
2017-06-01-07-15-00,42,12,30
2017-06-01-07-30-00,64,15,49
2017-06-01-07-45-00,67,13,54
2017-06-01-08-00-00,64,13,51
2017-06-01-08-15-00,66,16,50
2017-06-01-08-30-00,68,12,56
2017-06-01-08-45-00,53,10,43
2017-06-01-09-00-00,33,10,23
2017-06-01-09-15-00,27,9,18
2017-06-01-09-30-00,38,9,29
2017-06-01-09-45-00,25,15,10
2017-06-01-10-00-00,33,13,20
2017-06-01-10-15-00,32,15,17
2017-06-01-10-30-00,27,17,10
2017-06-01-10-45-00,30,17,13
2017-06-01-11-00-00,41,16,25
2017-06-01-11-15-00,37,16,21
2017-06-01-11-30-00,44,27,17
2017-06-01-11-45-00,41,18,23
2017-06-01-12-00-00,37,19,18
2017-06-01-12-15-00,30,16,14
2017-06-01-12-30-00,34,18,16
2017-06-01-12-45-00,39,21,18
2017-06-01-13-00-00,33,18,15
2017-06-01-13-15-00,46,26,20
2017-06-01-13-30-00,32,24,8
2017-06-01-13-45-00,37,21,16
2017-06-01-14-00-00,54,21,33
2017-06-01-14-15-00,40,18,22
2017-06-01-14-30-00,66,40,26
2017-06-01-14-45-00,41,18,23
2017-06-01-15-00-00,45,31,14
2017-06-01-15-15-00,53,32,21
2017-06-01-15-30-00,46,27,19
2017-06-01-15-45-00,57,28,29
2017-06-01-16-00-00,80,58,22
2017-06-01-16-15-00,69,41,28
2017-06-01-16-30-00,71,42,29
2017-06-01-16-45-00,89,59,30
2017-06-01-17-00-00,71,46,25
2017-06-01-17-15-00,90,53,37
2017-06-01-17-30-00,100,71,29
2017-06-01-17-45-00,87,60,27
2017-06-01-18-00-00,68,40,28
2017-06-01-18-15-00,89,60,29
2017-06-01-18-30-00,74,47,27
2017-06-01-18-45-00,58,35,23
2017-06-01-19-00-00,61,30,31
2017-06-01-19-15-00,88,38,50
2017-06-01-19-30-00,74,32,42
2017-06-01-19-45-00,60,39,21
2017-06-01-20-00-00,61,33,28
2017-06-01-20-15-00,47,25,22
2017-06-01-20-30-00,52,35,17
2017-06-01-20-45-00,44,27,17
2017-06-01-21-00-00,45,26,19
2017-06-01-21-15-00,36,15,21
2017-06-01-21-30-00,22,13,9
2017-06-01-21-45-00,33,21,12
2017-06-01-22-00-00,28,14,14
2017-06-01-22-15-00,24,17,7
2017-06-01-22-30-00,30,20,10
2017-06-01-22-45-00,14,7,7
2017-06-01-23-00-00,5,3,2
2017-06-01-23-15-00,2,1,1
2017-06-01-23-30-00,6,3,3
2017-06-01-23-45-00,3,0,3
2017-06-02-00-00-00,3,0,3
2017-06-02-00-15-00,0,0,0
2017-06-02-00-30-00,6,4,2
2017-06-02-00-45-00,0,0,0
2017-06-02-01-00-00,1,0,1
2017-06-02-01-15-00,2,2,0
2017-06-02-01-30-00,0,0,0
2017-06-02-01-45-00,0,0,0
2017-06-02-02-00-00,0,0,0
2017-06-02-02-15-00,0,0,0
2017-06-02-02-30-00,0,0,0
2017-06-02-02-45-00,0,0,0
2017-06-02-03-00-00,0,0,0
2017-06-02-03-15-00,0,0,0
2017-06-02-03-30-00,0,0,0
2017-06-02-03-45-00,0,0,0
2017-06-02-04-00-00,0,0,0
2017-06-02-04-15-00,0,0,0
2017-06-02-04-30-00,0,0,0
2017-06-02-04-45-00,0,0,0
2017-06-02-05-00-00,0,0,0
2017-06-02-05-15-00,1,1,0
2017-06-02-05-30-00,2,1,1
2017-06-02-05-45-00,8,3,5
2017-06-02-06-00-00,10,7,3
2017-06-02-06-15-00,14,3,11
2017-06-02-06-30-00,10,4,6
2017-06-02-06-45-00,27,9,18
2017-06-02-07-00-00,26,11,15
2017-06-02-07-15-00,31,9,22
2017-06-02-07-30-00,51,23,28
2017-06-02-07-45-00,50,11,39
2017-06-02-08-00-00,41,9,32
2017-06-02-08-15-00,39,12,27
2017-06-02-08-30-00,46,11,35
2017-06-02-08-45-00,53,13,40
2017-06-02-09-00-00,37,11,26
2017-06-02-09-15-00,18,7,11
2017-06-02-09-30-00,28,11,17
2017-06-02-09-45-00,19,8,11
2017-06-02-10-00-00,29,17,12
2017-06-02-10-15-00,22,11,11
2017-06-02-10-30-00,25,14,11
2017-06-02-10-45-00,24,9,15
2017-06-02-11-00-00,29,16,13
2017-06-02-11-15-00,41,20,21
2017-06-02-11-30-00,22,10,12
2017-06-02-11-45-00,38,18,20
2017-06-02-12-00-00,37,13,24
2017-06-02-12-15-00,29,15,14
2017-06-02-12-30-00,25,15,10
2017-06-02-12-45-00,28,12,16
2017-06-02-13-00-00,35,17,18
2017-06-02-13-15-00,24,9,15
2017-06-02-13-30-00,33,17,16
2017-06-02-13-45-00,45,23,22
2017-06-02-14-00-00,30,14,16
2017-06-02-14-15-00,34,19,15
2017-06-02-14-30-00,35,19,16
2017-06-02-14-45-00,37,22,15
2017-06-02-15-00-00,43,30,13
2017-06-02-15-15-00,51,33,18
2017-06-02-15-30-00,45,25,20
2017-06-02-15-45-00,48,29,19
2017-06-02-16-00-00,46,32,14
2017-06-02-16-15-00,58,44,14
2017-06-02-16-30-00,54,42,12
2017-06-02-16-45-00,63,50,13
2017-06-02-17-00-00,44,31,13
2017-06-02-17-15-00,39,27,12
2017-06-02-17-30-00,54,24,30
2017-06-02-17-45-00,47,23,24
2017-06-02-18-00-00,36,17,19
2017-06-02-18-15-00,39,27,12
2017-06-02-18-30-00,44,30,14
2017-06-02-18-45-00,17,8,9
2017-06-02-19-00-00,11,6,5
2017-06-02-19-15-00,16,6,10
2017-06-02-19-30-00,7,4,3
2017-06-02-19-45-00,9,5,4
2017-06-02-20-00-00,7,4,3
2017-06-02-20-15-00,1,1,0
2017-06-02-20-30-00,7,1,6
2017-06-02-20-45-00,4,1,3
2017-06-02-21-00-00,2,1,1
2017-06-02-21-15-00,11,2,9
2017-06-02-21-30-00,3,3,0
2017-06-02-21-45-00,6,5,1
2017-06-02-22-00-00,2,2,0
2017-06-02-22-15-00,4,3,1
2017-06-02-22-30-00,4,2,2
2017-06-02-22-45-00,2,0,2
2017-06-02-23-00-00,1,0,1
2017-06-02-23-15-00,0,0,0
2017-06-02-23-30-00,0,0,0
2017-06-02-23-45-00,0,0,0
2017-06-03-00-00-00,0,0,0
2017-06-03-00-15-00,1,1,0
2017-06-03-00-30-00,0,0,0
2017-06-03-00-45-00,1,1,0
2017-06-03-01-00-00,0,0,0
2017-06-03-01-15-00,0,0,0
2017-06-03-01-30-00,1,1,0
2017-06-03-01-45-00,0,0,0
2017-06-03-02-00-00,0,0,0
2017-06-03-02-15-00,0,0,0
2017-06-03-02-30-00,2,0,2
2017-06-03-02-45-00,1,0,1
2017-06-03-03-00-00,0,0,0
2017-06-03-03-15-00,1,0,1
2017-06-03-03-30-00,0,0,0
2017-06-03-03-45-00,0,0,0
2017-06-03-04-00-00,0,0,0
2017-06-03-04-15-00,1,0,1
2017-06-03-04-30-00,1,0,1
2017-06-03-04-45-00,0,0,0
2017-06-03-05-00-00,0,0,0
2017-06-03-05-15-00,1,0,1
2017-06-03-05-30-00,4,4,0
2017-06-03-05-45-00,1,1,0
2017-06-03-06-00-00,0,0,0
2017-06-03-06-15-00,2,1,1
2017-06-03-06-30-00,1,1,0
2017-06-03-06-45-00,4,1,3
2017-06-03-07-00-00,2,1,1
2017-06-03-07-15-00,2,1,1
2017-06-03-07-30-00,1,0,1
2017-06-03-07-45-00,2,1,1
2017-06-03-08-00-00,9,4,5
2017-06-03-08-15-00,2,0,2
2017-06-03-08-30-00,2,2,0
2017-06-03-08-45-00,6,5,1
2017-06-03-09-00-00,7,1,6
2017-06-03-09-15-00,7,3,4
2017-06-03-09-30-00,7,5,2
2017-06-03-09-45-00,21,12,9
2017-06-03-10-00-00,24,8,16
2017-06-03-10-15-00,25,16,9
2017-06-03-10-30-00,16,4,12
2017-06-03-10-45-00,32,17,15
2017-06-03-11-00-00,20,13,7
2017-06-03-11-15-00,33,22,11
2017-06-03-11-30-00,16,7,9
2017-06-03-11-45-00,46,27,19
2017-06-03-12-00-00,32,10,22
2017-06-03-12-15-00,31,12,19
2017-06-03-12-30-00,34,14,20
2017-06-03-12-45-00,26,9,17
2017-06-03-13-00-00,32,12,20
2017-06-03-13-15-00,31,16,15
2017-06-03-13-30-00,52,28,24
2017-06-03-13-45-00,38,11,27
2017-06-03-14-00-00,40,22,18
2017-06-03-14-15-00,45,23,22
2017-06-03-14-30-00,56,34,22
2017-06-03-14-45-00,44,19,25
2017-06-03-15-00-00,34,14,20
2017-06-03-15-15-00,64,26,38
2017-06-03-15-30-00,40,17,23
2017-06-03-15-45-00,38,23,15
2017-06-03-16-00-00,43,23,20
2017-06-03-16-15-00,52,32,20
2017-06-03-16-30-00,64,32,32
2017-06-03-16-45-00,64,33,31
2017-06-03-17-00-00,47,29,18
2017-06-03-17-15-00,52,29,23
2017-06-03-17-30-00,30,18,12
2017-06-03-17-45-00,64,36,28
2017-06-03-18-00-00,34,19,15
2017-06-03-18-15-00,39,24,15
2017-06-03-18-30-00,47,30,17
2017-06-03-18-45-00,40,25,15
2017-06-03-19-00-00,16,9,7
2017-06-03-19-15-00,28,18,10
2017-06-03-19-30-00,49,25,24
2017-06-03-19-45-00,32,14,18
2017-06-03-20-00-00,24,12,12
2017-06-03-20-15-00,19,14,5
2017-06-03-20-30-00,10,4,6
2017-06-03-20-45-00,8,4,4
2017-06-03-21-00-00,17,3,14
2017-06-03-21-15-00,12,7,5
2017-06-03-21-30-00,19,16,3
2017-06-03-21-45-00,9,2,7
2017-06-03-22-00-00,10,4,6
2017-06-03-22-15-00,1,1,0
2017-06-03-22-30-00,7,3,4
2017-06-03-22-45-00,4,3,1
2017-06-03-23-00-00,6,3,3
2017-06-03-23-15-00,7,5,2
2017-06-03-23-30-00,2,1,1
2017-06-03-23-45-00,3,2,1
2017-06-04-00-00-00,0,0,0
2017-06-04-00-15-00,4,2,2
2017-06-04-00-30-00,1,0,1
2017-06-04-00-45-00,1,0,1
2017-06-04-01-00-00,0,0,0
2017-06-04-01-15-00,1,1,0
2017-06-04-01-30-00,0,0,0
2017-06-04-01-45-00,0,0,0
2017-06-04-02-00-00,0,0,0
2017-06-04-02-15-00,3,0,3
2017-06-04-02-30-00,0,0,0
2017-06-04-02-45-00,1,0,1
2017-06-04-03-00-00,1,0,1
2017-06-04-03-15-00,0,0,0
2017-06-04-03-30-00,0,0,0
2017-06-04-03-45-00,1,0,1
2017-06-04-04-00-00,0,0,0
2017-06-04-04-15-00,1,1,0
2017-06-04-04-30-00,0,0,0
2017-06-04-04-45-00,0,0,0
2017-06-04-05-00-00,0,0,0
2017-06-04-05-15-00,1,0,1
2017-06-04-05-30-00,0,0,0
2017-06-04-05-45-00,0,0,0
2017-06-04-06-00-00,0,0,0
2017-06-04-06-15-00,2,2,0
2017-06-04-06-30-00,2,1,1
2017-06-04-06-45-00,2,0,2
2017-06-04-07-00-00,2,0,2
2017-06-04-07-15-00,1,1,0
2017-06-04-07-30-00,2,1,1
2017-06-04-07-45-00,6,3,3
2017-06-04-08-00-00,2,0,2
2017-06-04-08-15-00,8,3,5
2017-06-04-08-30-00,3,1,2
2017-06-04-08-45-00,7,2,5
2017-06-04-09-00-00,8,4,4
2017-06-04-09-15-00,14,5,9
2017-06-04-09-30-00,15,8,7
2017-06-04-09-45-00,22,10,12
2017-06-04-10-00-00,33,13,20
2017-06-04-10-15-00,35,14,21
2017-06-04-10-30-00,44,15,29
2017-06-04-10-45-00,43,18,25
2017-06-04-11-00-00,64,15,49
2017-06-04-11-15-00,56,18,38
2017-06-04-11-30-00,92,32,60
2017-06-04-11-45-00,70,28,42
2017-06-04-12-00-00,83,36,47
2017-06-04-12-15-00,84,27,57
2017-06-04-12-30-00,94,34,60
2017-06-04-12-45-00,88,31,57
2017-06-04-13-00-00,87,44,43
2017-06-04-13-15-00,86,29,57
2017-06-04-13-30-00,154,48,106
2017-06-04-13-45-00,106,46,60
2017-06-04-14-00-00,106,51,55
2017-06-04-14-15-00,140,60,80
2017-06-04-14-30-00,108,56,52
2017-06-04-14-45-00,135,59,76
2017-06-04-15-00-00,143,65,78
2017-06-04-15-15-00,117,69,48
2017-06-04-15-30-00,111,63,48
2017-06-04-15-45-00,133,79,54
2017-06-04-16-00-00,136,89,47
2017-06-04-16-15-00,151,68,83
2017-06-04-16-30-00,129,80,49
2017-06-04-16-45-00,122,103,19
2017-06-04-17-00-00,67,45,22
2017-06-04-17-15-00,84,56,28
2017-06-04-17-30-00,50,33,17
2017-06-04-17-45-00,47,32,15
2017-06-04-18-00-00,72,53,19
2017-06-04-18-15-00,36,26,10
2017-06-04-18-30-00,51,43,8
2017-06-04-18-45-00,54,36,18
2017-06-04-19-00-00,26,22,4
2017-06-04-19-15-00,43,33,10
2017-06-04-19-30-00,23,8,15
2017-06-04-19-45-00,31,22,9
2017-06-04-20-00-00,30,16,14
2017-06-04-20-15-00,25,15,10
2017-06-04-20-30-00,18,12,6
2017-06-04-20-45-00,17,11,6
2017-06-04-21-00-00,11,9,2
2017-06-04-21-15-00,16,10,6
2017-06-04-21-30-00,15,10,5
2017-06-04-21-45-00,15,12,3
2017-06-04-22-00-00,10,9,1
2017-06-04-22-15-00,11,10,1
2017-06-04-22-30-00,3,3,0
2017-06-04-22-45-00,14,13,1
2017-06-04-23-00-00,0,0,0
2017-06-04-23-15-00,5,1,4
2017-06-04-23-30-00,0,0,0
2017-06-04-23-45-00,2,1,1
2017-06-05-00-00-00,3,0,3
2017-06-05-00-15-00,1,1,0
2017-06-05-00-30-00,0,0,0
2017-06-05-00-45-00,0,0,0
2017-06-05-01-00-00,0,0,0
2017-06-05-01-15-00,0,0,0
2017-06-05-01-30-00,1,1,0
2017-06-05-01-45-00,1,1,0
2017-06-05-02-00-00,0,0,0
2017-06-05-02-15-00,2,0,2
2017-06-05-02-30-00,1,1,0
2017-06-05-02-45-00,0,0,0
2017-06-05-03-00-00,0,0,0
2017-06-05-03-15-00,0,0,0
2017-06-05-03-30-00,1,1,0
2017-06-05-03-45-00,0,0,0
2017-06-05-04-00-00,0,0,0
2017-06-05-04-15-00,0,0,0
2017-06-05-04-30-00,0,0,0
2017-06-05-04-45-00,1,1,0
2017-06-05-05-00-00,1,1,0
2017-06-05-05-15-00,1,0,1
2017-06-05-05-30-00,2,2,0
2017-06-05-05-45-00,1,0,1
2017-06-05-06-00-00,3,1,2
2017-06-05-06-15-00,1,0,1
2017-06-05-06-30-00,2,0,2
2017-06-05-06-45-00,2,1,1
2017-06-05-07-00-00,7,1,6
2017-06-05-07-15-00,6,1,5
2017-06-05-07-30-00,7,4,3
2017-06-05-07-45-00,4,4,0
2017-06-05-08-00-00,14,5,9
2017-06-05-08-15-00,8,4,4
2017-06-05-08-30-00,22,8,14
2017-06-05-08-45-00,13,6,7
2017-06-05-09-00-00,23,7,16
2017-06-05-09-15-00,33,13,20
2017-06-05-09-30-00,34,16,18
2017-06-05-09-45-00,30,12,18
2017-06-05-10-00-00,31,14,17
2017-06-05-10-15-00,56,17,39
2017-06-05-10-30-00,73,35,38
2017-06-05-10-45-00,77,33,44
2017-06-05-11-00-00,86,32,54
2017-06-05-11-15-00,85,41,44
2017-06-05-11-30-00,127,47,80
2017-06-05-11-45-00,106,47,59
2017-06-05-12-00-00,93,38,55
2017-06-05-12-15-00,122,56,66
2017-06-05-12-30-00,125,45,80
2017-06-05-12-45-00,137,58,79
2017-06-05-13-00-00,123,47,76
2017-06-05-13-15-00,147,82,65
2017-06-05-13-30-00,165,73,92
2017-06-05-13-45-00,206,93,113
2017-06-05-14-00-00,176,64,112
2017-06-05-14-15-00,188,84,104
2017-06-05-14-30-00,130,49,81
2017-06-05-14-45-00,161,95,66
2017-06-05-15-00-00,171,86,85
2017-06-05-15-15-00,145,90,55
2017-06-05-15-30-00,158,92,66
2017-06-05-15-45-00,153,65,88
2017-06-05-16-00-00,158,87,71
2017-06-05-16-15-00,165,82,83
2017-06-05-16-30-00,128,67,61
2017-06-05-16-45-00,140,68,72
2017-06-05-17-00-00,156,109,47
2017-06-05-17-15-00,134,95,39
2017-06-05-17-30-00,144,89,55
2017-06-05-17-45-00,121,87,34
2017-06-05-18-00-00,105,57,48
2017-06-05-18-15-00,136,69,67
2017-06-05-18-30-00,99,62,37
2017-06-05-18-45-00,84,57,27
2017-06-05-19-00-00,108,86,22
2017-06-05-19-15-00,53,30,23
2017-06-05-19-30-00,77,44,33
2017-06-05-19-45-00,82,57,25
2017-06-05-20-00-00,57,31,26
2017-06-05-20-15-00,43,27,16
2017-06-05-20-30-00,36,19,17
2017-06-05-20-45-00,25,18,7
2017-06-05-21-00-00,19,12,7
2017-06-05-21-15-00,23,11,12
2017-06-05-21-30-00,12,7,5
2017-06-05-21-45-00,12,3,9
2017-06-05-22-00-00,11,7,4
2017-06-05-22-15-00,6,4,2
2017-06-05-22-30-00,7,4,3
2017-06-05-22-45-00,3,1,2
2017-06-05-23-00-00,1,1,0
2017-06-05-23-15-00,1,1,0
2017-06-05-23-30-00,0,0,0
2017-06-05-23-45-00,2,2,0
2017-06-06-00-00-00,3,0,3
2017-06-06-00-15-00,2,1,1
2017-06-06-00-30-00,3,1,2
2017-06-06-00-45-00,0,0,0
2017-06-06-01-00-00,1,1,0
2017-06-06-01-15-00,0,0,0
2017-06-06-01-30-00,0,0,0
2017-06-06-01-45-00,0,0,0
2017-06-06-02-00-00,0,0,0
2017-06-06-02-15-00,0,0,0
2017-06-06-02-30-00,0,0,0
2017-06-06-02-45-00,0,0,0
2017-06-06-03-00-00,0,0,0
2017-06-06-03-15-00,0,0,0
2017-06-06-03-30-00,0,0,0
2017-06-06-03-45-00,1,1,0
2017-06-06-04-00-00,0,0,0
2017-06-06-04-15-00,0,0,0
2017-06-06-04-30-00,0,0,0
2017-06-06-04-45-00,0,0,0
2017-06-06-05-00-00,2,1,1
2017-06-06-05-15-00,1,0,1
2017-06-06-05-30-00,6,0,6
2017-06-06-05-45-00,12,3,9
2017-06-06-06-00-00,11,3,8
2017-06-06-06-15-00,11,2,9
2017-06-06-06-30-00,4,2,2
2017-06-06-06-45-00,13,5,8
2017-06-06-07-00-00,25,13,12
2017-06-06-07-15-00,22,9,13
2017-06-06-07-30-00,33,10,23
2017-06-06-07-45-00,36,11,25
2017-06-06-08-00-00,28,8,20
2017-06-06-08-15-00,49,9,40
2017-06-06-08-30-00,38,7,31
2017-06-06-08-45-00,28,5,23
2017-06-06-09-00-00,20,8,12
2017-06-06-09-15-00,24,12,12
2017-06-06-09-30-00,16,4,12
2017-06-06-09-45-00,11,6,5
2017-06-06-10-00-00,7,2,5
2017-06-06-10-15-00,7,5,2
2017-06-06-10-30-00,13,11,2
2017-06-06-10-45-00,21,10,11
2017-06-06-11-00-00,7,4,3
2017-06-06-11-15-00,11,8,3
2017-06-06-11-30-00,12,6,6
2017-06-06-11-45-00,12,8,4
2017-06-06-12-00-00,13,4,9
2017-06-06-12-15-00,13,7,6
2017-06-06-12-30-00,7,3,4
2017-06-06-12-45-00,19,15,4
2017-06-06-13-00-00,8,8,0
2017-06-06-13-15-00,12,6,6
2017-06-06-13-30-00,6,1,5
2017-06-06-13-45-00,10,4,6
2017-06-06-14-00-00,18,9,9
2017-06-06-14-15-00,15,3,12
2017-06-06-14-30-00,15,7,8
2017-06-06-14-45-00,9,7,2
2017-06-06-15-00-00,15,8,7
2017-06-06-15-15-00,35,24,11
2017-06-06-15-30-00,29,23,6
2017-06-06-15-45-00,24,17,7
2017-06-06-16-00-00,10,7,3
2017-06-06-16-15-00,38,21,17
2017-06-06-16-30-00,36,27,9
2017-06-06-16-45-00,43,28,15
2017-06-06-17-00-00,53,34,19
2017-06-06-17-15-00,48,40,8
2017-06-06-17-30-00,48,38,10
2017-06-06-17-45-00,37,23,14
2017-06-06-18-00-00,37,28,9
2017-06-06-18-15-00,46,32,14
2017-06-06-18-30-00,46,30,16
2017-06-06-18-45-00,29,18,11
2017-06-06-19-00-00,23,16,7
2017-06-06-19-15-00,28,13,15
2017-06-06-19-30-00,23,8,15
2017-06-06-19-45-00,11,8,3
2017-06-06-20-00-00,11,8,3
2017-06-06-20-15-00,11,8,3
2017-06-06-20-30-00,8,4,4
2017-06-06-20-45-00,9,4,5
2017-06-06-21-00-00,6,6,0
2017-06-06-21-15-00,11,6,5
2017-06-06-21-30-00,4,3,1
2017-06-06-21-45-00,7,2,5
2017-06-06-22-00-00,0,0,0
2017-06-06-22-15-00,2,1,1
2017-06-06-22-30-00,3,1,2
2017-06-06-22-45-00,6,0,6
2017-06-06-23-00-00,0,0,0
2017-06-06-23-15-00,3,3,0
2017-06-06-23-30-00,1,1,0
2017-06-06-23-45-00,0,0,0
2017-06-07-00-00-00,0,0,0
2017-06-07-00-15-00,1,1,0
2017-06-07-00-30-00,0,0,0
2017-06-07-00-45-00,0,0,0
2017-06-07-01-00-00,0,0,0
2017-06-07-01-15-00,0,0,0
2017-06-07-01-30-00,0,0,0
2017-06-07-01-45-00,1,0,1
2017-06-07-02-00-00,2,1,1
2017-06-07-02-15-00,0,0,0
2017-06-07-02-30-00,0,0,0
2017-06-07-02-45-00,0,0,0
2017-06-07-03-00-00,0,0,0
2017-06-07-03-15-00,0,0,0
2017-06-07-03-30-00,0,0,0
2017-06-07-03-45-00,0,0,0
2017-06-07-04-00-00,0,0,0
2017-06-07-04-15-00,0,0,0
2017-06-07-04-30-00,0,0,0
2017-06-07-04-45-00,0,0,0
2017-06-07-05-00-00,1,0,1
2017-06-07-05-15-00,0,0,0
2017-06-07-05-30-00,1,0,1
2017-06-07-05-45-00,11,3,8
2017-06-07-06-00-00,4,2,2
2017-06-07-06-15-00,12,5,7
2017-06-07-06-30-00,10,3,7
2017-06-07-06-45-00,16,5,11
2017-06-07-07-00-00,22,12,10
2017-06-07-07-15-00,19,8,11
2017-06-07-07-30-00,39,12,27
2017-06-07-07-45-00,36,4,32
2017-06-07-08-00-00,44,10,34
2017-06-07-08-15-00,56,10,46
2017-06-07-08-30-00,35,6,29
2017-06-07-08-45-00,34,9,25
2017-06-07-09-00-00,29,7,22
2017-06-07-09-15-00,21,4,17
2017-06-07-09-30-00,9,2,7
2017-06-07-09-45-00,15,6,9
2017-06-07-10-00-00,9,2,7
2017-06-07-10-15-00,12,5,7
2017-06-07-10-30-00,2,1,1
2017-06-07-10-45-00,13,4,9
2017-06-07-11-00-00,21,6,15
2017-06-07-11-15-00,0,0,0
2017-06-07-11-30-00,3,3,0
2017-06-07-11-45-00,4,1,3
2017-06-07-12-00-00,15,7,8
2017-06-07-12-15-00,10,8,2
2017-06-07-12-30-00,7,5,2
2017-06-07-12-45-00,10,4,6
2017-06-07-13-00-00,18,15,3
2017-06-07-13-15-00,9,1,8
2017-06-07-13-30-00,9,5,4
2017-06-07-13-45-00,14,10,4
2017-06-07-14-00-00,10,7,3
2017-06-07-14-15-00,9,4,5
2017-06-07-14-30-00,15,11,4
2017-06-07-14-45-00,12,7,5
2017-06-07-15-00-00,11,7,4
2017-06-07-15-15-00,15,10,5
2017-06-07-15-30-00,23,19,4
2017-06-07-15-45-00,20,19,1
2017-06-07-16-00-00,31,23,8
2017-06-07-16-15-00,26,23,3
2017-06-07-16-30-00,32,20,12
2017-06-07-16-45-00,35,29,6
2017-06-07-17-00-00,47,22,25
2017-06-07-17-15-00,38,31,7
2017-06-07-17-30-00,41,33,8
2017-06-07-17-45-00,52,37,15
2017-06-07-18-00-00,40,28,12
2017-06-07-18-15-00,38,27,11
2017-06-07-18-30-00,27,24,3
2017-06-07-18-45-00,36,29,7
2017-06-07-19-00-00,36,23,13
2017-06-07-19-15-00,20,9,11
2017-06-07-19-30-00,31,16,15
2017-06-07-19-45-00,40,19,21
2017-06-07-20-00-00,29,17,12
2017-06-07-20-15-00,19,12,7
2017-06-07-20-30-00,18,12,6
2017-06-07-20-45-00,28,19,9
2017-06-07-21-00-00,14,3,11
2017-06-07-21-15-00,9,5,4
2017-06-07-21-30-00,9,5,4
2017-06-07-21-45-00,10,3,7
2017-06-07-22-00-00,11,6,5
2017-06-07-22-15-00,9,1,8
2017-06-07-22-30-00,7,6,1
2017-06-07-22-45-00,0,0,0
2017-06-07-23-00-00,1,1,0
2017-06-07-23-15-00,0,0,0
2017-06-07-23-30-00,0,0,0
2017-06-07-23-45-00,1,0,1
2017-06-08-00-00-00,0,0,0
2017-06-08-00-15-00,0,0,0
2017-06-08-00-30-00,0,0,0
2017-06-08-00-45-00,0,0,0
2017-06-08-01-00-00,0,0,0
2017-06-08-01-15-00,0,0,0
2017-06-08-01-30-00,0,0,0
2017-06-08-01-45-00,0,0,0
2017-06-08-02-00-00,0,0,0
2017-06-08-02-15-00,0,0,0
2017-06-08-02-30-00,0,0,0
2017-06-08-02-45-00,0,0,0
2017-06-08-03-00-00,0,0,0
2017-06-08-03-15-00,0,0,0
2017-06-08-03-30-00,0,0,0
2017-06-08-03-45-00,0,0,0
2017-06-08-04-00-00,0,0,0
2017-06-08-04-15-00,0,0,0
2017-06-08-04-30-00,0,0,0
2017-06-08-04-45-00,0,0,0
2017-06-08-05-00-00,0,0,0
2017-06-08-05-15-00,1,0,1
2017-06-08-05-30-00,0,0,0
2017-06-08-05-45-00,8,4,4
2017-06-08-06-00-00,6,3,3
2017-06-08-06-15-00,4,0,4
2017-06-08-06-30-00,8,2,6
2017-06-08-06-45-00,14,5,9
2017-06-08-07-00-00,19,4,15
2017-06-08-07-15-00,20,6,14
2017-06-08-07-30-00,38,17,21
2017-06-08-07-45-00,56,12,44
2017-06-08-08-00-00,44,14,30
2017-06-08-08-15-00,59,9,50
2017-06-08-08-30-00,49,11,38
2017-06-08-08-45-00,49,9,40
2017-06-08-09-00-00,37,10,27
2017-06-08-09-15-00,35,13,22
2017-06-08-09-30-00,24,6,18
2017-06-08-09-45-00,23,12,11
2017-06-08-10-00-00,20,10,10
2017-06-08-10-15-00,14,4,10
2017-06-08-10-30-00,19,10,9
2017-06-08-10-45-00,22,12,10
2017-06-08-11-00-00,25,15,10
2017-06-08-11-15-00,22,9,13
2017-06-08-11-30-00,20,14,6
2017-06-08-11-45-00,18,8,10
2017-06-08-12-00-00,22,10,12
2017-06-08-12-15-00,25,7,18
2017-06-08-12-30-00,38,12,26
2017-06-08-12-45-00,19,11,8
2017-06-08-13-00-00,38,16,22
2017-06-08-13-15-00,35,14,21
2017-06-08-13-30-00,33,20,13
2017-06-08-13-45-00,38,26,12
2017-06-08-14-00-00,38,17,21
2017-06-08-14-15-00,37,23,14
2017-06-08-14-30-00,45,29,16
2017-06-08-14-45-00,28,15,13
2017-06-08-15-00-00,30,12,18
2017-06-08-15-15-00,37,20,17
2017-06-08-15-30-00,54,29,25
2017-06-08-15-45-00,38,19,19
2017-06-08-16-00-00,37,23,14
2017-06-08-16-15-00,50,36,14
2017-06-08-16-30-00,56,35,21
2017-06-08-16-45-00,66,40,26
2017-06-08-17-00-00,68,43,25
2017-06-08-17-15-00,145,62,83
2017-06-08-17-30-00,69,48,21
2017-06-08-17-45-00,85,57,28
2017-06-08-18-00-00,74,53,21
2017-06-08-18-15-00,81,57,24
2017-06-08-18-30-00,69,46,23
2017-06-08-18-45-00,64,40,24
2017-06-08-19-00-00,57,32,25
2017-06-08-19-15-00,59,33,26
2017-06-08-19-30-00,52,34,18
2017-06-08-19-45-00,52,29,23
2017-06-08-20-00-00,57,27,30
2017-06-08-20-15-00,58,36,22
2017-06-08-20-30-00,47,25,22
2017-06-08-20-45-00,48,22,26
2017-06-08-21-00-00,23,15,8
2017-06-08-21-15-00,29,15,14
2017-06-08-21-30-00,22,10,12
2017-06-08-21-45-00,25,9,16
2017-06-08-22-00-00,28,16,12
2017-06-08-22-15-00,15,9,6
2017-06-08-22-30-00,5,4,1
2017-06-08-22-45-00,11,7,4
2017-06-08-23-00-00,13,7,6
2017-06-08-23-15-00,4,3,1
2017-06-08-23-30-00,3,0,3
2017-06-08-23-45-00,4,1,3
2017-06-09-00-00-00,0,0,0
2017-06-09-00-15-00,2,0,2
2017-06-09-00-30-00,0,0,0
2017-06-09-00-45-00,0,0,0
2017-06-09-01-00-00,1,0,1
2017-06-09-01-15-00,2,0,2
2017-06-09-01-30-00,1,1,0
2017-06-09-01-45-00,0,0,0
2017-06-09-02-00-00,0,0,0
2017-06-09-02-15-00,4,2,2
2017-06-09-02-30-00,0,0,0
2017-06-09-02-45-00,0,0,0
2017-06-09-03-00-00,1,0,1
2017-06-09-03-15-00,2,0,2
2017-06-09-03-30-00,0,0,0
2017-06-09-03-45-00,0,0,0
2017-06-09-04-00-00,0,0,0
2017-06-09-04-15-00,0,0,0
2017-06-09-04-30-00,0,0,0
2017-06-09-04-45-00,1,0,1
2017-06-09-05-00-00,0,0,0
2017-06-09-05-15-00,0,0,0
2017-06-09-05-30-00,2,0,2
2017-06-09-05-45-00,9,4,5
2017-06-09-06-00-00,5,3,2
2017-06-09-06-15-00,9,5,4
2017-06-09-06-30-00,16,4,12
2017-06-09-06-45-00,14,6,8
2017-06-09-07-00-00,22,8,14
2017-06-09-07-15-00,21,9,12
2017-06-09-07-30-00,51,13,38
2017-06-09-07-45-00,50,13,37
2017-06-09-08-00-00,40,15,25
2017-06-09-08-15-00,35,9,26
2017-06-09-08-30-00,53,11,42
2017-06-09-08-45-00,40,8,32
2017-06-09-09-00-00,27,5,22
2017-06-09-09-15-00,13,7,6
2017-06-09-09-30-00,18,5,13
2017-06-09-09-45-00,18,6,12
2017-06-09-10-00-00,17,11,6
2017-06-09-10-15-00,17,3,14
2017-06-09-10-30-00,13,4,9
2017-06-09-10-45-00,8,3,5
2017-06-09-11-00-00,9,4,5
2017-06-09-11-15-00,5,3,2
2017-06-09-11-30-00,9,6,3
2017-06-09-11-45-00,5,4,1
2017-06-09-12-00-00,6,3,3
2017-06-09-12-15-00,4,3,1
2017-06-09-12-30-00,35,34,1
2017-06-09-12-45-00,13,8,5
2017-06-09-13-00-00,20,8,12
2017-06-09-13-15-00,8,4,4
2017-06-09-13-30-00,19,15,4
2017-06-09-13-45-00,8,5,3
2017-06-09-14-00-00,19,10,9
2017-06-09-14-15-00,18,12,6
2017-06-09-14-30-00,29,20,9
2017-06-09-14-45-00,9,7,2
2017-06-09-15-00-00,11,10,1
2017-06-09-15-15-00,17,11,6
2017-06-09-15-30-00,24,20,4
2017-06-09-15-45-00,20,14,6
2017-06-09-16-00-00,46,29,17
2017-06-09-16-15-00,37,29,8
2017-06-09-16-30-00,33,22,11
2017-06-09-16-45-00,43,23,20
2017-06-09-17-00-00,47,23,24
2017-06-09-17-15-00,52,27,25
2017-06-09-17-30-00,39,23,16
2017-06-09-17-45-00,42,25,17
2017-06-09-18-00-00,43,24,19
2017-06-09-18-15-00,37,25,12
2017-06-09-18-30-00,31,23,8
2017-06-09-18-45-00,29,13,16
2017-06-09-19-00-00,34,18,16
2017-06-09-19-15-00,47,26,21
2017-06-09-19-30-00,35,19,16
2017-06-09-19-45-00,32,11,21
2017-06-09-20-00-00,45,25,20
2017-06-09-20-15-00,36,26,10
2017-06-09-20-30-00,20,15,5
2017-06-09-20-45-00,46,24,22
2017-06-09-21-00-00,26,16,10
2017-06-09-21-15-00,13,9,4
2017-06-09-21-30-00,13,6,7
2017-06-09-21-45-00,11,7,4
2017-06-09-22-00-00,14,11,3
2017-06-09-22-15-00,8,3,5
2017-06-09-22-30-00,6,5,1
2017-06-09-22-45-00,19,14,5
2017-06-09-23-00-00,9,5,4
2017-06-09-23-15-00,7,2,5
2017-06-09-23-30-00,1,1,0
2017-06-09-23-45-00,4,3,1
2017-06-10-00-00-00,3,2,1
2017-06-10-00-15-00,8,5,3
2017-06-10-00-30-00,2,1,1
2017-06-10-00-45-00,7,7,0
2017-06-10-01-00-00,0,0,0
2017-06-10-01-15-00,3,2,1
2017-06-10-01-30-00,0,0,0
2017-06-10-01-45-00,0,0,0
2017-06-10-02-00-00,2,2,0
2017-06-10-02-15-00,1,0,1
2017-06-10-02-30-00,2,2,0
2017-06-10-02-45-00,1,0,1
2017-06-10-03-00-00,2,2,0
2017-06-10-03-15-00,1,1,0
2017-06-10-03-30-00,1,0,1
2017-06-10-03-45-00,0,0,0
2017-06-10-04-00-00,1,1,0
2017-06-10-04-15-00,2,2,0
2017-06-10-04-30-00,1,0,1
2017-06-10-04-45-00,0,0,0
2017-06-10-05-00-00,0,0,0
2017-06-10-05-15-00,0,0,0
2017-06-10-05-30-00,0,0,0
2017-06-10-05-45-00,1,1,0
2017-06-10-06-00-00,1,1,0
2017-06-10-06-15-00,3,2,1
2017-06-10-06-30-00,1,0,1
2017-06-10-06-45-00,1,1,0
2017-06-10-07-00-00,5,4,1
2017-06-10-07-15-00,3,1,2
2017-06-10-07-30-00,3,1,2
2017-06-10-07-45-00,10,7,3
2017-06-10-08-00-00,9,3,6
2017-06-10-08-15-00,10,5,5
2017-06-10-08-30-00,13,6,7
2017-06-10-08-45-00,18,12,6
2017-06-10-09-00-00,13,7,6
2017-06-10-09-15-00,15,7,8
2017-06-10-09-30-00,34,19,15
2017-06-10-09-45-00,27,18,9
2017-06-10-10-00-00,31,13,18
2017-06-10-10-15-00,38,21,17
2017-06-10-10-30-00,22,6,16
2017-06-10-10-45-00,38,18,20
2017-06-10-11-00-00,61,28,33
2017-06-10-11-15-00,43,25,18
2017-06-10-11-30-00,73,29,44
2017-06-10-11-45-00,48,14,34
2017-06-10-12-00-00,58,35,23
2017-06-10-12-15-00,73,34,39
2017-06-10-12-30-00,68,25,43
2017-06-10-12-45-00,72,34,38
2017-06-10-13-00-00,74,41,33
2017-06-10-13-15-00,95,46,49
2017-06-10-13-30-00,81,23,58
2017-06-10-13-45-00,63,35,28
2017-06-10-14-00-00,68,30,38
2017-06-10-14-15-00,74,33,41
2017-06-10-14-30-00,93,52,41
2017-06-10-14-45-00,78,33,45
2017-06-10-15-00-00,106,51,55
2017-06-10-15-15-00,106,35,71
2017-06-10-15-30-00,100,48,52
2017-06-10-15-45-00,107,58,49
2017-06-10-16-00-00,101,54,47
2017-06-10-16-15-00,94,47,47
2017-06-10-16-30-00,101,59,42
2017-06-10-16-45-00,93,53,40
2017-06-10-17-00-00,116,64,52
2017-06-10-17-15-00,118,59,59
2017-06-10-17-30-00,104,47,57
2017-06-10-17-45-00,103,52,51
2017-06-10-18-00-00,111,49,62
2017-06-10-18-15-00,137,62,75
2017-06-10-18-30-00,105,54,51
2017-06-10-18-45-00,96,47,49
2017-06-10-19-00-00,78,35,43
2017-06-10-19-15-00,81,37,44
2017-06-10-19-30-00,93,50,43
2017-06-10-19-45-00,99,59,40
2017-06-10-20-00-00,71,47,24
2017-06-10-20-15-00,80,55,25
2017-06-10-20-30-00,70,45,25
2017-06-10-20-45-00,70,37,33
2017-06-10-21-00-00,83,50,33
2017-06-10-21-15-00,61,39,22
2017-06-10-21-30-00,42,28,14
2017-06-10-21-45-00,36,23,13
2017-06-10-22-00-00,38,23,15
2017-06-10-22-15-00,37,23,14
2017-06-10-22-30-00,30,17,13
2017-06-10-22-45-00,17,9,8
2017-06-10-23-00-00,23,14,9
2017-06-10-23-15-00,22,18,4
2017-06-10-23-30-00,36,35,1
2017-06-10-23-45-00,18,15,3
2017-06-11-00-00-00,13,7,6
2017-06-11-00-15-00,9,3,6
2017-06-11-00-30-00,2,2,0
2017-06-11-00-45-00,6,0,6
2017-06-11-01-00-00,5,3,2
2017-06-11-01-15-00,3,0,3
2017-06-11-01-30-00,2,1,1
2017-06-11-01-45-00,2,1,1
2017-06-11-02-00-00,1,1,0
2017-06-11-02-15-00,0,0,0
2017-06-11-02-30-00,1,1,0
2017-06-11-02-45-00,1,1,0
2017-06-11-03-00-00,3,2,1
2017-06-11-03-15-00,1,0,1
2017-06-11-03-30-00,3,3,0
2017-06-11-03-45-00,1,1,0
2017-06-11-04-00-00,1,0,1
2017-06-11-04-15-00,0,0,0
2017-06-11-04-30-00,0,0,0
2017-06-11-04-45-00,1,0,1
2017-06-11-05-00-00,0,0,0
2017-06-11-05-15-00,1,1,0
2017-06-11-05-30-00,1,0,1
2017-06-11-05-45-00,0,0,0
2017-06-11-06-00-00,1,0,1
2017-06-11-06-15-00,3,2,1
2017-06-11-06-30-00,5,4,1
2017-06-11-06-45-00,14,11,3
2017-06-11-07-00-00,21,12,9
2017-06-11-07-15-00,19,16,3
2017-06-11-07-30-00,27,23,4
2017-06-11-07-45-00,23,10,13
2017-06-11-08-00-00,25,7,18
2017-06-11-08-15-00,44,17,27
2017-06-11-08-30-00,34,10,24
2017-06-11-08-45-00,54,14,40
2017-06-11-09-00-00,73,7,66
2017-06-11-09-15-00,157,121,36
2017-06-11-09-30-00,120,88,32
2017-06-11-09-45-00,83,74,9
2017-06-11-10-00-00,158,127,31
2017-06-11-10-15-00,65,25,40
2017-06-11-10-30-00,32,3,29
2017-06-11-10-45-00,14,2,12
2017-06-11-11-00-00,8,0,8
2017-06-11-11-15-00,10,6,4
2017-06-11-11-30-00,3,1,2
2017-06-11-11-45-00,5,3,2
2017-06-11-12-00-00,2,1,1
2017-06-11-12-15-00,2,1,1
2017-06-11-12-30-00,3,2,1
2017-06-11-12-45-00,0,0,0
2017-06-11-13-00-00,1,0,1
2017-06-11-13-15-00,0,0,0
2017-06-11-13-30-00,0,0,0
2017-06-11-13-45-00,3,1,2
2017-06-11-14-00-00,8,2,6
2017-06-11-14-15-00,33,4,29
2017-06-11-14-30-00,14,2,12
2017-06-11-14-45-00,81,26,55
2017-06-11-15-00-00,145,70,75
2017-06-11-15-15-00,159,67,92
2017-06-11-15-30-00,140,83,57
2017-06-11-15-45-00,134,73,61
2017-06-11-16-00-00,163,99,64
2017-06-11-16-15-00,124,72,52
2017-06-11-16-30-00,138,84,54
2017-06-11-16-45-00,146,90,56
2017-06-11-17-00-00,119,77,42
2017-06-11-17-15-00,100,71,29
2017-06-11-17-30-00,84,52,32
2017-06-11-17-45-00,82,39,43
2017-06-11-18-00-00,103,54,49
2017-06-11-18-15-00,111,66,45
2017-06-11-18-30-00,82,57,25
2017-06-11-18-45-00,59,35,24
2017-06-11-19-00-00,55,40,15
2017-06-11-19-15-00,31,20,11
2017-06-11-19-30-00,47,34,13
2017-06-11-19-45-00,46,31,15
2017-06-11-20-00-00,41,34,7
2017-06-11-20-15-00,26,11,15
2017-06-11-20-30-00,42,31,11
2017-06-11-20-45-00,27,17,10
2017-06-11-21-00-00,23,13,10
2017-06-11-21-15-00,29,14,15
2017-06-11-21-30-00,25,16,9
2017-06-11-21-45-00,23,19,4
2017-06-11-22-00-00,7,6,1
2017-06-11-22-15-00,11,10,1
2017-06-11-22-30-00,11,8,3
2017-06-11-22-45-00,17,13,4
2017-06-11-23-00-00,4,0,4
2017-06-11-23-15-00,2,2,0
2017-06-11-23-30-00,2,1,1
2017-06-11-23-45-00,1,1,0
2017-06-12-00-00-00,0,0,0
2017-06-12-00-15-00,1,0,1
2017-06-12-00-30-00,0,0,0
2017-06-12-00-45-00,1,1,0
2017-06-12-01-00-00,0,0,0
2017-06-12-01-15-00,0,0,0
2017-06-12-01-30-00,0,0,0
2017-06-12-01-45-00,0,0,0
2017-06-12-02-00-00,0,0,0
2017-06-12-02-15-00,0,0,0
2017-06-12-02-30-00,1,1,0
2017-06-12-02-45-00,0,0,0
2017-06-12-03-00-00,0,0,0
2017-06-12-03-15-00,0,0,0
2017-06-12-03-30-00,1,0,1
2017-06-12-03-45-00,1,1,0
2017-06-12-04-00-00,0,0,0
2017-06-12-04-15-00,0,0,0
2017-06-12-04-30-00,1,1,0
2017-06-12-04-45-00,0,0,0
2017-06-12-05-00-00,0,0,0
2017-06-12-05-15-00,1,1,0
2017-06-12-05-30-00,2,1,1
2017-06-12-05-45-00,9,2,7
2017-06-12-06-00-00,7,3,4
2017-06-12-06-15-00,9,4,5
2017-06-12-06-30-00,20,7,13
2017-06-12-06-45-00,20,9,11
2017-06-12-07-00-00,38,18,20
2017-06-12-07-15-00,46,12,34
2017-06-12-07-30-00,57,22,35
2017-06-12-07-45-00,54,16,38
2017-06-12-08-00-00,65,19,46
2017-06-12-08-15-00,75,13,62
2017-06-12-08-30-00,70,22,48
2017-06-12-08-45-00,68,8,60
2017-06-12-09-00-00,44,11,33
2017-06-12-09-15-00,32,11,21
2017-06-12-09-30-00,27,12,15
2017-06-12-09-45-00,29,10,19
2017-06-12-10-00-00,23,6,17
2017-06-12-10-15-00,23,12,11
2017-06-12-10-30-00,26,14,12
2017-06-12-10-45-00,29,12,17
2017-06-12-11-00-00,20,9,11
2017-06-12-11-15-00,29,11,18
2017-06-12-11-30-00,23,9,14
2017-06-12-11-45-00,23,5,18
2017-06-12-12-00-00,24,8,16
2017-06-12-12-15-00,22,13,9
2017-06-12-12-30-00,24,12,12
2017-06-12-12-45-00,21,11,10
2017-06-12-13-00-00,44,29,15
2017-06-12-13-15-00,28,11,17
2017-06-12-13-30-00,30,14,16
2017-06-12-13-45-00,40,22,18
2017-06-12-14-00-00,34,16,18
2017-06-12-14-15-00,22,8,14
2017-06-12-14-30-00,43,29,14
2017-06-12-14-45-00,39,18,21
2017-06-12-15-00-00,51,26,25
2017-06-12-15-15-00,26,17,9
2017-06-12-15-30-00,34,24,10
2017-06-12-15-45-00,51,38,13
2017-06-12-16-00-00,59,32,27
2017-06-12-16-15-00,64,39,25
2017-06-12-16-30-00,69,49,20
2017-06-12-16-45-00,65,48,17
2017-06-12-17-00-00,66,47,19
2017-06-12-17-15-00,68,44,24
2017-06-12-17-30-00,82,56,26
2017-06-12-17-45-00,77,56,21
2017-06-12-18-00-00,73,60,13
2017-06-12-18-15-00,56,40,16
2017-06-12-18-30-00,51,31,20
2017-06-12-18-45-00,45,27,18
2017-06-12-19-00-00,42,28,14
2017-06-12-19-15-00,25,13,12
2017-06-12-19-30-00,50,32,18
2017-06-12-19-45-00,37,17,20
2017-06-12-20-00-00,33,16,17
2017-06-12-20-15-00,21,12,9
2017-06-12-20-30-00,28,21,7
2017-06-12-20-45-00,27,18,9
2017-06-12-21-00-00,22,9,13
2017-06-12-21-15-00,19,11,8
2017-06-12-21-30-00,20,9,11
2017-06-12-21-45-00,13,7,6
2017-06-12-22-00-00,20,12,8
2017-06-12-22-15-00,4,2,2
2017-06-12-22-30-00,11,7,4
2017-06-12-22-45-00,4,1,3
2017-06-12-23-00-00,2,0,2
2017-06-12-23-15-00,0,0,0
2017-06-12-23-30-00,1,1,0
2017-06-12-23-45-00,2,1,1
2017-06-13-00-00-00,0,0,0
2017-06-13-00-15-00,3,3,0
2017-06-13-00-30-00,2,0,2
2017-06-13-00-45-00,2,1,1
2017-06-13-01-00-00,0,0,0
2017-06-13-01-15-00,1,0,1
2017-06-13-01-30-00,0,0,0
2017-06-13-01-45-00,0,0,0
2017-06-13-02-00-00,0,0,0
2017-06-13-02-15-00,0,0,0
2017-06-13-02-30-00,0,0,0
2017-06-13-02-45-00,0,0,0
2017-06-13-03-00-00,0,0,0
2017-06-13-03-15-00,1,1,0
2017-06-13-03-30-00,0,0,0
2017-06-13-03-45-00,0,0,0
2017-06-13-04-00-00,0,0,0
2017-06-13-04-15-00,0,0,0
2017-06-13-04-30-00,0,0,0
2017-06-13-04-45-00,2,1,1
2017-06-13-05-00-00,1,0,1
2017-06-13-05-15-00,0,0,0
2017-06-13-05-30-00,2,1,1
2017-06-13-05-45-00,11,3,8
2017-06-13-06-00-00,4,2,2
2017-06-13-06-15-00,11,6,5
2017-06-13-06-30-00,14,5,9
2017-06-13-06-45-00,28,15,13
2017-06-13-07-00-00,28,8,20
2017-06-13-07-15-00,54,15,39
2017-06-13-07-30-00,71,31,40
2017-06-13-07-45-00,73,22,51
2017-06-13-08-00-00,53,11,42
2017-06-13-08-15-00,64,11,53
2017-06-13-08-30-00,78,21,57
2017-06-13-08-45-00,55,13,42
2017-06-13-09-00-00,34,8,26
2017-06-13-09-15-00,27,9,18
2017-06-13-09-30-00,23,7,16
2017-06-13-09-45-00,27,14,13
2017-06-13-10-00-00,34,16,18
2017-06-13-10-15-00,29,17,12
2017-06-13-10-30-00,21,6,15
2017-06-13-10-45-00,35,19,16
2017-06-13-11-00-00,28,14,14
2017-06-13-11-15-00,22,7,15
2017-06-13-11-30-00,21,12,9
2017-06-13-11-45-00,25,7,18
2017-06-13-12-00-00,16,7,9
2017-06-13-12-15-00,29,13,16
2017-06-13-12-30-00,20,7,13
2017-06-13-12-45-00,25,11,14
2017-06-13-13-00-00,32,21,11
2017-06-13-13-15-00,32,14,18
2017-06-13-13-30-00,39,14,25
2017-06-13-13-45-00,37,23,14
2017-06-13-14-00-00,30,17,13
2017-06-13-14-15-00,21,14,7
2017-06-13-14-30-00,38,25,13
2017-06-13-14-45-00,33,19,14
2017-06-13-15-00-00,35,20,15
2017-06-13-15-15-00,36,18,18
2017-06-13-15-30-00,58,38,20
2017-06-13-15-45-00,49,33,16
2017-06-13-16-00-00,53,35,18
2017-06-13-16-15-00,60,40,20
2017-06-13-16-30-00,52,37,15
2017-06-13-16-45-00,74,52,22
2017-06-13-17-00-00,84,58,26
2017-06-13-17-15-00,92,67,25
2017-06-13-17-30-00,76,49,27
2017-06-13-17-45-00,84,58,26
2017-06-13-18-00-00,50,29,21
2017-06-13-18-15-00,67,51,16
2017-06-13-18-30-00,68,37,31
2017-06-13-18-45-00,66,42,24
2017-06-13-19-00-00,57,29,28
2017-06-13-19-15-00,66,49,17
2017-06-13-19-30-00,39,18,21
2017-06-13-19-45-00,35,17,18
2017-06-13-20-00-00,39,21,18
2017-06-13-20-15-00,46,30,16
2017-06-13-20-30-00,26,14,12
2017-06-13-20-45-00,31,16,15
2017-06-13-21-00-00,22,11,11
2017-06-13-21-15-00,20,9,11
2017-06-13-21-30-00,24,15,9
2017-06-13-21-45-00,16,9,7
2017-06-13-22-00-00,20,9,11
2017-06-13-22-15-00,9,5,4
2017-06-13-22-30-00,10,2,8
2017-06-13-22-45-00,6,4,2
2017-06-13-23-00-00,5,1,4
2017-06-13-23-15-00,7,4,3
2017-06-13-23-30-00,1,0,1
2017-06-13-23-45-00,5,0,5
2017-06-14-00-00-00,2,2,0
2017-06-14-00-15-00,0,0,0
2017-06-14-00-30-00,0,0,0
2017-06-14-00-45-00,1,1,0
2017-06-14-01-00-00,2,0,2
2017-06-14-01-15-00,0,0,0
2017-06-14-01-30-00,2,0,2
2017-06-14-01-45-00,0,0,0
2017-06-14-02-00-00,0,0,0
2017-06-14-02-15-00,0,0,0
2017-06-14-02-30-00,0,0,0
2017-06-14-02-45-00,0,0,0
2017-06-14-03-00-00,0,0,0
2017-06-14-03-15-00,0,0,0
2017-06-14-03-30-00,0,0,0
2017-06-14-03-45-00,0,0,0
2017-06-14-04-00-00,0,0,0
2017-06-14-04-15-00,0,0,0
2017-06-14-04-30-00,0,0,0
2017-06-14-04-45-00,2,1,1
2017-06-14-05-00-00,1,0,1
2017-06-14-05-15-00,1,1,0
2017-06-14-05-30-00,1,0,1
2017-06-14-05-45-00,7,2,5
2017-06-14-06-00-00,15,4,11
2017-06-14-06-15-00,10,5,5
2017-06-14-06-30-00,21,7,14
2017-06-14-06-45-00,23,10,13
2017-06-14-07-00-00,24,12,12
2017-06-14-07-15-00,49,13,36
2017-06-14-07-30-00,60,20,40
2017-06-14-07-45-00,63,14,49
2017-06-14-08-00-00,63,18,45
2017-06-14-08-15-00,53,9,44
2017-06-14-08-30-00,55,12,43
2017-06-14-08-45-00,58,14,44
2017-06-14-09-00-00,31,7,24
2017-06-14-09-15-00,24,3,21
2017-06-14-09-30-00,28,10,18
2017-06-14-09-45-00,36,16,20
2017-06-14-10-00-00,25,8,17
2017-06-14-10-15-00,23,12,11
2017-06-14-10-30-00,32,17,15
2017-06-14-10-45-00,37,14,23
2017-06-14-11-00-00,36,15,21
2017-06-14-11-15-00,35,13,22
2017-06-14-11-30-00,63,25,38
2017-06-14-11-45-00,41,22,19
2017-06-14-12-00-00,44,16,28
2017-06-14-12-15-00,42,15,27
2017-06-14-12-30-00,37,23,14
2017-06-14-12-45-00,46,20,26
2017-06-14-13-00-00,68,37,31
2017-06-14-13-15-00,51,18,33
2017-06-14-13-30-00,53,29,24
2017-06-14-13-45-00,44,20,24
2017-06-14-14-00-00,60,41,19
2017-06-14-14-15-00,49,23,26
2017-06-14-14-30-00,61,33,28
2017-06-14-14-45-00,42,21,21
2017-06-14-15-00-00,49,25,24
2017-06-14-15-15-00,66,49,17
2017-06-14-15-30-00,63,38,25
2017-06-14-15-45-00,57,31,26
2017-06-14-16-00-00,65,54,11
2017-06-14-16-15-00,82,44,38
2017-06-14-16-30-00,85,58,27
2017-06-14-16-45-00,84,58,26
2017-06-14-17-00-00,119,79,40
2017-06-14-17-15-00,113,70,43
2017-06-14-17-30-00,86,62,24
2017-06-14-17-45-00,74,39,35
2017-06-14-18-00-00,84,57,27
2017-06-14-18-15-00,84,50,34
2017-06-14-18-30-00,68,42,26
2017-06-14-18-45-00,63,45,18
2017-06-14-19-00-00,87,50,37
2017-06-14-19-15-00,80,51,29
2017-06-14-19-30-00,88,51,37
2017-06-14-19-45-00,73,38,35
2017-06-14-20-00-00,70,33,37
2017-06-14-20-15-00,55,22,33
2017-06-14-20-30-00,49,23,26
2017-06-14-20-45-00,57,37,20
2017-06-14-21-00-00,68,33,35
2017-06-14-21-15-00,63,35,28
2017-06-14-21-30-00,30,13,17
2017-06-14-21-45-00,39,26,13
2017-06-14-22-00-00,26,18,8
2017-06-14-22-15-00,24,11,13
2017-06-14-22-30-00,16,3,13
2017-06-14-22-45-00,17,2,15
2017-06-14-23-00-00,12,8,4
2017-06-14-23-15-00,12,6,6
2017-06-14-23-30-00,7,3,4
2017-06-14-23-45-00,12,8,4
2017-06-15-00-00-00,4,2,2
2017-06-15-00-15-00,10,5,5
2017-06-15-00-30-00,9,5,4
2017-06-15-00-45-00,5,0,5
2017-06-15-01-00-00,12,6,6
2017-06-15-01-15-00,0,0,0
2017-06-15-01-30-00,0,0,0
2017-06-15-01-45-00,0,0,0
2017-06-15-02-00-00,6,3,3
2017-06-15-02-15-00,5,5,0
2017-06-15-02-30-00,2,2,0
2017-06-15-02-45-00,0,0,0
2017-06-15-03-00-00,2,2,0
2017-06-15-03-15-00,1,0,1
2017-06-15-03-30-00,0,0,0
2017-06-15-03-45-00,1,1,0
2017-06-15-04-00-00,2,0,2
2017-06-15-04-15-00,0,0,0
2017-06-15-04-30-00,4,4,0
2017-06-15-04-45-00,0,0,0
2017-06-15-05-00-00,0,0,0
2017-06-15-05-15-00,0,0,0
2017-06-15-05-30-00,0,0,0
2017-06-15-05-45-00,0,0,0
2017-06-15-06-00-00,3,1,2
2017-06-15-06-15-00,6,1,5
2017-06-15-06-30-00,6,4,2
2017-06-15-06-45-00,7,2,5
2017-06-15-07-00-00,8,4,4
2017-06-15-07-15-00,8,3,5
2017-06-15-07-30-00,6,2,4
2017-06-15-07-45-00,6,6,0
2017-06-15-08-00-00,12,6,6
2017-06-15-08-15-00,15,6,9
2017-06-15-08-30-00,23,10,13
2017-06-15-08-45-00,30,19,11
2017-06-15-09-00-00,23,8,15
2017-06-15-09-15-00,27,18,9
2017-06-15-09-30-00,56,19,37
2017-06-15-09-45-00,47,13,34
2017-06-15-10-00-00,73,30,43
2017-06-15-10-15-00,72,24,48
2017-06-15-10-30-00,78,26,52
2017-06-15-10-45-00,104,48,56
2017-06-15-11-00-00,85,33,52
2017-06-15-11-15-00,86,32,54
2017-06-15-11-30-00,87,43,44
2017-06-15-11-45-00,107,38,69
2017-06-15-12-00-00,77,40,37
2017-06-15-12-15-00,147,53,94
2017-06-15-12-30-00,131,52,79
2017-06-15-12-45-00,125,40,85
2017-06-15-13-00-00,144,58,86
2017-06-15-13-15-00,132,53,79
2017-06-15-13-30-00,133,66,67
2017-06-15-13-45-00,105,43,62
2017-06-15-14-00-00,101,53,48
2017-06-15-14-15-00,123,65,58
2017-06-15-14-30-00,135,87,48
2017-06-15-14-45-00,124,80,44
2017-06-15-15-00-00,126,74,52
2017-06-15-15-15-00,123,81,42
2017-06-15-15-30-00,84,37,47
2017-06-15-15-45-00,102,65,37
2017-06-15-16-00-00,129,85,44
2017-06-15-16-15-00,83,52,31
2017-06-15-16-30-00,114,71,43
2017-06-15-16-45-00,88,55,33
2017-06-15-17-00-00,80,54,26
2017-06-15-17-15-00,81,62,19
2017-06-15-17-30-00,58,37,21
2017-06-15-17-45-00,39,23,16
2017-06-15-18-00-00,49,38,11
2017-06-15-18-15-00,22,18,4
2017-06-15-18-30-00,27,23,4
2017-06-15-18-45-00,18,13,5
2017-06-15-19-00-00,21,16,5
2017-06-15-19-15-00,14,6,8
2017-06-15-19-30-00,13,3,10
2017-06-15-19-45-00,24,15,9
2017-06-15-20-00-00,22,14,8
2017-06-15-20-15-00,30,14,16
2017-06-15-20-30-00,31,19,12
2017-06-15-20-45-00,38,27,11
2017-06-15-21-00-00,34,17,17
2017-06-15-21-15-00,17,6,11
2017-06-15-21-30-00,26,8,18
2017-06-15-21-45-00,15,2,13
2017-06-15-22-00-00,15,7,8
2017-06-15-22-15-00,13,7,6
2017-06-15-22-30-00,9,6,3
2017-06-15-22-45-00,7,2,5
2017-06-15-23-00-00,3,2,1
2017-06-15-23-15-00,1,0,1
2017-06-15-23-30-00,4,3,1
2017-06-15-23-45-00,4,3,1
2017-06-16-00-00-00,3,0,3
2017-06-16-00-15-00,2,2,0
2017-06-16-00-30-00,0,0,0
2017-06-16-00-45-00,3,3,0
2017-06-16-01-00-00,0,0,0
2017-06-16-01-15-00,7,7,0
2017-06-16-01-30-00,0,0,0
2017-06-16-01-45-00,0,0,0
2017-06-16-02-00-00,0,0,0
2017-06-16-02-15-00,0,0,0
2017-06-16-02-30-00,0,0,0
2017-06-16-02-45-00,0,0,0
2017-06-16-03-00-00,0,0,0
2017-06-16-03-15-00,0,0,0
2017-06-16-03-30-00,0,0,0
2017-06-16-03-45-00,0,0,0
2017-06-16-04-00-00,0,0,0
2017-06-16-04-15-00,0,0,0
2017-06-16-04-30-00,0,0,0
2017-06-16-04-45-00,1,1,0
2017-06-16-05-00-00,0,0,0
2017-06-16-05-15-00,1,1,0
2017-06-16-05-30-00,1,0,1
2017-06-16-05-45-00,3,0,3
2017-06-16-06-00-00,8,6,2
2017-06-16-06-15-00,5,2,3
2017-06-16-06-30-00,15,9,6
2017-06-16-06-45-00,9,7,2
2017-06-16-07-00-00,22,10,12
2017-06-16-07-15-00,18,8,10
2017-06-16-07-30-00,27,13,14
2017-06-16-07-45-00,31,6,25
2017-06-16-08-00-00,29,11,18
2017-06-16-08-15-00,33,6,27
2017-06-16-08-30-00,31,10,21
2017-06-16-08-45-00,38,15,23
2017-06-16-09-00-00,29,19,10
2017-06-16-09-15-00,23,7,16
2017-06-16-09-30-00,21,11,10
2017-06-16-09-45-00,15,8,7
2017-06-16-10-00-00,15,10,5
2017-06-16-10-15-00,21,10,11
2017-06-16-10-30-00,24,15,9
2017-06-16-10-45-00,20,5,15
2017-06-16-11-00-00,29,16,13
2017-06-16-11-15-00,31,24,7
2017-06-16-11-30-00,31,14,17
2017-06-16-11-45-00,29,17,12
2017-06-16-12-00-00,17,3,14
2017-06-16-12-15-00,44,22,22
2017-06-16-12-30-00,30,21,9
2017-06-16-12-45-00,19,6,13
2017-06-16-13-00-00,47,28,19
2017-06-16-13-15-00,30,14,16
2017-06-16-13-30-00,48,36,12
2017-06-16-13-45-00,21,13,8
2017-06-16-14-00-00,22,15,7
2017-06-16-14-15-00,21,11,10
2017-06-16-14-30-00,32,19,13
2017-06-16-14-45-00,50,26,24
2017-06-16-15-00-00,40,24,16
2017-06-16-15-15-00,52,28,24
2017-06-16-15-30-00,44,24,20
2017-06-16-15-45-00,59,34,25
2017-06-16-16-00-00,45,27,18
2017-06-16-16-15-00,43,27,16
2017-06-16-16-30-00,45,23,22
2017-06-16-16-45-00,55,37,18
2017-06-16-17-00-00,44,26,18
2017-06-16-17-15-00,49,27,22
2017-06-16-17-30-00,49,28,21
2017-06-16-17-45-00,38,23,15
2017-06-16-18-00-00,35,20,15
2017-06-16-18-15-00,49,28,21
2017-06-16-18-30-00,43,26,17
2017-06-16-18-45-00,17,12,5
2017-06-16-19-00-00,25,14,11
2017-06-16-19-15-00,23,16,7
2017-06-16-19-30-00,31,10,21
2017-06-16-19-45-00,17,9,8
2017-06-16-20-00-00,15,7,8
2017-06-16-20-15-00,20,11,9
2017-06-16-20-30-00,11,5,6
2017-06-16-20-45-00,11,6,5
2017-06-16-21-00-00,17,5,12
2017-06-16-21-15-00,12,4,8
2017-06-16-21-30-00,18,11,7
2017-06-16-21-45-00,6,1,5
2017-06-16-22-00-00,6,2,4
2017-06-16-22-15-00,6,4,2
2017-06-16-22-30-00,2,0,2
2017-06-16-22-45-00,1,1,0
2017-06-16-23-00-00,2,2,0
2017-06-16-23-15-00,2,1,1
2017-06-16-23-30-00,3,3,0
2017-06-16-23-45-00,2,2,0
2017-06-17-00-00-00,3,3,0
2017-06-17-00-15-00,2,2,0
2017-06-17-00-30-00,3,2,1
2017-06-17-00-45-00,2,2,0
2017-06-17-01-00-00,0,0,0
2017-06-17-01-15-00,1,0,1
2017-06-17-01-30-00,3,3,0
2017-06-17-01-45-00,3,1,2
2017-06-17-02-00-00,0,0,0
2017-06-17-02-15-00,0,0,0
2017-06-17-02-30-00,1,0,1
2017-06-17-02-45-00,0,0,0
2017-06-17-03-00-00,0,0,0
2017-06-17-03-15-00,1,1,0
2017-06-17-03-30-00,1,1,0
2017-06-17-03-45-00,0,0,0
2017-06-17-04-00-00,1,0,1
2017-06-17-04-15-00,0,0,0
2017-06-17-04-30-00,2,0,2
2017-06-17-04-45-00,1,1,0
2017-06-17-05-00-00,0,0,0
2017-06-17-05-15-00,1,0,1
2017-06-17-05-30-00,0,0,0
2017-06-17-05-45-00,3,0,3
2017-06-17-06-00-00,1,1,0
2017-06-17-06-15-00,3,1,2
2017-06-17-06-30-00,8,0,8
2017-06-17-06-45-00,8,3,5
2017-06-17-07-00-00,2,0,2
2017-06-17-07-15-00,4,2,2
2017-06-17-07-30-00,9,4,5
2017-06-17-07-45-00,6,2,4
2017-06-17-08-00-00,21,3,18
2017-06-17-08-15-00,5,1,4
2017-06-17-08-30-00,17,7,10
2017-06-17-08-45-00,14,4,10
2017-06-17-09-00-00,13,5,8
2017-06-17-09-15-00,31,13,18
2017-06-17-09-30-00,28,12,16
2017-06-17-09-45-00,26,14,12
2017-06-17-10-00-00,24,12,12
2017-06-17-10-15-00,59,31,28
2017-06-17-10-30-00,37,15,22
2017-06-17-10-45-00,63,36,27
2017-06-17-11-00-00,35,11,24
2017-06-17-11-15-00,46,16,30
2017-06-17-11-30-00,42,22,20
2017-06-17-11-45-00,39,19,20
2017-06-17-12-00-00,48,16,32
2017-06-17-12-15-00,48,25,23
2017-06-17-12-30-00,52,31,21
2017-06-17-12-45-00,54,22,32
2017-06-17-13-00-00,49,30,19
2017-06-17-13-15-00,56,28,28
2017-06-17-13-30-00,48,27,21
2017-06-17-13-45-00,58,33,25
2017-06-17-14-00-00,61,25,36
2017-06-17-14-15-00,80,31,49
2017-06-17-14-30-00,59,33,26
2017-06-17-14-45-00,55,25,30
2017-06-17-15-00-00,62,36,26
2017-06-17-15-15-00,56,32,24
2017-06-17-15-30-00,68,26,42
2017-06-17-15-45-00,56,29,27
2017-06-17-16-00-00,73,36,37
2017-06-17-16-15-00,51,26,25
2017-06-17-16-30-00,69,41,28
2017-06-17-16-45-00,37,22,15
2017-06-17-17-00-00,67,35,32
2017-06-17-17-15-00,80,21,59
2017-06-17-17-30-00,58,34,24
2017-06-17-17-45-00,31,14,17
2017-06-17-18-00-00,47,19,28
2017-06-17-18-15-00,46,20,26
2017-06-17-18-30-00,55,39,16
2017-06-17-18-45-00,32,16,16
2017-06-17-19-00-00,56,30,26
2017-06-17-19-15-00,23,11,12
2017-06-17-19-30-00,26,10,16
2017-06-17-19-45-00,27,15,12
2017-06-17-20-00-00,40,24,16
2017-06-17-20-15-00,21,13,8
2017-06-17-20-30-00,24,13,11
2017-06-17-20-45-00,28,13,15
2017-06-17-21-00-00,7,3,4
2017-06-17-21-15-00,11,6,5
2017-06-17-21-30-00,14,5,9
2017-06-17-21-45-00,12,11,1
2017-06-17-22-00-00,5,3,2
2017-06-17-22-15-00,12,4,8
2017-06-17-22-30-00,8,7,1
2017-06-17-22-45-00,11,4,7
2017-06-17-23-00-00,8,7,1
2017-06-17-23-15-00,5,2,3
2017-06-17-23-30-00,4,3,1
2017-06-17-23-45-00,3,3,0
2017-06-18-00-00-00,4,4,0
2017-06-18-00-15-00,3,3,0
2017-06-18-00-30-00,5,0,5
2017-06-18-00-45-00,5,0,5
2017-06-18-01-00-00,1,1,0
2017-06-18-01-15-00,2,2,0
2017-06-18-01-30-00,1,1,0
2017-06-18-01-45-00,0,0,0
2017-06-18-02-00-00,1,0,1
2017-06-18-02-15-00,0,0,0
2017-06-18-02-30-00,2,0,2
2017-06-18-02-45-00,2,1,1
2017-06-18-03-00-00,2,1,1
2017-06-18-03-15-00,1,0,1
2017-06-18-03-30-00,0,0,0
2017-06-18-03-45-00,3,3,0
2017-06-18-04-00-00,2,2,0
2017-06-18-04-15-00,1,1,0
2017-06-18-04-30-00,1,0,1
2017-06-18-04-45-00,1,0,1
2017-06-18-05-00-00,0,0,0
2017-06-18-05-15-00,1,0,1
2017-06-18-05-30-00,0,0,0
2017-06-18-05-45-00,0,0,0
2017-06-18-06-00-00,1,1,0
2017-06-18-06-15-00,2,1,1
2017-06-18-06-30-00,2,0,2
2017-06-18-06-45-00,5,3,2
2017-06-18-07-00-00,8,5,3
2017-06-18-07-15-00,2,0,2
2017-06-18-07-30-00,5,2,3
2017-06-18-07-45-00,15,10,5
2017-06-18-08-00-00,10,6,4
2017-06-18-08-15-00,15,2,13
2017-06-18-08-30-00,16,5,11
2017-06-18-08-45-00,19,13,6
2017-06-18-09-00-00,38,17,21
2017-06-18-09-15-00,32,16,16
2017-06-18-09-30-00,57,34,23
2017-06-18-09-45-00,44,18,26
2017-06-18-10-00-00,63,26,37
2017-06-18-10-15-00,65,24,41
2017-06-18-10-30-00,64,31,33
2017-06-18-10-45-00,56,29,27
2017-06-18-11-00-00,91,45,46
2017-06-18-11-15-00,124,40,84
2017-06-18-11-30-00,89,30,59
2017-06-18-11-45-00,109,52,57
2017-06-18-12-00-00,101,49,52
2017-06-18-12-15-00,107,34,73
2017-06-18-12-30-00,121,60,61
2017-06-18-12-45-00,114,60,54
2017-06-18-13-00-00,109,55,54
2017-06-18-13-15-00,104,55,49
2017-06-18-13-30-00,105,47,58
2017-06-18-13-45-00,106,64,42
2017-06-18-14-00-00,129,65,64
2017-06-18-14-15-00,122,54,68
2017-06-18-14-30-00,161,79,82
2017-06-18-14-45-00,166,95,71
2017-06-18-15-00-00,130,61,69
2017-06-18-15-15-00,126,63,63
2017-06-18-15-30-00,107,51,56
2017-06-18-15-45-00,111,62,49
2017-06-18-16-00-00,104,56,48
2017-06-18-16-15-00,139,81,58
2017-06-18-16-30-00,127,69,58
2017-06-18-16-45-00,116,57,59
2017-06-18-17-00-00,108,54,54
2017-06-18-17-15-00,144,77,67
2017-06-18-17-30-00,121,75,46
2017-06-18-17-45-00,112,52,60
2017-06-18-18-00-00,104,63,41
2017-06-18-18-15-00,107,58,49
2017-06-18-18-30-00,82,49,33
2017-06-18-18-45-00,104,57,47
2017-06-18-19-00-00,85,44,41
2017-06-18-19-15-00,78,46,32
2017-06-18-19-30-00,72,52,20
2017-06-18-19-45-00,75,55,20
2017-06-18-20-00-00,61,42,19
2017-06-18-20-15-00,43,23,20
2017-06-18-20-30-00,59,43,16
2017-06-18-20-45-00,58,34,24
2017-06-18-21-00-00,35,22,13
2017-06-18-21-15-00,50,29,21
2017-06-18-21-30-00,49,31,18
2017-06-18-21-45-00,23,16,7
2017-06-18-22-00-00,35,24,11
2017-06-18-22-15-00,30,29,1
2017-06-18-22-30-00,10,8,2
2017-06-18-22-45-00,4,3,1
2017-06-18-23-00-00,9,5,4
2017-06-18-23-15-00,14,10,4
2017-06-18-23-30-00,2,0,2
2017-06-18-23-45-00,3,2,1
2017-06-19-00-00-00,1,1,0
2017-06-19-00-15-00,2,2,0
2017-06-19-00-30-00,1,1,0
2017-06-19-00-45-00,0,0,0
2017-06-19-01-00-00,1,0,1
2017-06-19-01-15-00,0,0,0
2017-06-19-01-30-00,0,0,0
2017-06-19-01-45-00,0,0,0
2017-06-19-02-00-00,0,0,0
2017-06-19-02-15-00,0,0,0
2017-06-19-02-30-00,0,0,0
2017-06-19-02-45-00,0,0,0
2017-06-19-03-00-00,0,0,0
2017-06-19-03-15-00,0,0,0
2017-06-19-03-30-00,0,0,0
2017-06-19-03-45-00,0,0,0
2017-06-19-04-00-00,0,0,0
2017-06-19-04-15-00,2,1,1
2017-06-19-04-30-00,1,1,0
2017-06-19-04-45-00,0,0,0
2017-06-19-05-00-00,2,0,2
2017-06-19-05-15-00,2,2,0
2017-06-19-05-30-00,6,2,4
2017-06-19-05-45-00,11,4,7
2017-06-19-06-00-00,9,3,6
2017-06-19-06-15-00,12,5,7
2017-06-19-06-30-00,19,7,12
2017-06-19-06-45-00,33,19,14
2017-06-19-07-00-00,27,9,18
2017-06-19-07-15-00,66,20,46
2017-06-19-07-30-00,71,20,51
2017-06-19-07-45-00,64,17,47
2017-06-19-08-00-00,66,13,53
2017-06-19-08-15-00,69,17,52
2017-06-19-08-30-00,56,14,42
2017-06-19-08-45-00,65,14,51
2017-06-19-09-00-00,41,12,29
2017-06-19-09-15-00,35,3,32
2017-06-19-09-30-00,34,9,25
2017-06-19-09-45-00,31,9,22
2017-06-19-10-00-00,38,19,19
2017-06-19-10-15-00,30,13,17
2017-06-19-10-30-00,35,16,19
2017-06-19-10-45-00,31,15,16
2017-06-19-11-00-00,36,11,25
2017-06-19-11-15-00,39,18,21
2017-06-19-11-30-00,32,18,14
2017-06-19-11-45-00,28,14,14
2017-06-19-12-00-00,40,14,26
2017-06-19-12-15-00,40,20,20
2017-06-19-12-30-00,30,12,18
2017-06-19-12-45-00,38,13,25
2017-06-19-13-00-00,38,24,14
2017-06-19-13-15-00,40,13,27
2017-06-19-13-30-00,49,18,31
2017-06-19-13-45-00,43,24,19
2017-06-19-14-00-00,37,25,12
2017-06-19-14-15-00,41,18,23
2017-06-19-14-30-00,26,13,13
2017-06-19-14-45-00,45,21,24
2017-06-19-15-00-00,41,17,24
2017-06-19-15-15-00,42,22,20
2017-06-19-15-30-00,49,26,23
2017-06-19-15-45-00,50,36,14
2017-06-19-16-00-00,55,32,23
2017-06-19-16-15-00,68,50,18
2017-06-19-16-30-00,72,48,24
2017-06-19-16-45-00,80,52,28
2017-06-19-17-00-00,83,50,33
2017-06-19-17-15-00,69,48,21
2017-06-19-17-30-00,96,61,35
2017-06-19-17-45-00,69,44,25
2017-06-19-18-00-00,78,58,20
2017-06-19-18-15-00,97,63,34
2017-06-19-18-30-00,88,56,32
2017-06-19-18-45-00,64,38,26
2017-06-19-19-00-00,63,37,26
2017-06-19-19-15-00,95,58,37
2017-06-19-19-30-00,74,43,31
2017-06-19-19-45-00,60,37,23
2017-06-19-20-00-00,50,26,24
2017-06-19-20-15-00,59,23,36
2017-06-19-20-30-00,51,27,24
2017-06-19-20-45-00,43,33,10
2017-06-19-21-00-00,49,30,19
2017-06-19-21-15-00,46,26,20
2017-06-19-21-30-00,33,23,10
2017-06-19-21-45-00,31,17,14
2017-06-19-22-00-00,33,21,12
2017-06-19-22-15-00,18,13,5
2017-06-19-22-30-00,16,8,8
2017-06-19-22-45-00,11,7,4
2017-06-19-23-00-00,6,5,1
2017-06-19-23-15-00,0,0,0
2017-06-19-23-30-00,6,1,5
2017-06-19-23-45-00,3,0,3
2017-06-20-00-00-00,4,1,3
2017-06-20-00-15-00,4,3,1
2017-06-20-00-30-00,1,1,0
2017-06-20-00-45-00,1,1,0
2017-06-20-01-00-00,3,3,0
2017-06-20-01-15-00,3,2,1
2017-06-20-01-30-00,0,0,0
2017-06-20-01-45-00,1,1,0
2017-06-20-02-00-00,0,0,0
2017-06-20-02-15-00,1,0,1
2017-06-20-02-30-00,1,1,0
2017-06-20-02-45-00,0,0,0
2017-06-20-03-00-00,0,0,0
2017-06-20-03-15-00,0,0,0
2017-06-20-03-30-00,0,0,0
2017-06-20-03-45-00,0,0,0
2017-06-20-04-00-00,0,0,0
2017-06-20-04-15-00,0,0,0
2017-06-20-04-30-00,0,0,0
2017-06-20-04-45-00,1,0,1
2017-06-20-05-00-00,0,0,0
2017-06-20-05-15-00,3,2,1
2017-06-20-05-30-00,2,0,2
2017-06-20-05-45-00,11,4,7
2017-06-20-06-00-00,16,6,10
2017-06-20-06-15-00,17,7,10
2017-06-20-06-30-00,22,9,13
2017-06-20-06-45-00,36,14,22
2017-06-20-07-00-00,30,13,17
2017-06-20-07-15-00,67,17,50
2017-06-20-07-30-00,90,25,65
2017-06-20-07-45-00,64,16,48
2017-06-20-08-00-00,68,14,54
2017-06-20-08-15-00,91,15,76
2017-06-20-08-30-00,60,18,42
2017-06-20-08-45-00,65,16,49
2017-06-20-09-00-00,42,17,25
2017-06-20-09-15-00,42,13,29
2017-06-20-09-30-00,43,16,27
2017-06-20-09-45-00,34,15,19
2017-06-20-10-00-00,46,17,29
2017-06-20-10-15-00,39,16,23
2017-06-20-10-30-00,35,14,21
2017-06-20-10-45-00,40,15,25
2017-06-20-11-00-00,36,11,25
2017-06-20-11-15-00,34,13,21
2017-06-20-11-30-00,39,20,19
2017-06-20-11-45-00,40,20,20
2017-06-20-12-00-00,34,19,15
2017-06-20-12-15-00,28,18,10
2017-06-20-12-30-00,36,20,16
2017-06-20-12-45-00,24,18,6
2017-06-20-13-00-00,30,16,14
2017-06-20-13-15-00,34,14,20
2017-06-20-13-30-00,27,14,13
2017-06-20-13-45-00,29,16,13
2017-06-20-14-00-00,15,11,4
2017-06-20-14-15-00,28,12,16
2017-06-20-14-30-00,36,24,12
2017-06-20-14-45-00,30,15,15
2017-06-20-15-00-00,43,24,19
2017-06-20-15-15-00,52,32,20
2017-06-20-15-30-00,42,28,14
2017-06-20-15-45-00,51,32,19
2017-06-20-16-00-00,53,33,20
2017-06-20-16-15-00,69,47,22
2017-06-20-16-30-00,90,58,32
2017-06-20-16-45-00,68,43,25
2017-06-20-17-00-00,68,46,22
2017-06-20-17-15-00,86,56,30
2017-06-20-17-30-00,85,49,36
2017-06-20-17-45-00,87,60,27
2017-06-20-18-00-00,90,61,29
2017-06-20-18-15-00,86,59,27
2017-06-20-18-30-00,77,49,28
2017-06-20-18-45-00,69,36,33
2017-06-20-19-00-00,67,38,29
2017-06-20-19-15-00,84,50,34
2017-06-20-19-30-00,68,45,23
2017-06-20-19-45-00,52,31,21
2017-06-20-20-00-00,51,33,18
2017-06-20-20-15-00,55,21,34
2017-06-20-20-30-00,71,47,24
2017-06-20-20-45-00,47,30,17
2017-06-20-21-00-00,56,32,24
2017-06-20-21-15-00,40,20,20
2017-06-20-21-30-00,31,18,13
2017-06-20-21-45-00,19,14,5
2017-06-20-22-00-00,12,6,6
2017-06-20-22-15-00,22,14,8
2017-06-20-22-30-00,20,12,8
2017-06-20-22-45-00,15,7,8
2017-06-20-23-00-00,16,7,9
2017-06-20-23-15-00,15,8,7
2017-06-20-23-30-00,6,3,3
2017-06-20-23-45-00,5,1,4
2017-06-21-00-00-00,1,0,1
2017-06-21-00-15-00,1,0,1
2017-06-21-00-30-00,0,0,0
2017-06-21-00-45-00,1,1,0
2017-06-21-01-00-00,1,1,0
2017-06-21-01-15-00,1,1,0
2017-06-21-01-30-00,1,0,1
2017-06-21-01-45-00,2,2,0
2017-06-21-02-00-00,1,1,0
2017-06-21-02-15-00,1,0,1
2017-06-21-02-30-00,0,0,0
2017-06-21-02-45-00,0,0,0
2017-06-21-03-00-00,0,0,0
2017-06-21-03-15-00,0,0,0
2017-06-21-03-30-00,0,0,0
2017-06-21-03-45-00,1,1,0
2017-06-21-04-00-00,0,0,0
2017-06-21-04-15-00,0,0,0
2017-06-21-04-30-00,0,0,0
2017-06-21-04-45-00,2,1,1
2017-06-21-05-00-00,0,0,0
2017-06-21-05-15-00,3,2,1
2017-06-21-05-30-00,7,2,5
2017-06-21-05-45-00,11,2,9
2017-06-21-06-00-00,9,5,4
2017-06-21-06-15-00,20,3,17
2017-06-21-06-30-00,22,8,14
2017-06-21-06-45-00,23,9,14
2017-06-21-07-00-00,38,16,22
2017-06-21-07-15-00,66,18,48
2017-06-21-07-30-00,85,25,60
2017-06-21-07-45-00,76,21,55
2017-06-21-08-00-00,81,22,59
2017-06-21-08-15-00,76,27,49
2017-06-21-08-30-00,61,22,39
2017-06-21-08-45-00,73,11,62
2017-06-21-09-00-00,46,14,32
2017-06-21-09-15-00,38,16,22
2017-06-21-09-30-00,52,17,35
2017-06-21-09-45-00,34,12,22
2017-06-21-10-00-00,31,11,20
2017-06-21-10-15-00,32,21,11
2017-06-21-10-30-00,28,12,16
2017-06-21-10-45-00,42,19,23
2017-06-21-11-00-00,34,15,19
2017-06-21-11-15-00,22,9,13
2017-06-21-11-30-00,41,19,22
2017-06-21-11-45-00,25,9,16
2017-06-21-12-00-00,26,13,13
2017-06-21-12-15-00,36,23,13
2017-06-21-12-30-00,27,16,11
2017-06-21-12-45-00,36,15,21
2017-06-21-13-00-00,33,14,19
2017-06-21-13-15-00,42,14,28
2017-06-21-13-30-00,37,19,18
2017-06-21-13-45-00,35,20,15
2017-06-21-14-00-00,21,13,8
2017-06-21-14-15-00,36,22,14
2017-06-21-14-30-00,38,23,15
2017-06-21-14-45-00,46,28,18
2017-06-21-15-00-00,33,23,10
2017-06-21-15-15-00,33,19,14
2017-06-21-15-30-00,44,25,19
2017-06-21-15-45-00,36,26,10
2017-06-21-16-00-00,39,27,12
2017-06-21-16-15-00,67,44,23
2017-06-21-16-30-00,68,43,25
2017-06-21-16-45-00,67,49,18
2017-06-21-17-00-00,59,37,22
2017-06-21-17-15-00,100,62,38
2017-06-21-17-30-00,66,46,20
2017-06-21-17-45-00,87,62,25
2017-06-21-18-00-00,62,38,24
2017-06-21-18-15-00,84,51,33
2017-06-21-18-30-00,61,34,27
2017-06-21-18-45-00,71,38,33
2017-06-21-19-00-00,63,38,25
2017-06-21-19-15-00,74,39,35
2017-06-21-19-30-00,63,31,32
2017-06-21-19-45-00,61,35,26
2017-06-21-20-00-00,48,30,18
2017-06-21-20-15-00,60,30,30
2017-06-21-20-30-00,62,35,27
2017-06-21-20-45-00,57,32,25
2017-06-21-21-00-00,48,34,14
2017-06-21-21-15-00,54,26,28
2017-06-21-21-30-00,33,23,10
2017-06-21-21-45-00,36,23,13
2017-06-21-22-00-00,35,20,15
2017-06-21-22-15-00,21,10,11
2017-06-21-22-30-00,20,11,9
2017-06-21-22-45-00,22,10,12
2017-06-21-23-00-00,12,6,6
2017-06-21-23-15-00,11,6,5
2017-06-21-23-30-00,9,4,5
2017-06-21-23-45-00,1,1,0
2017-06-22-00-00-00,2,2,0
2017-06-22-00-15-00,0,0,0
2017-06-22-00-30-00,0,0,0
2017-06-22-00-45-00,1,0,1
2017-06-22-01-00-00,1,1,0
2017-06-22-01-15-00,0,0,0
2017-06-22-01-30-00,3,0,3
2017-06-22-01-45-00,0,0,0
2017-06-22-02-00-00,3,1,2
2017-06-22-02-15-00,1,0,1
2017-06-22-02-30-00,1,0,1
2017-06-22-02-45-00,0,0,0
2017-06-22-03-00-00,0,0,0
2017-06-22-03-15-00,0,0,0
2017-06-22-03-30-00,1,1,0
2017-06-22-03-45-00,0,0,0
2017-06-22-04-00-00,1,0,1
2017-06-22-04-15-00,1,1,0
2017-06-22-04-30-00,0,0,0
2017-06-22-04-45-00,0,0,0
2017-06-22-05-00-00,1,1,0
2017-06-22-05-15-00,2,1,1
2017-06-22-05-30-00,2,1,1
2017-06-22-05-45-00,8,3,5
2017-06-22-06-00-00,8,5,3
2017-06-22-06-15-00,14,3,11
2017-06-22-06-30-00,17,7,10
2017-06-22-06-45-00,21,14,7
2017-06-22-07-00-00,38,9,29
2017-06-22-07-15-00,53,12,41
2017-06-22-07-30-00,58,23,35
2017-06-22-07-45-00,74,17,57
2017-06-22-08-00-00,71,19,52
2017-06-22-08-15-00,64,17,47
2017-06-22-08-30-00,74,14,60
2017-06-22-08-45-00,49,14,35
2017-06-22-09-00-00,41,10,31
2017-06-22-09-15-00,32,12,20
2017-06-22-09-30-00,30,16,14
2017-06-22-09-45-00,33,16,17
2017-06-22-10-00-00,32,11,21
2017-06-22-10-15-00,20,10,10
2017-06-22-10-30-00,25,9,16
2017-06-22-10-45-00,34,12,22
2017-06-22-11-00-00,29,19,10
2017-06-22-11-15-00,33,13,20
2017-06-22-11-30-00,22,11,11
2017-06-22-11-45-00,31,14,17
2017-06-22-12-00-00,20,13,7
2017-06-22-12-15-00,32,21,11
2017-06-22-12-30-00,32,14,18
2017-06-22-12-45-00,22,12,10
2017-06-22-13-00-00,9,6,3
2017-06-22-13-15-00,36,23,13
2017-06-22-13-30-00,23,14,9
2017-06-22-13-45-00,30,16,14
2017-06-22-14-00-00,11,8,3
2017-06-22-14-15-00,21,7,14
2017-06-22-14-30-00,25,10,15
2017-06-22-14-45-00,20,14,6
2017-06-22-15-00-00,19,11,8
2017-06-22-15-15-00,36,29,7
2017-06-22-15-30-00,39,26,13
2017-06-22-15-45-00,28,17,11
2017-06-22-16-00-00,28,19,9
2017-06-22-16-15-00,40,30,10
2017-06-22-16-30-00,27,18,9
2017-06-22-16-45-00,41,31,10
2017-06-22-17-00-00,53,33,20
2017-06-22-17-15-00,49,34,15
2017-06-22-17-30-00,56,29,27
2017-06-22-17-45-00,60,40,20
2017-06-22-18-00-00,41,30,11
2017-06-22-18-15-00,54,31,23
2017-06-22-18-30-00,55,34,21
2017-06-22-18-45-00,46,28,18
2017-06-22-19-00-00,47,29,18
2017-06-22-19-15-00,26,14,12
2017-06-22-19-30-00,43,26,17
2017-06-22-19-45-00,28,10,18
2017-06-22-20-00-00,36,24,12
2017-06-22-20-15-00,35,22,13
2017-06-22-20-30-00,31,21,10
2017-06-22-20-45-00,21,14,7
2017-06-22-21-00-00,23,16,7
2017-06-22-21-15-00,15,10,5
2017-06-22-21-30-00,24,15,9
2017-06-22-21-45-00,28,14,14
2017-06-22-22-00-00,25,14,11
2017-06-22-22-15-00,15,9,6
2017-06-22-22-30-00,13,7,6
2017-06-22-22-45-00,16,7,9
2017-06-22-23-00-00,4,4,0
2017-06-22-23-15-00,2,2,0
2017-06-22-23-30-00,7,4,3
2017-06-22-23-45-00,2,1,1
2017-06-23-00-00-00,5,3,2
2017-06-23-00-15-00,0,0,0
2017-06-23-00-30-00,1,0,1
2017-06-23-00-45-00,0,0,0
2017-06-23-01-00-00,0,0,0
2017-06-23-01-15-00,0,0,0
2017-06-23-01-30-00,0,0,0
2017-06-23-01-45-00,2,2,0
2017-06-23-02-00-00,0,0,0
2017-06-23-02-15-00,0,0,0
2017-06-23-02-30-00,1,1,0
2017-06-23-02-45-00,1,1,0
2017-06-23-03-00-00,0,0,0
2017-06-23-03-15-00,0,0,0
2017-06-23-03-30-00,0,0,0
2017-06-23-03-45-00,1,0,1
2017-06-23-04-00-00,1,0,1
2017-06-23-04-15-00,0,0,0
2017-06-23-04-30-00,3,0,3
2017-06-23-04-45-00,1,0,1
2017-06-23-05-00-00,0,0,0
2017-06-23-05-15-00,2,2,0
2017-06-23-05-30-00,2,1,1
2017-06-23-05-45-00,16,9,7
2017-06-23-06-00-00,5,2,3
2017-06-23-06-15-00,15,7,8
2017-06-23-06-30-00,13,7,6
2017-06-23-06-45-00,31,17,14
2017-06-23-07-00-00,23,6,17
2017-06-23-07-15-00,33,13,20
2017-06-23-07-30-00,56,24,32
2017-06-23-07-45-00,67,18,49
2017-06-23-08-00-00,50,11,39
2017-06-23-08-15-00,51,10,41
2017-06-23-08-30-00,51,10,41
2017-06-23-08-45-00,43,11,32
2017-06-23-09-00-00,26,2,24
2017-06-23-09-15-00,32,12,20
2017-06-23-09-30-00,39,19,20
2017-06-23-09-45-00,23,15,8
2017-06-23-10-00-00,20,9,11
2017-06-23-10-15-00,22,13,9
2017-06-23-10-30-00,18,7,11
2017-06-23-10-45-00,19,7,12
2017-06-23-11-00-00,33,16,17
2017-06-23-11-15-00,32,9,23
2017-06-23-11-30-00,29,10,19
2017-06-23-11-45-00,23,14,9
2017-06-23-12-00-00,32,18,14
2017-06-23-12-15-00,34,19,15
2017-06-23-12-30-00,45,15,30
2017-06-23-12-45-00,28,15,13
2017-06-23-13-00-00,37,12,25
2017-06-23-13-15-00,44,16,28
2017-06-23-13-30-00,51,29,22
2017-06-23-13-45-00,35,17,18
2017-06-23-14-00-00,46,25,21
2017-06-23-14-15-00,36,19,17
2017-06-23-14-30-00,46,25,21
2017-06-23-14-45-00,49,33,16
2017-06-23-15-00-00,42,29,13
2017-06-23-15-15-00,51,34,17
2017-06-23-15-30-00,64,36,28
2017-06-23-15-45-00,65,43,22
2017-06-23-16-00-00,60,47,13
2017-06-23-16-15-00,68,45,23
2017-06-23-16-30-00,58,40,18
2017-06-23-16-45-00,62,48,14
2017-06-23-17-00-00,42,30,12
2017-06-23-17-15-00,80,49,31
2017-06-23-17-30-00,66,41,25
2017-06-23-17-45-00,75,31,44
2017-06-23-18-00-00,74,40,34
2017-06-23-18-15-00,96,39,57
2017-06-23-18-30-00,76,30,46
2017-06-23-18-45-00,55,19,36
2017-06-23-19-00-00,44,18,26
2017-06-23-19-15-00,50,17,33
2017-06-23-19-30-00,75,40,35
2017-06-23-19-45-00,75,36,39
2017-06-23-20-00-00,55,20,35
2017-06-23-20-15-00,66,43,23
2017-06-23-20-30-00,47,24,23
2017-06-23-20-45-00,57,33,24
2017-06-23-21-00-00,55,34,21
2017-06-23-21-15-00,54,29,25
2017-06-23-21-30-00,38,17,21
2017-06-23-21-45-00,39,31,8
2017-06-23-22-00-00,36,24,12
2017-06-23-22-15-00,53,41,12
2017-06-23-22-30-00,26,19,7
2017-06-23-22-45-00,33,21,12
2017-06-23-23-00-00,15,4,11
2017-06-23-23-15-00,24,18,6
2017-06-23-23-30-00,12,7,5
2017-06-23-23-45-00,11,4,7
2017-06-24-00-00-00,12,8,4
2017-06-24-00-15-00,24,20,4
2017-06-24-00-30-00,9,6,3
2017-06-24-00-45-00,4,3,1
2017-06-24-01-00-00,1,1,0
2017-06-24-01-15-00,2,1,1
2017-06-24-01-30-00,0,0,0
2017-06-24-01-45-00,0,0,0
2017-06-24-02-00-00,0,0,0
2017-06-24-02-15-00,3,2,1
2017-06-24-02-30-00,5,4,1
2017-06-24-02-45-00,1,0,1
2017-06-24-03-00-00,0,0,0
2017-06-24-03-15-00,1,0,1
2017-06-24-03-30-00,0,0,0
2017-06-24-03-45-00,2,2,0
2017-06-24-04-00-00,0,0,0
2017-06-24-04-15-00,0,0,0
2017-06-24-04-30-00,0,0,0
2017-06-24-04-45-00,0,0,0
2017-06-24-05-00-00,0,0,0
2017-06-24-05-15-00,2,1,1
2017-06-24-05-30-00,0,0,0
2017-06-24-05-45-00,2,2,0
2017-06-24-06-00-00,2,0,2
2017-06-24-06-15-00,0,0,0
2017-06-24-06-30-00,2,0,2
2017-06-24-06-45-00,5,4,1
2017-06-24-07-00-00,9,7,2
2017-06-24-07-15-00,6,2,4
2017-06-24-07-30-00,6,1,5
2017-06-24-07-45-00,6,2,4
2017-06-24-08-00-00,9,4,5
2017-06-24-08-15-00,10,2,8
2017-06-24-08-30-00,11,6,5
2017-06-24-08-45-00,5,4,1
2017-06-24-09-00-00,11,5,6
2017-06-24-09-15-00,17,7,10
2017-06-24-09-30-00,23,12,11
2017-06-24-09-45-00,30,14,16
2017-06-24-10-00-00,29,17,12
2017-06-24-10-15-00,33,23,10
2017-06-24-10-30-00,33,11,22
2017-06-24-10-45-00,38,13,25
2017-06-24-11-00-00,46,16,30
2017-06-24-11-15-00,50,16,34
2017-06-24-11-30-00,42,12,30
2017-06-24-11-45-00,28,16,12
2017-06-24-12-00-00,48,24,24
2017-06-24-12-15-00,94,35,59
2017-06-24-12-30-00,43,20,23
2017-06-24-12-45-00,66,22,44
2017-06-24-13-00-00,57,16,41
2017-06-24-13-15-00,56,13,43
2017-06-24-13-30-00,61,28,33
2017-06-24-13-45-00,66,24,42
2017-06-24-14-00-00,70,35,35
2017-06-24-14-15-00,70,21,49
2017-06-24-14-30-00,90,49,41
2017-06-24-14-45-00,63,24,39
2017-06-24-15-00-00,75,25,50
2017-06-24-15-15-00,74,45,29
2017-06-24-15-30-00,67,29,38
2017-06-24-15-45-00,71,27,44
2017-06-24-16-00-00,96,52,44
2017-06-24-16-15-00,61,41,20
2017-06-24-16-30-00,56,38,18
2017-06-24-16-45-00,67,33,34
2017-06-24-17-00-00,80,44,36
2017-06-24-17-15-00,67,43,24
2017-06-24-17-30-00,101,64,37
2017-06-24-17-45-00,92,56,36
2017-06-24-18-00-00,72,51,21
2017-06-24-18-15-00,49,31,18
2017-06-24-18-30-00,56,38,18
2017-06-24-18-45-00,68,34,34
2017-06-24-19-00-00,63,29,34
2017-06-24-19-15-00,49,27,22
2017-06-24-19-30-00,33,17,16
2017-06-24-19-45-00,33,16,17
2017-06-24-20-00-00,33,13,20
2017-06-24-20-15-00,37,19,18
2017-06-24-20-30-00,36,26,10
2017-06-24-20-45-00,28,19,9
2017-06-24-21-00-00,26,16,10
2017-06-24-21-15-00,29,19,10
2017-06-24-21-30-00,29,19,10
2017-06-24-21-45-00,17,9,8
2017-06-24-22-00-00,28,12,16
2017-06-24-22-15-00,32,22,10
2017-06-24-22-30-00,32,25,7
2017-06-24-22-45-00,12,7,5
2017-06-24-23-00-00,19,12,7
2017-06-24-23-15-00,15,6,9
2017-06-24-23-30-00,15,5,10
2017-06-24-23-45-00,14,3,11
2017-06-25-00-00-00,19,5,14
2017-06-25-00-15-00,28,4,24
2017-06-25-00-30-00,31,1,30
2017-06-25-00-45-00,23,2,21
2017-06-25-01-00-00,19,8,11
2017-06-25-01-15-00,15,1,14
2017-06-25-01-30-00,8,3,5
2017-06-25-01-45-00,12,2,10
2017-06-25-02-00-00,9,6,3
2017-06-25-02-15-00,12,10,2
2017-06-25-02-30-00,9,8,1
2017-06-25-02-45-00,16,10,6
2017-06-25-03-00-00,9,7,2
2017-06-25-03-15-00,13,10,3
2017-06-25-03-30-00,15,14,1
2017-06-25-03-45-00,17,14,3
2017-06-25-04-00-00,9,6,3
2017-06-25-04-15-00,9,7,2
2017-06-25-04-30-00,7,6,1
2017-06-25-04-45-00,12,12,0
2017-06-25-05-00-00,1,1,0
2017-06-25-05-15-00,10,8,2
2017-06-25-05-30-00,16,12,4
2017-06-25-05-45-00,3,3,0
2017-06-25-06-00-00,4,3,1
2017-06-25-06-15-00,2,1,1
2017-06-25-06-30-00,7,6,1
2017-06-25-06-45-00,6,4,2
2017-06-25-07-00-00,5,5,0
2017-06-25-07-15-00,4,3,1
2017-06-25-07-30-00,11,5,6
2017-06-25-07-45-00,13,7,6
2017-06-25-08-00-00,6,4,2
2017-06-25-08-15-00,7,5,2
2017-06-25-08-30-00,17,10,7
2017-06-25-08-45-00,12,7,5
2017-06-25-09-00-00,30,13,17
2017-06-25-09-15-00,16,6,10
2017-06-25-09-30-00,17,9,8
2017-06-25-09-45-00,12,5,7
2017-06-25-10-00-00,34,14,20
2017-06-25-10-15-00,21,14,7
2017-06-25-10-30-00,22,18,4
2017-06-25-10-45-00,30,24,6
2017-06-25-11-00-00,13,9,4
2017-06-25-11-15-00,32,5,27
2017-06-25-11-30-00,30,12,18
2017-06-25-11-45-00,48,19,29
2017-06-25-12-00-00,42,22,20
2017-06-25-12-15-00,35,20,15
2017-06-25-12-30-00,30,16,14
2017-06-25-12-45-00,46,20,26
2017-06-25-13-00-00,44,16,28
2017-06-25-13-15-00,45,19,26
2017-06-25-13-30-00,48,21,27
2017-06-25-13-45-00,51,16,35
2017-06-25-14-00-00,64,37,27
2017-06-25-14-15-00,62,35,27
2017-06-25-14-30-00,59,29,30
2017-06-25-14-45-00,76,35,41
2017-06-25-15-00-00,69,33,36
2017-06-25-15-15-00,70,43,27
2017-06-25-15-30-00,69,38,31
2017-06-25-15-45-00,92,51,41
2017-06-25-16-00-00,83,44,39
2017-06-25-16-15-00,66,45,21
2017-06-25-16-30-00,63,34,29
2017-06-25-16-45-00,59,33,26
2017-06-25-17-00-00,70,38,32
2017-06-25-17-15-00,51,27,24
2017-06-25-17-30-00,59,24,35
2017-06-25-17-45-00,53,32,21
2017-06-25-18-00-00,41,21,20
2017-06-25-18-15-00,47,30,17
2017-06-25-18-30-00,62,31,31
2017-06-25-18-45-00,50,31,19
2017-06-25-19-00-00,52,27,25
2017-06-25-19-15-00,34,22,12
2017-06-25-19-30-00,45,27,18
2017-06-25-19-45-00,29,13,16
2017-06-25-20-00-00,44,33,11
2017-06-25-20-15-00,30,15,15
2017-06-25-20-30-00,35,25,10
2017-06-25-20-45-00,14,6,8
2017-06-25-21-00-00,26,21,5
2017-06-25-21-15-00,20,13,7
2017-06-25-21-30-00,17,9,8
2017-06-25-21-45-00,14,10,4
2017-06-25-22-00-00,8,4,4
2017-06-25-22-15-00,5,5,0
2017-06-25-22-30-00,3,3,0
2017-06-25-22-45-00,6,5,1
2017-06-25-23-00-00,3,2,1
2017-06-25-23-15-00,3,3,0
2017-06-25-23-30-00,0,0,0
2017-06-25-23-45-00,0,0,0
2017-06-26-00-00-00,3,3,0
2017-06-26-00-15-00,0,0,0
2017-06-26-00-30-00,1,1,0
2017-06-26-00-45-00,0,0,0
2017-06-26-01-00-00,0,0,0
2017-06-26-01-15-00,0,0,0
2017-06-26-01-30-00,1,1,0
2017-06-26-01-45-00,0,0,0
2017-06-26-02-00-00,0,0,0
2017-06-26-02-15-00,0,0,0
2017-06-26-02-30-00,0,0,0
2017-06-26-02-45-00,0,0,0
2017-06-26-03-00-00,0,0,0
2017-06-26-03-15-00,0,0,0
2017-06-26-03-30-00,1,0,1
2017-06-26-03-45-00,0,0,0
2017-06-26-04-00-00,0,0,0
2017-06-26-04-15-00,0,0,0
2017-06-26-04-30-00,0,0,0
2017-06-26-04-45-00,0,0,0
2017-06-26-05-00-00,1,0,1
2017-06-26-05-15-00,2,2,0
2017-06-26-05-30-00,5,3,2
2017-06-26-05-45-00,6,3,3
2017-06-26-06-00-00,13,6,7
2017-06-26-06-15-00,15,3,12
2017-06-26-06-30-00,13,4,9
2017-06-26-06-45-00,24,11,13
2017-06-26-07-00-00,31,13,18
2017-06-26-07-15-00,54,27,27
2017-06-26-07-30-00,72,29,43
2017-06-26-07-45-00,58,21,37
2017-06-26-08-00-00,69,16,53
2017-06-26-08-15-00,56,11,45
2017-06-26-08-30-00,55,12,43
2017-06-26-08-45-00,63,13,50
2017-06-26-09-00-00,39,12,27
2017-06-26-09-15-00,31,7,24
2017-06-26-09-30-00,30,7,23
2017-06-26-09-45-00,18,2,16
2017-06-26-10-00-00,15,4,11
2017-06-26-10-15-00,23,9,14
2017-06-26-10-30-00,26,8,18
2017-06-26-10-45-00,26,12,14
2017-06-26-11-00-00,29,15,14
2017-06-26-11-15-00,17,7,10
2017-06-26-11-30-00,25,10,15
2017-06-26-11-45-00,23,10,13
2017-06-26-12-00-00,24,11,13
2017-06-26-12-15-00,22,8,14
2017-06-26-12-30-00,29,12,17
2017-06-26-12-45-00,32,14,18
2017-06-26-13-00-00,31,14,17
2017-06-26-13-15-00,35,17,18
2017-06-26-13-30-00,27,14,13
2017-06-26-13-45-00,27,18,9
2017-06-26-14-00-00,19,10,9
2017-06-26-14-15-00,43,25,18
2017-06-26-14-30-00,37,20,17
2017-06-26-14-45-00,40,15,25
2017-06-26-15-00-00,47,32,15
2017-06-26-15-15-00,33,18,15
2017-06-26-15-30-00,59,44,15
2017-06-26-15-45-00,36,24,12
2017-06-26-16-00-00,61,39,22
2017-06-26-16-15-00,59,32,27
2017-06-26-16-30-00,61,31,30
2017-06-26-16-45-00,109,70,39
2017-06-26-17-00-00,78,54,24
2017-06-26-17-15-00,75,52,23
2017-06-26-17-30-00,99,63,36
2017-06-26-17-45-00,77,51,26
2017-06-26-18-00-00,93,62,31
2017-06-26-18-15-00,92,49,43
2017-06-26-18-30-00,71,37,34
2017-06-26-18-45-00,72,42,30
2017-06-26-19-00-00,71,39,32
2017-06-26-19-15-00,70,41,29
2017-06-26-19-30-00,53,34,19
2017-06-26-19-45-00,57,34,23
2017-06-26-20-00-00,53,23,30
2017-06-26-20-15-00,55,28,27
2017-06-26-20-30-00,67,29,38
2017-06-26-20-45-00,61,37,24
2017-06-26-21-00-00,26,16,10
2017-06-26-21-15-00,35,22,13
2017-06-26-21-30-00,26,11,15
2017-06-26-21-45-00,19,9,10
2017-06-26-22-00-00,28,14,14
2017-06-26-22-15-00,11,5,6
2017-06-26-22-30-00,13,6,7
2017-06-26-22-45-00,8,5,3
2017-06-26-23-00-00,12,5,7
2017-06-26-23-15-00,1,0,1
2017-06-26-23-30-00,3,0,3
2017-06-26-23-45-00,1,1,0
2017-06-27-00-00-00,0,0,0
2017-06-27-00-15-00,2,1,1
2017-06-27-00-30-00,0,0,0
2017-06-27-00-45-00,2,1,1
2017-06-27-01-00-00,0,0,0
2017-06-27-01-15-00,0,0,0
2017-06-27-01-30-00,0,0,0
2017-06-27-01-45-00,0,0,0
2017-06-27-02-00-00,0,0,0
2017-06-27-02-15-00,1,1,0
2017-06-27-02-30-00,0,0,0
2017-06-27-02-45-00,0,0,0
2017-06-27-03-00-00,0,0,0
2017-06-27-03-15-00,0,0,0
2017-06-27-03-30-00,0,0,0
2017-06-27-03-45-00,0,0,0
2017-06-27-04-00-00,0,0,0
2017-06-27-04-15-00,0,0,0
2017-06-27-04-30-00,0,0,0
2017-06-27-04-45-00,0,0,0
2017-06-27-05-00-00,0,0,0
2017-06-27-05-15-00,2,1,1
2017-06-27-05-30-00,3,1,2
2017-06-27-05-45-00,9,2,7
2017-06-27-06-00-00,11,3,8
2017-06-27-06-15-00,10,4,6
2017-06-27-06-30-00,13,7,6
2017-06-27-06-45-00,17,6,11
2017-06-27-07-00-00,27,7,20
2017-06-27-07-15-00,48,16,32
2017-06-27-07-30-00,55,18,37
2017-06-27-07-45-00,51,9,42
2017-06-27-08-00-00,46,14,32
2017-06-27-08-15-00,48,12,36
2017-06-27-08-30-00,55,7,48
2017-06-27-08-45-00,76,37,39
2017-06-27-09-00-00,37,9,28
2017-06-27-09-15-00,23,9,14
2017-06-27-09-30-00,28,8,20
2017-06-27-09-45-00,14,7,7
2017-06-27-10-00-00,13,4,9
2017-06-27-10-15-00,17,8,9
2017-06-27-10-30-00,23,11,12
2017-06-27-10-45-00,12,4,8
2017-06-27-11-00-00,15,12,3
2017-06-27-11-15-00,25,12,13
2017-06-27-11-30-00,12,5,7
2017-06-27-11-45-00,18,5,13
2017-06-27-12-00-00,7,3,4
2017-06-27-12-15-00,8,3,5
2017-06-27-12-30-00,19,13,6
2017-06-27-12-45-00,15,6,9
2017-06-27-13-00-00,5,4,1
2017-06-27-13-15-00,16,3,13
2017-06-27-13-30-00,8,4,4
2017-06-27-13-45-00,41,8,33
2017-06-27-14-00-00,38,5,33
2017-06-27-14-15-00,19,4,15
2017-06-27-14-30-00,15,6,9
2017-06-27-14-45-00,20,12,8
2017-06-27-15-00-00,18,10,8
2017-06-27-15-15-00,25,18,7
2017-06-27-15-30-00,25,21,4
2017-06-27-15-45-00,34,25,9
2017-06-27-16-00-00,26,16,10
2017-06-27-16-15-00,42,31,11
2017-06-27-16-30-00,43,29,14
2017-06-27-16-45-00,41,36,5
2017-06-27-17-00-00,38,29,9
2017-06-27-17-15-00,48,33,15
2017-06-27-17-30-00,52,36,16
2017-06-27-17-45-00,49,26,23
2017-06-27-18-00-00,54,36,18
2017-06-27-18-15-00,55,38,17
2017-06-27-18-30-00,50,37,13
2017-06-27-18-45-00,45,27,18
2017-06-27-19-00-00,33,12,21
2017-06-27-19-15-00,14,5,9
2017-06-27-19-30-00,22,13,9
2017-06-27-19-45-00,20,17,3
2017-06-27-20-00-00,13,7,6
2017-06-27-20-15-00,7,7,0
2017-06-27-20-30-00,10,6,4
2017-06-27-20-45-00,10,5,5
2017-06-27-21-00-00,12,9,3
2017-06-27-21-15-00,19,15,4
2017-06-27-21-30-00,12,10,2
2017-06-27-21-45-00,19,11,8
2017-06-27-22-00-00,10,7,3
2017-06-27-22-15-00,8,5,3
2017-06-27-22-30-00,7,5,2
2017-06-27-22-45-00,2,0,2
2017-06-27-23-00-00,2,2,0
2017-06-27-23-15-00,2,1,1
2017-06-27-23-30-00,0,0,0
2017-06-27-23-45-00,0,0,0
2017-06-28-00-00-00,0,0,0
2017-06-28-00-15-00,0,0,0
2017-06-28-00-30-00,0,0,0
2017-06-28-00-45-00,1,1,0
2017-06-28-01-00-00,0,0,0
2017-06-28-01-15-00,0,0,0
2017-06-28-01-30-00,1,1,0
2017-06-28-01-45-00,0,0,0
2017-06-28-02-00-00,0,0,0
2017-06-28-02-15-00,0,0,0
2017-06-28-02-30-00,0,0,0
2017-06-28-02-45-00,0,0,0
2017-06-28-03-00-00,0,0,0
2017-06-28-03-15-00,0,0,0
2017-06-28-03-30-00,0,0,0
2017-06-28-03-45-00,0,0,0
2017-06-28-04-00-00,0,0,0
2017-06-28-04-15-00,0,0,0
2017-06-28-04-30-00,0,0,0
2017-06-28-04-45-00,0,0,0
2017-06-28-05-00-00,0,0,0
2017-06-28-05-15-00,0,0,0
2017-06-28-05-30-00,1,1,0
2017-06-28-05-45-00,5,2,3
2017-06-28-06-00-00,2,1,1
2017-06-28-06-15-00,7,3,4
2017-06-28-06-30-00,6,2,4
2017-06-28-06-45-00,7,3,4
2017-06-28-07-00-00,14,5,9
2017-06-28-07-15-00,19,7,12
2017-06-28-07-30-00,33,6,27
2017-06-28-07-45-00,53,21,32
2017-06-28-08-00-00,36,7,29
2017-06-28-08-15-00,33,4,29
2017-06-28-08-30-00,34,5,29
2017-06-28-08-45-00,27,3,24
2017-06-28-09-00-00,28,7,21
2017-06-28-09-15-00,21,8,13
2017-06-28-09-30-00,14,4,10
2017-06-28-09-45-00,11,4,7
2017-06-28-10-00-00,4,1,3
2017-06-28-10-15-00,5,1,4
2017-06-28-10-30-00,6,4,2
2017-06-28-10-45-00,5,2,3
2017-06-28-11-00-00,3,1,2
2017-06-28-11-15-00,7,3,4
2017-06-28-11-30-00,4,1,3
2017-06-28-11-45-00,16,11,5
2017-06-28-12-00-00,8,4,4
2017-06-28-12-15-00,13,4,9
2017-06-28-12-30-00,7,4,3
2017-06-28-12-45-00,14,8,6
2017-06-28-13-00-00,15,5,10
2017-06-28-13-15-00,11,5,6
2017-06-28-13-30-00,9,7,2
2017-06-28-13-45-00,6,6,0
2017-06-28-14-00-00,4,2,2
2017-06-28-14-15-00,4,2,2
2017-06-28-14-30-00,15,7,8
2017-06-28-14-45-00,10,6,4
2017-06-28-15-00-00,23,12,11
2017-06-28-15-15-00,16,9,7
2017-06-28-15-30-00,19,14,5
2017-06-28-15-45-00,13,7,6
2017-06-28-16-00-00,23,15,8
2017-06-28-16-15-00,22,14,8
2017-06-28-16-30-00,39,24,15
2017-06-28-16-45-00,24,17,7
2017-06-28-17-00-00,38,26,12
2017-06-28-17-15-00,46,26,20
2017-06-28-17-30-00,41,26,15
2017-06-28-17-45-00,38,25,13
2017-06-28-18-00-00,50,34,16
2017-06-28-18-15-00,45,29,16
2017-06-28-18-30-00,55,39,16
2017-06-28-18-45-00,40,26,14
2017-06-28-19-00-00,35,16,19
2017-06-28-19-15-00,34,19,15
2017-06-28-19-30-00,50,27,23
2017-06-28-19-45-00,42,24,18
2017-06-28-20-00-00,64,33,31
2017-06-28-20-15-00,34,19,15
2017-06-28-20-30-00,38,19,19
2017-06-28-20-45-00,27,15,12
2017-06-28-21-00-00,33,19,14
2017-06-28-21-15-00,24,19,5
2017-06-28-21-30-00,18,8,10
2017-06-28-21-45-00,26,7,19
2017-06-28-22-00-00,12,2,10
2017-06-28-22-15-00,17,9,8
2017-06-28-22-30-00,14,1,13
2017-06-28-22-45-00,9,3,6
2017-06-28-23-00-00,2,1,1
2017-06-28-23-15-00,2,1,1
2017-06-28-23-30-00,1,0,1
2017-06-28-23-45-00,1,1,0
2017-06-29-00-00-00,0,0,0
2017-06-29-00-15-00,2,2,0
2017-06-29-00-30-00,1,0,1
2017-06-29-00-45-00,0,0,0
2017-06-29-01-00-00,0,0,0
2017-06-29-01-15-00,1,0,1
2017-06-29-01-30-00,1,1,0
2017-06-29-01-45-00,0,0,0
2017-06-29-02-00-00,1,1,0
2017-06-29-02-15-00,0,0,0
2017-06-29-02-30-00,0,0,0
2017-06-29-02-45-00,0,0,0
2017-06-29-03-00-00,0,0,0
2017-06-29-03-15-00,0,0,0
2017-06-29-03-30-00,0,0,0
2017-06-29-03-45-00,0,0,0
2017-06-29-04-00-00,0,0,0
2017-06-29-04-15-00,0,0,0
2017-06-29-04-30-00,0,0,0
2017-06-29-04-45-00,0,0,0
2017-06-29-05-00-00,0,0,0
2017-06-29-05-15-00,0,0,0
2017-06-29-05-30-00,4,3,1
2017-06-29-05-45-00,4,1,3
2017-06-29-06-00-00,11,4,7
2017-06-29-06-15-00,10,3,7
2017-06-29-06-30-00,19,10,9
2017-06-29-06-45-00,15,6,9
2017-06-29-07-00-00,23,8,15
2017-06-29-07-15-00,35,9,26
2017-06-29-07-30-00,40,12,28
2017-06-29-07-45-00,67,23,44
2017-06-29-08-00-00,52,10,42
2017-06-29-08-15-00,59,17,42
2017-06-29-08-30-00,60,14,46
2017-06-29-08-45-00,45,14,31
2017-06-29-09-00-00,30,6,24
2017-06-29-09-15-00,28,8,20
2017-06-29-09-30-00,15,8,7
2017-06-29-09-45-00,20,9,11
2017-06-29-10-00-00,19,9,10
2017-06-29-10-15-00,27,8,19
2017-06-29-10-30-00,9,5,4
2017-06-29-10-45-00,15,5,10
2017-06-29-11-00-00,28,18,10
2017-06-29-11-15-00,16,12,4
2017-06-29-11-30-00,19,14,5
2017-06-29-11-45-00,30,10,20
2017-06-29-12-00-00,21,12,9
2017-06-29-12-15-00,16,8,8
2017-06-29-12-30-00,17,12,5
2017-06-29-12-45-00,16,7,9
2017-06-29-13-00-00,38,25,13
2017-06-29-13-15-00,25,15,10
2017-06-29-13-30-00,19,10,9
2017-06-29-13-45-00,16,9,7
2017-06-29-14-00-00,28,13,15
2017-06-29-14-15-00,23,14,9
2017-06-29-14-30-00,24,12,12
2017-06-29-14-45-00,33,22,11
2017-06-29-15-00-00,26,15,11
2017-06-29-15-15-00,32,22,10
2017-06-29-15-30-00,26,18,8
2017-06-29-15-45-00,27,16,11
2017-06-29-16-00-00,49,37,12
2017-06-29-16-15-00,39,24,15
2017-06-29-16-30-00,44,28,16
2017-06-29-16-45-00,57,41,16
2017-06-29-17-00-00,44,33,11
2017-06-29-17-15-00,54,39,15
2017-06-29-17-30-00,46,30,16
2017-06-29-17-45-00,66,40,26
2017-06-29-18-00-00,30,27,3
2017-06-29-18-15-00,30,13,17
2017-06-29-18-30-00,35,21,14
2017-06-29-18-45-00,32,20,12
2017-06-29-19-00-00,27,10,17
2017-06-29-19-15-00,30,11,19
2017-06-29-19-30-00,26,16,10
2017-06-29-19-45-00,15,5,10
2017-06-29-20-00-00,19,12,7
2017-06-29-20-15-00,15,10,5
2017-06-29-20-30-00,2,1,1
2017-06-29-20-45-00,16,8,8
2017-06-29-21-00-00,11,8,3
2017-06-29-21-15-00,5,3,2
2017-06-29-21-30-00,6,4,2
2017-06-29-21-45-00,12,4,8
2017-06-29-22-00-00,10,4,6
2017-06-29-22-15-00,10,6,4
2017-06-29-22-30-00,4,3,1
2017-06-29-22-45-00,2,1,1
2017-06-29-23-00-00,4,4,0
2017-06-29-23-15-00,2,2,0
2017-06-29-23-30-00,1,0,1
2017-06-29-23-45-00,0,0,0
2017-06-30-00-00-00,1,0,1
2017-06-30-00-15-00,1,0,1
2017-06-30-00-30-00,0,0,0
2017-06-30-00-45-00,0,0,0
2017-06-30-01-00-00,0,0,0
2017-06-30-01-15-00,0,0,0
2017-06-30-01-30-00,0,0,0
2017-06-30-01-45-00,0,0,0
2017-06-30-02-00-00,0,0,0
2017-06-30-02-15-00,0,0,0
2017-06-30-02-30-00,0,0,0
2017-06-30-02-45-00,0,0,0
2017-06-30-03-00-00,0,0,0
2017-06-30-03-15-00,0,0,0
2017-06-30-03-30-00,0,0,0
2017-06-30-03-45-00,1,0,1
2017-06-30-04-00-00,0,0,0
2017-06-30-04-15-00,0,0,0
2017-06-30-04-30-00,0,0,0
2017-06-30-04-45-00,0,0,0
2017-06-30-05-00-00,0,0,0
2017-06-30-05-15-00,1,1,0
2017-06-30-05-30-00,2,2,0
2017-06-30-05-45-00,6,1,5
2017-06-30-06-00-00,8,3,5
2017-06-30-06-15-00,9,4,5
2017-06-30-06-30-00,11,4,7
2017-06-30-06-45-00,16,8,8
2017-06-30-07-00-00,28,7,21
2017-06-30-07-15-00,33,9,24
2017-06-30-07-30-00,43,19,24
2017-06-30-07-45-00,54,12,42
2017-06-30-08-00-00,29,5,24
2017-06-30-08-15-00,43,8,35
2017-06-30-08-30-00,35,4,31
2017-06-30-08-45-00,32,6,26
2017-06-30-09-00-00,20,10,10
2017-06-30-09-15-00,10,4,6
2017-06-30-09-30-00,18,7,11
2017-06-30-09-45-00,7,2,5
2017-06-30-10-00-00,17,6,11
2017-06-30-10-15-00,17,8,9
2017-06-30-10-30-00,22,8,14
2017-06-30-10-45-00,17,6,11
2017-06-30-11-00-00,20,12,8
2017-06-30-11-15-00,17,14,3
2017-06-30-11-30-00,18,13,5
2017-06-30-11-45-00,20,17,3
2017-06-30-12-00-00,21,11,10
2017-06-30-12-15-00,27,14,13
2017-06-30-12-30-00,23,16,7
2017-06-30-12-45-00,19,10,9
2017-06-30-13-00-00,35,23,12
2017-06-30-13-15-00,41,24,17
2017-06-30-13-30-00,19,11,8
2017-06-30-13-45-00,20,12,8
2017-06-30-14-00-00,27,15,12
2017-06-30-14-15-00,39,23,16
2017-06-30-14-30-00,32,16,16
2017-06-30-14-45-00,31,15,16
2017-06-30-15-00-00,31,19,12
2017-06-30-15-15-00,28,16,12
2017-06-30-15-30-00,38,27,11
2017-06-30-15-45-00,44,29,15
2017-06-30-16-00-00,45,30,15
2017-06-30-16-15-00,52,34,18
2017-06-30-16-30-00,47,30,17
2017-06-30-16-45-00,56,40,16
2017-06-30-17-00-00,44,33,11
2017-06-30-17-15-00,47,25,22
2017-06-30-17-30-00,48,29,19
2017-06-30-17-45-00,55,27,28
2017-06-30-18-00-00,40,18,22
2017-06-30-18-15-00,44,27,17
2017-06-30-18-30-00,49,28,21
2017-06-30-18-45-00,29,16,13
2017-06-30-19-00-00,32,17,15
2017-06-30-19-15-00,34,20,14
2017-06-30-19-30-00,32,24,8
2017-06-30-19-45-00,38,23,15
2017-06-30-20-00-00,28,11,17
2017-06-30-20-15-00,26,15,11
2017-06-30-20-30-00,14,9,5
2017-06-30-20-45-00,13,5,8
2017-06-30-21-00-00,27,20,7
2017-06-30-21-15-00,14,6,8
2017-06-30-21-30-00,17,11,6
2017-06-30-21-45-00,19,14,5
2017-06-30-22-00-00,18,15,3
2017-06-30-22-15-00,8,3,5
2017-06-30-22-30-00,7,2,5
2017-06-30-22-45-00,14,8,6
2017-06-30-23-00-00,5,2,3
2017-06-30-23-15-00,4,1,3
2017-06-30-23-30-00,5,1,4
2017-06-30-23-45-00,1,0,1
2017-07-01-00-00-00,4,3,1
2017-07-01-00-15-00,2,2,0
2017-07-01-00-30-00,2,0,2
2017-07-01-00-45-00,4,2,2
2017-07-01-01-00-00,0,0,0
2017-07-01-01-15-00,0,0,0
2017-07-01-01-30-00,0,0,0
2017-07-01-01-45-00,0,0,0
2017-07-01-02-00-00,3,1,2
2017-07-01-02-15-00,0,0,0
2017-07-01-02-30-00,0,0,0
2017-07-01-02-45-00,0,0,0
2017-07-01-03-00-00,2,2,0
2017-07-01-03-15-00,1,0,1
2017-07-01-03-30-00,0,0,0
2017-07-01-03-45-00,0,0,0
2017-07-01-04-00-00,0,0,0
2017-07-01-04-15-00,0,0,0
2017-07-01-04-30-00,1,1,0
2017-07-01-04-45-00,0,0,0
2017-07-01-05-00-00,1,0,1
2017-07-01-05-15-00,2,0,2
2017-07-01-05-30-00,2,1,1
2017-07-01-05-45-00,0,0,0
2017-07-01-06-00-00,0,0,0
2017-07-01-06-15-00,3,3,0
2017-07-01-06-30-00,3,2,1
2017-07-01-06-45-00,4,2,2
2017-07-01-07-00-00,5,2,3
2017-07-01-07-15-00,7,4,3
2017-07-01-07-30-00,5,5,0
2017-07-01-07-45-00,4,1,3
2017-07-01-08-00-00,2,1,1
2017-07-01-08-15-00,3,1,2
2017-07-01-08-30-00,4,1,3
2017-07-01-08-45-00,2,0,2
2017-07-01-09-00-00,1,1,0
2017-07-01-09-15-00,4,1,3
2017-07-01-09-30-00,2,2,0
2017-07-01-09-45-00,5,2,3
2017-07-01-10-00-00,13,12,1
2017-07-01-10-15-00,5,5,0
2017-07-01-10-30-00,1,0,1
2017-07-01-10-45-00,10,8,2
2017-07-01-11-00-00,1,1,0
2017-07-01-11-15-00,0,0,0
2017-07-01-11-30-00,1,0,1
2017-07-01-11-45-00,2,1,1
2017-07-01-12-00-00,3,1,2
2017-07-01-12-15-00,5,3,2
2017-07-01-12-30-00,8,2,6
2017-07-01-12-45-00,4,1,3
2017-07-01-13-00-00,8,6,2
2017-07-01-13-15-00,6,1,5
2017-07-01-13-30-00,11,3,8
2017-07-01-13-45-00,9,2,7
2017-07-01-14-00-00,1,0,1
2017-07-01-14-15-00,8,5,3
2017-07-01-14-30-00,8,2,6
2017-07-01-14-45-00,11,6,5
2017-07-01-15-00-00,5,0,5
2017-07-01-15-15-00,6,4,2
2017-07-01-15-30-00,16,9,7
2017-07-01-15-45-00,9,3,6
2017-07-01-16-00-00,6,2,4
2017-07-01-16-15-00,8,7,1
2017-07-01-16-30-00,10,5,5
2017-07-01-16-45-00,9,9,0
2017-07-01-17-00-00,12,4,8
2017-07-01-17-15-00,8,5,3
2017-07-01-17-30-00,7,2,5
2017-07-01-17-45-00,6,4,2
2017-07-01-18-00-00,13,7,6
2017-07-01-18-15-00,9,5,4
2017-07-01-18-30-00,8,7,1
2017-07-01-18-45-00,7,2,5
2017-07-01-19-00-00,7,3,4
2017-07-01-19-15-00,5,2,3
2017-07-01-19-30-00,5,4,1
2017-07-01-19-45-00,9,6,3
2017-07-01-20-00-00,6,1,5
2017-07-01-20-15-00,6,5,1
2017-07-01-20-30-00,0,0,0
2017-07-01-20-45-00,3,2,1
2017-07-01-21-00-00,6,4,2
2017-07-01-21-15-00,8,6,2
2017-07-01-21-30-00,4,2,2
2017-07-01-21-45-00,4,0,4
2017-07-01-22-00-00,1,1,0
2017-07-01-22-15-00,5,1,4
2017-07-01-22-30-00,4,3,1
2017-07-01-22-45-00,3,3,0
2017-07-01-23-00-00,0,0,0
2017-07-01-23-15-00,1,1,0
2017-07-01-23-30-00,0,0,0
2017-07-01-23-45-00,4,3,1
2017-07-02-00-00-00,0,0,0
2017-07-02-00-15-00,4,4,0
2017-07-02-00-30-00,4,4,0
2017-07-02-00-45-00,1,0,1
2017-07-02-01-00-00,0,0,0
2017-07-02-01-15-00,1,0,1
2017-07-02-01-30-00,0,0,0
2017-07-02-01-45-00,1,0,1
2017-07-02-02-00-00,0,0,0
2017-07-02-02-15-00,0,0,0
2017-07-02-02-30-00,1,0,1
2017-07-02-02-45-00,1,0,1
2017-07-02-03-00-00,0,0,0
2017-07-02-03-15-00,2,2,0
2017-07-02-03-30-00,0,0,0
2017-07-02-03-45-00,0,0,0
2017-07-02-04-00-00,0,0,0
2017-07-02-04-15-00,0,0,0
2017-07-02-04-30-00,1,1,0
2017-07-02-04-45-00,1,1,0
2017-07-02-05-00-00,0,0,0
2017-07-02-05-15-00,0,0,0
2017-07-02-05-30-00,0,0,0
2017-07-02-05-45-00,3,2,1
2017-07-02-06-00-00,0,0,0
2017-07-02-06-15-00,0,0,0
2017-07-02-06-30-00,2,0,2
2017-07-02-06-45-00,3,1,2
2017-07-02-07-00-00,2,2,0
2017-07-02-07-15-00,3,2,1
2017-07-02-07-30-00,4,1,3
2017-07-02-07-45-00,4,3,1
2017-07-02-08-00-00,3,1,2
2017-07-02-08-15-00,3,1,2
2017-07-02-08-30-00,9,4,5
2017-07-02-08-45-00,9,4,5
2017-07-02-09-00-00,27,18,9
2017-07-02-09-15-00,15,5,10
2017-07-02-09-30-00,20,8,12
2017-07-02-09-45-00,21,9,12
2017-07-02-10-00-00,13,6,7
2017-07-02-10-15-00,34,18,16
2017-07-02-10-30-00,39,20,19
2017-07-02-10-45-00,30,13,17
2017-07-02-11-00-00,55,28,27
2017-07-02-11-15-00,34,17,17
2017-07-02-11-30-00,51,16,35
2017-07-02-11-45-00,49,12,37
2017-07-02-12-00-00,42,14,28
2017-07-02-12-15-00,51,20,31
2017-07-02-12-30-00,50,26,24
2017-07-02-12-45-00,32,19,13
2017-07-02-13-00-00,57,35,22
2017-07-02-13-15-00,60,22,38
2017-07-02-13-30-00,46,19,27
2017-07-02-13-45-00,58,24,34
2017-07-02-14-00-00,49,22,27
2017-07-02-14-15-00,62,32,30
2017-07-02-14-30-00,43,18,25
2017-07-02-14-45-00,71,27,44
2017-07-02-15-00-00,65,30,35
2017-07-02-15-15-00,54,26,28
2017-07-02-15-30-00,47,22,25
2017-07-02-15-45-00,65,40,25
2017-07-02-16-00-00,48,19,29
2017-07-02-16-15-00,69,42,27
2017-07-02-16-30-00,41,17,24
2017-07-02-16-45-00,41,20,21
2017-07-02-17-00-00,61,38,23
2017-07-02-17-15-00,61,42,19
2017-07-02-17-30-00,51,34,17
2017-07-02-17-45-00,53,29,24
2017-07-02-18-00-00,40,28,12
2017-07-02-18-15-00,57,30,27
2017-07-02-18-30-00,36,26,10
2017-07-02-18-45-00,54,29,25
2017-07-02-19-00-00,42,25,17
2017-07-02-19-15-00,41,13,28
2017-07-02-19-30-00,26,12,14
2017-07-02-19-45-00,25,12,13
2017-07-02-20-00-00,24,10,14
2017-07-02-20-15-00,24,14,10
2017-07-02-20-30-00,15,7,8
2017-07-02-20-45-00,8,4,4
2017-07-02-21-00-00,15,9,6
2017-07-02-21-15-00,20,16,4
2017-07-02-21-30-00,18,14,4
2017-07-02-21-45-00,13,5,8
2017-07-02-22-00-00,12,4,8
2017-07-02-22-15-00,9,8,1
2017-07-02-22-30-00,11,7,4
2017-07-02-22-45-00,2,0,2
2017-07-02-23-00-00,4,1,3
2017-07-02-23-15-00,0,0,0
2017-07-02-23-30-00,2,1,1
2017-07-02-23-45-00,1,1,0
2017-07-03-00-00-00,0,0,0
2017-07-03-00-15-00,0,0,0
2017-07-03-00-30-00,0,0,0
2017-07-03-00-45-00,0,0,0
2017-07-03-01-00-00,0,0,0
2017-07-03-01-15-00,0,0,0
2017-07-03-01-30-00,0,0,0
2017-07-03-01-45-00,0,0,0
2017-07-03-02-00-00,0,0,0
2017-07-03-02-15-00,0,0,0
2017-07-03-02-30-00,1,0,1
2017-07-03-02-45-00,2,0,2
2017-07-03-03-00-00,0,0,0
2017-07-03-03-15-00,2,2,0
2017-07-03-03-30-00,0,0,0
2017-07-03-03-45-00,0,0,0
2017-07-03-04-00-00,1,1,0
2017-07-03-04-15-00,0,0,0
2017-07-03-04-30-00,0,0,0
2017-07-03-04-45-00,0,0,0
2017-07-03-05-00-00,0,0,0
2017-07-03-05-15-00,1,1,0
2017-07-03-05-30-00,2,1,1
2017-07-03-05-45-00,8,1,7
2017-07-03-06-00-00,10,7,3
2017-07-03-06-15-00,15,7,8
2017-07-03-06-30-00,16,7,9
2017-07-03-06-45-00,25,12,13
2017-07-03-07-00-00,30,12,18
2017-07-03-07-15-00,46,16,30
2017-07-03-07-30-00,61,24,37
2017-07-03-07-45-00,61,15,46
2017-07-03-08-00-00,62,9,53
2017-07-03-08-15-00,59,15,44
2017-07-03-08-30-00,64,17,47
2017-07-03-08-45-00,58,12,46
2017-07-03-09-00-00,41,10,31
2017-07-03-09-15-00,36,14,22
2017-07-03-09-30-00,21,11,10
2017-07-03-09-45-00,36,9,27
2017-07-03-10-00-00,17,9,8
2017-07-03-10-15-00,25,12,13
2017-07-03-10-30-00,26,13,13
2017-07-03-10-45-00,25,14,11
2017-07-03-11-00-00,26,10,16
2017-07-03-11-15-00,28,16,12
2017-07-03-11-30-00,43,23,20
2017-07-03-11-45-00,33,12,21
2017-07-03-12-00-00,32,12,20
2017-07-03-12-15-00,31,11,20
2017-07-03-12-30-00,52,29,23
2017-07-03-12-45-00,40,24,16
2017-07-03-13-00-00,36,15,21
2017-07-03-13-15-00,38,21,17
2017-07-03-13-30-00,60,24,36
2017-07-03-13-45-00,48,23,25
2017-07-03-14-00-00,51,27,24
2017-07-03-14-15-00,51,29,22
2017-07-03-14-30-00,51,30,21
2017-07-03-14-45-00,41,19,22
2017-07-03-15-00-00,40,18,22
2017-07-03-15-15-00,58,35,23
2017-07-03-15-30-00,71,36,35
2017-07-03-15-45-00,65,32,33
2017-07-03-16-00-00,49,33,16
2017-07-03-16-15-00,82,54,28
2017-07-03-16-30-00,76,39,37
2017-07-03-16-45-00,76,44,32
2017-07-03-17-00-00,82,54,28
2017-07-03-17-15-00,90,57,33
2017-07-03-17-30-00,96,60,36
2017-07-03-17-45-00,81,51,30
2017-07-03-18-00-00,92,61,31
2017-07-03-18-15-00,92,43,49
2017-07-03-18-30-00,72,48,24
2017-07-03-18-45-00,71,49,22
2017-07-03-19-00-00,66,43,23
2017-07-03-19-15-00,75,36,39
2017-07-03-19-30-00,60,21,39
2017-07-03-19-45-00,53,36,17
2017-07-03-20-00-00,74,47,27
2017-07-03-20-15-00,50,24,26
2017-07-03-20-30-00,26,15,11
2017-07-03-20-45-00,42,18,24
2017-07-03-21-00-00,34,18,16
2017-07-03-21-15-00,39,25,14
2017-07-03-21-30-00,16,13,3
2017-07-03-21-45-00,20,9,11
2017-07-03-22-00-00,23,17,6
2017-07-03-22-15-00,20,15,5
2017-07-03-22-30-00,12,8,4
2017-07-03-22-45-00,18,15,3
2017-07-03-23-00-00,10,7,3
2017-07-03-23-15-00,5,5,0
2017-07-03-23-30-00,8,5,3
2017-07-03-23-45-00,5,5,0
2017-07-04-00-00-00,2,1,1
2017-07-04-00-15-00,2,1,1
2017-07-04-00-30-00,0,0,0
2017-07-04-00-45-00,2,0,2
2017-07-04-01-00-00,0,0,0
2017-07-04-01-15-00,1,1,0
2017-07-04-01-30-00,2,1,1
2017-07-04-01-45-00,0,0,0
2017-07-04-02-00-00,0,0,0
2017-07-04-02-15-00,0,0,0
2017-07-04-02-30-00,1,0,1
2017-07-04-02-45-00,0,0,0
2017-07-04-03-00-00,1,0,1
2017-07-04-03-15-00,0,0,0
2017-07-04-03-30-00,0,0,0
2017-07-04-03-45-00,0,0,0
2017-07-04-04-00-00,0,0,0
2017-07-04-04-15-00,1,0,1
2017-07-04-04-30-00,0,0,0
2017-07-04-04-45-00,0,0,0
2017-07-04-05-00-00,0,0,0
2017-07-04-05-15-00,1,1,0
2017-07-04-05-30-00,5,1,4
2017-07-04-05-45-00,14,5,9
2017-07-04-06-00-00,17,10,7
2017-07-04-06-15-00,13,8,5
2017-07-04-06-30-00,17,7,10
2017-07-04-06-45-00,20,11,9
2017-07-04-07-00-00,34,15,19
2017-07-04-07-15-00,47,10,37
2017-07-04-07-30-00,55,25,30
2017-07-04-07-45-00,94,22,72
2017-07-04-08-00-00,66,14,52
2017-07-04-08-15-00,68,11,57
2017-07-04-08-30-00,87,18,69
2017-07-04-08-45-00,58,11,47
2017-07-04-09-00-00,43,14,29
2017-07-04-09-15-00,40,10,30
2017-07-04-09-30-00,34,16,18
2017-07-04-09-45-00,25,17,8
2017-07-04-10-00-00,28,11,17
2017-07-04-10-15-00,29,11,18
2017-07-04-10-30-00,38,16,22
2017-07-04-10-45-00,36,10,26
2017-07-04-11-00-00,39,21,18
2017-07-04-11-15-00,25,10,15
2017-07-04-11-30-00,25,13,12
2017-07-04-11-45-00,46,13,33
2017-07-04-12-00-00,38,25,13
2017-07-04-12-15-00,47,26,21
2017-07-04-12-30-00,35,15,20
2017-07-04-12-45-00,42,13,29
2017-07-04-13-00-00,55,30,25
2017-07-04-13-15-00,29,13,16
2017-07-04-13-30-00,47,27,20
2017-07-04-13-45-00,33,14,19
2017-07-04-14-00-00,40,17,23
2017-07-04-14-15-00,45,20,25
2017-07-04-14-30-00,37,23,14
2017-07-04-14-45-00,38,21,17
2017-07-04-15-00-00,59,23,36
2017-07-04-15-15-00,50,29,21
2017-07-04-15-30-00,78,51,27
2017-07-04-15-45-00,81,30,51
2017-07-04-16-00-00,92,44,48
2017-07-04-16-15-00,89,61,28
2017-07-04-16-30-00,71,45,26
2017-07-04-16-45-00,80,56,24
2017-07-04-17-00-00,94,68,26
2017-07-04-17-15-00,116,79,37
2017-07-04-17-30-00,84,57,27
2017-07-04-17-45-00,91,58,33
2017-07-04-18-00-00,98,62,36
2017-07-04-18-15-00,87,52,35
2017-07-04-18-30-00,97,51,46
2017-07-04-18-45-00,71,39,32
2017-07-04-19-00-00,85,44,41
2017-07-04-19-15-00,76,43,33
2017-07-04-19-30-00,61,29,32
2017-07-04-19-45-00,84,48,36
2017-07-04-20-00-00,70,53,17
2017-07-04-20-15-00,65,30,35
2017-07-04-20-30-00,70,43,27
2017-07-04-20-45-00,66,39,27
2017-07-04-21-00-00,68,47,21
2017-07-04-21-15-00,43,21,22
2017-07-04-21-30-00,26,17,9
2017-07-04-21-45-00,31,17,14
2017-07-04-22-00-00,22,12,10
2017-07-04-22-15-00,21,11,10
2017-07-04-22-30-00,16,7,9
2017-07-04-22-45-00,10,5,5
2017-07-04-23-00-00,8,3,5
2017-07-04-23-15-00,3,2,1
2017-07-04-23-30-00,6,4,2
2017-07-04-23-45-00,1,1,0
2017-07-05-00-00-00,0,0,0
2017-07-05-00-15-00,2,0,2
2017-07-05-00-30-00,0,0,0
2017-07-05-00-45-00,0,0,0
2017-07-05-01-00-00,1,1,0
2017-07-05-01-15-00,0,0,0
2017-07-05-01-30-00,0,0,0
2017-07-05-01-45-00,0,0,0
2017-07-05-02-00-00,1,1,0
2017-07-05-02-15-00,0,0,0
2017-07-05-02-30-00,1,0,1
2017-07-05-02-45-00,0,0,0
2017-07-05-03-00-00,1,1,0
2017-07-05-03-15-00,0,0,0
2017-07-05-03-30-00,0,0,0
2017-07-05-03-45-00,0,0,0
2017-07-05-04-00-00,0,0,0
2017-07-05-04-15-00,0,0,0
2017-07-05-04-30-00,1,0,1
2017-07-05-04-45-00,0,0,0
2017-07-05-05-00-00,1,1,0
2017-07-05-05-15-00,1,1,0
2017-07-05-05-30-00,5,0,5
2017-07-05-05-45-00,7,2,5
2017-07-05-06-00-00,17,9,8
2017-07-05-06-15-00,11,4,7
2017-07-05-06-30-00,15,5,10
2017-07-05-06-45-00,23,13,10
2017-07-05-07-00-00,29,9,20
2017-07-05-07-15-00,41,13,28
2017-07-05-07-30-00,88,37,51
2017-07-05-07-45-00,85,27,58
2017-07-05-08-00-00,76,12,64
2017-07-05-08-15-00,66,11,55
2017-07-05-08-30-00,66,15,51
2017-07-05-08-45-00,79,13,66
2017-07-05-09-00-00,48,14,34
2017-07-05-09-15-00,55,16,39
2017-07-05-09-30-00,44,19,25
2017-07-05-09-45-00,36,17,19
2017-07-05-10-00-00,43,20,23
2017-07-05-10-15-00,62,17,45
2017-07-05-10-30-00,57,19,38
2017-07-05-10-45-00,42,14,28
2017-07-05-11-00-00,73,19,54
2017-07-05-11-15-00,44,13,31
2017-07-05-11-30-00,47,24,23
2017-07-05-11-45-00,44,16,28
2017-07-05-12-00-00,52,23,29
2017-07-05-12-15-00,46,27,19
2017-07-05-12-30-00,53,20,33
2017-07-05-12-45-00,41,22,19
2017-07-05-13-00-00,92,64,28
2017-07-05-13-15-00,49,16,33
2017-07-05-13-30-00,49,28,21
2017-07-05-13-45-00,50,37,13
2017-07-05-14-00-00,43,17,26
2017-07-05-14-15-00,53,35,18
2017-07-05-14-30-00,79,34,45
2017-07-05-14-45-00,51,28,23
2017-07-05-15-00-00,38,17,21
2017-07-05-15-15-00,66,45,21
2017-07-05-15-30-00,60,41,19
2017-07-05-15-45-00,62,36,26
2017-07-05-16-00-00,72,48,24
2017-07-05-16-15-00,96,61,35
2017-07-05-16-30-00,104,80,24
2017-07-05-16-45-00,106,65,41
2017-07-05-17-00-00,82,57,25
2017-07-05-17-15-00,120,70,50
2017-07-05-17-30-00,92,49,43
2017-07-05-17-45-00,114,80,34
2017-07-05-18-00-00,103,70,33
2017-07-05-18-15-00,101,62,39
2017-07-05-18-30-00,113,63,50
2017-07-05-18-45-00,88,51,37
2017-07-05-19-00-00,96,39,57
2017-07-05-19-15-00,108,63,45
2017-07-05-19-30-00,87,55,32
2017-07-05-19-45-00,85,41,44
2017-07-05-20-00-00,81,44,37
2017-07-05-20-15-00,64,29,35
2017-07-05-20-30-00,68,41,27
2017-07-05-20-45-00,52,37,15
2017-07-05-21-00-00,56,27,29
2017-07-05-21-15-00,63,42,21
2017-07-05-21-30-00,30,17,13
2017-07-05-21-45-00,30,21,9
2017-07-05-22-00-00,28,22,6
2017-07-05-22-15-00,41,35,6
2017-07-05-22-30-00,19,13,6
2017-07-05-22-45-00,25,18,7
2017-07-05-23-00-00,10,5,5
2017-07-05-23-15-00,5,3,2
2017-07-05-23-30-00,9,4,5
2017-07-05-23-45-00,5,3,2
2017-07-06-00-00-00,3,0,3
2017-07-06-00-15-00,4,2,2
2017-07-06-00-30-00,2,1,1
2017-07-06-00-45-00,1,0,1
2017-07-06-01-00-00,0,0,0
2017-07-06-01-15-00,0,0,0
2017-07-06-01-30-00,0,0,0
2017-07-06-01-45-00,1,1,0
2017-07-06-02-00-00,1,1,0
2017-07-06-02-15-00,0,0,0
2017-07-06-02-30-00,0,0,0
2017-07-06-02-45-00,0,0,0
2017-07-06-03-00-00,0,0,0
2017-07-06-03-15-00,1,0,1
2017-07-06-03-30-00,0,0,0
2017-07-06-03-45-00,0,0,0
2017-07-06-04-00-00,0,0,0
2017-07-06-04-15-00,2,2,0
2017-07-06-04-30-00,0,0,0
2017-07-06-04-45-00,1,1,0
2017-07-06-05-00-00,0,0,0
2017-07-06-05-15-00,4,3,1
2017-07-06-05-30-00,3,2,1
2017-07-06-05-45-00,7,2,5
2017-07-06-06-00-00,10,3,7
2017-07-06-06-15-00,7,2,5
2017-07-06-06-30-00,21,7,14
2017-07-06-06-45-00,25,8,17
2017-07-06-07-00-00,38,12,26
2017-07-06-07-15-00,49,13,36
2017-07-06-07-30-00,66,21,45
2017-07-06-07-45-00,100,31,69
2017-07-06-08-00-00,77,19,58
2017-07-06-08-15-00,110,14,96
2017-07-06-08-30-00,87,25,62
2017-07-06-08-45-00,62,16,46
2017-07-06-09-00-00,49,17,32
2017-07-06-09-15-00,40,13,27
2017-07-06-09-30-00,38,8,30
2017-07-06-09-45-00,34,20,14
2017-07-06-10-00-00,33,7,26
2017-07-06-10-15-00,37,16,21
2017-07-06-10-30-00,35,9,26
2017-07-06-10-45-00,61,19,42
2017-07-06-11-00-00,46,23,23
2017-07-06-11-15-00,30,15,15
2017-07-06-11-30-00,46,23,23
2017-07-06-11-45-00,41,19,22
2017-07-06-12-00-00,40,19,21
2017-07-06-12-15-00,33,16,17
2017-07-06-12-30-00,48,27,21
2017-07-06-12-45-00,44,20,24
2017-07-06-13-00-00,47,30,17
2017-07-06-13-15-00,82,55,27
2017-07-06-13-30-00,39,24,15
2017-07-06-13-45-00,35,24,11
2017-07-06-14-00-00,40,15,25
2017-07-06-14-15-00,35,27,8
2017-07-06-14-30-00,40,22,18
2017-07-06-14-45-00,41,22,19
2017-07-06-15-00-00,43,32,11
2017-07-06-15-15-00,57,44,13
2017-07-06-15-30-00,47,30,17
2017-07-06-15-45-00,60,46,14
2017-07-06-16-00-00,63,45,18
2017-07-06-16-15-00,43,30,13
2017-07-06-16-30-00,19,9,10
2017-07-06-16-45-00,8,5,3
2017-07-06-17-00-00,26,16,10
2017-07-06-17-15-00,44,36,8
2017-07-06-17-30-00,57,42,15
2017-07-06-17-45-00,53,45,8
2017-07-06-18-00-00,74,56,18
2017-07-06-18-15-00,54,44,10
2017-07-06-18-30-00,51,24,27
2017-07-06-18-45-00,48,29,19
2017-07-06-19-00-00,31,18,13
2017-07-06-19-15-00,38,22,16
2017-07-06-19-30-00,30,15,15
2017-07-06-19-45-00,33,14,19
2017-07-06-20-00-00,19,11,8
2017-07-06-20-15-00,19,11,8
2017-07-06-20-30-00,17,9,8
2017-07-06-20-45-00,19,10,9
2017-07-06-21-00-00,17,9,8
2017-07-06-21-15-00,31,13,18
2017-07-06-21-30-00,20,15,5
2017-07-06-21-45-00,13,9,4
2017-07-06-22-00-00,28,23,5
2017-07-06-22-15-00,9,7,2
2017-07-06-22-30-00,4,1,3
2017-07-06-22-45-00,3,1,2
2017-07-06-23-00-00,4,3,1
2017-07-06-23-15-00,5,2,3
2017-07-06-23-30-00,2,0,2
2017-07-06-23-45-00,4,2,2
2017-07-07-00-00-00,0,0,0
2017-07-07-00-15-00,0,0,0
2017-07-07-00-30-00,1,1,0
2017-07-07-00-45-00,0,0,0
2017-07-07-01-00-00,1,1,0
2017-07-07-01-15-00,0,0,0
2017-07-07-01-30-00,2,1,1
2017-07-07-01-45-00,2,2,0
2017-07-07-02-00-00,0,0,0
2017-07-07-02-15-00,0,0,0
2017-07-07-02-30-00,0,0,0
2017-07-07-02-45-00,1,0,1
2017-07-07-03-00-00,1,0,1
2017-07-07-03-15-00,0,0,0
2017-07-07-03-30-00,0,0,0
2017-07-07-03-45-00,0,0,0
2017-07-07-04-00-00,0,0,0
2017-07-07-04-15-00,0,0,0
2017-07-07-04-30-00,0,0,0
2017-07-07-04-45-00,0,0,0
2017-07-07-05-00-00,0,0,0
2017-07-07-05-15-00,1,1,0
2017-07-07-05-30-00,1,0,1
2017-07-07-05-45-00,7,1,6
2017-07-07-06-00-00,5,1,4
2017-07-07-06-15-00,12,5,7
2017-07-07-06-30-00,8,1,7
2017-07-07-06-45-00,21,10,11
2017-07-07-07-00-00,23,12,11
2017-07-07-07-15-00,41,10,31
2017-07-07-07-30-00,44,18,26
2017-07-07-07-45-00,57,15,42
2017-07-07-08-00-00,48,15,33
2017-07-07-08-15-00,59,13,46
2017-07-07-08-30-00,57,11,46
2017-07-07-08-45-00,52,9,43
2017-07-07-09-00-00,31,4,27
2017-07-07-09-15-00,24,8,16
2017-07-07-09-30-00,26,11,15
2017-07-07-09-45-00,17,8,9
2017-07-07-10-00-00,30,12,18
2017-07-07-10-15-00,23,12,11
2017-07-07-10-30-00,26,10,16
2017-07-07-10-45-00,35,18,17
2017-07-07-11-00-00,36,19,17
2017-07-07-11-15-00,29,8,21
2017-07-07-11-30-00,35,21,14
2017-07-07-11-45-00,35,16,19
2017-07-07-12-00-00,32,20,12
2017-07-07-12-15-00,32,18,14
2017-07-07-12-30-00,27,12,15
2017-07-07-12-45-00,39,27,12
2017-07-07-13-00-00,43,23,20
2017-07-07-13-15-00,38,24,14
2017-07-07-13-30-00,45,20,25
2017-07-07-13-45-00,37,18,19
2017-07-07-14-00-00,34,19,15
2017-07-07-14-15-00,50,34,16
2017-07-07-14-30-00,41,30,11
2017-07-07-14-45-00,54,41,13
2017-07-07-15-00-00,43,25,18
2017-07-07-15-15-00,49,35,14
2017-07-07-15-30-00,63,31,32
2017-07-07-15-45-00,70,38,32
2017-07-07-16-00-00,71,46,25
2017-07-07-16-15-00,63,48,15
2017-07-07-16-30-00,66,48,18
2017-07-07-16-45-00,55,32,23
2017-07-07-17-00-00,73,33,40
2017-07-07-17-15-00,60,38,22
2017-07-07-17-30-00,46,24,22
2017-07-07-17-45-00,57,33,24
2017-07-07-18-00-00,42,27,15
2017-07-07-18-15-00,63,30,33
2017-07-07-18-30-00,58,25,33
2017-07-07-18-45-00,65,39,26
2017-07-07-19-00-00,62,31,31
2017-07-07-19-15-00,59,33,26
2017-07-07-19-30-00,58,28,30
2017-07-07-19-45-00,40,23,17
2017-07-07-20-00-00,56,32,24
2017-07-07-20-15-00,56,24,32
2017-07-07-20-30-00,41,20,21
2017-07-07-20-45-00,45,19,26
2017-07-07-21-00-00,45,24,21
2017-07-07-21-15-00,44,28,16
2017-07-07-21-30-00,22,12,10
2017-07-07-21-45-00,28,20,8
2017-07-07-22-00-00,26,15,11
2017-07-07-22-15-00,35,20,15
2017-07-07-22-30-00,35,21,14
2017-07-07-22-45-00,15,12,3
2017-07-07-23-00-00,8,7,1
2017-07-07-23-15-00,16,8,8
2017-07-07-23-30-00,16,8,8
2017-07-07-23-45-00,9,4,5
2017-07-08-00-00-00,9,5,4
2017-07-08-00-15-00,7,6,1
2017-07-08-00-30-00,3,1,2
2017-07-08-00-45-00,7,2,5
2017-07-08-01-00-00,0,0,0
2017-07-08-01-15-00,2,2,0
2017-07-08-01-30-00,0,0,0
2017-07-08-01-45-00,1,0,1
2017-07-08-02-00-00,2,1,1
2017-07-08-02-15-00,0,0,0
2017-07-08-02-30-00,4,4,0
2017-07-08-02-45-00,2,0,2
2017-07-08-03-00-00,1,0,1
2017-07-08-03-15-00,1,0,1
2017-07-08-03-30-00,0,0,0
2017-07-08-03-45-00,1,0,1
2017-07-08-04-00-00,0,0,0
2017-07-08-04-15-00,0,0,0
2017-07-08-04-30-00,2,1,1
2017-07-08-04-45-00,1,1,0
2017-07-08-05-00-00,0,0,0
2017-07-08-05-15-00,2,2,0
2017-07-08-05-30-00,0,0,0
2017-07-08-05-45-00,1,1,0
2017-07-08-06-00-00,4,2,2
2017-07-08-06-15-00,11,6,5
2017-07-08-06-30-00,4,2,2
2017-07-08-06-45-00,7,4,3
2017-07-08-07-00-00,4,4,0
2017-07-08-07-15-00,4,3,1
2017-07-08-07-30-00,12,8,4
2017-07-08-07-45-00,9,3,6
2017-07-08-08-00-00,10,5,5
2017-07-08-08-15-00,7,3,4
2017-07-08-08-30-00,15,6,9
2017-07-08-08-45-00,14,6,8
2017-07-08-09-00-00,15,7,8
2017-07-08-09-15-00,23,6,17
2017-07-08-09-30-00,28,13,15
2017-07-08-09-45-00,29,16,13
2017-07-08-10-00-00,45,27,18
2017-07-08-10-15-00,34,15,19
2017-07-08-10-30-00,43,17,26
2017-07-08-10-45-00,48,31,17
2017-07-08-11-00-00,69,34,35
2017-07-08-11-15-00,72,35,37
2017-07-08-11-30-00,62,25,37
2017-07-08-11-45-00,70,22,48
2017-07-08-12-00-00,68,40,28
2017-07-08-12-15-00,87,46,41
2017-07-08-12-30-00,77,27,50
2017-07-08-12-45-00,58,19,39
2017-07-08-13-00-00,68,26,42
2017-07-08-13-15-00,85,39,46
2017-07-08-13-30-00,68,35,33
2017-07-08-13-45-00,58,27,31
2017-07-08-14-00-00,63,23,40
2017-07-08-14-15-00,74,41,33
2017-07-08-14-30-00,62,24,38
2017-07-08-14-45-00,65,38,27
2017-07-08-15-00-00,78,32,46
2017-07-08-15-15-00,73,40,33
2017-07-08-15-30-00,84,44,40
2017-07-08-15-45-00,95,35,60
2017-07-08-16-00-00,79,44,35
2017-07-08-16-15-00,74,41,33
2017-07-08-16-30-00,96,46,50
2017-07-08-16-45-00,67,26,41
2017-07-08-17-00-00,45,22,23
2017-07-08-17-15-00,69,42,27
2017-07-08-17-30-00,66,31,35
2017-07-08-17-45-00,88,37,51
2017-07-08-18-00-00,68,34,34
2017-07-08-18-15-00,87,51,36
2017-07-08-18-30-00,75,42,33
2017-07-08-18-45-00,80,48,32
2017-07-08-19-00-00,58,33,25
2017-07-08-19-15-00,69,33,36
2017-07-08-19-30-00,71,36,35
2017-07-08-19-45-00,39,24,15
2017-07-08-20-00-00,56,32,24
2017-07-08-20-15-00,54,35,19
2017-07-08-20-30-00,44,15,29
2017-07-08-20-45-00,36,22,14
2017-07-08-21-00-00,36,25,11
2017-07-08-21-15-00,39,22,17
2017-07-08-21-30-00,37,28,9
2017-07-08-21-45-00,36,25,11
2017-07-08-22-00-00,18,12,6
2017-07-08-22-15-00,25,10,15
2017-07-08-22-30-00,28,18,10
2017-07-08-22-45-00,27,27,0
2017-07-08-23-00-00,15,7,8
2017-07-08-23-15-00,14,10,4
2017-07-08-23-30-00,16,13,3
2017-07-08-23-45-00,13,6,7
2017-07-09-00-00-00,14,4,10
2017-07-09-00-15-00,14,10,4
2017-07-09-00-30-00,2,2,0
2017-07-09-00-45-00,4,3,1
2017-07-09-01-00-00,5,4,1
2017-07-09-01-15-00,7,7,0
2017-07-09-01-30-00,11,7,4
2017-07-09-01-45-00,3,3,0
2017-07-09-02-00-00,6,4,2
2017-07-09-02-15-00,3,0,3
2017-07-09-02-30-00,2,2,0
2017-07-09-02-45-00,2,2,0
2017-07-09-03-00-00,0,0,0
2017-07-09-03-15-00,0,0,0
2017-07-09-03-30-00,0,0,0
2017-07-09-03-45-00,1,1,0
2017-07-09-04-00-00,2,2,0
2017-07-09-04-15-00,0,0,0
2017-07-09-04-30-00,0,0,0
2017-07-09-04-45-00,0,0,0
2017-07-09-05-00-00,0,0,0
2017-07-09-05-15-00,0,0,0
2017-07-09-05-30-00,3,1,2
2017-07-09-05-45-00,0,0,0
2017-07-09-06-00-00,3,2,1
2017-07-09-06-15-00,1,0,1
2017-07-09-06-30-00,6,4,2
2017-07-09-06-45-00,2,2,0
2017-07-09-07-00-00,7,3,4
2017-07-09-07-15-00,5,1,4
2017-07-09-07-30-00,7,2,5
2017-07-09-07-45-00,17,10,7
2017-07-09-08-00-00,15,4,11
2017-07-09-08-15-00,22,10,12
2017-07-09-08-30-00,16,6,10
2017-07-09-08-45-00,25,12,13
2017-07-09-09-00-00,17,9,8
2017-07-09-09-15-00,17,2,15
2017-07-09-09-30-00,26,13,13
2017-07-09-09-45-00,35,21,14
2017-07-09-10-00-00,56,20,36
2017-07-09-10-15-00,64,35,29
2017-07-09-10-30-00,67,23,44
2017-07-09-10-45-00,106,46,60
2017-07-09-11-00-00,76,35,41
2017-07-09-11-15-00,66,33,33
2017-07-09-11-30-00,104,38,66
2017-07-09-11-45-00,86,35,51
2017-07-09-12-00-00,80,28,52
2017-07-09-12-15-00,94,44,50
2017-07-09-12-30-00,109,60,49
2017-07-09-12-45-00,95,46,49
2017-07-09-13-00-00,121,49,72
2017-07-09-13-15-00,139,56,83
2017-07-09-13-30-00,122,53,69
2017-07-09-13-45-00,97,65,32
2017-07-09-14-00-00,92,36,56
2017-07-09-14-15-00,106,52,54
2017-07-09-14-30-00,86,47,39
2017-07-09-14-45-00,94,41,53
2017-07-09-15-00-00,112,51,61
2017-07-09-15-15-00,125,83,42
2017-07-09-15-30-00,120,69,51
2017-07-09-15-45-00,98,57,41
2017-07-09-16-00-00,134,85,49
2017-07-09-16-15-00,115,60,55
2017-07-09-16-30-00,121,86,35
2017-07-09-16-45-00,87,51,36
2017-07-09-17-00-00,115,67,48
2017-07-09-17-15-00,96,55,41
2017-07-09-17-30-00,98,59,39
2017-07-09-17-45-00,97,59,38
2017-07-09-18-00-00,91,43,48
2017-07-09-18-15-00,73,38,35
2017-07-09-18-30-00,64,40,24
2017-07-09-18-45-00,70,46,24
2017-07-09-19-00-00,85,52,33
2017-07-09-19-15-00,59,41,18
2017-07-09-19-30-00,62,40,22
2017-07-09-19-45-00,42,24,18
2017-07-09-20-00-00,57,30,27
2017-07-09-20-15-00,42,28,14
2017-07-09-20-30-00,44,27,17
2017-07-09-20-45-00,29,17,12
2017-07-09-21-00-00,34,25,9
2017-07-09-21-15-00,36,16,20
2017-07-09-21-30-00,34,14,20
2017-07-09-21-45-00,15,9,6
2017-07-09-22-00-00,25,10,15
2017-07-09-22-15-00,18,12,6
2017-07-09-22-30-00,14,11,3
2017-07-09-22-45-00,7,0,7
2017-07-09-23-00-00,11,8,3
2017-07-09-23-15-00,2,1,1
2017-07-09-23-30-00,2,2,0
2017-07-09-23-45-00,6,6,0
2017-07-10-00-00-00,6,3,3
2017-07-10-00-15-00,6,6,0
2017-07-10-00-30-00,0,0,0
2017-07-10-00-45-00,4,1,3
2017-07-10-01-00-00,2,1,1
2017-07-10-01-15-00,1,1,0
2017-07-10-01-30-00,0,0,0
2017-07-10-01-45-00,0,0,0
2017-07-10-02-00-00,1,0,1
2017-07-10-02-15-00,0,0,0
2017-07-10-02-30-00,0,0,0
2017-07-10-02-45-00,0,0,0
2017-07-10-03-00-00,0,0,0
2017-07-10-03-15-00,0,0,0
2017-07-10-03-30-00,0,0,0
2017-07-10-03-45-00,0,0,0
2017-07-10-04-00-00,0,0,0
2017-07-10-04-15-00,0,0,0
2017-07-10-04-30-00,0,0,0
2017-07-10-04-45-00,0,0,0
2017-07-10-05-00-00,1,1,0
2017-07-10-05-15-00,1,0,1
2017-07-10-05-30-00,0,0,0
2017-07-10-05-45-00,4,2,2
2017-07-10-06-00-00,8,3,5
2017-07-10-06-15-00,8,5,3
2017-07-10-06-30-00,9,2,7
2017-07-10-06-45-00,18,7,11
2017-07-10-07-00-00,20,8,12
2017-07-10-07-15-00,23,9,14
2017-07-10-07-30-00,44,19,25
2017-07-10-07-45-00,44,10,34
2017-07-10-08-00-00,46,11,35
2017-07-10-08-15-00,34,5,29
2017-07-10-08-30-00,54,9,45
2017-07-10-08-45-00,34,1,33
2017-07-10-09-00-00,34,8,26
2017-07-10-09-15-00,21,5,16
2017-07-10-09-30-00,13,6,7
2017-07-10-09-45-00,11,4,7
2017-07-10-10-00-00,14,8,6
2017-07-10-10-15-00,19,10,9
2017-07-10-10-30-00,24,8,16
2017-07-10-10-45-00,18,8,10
2017-07-10-11-00-00,11,5,6
2017-07-10-11-15-00,21,7,14
2017-07-10-11-30-00,19,6,13
2017-07-10-11-45-00,21,9,12
2017-07-10-12-00-00,18,5,13
2017-07-10-12-15-00,22,10,12
2017-07-10-12-30-00,19,8,11
2017-07-10-12-45-00,14,9,5
2017-07-10-13-00-00,21,12,9
2017-07-10-13-15-00,29,16,13
2017-07-10-13-30-00,16,6,10
2017-07-10-13-45-00,30,12,18
2017-07-10-14-00-00,35,21,14
2017-07-10-14-15-00,13,8,5
2017-07-10-14-30-00,18,13,5
2017-07-10-14-45-00,27,21,6
2017-07-10-15-00-00,27,16,11
2017-07-10-15-15-00,18,10,8
2017-07-10-15-30-00,38,28,10
2017-07-10-15-45-00,21,15,6
2017-07-10-16-00-00,17,12,5
2017-07-10-16-15-00,20,15,5
2017-07-10-16-30-00,25,20,5
2017-07-10-16-45-00,32,20,12
2017-07-10-17-00-00,37,26,11
2017-07-10-17-15-00,28,19,9
2017-07-10-17-30-00,48,33,15
2017-07-10-17-45-00,51,33,18
2017-07-10-18-00-00,40,28,12
2017-07-10-18-15-00,35,26,9
2017-07-10-18-30-00,41,25,16
2017-07-10-18-45-00,28,20,8
2017-07-10-19-00-00,15,11,4
2017-07-10-19-15-00,26,8,18
2017-07-10-19-30-00,20,11,9
2017-07-10-19-45-00,19,12,7
2017-07-10-20-00-00,19,11,8
2017-07-10-20-15-00,16,9,7
2017-07-10-20-30-00,17,8,9
2017-07-10-20-45-00,8,4,4
2017-07-10-21-00-00,26,9,17
2017-07-10-21-15-00,19,12,7
2017-07-10-21-30-00,8,4,4
2017-07-10-21-45-00,14,5,9
2017-07-10-22-00-00,10,7,3
2017-07-10-22-15-00,1,0,1
2017-07-10-22-30-00,1,0,1
2017-07-10-22-45-00,3,2,1
2017-07-10-23-00-00,2,1,1
2017-07-10-23-15-00,0,0,0
2017-07-10-23-30-00,0,0,0
2017-07-10-23-45-00,1,0,1
2017-07-11-00-00-00,0,0,0
2017-07-11-00-15-00,0,0,0
2017-07-11-00-30-00,0,0,0
2017-07-11-00-45-00,0,0,0
2017-07-11-01-00-00,0,0,0
2017-07-11-01-15-00,0,0,0
2017-07-11-01-30-00,1,1,0
2017-07-11-01-45-00,0,0,0
2017-07-11-02-00-00,0,0,0
2017-07-11-02-15-00,0,0,0
2017-07-11-02-30-00,0,0,0
2017-07-11-02-45-00,0,0,0
2017-07-11-03-00-00,0,0,0
2017-07-11-03-15-00,0,0,0
2017-07-11-03-30-00,0,0,0
2017-07-11-03-45-00,0,0,0
2017-07-11-04-00-00,0,0,0
2017-07-11-04-15-00,0,0,0
2017-07-11-04-30-00,0,0,0
2017-07-11-04-45-00,0,0,0
2017-07-11-05-00-00,0,0,0
2017-07-11-05-15-00,1,1,0
2017-07-11-05-30-00,3,2,1
2017-07-11-05-45-00,3,0,3
2017-07-11-06-00-00,13,8,5
2017-07-11-06-15-00,12,7,5
2017-07-11-06-30-00,16,6,10
2017-07-11-06-45-00,27,11,16
2017-07-11-07-00-00,30,12,18
2017-07-11-07-15-00,39,12,27
2017-07-11-07-30-00,64,20,44
2017-07-11-07-45-00,59,17,42
2017-07-11-08-00-00,72,15,57
2017-07-11-08-15-00,73,14,59
2017-07-11-08-30-00,62,13,49
2017-07-11-08-45-00,70,16,54
2017-07-11-09-00-00,35,11,24
2017-07-11-09-15-00,37,15,22
2017-07-11-09-30-00,28,16,12
2017-07-11-09-45-00,21,7,14
2017-07-11-10-00-00,25,8,17
2017-07-11-10-15-00,23,5,18
2017-07-11-10-30-00,20,11,9
2017-07-11-10-45-00,21,13,8
2017-07-11-11-00-00,24,11,13
2017-07-11-11-15-00,29,14,15
2017-07-11-11-30-00,24,14,10
2017-07-11-11-45-00,38,20,18
2017-07-11-12-00-00,29,16,13
2017-07-11-12-15-00,35,17,18
2017-07-11-12-30-00,26,11,15
2017-07-11-12-45-00,30,14,16
2017-07-11-13-00-00,43,20,23
2017-07-11-13-15-00,28,17,11
2017-07-11-13-30-00,60,38,22
2017-07-11-13-45-00,30,14,16
2017-07-11-14-00-00,32,12,20
2017-07-11-14-15-00,31,17,14
2017-07-11-14-30-00,58,34,24
2017-07-11-14-45-00,39,23,16
2017-07-11-15-00-00,28,24,4
2017-07-11-15-15-00,37,26,11
2017-07-11-15-30-00,41,30,11
2017-07-11-15-45-00,34,19,15
2017-07-11-16-00-00,44,24,20
2017-07-11-16-15-00,59,43,16
2017-07-11-16-30-00,61,39,22
2017-07-11-16-45-00,62,46,16
2017-07-11-17-00-00,66,46,20
2017-07-11-17-15-00,76,52,24
2017-07-11-17-30-00,78,45,33
2017-07-11-17-45-00,69,42,27
2017-07-11-18-00-00,63,45,18
2017-07-11-18-15-00,65,40,25
2017-07-11-18-30-00,64,38,26
2017-07-11-18-45-00,64,42,22
2017-07-11-19-00-00,63,45,18
2017-07-11-19-15-00,62,37,25
2017-07-11-19-30-00,54,24,30
2017-07-11-19-45-00,28,15,13
2017-07-11-20-00-00,40,27,13
2017-07-11-20-15-00,27,14,13
2017-07-11-20-30-00,17,8,9
2017-07-11-20-45-00,47,31,16
2017-07-11-21-00-00,15,8,7
2017-07-11-21-15-00,22,11,11
2017-07-11-21-30-00,9,4,5
2017-07-11-21-45-00,6,6,0
2017-07-11-22-00-00,23,11,12
2017-07-11-22-15-00,18,11,7
2017-07-11-22-30-00,16,9,7
2017-07-11-22-45-00,6,1,5
2017-07-11-23-00-00,4,0,4
2017-07-11-23-15-00,3,1,2
2017-07-11-23-30-00,2,0,2
2017-07-11-23-45-00,6,5,1
2017-07-12-00-00-00,0,0,0
2017-07-12-00-15-00,0,0,0
2017-07-12-00-30-00,2,0,2
2017-07-12-00-45-00,0,0,0
2017-07-12-01-00-00,0,0,0
2017-07-12-01-15-00,1,0,1
2017-07-12-01-30-00,0,0,0
2017-07-12-01-45-00,1,1,0
2017-07-12-02-00-00,0,0,0
2017-07-12-02-15-00,0,0,0
2017-07-12-02-30-00,0,0,0
2017-07-12-02-45-00,0,0,0
2017-07-12-03-00-00,0,0,0
2017-07-12-03-15-00,0,0,0
2017-07-12-03-30-00,0,0,0
2017-07-12-03-45-00,0,0,0
2017-07-12-04-00-00,0,0,0
2017-07-12-04-15-00,0,0,0
2017-07-12-04-30-00,0,0,0
2017-07-12-04-45-00,0,0,0
2017-07-12-05-00-00,0,0,0
2017-07-12-05-15-00,0,0,0
2017-07-12-05-30-00,0,0,0
2017-07-12-05-45-00,3,0,3
2017-07-12-06-00-00,5,2,3
2017-07-12-06-15-00,8,4,4
2017-07-12-06-30-00,6,3,3
2017-07-12-06-45-00,11,3,8
2017-07-12-07-00-00,7,4,3
2017-07-12-07-15-00,17,4,13
2017-07-12-07-30-00,15,5,10
2017-07-12-07-45-00,25,11,14
2017-07-12-08-00-00,12,5,7
2017-07-12-08-15-00,11,4,7
2017-07-12-08-30-00,18,2,16
2017-07-12-08-45-00,27,3,24
2017-07-12-09-00-00,14,3,11
2017-07-12-09-15-00,12,4,8
2017-07-12-09-30-00,6,1,5
2017-07-12-09-45-00,9,4,5
2017-07-12-10-00-00,18,11,7
2017-07-12-10-15-00,4,2,2
2017-07-12-10-30-00,5,4,1
2017-07-12-10-45-00,4,3,1
2017-07-12-11-00-00,5,2,3
2017-07-12-11-15-00,3,1,2
2017-07-12-11-30-00,5,1,4
2017-07-12-11-45-00,1,0,1
2017-07-12-12-00-00,6,2,4
2017-07-12-12-15-00,6,3,3
2017-07-12-12-30-00,1,1,0
2017-07-12-12-45-00,7,3,4
2017-07-12-13-00-00,5,2,3
2017-07-12-13-15-00,1,1,0
2017-07-12-13-30-00,10,6,4
2017-07-12-13-45-00,7,4,3
2017-07-12-14-00-00,5,1,4
2017-07-12-14-15-00,9,6,3
2017-07-12-14-30-00,12,9,3
2017-07-12-14-45-00,6,0,6
2017-07-12-15-00-00,3,2,1
2017-07-12-15-15-00,4,4,0
2017-07-12-15-30-00,8,6,2
2017-07-12-15-45-00,7,3,4
2017-07-12-16-00-00,12,7,5
2017-07-12-16-15-00,26,12,14
2017-07-12-16-30-00,11,6,5
2017-07-12-16-45-00,16,10,6
2017-07-12-17-00-00,19,9,10
2017-07-12-17-15-00,26,22,4
2017-07-12-17-30-00,23,20,3
2017-07-12-17-45-00,20,12,8
2017-07-12-18-00-00,19,15,4
2017-07-12-18-15-00,28,15,13
2017-07-12-18-30-00,24,16,8
2017-07-12-18-45-00,16,6,10
2017-07-12-19-00-00,17,8,9
2017-07-12-19-15-00,14,4,10
2017-07-12-19-30-00,23,10,13
2017-07-12-19-45-00,23,12,11
2017-07-12-20-00-00,17,11,6
2017-07-12-20-15-00,20,9,11
2017-07-12-20-30-00,14,9,5
2017-07-12-20-45-00,8,5,3
2017-07-12-21-00-00,14,9,5
2017-07-12-21-15-00,10,7,3
2017-07-12-21-30-00,7,5,2
2017-07-12-21-45-00,8,4,4
2017-07-12-22-00-00,8,8,0
2017-07-12-22-15-00,2,1,1
2017-07-12-22-30-00,5,4,1
2017-07-12-22-45-00,6,6,0
2017-07-12-23-00-00,6,6,0
2017-07-12-23-15-00,1,1,0
2017-07-12-23-30-00,0,0,0
2017-07-12-23-45-00,2,2,0
2017-07-13-00-00-00,1,1,0
2017-07-13-00-15-00,0,0,0
2017-07-13-00-30-00,0,0,0
2017-07-13-00-45-00,1,0,1
2017-07-13-01-00-00,0,0,0
2017-07-13-01-15-00,2,2,0
2017-07-13-01-30-00,0,0,0
2017-07-13-01-45-00,2,0,2
2017-07-13-02-00-00,0,0,0
2017-07-13-02-15-00,0,0,0
2017-07-13-02-30-00,0,0,0
2017-07-13-02-45-00,0,0,0
2017-07-13-03-00-00,0,0,0
2017-07-13-03-15-00,0,0,0
2017-07-13-03-30-00,0,0,0
2017-07-13-03-45-00,0,0,0
2017-07-13-04-00-00,0,0,0
2017-07-13-04-15-00,2,0,2
2017-07-13-04-30-00,0,0,0
2017-07-13-04-45-00,0,0,0
2017-07-13-05-00-00,0,0,0
2017-07-13-05-15-00,4,1,3
2017-07-13-05-30-00,1,1,0
2017-07-13-05-45-00,7,5,2
2017-07-13-06-00-00,8,4,4
2017-07-13-06-15-00,17,8,9
2017-07-13-06-30-00,13,4,9
2017-07-13-06-45-00,12,4,8
2017-07-13-07-00-00,33,11,22
2017-07-13-07-15-00,37,11,26
2017-07-13-07-30-00,43,13,30
2017-07-13-07-45-00,58,14,44
2017-07-13-08-00-00,58,12,46
2017-07-13-08-15-00,55,12,43
2017-07-13-08-30-00,78,16,62
2017-07-13-08-45-00,69,12,57
2017-07-13-09-00-00,44,10,34
2017-07-13-09-15-00,34,13,21
2017-07-13-09-30-00,32,9,23
2017-07-13-09-45-00,19,7,12
2017-07-13-10-00-00,57,9,48
2017-07-13-10-15-00,56,15,41
2017-07-13-10-30-00,24,8,16
2017-07-13-10-45-00,43,16,27
2017-07-13-11-00-00,70,33,37
2017-07-13-11-15-00,38,23,15
2017-07-13-11-30-00,44,23,21
2017-07-13-11-45-00,26,10,16
2017-07-13-12-00-00,30,10,20
2017-07-13-12-15-00,43,18,25
2017-07-13-12-30-00,71,51,20
2017-07-13-12-45-00,56,31,25
2017-07-13-13-00-00,54,34,20
2017-07-13-13-15-00,45,21,24
2017-07-13-13-30-00,53,28,25
2017-07-13-13-45-00,61,44,17
2017-07-13-14-00-00,45,29,16
2017-07-13-14-15-00,50,23,27
2017-07-13-14-30-00,43,22,21
2017-07-13-14-45-00,58,37,21
2017-07-13-15-00-00,41,24,17
2017-07-13-15-15-00,59,36,23
2017-07-13-15-30-00,69,38,31
2017-07-13-15-45-00,57,35,22
2017-07-13-16-00-00,84,58,26
2017-07-13-16-15-00,100,51,49
2017-07-13-16-30-00,96,67,29
2017-07-13-16-45-00,89,59,30
2017-07-13-17-00-00,107,53,54
2017-07-13-17-15-00,123,83,40
2017-07-13-17-30-00,86,55,31
2017-07-13-17-45-00,101,72,29
2017-07-13-18-00-00,89,54,35
2017-07-13-18-15-00,83,52,31
2017-07-13-18-30-00,93,48,45
2017-07-13-18-45-00,92,50,42
2017-07-13-19-00-00,75,36,39
2017-07-13-19-15-00,75,23,52
2017-07-13-19-30-00,86,43,43
2017-07-13-19-45-00,76,44,32
2017-07-13-20-00-00,78,60,18
2017-07-13-20-15-00,50,32,18
2017-07-13-20-30-00,32,22,10
2017-07-13-20-45-00,62,42,20
2017-07-13-21-00-00,33,19,14
2017-07-13-21-15-00,32,21,11
2017-07-13-21-30-00,26,18,8
2017-07-13-21-45-00,29,18,11
2017-07-13-22-00-00,18,7,11
2017-07-13-22-15-00,27,21,6
2017-07-13-22-30-00,13,11,2
2017-07-13-22-45-00,16,12,4
2017-07-13-23-00-00,7,6,1
2017-07-13-23-15-00,5,2,3
2017-07-13-23-30-00,4,3,1
2017-07-13-23-45-00,6,0,6
2017-07-14-00-00-00,0,0,0
2017-07-14-00-15-00,0,0,0
2017-07-14-00-30-00,3,0,3
2017-07-14-00-45-00,0,0,0
2017-07-14-01-00-00,2,2,0
2017-07-14-01-15-00,1,0,1
2017-07-14-01-30-00,0,0,0
2017-07-14-01-45-00,0,0,0
2017-07-14-02-00-00,0,0,0
2017-07-14-02-15-00,0,0,0
2017-07-14-02-30-00,0,0,0
2017-07-14-02-45-00,0,0,0
2017-07-14-03-00-00,0,0,0
2017-07-14-03-15-00,1,0,1
2017-07-14-03-30-00,0,0,0
2017-07-14-03-45-00,0,0,0
2017-07-14-04-00-00,0,0,0
2017-07-14-04-15-00,0,0,0
2017-07-14-04-30-00,1,1,0
2017-07-14-04-45-00,0,0,0
2017-07-14-05-00-00,0,0,0
2017-07-14-05-15-00,1,1,0
2017-07-14-05-30-00,2,1,1
2017-07-14-05-45-00,4,0,4
2017-07-14-06-00-00,7,2,5
2017-07-14-06-15-00,7,3,4
2017-07-14-06-30-00,8,2,6
2017-07-14-06-45-00,8,2,6
2017-07-14-07-00-00,22,10,12
2017-07-14-07-15-00,27,8,19
2017-07-14-07-30-00,50,21,29
2017-07-14-07-45-00,43,14,29
2017-07-14-08-00-00,44,13,31
2017-07-14-08-15-00,47,10,37
2017-07-14-08-30-00,55,12,43
2017-07-14-08-45-00,40,7,33
2017-07-14-09-00-00,27,11,16
2017-07-14-09-15-00,18,6,12
2017-07-14-09-30-00,13,4,9
2017-07-14-09-45-00,21,7,14
2017-07-14-10-00-00,29,15,14
2017-07-14-10-15-00,34,27,7
2017-07-14-10-30-00,17,10,7
2017-07-14-10-45-00,37,17,20
2017-07-14-11-00-00,25,16,9
2017-07-14-11-15-00,31,16,15
2017-07-14-11-30-00,42,14,28
2017-07-14-11-45-00,31,22,9
2017-07-14-12-00-00,54,13,41
2017-07-14-12-15-00,47,26,21
2017-07-14-12-30-00,19,13,6
2017-07-14-12-45-00,36,24,12
2017-07-14-13-00-00,27,15,12
2017-07-14-13-15-00,23,13,10
2017-07-14-13-30-00,34,19,15
2017-07-14-13-45-00,38,22,16
2017-07-14-14-00-00,41,20,21
2017-07-14-14-15-00,32,18,14
2017-07-14-14-30-00,46,21,25
2017-07-14-14-45-00,38,28,10
2017-07-14-15-00-00,49,31,18
2017-07-14-15-15-00,70,42,28
2017-07-14-15-30-00,61,31,30
2017-07-14-15-45-00,62,33,29
2017-07-14-16-00-00,39,21,18
2017-07-14-16-15-00,58,43,15
2017-07-14-16-30-00,48,22,26
2017-07-14-16-45-00,32,23,9
2017-07-14-17-00-00,13,9,4
2017-07-14-17-15-00,40,28,12
2017-07-14-17-30-00,22,18,4
2017-07-14-17-45-00,23,18,5
2017-07-14-18-00-00,16,9,7
2017-07-14-18-15-00,33,25,8
2017-07-14-18-30-00,16,6,10
2017-07-14-18-45-00,7,7,0
2017-07-14-19-00-00,8,5,3
2017-07-14-19-15-00,15,12,3
2017-07-14-19-30-00,9,6,3
2017-07-14-19-45-00,7,2,5
2017-07-14-20-00-00,6,6,0
2017-07-14-20-15-00,6,3,3
2017-07-14-20-30-00,12,3,9
2017-07-14-20-45-00,12,2,10
2017-07-14-21-00-00,8,6,2
2017-07-14-21-15-00,12,4,8
2017-07-14-21-30-00,9,4,5
2017-07-14-21-45-00,6,4,2
2017-07-14-22-00-00,8,4,4
2017-07-14-22-15-00,10,5,5
2017-07-14-22-30-00,3,2,1
2017-07-14-22-45-00,3,3,0
2017-07-14-23-00-00,1,1,0
2017-07-14-23-15-00,3,1,2
2017-07-14-23-30-00,5,2,3
2017-07-14-23-45-00,5,5,0
2017-07-15-00-00-00,0,0,0
2017-07-15-00-15-00,0,0,0
2017-07-15-00-30-00,1,1,0
2017-07-15-00-45-00,0,0,0
2017-07-15-01-00-00,0,0,0
2017-07-15-01-15-00,0,0,0
2017-07-15-01-30-00,0,0,0
2017-07-15-01-45-00,3,1,2
2017-07-15-02-00-00,0,0,0
2017-07-15-02-15-00,1,1,0
2017-07-15-02-30-00,1,0,1
2017-07-15-02-45-00,1,0,1
2017-07-15-03-00-00,2,0,2
2017-07-15-03-15-00,1,0,1
2017-07-15-03-30-00,1,1,0
2017-07-15-03-45-00,0,0,0
2017-07-15-04-00-00,1,0,1
2017-07-15-04-15-00,0,0,0
2017-07-15-04-30-00,0,0,0
2017-07-15-04-45-00,1,1,0
2017-07-15-05-00-00,0,0,0
2017-07-15-05-15-00,1,0,1
2017-07-15-05-30-00,1,1,0
2017-07-15-05-45-00,1,0,1
2017-07-15-06-00-00,2,0,2
2017-07-15-06-15-00,3,0,3
2017-07-15-06-30-00,7,2,5
2017-07-15-06-45-00,9,4,5
2017-07-15-07-00-00,7,5,2
2017-07-15-07-15-00,9,4,5
2017-07-15-07-30-00,2,2,0
2017-07-15-07-45-00,2,1,1
2017-07-15-08-00-00,9,2,7
2017-07-15-08-15-00,12,5,7
2017-07-15-08-30-00,8,3,5
2017-07-15-08-45-00,15,5,10
2017-07-15-09-00-00,10,2,8
2017-07-15-09-15-00,24,11,13
2017-07-15-09-30-00,19,9,10
2017-07-15-09-45-00,26,15,11
2017-07-15-10-00-00,37,17,20
2017-07-15-10-15-00,41,21,20
2017-07-15-10-30-00,32,10,22
2017-07-15-10-45-00,42,16,26
2017-07-15-11-00-00,47,8,39
2017-07-15-11-15-00,42,15,27
2017-07-15-11-30-00,65,25,40
2017-07-15-11-45-00,30,9,21
2017-07-15-12-00-00,63,23,40
2017-07-15-12-15-00,54,25,29
2017-07-15-12-30-00,43,27,16
2017-07-15-12-45-00,65,28,37
2017-07-15-13-00-00,57,37,20
2017-07-15-13-15-00,31,10,21
2017-07-15-13-30-00,50,25,25
2017-07-15-13-45-00,50,22,28
2017-07-15-14-00-00,56,29,27
2017-07-15-14-15-00,86,31,55
2017-07-15-14-30-00,68,33,35
2017-07-15-14-45-00,69,39,30
2017-07-15-15-00-00,69,34,35
2017-07-15-15-15-00,43,31,12
2017-07-15-15-30-00,56,32,24
2017-07-15-15-45-00,69,27,42
2017-07-15-16-00-00,64,32,32
2017-07-15-16-15-00,60,29,31
2017-07-15-16-30-00,46,19,27
2017-07-15-16-45-00,55,31,24
2017-07-15-17-00-00,58,40,18
2017-07-15-17-15-00,53,30,23
2017-07-15-17-30-00,67,37,30
2017-07-15-17-45-00,52,28,24
2017-07-15-18-00-00,68,23,45
2017-07-15-18-15-00,34,23,11
2017-07-15-18-30-00,36,24,12
2017-07-15-18-45-00,56,29,27
2017-07-15-19-00-00,37,19,18
2017-07-15-19-15-00,42,23,19
2017-07-15-19-30-00,54,20,34
2017-07-15-19-45-00,38,20,18
2017-07-15-20-00-00,33,21,12
2017-07-15-20-15-00,36,27,9
2017-07-15-20-30-00,40,21,19
2017-07-15-20-45-00,22,16,6
2017-07-15-21-00-00,29,17,12
2017-07-15-21-15-00,27,19,8
2017-07-15-21-30-00,11,9,2
2017-07-15-21-45-00,13,9,4
2017-07-15-22-00-00,11,4,7
2017-07-15-22-15-00,24,17,7
2017-07-15-22-30-00,8,5,3
2017-07-15-22-45-00,10,5,5
2017-07-15-23-00-00,0,0,0
2017-07-15-23-15-00,7,4,3
2017-07-15-23-30-00,11,6,5
2017-07-15-23-45-00,14,12,2
2017-07-16-00-00-00,2,0,2
2017-07-16-00-15-00,4,3,1
2017-07-16-00-30-00,5,2,3
2017-07-16-00-45-00,4,4,0
2017-07-16-01-00-00,1,0,1
2017-07-16-01-15-00,8,8,0
2017-07-16-01-30-00,0,0,0
2017-07-16-01-45-00,1,1,0
2017-07-16-02-00-00,1,1,0
2017-07-16-02-15-00,5,0,5
2017-07-16-02-30-00,2,2,0
2017-07-16-02-45-00,0,0,0
2017-07-16-03-00-00,0,0,0
2017-07-16-03-15-00,2,1,1
2017-07-16-03-30-00,0,0,0
2017-07-16-03-45-00,0,0,0
2017-07-16-04-00-00,2,2,0
2017-07-16-04-15-00,3,2,1
2017-07-16-04-30-00,0,0,0
2017-07-16-04-45-00,0,0,0
2017-07-16-05-00-00,0,0,0
2017-07-16-05-15-00,2,0,2
2017-07-16-05-30-00,0,0,0
2017-07-16-05-45-00,1,0,1
2017-07-16-06-00-00,2,1,1
2017-07-16-06-15-00,3,3,0
2017-07-16-06-30-00,2,1,1
2017-07-16-06-45-00,4,2,2
2017-07-16-07-00-00,4,3,1
2017-07-16-07-15-00,4,3,1
2017-07-16-07-30-00,5,5,0
2017-07-16-07-45-00,7,3,4
2017-07-16-08-00-00,8,3,5
2017-07-16-08-15-00,5,0,5
2017-07-16-08-30-00,10,7,3
2017-07-16-08-45-00,6,4,2
2017-07-16-09-00-00,6,3,3
2017-07-16-09-15-00,11,5,6
2017-07-16-09-30-00,11,7,4
2017-07-16-09-45-00,3,1,2
2017-07-16-10-00-00,15,6,9
2017-07-16-10-15-00,20,8,12
2017-07-16-10-30-00,30,10,20
2017-07-16-10-45-00,28,11,17
2017-07-16-11-00-00,25,13,12
2017-07-16-11-15-00,40,14,26
2017-07-16-11-30-00,34,8,26
2017-07-16-11-45-00,42,14,28
2017-07-16-12-00-00,36,24,12
2017-07-16-12-15-00,45,13,32
2017-07-16-12-30-00,47,20,27
2017-07-16-12-45-00,31,9,22
2017-07-16-13-00-00,80,23,57
2017-07-16-13-15-00,63,24,39
2017-07-16-13-30-00,62,33,29
2017-07-16-13-45-00,72,37,35
2017-07-16-14-00-00,74,33,41
2017-07-16-14-15-00,118,42,76
2017-07-16-14-30-00,72,31,41
2017-07-16-14-45-00,61,32,29
2017-07-16-15-00-00,65,41,24
2017-07-16-15-15-00,69,33,36
2017-07-16-15-30-00,100,56,44
2017-07-16-15-45-00,110,63,47
2017-07-16-16-00-00,87,41,46
2017-07-16-16-15-00,99,67,32
2017-07-16-16-30-00,99,47,52
2017-07-16-16-45-00,76,40,36
2017-07-16-17-00-00,59,27,32
2017-07-16-17-15-00,50,29,21
2017-07-16-17-30-00,69,35,34
2017-07-16-17-45-00,73,38,35
2017-07-16-18-00-00,79,42,37
2017-07-16-18-15-00,74,39,35
2017-07-16-18-30-00,52,27,25
2017-07-16-18-45-00,58,27,31
2017-07-16-19-00-00,69,44,25
2017-07-16-19-15-00,50,24,26
2017-07-16-19-30-00,31,17,14
2017-07-16-19-45-00,41,29,12
2017-07-16-20-00-00,32,19,13
2017-07-16-20-15-00,30,21,9
2017-07-16-20-30-00,28,16,12
2017-07-16-20-45-00,26,19,7
2017-07-16-21-00-00,27,11,16
2017-07-16-21-15-00,16,8,8
2017-07-16-21-30-00,8,5,3
2017-07-16-21-45-00,13,8,5
2017-07-16-22-00-00,10,5,5
2017-07-16-22-15-00,5,4,1
2017-07-16-22-30-00,6,4,2
2017-07-16-22-45-00,4,2,2
2017-07-16-23-00-00,1,0,1
2017-07-16-23-15-00,12,9,3
2017-07-16-23-30-00,3,2,1
2017-07-16-23-45-00,0,0,0
2017-07-17-00-00-00,1,0,1
2017-07-17-00-15-00,0,0,0
2017-07-17-00-30-00,0,0,0
2017-07-17-00-45-00,0,0,0
2017-07-17-01-00-00,0,0,0
2017-07-17-01-15-00,0,0,0
2017-07-17-01-30-00,0,0,0
2017-07-17-01-45-00,0,0,0
2017-07-17-02-00-00,0,0,0
2017-07-17-02-15-00,0,0,0
2017-07-17-02-30-00,0,0,0
2017-07-17-02-45-00,0,0,0
2017-07-17-03-00-00,0,0,0
2017-07-17-03-15-00,0,0,0
2017-07-17-03-30-00,0,0,0
2017-07-17-03-45-00,0,0,0
2017-07-17-04-00-00,0,0,0
2017-07-17-04-15-00,0,0,0
2017-07-17-04-30-00,0,0,0
2017-07-17-04-45-00,0,0,0
2017-07-17-05-00-00,2,0,2
2017-07-17-05-15-00,1,1,0
2017-07-17-05-30-00,1,0,1
2017-07-17-05-45-00,7,1,6
2017-07-17-06-00-00,3,1,2
2017-07-17-06-15-00,12,5,7
2017-07-17-06-30-00,16,6,10
2017-07-17-06-45-00,20,8,12
2017-07-17-07-00-00,28,6,22
2017-07-17-07-15-00,36,16,20
2017-07-17-07-30-00,40,15,25
2017-07-17-07-45-00,58,21,37
2017-07-17-08-00-00,38,8,30
2017-07-17-08-15-00,53,13,40
2017-07-17-08-30-00,46,12,34
2017-07-17-08-45-00,48,15,33
2017-07-17-09-00-00,41,8,33
2017-07-17-09-15-00,32,6,26
2017-07-17-09-30-00,18,4,14
2017-07-17-09-45-00,19,7,12
2017-07-17-10-00-00,13,3,10
2017-07-17-10-15-00,25,13,12
2017-07-17-10-30-00,15,8,7
2017-07-17-10-45-00,15,5,10
2017-07-17-11-00-00,13,5,8
2017-07-17-11-15-00,20,10,10
2017-07-17-11-30-00,22,12,10
2017-07-17-11-45-00,16,11,5
2017-07-17-12-00-00,8,3,5
2017-07-17-12-15-00,21,15,6
2017-07-17-12-30-00,10,2,8
2017-07-17-12-45-00,20,13,7
2017-07-17-13-00-00,14,8,6
2017-07-17-13-15-00,15,11,4
2017-07-17-13-30-00,23,6,17
2017-07-17-13-45-00,21,8,13
2017-07-17-14-00-00,28,15,13
2017-07-17-14-15-00,23,12,11
2017-07-17-14-30-00,22,15,7
2017-07-17-14-45-00,22,12,10
2017-07-17-15-00-00,36,14,22
2017-07-17-15-15-00,33,18,15
2017-07-17-15-30-00,48,27,21
2017-07-17-15-45-00,43,31,12
2017-07-17-16-00-00,39,23,16
2017-07-17-16-15-00,61,42,19
2017-07-17-16-30-00,50,31,19
2017-07-17-16-45-00,71,42,29
2017-07-17-17-00-00,69,49,20
2017-07-17-17-15-00,80,48,32
2017-07-17-17-30-00,70,43,27
2017-07-17-17-45-00,63,40,23
2017-07-17-18-00-00,74,51,23
2017-07-17-18-15-00,85,46,39
2017-07-17-18-30-00,69,35,34
2017-07-17-18-45-00,60,29,31
2017-07-17-19-00-00,86,40,46
2017-07-17-19-15-00,70,45,25
2017-07-17-19-30-00,76,42,34
2017-07-17-19-45-00,56,36,20
2017-07-17-20-00-00,55,34,21
2017-07-17-20-15-00,42,20,22
2017-07-17-20-30-00,30,20,10
2017-07-17-20-45-00,43,23,20
2017-07-17-21-00-00,52,28,24
2017-07-17-21-15-00,48,28,20
2017-07-17-21-30-00,31,20,11
2017-07-17-21-45-00,23,11,12
2017-07-17-22-00-00,12,8,4
2017-07-17-22-15-00,26,20,6
2017-07-17-22-30-00,14,11,3
2017-07-17-22-45-00,8,8,0
2017-07-17-23-00-00,5,3,2
2017-07-17-23-15-00,4,2,2
2017-07-17-23-30-00,4,4,0
2017-07-17-23-45-00,4,4,0
2017-07-18-00-00-00,1,0,1
2017-07-18-00-15-00,3,2,1
2017-07-18-00-30-00,1,1,0
2017-07-18-00-45-00,1,0,1
2017-07-18-01-00-00,1,1,0
2017-07-18-01-15-00,0,0,0
2017-07-18-01-30-00,1,1,0
2017-07-18-01-45-00,0,0,0
2017-07-18-02-00-00,0,0,0
2017-07-18-02-15-00,0,0,0
2017-07-18-02-30-00,0,0,0
2017-07-18-02-45-00,0,0,0
2017-07-18-03-00-00,0,0,0
2017-07-18-03-15-00,2,2,0
2017-07-18-03-30-00,0,0,0
2017-07-18-03-45-00,0,0,0
2017-07-18-04-00-00,0,0,0
2017-07-18-04-15-00,0,0,0
2017-07-18-04-30-00,2,0,2
2017-07-18-04-45-00,2,0,2
2017-07-18-05-00-00,0,0,0
2017-07-18-05-15-00,1,1,0
2017-07-18-05-30-00,6,3,3
2017-07-18-05-45-00,13,4,9
2017-07-18-06-00-00,6,3,3
2017-07-18-06-15-00,17,9,8
2017-07-18-06-30-00,14,7,7
2017-07-18-06-45-00,31,5,26
2017-07-18-07-00-00,28,6,22
2017-07-18-07-15-00,34,21,13
2017-07-18-07-30-00,52,13,39
2017-07-18-07-45-00,64,14,50
2017-07-18-08-00-00,56,13,43
2017-07-18-08-15-00,88,16,72
2017-07-18-08-30-00,54,11,43
2017-07-18-08-45-00,69,13,56
2017-07-18-09-00-00,47,14,33
2017-07-18-09-15-00,32,10,22
2017-07-18-09-30-00,47,21,26
2017-07-18-09-45-00,38,14,24
2017-07-18-10-00-00,28,15,13
2017-07-18-10-15-00,41,23,18
2017-07-18-10-30-00,37,14,23
2017-07-18-10-45-00,44,21,23
2017-07-18-11-00-00,50,20,30
2017-07-18-11-15-00,54,28,26
2017-07-18-11-30-00,53,20,33
2017-07-18-11-45-00,59,21,38
2017-07-18-12-00-00,47,24,23
2017-07-18-12-15-00,75,26,49
2017-07-18-12-30-00,55,38,17
2017-07-18-12-45-00,40,13,27
2017-07-18-13-00-00,44,16,28
2017-07-18-13-15-00,45,22,23
2017-07-18-13-30-00,55,32,23
2017-07-18-13-45-00,43,24,19
2017-07-18-14-00-00,64,40,24
2017-07-18-14-15-00,52,29,23
2017-07-18-14-30-00,64,34,30
2017-07-18-14-45-00,60,27,33
2017-07-18-15-00-00,50,33,17
2017-07-18-15-15-00,61,41,20
2017-07-18-15-30-00,81,42,39
2017-07-18-15-45-00,73,45,28
2017-07-18-16-00-00,97,69,28
2017-07-18-16-15-00,77,52,25
2017-07-18-16-30-00,90,55,35
2017-07-18-16-45-00,84,65,19
2017-07-18-17-00-00,101,57,44
2017-07-18-17-15-00,118,69,49
2017-07-18-17-30-00,115,65,50
2017-07-18-17-45-00,120,80,40
2017-07-18-18-00-00,120,77,43
2017-07-18-18-15-00,121,62,59
2017-07-18-18-30-00,106,68,38
2017-07-18-18-45-00,98,65,33
2017-07-18-19-00-00,77,43,34
2017-07-18-19-15-00,91,50,41
2017-07-18-19-30-00,93,47,46
2017-07-18-19-45-00,68,39,29
2017-07-18-20-00-00,100,47,53
2017-07-18-20-15-00,84,52,32
2017-07-18-20-30-00,75,49,26
2017-07-18-20-45-00,69,44,25
2017-07-18-21-00-00,70,34,36
2017-07-18-21-15-00,52,32,20
2017-07-18-21-30-00,55,30,25
2017-07-18-21-45-00,34,17,17
2017-07-18-22-00-00,34,20,14
2017-07-18-22-15-00,37,30,7
2017-07-18-22-30-00,28,21,7
2017-07-18-22-45-00,16,9,7
2017-07-18-23-00-00,11,6,5
2017-07-18-23-15-00,11,6,5
2017-07-18-23-30-00,5,3,2
2017-07-18-23-45-00,4,3,1
2017-07-19-00-00-00,7,1,6
2017-07-19-00-15-00,7,7,0
2017-07-19-00-30-00,7,7,0
2017-07-19-00-45-00,3,0,3
2017-07-19-01-00-00,5,2,3
2017-07-19-01-15-00,2,1,1
2017-07-19-01-30-00,2,2,0
2017-07-19-01-45-00,1,0,1
2017-07-19-02-00-00,1,0,1
2017-07-19-02-15-00,0,0,0
2017-07-19-02-30-00,0,0,0
2017-07-19-02-45-00,0,0,0
2017-07-19-03-00-00,0,0,0
2017-07-19-03-15-00,0,0,0
2017-07-19-03-30-00,1,0,1
2017-07-19-03-45-00,1,1,0
2017-07-19-04-00-00,0,0,0
2017-07-19-04-15-00,2,0,2
2017-07-19-04-30-00,0,0,0
2017-07-19-04-45-00,0,0,0
2017-07-19-05-00-00,0,0,0
2017-07-19-05-15-00,2,1,1
2017-07-19-05-30-00,3,2,1
2017-07-19-05-45-00,5,0,5
2017-07-19-06-00-00,9,4,5
2017-07-19-06-15-00,16,7,9
2017-07-19-06-30-00,26,10,16
2017-07-19-06-45-00,31,7,24
2017-07-19-07-00-00,32,8,24
2017-07-19-07-15-00,44,20,24
2017-07-19-07-30-00,43,15,28
2017-07-19-07-45-00,69,18,51
2017-07-19-08-00-00,43,3,40
2017-07-19-08-15-00,70,16,54
2017-07-19-08-30-00,81,20,61
2017-07-19-08-45-00,65,15,50
2017-07-19-09-00-00,48,18,30
2017-07-19-09-15-00,37,9,28
2017-07-19-09-30-00,37,13,24
2017-07-19-09-45-00,28,17,11
2017-07-19-10-00-00,38,9,29
2017-07-19-10-15-00,38,20,18
2017-07-19-10-30-00,44,24,20
2017-07-19-10-45-00,35,21,14
2017-07-19-11-00-00,59,24,35
2017-07-19-11-15-00,40,17,23
2017-07-19-11-30-00,45,25,20
2017-07-19-11-45-00,40,18,22
2017-07-19-12-00-00,59,24,35
2017-07-19-12-15-00,37,16,21
2017-07-19-12-30-00,40,17,23
2017-07-19-12-45-00,51,33,18
2017-07-19-13-00-00,36,17,19
2017-07-19-13-15-00,39,16,23
2017-07-19-13-30-00,32,17,15
2017-07-19-13-45-00,31,18,13
2017-07-19-14-00-00,32,24,8
2017-07-19-14-15-00,44,16,28
2017-07-19-14-30-00,39,17,22
2017-07-19-14-45-00,49,26,23
2017-07-19-15-00-00,41,26,15
2017-07-19-15-15-00,48,36,12
2017-07-19-15-30-00,58,40,18
2017-07-19-15-45-00,42,32,10
2017-07-19-16-00-00,38,28,10
2017-07-19-16-15-00,38,30,8
2017-07-19-16-30-00,30,22,8
2017-07-19-16-45-00,34,21,13
2017-07-19-17-00-00,39,34,5
2017-07-19-17-15-00,42,30,12
2017-07-19-17-30-00,49,36,13
2017-07-19-17-45-00,63,41,22
2017-07-19-18-00-00,47,38,9
2017-07-19-18-15-00,55,37,18
2017-07-19-18-30-00,51,33,18
2017-07-19-18-45-00,38,22,16
2017-07-19-19-00-00,43,20,23
2017-07-19-19-15-00,44,28,16
2017-07-19-19-30-00,40,20,20
2017-07-19-19-45-00,50,26,24
2017-07-19-20-00-00,50,26,24
2017-07-19-20-15-00,23,10,13
2017-07-19-20-30-00,26,17,9
2017-07-19-20-45-00,31,14,17
2017-07-19-21-00-00,22,16,6
2017-07-19-21-15-00,24,15,9
2017-07-19-21-30-00,29,16,13
2017-07-19-21-45-00,16,11,5
2017-07-19-22-00-00,14,8,6
2017-07-19-22-15-00,17,10,7
2017-07-19-22-30-00,19,15,4
2017-07-19-22-45-00,5,4,1
2017-07-19-23-00-00,8,3,5
2017-07-19-23-15-00,8,5,3
2017-07-19-23-30-00,2,2,0
2017-07-19-23-45-00,2,1,1
2017-07-20-00-00-00,1,1,0
2017-07-20-00-15-00,4,0,4
2017-07-20-00-30-00,2,0,2
2017-07-20-00-45-00,2,1,1
2017-07-20-01-00-00,0,0,0
2017-07-20-01-15-00,1,1,0
2017-07-20-01-30-00,3,1,2
2017-07-20-01-45-00,0,0,0
2017-07-20-02-00-00,0,0,0
2017-07-20-02-15-00,4,4,0
2017-07-20-02-30-00,1,0,1
2017-07-20-02-45-00,0,0,0
2017-07-20-03-00-00,0,0,0
2017-07-20-03-15-00,0,0,0
2017-07-20-03-30-00,0,0,0
2017-07-20-03-45-00,0,0,0
2017-07-20-04-00-00,0,0,0
2017-07-20-04-15-00,0,0,0
2017-07-20-04-30-00,0,0,0
2017-07-20-04-45-00,0,0,0
2017-07-20-05-00-00,0,0,0
2017-07-20-05-15-00,1,0,1
2017-07-20-05-30-00,5,1,4
2017-07-20-05-45-00,1,1,0
2017-07-20-06-00-00,4,1,3
2017-07-20-06-15-00,5,1,4
2017-07-20-06-30-00,4,0,4
2017-07-20-06-45-00,7,5,2
2017-07-20-07-00-00,7,3,4
2017-07-20-07-15-00,3,0,3
2017-07-20-07-30-00,13,3,10
2017-07-20-07-45-00,22,4,18
2017-07-20-08-00-00,24,5,19
2017-07-20-08-15-00,40,8,32
2017-07-20-08-30-00,32,6,26
2017-07-20-08-45-00,28,5,23
2017-07-20-09-00-00,19,5,14
2017-07-20-09-15-00,21,3,18
2017-07-20-09-30-00,15,5,10
2017-07-20-09-45-00,13,3,10
2017-07-20-10-00-00,10,5,5
2017-07-20-10-15-00,8,5,3
2017-07-20-10-30-00,17,5,12
2017-07-20-10-45-00,27,13,14
2017-07-20-11-00-00,17,8,9
2017-07-20-11-15-00,20,10,10
2017-07-20-11-30-00,49,40,9
2017-07-20-11-45-00,18,6,12
2017-07-20-12-00-00,26,16,10
2017-07-20-12-15-00,16,10,6
2017-07-20-12-30-00,26,13,13
2017-07-20-12-45-00,17,11,6
2017-07-20-13-00-00,20,14,6
2017-07-20-13-15-00,11,5,6
2017-07-20-13-30-00,33,14,19
2017-07-20-13-45-00,22,9,13
2017-07-20-14-00-00,28,12,16
2017-07-20-14-15-00,21,8,13
2017-07-20-14-30-00,45,35,10
2017-07-20-14-45-00,25,12,13
2017-07-20-15-00-00,42,30,12
2017-07-20-15-15-00,43,28,15
2017-07-20-15-30-00,33,19,14
2017-07-20-15-45-00,40,24,16
2017-07-20-16-00-00,45,19,26
2017-07-20-16-15-00,31,19,12
2017-07-20-16-30-00,49,31,18
2017-07-20-16-45-00,43,29,14
2017-07-20-17-00-00,59,34,25
2017-07-20-17-15-00,55,41,14
2017-07-20-17-30-00,40,20,20
2017-07-20-17-45-00,54,43,11
2017-07-20-18-00-00,59,35,24
2017-07-20-18-15-00,63,40,23
2017-07-20-18-30-00,45,21,24
2017-07-20-18-45-00,75,47,28
2017-07-20-19-00-00,43,25,18
2017-07-20-19-15-00,49,24,25
2017-07-20-19-30-00,59,35,24
2017-07-20-19-45-00,58,29,29
2017-07-20-20-00-00,48,32,16
2017-07-20-20-15-00,29,17,12
2017-07-20-20-30-00,34,23,11
2017-07-20-20-45-00,44,30,14
2017-07-20-21-00-00,24,13,11
2017-07-20-21-15-00,30,15,15
2017-07-20-21-30-00,19,11,8
2017-07-20-21-45-00,13,6,7
2017-07-20-22-00-00,8,5,3
2017-07-20-22-15-00,14,9,5
2017-07-20-22-30-00,11,6,5
2017-07-20-22-45-00,11,3,8
2017-07-20-23-00-00,3,3,0
2017-07-20-23-15-00,3,0,3
2017-07-20-23-30-00,2,1,1
2017-07-20-23-45-00,2,2,0
2017-07-21-00-00-00,9,6,3
2017-07-21-00-15-00,0,0,0
2017-07-21-00-30-00,0,0,0
2017-07-21-00-45-00,0,0,0
2017-07-21-01-00-00,1,0,1
2017-07-21-01-15-00,0,0,0
2017-07-21-01-30-00,1,0,1
2017-07-21-01-45-00,0,0,0
2017-07-21-02-00-00,0,0,0
2017-07-21-02-15-00,1,0,1
2017-07-21-02-30-00,0,0,0
2017-07-21-02-45-00,0,0,0
2017-07-21-03-00-00,0,0,0
2017-07-21-03-15-00,0,0,0
2017-07-21-03-30-00,1,1,0
2017-07-21-03-45-00,0,0,0
2017-07-21-04-00-00,0,0,0
2017-07-21-04-15-00,0,0,0
2017-07-21-04-30-00,0,0,0
2017-07-21-04-45-00,0,0,0
2017-07-21-05-00-00,0,0,0
2017-07-21-05-15-00,1,0,1
2017-07-21-05-30-00,2,0,2
2017-07-21-05-45-00,8,2,6
2017-07-21-06-00-00,6,1,5
2017-07-21-06-15-00,9,4,5
2017-07-21-06-30-00,12,3,9
2017-07-21-06-45-00,28,13,15
2017-07-21-07-00-00,29,7,22
2017-07-21-07-15-00,30,13,17
2017-07-21-07-30-00,40,16,24
2017-07-21-07-45-00,42,11,31
2017-07-21-08-00-00,50,10,40
2017-07-21-08-15-00,41,8,33
2017-07-21-08-30-00,56,14,42
2017-07-21-08-45-00,49,16,33
2017-07-21-09-00-00,39,11,28
2017-07-21-09-15-00,26,11,15
2017-07-21-09-30-00,30,11,19
2017-07-21-09-45-00,22,9,13
2017-07-21-10-00-00,26,11,15
2017-07-21-10-15-00,21,11,10
2017-07-21-10-30-00,22,11,11
2017-07-21-10-45-00,36,20,16
2017-07-21-11-00-00,46,9,37
2017-07-21-11-15-00,28,16,12
2017-07-21-11-30-00,44,20,24
2017-07-21-11-45-00,33,13,20
2017-07-21-12-00-00,44,14,30
2017-07-21-12-15-00,52,18,34
2017-07-21-12-30-00,57,22,35
2017-07-21-12-45-00,35,20,15
2017-07-21-13-00-00,48,30,18
2017-07-21-13-15-00,45,15,30
2017-07-21-13-30-00,51,27,24
2017-07-21-13-45-00,74,41,33
2017-07-21-14-00-00,70,33,37
2017-07-21-14-15-00,50,36,14
2017-07-21-14-30-00,65,34,31
2017-07-21-14-45-00,83,53,30
2017-07-21-15-00-00,67,41,26
2017-07-21-15-15-00,73,46,27
2017-07-21-15-30-00,74,37,37
2017-07-21-15-45-00,99,50,49
2017-07-21-16-00-00,84,51,33
2017-07-21-16-15-00,105,50,55
2017-07-21-16-30-00,100,52,48
2017-07-21-16-45-00,118,72,46
2017-07-21-17-00-00,84,62,22
2017-07-21-17-15-00,99,70,29
2017-07-21-17-30-00,92,48,44
2017-07-21-17-45-00,68,39,29
2017-07-21-18-00-00,75,37,38
2017-07-21-18-15-00,80,39,41
2017-07-21-18-30-00,62,32,30
2017-07-21-18-45-00,84,32,52
2017-07-21-19-00-00,74,42,32
2017-07-21-19-15-00,89,33,56
2017-07-21-19-30-00,88,50,38
2017-07-21-19-45-00,89,33,56
2017-07-21-20-00-00,67,32,35
2017-07-21-20-15-00,41,19,22
2017-07-21-20-30-00,61,28,33
2017-07-21-20-45-00,40,28,12
2017-07-21-21-00-00,38,27,11
2017-07-21-21-15-00,43,24,19
2017-07-21-21-30-00,45,24,21
2017-07-21-21-45-00,38,15,23
2017-07-21-22-00-00,29,19,10
2017-07-21-22-15-00,22,17,5
2017-07-21-22-30-00,26,19,7
2017-07-21-22-45-00,25,19,6
2017-07-21-23-00-00,18,14,4
2017-07-21-23-15-00,12,10,2
2017-07-21-23-30-00,26,24,2
2017-07-21-23-45-00,11,8,3
2017-07-22-00-00-00,16,15,1
2017-07-22-00-15-00,15,13,2
2017-07-22-00-30-00,17,17,0
2017-07-22-00-45-00,16,16,0
2017-07-22-01-00-00,6,3,3
2017-07-22-01-15-00,4,3,1
2017-07-22-01-30-00,0,0,0
2017-07-22-01-45-00,3,1,2
2017-07-22-02-00-00,2,2,0
2017-07-22-02-15-00,0,0,0
2017-07-22-02-30-00,0,0,0
2017-07-22-02-45-00,1,1,0
2017-07-22-03-00-00,1,0,1
2017-07-22-03-15-00,0,0,0
2017-07-22-03-30-00,0,0,0
2017-07-22-03-45-00,0,0,0
2017-07-22-04-00-00,0,0,0
2017-07-22-04-15-00,0,0,0
2017-07-22-04-30-00,1,0,1
2017-07-22-04-45-00,1,0,1
2017-07-22-05-00-00,0,0,0
2017-07-22-05-15-00,0,0,0
2017-07-22-05-30-00,1,0,1
2017-07-22-05-45-00,2,0,2
2017-07-22-06-00-00,1,1,0
2017-07-22-06-15-00,3,0,3
2017-07-22-06-30-00,4,2,2
2017-07-22-06-45-00,3,1,2
2017-07-22-07-00-00,3,2,1
2017-07-22-07-15-00,6,2,4
2017-07-22-07-30-00,10,6,4
2017-07-22-07-45-00,6,2,4
2017-07-22-08-00-00,8,5,3
2017-07-22-08-15-00,2,0,2
2017-07-22-08-30-00,6,3,3
2017-07-22-08-45-00,11,6,5
2017-07-22-09-00-00,17,11,6
2017-07-22-09-15-00,18,5,13
2017-07-22-09-30-00,21,12,9
2017-07-22-09-45-00,27,13,14
2017-07-22-10-00-00,22,8,14
2017-07-22-10-15-00,33,23,10
2017-07-22-10-30-00,39,12,27
2017-07-22-10-45-00,39,8,31
2017-07-22-11-00-00,52,17,35
2017-07-22-11-15-00,54,25,29
2017-07-22-11-30-00,40,20,20
2017-07-22-11-45-00,59,31,28
2017-07-22-12-00-00,51,21,30
2017-07-22-12-15-00,67,34,33
2017-07-22-12-30-00,70,32,38
2017-07-22-12-45-00,79,39,40
2017-07-22-13-00-00,58,30,28
2017-07-22-13-15-00,61,32,29
2017-07-22-13-30-00,57,39,18
2017-07-22-13-45-00,66,36,30
2017-07-22-14-00-00,100,37,63
2017-07-22-14-15-00,78,31,47
2017-07-22-14-30-00,76,26,50
2017-07-22-14-45-00,70,33,37
2017-07-22-15-00-00,55,34,21
2017-07-22-15-15-00,74,32,42
2017-07-22-15-30-00,77,28,49
2017-07-22-15-45-00,64,35,29
2017-07-22-16-00-00,72,34,38
2017-07-22-16-15-00,78,31,47
2017-07-22-16-30-00,83,26,57
2017-07-22-16-45-00,102,71,31
2017-07-22-17-00-00,94,41,53
2017-07-22-17-15-00,97,42,55
2017-07-22-17-30-00,72,36,36
2017-07-22-17-45-00,93,49,44
2017-07-22-18-00-00,105,42,63
2017-07-22-18-15-00,76,37,39
2017-07-22-18-30-00,64,33,31
2017-07-22-18-45-00,93,35,58
2017-07-22-19-00-00,83,31,52
2017-07-22-19-15-00,77,34,43
2017-07-22-19-30-00,66,35,31
2017-07-22-19-45-00,57,22,35
2017-07-22-20-00-00,51,31,20
2017-07-22-20-15-00,52,30,22
2017-07-22-20-30-00,44,24,20
2017-07-22-20-45-00,41,22,19
2017-07-22-21-00-00,34,24,10
2017-07-22-21-15-00,22,16,6
2017-07-22-21-30-00,39,31,8
2017-07-22-21-45-00,35,30,5
2017-07-22-22-00-00,25,16,9
2017-07-22-22-15-00,23,20,3
2017-07-22-22-30-00,21,10,11
2017-07-22-22-45-00,24,20,4
2017-07-22-23-00-00,51,49,2
2017-07-22-23-15-00,19,12,7
2017-07-22-23-30-00,30,28,2
2017-07-22-23-45-00,9,9,0
2017-07-23-00-00-00,2,2,0
2017-07-23-00-15-00,13,13,0
2017-07-23-00-30-00,6,6,0
2017-07-23-00-45-00,2,2,0
2017-07-23-01-00-00,0,0,0
2017-07-23-01-15-00,0,0,0
2017-07-23-01-30-00,0,0,0
2017-07-23-01-45-00,0,0,0
2017-07-23-02-00-00,1,1,0
2017-07-23-02-15-00,2,1,1
2017-07-23-02-30-00,1,1,0
2017-07-23-02-45-00,0,0,0
2017-07-23-03-00-00,1,1,0
2017-07-23-03-15-00,0,0,0
2017-07-23-03-30-00,0,0,0
2017-07-23-03-45-00,1,0,1
2017-07-23-04-00-00,2,2,0
2017-07-23-04-15-00,0,0,0
2017-07-23-04-30-00,1,0,1
2017-07-23-04-45-00,1,1,0
2017-07-23-05-00-00,0,0,0
2017-07-23-05-15-00,2,0,2
2017-07-23-05-30-00,2,1,1
2017-07-23-05-45-00,1,1,0
2017-07-23-06-00-00,0,0,0
2017-07-23-06-15-00,2,0,2
2017-07-23-06-30-00,3,3,0
2017-07-23-06-45-00,0,0,0
2017-07-23-07-00-00,1,1,0
2017-07-23-07-15-00,2,1,1
2017-07-23-07-30-00,2,2,0
2017-07-23-07-45-00,8,3,5
2017-07-23-08-00-00,6,3,3
2017-07-23-08-15-00,6,4,2
2017-07-23-08-30-00,6,4,2
2017-07-23-08-45-00,16,14,2
2017-07-23-09-00-00,11,3,8
2017-07-23-09-15-00,19,9,10
2017-07-23-09-30-00,27,14,13
2017-07-23-09-45-00,25,15,10
2017-07-23-10-00-00,29,14,15
2017-07-23-10-15-00,37,24,13
2017-07-23-10-30-00,38,21,17
2017-07-23-10-45-00,59,18,41
2017-07-23-11-00-00,58,21,37
2017-07-23-11-15-00,53,29,24
2017-07-23-11-30-00,67,30,37
2017-07-23-11-45-00,59,18,41
2017-07-23-12-00-00,57,30,27
2017-07-23-12-15-00,86,43,43
2017-07-23-12-30-00,102,52,50
2017-07-23-12-45-00,80,36,44
2017-07-23-13-00-00,78,38,40
2017-07-23-13-15-00,49,26,23
2017-07-23-13-30-00,69,39,30
2017-07-23-13-45-00,88,52,36
2017-07-23-14-00-00,86,45,41
2017-07-23-14-15-00,101,36,65
2017-07-23-14-30-00,82,38,44
2017-07-23-14-45-00,84,33,51
2017-07-23-15-00-00,88,49,39
2017-07-23-15-15-00,97,37,60
2017-07-23-15-30-00,79,37,42
2017-07-23-15-45-00,131,51,80
2017-07-23-16-00-00,79,33,46
2017-07-23-16-15-00,98,58,40
2017-07-23-16-30-00,82,44,38
2017-07-23-16-45-00,79,42,37
2017-07-23-17-00-00,64,41,23
2017-07-23-17-15-00,78,57,21
2017-07-23-17-30-00,61,36,25
2017-07-23-17-45-00,92,54,38
2017-07-23-18-00-00,63,37,26
2017-07-23-18-15-00,58,36,22
2017-07-23-18-30-00,52,31,21
2017-07-23-18-45-00,71,47,24
2017-07-23-19-00-00,44,30,14
2017-07-23-19-15-00,56,34,22
2017-07-23-19-30-00,34,27,7
2017-07-23-19-45-00,34,29,5
2017-07-23-20-00-00,21,17,4
2017-07-23-20-15-00,29,17,12
2017-07-23-20-30-00,31,22,9
2017-07-23-20-45-00,20,11,9
2017-07-23-21-00-00,16,13,3
2017-07-23-21-15-00,14,9,5
2017-07-23-21-30-00,10,10,0
2017-07-23-21-45-00,3,3,0
2017-07-23-22-00-00,8,5,3
2017-07-23-22-15-00,4,2,2
2017-07-23-22-30-00,1,0,1
2017-07-23-22-45-00,3,3,0
2017-07-23-23-00-00,1,1,0
2017-07-23-23-15-00,2,2,0
2017-07-23-23-30-00,0,0,0
2017-07-23-23-45-00,1,1,0
2017-07-24-00-00-00,1,1,0
2017-07-24-00-15-00,0,0,0
2017-07-24-00-30-00,0,0,0
2017-07-24-00-45-00,0,0,0
2017-07-24-01-00-00,0,0,0
2017-07-24-01-15-00,0,0,0
2017-07-24-01-30-00,0,0,0
2017-07-24-01-45-00,1,1,0
2017-07-24-02-00-00,0,0,0
2017-07-24-02-15-00,0,0,0
2017-07-24-02-30-00,0,0,0
2017-07-24-02-45-00,0,0,0
2017-07-24-03-00-00,0,0,0
2017-07-24-03-15-00,0,0,0
2017-07-24-03-30-00,0,0,0
2017-07-24-03-45-00,0,0,0
2017-07-24-04-00-00,0,0,0
2017-07-24-04-15-00,0,0,0
2017-07-24-04-30-00,0,0,0
2017-07-24-04-45-00,0,0,0
2017-07-24-05-00-00,0,0,0
2017-07-24-05-15-00,1,1,0
2017-07-24-05-30-00,0,0,0
2017-07-24-05-45-00,3,1,2
2017-07-24-06-00-00,4,1,3
2017-07-24-06-15-00,5,3,2
2017-07-24-06-30-00,4,0,4
2017-07-24-06-45-00,6,2,4
2017-07-24-07-00-00,7,1,6
2017-07-24-07-15-00,4,1,3
2017-07-24-07-30-00,10,4,6
2017-07-24-07-45-00,16,5,11
2017-07-24-08-00-00,12,2,10
2017-07-24-08-15-00,14,0,14
2017-07-24-08-30-00,18,4,14
2017-07-24-08-45-00,13,0,13
2017-07-24-09-00-00,14,2,12
2017-07-24-09-15-00,11,4,7
2017-07-24-09-30-00,4,2,2
2017-07-24-09-45-00,5,3,2
2017-07-24-10-00-00,3,0,3
2017-07-24-10-15-00,12,3,9
2017-07-24-10-30-00,16,6,10
2017-07-24-10-45-00,4,2,2
2017-07-24-11-00-00,6,5,1
2017-07-24-11-15-00,9,7,2
2017-07-24-11-30-00,13,6,7
2017-07-24-11-45-00,2,0,2
2017-07-24-12-00-00,3,2,1
2017-07-24-12-15-00,2,1,1
2017-07-24-12-30-00,4,2,2
2017-07-24-12-45-00,8,3,5
2017-07-24-13-00-00,13,12,1
2017-07-24-13-15-00,16,2,14
2017-07-24-13-30-00,7,5,2
2017-07-24-13-45-00,9,5,4
2017-07-24-14-00-00,4,1,3
2017-07-24-14-15-00,8,3,5
2017-07-24-14-30-00,8,4,4
2017-07-24-14-45-00,7,3,4
2017-07-24-15-00-00,10,7,3
2017-07-24-15-15-00,11,5,6
2017-07-24-15-30-00,9,6,3
2017-07-24-15-45-00,13,10,3
2017-07-24-16-00-00,19,12,7
2017-07-24-16-15-00,23,17,6
2017-07-24-16-30-00,16,8,8
2017-07-24-16-45-00,16,11,5
2017-07-24-17-00-00,23,12,11
2017-07-24-17-15-00,29,16,13
2017-07-24-17-30-00,24,15,9
2017-07-24-17-45-00,23,13,10
2017-07-24-18-00-00,15,12,3
2017-07-24-18-15-00,17,13,4
2017-07-24-18-30-00,27,20,7
2017-07-24-18-45-00,31,19,12
2017-07-24-19-00-00,23,15,8
2017-07-24-19-15-00,28,16,12
2017-07-24-19-30-00,29,18,11
2017-07-24-19-45-00,24,12,12
2017-07-24-20-00-00,21,15,6
2017-07-24-20-15-00,24,12,12
2017-07-24-20-30-00,18,7,11
2017-07-24-20-45-00,16,10,6
2017-07-24-21-00-00,15,10,5
2017-07-24-21-15-00,10,4,6
2017-07-24-21-30-00,10,6,4
2017-07-24-21-45-00,7,4,3
2017-07-24-22-00-00,9,5,4
2017-07-24-22-15-00,8,6,2
2017-07-24-22-30-00,3,0,3
2017-07-24-22-45-00,2,2,0
2017-07-24-23-00-00,3,3,0
2017-07-24-23-15-00,0,0,0
2017-07-24-23-30-00,2,2,0
2017-07-24-23-45-00,0,0,0
2017-07-25-00-00-00,0,0,0
2017-07-25-00-15-00,0,0,0
2017-07-25-00-30-00,1,1,0
2017-07-25-00-45-00,0,0,0
2017-07-25-01-00-00,0,0,0
2017-07-25-01-15-00,0,0,0
2017-07-25-01-30-00,0,0,0
2017-07-25-01-45-00,0,0,0
2017-07-25-02-00-00,0,0,0
2017-07-25-02-15-00,0,0,0
2017-07-25-02-30-00,0,0,0
2017-07-25-02-45-00,0,0,0
2017-07-25-03-00-00,0,0,0
2017-07-25-03-15-00,0,0,0
2017-07-25-03-30-00,0,0,0
2017-07-25-03-45-00,0,0,0
2017-07-25-04-00-00,0,0,0
2017-07-25-04-15-00,0,0,0
2017-07-25-04-30-00,0,0,0
2017-07-25-04-45-00,0,0,0
2017-07-25-05-00-00,0,0,0
2017-07-25-05-15-00,2,2,0
2017-07-25-05-30-00,2,0,2
2017-07-25-05-45-00,3,1,2
2017-07-25-06-00-00,2,1,1
2017-07-25-06-15-00,6,3,3
2017-07-25-06-30-00,3,2,1
2017-07-25-06-45-00,9,3,6
2017-07-25-07-00-00,11,4,7
2017-07-25-07-15-00,14,4,10
2017-07-25-07-30-00,24,7,17
2017-07-25-07-45-00,21,4,17
2017-07-25-08-00-00,11,1,10
2017-07-25-08-15-00,15,0,15
2017-07-25-08-30-00,14,2,12
2017-07-25-08-45-00,21,5,16
2017-07-25-09-00-00,9,0,9
2017-07-25-09-15-00,9,2,7
2017-07-25-09-30-00,4,1,3
2017-07-25-09-45-00,1,1,0
2017-07-25-10-00-00,3,1,2
2017-07-25-10-15-00,4,2,2
2017-07-25-10-30-00,2,1,1
2017-07-25-10-45-00,1,0,1
2017-07-25-11-00-00,1,1,0
2017-07-25-11-15-00,4,2,2
2017-07-25-11-30-00,7,4,3
2017-07-25-11-45-00,3,1,2
2017-07-25-12-00-00,1,0,1
2017-07-25-12-15-00,4,2,2
2017-07-25-12-30-00,1,1,0
2017-07-25-12-45-00,17,4,13
2017-07-25-13-00-00,4,2,2
2017-07-25-13-15-00,7,2,5
2017-07-25-13-30-00,8,5,3
2017-07-25-13-45-00,5,3,2
2017-07-25-14-00-00,3,1,2
2017-07-25-14-15-00,9,6,3
2017-07-25-14-30-00,6,5,1
2017-07-25-14-45-00,0,0,0
2017-07-25-15-00-00,9,9,0
2017-07-25-15-15-00,5,3,2
2017-07-25-15-30-00,9,7,2
2017-07-25-15-45-00,7,6,1
2017-07-25-16-00-00,7,3,4
2017-07-25-16-15-00,13,9,4
2017-07-25-16-30-00,21,14,7
2017-07-25-16-45-00,15,13,2
2017-07-25-17-00-00,18,12,6
2017-07-25-17-15-00,21,18,3
2017-07-25-17-30-00,12,11,1
2017-07-25-17-45-00,15,12,3
2017-07-25-18-00-00,12,10,2
2017-07-25-18-15-00,11,8,3
2017-07-25-18-30-00,13,11,2
2017-07-25-18-45-00,6,6,0
2017-07-25-19-00-00,7,4,3
2017-07-25-19-15-00,3,3,0
2017-07-25-19-30-00,7,2,5
2017-07-25-19-45-00,11,4,7
2017-07-25-20-00-00,1,1,0
2017-07-25-20-15-00,4,2,2
2017-07-25-20-30-00,0,0,0
2017-07-25-20-45-00,0,0,0
2017-07-25-21-00-00,2,2,0
2017-07-25-21-15-00,0,0,0
2017-07-25-21-30-00,6,4,2
2017-07-25-21-45-00,12,10,2
2017-07-25-22-00-00,4,2,2
2017-07-25-22-15-00,0,0,0
2017-07-25-22-30-00,0,0,0
2017-07-25-22-45-00,0,0,0
2017-07-25-23-00-00,0,0,0
2017-07-25-23-15-00,2,2,0
2017-07-25-23-30-00,1,1,0
2017-07-25-23-45-00,0,0,0
2017-07-26-00-00-00,0,0,0
2017-07-26-00-15-00,1,0,1
2017-07-26-00-30-00,1,1,0
2017-07-26-00-45-00,0,0,0
2017-07-26-01-00-00,0,0,0
2017-07-26-01-15-00,0,0,0
2017-07-26-01-30-00,0,0,0
2017-07-26-01-45-00,0,0,0
2017-07-26-02-00-00,0,0,0
2017-07-26-02-15-00,0,0,0
2017-07-26-02-30-00,0,0,0
2017-07-26-02-45-00,0,0,0
2017-07-26-03-00-00,0,0,0
2017-07-26-03-15-00,0,0,0
2017-07-26-03-30-00,0,0,0
2017-07-26-03-45-00,0,0,0
2017-07-26-04-00-00,0,0,0
2017-07-26-04-15-00,0,0,0
2017-07-26-04-30-00,0,0,0
2017-07-26-04-45-00,0,0,0
2017-07-26-05-00-00,0,0,0
2017-07-26-05-15-00,0,0,0
2017-07-26-05-30-00,2,0,2
2017-07-26-05-45-00,4,2,2
2017-07-26-06-00-00,0,0,0
2017-07-26-06-15-00,6,2,4
2017-07-26-06-30-00,5,2,3
2017-07-26-06-45-00,8,4,4
2017-07-26-07-00-00,10,3,7
2017-07-26-07-15-00,17,8,9
2017-07-26-07-30-00,31,6,25
2017-07-26-07-45-00,28,7,21
2017-07-26-08-00-00,25,2,23
2017-07-26-08-15-00,36,2,34
2017-07-26-08-30-00,33,6,27
2017-07-26-08-45-00,43,3,40
2017-07-26-09-00-00,27,4,23
2017-07-26-09-15-00,24,3,21
2017-07-26-09-30-00,14,0,14
2017-07-26-09-45-00,9,4,5
2017-07-26-10-00-00,11,4,7
2017-07-26-10-15-00,15,7,8
2017-07-26-10-30-00,15,9,6
2017-07-26-10-45-00,12,9,3
2017-07-26-11-00-00,27,21,6
2017-07-26-11-15-00,37,12,25
2017-07-26-11-30-00,19,13,6
2017-07-26-11-45-00,15,10,5
2017-07-26-12-00-00,24,11,13
2017-07-26-12-15-00,22,9,13
2017-07-26-12-30-00,30,16,14
2017-07-26-12-45-00,22,10,12
2017-07-26-13-00-00,12,4,8
2017-07-26-13-15-00,21,14,7
2017-07-26-13-30-00,26,6,20
2017-07-26-13-45-00,15,9,6
2017-07-26-14-00-00,40,27,13
2017-07-26-14-15-00,23,13,10
2017-07-26-14-30-00,25,21,4
2017-07-26-14-45-00,26,14,12
2017-07-26-15-00-00,30,17,13
2017-07-26-15-15-00,44,31,13
2017-07-26-15-30-00,48,30,18
2017-07-26-15-45-00,47,35,12
2017-07-26-16-00-00,33,20,13
2017-07-26-16-15-00,34,19,15
2017-07-26-16-30-00,51,39,12
2017-07-26-16-45-00,47,22,25
2017-07-26-17-00-00,67,43,24
2017-07-26-17-15-00,71,48,23
2017-07-26-17-30-00,77,44,33
2017-07-26-17-45-00,59,49,10
2017-07-26-18-00-00,73,44,29
2017-07-26-18-15-00,52,32,20
2017-07-26-18-30-00,65,31,34
2017-07-26-18-45-00,58,27,31
2017-07-26-19-00-00,64,34,30
2017-07-26-19-15-00,59,25,34
2017-07-26-19-30-00,57,30,27
2017-07-26-19-45-00,66,33,33
2017-07-26-20-00-00,41,26,15
2017-07-26-20-15-00,31,20,11
2017-07-26-20-30-00,34,19,15
2017-07-26-20-45-00,30,14,16
2017-07-26-21-00-00,27,17,10
2017-07-26-21-15-00,19,17,2
2017-07-26-21-30-00,16,15,1
2017-07-26-21-45-00,12,4,8
2017-07-26-22-00-00,12,11,1
2017-07-26-22-15-00,18,13,5
2017-07-26-22-30-00,11,6,5
2017-07-26-22-45-00,12,10,2
2017-07-26-23-00-00,9,5,4
2017-07-26-23-15-00,2,0,2
2017-07-26-23-30-00,1,0,1
2017-07-26-23-45-00,1,0,1
2017-07-27-00-00-00,0,0,0
2017-07-27-00-15-00,1,0,1
2017-07-27-00-30-00,0,0,0
2017-07-27-00-45-00,1,0,1
2017-07-27-01-00-00,2,2,0
2017-07-27-01-15-00,0,0,0
2017-07-27-01-30-00,0,0,0
2017-07-27-01-45-00,1,1,0
2017-07-27-02-00-00,2,0,2
2017-07-27-02-15-00,0,0,0
2017-07-27-02-30-00,1,0,1
2017-07-27-02-45-00,0,0,0
2017-07-27-03-00-00,0,0,0
2017-07-27-03-15-00,0,0,0
2017-07-27-03-30-00,0,0,0
2017-07-27-03-45-00,1,0,1
2017-07-27-04-00-00,0,0,0
2017-07-27-04-15-00,0,0,0
2017-07-27-04-30-00,0,0,0
2017-07-27-04-45-00,0,0,0
2017-07-27-05-00-00,0,0,0
2017-07-27-05-15-00,0,0,0
2017-07-27-05-30-00,0,0,0
2017-07-27-05-45-00,7,4,3
2017-07-27-06-00-00,6,3,3
2017-07-27-06-15-00,7,3,4
2017-07-27-06-30-00,7,3,4
2017-07-27-06-45-00,11,4,7
2017-07-27-07-00-00,22,7,15
2017-07-27-07-15-00,20,5,15
2017-07-27-07-30-00,29,8,21
2017-07-27-07-45-00,38,12,26
2017-07-27-08-00-00,42,9,33
2017-07-27-08-15-00,42,9,33
2017-07-27-08-30-00,54,8,46
2017-07-27-08-45-00,38,3,35
2017-07-27-09-00-00,36,6,30
2017-07-27-09-15-00,27,6,21
2017-07-27-09-30-00,12,4,8
2017-07-27-09-45-00,21,8,13
2017-07-27-10-00-00,16,8,8
2017-07-27-10-15-00,21,9,12
2017-07-27-10-30-00,9,4,5
2017-07-27-10-45-00,15,6,9
2017-07-27-11-00-00,11,7,4
2017-07-27-11-15-00,24,10,14
2017-07-27-11-30-00,24,13,11
2017-07-27-11-45-00,9,4,5
2017-07-27-12-00-00,24,11,13
2017-07-27-12-15-00,24,15,9
2017-07-27-12-30-00,12,6,6
2017-07-27-12-45-00,17,7,10
2017-07-27-13-00-00,23,10,13
2017-07-27-13-15-00,11,4,7
2017-07-27-13-30-00,23,12,11
2017-07-27-13-45-00,14,13,1
2017-07-27-14-00-00,25,16,9
2017-07-27-14-15-00,23,7,16
2017-07-27-14-30-00,30,18,12
2017-07-27-14-45-00,20,6,14
2017-07-27-15-00-00,31,18,13
2017-07-27-15-15-00,39,22,17
2017-07-27-15-30-00,40,26,14
2017-07-27-15-45-00,47,33,14
2017-07-27-16-00-00,47,32,15
2017-07-27-16-15-00,43,27,16
2017-07-27-16-30-00,45,29,16
2017-07-27-16-45-00,61,38,23
2017-07-27-17-00-00,60,38,22
2017-07-27-17-15-00,66,38,28
2017-07-27-17-30-00,59,47,12
2017-07-27-17-45-00,77,49,28
2017-07-27-18-00-00,60,39,21
2017-07-27-18-15-00,58,42,16
2017-07-27-18-30-00,52,35,17
2017-07-27-18-45-00,51,29,22
2017-07-27-19-00-00,52,28,24
2017-07-27-19-15-00,39,16,23
2017-07-27-19-30-00,22,13,9
2017-07-27-19-45-00,21,15,6
2017-07-27-20-00-00,27,18,9
2017-07-27-20-15-00,30,11,19
2017-07-27-20-30-00,19,11,8
2017-07-27-20-45-00,17,11,6
2017-07-27-21-00-00,13,11,2
2017-07-27-21-15-00,20,7,13
2017-07-27-21-30-00,14,10,4
2017-07-27-21-45-00,15,10,5
2017-07-27-22-00-00,10,4,6
2017-07-27-22-15-00,7,4,3
2017-07-27-22-30-00,8,4,4
2017-07-27-22-45-00,3,2,1
2017-07-27-23-00-00,3,3,0
2017-07-27-23-15-00,3,1,2
2017-07-27-23-30-00,1,0,1
2017-07-27-23-45-00,1,1,0
2017-07-28-00-00-00,1,1,0
2017-07-28-00-15-00,0,0,0
2017-07-28-00-30-00,2,0,2
2017-07-28-00-45-00,1,1,0
2017-07-28-01-00-00,0,0,0
2017-07-28-01-15-00,0,0,0
2017-07-28-01-30-00,0,0,0
2017-07-28-01-45-00,0,0,0
2017-07-28-02-00-00,0,0,0
2017-07-28-02-15-00,0,0,0
2017-07-28-02-30-00,0,0,0
2017-07-28-02-45-00,0,0,0
2017-07-28-03-00-00,0,0,0
2017-07-28-03-15-00,0,0,0
2017-07-28-03-30-00,0,0,0
2017-07-28-03-45-00,0,0,0
2017-07-28-04-00-00,0,0,0
2017-07-28-04-15-00,0,0,0
2017-07-28-04-30-00,0,0,0
2017-07-28-04-45-00,0,0,0
2017-07-28-05-00-00,0,0,0
2017-07-28-05-15-00,1,1,0
2017-07-28-05-30-00,1,1,0
2017-07-28-05-45-00,5,3,2
2017-07-28-06-00-00,4,0,4
2017-07-28-06-15-00,8,7,1
2017-07-28-06-30-00,12,6,6
2017-07-28-06-45-00,23,6,17
2017-07-28-07-00-00,22,6,16
2017-07-28-07-15-00,20,8,12
2017-07-28-07-30-00,26,8,18
2017-07-28-07-45-00,35,9,26
2017-07-28-08-00-00,43,12,31
2017-07-28-08-15-00,59,11,48
2017-07-28-08-30-00,40,9,31
2017-07-28-08-45-00,42,11,31
2017-07-28-09-00-00,32,11,21
2017-07-28-09-15-00,26,7,19
2017-07-28-09-30-00,18,3,15
2017-07-28-09-45-00,31,16,15
2017-07-28-10-00-00,17,13,4
2017-07-28-10-15-00,22,13,9
2017-07-28-10-30-00,27,8,19
2017-07-28-10-45-00,38,16,22
2017-07-28-11-00-00,38,18,20
2017-07-28-11-15-00,30,18,12
2017-07-28-11-30-00,37,11,26
2017-07-28-11-45-00,46,21,25
2017-07-28-12-00-00,36,8,28
2017-07-28-12-15-00,41,20,21
2017-07-28-12-30-00,32,18,14
2017-07-28-12-45-00,41,17,24
2017-07-28-13-00-00,43,21,22
2017-07-28-13-15-00,48,21,27
2017-07-28-13-30-00,34,17,17
2017-07-28-13-45-00,44,19,25
2017-07-28-14-00-00,40,25,15
2017-07-28-14-15-00,33,21,12
2017-07-28-14-30-00,42,27,15
2017-07-28-14-45-00,54,33,21
2017-07-28-15-00-00,40,26,14
2017-07-28-15-15-00,76,46,30
2017-07-28-15-30-00,58,36,22
2017-07-28-15-45-00,49,20,29
2017-07-28-16-00-00,51,32,19
2017-07-28-16-15-00,52,32,20
2017-07-28-16-30-00,44,31,13
2017-07-28-16-45-00,62,35,27
2017-07-28-17-00-00,50,32,18
2017-07-28-17-15-00,52,32,20
2017-07-28-17-30-00,47,32,15
2017-07-28-17-45-00,47,31,16
2017-07-28-18-00-00,49,32,17
2017-07-28-18-15-00,59,27,32
2017-07-28-18-30-00,45,18,27
2017-07-28-18-45-00,35,16,19
2017-07-28-19-00-00,25,13,12
2017-07-28-19-15-00,34,23,11
2017-07-28-19-30-00,35,18,17
2017-07-28-19-45-00,34,12,22
2017-07-28-20-00-00,29,11,18
2017-07-28-20-15-00,22,11,11
2017-07-28-20-30-00,21,12,9
2017-07-28-20-45-00,17,14,3
2017-07-28-21-00-00,15,4,11
2017-07-28-21-15-00,16,9,7
2017-07-28-21-30-00,12,4,8
2017-07-28-21-45-00,4,3,1
2017-07-28-22-00-00,9,4,5
2017-07-28-22-15-00,10,4,6
2017-07-28-22-30-00,5,3,2
2017-07-28-22-45-00,6,1,5
2017-07-28-23-00-00,7,4,3
2017-07-28-23-15-00,2,2,0
2017-07-28-23-30-00,0,0,0
2017-07-28-23-45-00,7,4,3
2017-07-29-00-00-00,2,2,0
2017-07-29-00-15-00,8,8,0
2017-07-29-00-30-00,2,2,0
2017-07-29-00-45-00,5,3,2
2017-07-29-01-00-00,5,5,0
2017-07-29-01-15-00,5,3,2
2017-07-29-01-30-00,4,4,0
2017-07-29-01-45-00,0,0,0
2017-07-29-02-00-00,2,1,1
2017-07-29-02-15-00,0,0,0
2017-07-29-02-30-00,7,7,0
2017-07-29-02-45-00,0,0,0
2017-07-29-03-00-00,0,0,0
2017-07-29-03-15-00,0,0,0
2017-07-29-03-30-00,0,0,0
2017-07-29-03-45-00,0,0,0
2017-07-29-04-00-00,0,0,0
2017-07-29-04-15-00,0,0,0
2017-07-29-04-30-00,0,0,0
2017-07-29-04-45-00,0,0,0
2017-07-29-05-00-00,1,0,1
2017-07-29-05-15-00,0,0,0
2017-07-29-05-30-00,0,0,0
2017-07-29-05-45-00,0,0,0
2017-07-29-06-00-00,0,0,0
2017-07-29-06-15-00,2,1,1
2017-07-29-06-30-00,4,1,3
2017-07-29-06-45-00,3,3,0
2017-07-29-07-00-00,6,4,2
2017-07-29-07-15-00,7,3,4
2017-07-29-07-30-00,2,1,1
2017-07-29-07-45-00,2,0,2
2017-07-29-08-00-00,4,4,0
2017-07-29-08-15-00,6,4,2
2017-07-29-08-30-00,6,3,3
2017-07-29-08-45-00,10,3,7
2017-07-29-09-00-00,13,9,4
2017-07-29-09-15-00,10,4,6
2017-07-29-09-30-00,11,5,6
2017-07-29-09-45-00,22,14,8
2017-07-29-10-00-00,21,9,12
2017-07-29-10-15-00,25,14,11
2017-07-29-10-30-00,35,13,22
2017-07-29-10-45-00,44,17,27
2017-07-29-11-00-00,42,19,23
2017-07-29-11-15-00,43,23,20
2017-07-29-11-30-00,59,18,41
2017-07-29-11-45-00,52,32,20
2017-07-29-12-00-00,50,29,21
2017-07-29-12-15-00,55,26,29
2017-07-29-12-30-00,31,16,15
2017-07-29-12-45-00,62,30,32
2017-07-29-13-00-00,35,16,19
2017-07-29-13-15-00,40,18,22
2017-07-29-13-30-00,65,27,38
2017-07-29-13-45-00,49,23,26
2017-07-29-14-00-00,48,19,29
2017-07-29-14-15-00,64,26,38
2017-07-29-14-30-00,46,26,20
2017-07-29-14-45-00,67,33,34
2017-07-29-15-00-00,59,24,35
2017-07-29-15-15-00,82,41,41
2017-07-29-15-30-00,101,45,56
2017-07-29-15-45-00,53,26,27
2017-07-29-16-00-00,57,17,40
2017-07-29-16-15-00,56,34,22
2017-07-29-16-30-00,73,40,33
2017-07-29-16-45-00,53,28,25
2017-07-29-17-00-00,49,36,13
2017-07-29-17-15-00,43,24,19
2017-07-29-17-30-00,46,27,19
2017-07-29-17-45-00,75,40,35
2017-07-29-18-00-00,51,29,22
2017-07-29-18-15-00,40,20,20
2017-07-29-18-30-00,66,35,31
2017-07-29-18-45-00,65,30,35
2017-07-29-19-00-00,36,20,16
2017-07-29-19-15-00,51,34,17
2017-07-29-19-30-00,55,32,23
2017-07-29-19-45-00,48,29,19
2017-07-29-20-00-00,50,26,24
2017-07-29-20-15-00,45,22,23
2017-07-29-20-30-00,39,23,16
2017-07-29-20-45-00,38,23,15
2017-07-29-21-00-00,28,15,13
2017-07-29-21-15-00,22,14,8
2017-07-29-21-30-00,14,7,7
2017-07-29-21-45-00,25,14,11
2017-07-29-22-00-00,13,8,5
2017-07-29-22-15-00,8,6,2
2017-07-29-22-30-00,8,5,3
2017-07-29-22-45-00,16,11,5
2017-07-29-23-00-00,11,4,7
2017-07-29-23-15-00,9,7,2
2017-07-29-23-30-00,2,1,1
2017-07-29-23-45-00,3,1,2
2017-07-30-00-00-00,2,2,0
2017-07-30-00-15-00,4,4,0
2017-07-30-00-30-00,3,1,2
2017-07-30-00-45-00,0,0,0
2017-07-30-01-00-00,8,1,7
2017-07-30-01-15-00,2,2,0
2017-07-30-01-30-00,0,0,0
2017-07-30-01-45-00,3,2,1
2017-07-30-02-00-00,2,2,0
2017-07-30-02-15-00,0,0,0
2017-07-30-02-30-00,1,1,0
2017-07-30-02-45-00,3,1,2
2017-07-30-03-00-00,2,0,2
2017-07-30-03-15-00,0,0,0
2017-07-30-03-30-00,0,0,0
2017-07-30-03-45-00,0,0,0
2017-07-30-04-00-00,0,0,0
2017-07-30-04-15-00,0,0,0
2017-07-30-04-30-00,1,1,0
2017-07-30-04-45-00,1,1,0
2017-07-30-05-00-00,2,2,0
2017-07-30-05-15-00,3,2,1
2017-07-30-05-30-00,0,0,0
2017-07-30-05-45-00,1,0,1
2017-07-30-06-00-00,0,0,0
2017-07-30-06-15-00,2,1,1
2017-07-30-06-30-00,4,2,2
2017-07-30-06-45-00,2,1,1
2017-07-30-07-00-00,3,2,1
2017-07-30-07-15-00,4,2,2
2017-07-30-07-30-00,3,1,2
2017-07-30-07-45-00,7,3,4
2017-07-30-08-00-00,5,2,3
2017-07-30-08-15-00,8,4,4
2017-07-30-08-30-00,14,6,8
2017-07-30-08-45-00,22,9,13
2017-07-30-09-00-00,23,8,15
2017-07-30-09-15-00,38,14,24
2017-07-30-09-30-00,30,19,11
2017-07-30-09-45-00,42,15,27
2017-07-30-10-00-00,65,23,42
2017-07-30-10-15-00,59,26,33
2017-07-30-10-30-00,53,24,29
2017-07-30-10-45-00,64,22,42
2017-07-30-11-00-00,52,23,29
2017-07-30-11-15-00,84,40,44
2017-07-30-11-30-00,80,43,37
2017-07-30-11-45-00,96,44,52
2017-07-30-12-00-00,65,29,36
2017-07-30-12-15-00,68,27,41
2017-07-30-12-30-00,95,34,61
2017-07-30-12-45-00,89,50,39
2017-07-30-13-00-00,78,27,51
2017-07-30-13-15-00,64,30,34
2017-07-30-13-30-00,112,63,49
2017-07-30-13-45-00,81,35,46
2017-07-30-14-00-00,86,43,43
2017-07-30-14-15-00,113,53,60
2017-07-30-14-30-00,99,52,47
2017-07-30-14-45-00,106,55,51
2017-07-30-15-00-00,90,58,32
2017-07-30-15-15-00,114,64,50
2017-07-30-15-30-00,86,38,48
2017-07-30-15-45-00,95,64,31
2017-07-30-16-00-00,91,48,43
2017-07-30-16-15-00,77,43,34
2017-07-30-16-30-00,127,71,56
2017-07-30-16-45-00,77,36,41
2017-07-30-17-00-00,85,45,40
2017-07-30-17-15-00,110,69,41
2017-07-30-17-30-00,130,63,67
2017-07-30-17-45-00,98,68,30
2017-07-30-18-00-00,94,52,42
2017-07-30-18-15-00,77,38,39
2017-07-30-18-30-00,50,30,20
2017-07-30-18-45-00,71,37,34
2017-07-30-19-00-00,60,42,18
2017-07-30-19-15-00,85,41,44
2017-07-30-19-30-00,66,38,28
2017-07-30-19-45-00,59,40,19
2017-07-30-20-00-00,65,51,14
2017-07-30-20-15-00,47,33,14
2017-07-30-20-30-00,35,23,12
2017-07-30-20-45-00,37,31,6
2017-07-30-21-00-00,29,20,9
2017-07-30-21-15-00,23,12,11
2017-07-30-21-30-00,17,12,5
2017-07-30-21-45-00,9,7,2
2017-07-30-22-00-00,26,21,5
2017-07-30-22-15-00,18,13,5
2017-07-30-22-30-00,10,8,2
2017-07-30-22-45-00,1,1,0
2017-07-30-23-00-00,8,7,1
2017-07-30-23-15-00,1,1,0
2017-07-30-23-30-00,2,0,2
2017-07-30-23-45-00,0,0,0
2017-07-31-00-00-00,2,2,0
2017-07-31-00-15-00,0,0,0
2017-07-31-00-30-00,0,0,0
2017-07-31-00-45-00,0,0,0
2017-07-31-01-00-00,0,0,0
2017-07-31-01-15-00,0,0,0
2017-07-31-01-30-00,0,0,0
2017-07-31-01-45-00,0,0,0
2017-07-31-02-00-00,0,0,0
2017-07-31-02-15-00,0,0,0
2017-07-31-02-30-00,1,0,1
2017-07-31-02-45-00,0,0,0
2017-07-31-03-00-00,0,0,0
2017-07-31-03-15-00,0,0,0
2017-07-31-03-30-00,0,0,0
2017-07-31-03-45-00,0,0,0
2017-07-31-04-00-00,0,0,0
2017-07-31-04-15-00,0,0,0
2017-07-31-04-30-00,0,0,0
2017-07-31-04-45-00,0,0,0
2017-07-31-05-00-00,0,0,0
2017-07-31-05-15-00,3,2,1
2017-07-31-05-30-00,3,0,3
2017-07-31-05-45-00,5,1,4
2017-07-31-06-00-00,7,3,4
2017-07-31-06-15-00,14,7,7
2017-07-31-06-30-00,15,3,12
2017-07-31-06-45-00,24,11,13
2017-07-31-07-00-00,22,8,14
2017-07-31-07-15-00,28,11,17
2017-07-31-07-30-00,38,9,29
2017-07-31-07-45-00,51,11,40
2017-07-31-08-00-00,45,8,37
2017-07-31-08-15-00,54,11,43
2017-07-31-08-30-00,64,12,52
2017-07-31-08-45-00,48,10,38
2017-07-31-09-00-00,47,12,35
2017-07-31-09-15-00,32,8,24
2017-07-31-09-30-00,24,10,14
2017-07-31-09-45-00,22,10,12
2017-07-31-10-00-00,18,5,13
2017-07-31-10-15-00,31,14,17
2017-07-31-10-30-00,27,12,15
2017-07-31-10-45-00,37,21,16
2017-07-31-11-00-00,26,13,13
2017-07-31-11-15-00,32,19,13
2017-07-31-11-30-00,34,11,23
2017-07-31-11-45-00,35,15,20
2017-07-31-12-00-00,36,24,12
2017-07-31-12-15-00,43,20,23
2017-07-31-12-30-00,43,17,26
2017-07-31-12-45-00,51,16,35
2017-07-31-13-00-00,28,15,13
2017-07-31-13-15-00,57,24,33
2017-07-31-13-30-00,36,15,21
2017-07-31-13-45-00,36,23,13
2017-07-31-14-00-00,50,31,19
2017-07-31-14-15-00,42,25,17
2017-07-31-14-30-00,25,15,10
2017-07-31-14-45-00,46,27,19
2017-07-31-15-00-00,59,29,30
2017-07-31-15-15-00,53,26,27
2017-07-31-15-30-00,59,35,24
2017-07-31-15-45-00,62,39,23
2017-07-31-16-00-00,85,53,32
2017-07-31-16-15-00,81,47,34
2017-07-31-16-30-00,94,59,35
2017-07-31-16-45-00,76,51,25
2017-07-31-17-00-00,87,58,29
2017-07-31-17-15-00,111,84,27
2017-07-31-17-30-00,101,71,30
2017-07-31-17-45-00,76,57,19
2017-07-31-18-00-00,76,50,26
2017-07-31-18-15-00,93,62,31
2017-07-31-18-30-00,81,46,35
2017-07-31-18-45-00,74,40,34
2017-07-31-19-00-00,69,52,17
2017-07-31-19-15-00,67,30,37
2017-07-31-19-30-00,61,30,31
2017-07-31-19-45-00,48,37,11
2017-07-31-20-00-00,51,23,28
2017-07-31-20-15-00,44,26,18
2017-07-31-20-30-00,30,14,16
2017-07-31-20-45-00,19,8,11
2017-07-31-21-00-00,24,19,5
2017-07-31-21-15-00,29,17,12
2017-07-31-21-30-00,18,10,8
2017-07-31-21-45-00,24,14,10
2017-07-31-22-00-00,22,17,5
2017-07-31-22-15-00,11,7,4
2017-07-31-22-30-00,5,3,2
2017-07-31-22-45-00,6,4,2
2017-07-31-23-00-00,3,2,1
2017-07-31-23-15-00,3,3,0
2017-07-31-23-30-00,1,1,0
2017-07-31-23-45-00,1,1,0
2017-08-01-00-00-00,1,0,1
2017-08-01-00-15-00,1,1,0
2017-08-01-00-30-00,0,0,0
2017-08-01-00-45-00,0,0,0
2017-08-01-01-00-00,0,0,0
2017-08-01-01-15-00,0,0,0
2017-08-01-01-30-00,0,0,0
2017-08-01-01-45-00,0,0,0
2017-08-01-02-00-00,0,0,0
2017-08-01-02-15-00,0,0,0
2017-08-01-02-30-00,0,0,0
2017-08-01-02-45-00,0,0,0
2017-08-01-03-00-00,0,0,0
2017-08-01-03-15-00,1,0,1
2017-08-01-03-30-00,0,0,0
2017-08-01-03-45-00,0,0,0
2017-08-01-04-00-00,0,0,0
2017-08-01-04-15-00,0,0,0
2017-08-01-04-30-00,0,0,0
2017-08-01-04-45-00,0,0,0
2017-08-01-05-00-00,0,0,0
2017-08-01-05-15-00,0,0,0
2017-08-01-05-30-00,1,1,0
2017-08-01-05-45-00,3,2,1
2017-08-01-06-00-00,2,1,1
2017-08-01-06-15-00,7,2,5
2017-08-01-06-30-00,7,1,6
2017-08-01-06-45-00,9,2,7
2017-08-01-07-00-00,17,7,10
2017-08-01-07-15-00,18,8,10
2017-08-01-07-30-00,35,14,21
2017-08-01-07-45-00,33,6,27
2017-08-01-08-00-00,28,2,26
2017-08-01-08-15-00,38,7,31
2017-08-01-08-30-00,41,8,33
2017-08-01-08-45-00,40,6,34
2017-08-01-09-00-00,26,4,22
2017-08-01-09-15-00,21,11,10
2017-08-01-09-30-00,17,5,12
2017-08-01-09-45-00,7,3,4
2017-08-01-10-00-00,5,2,3
2017-08-01-10-15-00,1,1,0
2017-08-01-10-30-00,2,0,2
2017-08-01-10-45-00,1,0,1
2017-08-01-11-00-00,9,4,5
2017-08-01-11-15-00,5,1,4
2017-08-01-11-30-00,14,11,3
2017-08-01-11-45-00,8,4,4
2017-08-01-12-00-00,8,5,3
2017-08-01-12-15-00,12,2,10
2017-08-01-12-30-00,10,6,4
2017-08-01-12-45-00,8,5,3
2017-08-01-13-00-00,6,4,2
2017-08-01-13-15-00,11,7,4
2017-08-01-13-30-00,2,2,0
2017-08-01-13-45-00,9,4,5
2017-08-01-14-00-00,8,5,3
2017-08-01-14-15-00,13,9,4
2017-08-01-14-30-00,11,6,5
2017-08-01-14-45-00,13,10,3
2017-08-01-15-00-00,15,10,5
2017-08-01-15-15-00,23,12,11
2017-08-01-15-30-00,24,15,9
2017-08-01-15-45-00,15,10,5
2017-08-01-16-00-00,20,14,6
2017-08-01-16-15-00,34,26,8
2017-08-01-16-30-00,28,19,9
2017-08-01-16-45-00,33,21,12
2017-08-01-17-00-00,36,22,14
2017-08-01-17-15-00,38,26,12
2017-08-01-17-30-00,49,30,19
2017-08-01-17-45-00,58,37,21
2017-08-01-18-00-00,49,32,17
2017-08-01-18-15-00,40,28,12
2017-08-01-18-30-00,48,31,17
2017-08-01-18-45-00,26,13,13
2017-08-01-19-00-00,29,14,15
2017-08-01-19-15-00,42,21,21
2017-08-01-19-30-00,37,21,16
2017-08-01-19-45-00,46,20,26
2017-08-01-20-00-00,35,23,12
2017-08-01-20-15-00,27,9,18
2017-08-01-20-30-00,25,16,9
2017-08-01-20-45-00,32,15,17
2017-08-01-21-00-00,23,19,4
2017-08-01-21-15-00,30,17,13
2017-08-01-21-30-00,16,9,7
2017-08-01-21-45-00,9,5,4
2017-08-01-22-00-00,4,0,4
2017-08-01-22-15-00,11,7,4
2017-08-01-22-30-00,7,7,0
2017-08-01-22-45-00,7,3,4
2017-08-01-23-00-00,2,1,1
2017-08-01-23-15-00,1,1,0
2017-08-01-23-30-00,2,2,0
2017-08-01-23-45-00,2,1,1
2017-08-02-00-00-00,1,1,0
2017-08-02-00-15-00,0,0,0
2017-08-02-00-30-00,0,0,0
2017-08-02-00-45-00,4,3,1
2017-08-02-01-00-00,2,0,2
2017-08-02-01-15-00,0,0,0
2017-08-02-01-30-00,0,0,0
2017-08-02-01-45-00,0,0,0
2017-08-02-02-00-00,0,0,0
2017-08-02-02-15-00,0,0,0
2017-08-02-02-30-00,0,0,0
2017-08-02-02-45-00,2,2,0
2017-08-02-03-00-00,0,0,0
2017-08-02-03-15-00,0,0,0
2017-08-02-03-30-00,1,1,0
2017-08-02-03-45-00,0,0,0
2017-08-02-04-00-00,0,0,0
2017-08-02-04-15-00,1,0,1
2017-08-02-04-30-00,0,0,0
2017-08-02-04-45-00,0,0,0
2017-08-02-05-00-00,0,0,0
2017-08-02-05-15-00,0,0,0
2017-08-02-05-30-00,5,3,2
2017-08-02-05-45-00,4,2,2
2017-08-02-06-00-00,3,2,1
2017-08-02-06-15-00,13,5,8
2017-08-02-06-30-00,17,7,10
2017-08-02-06-45-00,15,5,10
2017-08-02-07-00-00,23,7,16
2017-08-02-07-15-00,32,12,20
2017-08-02-07-30-00,43,15,28
2017-08-02-07-45-00,46,9,37
2017-08-02-08-00-00,42,10,32
2017-08-02-08-15-00,61,8,53
2017-08-02-08-30-00,53,10,43
2017-08-02-08-45-00,63,20,43
2017-08-02-09-00-00,57,30,27
2017-08-02-09-15-00,57,23,34
2017-08-02-09-30-00,33,14,19
2017-08-02-09-45-00,31,14,17
2017-08-02-10-00-00,23,9,14
2017-08-02-10-15-00,12,3,9
2017-08-02-10-30-00,40,15,25
2017-08-02-10-45-00,45,20,25
2017-08-02-11-00-00,52,24,28
2017-08-02-11-15-00,43,13,30
2017-08-02-11-30-00,34,14,20
2017-08-02-11-45-00,49,19,30
2017-08-02-12-00-00,43,21,22
2017-08-02-12-15-00,52,25,27
2017-08-02-12-30-00,58,23,35
2017-08-02-12-45-00,44,26,18
2017-08-02-13-00-00,56,21,35
2017-08-02-13-15-00,24,9,15
2017-08-02-13-30-00,40,21,19
2017-08-02-13-45-00,38,28,10
2017-08-02-14-00-00,62,37,25
2017-08-02-14-15-00,34,13,21
2017-08-02-14-30-00,42,25,17
2017-08-02-14-45-00,50,27,23
2017-08-02-15-00-00,56,40,16
2017-08-02-15-15-00,56,30,26
2017-08-02-15-30-00,45,24,21
2017-08-02-15-45-00,47,27,20
2017-08-02-16-00-00,72,53,19
2017-08-02-16-15-00,70,42,28
2017-08-02-16-30-00,69,40,29
2017-08-02-16-45-00,59,42,17
2017-08-02-17-00-00,78,58,20
2017-08-02-17-15-00,83,46,37
2017-08-02-17-30-00,74,56,18
2017-08-02-17-45-00,70,53,17
2017-08-02-18-00-00,60,40,20
2017-08-02-18-15-00,70,43,27
2017-08-02-18-30-00,71,42,29
2017-08-02-18-45-00,58,28,30
2017-08-02-19-00-00,63,45,18
2017-08-02-19-15-00,42,26,16
2017-08-02-19-30-00,31,19,12
2017-08-02-19-45-00,27,22,5
2017-08-02-20-00-00,26,14,12
2017-08-02-20-15-00,18,8,10
2017-08-02-20-30-00,18,13,5
2017-08-02-20-45-00,32,11,21
2017-08-02-21-00-00,13,7,6
2017-08-02-21-15-00,17,15,2
2017-08-02-21-30-00,7,6,1
2017-08-02-21-45-00,11,4,7
2017-08-02-22-00-00,11,8,3
2017-08-02-22-15-00,3,2,1
2017-08-02-22-30-00,2,2,0
2017-08-02-22-45-00,7,6,1
2017-08-02-23-00-00,0,0,0
2017-08-02-23-15-00,5,2,3
2017-08-02-23-30-00,2,2,0
2017-08-02-23-45-00,1,1,0
2017-08-03-00-00-00,0,0,0
2017-08-03-00-15-00,0,0,0
2017-08-03-00-30-00,0,0,0
2017-08-03-00-45-00,0,0,0
2017-08-03-01-00-00,0,0,0
2017-08-03-01-15-00,0,0,0
2017-08-03-01-30-00,0,0,0
2017-08-03-01-45-00,0,0,0
2017-08-03-02-00-00,0,0,0
2017-08-03-02-15-00,0,0,0
2017-08-03-02-30-00,0,0,0
2017-08-03-02-45-00,0,0,0
2017-08-03-03-00-00,1,0,1
2017-08-03-03-15-00,0,0,0
2017-08-03-03-30-00,0,0,0
2017-08-03-03-45-00,0,0,0
2017-08-03-04-00-00,0,0,0
2017-08-03-04-15-00,0,0,0
2017-08-03-04-30-00,0,0,0
2017-08-03-04-45-00,0,0,0
2017-08-03-05-00-00,0,0,0
2017-08-03-05-15-00,0,0,0
2017-08-03-05-30-00,0,0,0
2017-08-03-05-45-00,5,2,3
2017-08-03-06-00-00,9,5,4
2017-08-03-06-15-00,13,7,6
2017-08-03-06-30-00,9,3,6
2017-08-03-06-45-00,15,3,12
2017-08-03-07-00-00,12,5,7
2017-08-03-07-15-00,23,10,13
2017-08-03-07-30-00,41,15,26
2017-08-03-07-45-00,41,8,33
2017-08-03-08-00-00,26,8,18
2017-08-03-08-15-00,38,11,27
2017-08-03-08-30-00,36,6,30
2017-08-03-08-45-00,37,9,28
2017-08-03-09-00-00,15,3,12
2017-08-03-09-15-00,12,0,12
2017-08-03-09-30-00,7,1,6
2017-08-03-09-45-00,10,2,8
2017-08-03-10-00-00,8,6,2
2017-08-03-10-15-00,7,2,5
2017-08-03-10-30-00,14,10,4
2017-08-03-10-45-00,11,7,4
2017-08-03-11-00-00,14,7,7
2017-08-03-11-15-00,9,6,3
2017-08-03-11-30-00,23,5,18
2017-08-03-11-45-00,17,11,6
2017-08-03-12-00-00,17,2,15
2017-08-03-12-15-00,24,12,12
2017-08-03-12-30-00,16,3,13
2017-08-03-12-45-00,21,15,6
2017-08-03-13-00-00,20,12,8
2017-08-03-13-15-00,18,5,13
2017-08-03-13-30-00,26,18,8
2017-08-03-13-45-00,23,15,8
2017-08-03-14-00-00,21,7,14
2017-08-03-14-15-00,14,11,3
2017-08-03-14-30-00,27,23,4
2017-08-03-14-45-00,20,15,5
2017-08-03-15-00-00,13,9,4
2017-08-03-15-15-00,32,16,16
2017-08-03-15-30-00,26,12,14
2017-08-03-15-45-00,36,24,12
2017-08-03-16-00-00,20,16,4
2017-08-03-16-15-00,57,32,25
2017-08-03-16-30-00,49,34,15
2017-08-03-16-45-00,60,42,18
2017-08-03-17-00-00,48,37,11
2017-08-03-17-15-00,58,29,29
2017-08-03-17-30-00,53,33,20
2017-08-03-17-45-00,58,41,17
2017-08-03-18-00-00,64,40,24
2017-08-03-18-15-00,43,25,18
2017-08-03-18-30-00,51,35,16
2017-08-03-18-45-00,66,25,41
2017-08-03-19-00-00,38,21,17
2017-08-03-19-15-00,56,34,22
2017-08-03-19-30-00,48,28,20
2017-08-03-19-45-00,46,23,23
2017-08-03-20-00-00,36,17,19
2017-08-03-20-15-00,43,23,20
2017-08-03-20-30-00,32,19,13
2017-08-03-20-45-00,31,14,17
2017-08-03-21-00-00,20,9,11
2017-08-03-21-15-00,25,16,9
2017-08-03-21-30-00,33,10,23
2017-08-03-21-45-00,17,9,8
2017-08-03-22-00-00,12,7,5
2017-08-03-22-15-00,10,7,3
2017-08-03-22-30-00,9,5,4
2017-08-03-22-45-00,9,7,2
2017-08-03-23-00-00,2,0,2
2017-08-03-23-15-00,3,3,0
2017-08-03-23-30-00,1,1,0
2017-08-03-23-45-00,1,0,1
2017-08-04-00-00-00,1,1,0
2017-08-04-00-15-00,0,0,0
2017-08-04-00-30-00,3,1,2
2017-08-04-00-45-00,1,0,1
2017-08-04-01-00-00,1,1,0
2017-08-04-01-15-00,0,0,0
2017-08-04-01-30-00,0,0,0
2017-08-04-01-45-00,0,0,0
2017-08-04-02-00-00,0,0,0
2017-08-04-02-15-00,0,0,0
2017-08-04-02-30-00,0,0,0
2017-08-04-02-45-00,0,0,0
2017-08-04-03-00-00,0,0,0
2017-08-04-03-15-00,0,0,0
2017-08-04-03-30-00,0,0,0
2017-08-04-03-45-00,0,0,0
2017-08-04-04-00-00,0,0,0
2017-08-04-04-15-00,0,0,0
2017-08-04-04-30-00,0,0,0
2017-08-04-04-45-00,0,0,0
2017-08-04-05-00-00,0,0,0
2017-08-04-05-15-00,0,0,0
2017-08-04-05-30-00,1,1,0
2017-08-04-05-45-00,4,1,3
2017-08-04-06-00-00,6,5,1
2017-08-04-06-15-00,15,7,8
2017-08-04-06-30-00,11,3,8
2017-08-04-06-45-00,14,5,9
2017-08-04-07-00-00,24,11,13
2017-08-04-07-15-00,27,9,18
2017-08-04-07-30-00,41,13,28
2017-08-04-07-45-00,35,9,26
2017-08-04-08-00-00,27,6,21
2017-08-04-08-15-00,50,8,42
2017-08-04-08-30-00,39,11,28
2017-08-04-08-45-00,45,3,42
2017-08-04-09-00-00,26,7,19
2017-08-04-09-15-00,20,8,12
2017-08-04-09-30-00,18,6,12
2017-08-04-09-45-00,18,7,11
2017-08-04-10-00-00,24,13,11
2017-08-04-10-15-00,13,5,8
2017-08-04-10-30-00,29,17,12
2017-08-04-10-45-00,37,15,22
2017-08-04-11-00-00,29,18,11
2017-08-04-11-15-00,26,11,15
2017-08-04-11-30-00,29,10,19
2017-08-04-11-45-00,26,12,14
2017-08-04-12-00-00,14,7,7
2017-08-04-12-15-00,40,15,25
2017-08-04-12-30-00,29,17,12
2017-08-04-12-45-00,34,14,20
2017-08-04-13-00-00,32,17,15
2017-08-04-13-15-00,62,23,39
2017-08-04-13-30-00,44,27,17
2017-08-04-13-45-00,33,17,16
2017-08-04-14-00-00,27,20,7
2017-08-04-14-15-00,38,22,16
2017-08-04-14-30-00,62,36,26
2017-08-04-14-45-00,54,30,24
2017-08-04-15-00-00,56,36,20
2017-08-04-15-15-00,58,35,23
2017-08-04-15-30-00,64,36,28
2017-08-04-15-45-00,70,44,26
2017-08-04-16-00-00,50,31,19
2017-08-04-16-15-00,74,42,32
2017-08-04-16-30-00,68,48,20
2017-08-04-16-45-00,67,34,33
2017-08-04-17-00-00,66,46,20
2017-08-04-17-15-00,55,38,17
2017-08-04-17-30-00,71,29,42
2017-08-04-17-45-00,54,36,18
2017-08-04-18-00-00,44,26,18
2017-08-04-18-15-00,34,19,15
2017-08-04-18-30-00,51,25,26
2017-08-04-18-45-00,34,12,22
2017-08-04-19-00-00,42,18,24
2017-08-04-19-15-00,48,31,17
2017-08-04-19-30-00,35,15,20
2017-08-04-19-45-00,23,15,8
2017-08-04-20-00-00,36,16,20
2017-08-04-20-15-00,20,12,8
2017-08-04-20-30-00,18,6,12
2017-08-04-20-45-00,27,17,10
2017-08-04-21-00-00,38,27,11
2017-08-04-21-15-00,22,9,13
2017-08-04-21-30-00,13,9,4
2017-08-04-21-45-00,7,3,4
2017-08-04-22-00-00,16,7,9
2017-08-04-22-15-00,14,14,0
2017-08-04-22-30-00,17,15,2
2017-08-04-22-45-00,14,13,1
2017-08-04-23-00-00,1,0,1
2017-08-04-23-15-00,7,3,4
2017-08-04-23-30-00,7,5,2
2017-08-04-23-45-00,3,1,2
2017-08-05-00-00-00,5,1,4
2017-08-05-00-15-00,5,3,2
2017-08-05-00-30-00,6,6,0
2017-08-05-00-45-00,0,0,0
2017-08-05-01-00-00,2,2,0
2017-08-05-01-15-00,2,2,0
2017-08-05-01-30-00,2,2,0
2017-08-05-01-45-00,2,2,0
2017-08-05-02-00-00,1,0,1
2017-08-05-02-15-00,0,0,0
2017-08-05-02-30-00,4,4,0
2017-08-05-02-45-00,0,0,0
2017-08-05-03-00-00,2,1,1
2017-08-05-03-15-00,2,0,2
2017-08-05-03-30-00,3,2,1
2017-08-05-03-45-00,0,0,0
2017-08-05-04-00-00,0,0,0
2017-08-05-04-15-00,0,0,0
2017-08-05-04-30-00,0,0,0
2017-08-05-04-45-00,0,0,0
2017-08-05-05-00-00,0,0,0
2017-08-05-05-15-00,0,0,0
2017-08-05-05-30-00,1,0,1
2017-08-05-05-45-00,0,0,0
2017-08-05-06-00-00,1,0,1
2017-08-05-06-15-00,3,3,0
2017-08-05-06-30-00,2,0,2
2017-08-05-06-45-00,2,0,2
2017-08-05-07-00-00,1,0,1
2017-08-05-07-15-00,0,0,0
2017-08-05-07-30-00,4,2,2
2017-08-05-07-45-00,6,3,3
2017-08-05-08-00-00,3,2,1
2017-08-05-08-15-00,1,1,0
2017-08-05-08-30-00,3,2,1
2017-08-05-08-45-00,4,2,2
2017-08-05-09-00-00,3,2,1
2017-08-05-09-15-00,7,5,2
2017-08-05-09-30-00,5,3,2
2017-08-05-09-45-00,7,7,0
2017-08-05-10-00-00,8,5,3
2017-08-05-10-15-00,3,2,1
2017-08-05-10-30-00,10,1,9
2017-08-05-10-45-00,14,5,9
2017-08-05-11-00-00,17,5,12
2017-08-05-11-15-00,17,11,6
2017-08-05-11-30-00,15,8,7
2017-08-05-11-45-00,20,11,9
2017-08-05-12-00-00,12,6,6
2017-08-05-12-15-00,18,10,8
2017-08-05-12-30-00,27,9,18
2017-08-05-12-45-00,15,8,7
2017-08-05-13-00-00,19,9,10
2017-08-05-13-15-00,20,11,9
2017-08-05-13-30-00,14,5,9
2017-08-05-13-45-00,27,12,15
2017-08-05-14-00-00,28,18,10
2017-08-05-14-15-00,20,10,10
2017-08-05-14-30-00,30,18,12
2017-08-05-14-45-00,18,12,6
2017-08-05-15-00-00,25,10,15
2017-08-05-15-15-00,26,14,12
2017-08-05-15-30-00,36,11,25
2017-08-05-15-45-00,18,5,13
2017-08-05-16-00-00,37,7,30
2017-08-05-16-15-00,18,1,17
2017-08-05-16-30-00,30,12,18
2017-08-05-16-45-00,34,19,15
2017-08-05-17-00-00,45,26,19
2017-08-05-17-15-00,34,8,26
2017-08-05-17-30-00,55,28,27
2017-08-05-17-45-00,37,19,18
2017-08-05-18-00-00,29,14,15
2017-08-05-18-15-00,43,20,23
2017-08-05-18-30-00,35,19,16
2017-08-05-18-45-00,28,17,11
2017-08-05-19-00-00,22,11,11
2017-08-05-19-15-00,28,13,15
2017-08-05-19-30-00,23,9,14
2017-08-05-19-45-00,21,12,9
2017-08-05-20-00-00,12,9,3
2017-08-05-20-15-00,11,5,6
2017-08-05-20-30-00,23,17,6
2017-08-05-20-45-00,19,7,12
2017-08-05-21-00-00,10,6,4
2017-08-05-21-15-00,18,6,12
2017-08-05-21-30-00,15,13,2
2017-08-05-21-45-00,8,6,2
2017-08-05-22-00-00,10,6,4
2017-08-05-22-15-00,7,5,2
2017-08-05-22-30-00,4,2,2
2017-08-05-22-45-00,6,6,0
2017-08-05-23-00-00,10,9,1
2017-08-05-23-15-00,0,0,0
2017-08-05-23-30-00,1,1,0
2017-08-05-23-45-00,7,7,0
2017-08-06-00-00-00,1,1,0
2017-08-06-00-15-00,2,1,1
2017-08-06-00-30-00,4,0,4
2017-08-06-00-45-00,2,2,0
2017-08-06-01-00-00,3,1,2
2017-08-06-01-15-00,0,0,0
2017-08-06-01-30-00,0,0,0
2017-08-06-01-45-00,1,1,0
2017-08-06-02-00-00,1,1,0
2017-08-06-02-15-00,3,2,1
2017-08-06-02-30-00,0,0,0
2017-08-06-02-45-00,0,0,0
2017-08-06-03-00-00,1,0,1
2017-08-06-03-15-00,0,0,0
2017-08-06-03-30-00,0,0,0
2017-08-06-03-45-00,0,0,0
2017-08-06-04-00-00,0,0,0
2017-08-06-04-15-00,0,0,0
2017-08-06-04-30-00,0,0,0
2017-08-06-04-45-00,0,0,0
2017-08-06-05-00-00,2,2,0
2017-08-06-05-15-00,0,0,0
2017-08-06-05-30-00,0,0,0
2017-08-06-05-45-00,0,0,0
2017-08-06-06-00-00,1,1,0
2017-08-06-06-15-00,1,0,1
2017-08-06-06-30-00,3,2,1
2017-08-06-06-45-00,2,1,1
2017-08-06-07-00-00,1,1,0
2017-08-06-07-15-00,3,0,3
2017-08-06-07-30-00,5,3,2
2017-08-06-07-45-00,6,3,3
2017-08-06-08-00-00,10,6,4
2017-08-06-08-15-00,6,3,3
2017-08-06-08-30-00,10,4,6
2017-08-06-08-45-00,11,6,5
2017-08-06-09-00-00,14,5,9
2017-08-06-09-15-00,19,4,15
2017-08-06-09-30-00,29,8,21
2017-08-06-09-45-00,31,13,18
2017-08-06-10-00-00,37,17,20
2017-08-06-10-15-00,69,27,42
2017-08-06-10-30-00,43,11,32
2017-08-06-10-45-00,58,28,30
2017-08-06-11-00-00,74,25,49
2017-08-06-11-15-00,87,39,48
2017-08-06-11-30-00,105,45,60
2017-08-06-11-45-00,115,52,63
2017-08-06-12-00-00,85,34,51
2017-08-06-12-15-00,105,45,60
2017-08-06-12-30-00,135,51,84
2017-08-06-12-45-00,112,52,60
2017-08-06-13-00-00,142,62,80
2017-08-06-13-15-00,142,82,60
2017-08-06-13-30-00,151,52,99
2017-08-06-13-45-00,114,60,54
2017-08-06-14-00-00,112,59,53
2017-08-06-14-15-00,161,79,82
2017-08-06-14-30-00,176,85,91
2017-08-06-14-45-00,166,80,86
2017-08-06-15-00-00,174,89,85
2017-08-06-15-15-00,175,96,79
2017-08-06-15-30-00,171,96,75
2017-08-06-15-45-00,172,108,64
2017-08-06-16-00-00,174,100,74
2017-08-06-16-15-00,165,70,95
2017-08-06-16-30-00,148,87,61
2017-08-06-16-45-00,181,89,92
2017-08-06-17-00-00,195,116,79
2017-08-06-17-15-00,139,96,43
2017-08-06-17-30-00,134,76,58
2017-08-06-17-45-00,156,98,58
2017-08-06-18-00-00,136,92,44
2017-08-06-18-15-00,122,75,47
2017-08-06-18-30-00,105,67,38
2017-08-06-18-45-00,104,70,34
2017-08-06-19-00-00,75,50,25
2017-08-06-19-15-00,79,49,30
2017-08-06-19-30-00,56,38,18
2017-08-06-19-45-00,66,42,24
2017-08-06-20-00-00,68,44,24
2017-08-06-20-15-00,69,46,23
2017-08-06-20-30-00,50,30,20
2017-08-06-20-45-00,41,31,10
2017-08-06-21-00-00,33,18,15
2017-08-06-21-15-00,26,20,6
2017-08-06-21-30-00,18,6,12
2017-08-06-21-45-00,24,13,11
2017-08-06-22-00-00,19,17,2
2017-08-06-22-15-00,17,7,10
2017-08-06-22-30-00,7,7,0
2017-08-06-22-45-00,2,2,0
2017-08-06-23-00-00,1,0,1
2017-08-06-23-15-00,3,2,1
2017-08-06-23-30-00,0,0,0
2017-08-06-23-45-00,0,0,0
2017-08-07-00-00-00,0,0,0
2017-08-07-00-15-00,0,0,0
2017-08-07-00-30-00,1,0,1
2017-08-07-00-45-00,2,1,1
2017-08-07-01-00-00,2,0,2
2017-08-07-01-15-00,1,1,0
2017-08-07-01-30-00,2,2,0
2017-08-07-01-45-00,0,0,0
2017-08-07-02-00-00,0,0,0
2017-08-07-02-15-00,0,0,0
2017-08-07-02-30-00,0,0,0
2017-08-07-02-45-00,0,0,0
2017-08-07-03-00-00,0,0,0
2017-08-07-03-15-00,0,0,0
2017-08-07-03-30-00,0,0,0
2017-08-07-03-45-00,0,0,0
2017-08-07-04-00-00,0,0,0
2017-08-07-04-15-00,0,0,0
2017-08-07-04-30-00,1,1,0
2017-08-07-04-45-00,0,0,0
2017-08-07-05-00-00,0,0,0
2017-08-07-05-15-00,0,0,0
2017-08-07-05-30-00,3,1,2
2017-08-07-05-45-00,2,1,1
2017-08-07-06-00-00,7,3,4
2017-08-07-06-15-00,9,5,4
2017-08-07-06-30-00,21,6,15
2017-08-07-06-45-00,18,7,11
2017-08-07-07-00-00,24,7,17
2017-08-07-07-15-00,29,10,19
2017-08-07-07-30-00,50,15,35
2017-08-07-07-45-00,45,8,37
2017-08-07-08-00-00,43,11,32
2017-08-07-08-15-00,46,16,30
2017-08-07-08-30-00,60,16,44
2017-08-07-08-45-00,56,11,45
2017-08-07-09-00-00,43,19,24
2017-08-07-09-15-00,26,15,11
2017-08-07-09-30-00,29,7,22
2017-08-07-09-45-00,15,5,10
2017-08-07-10-00-00,31,16,15
2017-08-07-10-15-00,29,10,19
2017-08-07-10-30-00,33,9,24
2017-08-07-10-45-00,36,8,28
2017-08-07-11-00-00,55,16,39
2017-08-07-11-15-00,73,28,45
2017-08-07-11-30-00,49,19,30
2017-08-07-11-45-00,49,23,26
2017-08-07-12-00-00,61,25,36
2017-08-07-12-15-00,60,17,43
2017-08-07-12-30-00,53,21,32
2017-08-07-12-45-00,63,27,36
2017-08-07-13-00-00,70,36,34
2017-08-07-13-15-00,65,27,38
2017-08-07-13-30-00,67,31,36
2017-08-07-13-45-00,63,26,37
2017-08-07-14-00-00,75,42,33
2017-08-07-14-15-00,71,29,42
2017-08-07-14-30-00,69,48,21
2017-08-07-14-45-00,86,46,40
2017-08-07-15-00-00,81,45,36
2017-08-07-15-15-00,86,52,34
2017-08-07-15-30-00,94,66,28
2017-08-07-15-45-00,87,45,42
2017-08-07-16-00-00,90,56,34
2017-08-07-16-15-00,92,60,32
2017-08-07-16-30-00,110,72,38
2017-08-07-16-45-00,91,58,33
2017-08-07-17-00-00,108,71,37
2017-08-07-17-15-00,116,86,30
2017-08-07-17-30-00,108,66,42
2017-08-07-17-45-00,106,67,39
2017-08-07-18-00-00,141,100,41
2017-08-07-18-15-00,91,52,39
2017-08-07-18-30-00,102,50,52
2017-08-07-18-45-00,96,55,41
2017-08-07-19-00-00,108,54,54
2017-08-07-19-15-00,100,65,35
2017-08-07-19-30-00,95,42,53
2017-08-07-19-45-00,91,43,48
2017-08-07-20-00-00,64,48,16
2017-08-07-20-15-00,50,24,26
2017-08-07-20-30-00,63,42,21
2017-08-07-20-45-00,58,37,21
2017-08-07-21-00-00,44,30,14
2017-08-07-21-15-00,37,25,12
2017-08-07-21-30-00,21,14,7
2017-08-07-21-45-00,30,16,14
2017-08-07-22-00-00,11,6,5
2017-08-07-22-15-00,17,11,6
2017-08-07-22-30-00,9,6,3
2017-08-07-22-45-00,17,14,3
2017-08-07-23-00-00,4,3,1
2017-08-07-23-15-00,5,3,2
2017-08-07-23-30-00,7,4,3
2017-08-07-23-45-00,5,5,0
2017-08-08-00-00-00,3,3,0
2017-08-08-00-15-00,2,0,2
2017-08-08-00-30-00,1,0,1
2017-08-08-00-45-00,0,0,0
2017-08-08-01-00-00,2,0,2
2017-08-08-01-15-00,1,0,1
2017-08-08-01-30-00,1,0,1
2017-08-08-01-45-00,0,0,0
2017-08-08-02-00-00,0,0,0
2017-08-08-02-15-00,0,0,0
2017-08-08-02-30-00,0,0,0
2017-08-08-02-45-00,0,0,0
2017-08-08-03-00-00,0,0,0
2017-08-08-03-15-00,0,0,0
2017-08-08-03-30-00,0,0,0
2017-08-08-03-45-00,0,0,0
2017-08-08-04-00-00,0,0,0
2017-08-08-04-15-00,0,0,0
2017-08-08-04-30-00,0,0,0
2017-08-08-04-45-00,0,0,0
2017-08-08-05-00-00,0,0,0
2017-08-08-05-15-00,1,0,1
2017-08-08-05-30-00,0,0,0
2017-08-08-05-45-00,6,3,3
2017-08-08-06-00-00,4,2,2
2017-08-08-06-15-00,11,6,5
2017-08-08-06-30-00,15,2,13
2017-08-08-06-45-00,12,3,9
2017-08-08-07-00-00,25,8,17
2017-08-08-07-15-00,26,12,14
2017-08-08-07-30-00,26,13,13
2017-08-08-07-45-00,48,5,43
2017-08-08-08-00-00,47,6,41
2017-08-08-08-15-00,49,9,40
2017-08-08-08-30-00,47,13,34
2017-08-08-08-45-00,48,10,38
2017-08-08-09-00-00,22,8,14
2017-08-08-09-15-00,22,7,15
2017-08-08-09-30-00,13,7,6
2017-08-08-09-45-00,18,9,9
2017-08-08-10-00-00,14,5,9
2017-08-08-10-15-00,12,6,6
2017-08-08-10-30-00,14,5,9
2017-08-08-10-45-00,15,11,4
2017-08-08-11-00-00,22,7,15
2017-08-08-11-15-00,11,5,6
2017-08-08-11-30-00,12,7,5
2017-08-08-11-45-00,9,4,5
2017-08-08-12-00-00,7,5,2
2017-08-08-12-15-00,6,1,5
2017-08-08-12-30-00,7,3,4
2017-08-08-12-45-00,4,3,1
2017-08-08-13-00-00,9,5,4
2017-08-08-13-15-00,4,2,2
2017-08-08-13-30-00,6,4,2
2017-08-08-13-45-00,10,4,6
2017-08-08-14-00-00,7,3,4
2017-08-08-14-15-00,8,5,3
2017-08-08-14-30-00,8,5,3
2017-08-08-14-45-00,11,7,4
2017-08-08-15-00-00,12,11,1
2017-08-08-15-15-00,15,9,6
2017-08-08-15-30-00,25,15,10
2017-08-08-15-45-00,12,9,3
2017-08-08-16-00-00,21,14,7
2017-08-08-16-15-00,45,32,13
2017-08-08-16-30-00,40,31,9
2017-08-08-16-45-00,48,37,11
2017-08-08-17-00-00,44,38,6
2017-08-08-17-15-00,40,32,8
2017-08-08-17-30-00,48,31,17
2017-08-08-17-45-00,43,28,15
2017-08-08-18-00-00,42,28,14
2017-08-08-18-15-00,46,23,23
2017-08-08-18-30-00,58,40,18
2017-08-08-18-45-00,46,39,7
2017-08-08-19-00-00,40,13,27
2017-08-08-19-15-00,35,19,16
2017-08-08-19-30-00,31,16,15
2017-08-08-19-45-00,40,16,24
2017-08-08-20-00-00,39,19,20
2017-08-08-20-15-00,23,11,12
2017-08-08-20-30-00,33,19,14
2017-08-08-20-45-00,28,19,9
2017-08-08-21-00-00,28,17,11
2017-08-08-21-15-00,24,10,14
2017-08-08-21-30-00,15,5,10
2017-08-08-21-45-00,15,10,5
2017-08-08-22-00-00,16,12,4
2017-08-08-22-15-00,10,6,4
2017-08-08-22-30-00,7,3,4
2017-08-08-22-45-00,2,2,0
2017-08-08-23-00-00,6,3,3
2017-08-08-23-15-00,3,3,0
2017-08-08-23-30-00,3,2,1
2017-08-08-23-45-00,1,1,0
2017-08-09-00-00-00,1,0,1
2017-08-09-00-15-00,1,1,0
2017-08-09-00-30-00,4,1,3
2017-08-09-00-45-00,0,0,0
2017-08-09-01-00-00,0,0,0
2017-08-09-01-15-00,0,0,0
2017-08-09-01-30-00,0,0,0
2017-08-09-01-45-00,3,0,3
2017-08-09-02-00-00,0,0,0
2017-08-09-02-15-00,0,0,0
2017-08-09-02-30-00,0,0,0
2017-08-09-02-45-00,0,0,0
2017-08-09-03-00-00,1,0,1
2017-08-09-03-15-00,0,0,0
2017-08-09-03-30-00,0,0,0
2017-08-09-03-45-00,0,0,0
2017-08-09-04-00-00,0,0,0
2017-08-09-04-15-00,0,0,0
2017-08-09-04-30-00,0,0,0
2017-08-09-04-45-00,1,0,1
2017-08-09-05-00-00,0,0,0
2017-08-09-05-15-00,0,0,0
2017-08-09-05-30-00,0,0,0
2017-08-09-05-45-00,5,1,4
2017-08-09-06-00-00,5,3,2
2017-08-09-06-15-00,10,4,6
2017-08-09-06-30-00,19,5,14
2017-08-09-06-45-00,19,9,10
2017-08-09-07-00-00,20,5,15
2017-08-09-07-15-00,42,11,31
2017-08-09-07-30-00,37,13,24
2017-08-09-07-45-00,40,9,31
2017-08-09-08-00-00,46,8,38
2017-08-09-08-15-00,42,4,38
2017-08-09-08-30-00,43,11,32
2017-08-09-08-45-00,47,6,41
2017-08-09-09-00-00,37,10,27
2017-08-09-09-15-00,23,12,11
2017-08-09-09-30-00,25,7,18
2017-08-09-09-45-00,31,20,11
2017-08-09-10-00-00,29,8,21
2017-08-09-10-15-00,17,5,12
2017-08-09-10-30-00,29,12,17
2017-08-09-10-45-00,33,11,22
2017-08-09-11-00-00,26,13,13
2017-08-09-11-15-00,37,23,14
2017-08-09-11-30-00,41,18,23
2017-08-09-11-45-00,37,18,19
2017-08-09-12-00-00,34,17,17
2017-08-09-12-15-00,56,28,28
2017-08-09-12-30-00,35,15,20
2017-08-09-12-45-00,39,10,29
2017-08-09-13-00-00,46,21,25
2017-08-09-13-15-00,52,26,26
2017-08-09-13-30-00,43,22,21
2017-08-09-13-45-00,45,22,23
2017-08-09-14-00-00,55,30,25
2017-08-09-14-15-00,42,22,20
2017-08-09-14-30-00,56,16,40
2017-08-09-14-45-00,46,27,19
2017-08-09-15-00-00,53,30,23
2017-08-09-15-15-00,64,37,27
2017-08-09-15-30-00,66,41,25
2017-08-09-15-45-00,77,50,27
2017-08-09-16-00-00,47,36,11
2017-08-09-16-15-00,55,38,17
2017-08-09-16-30-00,95,61,34
2017-08-09-16-45-00,77,52,25
2017-08-09-17-00-00,89,64,25
2017-08-09-17-15-00,84,57,27
2017-08-09-17-30-00,75,56,19
2017-08-09-17-45-00,90,61,29
2017-08-09-18-00-00,74,47,27
2017-08-09-18-15-00,76,51,25
2017-08-09-18-30-00,106,74,32
2017-08-09-18-45-00,76,42,34
2017-08-09-19-00-00,71,33,38
2017-08-09-19-15-00,75,37,38
2017-08-09-19-30-00,58,30,28
2017-08-09-19-45-00,50,28,22
2017-08-09-20-00-00,41,22,19
2017-08-09-20-15-00,51,36,15
2017-08-09-20-30-00,32,22,10
2017-08-09-20-45-00,43,26,17
2017-08-09-21-00-00,19,12,7
2017-08-09-21-15-00,26,14,12
2017-08-09-21-30-00,21,11,10
2017-08-09-21-45-00,25,16,9
2017-08-09-22-00-00,15,9,6
2017-08-09-22-15-00,10,7,3
2017-08-09-22-30-00,8,4,4
2017-08-09-22-45-00,3,3,0
2017-08-09-23-00-00,4,1,3
2017-08-09-23-15-00,7,3,4
2017-08-09-23-30-00,3,2,1
2017-08-09-23-45-00,1,0,1
2017-08-10-00-00-00,5,3,2
2017-08-10-00-15-00,0,0,0
2017-08-10-00-30-00,0,0,0
2017-08-10-00-45-00,0,0,0
2017-08-10-01-00-00,2,0,2
2017-08-10-01-15-00,0,0,0
2017-08-10-01-30-00,0,0,0
2017-08-10-01-45-00,0,0,0
2017-08-10-02-00-00,0,0,0
2017-08-10-02-15-00,0,0,0
2017-08-10-02-30-00,0,0,0
2017-08-10-02-45-00,0,0,0
2017-08-10-03-00-00,0,0,0
2017-08-10-03-15-00,0,0,0
2017-08-10-03-30-00,0,0,0
2017-08-10-03-45-00,0,0,0
2017-08-10-04-00-00,0,0,0
2017-08-10-04-15-00,1,1,0
2017-08-10-04-30-00,0,0,0
2017-08-10-04-45-00,0,0,0
2017-08-10-05-00-00,0,0,0
2017-08-10-05-15-00,1,1,0
2017-08-10-05-30-00,0,0,0
2017-08-10-05-45-00,3,3,0
2017-08-10-06-00-00,4,1,3
2017-08-10-06-15-00,3,1,2
2017-08-10-06-30-00,4,1,3
2017-08-10-06-45-00,7,3,4
2017-08-10-07-00-00,9,1,8
2017-08-10-07-15-00,3,1,2
2017-08-10-07-30-00,10,2,8
2017-08-10-07-45-00,18,3,15
2017-08-10-08-00-00,14,4,10
2017-08-10-08-15-00,12,1,11
2017-08-10-08-30-00,24,4,20
2017-08-10-08-45-00,20,2,18
2017-08-10-09-00-00,10,1,9
2017-08-10-09-15-00,6,4,2
2017-08-10-09-30-00,4,0,4
2017-08-10-09-45-00,4,1,3
2017-08-10-10-00-00,3,0,3
2017-08-10-10-15-00,0,0,0
2017-08-10-10-30-00,2,1,1
2017-08-10-10-45-00,3,2,1
2017-08-10-11-00-00,7,0,7
2017-08-10-11-15-00,7,2,5
2017-08-10-11-30-00,1,0,1
2017-08-10-11-45-00,4,3,1
2017-08-10-12-00-00,7,1,6
2017-08-10-12-15-00,9,8,1
2017-08-10-12-30-00,8,4,4
2017-08-10-12-45-00,5,1,4
2017-08-10-13-00-00,1,1,0
2017-08-10-13-15-00,3,0,3
2017-08-10-13-30-00,2,2,0
2017-08-10-13-45-00,4,3,1
2017-08-10-14-00-00,14,12,2
2017-08-10-14-15-00,6,3,3
2017-08-10-14-30-00,4,3,1
2017-08-10-14-45-00,4,1,3
2017-08-10-15-00-00,3,1,2
2017-08-10-15-15-00,11,7,4
2017-08-10-15-30-00,4,2,2
2017-08-10-15-45-00,6,5,1
2017-08-10-16-00-00,7,6,1
2017-08-10-16-15-00,11,8,3
2017-08-10-16-30-00,4,3,1
2017-08-10-16-45-00,12,9,3
2017-08-10-17-00-00,17,11,6
2017-08-10-17-15-00,13,10,3
2017-08-10-17-30-00,11,9,2
2017-08-10-17-45-00,12,8,4
2017-08-10-18-00-00,12,9,3
2017-08-10-18-15-00,9,8,1
2017-08-10-18-30-00,9,8,1
2017-08-10-18-45-00,12,6,6
2017-08-10-19-00-00,7,6,1
2017-08-10-19-15-00,4,4,0
2017-08-10-19-30-00,3,2,1
2017-08-10-19-45-00,3,2,1
2017-08-10-20-00-00,3,2,1
2017-08-10-20-15-00,2,1,1
2017-08-10-20-30-00,5,5,0
2017-08-10-20-45-00,9,6,3
2017-08-10-21-00-00,2,1,1
2017-08-10-21-15-00,4,3,1
2017-08-10-21-30-00,4,3,1
2017-08-10-21-45-00,3,0,3
2017-08-10-22-00-00,2,2,0
2017-08-10-22-15-00,0,0,0
2017-08-10-22-30-00,3,3,0
2017-08-10-22-45-00,1,0,1
2017-08-10-23-00-00,0,0,0
2017-08-10-23-15-00,0,0,0
2017-08-10-23-30-00,0,0,0
2017-08-10-23-45-00,0,0,0
2017-08-11-00-00-00,1,1,0
2017-08-11-00-15-00,1,1,0
2017-08-11-00-30-00,0,0,0
2017-08-11-00-45-00,0,0,0
2017-08-11-01-00-00,1,0,1
2017-08-11-01-15-00,0,0,0
2017-08-11-01-30-00,0,0,0
2017-08-11-01-45-00,0,0,0
2017-08-11-02-00-00,0,0,0
2017-08-11-02-15-00,0,0,0
2017-08-11-02-30-00,0,0,0
2017-08-11-02-45-00,0,0,0
2017-08-11-03-00-00,0,0,0
2017-08-11-03-15-00,0,0,0
2017-08-11-03-30-00,0,0,0
2017-08-11-03-45-00,0,0,0
2017-08-11-04-00-00,0,0,0
2017-08-11-04-15-00,0,0,0
2017-08-11-04-30-00,0,0,0
2017-08-11-04-45-00,0,0,0
2017-08-11-05-00-00,0,0,0
2017-08-11-05-15-00,1,1,0
2017-08-11-05-30-00,1,1,0
2017-08-11-05-45-00,2,2,0
2017-08-11-06-00-00,4,0,4
2017-08-11-06-15-00,5,1,4
2017-08-11-06-30-00,9,3,6
2017-08-11-06-45-00,6,3,3
2017-08-11-07-00-00,9,2,7
2017-08-11-07-15-00,7,2,5
2017-08-11-07-30-00,16,5,11
2017-08-11-07-45-00,13,1,12
2017-08-11-08-00-00,9,2,7
2017-08-11-08-15-00,14,1,13
2017-08-11-08-30-00,19,3,16
2017-08-11-08-45-00,20,1,19
2017-08-11-09-00-00,9,1,8
2017-08-11-09-15-00,5,2,3
2017-08-11-09-30-00,5,3,2
2017-08-11-09-45-00,6,4,2
2017-08-11-10-00-00,5,1,4
2017-08-11-10-15-00,8,2,6
2017-08-11-10-30-00,4,1,3
2017-08-11-10-45-00,3,0,3
2017-08-11-11-00-00,6,5,1
2017-08-11-11-15-00,6,3,3
2017-08-11-11-30-00,8,5,3
2017-08-11-11-45-00,9,3,6
2017-08-11-12-00-00,5,2,3
2017-08-11-12-15-00,8,4,4
2017-08-11-12-30-00,11,8,3
2017-08-11-12-45-00,3,1,2
2017-08-11-13-00-00,16,10,6
2017-08-11-13-15-00,5,1,4
2017-08-11-13-30-00,9,8,1
2017-08-11-13-45-00,9,3,6
2017-08-11-14-00-00,17,9,8
2017-08-11-14-15-00,13,8,5
2017-08-11-14-30-00,15,6,9
2017-08-11-14-45-00,12,9,3
2017-08-11-15-00-00,25,11,14
2017-08-11-15-15-00,15,6,9
2017-08-11-15-30-00,9,6,3
2017-08-11-15-45-00,21,16,5
2017-08-11-16-00-00,17,9,8
2017-08-11-16-15-00,19,14,5
2017-08-11-16-30-00,16,8,8
2017-08-11-16-45-00,7,5,2
2017-08-11-17-00-00,15,11,4
2017-08-11-17-15-00,14,12,2
2017-08-11-17-30-00,7,6,1
2017-08-11-17-45-00,11,7,4
2017-08-11-18-00-00,7,4,3
2017-08-11-18-15-00,7,6,1
2017-08-11-18-30-00,4,2,2
2017-08-11-18-45-00,8,4,4
2017-08-11-19-00-00,3,2,1
2017-08-11-19-15-00,9,2,7
2017-08-11-19-30-00,5,4,1
2017-08-11-19-45-00,6,4,2
2017-08-11-20-00-00,9,3,6
2017-08-11-20-15-00,10,3,7
2017-08-11-20-30-00,6,5,1
2017-08-11-20-45-00,2,1,1
2017-08-11-21-00-00,4,4,0
2017-08-11-21-15-00,4,4,0
2017-08-11-21-30-00,0,0,0
2017-08-11-21-45-00,5,4,1
2017-08-11-22-00-00,0,0,0
2017-08-11-22-15-00,2,2,0
2017-08-11-22-30-00,0,0,0
2017-08-11-22-45-00,0,0,0
2017-08-11-23-00-00,2,2,0
2017-08-11-23-15-00,3,1,2
2017-08-11-23-30-00,1,1,0
2017-08-11-23-45-00,0,0,0
2017-08-12-00-00-00,0,0,0
2017-08-12-00-15-00,2,0,2
2017-08-12-00-30-00,0,0,0
2017-08-12-00-45-00,0,0,0
2017-08-12-01-00-00,3,1,2
2017-08-12-01-15-00,0,0,0
2017-08-12-01-30-00,0,0,0
2017-08-12-01-45-00,0,0,0
2017-08-12-02-00-00,0,0,0
2017-08-12-02-15-00,0,0,0
2017-08-12-02-30-00,1,1,0
2017-08-12-02-45-00,0,0,0
2017-08-12-03-00-00,0,0,0
2017-08-12-03-15-00,0,0,0
2017-08-12-03-30-00,1,0,1
2017-08-12-03-45-00,2,1,1
2017-08-12-04-00-00,0,0,0
2017-08-12-04-15-00,0,0,0
2017-08-12-04-30-00,0,0,0
2017-08-12-04-45-00,1,0,1
2017-08-12-05-00-00,1,0,1
2017-08-12-05-15-00,0,0,0
2017-08-12-05-30-00,0,0,0
2017-08-12-05-45-00,1,0,1
2017-08-12-06-00-00,0,0,0
2017-08-12-06-15-00,1,1,0
2017-08-12-06-30-00,2,0,2
2017-08-12-06-45-00,2,1,1
2017-08-12-07-00-00,1,0,1
2017-08-12-07-15-00,5,3,2
2017-08-12-07-30-00,8,3,5
2017-08-12-07-45-00,0,0,0
2017-08-12-08-00-00,4,1,3
2017-08-12-08-15-00,4,2,2
2017-08-12-08-30-00,10,4,6
2017-08-12-08-45-00,7,5,2
2017-08-12-09-00-00,9,6,3
2017-08-12-09-15-00,3,1,2
2017-08-12-09-30-00,3,1,2
2017-08-12-09-45-00,15,5,10
2017-08-12-10-00-00,8,7,1
2017-08-12-10-15-00,9,6,3
2017-08-12-10-30-00,2,1,1
2017-08-12-10-45-00,2,1,1
2017-08-12-11-00-00,3,2,1
2017-08-12-11-15-00,5,1,4
2017-08-12-11-30-00,25,21,4
2017-08-12-11-45-00,2,0,2
2017-08-12-12-00-00,6,4,2
2017-08-12-12-15-00,10,6,4
2017-08-12-12-30-00,4,2,2
2017-08-12-12-45-00,24,14,10
2017-08-12-13-00-00,10,9,1
2017-08-12-13-15-00,10,1,9
2017-08-12-13-30-00,12,6,6
2017-08-12-13-45-00,17,8,9
2017-08-12-14-00-00,12,8,4
2017-08-12-14-15-00,19,12,7
2017-08-12-14-30-00,10,2,8
2017-08-12-14-45-00,8,4,4
2017-08-12-15-00-00,15,11,4
2017-08-12-15-15-00,9,6,3
2017-08-12-15-30-00,7,2,5
2017-08-12-15-45-00,14,3,11
2017-08-12-16-00-00,5,2,3
2017-08-12-16-15-00,7,5,2
2017-08-12-16-30-00,19,12,7
2017-08-12-16-45-00,10,3,7
2017-08-12-17-00-00,24,11,13
2017-08-12-17-15-00,23,19,4
2017-08-12-17-30-00,22,12,10
2017-08-12-17-45-00,14,5,9
2017-08-12-18-00-00,19,12,7
2017-08-12-18-15-00,15,9,6
2017-08-12-18-30-00,12,5,7
2017-08-12-18-45-00,12,9,3
2017-08-12-19-00-00,3,1,2
2017-08-12-19-15-00,8,4,4
2017-08-12-19-30-00,13,9,4
2017-08-12-19-45-00,12,8,4
2017-08-12-20-00-00,3,2,1
2017-08-12-20-15-00,7,4,3
2017-08-12-20-30-00,6,5,1
2017-08-12-20-45-00,8,7,1
2017-08-12-21-00-00,3,1,2
2017-08-12-21-15-00,2,1,1
2017-08-12-21-30-00,0,0,0
2017-08-12-21-45-00,0,0,0
2017-08-12-22-00-00,1,1,0
2017-08-12-22-15-00,2,2,0
2017-08-12-22-30-00,2,0,2
2017-08-12-22-45-00,2,0,2
2017-08-12-23-00-00,4,4,0
2017-08-12-23-15-00,1,1,0
2017-08-12-23-30-00,1,1,0
2017-08-12-23-45-00,0,0,0
2017-08-13-00-00-00,0,0,0
2017-08-13-00-15-00,1,1,0
2017-08-13-00-30-00,0,0,0
2017-08-13-00-45-00,0,0,0
2017-08-13-01-00-00,2,0,2
2017-08-13-01-15-00,3,3,0
2017-08-13-01-30-00,0,0,0
2017-08-13-01-45-00,0,0,0
2017-08-13-02-00-00,0,0,0
2017-08-13-02-15-00,2,2,0
2017-08-13-02-30-00,0,0,0
2017-08-13-02-45-00,2,0,2
2017-08-13-03-00-00,0,0,0
2017-08-13-03-15-00,0,0,0
2017-08-13-03-30-00,0,0,0
2017-08-13-03-45-00,0,0,0
2017-08-13-04-00-00,0,0,0
2017-08-13-04-15-00,0,0,0
2017-08-13-04-30-00,0,0,0
2017-08-13-04-45-00,0,0,0
2017-08-13-05-00-00,0,0,0
2017-08-13-05-15-00,0,0,0
2017-08-13-05-30-00,1,0,1
2017-08-13-05-45-00,2,0,2
2017-08-13-06-00-00,3,0,3
2017-08-13-06-15-00,0,0,0
2017-08-13-06-30-00,0,0,0
2017-08-13-06-45-00,0,0,0
2017-08-13-07-00-00,2,2,0
2017-08-13-07-15-00,4,2,2
2017-08-13-07-30-00,4,3,1
2017-08-13-07-45-00,5,0,5
2017-08-13-08-00-00,6,3,3
2017-08-13-08-15-00,9,6,3
2017-08-13-08-30-00,5,2,3
2017-08-13-08-45-00,11,3,8
2017-08-13-09-00-00,7,1,6
2017-08-13-09-15-00,11,3,8
2017-08-13-09-30-00,15,4,11
2017-08-13-09-45-00,15,4,11
2017-08-13-10-00-00,19,6,13
2017-08-13-10-15-00,42,24,18
2017-08-13-10-30-00,25,9,16
2017-08-13-10-45-00,41,21,20
2017-08-13-11-00-00,56,28,28
2017-08-13-11-15-00,46,17,29
2017-08-13-11-30-00,68,28,40
2017-08-13-11-45-00,62,21,41
2017-08-13-12-00-00,79,30,49
2017-08-13-12-15-00,73,35,38
2017-08-13-12-30-00,58,28,30
2017-08-13-12-45-00,68,26,42
2017-08-13-13-00-00,70,32,38
2017-08-13-13-15-00,91,40,51
2017-08-13-13-30-00,102,44,58
2017-08-13-13-45-00,109,42,67
2017-08-13-14-00-00,120,45,75
2017-08-13-14-15-00,118,56,62
2017-08-13-14-30-00,121,61,60
2017-08-13-14-45-00,108,39,69
2017-08-13-15-00-00,110,51,59
2017-08-13-15-15-00,122,63,59
2017-08-13-15-30-00,116,66,50
2017-08-13-15-45-00,142,59,83
2017-08-13-16-00-00,118,68,50
2017-08-13-16-15-00,148,89,59
2017-08-13-16-30-00,93,53,40
2017-08-13-16-45-00,119,65,54
2017-08-13-17-00-00,100,63,37
2017-08-13-17-15-00,125,68,57
2017-08-13-17-30-00,98,68,30
2017-08-13-17-45-00,113,87,26
2017-08-13-18-00-00,110,65,45
2017-08-13-18-15-00,88,49,39
2017-08-13-18-30-00,109,66,43
2017-08-13-18-45-00,81,49,32
2017-08-13-19-00-00,77,54,23
2017-08-13-19-15-00,73,54,19
2017-08-13-19-30-00,76,34,42
2017-08-13-19-45-00,58,38,20
2017-08-13-20-00-00,47,37,10
2017-08-13-20-15-00,36,31,5
2017-08-13-20-30-00,45,30,15
2017-08-13-20-45-00,31,19,12
2017-08-13-21-00-00,25,19,6
2017-08-13-21-15-00,14,7,7
2017-08-13-21-30-00,13,9,4
2017-08-13-21-45-00,17,8,9
2017-08-13-22-00-00,4,4,0
2017-08-13-22-15-00,8,6,2
2017-08-13-22-30-00,11,9,2
2017-08-13-22-45-00,6,6,0
2017-08-13-23-00-00,0,0,0
2017-08-13-23-15-00,1,1,0
2017-08-13-23-30-00,3,3,0
2017-08-13-23-45-00,0,0,0
2017-08-14-00-00-00,1,0,1
2017-08-14-00-15-00,0,0,0
2017-08-14-00-30-00,0,0,0
2017-08-14-00-45-00,0,0,0
2017-08-14-01-00-00,3,3,0
2017-08-14-01-15-00,1,1,0
2017-08-14-01-30-00,0,0,0
2017-08-14-01-45-00,0,0,0
2017-08-14-02-00-00,0,0,0
2017-08-14-02-15-00,0,0,0
2017-08-14-02-30-00,0,0,0
2017-08-14-02-45-00,0,0,0
2017-08-14-03-00-00,0,0,0
2017-08-14-03-15-00,0,0,0
2017-08-14-03-30-00,0,0,0
2017-08-14-03-45-00,0,0,0
2017-08-14-04-00-00,0,0,0
2017-08-14-04-15-00,0,0,0
2017-08-14-04-30-00,0,0,0
2017-08-14-04-45-00,0,0,0
2017-08-14-05-00-00,0,0,0
2017-08-14-05-15-00,0,0,0
2017-08-14-05-30-00,2,1,1
2017-08-14-05-45-00,6,3,3
2017-08-14-06-00-00,9,3,6
2017-08-14-06-15-00,15,7,8
2017-08-14-06-30-00,10,2,8
2017-08-14-06-45-00,19,7,12
2017-08-14-07-00-00,32,11,21
2017-08-14-07-15-00,29,13,16
2017-08-14-07-30-00,52,14,38
2017-08-14-07-45-00,41,12,29
2017-08-14-08-00-00,29,6,23
2017-08-14-08-15-00,55,7,48
2017-08-14-08-30-00,52,15,37
2017-08-14-08-45-00,43,6,37
2017-08-14-09-00-00,27,5,22
2017-08-14-09-15-00,28,6,22
2017-08-14-09-30-00,32,5,27
2017-08-14-09-45-00,25,9,16
2017-08-14-10-00-00,31,9,22
2017-08-14-10-15-00,34,10,24
2017-08-14-10-30-00,34,14,20
2017-08-14-10-45-00,29,11,18
2017-08-14-11-00-00,45,21,24
2017-08-14-11-15-00,54,19,35
2017-08-14-11-30-00,57,17,40
2017-08-14-11-45-00,41,28,13
2017-08-14-12-00-00,62,27,35
2017-08-14-12-15-00,63,25,38
2017-08-14-12-30-00,54,18,36
2017-08-14-12-45-00,51,24,27
2017-08-14-13-00-00,71,33,38
2017-08-14-13-15-00,69,40,29
2017-08-14-13-30-00,73,30,43
2017-08-14-13-45-00,60,26,34
2017-08-14-14-00-00,60,35,25
2017-08-14-14-15-00,66,33,33
2017-08-14-14-30-00,65,30,35
2017-08-14-14-45-00,90,46,44
2017-08-14-15-00-00,66,30,36
2017-08-14-15-15-00,63,33,30
2017-08-14-15-30-00,70,46,24
2017-08-14-15-45-00,87,47,40
2017-08-14-16-00-00,105,73,32
2017-08-14-16-15-00,95,71,24
2017-08-14-16-30-00,85,60,25
2017-08-14-16-45-00,112,64,48
2017-08-14-17-00-00,81,58,23
2017-08-14-17-15-00,95,60,35
2017-08-14-17-30-00,107,74,33
2017-08-14-17-45-00,107,71,36
2017-08-14-18-00-00,91,56,35
2017-08-14-18-15-00,97,69,28
2017-08-14-18-30-00,62,28,34
2017-08-14-18-45-00,83,51,32
2017-08-14-19-00-00,76,47,29
2017-08-14-19-15-00,65,35,30
2017-08-14-19-30-00,67,41,26
2017-08-14-19-45-00,59,28,31
2017-08-14-20-00-00,45,23,22
2017-08-14-20-15-00,42,21,21
2017-08-14-20-30-00,49,32,17
2017-08-14-20-45-00,17,13,4
2017-08-14-21-00-00,20,13,7
2017-08-14-21-15-00,27,14,13
2017-08-14-21-30-00,15,7,8
2017-08-14-21-45-00,18,8,10
2017-08-14-22-00-00,13,7,6
2017-08-14-22-15-00,5,3,2
2017-08-14-22-30-00,5,5,0
2017-08-14-22-45-00,6,3,3
2017-08-14-23-00-00,3,1,2
2017-08-14-23-15-00,3,3,0
2017-08-14-23-30-00,0,0,0
2017-08-14-23-45-00,0,0,0
2017-08-15-00-00-00,4,2,2
2017-08-15-00-15-00,0,0,0
2017-08-15-00-30-00,2,2,0
2017-08-15-00-45-00,1,0,1
2017-08-15-01-00-00,0,0,0
2017-08-15-01-15-00,2,0,2
2017-08-15-01-30-00,0,0,0
2017-08-15-01-45-00,2,0,2
2017-08-15-02-00-00,0,0,0
2017-08-15-02-15-00,0,0,0
2017-08-15-02-30-00,0,0,0
2017-08-15-02-45-00,0,0,0
2017-08-15-03-00-00,0,0,0
2017-08-15-03-15-00,0,0,0
2017-08-15-03-30-00,0,0,0
2017-08-15-03-45-00,1,0,1
2017-08-15-04-00-00,0,0,0
2017-08-15-04-15-00,0,0,0
2017-08-15-04-30-00,0,0,0
2017-08-15-04-45-00,0,0,0
2017-08-15-05-00-00,0,0,0
2017-08-15-05-15-00,1,1,0
2017-08-15-05-30-00,3,1,2
2017-08-15-05-45-00,2,2,0
2017-08-15-06-00-00,5,2,3
2017-08-15-06-15-00,9,4,5
2017-08-15-06-30-00,13,6,7
2017-08-15-06-45-00,23,9,14
2017-08-15-07-00-00,18,9,9
2017-08-15-07-15-00,28,10,18
2017-08-15-07-30-00,44,13,31
2017-08-15-07-45-00,50,11,39
2017-08-15-08-00-00,49,8,41
2017-08-15-08-15-00,38,11,27
2017-08-15-08-30-00,41,10,31
2017-08-15-08-45-00,56,10,46
2017-08-15-09-00-00,37,11,26
2017-08-15-09-15-00,32,8,24
2017-08-15-09-30-00,22,9,13
2017-08-15-09-45-00,32,11,21
2017-08-15-10-00-00,36,15,21
2017-08-15-10-15-00,27,11,16
2017-08-15-10-30-00,25,10,15
2017-08-15-10-45-00,16,5,11
2017-08-15-11-00-00,17,8,9
2017-08-15-11-15-00,10,6,4
2017-08-15-11-30-00,13,5,8
2017-08-15-11-45-00,18,6,12
2017-08-15-12-00-00,7,6,1
2017-08-15-12-15-00,6,5,1
2017-08-15-12-30-00,5,5,0
2017-08-15-12-45-00,7,4,3
2017-08-15-13-00-00,13,10,3
2017-08-15-13-15-00,9,6,3
2017-08-15-13-30-00,11,5,6
2017-08-15-13-45-00,17,7,10
2017-08-15-14-00-00,13,6,7
2017-08-15-14-15-00,19,13,6
2017-08-15-14-30-00,24,14,10
2017-08-15-14-45-00,14,10,4
2017-08-15-15-00-00,22,17,5
2017-08-15-15-15-00,19,6,13
2017-08-15-15-30-00,13,9,4
2017-08-15-15-45-00,20,10,10
2017-08-15-16-00-00,27,17,10
2017-08-15-16-15-00,37,19,18
2017-08-15-16-30-00,52,38,14
2017-08-15-16-45-00,48,27,21
2017-08-15-17-00-00,51,38,13
2017-08-15-17-15-00,51,35,16
2017-08-15-17-30-00,43,34,9
2017-08-15-17-45-00,47,33,14
2017-08-15-18-00-00,41,23,18
2017-08-15-18-15-00,45,31,14
2017-08-15-18-30-00,29,21,8
2017-08-15-18-45-00,40,23,17
2017-08-15-19-00-00,25,18,7
2017-08-15-19-15-00,27,10,17
2017-08-15-19-30-00,28,17,11
2017-08-15-19-45-00,25,12,13
2017-08-15-20-00-00,24,16,8
2017-08-15-20-15-00,30,19,11
2017-08-15-20-30-00,27,22,5
2017-08-15-20-45-00,14,7,7
2017-08-15-21-00-00,11,8,3
2017-08-15-21-15-00,5,5,0
2017-08-15-21-30-00,10,6,4
2017-08-15-21-45-00,9,7,2
2017-08-15-22-00-00,6,4,2
2017-08-15-22-15-00,24,21,3
2017-08-15-22-30-00,5,4,1
2017-08-15-22-45-00,1,0,1
2017-08-15-23-00-00,0,0,0
2017-08-15-23-15-00,0,0,0
2017-08-15-23-30-00,1,1,0
2017-08-15-23-45-00,0,0,0
2017-08-16-00-00-00,0,0,0
2017-08-16-00-15-00,0,0,0
2017-08-16-00-30-00,1,0,1
2017-08-16-00-45-00,1,1,0
2017-08-16-01-00-00,0,0,0
2017-08-16-01-15-00,0,0,0
2017-08-16-01-30-00,0,0,0
2017-08-16-01-45-00,1,0,1
2017-08-16-02-00-00,0,0,0
2017-08-16-02-15-00,0,0,0
2017-08-16-02-30-00,0,0,0
2017-08-16-02-45-00,0,0,0
2017-08-16-03-00-00,0,0,0
2017-08-16-03-15-00,0,0,0
2017-08-16-03-30-00,1,1,0
2017-08-16-03-45-00,0,0,0
2017-08-16-04-00-00,0,0,0
2017-08-16-04-15-00,0,0,0
2017-08-16-04-30-00,0,0,0
2017-08-16-04-45-00,0,0,0
2017-08-16-05-00-00,0,0,0
2017-08-16-05-15-00,1,1,0
2017-08-16-05-30-00,2,1,1
2017-08-16-05-45-00,4,0,4
2017-08-16-06-00-00,6,3,3
2017-08-16-06-15-00,10,6,4
2017-08-16-06-30-00,15,4,11
2017-08-16-06-45-00,20,11,9
2017-08-16-07-00-00,27,13,14
2017-08-16-07-15-00,26,9,17
2017-08-16-07-30-00,48,10,38
2017-08-16-07-45-00,45,13,32
2017-08-16-08-00-00,42,9,33
2017-08-16-08-15-00,43,7,36
2017-08-16-08-30-00,43,5,38
2017-08-16-08-45-00,47,10,37
2017-08-16-09-00-00,41,14,27
2017-08-16-09-15-00,32,6,26
2017-08-16-09-30-00,18,6,12
2017-08-16-09-45-00,18,9,9
2017-08-16-10-00-00,35,10,25
2017-08-16-10-15-00,22,16,6
2017-08-16-10-30-00,38,16,22
2017-08-16-10-45-00,33,11,22
2017-08-16-11-00-00,42,17,25
2017-08-16-11-15-00,53,26,27
2017-08-16-11-30-00,20,12,8
2017-08-16-11-45-00,55,33,22
2017-08-16-12-00-00,36,18,18
2017-08-16-12-15-00,48,21,27
2017-08-16-12-30-00,54,27,27
2017-08-16-12-45-00,57,30,27
2017-08-16-13-00-00,79,42,37
2017-08-16-13-15-00,65,29,36
2017-08-16-13-30-00,57,26,31
2017-08-16-13-45-00,75,36,39
2017-08-16-14-00-00,47,23,24
2017-08-16-14-15-00,63,32,31
2017-08-16-14-30-00,63,33,30
2017-08-16-14-45-00,93,54,39
2017-08-16-15-00-00,54,25,29
2017-08-16-15-15-00,87,46,41
2017-08-16-15-30-00,67,44,23
2017-08-16-15-45-00,64,43,21
2017-08-16-16-00-00,85,47,38
2017-08-16-16-15-00,108,63,45
2017-08-16-16-30-00,81,58,23
2017-08-16-16-45-00,100,62,38
2017-08-16-17-00-00,77,50,27
2017-08-16-17-15-00,86,57,29
2017-08-16-17-30-00,93,70,23
2017-08-16-17-45-00,94,57,37
2017-08-16-18-00-00,92,62,30
2017-08-16-18-15-00,69,36,33
2017-08-16-18-30-00,104,63,41
2017-08-16-18-45-00,76,48,28
2017-08-16-19-00-00,56,37,19
2017-08-16-19-15-00,71,30,41
2017-08-16-19-30-00,63,33,30
2017-08-16-19-45-00,54,28,26
2017-08-16-20-00-00,57,30,27
2017-08-16-20-15-00,70,41,29
2017-08-16-20-30-00,45,34,11
2017-08-16-20-45-00,32,21,11
2017-08-16-21-00-00,25,15,10
2017-08-16-21-15-00,30,19,11
2017-08-16-21-30-00,18,15,3
2017-08-16-21-45-00,8,5,3
2017-08-16-22-00-00,26,13,13
2017-08-16-22-15-00,18,14,4
2017-08-16-22-30-00,15,13,2
2017-08-16-22-45-00,5,5,0
2017-08-16-23-00-00,9,3,6
2017-08-16-23-15-00,0,0,0
2017-08-16-23-30-00,1,0,1
2017-08-16-23-45-00,6,1,5
2017-08-17-00-00-00,2,0,2
2017-08-17-00-15-00,0,0,0
2017-08-17-00-30-00,1,0,1
2017-08-17-00-45-00,0,0,0
2017-08-17-01-00-00,1,1,0
2017-08-17-01-15-00,0,0,0
2017-08-17-01-30-00,0,0,0
2017-08-17-01-45-00,2,1,1
2017-08-17-02-00-00,0,0,0
2017-08-17-02-15-00,0,0,0
2017-08-17-02-30-00,0,0,0
2017-08-17-02-45-00,0,0,0
2017-08-17-03-00-00,0,0,0
2017-08-17-03-15-00,0,0,0
2017-08-17-03-30-00,0,0,0
2017-08-17-03-45-00,1,1,0
2017-08-17-04-00-00,1,1,0
2017-08-17-04-15-00,0,0,0
2017-08-17-04-30-00,0,0,0
2017-08-17-04-45-00,0,0,0
2017-08-17-05-00-00,0,0,0
2017-08-17-05-15-00,0,0,0
2017-08-17-05-30-00,4,3,1
2017-08-17-05-45-00,2,0,2
2017-08-17-06-00-00,9,4,5
2017-08-17-06-15-00,7,2,5
2017-08-17-06-30-00,14,4,10
2017-08-17-06-45-00,16,7,9
2017-08-17-07-00-00,28,10,18
2017-08-17-07-15-00,30,14,16
2017-08-17-07-30-00,40,10,30
2017-08-17-07-45-00,43,11,32
2017-08-17-08-00-00,50,17,33
2017-08-17-08-15-00,34,4,30
2017-08-17-08-30-00,51,10,41
2017-08-17-08-45-00,49,8,41
2017-08-17-09-00-00,29,9,20
2017-08-17-09-15-00,29,13,16
2017-08-17-09-30-00,16,6,10
2017-08-17-09-45-00,36,16,20
2017-08-17-10-00-00,25,9,16
2017-08-17-10-15-00,24,7,17
2017-08-17-10-30-00,46,24,22
2017-08-17-10-45-00,35,19,16
2017-08-17-11-00-00,31,18,13
2017-08-17-11-15-00,37,20,17
2017-08-17-11-30-00,32,17,15
2017-08-17-11-45-00,35,16,19
2017-08-17-12-00-00,35,13,22
2017-08-17-12-15-00,37,27,10
2017-08-17-12-30-00,30,15,15
2017-08-17-12-45-00,25,11,14
2017-08-17-13-00-00,21,10,11
2017-08-17-13-15-00,20,10,10
2017-08-17-13-30-00,30,18,12
2017-08-17-13-45-00,35,19,16
2017-08-17-14-00-00,29,20,9
2017-08-17-14-15-00,23,7,16
2017-08-17-14-30-00,7,4,3
2017-08-17-14-45-00,22,13,9
2017-08-17-15-00-00,15,11,4
2017-08-17-15-15-00,10,10,0
2017-08-17-15-30-00,9,5,4
2017-08-17-15-45-00,15,10,5
2017-08-17-16-00-00,32,24,8
2017-08-17-16-15-00,37,20,17
2017-08-17-16-30-00,39,30,9
2017-08-17-16-45-00,27,19,8
2017-08-17-17-00-00,51,37,14
2017-08-17-17-15-00,47,33,14
2017-08-17-17-30-00,43,32,11
2017-08-17-17-45-00,53,41,12
2017-08-17-18-00-00,38,28,10
2017-08-17-18-15-00,34,20,14
2017-08-17-18-30-00,40,20,20
2017-08-17-18-45-00,34,23,11
2017-08-17-19-00-00,28,14,14
2017-08-17-19-15-00,27,10,17
2017-08-17-19-30-00,23,14,9
2017-08-17-19-45-00,12,9,3
2017-08-17-20-00-00,19,11,8
2017-08-17-20-15-00,18,9,9
2017-08-17-20-30-00,19,14,5
2017-08-17-20-45-00,11,3,8
2017-08-17-21-00-00,7,3,4
2017-08-17-21-15-00,11,8,3
2017-08-17-21-30-00,8,7,1
2017-08-17-21-45-00,8,5,3
2017-08-17-22-00-00,6,2,4
2017-08-17-22-15-00,8,2,6
2017-08-17-22-30-00,9,8,1
2017-08-17-22-45-00,8,5,3
2017-08-17-23-00-00,4,3,1
2017-08-17-23-15-00,5,2,3
2017-08-17-23-30-00,0,0,0
2017-08-17-23-45-00,0,0,0
2017-08-18-00-00-00,0,0,0
2017-08-18-00-15-00,0,0,0
2017-08-18-00-30-00,1,1,0
2017-08-18-00-45-00,1,1,0
2017-08-18-01-00-00,0,0,0
2017-08-18-01-15-00,0,0,0
2017-08-18-01-30-00,0,0,0
2017-08-18-01-45-00,0,0,0
2017-08-18-02-00-00,0,0,0
2017-08-18-02-15-00,0,0,0
2017-08-18-02-30-00,0,0,0
2017-08-18-02-45-00,0,0,0
2017-08-18-03-00-00,0,0,0
2017-08-18-03-15-00,0,0,0
2017-08-18-03-30-00,0,0,0
2017-08-18-03-45-00,0,0,0
2017-08-18-04-00-00,0,0,0
2017-08-18-04-15-00,1,1,0
2017-08-18-04-30-00,0,0,0
2017-08-18-04-45-00,0,0,0
2017-08-18-05-00-00,0,0,0
2017-08-18-05-15-00,0,0,0
2017-08-18-05-30-00,0,0,0
2017-08-18-05-45-00,3,2,1
2017-08-18-06-00-00,2,1,1
2017-08-18-06-15-00,8,2,6
2017-08-18-06-30-00,6,4,2
2017-08-18-06-45-00,7,3,4
2017-08-18-07-00-00,7,5,2
2017-08-18-07-15-00,7,1,6
2017-08-18-07-30-00,16,4,12
2017-08-18-07-45-00,6,1,5
2017-08-18-08-00-00,11,3,8
2017-08-18-08-15-00,11,0,11
2017-08-18-08-30-00,10,3,7
2017-08-18-08-45-00,7,1,6
2017-08-18-09-00-00,7,2,5
2017-08-18-09-15-00,10,3,7
2017-08-18-09-30-00,4,0,4
2017-08-18-09-45-00,2,1,1
2017-08-18-10-00-00,2,1,1
2017-08-18-10-15-00,6,3,3
2017-08-18-10-30-00,6,3,3
2017-08-18-10-45-00,25,23,2
2017-08-18-11-00-00,5,2,3
2017-08-18-11-15-00,5,2,3
2017-08-18-11-30-00,4,2,2
2017-08-18-11-45-00,4,3,1
2017-08-18-12-00-00,5,3,2
2017-08-18-12-15-00,10,3,7
2017-08-18-12-30-00,11,10,1
2017-08-18-12-45-00,7,5,2
2017-08-18-13-00-00,1,0,1
2017-08-18-13-15-00,8,4,4
2017-08-18-13-30-00,8,7,1
2017-08-18-13-45-00,4,2,2
2017-08-18-14-00-00,5,3,2
2017-08-18-14-15-00,7,5,2
2017-08-18-14-30-00,7,4,3
2017-08-18-14-45-00,15,13,2
2017-08-18-15-00-00,4,3,1
2017-08-18-15-15-00,12,8,4
2017-08-18-15-30-00,10,4,6
2017-08-18-15-45-00,12,10,2
2017-08-18-16-00-00,15,10,5
2017-08-18-16-15-00,3,2,1
2017-08-18-16-30-00,8,5,3
2017-08-18-16-45-00,8,4,4
2017-08-18-17-00-00,11,9,2
2017-08-18-17-15-00,7,5,2
2017-08-18-17-30-00,8,6,2
2017-08-18-17-45-00,24,16,8
2017-08-18-18-00-00,8,5,3
2017-08-18-18-15-00,7,5,2
2017-08-18-18-30-00,18,11,7
2017-08-18-18-45-00,9,6,3
2017-08-18-19-00-00,12,7,5
2017-08-18-19-15-00,10,6,4
2017-08-18-19-30-00,15,5,10
2017-08-18-19-45-00,11,4,7
2017-08-18-20-00-00,16,7,9
2017-08-18-20-15-00,9,2,7
2017-08-18-20-30-00,5,4,1
2017-08-18-20-45-00,7,3,4
2017-08-18-21-00-00,11,5,6
2017-08-18-21-15-00,2,1,1
2017-08-18-21-30-00,2,2,0
2017-08-18-21-45-00,2,0,2
2017-08-18-22-00-00,7,5,2
2017-08-18-22-15-00,5,5,0
2017-08-18-22-30-00,4,3,1
2017-08-18-22-45-00,6,1,5
2017-08-18-23-00-00,2,0,2
2017-08-18-23-15-00,2,1,1
2017-08-18-23-30-00,1,1,0
2017-08-18-23-45-00,1,1,0
2017-08-19-00-00-00,0,0,0
2017-08-19-00-15-00,2,0,2
2017-08-19-00-30-00,0,0,0
2017-08-19-00-45-00,0,0,0
2017-08-19-01-00-00,1,1,0
2017-08-19-01-15-00,1,0,1
2017-08-19-01-30-00,2,1,1
2017-08-19-01-45-00,0,0,0
2017-08-19-02-00-00,0,0,0
2017-08-19-02-15-00,2,2,0
2017-08-19-02-30-00,0,0,0
2017-08-19-02-45-00,1,0,1
2017-08-19-03-00-00,0,0,0
2017-08-19-03-15-00,0,0,0
2017-08-19-03-30-00,0,0,0
2017-08-19-03-45-00,0,0,0
2017-08-19-04-00-00,0,0,0
2017-08-19-04-15-00,0,0,0
2017-08-19-04-30-00,0,0,0
2017-08-19-04-45-00,0,0,0
2017-08-19-05-00-00,1,0,1
2017-08-19-05-15-00,0,0,0
2017-08-19-05-30-00,1,0,1
2017-08-19-05-45-00,0,0,0
2017-08-19-06-00-00,1,1,0
2017-08-19-06-15-00,0,0,0
2017-08-19-06-30-00,2,0,2
2017-08-19-06-45-00,1,1,0
2017-08-19-07-00-00,1,1,0
2017-08-19-07-15-00,4,2,2
2017-08-19-07-30-00,9,4,5
2017-08-19-07-45-00,3,0,3
2017-08-19-08-00-00,14,2,12
2017-08-19-08-15-00,6,5,1
2017-08-19-08-30-00,10,2,8
2017-08-19-08-45-00,14,2,12
2017-08-19-09-00-00,22,9,13
2017-08-19-09-15-00,15,8,7
2017-08-19-09-30-00,19,5,14
2017-08-19-09-45-00,32,14,18
2017-08-19-10-00-00,44,14,30
2017-08-19-10-15-00,40,11,29
2017-08-19-10-30-00,52,11,41
2017-08-19-10-45-00,52,22,30
2017-08-19-11-00-00,48,13,35
2017-08-19-11-15-00,45,24,21
2017-08-19-11-30-00,59,32,27
2017-08-19-11-45-00,58,27,31
2017-08-19-12-00-00,62,28,34
2017-08-19-12-15-00,42,20,22
2017-08-19-12-30-00,52,24,28
2017-08-19-12-45-00,50,26,24
2017-08-19-13-00-00,24,11,13
2017-08-19-13-15-00,45,21,24
2017-08-19-13-30-00,54,43,11
2017-08-19-13-45-00,58,34,24
2017-08-19-14-00-00,45,22,23
2017-08-19-14-15-00,65,34,31
2017-08-19-14-30-00,68,33,35
2017-08-19-14-45-00,29,10,19
2017-08-19-15-00-00,37,32,5
2017-08-19-15-15-00,32,23,9
2017-08-19-15-30-00,49,21,28
2017-08-19-15-45-00,46,30,16
2017-08-19-16-00-00,51,20,31
2017-08-19-16-15-00,63,29,34
2017-08-19-16-30-00,35,22,13
2017-08-19-16-45-00,57,20,37
2017-08-19-17-00-00,41,21,20
2017-08-19-17-15-00,42,26,16
2017-08-19-17-30-00,39,20,19
2017-08-19-17-45-00,40,27,13
2017-08-19-18-00-00,40,21,19
2017-08-19-18-15-00,27,20,7
2017-08-19-18-30-00,39,19,20
2017-08-19-18-45-00,32,16,16
2017-08-19-19-00-00,12,7,5
2017-08-19-19-15-00,13,9,4
2017-08-19-19-30-00,20,7,13
2017-08-19-19-45-00,4,0,4
2017-08-19-20-00-00,11,7,4
2017-08-19-20-15-00,7,5,2
2017-08-19-20-30-00,9,4,5
2017-08-19-20-45-00,6,4,2
2017-08-19-21-00-00,8,6,2
2017-08-19-21-15-00,10,9,1
2017-08-19-21-30-00,6,6,0
2017-08-19-21-45-00,4,2,2
2017-08-19-22-00-00,8,6,2
2017-08-19-22-15-00,6,4,2
2017-08-19-22-30-00,2,1,1
2017-08-19-22-45-00,0,0,0
2017-08-19-23-00-00,0,0,0
2017-08-19-23-15-00,3,1,2
2017-08-19-23-30-00,1,1,0
2017-08-19-23-45-00,2,0,2
2017-08-20-00-00-00,0,0,0
2017-08-20-00-15-00,0,0,0
2017-08-20-00-30-00,3,1,2
2017-08-20-00-45-00,0,0,0
2017-08-20-01-00-00,0,0,0
2017-08-20-01-15-00,1,1,0
2017-08-20-01-30-00,0,0,0
2017-08-20-01-45-00,0,0,0
2017-08-20-02-00-00,2,2,0
2017-08-20-02-15-00,0,0,0
2017-08-20-02-30-00,0,0,0
2017-08-20-02-45-00,0,0,0
2017-08-20-03-00-00,0,0,0
2017-08-20-03-15-00,0,0,0
2017-08-20-03-30-00,0,0,0
2017-08-20-03-45-00,0,0,0
2017-08-20-04-00-00,0,0,0
2017-08-20-04-15-00,0,0,0
2017-08-20-04-30-00,0,0,0
2017-08-20-04-45-00,0,0,0
2017-08-20-05-00-00,0,0,0
2017-08-20-05-15-00,0,0,0
2017-08-20-05-30-00,0,0,0
2017-08-20-05-45-00,0,0,0
2017-08-20-06-00-00,0,0,0
2017-08-20-06-15-00,3,2,1
2017-08-20-06-30-00,1,1,0
2017-08-20-06-45-00,0,0,0
2017-08-20-07-00-00,2,1,1
2017-08-20-07-15-00,1,1,0
2017-08-20-07-30-00,4,0,4
2017-08-20-07-45-00,4,0,4
2017-08-20-08-00-00,9,5,4
2017-08-20-08-15-00,6,1,5
2017-08-20-08-30-00,8,2,6
2017-08-20-08-45-00,6,5,1
2017-08-20-09-00-00,9,6,3
2017-08-20-09-15-00,16,3,13
2017-08-20-09-30-00,17,8,9
2017-08-20-09-45-00,32,16,16
2017-08-20-10-00-00,38,21,17
2017-08-20-10-15-00,19,12,7
2017-08-20-10-30-00,38,24,14
2017-08-20-10-45-00,32,22,10
2017-08-20-11-00-00,42,18,24
2017-08-20-11-15-00,45,25,20
2017-08-20-11-30-00,50,13,37
2017-08-20-11-45-00,49,27,22
2017-08-20-12-00-00,46,18,28
2017-08-20-12-15-00,46,9,37
2017-08-20-12-30-00,49,19,30
2017-08-20-12-45-00,51,15,36
2017-08-20-13-00-00,48,20,28
2017-08-20-13-15-00,52,16,36
2017-08-20-13-30-00,56,32,24
2017-08-20-13-45-00,69,32,37
2017-08-20-14-00-00,69,33,36
2017-08-20-14-15-00,56,20,36
2017-08-20-14-30-00,54,29,25
2017-08-20-14-45-00,66,37,29
2017-08-20-15-00-00,96,44,52
2017-08-20-15-15-00,65,37,28
2017-08-20-15-30-00,86,51,35
2017-08-20-15-45-00,85,54,31
2017-08-20-16-00-00,85,37,48
2017-08-20-16-15-00,95,51,44
2017-08-20-16-30-00,86,46,40
2017-08-20-16-45-00,81,45,36
2017-08-20-17-00-00,74,36,38
2017-08-20-17-15-00,76,47,29
2017-08-20-17-30-00,99,52,47
2017-08-20-17-45-00,76,50,26
2017-08-20-18-00-00,57,38,19
2017-08-20-18-15-00,47,24,23
2017-08-20-18-30-00,78,54,24
2017-08-20-18-45-00,53,26,27
2017-08-20-19-00-00,41,19,22
2017-08-20-19-15-00,42,29,13
2017-08-20-19-30-00,38,31,7
2017-08-20-19-45-00,21,14,7
2017-08-20-20-00-00,24,14,10
2017-08-20-20-15-00,33,18,15
2017-08-20-20-30-00,22,16,6
2017-08-20-20-45-00,20,10,10
2017-08-20-21-00-00,13,8,5
2017-08-20-21-15-00,6,3,3
2017-08-20-21-30-00,7,0,7
2017-08-20-21-45-00,6,3,3
2017-08-20-22-00-00,5,5,0
2017-08-20-22-15-00,2,2,0
2017-08-20-22-30-00,0,0,0
2017-08-20-22-45-00,8,0,8
2017-08-20-23-00-00,3,2,1
2017-08-20-23-15-00,2,1,1
2017-08-20-23-30-00,1,1,0
2017-08-20-23-45-00,0,0,0
2017-08-21-00-00-00,0,0,0
2017-08-21-00-15-00,0,0,0
2017-08-21-00-30-00,0,0,0
2017-08-21-00-45-00,1,1,0
2017-08-21-01-00-00,0,0,0
2017-08-21-01-15-00,0,0,0
2017-08-21-01-30-00,0,0,0
2017-08-21-01-45-00,0,0,0
2017-08-21-02-00-00,0,0,0
2017-08-21-02-15-00,0,0,0
2017-08-21-02-30-00,0,0,0
2017-08-21-02-45-00,0,0,0
2017-08-21-03-00-00,0,0,0
2017-08-21-03-15-00,0,0,0
2017-08-21-03-30-00,0,0,0
2017-08-21-03-45-00,1,0,1
2017-08-21-04-00-00,1,1,0
2017-08-21-04-15-00,0,0,0
2017-08-21-04-30-00,0,0,0
2017-08-21-04-45-00,0,0,0
2017-08-21-05-00-00,0,0,0
2017-08-21-05-15-00,1,0,1
2017-08-21-05-30-00,2,0,2
2017-08-21-05-45-00,5,1,4
2017-08-21-06-00-00,8,4,4
2017-08-21-06-15-00,10,4,6
2017-08-21-06-30-00,14,4,10
2017-08-21-06-45-00,15,2,13
2017-08-21-07-00-00,17,8,9
2017-08-21-07-15-00,37,13,24
2017-08-21-07-30-00,43,12,31
2017-08-21-07-45-00,57,15,42
2017-08-21-08-00-00,46,8,38
2017-08-21-08-15-00,52,13,39
2017-08-21-08-30-00,53,12,41
2017-08-21-08-45-00,56,9,47
2017-08-21-09-00-00,33,10,23
2017-08-21-09-15-00,27,6,21
2017-08-21-09-30-00,21,7,14
2017-08-21-09-45-00,23,10,13
2017-08-21-10-00-00,15,5,10
2017-08-21-10-15-00,18,9,9
2017-08-21-10-30-00,23,13,10
2017-08-21-10-45-00,31,14,17
2017-08-21-11-00-00,36,16,20
2017-08-21-11-15-00,28,15,13
2017-08-21-11-30-00,40,16,24
2017-08-21-11-45-00,32,13,19
2017-08-21-12-00-00,25,17,8
2017-08-21-12-15-00,32,11,21
2017-08-21-12-30-00,38,17,21
2017-08-21-12-45-00,30,12,18
2017-08-21-13-00-00,26,14,12
2017-08-21-13-15-00,43,17,26
2017-08-21-13-30-00,33,17,16
2017-08-21-13-45-00,43,22,21
2017-08-21-14-00-00,45,21,24
2017-08-21-14-15-00,53,23,30
2017-08-21-14-30-00,60,34,26
2017-08-21-14-45-00,62,32,30
2017-08-21-15-00-00,54,27,27
2017-08-21-15-15-00,48,23,25
2017-08-21-15-30-00,69,34,35
2017-08-21-15-45-00,64,36,28
2017-08-21-16-00-00,75,48,27
2017-08-21-16-15-00,87,50,37
2017-08-21-16-30-00,73,44,29
2017-08-21-16-45-00,80,58,22
2017-08-21-17-00-00,94,58,36
2017-08-21-17-15-00,99,71,28
2017-08-21-17-30-00,93,58,35
2017-08-21-17-45-00,97,65,32
2017-08-21-18-00-00,85,56,29
2017-08-21-18-15-00,90,68,22
2017-08-21-18-30-00,68,48,20
2017-08-21-18-45-00,64,38,26
2017-08-21-19-00-00,63,41,22
2017-08-21-19-15-00,53,25,28
2017-08-21-19-30-00,68,28,40
2017-08-21-19-45-00,63,28,35
2017-08-21-20-00-00,29,18,11
2017-08-21-20-15-00,44,28,16
2017-08-21-20-30-00,26,13,13
2017-08-21-20-45-00,22,14,8
2017-08-21-21-00-00,25,15,10
2017-08-21-21-15-00,16,7,9
2017-08-21-21-30-00,8,4,4
2017-08-21-21-45-00,15,14,1
2017-08-21-22-00-00,7,7,0
2017-08-21-22-15-00,11,10,1
2017-08-21-22-30-00,4,1,3
2017-08-21-22-45-00,2,1,1
2017-08-21-23-00-00,1,0,1
2017-08-21-23-15-00,1,0,1
2017-08-21-23-30-00,0,0,0
2017-08-21-23-45-00,0,0,0
2017-08-22-00-00-00,0,0,0
2017-08-22-00-15-00,3,0,3
2017-08-22-00-30-00,0,0,0
2017-08-22-00-45-00,0,0,0
2017-08-22-01-00-00,0,0,0
2017-08-22-01-15-00,0,0,0
2017-08-22-01-30-00,1,0,1
2017-08-22-01-45-00,3,0,3
2017-08-22-02-00-00,0,0,0
2017-08-22-02-15-00,0,0,0
2017-08-22-02-30-00,0,0,0
2017-08-22-02-45-00,0,0,0
2017-08-22-03-00-00,0,0,0
2017-08-22-03-15-00,0,0,0
2017-08-22-03-30-00,0,0,0
2017-08-22-03-45-00,1,1,0
2017-08-22-04-00-00,0,0,0
2017-08-22-04-15-00,0,0,0
2017-08-22-04-30-00,0,0,0
2017-08-22-04-45-00,0,0,0
2017-08-22-05-00-00,0,0,0
2017-08-22-05-15-00,1,0,1
2017-08-22-05-30-00,3,1,2
2017-08-22-05-45-00,2,1,1
2017-08-22-06-00-00,8,4,4
2017-08-22-06-15-00,15,2,13
2017-08-22-06-30-00,12,3,9
2017-08-22-06-45-00,20,7,13
2017-08-22-07-00-00,23,9,14
2017-08-22-07-15-00,34,13,21
2017-08-22-07-30-00,33,15,18
2017-08-22-07-45-00,65,10,55
2017-08-22-08-00-00,64,19,45
2017-08-22-08-15-00,51,11,40
2017-08-22-08-30-00,56,13,43
2017-08-22-08-45-00,60,9,51
2017-08-22-09-00-00,48,11,37
2017-08-22-09-15-00,31,8,23
2017-08-22-09-30-00,14,6,8
2017-08-22-09-45-00,26,9,17
2017-08-22-10-00-00,22,11,11
2017-08-22-10-15-00,40,23,17
2017-08-22-10-30-00,47,18,29
2017-08-22-10-45-00,38,10,28
2017-08-22-11-00-00,35,14,21
2017-08-22-11-15-00,46,20,26
2017-08-22-11-30-00,49,19,30
2017-08-22-11-45-00,62,29,33
2017-08-22-12-00-00,43,17,26
2017-08-22-12-15-00,43,16,27
2017-08-22-12-30-00,63,33,30
2017-08-22-12-45-00,57,13,44
2017-08-22-13-00-00,51,25,26
2017-08-22-13-15-00,43,10,33
2017-08-22-13-30-00,63,30,33
2017-08-22-13-45-00,61,31,30
2017-08-22-14-00-00,67,36,31
2017-08-22-14-15-00,50,30,20
2017-08-22-14-30-00,63,37,26
2017-08-22-14-45-00,72,40,32
2017-08-22-15-00-00,68,32,36
2017-08-22-15-15-00,89,51,38
2017-08-22-15-30-00,67,32,35
2017-08-22-15-45-00,76,44,32
2017-08-22-16-00-00,84,45,39
2017-08-22-16-15-00,98,54,44
2017-08-22-16-30-00,113,58,55
2017-08-22-16-45-00,121,78,43
2017-08-22-17-00-00,106,66,40
2017-08-22-17-15-00,126,77,49
2017-08-22-17-30-00,111,78,33
2017-08-22-17-45-00,111,71,40
2017-08-22-18-00-00,107,61,46
2017-08-22-18-15-00,119,72,47
2017-08-22-18-30-00,134,73,61
2017-08-22-18-45-00,113,69,44
2017-08-22-19-00-00,78,43,35
2017-08-22-19-15-00,89,47,42
2017-08-22-19-30-00,97,54,43
2017-08-22-19-45-00,74,40,34
2017-08-22-20-00-00,62,41,21
2017-08-22-20-15-00,70,44,26
2017-08-22-20-30-00,54,31,23
2017-08-22-20-45-00,54,35,19
2017-08-22-21-00-00,34,23,11
2017-08-22-21-15-00,39,26,13
2017-08-22-21-30-00,36,29,7
2017-08-22-21-45-00,17,9,8
2017-08-22-22-00-00,8,7,1
2017-08-22-22-15-00,14,12,2
2017-08-22-22-30-00,12,10,2
2017-08-22-22-45-00,10,8,2
2017-08-22-23-00-00,8,4,4
2017-08-22-23-15-00,4,1,3
2017-08-22-23-30-00,2,0,2
2017-08-22-23-45-00,5,2,3
2017-08-23-00-00-00,1,0,1
2017-08-23-00-15-00,3,0,3
2017-08-23-00-30-00,0,0,0
2017-08-23-00-45-00,0,0,0
2017-08-23-01-00-00,2,0,2
2017-08-23-01-15-00,0,0,0
2017-08-23-01-30-00,0,0,0
2017-08-23-01-45-00,1,1,0
2017-08-23-02-00-00,0,0,0
2017-08-23-02-15-00,0,0,0
2017-08-23-02-30-00,1,1,0
2017-08-23-02-45-00,0,0,0
2017-08-23-03-00-00,0,0,0
2017-08-23-03-15-00,0,0,0
2017-08-23-03-30-00,0,0,0
2017-08-23-03-45-00,0,0,0
2017-08-23-04-00-00,0,0,0
2017-08-23-04-15-00,0,0,0
2017-08-23-04-30-00,0,0,0
2017-08-23-04-45-00,0,0,0
2017-08-23-05-00-00,0,0,0
2017-08-23-05-15-00,0,0,0
2017-08-23-05-30-00,4,2,2
2017-08-23-05-45-00,4,1,3
2017-08-23-06-00-00,10,4,6
2017-08-23-06-15-00,6,4,2
2017-08-23-06-30-00,21,5,16
2017-08-23-06-45-00,23,9,14
2017-08-23-07-00-00,31,9,22
2017-08-23-07-15-00,26,9,17
2017-08-23-07-30-00,50,13,37
2017-08-23-07-45-00,73,17,56
2017-08-23-08-00-00,49,15,34
2017-08-23-08-15-00,60,10,50
2017-08-23-08-30-00,69,15,54
2017-08-23-08-45-00,58,16,42
2017-08-23-09-00-00,45,11,34
2017-08-23-09-15-00,33,7,26
2017-08-23-09-30-00,22,7,15
2017-08-23-09-45-00,44,15,29
2017-08-23-10-00-00,20,11,9
2017-08-23-10-15-00,33,12,21
2017-08-23-10-30-00,48,20,28
2017-08-23-10-45-00,39,13,26
2017-08-23-11-00-00,51,23,28
2017-08-23-11-15-00,52,14,38
2017-08-23-11-30-00,65,19,46
2017-08-23-11-45-00,41,22,19
2017-08-23-12-00-00,58,23,35
2017-08-23-12-15-00,68,30,38
2017-08-23-12-30-00,60,23,37
2017-08-23-12-45-00,57,24,33
2017-08-23-13-00-00,54,22,32
2017-08-23-13-15-00,62,37,25
2017-08-23-13-30-00,48,22,26
2017-08-23-13-45-00,62,17,45
2017-08-23-14-00-00,66,42,24
2017-08-23-14-15-00,77,44,33
2017-08-23-14-30-00,81,47,34
2017-08-23-14-45-00,69,44,25
2017-08-23-15-00-00,81,40,41
2017-08-23-15-15-00,99,62,37
2017-08-23-15-30-00,82,53,29
2017-08-23-15-45-00,106,64,42
2017-08-23-16-00-00,113,63,50
2017-08-23-16-15-00,117,70,47
2017-08-23-16-30-00,132,88,44
2017-08-23-16-45-00,103,64,39
2017-08-23-17-00-00,118,73,45
2017-08-23-17-15-00,120,83,37
2017-08-23-17-30-00,112,81,31
2017-08-23-17-45-00,135,84,51
2017-08-23-18-00-00,122,72,50
2017-08-23-18-15-00,125,82,43
2017-08-23-18-30-00,137,83,54
2017-08-23-18-45-00,143,79,64
2017-08-23-19-00-00,99,50,49
2017-08-23-19-15-00,102,59,43
2017-08-23-19-30-00,83,46,37
2017-08-23-19-45-00,98,39,59
2017-08-23-20-00-00,71,38,33
2017-08-23-20-15-00,68,38,30
2017-08-23-20-30-00,56,40,16
2017-08-23-20-45-00,62,38,24
2017-08-23-21-00-00,53,34,19
2017-08-23-21-15-00,23,11,12
2017-08-23-21-30-00,20,15,5
2017-08-23-21-45-00,18,16,2
2017-08-23-22-00-00,11,5,6
2017-08-23-22-15-00,21,12,9
2017-08-23-22-30-00,21,17,4
2017-08-23-22-45-00,13,6,7
2017-08-23-23-00-00,12,4,8
2017-08-23-23-15-00,7,5,2
2017-08-23-23-30-00,5,3,2
2017-08-23-23-45-00,1,1,0
2017-08-24-00-00-00,2,0,2
2017-08-24-00-15-00,2,2,0
2017-08-24-00-30-00,2,0,2
2017-08-24-00-45-00,1,0,1
2017-08-24-01-00-00,0,0,0
2017-08-24-01-15-00,2,1,1
2017-08-24-01-30-00,0,0,0
2017-08-24-01-45-00,1,1,0
2017-08-24-02-00-00,1,0,1
2017-08-24-02-15-00,2,2,0
2017-08-24-02-30-00,0,0,0
2017-08-24-02-45-00,2,0,2
2017-08-24-03-00-00,0,0,0
2017-08-24-03-15-00,0,0,0
2017-08-24-03-30-00,0,0,0
2017-08-24-03-45-00,0,0,0
2017-08-24-04-00-00,0,0,0
2017-08-24-04-15-00,0,0,0
2017-08-24-04-30-00,0,0,0
2017-08-24-04-45-00,0,0,0
2017-08-24-05-00-00,0,0,0
2017-08-24-05-15-00,0,0,0
2017-08-24-05-30-00,2,1,1
2017-08-24-05-45-00,5,1,4
2017-08-24-06-00-00,5,2,3
2017-08-24-06-15-00,10,3,7
2017-08-24-06-30-00,14,8,6
2017-08-24-06-45-00,20,8,12
2017-08-24-07-00-00,23,8,15
2017-08-24-07-15-00,35,15,20
2017-08-24-07-30-00,33,11,22
2017-08-24-07-45-00,65,18,47
2017-08-24-08-00-00,55,16,39
2017-08-24-08-15-00,49,12,37
2017-08-24-08-30-00,60,14,46
2017-08-24-08-45-00,60,10,50
2017-08-24-09-00-00,42,9,33
2017-08-24-09-15-00,42,14,28
2017-08-24-09-30-00,30,8,22
2017-08-24-09-45-00,29,13,16
2017-08-24-10-00-00,19,8,11
2017-08-24-10-15-00,19,6,13
2017-08-24-10-30-00,23,9,14
2017-08-24-10-45-00,27,15,12
2017-08-24-11-00-00,23,9,14
2017-08-24-11-15-00,31,10,21
2017-08-24-11-30-00,25,18,7
2017-08-24-11-45-00,47,22,25
2017-08-24-12-00-00,32,14,18
2017-08-24-12-15-00,56,27,29
2017-08-24-12-30-00,58,19,39
2017-08-24-12-45-00,30,14,16
2017-08-24-13-00-00,42,18,24
2017-08-24-13-15-00,35,12,23
2017-08-24-13-30-00,38,18,20
2017-08-24-13-45-00,52,32,20
2017-08-24-14-00-00,37,20,17
2017-08-24-14-15-00,42,19,23
2017-08-24-14-30-00,51,25,26
2017-08-24-14-45-00,52,29,23
2017-08-24-15-00-00,44,22,22
2017-08-24-15-15-00,75,33,42
2017-08-24-15-30-00,59,36,23
2017-08-24-15-45-00,65,47,18
2017-08-24-16-00-00,61,39,22
2017-08-24-16-15-00,87,52,35
2017-08-24-16-30-00,90,50,40
2017-08-24-16-45-00,97,61,36
2017-08-24-17-00-00,92,58,34
2017-08-24-17-15-00,90,67,23
2017-08-24-17-30-00,90,49,41
2017-08-24-17-45-00,85,53,32
2017-08-24-18-00-00,124,76,48
2017-08-24-18-15-00,84,48,36
2017-08-24-18-30-00,79,47,32
2017-08-24-18-45-00,99,53,46
2017-08-24-19-00-00,86,49,37
2017-08-24-19-15-00,73,45,28
2017-08-24-19-30-00,49,26,23
2017-08-24-19-45-00,67,39,28
2017-08-24-20-00-00,54,33,21
2017-08-24-20-15-00,47,29,18
2017-08-24-20-30-00,39,19,20
2017-08-24-20-45-00,48,30,18
2017-08-24-21-00-00,10,4,6
2017-08-24-21-15-00,18,13,5
2017-08-24-21-30-00,23,7,16
2017-08-24-21-45-00,19,12,7
2017-08-24-22-00-00,15,2,13
2017-08-24-22-15-00,10,10,0
2017-08-24-22-30-00,6,4,2
2017-08-24-22-45-00,3,3,0
2017-08-24-23-00-00,2,2,0
2017-08-24-23-15-00,8,3,5
2017-08-24-23-30-00,1,1,0
2017-08-24-23-45-00,2,2,0
2017-08-25-00-00-00,2,0,2
2017-08-25-00-15-00,0,0,0
2017-08-25-00-30-00,0,0,0
2017-08-25-00-45-00,2,1,1
2017-08-25-01-00-00,1,0,1
2017-08-25-01-15-00,0,0,0
2017-08-25-01-30-00,0,0,0
2017-08-25-01-45-00,0,0,0
2017-08-25-02-00-00,1,0,1
2017-08-25-02-15-00,0,0,0
2017-08-25-02-30-00,1,0,1
2017-08-25-02-45-00,0,0,0
2017-08-25-03-00-00,0,0,0
2017-08-25-03-15-00,0,0,0
2017-08-25-03-30-00,0,0,0
2017-08-25-03-45-00,0,0,0
2017-08-25-04-00-00,0,0,0
2017-08-25-04-15-00,0,0,0
2017-08-25-04-30-00,0,0,0
2017-08-25-04-45-00,0,0,0
2017-08-25-05-00-00,0,0,0
2017-08-25-05-15-00,1,0,1
2017-08-25-05-30-00,1,1,0
2017-08-25-05-45-00,4,1,3
2017-08-25-06-00-00,6,1,5
2017-08-25-06-15-00,13,5,8
2017-08-25-06-30-00,14,6,8
2017-08-25-06-45-00,22,8,14
2017-08-25-07-00-00,21,5,16
2017-08-25-07-15-00,34,16,18
2017-08-25-07-30-00,38,8,30
2017-08-25-07-45-00,48,8,40
2017-08-25-08-00-00,39,18,21
2017-08-25-08-15-00,54,11,43
2017-08-25-08-30-00,40,13,27
2017-08-25-08-45-00,45,6,39
2017-08-25-09-00-00,30,12,18
2017-08-25-09-15-00,35,18,17
2017-08-25-09-30-00,16,8,8
2017-08-25-09-45-00,35,12,23
2017-08-25-10-00-00,14,8,6
2017-08-25-10-15-00,18,7,11
2017-08-25-10-30-00,29,19,10
2017-08-25-10-45-00,37,22,15
2017-08-25-11-00-00,51,27,24
2017-08-25-11-15-00,36,18,18
2017-08-25-11-30-00,33,11,22
2017-08-25-11-45-00,45,20,25
2017-08-25-12-00-00,44,21,23
2017-08-25-12-15-00,63,32,31
2017-08-25-12-30-00,27,11,16
2017-08-25-12-45-00,40,25,15
2017-08-25-13-00-00,27,9,18
2017-08-25-13-15-00,33,18,15
2017-08-25-13-30-00,53,35,18
2017-08-25-13-45-00,50,21,29
2017-08-25-14-00-00,52,39,13
2017-08-25-14-15-00,59,33,26
2017-08-25-14-30-00,64,39,25
2017-08-25-14-45-00,74,38,36
2017-08-25-15-00-00,52,37,15
2017-08-25-15-15-00,55,36,19
2017-08-25-15-30-00,60,27,33
2017-08-25-15-45-00,68,35,33
2017-08-25-16-00-00,68,44,24
2017-08-25-16-15-00,66,42,24
2017-08-25-16-30-00,61,36,25
2017-08-25-16-45-00,61,46,15
2017-08-25-17-00-00,41,21,20
2017-08-25-17-15-00,56,34,22
2017-08-25-17-30-00,56,39,17
2017-08-25-17-45-00,49,29,20
2017-08-25-18-00-00,56,29,27
2017-08-25-18-15-00,41,28,13
2017-08-25-18-30-00,27,15,12
2017-08-25-18-45-00,30,15,15
2017-08-25-19-00-00,37,18,19
2017-08-25-19-15-00,31,16,15
2017-08-25-19-30-00,14,9,5
2017-08-25-19-45-00,20,11,9
2017-08-25-20-00-00,12,4,8
2017-08-25-20-15-00,10,7,3
2017-08-25-20-30-00,14,5,9
2017-08-25-20-45-00,9,7,2
2017-08-25-21-00-00,16,4,12
2017-08-25-21-15-00,7,6,1
2017-08-25-21-30-00,2,1,1
2017-08-25-21-45-00,10,9,1
2017-08-25-22-00-00,5,3,2
2017-08-25-22-15-00,8,8,0
2017-08-25-22-30-00,5,4,1
2017-08-25-22-45-00,1,1,0
2017-08-25-23-00-00,5,4,1
2017-08-25-23-15-00,2,2,0
2017-08-25-23-30-00,5,5,0
2017-08-25-23-45-00,0,0,0
2017-08-26-00-00-00,2,2,0
2017-08-26-00-15-00,2,1,1
2017-08-26-00-30-00,2,0,2
2017-08-26-00-45-00,0,0,0
2017-08-26-01-00-00,0,0,0
2017-08-26-01-15-00,1,0,1
2017-08-26-01-30-00,0,0,0
2017-08-26-01-45-00,0,0,0
2017-08-26-02-00-00,0,0,0
2017-08-26-02-15-00,1,0,1
2017-08-26-02-30-00,0,0,0
2017-08-26-02-45-00,1,0,1
2017-08-26-03-00-00,0,0,0
2017-08-26-03-15-00,0,0,0
2017-08-26-03-30-00,0,0,0
2017-08-26-03-45-00,0,0,0
2017-08-26-04-00-00,0,0,0
2017-08-26-04-15-00,0,0,0
2017-08-26-04-30-00,0,0,0
2017-08-26-04-45-00,0,0,0
2017-08-26-05-00-00,0,0,0
2017-08-26-05-15-00,0,0,0
2017-08-26-05-30-00,0,0,0
2017-08-26-05-45-00,2,2,0
2017-08-26-06-00-00,2,1,1
2017-08-26-06-15-00,1,0,1
2017-08-26-06-30-00,1,0,1
2017-08-26-06-45-00,2,1,1
2017-08-26-07-00-00,1,1,0
2017-08-26-07-15-00,4,1,3
2017-08-26-07-30-00,4,4,0
2017-08-26-07-45-00,3,2,1
2017-08-26-08-00-00,5,4,1
2017-08-26-08-15-00,6,2,4
2017-08-26-08-30-00,6,2,4
2017-08-26-08-45-00,5,2,3
2017-08-26-09-00-00,12,9,3
2017-08-26-09-15-00,16,8,8
2017-08-26-09-30-00,17,10,7
2017-08-26-09-45-00,16,11,5
2017-08-26-10-00-00,18,12,6
2017-08-26-10-15-00,18,3,15
2017-08-26-10-30-00,14,7,7
2017-08-26-10-45-00,22,9,13
2017-08-26-11-00-00,41,18,23
2017-08-26-11-15-00,21,8,13
2017-08-26-11-30-00,53,24,29
2017-08-26-11-45-00,52,31,21
2017-08-26-12-00-00,46,23,23
2017-08-26-12-15-00,43,23,20
2017-08-26-12-30-00,37,21,16
2017-08-26-12-45-00,71,30,41
2017-08-26-13-00-00,46,17,29
2017-08-26-13-15-00,35,18,17
2017-08-26-13-30-00,48,24,24
2017-08-26-13-45-00,49,20,29
2017-08-26-14-00-00,63,31,32
2017-08-26-14-15-00,48,22,26
2017-08-26-14-30-00,66,31,35
2017-08-26-14-45-00,59,35,24
2017-08-26-15-00-00,38,17,21
2017-08-26-15-15-00,58,36,22
2017-08-26-15-30-00,59,31,28
2017-08-26-15-45-00,62,27,35
2017-08-26-16-00-00,43,27,16
2017-08-26-16-15-00,53,38,15
2017-08-26-16-30-00,65,37,28
2017-08-26-16-45-00,75,40,35
2017-08-26-17-00-00,54,30,24
2017-08-26-17-15-00,72,36,36
2017-08-26-17-30-00,54,24,30
2017-08-26-17-45-00,77,40,37
2017-08-26-18-00-00,53,33,20
2017-08-26-18-15-00,58,34,24
2017-08-26-18-30-00,32,16,16
2017-08-26-18-45-00,51,25,26
2017-08-26-19-00-00,39,21,18
2017-08-26-19-15-00,37,17,20
2017-08-26-19-30-00,34,17,17
2017-08-26-19-45-00,37,15,22
2017-08-26-20-00-00,26,14,12
2017-08-26-20-15-00,27,12,15
2017-08-26-20-30-00,32,19,13
2017-08-26-20-45-00,25,18,7
2017-08-26-21-00-00,18,11,7
2017-08-26-21-15-00,6,3,3
2017-08-26-21-30-00,11,7,4
2017-08-26-21-45-00,9,5,4
2017-08-26-22-00-00,6,5,1
2017-08-26-22-15-00,14,4,10
2017-08-26-22-30-00,6,6,0
2017-08-26-22-45-00,12,10,2
2017-08-26-23-00-00,9,9,0
2017-08-26-23-15-00,5,5,0
2017-08-26-23-30-00,2,2,0
2017-08-26-23-45-00,7,5,2
2017-08-27-00-00-00,2,1,1
2017-08-27-00-15-00,1,0,1
2017-08-27-00-30-00,2,0,2
2017-08-27-00-45-00,4,2,2
2017-08-27-01-00-00,3,3,0
2017-08-27-01-15-00,2,0,2
2017-08-27-01-30-00,1,1,0
2017-08-27-01-45-00,2,1,1
2017-08-27-02-00-00,0,0,0
2017-08-27-02-15-00,0,0,0
2017-08-27-02-30-00,2,1,1
2017-08-27-02-45-00,1,0,1
2017-08-27-03-00-00,0,0,0
2017-08-27-03-15-00,1,0,1
2017-08-27-03-30-00,0,0,0
2017-08-27-03-45-00,1,1,0
2017-08-27-04-00-00,0,0,0
2017-08-27-04-15-00,2,2,0
2017-08-27-04-30-00,0,0,0
2017-08-27-04-45-00,2,0,2
2017-08-27-05-00-00,0,0,0
2017-08-27-05-15-00,0,0,0
2017-08-27-05-30-00,0,0,0
2017-08-27-05-45-00,2,2,0
2017-08-27-06-00-00,4,2,2
2017-08-27-06-15-00,0,0,0
2017-08-27-06-30-00,4,2,2
2017-08-27-06-45-00,4,1,3
2017-08-27-07-00-00,1,1,0
2017-08-27-07-15-00,2,1,1
2017-08-27-07-30-00,3,2,1
2017-08-27-07-45-00,2,1,1
2017-08-27-08-00-00,10,2,8
2017-08-27-08-15-00,10,3,7
2017-08-27-08-30-00,11,5,6
2017-08-27-08-45-00,13,7,6
2017-08-27-09-00-00,17,6,11
2017-08-27-09-15-00,28,14,14
2017-08-27-09-30-00,20,11,9
2017-08-27-09-45-00,27,9,18
2017-08-27-10-00-00,49,22,27
2017-08-27-10-15-00,39,18,21
2017-08-27-10-30-00,66,28,38
2017-08-27-10-45-00,62,31,31
2017-08-27-11-00-00,58,15,43
2017-08-27-11-15-00,60,34,26
2017-08-27-11-30-00,72,34,38
2017-08-27-11-45-00,88,44,44
2017-08-27-12-00-00,79,46,33
2017-08-27-12-15-00,62,37,25
2017-08-27-12-30-00,95,43,52
2017-08-27-12-45-00,79,38,41
2017-08-27-13-00-00,105,44,61
2017-08-27-13-15-00,96,35,61
2017-08-27-13-30-00,110,54,56
2017-08-27-13-45-00,101,54,47
2017-08-27-14-00-00,104,45,59
2017-08-27-14-15-00,129,69,60
2017-08-27-14-30-00,125,47,78
2017-08-27-14-45-00,142,67,75
2017-08-27-15-00-00,113,53,60
2017-08-27-15-15-00,150,66,84
2017-08-27-15-30-00,101,59,42
2017-08-27-15-45-00,125,69,56
2017-08-27-16-00-00,167,83,84
2017-08-27-16-15-00,120,68,52
2017-08-27-16-30-00,154,69,85
2017-08-27-16-45-00,151,76,75
2017-08-27-17-00-00,142,96,46
2017-08-27-17-15-00,142,63,79
2017-08-27-17-30-00,99,61,38
2017-08-27-17-45-00,106,59,47
2017-08-27-18-00-00,108,58,50
2017-08-27-18-15-00,74,45,29
2017-08-27-18-30-00,70,41,29
2017-08-27-18-45-00,86,56,30
2017-08-27-19-00-00,98,61,37
2017-08-27-19-15-00,72,45,27
2017-08-27-19-30-00,62,43,19
2017-08-27-19-45-00,79,50,29
2017-08-27-20-00-00,39,20,19
2017-08-27-20-15-00,49,38,11
2017-08-27-20-30-00,42,31,11
2017-08-27-20-45-00,28,23,5
2017-08-27-21-00-00,29,26,3
2017-08-27-21-15-00,19,13,6
2017-08-27-21-30-00,13,11,2
2017-08-27-21-45-00,15,10,5
2017-08-27-22-00-00,12,11,1
2017-08-27-22-15-00,10,7,3
2017-08-27-22-30-00,11,10,1
2017-08-27-22-45-00,6,4,2
2017-08-27-23-00-00,3,1,2
2017-08-27-23-15-00,1,1,0
2017-08-27-23-30-00,1,1,0
2017-08-27-23-45-00,0,0,0
2017-08-28-00-00-00,0,0,0
2017-08-28-00-15-00,2,2,0
2017-08-28-00-30-00,0,0,0
2017-08-28-00-45-00,0,0,0
2017-08-28-01-00-00,0,0,0
2017-08-28-01-15-00,3,0,3
2017-08-28-01-30-00,0,0,0
2017-08-28-01-45-00,0,0,0
2017-08-28-02-00-00,0,0,0
2017-08-28-02-15-00,0,0,0
2017-08-28-02-30-00,0,0,0
2017-08-28-02-45-00,0,0,0
2017-08-28-03-00-00,0,0,0
2017-08-28-03-15-00,0,0,0
2017-08-28-03-30-00,0,0,0
2017-08-28-03-45-00,0,0,0
2017-08-28-04-00-00,0,0,0
2017-08-28-04-15-00,0,0,0
2017-08-28-04-30-00,0,0,0
2017-08-28-04-45-00,0,0,0
2017-08-28-05-00-00,0,0,0
2017-08-28-05-15-00,1,0,1
2017-08-28-05-30-00,1,0,1
2017-08-28-05-45-00,7,3,4
2017-08-28-06-00-00,10,5,5
2017-08-28-06-15-00,11,6,5
2017-08-28-06-30-00,15,4,11
2017-08-28-06-45-00,31,9,22
2017-08-28-07-00-00,33,12,21
2017-08-28-07-15-00,38,14,24
2017-08-28-07-30-00,55,14,41
2017-08-28-07-45-00,57,7,50
2017-08-28-08-00-00,56,18,38
2017-08-28-08-15-00,63,14,49
2017-08-28-08-30-00,64,10,54
2017-08-28-08-45-00,69,14,55
2017-08-28-09-00-00,45,10,35
2017-08-28-09-15-00,36,16,20
2017-08-28-09-30-00,20,7,13
2017-08-28-09-45-00,28,10,18
2017-08-28-10-00-00,20,5,15
2017-08-28-10-15-00,28,16,12
2017-08-28-10-30-00,26,9,17
2017-08-28-10-45-00,32,13,19
2017-08-28-11-00-00,40,12,28
2017-08-28-11-15-00,38,19,19
2017-08-28-11-30-00,33,20,13
2017-08-28-11-45-00,44,26,18
2017-08-28-12-00-00,59,28,31
2017-08-28-12-15-00,44,16,28
2017-08-28-12-30-00,46,31,15
2017-08-28-12-45-00,57,18,39
2017-08-28-13-00-00,34,13,21
2017-08-28-13-15-00,47,26,21
2017-08-28-13-30-00,75,41,34
2017-08-28-13-45-00,57,28,29
2017-08-28-14-00-00,45,17,28
2017-08-28-14-15-00,51,25,26
2017-08-28-14-30-00,58,33,25
2017-08-28-14-45-00,60,36,24
2017-08-28-15-00-00,53,31,22
2017-08-28-15-15-00,68,44,24
2017-08-28-15-30-00,77,38,39
2017-08-28-15-45-00,73,41,32
2017-08-28-16-00-00,78,47,31
2017-08-28-16-15-00,78,43,35
2017-08-28-16-30-00,86,43,43
2017-08-28-16-45-00,99,57,42
2017-08-28-17-00-00,103,80,23
2017-08-28-17-15-00,133,98,35
2017-08-28-17-30-00,96,72,24
2017-08-28-17-45-00,110,73,37
2017-08-28-18-00-00,95,72,23
2017-08-28-18-15-00,102,68,34
2017-08-28-18-30-00,83,52,31
2017-08-28-18-45-00,83,47,36
2017-08-28-19-00-00,92,46,46
2017-08-28-19-15-00,80,43,37
2017-08-28-19-30-00,89,46,43
2017-08-28-19-45-00,70,41,29
2017-08-28-20-00-00,46,21,25
2017-08-28-20-15-00,55,34,21
2017-08-28-20-30-00,29,13,16
2017-08-28-20-45-00,31,15,16
2017-08-28-21-00-00,20,15,5
2017-08-28-21-15-00,12,7,5
2017-08-28-21-30-00,11,9,2
2017-08-28-21-45-00,14,8,6
2017-08-28-22-00-00,7,2,5
2017-08-28-22-15-00,8,4,4
2017-08-28-22-30-00,4,4,0
2017-08-28-22-45-00,2,1,1
2017-08-28-23-00-00,1,0,1
2017-08-28-23-15-00,8,2,6
2017-08-28-23-30-00,2,0,2
2017-08-28-23-45-00,6,2,4
2017-08-29-00-00-00,2,1,1
2017-08-29-00-15-00,0,0,0
2017-08-29-00-30-00,6,4,2
2017-08-29-00-45-00,0,0,0
2017-08-29-01-00-00,1,1,0
2017-08-29-01-15-00,0,0,0
2017-08-29-01-30-00,0,0,0
2017-08-29-01-45-00,2,2,0
2017-08-29-02-00-00,0,0,0
2017-08-29-02-15-00,0,0,0
2017-08-29-02-30-00,0,0,0
2017-08-29-02-45-00,0,0,0
2017-08-29-03-00-00,0,0,0
2017-08-29-03-15-00,0,0,0
2017-08-29-03-30-00,0,0,0
2017-08-29-03-45-00,0,0,0
2017-08-29-04-00-00,0,0,0
2017-08-29-04-15-00,0,0,0
2017-08-29-04-30-00,0,0,0
2017-08-29-04-45-00,0,0,0
2017-08-29-05-00-00,0,0,0
2017-08-29-05-15-00,0,0,0
2017-08-29-05-30-00,4,1,3
2017-08-29-05-45-00,4,1,3
2017-08-29-06-00-00,6,3,3
2017-08-29-06-15-00,12,7,5
2017-08-29-06-30-00,17,5,12
2017-08-29-06-45-00,34,12,22
2017-08-29-07-00-00,34,11,23
2017-08-29-07-15-00,52,21,31
2017-08-29-07-30-00,56,21,35
2017-08-29-07-45-00,73,18,55
2017-08-29-08-00-00,75,18,57
2017-08-29-08-15-00,71,24,47
2017-08-29-08-30-00,68,11,57
2017-08-29-08-45-00,70,13,57
2017-08-29-09-00-00,56,14,42
2017-08-29-09-15-00,32,6,26
2017-08-29-09-30-00,44,13,31
2017-08-29-09-45-00,39,16,23
2017-08-29-10-00-00,38,19,19
2017-08-29-10-15-00,35,15,20
2017-08-29-10-30-00,42,16,26
2017-08-29-10-45-00,39,15,24
2017-08-29-11-00-00,42,19,23
2017-08-29-11-15-00,60,12,48
2017-08-29-11-30-00,70,33,37
2017-08-29-11-45-00,59,19,40
2017-08-29-12-00-00,60,23,37
2017-08-29-12-15-00,45,18,27
2017-08-29-12-30-00,51,22,29
2017-08-29-12-45-00,55,31,24
2017-08-29-13-00-00,56,26,30
2017-08-29-13-15-00,57,28,29
2017-08-29-13-30-00,54,29,25
2017-08-29-13-45-00,50,32,18
2017-08-29-14-00-00,65,43,22
2017-08-29-14-15-00,65,35,30
2017-08-29-14-30-00,59,23,36
2017-08-29-14-45-00,60,37,23
2017-08-29-15-00-00,59,28,31
2017-08-29-15-15-00,57,38,19
2017-08-29-15-30-00,51,31,20
2017-08-29-15-45-00,78,49,29
2017-08-29-16-00-00,88,58,30
2017-08-29-16-15-00,91,48,43
2017-08-29-16-30-00,110,62,48
2017-08-29-16-45-00,126,82,44
2017-08-29-17-00-00,91,55,36
2017-08-29-17-15-00,86,59,27
2017-08-29-17-30-00,114,77,37
2017-08-29-17-45-00,105,63,42
2017-08-29-18-00-00,112,72,40
2017-08-29-18-15-00,108,66,42
2017-08-29-18-30-00,86,62,24
2017-08-29-18-45-00,103,71,32
2017-08-29-19-00-00,93,50,43
2017-08-29-19-15-00,119,62,57
2017-08-29-19-30-00,100,57,43
2017-08-29-19-45-00,101,55,46
2017-08-29-20-00-00,85,50,35
2017-08-29-20-15-00,66,44,22
2017-08-29-20-30-00,52,27,25
2017-08-29-20-45-00,47,30,17
2017-08-29-21-00-00,40,25,15
2017-08-29-21-15-00,18,13,5
2017-08-29-21-30-00,17,8,9
2017-08-29-21-45-00,18,15,3
2017-08-29-22-00-00,16,7,9
2017-08-29-22-15-00,19,14,5
2017-08-29-22-30-00,5,2,3
2017-08-29-22-45-00,10,6,4
2017-08-29-23-00-00,6,2,4
2017-08-29-23-15-00,8,6,2
2017-08-29-23-30-00,0,0,0
2017-08-29-23-45-00,6,2,4
2017-08-30-00-00-00,5,1,4
2017-08-30-00-15-00,3,2,1
2017-08-30-00-30-00,2,2,0
2017-08-30-00-45-00,2,2,0
2017-08-30-01-00-00,0,0,0
2017-08-30-01-15-00,0,0,0
2017-08-30-01-30-00,0,0,0
2017-08-30-01-45-00,5,5,0
2017-08-30-02-00-00,0,0,0
2017-08-30-02-15-00,0,0,0
2017-08-30-02-30-00,0,0,0
2017-08-30-02-45-00,0,0,0
2017-08-30-03-00-00,0,0,0
2017-08-30-03-15-00,0,0,0
2017-08-30-03-30-00,0,0,0
2017-08-30-03-45-00,0,0,0
2017-08-30-04-00-00,0,0,0
2017-08-30-04-15-00,0,0,0
2017-08-30-04-30-00,1,0,1
2017-08-30-04-45-00,0,0,0
2017-08-30-05-00-00,0,0,0
2017-08-30-05-15-00,2,0,2
2017-08-30-05-30-00,3,1,2
2017-08-30-05-45-00,5,1,4
2017-08-30-06-00-00,6,2,4
2017-08-30-06-15-00,16,10,6
2017-08-30-06-30-00,17,6,11
2017-08-30-06-45-00,35,12,23
2017-08-30-07-00-00,34,12,22
2017-08-30-07-15-00,31,14,17
2017-08-30-07-30-00,61,27,34
2017-08-30-07-45-00,69,13,56
2017-08-30-08-00-00,61,16,45
2017-08-30-08-15-00,57,10,47
2017-08-30-08-30-00,70,16,54
2017-08-30-08-45-00,50,15,35
2017-08-30-09-00-00,35,14,21
2017-08-30-09-15-00,30,10,20
2017-08-30-09-30-00,32,13,19
2017-08-30-09-45-00,37,23,14
2017-08-30-10-00-00,28,9,19
2017-08-30-10-15-00,26,14,12
2017-08-30-10-30-00,19,9,10
2017-08-30-10-45-00,28,13,15
2017-08-30-11-00-00,20,8,12
2017-08-30-11-15-00,29,15,14
2017-08-30-11-30-00,25,15,10
2017-08-30-11-45-00,30,14,16
2017-08-30-12-00-00,25,17,8
2017-08-30-12-15-00,27,13,14
2017-08-30-12-30-00,23,14,9
2017-08-30-12-45-00,19,8,11
2017-08-30-13-00-00,36,19,17
2017-08-30-13-15-00,35,21,14
2017-08-30-13-30-00,46,20,26
2017-08-30-13-45-00,19,9,10
2017-08-30-14-00-00,27,17,10
2017-08-30-14-15-00,27,12,15
2017-08-30-14-30-00,44,24,20
2017-08-30-14-45-00,35,24,11
2017-08-30-15-00-00,26,17,9
2017-08-30-15-15-00,48,25,23
2017-08-30-15-30-00,42,31,11
2017-08-30-15-45-00,34,18,16
2017-08-30-16-00-00,42,34,8
2017-08-30-16-15-00,56,36,20
2017-08-30-16-30-00,46,29,17
2017-08-30-16-45-00,62,36,26
2017-08-30-17-00-00,64,48,16
2017-08-30-17-15-00,58,42,16
2017-08-30-17-30-00,64,49,15
2017-08-30-17-45-00,42,32,10
2017-08-30-18-00-00,47,35,12
2017-08-30-18-15-00,34,20,14
2017-08-30-18-30-00,29,17,12
2017-08-30-18-45-00,34,22,12
2017-08-30-19-00-00,23,17,6
2017-08-30-19-15-00,23,12,11
2017-08-30-19-30-00,22,7,15
2017-08-30-19-45-00,25,16,9
2017-08-30-20-00-00,19,11,8
2017-08-30-20-15-00,18,11,7
2017-08-30-20-30-00,22,16,6
2017-08-30-20-45-00,10,9,1
2017-08-30-21-00-00,10,4,6
2017-08-30-21-15-00,9,4,5
2017-08-30-21-30-00,4,0,4
2017-08-30-21-45-00,5,2,3
2017-08-30-22-00-00,2,2,0
2017-08-30-22-15-00,3,1,2
2017-08-30-22-30-00,8,4,4
2017-08-30-22-45-00,1,1,0
2017-08-30-23-00-00,1,0,1
2017-08-30-23-15-00,3,1,2
2017-08-30-23-30-00,2,1,1
2017-08-30-23-45-00,2,1,1
2017-08-31-00-00-00,0,0,0
2017-08-31-00-15-00,1,1,0
2017-08-31-00-30-00,0,0,0
2017-08-31-00-45-00,2,1,1
2017-08-31-01-00-00,0,0,0
2017-08-31-01-15-00,0,0,0
2017-08-31-01-30-00,0,0,0
2017-08-31-01-45-00,0,0,0
2017-08-31-02-00-00,0,0,0
2017-08-31-02-15-00,0,0,0
2017-08-31-02-30-00,0,0,0
2017-08-31-02-45-00,1,0,1
2017-08-31-03-00-00,0,0,0
2017-08-31-03-15-00,0,0,0
2017-08-31-03-30-00,0,0,0
2017-08-31-03-45-00,0,0,0
2017-08-31-04-00-00,0,0,0
2017-08-31-04-15-00,1,1,0
2017-08-31-04-30-00,1,0,1
2017-08-31-04-45-00,0,0,0
2017-08-31-05-00-00,0,0,0
2017-08-31-05-15-00,0,0,0
2017-08-31-05-30-00,1,1,0
2017-08-31-05-45-00,6,2,4
2017-08-31-06-00-00,3,2,1
2017-08-31-06-15-00,7,4,3
2017-08-31-06-30-00,3,2,1
2017-08-31-06-45-00,7,6,1
2017-08-31-07-00-00,10,3,7
2017-08-31-07-15-00,18,6,12
2017-08-31-07-30-00,17,4,13
2017-08-31-07-45-00,24,8,16
2017-08-31-08-00-00,20,3,17
2017-08-31-08-15-00,16,1,15
2017-08-31-08-30-00,24,5,19
2017-08-31-08-45-00,30,6,24
2017-08-31-09-00-00,12,2,10
2017-08-31-09-15-00,10,3,7
2017-08-31-09-30-00,8,4,4
2017-08-31-09-45-00,9,3,6
2017-08-31-10-00-00,15,6,9
2017-08-31-10-15-00,10,7,3
2017-08-31-10-30-00,10,4,6
2017-08-31-10-45-00,4,2,2
2017-08-31-11-00-00,12,6,6
2017-08-31-11-15-00,6,4,2
2017-08-31-11-30-00,8,5,3
2017-08-31-11-45-00,4,1,3
2017-08-31-12-00-00,3,2,1
2017-08-31-12-15-00,3,2,1
2017-08-31-12-30-00,12,4,8
2017-08-31-12-45-00,9,5,4
2017-08-31-13-00-00,7,5,2
2017-08-31-13-15-00,23,4,19
2017-08-31-13-30-00,9,5,4
2017-08-31-13-45-00,12,6,6
2017-08-31-14-00-00,13,9,4
2017-08-31-14-15-00,14,10,4
2017-08-31-14-30-00,14,9,5
2017-08-31-14-45-00,15,12,3
2017-08-31-15-00-00,21,14,7
2017-08-31-15-15-00,24,14,10
2017-08-31-15-30-00,32,11,21
2017-08-31-15-45-00,23,9,14
2017-08-31-16-00-00,27,16,11
2017-08-31-16-15-00,29,15,14
2017-08-31-16-30-00,38,24,14
2017-08-31-16-45-00,34,14,20
2017-08-31-17-00-00,47,27,20
2017-08-31-17-15-00,52,26,26
2017-08-31-17-30-00,52,34,18
2017-08-31-17-45-00,44,27,17
2017-08-31-18-00-00,44,22,22
2017-08-31-18-15-00,49,22,27
2017-08-31-18-30-00,38,26,12
2017-08-31-18-45-00,51,24,27
2017-08-31-19-00-00,34,17,17
2017-08-31-19-15-00,38,20,18
2017-08-31-19-30-00,38,24,14
2017-08-31-19-45-00,35,19,16
2017-08-31-20-00-00,41,33,8
2017-08-31-20-15-00,24,21,3
2017-08-31-20-30-00,15,11,4
2017-08-31-20-45-00,18,8,10
2017-08-31-21-00-00,3,3,0
2017-08-31-21-15-00,5,4,1
2017-08-31-21-30-00,4,2,2
2017-08-31-21-45-00,3,1,2
2017-08-31-22-00-00,4,2,2
2017-08-31-22-15-00,9,3,6
2017-08-31-22-30-00,3,3,0
2017-08-31-22-45-00,5,3,2
2017-08-31-23-00-00,1,0,1
2017-08-31-23-15-00,3,1,2
2017-08-31-23-30-00,2,1,1
2017-08-31-23-45-00,0,0,0
2017-09-01-00-00-00,1,0,1
2017-09-01-00-15-00,0,0,0
2017-09-01-00-30-00,1,0,1
2017-09-01-00-45-00,1,1,0
2017-09-01-01-00-00,0,0,0
2017-09-01-01-15-00,0,0,0
2017-09-01-01-30-00,1,0,1
2017-09-01-01-45-00,0,0,0
2017-09-01-02-00-00,3,0,3
2017-09-01-02-15-00,0,0,0
2017-09-01-02-30-00,2,0,2
2017-09-01-02-45-00,0,0,0
2017-09-01-03-00-00,0,0,0
2017-09-01-03-15-00,0,0,0
2017-09-01-03-30-00,1,0,1
2017-09-01-03-45-00,0,0,0
2017-09-01-04-00-00,0,0,0
2017-09-01-04-15-00,0,0,0
2017-09-01-04-30-00,1,0,1
2017-09-01-04-45-00,0,0,0
2017-09-01-05-00-00,0,0,0
2017-09-01-05-15-00,1,0,1
2017-09-01-05-30-00,0,0,0
2017-09-01-05-45-00,5,1,4
2017-09-01-06-00-00,5,4,1
2017-09-01-06-15-00,14,7,7
2017-09-01-06-30-00,13,5,8
2017-09-01-06-45-00,27,13,14
2017-09-01-07-00-00,21,9,12
2017-09-01-07-15-00,37,15,22
2017-09-01-07-30-00,55,18,37
2017-09-01-07-45-00,48,10,38
2017-09-01-08-00-00,51,13,38
2017-09-01-08-15-00,46,10,36
2017-09-01-08-30-00,51,7,44
2017-09-01-08-45-00,45,6,39
2017-09-01-09-00-00,18,2,16
2017-09-01-09-15-00,24,9,15
2017-09-01-09-30-00,15,7,8
2017-09-01-09-45-00,30,14,16
2017-09-01-10-00-00,15,6,9
2017-09-01-10-15-00,19,7,12
2017-09-01-10-30-00,22,13,9
2017-09-01-10-45-00,19,13,6
2017-09-01-11-00-00,24,10,14
2017-09-01-11-15-00,22,11,11
2017-09-01-11-30-00,32,15,17
2017-09-01-11-45-00,28,16,12
2017-09-01-12-00-00,28,15,13
2017-09-01-12-15-00,40,25,15
2017-09-01-12-30-00,34,19,15
2017-09-01-12-45-00,38,12,26
2017-09-01-13-00-00,63,25,38
2017-09-01-13-15-00,40,11,29
2017-09-01-13-30-00,41,21,20
2017-09-01-13-45-00,36,18,18
2017-09-01-14-00-00,41,26,15
2017-09-01-14-15-00,45,26,19
2017-09-01-14-30-00,59,37,22
2017-09-01-14-45-00,41,24,17
2017-09-01-15-00-00,46,28,18
2017-09-01-15-15-00,57,34,23
2017-09-01-15-30-00,37,33,4
2017-09-01-15-45-00,25,8,17
2017-09-01-16-00-00,43,18,25
2017-09-01-16-15-00,27,19,8
2017-09-01-16-30-00,42,28,14
2017-09-01-16-45-00,39,29,10
2017-09-01-17-00-00,37,26,11
2017-09-01-17-15-00,45,34,11
2017-09-01-17-30-00,37,27,10
2017-09-01-17-45-00,38,24,14
2017-09-01-18-00-00,30,11,19
2017-09-01-18-15-00,36,16,20
2017-09-01-18-30-00,38,22,16
2017-09-01-18-45-00,25,15,10
2017-09-01-19-00-00,24,18,6
2017-09-01-19-15-00,28,18,10
2017-09-01-19-30-00,29,10,19
2017-09-01-19-45-00,21,11,10
2017-09-01-20-00-00,22,9,13
2017-09-01-20-15-00,19,14,5
2017-09-01-20-30-00,11,7,4
2017-09-01-20-45-00,7,7,0
2017-09-01-21-00-00,10,7,3
2017-09-01-21-15-00,0,0,0
2017-09-01-21-30-00,6,3,3
2017-09-01-21-45-00,5,2,3
2017-09-01-22-00-00,2,0,2
2017-09-01-22-15-00,4,3,1
2017-09-01-22-30-00,2,1,1
2017-09-01-22-45-00,8,3,5
2017-09-01-23-00-00,2,1,1
2017-09-01-23-15-00,3,2,1
2017-09-01-23-30-00,3,3,0
2017-09-01-23-45-00,5,2,3
2017-09-02-00-00-00,4,3,1
2017-09-02-00-15-00,2,2,0
2017-09-02-00-30-00,1,1,0
2017-09-02-00-45-00,2,0,2
2017-09-02-01-00-00,0,0,0
2017-09-02-01-15-00,0,0,0
2017-09-02-01-30-00,2,1,1
2017-09-02-01-45-00,2,2,0
2017-09-02-02-00-00,1,0,1
2017-09-02-02-15-00,0,0,0
2017-09-02-02-30-00,0,0,0
2017-09-02-02-45-00,0,0,0
2017-09-02-03-00-00,0,0,0
2017-09-02-03-15-00,0,0,0
2017-09-02-03-30-00,0,0,0
2017-09-02-03-45-00,2,0,2
2017-09-02-04-00-00,0,0,0
2017-09-02-04-15-00,0,0,0
2017-09-02-04-30-00,0,0,0
2017-09-02-04-45-00,0,0,0
2017-09-02-05-00-00,0,0,0
2017-09-02-05-15-00,0,0,0
2017-09-02-05-30-00,0,0,0
2017-09-02-05-45-00,1,0,1
2017-09-02-06-00-00,0,0,0
2017-09-02-06-15-00,0,0,0
2017-09-02-06-30-00,1,0,1
2017-09-02-06-45-00,0,0,0
2017-09-02-07-00-00,2,1,1
2017-09-02-07-15-00,2,1,1
2017-09-02-07-30-00,2,1,1
2017-09-02-07-45-00,4,1,3
2017-09-02-08-00-00,3,1,2
2017-09-02-08-15-00,6,2,4
2017-09-02-08-30-00,7,4,3
2017-09-02-08-45-00,8,3,5
2017-09-02-09-00-00,18,7,11
2017-09-02-09-15-00,5,2,3
2017-09-02-09-30-00,10,4,6
2017-09-02-09-45-00,19,14,5
2017-09-02-10-00-00,15,6,9
2017-09-02-10-15-00,32,20,12
2017-09-02-10-30-00,26,18,8
2017-09-02-10-45-00,16,7,9
2017-09-02-11-00-00,31,11,20
2017-09-02-11-15-00,23,11,12
2017-09-02-11-30-00,51,22,29
2017-09-02-11-45-00,38,21,17
2017-09-02-12-00-00,36,14,22
2017-09-02-12-15-00,33,15,18
2017-09-02-12-30-00,38,14,24
2017-09-02-12-45-00,67,17,50
2017-09-02-13-00-00,40,17,23
2017-09-02-13-15-00,28,14,14
2017-09-02-13-30-00,36,12,24
2017-09-02-13-45-00,45,33,12
2017-09-02-14-00-00,30,13,17
2017-09-02-14-15-00,36,23,13
2017-09-02-14-30-00,41,21,20
2017-09-02-14-45-00,39,22,17
2017-09-02-15-00-00,53,16,37
2017-09-02-15-15-00,47,24,23
2017-09-02-15-30-00,54,24,30
2017-09-02-15-45-00,64,26,38
2017-09-02-16-00-00,43,15,28
2017-09-02-16-15-00,32,13,19
2017-09-02-16-30-00,57,35,22
2017-09-02-16-45-00,44,25,19
2017-09-02-17-00-00,47,31,16
2017-09-02-17-15-00,29,13,16
2017-09-02-17-30-00,59,33,26
2017-09-02-17-45-00,41,27,14
2017-09-02-18-00-00,42,31,11
2017-09-02-18-15-00,39,25,14
2017-09-02-18-30-00,28,18,10
2017-09-02-18-45-00,33,22,11
2017-09-02-19-00-00,22,16,6
2017-09-02-19-15-00,23,16,7
2017-09-02-19-30-00,21,9,12
2017-09-02-19-45-00,22,16,6
2017-09-02-20-00-00,21,17,4
2017-09-02-20-15-00,28,16,12
2017-09-02-20-30-00,23,11,12
2017-09-02-20-45-00,12,7,5
2017-09-02-21-00-00,7,3,4
2017-09-02-21-15-00,3,2,1
2017-09-02-21-30-00,3,3,0
2017-09-02-21-45-00,2,0,2
2017-09-02-22-00-00,0,0,0
2017-09-02-22-15-00,5,1,4
2017-09-02-22-30-00,5,0,5
2017-09-02-22-45-00,2,2,0
2017-09-02-23-00-00,2,1,1
2017-09-02-23-15-00,5,3,2
2017-09-02-23-30-00,2,0,2
2017-09-02-23-45-00,3,0,3
2017-09-03-00-00-00,1,1,0
2017-09-03-00-15-00,1,0,1
2017-09-03-00-30-00,1,0,1
2017-09-03-00-45-00,0,0,0
2017-09-03-01-00-00,0,0,0
2017-09-03-01-15-00,2,0,2
2017-09-03-01-30-00,0,0,0
2017-09-03-01-45-00,0,0,0
2017-09-03-02-00-00,2,0,2
2017-09-03-02-15-00,2,0,2
2017-09-03-02-30-00,2,0,2
2017-09-03-02-45-00,2,0,2
2017-09-03-03-00-00,3,3,0
2017-09-03-03-15-00,0,0,0
2017-09-03-03-30-00,0,0,0
2017-09-03-03-45-00,0,0,0
2017-09-03-04-00-00,0,0,0
2017-09-03-04-15-00,0,0,0
2017-09-03-04-30-00,2,2,0
2017-09-03-04-45-00,0,0,0
2017-09-03-05-00-00,0,0,0
2017-09-03-05-15-00,0,0,0
2017-09-03-05-30-00,0,0,0
2017-09-03-05-45-00,2,2,0
2017-09-03-06-00-00,0,0,0
2017-09-03-06-15-00,1,0,1
2017-09-03-06-30-00,3,2,1
2017-09-03-06-45-00,1,1,0
2017-09-03-07-00-00,2,1,1
2017-09-03-07-15-00,3,1,2
2017-09-03-07-30-00,5,3,2
2017-09-03-07-45-00,8,6,2
2017-09-03-08-00-00,3,1,2
2017-09-03-08-15-00,3,1,2
2017-09-03-08-30-00,10,3,7
2017-09-03-08-45-00,13,8,5
2017-09-03-09-00-00,9,4,5
2017-09-03-09-15-00,18,9,9
2017-09-03-09-30-00,20,6,14
2017-09-03-09-45-00,20,10,10
2017-09-03-10-00-00,23,11,12
2017-09-03-10-15-00,23,14,9
2017-09-03-10-30-00,34,13,21
2017-09-03-10-45-00,65,32,33
2017-09-03-11-00-00,71,33,38
2017-09-03-11-15-00,48,18,30
2017-09-03-11-30-00,71,34,37
2017-09-03-11-45-00,81,30,51
2017-09-03-12-00-00,73,37,36
2017-09-03-12-15-00,94,41,53
2017-09-03-12-30-00,105,64,41
2017-09-03-12-45-00,99,64,35
2017-09-03-13-00-00,117,67,50
2017-09-03-13-15-00,132,73,59
2017-09-03-13-30-00,122,80,42
2017-09-03-13-45-00,113,58,55
2017-09-03-14-00-00,134,70,64
2017-09-03-14-15-00,144,84,60
2017-09-03-14-30-00,118,54,64
2017-09-03-14-45-00,157,72,85
2017-09-03-15-00-00,166,87,79
2017-09-03-15-15-00,129,66,63
2017-09-03-15-30-00,138,82,56
2017-09-03-15-45-00,136,81,55
2017-09-03-16-00-00,146,65,81
2017-09-03-16-15-00,181,66,115
2017-09-03-16-30-00,146,65,81
2017-09-03-16-45-00,169,100,69
2017-09-03-17-00-00,149,80,69
2017-09-03-17-15-00,160,73,87
2017-09-03-17-30-00,107,66,41
2017-09-03-17-45-00,117,60,57
2017-09-03-18-00-00,135,58,77
2017-09-03-18-15-00,110,59,51
2017-09-03-18-30-00,107,52,55
2017-09-03-18-45-00,60,39,21
2017-09-03-19-00-00,43,29,14
2017-09-03-19-15-00,56,36,20
2017-09-03-19-30-00,40,23,17
2017-09-03-19-45-00,37,24,13
2017-09-03-20-00-00,28,12,16
2017-09-03-20-15-00,27,20,7
2017-09-03-20-30-00,15,7,8
2017-09-03-20-45-00,4,2,2
2017-09-03-21-00-00,7,2,5
2017-09-03-21-15-00,5,1,4
2017-09-03-21-30-00,2,2,0
2017-09-03-21-45-00,0,0,0
2017-09-03-22-00-00,5,2,3
2017-09-03-22-15-00,7,6,1
2017-09-03-22-30-00,1,0,1
2017-09-03-22-45-00,1,1,0
2017-09-03-23-00-00,1,1,0
2017-09-03-23-15-00,1,1,0
2017-09-03-23-30-00,1,1,0
2017-09-03-23-45-00,1,1,0
2017-09-04-00-00-00,0,0,0
2017-09-04-00-15-00,2,1,1
2017-09-04-00-30-00,0,0,0
2017-09-04-00-45-00,0,0,0
2017-09-04-01-00-00,0,0,0
2017-09-04-01-15-00,0,0,0
2017-09-04-01-30-00,0,0,0
2017-09-04-01-45-00,0,0,0
2017-09-04-02-00-00,0,0,0
2017-09-04-02-15-00,1,1,0
2017-09-04-02-30-00,1,1,0
2017-09-04-02-45-00,0,0,0
2017-09-04-03-00-00,0,0,0
2017-09-04-03-15-00,0,0,0
2017-09-04-03-30-00,0,0,0
2017-09-04-03-45-00,0,0,0
2017-09-04-04-00-00,0,0,0
2017-09-04-04-15-00,0,0,0
2017-09-04-04-30-00,0,0,0
2017-09-04-04-45-00,1,0,1
2017-09-04-05-00-00,0,0,0
2017-09-04-05-15-00,1,1,0
2017-09-04-05-30-00,2,1,1
2017-09-04-05-45-00,7,3,4
2017-09-04-06-00-00,4,2,2
2017-09-04-06-15-00,16,7,9
2017-09-04-06-30-00,11,3,8
2017-09-04-06-45-00,25,8,17
2017-09-04-07-00-00,23,6,17
2017-09-04-07-15-00,50,13,37
2017-09-04-07-30-00,47,17,30
2017-09-04-07-45-00,71,18,53
2017-09-04-08-00-00,68,21,47
2017-09-04-08-15-00,54,17,37
2017-09-04-08-30-00,80,13,67
2017-09-04-08-45-00,47,10,37
2017-09-04-09-00-00,31,4,27
2017-09-04-09-15-00,26,5,21
2017-09-04-09-30-00,29,6,23
2017-09-04-09-45-00,19,10,9
2017-09-04-10-00-00,23,11,12
2017-09-04-10-15-00,29,8,21
2017-09-04-10-30-00,22,7,15
2017-09-04-10-45-00,26,10,16
2017-09-04-11-00-00,37,14,23
2017-09-04-11-15-00,22,15,7
2017-09-04-11-30-00,26,9,17
2017-09-04-11-45-00,34,17,17
2017-09-04-12-00-00,25,13,12
2017-09-04-12-15-00,38,18,20
2017-09-04-12-30-00,35,11,24
2017-09-04-12-45-00,39,17,22
2017-09-04-13-00-00,42,22,20
2017-09-04-13-15-00,51,29,22
2017-09-04-13-30-00,38,18,20
2017-09-04-13-45-00,39,18,21
2017-09-04-14-00-00,55,28,27
2017-09-04-14-15-00,49,26,23
2017-09-04-14-30-00,56,32,24
2017-09-04-14-45-00,54,33,21
2017-09-04-15-00-00,48,25,23
2017-09-04-15-15-00,54,24,30
2017-09-04-15-30-00,64,42,22
2017-09-04-15-45-00,59,42,17
2017-09-04-16-00-00,64,38,26
2017-09-04-16-15-00,77,49,28
2017-09-04-16-30-00,60,39,21
2017-09-04-16-45-00,56,41,15
2017-09-04-17-00-00,88,63,25
2017-09-04-17-15-00,82,58,24
2017-09-04-17-30-00,85,53,32
2017-09-04-17-45-00,78,51,27
2017-09-04-18-00-00,80,59,21
2017-09-04-18-15-00,65,45,20
2017-09-04-18-30-00,43,24,19
2017-09-04-18-45-00,48,33,15
2017-09-04-19-00-00,42,29,13
2017-09-04-19-15-00,40,27,13
2017-09-04-19-30-00,43,26,17
2017-09-04-19-45-00,20,5,15
2017-09-04-20-00-00,18,10,8
2017-09-04-20-15-00,19,15,4
2017-09-04-20-30-00,29,14,15
2017-09-04-20-45-00,14,8,6
2017-09-04-21-00-00,11,9,2
2017-09-04-21-15-00,10,4,6
2017-09-04-21-30-00,7,5,2
2017-09-04-21-45-00,3,2,1
2017-09-04-22-00-00,7,4,3
2017-09-04-22-15-00,1,1,0
2017-09-04-22-30-00,0,0,0
2017-09-04-22-45-00,3,3,0
2017-09-04-23-00-00,0,0,0
2017-09-04-23-15-00,1,1,0
2017-09-04-23-30-00,0,0,0
2017-09-04-23-45-00,4,1,3
2017-09-05-00-00-00,2,1,1
2017-09-05-00-15-00,1,1,0
2017-09-05-00-30-00,0,0,0
2017-09-05-00-45-00,0,0,0
2017-09-05-01-00-00,0,0,0
2017-09-05-01-15-00,0,0,0
2017-09-05-01-30-00,1,1,0
2017-09-05-01-45-00,0,0,0
2017-09-05-02-00-00,1,1,0
2017-09-05-02-15-00,0,0,0
2017-09-05-02-30-00,0,0,0
2017-09-05-02-45-00,0,0,0
2017-09-05-03-00-00,0,0,0
2017-09-05-03-15-00,0,0,0
2017-09-05-03-30-00,0,0,0
2017-09-05-03-45-00,0,0,0
2017-09-05-04-00-00,0,0,0
2017-09-05-04-15-00,0,0,0
2017-09-05-04-30-00,0,0,0
2017-09-05-04-45-00,0,0,0
2017-09-05-05-00-00,0,0,0
2017-09-05-05-15-00,1,0,1
2017-09-05-05-30-00,4,3,1
2017-09-05-05-45-00,2,0,2
2017-09-05-06-00-00,5,2,3
2017-09-05-06-15-00,13,7,6
2017-09-05-06-30-00,10,3,7
2017-09-05-06-45-00,17,9,8
2017-09-05-07-00-00,21,6,15
2017-09-05-07-15-00,48,15,33
2017-09-05-07-30-00,60,21,39
2017-09-05-07-45-00,61,17,44
2017-09-05-08-00-00,56,8,48
2017-09-05-08-15-00,55,14,41
2017-09-05-08-30-00,63,10,53
2017-09-05-08-45-00,59,12,47
2017-09-05-09-00-00,31,9,22
2017-09-05-09-15-00,27,9,18
2017-09-05-09-30-00,18,5,13
2017-09-05-09-45-00,23,10,13
2017-09-05-10-00-00,18,9,9
2017-09-05-10-15-00,25,3,22
2017-09-05-10-30-00,21,11,10
2017-09-05-10-45-00,28,12,16
2017-09-05-11-00-00,26,10,16
2017-09-05-11-15-00,22,5,17
2017-09-05-11-30-00,39,20,19
2017-09-05-11-45-00,23,11,12
2017-09-05-12-00-00,22,9,13
2017-09-05-12-15-00,38,17,21
2017-09-05-12-30-00,42,18,24
2017-09-05-12-45-00,18,9,9
2017-09-05-13-00-00,43,28,15
2017-09-05-13-15-00,24,9,15
2017-09-05-13-30-00,34,14,20
2017-09-05-13-45-00,36,25,11
2017-09-05-14-00-00,25,14,11
2017-09-05-14-15-00,51,32,19
2017-09-05-14-30-00,42,31,11
2017-09-05-14-45-00,37,23,14
2017-09-05-15-00-00,29,21,8
2017-09-05-15-15-00,41,25,16
2017-09-05-15-30-00,56,34,22
2017-09-05-15-45-00,48,29,19
2017-09-05-16-00-00,74,35,39
2017-09-05-16-15-00,39,23,16
2017-09-05-16-30-00,55,41,14
2017-09-05-16-45-00,49,33,16
2017-09-05-17-00-00,71,53,18
2017-09-05-17-15-00,65,44,21
2017-09-05-17-30-00,61,48,13
2017-09-05-17-45-00,67,43,24
2017-09-05-18-00-00,71,39,32
2017-09-05-18-15-00,48,35,13
2017-09-05-18-30-00,62,37,25
2017-09-05-18-45-00,52,26,26
2017-09-05-19-00-00,50,33,17
2017-09-05-19-15-00,40,27,13
2017-09-05-19-30-00,29,18,11
2017-09-05-19-45-00,38,24,14
2017-09-05-20-00-00,32,20,12
2017-09-05-20-15-00,26,20,6
2017-09-05-20-30-00,10,4,6
2017-09-05-20-45-00,10,5,5
2017-09-05-21-00-00,11,4,7
2017-09-05-21-15-00,5,2,3
2017-09-05-21-30-00,6,5,1
2017-09-05-21-45-00,6,0,6
2017-09-05-22-00-00,5,1,4
2017-09-05-22-15-00,3,1,2
2017-09-05-22-30-00,2,1,1
2017-09-05-22-45-00,3,1,2
2017-09-05-23-00-00,1,1,0
2017-09-05-23-15-00,1,1,0
2017-09-05-23-30-00,0,0,0
2017-09-05-23-45-00,0,0,0
2017-09-06-00-00-00,0,0,0
2017-09-06-00-15-00,2,1,1
2017-09-06-00-30-00,0,0,0
2017-09-06-00-45-00,0,0,0
2017-09-06-01-00-00,0,0,0
2017-09-06-01-15-00,0,0,0
2017-09-06-01-30-00,0,0,0
2017-09-06-01-45-00,0,0,0
2017-09-06-02-00-00,1,1,0
2017-09-06-02-15-00,0,0,0
2017-09-06-02-30-00,0,0,0
2017-09-06-02-45-00,0,0,0
2017-09-06-03-00-00,0,0,0
2017-09-06-03-15-00,0,0,0
2017-09-06-03-30-00,0,0,0
2017-09-06-03-45-00,0,0,0
2017-09-06-04-00-00,0,0,0
2017-09-06-04-15-00,0,0,0
2017-09-06-04-30-00,0,0,0
2017-09-06-04-45-00,0,0,0
2017-09-06-05-00-00,0,0,0
2017-09-06-05-15-00,1,0,1
2017-09-06-05-30-00,3,2,1
2017-09-06-05-45-00,8,4,4
2017-09-06-06-00-00,4,2,2
2017-09-06-06-15-00,11,7,4
2017-09-06-06-30-00,8,2,6
2017-09-06-06-45-00,9,4,5
2017-09-06-07-00-00,23,9,14
2017-09-06-07-15-00,40,12,28
2017-09-06-07-30-00,45,12,33
2017-09-06-07-45-00,52,16,36
2017-09-06-08-00-00,35,8,27
2017-09-06-08-15-00,37,6,31
2017-09-06-08-30-00,43,12,31
2017-09-06-08-45-00,38,9,29
2017-09-06-09-00-00,17,7,10
2017-09-06-09-15-00,8,2,6
2017-09-06-09-30-00,11,4,7
2017-09-06-09-45-00,20,6,14
2017-09-06-10-00-00,11,7,4
2017-09-06-10-15-00,7,3,4
2017-09-06-10-30-00,9,7,2
2017-09-06-10-45-00,7,5,2
2017-09-06-11-00-00,7,4,3
2017-09-06-11-15-00,7,4,3
2017-09-06-11-30-00,10,5,5
2017-09-06-11-45-00,8,4,4
2017-09-06-12-00-00,4,2,2
2017-09-06-12-15-00,20,16,4
2017-09-06-12-30-00,10,1,9
2017-09-06-12-45-00,12,10,2
2017-09-06-13-00-00,29,22,7
2017-09-06-13-15-00,13,3,10
2017-09-06-13-30-00,15,9,6
2017-09-06-13-45-00,11,5,6
2017-09-06-14-00-00,14,9,5
2017-09-06-14-15-00,18,14,4
2017-09-06-14-30-00,19,9,10
2017-09-06-14-45-00,17,10,7
2017-09-06-15-00-00,17,12,5
2017-09-06-15-15-00,23,9,14
2017-09-06-15-30-00,37,16,21
2017-09-06-15-45-00,36,18,18
2017-09-06-16-00-00,35,19,16
2017-09-06-16-15-00,40,27,13
2017-09-06-16-30-00,32,21,11
2017-09-06-16-45-00,37,22,15
2017-09-06-17-00-00,53,34,19
2017-09-06-17-15-00,54,40,14
2017-09-06-17-30-00,59,40,19
2017-09-06-17-45-00,73,49,24
2017-09-06-18-00-00,66,36,30
2017-09-06-18-15-00,33,15,18
2017-09-06-18-30-00,54,34,20
2017-09-06-18-45-00,32,13,19
2017-09-06-19-00-00,24,19,5
2017-09-06-19-15-00,21,13,8
2017-09-06-19-30-00,20,9,11
2017-09-06-19-45-00,14,9,5
2017-09-06-20-00-00,16,10,6
2017-09-06-20-15-00,14,7,7
2017-09-06-20-30-00,15,6,9
2017-09-06-20-45-00,7,2,5
2017-09-06-21-00-00,1,1,0
2017-09-06-21-15-00,5,3,2
2017-09-06-21-30-00,6,2,4
2017-09-06-21-45-00,6,4,2
2017-09-06-22-00-00,6,2,4
2017-09-06-22-15-00,6,4,2
2017-09-06-22-30-00,4,1,3
2017-09-06-22-45-00,4,4,0
2017-09-06-23-00-00,0,0,0
2017-09-06-23-15-00,2,2,0
2017-09-06-23-30-00,0,0,0
2017-09-06-23-45-00,0,0,0
2017-09-07-00-00-00,0,0,0
2017-09-07-00-15-00,0,0,0
2017-09-07-00-30-00,0,0,0
2017-09-07-00-45-00,0,0,0
2017-09-07-01-00-00,1,0,1
2017-09-07-01-15-00,1,0,1
2017-09-07-01-30-00,1,1,0
2017-09-07-01-45-00,0,0,0
2017-09-07-02-00-00,1,1,0
2017-09-07-02-15-00,0,0,0
2017-09-07-02-30-00,0,0,0
2017-09-07-02-45-00,0,0,0
2017-09-07-03-00-00,0,0,0
2017-09-07-03-15-00,0,0,0
2017-09-07-03-30-00,0,0,0
2017-09-07-03-45-00,0,0,0
2017-09-07-04-00-00,0,0,0
2017-09-07-04-15-00,0,0,0
2017-09-07-04-30-00,0,0,0
2017-09-07-04-45-00,0,0,0
2017-09-07-05-00-00,0,0,0
2017-09-07-05-15-00,1,0,1
2017-09-07-05-30-00,0,0,0
2017-09-07-05-45-00,5,2,3
2017-09-07-06-00-00,4,4,0
2017-09-07-06-15-00,10,4,6
2017-09-07-06-30-00,9,1,8
2017-09-07-06-45-00,18,7,11
2017-09-07-07-00-00,19,9,10
2017-09-07-07-15-00,34,9,25
2017-09-07-07-30-00,40,14,26
2017-09-07-07-45-00,65,14,51
2017-09-07-08-00-00,60,20,40
2017-09-07-08-15-00,59,20,39
2017-09-07-08-30-00,59,13,46
2017-09-07-08-45-00,38,5,33
2017-09-07-09-00-00,29,7,22
2017-09-07-09-15-00,23,4,19
2017-09-07-09-30-00,12,5,7
2017-09-07-09-45-00,14,5,9
2017-09-07-10-00-00,15,9,6
2017-09-07-10-15-00,14,5,9
2017-09-07-10-30-00,15,7,8
2017-09-07-10-45-00,14,6,8
2017-09-07-11-00-00,25,18,7
2017-09-07-11-15-00,14,6,8
2017-09-07-11-30-00,20,10,10
2017-09-07-11-45-00,14,7,7
2017-09-07-12-00-00,20,8,12
2017-09-07-12-15-00,19,8,11
2017-09-07-12-30-00,13,5,8
2017-09-07-12-45-00,17,9,8
2017-09-07-13-00-00,26,21,5
2017-09-07-13-15-00,18,11,7
2017-09-07-13-30-00,30,12,18
2017-09-07-13-45-00,33,12,21
2017-09-07-14-00-00,21,8,13
2017-09-07-14-15-00,19,11,8
2017-09-07-14-30-00,26,18,8
2017-09-07-14-45-00,29,15,14
2017-09-07-15-00-00,38,24,14
2017-09-07-15-15-00,36,19,17
2017-09-07-15-30-00,30,13,17
2017-09-07-15-45-00,39,25,14
2017-09-07-16-00-00,45,29,16
2017-09-07-16-15-00,54,27,27
2017-09-07-16-30-00,48,34,14
2017-09-07-16-45-00,51,34,17
2017-09-07-17-00-00,58,34,24
2017-09-07-17-15-00,81,57,24
2017-09-07-17-30-00,61,40,21
2017-09-07-17-45-00,49,33,16
2017-09-07-18-00-00,67,35,32
2017-09-07-18-15-00,59,44,15
2017-09-07-18-30-00,47,32,15
2017-09-07-18-45-00,30,18,12
2017-09-07-19-00-00,31,19,12
2017-09-07-19-15-00,31,20,11
2017-09-07-19-30-00,30,21,9
2017-09-07-19-45-00,20,7,13
2017-09-07-20-00-00,31,21,10
2017-09-07-20-15-00,13,7,6
2017-09-07-20-30-00,6,4,2
2017-09-07-20-45-00,4,4,0
2017-09-07-21-00-00,9,7,2
2017-09-07-21-15-00,7,5,2
2017-09-07-21-30-00,5,5,0
2017-09-07-21-45-00,6,2,4
2017-09-07-22-00-00,4,2,2
2017-09-07-22-15-00,0,0,0
2017-09-07-22-30-00,10,6,4
2017-09-07-22-45-00,1,1,0
2017-09-07-23-00-00,1,1,0
2017-09-07-23-15-00,3,2,1
2017-09-07-23-30-00,2,0,2
2017-09-07-23-45-00,2,1,1
2017-09-08-00-00-00,1,0,1
2017-09-08-00-15-00,1,0,1
2017-09-08-00-30-00,1,0,1
2017-09-08-00-45-00,2,0,2
2017-09-08-01-00-00,0,0,0
2017-09-08-01-15-00,1,0,1
2017-09-08-01-30-00,0,0,0
2017-09-08-01-45-00,0,0,0
2017-09-08-02-00-00,1,1,0
2017-09-08-02-15-00,0,0,0
2017-09-08-02-30-00,0,0,0
2017-09-08-02-45-00,0,0,0
2017-09-08-03-00-00,0,0,0
2017-09-08-03-15-00,0,0,0
2017-09-08-03-30-00,0,0,0
2017-09-08-03-45-00,0,0,0
2017-09-08-04-00-00,0,0,0
2017-09-08-04-15-00,1,1,0
2017-09-08-04-30-00,0,0,0
2017-09-08-04-45-00,1,1,0
2017-09-08-05-00-00,0,0,0
2017-09-08-05-15-00,0,0,0
2017-09-08-05-30-00,2,1,1
2017-09-08-05-45-00,3,0,3
2017-09-08-06-00-00,4,3,1
2017-09-08-06-15-00,9,5,4
2017-09-08-06-30-00,8,2,6
2017-09-08-06-45-00,11,5,6
2017-09-08-07-00-00,20,4,16
2017-09-08-07-15-00,22,4,18
2017-09-08-07-30-00,30,13,17
2017-09-08-07-45-00,41,5,36
2017-09-08-08-00-00,40,15,25
2017-09-08-08-15-00,34,7,27
2017-09-08-08-30-00,40,11,29
2017-09-08-08-45-00,28,2,26
2017-09-08-09-00-00,25,8,17
2017-09-08-09-15-00,12,2,10
2017-09-08-09-30-00,18,4,14
2017-09-08-09-45-00,10,6,4
2017-09-08-10-00-00,11,6,5
2017-09-08-10-15-00,8,3,5
2017-09-08-10-30-00,15,11,4
2017-09-08-10-45-00,5,4,1
2017-09-08-11-00-00,20,10,10
2017-09-08-11-15-00,20,7,13
2017-09-08-11-30-00,12,8,4
2017-09-08-11-45-00,15,7,8
2017-09-08-12-00-00,8,4,4
2017-09-08-12-15-00,12,8,4
2017-09-08-12-30-00,7,2,5
2017-09-08-12-45-00,8,5,3
2017-09-08-13-00-00,12,10,2
2017-09-08-13-15-00,14,9,5
2017-09-08-13-30-00,18,11,7
2017-09-08-13-45-00,17,15,2
2017-09-08-14-00-00,10,6,4
2017-09-08-14-15-00,14,7,7
2017-09-08-14-30-00,12,8,4
2017-09-08-14-45-00,34,28,6
2017-09-08-15-00-00,14,13,1
2017-09-08-15-15-00,20,15,5
2017-09-08-15-30-00,17,13,4
2017-09-08-15-45-00,23,15,8
2017-09-08-16-00-00,24,16,8
2017-09-08-16-15-00,18,15,3
2017-09-08-16-30-00,23,13,10
2017-09-08-16-45-00,28,21,7
2017-09-08-17-00-00,29,22,7
2017-09-08-17-15-00,29,20,9
2017-09-08-17-30-00,26,18,8
2017-09-08-17-45-00,21,11,10
2017-09-08-18-00-00,22,9,13
2017-09-08-18-15-00,15,11,4
2017-09-08-18-30-00,27,9,18
2017-09-08-18-45-00,11,9,2
2017-09-08-19-00-00,9,6,3
2017-09-08-19-15-00,6,2,4
2017-09-08-19-30-00,21,18,3
2017-09-08-19-45-00,8,3,5
2017-09-08-20-00-00,7,4,3
2017-09-08-20-15-00,5,3,2
2017-09-08-20-30-00,1,1,0
2017-09-08-20-45-00,0,0,0
2017-09-08-21-00-00,5,3,2
2017-09-08-21-15-00,1,0,1
2017-09-08-21-30-00,4,2,2
2017-09-08-21-45-00,3,2,1
2017-09-08-22-00-00,1,1,0
2017-09-08-22-15-00,1,1,0
2017-09-08-22-30-00,2,0,2
2017-09-08-22-45-00,1,1,0
2017-09-08-23-00-00,0,0,0
2017-09-08-23-15-00,2,2,0
2017-09-08-23-30-00,0,0,0
2017-09-08-23-45-00,3,0,3
2017-09-09-00-00-00,0,0,0
2017-09-09-00-15-00,1,0,1
2017-09-09-00-30-00,0,0,0
2017-09-09-00-45-00,4,3,1
2017-09-09-01-00-00,0,0,0
2017-09-09-01-15-00,0,0,0
2017-09-09-01-30-00,1,0,1
2017-09-09-01-45-00,0,0,0
2017-09-09-02-00-00,1,0,1
2017-09-09-02-15-00,0,0,0
2017-09-09-02-30-00,0,0,0
2017-09-09-02-45-00,0,0,0
2017-09-09-03-00-00,1,1,0
2017-09-09-03-15-00,0,0,0
2017-09-09-03-30-00,1,0,1
2017-09-09-03-45-00,0,0,0
2017-09-09-04-00-00,0,0,0
2017-09-09-04-15-00,0,0,0
2017-09-09-04-30-00,0,0,0
2017-09-09-04-45-00,0,0,0
2017-09-09-05-00-00,0,0,0
2017-09-09-05-15-00,0,0,0
2017-09-09-05-30-00,0,0,0
2017-09-09-05-45-00,0,0,0
2017-09-09-06-00-00,1,1,0
2017-09-09-06-15-00,0,0,0
2017-09-09-06-30-00,1,0,1
2017-09-09-06-45-00,0,0,0
2017-09-09-07-00-00,0,0,0
2017-09-09-07-15-00,0,0,0
2017-09-09-07-30-00,0,0,0
2017-09-09-07-45-00,1,1,0
2017-09-09-08-00-00,1,1,0
2017-09-09-08-15-00,4,1,3
2017-09-09-08-30-00,1,0,1
2017-09-09-08-45-00,3,1,2
2017-09-09-09-00-00,1,1,0
2017-09-09-09-15-00,5,0,5
2017-09-09-09-30-00,1,0,1
2017-09-09-09-45-00,6,5,1
2017-09-09-10-00-00,7,5,2
2017-09-09-10-15-00,12,1,11
2017-09-09-10-30-00,6,4,2
2017-09-09-10-45-00,12,3,9
2017-09-09-11-00-00,23,17,6
2017-09-09-11-15-00,15,8,7
2017-09-09-11-30-00,12,6,6
2017-09-09-11-45-00,6,2,4
2017-09-09-12-00-00,21,9,12
2017-09-09-12-15-00,27,22,5
2017-09-09-12-30-00,13,7,6
2017-09-09-12-45-00,20,10,10
2017-09-09-13-00-00,20,8,12
2017-09-09-13-15-00,32,19,13
2017-09-09-13-30-00,18,12,6
2017-09-09-13-45-00,17,13,4
2017-09-09-14-00-00,22,15,7
2017-09-09-14-15-00,10,4,6
2017-09-09-14-30-00,16,8,8
2017-09-09-14-45-00,15,10,5
2017-09-09-15-00-00,17,14,3
2017-09-09-15-15-00,22,9,13
2017-09-09-15-30-00,20,12,8
2017-09-09-15-45-00,8,2,6
2017-09-09-16-00-00,18,11,7
2017-09-09-16-15-00,20,14,6
2017-09-09-16-30-00,10,6,4
2017-09-09-16-45-00,14,3,11
2017-09-09-17-00-00,26,7,19
2017-09-09-17-15-00,21,13,8
2017-09-09-17-30-00,13,5,8
2017-09-09-17-45-00,14,5,9
2017-09-09-18-00-00,17,3,14
2017-09-09-18-15-00,22,11,11
2017-09-09-18-30-00,12,3,9
2017-09-09-18-45-00,14,4,10
2017-09-09-19-00-00,9,4,5
2017-09-09-19-15-00,5,2,3
2017-09-09-19-30-00,13,6,7
2017-09-09-19-45-00,8,7,1
2017-09-09-20-00-00,8,5,3
2017-09-09-20-15-00,10,6,4
2017-09-09-20-30-00,1,0,1
2017-09-09-20-45-00,7,4,3
2017-09-09-21-00-00,4,3,1
2017-09-09-21-15-00,4,1,3
2017-09-09-21-30-00,6,3,3
2017-09-09-21-45-00,1,1,0
2017-09-09-22-00-00,5,2,3
2017-09-09-22-15-00,1,1,0
2017-09-09-22-30-00,3,1,2
2017-09-09-22-45-00,5,1,4
2017-09-09-23-00-00,1,0,1
2017-09-09-23-15-00,0,0,0
2017-09-09-23-30-00,1,1,0
2017-09-09-23-45-00,0,0,0
2017-09-10-00-00-00,1,0,1
2017-09-10-00-15-00,2,2,0
2017-09-10-00-30-00,2,0,2
2017-09-10-00-45-00,4,2,2
2017-09-10-01-00-00,2,0,2
2017-09-10-01-15-00,1,1,0
2017-09-10-01-30-00,0,0,0
2017-09-10-01-45-00,6,1,5
2017-09-10-02-00-00,2,2,0
2017-09-10-02-15-00,0,0,0
2017-09-10-02-30-00,1,0,1
2017-09-10-02-45-00,0,0,0
2017-09-10-03-00-00,0,0,0
2017-09-10-03-15-00,3,3,0
2017-09-10-03-30-00,0,0,0
2017-09-10-03-45-00,0,0,0
2017-09-10-04-00-00,0,0,0
2017-09-10-04-15-00,0,0,0
2017-09-10-04-30-00,0,0,0
2017-09-10-04-45-00,1,1,0
2017-09-10-05-00-00,0,0,0
2017-09-10-05-15-00,0,0,0
2017-09-10-05-30-00,0,0,0
2017-09-10-05-45-00,1,1,0
2017-09-10-06-00-00,0,0,0
2017-09-10-06-15-00,1,0,1
2017-09-10-06-30-00,1,0,1
2017-09-10-06-45-00,0,0,0
2017-09-10-07-00-00,2,2,0
2017-09-10-07-15-00,6,1,5
2017-09-10-07-30-00,5,3,2
2017-09-10-07-45-00,11,7,4
2017-09-10-08-00-00,4,2,2
2017-09-10-08-15-00,6,3,3
2017-09-10-08-30-00,11,4,7
2017-09-10-08-45-00,9,8,1
2017-09-10-09-00-00,17,6,11
2017-09-10-09-15-00,21,7,14
2017-09-10-09-30-00,23,8,15
2017-09-10-09-45-00,24,9,15
2017-09-10-10-00-00,40,18,22
2017-09-10-10-15-00,38,21,17
2017-09-10-10-30-00,46,15,31
2017-09-10-10-45-00,41,20,21
2017-09-10-11-00-00,59,24,35
2017-09-10-11-15-00,56,21,35
2017-09-10-11-30-00,68,37,31
2017-09-10-11-45-00,52,16,36
2017-09-10-12-00-00,96,43,53
2017-09-10-12-15-00,113,50,63
2017-09-10-12-30-00,97,35,62
2017-09-10-12-45-00,65,39,26
2017-09-10-13-00-00,84,39,45
2017-09-10-13-15-00,103,53,50
2017-09-10-13-30-00,92,53,39
2017-09-10-13-45-00,102,62,40
2017-09-10-14-00-00,109,44,65
2017-09-10-14-15-00,114,59,55
2017-09-10-14-30-00,91,49,42
2017-09-10-14-45-00,102,53,49
2017-09-10-15-00-00,100,64,36
2017-09-10-15-15-00,91,47,44
2017-09-10-15-30-00,122,58,64
2017-09-10-15-45-00,109,56,53
2017-09-10-16-00-00,104,64,40
2017-09-10-16-15-00,111,63,48
2017-09-10-16-30-00,84,34,50
2017-09-10-16-45-00,91,65,26
2017-09-10-17-00-00,83,58,25
2017-09-10-17-15-00,83,56,27
2017-09-10-17-30-00,89,52,37
2017-09-10-17-45-00,75,53,22
2017-09-10-18-00-00,57,33,24
2017-09-10-18-15-00,67,43,24
2017-09-10-18-30-00,59,38,21
2017-09-10-18-45-00,31,23,8
2017-09-10-19-00-00,39,29,10
2017-09-10-19-15-00,31,24,7
2017-09-10-19-30-00,30,18,12
2017-09-10-19-45-00,20,13,7
2017-09-10-20-00-00,7,2,5
2017-09-10-20-15-00,8,4,4
2017-09-10-20-30-00,6,4,2
2017-09-10-20-45-00,8,6,2
2017-09-10-21-00-00,14,12,2
2017-09-10-21-15-00,5,2,3
2017-09-10-21-30-00,0,0,0
2017-09-10-21-45-00,5,4,1
2017-09-10-22-00-00,8,6,2
2017-09-10-22-15-00,2,1,1
2017-09-10-22-30-00,4,3,1
2017-09-10-22-45-00,0,0,0
2017-09-10-23-00-00,0,0,0
2017-09-10-23-15-00,2,0,2
2017-09-10-23-30-00,0,0,0
2017-09-10-23-45-00,0,0,0
2017-09-11-00-00-00,0,0,0
2017-09-11-00-15-00,0,0,0
2017-09-11-00-30-00,3,1,2
2017-09-11-00-45-00,2,0,2
2017-09-11-01-00-00,0,0,0
2017-09-11-01-15-00,0,0,0
2017-09-11-01-30-00,1,1,0
2017-09-11-01-45-00,0,0,0
2017-09-11-02-00-00,0,0,0
2017-09-11-02-15-00,1,1,0
2017-09-11-02-30-00,0,0,0
2017-09-11-02-45-00,0,0,0
2017-09-11-03-00-00,0,0,0
2017-09-11-03-15-00,0,0,0
2017-09-11-03-30-00,0,0,0
2017-09-11-03-45-00,0,0,0
2017-09-11-04-00-00,0,0,0
2017-09-11-04-15-00,0,0,0
2017-09-11-04-30-00,0,0,0
2017-09-11-04-45-00,1,1,0
2017-09-11-05-00-00,0,0,0
2017-09-11-05-15-00,0,0,0
2017-09-11-05-30-00,1,0,1
2017-09-11-05-45-00,4,1,3
2017-09-11-06-00-00,2,1,1
2017-09-11-06-15-00,7,3,4
2017-09-11-06-30-00,10,3,7
2017-09-11-06-45-00,12,3,9
2017-09-11-07-00-00,22,8,14
2017-09-11-07-15-00,35,7,28
2017-09-11-07-30-00,42,19,23
2017-09-11-07-45-00,39,11,28
2017-09-11-08-00-00,41,11,30
2017-09-11-08-15-00,42,8,34
2017-09-11-08-30-00,27,7,20
2017-09-11-08-45-00,28,3,25
2017-09-11-09-00-00,24,6,18
2017-09-11-09-15-00,22,7,15
2017-09-11-09-30-00,11,2,9
2017-09-11-09-45-00,12,5,7
2017-09-11-10-00-00,13,5,8
2017-09-11-10-15-00,10,3,7
2017-09-11-10-30-00,21,10,11
2017-09-11-10-45-00,14,11,3
2017-09-11-11-00-00,20,11,9
2017-09-11-11-15-00,9,2,7
2017-09-11-11-30-00,8,5,3
2017-09-11-11-45-00,15,8,7
2017-09-11-12-00-00,13,8,5
2017-09-11-12-15-00,13,8,5
2017-09-11-12-30-00,19,10,9
2017-09-11-12-45-00,19,5,14
2017-09-11-13-00-00,20,11,9
2017-09-11-13-15-00,26,15,11
2017-09-11-13-30-00,21,9,12
2017-09-11-13-45-00,17,14,3
2017-09-11-14-00-00,16,10,6
2017-09-11-14-15-00,21,11,10
2017-09-11-14-30-00,25,17,8
2017-09-11-14-45-00,22,11,11
2017-09-11-15-00-00,13,7,6
2017-09-11-15-15-00,14,11,3
2017-09-11-15-30-00,29,23,6
2017-09-11-15-45-00,27,15,12
2017-09-11-16-00-00,37,24,13
2017-09-11-16-15-00,36,23,13
2017-09-11-16-30-00,39,21,18
2017-09-11-16-45-00,37,24,13
2017-09-11-17-00-00,40,28,12
2017-09-11-17-15-00,40,29,11
2017-09-11-17-30-00,45,36,9
2017-09-11-17-45-00,37,26,11
2017-09-11-18-00-00,36,22,14
2017-09-11-18-15-00,40,20,20
2017-09-11-18-30-00,32,22,10
2017-09-11-18-45-00,23,15,8
2017-09-11-19-00-00,31,18,13
2017-09-11-19-15-00,29,19,10
2017-09-11-19-30-00,28,16,12
2017-09-11-19-45-00,11,6,5
2017-09-11-20-00-00,12,8,4
2017-09-11-20-15-00,13,8,5
2017-09-11-20-30-00,6,3,3
2017-09-11-20-45-00,4,2,2
2017-09-11-21-00-00,5,4,1
2017-09-11-21-15-00,4,0,4
2017-09-11-21-30-00,4,1,3
2017-09-11-21-45-00,3,2,1
2017-09-11-22-00-00,3,3,0
2017-09-11-22-15-00,4,1,3
2017-09-11-22-30-00,5,1,4
2017-09-11-22-45-00,2,1,1
2017-09-11-23-00-00,0,0,0
2017-09-11-23-15-00,1,0,1
2017-09-11-23-30-00,2,0,2
2017-09-11-23-45-00,0,0,0
2017-09-12-00-00-00,2,0,2
2017-09-12-00-15-00,1,0,1
2017-09-12-00-30-00,0,0,0
2017-09-12-00-45-00,1,1,0
2017-09-12-01-00-00,0,0,0
2017-09-12-01-15-00,0,0,0
2017-09-12-01-30-00,0,0,0
2017-09-12-01-45-00,1,1,0
2017-09-12-02-00-00,1,1,0
2017-09-12-02-15-00,0,0,0
2017-09-12-02-30-00,1,0,1
2017-09-12-02-45-00,0,0,0
2017-09-12-03-00-00,0,0,0
2017-09-12-03-15-00,1,0,1
2017-09-12-03-30-00,0,0,0
2017-09-12-03-45-00,0,0,0
2017-09-12-04-00-00,0,0,0
2017-09-12-04-15-00,0,0,0
2017-09-12-04-30-00,1,0,1
2017-09-12-04-45-00,1,1,0
2017-09-12-05-00-00,0,0,0
2017-09-12-05-15-00,1,0,1
2017-09-12-05-30-00,2,0,2
2017-09-12-05-45-00,4,1,3
2017-09-12-06-00-00,3,2,1
2017-09-12-06-15-00,7,2,5
2017-09-12-06-30-00,7,4,3
2017-09-12-06-45-00,9,1,8
2017-09-12-07-00-00,21,8,13
2017-09-12-07-15-00,26,7,19
2017-09-12-07-30-00,39,13,26
2017-09-12-07-45-00,42,8,34
2017-09-12-08-00-00,57,14,43
2017-09-12-08-15-00,41,13,28
2017-09-12-08-30-00,51,7,44
2017-09-12-08-45-00,34,5,29
2017-09-12-09-00-00,32,5,27
2017-09-12-09-15-00,36,9,27
2017-09-12-09-30-00,17,4,13
2017-09-12-09-45-00,15,8,7
2017-09-12-10-00-00,10,4,6
2017-09-12-10-15-00,26,11,15
2017-09-12-10-30-00,15,8,7
2017-09-12-10-45-00,8,5,3
2017-09-12-11-00-00,24,11,13
2017-09-12-11-15-00,12,6,6
2017-09-12-11-30-00,12,7,5
2017-09-12-11-45-00,14,6,8
2017-09-12-12-00-00,9,7,2
2017-09-12-12-15-00,16,9,7
2017-09-12-12-30-00,11,7,4
2017-09-12-12-45-00,15,5,10
2017-09-12-13-00-00,10,4,6
2017-09-12-13-15-00,25,14,11
2017-09-12-13-30-00,10,5,5
2017-09-12-13-45-00,22,7,15
2017-09-12-14-00-00,9,7,2
2017-09-12-14-15-00,18,12,6
2017-09-12-14-30-00,37,24,13
2017-09-12-14-45-00,25,16,9
2017-09-12-15-00-00,25,14,11
2017-09-12-15-15-00,29,21,8
2017-09-12-15-30-00,32,20,12
2017-09-12-15-45-00,27,16,11
2017-09-12-16-00-00,50,38,12
2017-09-12-16-15-00,31,19,12
2017-09-12-16-30-00,30,20,10
2017-09-12-16-45-00,44,30,14
2017-09-12-17-00-00,45,20,25
2017-09-12-17-15-00,36,25,11
2017-09-12-17-30-00,57,42,15
2017-09-12-17-45-00,41,25,16
2017-09-12-18-00-00,54,28,26
2017-09-12-18-15-00,34,26,8
2017-09-12-18-30-00,41,25,16
2017-09-12-18-45-00,19,10,9
2017-09-12-19-00-00,21,11,10
2017-09-12-19-15-00,18,14,4
2017-09-12-19-30-00,33,21,12
2017-09-12-19-45-00,10,8,2
2017-09-12-20-00-00,14,7,7
2017-09-12-20-15-00,10,4,6
2017-09-12-20-30-00,5,4,1
2017-09-12-20-45-00,1,0,1
2017-09-12-21-00-00,2,1,1
2017-09-12-21-15-00,8,5,3
2017-09-12-21-30-00,1,0,1
2017-09-12-21-45-00,4,1,3
2017-09-12-22-00-00,3,2,1
2017-09-12-22-15-00,4,4,0
2017-09-12-22-30-00,1,0,1
2017-09-12-22-45-00,0,0,0
2017-09-12-23-00-00,1,0,1
2017-09-12-23-15-00,0,0,0
2017-09-12-23-30-00,0,0,0
2017-09-12-23-45-00,0,0,0
2017-09-13-00-00-00,0,0,0
2017-09-13-00-15-00,0,0,0
2017-09-13-00-30-00,0,0,0
2017-09-13-00-45-00,0,0,0
2017-09-13-01-00-00,0,0,0
2017-09-13-01-15-00,0,0,0
2017-09-13-01-30-00,1,1,0
2017-09-13-01-45-00,0,0,0
2017-09-13-02-00-00,1,1,0
2017-09-13-02-15-00,0,0,0
2017-09-13-02-30-00,0,0,0
2017-09-13-02-45-00,0,0,0
2017-09-13-03-00-00,0,0,0
2017-09-13-03-15-00,0,0,0
2017-09-13-03-30-00,0,0,0
2017-09-13-03-45-00,0,0,0
2017-09-13-04-00-00,0,0,0
2017-09-13-04-15-00,0,0,0
2017-09-13-04-30-00,0,0,0
2017-09-13-04-45-00,1,1,0
2017-09-13-05-00-00,0,0,0
2017-09-13-05-15-00,0,0,0
2017-09-13-05-30-00,3,0,3
2017-09-13-05-45-00,4,3,1
2017-09-13-06-00-00,2,1,1
2017-09-13-06-15-00,9,3,6
2017-09-13-06-30-00,1,0,1
2017-09-13-06-45-00,8,2,6
2017-09-13-07-00-00,13,3,10
2017-09-13-07-15-00,20,5,15
2017-09-13-07-30-00,27,12,15
2017-09-13-07-45-00,30,7,23
2017-09-13-08-00-00,41,9,32
2017-09-13-08-15-00,29,7,22
2017-09-13-08-30-00,30,4,26
2017-09-13-08-45-00,35,2,33
2017-09-13-09-00-00,14,3,11
2017-09-13-09-15-00,11,1,10
2017-09-13-09-30-00,5,1,4
2017-09-13-09-45-00,6,2,4
2017-09-13-10-00-00,5,1,4
2017-09-13-10-15-00,7,3,4
2017-09-13-10-30-00,6,3,3
2017-09-13-10-45-00,4,1,3
2017-09-13-11-00-00,7,4,3
2017-09-13-11-15-00,13,10,3
2017-09-13-11-30-00,6,1,5
2017-09-13-11-45-00,5,4,1
2017-09-13-12-00-00,6,3,3
2017-09-13-12-15-00,6,2,4
2017-09-13-12-30-00,3,1,2
2017-09-13-12-45-00,6,4,2
2017-09-13-13-00-00,11,6,5
2017-09-13-13-15-00,6,3,3
2017-09-13-13-30-00,6,3,3
2017-09-13-13-45-00,11,8,3
2017-09-13-14-00-00,9,5,4
2017-09-13-14-15-00,9,6,3
2017-09-13-14-30-00,12,8,4
2017-09-13-14-45-00,13,7,6
2017-09-13-15-00-00,15,10,5
2017-09-13-15-15-00,9,7,2
2017-09-13-15-30-00,16,10,6
2017-09-13-15-45-00,13,10,3
2017-09-13-16-00-00,21,14,7
2017-09-13-16-15-00,21,14,7
2017-09-13-16-30-00,21,14,7
2017-09-13-16-45-00,30,23,7
2017-09-13-17-00-00,30,21,9
2017-09-13-17-15-00,38,27,11
2017-09-13-17-30-00,35,21,14
2017-09-13-17-45-00,37,27,10
2017-09-13-18-00-00,38,26,12
2017-09-13-18-15-00,26,17,9
2017-09-13-18-30-00,34,19,15
2017-09-13-18-45-00,22,14,8
2017-09-13-19-00-00,16,9,7
2017-09-13-19-15-00,21,13,8
2017-09-13-19-30-00,9,7,2
2017-09-13-19-45-00,13,5,8
2017-09-13-20-00-00,12,8,4
2017-09-13-20-15-00,11,5,6
2017-09-13-20-30-00,3,2,1
2017-09-13-20-45-00,1,1,0
2017-09-13-21-00-00,7,4,3
2017-09-13-21-15-00,4,2,2
2017-09-13-21-30-00,6,3,3
2017-09-13-21-45-00,2,2,0
2017-09-13-22-00-00,1,1,0
2017-09-13-22-15-00,1,0,1
2017-09-13-22-30-00,1,1,0
2017-09-13-22-45-00,1,0,1
2017-09-13-23-00-00,0,0,0
2017-09-13-23-15-00,1,1,0
2017-09-13-23-30-00,0,0,0
2017-09-13-23-45-00,0,0,0
2017-09-14-00-00-00,0,0,0
2017-09-14-00-15-00,1,0,1
2017-09-14-00-30-00,1,0,1
2017-09-14-00-45-00,0,0,0
2017-09-14-01-00-00,1,1,0
2017-09-14-01-15-00,0,0,0
2017-09-14-01-30-00,0,0,0
2017-09-14-01-45-00,0,0,0
2017-09-14-02-00-00,2,2,0
2017-09-14-02-15-00,0,0,0
2017-09-14-02-30-00,0,0,0
2017-09-14-02-45-00,0,0,0
2017-09-14-03-00-00,1,0,1
2017-09-14-03-15-00,0,0,0
2017-09-14-03-30-00,0,0,0
2017-09-14-03-45-00,0,0,0
2017-09-14-04-00-00,0,0,0
2017-09-14-04-15-00,0,0,0
2017-09-14-04-30-00,0,0,0
2017-09-14-04-45-00,0,0,0
2017-09-14-05-00-00,0,0,0
2017-09-14-05-15-00,0,0,0
2017-09-14-05-30-00,1,0,1
2017-09-14-05-45-00,8,4,4
2017-09-14-06-00-00,6,3,3
2017-09-14-06-15-00,7,5,2
2017-09-14-06-30-00,8,2,6
2017-09-14-06-45-00,8,2,6
2017-09-14-07-00-00,16,8,8
2017-09-14-07-15-00,22,4,18
2017-09-14-07-30-00,29,9,20
2017-09-14-07-45-00,45,13,32
2017-09-14-08-00-00,35,10,25
2017-09-14-08-15-00,30,13,17
2017-09-14-08-30-00,20,1,19
2017-09-14-08-45-00,23,1,22
2017-09-14-09-00-00,10,4,6
2017-09-14-09-15-00,10,2,8
2017-09-14-09-30-00,5,2,3
2017-09-14-09-45-00,3,2,1
2017-09-14-10-00-00,9,4,5
2017-09-14-10-15-00,6,4,2
2017-09-14-10-30-00,5,1,4
2017-09-14-10-45-00,7,1,6
2017-09-14-11-00-00,3,0,3
2017-09-14-11-15-00,12,4,8
2017-09-14-11-30-00,4,1,3
2017-09-14-11-45-00,7,2,5
2017-09-14-12-00-00,6,2,4
2017-09-14-12-15-00,5,4,1
2017-09-14-12-30-00,15,8,7
2017-09-14-12-45-00,4,1,3
2017-09-14-13-00-00,8,5,3
2017-09-14-13-15-00,13,4,9
2017-09-14-13-30-00,11,8,3
2017-09-14-13-45-00,9,3,6
2017-09-14-14-00-00,10,6,4
2017-09-14-14-15-00,19,13,6
2017-09-14-14-30-00,16,6,10
2017-09-14-14-45-00,12,8,4
2017-09-14-15-00-00,8,2,6
2017-09-14-15-15-00,25,14,11
2017-09-14-15-30-00,19,10,9
2017-09-14-15-45-00,29,18,11
2017-09-14-16-00-00,9,7,2
2017-09-14-16-15-00,27,15,12
2017-09-14-16-30-00,49,15,34
2017-09-14-16-45-00,33,15,18
2017-09-14-17-00-00,37,14,23
2017-09-14-17-15-00,31,17,14
2017-09-14-17-30-00,28,10,18
2017-09-14-17-45-00,16,11,5
2017-09-14-18-00-00,22,11,11
2017-09-14-18-15-00,6,6,0
2017-09-14-18-30-00,16,11,5
2017-09-14-18-45-00,12,10,2
2017-09-14-19-00-00,19,12,7
2017-09-14-19-15-00,20,19,1
2017-09-14-19-30-00,22,20,2
2017-09-14-19-45-00,16,15,1
2017-09-14-20-00-00,18,16,2
2017-09-14-20-15-00,3,3,0
2017-09-14-20-30-00,6,6,0
2017-09-14-20-45-00,6,4,2
2017-09-14-21-00-00,0,0,0
2017-09-14-21-15-00,1,1,0
2017-09-14-21-30-00,2,2,0
2017-09-14-21-45-00,4,2,2
2017-09-14-22-00-00,2,2,0
2017-09-14-22-15-00,2,2,0
2017-09-14-22-30-00,1,1,0
2017-09-14-22-45-00,0,0,0
2017-09-14-23-00-00,0,0,0
2017-09-14-23-15-00,0,0,0
2017-09-14-23-30-00,0,0,0
2017-09-14-23-45-00,1,0,1
2017-09-15-00-00-00,1,1,0
2017-09-15-00-15-00,0,0,0
2017-09-15-00-30-00,0,0,0
2017-09-15-00-45-00,0,0,0
2017-09-15-01-00-00,0,0,0
2017-09-15-01-15-00,0,0,0
2017-09-15-01-30-00,0,0,0
2017-09-15-01-45-00,0,0,0
2017-09-15-02-00-00,0,0,0
2017-09-15-02-15-00,1,1,0
2017-09-15-02-30-00,0,0,0
2017-09-15-02-45-00,0,0,0
2017-09-15-03-00-00,0,0,0
2017-09-15-03-15-00,0,0,0
2017-09-15-03-30-00,0,0,0
2017-09-15-03-45-00,0,0,0
2017-09-15-04-00-00,0,0,0
2017-09-15-04-15-00,0,0,0
2017-09-15-04-30-00,0,0,0
2017-09-15-04-45-00,0,0,0
2017-09-15-05-00-00,0,0,0
2017-09-15-05-15-00,0,0,0
2017-09-15-05-30-00,1,0,1
2017-09-15-05-45-00,4,3,1
2017-09-15-06-00-00,5,1,4
2017-09-15-06-15-00,5,4,1
2017-09-15-06-30-00,8,3,5
2017-09-15-06-45-00,6,1,5
2017-09-15-07-00-00,16,5,11
2017-09-15-07-15-00,17,4,13
2017-09-15-07-30-00,29,11,18
2017-09-15-07-45-00,47,9,38
2017-09-15-08-00-00,36,10,26
2017-09-15-08-15-00,35,9,26
2017-09-15-08-30-00,36,7,29
2017-09-15-08-45-00,28,4,24
2017-09-15-09-00-00,18,4,14
2017-09-15-09-15-00,21,5,16
2017-09-15-09-30-00,16,8,8
2017-09-15-09-45-00,6,1,5
2017-09-15-10-00-00,16,3,13
2017-09-15-10-15-00,8,4,4
2017-09-15-10-30-00,10,5,5
2017-09-15-10-45-00,19,6,13
2017-09-15-11-00-00,14,6,8
2017-09-15-11-15-00,13,9,4
2017-09-15-11-30-00,4,2,2
2017-09-15-11-45-00,15,8,7
2017-09-15-12-00-00,15,9,6
2017-09-15-12-15-00,18,7,11
2017-09-15-12-30-00,14,9,5
2017-09-15-12-45-00,8,5,3
2017-09-15-13-00-00,21,11,10
2017-09-15-13-15-00,28,17,11
2017-09-15-13-30-00,24,13,11
2017-09-15-13-45-00,20,13,7
2017-09-15-14-00-00,20,12,8
2017-09-15-14-15-00,33,21,12
2017-09-15-14-30-00,32,17,15
2017-09-15-14-45-00,18,14,4
2017-09-15-15-00-00,23,17,6
2017-09-15-15-15-00,20,14,6
2017-09-15-15-30-00,33,22,11
2017-09-15-15-45-00,27,14,13
2017-09-15-16-00-00,34,23,11
2017-09-15-16-15-00,38,20,18
2017-09-15-16-30-00,38,27,11
2017-09-15-16-45-00,34,22,12
2017-09-15-17-00-00,52,36,16
2017-09-15-17-15-00,36,26,10
2017-09-15-17-30-00,48,33,15
2017-09-15-17-45-00,34,21,13
2017-09-15-18-00-00,27,16,11
2017-09-15-18-15-00,25,16,9
2017-09-15-18-30-00,42,20,22
2017-09-15-18-45-00,17,10,7
2017-09-15-19-00-00,11,8,3
2017-09-15-19-15-00,19,12,7
2017-09-15-19-30-00,17,14,3
2017-09-15-19-45-00,14,5,9
2017-09-15-20-00-00,8,3,5
2017-09-15-20-15-00,4,1,3
2017-09-15-20-30-00,5,2,3
2017-09-15-20-45-00,2,2,0
2017-09-15-21-00-00,10,9,1
2017-09-15-21-15-00,3,2,1
2017-09-15-21-30-00,3,2,1
2017-09-15-21-45-00,2,1,1
2017-09-15-22-00-00,1,0,1
2017-09-15-22-15-00,0,0,0
2017-09-15-22-30-00,2,2,0
2017-09-15-22-45-00,1,1,0
2017-09-15-23-00-00,0,0,0
2017-09-15-23-15-00,0,0,0
2017-09-15-23-30-00,0,0,0
2017-09-15-23-45-00,0,0,0
2017-09-16-00-00-00,1,0,1
2017-09-16-00-15-00,1,1,0
2017-09-16-00-30-00,0,0,0
2017-09-16-00-45-00,0,0,0
2017-09-16-01-00-00,1,1,0
2017-09-16-01-15-00,3,0,3
2017-09-16-01-30-00,1,0,1
2017-09-16-01-45-00,1,1,0
2017-09-16-02-00-00,0,0,0
2017-09-16-02-15-00,1,0,1
2017-09-16-02-30-00,0,0,0
2017-09-16-02-45-00,0,0,0
2017-09-16-03-00-00,0,0,0
2017-09-16-03-15-00,0,0,0
2017-09-16-03-30-00,1,0,1
2017-09-16-03-45-00,0,0,0
2017-09-16-04-00-00,0,0,0
2017-09-16-04-15-00,0,0,0
2017-09-16-04-30-00,0,0,0
2017-09-16-04-45-00,1,0,1
2017-09-16-05-00-00,0,0,0
2017-09-16-05-15-00,1,0,1
2017-09-16-05-30-00,0,0,0
2017-09-16-05-45-00,0,0,0
2017-09-16-06-00-00,0,0,0
2017-09-16-06-15-00,4,0,4
2017-09-16-06-30-00,2,0,2
2017-09-16-06-45-00,1,1,0
2017-09-16-07-00-00,2,1,1
2017-09-16-07-15-00,6,1,5
2017-09-16-07-30-00,8,3,5
2017-09-16-07-45-00,8,3,5
2017-09-16-08-00-00,9,2,7
2017-09-16-08-15-00,10,0,10
2017-09-16-08-30-00,11,2,9
2017-09-16-08-45-00,14,5,9
2017-09-16-09-00-00,18,7,11
2017-09-16-09-15-00,29,11,18
2017-09-16-09-30-00,18,4,14
2017-09-16-09-45-00,24,7,17
2017-09-16-10-00-00,34,13,21
2017-09-16-10-15-00,31,13,18
2017-09-16-10-30-00,31,11,20
2017-09-16-10-45-00,44,16,28
2017-09-16-11-00-00,40,15,25
2017-09-16-11-15-00,46,19,27
2017-09-16-11-30-00,44,15,29
2017-09-16-11-45-00,54,28,26
2017-09-16-12-00-00,52,28,24
2017-09-16-12-15-00,57,21,36
2017-09-16-12-30-00,69,36,33
2017-09-16-12-45-00,47,27,20
2017-09-16-13-00-00,51,33,18
2017-09-16-13-15-00,49,25,24
2017-09-16-13-30-00,33,18,15
2017-09-16-13-45-00,41,24,17
2017-09-16-14-00-00,35,17,18
2017-09-16-14-15-00,35,20,15
2017-09-16-14-30-00,52,33,19
2017-09-16-14-45-00,45,25,20
2017-09-16-15-00-00,36,26,10
2017-09-16-15-15-00,38,15,23
2017-09-16-15-30-00,44,30,14
2017-09-16-15-45-00,33,26,7
2017-09-16-16-00-00,32,23,9
2017-09-16-16-15-00,27,23,4
2017-09-16-16-30-00,29,22,7
2017-09-16-16-45-00,22,12,10
2017-09-16-17-00-00,8,4,4
2017-09-16-17-15-00,15,12,3
2017-09-16-17-30-00,23,15,8
2017-09-16-17-45-00,23,10,13
2017-09-16-18-00-00,31,16,15
2017-09-16-18-15-00,14,6,8
2017-09-16-18-30-00,8,5,3
2017-09-16-18-45-00,26,15,11
2017-09-16-19-00-00,10,3,7
2017-09-16-19-15-00,13,5,8
2017-09-16-19-30-00,21,13,8
2017-09-16-19-45-00,10,2,8
2017-09-16-20-00-00,6,4,2
2017-09-16-20-15-00,2,0,2
2017-09-16-20-30-00,2,1,1
2017-09-16-20-45-00,3,3,0
2017-09-16-21-00-00,1,0,1
2017-09-16-21-15-00,0,0,0
2017-09-16-21-30-00,1,1,0
2017-09-16-21-45-00,5,4,1
2017-09-16-22-00-00,0,0,0
2017-09-16-22-15-00,0,0,0
2017-09-16-22-30-00,0,0,0
2017-09-16-22-45-00,0,0,0
2017-09-16-23-00-00,1,0,1
2017-09-16-23-15-00,1,1,0
2017-09-16-23-30-00,3,1,2
2017-09-16-23-45-00,4,4,0
2017-09-17-00-00-00,2,2,0
2017-09-17-00-15-00,1,0,1
2017-09-17-00-30-00,0,0,0
2017-09-17-00-45-00,1,0,1
2017-09-17-01-00-00,1,1,0
2017-09-17-01-15-00,0,0,0
2017-09-17-01-30-00,0,0,0
2017-09-17-01-45-00,0,0,0
2017-09-17-02-00-00,0,0,0
2017-09-17-02-15-00,0,0,0
2017-09-17-02-30-00,0,0,0
2017-09-17-02-45-00,0,0,0
2017-09-17-03-00-00,0,0,0
2017-09-17-03-15-00,0,0,0
2017-09-17-03-30-00,0,0,0
2017-09-17-03-45-00,0,0,0
2017-09-17-04-00-00,0,0,0
2017-09-17-04-15-00,0,0,0
2017-09-17-04-30-00,0,0,0
2017-09-17-04-45-00,0,0,0
2017-09-17-05-00-00,0,0,0
2017-09-17-05-15-00,0,0,0
2017-09-17-05-30-00,0,0,0
2017-09-17-05-45-00,1,1,0
2017-09-17-06-00-00,0,0,0
2017-09-17-06-15-00,2,0,2
2017-09-17-06-30-00,0,0,0
2017-09-17-06-45-00,1,1,0
2017-09-17-07-00-00,1,1,0
2017-09-17-07-15-00,3,1,2
2017-09-17-07-30-00,3,1,2
2017-09-17-07-45-00,2,2,0
2017-09-17-08-00-00,1,0,1
2017-09-17-08-15-00,5,3,2
2017-09-17-08-30-00,4,3,1
2017-09-17-08-45-00,9,0,9
2017-09-17-09-00-00,14,6,8
2017-09-17-09-15-00,13,6,7
2017-09-17-09-30-00,9,4,5
2017-09-17-09-45-00,21,6,15
2017-09-17-10-00-00,15,4,11
2017-09-17-10-15-00,25,12,13
2017-09-17-10-30-00,22,9,13
2017-09-17-10-45-00,30,15,15
2017-09-17-11-00-00,43,25,18
2017-09-17-11-15-00,35,13,22
2017-09-17-11-30-00,31,8,23
2017-09-17-11-45-00,37,15,22
2017-09-17-12-00-00,60,31,29
2017-09-17-12-15-00,49,23,26
2017-09-17-12-30-00,45,24,21
2017-09-17-12-45-00,40,26,14
2017-09-17-13-00-00,43,17,26
2017-09-17-13-15-00,53,35,18
2017-09-17-13-30-00,23,10,13
2017-09-17-13-45-00,23,14,9
2017-09-17-14-00-00,23,18,5
2017-09-17-14-15-00,41,23,18
2017-09-17-14-30-00,35,11,24
2017-09-17-14-45-00,34,18,16
2017-09-17-15-00-00,27,7,20
2017-09-17-15-15-00,53,34,19
2017-09-17-15-30-00,37,22,15
2017-09-17-15-45-00,51,22,29
2017-09-17-16-00-00,52,24,28
2017-09-17-16-15-00,38,29,9
2017-09-17-16-30-00,37,19,18
2017-09-17-16-45-00,42,22,20
2017-09-17-17-00-00,33,22,11
2017-09-17-17-15-00,40,24,16
2017-09-17-17-30-00,25,16,9
2017-09-17-17-45-00,29,16,13
2017-09-17-18-00-00,14,11,3
2017-09-17-18-15-00,17,14,3
2017-09-17-18-30-00,21,10,11
2017-09-17-18-45-00,31,21,10
2017-09-17-19-00-00,19,10,9
2017-09-17-19-15-00,23,17,6
2017-09-17-19-30-00,16,10,6
2017-09-17-19-45-00,9,7,2
2017-09-17-20-00-00,8,3,5
2017-09-17-20-15-00,1,0,1
2017-09-17-20-30-00,3,3,0
2017-09-17-20-45-00,1,1,0
2017-09-17-21-00-00,4,1,3
2017-09-17-21-15-00,0,0,0
2017-09-17-21-30-00,2,1,1
2017-09-17-21-45-00,2,2,0
2017-09-17-22-00-00,1,1,0
2017-09-17-22-15-00,1,0,1
2017-09-17-22-30-00,0,0,0
2017-09-17-22-45-00,0,0,0
2017-09-17-23-00-00,0,0,0
2017-09-17-23-15-00,1,1,0
2017-09-17-23-30-00,0,0,0
2017-09-17-23-45-00,0,0,0
2017-09-18-00-00-00,1,1,0
2017-09-18-00-15-00,0,0,0
2017-09-18-00-30-00,0,0,0
2017-09-18-00-45-00,0,0,0
2017-09-18-01-00-00,0,0,0
2017-09-18-01-15-00,0,0,0
2017-09-18-01-30-00,0,0,0
2017-09-18-01-45-00,0,0,0
2017-09-18-02-00-00,0,0,0
2017-09-18-02-15-00,0,0,0
2017-09-18-02-30-00,0,0,0
2017-09-18-02-45-00,0,0,0
2017-09-18-03-00-00,0,0,0
2017-09-18-03-15-00,0,0,0
2017-09-18-03-30-00,0,0,0
2017-09-18-03-45-00,0,0,0
2017-09-18-04-00-00,0,0,0
2017-09-18-04-15-00,0,0,0
2017-09-18-04-30-00,0,0,0
2017-09-18-04-45-00,1,0,1
2017-09-18-05-00-00,0,0,0
2017-09-18-05-15-00,1,1,0
2017-09-18-05-30-00,1,1,0
2017-09-18-05-45-00,6,1,5
2017-09-18-06-00-00,5,3,2
2017-09-18-06-15-00,9,6,3
2017-09-18-06-30-00,8,5,3
2017-09-18-06-45-00,10,2,8
2017-09-18-07-00-00,17,8,9
2017-09-18-07-15-00,40,11,29
2017-09-18-07-30-00,35,14,21
2017-09-18-07-45-00,50,14,36
2017-09-18-08-00-00,47,14,33
2017-09-18-08-15-00,42,9,33
2017-09-18-08-30-00,44,10,34
2017-09-18-08-45-00,43,4,39
2017-09-18-09-00-00,32,5,27
2017-09-18-09-15-00,13,2,11
2017-09-18-09-30-00,21,7,14
2017-09-18-09-45-00,9,6,3
2017-09-18-10-00-00,11,2,9
2017-09-18-10-15-00,12,7,5
2017-09-18-10-30-00,20,11,9
2017-09-18-10-45-00,14,11,3
2017-09-18-11-00-00,11,8,3
2017-09-18-11-15-00,9,5,4
2017-09-18-11-30-00,12,10,2
2017-09-18-11-45-00,8,4,4
2017-09-18-12-00-00,8,3,5
2017-09-18-12-15-00,7,3,4
2017-09-18-12-30-00,13,6,7
2017-09-18-12-45-00,12,5,7
2017-09-18-13-00-00,12,7,5
2017-09-18-13-15-00,9,5,4
2017-09-18-13-30-00,13,5,8
2017-09-18-13-45-00,17,7,10
2017-09-18-14-00-00,15,8,7
2017-09-18-14-15-00,7,5,2
2017-09-18-14-30-00,26,18,8
2017-09-18-14-45-00,12,6,6
2017-09-18-15-00-00,14,6,8
2017-09-18-15-15-00,11,7,4
2017-09-18-15-30-00,23,19,4
2017-09-18-15-45-00,11,9,2
2017-09-18-16-00-00,20,13,7
2017-09-18-16-15-00,21,16,5
2017-09-18-16-30-00,37,28,9
2017-09-18-16-45-00,42,29,13
2017-09-18-17-00-00,40,28,12
2017-09-18-17-15-00,47,34,13
2017-09-18-17-30-00,48,36,12
2017-09-18-17-45-00,41,25,16
2017-09-18-18-00-00,39,29,10
2017-09-18-18-15-00,45,32,13
2017-09-18-18-30-00,27,13,14
2017-09-18-18-45-00,27,17,10
2017-09-18-19-00-00,21,14,7
2017-09-18-19-15-00,18,12,6
2017-09-18-19-30-00,15,10,5
2017-09-18-19-45-00,5,5,0
2017-09-18-20-00-00,6,3,3
2017-09-18-20-15-00,5,3,2
2017-09-18-20-30-00,11,7,4
2017-09-18-20-45-00,2,0,2
2017-09-18-21-00-00,0,0,0
2017-09-18-21-15-00,0,0,0
2017-09-18-21-30-00,4,1,3
2017-09-18-21-45-00,5,2,3
2017-09-18-22-00-00,2,1,1
2017-09-18-22-15-00,3,2,1
2017-09-18-22-30-00,1,0,1
2017-09-18-22-45-00,0,0,0
2017-09-18-23-00-00,0,0,0
2017-09-18-23-15-00,1,1,0
2017-09-18-23-30-00,1,0,1
2017-09-18-23-45-00,0,0,0
2017-09-19-00-00-00,0,0,0
2017-09-19-00-15-00,0,0,0
2017-09-19-00-30-00,1,0,1
2017-09-19-00-45-00,0,0,0
2017-09-19-01-00-00,0,0,0
2017-09-19-01-15-00,0,0,0
2017-09-19-01-30-00,0,0,0
2017-09-19-01-45-00,0,0,0
2017-09-19-02-00-00,0,0,0
2017-09-19-02-15-00,0,0,0
2017-09-19-02-30-00,0,0,0
2017-09-19-02-45-00,0,0,0
2017-09-19-03-00-00,1,0,1
2017-09-19-03-15-00,0,0,0
2017-09-19-03-30-00,0,0,0
2017-09-19-03-45-00,0,0,0
2017-09-19-04-00-00,0,0,0
2017-09-19-04-15-00,0,0,0
2017-09-19-04-30-00,0,0,0
2017-09-19-04-45-00,0,0,0
2017-09-19-05-00-00,0,0,0
2017-09-19-05-15-00,0,0,0
2017-09-19-05-30-00,1,1,0
2017-09-19-05-45-00,2,0,2
2017-09-19-06-00-00,6,4,2
2017-09-19-06-15-00,11,3,8
2017-09-19-06-30-00,8,2,6
2017-09-19-06-45-00,13,5,8
2017-09-19-07-00-00,27,10,17
2017-09-19-07-15-00,30,7,23
2017-09-19-07-30-00,42,21,21
2017-09-19-07-45-00,50,10,40
2017-09-19-08-00-00,51,14,37
2017-09-19-08-15-00,47,10,37
2017-09-19-08-30-00,50,5,45
2017-09-19-08-45-00,44,6,38
2017-09-19-09-00-00,27,6,21
2017-09-19-09-15-00,10,2,8
2017-09-19-09-30-00,11,5,6
2017-09-19-09-45-00,7,4,3
2017-09-19-10-00-00,10,4,6
2017-09-19-10-15-00,2,1,1
2017-09-19-10-30-00,11,3,8
2017-09-19-10-45-00,7,4,3
2017-09-19-11-00-00,10,7,3
2017-09-19-11-15-00,8,5,3
2017-09-19-11-30-00,11,5,6
2017-09-19-11-45-00,6,3,3
2017-09-19-12-00-00,10,5,5
2017-09-19-12-15-00,9,4,5
2017-09-19-12-30-00,11,4,7
2017-09-19-12-45-00,10,4,6
2017-09-19-13-00-00,22,13,9
2017-09-19-13-15-00,14,5,9
2017-09-19-13-30-00,12,9,3
2017-09-19-13-45-00,13,8,5
2017-09-19-14-00-00,14,6,8
2017-09-19-14-15-00,18,13,5
2017-09-19-14-30-00,20,11,9
2017-09-19-14-45-00,19,12,7
2017-09-19-15-00-00,9,6,3
2017-09-19-15-15-00,25,13,12
2017-09-19-15-30-00,19,10,9
2017-09-19-15-45-00,33,22,11
2017-09-19-16-00-00,34,21,13
2017-09-19-16-15-00,36,25,11
2017-09-19-16-30-00,36,22,14
2017-09-19-16-45-00,48,32,16
2017-09-19-17-00-00,53,35,18
2017-09-19-17-15-00,60,44,16
2017-09-19-17-30-00,43,30,13
2017-09-19-17-45-00,51,33,18
2017-09-19-18-00-00,56,40,16
2017-09-19-18-15-00,29,20,9
2017-09-19-18-30-00,36,20,16
2017-09-19-18-45-00,33,21,12
2017-09-19-19-00-00,22,15,7
2017-09-19-19-15-00,27,12,15
2017-09-19-19-30-00,15,12,3
2017-09-19-19-45-00,17,14,3
2017-09-19-20-00-00,18,7,11
2017-09-19-20-15-00,8,3,5
2017-09-19-20-30-00,3,1,2
2017-09-19-20-45-00,3,1,2
2017-09-19-21-00-00,7,3,4
2017-09-19-21-15-00,5,2,3
2017-09-19-21-30-00,0,0,0
2017-09-19-21-45-00,5,0,5
2017-09-19-22-00-00,3,0,3
2017-09-19-22-15-00,0,0,0
2017-09-19-22-30-00,3,2,1
2017-09-19-22-45-00,0,0,0
2017-09-19-23-00-00,2,2,0
2017-09-19-23-15-00,1,0,1
2017-09-19-23-30-00,1,0,1
2017-09-19-23-45-00,0,0,0
2017-09-20-00-00-00,0,0,0
2017-09-20-00-15-00,0,0,0
2017-09-20-00-30-00,1,1,0
2017-09-20-00-45-00,0,0,0
2017-09-20-01-00-00,0,0,0
2017-09-20-01-15-00,0,0,0
2017-09-20-01-30-00,0,0,0
2017-09-20-01-45-00,0,0,0
2017-09-20-02-00-00,0,0,0
2017-09-20-02-15-00,0,0,0
2017-09-20-02-30-00,1,0,1
2017-09-20-02-45-00,0,0,0
2017-09-20-03-00-00,0,0,0
2017-09-20-03-15-00,0,0,0
2017-09-20-03-30-00,1,1,0
2017-09-20-03-45-00,0,0,0
2017-09-20-04-00-00,0,0,0
2017-09-20-04-15-00,0,0,0
2017-09-20-04-30-00,0,0,0
2017-09-20-04-45-00,0,0,0
2017-09-20-05-00-00,0,0,0
2017-09-20-05-15-00,0,0,0
2017-09-20-05-30-00,0,0,0
2017-09-20-05-45-00,4,1,3
2017-09-20-06-00-00,4,3,1
2017-09-20-06-15-00,15,6,9
2017-09-20-06-30-00,4,1,3
2017-09-20-06-45-00,17,6,11
2017-09-20-07-00-00,21,6,15
2017-09-20-07-15-00,28,12,16
2017-09-20-07-30-00,32,14,18
2017-09-20-07-45-00,42,9,33
2017-09-20-08-00-00,61,12,49
2017-09-20-08-15-00,35,10,25
2017-09-20-08-30-00,35,6,29
2017-09-20-08-45-00,45,4,41
2017-09-20-09-00-00,21,3,18
2017-09-20-09-15-00,23,2,21
2017-09-20-09-30-00,10,3,7
2017-09-20-09-45-00,14,7,7
2017-09-20-10-00-00,20,5,15
2017-09-20-10-15-00,5,2,3
2017-09-20-10-30-00,8,3,5
2017-09-20-10-45-00,10,4,6
2017-09-20-11-00-00,16,8,8
2017-09-20-11-15-00,12,7,5
2017-09-20-11-30-00,15,8,7
2017-09-20-11-45-00,23,13,10
2017-09-20-12-00-00,12,5,7
2017-09-20-12-15-00,26,9,17
2017-09-20-12-30-00,16,5,11
2017-09-20-12-45-00,20,11,9
2017-09-20-13-00-00,23,9,14
2017-09-20-13-15-00,24,13,11
2017-09-20-13-30-00,20,11,9
2017-09-20-13-45-00,12,7,5
2017-09-20-14-00-00,32,18,14
2017-09-20-14-15-00,23,11,12
2017-09-20-14-30-00,21,12,9
2017-09-20-14-45-00,29,13,16
2017-09-20-15-00-00,21,14,7
2017-09-20-15-15-00,33,20,13
2017-09-20-15-30-00,30,23,7
2017-09-20-15-45-00,31,19,12
2017-09-20-16-00-00,31,19,12
2017-09-20-16-15-00,65,43,22
2017-09-20-16-30-00,51,29,22
2017-09-20-16-45-00,59,39,20
2017-09-20-17-00-00,60,43,17
2017-09-20-17-15-00,83,44,39
2017-09-20-17-30-00,53,44,9
2017-09-20-17-45-00,60,34,26
2017-09-20-18-00-00,50,24,26
2017-09-20-18-15-00,63,38,25
2017-09-20-18-30-00,54,36,18
2017-09-20-18-45-00,66,36,30
2017-09-20-19-00-00,42,27,15
2017-09-20-19-15-00,25,13,12
2017-09-20-19-30-00,24,15,9
2017-09-20-19-45-00,29,20,9
2017-09-20-20-00-00,16,7,9
2017-09-20-20-15-00,6,3,3
2017-09-20-20-30-00,5,5,0
2017-09-20-20-45-00,3,2,1
2017-09-20-21-00-00,13,9,4
2017-09-20-21-15-00,7,5,2
2017-09-20-21-30-00,3,3,0
2017-09-20-21-45-00,5,3,2
2017-09-20-22-00-00,6,3,3
2017-09-20-22-15-00,2,0,2
2017-09-20-22-30-00,2,1,1
2017-09-20-22-45-00,5,2,3
2017-09-20-23-00-00,1,0,1
2017-09-20-23-15-00,2,1,1
2017-09-20-23-30-00,0,0,0
2017-09-20-23-45-00,0,0,0
2017-09-21-00-00-00,0,0,0
2017-09-21-00-15-00,0,0,0
2017-09-21-00-30-00,1,0,1
2017-09-21-00-45-00,0,0,0
2017-09-21-01-00-00,0,0,0
2017-09-21-01-15-00,1,0,1
2017-09-21-01-30-00,2,1,1
2017-09-21-01-45-00,0,0,0
2017-09-21-02-00-00,0,0,0
2017-09-21-02-15-00,1,0,1
2017-09-21-02-30-00,0,0,0
2017-09-21-02-45-00,0,0,0
2017-09-21-03-00-00,0,0,0
2017-09-21-03-15-00,0,0,0
2017-09-21-03-30-00,0,0,0
2017-09-21-03-45-00,0,0,0
2017-09-21-04-00-00,0,0,0
2017-09-21-04-15-00,0,0,0
2017-09-21-04-30-00,0,0,0
2017-09-21-04-45-00,0,0,0
2017-09-21-05-00-00,1,0,1
2017-09-21-05-15-00,0,0,0
2017-09-21-05-30-00,1,0,1
2017-09-21-05-45-00,4,2,2
2017-09-21-06-00-00,7,3,4
2017-09-21-06-15-00,17,10,7
2017-09-21-06-30-00,10,4,6
2017-09-21-06-45-00,13,4,9
2017-09-21-07-00-00,23,8,15
2017-09-21-07-15-00,37,12,25
2017-09-21-07-30-00,37,14,23
2017-09-21-07-45-00,50,18,32
2017-09-21-08-00-00,52,10,42
2017-09-21-08-15-00,67,22,45
2017-09-21-08-30-00,57,11,46
2017-09-21-08-45-00,52,6,46
2017-09-21-09-00-00,34,9,25
2017-09-21-09-15-00,18,5,13
2017-09-21-09-30-00,13,2,11
2017-09-21-09-45-00,15,8,7
2017-09-21-10-00-00,13,3,10
2017-09-21-10-15-00,19,7,12
2017-09-21-10-30-00,18,10,8
2017-09-21-10-45-00,25,15,10
2017-09-21-11-00-00,28,11,17
2017-09-21-11-15-00,21,11,10
2017-09-21-11-30-00,29,10,19
2017-09-21-11-45-00,25,8,17
2017-09-21-12-00-00,32,13,19
2017-09-21-12-15-00,40,23,17
2017-09-21-12-30-00,34,17,17
2017-09-21-12-45-00,32,11,21
2017-09-21-13-00-00,39,26,13
2017-09-21-13-15-00,44,24,20
2017-09-21-13-30-00,39,18,21
2017-09-21-13-45-00,61,24,37
2017-09-21-14-00-00,56,25,31
2017-09-21-14-15-00,59,33,26
2017-09-21-14-30-00,56,32,24
2017-09-21-14-45-00,63,34,29
2017-09-21-15-00-00,63,33,30
2017-09-21-15-15-00,63,38,25
2017-09-21-15-30-00,60,38,22
2017-09-21-15-45-00,68,32,36
2017-09-21-16-00-00,66,40,26
2017-09-21-16-15-00,71,44,27
2017-09-21-16-30-00,70,52,18
2017-09-21-16-45-00,98,58,40
2017-09-21-17-00-00,98,67,31
2017-09-21-17-15-00,92,59,33
2017-09-21-17-30-00,91,65,26
2017-09-21-17-45-00,95,67,28
2017-09-21-18-00-00,71,44,27
2017-09-21-18-15-00,60,40,20
2017-09-21-18-30-00,60,39,21
2017-09-21-18-45-00,54,30,24
2017-09-21-19-00-00,68,35,33
2017-09-21-19-15-00,40,25,15
2017-09-21-19-30-00,35,20,15
2017-09-21-19-45-00,38,19,19
2017-09-21-20-00-00,13,4,9
2017-09-21-20-15-00,7,3,4
2017-09-21-20-30-00,17,11,6
2017-09-21-20-45-00,7,4,3
2017-09-21-21-00-00,5,1,4
2017-09-21-21-15-00,10,5,5
2017-09-21-21-30-00,7,2,5
2017-09-21-21-45-00,5,3,2
2017-09-21-22-00-00,8,2,6
2017-09-21-22-15-00,1,1,0
2017-09-21-22-30-00,5,1,4
2017-09-21-22-45-00,2,2,0
2017-09-21-23-00-00,2,2,0
2017-09-21-23-15-00,0,0,0
2017-09-21-23-30-00,0,0,0
2017-09-21-23-45-00,1,0,1
2017-09-22-00-00-00,0,0,0
2017-09-22-00-15-00,1,0,1
2017-09-22-00-30-00,0,0,0
2017-09-22-00-45-00,0,0,0
2017-09-22-01-00-00,1,1,0
2017-09-22-01-15-00,1,1,0
2017-09-22-01-30-00,0,0,0
2017-09-22-01-45-00,1,1,0
2017-09-22-02-00-00,0,0,0
2017-09-22-02-15-00,0,0,0
2017-09-22-02-30-00,0,0,0
2017-09-22-02-45-00,0,0,0
2017-09-22-03-00-00,0,0,0
2017-09-22-03-15-00,0,0,0
2017-09-22-03-30-00,0,0,0
2017-09-22-03-45-00,0,0,0
2017-09-22-04-00-00,1,1,0
2017-09-22-04-15-00,0,0,0
2017-09-22-04-30-00,0,0,0
2017-09-22-04-45-00,0,0,0
2017-09-22-05-00-00,0,0,0
2017-09-22-05-15-00,0,0,0
2017-09-22-05-30-00,0,0,0
2017-09-22-05-45-00,1,0,1
2017-09-22-06-00-00,5,3,2
2017-09-22-06-15-00,6,3,3
2017-09-22-06-30-00,12,5,7
2017-09-22-06-45-00,12,5,7
2017-09-22-07-00-00,22,5,17
2017-09-22-07-15-00,31,8,23
2017-09-22-07-30-00,36,15,21
2017-09-22-07-45-00,47,15,32
2017-09-22-08-00-00,42,8,34
2017-09-22-08-15-00,37,12,25
2017-09-22-08-30-00,41,8,33
2017-09-22-08-45-00,47,5,42
2017-09-22-09-00-00,23,3,20
2017-09-22-09-15-00,22,5,17
2017-09-22-09-30-00,20,8,12
2017-09-22-09-45-00,23,16,7
2017-09-22-10-00-00,34,18,16
2017-09-22-10-15-00,15,10,5
2017-09-22-10-30-00,34,20,14
2017-09-22-10-45-00,26,14,12
2017-09-22-11-00-00,20,13,7
2017-09-22-11-15-00,24,6,18
2017-09-22-11-30-00,19,9,10
2017-09-22-11-45-00,28,10,18
2017-09-22-12-00-00,33,19,14
2017-09-22-12-15-00,31,9,22
2017-09-22-12-30-00,38,16,22
2017-09-22-12-45-00,31,16,15
2017-09-22-13-00-00,63,35,28
2017-09-22-13-15-00,50,33,17
2017-09-22-13-30-00,34,15,19
2017-09-22-13-45-00,34,21,13
2017-09-22-14-00-00,37,18,19
2017-09-22-14-15-00,53,33,20
2017-09-22-14-30-00,71,38,33
2017-09-22-14-45-00,43,24,19
2017-09-22-15-00-00,63,35,28
2017-09-22-15-15-00,59,45,14
2017-09-22-15-30-00,59,29,30
2017-09-22-15-45-00,56,38,18
2017-09-22-16-00-00,61,34,27
2017-09-22-16-15-00,67,41,26
2017-09-22-16-30-00,71,39,32
2017-09-22-16-45-00,52,37,15
2017-09-22-17-00-00,46,31,15
2017-09-22-17-15-00,75,56,19
2017-09-22-17-30-00,42,24,18
2017-09-22-17-45-00,44,27,17
2017-09-22-18-00-00,32,18,14
2017-09-22-18-15-00,38,19,19
2017-09-22-18-30-00,20,18,2
2017-09-22-18-45-00,32,20,12
2017-09-22-19-00-00,33,22,11
2017-09-22-19-15-00,26,12,14
2017-09-22-19-30-00,10,6,4
2017-09-22-19-45-00,16,6,10
2017-09-22-20-00-00,12,6,6
2017-09-22-20-15-00,6,3,3
2017-09-22-20-30-00,3,3,0
2017-09-22-20-45-00,10,5,5
2017-09-22-21-00-00,6,3,3
2017-09-22-21-15-00,5,3,2
2017-09-22-21-30-00,4,0,4
2017-09-22-21-45-00,6,5,1
2017-09-22-22-00-00,7,4,3
2017-09-22-22-15-00,4,2,2
2017-09-22-22-30-00,3,0,3
2017-09-22-22-45-00,1,1,0
2017-09-22-23-00-00,1,1,0
2017-09-22-23-15-00,0,0,0
2017-09-22-23-30-00,2,1,1
2017-09-22-23-45-00,1,0,1
2017-09-23-00-00-00,4,2,2
2017-09-23-00-15-00,1,0,1
2017-09-23-00-30-00,3,3,0
2017-09-23-00-45-00,2,0,2
2017-09-23-01-00-00,3,2,1
2017-09-23-01-15-00,0,0,0
2017-09-23-01-30-00,0,0,0
2017-09-23-01-45-00,2,1,1
2017-09-23-02-00-00,1,0,1
2017-09-23-02-15-00,2,2,0
2017-09-23-02-30-00,0,0,0
2017-09-23-02-45-00,0,0,0
2017-09-23-03-00-00,1,1,0
2017-09-23-03-15-00,0,0,0
2017-09-23-03-30-00,1,0,1
2017-09-23-03-45-00,1,0,1
2017-09-23-04-00-00,0,0,0
2017-09-23-04-15-00,1,0,1
2017-09-23-04-30-00,0,0,0
2017-09-23-04-45-00,0,0,0
2017-09-23-05-00-00,0,0,0
2017-09-23-05-15-00,1,0,1
2017-09-23-05-30-00,0,0,0
2017-09-23-05-45-00,0,0,0
2017-09-23-06-00-00,0,0,0
2017-09-23-06-15-00,4,1,3
2017-09-23-06-30-00,1,1,0
2017-09-23-06-45-00,0,0,0
2017-09-23-07-00-00,0,0,0
2017-09-23-07-15-00,1,1,0
2017-09-23-07-30-00,2,0,2
2017-09-23-07-45-00,7,4,3
2017-09-23-08-00-00,5,1,4
2017-09-23-08-15-00,14,8,6
2017-09-23-08-30-00,11,5,6
2017-09-23-08-45-00,13,8,5
2017-09-23-09-00-00,23,11,12
2017-09-23-09-15-00,17,7,10
2017-09-23-09-30-00,21,12,9
2017-09-23-09-45-00,16,8,8
2017-09-23-10-00-00,17,8,9
2017-09-23-10-15-00,21,11,10
2017-09-23-10-30-00,17,10,7
2017-09-23-10-45-00,40,21,19
2017-09-23-11-00-00,24,11,13
2017-09-23-11-15-00,40,14,26
2017-09-23-11-30-00,45,14,31
2017-09-23-11-45-00,30,13,17
2017-09-23-12-00-00,57,22,35
2017-09-23-12-15-00,45,18,27
2017-09-23-12-30-00,34,12,22
2017-09-23-12-45-00,31,15,16
2017-09-23-13-00-00,59,24,35
2017-09-23-13-15-00,41,25,16
2017-09-23-13-30-00,48,19,29
2017-09-23-13-45-00,47,24,23
2017-09-23-14-00-00,59,30,29
2017-09-23-14-15-00,53,22,31
2017-09-23-14-30-00,69,35,34
2017-09-23-14-45-00,66,33,33
2017-09-23-15-00-00,57,24,33
2017-09-23-15-15-00,92,48,44
2017-09-23-15-30-00,90,50,40
2017-09-23-15-45-00,66,30,36
2017-09-23-16-00-00,68,28,40
2017-09-23-16-15-00,95,41,54
2017-09-23-16-30-00,82,50,32
2017-09-23-16-45-00,65,44,21
2017-09-23-17-00-00,60,36,24
2017-09-23-17-15-00,67,37,30
2017-09-23-17-30-00,87,70,17
2017-09-23-17-45-00,52,28,24
2017-09-23-18-00-00,50,29,21
2017-09-23-18-15-00,56,35,21
2017-09-23-18-30-00,29,23,6
2017-09-23-18-45-00,38,22,16
2017-09-23-19-00-00,23,14,9
2017-09-23-19-15-00,40,17,23
2017-09-23-19-30-00,18,10,8
2017-09-23-19-45-00,16,13,3
2017-09-23-20-00-00,18,14,4
2017-09-23-20-15-00,2,1,1
2017-09-23-20-30-00,7,6,1
2017-09-23-20-45-00,3,3,0
2017-09-23-21-00-00,2,0,2
2017-09-23-21-15-00,2,2,0
2017-09-23-21-30-00,5,5,0
2017-09-23-21-45-00,4,2,2
2017-09-23-22-00-00,4,0,4
2017-09-23-22-15-00,1,1,0
2017-09-23-22-30-00,2,2,0
2017-09-23-22-45-00,3,0,3
2017-09-23-23-00-00,3,3,0
2017-09-23-23-15-00,2,0,2
2017-09-23-23-30-00,0,0,0
2017-09-23-23-45-00,2,2,0
2017-09-24-00-00-00,1,0,1
2017-09-24-00-15-00,0,0,0
2017-09-24-00-30-00,0,0,0
2017-09-24-00-45-00,1,1,0
2017-09-24-01-00-00,2,0,2
2017-09-24-01-15-00,2,2,0
2017-09-24-01-30-00,0,0,0
2017-09-24-01-45-00,0,0,0
2017-09-24-02-00-00,0,0,0
2017-09-24-02-15-00,1,1,0
2017-09-24-02-30-00,0,0,0
2017-09-24-02-45-00,0,0,0
2017-09-24-03-00-00,0,0,0
2017-09-24-03-15-00,1,0,1
2017-09-24-03-30-00,0,0,0
2017-09-24-03-45-00,0,0,0
2017-09-24-04-00-00,0,0,0
2017-09-24-04-15-00,0,0,0
2017-09-24-04-30-00,0,0,0
2017-09-24-04-45-00,0,0,0
2017-09-24-05-00-00,0,0,0
2017-09-24-05-15-00,0,0,0
2017-09-24-05-30-00,0,0,0
2017-09-24-05-45-00,0,0,0
2017-09-24-06-00-00,0,0,0
2017-09-24-06-15-00,0,0,0
2017-09-24-06-30-00,0,0,0
2017-09-24-06-45-00,2,1,1
2017-09-24-07-00-00,2,1,1
2017-09-24-07-15-00,4,2,2
2017-09-24-07-30-00,0,0,0
2017-09-24-07-45-00,4,3,1
2017-09-24-08-00-00,8,6,2
2017-09-24-08-15-00,2,1,1
2017-09-24-08-30-00,17,6,11
2017-09-24-08-45-00,12,4,8
2017-09-24-09-00-00,13,9,4
2017-09-24-09-15-00,17,6,11
2017-09-24-09-30-00,11,2,9
2017-09-24-09-45-00,17,5,12
2017-09-24-10-00-00,23,11,12
2017-09-24-10-15-00,29,5,24
2017-09-24-10-30-00,30,8,22
2017-09-24-10-45-00,34,17,17
2017-09-24-11-00-00,36,17,19
2017-09-24-11-15-00,18,8,10
2017-09-24-11-30-00,38,12,26
2017-09-24-11-45-00,48,18,30
2017-09-24-12-00-00,44,19,25
2017-09-24-12-15-00,70,29,41
2017-09-24-12-30-00,40,11,29
2017-09-24-12-45-00,52,20,32
2017-09-24-13-00-00,76,12,64
2017-09-24-13-15-00,96,47,49
2017-09-24-13-30-00,70,28,42
2017-09-24-13-45-00,80,34,46
2017-09-24-14-00-00,111,52,59
2017-09-24-14-15-00,118,64,54
2017-09-24-14-30-00,114,63,51
2017-09-24-14-45-00,103,57,46
2017-09-24-15-00-00,119,50,69
2017-09-24-15-15-00,124,51,73
2017-09-24-15-30-00,115,66,49
2017-09-24-15-45-00,77,44,33
2017-09-24-16-00-00,95,46,49
2017-09-24-16-15-00,99,61,38
2017-09-24-16-30-00,121,73,48
2017-09-24-16-45-00,99,70,29
2017-09-24-17-00-00,98,66,32
2017-09-24-17-15-00,108,79,29
2017-09-24-17-30-00,99,58,41
2017-09-24-17-45-00,56,34,22
2017-09-24-18-00-00,48,38,10
2017-09-24-18-15-00,40,18,22
2017-09-24-18-30-00,46,26,20
2017-09-24-18-45-00,24,14,10
2017-09-24-19-00-00,26,18,8
2017-09-24-19-15-00,25,13,12
2017-09-24-19-30-00,14,10,4
2017-09-24-19-45-00,23,14,9
2017-09-24-20-00-00,12,10,2
2017-09-24-20-15-00,14,6,8
2017-09-24-20-30-00,7,5,2
2017-09-24-20-45-00,2,2,0
2017-09-24-21-00-00,1,1,0
2017-09-24-21-15-00,8,3,5
2017-09-24-21-30-00,3,3,0
2017-09-24-21-45-00,4,4,0
2017-09-24-22-00-00,2,2,0
2017-09-24-22-15-00,3,2,1
2017-09-24-22-30-00,2,1,1
2017-09-24-22-45-00,1,1,0
2017-09-24-23-00-00,0,0,0
2017-09-24-23-15-00,0,0,0
2017-09-24-23-30-00,0,0,0
2017-09-24-23-45-00,0,0,0
2017-09-25-00-00-00,0,0,0
2017-09-25-00-15-00,0,0,0
2017-09-25-00-30-00,1,0,1
2017-09-25-00-45-00,0,0,0
2017-09-25-01-00-00,0,0,0
2017-09-25-01-15-00,0,0,0
2017-09-25-01-30-00,0,0,0
2017-09-25-01-45-00,2,0,2
2017-09-25-02-00-00,0,0,0
2017-09-25-02-15-00,0,0,0
2017-09-25-02-30-00,0,0,0
2017-09-25-02-45-00,0,0,0
2017-09-25-03-00-00,0,0,0
2017-09-25-03-15-00,0,0,0
2017-09-25-03-30-00,0,0,0
2017-09-25-03-45-00,0,0,0
2017-09-25-04-00-00,0,0,0
2017-09-25-04-15-00,0,0,0
2017-09-25-04-30-00,0,0,0
2017-09-25-04-45-00,3,1,2
2017-09-25-05-00-00,0,0,0
2017-09-25-05-15-00,1,0,1
2017-09-25-05-30-00,3,1,2
2017-09-25-05-45-00,4,2,2
2017-09-25-06-00-00,5,0,5
2017-09-25-06-15-00,5,2,3
2017-09-25-06-30-00,12,6,6
2017-09-25-06-45-00,15,7,8
2017-09-25-07-00-00,17,2,15
2017-09-25-07-15-00,41,14,27
2017-09-25-07-30-00,54,24,30
2017-09-25-07-45-00,47,13,34
2017-09-25-08-00-00,53,19,34
2017-09-25-08-15-00,53,19,34
2017-09-25-08-30-00,55,16,39
2017-09-25-08-45-00,59,10,49
2017-09-25-09-00-00,32,10,22
2017-09-25-09-15-00,26,5,21
2017-09-25-09-30-00,22,5,17
2017-09-25-09-45-00,16,4,12
2017-09-25-10-00-00,13,9,4
2017-09-25-10-15-00,7,1,6
2017-09-25-10-30-00,7,1,6
2017-09-25-10-45-00,18,8,10
2017-09-25-11-00-00,11,6,5
2017-09-25-11-15-00,17,8,9
2017-09-25-11-30-00,16,9,7
2017-09-25-11-45-00,13,5,8
2017-09-25-12-00-00,23,8,15
2017-09-25-12-15-00,23,12,11
2017-09-25-12-30-00,18,5,13
2017-09-25-12-45-00,34,15,19
2017-09-25-13-00-00,36,16,20
2017-09-25-13-15-00,46,27,19
2017-09-25-13-30-00,45,26,19
2017-09-25-13-45-00,30,11,19
2017-09-25-14-00-00,25,15,10
2017-09-25-14-15-00,49,22,27
2017-09-25-14-30-00,49,30,19
2017-09-25-14-45-00,26,15,11
2017-09-25-15-00-00,38,17,21
2017-09-25-15-15-00,42,23,19
2017-09-25-15-30-00,53,34,19
2017-09-25-15-45-00,37,26,11
2017-09-25-16-00-00,47,33,14
2017-09-25-16-15-00,50,28,22
2017-09-25-16-30-00,40,29,11
2017-09-25-16-45-00,50,33,17
2017-09-25-17-00-00,59,44,15
2017-09-25-17-15-00,54,35,19
2017-09-25-17-30-00,50,29,21
2017-09-25-17-45-00,56,40,16
2017-09-25-18-00-00,60,41,19
2017-09-25-18-15-00,53,39,14
2017-09-25-18-30-00,51,34,17
2017-09-25-18-45-00,41,29,12
2017-09-25-19-00-00,31,19,12
2017-09-25-19-15-00,30,22,8
2017-09-25-19-30-00,24,11,13
2017-09-25-19-45-00,15,9,6
2017-09-25-20-00-00,14,6,8
2017-09-25-20-15-00,12,11,1
2017-09-25-20-30-00,8,4,4
2017-09-25-20-45-00,2,1,1
2017-09-25-21-00-00,3,2,1
2017-09-25-21-15-00,3,2,1
2017-09-25-21-30-00,2,0,2
2017-09-25-21-45-00,3,2,1
2017-09-25-22-00-00,2,0,2
2017-09-25-22-15-00,3,2,1
2017-09-25-22-30-00,3,2,1
2017-09-25-22-45-00,1,0,1
2017-09-25-23-00-00,1,0,1
2017-09-25-23-15-00,1,0,1
2017-09-25-23-30-00,2,1,1
2017-09-25-23-45-00,0,0,0
2017-09-26-00-00-00,0,0,0
2017-09-26-00-15-00,0,0,0
2017-09-26-00-30-00,0,0,0
2017-09-26-00-45-00,0,0,0
2017-09-26-01-00-00,0,0,0
2017-09-26-01-15-00,0,0,0
2017-09-26-01-30-00,0,0,0
2017-09-26-01-45-00,1,0,1
2017-09-26-02-00-00,0,0,0
2017-09-26-02-15-00,0,0,0
2017-09-26-02-30-00,0,0,0
2017-09-26-02-45-00,0,0,0
2017-09-26-03-00-00,0,0,0
2017-09-26-03-15-00,0,0,0
2017-09-26-03-30-00,0,0,0
2017-09-26-03-45-00,0,0,0
2017-09-26-04-00-00,0,0,0
2017-09-26-04-15-00,0,0,0
2017-09-26-04-30-00,0,0,0
2017-09-26-04-45-00,0,0,0
2017-09-26-05-00-00,0,0,0
2017-09-26-05-15-00,1,0,1
2017-09-26-05-30-00,2,0,2
2017-09-26-05-45-00,3,0,3
2017-09-26-06-00-00,6,1,5
2017-09-26-06-15-00,10,4,6
2017-09-26-06-30-00,8,2,6
2017-09-26-06-45-00,15,4,11
2017-09-26-07-00-00,18,5,13
2017-09-26-07-15-00,30,11,19
2017-09-26-07-30-00,49,18,31
2017-09-26-07-45-00,51,15,36
2017-09-26-08-00-00,64,8,56
2017-09-26-08-15-00,58,11,47
2017-09-26-08-30-00,56,9,47
2017-09-26-08-45-00,41,6,35
2017-09-26-09-00-00,25,5,20
2017-09-26-09-15-00,30,7,23
2017-09-26-09-30-00,14,6,8
2017-09-26-09-45-00,17,6,11
2017-09-26-10-00-00,19,9,10
2017-09-26-10-15-00,23,11,12
2017-09-26-10-30-00,11,5,6
2017-09-26-10-45-00,20,10,10
2017-09-26-11-00-00,13,8,5
2017-09-26-11-15-00,24,8,16
2017-09-26-11-30-00,28,7,21
2017-09-26-11-45-00,24,13,11
2017-09-26-12-00-00,17,7,10
2017-09-26-12-15-00,33,19,14
2017-09-26-12-30-00,33,17,16
2017-09-26-12-45-00,37,18,19
2017-09-26-13-00-00,37,16,21
2017-09-26-13-15-00,40,11,29
2017-09-26-13-30-00,51,25,26
2017-09-26-13-45-00,32,14,18
2017-09-26-14-00-00,39,27,12
2017-09-26-14-15-00,31,16,15
2017-09-26-14-30-00,31,18,13
2017-09-26-14-45-00,38,20,18
2017-09-26-15-00-00,41,23,18
2017-09-26-15-15-00,39,29,10
2017-09-26-15-30-00,43,25,18
2017-09-26-15-45-00,50,34,16
2017-09-26-16-00-00,41,29,12
2017-09-26-16-15-00,48,33,15
2017-09-26-16-30-00,53,32,21
2017-09-26-16-45-00,62,47,15
2017-09-26-17-00-00,65,43,22
2017-09-26-17-15-00,80,58,22
2017-09-26-17-30-00,81,49,32
2017-09-26-17-45-00,76,41,35
2017-09-26-18-00-00,61,39,22
2017-09-26-18-15-00,62,33,29
2017-09-26-18-30-00,47,31,16
2017-09-26-18-45-00,37,27,10
2017-09-26-19-00-00,40,25,15
2017-09-26-19-15-00,29,15,14
2017-09-26-19-30-00,33,20,13
2017-09-26-19-45-00,12,10,2
2017-09-26-20-00-00,10,9,1
2017-09-26-20-15-00,11,6,5
2017-09-26-20-30-00,3,3,0
2017-09-26-20-45-00,7,4,3
2017-09-26-21-00-00,5,2,3
2017-09-26-21-15-00,3,2,1
2017-09-26-21-30-00,4,3,1
2017-09-26-21-45-00,3,0,3
2017-09-26-22-00-00,1,0,1
2017-09-26-22-15-00,3,1,2
2017-09-26-22-30-00,2,2,0
2017-09-26-22-45-00,3,0,3
2017-09-26-23-00-00,1,1,0
2017-09-26-23-15-00,0,0,0
2017-09-26-23-30-00,1,1,0
2017-09-26-23-45-00,0,0,0
2017-09-27-00-00-00,1,0,1
2017-09-27-00-15-00,0,0,0
2017-09-27-00-30-00,1,1,0
2017-09-27-00-45-00,0,0,0
2017-09-27-01-00-00,0,0,0
2017-09-27-01-15-00,0,0,0
2017-09-27-01-30-00,0,0,0
2017-09-27-01-45-00,1,1,0
2017-09-27-02-00-00,0,0,0
2017-09-27-02-15-00,0,0,0
2017-09-27-02-30-00,0,0,0
2017-09-27-02-45-00,0,0,0
2017-09-27-03-00-00,0,0,0
2017-09-27-03-15-00,0,0,0
2017-09-27-03-30-00,0,0,0
2017-09-27-03-45-00,0,0,0
2017-09-27-04-00-00,0,0,0
2017-09-27-04-15-00,0,0,0
2017-09-27-04-30-00,1,1,0
2017-09-27-04-45-00,1,1,0
2017-09-27-05-00-00,0,0,0
2017-09-27-05-15-00,0,0,0
2017-09-27-05-30-00,1,0,1
2017-09-27-05-45-00,5,3,2
2017-09-27-06-00-00,5,3,2
2017-09-27-06-15-00,11,5,6
2017-09-27-06-30-00,10,5,5
2017-09-27-06-45-00,18,7,11
2017-09-27-07-00-00,22,8,14
2017-09-27-07-15-00,35,11,24
2017-09-27-07-30-00,52,17,35
2017-09-27-07-45-00,42,13,29
2017-09-27-08-00-00,53,14,39
2017-09-27-08-15-00,51,13,38
2017-09-27-08-30-00,57,14,43
2017-09-27-08-45-00,54,9,45
2017-09-27-09-00-00,31,7,24
2017-09-27-09-15-00,32,9,23
2017-09-27-09-30-00,17,4,13
2017-09-27-09-45-00,25,10,15
2017-09-27-10-00-00,20,9,11
2017-09-27-10-15-00,19,7,12
2017-09-27-10-30-00,17,7,10
2017-09-27-10-45-00,23,12,11
2017-09-27-11-00-00,35,13,22
2017-09-27-11-15-00,32,18,14
2017-09-27-11-30-00,32,11,21
2017-09-27-11-45-00,35,17,18
2017-09-27-12-00-00,28,9,19
2017-09-27-12-15-00,30,11,19
2017-09-27-12-30-00,47,12,35
2017-09-27-12-45-00,33,11,22
2017-09-27-13-00-00,42,17,25
2017-09-27-13-15-00,53,24,29
2017-09-27-13-30-00,60,24,36
2017-09-27-13-45-00,48,24,24
2017-09-27-14-00-00,48,23,25
2017-09-27-14-15-00,71,41,30
2017-09-27-14-30-00,56,29,27
2017-09-27-14-45-00,70,38,32
2017-09-27-15-00-00,70,40,30
2017-09-27-15-15-00,65,38,27
2017-09-27-15-30-00,55,34,21
2017-09-27-15-45-00,66,39,27
2017-09-27-16-00-00,68,44,24
2017-09-27-16-15-00,92,60,32
2017-09-27-16-30-00,80,41,39
2017-09-27-16-45-00,64,44,20
2017-09-27-17-00-00,98,64,34
2017-09-27-17-15-00,105,68,37
2017-09-27-17-30-00,129,77,52
2017-09-27-17-45-00,107,76,31
2017-09-27-18-00-00,88,46,42
2017-09-27-18-15-00,106,63,43
2017-09-27-18-30-00,80,57,23
2017-09-27-18-45-00,69,42,27
2017-09-27-19-00-00,54,36,18
2017-09-27-19-15-00,49,33,16
2017-09-27-19-30-00,30,19,11
2017-09-27-19-45-00,23,12,11
2017-09-27-20-00-00,12,11,1
2017-09-27-20-15-00,18,6,12
2017-09-27-20-30-00,8,3,5
2017-09-27-20-45-00,10,6,4
2017-09-27-21-00-00,4,0,4
2017-09-27-21-15-00,8,3,5
2017-09-27-21-30-00,3,3,0
2017-09-27-21-45-00,4,3,1
2017-09-27-22-00-00,2,1,1
2017-09-27-22-15-00,3,3,0
2017-09-27-22-30-00,2,1,1
2017-09-27-22-45-00,2,1,1
2017-09-27-23-00-00,0,0,0
2017-09-27-23-15-00,2,2,0
2017-09-27-23-30-00,2,0,2
2017-09-27-23-45-00,0,0,0
2017-09-28-00-00-00,0,0,0
2017-09-28-00-15-00,0,0,0
2017-09-28-00-30-00,0,0,0
2017-09-28-00-45-00,0,0,0
2017-09-28-01-00-00,0,0,0
2017-09-28-01-15-00,0,0,0
2017-09-28-01-30-00,1,1,0
2017-09-28-01-45-00,0,0,0
2017-09-28-02-00-00,0,0,0
2017-09-28-02-15-00,0,0,0
2017-09-28-02-30-00,0,0,0
2017-09-28-02-45-00,1,0,1
2017-09-28-03-00-00,0,0,0
2017-09-28-03-15-00,0,0,0
2017-09-28-03-30-00,0,0,0
2017-09-28-03-45-00,0,0,0
2017-09-28-04-00-00,0,0,0
2017-09-28-04-15-00,0,0,0
2017-09-28-04-30-00,0,0,0
2017-09-28-04-45-00,0,0,0
2017-09-28-05-00-00,0,0,0
2017-09-28-05-15-00,1,0,1
2017-09-28-05-30-00,0,0,0
2017-09-28-05-45-00,4,0,4
2017-09-28-06-00-00,5,2,3
2017-09-28-06-15-00,6,4,2
2017-09-28-06-30-00,16,7,9
2017-09-28-06-45-00,14,4,10
2017-09-28-07-00-00,17,4,13
2017-09-28-07-15-00,30,9,21
2017-09-28-07-30-00,43,19,24
2017-09-28-07-45-00,52,6,46
2017-09-28-08-00-00,56,15,41
2017-09-28-08-15-00,55,16,39
2017-09-28-08-30-00,51,10,41
2017-09-28-08-45-00,52,8,44
2017-09-28-09-00-00,27,6,21
2017-09-28-09-15-00,18,6,12
2017-09-28-09-30-00,14,6,8
2017-09-28-09-45-00,14,5,9
2017-09-28-10-00-00,4,0,4
2017-09-28-10-15-00,11,5,6
2017-09-28-10-30-00,12,8,4
2017-09-28-10-45-00,8,5,3
2017-09-28-11-00-00,8,6,2
2017-09-28-11-15-00,23,10,13
2017-09-28-11-30-00,28,8,20
2017-09-28-11-45-00,9,2,7
2017-09-28-12-00-00,16,5,11
2017-09-28-12-15-00,23,14,9
2017-09-28-12-30-00,19,15,4
2017-09-28-12-45-00,15,8,7
2017-09-28-13-00-00,22,11,11
2017-09-28-13-15-00,23,9,14
2017-09-28-13-30-00,21,11,10
2017-09-28-13-45-00,19,11,8
2017-09-28-14-00-00,23,13,10
2017-09-28-14-15-00,24,6,18
2017-09-28-14-30-00,31,14,17
2017-09-28-14-45-00,22,16,6
2017-09-28-15-00-00,42,27,15
2017-09-28-15-15-00,37,22,15
2017-09-28-15-30-00,26,17,9
2017-09-28-15-45-00,32,19,13
2017-09-28-16-00-00,35,21,14
2017-09-28-16-15-00,52,37,15
2017-09-28-16-30-00,70,38,32
2017-09-28-16-45-00,48,27,21
2017-09-28-17-00-00,37,27,10
2017-09-28-17-15-00,50,30,20
2017-09-28-17-30-00,49,30,19
2017-09-28-17-45-00,53,37,16
2017-09-28-18-00-00,43,31,12
2017-09-28-18-15-00,50,33,17
2017-09-28-18-30-00,32,20,12
2017-09-28-18-45-00,33,23,10
2017-09-28-19-00-00,25,17,8
2017-09-28-19-15-00,31,15,16
2017-09-28-19-30-00,23,13,10
2017-09-28-19-45-00,15,12,3
2017-09-28-20-00-00,15,11,4
2017-09-28-20-15-00,8,6,2
2017-09-28-20-30-00,4,3,1
2017-09-28-20-45-00,3,1,2
2017-09-28-21-00-00,4,3,1
2017-09-28-21-15-00,6,2,4
2017-09-28-21-30-00,5,5,0
2017-09-28-21-45-00,8,3,5
2017-09-28-22-00-00,5,3,2
2017-09-28-22-15-00,2,1,1
2017-09-28-22-30-00,1,1,0
2017-09-28-22-45-00,3,1,2
2017-09-28-23-00-00,2,0,2
2017-09-28-23-15-00,1,0,1
2017-09-28-23-30-00,1,1,0
2017-09-28-23-45-00,1,0,1
2017-09-29-00-00-00,0,0,0
2017-09-29-00-15-00,1,1,0
2017-09-29-00-30-00,2,1,1
2017-09-29-00-45-00,0,0,0
2017-09-29-01-00-00,0,0,0
2017-09-29-01-15-00,1,0,1
2017-09-29-01-30-00,0,0,0
2017-09-29-01-45-00,3,0,3
2017-09-29-02-00-00,0,0,0
2017-09-29-02-15-00,0,0,0
2017-09-29-02-30-00,0,0,0
2017-09-29-02-45-00,0,0,0
2017-09-29-03-00-00,0,0,0
2017-09-29-03-15-00,0,0,0
2017-09-29-03-30-00,0,0,0
2017-09-29-03-45-00,0,0,0
2017-09-29-04-00-00,0,0,0
2017-09-29-04-15-00,0,0,0
2017-09-29-04-30-00,0,0,0
2017-09-29-04-45-00,0,0,0
2017-09-29-05-00-00,0,0,0
2017-09-29-05-15-00,0,0,0
2017-09-29-05-30-00,3,2,1
2017-09-29-05-45-00,2,1,1
2017-09-29-06-00-00,7,2,5
2017-09-29-06-15-00,8,4,4
2017-09-29-06-30-00,9,4,5
2017-09-29-06-45-00,16,7,9
2017-09-29-07-00-00,16,5,11
2017-09-29-07-15-00,26,11,15
2017-09-29-07-30-00,43,20,23
2017-09-29-07-45-00,44,13,31
2017-09-29-08-00-00,36,9,27
2017-09-29-08-15-00,41,7,34
2017-09-29-08-30-00,44,10,34
2017-09-29-08-45-00,43,5,38
2017-09-29-09-00-00,19,7,12
2017-09-29-09-15-00,21,5,16
2017-09-29-09-30-00,16,7,9
2017-09-29-09-45-00,14,6,8
2017-09-29-10-00-00,21,10,11
2017-09-29-10-15-00,11,6,5
2017-09-29-10-30-00,17,6,11
2017-09-29-10-45-00,30,4,26
2017-09-29-11-00-00,23,8,15
2017-09-29-11-15-00,26,16,10
2017-09-29-11-30-00,26,16,10
2017-09-29-11-45-00,31,13,18
2017-09-29-12-00-00,33,14,19
2017-09-29-12-15-00,30,14,16
2017-09-29-12-30-00,47,11,36
2017-09-29-12-45-00,39,18,21
2017-09-29-13-00-00,40,27,13
2017-09-29-13-15-00,37,19,18
2017-09-29-13-30-00,45,27,18
2017-09-29-13-45-00,48,28,20
2017-09-29-14-00-00,48,25,23
2017-09-29-14-15-00,42,19,23
2017-09-29-14-30-00,63,32,31
2017-09-29-14-45-00,52,29,23
2017-09-29-15-00-00,72,33,39
2017-09-29-15-15-00,70,35,35
2017-09-29-15-30-00,61,37,24
2017-09-29-15-45-00,49,26,23
2017-09-29-16-00-00,59,28,31
2017-09-29-16-15-00,69,42,27
2017-09-29-16-30-00,68,39,29
2017-09-29-16-45-00,50,33,17
2017-09-29-17-00-00,51,25,26
2017-09-29-17-15-00,65,39,26
2017-09-29-17-30-00,62,40,22
2017-09-29-17-45-00,67,48,19
2017-09-29-18-00-00,46,25,21
2017-09-29-18-15-00,59,20,39
2017-09-29-18-30-00,54,43,11
2017-09-29-18-45-00,48,23,25
2017-09-29-19-00-00,26,19,7
2017-09-29-19-15-00,30,22,8
2017-09-29-19-30-00,28,12,16
2017-09-29-19-45-00,17,11,6
2017-09-29-20-00-00,13,9,4
2017-09-29-20-15-00,4,4,0
2017-09-29-20-30-00,8,5,3
2017-09-29-20-45-00,4,2,2
2017-09-29-21-00-00,4,3,1
2017-09-29-21-15-00,14,5,9
2017-09-29-21-30-00,5,3,2
2017-09-29-21-45-00,5,2,3
2017-09-29-22-00-00,7,5,2
2017-09-29-22-15-00,5,3,2
2017-09-29-22-30-00,2,2,0
2017-09-29-22-45-00,6,4,2
2017-09-29-23-00-00,5,4,1
2017-09-29-23-15-00,3,2,1
2017-09-29-23-30-00,2,2,0
2017-09-29-23-45-00,7,2,5
2017-09-30-00-00-00,3,2,1
2017-09-30-00-15-00,1,1,0
2017-09-30-00-30-00,1,0,1
2017-09-30-00-45-00,1,0,1
2017-09-30-01-00-00,2,1,1
2017-09-30-01-15-00,0,0,0
2017-09-30-01-30-00,0,0,0
2017-09-30-01-45-00,1,0,1
2017-09-30-02-00-00,0,0,0
2017-09-30-02-15-00,1,1,0
2017-09-30-02-30-00,0,0,0
2017-09-30-02-45-00,0,0,0
2017-09-30-03-00-00,0,0,0
2017-09-30-03-15-00,0,0,0
2017-09-30-03-30-00,0,0,0
2017-09-30-03-45-00,0,0,0
2017-09-30-04-00-00,0,0,0
2017-09-30-04-15-00,0,0,0
2017-09-30-04-30-00,0,0,0
2017-09-30-04-45-00,0,0,0
2017-09-30-05-00-00,0,0,0
2017-09-30-05-15-00,1,0,1
2017-09-30-05-30-00,0,0,0
2017-09-30-05-45-00,0,0,0
2017-09-30-06-00-00,1,1,0
2017-09-30-06-15-00,4,2,2
2017-09-30-06-30-00,4,1,3
2017-09-30-06-45-00,1,0,1
2017-09-30-07-00-00,1,0,1
2017-09-30-07-15-00,2,0,2
2017-09-30-07-30-00,2,2,0
2017-09-30-07-45-00,1,1,0
2017-09-30-08-00-00,0,0,0
2017-09-30-08-15-00,3,1,2
2017-09-30-08-30-00,4,4,0
2017-09-30-08-45-00,0,0,0
2017-09-30-09-00-00,3,2,1
2017-09-30-09-15-00,5,0,5
2017-09-30-09-30-00,4,2,2
2017-09-30-09-45-00,5,5,0
2017-09-30-10-00-00,1,0,1
2017-09-30-10-15-00,1,0,1
2017-09-30-10-30-00,4,0,4
2017-09-30-10-45-00,2,1,1
2017-09-30-11-00-00,3,2,1
2017-09-30-11-15-00,3,1,2
2017-09-30-11-30-00,1,1,0
2017-09-30-11-45-00,2,2,0
2017-09-30-12-00-00,1,0,1
2017-09-30-12-15-00,3,1,2
2017-09-30-12-30-00,4,2,2
2017-09-30-12-45-00,2,1,1
2017-09-30-13-00-00,5,4,1
2017-09-30-13-15-00,2,1,1
2017-09-30-13-30-00,3,2,1
2017-09-30-13-45-00,0,0,0
2017-09-30-14-00-00,6,2,4
2017-09-30-14-15-00,2,1,1
2017-09-30-14-30-00,4,4,0
2017-09-30-14-45-00,3,2,1
2017-09-30-15-00-00,0,0,0
2017-09-30-15-15-00,3,2,1
2017-09-30-15-30-00,2,2,0
2017-09-30-15-45-00,3,0,3
2017-09-30-16-00-00,2,0,2
2017-09-30-16-15-00,0,0,0
2017-09-30-16-30-00,2,1,1
2017-09-30-16-45-00,1,0,1
2017-09-30-17-00-00,1,0,1
2017-09-30-17-15-00,1,0,1
2017-09-30-17-30-00,1,0,1
2017-09-30-17-45-00,2,1,1
2017-09-30-18-00-00,2,2,0
2017-09-30-18-15-00,1,1,0
2017-09-30-18-30-00,5,1,4
2017-09-30-18-45-00,3,1,2
2017-09-30-19-00-00,4,1,3
2017-09-30-19-15-00,6,5,1
2017-09-30-19-30-00,5,4,1
2017-09-30-19-45-00,5,4,1
2017-09-30-20-00-00,5,0,5
2017-09-30-20-15-00,1,1,0
2017-09-30-20-30-00,0,0,0
2017-09-30-20-45-00,2,1,1
2017-09-30-21-00-00,0,0,0
2017-09-30-21-15-00,0,0,0
2017-09-30-21-30-00,1,1,0
2017-09-30-21-45-00,1,0,1
2017-09-30-22-00-00,0,0,0
2017-09-30-22-15-00,0,0,0
2017-09-30-22-30-00,2,1,1
2017-09-30-22-45-00,0,0,0
2017-09-30-23-00-00,1,1,0
2017-09-30-23-15-00,0,0,0
2017-09-30-23-30-00,0,0,0
2017-09-30-23-45-00,0,0,0
2017-10-01-00-00-00,1,1,0
2017-10-01-00-15-00,0,0,0
2017-10-01-00-30-00,0,0,0
2017-10-01-00-45-00,0,0,0
2017-10-01-01-00-00,0,0,0
2017-10-01-01-15-00,0,0,0
2017-10-01-01-30-00,2,0,2
2017-10-01-01-45-00,1,1,0
2017-10-01-02-00-00,0,0,0
2017-10-01-02-15-00,0,0,0
2017-10-01-02-30-00,0,0,0
2017-10-01-02-45-00,0,0,0
2017-10-01-03-00-00,0,0,0
2017-10-01-03-15-00,0,0,0
2017-10-01-03-30-00,0,0,0
2017-10-01-03-45-00,0,0,0
2017-10-01-04-00-00,0,0,0
2017-10-01-04-15-00,1,1,0
2017-10-01-04-30-00,0,0,0
2017-10-01-04-45-00,0,0,0
2017-10-01-05-00-00,1,1,0
2017-10-01-05-15-00,0,0,0
2017-10-01-05-30-00,1,0,1
2017-10-01-05-45-00,0,0,0
2017-10-01-06-00-00,0,0,0
2017-10-01-06-15-00,0,0,0
2017-10-01-06-30-00,0,0,0
2017-10-01-06-45-00,3,0,3
2017-10-01-07-00-00,1,1,0
2017-10-01-07-15-00,1,0,1
2017-10-01-07-30-00,2,1,1
2017-10-01-07-45-00,2,1,1
2017-10-01-08-00-00,7,3,4
2017-10-01-08-15-00,3,2,1
2017-10-01-08-30-00,10,8,2
2017-10-01-08-45-00,10,5,5
2017-10-01-09-00-00,7,3,4
2017-10-01-09-15-00,12,3,9
2017-10-01-09-30-00,18,7,11
2017-10-01-09-45-00,19,12,7
2017-10-01-10-00-00,21,13,8
2017-10-01-10-15-00,41,19,22
2017-10-01-10-30-00,33,12,21
2017-10-01-10-45-00,52,25,27
2017-10-01-11-00-00,51,27,24
2017-10-01-11-15-00,71,29,42
2017-10-01-11-30-00,63,32,31
2017-10-01-11-45-00,61,17,44
2017-10-01-12-00-00,54,27,27
2017-10-01-12-15-00,68,36,32
2017-10-01-12-30-00,78,30,48
2017-10-01-12-45-00,64,28,36
2017-10-01-13-00-00,97,51,46
2017-10-01-13-15-00,66,25,41
2017-10-01-13-30-00,99,45,54
2017-10-01-13-45-00,90,46,44
2017-10-01-14-00-00,94,47,47
2017-10-01-14-15-00,116,63,53
2017-10-01-14-30-00,85,40,45
2017-10-01-14-45-00,106,58,48
2017-10-01-15-00-00,109,54,55
2017-10-01-15-15-00,93,46,47
2017-10-01-15-30-00,86,40,46
2017-10-01-15-45-00,95,50,45
2017-10-01-16-00-00,76,37,39
2017-10-01-16-15-00,115,74,41
2017-10-01-16-30-00,103,77,26
2017-10-01-16-45-00,100,69,31
2017-10-01-17-00-00,65,40,25
2017-10-01-17-15-00,46,36,10
2017-10-01-17-30-00,77,50,27
2017-10-01-17-45-00,78,51,27
2017-10-01-18-00-00,49,39,10
2017-10-01-18-15-00,36,24,12
2017-10-01-18-30-00,31,14,17
2017-10-01-18-45-00,35,16,19
2017-10-01-19-00-00,24,12,12
2017-10-01-19-15-00,24,12,12
2017-10-01-19-30-00,10,5,5
2017-10-01-19-45-00,7,5,2
2017-10-01-20-00-00,3,2,1
2017-10-01-20-15-00,4,1,3
2017-10-01-20-30-00,6,3,3
2017-10-01-20-45-00,2,0,2
2017-10-01-21-00-00,3,2,1
2017-10-01-21-15-00,3,1,2
2017-10-01-21-30-00,2,0,2
2017-10-01-21-45-00,0,0,0
2017-10-01-22-00-00,0,0,0
2017-10-01-22-15-00,2,0,2
2017-10-01-22-30-00,3,3,0
2017-10-01-22-45-00,1,0,1
2017-10-01-23-00-00,0,0,0
2017-10-01-23-15-00,1,1,0
2017-10-01-23-30-00,0,0,0
2017-10-01-23-45-00,0,0,0
2017-10-02-00-00-00,0,0,0
2017-10-02-00-15-00,0,0,0
2017-10-02-00-30-00,2,2,0
2017-10-02-00-45-00,0,0,0
2017-10-02-01-00-00,2,1,1
2017-10-02-01-15-00,0,0,0
2017-10-02-01-30-00,0,0,0
2017-10-02-01-45-00,0,0,0
2017-10-02-02-00-00,0,0,0
2017-10-02-02-15-00,0,0,0
2017-10-02-02-30-00,0,0,0
2017-10-02-02-45-00,0,0,0
2017-10-02-03-00-00,0,0,0
2017-10-02-03-15-00,0,0,0
2017-10-02-03-30-00,0,0,0
2017-10-02-03-45-00,0,0,0
2017-10-02-04-00-00,0,0,0
2017-10-02-04-15-00,0,0,0
2017-10-02-04-30-00,0,0,0
2017-10-02-04-45-00,0,0,0
2017-10-02-05-00-00,1,1,0
2017-10-02-05-15-00,1,1,0
2017-10-02-05-30-00,1,1,0
2017-10-02-05-45-00,2,2,0
2017-10-02-06-00-00,2,0,2
2017-10-02-06-15-00,6,3,3
2017-10-02-06-30-00,3,1,2
2017-10-02-06-45-00,6,3,3
2017-10-02-07-00-00,6,1,5
2017-10-02-07-15-00,7,2,5
2017-10-02-07-30-00,26,13,13
2017-10-02-07-45-00,15,1,14
2017-10-02-08-00-00,23,3,20
2017-10-02-08-15-00,20,8,12
2017-10-02-08-30-00,22,9,13
2017-10-02-08-45-00,12,1,11
2017-10-02-09-00-00,9,4,5
2017-10-02-09-15-00,17,7,10
2017-10-02-09-30-00,9,4,5
2017-10-02-09-45-00,8,3,5
2017-10-02-10-00-00,7,2,5
2017-10-02-10-15-00,10,2,8
2017-10-02-10-30-00,4,1,3
2017-10-02-10-45-00,18,11,7
2017-10-02-11-00-00,11,7,4
2017-10-02-11-15-00,5,2,3
2017-10-02-11-30-00,4,3,1
2017-10-02-11-45-00,17,13,4
2017-10-02-12-00-00,5,1,4
2017-10-02-12-15-00,6,3,3
2017-10-02-12-30-00,9,6,3
2017-10-02-12-45-00,9,4,5
2017-10-02-13-00-00,10,4,6
2017-10-02-13-15-00,10,7,3
2017-10-02-13-30-00,11,5,6
2017-10-02-13-45-00,13,8,5
2017-10-02-14-00-00,24,3,21
2017-10-02-14-15-00,13,8,5
2017-10-02-14-30-00,12,5,7
2017-10-02-14-45-00,20,10,10
2017-10-02-15-00-00,30,16,14
2017-10-02-15-15-00,28,15,13
2017-10-02-15-30-00,18,11,7
2017-10-02-15-45-00,30,16,14
2017-10-02-16-00-00,34,21,13
2017-10-02-16-15-00,40,24,16
2017-10-02-16-30-00,31,20,11
2017-10-02-16-45-00,47,24,23
2017-10-02-17-00-00,45,24,21
2017-10-02-17-15-00,70,44,26
2017-10-02-17-30-00,50,22,28
2017-10-02-17-45-00,38,19,19
2017-10-02-18-00-00,44,33,11
2017-10-02-18-15-00,28,13,15
2017-10-02-18-30-00,29,18,11
2017-10-02-18-45-00,32,23,9
2017-10-02-19-00-00,26,11,15
2017-10-02-19-15-00,18,10,8
2017-10-02-19-30-00,12,6,6
2017-10-02-19-45-00,11,4,7
2017-10-02-20-00-00,7,4,3
2017-10-02-20-15-00,2,2,0
2017-10-02-20-30-00,2,1,1
2017-10-02-20-45-00,3,1,2
2017-10-02-21-00-00,4,2,2
2017-10-02-21-15-00,2,2,0
2017-10-02-21-30-00,5,1,4
2017-10-02-21-45-00,2,1,1
2017-10-02-22-00-00,1,1,0
2017-10-02-22-15-00,1,0,1
2017-10-02-22-30-00,0,0,0
2017-10-02-22-45-00,2,0,2
2017-10-02-23-00-00,2,1,1
2017-10-02-23-15-00,0,0,0
2017-10-02-23-30-00,0,0,0
2017-10-02-23-45-00,0,0,0
2017-10-03-00-00-00,0,0,0
2017-10-03-00-15-00,2,2,0
2017-10-03-00-30-00,0,0,0
2017-10-03-00-45-00,0,0,0
2017-10-03-01-00-00,0,0,0
2017-10-03-01-15-00,0,0,0
2017-10-03-01-30-00,1,1,0
2017-10-03-01-45-00,0,0,0
2017-10-03-02-00-00,1,0,1
2017-10-03-02-15-00,1,0,1
2017-10-03-02-30-00,0,0,0
2017-10-03-02-45-00,1,0,1
2017-10-03-03-00-00,0,0,0
2017-10-03-03-15-00,0,0,0
2017-10-03-03-30-00,0,0,0
2017-10-03-03-45-00,0,0,0
2017-10-03-04-00-00,0,0,0
2017-10-03-04-15-00,0,0,0
2017-10-03-04-30-00,0,0,0
2017-10-03-04-45-00,0,0,0
2017-10-03-05-00-00,0,0,0
2017-10-03-05-15-00,0,0,0
2017-10-03-05-30-00,0,0,0
2017-10-03-05-45-00,1,1,0
2017-10-03-06-00-00,2,2,0
2017-10-03-06-15-00,0,0,0
2017-10-03-06-30-00,1,0,1
2017-10-03-06-45-00,0,0,0
2017-10-03-07-00-00,1,1,0
2017-10-03-07-15-00,1,1,0
2017-10-03-07-30-00,2,2,0
2017-10-03-07-45-00,3,2,1
2017-10-03-08-00-00,4,2,2
2017-10-03-08-15-00,3,1,2
2017-10-03-08-30-00,5,1,4
2017-10-03-08-45-00,10,5,5
2017-10-03-09-00-00,10,5,5
2017-10-03-09-15-00,18,2,16
2017-10-03-09-30-00,13,7,6
2017-10-03-09-45-00,28,12,16
2017-10-03-10-00-00,13,6,7
2017-10-03-10-15-00,30,7,23
2017-10-03-10-30-00,30,14,16
2017-10-03-10-45-00,32,15,17
2017-10-03-11-00-00,31,14,17
2017-10-03-11-15-00,34,9,25
2017-10-03-11-30-00,37,14,23
2017-10-03-11-45-00,36,16,20
2017-10-03-12-00-00,44,15,29
2017-10-03-12-15-00,43,19,24
2017-10-03-12-30-00,48,17,31
2017-10-03-12-45-00,36,17,19
2017-10-03-13-00-00,34,14,20
2017-10-03-13-15-00,39,16,23
2017-10-03-13-30-00,37,13,24
2017-10-03-13-45-00,47,21,26
2017-10-03-14-00-00,65,35,30
2017-10-03-14-15-00,55,23,32
2017-10-03-14-30-00,46,26,20
2017-10-03-14-45-00,47,20,27
2017-10-03-15-00-00,61,31,30
2017-10-03-15-15-00,52,23,29
2017-10-03-15-30-00,50,39,11
2017-10-03-15-45-00,53,32,21
2017-10-03-16-00-00,34,23,11
2017-10-03-16-15-00,44,15,29
2017-10-03-16-30-00,51,31,20
2017-10-03-16-45-00,40,24,16
2017-10-03-17-00-00,48,31,17
2017-10-03-17-15-00,33,25,8
2017-10-03-17-30-00,46,28,18
2017-10-03-17-45-00,28,15,13
2017-10-03-18-00-00,40,20,20
2017-10-03-18-15-00,32,17,15
2017-10-03-18-30-00,26,19,7
2017-10-03-18-45-00,26,14,12
2017-10-03-19-00-00,22,12,10
2017-10-03-19-15-00,16,11,5
2017-10-03-19-30-00,11,9,2
2017-10-03-19-45-00,5,4,1
2017-10-03-20-00-00,5,2,3
2017-10-03-20-15-00,5,5,0
2017-10-03-20-30-00,4,4,0
2017-10-03-20-45-00,2,0,2
2017-10-03-21-00-00,0,0,0
2017-10-03-21-15-00,6,1,5
2017-10-03-21-30-00,1,0,1
2017-10-03-21-45-00,0,0,0
2017-10-03-22-00-00,2,1,1
2017-10-03-22-15-00,1,0,1
2017-10-03-22-30-00,1,1,0
2017-10-03-22-45-00,1,0,1
2017-10-03-23-00-00,0,0,0
2017-10-03-23-15-00,1,1,0
2017-10-03-23-30-00,0,0,0
2017-10-03-23-45-00,0,0,0
2017-10-04-00-00-00,0,0,0
2017-10-04-00-15-00,0,0,0
2017-10-04-00-30-00,0,0,0
2017-10-04-00-45-00,1,0,1
2017-10-04-01-00-00,0,0,0
2017-10-04-01-15-00,0,0,0
2017-10-04-01-30-00,0,0,0
2017-10-04-01-45-00,0,0,0
2017-10-04-02-00-00,0,0,0
2017-10-04-02-15-00,0,0,0
2017-10-04-02-30-00,0,0,0
2017-10-04-02-45-00,0,0,0
2017-10-04-03-00-00,0,0,0
2017-10-04-03-15-00,0,0,0
2017-10-04-03-30-00,0,0,0
2017-10-04-03-45-00,0,0,0
2017-10-04-04-00-00,0,0,0
2017-10-04-04-15-00,0,0,0
2017-10-04-04-30-00,0,0,0
2017-10-04-04-45-00,1,1,0
2017-10-04-05-00-00,0,0,0
2017-10-04-05-15-00,0,0,0
2017-10-04-05-30-00,4,3,1
2017-10-04-05-45-00,5,1,4
2017-10-04-06-00-00,6,2,4
2017-10-04-06-15-00,12,5,7
2017-10-04-06-30-00,12,6,6
2017-10-04-06-45-00,15,6,9
2017-10-04-07-00-00,15,3,12
2017-10-04-07-15-00,28,7,21
2017-10-04-07-30-00,44,17,27
2017-10-04-07-45-00,54,17,37
2017-10-04-08-00-00,50,12,38
2017-10-04-08-15-00,42,15,27
2017-10-04-08-30-00,48,11,37
2017-10-04-08-45-00,49,8,41
2017-10-04-09-00-00,34,9,25
2017-10-04-09-15-00,12,3,9
2017-10-04-09-30-00,23,7,16
2017-10-04-09-45-00,16,4,12
2017-10-04-10-00-00,16,7,9
2017-10-04-10-15-00,17,7,10
2017-10-04-10-30-00,19,9,10
2017-10-04-10-45-00,16,7,9
2017-10-04-11-00-00,32,20,12
2017-10-04-11-15-00,16,9,7
2017-10-04-11-30-00,16,8,8
2017-10-04-11-45-00,16,8,8
2017-10-04-12-00-00,17,7,10
2017-10-04-12-15-00,18,15,3
2017-10-04-12-30-00,17,8,9
2017-10-04-12-45-00,20,7,13
2017-10-04-13-00-00,19,9,10
2017-10-04-13-15-00,24,8,16
2017-10-04-13-30-00,24,14,10
2017-10-04-13-45-00,17,8,9
2017-10-04-14-00-00,24,9,15
2017-10-04-14-15-00,34,12,22
2017-10-04-14-30-00,35,15,20
2017-10-04-14-45-00,22,15,7
2017-10-04-15-00-00,23,11,12
2017-10-04-15-15-00,28,13,15
2017-10-04-15-30-00,27,17,10
2017-10-04-15-45-00,46,36,10
2017-10-04-16-00-00,33,23,10
2017-10-04-16-15-00,46,30,16
2017-10-04-16-30-00,41,24,17
2017-10-04-16-45-00,37,26,11
2017-10-04-17-00-00,47,30,17
2017-10-04-17-15-00,48,32,16
2017-10-04-17-30-00,67,41,26
2017-10-04-17-45-00,50,37,13
2017-10-04-18-00-00,48,36,12
2017-10-04-18-15-00,42,34,8
2017-10-04-18-30-00,46,29,17
2017-10-04-18-45-00,39,22,17
2017-10-04-19-00-00,17,9,8
2017-10-04-19-15-00,12,9,3
2017-10-04-19-30-00,14,11,3
2017-10-04-19-45-00,8,4,4
2017-10-04-20-00-00,12,5,7
2017-10-04-20-15-00,6,5,1
2017-10-04-20-30-00,9,7,2
2017-10-04-20-45-00,8,4,4
2017-10-04-21-00-00,2,1,1
2017-10-04-21-15-00,3,2,1
2017-10-04-21-30-00,2,0,2
2017-10-04-21-45-00,9,6,3
2017-10-04-22-00-00,1,0,1
2017-10-04-22-15-00,1,1,0
2017-10-04-22-30-00,3,2,1
2017-10-04-22-45-00,0,0,0
2017-10-04-23-00-00,0,0,0
2017-10-04-23-15-00,1,0,1
2017-10-04-23-30-00,1,0,1
2017-10-04-23-45-00,0,0,0
2017-10-05-00-00-00,0,0,0
2017-10-05-00-15-00,1,0,1
2017-10-05-00-30-00,0,0,0
2017-10-05-00-45-00,1,0,1
2017-10-05-01-00-00,0,0,0
2017-10-05-01-15-00,0,0,0
2017-10-05-01-30-00,0,0,0
2017-10-05-01-45-00,0,0,0
2017-10-05-02-00-00,0,0,0
2017-10-05-02-15-00,0,0,0
2017-10-05-02-30-00,0,0,0
2017-10-05-02-45-00,0,0,0
2017-10-05-03-00-00,0,0,0
2017-10-05-03-15-00,0,0,0
2017-10-05-03-30-00,0,0,0
2017-10-05-03-45-00,0,0,0
2017-10-05-04-00-00,0,0,0
2017-10-05-04-15-00,0,0,0
2017-10-05-04-30-00,0,0,0
2017-10-05-04-45-00,1,1,0
2017-10-05-05-00-00,0,0,0
2017-10-05-05-15-00,2,1,1
2017-10-05-05-30-00,2,1,1
2017-10-05-05-45-00,6,0,6
2017-10-05-06-00-00,4,1,3
2017-10-05-06-15-00,8,4,4
2017-10-05-06-30-00,11,4,7
2017-10-05-06-45-00,10,4,6
2017-10-05-07-00-00,18,7,11
2017-10-05-07-15-00,26,9,17
2017-10-05-07-30-00,36,17,19
2017-10-05-07-45-00,47,10,37
2017-10-05-08-00-00,35,11,24
2017-10-05-08-15-00,49,12,37
2017-10-05-08-30-00,50,9,41
2017-10-05-08-45-00,30,3,27
2017-10-05-09-00-00,26,3,23
2017-10-05-09-15-00,19,9,10
2017-10-05-09-30-00,15,9,6
2017-10-05-09-45-00,13,5,8
2017-10-05-10-00-00,13,4,9
2017-10-05-10-15-00,6,2,4
2017-10-05-10-30-00,8,3,5
2017-10-05-10-45-00,5,3,2
2017-10-05-11-00-00,8,4,4
2017-10-05-11-15-00,5,2,3
2017-10-05-11-30-00,7,3,4
2017-10-05-11-45-00,9,3,6
2017-10-05-12-00-00,11,4,7
2017-10-05-12-15-00,6,3,3
2017-10-05-12-30-00,4,3,1
2017-10-05-12-45-00,5,3,2
2017-10-05-13-00-00,8,7,1
2017-10-05-13-15-00,3,1,2
2017-10-05-13-30-00,7,4,3
2017-10-05-13-45-00,9,8,1
2017-10-05-14-00-00,4,3,1
2017-10-05-14-15-00,12,4,8
2017-10-05-14-30-00,3,0,3
2017-10-05-14-45-00,9,7,2
2017-10-05-15-00-00,9,4,5
2017-10-05-15-15-00,13,8,5
2017-10-05-15-30-00,7,4,3
2017-10-05-15-45-00,24,16,8
2017-10-05-16-00-00,27,18,9
2017-10-05-16-15-00,32,26,6
2017-10-05-16-30-00,34,24,10
2017-10-05-16-45-00,27,19,8
2017-10-05-17-00-00,41,30,11
2017-10-05-17-15-00,26,19,7
2017-10-05-17-30-00,44,31,13
2017-10-05-17-45-00,34,27,7
2017-10-05-18-00-00,38,20,18
2017-10-05-18-15-00,42,28,14
2017-10-05-18-30-00,32,22,10
2017-10-05-18-45-00,28,15,13
2017-10-05-19-00-00,16,12,4
2017-10-05-19-15-00,18,12,6
2017-10-05-19-30-00,12,8,4
2017-10-05-19-45-00,10,6,4
2017-10-05-20-00-00,7,3,4
2017-10-05-20-15-00,7,4,3
2017-10-05-20-30-00,6,5,1
2017-10-05-20-45-00,3,1,2
2017-10-05-21-00-00,4,4,0
2017-10-05-21-15-00,1,0,1
2017-10-05-21-30-00,3,3,0
2017-10-05-21-45-00,4,2,2
2017-10-05-22-00-00,2,1,1
2017-10-05-22-15-00,1,0,1
2017-10-05-22-30-00,1,1,0
2017-10-05-22-45-00,0,0,0
2017-10-05-23-00-00,1,0,1
2017-10-05-23-15-00,1,1,0
2017-10-05-23-30-00,1,1,0
2017-10-05-23-45-00,0,0,0
2017-10-06-00-00-00,0,0,0
2017-10-06-00-15-00,1,0,1
2017-10-06-00-30-00,0,0,0
2017-10-06-00-45-00,0,0,0
2017-10-06-01-00-00,0,0,0
2017-10-06-01-15-00,0,0,0
2017-10-06-01-30-00,1,1,0
2017-10-06-01-45-00,0,0,0
2017-10-06-02-00-00,1,1,0
2017-10-06-02-15-00,0,0,0
2017-10-06-02-30-00,0,0,0
2017-10-06-02-45-00,0,0,0
2017-10-06-03-00-00,0,0,0
2017-10-06-03-15-00,1,0,1
2017-10-06-03-30-00,0,0,0
2017-10-06-03-45-00,0,0,0
2017-10-06-04-00-00,0,0,0
2017-10-06-04-15-00,0,0,0
2017-10-06-04-30-00,0,0,0
2017-10-06-04-45-00,0,0,0
2017-10-06-05-00-00,0,0,0
2017-10-06-05-15-00,1,1,0
2017-10-06-05-30-00,4,1,3
2017-10-06-05-45-00,5,2,3
2017-10-06-06-00-00,3,2,1
2017-10-06-06-15-00,5,3,2
2017-10-06-06-30-00,10,3,7
2017-10-06-06-45-00,16,5,11
2017-10-06-07-00-00,9,2,7
2017-10-06-07-15-00,18,4,14
2017-10-06-07-30-00,26,16,10
2017-10-06-07-45-00,33,11,22
2017-10-06-08-00-00,18,3,15
2017-10-06-08-15-00,14,4,10
2017-10-06-08-30-00,33,6,27
2017-10-06-08-45-00,28,5,23
2017-10-06-09-00-00,12,4,8
2017-10-06-09-15-00,19,10,9
2017-10-06-09-30-00,15,9,6
2017-10-06-09-45-00,8,3,5
2017-10-06-10-00-00,11,5,6
2017-10-06-10-15-00,7,5,2
2017-10-06-10-30-00,6,4,2
2017-10-06-10-45-00,10,6,4
2017-10-06-11-00-00,8,5,3
2017-10-06-11-15-00,8,3,5
2017-10-06-11-30-00,6,3,3
2017-10-06-11-45-00,4,2,2
2017-10-06-12-00-00,4,2,2
2017-10-06-12-15-00,5,4,1
2017-10-06-12-30-00,4,1,3
2017-10-06-12-45-00,3,2,1
2017-10-06-13-00-00,16,12,4
2017-10-06-13-15-00,16,11,5
2017-10-06-13-30-00,10,5,5
2017-10-06-13-45-00,11,6,5
2017-10-06-14-00-00,8,6,2
2017-10-06-14-15-00,14,11,3
2017-10-06-14-30-00,14,7,7
2017-10-06-14-45-00,12,9,3
2017-10-06-15-00-00,13,10,3
2017-10-06-15-15-00,16,11,5
2017-10-06-15-30-00,20,11,9
2017-10-06-15-45-00,28,24,4
2017-10-06-16-00-00,22,13,9
2017-10-06-16-15-00,36,24,12
2017-10-06-16-30-00,22,15,7
2017-10-06-16-45-00,28,19,9
2017-10-06-17-00-00,22,13,9
2017-10-06-17-15-00,24,9,15
2017-10-06-17-30-00,26,15,11
2017-10-06-17-45-00,30,15,15
2017-10-06-18-00-00,37,27,10
2017-10-06-18-15-00,21,14,7
2017-10-06-18-30-00,14,12,2
2017-10-06-18-45-00,10,8,2
2017-10-06-19-00-00,15,10,5
2017-10-06-19-15-00,13,10,3
2017-10-06-19-30-00,14,9,5
2017-10-06-19-45-00,5,1,4
2017-10-06-20-00-00,10,5,5
2017-10-06-20-15-00,7,2,5
2017-10-06-20-30-00,8,6,2
2017-10-06-20-45-00,2,2,0
2017-10-06-21-00-00,7,6,1
2017-10-06-21-15-00,2,0,2
2017-10-06-21-30-00,0,0,0
2017-10-06-21-45-00,2,2,0
2017-10-06-22-00-00,0,0,0
2017-10-06-22-15-00,0,0,0
2017-10-06-22-30-00,1,1,0
2017-10-06-22-45-00,0,0,0
2017-10-06-23-00-00,3,1,2
2017-10-06-23-15-00,2,1,1
2017-10-06-23-30-00,0,0,0
2017-10-06-23-45-00,1,0,1
2017-10-07-00-00-00,0,0,0
2017-10-07-00-15-00,0,0,0
2017-10-07-00-30-00,0,0,0
2017-10-07-00-45-00,0,0,0
2017-10-07-01-00-00,1,0,1
2017-10-07-01-15-00,1,0,1
2017-10-07-01-30-00,1,1,0
2017-10-07-01-45-00,0,0,0
2017-10-07-02-00-00,0,0,0
2017-10-07-02-15-00,1,0,1
2017-10-07-02-30-00,2,0,2
2017-10-07-02-45-00,0,0,0
2017-10-07-03-00-00,1,0,1
2017-10-07-03-15-00,0,0,0
2017-10-07-03-30-00,0,0,0
2017-10-07-03-45-00,0,0,0
2017-10-07-04-00-00,0,0,0
2017-10-07-04-15-00,0,0,0
2017-10-07-04-30-00,0,0,0
2017-10-07-04-45-00,0,0,0
2017-10-07-05-00-00,0,0,0
2017-10-07-05-15-00,1,0,1
2017-10-07-05-30-00,0,0,0
2017-10-07-05-45-00,1,0,1
2017-10-07-06-00-00,0,0,0
2017-10-07-06-15-00,2,1,1
2017-10-07-06-30-00,2,1,1
2017-10-07-06-45-00,3,3,0
2017-10-07-07-00-00,1,0,1
2017-10-07-07-15-00,3,1,2
2017-10-07-07-30-00,0,0,0
2017-10-07-07-45-00,3,2,1
2017-10-07-08-00-00,2,1,1
2017-10-07-08-15-00,8,2,6
2017-10-07-08-30-00,10,7,3
2017-10-07-08-45-00,4,4,0
2017-10-07-09-00-00,7,3,4
2017-10-07-09-15-00,6,1,5
2017-10-07-09-30-00,6,2,4
2017-10-07-09-45-00,15,6,9
2017-10-07-10-00-00,5,3,2
2017-10-07-10-15-00,17,11,6
2017-10-07-10-30-00,19,11,8
2017-10-07-10-45-00,24,16,8
2017-10-07-11-00-00,15,8,7
2017-10-07-11-15-00,17,9,8
2017-10-07-11-30-00,14,6,8
2017-10-07-11-45-00,6,4,2
2017-10-07-12-00-00,15,6,9
2017-10-07-12-15-00,25,11,14
2017-10-07-12-30-00,15,9,6
2017-10-07-12-45-00,16,5,11
2017-10-07-13-00-00,17,10,7
2017-10-07-13-15-00,12,5,7
2017-10-07-13-30-00,14,6,8
2017-10-07-13-45-00,11,2,9
2017-10-07-14-00-00,5,3,2
2017-10-07-14-15-00,6,3,3
2017-10-07-14-30-00,10,8,2
2017-10-07-14-45-00,9,6,3
2017-10-07-15-00-00,7,3,4
2017-10-07-15-15-00,10,6,4
2017-10-07-15-30-00,8,6,2
2017-10-07-15-45-00,9,6,3
2017-10-07-16-00-00,7,3,4
2017-10-07-16-15-00,14,8,6
2017-10-07-16-30-00,7,4,3
2017-10-07-16-45-00,13,11,2
2017-10-07-17-00-00,18,13,5
2017-10-07-17-15-00,19,11,8
2017-10-07-17-30-00,9,5,4
2017-10-07-17-45-00,2,0,2
2017-10-07-18-00-00,3,1,2
2017-10-07-18-15-00,0,0,0
2017-10-07-18-30-00,5,2,3
2017-10-07-18-45-00,6,3,3
2017-10-07-19-00-00,5,3,2
2017-10-07-19-15-00,5,2,3
2017-10-07-19-30-00,0,0,0
2017-10-07-19-45-00,2,1,1
2017-10-07-20-00-00,1,1,0
2017-10-07-20-15-00,3,0,3
2017-10-07-20-30-00,3,0,3
2017-10-07-20-45-00,1,1,0
2017-10-07-21-00-00,1,0,1
2017-10-07-21-15-00,2,1,1
2017-10-07-21-30-00,1,1,0
2017-10-07-21-45-00,1,1,0
2017-10-07-22-00-00,2,1,1
2017-10-07-22-15-00,0,0,0
2017-10-07-22-30-00,0,0,0
2017-10-07-22-45-00,2,0,2
2017-10-07-23-00-00,6,2,4
2017-10-07-23-15-00,2,0,2
2017-10-07-23-30-00,0,0,0
2017-10-07-23-45-00,0,0,0
2017-10-08-00-00-00,1,1,0
2017-10-08-00-15-00,0,0,0
2017-10-08-00-30-00,0,0,0
2017-10-08-00-45-00,0,0,0
2017-10-08-01-00-00,1,0,1
2017-10-08-01-15-00,0,0,0
2017-10-08-01-30-00,1,1,0
2017-10-08-01-45-00,1,0,1
2017-10-08-02-00-00,0,0,0
2017-10-08-02-15-00,0,0,0
2017-10-08-02-30-00,0,0,0
2017-10-08-02-45-00,0,0,0
2017-10-08-03-00-00,1,1,0
2017-10-08-03-15-00,0,0,0
2017-10-08-03-30-00,0,0,0
2017-10-08-03-45-00,0,0,0
2017-10-08-04-00-00,1,1,0
2017-10-08-04-15-00,0,0,0
2017-10-08-04-30-00,0,0,0
2017-10-08-04-45-00,0,0,0
2017-10-08-05-00-00,0,0,0
2017-10-08-05-15-00,0,0,0
2017-10-08-05-30-00,4,4,0
2017-10-08-05-45-00,1,0,1
2017-10-08-06-00-00,1,0,1
2017-10-08-06-15-00,1,1,0
2017-10-08-06-30-00,0,0,0
2017-10-08-06-45-00,0,0,0
2017-10-08-07-00-00,1,1,0
2017-10-08-07-15-00,1,0,1
2017-10-08-07-30-00,1,1,0
2017-10-08-07-45-00,4,2,2
2017-10-08-08-00-00,3,2,1
2017-10-08-08-15-00,7,3,4
2017-10-08-08-30-00,5,3,2
2017-10-08-08-45-00,7,4,3
2017-10-08-09-00-00,7,3,4
2017-10-08-09-15-00,6,2,4
2017-10-08-09-30-00,5,3,2
2017-10-08-09-45-00,9,2,7
2017-10-08-10-00-00,4,1,3
2017-10-08-10-15-00,9,5,4
2017-10-08-10-30-00,6,3,3
2017-10-08-10-45-00,15,6,9
2017-10-08-11-00-00,11,6,5
2017-10-08-11-15-00,7,4,3
2017-10-08-11-30-00,13,6,7
2017-10-08-11-45-00,24,9,15
2017-10-08-12-00-00,27,14,13
2017-10-08-12-15-00,20,11,9
2017-10-08-12-30-00,18,11,7
2017-10-08-12-45-00,18,13,5
2017-10-08-13-00-00,15,6,9
2017-10-08-13-15-00,34,16,18
2017-10-08-13-30-00,24,10,14
2017-10-08-13-45-00,15,3,12
2017-10-08-14-00-00,18,6,12
2017-10-08-14-15-00,10,7,3
2017-10-08-14-30-00,24,9,15
2017-10-08-14-45-00,16,10,6
2017-10-08-15-00-00,9,3,6
2017-10-08-15-15-00,23,11,12
2017-10-08-15-30-00,9,5,4
2017-10-08-15-45-00,14,7,7
2017-10-08-16-00-00,19,9,10
2017-10-08-16-15-00,17,9,8
2017-10-08-16-30-00,11,7,4
2017-10-08-16-45-00,16,12,4
2017-10-08-17-00-00,10,4,6
2017-10-08-17-15-00,20,16,4
2017-10-08-17-30-00,9,6,3
2017-10-08-17-45-00,6,3,3
2017-10-08-18-00-00,4,1,3
2017-10-08-18-15-00,15,11,4
2017-10-08-18-30-00,13,10,3
2017-10-08-18-45-00,12,10,2
2017-10-08-19-00-00,2,1,1
2017-10-08-19-15-00,4,4,0
2017-10-08-19-30-00,5,1,4
2017-10-08-19-45-00,2,2,0
2017-10-08-20-00-00,2,1,1
2017-10-08-20-15-00,4,3,1
2017-10-08-20-30-00,1,1,0
2017-10-08-20-45-00,2,1,1
2017-10-08-21-00-00,2,0,2
2017-10-08-21-15-00,1,0,1
2017-10-08-21-30-00,0,0,0
2017-10-08-21-45-00,0,0,0
2017-10-08-22-00-00,0,0,0
2017-10-08-22-15-00,0,0,0
2017-10-08-22-30-00,0,0,0
2017-10-08-22-45-00,0,0,0
2017-10-08-23-00-00,1,1,0
2017-10-08-23-15-00,0,0,0
2017-10-08-23-30-00,0,0,0
2017-10-08-23-45-00,0,0,0
2017-10-09-00-00-00,0,0,0
2017-10-09-00-15-00,1,0,1
2017-10-09-00-30-00,0,0,0
2017-10-09-00-45-00,0,0,0
2017-10-09-01-00-00,0,0,0
2017-10-09-01-15-00,0,0,0
2017-10-09-01-30-00,0,0,0
2017-10-09-01-45-00,0,0,0
2017-10-09-02-00-00,0,0,0
2017-10-09-02-15-00,0,0,0
2017-10-09-02-30-00,0,0,0
2017-10-09-02-45-00,0,0,0
2017-10-09-03-00-00,0,0,0
2017-10-09-03-15-00,0,0,0
2017-10-09-03-30-00,0,0,0
2017-10-09-03-45-00,0,0,0
2017-10-09-04-00-00,0,0,0
2017-10-09-04-15-00,0,0,0
2017-10-09-04-30-00,0,0,0
2017-10-09-04-45-00,1,0,1
2017-10-09-05-00-00,0,0,0
2017-10-09-05-15-00,2,1,1
2017-10-09-05-30-00,2,0,2
2017-10-09-05-45-00,4,3,1
2017-10-09-06-00-00,7,4,3
2017-10-09-06-15-00,7,4,3
2017-10-09-06-30-00,11,2,9
2017-10-09-06-45-00,15,5,10
2017-10-09-07-00-00,13,4,9
2017-10-09-07-15-00,29,5,24
2017-10-09-07-30-00,28,11,17
2017-10-09-07-45-00,38,12,26
2017-10-09-08-00-00,47,10,37
2017-10-09-08-15-00,51,17,34
2017-10-09-08-30-00,39,13,26
2017-10-09-08-45-00,42,9,33
2017-10-09-09-00-00,28,5,23
2017-10-09-09-15-00,18,11,7
2017-10-09-09-30-00,14,6,8
2017-10-09-09-45-00,12,5,7
2017-10-09-10-00-00,13,4,9
2017-10-09-10-15-00,3,1,2
2017-10-09-10-30-00,7,1,6
2017-10-09-10-45-00,11,5,6
2017-10-09-11-00-00,8,3,5
2017-10-09-11-15-00,11,7,4
2017-10-09-11-30-00,8,5,3
2017-10-09-11-45-00,6,3,3
2017-10-09-12-00-00,8,6,2
2017-10-09-12-15-00,9,3,6
2017-10-09-12-30-00,9,6,3
2017-10-09-12-45-00,13,9,4
2017-10-09-13-00-00,13,10,3
2017-10-09-13-15-00,15,4,11
2017-10-09-13-30-00,16,12,4
2017-10-09-13-45-00,9,6,3
2017-10-09-14-00-00,11,6,5
2017-10-09-14-15-00,13,8,5
2017-10-09-14-30-00,17,7,10
2017-10-09-14-45-00,14,3,11
2017-10-09-15-00-00,24,13,11
2017-10-09-15-15-00,25,12,13
2017-10-09-15-30-00,22,15,7
2017-10-09-15-45-00,45,29,16
2017-10-09-16-00-00,27,14,13
2017-10-09-16-15-00,44,34,10
2017-10-09-16-30-00,38,22,16
2017-10-09-16-45-00,33,21,12
2017-10-09-17-00-00,39,25,14
2017-10-09-17-15-00,39,28,11
2017-10-09-17-30-00,43,30,13
2017-10-09-17-45-00,49,32,17
2017-10-09-18-00-00,47,36,11
2017-10-09-18-15-00,41,24,17
2017-10-09-18-30-00,36,23,13
2017-10-09-18-45-00,36,28,8
2017-10-09-19-00-00,24,18,6
2017-10-09-19-15-00,13,9,4
2017-10-09-19-30-00,13,6,7
2017-10-09-19-45-00,6,3,3
2017-10-09-20-00-00,4,1,3
2017-10-09-20-15-00,6,3,3
2017-10-09-20-30-00,4,2,2
2017-10-09-20-45-00,5,2,3
2017-10-09-21-00-00,5,2,3
2017-10-09-21-15-00,0,0,0
2017-10-09-21-30-00,2,1,1
2017-10-09-21-45-00,2,2,0
2017-10-09-22-00-00,1,1,0
2017-10-09-22-15-00,4,1,3
2017-10-09-22-30-00,2,1,1
2017-10-09-22-45-00,0,0,0
2017-10-09-23-00-00,4,1,3
2017-10-09-23-15-00,0,0,0
2017-10-09-23-30-00,1,0,1
2017-10-09-23-45-00,0,0,0
2017-10-10-00-00-00,0,0,0
2017-10-10-00-15-00,0,0,0
2017-10-10-00-30-00,0,0,0
2017-10-10-00-45-00,0,0,0
2017-10-10-01-00-00,0,0,0
2017-10-10-01-15-00,0,0,0
2017-10-10-01-30-00,0,0,0
2017-10-10-01-45-00,1,0,1
2017-10-10-02-00-00,0,0,0
2017-10-10-02-15-00,0,0,0
2017-10-10-02-30-00,0,0,0
2017-10-10-02-45-00,0,0,0
2017-10-10-03-00-00,0,0,0
2017-10-10-03-15-00,0,0,0
2017-10-10-03-30-00,0,0,0
2017-10-10-03-45-00,0,0,0
2017-10-10-04-00-00,0,0,0
2017-10-10-04-15-00,0,0,0
2017-10-10-04-30-00,0,0,0
2017-10-10-04-45-00,0,0,0
2017-10-10-05-00-00,1,0,1
2017-10-10-05-15-00,1,0,1
2017-10-10-05-30-00,3,0,3
2017-10-10-05-45-00,5,2,3
2017-10-10-06-00-00,3,1,2
2017-10-10-06-15-00,3,1,2
2017-10-10-06-30-00,10,3,7
2017-10-10-06-45-00,15,5,10
2017-10-10-07-00-00,18,7,11
2017-10-10-07-15-00,30,6,24
2017-10-10-07-30-00,37,15,22
2017-10-10-07-45-00,46,14,32
2017-10-10-08-00-00,41,7,34
2017-10-10-08-15-00,49,10,39
2017-10-10-08-30-00,39,11,28
2017-10-10-08-45-00,35,8,27
2017-10-10-09-00-00,30,3,27
2017-10-10-09-15-00,21,8,13
2017-10-10-09-30-00,7,3,4
2017-10-10-09-45-00,17,4,13
2017-10-10-10-00-00,7,2,5
2017-10-10-10-15-00,5,4,1
2017-10-10-10-30-00,5,3,2
2017-10-10-10-45-00,13,5,8
2017-10-10-11-00-00,11,7,4
2017-10-10-11-15-00,12,6,6
2017-10-10-11-30-00,10,4,6
2017-10-10-11-45-00,7,3,4
2017-10-10-12-00-00,9,3,6
2017-10-10-12-15-00,13,7,6
2017-10-10-12-30-00,13,5,8
2017-10-10-12-45-00,15,8,7
2017-10-10-13-00-00,21,17,4
2017-10-10-13-15-00,13,4,9
2017-10-10-13-30-00,15,8,7
2017-10-10-13-45-00,16,8,8
2017-10-10-14-00-00,14,8,6
2017-10-10-14-15-00,12,8,4
2017-10-10-14-30-00,24,9,15
2017-10-10-14-45-00,19,15,4
2017-10-10-15-00-00,16,9,7
2017-10-10-15-15-00,23,14,9
2017-10-10-15-30-00,24,18,6
2017-10-10-15-45-00,27,19,8
2017-10-10-16-00-00,22,12,10
2017-10-10-16-15-00,28,21,7
2017-10-10-16-30-00,39,21,18
2017-10-10-16-45-00,44,27,17
2017-10-10-17-00-00,39,30,9
2017-10-10-17-15-00,51,36,15
2017-10-10-17-30-00,40,23,17
2017-10-10-17-45-00,40,32,8
2017-10-10-18-00-00,37,28,9
2017-10-10-18-15-00,38,24,14
2017-10-10-18-30-00,31,25,6
2017-10-10-18-45-00,38,19,19
2017-10-10-19-00-00,24,19,5
2017-10-10-19-15-00,19,8,11
2017-10-10-19-30-00,17,10,7
2017-10-10-19-45-00,7,3,4
2017-10-10-20-00-00,9,6,3
2017-10-10-20-15-00,2,1,1
2017-10-10-20-30-00,2,1,1
2017-10-10-20-45-00,5,2,3
2017-10-10-21-00-00,3,2,1
2017-10-10-21-15-00,2,1,1
2017-10-10-21-30-00,3,1,2
2017-10-10-21-45-00,5,3,2
2017-10-10-22-00-00,1,0,1
2017-10-10-22-15-00,0,0,0
2017-10-10-22-30-00,0,0,0
2017-10-10-22-45-00,1,1,0
2017-10-10-23-00-00,3,2,1
2017-10-10-23-15-00,1,0,1
2017-10-10-23-30-00,0,0,0
2017-10-10-23-45-00,0,0,0
2017-10-11-00-00-00,0,0,0
2017-10-11-00-15-00,4,4,0
2017-10-11-00-30-00,0,0,0
2017-10-11-00-45-00,0,0,0
2017-10-11-01-00-00,0,0,0
2017-10-11-01-15-00,0,0,0
2017-10-11-01-30-00,0,0,0
2017-10-11-01-45-00,0,0,0
2017-10-11-02-00-00,0,0,0
2017-10-11-02-15-00,0,0,0
2017-10-11-02-30-00,1,0,1
2017-10-11-02-45-00,0,0,0
2017-10-11-03-00-00,0,0,0
2017-10-11-03-15-00,0,0,0
2017-10-11-03-30-00,0,0,0
2017-10-11-03-45-00,0,0,0
2017-10-11-04-00-00,0,0,0
2017-10-11-04-15-00,0,0,0
2017-10-11-04-30-00,0,0,0
2017-10-11-04-45-00,1,0,1
2017-10-11-05-00-00,0,0,0
2017-10-11-05-15-00,1,0,1
2017-10-11-05-30-00,2,0,2
2017-10-11-05-45-00,8,4,4
2017-10-11-06-00-00,2,0,2
2017-10-11-06-15-00,9,5,4
2017-10-11-06-30-00,8,4,4
2017-10-11-06-45-00,16,6,10
2017-10-11-07-00-00,20,7,13
2017-10-11-07-15-00,37,10,27
2017-10-11-07-30-00,49,17,32
2017-10-11-07-45-00,49,15,34
2017-10-11-08-00-00,40,9,31
2017-10-11-08-15-00,51,13,38
2017-10-11-08-30-00,63,14,49
2017-10-11-08-45-00,45,10,35
2017-10-11-09-00-00,35,4,31
2017-10-11-09-15-00,14,3,11
2017-10-11-09-30-00,26,6,20
2017-10-11-09-45-00,9,2,7
2017-10-11-10-00-00,14,7,7
2017-10-11-10-15-00,9,2,7
2017-10-11-10-30-00,11,6,5
2017-10-11-10-45-00,10,7,3
2017-10-11-11-00-00,7,2,5
2017-10-11-11-15-00,17,12,5
2017-10-11-11-30-00,16,9,7
2017-10-11-11-45-00,26,12,14
2017-10-11-12-00-00,11,3,8
2017-10-11-12-15-00,10,5,5
2017-10-11-12-30-00,12,5,7
2017-10-11-12-45-00,13,4,9
2017-10-11-13-00-00,17,12,5
2017-10-11-13-15-00,28,13,15
2017-10-11-13-30-00,24,13,11
2017-10-11-13-45-00,14,6,8
2017-10-11-14-00-00,20,12,8
2017-10-11-14-15-00,23,14,9
2017-10-11-14-30-00,33,15,18
2017-10-11-14-45-00,23,13,10
2017-10-11-15-00-00,11,6,5
2017-10-11-15-15-00,33,17,16
2017-10-11-15-30-00,29,16,13
2017-10-11-15-45-00,33,20,13
2017-10-11-16-00-00,38,15,23
2017-10-11-16-15-00,53,42,11
2017-10-11-16-30-00,37,25,12
2017-10-11-16-45-00,35,25,10
2017-10-11-17-00-00,51,34,17
2017-10-11-17-15-00,67,40,27
2017-10-11-17-30-00,59,37,22
2017-10-11-17-45-00,73,51,22
2017-10-11-18-00-00,51,38,13
2017-10-11-18-15-00,52,31,21
2017-10-11-18-30-00,44,25,19
2017-10-11-18-45-00,37,25,12
2017-10-11-19-00-00,22,18,4
2017-10-11-19-15-00,23,14,9
2017-10-11-19-30-00,19,16,3
2017-10-11-19-45-00,18,9,9
2017-10-11-20-00-00,9,7,2
2017-10-11-20-15-00,5,3,2
2017-10-11-20-30-00,3,2,1
2017-10-11-20-45-00,5,3,2
2017-10-11-21-00-00,2,1,1
2017-10-11-21-15-00,4,3,1
2017-10-11-21-30-00,6,3,3
2017-10-11-21-45-00,4,3,1
2017-10-11-22-00-00,4,2,2
2017-10-11-22-15-00,1,1,0
2017-10-11-22-30-00,2,1,1
2017-10-11-22-45-00,2,0,2
2017-10-11-23-00-00,2,1,1
2017-10-11-23-15-00,1,1,0
2017-10-11-23-30-00,0,0,0
2017-10-11-23-45-00,1,0,1
2017-10-12-00-00-00,1,0,1
2017-10-12-00-15-00,0,0,0
2017-10-12-00-30-00,0,0,0
2017-10-12-00-45-00,0,0,0
2017-10-12-01-00-00,0,0,0
2017-10-12-01-15-00,1,1,0
2017-10-12-01-30-00,0,0,0
2017-10-12-01-45-00,0,0,0
2017-10-12-02-00-00,0,0,0
2017-10-12-02-15-00,0,0,0
2017-10-12-02-30-00,0,0,0
2017-10-12-02-45-00,0,0,0
2017-10-12-03-00-00,0,0,0
2017-10-12-03-15-00,0,0,0
2017-10-12-03-30-00,0,0,0
2017-10-12-03-45-00,0,0,0
2017-10-12-04-00-00,0,0,0
2017-10-12-04-15-00,0,0,0
2017-10-12-04-30-00,0,0,0
2017-10-12-04-45-00,1,0,1
2017-10-12-05-00-00,0,0,0
2017-10-12-05-15-00,0,0,0
2017-10-12-05-30-00,2,1,1
2017-10-12-05-45-00,5,1,4
2017-10-12-06-00-00,3,2,1
2017-10-12-06-15-00,7,2,5
2017-10-12-06-30-00,12,4,8
2017-10-12-06-45-00,15,5,10
2017-10-12-07-00-00,18,6,12
2017-10-12-07-15-00,23,4,19
2017-10-12-07-30-00,44,17,27
2017-10-12-07-45-00,44,9,35
2017-10-12-08-00-00,48,12,36
2017-10-12-08-15-00,73,14,59
2017-10-12-08-30-00,68,21,47
2017-10-12-08-45-00,40,5,35
2017-10-12-09-00-00,31,3,28
2017-10-12-09-15-00,26,8,18
2017-10-12-09-30-00,17,7,10
2017-10-12-09-45-00,14,7,7
2017-10-12-10-00-00,14,7,7
2017-10-12-10-15-00,20,6,14
2017-10-12-10-30-00,17,8,9
2017-10-12-10-45-00,15,5,10
2017-10-12-11-00-00,13,7,6
2017-10-12-11-15-00,20,11,9
2017-10-12-11-30-00,25,11,14
2017-10-12-11-45-00,24,13,11
2017-10-12-12-00-00,16,5,11
2017-10-12-12-15-00,20,9,11
2017-10-12-12-30-00,29,9,20
2017-10-12-12-45-00,22,6,16
2017-10-12-13-00-00,30,16,14
2017-10-12-13-15-00,36,20,16
2017-10-12-13-30-00,27,14,13
2017-10-12-13-45-00,22,9,13
2017-10-12-14-00-00,46,22,24
2017-10-12-14-15-00,27,18,9
2017-10-12-14-30-00,32,17,15
2017-10-12-14-45-00,49,25,24
2017-10-12-15-00-00,27,15,12
2017-10-12-15-15-00,47,25,22
2017-10-12-15-30-00,54,37,17
2017-10-12-15-45-00,45,24,21
2017-10-12-16-00-00,104,30,74
2017-10-12-16-15-00,74,41,33
2017-10-12-16-30-00,68,45,23
2017-10-12-16-45-00,55,34,21
2017-10-12-17-00-00,77,51,26
2017-10-12-17-15-00,56,36,20
2017-10-12-17-30-00,60,41,19
2017-10-12-17-45-00,77,58,19
2017-10-12-18-00-00,58,37,21
2017-10-12-18-15-00,59,37,22
2017-10-12-18-30-00,61,34,27
2017-10-12-18-45-00,53,33,20
2017-10-12-19-00-00,41,31,10
2017-10-12-19-15-00,28,19,9
2017-10-12-19-30-00,14,11,3
2017-10-12-19-45-00,11,8,3
2017-10-12-20-00-00,8,6,2
2017-10-12-20-15-00,3,2,1
2017-10-12-20-30-00,10,5,5
2017-10-12-20-45-00,7,1,6
2017-10-12-21-00-00,6,3,3
2017-10-12-21-15-00,9,2,7
2017-10-12-21-30-00,2,2,0
2017-10-12-21-45-00,7,1,6
2017-10-12-22-00-00,9,5,4
2017-10-12-22-15-00,1,0,1
2017-10-12-22-30-00,2,1,1
2017-10-12-22-45-00,0,0,0
2017-10-12-23-00-00,1,1,0
2017-10-12-23-15-00,3,1,2
2017-10-12-23-30-00,2,2,0
2017-10-12-23-45-00,1,1,0
2017-10-13-00-00-00,2,1,1
2017-10-13-00-15-00,0,0,0
2017-10-13-00-30-00,0,0,0
2017-10-13-00-45-00,1,0,1
2017-10-13-01-00-00,0,0,0
2017-10-13-01-15-00,0,0,0
2017-10-13-01-30-00,1,1,0
2017-10-13-01-45-00,0,0,0
2017-10-13-02-00-00,0,0,0
2017-10-13-02-15-00,1,1,0
2017-10-13-02-30-00,0,0,0
2017-10-13-02-45-00,1,0,1
2017-10-13-03-00-00,0,0,0
2017-10-13-03-15-00,0,0,0
2017-10-13-03-30-00,0,0,0
2017-10-13-03-45-00,0,0,0
2017-10-13-04-00-00,0,0,0
2017-10-13-04-15-00,0,0,0
2017-10-13-04-30-00,0,0,0
2017-10-13-04-45-00,1,1,0
2017-10-13-05-00-00,0,0,0
2017-10-13-05-15-00,0,0,0
2017-10-13-05-30-00,3,1,2
2017-10-13-05-45-00,5,2,3
2017-10-13-06-00-00,7,3,4
2017-10-13-06-15-00,6,6,0
2017-10-13-06-30-00,6,3,3
2017-10-13-06-45-00,14,6,8
2017-10-13-07-00-00,25,8,17
2017-10-13-07-15-00,25,10,15
2017-10-13-07-30-00,42,17,25
2017-10-13-07-45-00,46,11,35
2017-10-13-08-00-00,51,15,36
2017-10-13-08-15-00,45,9,36
2017-10-13-08-30-00,39,7,32
2017-10-13-08-45-00,44,9,35
2017-10-13-09-00-00,18,4,14
2017-10-13-09-15-00,22,8,14
2017-10-13-09-30-00,17,6,11
2017-10-13-09-45-00,12,5,7
2017-10-13-10-00-00,13,3,10
2017-10-13-10-15-00,7,3,4
2017-10-13-10-30-00,15,8,7
2017-10-13-10-45-00,13,0,13
2017-10-13-11-00-00,15,4,11
2017-10-13-11-15-00,22,13,9
2017-10-13-11-30-00,14,6,8
2017-10-13-11-45-00,21,16,5
2017-10-13-12-00-00,18,11,7
2017-10-13-12-15-00,29,10,19
2017-10-13-12-30-00,10,4,6
2017-10-13-12-45-00,21,10,11
2017-10-13-13-00-00,23,15,8
2017-10-13-13-15-00,26,7,19
2017-10-13-13-30-00,29,17,12
2017-10-13-13-45-00,18,10,8
2017-10-13-14-00-00,25,19,6
2017-10-13-14-15-00,24,9,15
2017-10-13-14-30-00,26,13,13
2017-10-13-14-45-00,41,27,14
2017-10-13-15-00-00,35,20,15
2017-10-13-15-15-00,39,24,15
2017-10-13-15-30-00,44,26,18
2017-10-13-15-45-00,63,40,23
2017-10-13-16-00-00,70,42,28
2017-10-13-16-15-00,58,39,19
2017-10-13-16-30-00,53,29,24
2017-10-13-16-45-00,54,40,14
2017-10-13-17-00-00,45,28,17
2017-10-13-17-15-00,54,34,20
2017-10-13-17-30-00,65,42,23
2017-10-13-17-45-00,58,35,23
2017-10-13-18-00-00,52,30,22
2017-10-13-18-15-00,32,15,17
2017-10-13-18-30-00,45,33,12
2017-10-13-18-45-00,34,18,16
2017-10-13-19-00-00,19,10,9
2017-10-13-19-15-00,25,15,10
2017-10-13-19-30-00,9,9,0
2017-10-13-19-45-00,9,5,4
2017-10-13-20-00-00,6,3,3
2017-10-13-20-15-00,3,2,1
2017-10-13-20-30-00,1,0,1
2017-10-13-20-45-00,11,7,4
2017-10-13-21-00-00,6,2,4
2017-10-13-21-15-00,6,4,2
2017-10-13-21-30-00,0,0,0
2017-10-13-21-45-00,3,2,1
2017-10-13-22-00-00,6,6,0
2017-10-13-22-15-00,7,2,5
2017-10-13-22-30-00,2,1,1
2017-10-13-22-45-00,5,2,3
2017-10-13-23-00-00,3,2,1
2017-10-13-23-15-00,1,0,1
2017-10-13-23-30-00,1,0,1
2017-10-13-23-45-00,0,0,0
2017-10-14-00-00-00,5,0,5
2017-10-14-00-15-00,0,0,0
2017-10-14-00-30-00,4,0,4
2017-10-14-00-45-00,2,0,2
2017-10-14-01-00-00,0,0,0
2017-10-14-01-15-00,0,0,0
2017-10-14-01-30-00,0,0,0
2017-10-14-01-45-00,1,0,1
2017-10-14-02-00-00,0,0,0
2017-10-14-02-15-00,1,0,1
2017-10-14-02-30-00,0,0,0
2017-10-14-02-45-00,0,0,0
2017-10-14-03-00-00,0,0,0
2017-10-14-03-15-00,1,0,1
2017-10-14-03-30-00,0,0,0
2017-10-14-03-45-00,0,0,0
2017-10-14-04-00-00,0,0,0
2017-10-14-04-15-00,0,0,0
2017-10-14-04-30-00,0,0,0
2017-10-14-04-45-00,2,1,1
2017-10-14-05-00-00,0,0,0
2017-10-14-05-15-00,0,0,0
2017-10-14-05-30-00,0,0,0
2017-10-14-05-45-00,0,0,0
2017-10-14-06-00-00,1,0,1
2017-10-14-06-15-00,2,1,1
2017-10-14-06-30-00,1,0,1
2017-10-14-06-45-00,0,0,0
2017-10-14-07-00-00,3,0,3
2017-10-14-07-15-00,3,1,2
2017-10-14-07-30-00,3,1,2
2017-10-14-07-45-00,2,1,1
2017-10-14-08-00-00,5,0,5
2017-10-14-08-15-00,12,2,10
2017-10-14-08-30-00,12,6,6
2017-10-14-08-45-00,7,3,4
2017-10-14-09-00-00,14,5,9
2017-10-14-09-15-00,8,4,4
2017-10-14-09-30-00,19,8,11
2017-10-14-09-45-00,16,9,7
2017-10-14-10-00-00,24,11,13
2017-10-14-10-15-00,22,8,14
2017-10-14-10-30-00,32,16,16
2017-10-14-10-45-00,32,14,18
2017-10-14-11-00-00,53,17,36
2017-10-14-11-15-00,53,20,33
2017-10-14-11-30-00,36,20,16
2017-10-14-11-45-00,75,38,37
2017-10-14-12-00-00,67,26,41
2017-10-14-12-15-00,76,31,45
2017-10-14-12-30-00,55,27,28
2017-10-14-12-45-00,81,37,44
2017-10-14-13-00-00,90,27,63
2017-10-14-13-15-00,79,29,50
2017-10-14-13-30-00,78,30,48
2017-10-14-13-45-00,91,48,43
2017-10-14-14-00-00,109,48,61
2017-10-14-14-15-00,119,61,58
2017-10-14-14-30-00,123,42,81
2017-10-14-14-45-00,123,62,61
2017-10-14-15-00-00,89,39,50
2017-10-14-15-15-00,136,72,64
2017-10-14-15-30-00,128,65,63
2017-10-14-15-45-00,135,61,74
2017-10-14-16-00-00,119,63,56
2017-10-14-16-15-00,138,63,75
2017-10-14-16-30-00,136,83,53
2017-10-14-16-45-00,79,48,31
2017-10-14-17-00-00,116,69,47
2017-10-14-17-15-00,119,80,39
2017-10-14-17-30-00,103,70,33
2017-10-14-17-45-00,101,76,25
2017-10-14-18-00-00,111,79,32
2017-10-14-18-15-00,92,54,38
2017-10-14-18-30-00,78,54,24
2017-10-14-18-45-00,41,27,14
2017-10-14-19-00-00,40,26,14
2017-10-14-19-15-00,32,26,6
2017-10-14-19-30-00,24,12,12
2017-10-14-19-45-00,11,9,2
2017-10-14-20-00-00,8,7,1
2017-10-14-20-15-00,6,5,1
2017-10-14-20-30-00,15,10,5
2017-10-14-20-45-00,9,4,5
2017-10-14-21-00-00,4,1,3
2017-10-14-21-15-00,2,0,2
2017-10-14-21-30-00,6,3,3
2017-10-14-21-45-00,7,5,2
2017-10-14-22-00-00,1,1,0
2017-10-14-22-15-00,3,0,3
2017-10-14-22-30-00,4,2,2
2017-10-14-22-45-00,4,2,2
2017-10-14-23-00-00,5,1,4
2017-10-14-23-15-00,1,1,0
2017-10-14-23-30-00,2,0,2
2017-10-14-23-45-00,1,1,0
2017-10-15-00-00-00,0,0,0
2017-10-15-00-15-00,0,0,0
2017-10-15-00-30-00,0,0,0
2017-10-15-00-45-00,5,2,3
2017-10-15-01-00-00,4,0,4
2017-10-15-01-15-00,1,0,1
2017-10-15-01-30-00,0,0,0
2017-10-15-01-45-00,2,2,0
2017-10-15-02-00-00,0,0,0
2017-10-15-02-15-00,0,0,0
2017-10-15-02-30-00,1,0,1
2017-10-15-02-45-00,1,0,1
2017-10-15-03-00-00,0,0,0
2017-10-15-03-15-00,1,0,1
2017-10-15-03-30-00,0,0,0
2017-10-15-03-45-00,0,0,0
2017-10-15-04-00-00,1,0,1
2017-10-15-04-15-00,0,0,0
2017-10-15-04-30-00,0,0,0
2017-10-15-04-45-00,1,1,0
2017-10-15-05-00-00,0,0,0
2017-10-15-05-15-00,0,0,0
2017-10-15-05-30-00,0,0,0
2017-10-15-05-45-00,0,0,0
2017-10-15-06-00-00,1,1,0
2017-10-15-06-15-00,1,1,0
2017-10-15-06-30-00,0,0,0
2017-10-15-06-45-00,0,0,0
2017-10-15-07-00-00,2,2,0
2017-10-15-07-15-00,0,0,0
2017-10-15-07-30-00,1,0,1
2017-10-15-07-45-00,4,3,1
2017-10-15-08-00-00,4,0,4
2017-10-15-08-15-00,7,3,4
2017-10-15-08-30-00,10,7,3
2017-10-15-08-45-00,10,4,6
2017-10-15-09-00-00,8,4,4
2017-10-15-09-15-00,12,5,7
2017-10-15-09-30-00,14,7,7
2017-10-15-09-45-00,27,11,16
2017-10-15-10-00-00,32,11,21
2017-10-15-10-15-00,48,13,35
2017-10-15-10-30-00,43,17,26
2017-10-15-10-45-00,53,20,33
2017-10-15-11-00-00,51,22,29
2017-10-15-11-15-00,84,30,54
2017-10-15-11-30-00,94,31,63
2017-10-15-11-45-00,107,36,71
2017-10-15-12-00-00,118,34,84
2017-10-15-12-15-00,99,31,68
2017-10-15-12-30-00,130,30,100
2017-10-15-12-45-00,158,58,100
2017-10-15-13-00-00,169,77,92
2017-10-15-13-15-00,178,62,116
2017-10-15-13-30-00,157,72,85
2017-10-15-13-45-00,172,54,118
2017-10-15-14-00-00,179,93,86
2017-10-15-14-15-00,219,96,123
2017-10-15-14-30-00,227,115,112
2017-10-15-14-45-00,221,135,86
2017-10-15-15-00-00,222,115,107
2017-10-15-15-15-00,194,99,95
2017-10-15-15-30-00,238,159,79
2017-10-15-15-45-00,176,107,69
2017-10-15-16-00-00,180,104,76
2017-10-15-16-15-00,201,131,70
2017-10-15-16-30-00,214,126,88
2017-10-15-16-45-00,159,100,59
2017-10-15-17-00-00,181,126,55
2017-10-15-17-15-00,185,111,74
2017-10-15-17-30-00,148,96,52
2017-10-15-17-45-00,108,69,39
2017-10-15-18-00-00,133,96,37
2017-10-15-18-15-00,129,74,55
2017-10-15-18-30-00,85,59,26
2017-10-15-18-45-00,56,42,14
2017-10-15-19-00-00,37,21,16
2017-10-15-19-15-00,31,25,6
2017-10-15-19-30-00,19,13,6
2017-10-15-19-45-00,3,1,2
2017-10-15-20-00-00,10,7,3
2017-10-15-20-15-00,6,1,5
2017-10-15-20-30-00,12,9,3
2017-10-15-20-45-00,3,3,0
2017-10-15-21-00-00,2,2,0
2017-10-15-21-15-00,4,1,3
2017-10-15-21-30-00,3,0,3
2017-10-15-21-45-00,4,2,2
2017-10-15-22-00-00,5,3,2
2017-10-15-22-15-00,2,2,0
2017-10-15-22-30-00,0,0,0
2017-10-15-22-45-00,1,0,1
2017-10-15-23-00-00,1,1,0
2017-10-15-23-15-00,3,2,1
2017-10-15-23-30-00,1,0,1
2017-10-15-23-45-00,0,0,0
2017-10-16-00-00-00,1,0,1
2017-10-16-00-15-00,0,0,0
2017-10-16-00-30-00,2,2,0
2017-10-16-00-45-00,1,0,1
2017-10-16-01-00-00,0,0,0
2017-10-16-01-15-00,0,0,0
2017-10-16-01-30-00,0,0,0
2017-10-16-01-45-00,0,0,0
2017-10-16-02-00-00,0,0,0
2017-10-16-02-15-00,0,0,0
2017-10-16-02-30-00,0,0,0
2017-10-16-02-45-00,0,0,0
2017-10-16-03-00-00,0,0,0
2017-10-16-03-15-00,0,0,0
2017-10-16-03-30-00,0,0,0
2017-10-16-03-45-00,0,0,0
2017-10-16-04-00-00,0,0,0
2017-10-16-04-15-00,0,0,0
2017-10-16-04-30-00,0,0,0
2017-10-16-04-45-00,0,0,0
2017-10-16-05-00-00,1,0,1
2017-10-16-05-15-00,0,0,0
2017-10-16-05-30-00,3,0,3
2017-10-16-05-45-00,8,4,4
2017-10-16-06-00-00,2,1,1
2017-10-16-06-15-00,9,4,5
2017-10-16-06-30-00,6,4,2
2017-10-16-06-45-00,15,5,10
2017-10-16-07-00-00,21,8,13
2017-10-16-07-15-00,35,9,26
2017-10-16-07-30-00,52,23,29
2017-10-16-07-45-00,64,17,47
2017-10-16-08-00-00,58,15,43
2017-10-16-08-15-00,45,10,35
2017-10-16-08-30-00,74,20,54
2017-10-16-08-45-00,54,9,45
2017-10-16-09-00-00,43,9,34
2017-10-16-09-15-00,29,10,19
2017-10-16-09-30-00,44,10,34
2017-10-16-09-45-00,21,10,11
2017-10-16-10-00-00,28,12,16
2017-10-16-10-15-00,21,11,10
2017-10-16-10-30-00,27,7,20
2017-10-16-10-45-00,22,10,12
2017-10-16-11-00-00,43,24,19
2017-10-16-11-15-00,42,20,22
2017-10-16-11-30-00,36,16,20
2017-10-16-11-45-00,57,18,39
2017-10-16-12-00-00,32,11,21
2017-10-16-12-15-00,43,21,22
2017-10-16-12-30-00,37,21,16
2017-10-16-12-45-00,51,23,28
2017-10-16-13-00-00,44,25,19
2017-10-16-13-15-00,46,30,16
2017-10-16-13-30-00,61,33,28
2017-10-16-13-45-00,58,32,26
2017-10-16-14-00-00,52,27,25
2017-10-16-14-15-00,39,21,18
2017-10-16-14-30-00,58,31,27
2017-10-16-14-45-00,77,41,36
2017-10-16-15-00-00,58,23,35
2017-10-16-15-15-00,61,38,23
2017-10-16-15-30-00,63,34,29
2017-10-16-15-45-00,85,51,34
2017-10-16-16-00-00,84,54,30
2017-10-16-16-15-00,108,71,37
2017-10-16-16-30-00,107,60,47
2017-10-16-16-45-00,99,65,34
2017-10-16-17-00-00,109,77,32
2017-10-16-17-15-00,113,73,40
2017-10-16-17-30-00,113,74,39
2017-10-16-17-45-00,96,58,38
2017-10-16-18-00-00,61,40,21
2017-10-16-18-15-00,85,56,29
2017-10-16-18-30-00,64,46,18
2017-10-16-18-45-00,45,27,18
2017-10-16-19-00-00,46,28,18
2017-10-16-19-15-00,23,15,8
2017-10-16-19-30-00,15,9,6
2017-10-16-19-45-00,9,4,5
2017-10-16-20-00-00,15,8,7
2017-10-16-20-15-00,12,11,1
2017-10-16-20-30-00,12,6,6
2017-10-16-20-45-00,5,1,4
2017-10-16-21-00-00,5,1,4
2017-10-16-21-15-00,8,3,5
2017-10-16-21-30-00,4,0,4
2017-10-16-21-45-00,2,1,1
2017-10-16-22-00-00,4,2,2
2017-10-16-22-15-00,1,0,1
2017-10-16-22-30-00,4,2,2
2017-10-16-22-45-00,2,1,1
2017-10-16-23-00-00,2,1,1
2017-10-16-23-15-00,2,1,1
2017-10-16-23-30-00,0,0,0
2017-10-16-23-45-00,4,2,2
2017-10-17-00-00-00,0,0,0
2017-10-17-00-15-00,0,0,0
2017-10-17-00-30-00,0,0,0
2017-10-17-00-45-00,0,0,0
2017-10-17-01-00-00,0,0,0
2017-10-17-01-15-00,0,0,0
2017-10-17-01-30-00,0,0,0
2017-10-17-01-45-00,0,0,0
2017-10-17-02-00-00,0,0,0
2017-10-17-02-15-00,0,0,0
2017-10-17-02-30-00,0,0,0
2017-10-17-02-45-00,0,0,0
2017-10-17-03-00-00,0,0,0
2017-10-17-03-15-00,0,0,0
2017-10-17-03-30-00,0,0,0
2017-10-17-03-45-00,0,0,0
2017-10-17-04-00-00,0,0,0
2017-10-17-04-15-00,0,0,0
2017-10-17-04-30-00,0,0,0
2017-10-17-04-45-00,1,0,1
2017-10-17-05-00-00,0,0,0
2017-10-17-05-15-00,3,1,2
2017-10-17-05-30-00,2,0,2
2017-10-17-05-45-00,7,3,4
2017-10-17-06-00-00,8,4,4
2017-10-17-06-15-00,6,2,4
2017-10-17-06-30-00,10,5,5
2017-10-17-06-45-00,14,5,9
2017-10-17-07-00-00,27,9,18
2017-10-17-07-15-00,36,9,27
2017-10-17-07-30-00,53,20,33
2017-10-17-07-45-00,66,12,54
2017-10-17-08-00-00,50,9,41
2017-10-17-08-15-00,67,11,56
2017-10-17-08-30-00,58,9,49
2017-10-17-08-45-00,57,11,46
2017-10-17-09-00-00,43,13,30
2017-10-17-09-15-00,20,4,16
2017-10-17-09-30-00,16,7,9
2017-10-17-09-45-00,17,8,9
2017-10-17-10-00-00,18,8,10
2017-10-17-10-15-00,20,9,11
2017-10-17-10-30-00,18,6,12
2017-10-17-10-45-00,25,11,14
2017-10-17-11-00-00,27,14,13
2017-10-17-11-15-00,34,22,12
2017-10-17-11-30-00,28,10,18
2017-10-17-11-45-00,27,15,12
2017-10-17-12-00-00,30,19,11
2017-10-17-12-15-00,31,10,21
2017-10-17-12-30-00,30,12,18
2017-10-17-12-45-00,21,8,13
2017-10-17-13-00-00,38,27,11
2017-10-17-13-15-00,43,19,24
2017-10-17-13-30-00,35,12,23
2017-10-17-13-45-00,44,24,20
2017-10-17-14-00-00,33,21,12
2017-10-17-14-15-00,44,23,21
2017-10-17-14-30-00,71,32,39
2017-10-17-14-45-00,56,33,23
2017-10-17-15-00-00,50,18,32
2017-10-17-15-15-00,49,26,23
2017-10-17-15-30-00,78,48,30
2017-10-17-15-45-00,62,43,19
2017-10-17-16-00-00,70,43,27
2017-10-17-16-15-00,70,43,27
2017-10-17-16-30-00,84,61,23
2017-10-17-16-45-00,73,45,28
2017-10-17-17-00-00,77,46,31
2017-10-17-17-15-00,77,51,26
2017-10-17-17-30-00,91,61,30
2017-10-17-17-45-00,89,55,34
2017-10-17-18-00-00,68,49,19
2017-10-17-18-15-00,55,39,16
2017-10-17-18-30-00,69,50,19
2017-10-17-18-45-00,49,36,13
2017-10-17-19-00-00,23,14,9
2017-10-17-19-15-00,20,11,9
2017-10-17-19-30-00,23,14,9
2017-10-17-19-45-00,13,7,6
2017-10-17-20-00-00,9,6,3
2017-10-17-20-15-00,6,2,4
2017-10-17-20-30-00,9,2,7
2017-10-17-20-45-00,2,1,1
2017-10-17-21-00-00,3,3,0
2017-10-17-21-15-00,8,6,2
2017-10-17-21-30-00,2,1,1
2017-10-17-21-45-00,2,1,1
2017-10-17-22-00-00,5,2,3
2017-10-17-22-15-00,6,3,3
2017-10-17-22-30-00,3,1,2
2017-10-17-22-45-00,3,1,2
2017-10-17-23-00-00,4,1,3
2017-10-17-23-15-00,2,1,1
2017-10-17-23-30-00,0,0,0
2017-10-17-23-45-00,0,0,0
2017-10-18-00-00-00,0,0,0
2017-10-18-00-15-00,1,0,1
2017-10-18-00-30-00,0,0,0
2017-10-18-00-45-00,0,0,0
2017-10-18-01-00-00,0,0,0
2017-10-18-01-15-00,0,0,0
2017-10-18-01-30-00,1,1,0
2017-10-18-01-45-00,0,0,0
2017-10-18-02-00-00,1,1,0
2017-10-18-02-15-00,0,0,0
2017-10-18-02-30-00,0,0,0
2017-10-18-02-45-00,0,0,0
2017-10-18-03-00-00,0,0,0
2017-10-18-03-15-00,0,0,0
2017-10-18-03-30-00,0,0,0
2017-10-18-03-45-00,0,0,0
2017-10-18-04-00-00,0,0,0
2017-10-18-04-15-00,0,0,0
2017-10-18-04-30-00,0,0,0
2017-10-18-04-45-00,0,0,0
2017-10-18-05-00-00,0,0,0
2017-10-18-05-15-00,0,0,0
2017-10-18-05-30-00,4,2,2
2017-10-18-05-45-00,7,2,5
2017-10-18-06-00-00,5,3,2
2017-10-18-06-15-00,9,3,6
2017-10-18-06-30-00,11,5,6
2017-10-18-06-45-00,17,6,11
2017-10-18-07-00-00,17,7,10
2017-10-18-07-15-00,46,15,31
2017-10-18-07-30-00,51,13,38
2017-10-18-07-45-00,39,11,28
2017-10-18-08-00-00,64,14,50
2017-10-18-08-15-00,61,9,52
2017-10-18-08-30-00,70,13,57
2017-10-18-08-45-00,63,9,54
2017-10-18-09-00-00,44,16,28
2017-10-18-09-15-00,21,7,14
2017-10-18-09-30-00,22,6,16
2017-10-18-09-45-00,15,7,8
2017-10-18-10-00-00,19,4,15
2017-10-18-10-15-00,31,11,20
2017-10-18-10-30-00,26,12,14
2017-10-18-10-45-00,23,6,17
2017-10-18-11-00-00,30,10,20
2017-10-18-11-15-00,22,12,10
2017-10-18-11-30-00,33,12,21
2017-10-18-11-45-00,44,23,21
2017-10-18-12-00-00,41,22,19
2017-10-18-12-15-00,43,20,23
2017-10-18-12-30-00,36,11,25
2017-10-18-12-45-00,43,19,24
2017-10-18-13-00-00,48,18,30
2017-10-18-13-15-00,50,25,25
2017-10-18-13-30-00,57,27,30
2017-10-18-13-45-00,40,24,16
2017-10-18-14-00-00,50,30,20
2017-10-18-14-15-00,58,43,15
2017-10-18-14-30-00,54,29,25
2017-10-18-14-45-00,85,54,31
2017-10-18-15-00-00,57,20,37
2017-10-18-15-15-00,68,24,44
2017-10-18-15-30-00,80,41,39
2017-10-18-15-45-00,71,45,26
2017-10-18-16-00-00,78,50,28
2017-10-18-16-15-00,103,66,37
2017-10-18-16-30-00,92,57,35
2017-10-18-16-45-00,100,59,41
2017-10-18-17-00-00,92,57,35
2017-10-18-17-15-00,95,59,36
2017-10-18-17-30-00,83,59,24
2017-10-18-17-45-00,125,78,47
2017-10-18-18-00-00,71,47,24
2017-10-18-18-15-00,95,66,29
2017-10-18-18-30-00,69,49,20
2017-10-18-18-45-00,55,29,26
2017-10-18-19-00-00,37,27,10
2017-10-18-19-15-00,26,18,8
2017-10-18-19-30-00,19,12,7
2017-10-18-19-45-00,16,10,6
2017-10-18-20-00-00,14,9,5
2017-10-18-20-15-00,8,6,2
2017-10-18-20-30-00,10,7,3
2017-10-18-20-45-00,8,5,3
2017-10-18-21-00-00,3,1,2
2017-10-18-21-15-00,9,4,5
2017-10-18-21-30-00,3,2,1
2017-10-18-21-45-00,5,1,4
2017-10-18-22-00-00,5,5,0
2017-10-18-22-15-00,1,0,1
2017-10-18-22-30-00,12,8,4
2017-10-18-22-45-00,1,1,0
2017-10-18-23-00-00,0,0,0
2017-10-18-23-15-00,0,0,0
2017-10-18-23-30-00,2,1,1
2017-10-18-23-45-00,0,0,0
2017-10-19-00-00-00,0,0,0
2017-10-19-00-15-00,0,0,0
2017-10-19-00-30-00,1,1,0
2017-10-19-00-45-00,0,0,0
2017-10-19-01-00-00,0,0,0
2017-10-19-01-15-00,0,0,0
2017-10-19-01-30-00,0,0,0
2017-10-19-01-45-00,0,0,0
2017-10-19-02-00-00,0,0,0
2017-10-19-02-15-00,1,1,0
2017-10-19-02-30-00,0,0,0
2017-10-19-02-45-00,0,0,0
2017-10-19-03-00-00,0,0,0
2017-10-19-03-15-00,0,0,0
2017-10-19-03-30-00,0,0,0
2017-10-19-03-45-00,0,0,0
2017-10-19-04-00-00,0,0,0
2017-10-19-04-15-00,0,0,0
2017-10-19-04-30-00,0,0,0
2017-10-19-04-45-00,0,0,0
2017-10-19-05-00-00,0,0,0
2017-10-19-05-15-00,1,0,1
2017-10-19-05-30-00,1,0,1
2017-10-19-05-45-00,5,1,4
2017-10-19-06-00-00,4,1,3
2017-10-19-06-15-00,10,4,6
2017-10-19-06-30-00,15,5,10
2017-10-19-06-45-00,15,6,9
2017-10-19-07-00-00,27,6,21
2017-10-19-07-15-00,29,8,21
2017-10-19-07-30-00,43,18,25
2017-10-19-07-45-00,44,8,36
2017-10-19-08-00-00,48,9,39
2017-10-19-08-15-00,47,13,34
2017-10-19-08-30-00,72,22,50
2017-10-19-08-45-00,50,10,40
2017-10-19-09-00-00,32,7,25
2017-10-19-09-15-00,30,8,22
2017-10-19-09-30-00,17,3,14
2017-10-19-09-45-00,18,8,10
2017-10-19-10-00-00,11,4,7
2017-10-19-10-15-00,13,6,7
2017-10-19-10-30-00,17,7,10
2017-10-19-10-45-00,19,12,7
2017-10-19-11-00-00,21,6,15
2017-10-19-11-15-00,22,9,13
2017-10-19-11-30-00,24,9,15
2017-10-19-11-45-00,30,16,14
2017-10-19-12-00-00,24,13,11
2017-10-19-12-15-00,32,9,23
2017-10-19-12-30-00,30,10,20
2017-10-19-12-45-00,38,17,21
2017-10-19-13-00-00,36,19,17
2017-10-19-13-15-00,48,19,29
2017-10-19-13-30-00,35,15,20
2017-10-19-13-45-00,41,16,25
2017-10-19-14-00-00,49,23,26
2017-10-19-14-15-00,41,16,25
2017-10-19-14-30-00,56,38,18
2017-10-19-14-45-00,46,26,20
2017-10-19-15-00-00,50,25,25
2017-10-19-15-15-00,67,35,32
2017-10-19-15-30-00,68,38,30
2017-10-19-15-45-00,79,50,29
2017-10-19-16-00-00,79,46,33
2017-10-19-16-15-00,60,35,25
2017-10-19-16-30-00,78,52,26
2017-10-19-16-45-00,79,53,26
2017-10-19-17-00-00,89,64,25
2017-10-19-17-15-00,76,49,27
2017-10-19-17-30-00,70,44,26
2017-10-19-17-45-00,85,62,23
2017-10-19-18-00-00,70,44,26
2017-10-19-18-15-00,80,57,23
2017-10-19-18-30-00,57,41,16
2017-10-19-18-45-00,55,33,22
2017-10-19-19-00-00,34,21,13
2017-10-19-19-15-00,20,12,8
2017-10-19-19-30-00,18,11,7
2017-10-19-19-45-00,19,10,9
2017-10-19-20-00-00,9,5,4
2017-10-19-20-15-00,12,7,5
2017-10-19-20-30-00,13,3,10
2017-10-19-20-45-00,5,3,2
2017-10-19-21-00-00,5,1,4
2017-10-19-21-15-00,3,1,2
2017-10-19-21-30-00,4,2,2
2017-10-19-21-45-00,6,1,5
2017-10-19-22-00-00,4,2,2
2017-10-19-22-15-00,4,2,2
2017-10-19-22-30-00,0,0,0
2017-10-19-22-45-00,3,1,2
2017-10-19-23-00-00,1,0,1
2017-10-19-23-15-00,1,1,0
2017-10-19-23-30-00,3,0,3
2017-10-19-23-45-00,2,2,0
2017-10-20-00-00-00,2,2,0
2017-10-20-00-15-00,0,0,0
2017-10-20-00-30-00,0,0,0
2017-10-20-00-45-00,0,0,0
2017-10-20-01-00-00,0,0,0
2017-10-20-01-15-00,0,0,0
2017-10-20-01-30-00,0,0,0
2017-10-20-01-45-00,0,0,0
2017-10-20-02-00-00,0,0,0
2017-10-20-02-15-00,0,0,0
2017-10-20-02-30-00,1,0,1
2017-10-20-02-45-00,0,0,0
2017-10-20-03-00-00,0,0,0
2017-10-20-03-15-00,0,0,0
2017-10-20-03-30-00,0,0,0
2017-10-20-03-45-00,0,0,0
2017-10-20-04-00-00,0,0,0
2017-10-20-04-15-00,0,0,0
2017-10-20-04-30-00,0,0,0
2017-10-20-04-45-00,0,0,0
2017-10-20-05-00-00,0,0,0
2017-10-20-05-15-00,0,0,0
2017-10-20-05-30-00,0,0,0
2017-10-20-05-45-00,6,2,4
2017-10-20-06-00-00,6,2,4
2017-10-20-06-15-00,5,2,3
2017-10-20-06-30-00,3,2,1
2017-10-20-06-45-00,9,5,4
2017-10-20-07-00-00,13,4,9
2017-10-20-07-15-00,24,6,18
2017-10-20-07-30-00,22,9,13
2017-10-20-07-45-00,33,14,19
2017-10-20-08-00-00,28,6,22
2017-10-20-08-15-00,30,6,24
2017-10-20-08-30-00,32,7,25
2017-10-20-08-45-00,29,9,20
2017-10-20-09-00-00,25,5,20
2017-10-20-09-15-00,21,12,9
2017-10-20-09-30-00,10,3,7
2017-10-20-09-45-00,20,6,14
2017-10-20-10-00-00,10,3,7
2017-10-20-10-15-00,5,0,5
2017-10-20-10-30-00,8,2,6
2017-10-20-10-45-00,6,2,4
2017-10-20-11-00-00,11,6,5
2017-10-20-11-15-00,7,2,5
2017-10-20-11-30-00,17,9,8
2017-10-20-11-45-00,3,2,1
2017-10-20-12-00-00,4,3,1
2017-10-20-12-15-00,6,1,5
2017-10-20-12-30-00,14,5,9
2017-10-20-12-45-00,16,3,13
2017-10-20-13-00-00,15,9,6
2017-10-20-13-15-00,25,15,10
2017-10-20-13-30-00,22,11,11
2017-10-20-13-45-00,20,10,10
2017-10-20-14-00-00,20,13,7
2017-10-20-14-15-00,24,14,10
2017-10-20-14-30-00,37,23,14
2017-10-20-14-45-00,32,14,18
2017-10-20-15-00-00,22,12,10
2017-10-20-15-15-00,30,22,8
2017-10-20-15-30-00,43,25,18
2017-10-20-15-45-00,58,29,29
2017-10-20-16-00-00,49,25,24
2017-10-20-16-15-00,45,27,18
2017-10-20-16-30-00,36,19,17
2017-10-20-16-45-00,36,15,21
2017-10-20-17-00-00,39,26,13
2017-10-20-17-15-00,40,27,13
2017-10-20-17-30-00,34,20,14
2017-10-20-17-45-00,39,28,11
2017-10-20-18-00-00,17,12,5
2017-10-20-18-15-00,29,20,9
2017-10-20-18-30-00,11,7,4
2017-10-20-18-45-00,11,7,4
2017-10-20-19-00-00,14,6,8
2017-10-20-19-15-00,17,8,9
2017-10-20-19-30-00,6,4,2
2017-10-20-19-45-00,6,2,4
2017-10-20-20-00-00,12,11,1
2017-10-20-20-15-00,6,3,3
2017-10-20-20-30-00,4,1,3
2017-10-20-20-45-00,3,3,0
2017-10-20-21-00-00,4,2,2
2017-10-20-21-15-00,1,0,1
2017-10-20-21-30-00,6,4,2
2017-10-20-21-45-00,1,1,0
2017-10-20-22-00-00,2,2,0
2017-10-20-22-15-00,1,0,1
2017-10-20-22-30-00,1,0,1
2017-10-20-22-45-00,2,1,1
2017-10-20-23-00-00,0,0,0
2017-10-20-23-15-00,0,0,0
2017-10-20-23-30-00,0,0,0
2017-10-20-23-45-00,0,0,0
2017-10-21-00-00-00,1,1,0
2017-10-21-00-15-00,0,0,0
2017-10-21-00-30-00,2,0,2
2017-10-21-00-45-00,2,0,2
2017-10-21-01-00-00,0,0,0
2017-10-21-01-15-00,0,0,0
2017-10-21-01-30-00,0,0,0
2017-10-21-01-45-00,0,0,0
2017-10-21-02-00-00,2,0,2
2017-10-21-02-15-00,0,0,0
2017-10-21-02-30-00,0,0,0
2017-10-21-02-45-00,1,0,1
2017-10-21-03-00-00,0,0,0
2017-10-21-03-15-00,0,0,0
2017-10-21-03-30-00,0,0,0
2017-10-21-03-45-00,1,0,1
2017-10-21-04-00-00,0,0,0
2017-10-21-04-15-00,0,0,0
2017-10-21-04-30-00,0,0,0
2017-10-21-04-45-00,0,0,0
2017-10-21-05-00-00,0,0,0
2017-10-21-05-15-00,1,0,1
2017-10-21-05-30-00,0,0,0
2017-10-21-05-45-00,1,1,0
2017-10-21-06-00-00,0,0,0
2017-10-21-06-15-00,0,0,0
2017-10-21-06-30-00,2,0,2
2017-10-21-06-45-00,1,1,0
2017-10-21-07-00-00,2,1,1
2017-10-21-07-15-00,0,0,0
2017-10-21-07-30-00,1,1,0
2017-10-21-07-45-00,3,0,3
2017-10-21-08-00-00,6,0,6
2017-10-21-08-15-00,11,1,10
2017-10-21-08-30-00,14,6,8
2017-10-21-08-45-00,12,4,8
2017-10-21-09-00-00,12,5,7
2017-10-21-09-15-00,17,6,11
2017-10-21-09-30-00,11,3,8
2017-10-21-09-45-00,22,14,8
2017-10-21-10-00-00,13,5,8
2017-10-21-10-15-00,21,7,14
2017-10-21-10-30-00,22,12,10
2017-10-21-10-45-00,26,8,18
2017-10-21-11-00-00,26,10,16
2017-10-21-11-15-00,16,7,9
2017-10-21-11-30-00,14,5,9
2017-10-21-11-45-00,13,7,6
2017-10-21-12-00-00,14,8,6
2017-10-21-12-15-00,16,6,10
2017-10-21-12-30-00,16,6,10
2017-10-21-12-45-00,19,6,13
2017-10-21-13-00-00,15,7,8
2017-10-21-13-15-00,11,4,7
2017-10-21-13-30-00,35,15,20
2017-10-21-13-45-00,31,15,16
2017-10-21-14-00-00,19,8,11
2017-10-21-14-15-00,25,17,8
2017-10-21-14-30-00,26,16,10
2017-10-21-14-45-00,40,20,20
2017-10-21-15-00-00,27,22,5
2017-10-21-15-15-00,29,8,21
2017-10-21-15-30-00,30,16,14
2017-10-21-15-45-00,50,29,21
2017-10-21-16-00-00,32,7,25
2017-10-21-16-15-00,30,14,16
2017-10-21-16-30-00,28,8,20
2017-10-21-16-45-00,33,18,15
2017-10-21-17-00-00,21,6,15
2017-10-21-17-15-00,25,16,9
2017-10-21-17-30-00,15,13,2
2017-10-21-17-45-00,22,15,7
2017-10-21-18-00-00,14,8,6
2017-10-21-18-15-00,20,12,8
2017-10-21-18-30-00,19,9,10
2017-10-21-18-45-00,14,9,5
2017-10-21-19-00-00,8,5,3
2017-10-21-19-15-00,4,2,2
2017-10-21-19-30-00,7,5,2
2017-10-21-19-45-00,6,2,4
2017-10-21-20-00-00,4,3,1
2017-10-21-20-15-00,2,2,0
2017-10-21-20-30-00,3,0,3
2017-10-21-20-45-00,1,0,1
2017-10-21-21-00-00,0,0,0
2017-10-21-21-15-00,1,0,1
2017-10-21-21-30-00,1,1,0
2017-10-21-21-45-00,1,1,0
2017-10-21-22-00-00,0,0,0
2017-10-21-22-15-00,3,0,3
2017-10-21-22-30-00,0,0,0
2017-10-21-22-45-00,3,0,3
2017-10-21-23-00-00,0,0,0
2017-10-21-23-15-00,0,0,0
2017-10-21-23-30-00,2,0,2
2017-10-21-23-45-00,2,1,1
2017-10-22-00-00-00,0,0,0
2017-10-22-00-15-00,4,2,2
2017-10-22-00-30-00,2,1,1
2017-10-22-00-45-00,2,2,0
2017-10-22-01-00-00,0,0,0
2017-10-22-01-15-00,0,0,0
2017-10-22-01-30-00,1,1,0
2017-10-22-01-45-00,1,1,0
2017-10-22-02-00-00,0,0,0
2017-10-22-02-15-00,2,1,1
2017-10-22-02-30-00,0,0,0
2017-10-22-02-45-00,0,0,0
2017-10-22-03-00-00,0,0,0
2017-10-22-03-15-00,0,0,0
2017-10-22-03-30-00,0,0,0
2017-10-22-03-45-00,0,0,0
2017-10-22-04-00-00,1,1,0
2017-10-22-04-15-00,0,0,0
2017-10-22-04-30-00,0,0,0
2017-10-22-04-45-00,0,0,0
2017-10-22-05-00-00,0,0,0
2017-10-22-05-15-00,0,0,0
2017-10-22-05-30-00,0,0,0
2017-10-22-05-45-00,2,0,2
2017-10-22-06-00-00,1,0,1
2017-10-22-06-15-00,1,1,0
2017-10-22-06-30-00,0,0,0
2017-10-22-06-45-00,2,1,1
2017-10-22-07-00-00,1,0,1
2017-10-22-07-15-00,3,0,3
2017-10-22-07-30-00,0,0,0
2017-10-22-07-45-00,1,1,0
2017-10-22-08-00-00,1,1,0
2017-10-22-08-15-00,5,4,1
2017-10-22-08-30-00,8,7,1
2017-10-22-08-45-00,11,9,2
2017-10-22-09-00-00,12,8,4
2017-10-22-09-15-00,6,2,4
2017-10-22-09-30-00,3,0,3
2017-10-22-09-45-00,5,3,2
2017-10-22-10-00-00,12,4,8
2017-10-22-10-15-00,11,7,4
2017-10-22-10-30-00,8,2,6
2017-10-22-10-45-00,19,5,14
2017-10-22-11-00-00,13,8,5
2017-10-22-11-15-00,7,4,3
2017-10-22-11-30-00,22,5,17
2017-10-22-11-45-00,9,3,6
2017-10-22-12-00-00,13,5,8
2017-10-22-12-15-00,7,3,4
2017-10-22-12-30-00,9,2,7
2017-10-22-12-45-00,9,3,6
2017-10-22-13-00-00,5,0,5
2017-10-22-13-15-00,5,2,3
2017-10-22-13-30-00,9,2,7
2017-10-22-13-45-00,16,7,9
2017-10-22-14-00-00,15,11,4
2017-10-22-14-15-00,13,5,8
2017-10-22-14-30-00,14,8,6
2017-10-22-14-45-00,18,10,8
2017-10-22-15-00-00,14,9,5
2017-10-22-15-15-00,16,6,10
2017-10-22-15-30-00,18,7,11
2017-10-22-15-45-00,14,4,10
2017-10-22-16-00-00,22,16,6
2017-10-22-16-15-00,18,7,11
2017-10-22-16-30-00,18,15,3
2017-10-22-16-45-00,32,20,12
2017-10-22-17-00-00,28,17,11
2017-10-22-17-15-00,20,9,11
2017-10-22-17-30-00,26,15,11
2017-10-22-17-45-00,25,17,8
2017-10-22-18-00-00,21,8,13
2017-10-22-18-15-00,18,13,5
2017-10-22-18-30-00,13,4,9
2017-10-22-18-45-00,11,8,3
2017-10-22-19-00-00,6,4,2
2017-10-22-19-15-00,7,6,1
2017-10-22-19-30-00,6,5,1
2017-10-22-19-45-00,0,0,0
2017-10-22-20-00-00,5,4,1
2017-10-22-20-15-00,0,0,0
2017-10-22-20-30-00,1,0,1
2017-10-22-20-45-00,1,0,1
2017-10-22-21-00-00,1,1,0
2017-10-22-21-15-00,0,0,0
2017-10-22-21-30-00,1,0,1
2017-10-22-21-45-00,0,0,0
2017-10-22-22-00-00,0,0,0
2017-10-22-22-15-00,0,0,0
2017-10-22-22-30-00,1,0,1
2017-10-22-22-45-00,3,0,3
2017-10-22-23-00-00,0,0,0
2017-10-22-23-15-00,0,0,0
2017-10-22-23-30-00,0,0,0
2017-10-22-23-45-00,1,0,1
2017-10-23-00-00-00,2,1,1
2017-10-23-00-15-00,0,0,0
2017-10-23-00-30-00,0,0,0
2017-10-23-00-45-00,0,0,0
2017-10-23-01-00-00,0,0,0
2017-10-23-01-15-00,0,0,0
2017-10-23-01-30-00,0,0,0
2017-10-23-01-45-00,0,0,0
2017-10-23-02-00-00,0,0,0
2017-10-23-02-15-00,0,0,0
2017-10-23-02-30-00,0,0,0
2017-10-23-02-45-00,0,0,0
2017-10-23-03-00-00,0,0,0
2017-10-23-03-15-00,0,0,0
2017-10-23-03-30-00,0,0,0
2017-10-23-03-45-00,0,0,0
2017-10-23-04-00-00,0,0,0
2017-10-23-04-15-00,0,0,0
2017-10-23-04-30-00,0,0,0
2017-10-23-04-45-00,2,1,1
2017-10-23-05-00-00,0,0,0
2017-10-23-05-15-00,0,0,0
2017-10-23-05-30-00,2,1,1
2017-10-23-05-45-00,3,2,1
2017-10-23-06-00-00,4,2,2
2017-10-23-06-15-00,9,7,2
2017-10-23-06-30-00,12,6,6
2017-10-23-06-45-00,13,5,8
2017-10-23-07-00-00,11,2,9
2017-10-23-07-15-00,12,5,7
2017-10-23-07-30-00,33,10,23
2017-10-23-07-45-00,45,11,34
2017-10-23-08-00-00,36,10,26
2017-10-23-08-15-00,47,7,40
2017-10-23-08-30-00,43,11,32
2017-10-23-08-45-00,35,1,34
2017-10-23-09-00-00,37,10,27
2017-10-23-09-15-00,22,6,16
2017-10-23-09-30-00,11,3,8
2017-10-23-09-45-00,19,3,16
2017-10-23-10-00-00,10,4,6
2017-10-23-10-15-00,11,3,8
2017-10-23-10-30-00,9,2,7
2017-10-23-10-45-00,22,11,11
2017-10-23-11-00-00,8,2,6
2017-10-23-11-15-00,12,4,8
2017-10-23-11-30-00,9,1,8
2017-10-23-11-45-00,21,8,13
2017-10-23-12-00-00,8,5,3
2017-10-23-12-15-00,13,6,7
2017-10-23-12-30-00,5,3,2
2017-10-23-12-45-00,16,9,7
2017-10-23-13-00-00,13,8,5
2017-10-23-13-15-00,10,5,5
2017-10-23-13-30-00,17,6,11
2017-10-23-13-45-00,20,11,9
2017-10-23-14-00-00,21,17,4
2017-10-23-14-15-00,19,8,11
2017-10-23-14-30-00,21,11,10
2017-10-23-14-45-00,19,11,8
2017-10-23-15-00-00,15,8,7
2017-10-23-15-15-00,27,15,12
2017-10-23-15-30-00,19,13,6
2017-10-23-15-45-00,31,18,13
2017-10-23-16-00-00,27,15,12
2017-10-23-16-15-00,24,19,5
2017-10-23-16-30-00,44,33,11
2017-10-23-16-45-00,36,24,12
2017-10-23-17-00-00,36,25,11
2017-10-23-17-15-00,48,36,12
2017-10-23-17-30-00,53,41,12
2017-10-23-17-45-00,36,29,7
2017-10-23-18-00-00,41,31,10
2017-10-23-18-15-00,30,27,3
2017-10-23-18-30-00,31,24,7
2017-10-23-18-45-00,25,16,9
2017-10-23-19-00-00,19,12,7
2017-10-23-19-15-00,12,6,6
2017-10-23-19-30-00,9,5,4
2017-10-23-19-45-00,7,5,2
2017-10-23-20-00-00,5,4,1
2017-10-23-20-15-00,5,4,1
2017-10-23-20-30-00,4,1,3
2017-10-23-20-45-00,5,2,3
2017-10-23-21-00-00,7,5,2
2017-10-23-21-15-00,3,2,1
2017-10-23-21-30-00,4,1,3
2017-10-23-21-45-00,5,1,4
2017-10-23-22-00-00,2,1,1
2017-10-23-22-15-00,1,0,1
2017-10-23-22-30-00,1,0,1
2017-10-23-22-45-00,1,0,1
2017-10-23-23-00-00,0,0,0
2017-10-23-23-15-00,0,0,0
2017-10-23-23-30-00,0,0,0
2017-10-23-23-45-00,2,2,0
2017-10-24-00-00-00,0,0,0
2017-10-24-00-15-00,0,0,0
2017-10-24-00-30-00,0,0,0
2017-10-24-00-45-00,0,0,0
2017-10-24-01-00-00,1,1,0
2017-10-24-01-15-00,0,0,0
2017-10-24-01-30-00,0,0,0
2017-10-24-01-45-00,0,0,0
2017-10-24-02-00-00,0,0,0
2017-10-24-02-15-00,0,0,0
2017-10-24-02-30-00,0,0,0
2017-10-24-02-45-00,1,0,1
2017-10-24-03-00-00,0,0,0
2017-10-24-03-15-00,0,0,0
2017-10-24-03-30-00,0,0,0
2017-10-24-03-45-00,0,0,0
2017-10-24-04-00-00,0,0,0
2017-10-24-04-15-00,0,0,0
2017-10-24-04-30-00,0,0,0
2017-10-24-04-45-00,1,1,0
2017-10-24-05-00-00,0,0,0
2017-10-24-05-15-00,2,0,2
2017-10-24-05-30-00,2,1,1
2017-10-24-05-45-00,4,1,3
2017-10-24-06-00-00,6,4,2
2017-10-24-06-15-00,5,3,2
2017-10-24-06-30-00,4,2,2
2017-10-24-06-45-00,9,3,6
2017-10-24-07-00-00,13,4,9
2017-10-24-07-15-00,12,5,7
2017-10-24-07-30-00,32,9,23
2017-10-24-07-45-00,36,8,28
2017-10-24-08-00-00,33,4,29
2017-10-24-08-15-00,37,3,34
2017-10-24-08-30-00,43,5,38
2017-10-24-08-45-00,41,7,34
2017-10-24-09-00-00,41,4,37
2017-10-24-09-15-00,21,6,15
2017-10-24-09-30-00,11,6,5
2017-10-24-09-45-00,15,5,10
2017-10-24-10-00-00,7,1,6
2017-10-24-10-15-00,10,8,2
2017-10-24-10-30-00,11,4,7
2017-10-24-10-45-00,11,4,7
2017-10-24-11-00-00,17,9,8
2017-10-24-11-15-00,16,6,10
2017-10-24-11-30-00,14,9,5
2017-10-24-11-45-00,15,9,6
2017-10-24-12-00-00,13,4,9
2017-10-24-12-15-00,21,8,13
2017-10-24-12-30-00,17,8,9
2017-10-24-12-45-00,21,12,9
2017-10-24-13-00-00,14,9,5
2017-10-24-13-15-00,26,10,16
2017-10-24-13-30-00,10,8,2
2017-10-24-13-45-00,17,11,6
2017-10-24-14-00-00,16,9,7
2017-10-24-14-15-00,22,12,10
2017-10-24-14-30-00,28,20,8
2017-10-24-14-45-00,24,13,11
2017-10-24-15-00-00,15,9,6
2017-10-24-15-15-00,30,19,11
2017-10-24-15-30-00,16,12,4
2017-10-24-15-45-00,15,10,5
2017-10-24-16-00-00,22,15,7
2017-10-24-16-15-00,26,16,10
2017-10-24-16-30-00,44,28,16
2017-10-24-16-45-00,28,22,6
2017-10-24-17-00-00,49,34,15
2017-10-24-17-15-00,49,35,14
2017-10-24-17-30-00,54,36,18
2017-10-24-17-45-00,54,34,20
2017-10-24-18-00-00,42,32,10
2017-10-24-18-15-00,33,29,4
2017-10-24-18-30-00,27,21,6
2017-10-24-18-45-00,21,17,4
2017-10-24-19-00-00,7,5,2
2017-10-24-19-15-00,10,5,5
2017-10-24-19-30-00,11,9,2
2017-10-24-19-45-00,9,6,3
2017-10-24-20-00-00,5,3,2
2017-10-24-20-15-00,7,5,2
2017-10-24-20-30-00,5,4,1
2017-10-24-20-45-00,3,1,2
2017-10-24-21-00-00,3,1,2
2017-10-24-21-15-00,5,4,1
2017-10-24-21-30-00,4,1,3
2017-10-24-21-45-00,1,0,1
2017-10-24-22-00-00,1,1,0
2017-10-24-22-15-00,1,1,0
2017-10-24-22-30-00,3,2,1
2017-10-24-22-45-00,1,0,1
2017-10-24-23-00-00,0,0,0
2017-10-24-23-15-00,0,0,0
2017-10-24-23-30-00,0,0,0
2017-10-24-23-45-00,0,0,0
2017-10-25-00-00-00,0,0,0
2017-10-25-00-15-00,1,1,0
2017-10-25-00-30-00,0,0,0
2017-10-25-00-45-00,1,1,0
2017-10-25-01-00-00,0,0,0
2017-10-25-01-15-00,0,0,0
2017-10-25-01-30-00,0,0,0
2017-10-25-01-45-00,1,0,1
2017-10-25-02-00-00,1,1,0
2017-10-25-02-15-00,0,0,0
2017-10-25-02-30-00,0,0,0
2017-10-25-02-45-00,0,0,0
2017-10-25-03-00-00,0,0,0
2017-10-25-03-15-00,0,0,0
2017-10-25-03-30-00,0,0,0
2017-10-25-03-45-00,0,0,0
2017-10-25-04-00-00,0,0,0
2017-10-25-04-15-00,0,0,0
2017-10-25-04-30-00,0,0,0
2017-10-25-04-45-00,0,0,0
2017-10-25-05-00-00,0,0,0
2017-10-25-05-15-00,2,1,1
2017-10-25-05-30-00,4,2,2
2017-10-25-05-45-00,8,3,5
2017-10-25-06-00-00,5,3,2
2017-10-25-06-15-00,10,4,6
2017-10-25-06-30-00,5,1,4
2017-10-25-06-45-00,14,5,9
2017-10-25-07-00-00,10,4,6
2017-10-25-07-15-00,16,4,12
2017-10-25-07-30-00,40,10,30
2017-10-25-07-45-00,37,7,30
2017-10-25-08-00-00,32,7,25
2017-10-25-08-15-00,47,11,36
2017-10-25-08-30-00,45,10,35
2017-10-25-08-45-00,42,7,35
2017-10-25-09-00-00,33,6,27
2017-10-25-09-15-00,27,4,23
2017-10-25-09-30-00,29,10,19
2017-10-25-09-45-00,25,6,19
2017-10-25-10-00-00,10,4,6
2017-10-25-10-15-00,23,17,6
2017-10-25-10-30-00,26,13,13
2017-10-25-10-45-00,13,5,8
2017-10-25-11-00-00,28,12,16
2017-10-25-11-15-00,24,16,8
2017-10-25-11-30-00,29,12,17
2017-10-25-11-45-00,30,9,21
2017-10-25-12-00-00,29,14,15
2017-10-25-12-15-00,33,12,21
2017-10-25-12-30-00,28,14,14
2017-10-25-12-45-00,31,13,18
2017-10-25-13-00-00,28,12,16
2017-10-25-13-15-00,43,17,26
2017-10-25-13-30-00,47,24,23
2017-10-25-13-45-00,46,31,15
2017-10-25-14-00-00,42,20,22
2017-10-25-14-15-00,28,12,16
2017-10-25-14-30-00,55,30,25
2017-10-25-14-45-00,36,21,15
2017-10-25-15-00-00,55,32,23
2017-10-25-15-15-00,39,28,11
2017-10-25-15-30-00,48,30,18
2017-10-25-15-45-00,52,37,15
2017-10-25-16-00-00,31,16,15
2017-10-25-16-15-00,61,36,25
2017-10-25-16-30-00,72,54,18
2017-10-25-16-45-00,63,37,26
2017-10-25-17-00-00,60,40,20
2017-10-25-17-15-00,53,39,14
2017-10-25-17-30-00,49,33,16
2017-10-25-17-45-00,39,24,15
2017-10-25-18-00-00,67,44,23
2017-10-25-18-15-00,42,30,12
2017-10-25-18-30-00,33,25,8
2017-10-25-18-45-00,37,26,11
2017-10-25-19-00-00,20,12,8
2017-10-25-19-15-00,18,13,5
2017-10-25-19-30-00,11,8,3
2017-10-25-19-45-00,12,9,3
2017-10-25-20-00-00,11,7,4
2017-10-25-20-15-00,1,1,0
2017-10-25-20-30-00,4,3,1
2017-10-25-20-45-00,10,8,2
2017-10-25-21-00-00,1,1,0
2017-10-25-21-15-00,0,0,0
2017-10-25-21-30-00,0,0,0
2017-10-25-21-45-00,5,0,5
2017-10-25-22-00-00,3,3,0
2017-10-25-22-15-00,5,1,4
2017-10-25-22-30-00,1,0,1
2017-10-25-22-45-00,1,1,0
2017-10-25-23-00-00,2,0,2
2017-10-25-23-15-00,4,0,4
2017-10-25-23-30-00,0,0,0
2017-10-25-23-45-00,0,0,0
2017-10-26-00-00-00,0,0,0
2017-10-26-00-15-00,0,0,0
2017-10-26-00-30-00,1,0,1
2017-10-26-00-45-00,0,0,0
2017-10-26-01-00-00,0,0,0
2017-10-26-01-15-00,1,1,0
2017-10-26-01-30-00,0,0,0
2017-10-26-01-45-00,0,0,0
2017-10-26-02-00-00,0,0,0
2017-10-26-02-15-00,0,0,0
2017-10-26-02-30-00,1,0,1
2017-10-26-02-45-00,0,0,0
2017-10-26-03-00-00,0,0,0
2017-10-26-03-15-00,0,0,0
2017-10-26-03-30-00,0,0,0
2017-10-26-03-45-00,0,0,0
2017-10-26-04-00-00,0,0,0
2017-10-26-04-15-00,0,0,0
2017-10-26-04-30-00,0,0,0
2017-10-26-04-45-00,0,0,0
2017-10-26-05-00-00,0,0,0
2017-10-26-05-15-00,0,0,0
2017-10-26-05-30-00,2,0,2
2017-10-26-05-45-00,5,2,3
2017-10-26-06-00-00,6,3,3
2017-10-26-06-15-00,8,3,5
2017-10-26-06-30-00,9,2,7
2017-10-26-06-45-00,10,3,7
2017-10-26-07-00-00,15,4,11
2017-10-26-07-15-00,17,3,14
2017-10-26-07-30-00,23,7,16
2017-10-26-07-45-00,47,8,39
2017-10-26-08-00-00,49,11,38
2017-10-26-08-15-00,58,9,49
2017-10-26-08-30-00,43,9,34
2017-10-26-08-45-00,49,4,45
2017-10-26-09-00-00,42,10,32
2017-10-26-09-15-00,16,5,11
2017-10-26-09-30-00,13,4,9
2017-10-26-09-45-00,20,12,8
2017-10-26-10-00-00,11,4,7
2017-10-26-10-15-00,13,1,12
2017-10-26-10-30-00,14,9,5
2017-10-26-10-45-00,20,9,11
2017-10-26-11-00-00,6,1,5
2017-10-26-11-15-00,22,10,12
2017-10-26-11-30-00,16,8,8
2017-10-26-11-45-00,23,3,20
2017-10-26-12-00-00,14,4,10
2017-10-26-12-15-00,21,9,12
2017-10-26-12-30-00,21,9,12
2017-10-26-12-45-00,21,10,11
2017-10-26-13-00-00,20,10,10
2017-10-26-13-15-00,29,11,18
2017-10-26-13-30-00,14,6,8
2017-10-26-13-45-00,20,15,5
2017-10-26-14-00-00,17,5,12
2017-10-26-14-15-00,20,10,10
2017-10-26-14-30-00,25,11,14
2017-10-26-14-45-00,26,13,13
2017-10-26-15-00-00,25,17,8
2017-10-26-15-15-00,32,16,16
2017-10-26-15-30-00,33,21,12
2017-10-26-15-45-00,38,27,11
2017-10-26-16-00-00,40,25,15
2017-10-26-16-15-00,39,27,12
2017-10-26-16-30-00,35,18,17
2017-10-26-16-45-00,55,34,21
2017-10-26-17-00-00,57,41,16
2017-10-26-17-15-00,53,37,16
2017-10-26-17-30-00,60,43,17
2017-10-26-17-45-00,38,23,15
2017-10-26-18-00-00,42,27,15
2017-10-26-18-15-00,47,32,15
2017-10-26-18-30-00,36,27,9
2017-10-26-18-45-00,27,19,8
2017-10-26-19-00-00,17,14,3
2017-10-26-19-15-00,12,4,8
2017-10-26-19-30-00,6,4,2
2017-10-26-19-45-00,12,7,5
2017-10-26-20-00-00,10,7,3
2017-10-26-20-15-00,10,7,3
2017-10-26-20-30-00,7,6,1
2017-10-26-20-45-00,5,2,3
2017-10-26-21-00-00,2,0,2
2017-10-26-21-15-00,3,2,1
2017-10-26-21-30-00,4,2,2
2017-10-26-21-45-00,6,2,4
2017-10-26-22-00-00,8,3,5
2017-10-26-22-15-00,2,2,0
2017-10-26-22-30-00,1,0,1
2017-10-26-22-45-00,3,2,1
2017-10-26-23-00-00,1,1,0
2017-10-26-23-15-00,1,1,0
2017-10-26-23-30-00,3,3,0
2017-10-26-23-45-00,1,1,0
2017-10-27-00-00-00,0,0,0
2017-10-27-00-15-00,0,0,0
2017-10-27-00-30-00,0,0,0
2017-10-27-00-45-00,0,0,0
2017-10-27-01-00-00,0,0,0
2017-10-27-01-15-00,0,0,0
2017-10-27-01-30-00,0,0,0
2017-10-27-01-45-00,0,0,0
2017-10-27-02-00-00,0,0,0
2017-10-27-02-15-00,0,0,0
2017-10-27-02-30-00,1,0,1
2017-10-27-02-45-00,0,0,0
2017-10-27-03-00-00,0,0,0
2017-10-27-03-15-00,0,0,0
2017-10-27-03-30-00,0,0,0
2017-10-27-03-45-00,1,1,0
2017-10-27-04-00-00,0,0,0
2017-10-27-04-15-00,1,0,1
2017-10-27-04-30-00,0,0,0
2017-10-27-04-45-00,0,0,0
2017-10-27-05-00-00,0,0,0
2017-10-27-05-15-00,0,0,0
2017-10-27-05-30-00,0,0,0
2017-10-27-05-45-00,1,0,1
2017-10-27-06-00-00,3,1,2
2017-10-27-06-15-00,2,1,1
2017-10-27-06-30-00,5,1,4
2017-10-27-06-45-00,7,4,3
2017-10-27-07-00-00,10,2,8
2017-10-27-07-15-00,8,1,7
2017-10-27-07-30-00,20,6,14
2017-10-27-07-45-00,27,7,20
2017-10-27-08-00-00,22,5,17
2017-10-27-08-15-00,30,5,25
2017-10-27-08-30-00,33,6,27
2017-10-27-08-45-00,27,5,22
2017-10-27-09-00-00,11,4,7
2017-10-27-09-15-00,15,7,8
2017-10-27-09-30-00,10,1,9
2017-10-27-09-45-00,15,4,11
2017-10-27-10-00-00,12,4,8
2017-10-27-10-15-00,10,2,8
2017-10-27-10-30-00,9,3,6
2017-10-27-10-45-00,7,2,5
2017-10-27-11-00-00,12,6,6
2017-10-27-11-15-00,12,4,8
2017-10-27-11-30-00,8,4,4
2017-10-27-11-45-00,6,5,1
2017-10-27-12-00-00,14,7,7
2017-10-27-12-15-00,10,7,3
2017-10-27-12-30-00,20,11,9
2017-10-27-12-45-00,6,6,0
2017-10-27-13-00-00,15,6,9
2017-10-27-13-15-00,21,10,11
2017-10-27-13-30-00,27,17,10
2017-10-27-13-45-00,21,11,10
2017-10-27-14-00-00,13,6,7
2017-10-27-14-15-00,23,13,10
2017-10-27-14-30-00,17,8,9
2017-10-27-14-45-00,34,21,13
2017-10-27-15-00-00,24,9,15
2017-10-27-15-15-00,19,12,7
2017-10-27-15-30-00,31,23,8
2017-10-27-15-45-00,26,18,8
2017-10-27-16-00-00,29,22,7
2017-10-27-16-15-00,21,15,6
2017-10-27-16-30-00,23,16,7
2017-10-27-16-45-00,34,26,8
2017-10-27-17-00-00,24,12,12
2017-10-27-17-15-00,39,23,16
2017-10-27-17-30-00,36,24,12
2017-10-27-17-45-00,22,15,7
2017-10-27-18-00-00,33,22,11
2017-10-27-18-15-00,24,20,4
2017-10-27-18-30-00,12,5,7
2017-10-27-18-45-00,12,7,5
2017-10-27-19-00-00,8,8,0
2017-10-27-19-15-00,4,3,1
2017-10-27-19-30-00,8,8,0
2017-10-27-19-45-00,3,3,0
2017-10-27-20-00-00,6,2,4
2017-10-27-20-15-00,4,1,3
2017-10-27-20-30-00,6,3,3
2017-10-27-20-45-00,2,0,2
2017-10-27-21-00-00,0,0,0
2017-10-27-21-15-00,0,0,0
2017-10-27-21-30-00,0,0,0
2017-10-27-21-45-00,4,3,1
2017-10-27-22-00-00,2,0,2
2017-10-27-22-15-00,0,0,0
2017-10-27-22-30-00,2,1,1
2017-10-27-22-45-00,0,0,0
2017-10-27-23-00-00,2,1,1
2017-10-27-23-15-00,2,2,0
2017-10-27-23-30-00,0,0,0
2017-10-27-23-45-00,0,0,0
2017-10-28-00-00-00,1,1,0
2017-10-28-00-15-00,0,0,0
2017-10-28-00-30-00,0,0,0
2017-10-28-00-45-00,0,0,0
2017-10-28-01-00-00,1,1,0
2017-10-28-01-15-00,0,0,0
2017-10-28-01-30-00,0,0,0
2017-10-28-01-45-00,0,0,0
2017-10-28-02-00-00,0,0,0
2017-10-28-02-15-00,0,0,0
2017-10-28-02-30-00,0,0,0
2017-10-28-02-45-00,0,0,0
2017-10-28-03-00-00,1,0,1
2017-10-28-03-15-00,0,0,0
2017-10-28-03-30-00,0,0,0
2017-10-28-03-45-00,0,0,0
2017-10-28-04-00-00,0,0,0
2017-10-28-04-15-00,0,0,0
2017-10-28-04-30-00,0,0,0
2017-10-28-04-45-00,0,0,0
2017-10-28-05-00-00,0,0,0
2017-10-28-05-15-00,1,0,1
2017-10-28-05-30-00,0,0,0
2017-10-28-05-45-00,1,0,1
2017-10-28-06-00-00,1,0,1
2017-10-28-06-15-00,1,0,1
2017-10-28-06-30-00,1,1,0
2017-10-28-06-45-00,0,0,0
2017-10-28-07-00-00,1,0,1
2017-10-28-07-15-00,5,3,2
2017-10-28-07-30-00,3,2,1
2017-10-28-07-45-00,2,2,0
2017-10-28-08-00-00,1,1,0
2017-10-28-08-15-00,4,2,2
2017-10-28-08-30-00,6,3,3
2017-10-28-08-45-00,8,3,5
2017-10-28-09-00-00,5,3,2
2017-10-28-09-15-00,9,5,4
2017-10-28-09-30-00,9,6,3
2017-10-28-09-45-00,13,6,7
2017-10-28-10-00-00,10,6,4
2017-10-28-10-15-00,10,6,4
2017-10-28-10-30-00,15,4,11
2017-10-28-10-45-00,8,6,2
2017-10-28-11-00-00,16,4,12
2017-10-28-11-15-00,14,8,6
2017-10-28-11-30-00,14,10,4
2017-10-28-11-45-00,18,6,12
2017-10-28-12-00-00,10,5,5
2017-10-28-12-15-00,20,10,10
2017-10-28-12-30-00,16,8,8
2017-10-28-12-45-00,14,3,11
2017-10-28-13-00-00,13,9,4
2017-10-28-13-15-00,21,16,5
2017-10-28-13-30-00,9,2,7
2017-10-28-13-45-00,21,8,13
2017-10-28-14-00-00,11,3,8
2017-10-28-14-15-00,14,7,7
2017-10-28-14-30-00,24,10,14
2017-10-28-14-45-00,19,7,12
2017-10-28-15-00-00,15,10,5
2017-10-28-15-15-00,12,4,8
2017-10-28-15-30-00,18,9,9
2017-10-28-15-45-00,17,4,13
2017-10-28-16-00-00,24,8,16
2017-10-28-16-15-00,34,15,19
2017-10-28-16-30-00,18,8,10
2017-10-28-16-45-00,25,14,11
2017-10-28-17-00-00,20,8,12
2017-10-28-17-15-00,10,6,4
2017-10-28-17-30-00,15,11,4
2017-10-28-17-45-00,21,17,4
2017-10-28-18-00-00,14,6,8
2017-10-28-18-15-00,5,3,2
2017-10-28-18-30-00,6,3,3
2017-10-28-18-45-00,7,4,3
2017-10-28-19-00-00,6,6,0
2017-10-28-19-15-00,4,2,2
2017-10-28-19-30-00,6,1,5
2017-10-28-19-45-00,3,1,2
2017-10-28-20-00-00,1,1,0
2017-10-28-20-15-00,1,0,1
2017-10-28-20-30-00,3,1,2
2017-10-28-20-45-00,6,4,2
2017-10-28-21-00-00,2,2,0
2017-10-28-21-15-00,1,1,0
2017-10-28-21-30-00,1,1,0
2017-10-28-21-45-00,5,1,4
2017-10-28-22-00-00,1,0,1
2017-10-28-22-15-00,0,0,0
2017-10-28-22-30-00,0,0,0
2017-10-28-22-45-00,2,2,0
2017-10-28-23-00-00,0,0,0
2017-10-28-23-15-00,0,0,0
2017-10-28-23-30-00,0,0,0
2017-10-28-23-45-00,0,0,0
2017-10-29-00-00-00,1,1,0
2017-10-29-00-15-00,2,2,0
2017-10-29-00-30-00,0,0,0
2017-10-29-00-45-00,0,0,0
2017-10-29-01-00-00,1,1,0
2017-10-29-01-15-00,0,0,0
2017-10-29-01-30-00,0,0,0
2017-10-29-01-45-00,2,1,1
2017-10-29-02-00-00,0,0,0
2017-10-29-02-15-00,0,0,0
2017-10-29-02-30-00,0,0,0
2017-10-29-02-45-00,0,0,0
2017-10-29-03-00-00,1,1,0
2017-10-29-03-15-00,0,0,0
2017-10-29-03-30-00,0,0,0
2017-10-29-03-45-00,0,0,0
2017-10-29-04-00-00,0,0,0
2017-10-29-04-15-00,0,0,0
2017-10-29-04-30-00,0,0,0
2017-10-29-04-45-00,0,0,0
2017-10-29-05-00-00,0,0,0
2017-10-29-05-15-00,0,0,0
2017-10-29-05-30-00,0,0,0
2017-10-29-05-45-00,0,0,0
2017-10-29-06-00-00,0,0,0
2017-10-29-06-15-00,0,0,0
2017-10-29-06-30-00,0,0,0
2017-10-29-06-45-00,0,0,0
2017-10-29-07-00-00,2,2,0
2017-10-29-07-15-00,0,0,0
2017-10-29-07-30-00,1,1,0
2017-10-29-07-45-00,0,0,0
2017-10-29-08-00-00,2,1,1
2017-10-29-08-15-00,2,1,1
2017-10-29-08-30-00,2,1,1
2017-10-29-08-45-00,0,0,0
2017-10-29-09-00-00,2,0,2
2017-10-29-09-15-00,5,3,2
2017-10-29-09-30-00,4,2,2
2017-10-29-09-45-00,19,3,16
2017-10-29-10-00-00,9,7,2
2017-10-29-10-15-00,11,6,5
2017-10-29-10-30-00,8,2,6
2017-10-29-10-45-00,14,7,7
2017-10-29-11-00-00,12,6,6
2017-10-29-11-15-00,16,7,9
2017-10-29-11-30-00,20,12,8
2017-10-29-11-45-00,31,15,16
2017-10-29-12-00-00,13,4,9
2017-10-29-12-15-00,25,10,15
2017-10-29-12-30-00,14,9,5
2017-10-29-12-45-00,9,5,4
2017-10-29-13-00-00,19,13,6
2017-10-29-13-15-00,14,7,7
2017-10-29-13-30-00,10,5,5
2017-10-29-13-45-00,15,8,7
2017-10-29-14-00-00,15,7,8
2017-10-29-14-15-00,13,7,6
2017-10-29-14-30-00,17,10,7
2017-10-29-14-45-00,15,8,7
2017-10-29-15-00-00,14,8,6
2017-10-29-15-15-00,25,5,20
2017-10-29-15-30-00,17,12,5
2017-10-29-15-45-00,25,13,12
2017-10-29-16-00-00,26,15,11
2017-10-29-16-15-00,21,14,7
2017-10-29-16-30-00,19,8,11
2017-10-29-16-45-00,29,16,13
2017-10-29-17-00-00,26,8,18
2017-10-29-17-15-00,22,15,7
2017-10-29-17-30-00,18,13,5
2017-10-29-17-45-00,18,12,6
2017-10-29-18-00-00,10,6,4
2017-10-29-18-15-00,3,2,1
2017-10-29-18-30-00,6,4,2
2017-10-29-18-45-00,4,3,1
2017-10-29-19-00-00,2,1,1
2017-10-29-19-15-00,3,2,1
2017-10-29-19-30-00,2,0,2
2017-10-29-19-45-00,0,0,0
2017-10-29-20-00-00,4,3,1
2017-10-29-20-15-00,3,1,2
2017-10-29-20-30-00,0,0,0
2017-10-29-20-45-00,2,0,2
2017-10-29-21-00-00,1,0,1
2017-10-29-21-15-00,2,2,0
2017-10-29-21-30-00,0,0,0
2017-10-29-21-45-00,0,0,0
2017-10-29-22-00-00,3,0,3
2017-10-29-22-15-00,0,0,0
2017-10-29-22-30-00,3,2,1
2017-10-29-22-45-00,1,1,0
2017-10-29-23-00-00,2,2,0
2017-10-29-23-15-00,2,1,1
2017-10-29-23-30-00,0,0,0
2017-10-29-23-45-00,0,0,0
2017-10-30-00-00-00,1,0,1
2017-10-30-00-15-00,0,0,0
2017-10-30-00-30-00,0,0,0
2017-10-30-00-45-00,0,0,0
2017-10-30-01-00-00,0,0,0
2017-10-30-01-15-00,0,0,0
2017-10-30-01-30-00,0,0,0
2017-10-30-01-45-00,0,0,0
2017-10-30-02-00-00,0,0,0
2017-10-30-02-15-00,0,0,0
2017-10-30-02-30-00,0,0,0
2017-10-30-02-45-00,0,0,0
2017-10-30-03-00-00,0,0,0
2017-10-30-03-15-00,1,0,1
2017-10-30-03-30-00,0,0,0
2017-10-30-03-45-00,0,0,0
2017-10-30-04-00-00,0,0,0
2017-10-30-04-15-00,0,0,0
2017-10-30-04-30-00,0,0,0
2017-10-30-04-45-00,0,0,0
2017-10-30-05-00-00,0,0,0
2017-10-30-05-15-00,0,0,0
2017-10-30-05-30-00,0,0,0
2017-10-30-05-45-00,3,1,2
2017-10-30-06-00-00,1,1,0
2017-10-30-06-15-00,4,2,2
2017-10-30-06-30-00,2,1,1
2017-10-30-06-45-00,7,3,4
2017-10-30-07-00-00,8,5,3
2017-10-30-07-15-00,13,5,8
2017-10-30-07-30-00,14,4,10
2017-10-30-07-45-00,15,7,8
2017-10-30-08-00-00,20,5,15
2017-10-30-08-15-00,16,6,10
2017-10-30-08-30-00,22,5,17
2017-10-30-08-45-00,21,5,16
2017-10-30-09-00-00,12,2,10
2017-10-30-09-15-00,12,5,7
2017-10-30-09-30-00,14,6,8
2017-10-30-09-45-00,17,11,6
2017-10-30-10-00-00,9,4,5
2017-10-30-10-15-00,18,11,7
2017-10-30-10-30-00,12,5,7
2017-10-30-10-45-00,15,3,12
2017-10-30-11-00-00,29,18,11
2017-10-30-11-15-00,13,10,3
2017-10-30-11-30-00,25,16,9
2017-10-30-11-45-00,11,4,7
2017-10-30-12-00-00,15,9,6
2017-10-30-12-15-00,26,10,16
2017-10-30-12-30-00,22,13,9
2017-10-30-12-45-00,26,17,9
2017-10-30-13-00-00,13,8,5
2017-10-30-13-15-00,21,7,14
2017-10-30-13-30-00,30,18,12
2017-10-30-13-45-00,19,9,10
2017-10-30-14-00-00,19,14,5
2017-10-30-14-15-00,10,7,3
2017-10-30-14-30-00,26,13,13
2017-10-30-14-45-00,29,16,13
2017-10-30-15-00-00,27,15,12
2017-10-30-15-15-00,35,19,16
2017-10-30-15-30-00,28,15,13
2017-10-30-15-45-00,36,19,17
2017-10-30-16-00-00,36,28,8
2017-10-30-16-15-00,34,19,15
2017-10-30-16-30-00,25,16,9
2017-10-30-16-45-00,33,24,9
2017-10-30-17-00-00,28,15,13
2017-10-30-17-15-00,24,13,11
2017-10-30-17-30-00,25,15,10
2017-10-30-17-45-00,23,12,11
2017-10-30-18-00-00,10,9,1
2017-10-30-18-15-00,9,2,7
2017-10-30-18-30-00,11,8,3
2017-10-30-18-45-00,6,4,2
2017-10-30-19-00-00,7,2,5
2017-10-30-19-15-00,7,5,2
2017-10-30-19-30-00,7,3,4
2017-10-30-19-45-00,2,2,0
2017-10-30-20-00-00,4,0,4
2017-10-30-20-15-00,1,1,0
2017-10-30-20-30-00,1,0,1
2017-10-30-20-45-00,0,0,0
2017-10-30-21-00-00,4,4,0
2017-10-30-21-15-00,2,1,1
2017-10-30-21-30-00,0,0,0
2017-10-30-21-45-00,1,0,1
2017-10-30-22-00-00,1,0,1
2017-10-30-22-15-00,1,0,1
2017-10-30-22-30-00,1,1,0
2017-10-30-22-45-00,0,0,0
2017-10-30-23-00-00,0,0,0
2017-10-30-23-15-00,0,0,0
2017-10-30-23-30-00,1,0,1
2017-10-30-23-45-00,1,1,0
2017-10-31-00-00-00,0,0,0
2017-10-31-00-15-00,2,2,0
2017-10-31-00-30-00,0,0,0
2017-10-31-00-45-00,0,0,0
2017-10-31-01-00-00,0,0,0
2017-10-31-01-15-00,0,0,0
2017-10-31-01-30-00,0,0,0
2017-10-31-01-45-00,2,1,1
2017-10-31-02-00-00,0,0,0
2017-10-31-02-15-00,0,0,0
2017-10-31-02-30-00,0,0,0
2017-10-31-02-45-00,0,0,0
2017-10-31-03-00-00,0,0,0
2017-10-31-03-15-00,0,0,0
2017-10-31-03-30-00,0,0,0
2017-10-31-03-45-00,0,0,0
2017-10-31-04-00-00,0,0,0
2017-10-31-04-15-00,0,0,0
2017-10-31-04-30-00,0,0,0
2017-10-31-04-45-00,0,0,0
2017-10-31-05-00-00,0,0,0
2017-10-31-05-15-00,1,0,1
2017-10-31-05-30-00,0,0,0
2017-10-31-05-45-00,0,0,0
2017-10-31-06-00-00,2,0,2
2017-10-31-06-15-00,3,1,2
2017-10-31-06-30-00,0,0,0
2017-10-31-06-45-00,2,1,1
2017-10-31-07-00-00,1,1,0
2017-10-31-07-15-00,0,0,0
2017-10-31-07-30-00,4,2,2
2017-10-31-07-45-00,3,1,2
2017-10-31-08-00-00,3,2,1
2017-10-31-08-15-00,2,1,1
2017-10-31-08-30-00,5,3,2
2017-10-31-08-45-00,8,0,8
2017-10-31-09-00-00,13,10,3
2017-10-31-09-15-00,12,2,10
2017-10-31-09-30-00,10,7,3
2017-10-31-09-45-00,9,4,5
2017-10-31-10-00-00,23,8,15
2017-10-31-10-15-00,22,9,13
2017-10-31-10-30-00,13,7,6
2017-10-31-10-45-00,29,20,9
2017-10-31-11-00-00,16,6,10
2017-10-31-11-15-00,26,11,15
2017-10-31-11-30-00,26,14,12
2017-10-31-11-45-00,27,10,17
2017-10-31-12-00-00,25,14,11
2017-10-31-12-15-00,23,11,12
2017-10-31-12-30-00,33,14,19
2017-10-31-12-45-00,26,11,15
2017-10-31-13-00-00,29,12,17
2017-10-31-13-15-00,32,10,22
2017-10-31-13-30-00,26,13,13
2017-10-31-13-45-00,36,12,24
2017-10-31-14-00-00,48,26,22
2017-10-31-14-15-00,32,8,24
2017-10-31-14-30-00,29,8,21
2017-10-31-14-45-00,26,14,12
2017-10-31-15-00-00,32,18,14
2017-10-31-15-15-00,41,25,16
2017-10-31-15-30-00,29,16,13
2017-10-31-15-45-00,44,29,15
2017-10-31-16-00-00,29,9,20
2017-10-31-16-15-00,23,13,10
2017-10-31-16-30-00,30,23,7
2017-10-31-16-45-00,28,20,8
2017-10-31-17-00-00,36,27,9
2017-10-31-17-15-00,21,14,7
2017-10-31-17-30-00,19,15,4
2017-10-31-17-45-00,7,3,4
2017-10-31-18-00-00,7,7,0
2017-10-31-18-15-00,3,3,0
2017-10-31-18-30-00,7,5,2
2017-10-31-18-45-00,2,2,0
2017-10-31-19-00-00,2,2,0
2017-10-31-19-15-00,5,5,0
2017-10-31-19-30-00,3,0,3
2017-10-31-19-45-00,0,0,0
2017-10-31-20-00-00,2,1,1
2017-10-31-20-15-00,1,0,1
2017-10-31-20-30-00,5,5,0
2017-10-31-20-45-00,0,0,0
2017-10-31-21-00-00,3,0,3
2017-10-31-21-15-00,2,1,1
2017-10-31-21-30-00,0,0,0
2017-10-31-21-45-00,2,0,2
2017-10-31-22-00-00,3,0,3
2017-10-31-22-15-00,0,0,0
2017-10-31-22-30-00,4,0,4
2017-10-31-22-45-00,1,0,1
2017-10-31-23-00-00,0,0,0
2017-10-31-23-15-00,0,0,0
2017-10-31-23-30-00,0,0,0
2017-10-31-23-45-00,0,0,0
2017-11-01-00-00-00,2,1,1
2017-11-01-00-15-00,2,2,0
2017-11-01-00-30-00,0,0,0
2017-11-01-00-45-00,3,0,3
2017-11-01-01-00-00,0,0,0
2017-11-01-01-15-00,0,0,0
2017-11-01-01-30-00,0,0,0
2017-11-01-01-45-00,2,1,1
2017-11-01-02-00-00,3,3,0
2017-11-01-02-15-00,0,0,0
2017-11-01-02-30-00,0,0,0
2017-11-01-02-45-00,0,0,0
2017-11-01-03-00-00,2,0,2
2017-11-01-03-15-00,0,0,0
2017-11-01-03-30-00,3,0,3
2017-11-01-03-45-00,0,0,0
2017-11-01-04-00-00,0,0,0
2017-11-01-04-15-00,0,0,0
2017-11-01-04-30-00,0,0,0
2017-11-01-04-45-00,0,0,0
2017-11-01-05-00-00,0,0,0
2017-11-01-05-15-00,0,0,0
2017-11-01-05-30-00,0,0,0
2017-11-01-05-45-00,1,1,0
2017-11-01-06-00-00,0,0,0
2017-11-01-06-15-00,0,0,0
2017-11-01-06-30-00,1,1,0
2017-11-01-06-45-00,0,0,0
2017-11-01-07-00-00,2,2,0
2017-11-01-07-15-00,0,0,0
2017-11-01-07-30-00,5,4,1
2017-11-01-07-45-00,3,1,2
2017-11-01-08-00-00,2,1,1
2017-11-01-08-15-00,5,3,2
2017-11-01-08-30-00,5,2,3
2017-11-01-08-45-00,8,2,6
2017-11-01-09-00-00,7,7,0
2017-11-01-09-15-00,7,5,2
2017-11-01-09-30-00,14,7,7
2017-11-01-09-45-00,17,8,9
2017-11-01-10-00-00,18,8,10
2017-11-01-10-15-00,25,10,15
2017-11-01-10-30-00,40,12,28
2017-11-01-10-45-00,27,9,18
2017-11-01-11-00-00,43,19,24
2017-11-01-11-15-00,69,34,35
2017-11-01-11-30-00,69,29,40
2017-11-01-11-45-00,74,36,38
2017-11-01-12-00-00,60,33,27
2017-11-01-12-15-00,63,17,46
2017-11-01-12-30-00,91,31,60
2017-11-01-12-45-00,76,26,50
2017-11-01-13-00-00,103,42,61
2017-11-01-13-15-00,104,41,63
2017-11-01-13-30-00,103,39,64
2017-11-01-13-45-00,114,63,51
2017-11-01-14-00-00,87,37,50
2017-11-01-14-15-00,99,54,45
2017-11-01-14-30-00,110,50,60
2017-11-01-14-45-00,118,55,63
2017-11-01-15-00-00,97,53,44
2017-11-01-15-15-00,131,78,53
2017-11-01-15-30-00,125,79,46
2017-11-01-15-45-00,111,53,58
2017-11-01-16-00-00,88,55,33
2017-11-01-16-15-00,85,51,34
2017-11-01-16-30-00,66,37,29
2017-11-01-16-45-00,54,45,9
2017-11-01-17-00-00,47,29,18
2017-11-01-17-15-00,29,20,9
2017-11-01-17-30-00,36,25,11
2017-11-01-17-45-00,6,4,2
2017-11-01-18-00-00,7,4,3
2017-11-01-18-15-00,8,7,1
2017-11-01-18-30-00,6,3,3
2017-11-01-18-45-00,8,3,5
2017-11-01-19-00-00,4,2,2
2017-11-01-19-15-00,5,2,3
2017-11-01-19-30-00,0,0,0
2017-11-01-19-45-00,1,0,1
2017-11-01-20-00-00,2,1,1
2017-11-01-20-15-00,1,0,1
2017-11-01-20-30-00,0,0,0
2017-11-01-20-45-00,1,1,0
2017-11-01-21-00-00,1,1,0
2017-11-01-21-15-00,1,1,0
2017-11-01-21-30-00,0,0,0
2017-11-01-21-45-00,3,1,2
2017-11-01-22-00-00,4,0,4
2017-11-01-22-15-00,4,2,2
2017-11-01-22-30-00,1,0,1
2017-11-01-22-45-00,2,0,2
2017-11-01-23-00-00,0,0,0
2017-11-01-23-15-00,0,0,0
2017-11-01-23-30-00,1,0,1
2017-11-01-23-45-00,0,0,0
2017-11-02-00-00-00,0,0,0
2017-11-02-00-15-00,0,0,0
2017-11-02-00-30-00,0,0,0
2017-11-02-00-45-00,3,2,1
2017-11-02-01-00-00,0,0,0
2017-11-02-01-15-00,0,0,0
2017-11-02-01-30-00,0,0,0
2017-11-02-01-45-00,0,0,0
2017-11-02-02-00-00,0,0,0
2017-11-02-02-15-00,0,0,0
2017-11-02-02-30-00,0,0,0
2017-11-02-02-45-00,1,1,0
2017-11-02-03-00-00,0,0,0
2017-11-02-03-15-00,0,0,0
2017-11-02-03-30-00,0,0,0
2017-11-02-03-45-00,0,0,0
2017-11-02-04-00-00,0,0,0
2017-11-02-04-15-00,0,0,0
2017-11-02-04-30-00,0,0,0
2017-11-02-04-45-00,0,0,0
2017-11-02-05-00-00,1,0,1
2017-11-02-05-15-00,0,0,0
2017-11-02-05-30-00,3,1,2
2017-11-02-05-45-00,3,2,1
2017-11-02-06-00-00,7,3,4
2017-11-02-06-15-00,6,4,2
2017-11-02-06-30-00,6,2,4
2017-11-02-06-45-00,10,4,6
2017-11-02-07-00-00,13,6,7
2017-11-02-07-15-00,16,5,11
2017-11-02-07-30-00,31,9,22
2017-11-02-07-45-00,40,12,28
2017-11-02-08-00-00,36,9,27
2017-11-02-08-15-00,45,10,35
2017-11-02-08-30-00,43,9,34
2017-11-02-08-45-00,30,8,22
2017-11-02-09-00-00,24,7,17
2017-11-02-09-15-00,19,4,15
2017-11-02-09-30-00,19,6,13
2017-11-02-09-45-00,16,8,8
2017-11-02-10-00-00,13,5,8
2017-11-02-10-15-00,19,11,8
2017-11-02-10-30-00,14,5,9
2017-11-02-10-45-00,20,11,9
2017-11-02-11-00-00,22,8,14
2017-11-02-11-15-00,20,13,7
2017-11-02-11-30-00,13,8,5
2017-11-02-11-45-00,18,8,10
2017-11-02-12-00-00,18,13,5
2017-11-02-12-15-00,31,10,21
2017-11-02-12-30-00,35,17,18
2017-11-02-12-45-00,23,6,17
2017-11-02-13-00-00,25,11,14
2017-11-02-13-15-00,30,13,17
2017-11-02-13-30-00,22,13,9
2017-11-02-13-45-00,28,12,16
2017-11-02-14-00-00,24,15,9
2017-11-02-14-15-00,25,19,6
2017-11-02-14-30-00,33,14,19
2017-11-02-14-45-00,34,20,14
2017-11-02-15-00-00,26,15,11
2017-11-02-15-15-00,26,16,10
2017-11-02-15-30-00,29,16,13
2017-11-02-15-45-00,26,16,10
2017-11-02-16-00-00,47,21,26
2017-11-02-16-15-00,50,33,17
2017-11-02-16-30-00,47,32,15
2017-11-02-16-45-00,44,31,13
2017-11-02-17-00-00,48,35,13
2017-11-02-17-15-00,44,33,11
2017-11-02-17-30-00,33,22,11
2017-11-02-17-45-00,37,29,8
2017-11-02-18-00-00,20,10,10
2017-11-02-18-15-00,23,17,6
2017-11-02-18-30-00,14,10,4
2017-11-02-18-45-00,20,12,8
2017-11-02-19-00-00,12,9,3
2017-11-02-19-15-00,8,7,1
2017-11-02-19-30-00,5,3,2
2017-11-02-19-45-00,3,2,1
2017-11-02-20-00-00,11,8,3
2017-11-02-20-15-00,3,2,1
2017-11-02-20-30-00,2,0,2
2017-11-02-20-45-00,4,1,3
2017-11-02-21-00-00,5,3,2
2017-11-02-21-15-00,2,2,0
2017-11-02-21-30-00,3,2,1
2017-11-02-21-45-00,3,1,2
2017-11-02-22-00-00,3,2,1
2017-11-02-22-15-00,2,0,2
2017-11-02-22-30-00,0,0,0
2017-11-02-22-45-00,4,1,3
2017-11-02-23-00-00,1,0,1
2017-11-02-23-15-00,1,1,0
2017-11-02-23-30-00,0,0,0
2017-11-02-23-45-00,0,0,0
2017-11-03-00-00-00,1,0,1
2017-11-03-00-15-00,0,0,0
2017-11-03-00-30-00,0,0,0
2017-11-03-00-45-00,1,0,1
2017-11-03-01-00-00,0,0,0
2017-11-03-01-15-00,1,0,1
2017-11-03-01-30-00,0,0,0
2017-11-03-01-45-00,0,0,0
2017-11-03-02-00-00,0,0,0
2017-11-03-02-15-00,0,0,0
2017-11-03-02-30-00,0,0,0
2017-11-03-02-45-00,0,0,0
2017-11-03-03-00-00,0,0,0
2017-11-03-03-15-00,0,0,0
2017-11-03-03-30-00,0,0,0
2017-11-03-03-45-00,0,0,0
2017-11-03-04-00-00,0,0,0
2017-11-03-04-15-00,0,0,0
2017-11-03-04-30-00,0,0,0
2017-11-03-04-45-00,1,0,1
2017-11-03-05-00-00,3,1,2
2017-11-03-05-15-00,2,2,0
2017-11-03-05-30-00,3,1,2
2017-11-03-05-45-00,2,0,2
2017-11-03-06-00-00,10,4,6
2017-11-03-06-15-00,5,3,2
2017-11-03-06-30-00,5,3,2
2017-11-03-06-45-00,12,5,7
2017-11-03-07-00-00,15,3,12
2017-11-03-07-15-00,16,7,9
2017-11-03-07-30-00,24,4,20
2017-11-03-07-45-00,33,10,23
2017-11-03-08-00-00,26,6,20
2017-11-03-08-15-00,36,9,27
2017-11-03-08-30-00,28,4,24
2017-11-03-08-45-00,37,6,31
2017-11-03-09-00-00,16,1,15
2017-11-03-09-15-00,15,5,10
2017-11-03-09-30-00,15,4,11
2017-11-03-09-45-00,21,15,6
2017-11-03-10-00-00,12,2,10
2017-11-03-10-15-00,14,8,6
2017-11-03-10-30-00,17,11,6
2017-11-03-10-45-00,16,7,9
2017-11-03-11-00-00,17,10,7
2017-11-03-11-15-00,21,10,11
2017-11-03-11-30-00,25,12,13
2017-11-03-11-45-00,21,7,14
2017-11-03-12-00-00,21,12,9
2017-11-03-12-15-00,33,13,20
2017-11-03-12-30-00,17,10,7
2017-11-03-12-45-00,26,15,11
2017-11-03-13-00-00,34,17,17
2017-11-03-13-15-00,39,22,17
2017-11-03-13-30-00,34,10,24
2017-11-03-13-45-00,44,25,19
2017-11-03-14-00-00,49,32,17
2017-11-03-14-15-00,46,28,18
2017-11-03-14-30-00,45,24,21
2017-11-03-14-45-00,37,15,22
2017-11-03-15-00-00,48,29,19
2017-11-03-15-15-00,41,22,19
2017-11-03-15-30-00,49,27,22
2017-11-03-15-45-00,32,22,10
2017-11-03-16-00-00,43,30,13
2017-11-03-16-15-00,49,25,24
2017-11-03-16-30-00,41,29,12
2017-11-03-16-45-00,42,29,13
2017-11-03-17-00-00,41,26,15
2017-11-03-17-15-00,37,24,13
2017-11-03-17-30-00,25,14,11
2017-11-03-17-45-00,19,11,8
2017-11-03-18-00-00,5,4,1
2017-11-03-18-15-00,13,10,3
2017-11-03-18-30-00,13,10,3
2017-11-03-18-45-00,24,8,16
2017-11-03-19-00-00,9,4,5
2017-11-03-19-15-00,3,2,1
2017-11-03-19-30-00,10,6,4
2017-11-03-19-45-00,4,2,2
2017-11-03-20-00-00,4,4,0
2017-11-03-20-15-00,2,0,2
2017-11-03-20-30-00,0,0,0
2017-11-03-20-45-00,3,0,3
2017-11-03-21-00-00,1,0,1
2017-11-03-21-15-00,2,2,0
2017-11-03-21-30-00,0,0,0
2017-11-03-21-45-00,1,0,1
2017-11-03-22-00-00,1,1,0
2017-11-03-22-15-00,0,0,0
2017-11-03-22-30-00,1,1,0
2017-11-03-22-45-00,1,1,0
2017-11-03-23-00-00,0,0,0
2017-11-03-23-15-00,1,0,1
2017-11-03-23-30-00,4,2,2
2017-11-03-23-45-00,2,0,2
2017-11-04-00-00-00,1,0,1
2017-11-04-00-15-00,0,0,0
2017-11-04-00-30-00,1,0,1
2017-11-04-00-45-00,0,0,0
2017-11-04-01-00-00,0,0,0
2017-11-04-01-15-00,3,0,3
2017-11-04-01-30-00,1,0,1
2017-11-04-01-45-00,0,0,0
2017-11-04-02-00-00,0,0,0
2017-11-04-02-15-00,0,0,0
2017-11-04-02-30-00,0,0,0
2017-11-04-02-45-00,0,0,0
2017-11-04-03-00-00,1,0,1
2017-11-04-03-15-00,1,0,1
2017-11-04-03-30-00,0,0,0
2017-11-04-03-45-00,0,0,0
2017-11-04-04-00-00,1,1,0
2017-11-04-04-15-00,0,0,0
2017-11-04-04-30-00,1,0,1
2017-11-04-04-45-00,0,0,0
2017-11-04-05-00-00,0,0,0
2017-11-04-05-15-00,0,0,0
2017-11-04-05-30-00,1,0,1
2017-11-04-05-45-00,1,1,0
2017-11-04-06-00-00,2,1,1
2017-11-04-06-15-00,0,0,0
2017-11-04-06-30-00,1,0,1
2017-11-04-06-45-00,1,0,1
2017-11-04-07-00-00,0,0,0
2017-11-04-07-15-00,1,0,1
2017-11-04-07-30-00,2,2,0
2017-11-04-07-45-00,4,3,1
2017-11-04-08-00-00,1,1,0
2017-11-04-08-15-00,6,1,5
2017-11-04-08-30-00,11,9,2
2017-11-04-08-45-00,3,0,3
2017-11-04-09-00-00,8,5,3
2017-11-04-09-15-00,19,8,11
2017-11-04-09-30-00,16,7,9
2017-11-04-09-45-00,20,10,10
2017-11-04-10-00-00,14,8,6
2017-11-04-10-15-00,15,6,9
2017-11-04-10-30-00,17,11,6
2017-11-04-10-45-00,29,17,12
2017-11-04-11-00-00,23,7,16
2017-11-04-11-15-00,31,17,14
2017-11-04-11-30-00,45,29,16
2017-11-04-11-45-00,42,17,25
2017-11-04-12-00-00,26,12,14
2017-11-04-12-15-00,28,17,11
2017-11-04-12-30-00,38,14,24
2017-11-04-12-45-00,32,15,17
2017-11-04-13-00-00,28,11,17
2017-11-04-13-15-00,39,31,8
2017-11-04-13-30-00,41,24,17
2017-11-04-13-45-00,45,15,30
2017-11-04-14-00-00,42,17,25
2017-11-04-14-15-00,53,32,21
2017-11-04-14-30-00,54,35,19
2017-11-04-14-45-00,56,32,24
2017-11-04-15-00-00,62,38,24
2017-11-04-15-15-00,89,42,47
2017-11-04-15-30-00,82,44,38
2017-11-04-15-45-00,80,51,29
2017-11-04-16-00-00,107,61,46
2017-11-04-16-15-00,55,35,20
2017-11-04-16-30-00,68,44,24
2017-11-04-16-45-00,51,35,16
2017-11-04-17-00-00,25,16,9
2017-11-04-17-15-00,32,16,16
2017-11-04-17-30-00,32,21,11
2017-11-04-17-45-00,15,8,7
2017-11-04-18-00-00,7,6,1
2017-11-04-18-15-00,10,6,4
2017-11-04-18-30-00,10,6,4
2017-11-04-18-45-00,15,10,5
2017-11-04-19-00-00,2,2,0
2017-11-04-19-15-00,9,3,6
2017-11-04-19-30-00,1,0,1
2017-11-04-19-45-00,1,1,0
2017-11-04-20-00-00,6,5,1
2017-11-04-20-15-00,3,0,3
2017-11-04-20-30-00,2,2,0
2017-11-04-20-45-00,6,0,6
2017-11-04-21-00-00,0,0,0
2017-11-04-21-15-00,2,0,2
2017-11-04-21-30-00,2,0,2
2017-11-04-21-45-00,0,0,0
2017-11-04-22-00-00,1,1,0
2017-11-04-22-15-00,1,1,0
2017-11-04-22-30-00,2,0,2
2017-11-04-22-45-00,1,0,1
2017-11-04-23-00-00,2,0,2
2017-11-04-23-15-00,3,0,3
2017-11-04-23-30-00,3,0,3
2017-11-04-23-45-00,0,0,0
2017-11-05-00-00-00,1,1,0
2017-11-05-00-15-00,1,0,1
2017-11-05-00-30-00,0,0,0
2017-11-05-00-45-00,0,0,0
2017-11-05-01-00-00,0,0,0
2017-11-05-01-15-00,0,0,0
2017-11-05-01-30-00,0,0,0
2017-11-05-01-45-00,0,0,0
2017-11-05-02-00-00,0,0,0
2017-11-05-02-15-00,0,0,0
2017-11-05-02-30-00,0,0,0
2017-11-05-02-45-00,1,0,1
2017-11-05-03-00-00,0,0,0
2017-11-05-03-15-00,0,0,0
2017-11-05-03-30-00,0,0,0
2017-11-05-03-45-00,0,0,0
2017-11-05-04-00-00,0,0,0
2017-11-05-04-15-00,0,0,0
2017-11-05-04-30-00,0,0,0
2017-11-05-04-45-00,0,0,0
2017-11-05-05-00-00,0,0,0
2017-11-05-05-15-00,0,0,0
2017-11-05-05-30-00,0,0,0
2017-11-05-05-45-00,0,0,0
2017-11-05-06-00-00,3,2,1
2017-11-05-06-15-00,0,0,0
2017-11-05-06-30-00,0,0,0
2017-11-05-06-45-00,2,0,2
2017-11-05-07-00-00,1,1,0
2017-11-05-07-15-00,0,0,0
2017-11-05-07-30-00,0,0,0
2017-11-05-07-45-00,0,0,0
2017-11-05-08-00-00,0,0,0
2017-11-05-08-15-00,2,1,1
2017-11-05-08-30-00,3,1,2
2017-11-05-08-45-00,2,0,2
2017-11-05-09-00-00,3,1,2
2017-11-05-09-15-00,2,2,0
2017-11-05-09-30-00,2,1,1
2017-11-05-09-45-00,3,1,2
2017-11-05-10-00-00,4,3,1
2017-11-05-10-15-00,4,1,3
2017-11-05-10-30-00,1,0,1
2017-11-05-10-45-00,9,5,4
2017-11-05-11-00-00,2,2,0
2017-11-05-11-15-00,7,3,4
2017-11-05-11-30-00,8,2,6
2017-11-05-11-45-00,10,4,6
2017-11-05-12-00-00,9,5,4
2017-11-05-12-15-00,13,7,6
2017-11-05-12-30-00,8,5,3
2017-11-05-12-45-00,6,3,3
2017-11-05-13-00-00,17,10,7
2017-11-05-13-15-00,8,3,5
2017-11-05-13-30-00,16,3,13
2017-11-05-13-45-00,28,7,21
2017-11-05-14-00-00,22,8,14
2017-11-05-14-15-00,31,7,24
2017-11-05-14-30-00,28,10,18
2017-11-05-14-45-00,29,16,13
2017-11-05-15-00-00,33,18,15
2017-11-05-15-15-00,35,21,14
2017-11-05-15-30-00,17,13,4
2017-11-05-15-45-00,7,4,3
2017-11-05-16-00-00,12,8,4
2017-11-05-16-15-00,14,10,4
2017-11-05-16-30-00,13,6,7
2017-11-05-16-45-00,24,20,4
2017-11-05-17-00-00,19,8,11
2017-11-05-17-15-00,11,7,4
2017-11-05-17-30-00,8,3,5
2017-11-05-17-45-00,6,2,4
2017-11-05-18-00-00,8,4,4
2017-11-05-18-15-00,4,4,0
2017-11-05-18-30-00,3,2,1
2017-11-05-18-45-00,2,2,0
2017-11-05-19-00-00,1,0,1
2017-11-05-19-15-00,5,3,2
2017-11-05-19-30-00,2,2,0
2017-11-05-19-45-00,5,4,1
2017-11-05-20-00-00,3,0,3
2017-11-05-20-15-00,2,0,2
2017-11-05-20-30-00,1,1,0
2017-11-05-20-45-00,2,1,1
2017-11-05-21-00-00,0,0,0
2017-11-05-21-15-00,6,4,2
2017-11-05-21-30-00,0,0,0
2017-11-05-21-45-00,2,1,1
2017-11-05-22-00-00,0,0,0
2017-11-05-22-15-00,0,0,0
2017-11-05-22-30-00,0,0,0
2017-11-05-22-45-00,0,0,0
2017-11-05-23-00-00,0,0,0
2017-11-05-23-15-00,0,0,0
2017-11-05-23-30-00,0,0,0
2017-11-05-23-45-00,0,0,0
2017-11-06-00-00-00,0,0,0
2017-11-06-00-15-00,0,0,0
2017-11-06-00-30-00,0,0,0
2017-11-06-00-45-00,3,0,3
2017-11-06-01-00-00,0,0,0
2017-11-06-01-15-00,0,0,0
2017-11-06-01-30-00,0,0,0
2017-11-06-01-45-00,0,0,0
2017-11-06-02-00-00,0,0,0
2017-11-06-02-15-00,0,0,0
2017-11-06-02-30-00,1,1,0
2017-11-06-02-45-00,0,0,0
2017-11-06-03-00-00,0,0,0
2017-11-06-03-15-00,0,0,0
2017-11-06-03-30-00,0,0,0
2017-11-06-03-45-00,0,0,0
2017-11-06-04-00-00,0,0,0
2017-11-06-04-15-00,0,0,0
2017-11-06-04-30-00,0,0,0
2017-11-06-04-45-00,1,1,0
2017-11-06-05-00-00,0,0,0
2017-11-06-05-15-00,3,0,3
2017-11-06-05-30-00,2,1,1
2017-11-06-05-45-00,4,1,3
2017-11-06-06-00-00,5,2,3
2017-11-06-06-15-00,8,1,7
2017-11-06-06-30-00,7,3,4
2017-11-06-06-45-00,18,5,13
2017-11-06-07-00-00,18,3,15
2017-11-06-07-15-00,37,13,24
2017-11-06-07-30-00,55,28,27
2017-11-06-07-45-00,54,15,39
2017-11-06-08-00-00,65,16,49
2017-11-06-08-15-00,55,11,44
2017-11-06-08-30-00,48,8,40
2017-11-06-08-45-00,48,10,38
2017-11-06-09-00-00,29,5,24
2017-11-06-09-15-00,19,4,15
2017-11-06-09-30-00,19,7,12
2017-11-06-09-45-00,16,0,16
2017-11-06-10-00-00,13,5,8
2017-11-06-10-15-00,18,6,12
2017-11-06-10-30-00,7,2,5
2017-11-06-10-45-00,9,5,4
2017-11-06-11-00-00,12,6,6
2017-11-06-11-15-00,11,6,5
2017-11-06-11-30-00,14,6,8
2017-11-06-11-45-00,12,3,9
2017-11-06-12-00-00,8,5,3
2017-11-06-12-15-00,7,4,3
2017-11-06-12-30-00,12,7,5
2017-11-06-12-45-00,16,8,8
2017-11-06-13-00-00,21,11,10
2017-11-06-13-15-00,17,9,8
2017-11-06-13-30-00,18,13,5
2017-11-06-13-45-00,29,15,14
2017-11-06-14-00-00,13,5,8
2017-11-06-14-15-00,24,14,10
2017-11-06-14-30-00,15,9,6
2017-11-06-14-45-00,18,10,8
2017-11-06-15-00-00,32,16,16
2017-11-06-15-15-00,28,20,8
2017-11-06-15-30-00,22,16,6
2017-11-06-15-45-00,22,9,13
2017-11-06-16-00-00,26,20,6
2017-11-06-16-15-00,34,30,4
2017-11-06-16-30-00,38,31,7
2017-11-06-16-45-00,56,38,18
2017-11-06-17-00-00,42,28,14
2017-11-06-17-15-00,45,36,9
2017-11-06-17-30-00,61,38,23
2017-11-06-17-45-00,43,29,14
2017-11-06-18-00-00,39,29,10
2017-11-06-18-15-00,35,28,7
2017-11-06-18-30-00,25,15,10
2017-11-06-18-45-00,19,15,4
2017-11-06-19-00-00,16,9,7
2017-11-06-19-15-00,17,8,9
2017-11-06-19-30-00,16,12,4
2017-11-06-19-45-00,8,6,2
2017-11-06-20-00-00,5,3,2
2017-11-06-20-15-00,6,5,1
2017-11-06-20-30-00,7,5,2
2017-11-06-20-45-00,8,3,5
2017-11-06-21-00-00,4,2,2
2017-11-06-21-15-00,13,11,2
2017-11-06-21-30-00,9,7,2
2017-11-06-21-45-00,1,1,0
2017-11-06-22-00-00,4,1,3
2017-11-06-22-15-00,1,0,1
2017-11-06-22-30-00,1,1,0
2017-11-06-22-45-00,1,0,1
2017-11-06-23-00-00,1,0,1
2017-11-06-23-15-00,0,0,0
2017-11-06-23-30-00,0,0,0
2017-11-06-23-45-00,0,0,0
2017-11-07-00-00-00,0,0,0
2017-11-07-00-15-00,0,0,0
2017-11-07-00-30-00,0,0,0
2017-11-07-00-45-00,0,0,0
2017-11-07-01-00-00,0,0,0
2017-11-07-01-15-00,0,0,0
2017-11-07-01-30-00,0,0,0
2017-11-07-01-45-00,1,1,0
2017-11-07-02-00-00,0,0,0
2017-11-07-02-15-00,1,0,1
2017-11-07-02-30-00,0,0,0
2017-11-07-02-45-00,0,0,0
2017-11-07-03-00-00,0,0,0
2017-11-07-03-15-00,0,0,0
2017-11-07-03-30-00,0,0,0
2017-11-07-03-45-00,0,0,0
2017-11-07-04-00-00,0,0,0
2017-11-07-04-15-00,0,0,0
2017-11-07-04-30-00,0,0,0
2017-11-07-04-45-00,0,0,0
2017-11-07-05-00-00,0,0,0
2017-11-07-05-15-00,0,0,0
2017-11-07-05-30-00,0,0,0
2017-11-07-05-45-00,2,0,2
2017-11-07-06-00-00,5,2,3
2017-11-07-06-15-00,12,1,11
2017-11-07-06-30-00,6,3,3
2017-11-07-06-45-00,12,3,9
2017-11-07-07-00-00,24,10,14
2017-11-07-07-15-00,36,12,24
2017-11-07-07-30-00,41,18,23
2017-11-07-07-45-00,53,20,33
2017-11-07-08-00-00,59,11,48
2017-11-07-08-15-00,57,14,43
2017-11-07-08-30-00,60,12,48
2017-11-07-08-45-00,48,7,41
2017-11-07-09-00-00,28,5,23
2017-11-07-09-15-00,16,3,13
2017-11-07-09-30-00,15,4,11
2017-11-07-09-45-00,9,1,8
2017-11-07-10-00-00,6,2,4
2017-11-07-10-15-00,16,8,8
2017-11-07-10-30-00,11,3,8
2017-11-07-10-45-00,21,13,8
2017-11-07-11-00-00,13,4,9
2017-11-07-11-15-00,8,2,6
2017-11-07-11-30-00,13,8,5
2017-11-07-11-45-00,6,3,3
2017-11-07-12-00-00,15,9,6
2017-11-07-12-15-00,6,5,1
2017-11-07-12-30-00,15,5,10
2017-11-07-12-45-00,14,7,7
2017-11-07-13-00-00,22,5,17
2017-11-07-13-15-00,20,10,10
2017-11-07-13-30-00,18,11,7
2017-11-07-13-45-00,15,8,7
2017-11-07-14-00-00,18,12,6
2017-11-07-14-15-00,20,14,6
2017-11-07-14-30-00,16,9,7
2017-11-07-14-45-00,16,10,6
2017-11-07-15-00-00,14,12,2
2017-11-07-15-15-00,19,11,8
2017-11-07-15-30-00,39,30,9
2017-11-07-15-45-00,16,12,4
2017-11-07-16-00-00,32,24,8
2017-11-07-16-15-00,33,23,10
2017-11-07-16-30-00,42,30,12
2017-11-07-16-45-00,49,35,14
2017-11-07-17-00-00,49,34,15
2017-11-07-17-15-00,51,37,14
2017-11-07-17-30-00,46,38,8
2017-11-07-17-45-00,37,26,11
2017-11-07-18-00-00,32,20,12
2017-11-07-18-15-00,28,24,4
2017-11-07-18-30-00,25,19,6
2017-11-07-18-45-00,19,12,7
2017-11-07-19-00-00,15,11,4
2017-11-07-19-15-00,14,10,4
2017-11-07-19-30-00,10,9,1
2017-11-07-19-45-00,10,6,4
2017-11-07-20-00-00,6,3,3
2017-11-07-20-15-00,8,5,3
2017-11-07-20-30-00,1,1,0
2017-11-07-20-45-00,8,7,1
2017-11-07-21-00-00,3,3,0
2017-11-07-21-15-00,5,2,3
2017-11-07-21-30-00,0,0,0
2017-11-07-21-45-00,5,4,1
2017-11-07-22-00-00,2,2,0
2017-11-07-22-15-00,1,0,1
2017-11-07-22-30-00,2,1,1
2017-11-07-22-45-00,1,0,1
2017-11-07-23-00-00,1,1,0
2017-11-07-23-15-00,1,0,1
2017-11-07-23-30-00,0,0,0
2017-11-07-23-45-00,0,0,0
2017-11-08-00-00-00,0,0,0
2017-11-08-00-15-00,1,0,1
2017-11-08-00-30-00,0,0,0
2017-11-08-00-45-00,0,0,0
2017-11-08-01-00-00,0,0,0
2017-11-08-01-15-00,0,0,0
2017-11-08-01-30-00,1,0,1
2017-11-08-01-45-00,0,0,0
2017-11-08-02-00-00,2,1,1
2017-11-08-02-15-00,0,0,0
2017-11-08-02-30-00,0,0,0
2017-11-08-02-45-00,0,0,0
2017-11-08-03-00-00,0,0,0
2017-11-08-03-15-00,0,0,0
2017-11-08-03-30-00,0,0,0
2017-11-08-03-45-00,0,0,0
2017-11-08-04-00-00,0,0,0
2017-11-08-04-15-00,0,0,0
2017-11-08-04-30-00,0,0,0
2017-11-08-04-45-00,1,0,1
2017-11-08-05-00-00,2,0,2
2017-11-08-05-15-00,0,0,0
2017-11-08-05-30-00,1,0,1
2017-11-08-05-45-00,4,2,2
2017-11-08-06-00-00,4,1,3
2017-11-08-06-15-00,10,2,8
2017-11-08-06-30-00,8,0,8
2017-11-08-06-45-00,13,8,5
2017-11-08-07-00-00,17,7,10
2017-11-08-07-15-00,20,6,14
2017-11-08-07-30-00,29,9,20
2017-11-08-07-45-00,24,8,16
2017-11-08-08-00-00,37,11,26
2017-11-08-08-15-00,35,3,32
2017-11-08-08-30-00,41,4,37
2017-11-08-08-45-00,34,8,26
2017-11-08-09-00-00,25,5,20
2017-11-08-09-15-00,11,2,9
2017-11-08-09-30-00,16,4,12
2017-11-08-09-45-00,7,1,6
2017-11-08-10-00-00,6,3,3
2017-11-08-10-15-00,7,5,2
2017-11-08-10-30-00,13,5,8
2017-11-08-10-45-00,8,5,3
2017-11-08-11-00-00,7,6,1
2017-11-08-11-15-00,4,0,4
2017-11-08-11-30-00,10,4,6
2017-11-08-11-45-00,5,4,1
2017-11-08-12-00-00,9,5,4
2017-11-08-12-15-00,5,2,3
2017-11-08-12-30-00,4,2,2
2017-11-08-12-45-00,8,3,5
2017-11-08-13-00-00,6,1,5
2017-11-08-13-15-00,8,6,2
2017-11-08-13-30-00,7,2,5
2017-11-08-13-45-00,12,8,4
2017-11-08-14-00-00,11,6,5
2017-11-08-14-15-00,11,4,7
2017-11-08-14-30-00,12,7,5
2017-11-08-14-45-00,14,10,4
2017-11-08-15-00-00,17,9,8
2017-11-08-15-15-00,13,9,4
2017-11-08-15-30-00,17,13,4
2017-11-08-15-45-00,14,11,3
2017-11-08-16-00-00,21,11,10
2017-11-08-16-15-00,26,17,9
2017-11-08-16-30-00,27,15,12
2017-11-08-16-45-00,23,16,7
2017-11-08-17-00-00,29,23,6
2017-11-08-17-15-00,22,17,5
2017-11-08-17-30-00,31,20,11
2017-11-08-17-45-00,20,11,9
2017-11-08-18-00-00,24,21,3
2017-11-08-18-15-00,15,10,5
2017-11-08-18-30-00,15,11,4
2017-11-08-18-45-00,16,14,2
2017-11-08-19-00-00,10,6,4
2017-11-08-19-15-00,10,9,1
2017-11-08-19-30-00,8,6,2
2017-11-08-19-45-00,4,2,2
2017-11-08-20-00-00,4,4,0
2017-11-08-20-15-00,2,1,1
2017-11-08-20-30-00,8,5,3
2017-11-08-20-45-00,1,0,1
2017-11-08-21-00-00,3,2,1
2017-11-08-21-15-00,1,1,0
2017-11-08-21-30-00,3,2,1
2017-11-08-21-45-00,4,3,1
2017-11-08-22-00-00,2,2,0
2017-11-08-22-15-00,1,0,1
2017-11-08-22-30-00,5,4,1
2017-11-08-22-45-00,2,0,2
2017-11-08-23-00-00,0,0,0
2017-11-08-23-15-00,0,0,0
2017-11-08-23-30-00,0,0,0
2017-11-08-23-45-00,0,0,0
2017-11-09-00-00-00,1,0,1
2017-11-09-00-15-00,0,0,0
2017-11-09-00-30-00,0,0,0
2017-11-09-00-45-00,0,0,0
2017-11-09-01-00-00,1,1,0
2017-11-09-01-15-00,0,0,0
2017-11-09-01-30-00,0,0,0
2017-11-09-01-45-00,0,0,0
2017-11-09-02-00-00,0,0,0
2017-11-09-02-15-00,0,0,0
2017-11-09-02-30-00,0,0,0
2017-11-09-02-45-00,0,0,0
2017-11-09-03-00-00,0,0,0
2017-11-09-03-15-00,0,0,0
2017-11-09-03-30-00,0,0,0
2017-11-09-03-45-00,0,0,0
2017-11-09-04-00-00,0,0,0
2017-11-09-04-15-00,0,0,0
2017-11-09-04-30-00,0,0,0
2017-11-09-04-45-00,2,0,2
2017-11-09-05-00-00,0,0,0
2017-11-09-05-15-00,0,0,0
2017-11-09-05-30-00,0,0,0
2017-11-09-05-45-00,3,1,2
2017-11-09-06-00-00,6,3,3
2017-11-09-06-15-00,3,2,1
2017-11-09-06-30-00,12,2,10
2017-11-09-06-45-00,12,6,6
2017-11-09-07-00-00,20,9,11
2017-11-09-07-15-00,27,4,23
2017-11-09-07-30-00,38,13,25
2017-11-09-07-45-00,46,16,30
2017-11-09-08-00-00,44,7,37
2017-11-09-08-15-00,49,9,40
2017-11-09-08-30-00,47,10,37
2017-11-09-08-45-00,37,6,31
2017-11-09-09-00-00,29,9,20
2017-11-09-09-15-00,22,6,16
2017-11-09-09-30-00,11,6,5
2017-11-09-09-45-00,13,5,8
2017-11-09-10-00-00,9,4,5
2017-11-09-10-15-00,6,5,1
2017-11-09-10-30-00,12,1,11
2017-11-09-10-45-00,15,10,5
2017-11-09-11-00-00,9,4,5
2017-11-09-11-15-00,8,0,8
2017-11-09-11-30-00,7,2,5
2017-11-09-11-45-00,11,4,7
2017-11-09-12-00-00,14,7,7
2017-11-09-12-15-00,9,7,2
2017-11-09-12-30-00,10,5,5
2017-11-09-12-45-00,10,6,4
2017-11-09-13-00-00,22,15,7
2017-11-09-13-15-00,17,8,9
2017-11-09-13-30-00,10,5,5
2017-11-09-13-45-00,12,8,4
2017-11-09-14-00-00,18,8,10
2017-11-09-14-15-00,17,11,6
2017-11-09-14-30-00,16,8,8
2017-11-09-14-45-00,17,13,4
2017-11-09-15-00-00,22,13,9
2017-11-09-15-15-00,19,9,10
2017-11-09-15-30-00,32,21,11
2017-11-09-15-45-00,16,7,9
2017-11-09-16-00-00,37,22,15
2017-11-09-16-15-00,33,25,8
2017-11-09-16-30-00,37,23,14
2017-11-09-16-45-00,64,51,13
2017-11-09-17-00-00,40,30,10
2017-11-09-17-15-00,35,24,11
2017-11-09-17-30-00,47,35,12
2017-11-09-17-45-00,38,26,12
2017-11-09-18-00-00,19,13,6
2017-11-09-18-15-00,23,15,8
2017-11-09-18-30-00,26,21,5
2017-11-09-18-45-00,26,14,12
2017-11-09-19-00-00,18,13,5
2017-11-09-19-15-00,13,8,5
2017-11-09-19-30-00,6,5,1
2017-11-09-19-45-00,17,10,7
2017-11-09-20-00-00,10,8,2
2017-11-09-20-15-00,12,9,3
2017-11-09-20-30-00,6,3,3
2017-11-09-20-45-00,4,3,1
2017-11-09-21-00-00,5,0,5
2017-11-09-21-15-00,10,7,3
2017-11-09-21-30-00,2,1,1
2017-11-09-21-45-00,4,0,4
2017-11-09-22-00-00,8,2,6
2017-11-09-22-15-00,2,2,0
2017-11-09-22-30-00,3,0,3
2017-11-09-22-45-00,5,2,3
2017-11-09-23-00-00,2,2,0
2017-11-09-23-15-00,0,0,0
2017-11-09-23-30-00,0,0,0
2017-11-09-23-45-00,1,1,0
2017-11-10-00-00-00,0,0,0
2017-11-10-00-15-00,0,0,0
2017-11-10-00-30-00,2,0,2
2017-11-10-00-45-00,0,0,0
2017-11-10-01-00-00,0,0,0
2017-11-10-01-15-00,0,0,0
2017-11-10-01-30-00,0,0,0
2017-11-10-01-45-00,0,0,0
2017-11-10-02-00-00,0,0,0
2017-11-10-02-15-00,0,0,0
2017-11-10-02-30-00,0,0,0
2017-11-10-02-45-00,0,0,0
2017-11-10-03-00-00,0,0,0
2017-11-10-03-15-00,0,0,0
2017-11-10-03-30-00,0,0,0
2017-11-10-03-45-00,0,0,0
2017-11-10-04-00-00,0,0,0
2017-11-10-04-15-00,0,0,0
2017-11-10-04-30-00,0,0,0
2017-11-10-04-45-00,1,1,0
2017-11-10-05-00-00,1,0,1
2017-11-10-05-15-00,0,0,0
2017-11-10-05-30-00,3,1,2
2017-11-10-05-45-00,4,1,3
2017-11-10-06-00-00,5,4,1
2017-11-10-06-15-00,3,2,1
2017-11-10-06-30-00,4,1,3
2017-11-10-06-45-00,11,5,6
2017-11-10-07-00-00,14,3,11
2017-11-10-07-15-00,20,10,10
2017-11-10-07-30-00,32,16,16
2017-11-10-07-45-00,29,7,22
2017-11-10-08-00-00,32,11,21
2017-11-10-08-15-00,38,4,34
2017-11-10-08-30-00,30,6,24
2017-11-10-08-45-00,35,7,28
2017-11-10-09-00-00,25,4,21
2017-11-10-09-15-00,13,4,9
2017-11-10-09-30-00,13,7,6
2017-11-10-09-45-00,6,3,3
2017-11-10-10-00-00,9,3,6
2017-11-10-10-15-00,9,3,6
2017-11-10-10-30-00,6,1,5
2017-11-10-10-45-00,7,1,6
2017-11-10-11-00-00,10,4,6
2017-11-10-11-15-00,10,5,5
2017-11-10-11-30-00,9,4,5
2017-11-10-11-45-00,6,3,3
2017-11-10-12-00-00,8,2,6
2017-11-10-12-15-00,8,2,6
2017-11-10-12-30-00,8,5,3
2017-11-10-12-45-00,11,6,5
2017-11-10-13-00-00,13,5,8
2017-11-10-13-15-00,10,7,3
2017-11-10-13-30-00,21,14,7
2017-11-10-13-45-00,15,9,6
2017-11-10-14-00-00,9,8,1
2017-11-10-14-15-00,13,6,7
2017-11-10-14-30-00,14,8,6
2017-11-10-14-45-00,27,13,14
2017-11-10-15-00-00,20,14,6
2017-11-10-15-15-00,25,17,8
2017-11-10-15-30-00,19,11,8
2017-11-10-15-45-00,25,14,11
2017-11-10-16-00-00,23,19,4
2017-11-10-16-15-00,29,22,7
2017-11-10-16-30-00,22,14,8
2017-11-10-16-45-00,23,9,14
2017-11-10-17-00-00,24,10,14
2017-11-10-17-15-00,20,15,5
2017-11-10-17-30-00,23,14,9
2017-11-10-17-45-00,23,17,6
2017-11-10-18-00-00,18,12,6
2017-11-10-18-15-00,20,11,9
2017-11-10-18-30-00,14,10,4
2017-11-10-18-45-00,6,4,2
2017-11-10-19-00-00,5,2,3
2017-11-10-19-15-00,10,7,3
2017-11-10-19-30-00,4,3,1
2017-11-10-19-45-00,9,5,4
2017-11-10-20-00-00,5,4,1
2017-11-10-20-15-00,2,1,1
2017-11-10-20-30-00,2,1,1
2017-11-10-20-45-00,5,3,2
2017-11-10-21-00-00,3,1,2
2017-11-10-21-15-00,2,1,1
2017-11-10-21-30-00,4,4,0
2017-11-10-21-45-00,1,1,0
2017-11-10-22-00-00,2,1,1
2017-11-10-22-15-00,2,0,2
2017-11-10-22-30-00,3,1,2
2017-11-10-22-45-00,9,0,9
2017-11-10-23-00-00,0,0,0
2017-11-10-23-15-00,5,0,5
2017-11-10-23-30-00,0,0,0
2017-11-10-23-45-00,1,0,1
2017-11-11-00-00-00,2,0,2
2017-11-11-00-15-00,0,0,0
2017-11-11-00-30-00,0,0,0
2017-11-11-00-45-00,0,0,0
2017-11-11-01-00-00,0,0,0
2017-11-11-01-15-00,0,0,0
2017-11-11-01-30-00,0,0,0
2017-11-11-01-45-00,0,0,0
2017-11-11-02-00-00,0,0,0
2017-11-11-02-15-00,0,0,0
2017-11-11-02-30-00,0,0,0
2017-11-11-02-45-00,0,0,0
2017-11-11-03-00-00,0,0,0
2017-11-11-03-15-00,1,0,1
2017-11-11-03-30-00,0,0,0
2017-11-11-03-45-00,0,0,0
2017-11-11-04-00-00,0,0,0
2017-11-11-04-15-00,0,0,0
2017-11-11-04-30-00,0,0,0
2017-11-11-04-45-00,1,1,0
2017-11-11-05-00-00,0,0,0
2017-11-11-05-15-00,0,0,0
2017-11-11-05-30-00,0,0,0
2017-11-11-05-45-00,1,0,1
2017-11-11-06-00-00,2,1,1
2017-11-11-06-15-00,1,0,1
2017-11-11-06-30-00,2,0,2
2017-11-11-06-45-00,0,0,0
2017-11-11-07-00-00,1,0,1
2017-11-11-07-15-00,3,1,2
2017-11-11-07-30-00,3,1,2
2017-11-11-07-45-00,5,3,2
2017-11-11-08-00-00,2,0,2
2017-11-11-08-15-00,5,1,4
2017-11-11-08-30-00,4,0,4
2017-11-11-08-45-00,8,4,4
2017-11-11-09-00-00,11,5,6
2017-11-11-09-15-00,5,3,2
2017-11-11-09-30-00,8,3,5
2017-11-11-09-45-00,12,5,7
2017-11-11-10-00-00,4,2,2
2017-11-11-10-15-00,9,6,3
2017-11-11-10-30-00,9,4,5
2017-11-11-10-45-00,17,13,4
2017-11-11-11-00-00,5,2,3
2017-11-11-11-15-00,7,4,3
2017-11-11-11-30-00,4,2,2
2017-11-11-11-45-00,7,5,2
2017-11-11-12-00-00,12,7,5
2017-11-11-12-15-00,12,2,10
2017-11-11-12-30-00,4,3,1
2017-11-11-12-45-00,7,6,1
2017-11-11-13-00-00,6,2,4
2017-11-11-13-15-00,12,6,6
2017-11-11-13-30-00,3,1,2
2017-11-11-13-45-00,3,2,1
2017-11-11-14-00-00,9,4,5
2017-11-11-14-15-00,5,2,3
2017-11-11-14-30-00,7,2,5
2017-11-11-14-45-00,4,2,2
2017-11-11-15-00-00,4,2,2
2017-11-11-15-15-00,5,3,2
2017-11-11-15-30-00,5,3,2
2017-11-11-15-45-00,7,3,4
2017-11-11-16-00-00,9,6,3
2017-11-11-16-15-00,10,8,2
2017-11-11-16-30-00,13,4,9
2017-11-11-16-45-00,4,2,2
2017-11-11-17-00-00,0,0,0
2017-11-11-17-15-00,4,1,3
2017-11-11-17-30-00,3,2,1
2017-11-11-17-45-00,3,3,0
2017-11-11-18-00-00,2,1,1
2017-11-11-18-15-00,1,1,0
2017-11-11-18-30-00,0,0,0
2017-11-11-18-45-00,3,3,0
2017-11-11-19-00-00,5,4,1
2017-11-11-19-15-00,6,0,6
2017-11-11-19-30-00,0,0,0
2017-11-11-19-45-00,3,1,2
2017-11-11-20-00-00,1,0,1
2017-11-11-20-15-00,2,0,2
2017-11-11-20-30-00,2,2,0
2017-11-11-20-45-00,2,2,0
2017-11-11-21-00-00,2,2,0
2017-11-11-21-15-00,2,0,2
2017-11-11-21-30-00,1,1,0
2017-11-11-21-45-00,1,0,1
2017-11-11-22-00-00,2,1,1
2017-11-11-22-15-00,6,5,1
2017-11-11-22-30-00,2,1,1
2017-11-11-22-45-00,2,2,0
2017-11-11-23-00-00,2,0,2
2017-11-11-23-15-00,0,0,0
2017-11-11-23-30-00,0,0,0
2017-11-11-23-45-00,1,0,1
2017-11-12-00-00-00,0,0,0
2017-11-12-00-15-00,0,0,0
2017-11-12-00-30-00,0,0,0
2017-11-12-00-45-00,0,0,0
2017-11-12-01-00-00,0,0,0
2017-11-12-01-15-00,0,0,0
2017-11-12-01-30-00,0,0,0
2017-11-12-01-45-00,0,0,0
2017-11-12-02-00-00,0,0,0
2017-11-12-02-15-00,2,1,1
2017-11-12-02-30-00,2,2,0
2017-11-12-02-45-00,0,0,0
2017-11-12-03-00-00,0,0,0
2017-11-12-03-15-00,0,0,0
2017-11-12-03-30-00,0,0,0
2017-11-12-03-45-00,0,0,0
2017-11-12-04-00-00,0,0,0
2017-11-12-04-15-00,0,0,0
2017-11-12-04-30-00,0,0,0
2017-11-12-04-45-00,0,0,0
2017-11-12-05-00-00,1,0,1
2017-11-12-05-15-00,0,0,0
2017-11-12-05-30-00,0,0,0
2017-11-12-05-45-00,0,0,0
2017-11-12-06-00-00,1,1,0
2017-11-12-06-15-00,0,0,0
2017-11-12-06-30-00,1,0,1
2017-11-12-06-45-00,1,0,1
2017-11-12-07-00-00,1,1,0
2017-11-12-07-15-00,2,1,1
2017-11-12-07-30-00,0,0,0
2017-11-12-07-45-00,1,0,1
2017-11-12-08-00-00,4,1,3
2017-11-12-08-15-00,2,1,1
2017-11-12-08-30-00,4,1,3
2017-11-12-08-45-00,5,2,3
2017-11-12-09-00-00,5,1,4
2017-11-12-09-15-00,10,2,8
2017-11-12-09-30-00,7,3,4
2017-11-12-09-45-00,5,2,3
2017-11-12-10-00-00,8,3,5
2017-11-12-10-15-00,6,0,6
2017-11-12-10-30-00,14,8,6
2017-11-12-10-45-00,10,1,9
2017-11-12-11-00-00,11,5,6
2017-11-12-11-15-00,7,2,5
2017-11-12-11-30-00,18,11,7
2017-11-12-11-45-00,7,4,3
2017-11-12-12-00-00,13,5,8
2017-11-12-12-15-00,6,3,3
2017-11-12-12-30-00,4,3,1
2017-11-12-12-45-00,13,5,8
2017-11-12-13-00-00,11,4,7
2017-11-12-13-15-00,8,6,2
2017-11-12-13-30-00,11,7,4
2017-11-12-13-45-00,48,44,4
2017-11-12-14-00-00,6,1,5
2017-11-12-14-15-00,10,2,8
2017-11-12-14-30-00,19,4,15
2017-11-12-14-45-00,29,10,19
2017-11-12-15-00-00,54,18,36
2017-11-12-15-15-00,38,9,29
2017-11-12-15-30-00,36,18,18
2017-11-12-15-45-00,16,9,7
2017-11-12-16-00-00,8,7,1
2017-11-12-16-15-00,13,11,2
2017-11-12-16-30-00,16,13,3
2017-11-12-16-45-00,7,6,1
2017-11-12-17-00-00,6,4,2
2017-11-12-17-15-00,8,6,2
2017-11-12-17-30-00,10,7,3
2017-11-12-17-45-00,10,5,5
2017-11-12-18-00-00,8,5,3
2017-11-12-18-15-00,5,4,1
2017-11-12-18-30-00,2,2,0
2017-11-12-18-45-00,0,0,0
2017-11-12-19-00-00,3,3,0
2017-11-12-19-15-00,2,1,1
2017-11-12-19-30-00,2,1,1
2017-11-12-19-45-00,1,1,0
2017-11-12-20-00-00,1,0,1
2017-11-12-20-15-00,3,3,0
2017-11-12-20-30-00,1,0,1
2017-11-12-20-45-00,2,1,1
2017-11-12-21-00-00,1,0,1
2017-11-12-21-15-00,1,0,1
2017-11-12-21-30-00,0,0,0
2017-11-12-21-45-00,1,1,0
2017-11-12-22-00-00,0,0,0
2017-11-12-22-15-00,0,0,0
2017-11-12-22-30-00,2,0,2
2017-11-12-22-45-00,2,2,0
2017-11-12-23-00-00,0,0,0
2017-11-12-23-15-00,0,0,0
2017-11-12-23-30-00,0,0,0
2017-11-12-23-45-00,0,0,0
2017-11-13-00-00-00,0,0,0
2017-11-13-00-15-00,0,0,0
2017-11-13-00-30-00,0,0,0
2017-11-13-00-45-00,0,0,0
2017-11-13-01-00-00,0,0,0
2017-11-13-01-15-00,0,0,0
2017-11-13-01-30-00,0,0,0
2017-11-13-01-45-00,0,0,0
2017-11-13-02-00-00,0,0,0
2017-11-13-02-15-00,0,0,0
2017-11-13-02-30-00,0,0,0
2017-11-13-02-45-00,0,0,0
2017-11-13-03-00-00,0,0,0
2017-11-13-03-15-00,0,0,0
2017-11-13-03-30-00,0,0,0
2017-11-13-03-45-00,0,0,0
2017-11-13-04-00-00,0,0,0
2017-11-13-04-15-00,0,0,0
2017-11-13-04-30-00,0,0,0
2017-11-13-04-45-00,0,0,0
2017-11-13-05-00-00,0,0,0
2017-11-13-05-15-00,0,0,0
2017-11-13-05-30-00,2,1,1
2017-11-13-05-45-00,4,0,4
2017-11-13-06-00-00,7,3,4
2017-11-13-06-15-00,5,3,2
2017-11-13-06-30-00,9,2,7
2017-11-13-06-45-00,12,4,8
2017-11-13-07-00-00,14,5,9
2017-11-13-07-15-00,28,9,19
2017-11-13-07-30-00,39,18,21
2017-11-13-07-45-00,41,13,28
2017-11-13-08-00-00,44,8,36
2017-11-13-08-15-00,47,11,36
2017-11-13-08-30-00,45,6,39
2017-11-13-08-45-00,29,5,24
2017-11-13-09-00-00,30,8,22
2017-11-13-09-15-00,13,3,10
2017-11-13-09-30-00,13,6,7
2017-11-13-09-45-00,22,9,13
2017-11-13-10-00-00,17,9,8
2017-11-13-10-15-00,16,4,12
2017-11-13-10-30-00,12,5,7
2017-11-13-10-45-00,9,2,7
2017-11-13-11-00-00,6,4,2
2017-11-13-11-15-00,17,11,6
2017-11-13-11-30-00,13,5,8
2017-11-13-11-45-00,9,4,5
2017-11-13-12-00-00,21,12,9
2017-11-13-12-15-00,15,10,5
2017-11-13-12-30-00,14,7,7
2017-11-13-12-45-00,24,10,14
2017-11-13-13-00-00,11,9,2
2017-11-13-13-15-00,17,7,10
2017-11-13-13-30-00,25,13,12
2017-11-13-13-45-00,20,9,11
2017-11-13-14-00-00,21,12,9
2017-11-13-14-15-00,25,20,5
2017-11-13-14-30-00,27,11,16
2017-11-13-14-45-00,17,9,8
2017-11-13-15-00-00,22,15,7
2017-11-13-15-15-00,19,10,9
2017-11-13-15-30-00,29,15,14
2017-11-13-15-45-00,20,9,11
2017-11-13-16-00-00,34,25,9
2017-11-13-16-15-00,38,22,16
2017-11-13-16-30-00,37,28,9
2017-11-13-16-45-00,43,34,9
2017-11-13-17-00-00,35,21,14
2017-11-13-17-15-00,40,30,10
2017-11-13-17-30-00,43,25,18
2017-11-13-17-45-00,30,23,7
2017-11-13-18-00-00,34,25,9
2017-11-13-18-15-00,26,19,7
2017-11-13-18-30-00,12,8,4
2017-11-13-18-45-00,13,8,5
2017-11-13-19-00-00,13,10,3
2017-11-13-19-15-00,23,16,7
2017-11-13-19-30-00,17,8,9
2017-11-13-19-45-00,8,4,4
2017-11-13-20-00-00,5,4,1
2017-11-13-20-15-00,1,1,0
2017-11-13-20-30-00,6,2,4
2017-11-13-20-45-00,3,0,3
2017-11-13-21-00-00,2,0,2
2017-11-13-21-15-00,11,6,5
2017-11-13-21-30-00,2,1,1
2017-11-13-21-45-00,2,1,1
2017-11-13-22-00-00,4,1,3
2017-11-13-22-15-00,5,4,1
2017-11-13-22-30-00,2,1,1
2017-11-13-22-45-00,3,2,1
2017-11-13-23-00-00,5,1,4
2017-11-13-23-15-00,4,3,1
2017-11-13-23-30-00,1,1,0
2017-11-13-23-45-00,1,1,0
2017-11-14-00-00-00,0,0,0
2017-11-14-00-15-00,0,0,0
2017-11-14-00-30-00,0,0,0
2017-11-14-00-45-00,0,0,0
2017-11-14-01-00-00,0,0,0
2017-11-14-01-15-00,1,1,0
2017-11-14-01-30-00,0,0,0
2017-11-14-01-45-00,0,0,0
2017-11-14-02-00-00,0,0,0
2017-11-14-02-15-00,0,0,0
2017-11-14-02-30-00,0,0,0
2017-11-14-02-45-00,0,0,0
2017-11-14-03-00-00,0,0,0
2017-11-14-03-15-00,0,0,0
2017-11-14-03-30-00,0,0,0
2017-11-14-03-45-00,0,0,0
2017-11-14-04-00-00,0,0,0
2017-11-14-04-15-00,0,0,0
2017-11-14-04-30-00,0,0,0
2017-11-14-04-45-00,0,0,0
2017-11-14-05-00-00,0,0,0
2017-11-14-05-15-00,0,0,0
2017-11-14-05-30-00,1,1,0
2017-11-14-05-45-00,2,0,2
2017-11-14-06-00-00,5,2,3
2017-11-14-06-15-00,6,5,1
2017-11-14-06-30-00,11,1,10
2017-11-14-06-45-00,13,7,6
2017-11-14-07-00-00,22,5,17
2017-11-14-07-15-00,30,11,19
2017-11-14-07-30-00,47,20,27
2017-11-14-07-45-00,44,9,35
2017-11-14-08-00-00,40,4,36
2017-11-14-08-15-00,57,7,50
2017-11-14-08-30-00,47,10,37
2017-11-14-08-45-00,56,9,47
2017-11-14-09-00-00,27,8,19
2017-11-14-09-15-00,12,3,9
2017-11-14-09-30-00,13,5,8
2017-11-14-09-45-00,21,7,14
2017-11-14-10-00-00,13,6,7
2017-11-14-10-15-00,17,6,11
2017-11-14-10-30-00,15,6,9
2017-11-14-10-45-00,11,4,7
2017-11-14-11-00-00,19,7,12
2017-11-14-11-15-00,19,8,11
2017-11-14-11-30-00,18,7,11
2017-11-14-11-45-00,13,6,7
2017-11-14-12-00-00,19,10,9
2017-11-14-12-15-00,20,8,12
2017-11-14-12-30-00,13,10,3
2017-11-14-12-45-00,10,5,5
2017-11-14-13-00-00,10,5,5
2017-11-14-13-15-00,21,12,9
2017-11-14-13-30-00,28,11,17
2017-11-14-13-45-00,30,14,16
2017-11-14-14-00-00,15,13,2
2017-11-14-14-15-00,29,18,11
2017-11-14-14-30-00,25,11,14
2017-11-14-14-45-00,23,10,13
2017-11-14-15-00-00,29,13,16
2017-11-14-15-15-00,23,12,11
2017-11-14-15-30-00,37,25,12
2017-11-14-15-45-00,48,27,21
2017-11-14-16-00-00,34,24,10
2017-11-14-16-15-00,40,25,15
2017-11-14-16-30-00,40,29,11
2017-11-14-16-45-00,38,25,13
2017-11-14-17-00-00,49,44,5
2017-11-14-17-15-00,39,29,10
2017-11-14-17-30-00,46,32,14
2017-11-14-17-45-00,35,25,10
2017-11-14-18-00-00,29,22,7
2017-11-14-18-15-00,34,20,14
2017-11-14-18-30-00,26,22,4
2017-11-14-18-45-00,19,12,7
2017-11-14-19-00-00,13,7,6
2017-11-14-19-15-00,22,16,6
2017-11-14-19-30-00,15,10,5
2017-11-14-19-45-00,8,6,2
2017-11-14-20-00-00,8,8,0
2017-11-14-20-15-00,3,2,1
2017-11-14-20-30-00,4,1,3
2017-11-14-20-45-00,5,4,1
2017-11-14-21-00-00,5,1,4
2017-11-14-21-15-00,4,3,1
2017-11-14-21-30-00,8,4,4
2017-11-14-21-45-00,3,2,1
2017-11-14-22-00-00,5,0,5
2017-11-14-22-15-00,4,4,0
2017-11-14-22-30-00,2,1,1
2017-11-14-22-45-00,1,1,0
2017-11-14-23-00-00,3,1,2
2017-11-14-23-15-00,2,1,1
2017-11-14-23-30-00,0,0,0
2017-11-14-23-45-00,0,0,0
2017-11-15-00-00-00,0,0,0
2017-11-15-00-15-00,1,0,1
2017-11-15-00-30-00,0,0,0
2017-11-15-00-45-00,1,1,0
2017-11-15-01-00-00,1,1,0
2017-11-15-01-15-00,0,0,0
2017-11-15-01-30-00,0,0,0
2017-11-15-01-45-00,0,0,0
2017-11-15-02-00-00,0,0,0
2017-11-15-02-15-00,0,0,0
2017-11-15-02-30-00,0,0,0
2017-11-15-02-45-00,0,0,0
2017-11-15-03-00-00,0,0,0
2017-11-15-03-15-00,0,0,0
2017-11-15-03-30-00,0,0,0
2017-11-15-03-45-00,0,0,0
2017-11-15-04-00-00,0,0,0
2017-11-15-04-15-00,0,0,0
2017-11-15-04-30-00,0,0,0
2017-11-15-04-45-00,0,0,0
2017-11-15-05-00-00,0,0,0
2017-11-15-05-15-00,0,0,0
2017-11-15-05-30-00,2,0,2
2017-11-15-05-45-00,1,0,1
2017-11-15-06-00-00,7,4,3
2017-11-15-06-15-00,7,4,3
2017-11-15-06-30-00,12,3,9
2017-11-15-06-45-00,15,8,7
2017-11-15-07-00-00,29,14,15
2017-11-15-07-15-00,25,12,13
2017-11-15-07-30-00,40,12,28
2017-11-15-07-45-00,47,14,33
2017-11-15-08-00-00,48,11,37
2017-11-15-08-15-00,51,10,41
2017-11-15-08-30-00,54,13,41
2017-11-15-08-45-00,56,10,46
2017-11-15-09-00-00,28,4,24
2017-11-15-09-15-00,21,5,16
2017-11-15-09-30-00,19,9,10
2017-11-15-09-45-00,13,3,10
2017-11-15-10-00-00,8,2,6
2017-11-15-10-15-00,17,5,12
2017-11-15-10-30-00,10,7,3
2017-11-15-10-45-00,12,4,8
2017-11-15-11-00-00,11,3,8
2017-11-15-11-15-00,6,2,4
2017-11-15-11-30-00,14,5,9
2017-11-15-11-45-00,10,7,3
2017-11-15-12-00-00,11,4,7
2017-11-15-12-15-00,15,5,10
2017-11-15-12-30-00,16,10,6
2017-11-15-12-45-00,15,11,4
2017-11-15-13-00-00,18,7,11
2017-11-15-13-15-00,15,7,8
2017-11-15-13-30-00,19,10,9
2017-11-15-13-45-00,13,8,5
2017-11-15-14-00-00,27,15,12
2017-11-15-14-15-00,24,17,7
2017-11-15-14-30-00,19,8,11
2017-11-15-14-45-00,23,14,9
2017-11-15-15-00-00,12,7,5
2017-11-15-15-15-00,24,13,11
2017-11-15-15-30-00,24,19,5
2017-11-15-15-45-00,39,22,17
2017-11-15-16-00-00,22,13,9
2017-11-15-16-15-00,44,33,11
2017-11-15-16-30-00,39,30,9
2017-11-15-16-45-00,36,23,13
2017-11-15-17-00-00,46,34,12
2017-11-15-17-15-00,52,38,14
2017-11-15-17-30-00,32,22,10
2017-11-15-17-45-00,38,27,11
2017-11-15-18-00-00,17,10,7
2017-11-15-18-15-00,30,22,8
2017-11-15-18-30-00,18,10,8
2017-11-15-18-45-00,17,11,6
2017-11-15-19-00-00,21,17,4
2017-11-15-19-15-00,9,4,5
2017-11-15-19-30-00,19,15,4
2017-11-15-19-45-00,7,6,1
2017-11-15-20-00-00,18,14,4
2017-11-15-20-15-00,8,5,3
2017-11-15-20-30-00,5,4,1
2017-11-15-20-45-00,5,3,2
2017-11-15-21-00-00,6,4,2
2017-11-15-21-15-00,1,0,1
2017-11-15-21-30-00,2,2,0
2017-11-15-21-45-00,0,0,0
2017-11-15-22-00-00,4,1,3
2017-11-15-22-15-00,2,0,2
2017-11-15-22-30-00,3,1,2
2017-11-15-22-45-00,5,5,0
2017-11-15-23-00-00,2,1,1
2017-11-15-23-15-00,2,2,0
2017-11-15-23-30-00,1,0,1
2017-11-15-23-45-00,0,0,0
2017-11-16-00-00-00,0,0,0
2017-11-16-00-15-00,0,0,0
2017-11-16-00-30-00,0,0,0
2017-11-16-00-45-00,0,0,0
2017-11-16-01-00-00,1,1,0
2017-11-16-01-15-00,1,1,0
2017-11-16-01-30-00,0,0,0
2017-11-16-01-45-00,0,0,0
2017-11-16-02-00-00,0,0,0
2017-11-16-02-15-00,0,0,0
2017-11-16-02-30-00,1,1,0
2017-11-16-02-45-00,1,0,1
2017-11-16-03-00-00,0,0,0
2017-11-16-03-15-00,0,0,0
2017-11-16-03-30-00,0,0,0
2017-11-16-03-45-00,0,0,0
2017-11-16-04-00-00,0,0,0
2017-11-16-04-15-00,0,0,0
2017-11-16-04-30-00,0,0,0
2017-11-16-04-45-00,0,0,0
2017-11-16-05-00-00,0,0,0
2017-11-16-05-15-00,2,1,1
2017-11-16-05-30-00,2,0,2
2017-11-16-05-45-00,3,1,2
2017-11-16-06-00-00,6,3,3
2017-11-16-06-15-00,6,3,3
2017-11-16-06-30-00,13,3,10
2017-11-16-06-45-00,14,5,9
2017-11-16-07-00-00,18,5,13
2017-11-16-07-15-00,24,9,15
2017-11-16-07-30-00,39,15,24
2017-11-16-07-45-00,55,18,37
2017-11-16-08-00-00,39,7,32
2017-11-16-08-15-00,47,14,33
2017-11-16-08-30-00,50,10,40
2017-11-16-08-45-00,34,1,33
2017-11-16-09-00-00,34,6,28
2017-11-16-09-15-00,23,8,15
2017-11-16-09-30-00,24,5,19
2017-11-16-09-45-00,13,7,6
2017-11-16-10-00-00,15,3,12
2017-11-16-10-15-00,11,5,6
2017-11-16-10-30-00,5,3,2
2017-11-16-10-45-00,11,4,7
2017-11-16-11-00-00,8,0,8
2017-11-16-11-15-00,18,11,7
2017-11-16-11-30-00,14,6,8
2017-11-16-11-45-00,7,4,3
2017-11-16-12-00-00,10,6,4
2017-11-16-12-15-00,12,3,9
2017-11-16-12-30-00,22,12,10
2017-11-16-12-45-00,18,6,12
2017-11-16-13-00-00,30,14,16
2017-11-16-13-15-00,27,16,11
2017-11-16-13-30-00,28,23,5
2017-11-16-13-45-00,15,9,6
2017-11-16-14-00-00,21,11,10
2017-11-16-14-15-00,13,7,6
2017-11-16-14-30-00,16,9,7
2017-11-16-14-45-00,24,10,14
2017-11-16-15-00-00,29,17,12
2017-11-16-15-15-00,40,27,13
2017-11-16-15-30-00,32,22,10
2017-11-16-15-45-00,27,18,9
2017-11-16-16-00-00,25,15,10
2017-11-16-16-15-00,48,33,15
2017-11-16-16-30-00,40,24,16
2017-11-16-16-45-00,45,33,12
2017-11-16-17-00-00,44,32,12
2017-11-16-17-15-00,23,17,6
2017-11-16-17-30-00,33,21,12
2017-11-16-17-45-00,33,28,5
2017-11-16-18-00-00,34,27,7
2017-11-16-18-15-00,30,22,8
2017-11-16-18-30-00,23,20,3
2017-11-16-18-45-00,27,16,11
2017-11-16-19-00-00,12,9,3
2017-11-16-19-15-00,13,7,6
2017-11-16-19-30-00,20,16,4
2017-11-16-19-45-00,7,4,3
2017-11-16-20-00-00,10,4,6
2017-11-16-20-15-00,9,7,2
2017-11-16-20-30-00,8,6,2
2017-11-16-20-45-00,4,1,3
2017-11-16-21-00-00,3,2,1
2017-11-16-21-15-00,4,2,2
2017-11-16-21-30-00,4,3,1
2017-11-16-21-45-00,4,2,2
2017-11-16-22-00-00,6,1,5
2017-11-16-22-15-00,5,3,2
2017-11-16-22-30-00,2,0,2
2017-11-16-22-45-00,0,0,0
2017-11-16-23-00-00,4,2,2
2017-11-16-23-15-00,1,1,0
2017-11-16-23-30-00,0,0,0
2017-11-16-23-45-00,0,0,0
2017-11-17-00-00-00,0,0,0
2017-11-17-00-15-00,1,1,0
2017-11-17-00-30-00,1,0,1
2017-11-17-00-45-00,0,0,0
2017-11-17-01-00-00,0,0,0
2017-11-17-01-15-00,0,0,0
2017-11-17-01-30-00,1,0,1
2017-11-17-01-45-00,0,0,0
2017-11-17-02-00-00,1,1,0
2017-11-17-02-15-00,0,0,0
2017-11-17-02-30-00,1,1,0
2017-11-17-02-45-00,0,0,0
2017-11-17-03-00-00,0,0,0
2017-11-17-03-15-00,0,0,0
2017-11-17-03-30-00,0,0,0
2017-11-17-03-45-00,0,0,0
2017-11-17-04-00-00,0,0,0
2017-11-17-04-15-00,0,0,0
2017-11-17-04-30-00,0,0,0
2017-11-17-04-45-00,0,0,0
2017-11-17-05-00-00,0,0,0
2017-11-17-05-15-00,0,0,0
2017-11-17-05-30-00,1,0,1
2017-11-17-05-45-00,3,0,3
2017-11-17-06-00-00,4,1,3
2017-11-17-06-15-00,7,5,2
2017-11-17-06-30-00,12,6,6
2017-11-17-06-45-00,7,3,4
2017-11-17-07-00-00,14,3,11
2017-11-17-07-15-00,23,3,20
2017-11-17-07-30-00,37,14,23
2017-11-17-07-45-00,37,15,22
2017-11-17-08-00-00,39,7,32
2017-11-17-08-15-00,35,9,26
2017-11-17-08-30-00,36,7,29
2017-11-17-08-45-00,39,3,36
2017-11-17-09-00-00,23,6,17
2017-11-17-09-15-00,16,4,12
2017-11-17-09-30-00,19,3,16
2017-11-17-09-45-00,12,6,6
2017-11-17-10-00-00,9,3,6
2017-11-17-10-15-00,11,5,6
2017-11-17-10-30-00,10,4,6
2017-11-17-10-45-00,10,4,6
2017-11-17-11-00-00,8,6,2
2017-11-17-11-15-00,8,3,5
2017-11-17-11-30-00,2,0,2
2017-11-17-11-45-00,15,6,9
2017-11-17-12-00-00,19,8,11
2017-11-17-12-15-00,17,7,10
2017-11-17-12-30-00,15,7,8
2017-11-17-12-45-00,17,8,9
2017-11-17-13-00-00,24,12,12
2017-11-17-13-15-00,17,8,9
2017-11-17-13-30-00,29,18,11
2017-11-17-13-45-00,26,14,12
2017-11-17-14-00-00,20,15,5
2017-11-17-14-15-00,35,16,19
2017-11-17-14-30-00,42,22,20
2017-11-17-14-45-00,39,23,16
2017-11-17-15-00-00,37,24,13
2017-11-17-15-15-00,47,26,21
2017-11-17-15-30-00,42,22,20
2017-11-17-15-45-00,39,30,9
2017-11-17-16-00-00,46,34,12
2017-11-17-16-15-00,42,27,15
2017-11-17-16-30-00,43,31,12
2017-11-17-16-45-00,35,20,15
2017-11-17-17-00-00,40,25,15
2017-11-17-17-15-00,21,12,9
2017-11-17-17-30-00,30,26,4
2017-11-17-17-45-00,27,17,10
2017-11-17-18-00-00,10,7,3
2017-11-17-18-15-00,23,18,5
2017-11-17-18-30-00,9,6,3
2017-11-17-18-45-00,9,4,5
2017-11-17-19-00-00,10,6,4
2017-11-17-19-15-00,7,3,4
2017-11-17-19-30-00,11,5,6
2017-11-17-19-45-00,3,2,1
2017-11-17-20-00-00,1,0,1
2017-11-17-20-15-00,1,1,0
2017-11-17-20-30-00,1,1,0
2017-11-17-20-45-00,5,3,2
2017-11-17-21-00-00,5,4,1
2017-11-17-21-15-00,4,2,2
2017-11-17-21-30-00,3,2,1
2017-11-17-21-45-00,0,0,0
2017-11-17-22-00-00,3,2,1
2017-11-17-22-15-00,0,0,0
2017-11-17-22-30-00,2,1,1
2017-11-17-22-45-00,1,0,1
2017-11-17-23-00-00,3,3,0
2017-11-17-23-15-00,0,0,0
2017-11-17-23-30-00,0,0,0
2017-11-17-23-45-00,0,0,0
2017-11-18-00-00-00,4,2,2
2017-11-18-00-15-00,0,0,0
2017-11-18-00-30-00,0,0,0
2017-11-18-00-45-00,1,1,0
2017-11-18-01-00-00,1,0,1
2017-11-18-01-15-00,0,0,0
2017-11-18-01-30-00,0,0,0
2017-11-18-01-45-00,0,0,0
2017-11-18-02-00-00,0,0,0
2017-11-18-02-15-00,0,0,0
2017-11-18-02-30-00,0,0,0
2017-11-18-02-45-00,0,0,0
2017-11-18-03-00-00,0,0,0
2017-11-18-03-15-00,0,0,0
2017-11-18-03-30-00,0,0,0
2017-11-18-03-45-00,0,0,0
2017-11-18-04-00-00,0,0,0
2017-11-18-04-15-00,0,0,0
2017-11-18-04-30-00,0,0,0
2017-11-18-04-45-00,0,0,0
2017-11-18-05-00-00,0,0,0
2017-11-18-05-15-00,0,0,0
2017-11-18-05-30-00,1,1,0
2017-11-18-05-45-00,1,0,1
2017-11-18-06-00-00,2,1,1
2017-11-18-06-15-00,0,0,0
2017-11-18-06-30-00,0,0,0
2017-11-18-06-45-00,0,0,0
2017-11-18-07-00-00,4,2,2
2017-11-18-07-15-00,2,0,2
2017-11-18-07-30-00,4,0,4
2017-11-18-07-45-00,2,0,2
2017-11-18-08-00-00,7,0,7
2017-11-18-08-15-00,4,3,1
2017-11-18-08-30-00,10,5,5
2017-11-18-08-45-00,3,2,1
2017-11-18-09-00-00,6,2,4
2017-11-18-09-15-00,5,0,5
2017-11-18-09-30-00,10,4,6
2017-11-18-09-45-00,10,5,5
2017-11-18-10-00-00,15,6,9
2017-11-18-10-15-00,8,3,5
2017-11-18-10-30-00,7,3,4
2017-11-18-10-45-00,8,4,4
2017-11-18-11-00-00,14,11,3
2017-11-18-11-15-00,8,6,2
2017-11-18-11-30-00,12,6,6
2017-11-18-11-45-00,14,7,7
2017-11-18-12-00-00,21,15,6
2017-11-18-12-15-00,22,14,8
2017-11-18-12-30-00,26,12,14
2017-11-18-12-45-00,11,5,6
2017-11-18-13-00-00,14,6,8
2017-11-18-13-15-00,15,9,6
2017-11-18-13-30-00,10,7,3
2017-11-18-13-45-00,10,5,5
2017-11-18-14-00-00,10,6,4
2017-11-18-14-15-00,7,4,3
2017-11-18-14-30-00,9,7,2
2017-11-18-14-45-00,23,12,11
2017-11-18-15-00-00,13,8,5
2017-11-18-15-15-00,13,8,5
2017-11-18-15-30-00,14,9,5
2017-11-18-15-45-00,16,7,9
2017-11-18-16-00-00,20,9,11
2017-11-18-16-15-00,8,3,5
2017-11-18-16-30-00,8,4,4
2017-11-18-16-45-00,10,4,6
2017-11-18-17-00-00,11,8,3
2017-11-18-17-15-00,5,1,4
2017-11-18-17-30-00,7,5,2
2017-11-18-17-45-00,8,2,6
2017-11-18-18-00-00,1,1,0
2017-11-18-18-15-00,3,2,1
2017-11-18-18-30-00,4,2,2
2017-11-18-18-45-00,3,1,2
2017-11-18-19-00-00,1,0,1
2017-11-18-19-15-00,4,1,3
2017-11-18-19-30-00,3,0,3
2017-11-18-19-45-00,2,1,1
2017-11-18-20-00-00,5,2,3
2017-11-18-20-15-00,5,1,4
2017-11-18-20-30-00,1,0,1
2017-11-18-20-45-00,5,0,5
2017-11-18-21-00-00,0,0,0
2017-11-18-21-15-00,2,0,2
2017-11-18-21-30-00,1,1,0
2017-11-18-21-45-00,0,0,0
2017-11-18-22-00-00,0,0,0
2017-11-18-22-15-00,1,0,1
2017-11-18-22-30-00,2,2,0
2017-11-18-22-45-00,0,0,0
2017-11-18-23-00-00,1,1,0
2017-11-18-23-15-00,0,0,0
2017-11-18-23-30-00,0,0,0
2017-11-18-23-45-00,4,2,2
2017-11-19-00-00-00,0,0,0
2017-11-19-00-15-00,2,1,1
2017-11-19-00-30-00,0,0,0
2017-11-19-00-45-00,1,1,0
2017-11-19-01-00-00,0,0,0
2017-11-19-01-15-00,0,0,0
2017-11-19-01-30-00,1,0,1
2017-11-19-01-45-00,0,0,0
2017-11-19-02-00-00,0,0,0
2017-11-19-02-15-00,0,0,0
2017-11-19-02-30-00,0,0,0
2017-11-19-02-45-00,0,0,0
2017-11-19-03-00-00,0,0,0
2017-11-19-03-15-00,0,0,0
2017-11-19-03-30-00,0,0,0
2017-11-19-03-45-00,0,0,0
2017-11-19-04-00-00,1,1,0
2017-11-19-04-15-00,1,0,1
2017-11-19-04-30-00,0,0,0
2017-11-19-04-45-00,0,0,0
2017-11-19-05-00-00,0,0,0
2017-11-19-05-15-00,1,0,1
2017-11-19-05-30-00,0,0,0
2017-11-19-05-45-00,0,0,0
2017-11-19-06-00-00,3,1,2
2017-11-19-06-15-00,1,0,1
2017-11-19-06-30-00,0,0,0
2017-11-19-06-45-00,1,1,0
2017-11-19-07-00-00,2,0,2
2017-11-19-07-15-00,1,0,1
2017-11-19-07-30-00,1,0,1
2017-11-19-07-45-00,1,1,0
2017-11-19-08-00-00,2,1,1
2017-11-19-08-15-00,1,0,1
2017-11-19-08-30-00,5,3,2
2017-11-19-08-45-00,6,3,3
2017-11-19-09-00-00,12,9,3
2017-11-19-09-15-00,6,2,4
2017-11-19-09-30-00,6,1,5
2017-11-19-09-45-00,11,6,5
2017-11-19-10-00-00,8,5,3
2017-11-19-10-15-00,20,7,13
2017-11-19-10-30-00,12,6,6
2017-11-19-10-45-00,20,5,15
2017-11-19-11-00-00,20,6,14
2017-11-19-11-15-00,23,16,7
2017-11-19-11-30-00,20,11,9
2017-11-19-11-45-00,23,13,10
2017-11-19-12-00-00,26,13,13
2017-11-19-12-15-00,20,11,9
2017-11-19-12-30-00,31,16,15
2017-11-19-12-45-00,26,13,13
2017-11-19-13-00-00,35,19,16
2017-11-19-13-15-00,22,10,12
2017-11-19-13-30-00,16,7,9
2017-11-19-13-45-00,30,17,13
2017-11-19-14-00-00,30,14,16
2017-11-19-14-15-00,29,9,20
2017-11-19-14-30-00,22,11,11
2017-11-19-14-45-00,22,9,13
2017-11-19-15-00-00,19,11,8
2017-11-19-15-15-00,18,14,4
2017-11-19-15-30-00,14,5,9
2017-11-19-15-45-00,24,13,11
2017-11-19-16-00-00,22,16,6
2017-11-19-16-15-00,23,14,9
2017-11-19-16-30-00,10,6,4
2017-11-19-16-45-00,13,12,1
2017-11-19-17-00-00,15,8,7
2017-11-19-17-15-00,8,4,4
2017-11-19-17-30-00,9,4,5
2017-11-19-17-45-00,1,1,0
2017-11-19-18-00-00,4,1,3
2017-11-19-18-15-00,0,0,0
2017-11-19-18-30-00,3,2,1
2017-11-19-18-45-00,1,1,0
2017-11-19-19-00-00,2,1,1
2017-11-19-19-15-00,5,3,2
2017-11-19-19-30-00,0,0,0
2017-11-19-19-45-00,2,0,2
2017-11-19-20-00-00,1,0,1
2017-11-19-20-15-00,0,0,0
2017-11-19-20-30-00,0,0,0
2017-11-19-20-45-00,2,0,2
2017-11-19-21-00-00,0,0,0
2017-11-19-21-15-00,0,0,0
2017-11-19-21-30-00,0,0,0
2017-11-19-21-45-00,0,0,0
2017-11-19-22-00-00,0,0,0
2017-11-19-22-15-00,1,0,1
2017-11-19-22-30-00,1,1,0
2017-11-19-22-45-00,1,1,0
2017-11-19-23-00-00,0,0,0
2017-11-19-23-15-00,1,1,0
2017-11-19-23-30-00,1,1,0
2017-11-19-23-45-00,0,0,0
2017-11-20-00-00-00,0,0,0
2017-11-20-00-15-00,0,0,0
2017-11-20-00-30-00,0,0,0
2017-11-20-00-45-00,0,0,0
2017-11-20-01-00-00,0,0,0
2017-11-20-01-15-00,0,0,0
2017-11-20-01-30-00,1,1,0
2017-11-20-01-45-00,0,0,0
2017-11-20-02-00-00,0,0,0
2017-11-20-02-15-00,0,0,0
2017-11-20-02-30-00,2,1,1
2017-11-20-02-45-00,0,0,0
2017-11-20-03-00-00,0,0,0
2017-11-20-03-15-00,0,0,0
2017-11-20-03-30-00,0,0,0
2017-11-20-03-45-00,0,0,0
2017-11-20-04-00-00,0,0,0
2017-11-20-04-15-00,0,0,0
2017-11-20-04-30-00,0,0,0
2017-11-20-04-45-00,0,0,0
2017-11-20-05-00-00,0,0,0
2017-11-20-05-15-00,1,0,1
2017-11-20-05-30-00,2,1,1
2017-11-20-05-45-00,4,0,4
2017-11-20-06-00-00,3,2,1
2017-11-20-06-15-00,4,2,2
2017-11-20-06-30-00,6,2,4
2017-11-20-06-45-00,9,5,4
2017-11-20-07-00-00,13,4,9
2017-11-20-07-15-00,23,6,17
2017-11-20-07-30-00,30,9,21
2017-11-20-07-45-00,41,15,26
2017-11-20-08-00-00,46,9,37
2017-11-20-08-15-00,28,8,20
2017-11-20-08-30-00,39,8,31
2017-11-20-08-45-00,36,7,29
2017-11-20-09-00-00,15,2,13
2017-11-20-09-15-00,16,4,12
2017-11-20-09-30-00,7,2,5
2017-11-20-09-45-00,10,3,7
2017-11-20-10-00-00,7,4,3
2017-11-20-10-15-00,2,1,1
2017-11-20-10-30-00,3,1,2
2017-11-20-10-45-00,6,3,3
2017-11-20-11-00-00,7,2,5
2017-11-20-11-15-00,5,4,1
2017-11-20-11-30-00,5,1,4
2017-11-20-11-45-00,9,5,4
2017-11-20-12-00-00,6,3,3
2017-11-20-12-15-00,5,1,4
2017-11-20-12-30-00,6,2,4
2017-11-20-12-45-00,5,3,2
2017-11-20-13-00-00,7,5,2
2017-11-20-13-15-00,9,1,8
2017-11-20-13-30-00,4,2,2
2017-11-20-13-45-00,7,6,1
2017-11-20-14-00-00,4,4,0
2017-11-20-14-15-00,7,6,1
2017-11-20-14-30-00,8,4,4
2017-11-20-14-45-00,12,8,4
2017-11-20-15-00-00,5,3,2
2017-11-20-15-15-00,7,7,0
2017-11-20-15-30-00,9,6,3
2017-11-20-15-45-00,15,13,2
2017-11-20-16-00-00,12,8,4
2017-11-20-16-15-00,24,21,3
2017-11-20-16-30-00,13,7,6
2017-11-20-16-45-00,21,14,7
2017-11-20-17-00-00,14,13,1
2017-11-20-17-15-00,24,17,7
2017-11-20-17-30-00,22,13,9
2017-11-20-17-45-00,24,15,9
2017-11-20-18-00-00,26,24,2
2017-11-20-18-15-00,16,9,7
2017-11-20-18-30-00,16,13,3
2017-11-20-18-45-00,6,3,3
2017-11-20-19-00-00,5,5,0
2017-11-20-19-15-00,12,10,2
2017-11-20-19-30-00,9,6,3
2017-11-20-19-45-00,3,3,0
2017-11-20-20-00-00,4,2,2
2017-11-20-20-15-00,4,4,0
2017-11-20-20-30-00,4,2,2
2017-11-20-20-45-00,7,5,2
2017-11-20-21-00-00,3,2,1
2017-11-20-21-15-00,1,0,1
2017-11-20-21-30-00,1,1,0
2017-11-20-21-45-00,1,1,0
2017-11-20-22-00-00,1,0,1
2017-11-20-22-15-00,2,1,1
2017-11-20-22-30-00,1,1,0
2017-11-20-22-45-00,2,0,2
2017-11-20-23-00-00,1,1,0
2017-11-20-23-15-00,0,0,0
2017-11-20-23-30-00,0,0,0
2017-11-20-23-45-00,0,0,0
2017-11-21-00-00-00,0,0,0
2017-11-21-00-15-00,0,0,0
2017-11-21-00-30-00,0,0,0
2017-11-21-00-45-00,0,0,0
2017-11-21-01-00-00,0,0,0
2017-11-21-01-15-00,0,0,0
2017-11-21-01-30-00,0,0,0
2017-11-21-01-45-00,0,0,0
2017-11-21-02-00-00,0,0,0
2017-11-21-02-15-00,1,1,0
2017-11-21-02-30-00,0,0,0
2017-11-21-02-45-00,0,0,0
2017-11-21-03-00-00,0,0,0
2017-11-21-03-15-00,0,0,0
2017-11-21-03-30-00,0,0,0
2017-11-21-03-45-00,0,0,0
2017-11-21-04-00-00,0,0,0
2017-11-21-04-15-00,0,0,0
2017-11-21-04-30-00,0,0,0
2017-11-21-04-45-00,0,0,0
2017-11-21-05-00-00,0,0,0
2017-11-21-05-15-00,0,0,0
2017-11-21-05-30-00,3,1,2
2017-11-21-05-45-00,5,0,5
2017-11-21-06-00-00,4,1,3
2017-11-21-06-15-00,4,2,2
2017-11-21-06-30-00,6,1,5
2017-11-21-06-45-00,8,5,3
2017-11-21-07-00-00,20,8,12
2017-11-21-07-15-00,23,4,19
2017-11-21-07-30-00,29,13,16
2017-11-21-07-45-00,32,5,27
2017-11-21-08-00-00,35,11,24
2017-11-21-08-15-00,25,1,24
2017-11-21-08-30-00,23,4,19
2017-11-21-08-45-00,28,3,25
2017-11-21-09-00-00,15,1,14
2017-11-21-09-15-00,16,6,10
2017-11-21-09-30-00,9,2,7
2017-11-21-09-45-00,2,0,2
2017-11-21-10-00-00,9,3,6
2017-11-21-10-15-00,4,2,2
2017-11-21-10-30-00,11,5,6
2017-11-21-10-45-00,2,1,1
2017-11-21-11-00-00,6,3,3
2017-11-21-11-15-00,7,4,3
2017-11-21-11-30-00,8,4,4
2017-11-21-11-45-00,5,1,4
2017-11-21-12-00-00,1,0,1
2017-11-21-12-15-00,7,4,3
2017-11-21-12-30-00,9,4,5
2017-11-21-12-45-00,5,2,3
2017-11-21-13-00-00,14,7,7
2017-11-21-13-15-00,4,3,1
2017-11-21-13-30-00,3,3,0
2017-11-21-13-45-00,9,6,3
2017-11-21-14-00-00,10,4,6
2017-11-21-14-15-00,7,5,2
2017-11-21-14-30-00,17,9,8
2017-11-21-14-45-00,15,9,6
2017-11-21-15-00-00,9,6,3
2017-11-21-15-15-00,17,10,7
2017-11-21-15-30-00,23,15,8
2017-11-21-15-45-00,11,6,5
2017-11-21-16-00-00,20,15,5
2017-11-21-16-15-00,15,8,7
2017-11-21-16-30-00,26,21,5
2017-11-21-16-45-00,31,27,4
2017-11-21-17-00-00,24,12,12
2017-11-21-17-15-00,25,20,5
2017-11-21-17-30-00,21,15,6
2017-11-21-17-45-00,31,18,13
2017-11-21-18-00-00,18,16,2
2017-11-21-18-15-00,18,11,7
2017-11-21-18-30-00,23,17,6
2017-11-21-18-45-00,13,8,5
2017-11-21-19-00-00,20,15,5
2017-11-21-19-15-00,14,13,1
2017-11-21-19-30-00,9,6,3
2017-11-21-19-45-00,6,4,2
2017-11-21-20-00-00,5,3,2
2017-11-21-20-15-00,8,6,2
2017-11-21-20-30-00,4,2,2
2017-11-21-20-45-00,6,5,1
2017-11-21-21-00-00,2,2,0
2017-11-21-21-15-00,2,1,1
2017-11-21-21-30-00,2,2,0
2017-11-21-21-45-00,1,0,1
2017-11-21-22-00-00,1,0,1
2017-11-21-22-15-00,2,0,2
2017-11-21-22-30-00,1,1,0
2017-11-21-22-45-00,0,0,0
2017-11-21-23-00-00,0,0,0
2017-11-21-23-15-00,0,0,0
2017-11-21-23-30-00,1,1,0
2017-11-21-23-45-00,0,0,0
2017-11-22-00-00-00,0,0,0
2017-11-22-00-15-00,0,0,0
2017-11-22-00-30-00,0,0,0
2017-11-22-00-45-00,0,0,0
2017-11-22-01-00-00,1,0,1
2017-11-22-01-15-00,1,1,0
2017-11-22-01-30-00,1,0,1
2017-11-22-01-45-00,0,0,0
2017-11-22-02-00-00,0,0,0
2017-11-22-02-15-00,1,1,0
2017-11-22-02-30-00,0,0,0
2017-11-22-02-45-00,0,0,0
2017-11-22-03-00-00,0,0,0
2017-11-22-03-15-00,0,0,0
2017-11-22-03-30-00,0,0,0
2017-11-22-03-45-00,0,0,0
2017-11-22-04-00-00,0,0,0
2017-11-22-04-15-00,0,0,0
2017-11-22-04-30-00,0,0,0
2017-11-22-04-45-00,0,0,0
2017-11-22-05-00-00,0,0,0
2017-11-22-05-15-00,1,0,1
2017-11-22-05-30-00,1,0,1
2017-11-22-05-45-00,7,1,6
2017-11-22-06-00-00,6,3,3
2017-11-22-06-15-00,8,4,4
2017-11-22-06-30-00,11,4,7
2017-11-22-06-45-00,14,7,7
2017-11-22-07-00-00,26,9,17
2017-11-22-07-15-00,26,11,15
2017-11-22-07-30-00,41,19,22
2017-11-22-07-45-00,36,10,26
2017-11-22-08-00-00,47,9,38
2017-11-22-08-15-00,59,10,49
2017-11-22-08-30-00,46,4,42
2017-11-22-08-45-00,29,3,26
2017-11-22-09-00-00,27,6,21
2017-11-22-09-15-00,24,6,18
2017-11-22-09-30-00,19,3,16
2017-11-22-09-45-00,22,9,13
2017-11-22-10-00-00,15,7,8
2017-11-22-10-15-00,15,9,6
2017-11-22-10-30-00,21,11,10
2017-11-22-10-45-00,11,6,5
2017-11-22-11-00-00,17,10,7
2017-11-22-11-15-00,14,5,9
2017-11-22-11-30-00,20,9,11
2017-11-22-11-45-00,24,13,11
2017-11-22-12-00-00,21,11,10
2017-11-22-12-15-00,30,18,12
2017-11-22-12-30-00,14,6,8
2017-11-22-12-45-00,24,11,13
2017-11-22-13-00-00,21,8,13
2017-11-22-13-15-00,28,16,12
2017-11-22-13-30-00,30,13,17
2017-11-22-13-45-00,37,25,12
2017-11-22-14-00-00,44,27,17
2017-11-22-14-15-00,36,15,21
2017-11-22-14-30-00,55,23,32
2017-11-22-14-45-00,55,22,33
2017-11-22-15-00-00,56,39,17
2017-11-22-15-15-00,43,23,20
2017-11-22-15-30-00,44,29,15
2017-11-22-15-45-00,46,27,19
2017-11-22-16-00-00,59,37,22
2017-11-22-16-15-00,60,34,26
2017-11-22-16-30-00,63,46,17
2017-11-22-16-45-00,65,42,23
2017-11-22-17-00-00,44,35,9
2017-11-22-17-15-00,46,32,14
2017-11-22-17-30-00,35,26,9
2017-11-22-17-45-00,29,19,10
2017-11-22-18-00-00,28,25,3
2017-11-22-18-15-00,31,26,5
2017-11-22-18-30-00,16,7,9
2017-11-22-18-45-00,29,14,15
2017-11-22-19-00-00,12,10,2
2017-11-22-19-15-00,12,8,4
2017-11-22-19-30-00,14,11,3
2017-11-22-19-45-00,11,8,3
2017-11-22-20-00-00,3,2,1
2017-11-22-20-15-00,9,4,5
2017-11-22-20-30-00,5,2,3
2017-11-22-20-45-00,5,1,4
2017-11-22-21-00-00,5,3,2
2017-11-22-21-15-00,5,3,2
2017-11-22-21-30-00,9,5,4
2017-11-22-21-45-00,0,0,0
2017-11-22-22-00-00,2,2,0
2017-11-22-22-15-00,4,3,1
2017-11-22-22-30-00,0,0,0
2017-11-22-22-45-00,2,2,0
2017-11-22-23-00-00,2,0,2
2017-11-22-23-15-00,0,0,0
2017-11-22-23-30-00,0,0,0
2017-11-22-23-45-00,0,0,0
2017-11-23-00-00-00,2,2,0
2017-11-23-00-15-00,0,0,0
2017-11-23-00-30-00,0,0,0
2017-11-23-00-45-00,0,0,0
2017-11-23-01-00-00,0,0,0
2017-11-23-01-15-00,0,0,0
2017-11-23-01-30-00,0,0,0
2017-11-23-01-45-00,0,0,0
2017-11-23-02-00-00,0,0,0
2017-11-23-02-15-00,1,1,0
2017-11-23-02-30-00,0,0,0
2017-11-23-02-45-00,0,0,0
2017-11-23-03-00-00,0,0,0
2017-11-23-03-15-00,0,0,0
2017-11-23-03-30-00,0,0,0
2017-11-23-03-45-00,0,0,0
2017-11-23-04-00-00,0,0,0
2017-11-23-04-15-00,0,0,0
2017-11-23-04-30-00,0,0,0
2017-11-23-04-45-00,1,0,1
2017-11-23-05-00-00,0,0,0
2017-11-23-05-15-00,0,0,0
2017-11-23-05-30-00,4,1,3
2017-11-23-05-45-00,5,1,4
2017-11-23-06-00-00,4,2,2
2017-11-23-06-15-00,3,2,1
2017-11-23-06-30-00,5,0,5
2017-11-23-06-45-00,14,5,9
2017-11-23-07-00-00,18,5,13
2017-11-23-07-15-00,25,8,17
2017-11-23-07-30-00,37,16,21
2017-11-23-07-45-00,32,6,26
2017-11-23-08-00-00,47,9,38
2017-11-23-08-15-00,47,10,37
2017-11-23-08-30-00,47,10,37
2017-11-23-08-45-00,45,9,36
2017-11-23-09-00-00,31,8,23
2017-11-23-09-15-00,25,5,20
2017-11-23-09-30-00,19,7,12
2017-11-23-09-45-00,16,7,9
2017-11-23-10-00-00,14,8,6
2017-11-23-10-15-00,11,3,8
2017-11-23-10-30-00,12,3,9
2017-11-23-10-45-00,10,4,6
2017-11-23-11-00-00,23,11,12
2017-11-23-11-15-00,20,10,10
2017-11-23-11-30-00,23,13,10
2017-11-23-11-45-00,12,8,4
2017-11-23-12-00-00,13,9,4
2017-11-23-12-15-00,16,14,2
2017-11-23-12-30-00,13,6,7
2017-11-23-12-45-00,10,5,5
2017-11-23-13-00-00,20,14,6
2017-11-23-13-15-00,25,13,12
2017-11-23-13-30-00,21,13,8
2017-11-23-13-45-00,7,6,1
2017-11-23-14-00-00,19,13,6
2017-11-23-14-15-00,18,10,8
2017-11-23-14-30-00,28,19,9
2017-11-23-14-45-00,24,13,11
2017-11-23-15-00-00,22,18,4
2017-11-23-15-15-00,40,30,10
2017-11-23-15-30-00,25,19,6
2017-11-23-15-45-00,18,13,5
2017-11-23-16-00-00,39,28,11
2017-11-23-16-15-00,33,23,10
2017-11-23-16-30-00,44,30,14
2017-11-23-16-45-00,40,28,12
2017-11-23-17-00-00,37,24,13
2017-11-23-17-15-00,44,25,19
2017-11-23-17-30-00,37,23,14
2017-11-23-17-45-00,32,25,7
2017-11-23-18-00-00,26,17,9
2017-11-23-18-15-00,22,12,10
2017-11-23-18-30-00,19,14,5
2017-11-23-18-45-00,20,19,1
2017-11-23-19-00-00,24,10,14
2017-11-23-19-15-00,11,7,4
2017-11-23-19-30-00,6,3,3
2017-11-23-19-45-00,7,5,2
2017-11-23-20-00-00,4,4,0
2017-11-23-20-15-00,5,2,3
2017-11-23-20-30-00,2,2,0
2017-11-23-20-45-00,4,4,0
2017-11-23-21-00-00,4,4,0
2017-11-23-21-15-00,5,3,2
2017-11-23-21-30-00,3,1,2
2017-11-23-21-45-00,4,4,0
2017-11-23-22-00-00,2,0,2
2017-11-23-22-15-00,1,0,1
2017-11-23-22-30-00,3,2,1
2017-11-23-22-45-00,2,1,1
2017-11-23-23-00-00,2,1,1
2017-11-23-23-15-00,2,0,2
2017-11-23-23-30-00,1,0,1
2017-11-23-23-45-00,1,1,0
2017-11-24-00-00-00,0,0,0
2017-11-24-00-15-00,2,0,2
2017-11-24-00-30-00,0,0,0
2017-11-24-00-45-00,0,0,0
2017-11-24-01-00-00,1,1,0
2017-11-24-01-15-00,0,0,0
2017-11-24-01-30-00,0,0,0
2017-11-24-01-45-00,0,0,0
2017-11-24-02-00-00,0,0,0
2017-11-24-02-15-00,1,1,0
2017-11-24-02-30-00,0,0,0
2017-11-24-02-45-00,0,0,0
2017-11-24-03-00-00,0,0,0
2017-11-24-03-15-00,0,0,0
2017-11-24-03-30-00,0,0,0
2017-11-24-03-45-00,0,0,0
2017-11-24-04-00-00,0,0,0
2017-11-24-04-15-00,0,0,0
2017-11-24-04-30-00,0,0,0
2017-11-24-04-45-00,0,0,0
2017-11-24-05-00-00,0,0,0
2017-11-24-05-15-00,0,0,0
2017-11-24-05-30-00,0,0,0
2017-11-24-05-45-00,2,0,2
2017-11-24-06-00-00,2,1,1
2017-11-24-06-15-00,6,3,3
2017-11-24-06-30-00,2,0,2
2017-11-24-06-45-00,9,4,5
2017-11-24-07-00-00,14,6,8
2017-11-24-07-15-00,12,5,7
2017-11-24-07-30-00,25,8,17
2017-11-24-07-45-00,38,11,27
2017-11-24-08-00-00,23,6,17
2017-11-24-08-15-00,21,6,15
2017-11-24-08-30-00,26,5,21
2017-11-24-08-45-00,23,1,22
2017-11-24-09-00-00,16,4,12
2017-11-24-09-15-00,16,4,12
2017-11-24-09-30-00,8,2,6
2017-11-24-09-45-00,7,3,4
2017-11-24-10-00-00,4,3,1
2017-11-24-10-15-00,3,0,3
2017-11-24-10-30-00,3,1,2
2017-11-24-10-45-00,2,1,1
2017-11-24-11-00-00,3,1,2
2017-11-24-11-15-00,6,1,5
2017-11-24-11-30-00,2,0,2
2017-11-24-11-45-00,1,0,1
2017-11-24-12-00-00,0,0,0
2017-11-24-12-15-00,5,3,2
2017-11-24-12-30-00,9,2,7
2017-11-24-12-45-00,4,2,2
2017-11-24-13-00-00,16,7,9
2017-11-24-13-15-00,9,6,3
2017-11-24-13-30-00,6,2,4
2017-11-24-13-45-00,9,6,3
2017-11-24-14-00-00,7,4,3
2017-11-24-14-15-00,12,10,2
2017-11-24-14-30-00,14,10,4
2017-11-24-14-45-00,15,11,4
2017-11-24-15-00-00,21,14,7
2017-11-24-15-15-00,15,11,4
2017-11-24-15-30-00,13,11,2
2017-11-24-15-45-00,21,16,5
2017-11-24-16-00-00,20,15,5
2017-11-24-16-15-00,34,22,12
2017-11-24-16-30-00,16,10,6
2017-11-24-16-45-00,13,10,3
2017-11-24-17-00-00,19,16,3
2017-11-24-17-15-00,10,6,4
2017-11-24-17-30-00,15,10,5
2017-11-24-17-45-00,15,12,3
2017-11-24-18-00-00,9,5,4
2017-11-24-18-15-00,5,3,2
2017-11-24-18-30-00,11,7,4
2017-11-24-18-45-00,8,7,1
2017-11-24-19-00-00,3,3,0
2017-11-24-19-15-00,11,8,3
2017-11-24-19-30-00,5,4,1
2017-11-24-19-45-00,3,1,2
2017-11-24-20-00-00,3,2,1
2017-11-24-20-15-00,0,0,0
2017-11-24-20-30-00,2,1,1
2017-11-24-20-45-00,3,2,1
2017-11-24-21-00-00,2,0,2
2017-11-24-21-15-00,1,1,0
2017-11-24-21-30-00,4,1,3
2017-11-24-21-45-00,3,2,1
2017-11-24-22-00-00,0,0,0
2017-11-24-22-15-00,2,1,1
2017-11-24-22-30-00,1,0,1
2017-11-24-22-45-00,3,0,3
2017-11-24-23-00-00,1,0,1
2017-11-24-23-15-00,2,0,2
2017-11-24-23-30-00,0,0,0
2017-11-24-23-45-00,0,0,0
2017-11-25-00-00-00,0,0,0
2017-11-25-00-15-00,0,0,0
2017-11-25-00-30-00,0,0,0
2017-11-25-00-45-00,0,0,0
2017-11-25-01-00-00,0,0,0
2017-11-25-01-15-00,0,0,0
2017-11-25-01-30-00,2,0,2
2017-11-25-01-45-00,0,0,0
2017-11-25-02-00-00,0,0,0
2017-11-25-02-15-00,0,0,0
2017-11-25-02-30-00,0,0,0
2017-11-25-02-45-00,0,0,0
2017-11-25-03-00-00,0,0,0
2017-11-25-03-15-00,0,0,0
2017-11-25-03-30-00,0,0,0
2017-11-25-03-45-00,0,0,0
2017-11-25-04-00-00,0,0,0
2017-11-25-04-15-00,1,0,1
2017-11-25-04-30-00,0,0,0
2017-11-25-04-45-00,0,0,0
2017-11-25-05-00-00,0,0,0
2017-11-25-05-15-00,0,0,0
2017-11-25-05-30-00,0,0,0
2017-11-25-05-45-00,0,0,0
2017-11-25-06-00-00,0,0,0
2017-11-25-06-15-00,2,0,2
2017-11-25-06-30-00,0,0,0
2017-11-25-06-45-00,0,0,0
2017-11-25-07-00-00,0,0,0
2017-11-25-07-15-00,3,2,1
2017-11-25-07-30-00,2,1,1
2017-11-25-07-45-00,1,0,1
2017-11-25-08-00-00,6,3,3
2017-11-25-08-15-00,5,1,4
2017-11-25-08-30-00,3,1,2
2017-11-25-08-45-00,4,1,3
2017-11-25-09-00-00,6,4,2
2017-11-25-09-15-00,8,2,6
2017-11-25-09-30-00,6,3,3
2017-11-25-09-45-00,18,8,10
2017-11-25-10-00-00,14,10,4
2017-11-25-10-15-00,10,1,9
2017-11-25-10-30-00,14,7,7
2017-11-25-10-45-00,11,6,5
2017-11-25-11-00-00,5,1,4
2017-11-25-11-15-00,8,5,3
2017-11-25-11-30-00,10,3,7
2017-11-25-11-45-00,3,3,0
2017-11-25-12-00-00,4,2,2
2017-11-25-12-15-00,10,7,3
2017-11-25-12-30-00,12,9,3
2017-11-25-12-45-00,14,7,7
2017-11-25-13-00-00,5,4,1
2017-11-25-13-15-00,8,5,3
2017-11-25-13-30-00,6,4,2
2017-11-25-13-45-00,15,12,3
2017-11-25-14-00-00,17,5,12
2017-11-25-14-15-00,6,5,1
2017-11-25-14-30-00,15,7,8
2017-11-25-14-45-00,11,7,4
2017-11-25-15-00-00,20,4,16
2017-11-25-15-15-00,10,8,2
2017-11-25-15-30-00,16,11,5
2017-11-25-15-45-00,13,6,7
2017-11-25-16-00-00,11,3,8
2017-11-25-16-15-00,9,3,6
2017-11-25-16-30-00,10,8,2
2017-11-25-16-45-00,13,10,3
2017-11-25-17-00-00,12,6,6
2017-11-25-17-15-00,5,3,2
2017-11-25-17-30-00,4,2,2
2017-11-25-17-45-00,3,2,1
2017-11-25-18-00-00,5,4,1
2017-11-25-18-15-00,0,0,0
2017-11-25-18-30-00,5,2,3
2017-11-25-18-45-00,4,3,1
2017-11-25-19-00-00,2,0,2
2017-11-25-19-15-00,2,1,1
2017-11-25-19-30-00,3,1,2
2017-11-25-19-45-00,4,1,3
2017-11-25-20-00-00,2,1,1
2017-11-25-20-15-00,1,1,0
2017-11-25-20-30-00,2,1,1
2017-11-25-20-45-00,3,2,1
2017-11-25-21-00-00,5,4,1
2017-11-25-21-15-00,0,0,0
2017-11-25-21-30-00,3,3,0
2017-11-25-21-45-00,1,1,0
2017-11-25-22-00-00,1,0,1
2017-11-25-22-15-00,2,1,1
2017-11-25-22-30-00,1,1,0
2017-11-25-22-45-00,0,0,0
2017-11-25-23-00-00,0,0,0
2017-11-25-23-15-00,1,1,0
2017-11-25-23-30-00,0,0,0
2017-11-25-23-45-00,0,0,0
2017-11-26-00-00-00,5,5,0
2017-11-26-00-15-00,0,0,0
2017-11-26-00-30-00,1,0,1
2017-11-26-00-45-00,0,0,0
2017-11-26-01-00-00,1,0,1
2017-11-26-01-15-00,0,0,0
2017-11-26-01-30-00,0,0,0
2017-11-26-01-45-00,0,0,0
2017-11-26-02-00-00,2,2,0
2017-11-26-02-15-00,0,0,0
2017-11-26-02-30-00,0,0,0
2017-11-26-02-45-00,0,0,0
2017-11-26-03-00-00,0,0,0
2017-11-26-03-15-00,0,0,0
2017-11-26-03-30-00,0,0,0
2017-11-26-03-45-00,0,0,0
2017-11-26-04-00-00,0,0,0
2017-11-26-04-15-00,0,0,0
2017-11-26-04-30-00,0,0,0
2017-11-26-04-45-00,0,0,0
2017-11-26-05-00-00,0,0,0
2017-11-26-05-15-00,0,0,0
2017-11-26-05-30-00,0,0,0
2017-11-26-05-45-00,0,0,0
2017-11-26-06-00-00,0,0,0
2017-11-26-06-15-00,0,0,0
2017-11-26-06-30-00,0,0,0
2017-11-26-06-45-00,0,0,0
2017-11-26-07-00-00,1,1,0
2017-11-26-07-15-00,2,0,2
2017-11-26-07-30-00,1,0,1
2017-11-26-07-45-00,0,0,0
2017-11-26-08-00-00,3,0,3
2017-11-26-08-15-00,1,0,1
2017-11-26-08-30-00,2,1,1
2017-11-26-08-45-00,3,0,3
2017-11-26-09-00-00,7,1,6
2017-11-26-09-15-00,12,1,11
2017-11-26-09-30-00,7,3,4
2017-11-26-09-45-00,6,4,2
2017-11-26-10-00-00,8,3,5
2017-11-26-10-15-00,11,5,6
2017-11-26-10-30-00,6,1,5
2017-11-26-10-45-00,19,8,11
2017-11-26-11-00-00,16,10,6
2017-11-26-11-15-00,14,7,7
2017-11-26-11-30-00,14,5,9
2017-11-26-11-45-00,26,15,11
2017-11-26-12-00-00,13,6,7
2017-11-26-12-15-00,14,8,6
2017-11-26-12-30-00,19,5,14
2017-11-26-12-45-00,24,13,11
2017-11-26-13-00-00,14,5,9
2017-11-26-13-15-00,19,9,10
2017-11-26-13-30-00,10,6,4
2017-11-26-13-45-00,18,8,10
2017-11-26-14-00-00,11,6,5
2017-11-26-14-15-00,19,11,8
2017-11-26-14-30-00,23,11,12
2017-11-26-14-45-00,21,13,8
2017-11-26-15-00-00,19,11,8
2017-11-26-15-15-00,17,12,5
2017-11-26-15-30-00,20,11,9
2017-11-26-15-45-00,15,8,7
2017-11-26-16-00-00,16,9,7
2017-11-26-16-15-00,13,8,5
2017-11-26-16-30-00,20,14,6
2017-11-26-16-45-00,18,10,8
2017-11-26-17-00-00,7,3,4
2017-11-26-17-15-00,10,4,6
2017-11-26-17-30-00,1,1,0
2017-11-26-17-45-00,5,4,1
2017-11-26-18-00-00,1,0,1
2017-11-26-18-15-00,3,2,1
2017-11-26-18-30-00,4,1,3
2017-11-26-18-45-00,2,2,0
2017-11-26-19-00-00,3,3,0
2017-11-26-19-15-00,6,3,3
2017-11-26-19-30-00,4,3,1
2017-11-26-19-45-00,1,1,0
2017-11-26-20-00-00,0,0,0
2017-11-26-20-15-00,0,0,0
2017-11-26-20-30-00,0,0,0
2017-11-26-20-45-00,3,0,3
2017-11-26-21-00-00,1,0,1
2017-11-26-21-15-00,2,1,1
2017-11-26-21-30-00,1,1,0
2017-11-26-21-45-00,0,0,0
2017-11-26-22-00-00,1,0,1
2017-11-26-22-15-00,3,0,3
2017-11-26-22-30-00,1,0,1
2017-11-26-22-45-00,1,1,0
2017-11-26-23-00-00,1,0,1
2017-11-26-23-15-00,2,0,2
2017-11-26-23-30-00,0,0,0
2017-11-26-23-45-00,0,0,0
2017-11-27-00-00-00,1,1,0
2017-11-27-00-15-00,0,0,0
2017-11-27-00-30-00,0,0,0
2017-11-27-00-45-00,0,0,0
2017-11-27-01-00-00,0,0,0
2017-11-27-01-15-00,0,0,0
2017-11-27-01-30-00,0,0,0
2017-11-27-01-45-00,0,0,0
2017-11-27-02-00-00,0,0,0
2017-11-27-02-15-00,1,1,0
2017-11-27-02-30-00,0,0,0
2017-11-27-02-45-00,0,0,0
2017-11-27-03-00-00,0,0,0
2017-11-27-03-15-00,0,0,0
2017-11-27-03-30-00,0,0,0
2017-11-27-03-45-00,0,0,0
2017-11-27-04-00-00,0,0,0
2017-11-27-04-15-00,0,0,0
2017-11-27-04-30-00,0,0,0
2017-11-27-04-45-00,1,0,1
2017-11-27-05-00-00,1,0,1
2017-11-27-05-15-00,0,0,0
2017-11-27-05-30-00,1,0,1
2017-11-27-05-45-00,3,2,1
2017-11-27-06-00-00,3,2,1
2017-11-27-06-15-00,3,1,2
2017-11-27-06-30-00,4,2,2
2017-11-27-06-45-00,11,5,6
2017-11-27-07-00-00,13,5,8
2017-11-27-07-15-00,22,7,15
2017-11-27-07-30-00,29,14,15
2017-11-27-07-45-00,29,8,21
2017-11-27-08-00-00,41,12,29
2017-11-27-08-15-00,34,10,24
2017-11-27-08-30-00,43,5,38
2017-11-27-08-45-00,26,3,23
2017-11-27-09-00-00,20,4,16
2017-11-27-09-15-00,6,1,5
2017-11-27-09-30-00,7,1,6
2017-11-27-09-45-00,10,4,6
2017-11-27-10-00-00,8,2,6
2017-11-27-10-15-00,5,1,4
2017-11-27-10-30-00,5,1,4
2017-11-27-10-45-00,3,1,2
2017-11-27-11-00-00,7,4,3
2017-11-27-11-15-00,2,0,2
2017-11-27-11-30-00,1,0,1
2017-11-27-11-45-00,3,0,3
2017-11-27-12-00-00,2,1,1
2017-11-27-12-15-00,6,3,3
2017-11-27-12-30-00,3,1,2
2017-11-27-12-45-00,3,1,2
2017-11-27-13-00-00,13,9,4
2017-11-27-13-15-00,5,3,2
2017-11-27-13-30-00,6,2,4
2017-11-27-13-45-00,8,8,0
2017-11-27-14-00-00,2,2,0
2017-11-27-14-15-00,4,2,2
2017-11-27-14-30-00,11,7,4
2017-11-27-14-45-00,6,4,2
2017-11-27-15-00-00,6,5,1
2017-11-27-15-15-00,10,9,1
2017-11-27-15-30-00,9,7,2
2017-11-27-15-45-00,12,6,6
2017-11-27-16-00-00,6,5,1
2017-11-27-16-15-00,22,15,7
2017-11-27-16-30-00,18,12,6
2017-11-27-16-45-00,15,10,5
2017-11-27-17-00-00,11,8,3
2017-11-27-17-15-00,25,14,11
2017-11-27-17-30-00,30,23,7
2017-11-27-17-45-00,29,20,9
2017-11-27-18-00-00,27,20,7
2017-11-27-18-15-00,16,15,1
2017-11-27-18-30-00,10,6,4
2017-11-27-18-45-00,13,8,5
2017-11-27-19-00-00,6,3,3
2017-11-27-19-15-00,9,7,2
2017-11-27-19-30-00,9,5,4
2017-11-27-19-45-00,5,3,2
2017-11-27-20-00-00,1,0,1
2017-11-27-20-15-00,4,3,1
2017-11-27-20-30-00,2,1,1
2017-11-27-20-45-00,6,1,5
2017-11-27-21-00-00,3,2,1
2017-11-27-21-15-00,1,1,0
2017-11-27-21-30-00,1,1,0
2017-11-27-21-45-00,3,3,0
2017-11-27-22-00-00,3,1,2
2017-11-27-22-15-00,0,0,0
2017-11-27-22-30-00,4,3,1
2017-11-27-22-45-00,1,1,0
2017-11-27-23-00-00,1,0,1
2017-11-27-23-15-00,0,0,0
2017-11-27-23-30-00,0,0,0
2017-11-27-23-45-00,2,2,0
2017-11-28-00-00-00,0,0,0
2017-11-28-00-15-00,0,0,0
2017-11-28-00-30-00,0,0,0
2017-11-28-00-45-00,0,0,0
2017-11-28-01-00-00,0,0,0
2017-11-28-01-15-00,0,0,0
2017-11-28-01-30-00,0,0,0
2017-11-28-01-45-00,0,0,0
2017-11-28-02-00-00,0,0,0
2017-11-28-02-15-00,0,0,0
2017-11-28-02-30-00,1,1,0
2017-11-28-02-45-00,0,0,0
2017-11-28-03-00-00,0,0,0
2017-11-28-03-15-00,0,0,0
2017-11-28-03-30-00,0,0,0
2017-11-28-03-45-00,0,0,0
2017-11-28-04-00-00,0,0,0
2017-11-28-04-15-00,0,0,0
2017-11-28-04-30-00,0,0,0
2017-11-28-04-45-00,0,0,0
2017-11-28-05-00-00,0,0,0
2017-11-28-05-15-00,1,0,1
2017-11-28-05-30-00,1,0,1
2017-11-28-05-45-00,3,0,3
2017-11-28-06-00-00,6,2,4
2017-11-28-06-15-00,5,3,2
2017-11-28-06-30-00,4,1,3
2017-11-28-06-45-00,10,5,5
2017-11-28-07-00-00,15,4,11
2017-11-28-07-15-00,14,4,10
2017-11-28-07-30-00,33,15,18
2017-11-28-07-45-00,19,8,11
2017-11-28-08-00-00,45,6,39
2017-11-28-08-15-00,43,12,31
2017-11-28-08-30-00,41,16,25
2017-11-28-08-45-00,34,6,28
2017-11-28-09-00-00,23,5,18
2017-11-28-09-15-00,24,5,19
2017-11-28-09-30-00,15,4,11
2017-11-28-09-45-00,14,6,8
2017-11-28-10-00-00,8,3,5
2017-11-28-10-15-00,14,6,8
2017-11-28-10-30-00,13,7,6
2017-11-28-10-45-00,20,12,8
2017-11-28-11-00-00,14,4,10
2017-11-28-11-15-00,14,8,6
2017-11-28-11-30-00,15,10,5
2017-11-28-11-45-00,21,10,11
2017-11-28-12-00-00,18,6,12
2017-11-28-12-15-00,17,10,7
2017-11-28-12-30-00,14,5,9
2017-11-28-12-45-00,17,10,7
2017-11-28-13-00-00,19,10,9
2017-11-28-13-15-00,18,12,6
2017-11-28-13-30-00,10,4,6
2017-11-28-13-45-00,19,13,6
2017-11-28-14-00-00,16,8,8
2017-11-28-14-15-00,18,13,5
2017-11-28-14-30-00,14,7,7
2017-11-28-14-45-00,20,12,8
2017-11-28-15-00-00,21,6,15
2017-11-28-15-15-00,28,14,14
2017-11-28-15-30-00,30,22,8
2017-11-28-15-45-00,33,21,12
2017-11-28-16-00-00,31,18,13
2017-11-28-16-15-00,28,22,6
2017-11-28-16-30-00,29,20,9
2017-11-28-16-45-00,29,23,6
2017-11-28-17-00-00,38,25,13
2017-11-28-17-15-00,25,19,6
2017-11-28-17-30-00,33,19,14
2017-11-28-17-45-00,32,23,9
2017-11-28-18-00-00,12,9,3
2017-11-28-18-15-00,19,14,5
2017-11-28-18-30-00,23,19,4
2017-11-28-18-45-00,14,13,1
2017-11-28-19-00-00,13,5,8
2017-11-28-19-15-00,8,5,3
2017-11-28-19-30-00,11,7,4
2017-11-28-19-45-00,6,4,2
2017-11-28-20-00-00,4,4,0
2017-11-28-20-15-00,3,3,0
2017-11-28-20-30-00,1,0,1
2017-11-28-20-45-00,5,2,3
2017-11-28-21-00-00,0,0,0
2017-11-28-21-15-00,2,0,2
2017-11-28-21-30-00,3,1,2
2017-11-28-21-45-00,1,0,1
2017-11-28-22-00-00,1,1,0
2017-11-28-22-15-00,4,3,1
2017-11-28-22-30-00,0,0,0
2017-11-28-22-45-00,1,0,1
2017-11-28-23-00-00,1,0,1
2017-11-28-23-15-00,1,0,1
2017-11-28-23-30-00,0,0,0
2017-11-28-23-45-00,0,0,0
2017-11-29-00-00-00,2,0,2
2017-11-29-00-15-00,0,0,0
2017-11-29-00-30-00,0,0,0
2017-11-29-00-45-00,0,0,0
2017-11-29-01-00-00,0,0,0
2017-11-29-01-15-00,0,0,0
2017-11-29-01-30-00,0,0,0
2017-11-29-01-45-00,0,0,0
2017-11-29-02-00-00,0,0,0
2017-11-29-02-15-00,0,0,0
2017-11-29-02-30-00,1,1,0
2017-11-29-02-45-00,0,0,0
2017-11-29-03-00-00,0,0,0
2017-11-29-03-15-00,0,0,0
2017-11-29-03-30-00,0,0,0
2017-11-29-03-45-00,0,0,0
2017-11-29-04-00-00,1,0,1
2017-11-29-04-15-00,0,0,0
2017-11-29-04-30-00,1,1,0
2017-11-29-04-45-00,0,0,0
2017-11-29-05-00-00,0,0,0
2017-11-29-05-15-00,0,0,0
2017-11-29-05-30-00,3,0,3
2017-11-29-05-45-00,2,1,1
2017-11-29-06-00-00,7,2,5
2017-11-29-06-15-00,8,3,5
2017-11-29-06-30-00,9,3,6
2017-11-29-06-45-00,11,5,6
2017-11-29-07-00-00,17,7,10
2017-11-29-07-15-00,28,12,16
2017-11-29-07-30-00,29,13,16
2017-11-29-07-45-00,40,9,31
2017-11-29-08-00-00,44,9,35
2017-11-29-08-15-00,41,9,32
2017-11-29-08-30-00,36,10,26
2017-11-29-08-45-00,39,4,35
2017-11-29-09-00-00,28,2,26
2017-11-29-09-15-00,21,4,17
2017-11-29-09-30-00,19,8,11
2017-11-29-09-45-00,15,4,11
2017-11-29-10-00-00,7,2,5
2017-11-29-10-15-00,6,2,4
2017-11-29-10-30-00,13,5,8
2017-11-29-10-45-00,12,7,5
2017-11-29-11-00-00,12,3,9
2017-11-29-11-15-00,10,5,5
2017-11-29-11-30-00,11,4,7
2017-11-29-11-45-00,13,8,5
2017-11-29-12-00-00,16,8,8
2017-11-29-12-15-00,17,4,13
2017-11-29-12-30-00,17,6,11
2017-11-29-12-45-00,10,3,7
2017-11-29-13-00-00,20,12,8
2017-11-29-13-15-00,18,10,8
2017-11-29-13-30-00,14,5,9
2017-11-29-13-45-00,20,13,7
2017-11-29-14-00-00,18,8,10
2017-11-29-14-15-00,19,9,10
2017-11-29-14-30-00,17,11,6
2017-11-29-14-45-00,20,9,11
2017-11-29-15-00-00,15,11,4
2017-11-29-15-15-00,20,14,6
2017-11-29-15-30-00,21,17,4
2017-11-29-15-45-00,24,16,8
2017-11-29-16-00-00,20,9,11
2017-11-29-16-15-00,36,29,7
2017-11-29-16-30-00,26,16,10
2017-11-29-16-45-00,27,19,8
2017-11-29-17-00-00,32,28,4
2017-11-29-17-15-00,21,12,9
2017-11-29-17-30-00,30,20,10
2017-11-29-17-45-00,20,17,3
2017-11-29-18-00-00,28,17,11
2017-11-29-18-15-00,20,11,9
2017-11-29-18-30-00,34,25,9
2017-11-29-18-45-00,13,10,3
2017-11-29-19-00-00,5,4,1
2017-11-29-19-15-00,4,2,2
2017-11-29-19-30-00,6,3,3
2017-11-29-19-45-00,6,5,1
2017-11-29-20-00-00,6,4,2
2017-11-29-20-15-00,3,2,1
2017-11-29-20-30-00,4,3,1
2017-11-29-20-45-00,4,1,3
2017-11-29-21-00-00,11,7,4
2017-11-29-21-15-00,4,2,2
2017-11-29-21-30-00,5,4,1
2017-11-29-21-45-00,0,0,0
2017-11-29-22-00-00,4,3,1
2017-11-29-22-15-00,0,0,0
2017-11-29-22-30-00,2,1,1
2017-11-29-22-45-00,0,0,0
2017-11-29-23-00-00,0,0,0
2017-11-29-23-15-00,2,1,1
2017-11-29-23-30-00,2,1,1
2017-11-29-23-45-00,0,0,0
2017-11-30-00-00-00,1,1,0
2017-11-30-00-15-00,0,0,0
2017-11-30-00-30-00,0,0,0
2017-11-30-00-45-00,0,0,0
2017-11-30-01-00-00,0,0,0
2017-11-30-01-15-00,0,0,0
2017-11-30-01-30-00,0,0,0
2017-11-30-01-45-00,0,0,0
2017-11-30-02-00-00,0,0,0
2017-11-30-02-15-00,0,0,0
2017-11-30-02-30-00,1,1,0
2017-11-30-02-45-00,0,0,0
2017-11-30-03-00-00,0,0,0
2017-11-30-03-15-00,0,0,0
2017-11-30-03-30-00,0,0,0
2017-11-30-03-45-00,0,0,0
2017-11-30-04-00-00,0,0,0
2017-11-30-04-15-00,0,0,0
2017-11-30-04-30-00,1,0,1
2017-11-30-04-45-00,2,1,1
2017-11-30-05-00-00,0,0,0
2017-11-30-05-15-00,0,0,0
2017-11-30-05-30-00,1,0,1
2017-11-30-05-45-00,2,1,1
2017-11-30-06-00-00,4,0,4
2017-11-30-06-15-00,7,4,3
2017-11-30-06-30-00,7,2,5
2017-11-30-06-45-00,6,2,4
2017-11-30-07-00-00,13,8,5
2017-11-30-07-15-00,17,2,15
2017-11-30-07-30-00,10,5,5
2017-11-30-07-45-00,31,12,19
2017-11-30-08-00-00,22,5,17
2017-11-30-08-15-00,27,10,17
2017-11-30-08-30-00,29,5,24
2017-11-30-08-45-00,37,4,33
2017-11-30-09-00-00,9,2,7
2017-11-30-09-15-00,14,4,10
2017-11-30-09-30-00,8,5,3
2017-11-30-09-45-00,12,4,8
2017-11-30-10-00-00,7,2,5
2017-11-30-10-15-00,5,3,2
2017-11-30-10-30-00,7,2,5
2017-11-30-10-45-00,8,5,3
2017-11-30-11-00-00,7,3,4
2017-11-30-11-15-00,6,3,3
2017-11-30-11-30-00,8,3,5
2017-11-30-11-45-00,5,3,2
2017-11-30-12-00-00,4,2,2
2017-11-30-12-15-00,3,1,2
2017-11-30-12-30-00,5,2,3
2017-11-30-12-45-00,4,3,1
2017-11-30-13-00-00,11,6,5
2017-11-30-13-15-00,8,3,5
2017-11-30-13-30-00,9,6,3
2017-11-30-13-45-00,8,6,2
2017-11-30-14-00-00,10,2,8
2017-11-30-14-15-00,10,5,5
2017-11-30-14-30-00,10,6,4
2017-11-30-14-45-00,11,9,2
2017-11-30-15-00-00,7,5,2
2017-11-30-15-15-00,14,10,4
2017-11-30-15-30-00,18,14,4
2017-11-30-15-45-00,14,8,6
2017-11-30-16-00-00,14,10,4
2017-11-30-16-15-00,23,18,5
2017-11-30-16-30-00,15,9,6
2017-11-30-16-45-00,18,13,5
2017-11-30-17-00-00,23,16,7
2017-11-30-17-15-00,21,19,2
2017-11-30-17-30-00,22,15,7
2017-11-30-17-45-00,19,14,5
2017-11-30-18-00-00,12,7,5
2017-11-30-18-15-00,19,14,5
2017-11-30-18-30-00,6,3,3
2017-11-30-18-45-00,16,12,4
2017-11-30-19-00-00,6,5,1
2017-11-30-19-15-00,10,5,5
2017-11-30-19-30-00,11,8,3
2017-11-30-19-45-00,5,0,5
2017-11-30-20-00-00,2,1,1
2017-11-30-20-15-00,3,2,1
2017-11-30-20-30-00,5,3,2
2017-11-30-20-45-00,0,0,0
2017-11-30-21-00-00,2,2,0
2017-11-30-21-15-00,6,4,2
2017-11-30-21-30-00,3,0,3
2017-11-30-21-45-00,2,1,1
2017-11-30-22-00-00,2,0,2
2017-11-30-22-15-00,0,0,0
2017-11-30-22-30-00,1,1,0
2017-11-30-22-45-00,0,0,0
2017-11-30-23-00-00,1,1,0
2017-11-30-23-15-00,0,0,0
2017-11-30-23-30-00,2,0,2
2017-11-30-23-45-00,1,0,1
2017-12-01-00-00-00,0,0,0
2017-12-01-00-15-00,0,0,0
2017-12-01-00-30-00,2,0,2
2017-12-01-00-45-00,0,0,0
2017-12-01-01-00-00,0,0,0
2017-12-01-01-15-00,0,0,0
2017-12-01-01-30-00,1,0,1
2017-12-01-01-45-00,1,0,1
2017-12-01-02-00-00,0,0,0
2017-12-01-02-15-00,0,0,0
2017-12-01-02-30-00,1,1,0
2017-12-01-02-45-00,0,0,0
2017-12-01-03-00-00,0,0,0
2017-12-01-03-15-00,0,0,0
2017-12-01-03-30-00,0,0,0
2017-12-01-03-45-00,0,0,0
2017-12-01-04-00-00,0,0,0
2017-12-01-04-15-00,0,0,0
2017-12-01-04-30-00,0,0,0
2017-12-01-04-45-00,1,0,1
2017-12-01-05-00-00,0,0,0
2017-12-01-05-15-00,0,0,0
2017-12-01-05-30-00,0,0,0
2017-12-01-05-45-00,3,0,3
2017-12-01-06-00-00,6,1,5
2017-12-01-06-15-00,6,2,4
2017-12-01-06-30-00,7,3,4
2017-12-01-06-45-00,11,5,6
2017-12-01-07-00-00,8,3,5
2017-12-01-07-15-00,20,5,15
2017-12-01-07-30-00,20,10,10
2017-12-01-07-45-00,30,10,20
2017-12-01-08-00-00,31,5,26
2017-12-01-08-15-00,22,4,18
2017-12-01-08-30-00,16,3,13
2017-12-01-08-45-00,27,4,23
2017-12-01-09-00-00,16,8,8
2017-12-01-09-15-00,12,3,9
2017-12-01-09-30-00,9,4,5
2017-12-01-09-45-00,7,2,5
2017-12-01-10-00-00,5,1,4
2017-12-01-10-15-00,6,3,3
2017-12-01-10-30-00,7,4,3
2017-12-01-10-45-00,5,1,4
2017-12-01-11-00-00,3,3,0
2017-12-01-11-15-00,7,3,4
2017-12-01-11-30-00,8,4,4
2017-12-01-11-45-00,3,2,1
2017-12-01-12-00-00,8,4,4
2017-12-01-12-15-00,6,3,3
2017-12-01-12-30-00,4,4,0
2017-12-01-12-45-00,1,0,1
2017-12-01-13-00-00,12,6,6
2017-12-01-13-15-00,13,6,7
2017-12-01-13-30-00,14,9,5
2017-12-01-13-45-00,9,7,2
2017-12-01-14-00-00,10,10,0
2017-12-01-14-15-00,19,12,7
2017-12-01-14-30-00,17,12,5
2017-12-01-14-45-00,17,11,6
2017-12-01-15-00-00,12,8,4
2017-12-01-15-15-00,20,13,7
2017-12-01-15-30-00,15,5,10
2017-12-01-15-45-00,19,15,4
2017-12-01-16-00-00,15,10,5
2017-12-01-16-15-00,26,22,4
2017-12-01-16-30-00,18,14,4
2017-12-01-16-45-00,25,16,9
2017-12-01-17-00-00,25,15,10
2017-12-01-17-15-00,13,7,6
2017-12-01-17-30-00,13,6,7
2017-12-01-17-45-00,8,7,1
2017-12-01-18-00-00,11,5,6
2017-12-01-18-15-00,14,10,4
2017-12-01-18-30-00,5,4,1
2017-12-01-18-45-00,10,9,1
2017-12-01-19-00-00,11,9,2
2017-12-01-19-15-00,7,3,4
2017-12-01-19-30-00,3,2,1
2017-12-01-19-45-00,3,2,1
2017-12-01-20-00-00,2,0,2
2017-12-01-20-15-00,2,2,0
2017-12-01-20-30-00,1,0,1
2017-12-01-20-45-00,4,1,3
2017-12-01-21-00-00,2,2,0
2017-12-01-21-15-00,2,0,2
2017-12-01-21-30-00,5,0,5
2017-12-01-21-45-00,0,0,0
2017-12-01-22-00-00,3,0,3
2017-12-01-22-15-00,1,0,1
2017-12-01-22-30-00,2,1,1
2017-12-01-22-45-00,1,0,1
2017-12-01-23-00-00,0,0,0
2017-12-01-23-15-00,1,0,1
2017-12-01-23-30-00,0,0,0
2017-12-01-23-45-00,1,1,0
2017-12-02-00-00-00,0,0,0
2017-12-02-00-15-00,0,0,0
2017-12-02-00-30-00,1,0,1
2017-12-02-00-45-00,3,2,1
2017-12-02-01-00-00,2,0,2
2017-12-02-01-15-00,0,0,0
2017-12-02-01-30-00,0,0,0
2017-12-02-01-45-00,0,0,0
2017-12-02-02-00-00,0,0,0
2017-12-02-02-15-00,0,0,0
2017-12-02-02-30-00,1,1,0
2017-12-02-02-45-00,2,2,0
2017-12-02-03-00-00,0,0,0
2017-12-02-03-15-00,0,0,0
2017-12-02-03-30-00,0,0,0
2017-12-02-03-45-00,0,0,0
2017-12-02-04-00-00,0,0,0
2017-12-02-04-15-00,0,0,0
2017-12-02-04-30-00,0,0,0
2017-12-02-04-45-00,2,2,0
2017-12-02-05-00-00,0,0,0
2017-12-02-05-15-00,1,1,0
2017-12-02-05-30-00,0,0,0
2017-12-02-05-45-00,1,0,1
2017-12-02-06-00-00,1,1,0
2017-12-02-06-15-00,0,0,0
2017-12-02-06-30-00,1,1,0
2017-12-02-06-45-00,0,0,0
2017-12-02-07-00-00,1,0,1
2017-12-02-07-15-00,0,0,0
2017-12-02-07-30-00,1,1,0
2017-12-02-07-45-00,1,0,1
2017-12-02-08-00-00,2,1,1
2017-12-02-08-15-00,2,0,2
2017-12-02-08-30-00,4,2,2
2017-12-02-08-45-00,5,2,3
2017-12-02-09-00-00,3,2,1
2017-12-02-09-15-00,1,0,1
2017-12-02-09-30-00,7,5,2
2017-12-02-09-45-00,6,4,2
2017-12-02-10-00-00,9,3,6
2017-12-02-10-15-00,6,3,3
2017-12-02-10-30-00,11,7,4
2017-12-02-10-45-00,10,6,4
2017-12-02-11-00-00,5,1,4
2017-12-02-11-15-00,8,5,3
2017-12-02-11-30-00,15,11,4
2017-12-02-11-45-00,10,2,8
2017-12-02-12-00-00,5,5,0
2017-12-02-12-15-00,9,4,5
2017-12-02-12-30-00,12,6,6
2017-12-02-12-45-00,3,0,3
2017-12-02-13-00-00,10,3,7
2017-12-02-13-15-00,7,6,1
2017-12-02-13-30-00,7,4,3
2017-12-02-13-45-00,11,4,7
2017-12-02-14-00-00,11,6,5
2017-12-02-14-15-00,6,0,6
2017-12-02-14-30-00,6,1,5
2017-12-02-14-45-00,7,4,3
2017-12-02-15-00-00,4,3,1
2017-12-02-15-15-00,3,3,0
2017-12-02-15-30-00,10,6,4
2017-12-02-15-45-00,4,1,3
2017-12-02-16-00-00,7,2,5
2017-12-02-16-15-00,14,7,7
2017-12-02-16-30-00,13,6,7
2017-12-02-16-45-00,3,3,0
2017-12-02-17-00-00,3,2,1
2017-12-02-17-15-00,2,1,1
2017-12-02-17-30-00,4,2,2
2017-12-02-17-45-00,5,0,5
2017-12-02-18-00-00,2,1,1
2017-12-02-18-15-00,3,3,0
2017-12-02-18-30-00,3,3,0
2017-12-02-18-45-00,3,1,2
2017-12-02-19-00-00,5,4,1
2017-12-02-19-15-00,3,0,3
2017-12-02-19-30-00,11,3,8
2017-12-02-19-45-00,3,3,0
2017-12-02-20-00-00,9,5,4
2017-12-02-20-15-00,1,1,0
2017-12-02-20-30-00,0,0,0
2017-12-02-20-45-00,2,1,1
2017-12-02-21-00-00,1,0,1
2017-12-02-21-15-00,2,0,2
2017-12-02-21-30-00,2,2,0
2017-12-02-21-45-00,1,0,1
2017-12-02-22-00-00,0,0,0
2017-12-02-22-15-00,0,0,0
2017-12-02-22-30-00,0,0,0
2017-12-02-22-45-00,0,0,0
2017-12-02-23-00-00,0,0,0
2017-12-02-23-15-00,3,3,0
2017-12-02-23-30-00,3,3,0
2017-12-02-23-45-00,0,0,0
2017-12-03-00-00-00,4,0,4
2017-12-03-00-15-00,0,0,0
2017-12-03-00-30-00,0,0,0
2017-12-03-00-45-00,0,0,0
2017-12-03-01-00-00,3,1,2
2017-12-03-01-15-00,0,0,0
2017-12-03-01-30-00,1,1,0
2017-12-03-01-45-00,0,0,0
2017-12-03-02-00-00,1,0,1
2017-12-03-02-15-00,1,0,1
2017-12-03-02-30-00,0,0,0
2017-12-03-02-45-00,0,0,0
2017-12-03-03-00-00,1,1,0
2017-12-03-03-15-00,0,0,0
2017-12-03-03-30-00,0,0,0
2017-12-03-03-45-00,0,0,0
2017-12-03-04-00-00,0,0,0
2017-12-03-04-15-00,0,0,0
2017-12-03-04-30-00,0,0,0
2017-12-03-04-45-00,0,0,0
2017-12-03-05-00-00,0,0,0
2017-12-03-05-15-00,0,0,0
2017-12-03-05-30-00,0,0,0
2017-12-03-05-45-00,0,0,0
2017-12-03-06-00-00,0,0,0
2017-12-03-06-15-00,0,0,0
2017-12-03-06-30-00,0,0,0
2017-12-03-06-45-00,0,0,0
2017-12-03-07-00-00,1,0,1
2017-12-03-07-15-00,2,1,1
2017-12-03-07-30-00,1,0,1
2017-12-03-07-45-00,1,0,1
2017-12-03-08-00-00,1,1,0
2017-12-03-08-15-00,6,4,2
2017-12-03-08-30-00,0,0,0
2017-12-03-08-45-00,2,0,2
2017-12-03-09-00-00,4,1,3
2017-12-03-09-15-00,2,2,0
2017-12-03-09-30-00,3,1,2
2017-12-03-09-45-00,1,1,0
2017-12-03-10-00-00,7,3,4
2017-12-03-10-15-00,3,3,0
2017-12-03-10-30-00,2,2,0
2017-12-03-10-45-00,5,3,2
2017-12-03-11-00-00,1,1,0
2017-12-03-11-15-00,2,1,1
2017-12-03-11-30-00,3,1,2
2017-12-03-11-45-00,1,1,0
2017-12-03-12-00-00,1,1,0
2017-12-03-12-15-00,2,1,1
2017-12-03-12-30-00,3,2,1
2017-12-03-12-45-00,6,0,6
2017-12-03-13-00-00,2,0,2
2017-12-03-13-15-00,2,0,2
2017-12-03-13-30-00,2,2,0
2017-12-03-13-45-00,5,2,3
2017-12-03-14-00-00,3,2,1
2017-12-03-14-15-00,5,4,1
2017-12-03-14-30-00,3,2,1
2017-12-03-14-45-00,3,2,1
2017-12-03-15-00-00,7,4,3
2017-12-03-15-15-00,6,4,2
2017-12-03-15-30-00,7,4,3
2017-12-03-15-45-00,5,2,3
2017-12-03-16-00-00,6,4,2
2017-12-03-16-15-00,3,1,2
2017-12-03-16-30-00,1,1,0
2017-12-03-16-45-00,2,2,0
2017-12-03-17-00-00,3,3,0
2017-12-03-17-15-00,4,3,1
2017-12-03-17-30-00,0,0,0
2017-12-03-17-45-00,4,3,1
2017-12-03-18-00-00,1,0,1
2017-12-03-18-15-00,2,2,0
2017-12-03-18-30-00,1,1,0
2017-12-03-18-45-00,0,0,0
2017-12-03-19-00-00,3,1,2
2017-12-03-19-15-00,1,0,1
2017-12-03-19-30-00,2,1,1
2017-12-03-19-45-00,0,0,0
2017-12-03-20-00-00,1,0,1
2017-12-03-20-15-00,1,0,1
2017-12-03-20-30-00,1,1,0
2017-12-03-20-45-00,0,0,0
2017-12-03-21-00-00,0,0,0
2017-12-03-21-15-00,3,0,3
2017-12-03-21-30-00,1,1,0
2017-12-03-21-45-00,0,0,0
2017-12-03-22-00-00,0,0,0
2017-12-03-22-15-00,2,2,0
2017-12-03-22-30-00,0,0,0
2017-12-03-22-45-00,1,0,1
2017-12-03-23-00-00,0,0,0
2017-12-03-23-15-00,0,0,0
2017-12-03-23-30-00,0,0,0
2017-12-03-23-45-00,1,1,0
2017-12-04-00-00-00,0,0,0
2017-12-04-00-15-00,0,0,0
2017-12-04-00-30-00,0,0,0
2017-12-04-00-45-00,0,0,0
2017-12-04-01-00-00,0,0,0
2017-12-04-01-15-00,0,0,0
2017-12-04-01-30-00,0,0,0
2017-12-04-01-45-00,0,0,0
2017-12-04-02-00-00,0,0,0
2017-12-04-02-15-00,0,0,0
2017-12-04-02-30-00,0,0,0
2017-12-04-02-45-00,0,0,0
2017-12-04-03-00-00,0,0,0
2017-12-04-03-15-00,1,0,1
2017-12-04-03-30-00,0,0,0
2017-12-04-03-45-00,0,0,0
2017-12-04-04-00-00,0,0,0
2017-12-04-04-15-00,0,0,0
2017-12-04-04-30-00,0,0,0
2017-12-04-04-45-00,0,0,0
2017-12-04-05-00-00,0,0,0
2017-12-04-05-15-00,0,0,0
2017-12-04-05-30-00,1,1,0
2017-12-04-05-45-00,1,0,1
2017-12-04-06-00-00,5,1,4
2017-12-04-06-15-00,3,1,2
2017-12-04-06-30-00,5,2,3
2017-12-04-06-45-00,4,2,2
2017-12-04-07-00-00,14,3,11
2017-12-04-07-15-00,25,11,14
2017-12-04-07-30-00,33,11,22
2017-12-04-07-45-00,21,5,16
2017-12-04-08-00-00,28,7,21
2017-12-04-08-15-00,33,8,25
2017-12-04-08-30-00,26,1,25
2017-12-04-08-45-00,27,5,22
2017-12-04-09-00-00,22,5,17
2017-12-04-09-15-00,12,4,8
2017-12-04-09-30-00,5,2,3
2017-12-04-09-45-00,10,5,5
2017-12-04-10-00-00,11,6,5
2017-12-04-10-15-00,10,2,8
2017-12-04-10-30-00,8,0,8
2017-12-04-10-45-00,8,3,5
2017-12-04-11-00-00,7,2,5
2017-12-04-11-15-00,5,1,4
2017-12-04-11-30-00,3,2,1
2017-12-04-11-45-00,5,0,5
2017-12-04-12-00-00,5,2,3
2017-12-04-12-15-00,4,2,2
2017-12-04-12-30-00,12,5,7
2017-12-04-12-45-00,2,1,1
2017-12-04-13-00-00,6,4,2
2017-12-04-13-15-00,5,4,1
2017-12-04-13-30-00,6,2,4
2017-12-04-13-45-00,7,3,4
2017-12-04-14-00-00,11,6,5
2017-12-04-14-15-00,6,6,0
2017-12-04-14-30-00,6,5,1
2017-12-04-14-45-00,10,6,4
2017-12-04-15-00-00,4,3,1
2017-12-04-15-15-00,13,11,2
2017-12-04-15-30-00,8,5,3
2017-12-04-15-45-00,13,6,7
2017-12-04-16-00-00,18,12,6
2017-12-04-16-15-00,28,24,4
2017-12-04-16-30-00,28,16,12
2017-12-04-16-45-00,28,23,5
2017-12-04-17-00-00,19,11,8
2017-12-04-17-15-00,19,14,5
2017-12-04-17-30-00,23,17,6
2017-12-04-17-45-00,19,15,4
2017-12-04-18-00-00,19,14,5
2017-12-04-18-15-00,19,15,4
2017-12-04-18-30-00,13,12,1
2017-12-04-18-45-00,12,10,2
2017-12-04-19-00-00,9,5,4
2017-12-04-19-15-00,12,9,3
2017-12-04-19-30-00,6,5,1
2017-12-04-19-45-00,5,4,1
2017-12-04-20-00-00,9,6,3
2017-12-04-20-15-00,6,5,1
2017-12-04-20-30-00,2,0,2
2017-12-04-20-45-00,4,1,3
2017-12-04-21-00-00,2,1,1
2017-12-04-21-15-00,0,0,0
2017-12-04-21-30-00,0,0,0
2017-12-04-21-45-00,0,0,0
2017-12-04-22-00-00,3,3,0
2017-12-04-22-15-00,0,0,0
2017-12-04-22-30-00,1,0,1
2017-12-04-22-45-00,0,0,0
2017-12-04-23-00-00,0,0,0
2017-12-04-23-15-00,1,0,1
2017-12-04-23-30-00,0,0,0
2017-12-04-23-45-00,1,1,0
2017-12-05-00-00-00,0,0,0
2017-12-05-00-15-00,0,0,0
2017-12-05-00-30-00,1,0,1
2017-12-05-00-45-00,0,0,0
2017-12-05-01-00-00,0,0,0
2017-12-05-01-15-00,0,0,0
2017-12-05-01-30-00,0,0,0
2017-12-05-01-45-00,0,0,0
2017-12-05-02-00-00,0,0,0
2017-12-05-02-15-00,1,0,1
2017-12-05-02-30-00,0,0,0
2017-12-05-02-45-00,0,0,0
2017-12-05-03-00-00,0,0,0
2017-12-05-03-15-00,0,0,0
2017-12-05-03-30-00,0,0,0
2017-12-05-03-45-00,0,0,0
2017-12-05-04-00-00,0,0,0
2017-12-05-04-15-00,0,0,0
2017-12-05-04-30-00,0,0,0
2017-12-05-04-45-00,0,0,0
2017-12-05-05-00-00,0,0,0
2017-12-05-05-15-00,0,0,0
2017-12-05-05-30-00,2,0,2
2017-12-05-05-45-00,1,0,1
2017-12-05-06-00-00,4,2,2
2017-12-05-06-15-00,2,1,1
2017-12-05-06-30-00,2,0,2
2017-12-05-06-45-00,16,5,11
2017-12-05-07-00-00,10,3,7
2017-12-05-07-15-00,18,6,12
2017-12-05-07-30-00,28,10,18
2017-12-05-07-45-00,39,15,24
2017-12-05-08-00-00,42,8,34
2017-12-05-08-15-00,42,8,34
2017-12-05-08-30-00,33,6,27
2017-12-05-08-45-00,43,7,36
2017-12-05-09-00-00,22,2,20
2017-12-05-09-15-00,21,4,17
2017-12-05-09-30-00,16,7,9
2017-12-05-09-45-00,8,4,4
2017-12-05-10-00-00,14,8,6
2017-12-05-10-15-00,19,5,14
2017-12-05-10-30-00,12,8,4
2017-12-05-10-45-00,11,2,9
2017-12-05-11-00-00,10,2,8
2017-12-05-11-15-00,6,4,2
2017-12-05-11-30-00,5,3,2
2017-12-05-11-45-00,7,2,5
2017-12-05-12-00-00,11,7,4
2017-12-05-12-15-00,13,8,5
2017-12-05-12-30-00,8,4,4
2017-12-05-12-45-00,16,4,12
2017-12-05-13-00-00,13,4,9
2017-12-05-13-15-00,20,9,11
2017-12-05-13-30-00,12,8,4
2017-12-05-13-45-00,7,4,3
2017-12-05-14-00-00,17,6,11
2017-12-05-14-15-00,21,11,10
2017-12-05-14-30-00,18,7,11
2017-12-05-14-45-00,14,5,9
2017-12-05-15-00-00,13,9,4
2017-12-05-15-15-00,31,21,10
2017-12-05-15-30-00,27,19,8
2017-12-05-15-45-00,23,17,6
2017-12-05-16-00-00,17,10,7
2017-12-05-16-15-00,31,20,11
2017-12-05-16-30-00,29,20,9
2017-12-05-16-45-00,33,23,10
2017-12-05-17-00-00,27,24,3
2017-12-05-17-15-00,28,23,5
2017-12-05-17-30-00,34,24,10
2017-12-05-17-45-00,23,18,5
2017-12-05-18-00-00,25,20,5
2017-12-05-18-15-00,21,13,8
2017-12-05-18-30-00,25,20,5
2017-12-05-18-45-00,20,9,11
2017-12-05-19-00-00,12,5,7
2017-12-05-19-15-00,10,6,4
2017-12-05-19-30-00,9,5,4
2017-12-05-19-45-00,9,6,3
2017-12-05-20-00-00,4,2,2
2017-12-05-20-15-00,1,0,1
2017-12-05-20-30-00,3,0,3
2017-12-05-20-45-00,7,4,3
2017-12-05-21-00-00,2,1,1
2017-12-05-21-15-00,1,0,1
2017-12-05-21-30-00,2,0,2
2017-12-05-21-45-00,0,0,0
2017-12-05-22-00-00,0,0,0
2017-12-05-22-15-00,2,1,1
2017-12-05-22-30-00,1,1,0
2017-12-05-22-45-00,0,0,0
2017-12-05-23-00-00,1,0,1
2017-12-05-23-15-00,1,1,0
2017-12-05-23-30-00,1,1,0
2017-12-05-23-45-00,0,0,0
2017-12-06-00-00-00,1,1,0
2017-12-06-00-15-00,0,0,0
2017-12-06-00-30-00,0,0,0
2017-12-06-00-45-00,2,2,0
2017-12-06-01-00-00,0,0,0
2017-12-06-01-15-00,0,0,0
2017-12-06-01-30-00,0,0,0
2017-12-06-01-45-00,0,0,0
2017-12-06-02-00-00,0,0,0
2017-12-06-02-15-00,0,0,0
2017-12-06-02-30-00,1,0,1
2017-12-06-02-45-00,0,0,0
2017-12-06-03-00-00,1,0,1
2017-12-06-03-15-00,0,0,0
2017-12-06-03-30-00,0,0,0
2017-12-06-03-45-00,0,0,0
2017-12-06-04-00-00,0,0,0
2017-12-06-04-15-00,0,0,0
2017-12-06-04-30-00,1,0,1
2017-12-06-04-45-00,0,0,0
2017-12-06-05-00-00,0,0,0
2017-12-06-05-15-00,0,0,0
2017-12-06-05-30-00,0,0,0
2017-12-06-05-45-00,3,1,2
2017-12-06-06-00-00,4,2,2
2017-12-06-06-15-00,3,2,1
2017-12-06-06-30-00,7,2,5
2017-12-06-06-45-00,14,6,8
2017-12-06-07-00-00,23,11,12
2017-12-06-07-15-00,27,10,17
2017-12-06-07-30-00,28,12,16
2017-12-06-07-45-00,38,13,25
2017-12-06-08-00-00,38,4,34
2017-12-06-08-15-00,41,13,28
2017-12-06-08-30-00,43,11,32
2017-12-06-08-45-00,37,6,31
2017-12-06-09-00-00,34,7,27
2017-12-06-09-15-00,24,6,18
2017-12-06-09-30-00,17,5,12
2017-12-06-09-45-00,12,2,10
2017-12-06-10-00-00,11,6,5
2017-12-06-10-15-00,5,3,2
2017-12-06-10-30-00,19,7,12
2017-12-06-10-45-00,17,7,10
2017-12-06-11-00-00,7,3,4
2017-12-06-11-15-00,14,11,3
2017-12-06-11-30-00,13,10,3
2017-12-06-11-45-00,8,5,3
2017-12-06-12-00-00,7,2,5
2017-12-06-12-15-00,4,2,2
2017-12-06-12-30-00,9,4,5
2017-12-06-12-45-00,14,6,8
2017-12-06-13-00-00,19,7,12
2017-12-06-13-15-00,11,8,3
2017-12-06-13-30-00,20,10,10
2017-12-06-13-45-00,14,10,4
2017-12-06-14-00-00,13,4,9
2017-12-06-14-15-00,14,8,6
2017-12-06-14-30-00,14,8,6
2017-12-06-14-45-00,10,7,3
2017-12-06-15-00-00,22,14,8
2017-12-06-15-15-00,20,10,10
2017-12-06-15-30-00,29,19,10
2017-12-06-15-45-00,22,11,11
2017-12-06-16-00-00,24,17,7
2017-12-06-16-15-00,36,25,11
2017-12-06-16-30-00,45,27,18
2017-12-06-16-45-00,28,20,8
2017-12-06-17-00-00,33,25,8
2017-12-06-17-15-00,37,28,9
2017-12-06-17-30-00,26,16,10
2017-12-06-17-45-00,21,19,2
2017-12-06-18-00-00,20,15,5
2017-12-06-18-15-00,15,9,6
2017-12-06-18-30-00,20,17,3
2017-12-06-18-45-00,15,15,0
2017-12-06-19-00-00,13,10,3
2017-12-06-19-15-00,13,4,9
2017-12-06-19-30-00,9,8,1
2017-12-06-19-45-00,2,0,2
2017-12-06-20-00-00,7,3,4
2017-12-06-20-15-00,5,2,3
2017-12-06-20-30-00,3,2,1
2017-12-06-20-45-00,7,1,6
2017-12-06-21-00-00,2,2,0
2017-12-06-21-15-00,2,0,2
2017-12-06-21-30-00,5,1,4
2017-12-06-21-45-00,3,2,1
2017-12-06-22-00-00,1,1,0
2017-12-06-22-15-00,3,3,0
2017-12-06-22-30-00,1,1,0
2017-12-06-22-45-00,5,0,5
2017-12-06-23-00-00,1,1,0
2017-12-06-23-15-00,0,0,0
2017-12-06-23-30-00,1,1,0
2017-12-06-23-45-00,0,0,0
2017-12-07-00-00-00,0,0,0
2017-12-07-00-15-00,1,1,0
2017-12-07-00-30-00,0,0,0
2017-12-07-00-45-00,0,0,0
2017-12-07-01-00-00,0,0,0
2017-12-07-01-15-00,0,0,0
2017-12-07-01-30-00,0,0,0
2017-12-07-01-45-00,1,1,0
2017-12-07-02-00-00,0,0,0
2017-12-07-02-15-00,0,0,0
2017-12-07-02-30-00,0,0,0
2017-12-07-02-45-00,0,0,0
2017-12-07-03-00-00,0,0,0
2017-12-07-03-15-00,0,0,0
2017-12-07-03-30-00,0,0,0
2017-12-07-03-45-00,0,0,0
2017-12-07-04-00-00,0,0,0
2017-12-07-04-15-00,0,0,0
2017-12-07-04-30-00,0,0,0
2017-12-07-04-45-00,0,0,0
2017-12-07-05-00-00,0,0,0
2017-12-07-05-15-00,0,0,0
2017-12-07-05-30-00,1,1,0
2017-12-07-05-45-00,1,0,1
2017-12-07-06-00-00,3,1,2
2017-12-07-06-15-00,7,5,2
2017-12-07-06-30-00,5,0,5
2017-12-07-06-45-00,18,7,11
2017-12-07-07-00-00,17,7,10
2017-12-07-07-15-00,22,5,17
2017-12-07-07-30-00,38,9,29
2017-12-07-07-45-00,29,6,23
2017-12-07-08-00-00,40,10,30
2017-12-07-08-15-00,33,8,25
2017-12-07-08-30-00,45,9,36
2017-12-07-08-45-00,40,9,31
2017-12-07-09-00-00,30,9,21
2017-12-07-09-15-00,20,7,13
2017-12-07-09-30-00,13,1,12
2017-12-07-09-45-00,19,9,10
2017-12-07-10-00-00,10,4,6
2017-12-07-10-15-00,8,2,6
2017-12-07-10-30-00,11,10,1
2017-12-07-10-45-00,11,8,3
2017-12-07-11-00-00,9,4,5
2017-12-07-11-15-00,10,6,4
2017-12-07-11-30-00,17,8,9
2017-12-07-11-45-00,9,7,2
2017-12-07-12-00-00,7,4,3
2017-12-07-12-15-00,10,5,5
2017-12-07-12-30-00,7,3,4
2017-12-07-12-45-00,8,4,4
2017-12-07-13-00-00,16,9,7
2017-12-07-13-15-00,14,9,5
2017-12-07-13-30-00,18,9,9
2017-12-07-13-45-00,13,9,4
2017-12-07-14-00-00,17,10,7
2017-12-07-14-15-00,13,11,2
2017-12-07-14-30-00,10,4,6
2017-12-07-14-45-00,9,7,2
2017-12-07-15-00-00,14,6,8
2017-12-07-15-15-00,17,12,5
2017-12-07-15-30-00,11,9,2
2017-12-07-15-45-00,18,16,2
2017-12-07-16-00-00,20,12,8
2017-12-07-16-15-00,25,21,4
2017-12-07-16-30-00,29,17,12
2017-12-07-16-45-00,24,21,3
2017-12-07-17-00-00,23,16,7
2017-12-07-17-15-00,27,21,6
2017-12-07-17-30-00,27,16,11
2017-12-07-17-45-00,15,12,3
2017-12-07-18-00-00,16,11,5
2017-12-07-18-15-00,21,13,8
2017-12-07-18-30-00,15,9,6
2017-12-07-18-45-00,21,17,4
2017-12-07-19-00-00,12,7,5
2017-12-07-19-15-00,11,8,3
2017-12-07-19-30-00,5,4,1
2017-12-07-19-45-00,5,3,2
2017-12-07-20-00-00,16,9,7
2017-12-07-20-15-00,5,3,2
2017-12-07-20-30-00,2,2,0
2017-12-07-20-45-00,4,1,3
2017-12-07-21-00-00,4,3,1
2017-12-07-21-15-00,5,2,3
2017-12-07-21-30-00,5,4,1
2017-12-07-21-45-00,2,1,1
2017-12-07-22-00-00,2,1,1
2017-12-07-22-15-00,4,3,1
2017-12-07-22-30-00,2,0,2
2017-12-07-22-45-00,2,1,1
2017-12-07-23-00-00,1,1,0
2017-12-07-23-15-00,0,0,0
2017-12-07-23-30-00,0,0,0
2017-12-07-23-45-00,1,0,1
2017-12-08-00-00-00,0,0,0
2017-12-08-00-15-00,0,0,0
2017-12-08-00-30-00,0,0,0
2017-12-08-00-45-00,0,0,0
2017-12-08-01-00-00,2,0,2
2017-12-08-01-15-00,1,0,1
2017-12-08-01-30-00,0,0,0
2017-12-08-01-45-00,0,0,0
2017-12-08-02-00-00,0,0,0
2017-12-08-02-15-00,0,0,0
2017-12-08-02-30-00,0,0,0
2017-12-08-02-45-00,0,0,0
2017-12-08-03-00-00,0,0,0
2017-12-08-03-15-00,0,0,0
2017-12-08-03-30-00,0,0,0
2017-12-08-03-45-00,0,0,0
2017-12-08-04-00-00,0,0,0
2017-12-08-04-15-00,0,0,0
2017-12-08-04-30-00,0,0,0
2017-12-08-04-45-00,1,1,0
2017-12-08-05-00-00,0,0,0
2017-12-08-05-15-00,0,0,0
2017-12-08-05-30-00,0,0,0
2017-12-08-05-45-00,2,1,1
2017-12-08-06-00-00,4,2,2
2017-12-08-06-15-00,2,1,1
2017-12-08-06-30-00,2,2,0
2017-12-08-06-45-00,9,4,5
2017-12-08-07-00-00,13,4,9
2017-12-08-07-15-00,14,3,11
2017-12-08-07-30-00,15,6,9
2017-12-08-07-45-00,36,13,23
2017-12-08-08-00-00,22,4,18
2017-12-08-08-15-00,33,10,23
2017-12-08-08-30-00,31,5,26
2017-12-08-08-45-00,34,8,26
2017-12-08-09-00-00,22,4,18
2017-12-08-09-15-00,13,4,9
2017-12-08-09-30-00,18,9,9
2017-12-08-09-45-00,11,4,7
2017-12-08-10-00-00,8,3,5
2017-12-08-10-15-00,6,2,4
2017-12-08-10-30-00,6,6,0
2017-12-08-10-45-00,4,1,3
2017-12-08-11-00-00,4,1,3
2017-12-08-11-15-00,6,2,4
2017-12-08-11-30-00,8,3,5
2017-12-08-11-45-00,10,5,5
2017-12-08-12-00-00,11,8,3
2017-12-08-12-15-00,6,1,5
2017-12-08-12-30-00,7,2,5
2017-12-08-12-45-00,16,9,7
2017-12-08-13-00-00,13,6,7
2017-12-08-13-15-00,12,8,4
2017-12-08-13-30-00,12,8,4
2017-12-08-13-45-00,6,4,2
2017-12-08-14-00-00,6,5,1
2017-12-08-14-15-00,11,9,2
2017-12-08-14-30-00,12,10,2
2017-12-08-14-45-00,14,10,4
2017-12-08-15-00-00,11,5,6
2017-12-08-15-15-00,9,5,4
2017-12-08-15-30-00,12,6,6
2017-12-08-15-45-00,11,10,1
2017-12-08-16-00-00,18,12,6
2017-12-08-16-15-00,12,11,1
2017-12-08-16-30-00,17,14,3
2017-12-08-16-45-00,18,13,5
2017-12-08-17-00-00,14,10,4
2017-12-08-17-15-00,14,11,3
2017-12-08-17-30-00,9,7,2
2017-12-08-17-45-00,4,2,2
2017-12-08-18-00-00,11,10,1
2017-12-08-18-15-00,7,5,2
2017-12-08-18-30-00,6,5,1
2017-12-08-18-45-00,6,5,1
2017-12-08-19-00-00,3,3,0
2017-12-08-19-15-00,3,2,1
2017-12-08-19-30-00,0,0,0
2017-12-08-19-45-00,1,1,0
2017-12-08-20-00-00,1,0,1
2017-12-08-20-15-00,7,4,3
2017-12-08-20-30-00,2,2,0
2017-12-08-20-45-00,2,1,1
2017-12-08-21-00-00,5,1,4
2017-12-08-21-15-00,1,1,0
2017-12-08-21-30-00,0,0,0
2017-12-08-21-45-00,2,2,0
2017-12-08-22-00-00,1,1,0
2017-12-08-22-15-00,0,0,0
2017-12-08-22-30-00,3,2,1
2017-12-08-22-45-00,3,0,3
2017-12-08-23-00-00,0,0,0
2017-12-08-23-15-00,2,2,0
2017-12-08-23-30-00,0,0,0
2017-12-08-23-45-00,1,0,1
2017-12-09-00-00-00,1,0,1
2017-12-09-00-15-00,0,0,0
2017-12-09-00-30-00,0,0,0
2017-12-09-00-45-00,1,1,0
2017-12-09-01-00-00,1,1,0
2017-12-09-01-15-00,0,0,0
2017-12-09-01-30-00,0,0,0
2017-12-09-01-45-00,0,0,0
2017-12-09-02-00-00,0,0,0
2017-12-09-02-15-00,0,0,0
2017-12-09-02-30-00,1,0,1
2017-12-09-02-45-00,0,0,0
2017-12-09-03-00-00,1,1,0
2017-12-09-03-15-00,0,0,0
2017-12-09-03-30-00,1,0,1
2017-12-09-03-45-00,0,0,0
2017-12-09-04-00-00,0,0,0
2017-12-09-04-15-00,0,0,0
2017-12-09-04-30-00,0,0,0
2017-12-09-04-45-00,1,1,0
2017-12-09-05-00-00,0,0,0
2017-12-09-05-15-00,0,0,0
2017-12-09-05-30-00,0,0,0
2017-12-09-05-45-00,0,0,0
2017-12-09-06-00-00,2,1,1
2017-12-09-06-15-00,1,1,0
2017-12-09-06-30-00,0,0,0
2017-12-09-06-45-00,1,1,0
2017-12-09-07-00-00,0,0,0
2017-12-09-07-15-00,0,0,0
2017-12-09-07-30-00,1,0,1
2017-12-09-07-45-00,1,1,0
2017-12-09-08-00-00,2,0,2
2017-12-09-08-15-00,0,0,0
2017-12-09-08-30-00,5,4,1
2017-12-09-08-45-00,6,3,3
2017-12-09-09-00-00,4,2,2
2017-12-09-09-15-00,5,0,5
2017-12-09-09-30-00,3,0,3
2017-12-09-09-45-00,6,4,2
2017-12-09-10-00-00,1,0,1
2017-12-09-10-15-00,5,5,0
2017-12-09-10-30-00,5,1,4
2017-12-09-10-45-00,6,3,3
2017-12-09-11-00-00,5,1,4
2017-12-09-11-15-00,2,2,0
2017-12-09-11-30-00,5,2,3
2017-12-09-11-45-00,3,2,1
2017-12-09-12-00-00,4,1,3
2017-12-09-12-15-00,2,2,0
2017-12-09-12-30-00,2,2,0
2017-12-09-12-45-00,9,3,6
2017-12-09-13-00-00,5,1,4
2017-12-09-13-15-00,1,1,0
2017-12-09-13-30-00,6,2,4
2017-12-09-13-45-00,8,2,6
2017-12-09-14-00-00,6,3,3
2017-12-09-14-15-00,5,1,4
2017-12-09-14-30-00,3,2,1
2017-12-09-14-45-00,7,2,5
2017-12-09-15-00-00,7,3,4
2017-12-09-15-15-00,6,4,2
2017-12-09-15-30-00,12,5,7
2017-12-09-15-45-00,5,4,1
2017-12-09-16-00-00,3,2,1
2017-12-09-16-15-00,3,3,0
2017-12-09-16-30-00,12,6,6
2017-12-09-16-45-00,4,4,0
2017-12-09-17-00-00,3,3,0
2017-12-09-17-15-00,3,3,0
2017-12-09-17-30-00,0,0,0
2017-12-09-17-45-00,2,2,0
2017-12-09-18-00-00,3,1,2
2017-12-09-18-15-00,2,2,0
2017-12-09-18-30-00,5,1,4
2017-12-09-18-45-00,3,2,1
2017-12-09-19-00-00,1,0,1
2017-12-09-19-15-00,5,5,0
2017-12-09-19-30-00,3,2,1
2017-12-09-19-45-00,4,0,4
2017-12-09-20-00-00,0,0,0
2017-12-09-20-15-00,6,2,4
2017-12-09-20-30-00,1,0,1
2017-12-09-20-45-00,3,0,3
2017-12-09-21-00-00,1,1,0
2017-12-09-21-15-00,0,0,0
2017-12-09-21-30-00,1,1,0
2017-12-09-21-45-00,0,0,0
2017-12-09-22-00-00,1,0,1
2017-12-09-22-15-00,2,2,0
2017-12-09-22-30-00,4,2,2
2017-12-09-22-45-00,2,1,1
2017-12-09-23-00-00,0,0,0
2017-12-09-23-15-00,0,0,0
2017-12-09-23-30-00,0,0,0
2017-12-09-23-45-00,1,1,0
2017-12-10-00-00-00,0,0,0
2017-12-10-00-15-00,0,0,0
2017-12-10-00-30-00,0,0,0
2017-12-10-00-45-00,0,0,0
2017-12-10-01-00-00,1,0,1
2017-12-10-01-15-00,0,0,0
2017-12-10-01-30-00,0,0,0
2017-12-10-01-45-00,0,0,0
2017-12-10-02-00-00,0,0,0
2017-12-10-02-15-00,1,1,0
2017-12-10-02-30-00,0,0,0
2017-12-10-02-45-00,0,0,0
2017-12-10-03-00-00,1,1,0
2017-12-10-03-15-00,0,0,0
2017-12-10-03-30-00,0,0,0
2017-12-10-03-45-00,0,0,0
2017-12-10-04-00-00,0,0,0
2017-12-10-04-15-00,0,0,0
2017-12-10-04-30-00,0,0,0
2017-12-10-04-45-00,0,0,0
2017-12-10-05-00-00,0,0,0
2017-12-10-05-15-00,0,0,0
2017-12-10-05-30-00,0,0,0
2017-12-10-05-45-00,0,0,0
2017-12-10-06-00-00,1,0,1
2017-12-10-06-15-00,0,0,0
2017-12-10-06-30-00,0,0,0
2017-12-10-06-45-00,0,0,0
2017-12-10-07-00-00,0,0,0
2017-12-10-07-15-00,0,0,0
2017-12-10-07-30-00,0,0,0
2017-12-10-07-45-00,0,0,0
2017-12-10-08-00-00,2,1,1
2017-12-10-08-15-00,2,0,2
2017-12-10-08-30-00,3,0,3
2017-12-10-08-45-00,4,3,1
2017-12-10-09-00-00,4,1,3
2017-12-10-09-15-00,6,3,3
2017-12-10-09-30-00,0,0,0
2017-12-10-09-45-00,10,7,3
2017-12-10-10-00-00,7,4,3
2017-12-10-10-15-00,7,0,7
2017-12-10-10-30-00,5,4,1
2017-12-10-10-45-00,9,6,3
2017-12-10-11-00-00,10,6,4
2017-12-10-11-15-00,1,1,0
2017-12-10-11-30-00,5,3,2
2017-12-10-11-45-00,0,0,0
2017-12-10-12-00-00,6,4,2
2017-12-10-12-15-00,6,6,0
2017-12-10-12-30-00,1,0,1
2017-12-10-12-45-00,1,0,1
2017-12-10-13-00-00,3,1,2
2017-12-10-13-15-00,1,1,0
2017-12-10-13-30-00,1,1,0
2017-12-10-13-45-00,1,0,1
2017-12-10-14-00-00,3,1,2
2017-12-10-14-15-00,2,2,0
2017-12-10-14-30-00,3,1,2
2017-12-10-14-45-00,5,2,3
2017-12-10-15-00-00,1,1,0
2017-12-10-15-15-00,2,2,0
2017-12-10-15-30-00,0,0,0
2017-12-10-15-45-00,4,3,1
2017-12-10-16-00-00,4,2,2
2017-12-10-16-15-00,1,1,0
2017-12-10-16-30-00,4,1,3
2017-12-10-16-45-00,2,2,0
2017-12-10-17-00-00,1,0,1
2017-12-10-17-15-00,2,1,1
2017-12-10-17-30-00,0,0,0
2017-12-10-17-45-00,1,1,0
2017-12-10-18-00-00,2,0,2
2017-12-10-18-15-00,2,1,1
2017-12-10-18-30-00,2,2,0
2017-12-10-18-45-00,1,0,1
2017-12-10-19-00-00,0,0,0
2017-12-10-19-15-00,1,1,0
2017-12-10-19-30-00,1,1,0
2017-12-10-19-45-00,0,0,0
2017-12-10-20-00-00,0,0,0
2017-12-10-20-15-00,1,0,1
2017-12-10-20-30-00,0,0,0
2017-12-10-20-45-00,1,0,1
2017-12-10-21-00-00,1,1,0
2017-12-10-21-15-00,0,0,0
2017-12-10-21-30-00,0,0,0
2017-12-10-21-45-00,0,0,0
2017-12-10-22-00-00,0,0,0
2017-12-10-22-15-00,0,0,0
2017-12-10-22-30-00,1,1,0
2017-12-10-22-45-00,0,0,0
2017-12-10-23-00-00,0,0,0
2017-12-10-23-15-00,0,0,0
2017-12-10-23-30-00,0,0,0
2017-12-10-23-45-00,0,0,0
2017-12-11-00-00-00,0,0,0
2017-12-11-00-15-00,0,0,0
2017-12-11-00-30-00,0,0,0
2017-12-11-00-45-00,0,0,0
2017-12-11-01-00-00,0,0,0
2017-12-11-01-15-00,0,0,0
2017-12-11-01-30-00,0,0,0
2017-12-11-01-45-00,0,0,0
2017-12-11-02-00-00,0,0,0
2017-12-11-02-15-00,0,0,0
2017-12-11-02-30-00,0,0,0
2017-12-11-02-45-00,0,0,0
2017-12-11-03-00-00,0,0,0
2017-12-11-03-15-00,0,0,0
2017-12-11-03-30-00,0,0,0
2017-12-11-03-45-00,0,0,0
2017-12-11-04-00-00,0,0,0
2017-12-11-04-15-00,0,0,0
2017-12-11-04-30-00,0,0,0
2017-12-11-04-45-00,0,0,0
2017-12-11-05-00-00,0,0,0
2017-12-11-05-15-00,0,0,0
2017-12-11-05-30-00,1,0,1
2017-12-11-05-45-00,1,1,0
2017-12-11-06-00-00,3,0,3
2017-12-11-06-15-00,1,0,1
2017-12-11-06-30-00,4,0,4
2017-12-11-06-45-00,11,4,7
2017-12-11-07-00-00,12,3,9
2017-12-11-07-15-00,19,8,11
2017-12-11-07-30-00,27,10,17
2017-12-11-07-45-00,24,6,18
2017-12-11-08-00-00,27,5,22
2017-12-11-08-15-00,32,13,19
2017-12-11-08-30-00,20,6,14
2017-12-11-08-45-00,23,3,20
2017-12-11-09-00-00,16,3,13
2017-12-11-09-15-00,4,1,3
2017-12-11-09-30-00,9,4,5
2017-12-11-09-45-00,5,2,3
2017-12-11-10-00-00,4,0,4
2017-12-11-10-15-00,1,0,1
2017-12-11-10-30-00,2,0,2
2017-12-11-10-45-00,5,1,4
2017-12-11-11-00-00,3,1,2
2017-12-11-11-15-00,2,2,0
2017-12-11-11-30-00,3,0,3
2017-12-11-11-45-00,1,0,1
2017-12-11-12-00-00,3,1,2
2017-12-11-12-15-00,3,0,3
2017-12-11-12-30-00,6,4,2
2017-12-11-12-45-00,5,3,2
2017-12-11-13-00-00,7,4,3
2017-12-11-13-15-00,3,2,1
2017-12-11-13-30-00,5,3,2
2017-12-11-13-45-00,6,4,2
2017-12-11-14-00-00,7,4,3
2017-12-11-14-15-00,7,6,1
2017-12-11-14-30-00,5,1,4
2017-12-11-14-45-00,11,5,6
2017-12-11-15-00-00,6,5,1
2017-12-11-15-15-00,12,9,3
2017-12-11-15-30-00,10,8,2
2017-12-11-15-45-00,7,5,2
2017-12-11-16-00-00,9,8,1
2017-12-11-16-15-00,16,14,2
2017-12-11-16-30-00,19,9,10
2017-12-11-16-45-00,21,19,2
2017-12-11-17-00-00,27,18,9
2017-12-11-17-15-00,20,11,9
2017-12-11-17-30-00,23,17,6
2017-12-11-17-45-00,11,7,4
2017-12-11-18-00-00,18,13,5
2017-12-11-18-15-00,12,8,4
2017-12-11-18-30-00,13,10,3
2017-12-11-18-45-00,14,10,4
2017-12-11-19-00-00,19,9,10
2017-12-11-19-15-00,9,5,4
2017-12-11-19-30-00,6,1,5
2017-12-11-19-45-00,6,6,0
2017-12-11-20-00-00,6,4,2
2017-12-11-20-15-00,9,4,5
2017-12-11-20-30-00,2,1,1
2017-12-11-20-45-00,4,1,3
2017-12-11-21-00-00,2,0,2
2017-12-11-21-15-00,6,4,2
2017-12-11-21-30-00,3,0,3
2017-12-11-21-45-00,1,0,1
2017-12-11-22-00-00,2,1,1
2017-12-11-22-15-00,3,3,0
2017-12-11-22-30-00,0,0,0
2017-12-11-22-45-00,0,0,0
2017-12-11-23-00-00,0,0,0
2017-12-11-23-15-00,4,1,3
2017-12-11-23-30-00,1,1,0
2017-12-11-23-45-00,0,0,0
2017-12-12-00-00-00,1,0,1
2017-12-12-00-15-00,0,0,0
2017-12-12-00-30-00,0,0,0
2017-12-12-00-45-00,0,0,0
2017-12-12-01-00-00,0,0,0
2017-12-12-01-15-00,0,0,0
2017-12-12-01-30-00,0,0,0
2017-12-12-01-45-00,0,0,0
2017-12-12-02-00-00,0,0,0
2017-12-12-02-15-00,0,0,0
2017-12-12-02-30-00,0,0,0
2017-12-12-02-45-00,0,0,0
2017-12-12-03-00-00,0,0,0
2017-12-12-03-15-00,0,0,0
2017-12-12-03-30-00,0,0,0
2017-12-12-03-45-00,0,0,0
2017-12-12-04-00-00,0,0,0
2017-12-12-04-15-00,0,0,0
2017-12-12-04-30-00,0,0,0
2017-12-12-04-45-00,0,0,0
2017-12-12-05-00-00,0,0,0
2017-12-12-05-15-00,1,1,0
2017-12-12-05-30-00,1,0,1
2017-12-12-05-45-00,3,1,2
2017-12-12-06-00-00,2,0,2
2017-12-12-06-15-00,2,1,1
2017-12-12-06-30-00,1,0,1
2017-12-12-06-45-00,9,2,7
2017-12-12-07-00-00,15,4,11
2017-12-12-07-15-00,20,7,13
2017-12-12-07-30-00,20,8,12
2017-12-12-07-45-00,28,9,19
2017-12-12-08-00-00,39,9,30
2017-12-12-08-15-00,34,4,30
2017-12-12-08-30-00,22,4,18
2017-12-12-08-45-00,33,5,28
2017-12-12-09-00-00,22,6,16
2017-12-12-09-15-00,19,4,15
2017-12-12-09-30-00,10,2,8
2017-12-12-09-45-00,15,7,8
2017-12-12-10-00-00,7,2,5
2017-12-12-10-15-00,8,4,4
2017-12-12-10-30-00,13,6,7
2017-12-12-10-45-00,9,2,7
2017-12-12-11-00-00,16,9,7
2017-12-12-11-15-00,8,4,4
2017-12-12-11-30-00,6,2,4
2017-12-12-11-45-00,8,2,6
2017-12-12-12-00-00,11,3,8
2017-12-12-12-15-00,10,7,3
2017-12-12-12-30-00,9,4,5
2017-12-12-12-45-00,12,5,7
2017-12-12-13-00-00,10,6,4
2017-12-12-13-15-00,10,7,3
2017-12-12-13-30-00,11,9,2
2017-12-12-13-45-00,6,4,2
2017-12-12-14-00-00,11,7,4
2017-12-12-14-15-00,14,8,6
2017-12-12-14-30-00,19,10,9
2017-12-12-14-45-00,8,4,4
2017-12-12-15-00-00,7,7,0
2017-12-12-15-15-00,20,16,4
2017-12-12-15-30-00,6,5,1
2017-12-12-15-45-00,17,12,5
2017-12-12-16-00-00,14,8,6
2017-12-12-16-15-00,18,12,6
2017-12-12-16-30-00,20,14,6
2017-12-12-16-45-00,31,20,11
2017-12-12-17-00-00,17,13,4
2017-12-12-17-15-00,31,23,8
2017-12-12-17-30-00,26,20,6
2017-12-12-17-45-00,20,14,6
2017-12-12-18-00-00,12,8,4
2017-12-12-18-15-00,25,20,5
2017-12-12-18-30-00,18,13,5
2017-12-12-18-45-00,16,12,4
2017-12-12-19-00-00,11,8,3
2017-12-12-19-15-00,8,4,4
2017-12-12-19-30-00,7,3,4
2017-12-12-19-45-00,8,5,3
2017-12-12-20-00-00,5,2,3
2017-12-12-20-15-00,2,2,0
2017-12-12-20-30-00,4,3,1
2017-12-12-20-45-00,3,3,0
2017-12-12-21-00-00,3,1,2
2017-12-12-21-15-00,5,0,5
2017-12-12-21-30-00,2,2,0
2017-12-12-21-45-00,2,2,0
2017-12-12-22-00-00,3,3,0
2017-12-12-22-15-00,2,1,1
2017-12-12-22-30-00,2,2,0
2017-12-12-22-45-00,0,0,0
2017-12-12-23-00-00,4,3,1
2017-12-12-23-15-00,2,1,1
2017-12-12-23-30-00,2,1,1
2017-12-12-23-45-00,0,0,0
2017-12-13-00-00-00,0,0,0
2017-12-13-00-15-00,2,2,0
2017-12-13-00-30-00,0,0,0
2017-12-13-00-45-00,0,0,0
2017-12-13-01-00-00,0,0,0
2017-12-13-01-15-00,1,1,0
2017-12-13-01-30-00,0,0,0
2017-12-13-01-45-00,0,0,0
2017-12-13-02-00-00,1,1,0
2017-12-13-02-15-00,2,0,2
2017-12-13-02-30-00,0,0,0
2017-12-13-02-45-00,0,0,0
2017-12-13-03-00-00,0,0,0
2017-12-13-03-15-00,0,0,0
2017-12-13-03-30-00,0,0,0
2017-12-13-03-45-00,0,0,0
2017-12-13-04-00-00,0,0,0
2017-12-13-04-15-00,0,0,0
2017-12-13-04-30-00,0,0,0
2017-12-13-04-45-00,0,0,0
2017-12-13-05-00-00,1,0,1
2017-12-13-05-15-00,0,0,0
2017-12-13-05-30-00,0,0,0
2017-12-13-05-45-00,0,0,0
2017-12-13-06-00-00,4,1,3
2017-12-13-06-15-00,4,3,1
2017-12-13-06-30-00,3,2,1
2017-12-13-06-45-00,8,4,4
2017-12-13-07-00-00,13,2,11
2017-12-13-07-15-00,14,8,6
2017-12-13-07-30-00,22,7,15
2017-12-13-07-45-00,34,5,29
2017-12-13-08-00-00,36,2,34
2017-12-13-08-15-00,36,12,24
2017-12-13-08-30-00,26,3,23
2017-12-13-08-45-00,34,5,29
2017-12-13-09-00-00,21,4,17
2017-12-13-09-15-00,22,8,14
2017-12-13-09-30-00,20,7,13
2017-12-13-09-45-00,11,4,7
2017-12-13-10-00-00,6,2,4
2017-12-13-10-15-00,9,6,3
2017-12-13-10-30-00,9,4,5
2017-12-13-10-45-00,2,2,0
2017-12-13-11-00-00,4,2,2
2017-12-13-11-15-00,7,3,4
2017-12-13-11-30-00,6,2,4
2017-12-13-11-45-00,7,3,4
2017-12-13-12-00-00,7,4,3
2017-12-13-12-15-00,3,2,1
2017-12-13-12-30-00,10,4,6
2017-12-13-12-45-00,4,2,2
2017-12-13-13-00-00,3,3,0
2017-12-13-13-15-00,5,2,3
2017-12-13-13-30-00,4,4,0
2017-12-13-13-45-00,3,3,0
2017-12-13-14-00-00,15,10,5
2017-12-13-14-15-00,10,6,4
2017-12-13-14-30-00,10,7,3
2017-12-13-14-45-00,8,2,6
2017-12-13-15-00-00,8,5,3
2017-12-13-15-15-00,10,8,2
2017-12-13-15-30-00,18,11,7
2017-12-13-15-45-00,7,5,2
2017-12-13-16-00-00,16,12,4
2017-12-13-16-15-00,22,12,10
2017-12-13-16-30-00,16,12,4
2017-12-13-16-45-00,26,16,10
2017-12-13-17-00-00,20,14,6
2017-12-13-17-15-00,33,25,8
2017-12-13-17-30-00,20,15,5
2017-12-13-17-45-00,19,15,4
2017-12-13-18-00-00,11,9,2
2017-12-13-18-15-00,12,10,2
2017-12-13-18-30-00,16,14,2
2017-12-13-18-45-00,12,9,3
2017-12-13-19-00-00,10,9,1
2017-12-13-19-15-00,4,3,1
2017-12-13-19-30-00,6,3,3
2017-12-13-19-45-00,7,5,2
2017-12-13-20-00-00,5,2,3
2017-12-13-20-15-00,3,3,0
2017-12-13-20-30-00,3,1,2
2017-12-13-20-45-00,2,2,0
2017-12-13-21-00-00,4,4,0
2017-12-13-21-15-00,0,0,0
2017-12-13-21-30-00,2,1,1
2017-12-13-21-45-00,3,2,1
2017-12-13-22-00-00,1,1,0
2017-12-13-22-15-00,2,2,0
2017-12-13-22-30-00,1,1,0
2017-12-13-22-45-00,0,0,0
2017-12-13-23-00-00,1,1,0
2017-12-13-23-15-00,1,0,1
2017-12-13-23-30-00,0,0,0
2017-12-13-23-45-00,1,1,0
2017-12-14-00-00-00,0,0,0
2017-12-14-00-15-00,0,0,0
2017-12-14-00-30-00,1,1,0
2017-12-14-00-45-00,0,0,0
2017-12-14-01-00-00,0,0,0
2017-12-14-01-15-00,0,0,0
2017-12-14-01-30-00,0,0,0
2017-12-14-01-45-00,0,0,0
2017-12-14-02-00-00,0,0,0
2017-12-14-02-15-00,0,0,0
2017-12-14-02-30-00,0,0,0
2017-12-14-02-45-00,0,0,0
2017-12-14-03-00-00,0,0,0
2017-12-14-03-15-00,0,0,0
2017-12-14-03-30-00,0,0,0
2017-12-14-03-45-00,0,0,0
2017-12-14-04-00-00,0,0,0
2017-12-14-04-15-00,0,0,0
2017-12-14-04-30-00,0,0,0
2017-12-14-04-45-00,0,0,0
2017-12-14-05-00-00,0,0,0
2017-12-14-05-15-00,0,0,0
2017-12-14-05-30-00,0,0,0
2017-12-14-05-45-00,2,0,2
2017-12-14-06-00-00,5,2,3
2017-12-14-06-15-00,3,2,1
2017-12-14-06-30-00,1,0,1
2017-12-14-06-45-00,5,2,3
2017-12-14-07-00-00,12,5,7
2017-12-14-07-15-00,13,4,9
2017-12-14-07-30-00,13,2,11
2017-12-14-07-45-00,22,6,16
2017-12-14-08-00-00,27,4,23
2017-12-14-08-15-00,26,4,22
2017-12-14-08-30-00,34,9,25
2017-12-14-08-45-00,28,4,24
2017-12-14-09-00-00,23,7,16
2017-12-14-09-15-00,8,2,6
2017-12-14-09-30-00,16,7,9
2017-12-14-09-45-00,10,3,7
2017-12-14-10-00-00,7,2,5
2017-12-14-10-15-00,4,3,1
2017-12-14-10-30-00,3,1,2
2017-12-14-10-45-00,6,2,4
2017-12-14-11-00-00,8,3,5
2017-12-14-11-15-00,10,3,7
2017-12-14-11-30-00,8,1,7
2017-12-14-11-45-00,7,4,3
2017-12-14-12-00-00,2,2,0
2017-12-14-12-15-00,3,1,2
2017-12-14-12-30-00,9,4,5
2017-12-14-12-45-00,6,1,5
2017-12-14-13-00-00,5,4,1
2017-12-14-13-15-00,7,4,3
2017-12-14-13-30-00,5,2,3
2017-12-14-13-45-00,9,4,5
2017-12-14-14-00-00,6,1,5
2017-12-14-14-15-00,12,7,5
2017-12-14-14-30-00,9,6,3
2017-12-14-14-45-00,10,8,2
2017-12-14-15-00-00,17,11,6
2017-12-14-15-15-00,9,4,5
2017-12-14-15-30-00,13,11,2
2017-12-14-15-45-00,19,13,6
2017-12-14-16-00-00,15,11,4
2017-12-14-16-15-00,15,10,5
2017-12-14-16-30-00,15,10,5
2017-12-14-16-45-00,33,20,13
2017-12-14-17-00-00,22,17,5
2017-12-14-17-15-00,13,9,4
2017-12-14-17-30-00,14,8,6
2017-12-14-17-45-00,13,9,4
2017-12-14-18-00-00,16,9,7
2017-12-14-18-15-00,7,5,2
2017-12-14-18-30-00,15,9,6
2017-12-14-18-45-00,14,10,4
2017-12-14-19-00-00,8,6,2
2017-12-14-19-15-00,8,6,2
2017-12-14-19-30-00,7,4,3
2017-12-14-19-45-00,6,4,2
2017-12-14-20-00-00,2,0,2
2017-12-14-20-15-00,4,2,2
2017-12-14-20-30-00,5,3,2
2017-12-14-20-45-00,7,5,2
2017-12-14-21-00-00,6,4,2
2017-12-14-21-15-00,11,8,3
2017-12-14-21-30-00,3,2,1
2017-12-14-21-45-00,4,2,2
2017-12-14-22-00-00,3,3,0
2017-12-14-22-15-00,5,2,3
2017-12-14-22-30-00,0,0,0
2017-12-14-22-45-00,5,4,1
2017-12-14-23-00-00,1,1,0
2017-12-14-23-15-00,1,1,0
2017-12-14-23-30-00,2,1,1
2017-12-14-23-45-00,2,2,0
2017-12-15-00-00-00,0,0,0
2017-12-15-00-15-00,2,2,0
2017-12-15-00-30-00,1,1,0
2017-12-15-00-45-00,1,1,0
2017-12-15-01-00-00,0,0,0
2017-12-15-01-15-00,1,1,0
2017-12-15-01-30-00,1,1,0
2017-12-15-01-45-00,0,0,0
2017-12-15-02-00-00,4,4,0
2017-12-15-02-15-00,0,0,0
2017-12-15-02-30-00,0,0,0
2017-12-15-02-45-00,0,0,0
2017-12-15-03-00-00,0,0,0
2017-12-15-03-15-00,0,0,0
2017-12-15-03-30-00,0,0,0
2017-12-15-03-45-00,0,0,0
2017-12-15-04-00-00,0,0,0
2017-12-15-04-15-00,0,0,0
2017-12-15-04-30-00,0,0,0
2017-12-15-04-45-00,0,0,0
2017-12-15-05-00-00,0,0,0
2017-12-15-05-15-00,0,0,0
2017-12-15-05-30-00,0,0,0
2017-12-15-05-45-00,2,0,2
2017-12-15-06-00-00,2,1,1
2017-12-15-06-15-00,5,3,2
2017-12-15-06-30-00,3,1,2
2017-12-15-06-45-00,14,7,7
2017-12-15-07-00-00,14,4,10
2017-12-15-07-15-00,20,8,12
2017-12-15-07-30-00,22,8,14
2017-12-15-07-45-00,22,6,16
2017-12-15-08-00-00,29,6,23
2017-12-15-08-15-00,31,4,27
2017-12-15-08-30-00,29,7,22
2017-12-15-08-45-00,33,6,27
2017-12-15-09-00-00,16,5,11
2017-12-15-09-15-00,10,5,5
2017-12-15-09-30-00,13,5,8
2017-12-15-09-45-00,3,0,3
2017-12-15-10-00-00,13,1,12
2017-12-15-10-15-00,11,4,7
2017-12-15-10-30-00,4,2,2
2017-12-15-10-45-00,11,4,7
2017-12-15-11-00-00,9,6,3
2017-12-15-11-15-00,9,3,6
2017-12-15-11-30-00,7,3,4
2017-12-15-11-45-00,8,6,2
2017-12-15-12-00-00,12,7,5
2017-12-15-12-15-00,6,1,5
2017-12-15-12-30-00,8,3,5
2017-12-15-12-45-00,9,4,5
2017-12-15-13-00-00,21,14,7
2017-12-15-13-15-00,12,7,5
2017-12-15-13-30-00,15,10,5
2017-12-15-13-45-00,11,8,3
2017-12-15-14-00-00,8,6,2
2017-12-15-14-15-00,15,11,4
2017-12-15-14-30-00,16,10,6
2017-12-15-14-45-00,27,17,10
2017-12-15-15-00-00,21,13,8
2017-12-15-15-15-00,11,11,0
2017-12-15-15-30-00,18,15,3
2017-12-15-15-45-00,23,9,14
2017-12-15-16-00-00,25,17,8
2017-12-15-16-15-00,22,17,5
2017-12-15-16-30-00,28,22,6
2017-12-15-16-45-00,22,13,9
2017-12-15-17-00-00,19,9,10
2017-12-15-17-15-00,20,13,7
2017-12-15-17-30-00,19,12,7
2017-12-15-17-45-00,9,4,5
2017-12-15-18-00-00,12,8,4
2017-12-15-18-15-00,3,2,1
2017-12-15-18-30-00,11,10,1
2017-12-15-18-45-00,4,3,1
2017-12-15-19-00-00,7,3,4
2017-12-15-19-15-00,6,3,3
2017-12-15-19-30-00,6,4,2
2017-12-15-19-45-00,4,3,1
2017-12-15-20-00-00,2,1,1
2017-12-15-20-15-00,2,2,0
2017-12-15-20-30-00,1,1,0
2017-12-15-20-45-00,3,1,2
2017-12-15-21-00-00,2,0,2
2017-12-15-21-15-00,2,1,1
2017-12-15-21-30-00,0,0,0
2017-12-15-21-45-00,0,0,0
2017-12-15-22-00-00,1,0,1
2017-12-15-22-15-00,1,1,0
2017-12-15-22-30-00,1,0,1
2017-12-15-22-45-00,2,1,1
2017-12-15-23-00-00,3,1,2
2017-12-15-23-15-00,0,0,0
2017-12-15-23-30-00,1,0,1
2017-12-15-23-45-00,0,0,0
2017-12-16-00-00-00,0,0,0
2017-12-16-00-15-00,0,0,0
2017-12-16-00-30-00,1,1,0
2017-12-16-00-45-00,1,0,1
2017-12-16-01-00-00,0,0,0
2017-12-16-01-15-00,0,0,0
2017-12-16-01-30-00,1,0,1
2017-12-16-01-45-00,3,1,2
2017-12-16-02-00-00,0,0,0
2017-12-16-02-15-00,0,0,0
2017-12-16-02-30-00,1,1,0
2017-12-16-02-45-00,3,0,3
2017-12-16-03-00-00,0,0,0
2017-12-16-03-15-00,0,0,0
2017-12-16-03-30-00,0,0,0
2017-12-16-03-45-00,0,0,0
2017-12-16-04-00-00,1,0,1
2017-12-16-04-15-00,0,0,0
2017-12-16-04-30-00,0,0,0
2017-12-16-04-45-00,0,0,0
2017-12-16-05-00-00,0,0,0
2017-12-16-05-15-00,0,0,0
2017-12-16-05-30-00,0,0,0
2017-12-16-05-45-00,0,0,0
2017-12-16-06-00-00,0,0,0
2017-12-16-06-15-00,0,0,0
2017-12-16-06-30-00,0,0,0
2017-12-16-06-45-00,0,0,0
2017-12-16-07-00-00,0,0,0
2017-12-16-07-15-00,2,0,2
2017-12-16-07-30-00,2,1,1
2017-12-16-07-45-00,0,0,0
2017-12-16-08-00-00,2,2,0
2017-12-16-08-15-00,0,0,0
2017-12-16-08-30-00,2,2,0
2017-12-16-08-45-00,4,2,2
2017-12-16-09-00-00,7,4,3
2017-12-16-09-15-00,1,1,0
2017-12-16-09-30-00,1,1,0
2017-12-16-09-45-00,9,3,6
2017-12-16-10-00-00,3,2,1
2017-12-16-10-15-00,7,6,1
2017-12-16-10-30-00,10,1,9
2017-12-16-10-45-00,3,1,2
2017-12-16-11-00-00,7,3,4
2017-12-16-11-15-00,9,7,2
2017-12-16-11-30-00,9,3,6
2017-12-16-11-45-00,4,2,2
2017-12-16-12-00-00,5,0,5
2017-12-16-12-15-00,6,3,3
2017-12-16-12-30-00,7,4,3
2017-12-16-12-45-00,8,4,4
2017-12-16-13-00-00,9,5,4
2017-12-16-13-15-00,4,1,3
2017-12-16-13-30-00,17,5,12
2017-12-16-13-45-00,17,6,11
2017-12-16-14-00-00,11,6,5
2017-12-16-14-15-00,10,4,6
2017-12-16-14-30-00,18,5,13
2017-12-16-14-45-00,8,2,6
2017-12-16-15-00-00,13,10,3
2017-12-16-15-15-00,16,8,8
2017-12-16-15-30-00,10,4,6
2017-12-16-15-45-00,13,8,5
2017-12-16-16-00-00,11,6,5
2017-12-16-16-15-00,11,7,4
2017-12-16-16-30-00,13,7,6
2017-12-16-16-45-00,7,5,2
2017-12-16-17-00-00,6,4,2
2017-12-16-17-15-00,6,3,3
2017-12-16-17-30-00,7,5,2
2017-12-16-17-45-00,6,3,3
2017-12-16-18-00-00,5,4,1
2017-12-16-18-15-00,4,1,3
2017-12-16-18-30-00,4,2,2
2017-12-16-18-45-00,2,0,2
2017-12-16-19-00-00,3,0,3
2017-12-16-19-15-00,1,0,1
2017-12-16-19-30-00,5,4,1
2017-12-16-19-45-00,2,0,2
2017-12-16-20-00-00,0,0,0
2017-12-16-20-15-00,3,0,3
2017-12-16-20-30-00,1,1,0
2017-12-16-20-45-00,1,0,1
2017-12-16-21-00-00,1,0,1
2017-12-16-21-15-00,0,0,0
2017-12-16-21-30-00,0,0,0
2017-12-16-21-45-00,1,0,1
2017-12-16-22-00-00,0,0,0
2017-12-16-22-15-00,2,0,2
2017-12-16-22-30-00,1,0,1
2017-12-16-22-45-00,0,0,0
2017-12-16-23-00-00,1,0,1
2017-12-16-23-15-00,0,0,0
2017-12-16-23-30-00,2,0,2
2017-12-16-23-45-00,0,0,0
2017-12-17-00-00-00,0,0,0
2017-12-17-00-15-00,0,0,0
2017-12-17-00-30-00,0,0,0
2017-12-17-00-45-00,1,1,0
2017-12-17-01-00-00,1,1,0
2017-12-17-01-15-00,0,0,0
2017-12-17-01-30-00,0,0,0
2017-12-17-01-45-00,0,0,0
2017-12-17-02-00-00,1,0,1
2017-12-17-02-15-00,1,0,1
2017-12-17-02-30-00,0,0,0
2017-12-17-02-45-00,1,0,1
2017-12-17-03-00-00,0,0,0
2017-12-17-03-15-00,0,0,0
2017-12-17-03-30-00,0,0,0
2017-12-17-03-45-00,0,0,0
2017-12-17-04-00-00,0,0,0
2017-12-17-04-15-00,0,0,0
2017-12-17-04-30-00,0,0,0
2017-12-17-04-45-00,0,0,0
2017-12-17-05-00-00,1,1,0
2017-12-17-05-15-00,1,1,0
2017-12-17-05-30-00,0,0,0
2017-12-17-05-45-00,0,0,0
2017-12-17-06-00-00,1,1,0
2017-12-17-06-15-00,0,0,0
2017-12-17-06-30-00,0,0,0
2017-12-17-06-45-00,1,1,0
2017-12-17-07-00-00,0,0,0
2017-12-17-07-15-00,0,0,0
2017-12-17-07-30-00,0,0,0
2017-12-17-07-45-00,0,0,0
2017-12-17-08-00-00,0,0,0
2017-12-17-08-15-00,2,0,2
2017-12-17-08-30-00,1,0,1
2017-12-17-08-45-00,5,1,4
2017-12-17-09-00-00,5,3,2
2017-12-17-09-15-00,6,4,2
2017-12-17-09-30-00,3,2,1
2017-12-17-09-45-00,13,8,5
2017-12-17-10-00-00,7,5,2
2017-12-17-10-15-00,9,5,4
2017-12-17-10-30-00,11,4,7
2017-12-17-10-45-00,10,7,3
2017-12-17-11-00-00,3,3,0
2017-12-17-11-15-00,8,2,6
2017-12-17-11-30-00,15,5,10
2017-12-17-11-45-00,4,1,3
2017-12-17-12-00-00,5,4,1
2017-12-17-12-15-00,6,4,2
2017-12-17-12-30-00,21,8,13
2017-12-17-12-45-00,15,11,4
2017-12-17-13-00-00,7,5,2
2017-12-17-13-15-00,4,2,2
2017-12-17-13-30-00,12,7,5
2017-12-17-13-45-00,14,8,6
2017-12-17-14-00-00,7,3,4
2017-12-17-14-15-00,9,4,5
2017-12-17-14-30-00,9,5,4
2017-12-17-14-45-00,18,10,8
2017-12-17-15-00-00,16,2,14
2017-12-17-15-15-00,19,8,11
2017-12-17-15-30-00,20,10,10
2017-12-17-15-45-00,12,6,6
2017-12-17-16-00-00,18,7,11
2017-12-17-16-15-00,11,6,5
2017-12-17-16-30-00,11,8,3
2017-12-17-16-45-00,4,4,0
2017-12-17-17-00-00,11,2,9
2017-12-17-17-15-00,9,6,3
2017-12-17-17-30-00,5,4,1
2017-12-17-17-45-00,3,2,1
2017-12-17-18-00-00,4,3,1
2017-12-17-18-15-00,3,0,3
2017-12-17-18-30-00,3,1,2
2017-12-17-18-45-00,4,3,1
2017-12-17-19-00-00,3,3,0
2017-12-17-19-15-00,4,1,3
2017-12-17-19-30-00,3,2,1
2017-12-17-19-45-00,3,2,1
2017-12-17-20-00-00,2,2,0
2017-12-17-20-15-00,5,0,5
2017-12-17-20-30-00,2,1,1
2017-12-17-20-45-00,5,3,2
2017-12-17-21-00-00,0,0,0
2017-12-17-21-15-00,0,0,0
2017-12-17-21-30-00,0,0,0
2017-12-17-21-45-00,0,0,0
2017-12-17-22-00-00,2,2,0
2017-12-17-22-15-00,1,1,0
2017-12-17-22-30-00,1,0,1
2017-12-17-22-45-00,0,0,0
2017-12-17-23-00-00,0,0,0
2017-12-17-23-15-00,0,0,0
2017-12-17-23-30-00,1,1,0
2017-12-17-23-45-00,0,0,0
2017-12-18-00-00-00,0,0,0
2017-12-18-00-15-00,0,0,0
2017-12-18-00-30-00,0,0,0
2017-12-18-00-45-00,0,0,0
2017-12-18-01-00-00,0,0,0
2017-12-18-01-15-00,0,0,0
2017-12-18-01-30-00,0,0,0
2017-12-18-01-45-00,0,0,0
2017-12-18-02-00-00,0,0,0
2017-12-18-02-15-00,0,0,0
2017-12-18-02-30-00,0,0,0
2017-12-18-02-45-00,0,0,0
2017-12-18-03-00-00,0,0,0
2017-12-18-03-15-00,0,0,0
2017-12-18-03-30-00,0,0,0
2017-12-18-03-45-00,0,0,0
2017-12-18-04-00-00,0,0,0
2017-12-18-04-15-00,0,0,0
2017-12-18-04-30-00,0,0,0
2017-12-18-04-45-00,0,0,0
2017-12-18-05-00-00,2,2,0
2017-12-18-05-15-00,0,0,0
2017-12-18-05-30-00,0,0,0
2017-12-18-05-45-00,2,0,2
2017-12-18-06-00-00,3,0,3
2017-12-18-06-15-00,1,1,0
2017-12-18-06-30-00,2,0,2
2017-12-18-06-45-00,7,4,3
2017-12-18-07-00-00,5,2,3
2017-12-18-07-15-00,8,2,6
2017-12-18-07-30-00,17,7,10
2017-12-18-07-45-00,21,9,12
2017-12-18-08-00-00,20,4,16
2017-12-18-08-15-00,20,2,18
2017-12-18-08-30-00,18,4,14
2017-12-18-08-45-00,30,6,24
2017-12-18-09-00-00,11,3,8
2017-12-18-09-15-00,10,2,8
2017-12-18-09-30-00,11,3,8
2017-12-18-09-45-00,9,1,8
2017-12-18-10-00-00,5,1,4
2017-12-18-10-15-00,6,1,5
2017-12-18-10-30-00,4,1,3
2017-12-18-10-45-00,3,1,2
2017-12-18-11-00-00,3,2,1
2017-12-18-11-15-00,2,2,0
2017-12-18-11-30-00,6,1,5
2017-12-18-11-45-00,5,2,3
2017-12-18-12-00-00,4,2,2
2017-12-18-12-15-00,5,4,1
2017-12-18-12-30-00,3,3,0
2017-12-18-12-45-00,5,1,4
2017-12-18-13-00-00,8,5,3
2017-12-18-13-15-00,5,1,4
2017-12-18-13-30-00,7,6,1
2017-12-18-13-45-00,9,7,2
2017-12-18-14-00-00,11,5,6
2017-12-18-14-15-00,9,7,2
2017-12-18-14-30-00,10,5,5
2017-12-18-14-45-00,4,3,1
2017-12-18-15-00-00,16,10,6
2017-12-18-15-15-00,11,9,2
2017-12-18-15-30-00,9,3,6
2017-12-18-15-45-00,11,7,4
2017-12-18-16-00-00,12,9,3
2017-12-18-16-15-00,21,20,1
2017-12-18-16-30-00,17,10,7
2017-12-18-16-45-00,27,17,10
2017-12-18-17-00-00,10,5,5
2017-12-18-17-15-00,20,16,4
2017-12-18-17-30-00,16,10,6
2017-12-18-17-45-00,19,15,4
2017-12-18-18-00-00,11,10,1
2017-12-18-18-15-00,15,10,5
2017-12-18-18-30-00,12,6,6
2017-12-18-18-45-00,11,10,1
2017-12-18-19-00-00,5,3,2
2017-12-18-19-15-00,7,5,2
2017-12-18-19-30-00,9,8,1
2017-12-18-19-45-00,5,2,3
2017-12-18-20-00-00,4,3,1
2017-12-18-20-15-00,5,3,2
2017-12-18-20-30-00,5,2,3
2017-12-18-20-45-00,2,0,2
2017-12-18-21-00-00,8,4,4
2017-12-18-21-15-00,3,2,1
2017-12-18-21-30-00,2,1,1
2017-12-18-21-45-00,4,3,1
2017-12-18-22-00-00,2,0,2
2017-12-18-22-15-00,2,0,2
2017-12-18-22-30-00,0,0,0
2017-12-18-22-45-00,2,1,1
2017-12-18-23-00-00,2,1,1
2017-12-18-23-15-00,0,0,0
2017-12-18-23-30-00,0,0,0
2017-12-18-23-45-00,0,0,0
2017-12-19-00-00-00,0,0,0
2017-12-19-00-15-00,0,0,0
2017-12-19-00-30-00,0,0,0
2017-12-19-00-45-00,0,0,0
2017-12-19-01-00-00,0,0,0
2017-12-19-01-15-00,0,0,0
2017-12-19-01-30-00,2,2,0
2017-12-19-01-45-00,0,0,0
2017-12-19-02-00-00,0,0,0
2017-12-19-02-15-00,0,0,0
2017-12-19-02-30-00,0,0,0
2017-12-19-02-45-00,0,0,0
2017-12-19-03-00-00,0,0,0
2017-12-19-03-15-00,0,0,0
2017-12-19-03-30-00,0,0,0
2017-12-19-03-45-00,0,0,0
2017-12-19-04-00-00,0,0,0
2017-12-19-04-15-00,0,0,0
2017-12-19-04-30-00,0,0,0
2017-12-19-04-45-00,1,1,0
2017-12-19-05-00-00,0,0,0
2017-12-19-05-15-00,0,0,0
2017-12-19-05-30-00,0,0,0
2017-12-19-05-45-00,2,1,1
2017-12-19-06-00-00,1,0,1
2017-12-19-06-15-00,4,2,2
2017-12-19-06-30-00,2,1,1
2017-12-19-06-45-00,9,4,5
2017-12-19-07-00-00,11,4,7
2017-12-19-07-15-00,12,1,11
2017-12-19-07-30-00,25,10,15
2017-12-19-07-45-00,28,7,21
2017-12-19-08-00-00,27,7,20
2017-12-19-08-15-00,24,2,22
2017-12-19-08-30-00,26,7,19
2017-12-19-08-45-00,29,6,23
2017-12-19-09-00-00,21,5,16
2017-12-19-09-15-00,12,3,9
2017-12-19-09-30-00,11,7,4
2017-12-19-09-45-00,13,4,9
2017-12-19-10-00-00,7,2,5
2017-12-19-10-15-00,12,5,7
2017-12-19-10-30-00,11,6,5
2017-12-19-10-45-00,7,5,2
2017-12-19-11-00-00,10,6,4
2017-12-19-11-15-00,7,2,5
2017-12-19-11-30-00,10,4,6
2017-12-19-11-45-00,6,1,5
2017-12-19-12-00-00,12,10,2
2017-12-19-12-15-00,2,2,0
2017-12-19-12-30-00,9,3,6
2017-12-19-12-45-00,10,7,3
2017-12-19-13-00-00,9,6,3
2017-12-19-13-15-00,5,3,2
2017-12-19-13-30-00,7,2,5
2017-12-19-13-45-00,9,3,6
2017-12-19-14-00-00,7,7,0
2017-12-19-14-15-00,5,4,1
2017-12-19-14-30-00,6,4,2
2017-12-19-14-45-00,8,2,6
2017-12-19-15-00-00,8,5,3
2017-12-19-15-15-00,12,7,5
2017-12-19-15-30-00,14,10,4
2017-12-19-15-45-00,17,11,6
2017-12-19-16-00-00,20,15,5
2017-12-19-16-15-00,13,10,3
2017-12-19-16-30-00,22,14,8
2017-12-19-16-45-00,17,16,1
2017-12-19-17-00-00,21,15,6
2017-12-19-17-15-00,26,17,9
2017-12-19-17-30-00,19,11,8
2017-12-19-17-45-00,16,10,6
2017-12-19-18-00-00,13,12,1
2017-12-19-18-15-00,11,6,5
2017-12-19-18-30-00,14,11,3
2017-12-19-18-45-00,8,5,3
2017-12-19-19-00-00,12,7,5
2017-12-19-19-15-00,8,5,3
2017-12-19-19-30-00,10,7,3
2017-12-19-19-45-00,3,2,1
2017-12-19-20-00-00,5,2,3
2017-12-19-20-15-00,2,1,1
2017-12-19-20-30-00,1,0,1
2017-12-19-20-45-00,3,1,2
2017-12-19-21-00-00,1,1,0
2017-12-19-21-15-00,3,2,1
2017-12-19-21-30-00,2,0,2
2017-12-19-21-45-00,0,0,0
2017-12-19-22-00-00,1,1,0
2017-12-19-22-15-00,2,0,2
2017-12-19-22-30-00,2,2,0
2017-12-19-22-45-00,0,0,0
2017-12-19-23-00-00,1,1,0
2017-12-19-23-15-00,1,0,1
2017-12-19-23-30-00,0,0,0
2017-12-19-23-45-00,0,0,0
2017-12-20-00-00-00,1,1,0
2017-12-20-00-15-00,1,0,1
2017-12-20-00-30-00,0,0,0
2017-12-20-00-45-00,0,0,0
2017-12-20-01-00-00,0,0,0
2017-12-20-01-15-00,0,0,0
2017-12-20-01-30-00,0,0,0
2017-12-20-01-45-00,0,0,0
2017-12-20-02-00-00,0,0,0
2017-12-20-02-15-00,0,0,0
2017-12-20-02-30-00,0,0,0
2017-12-20-02-45-00,0,0,0
2017-12-20-03-00-00,0,0,0
2017-12-20-03-15-00,0,0,0
2017-12-20-03-30-00,0,0,0
2017-12-20-03-45-00,1,0,1
2017-12-20-04-00-00,0,0,0
2017-12-20-04-15-00,0,0,0
2017-12-20-04-30-00,0,0,0
2017-12-20-04-45-00,0,0,0
2017-12-20-05-00-00,0,0,0
2017-12-20-05-15-00,1,0,1
2017-12-20-05-30-00,1,0,1
2017-12-20-05-45-00,1,0,1
2017-12-20-06-00-00,2,1,1
2017-12-20-06-15-00,5,1,4
2017-12-20-06-30-00,0,0,0
2017-12-20-06-45-00,9,4,5
2017-12-20-07-00-00,3,2,1
2017-12-20-07-15-00,13,6,7
2017-12-20-07-30-00,21,8,13
2017-12-20-07-45-00,23,7,16
2017-12-20-08-00-00,25,3,22
2017-12-20-08-15-00,25,12,13
2017-12-20-08-30-00,25,5,20
2017-12-20-08-45-00,13,4,9
2017-12-20-09-00-00,20,5,15
2017-12-20-09-15-00,22,8,14
2017-12-20-09-30-00,6,4,2
2017-12-20-09-45-00,10,4,6
2017-12-20-10-00-00,5,1,4
2017-12-20-10-15-00,5,3,2
2017-12-20-10-30-00,3,0,3
2017-12-20-10-45-00,6,3,3
2017-12-20-11-00-00,8,3,5
2017-12-20-11-15-00,8,2,6
2017-12-20-11-30-00,1,0,1
2017-12-20-11-45-00,7,5,2
2017-12-20-12-00-00,4,2,2
2017-12-20-12-15-00,3,0,3
2017-12-20-12-30-00,7,4,3
2017-12-20-12-45-00,7,4,3
2017-12-20-13-00-00,10,7,3
2017-12-20-13-15-00,6,4,2
2017-12-20-13-30-00,6,2,4
2017-12-20-13-45-00,4,3,1
2017-12-20-14-00-00,6,3,3
2017-12-20-14-15-00,5,4,1
2017-12-20-14-30-00,8,6,2
2017-12-20-14-45-00,7,2,5
2017-12-20-15-00-00,8,5,3
2017-12-20-15-15-00,7,7,0
2017-12-20-15-30-00,6,6,0
2017-12-20-15-45-00,14,10,4
2017-12-20-16-00-00,17,10,7
2017-12-20-16-15-00,12,10,2
2017-12-20-16-30-00,24,14,10
2017-12-20-16-45-00,16,11,5
2017-12-20-17-00-00,12,9,3
2017-12-20-17-15-00,10,8,2
2017-12-20-17-30-00,19,15,4
2017-12-20-17-45-00,11,8,3
2017-12-20-18-00-00,10,8,2
2017-12-20-18-15-00,11,9,2
2017-12-20-18-30-00,17,10,7
2017-12-20-18-45-00,14,11,3
2017-12-20-19-00-00,6,5,1
2017-12-20-19-15-00,8,5,3
2017-12-20-19-30-00,7,4,3
2017-12-20-19-45-00,4,2,2
2017-12-20-20-00-00,9,7,2
2017-12-20-20-15-00,1,1,0
2017-12-20-20-30-00,3,2,1
2017-12-20-20-45-00,5,2,3
2017-12-20-21-00-00,0,0,0
2017-12-20-21-15-00,1,0,1
2017-12-20-21-30-00,2,1,1
2017-12-20-21-45-00,1,0,1
2017-12-20-22-00-00,0,0,0
2017-12-20-22-15-00,2,0,2
2017-12-20-22-30-00,2,1,1
2017-12-20-22-45-00,4,2,2
2017-12-20-23-00-00,0,0,0
2017-12-20-23-15-00,0,0,0
2017-12-20-23-30-00,2,1,1
2017-12-20-23-45-00,0,0,0
2017-12-21-00-00-00,2,2,0
2017-12-21-00-15-00,1,1,0
2017-12-21-00-30-00,0,0,0
2017-12-21-00-45-00,0,0,0
2017-12-21-01-00-00,0,0,0
2017-12-21-01-15-00,0,0,0
2017-12-21-01-30-00,0,0,0
2017-12-21-01-45-00,0,0,0
2017-12-21-02-00-00,0,0,0
2017-12-21-02-15-00,0,0,0
2017-12-21-02-30-00,0,0,0
2017-12-21-02-45-00,0,0,0
2017-12-21-03-00-00,0,0,0
2017-12-21-03-15-00,0,0,0
2017-12-21-03-30-00,0,0,0
2017-12-21-03-45-00,0,0,0
2017-12-21-04-00-00,0,0,0
2017-12-21-04-15-00,0,0,0
2017-12-21-04-30-00,0,0,0
2017-12-21-04-45-00,0,0,0
2017-12-21-05-00-00,0,0,0
2017-12-21-05-15-00,0,0,0
2017-12-21-05-30-00,0,0,0
2017-12-21-05-45-00,1,0,1
2017-12-21-06-00-00,2,0,2
2017-12-21-06-15-00,5,1,4
2017-12-21-06-30-00,1,1,0
2017-12-21-06-45-00,5,4,1
2017-12-21-07-00-00,4,1,3
2017-12-21-07-15-00,15,5,10
2017-12-21-07-30-00,15,6,9
2017-12-21-07-45-00,28,8,20
2017-12-21-08-00-00,22,4,18
2017-12-21-08-15-00,31,5,26
2017-12-21-08-30-00,25,7,18
2017-12-21-08-45-00,24,9,15
2017-12-21-09-00-00,19,2,17
2017-12-21-09-15-00,11,6,5
2017-12-21-09-30-00,5,1,4
2017-12-21-09-45-00,10,1,9
2017-12-21-10-00-00,7,5,2
2017-12-21-10-15-00,9,7,2
2017-12-21-10-30-00,8,6,2
2017-12-21-10-45-00,6,5,1
2017-12-21-11-00-00,2,1,1
2017-12-21-11-15-00,3,2,1
2017-12-21-11-30-00,7,2,5
2017-12-21-11-45-00,4,2,2
2017-12-21-12-00-00,4,2,2
2017-12-21-12-15-00,9,6,3
2017-12-21-12-30-00,6,3,3
2017-12-21-12-45-00,2,2,0
2017-12-21-13-00-00,5,4,1
2017-12-21-13-15-00,6,5,1
2017-12-21-13-30-00,7,2,5
2017-12-21-13-45-00,8,4,4
2017-12-21-14-00-00,8,3,5
2017-12-21-14-15-00,5,5,0
2017-12-21-14-30-00,8,7,1
2017-12-21-14-45-00,14,11,3
2017-12-21-15-00-00,11,4,7
2017-12-21-15-15-00,6,6,0
2017-12-21-15-30-00,10,7,3
2017-12-21-15-45-00,11,7,4
2017-12-21-16-00-00,12,8,4
2017-12-21-16-15-00,18,14,4
2017-12-21-16-30-00,20,11,9
2017-12-21-16-45-00,20,12,8
2017-12-21-17-00-00,19,17,2
2017-12-21-17-15-00,22,19,3
2017-12-21-17-30-00,12,8,4
2017-12-21-17-45-00,19,11,8
2017-12-21-18-00-00,13,11,2
2017-12-21-18-15-00,10,4,6
2017-12-21-18-30-00,5,1,4
2017-12-21-18-45-00,11,10,1
2017-12-21-19-00-00,4,2,2
2017-12-21-19-15-00,10,7,3
2017-12-21-19-30-00,6,5,1
2017-12-21-19-45-00,4,4,0
2017-12-21-20-00-00,2,0,2
2017-12-21-20-15-00,1,0,1
2017-12-21-20-30-00,4,3,1
2017-12-21-20-45-00,2,2,0
2017-12-21-21-00-00,4,3,1
2017-12-21-21-15-00,1,1,0
2017-12-21-21-30-00,2,1,1
2017-12-21-21-45-00,1,1,0
2017-12-21-22-00-00,4,0,4
2017-12-21-22-15-00,3,0,3
2017-12-21-22-30-00,0,0,0
2017-12-21-22-45-00,0,0,0
2017-12-21-23-00-00,1,0,1
2017-12-21-23-15-00,0,0,0
2017-12-21-23-30-00,1,0,1
2017-12-21-23-45-00,0,0,0
2017-12-22-00-00-00,4,2,2
2017-12-22-00-15-00,0,0,0
2017-12-22-00-30-00,0,0,0
2017-12-22-00-45-00,0,0,0
2017-12-22-01-00-00,2,1,1
2017-12-22-01-15-00,1,0,1
2017-12-22-01-30-00,0,0,0
2017-12-22-01-45-00,0,0,0
2017-12-22-02-00-00,0,0,0
2017-12-22-02-15-00,0,0,0
2017-12-22-02-30-00,0,0,0
2017-12-22-02-45-00,0,0,0
2017-12-22-03-00-00,0,0,0
2017-12-22-03-15-00,0,0,0
2017-12-22-03-30-00,0,0,0
2017-12-22-03-45-00,0,0,0
2017-12-22-04-00-00,0,0,0
2017-12-22-04-15-00,0,0,0
2017-12-22-04-30-00,0,0,0
2017-12-22-04-45-00,0,0,0
2017-12-22-05-00-00,0,0,0
2017-12-22-05-15-00,0,0,0
2017-12-22-05-30-00,0,0,0
2017-12-22-05-45-00,2,0,2
2017-12-22-06-00-00,1,0,1
2017-12-22-06-15-00,2,0,2
2017-12-22-06-30-00,0,0,0
2017-12-22-06-45-00,7,6,1
2017-12-22-07-00-00,6,3,3
2017-12-22-07-15-00,5,1,4
2017-12-22-07-30-00,12,4,8
2017-12-22-07-45-00,18,4,14
2017-12-22-08-00-00,14,4,10
2017-12-22-08-15-00,13,4,9
2017-12-22-08-30-00,16,7,9
2017-12-22-08-45-00,8,2,6
2017-12-22-09-00-00,12,0,12
2017-12-22-09-15-00,6,2,4
2017-12-22-09-30-00,5,1,4
2017-12-22-09-45-00,5,3,2
2017-12-22-10-00-00,3,1,2
2017-12-22-10-15-00,2,2,0
2017-12-22-10-30-00,1,1,0
2017-12-22-10-45-00,5,0,5
2017-12-22-11-00-00,5,3,2
2017-12-22-11-15-00,3,1,2
2017-12-22-11-30-00,6,2,4
2017-12-22-11-45-00,2,2,0
2017-12-22-12-00-00,4,3,1
2017-12-22-12-15-00,8,5,3
2017-12-22-12-30-00,3,2,1
2017-12-22-12-45-00,7,5,2
2017-12-22-13-00-00,6,3,3
2017-12-22-13-15-00,4,3,1
2017-12-22-13-30-00,8,7,1
2017-12-22-13-45-00,7,5,2
2017-12-22-14-00-00,14,12,2
2017-12-22-14-15-00,8,5,3
2017-12-22-14-30-00,11,6,5
2017-12-22-14-45-00,8,5,3
2017-12-22-15-00-00,12,9,3
2017-12-22-15-15-00,14,8,6
2017-12-22-15-30-00,8,4,4
2017-12-22-15-45-00,3,1,2
2017-12-22-16-00-00,15,12,3
2017-12-22-16-15-00,8,4,4
2017-12-22-16-30-00,12,8,4
2017-12-22-16-45-00,9,7,2
2017-12-22-17-00-00,7,5,2
2017-12-22-17-15-00,10,5,5
2017-12-22-17-30-00,3,3,0
2017-12-22-17-45-00,4,4,0
2017-12-22-18-00-00,3,0,3
2017-12-22-18-15-00,5,3,2
2017-12-22-18-30-00,5,0,5
2017-12-22-18-45-00,1,1,0
2017-12-22-19-00-00,2,2,0
2017-12-22-19-15-00,6,4,2
2017-12-22-19-30-00,0,0,0
2017-12-22-19-45-00,4,0,4
2017-12-22-20-00-00,0,0,0
2017-12-22-20-15-00,0,0,0
2017-12-22-20-30-00,0,0,0
2017-12-22-20-45-00,0,0,0
2017-12-22-21-00-00,1,0,1
2017-12-22-21-15-00,0,0,0
2017-12-22-21-30-00,2,2,0
2017-12-22-21-45-00,1,0,1
2017-12-22-22-00-00,1,0,1
2017-12-22-22-15-00,0,0,0
2017-12-22-22-30-00,3,2,1
2017-12-22-22-45-00,0,0,0
2017-12-22-23-00-00,2,2,0
2017-12-22-23-15-00,2,1,1
2017-12-22-23-30-00,0,0,0
2017-12-22-23-45-00,0,0,0
2017-12-23-00-00-00,0,0,0
2017-12-23-00-15-00,0,0,0
2017-12-23-00-30-00,0,0,0
2017-12-23-00-45-00,2,0,2
2017-12-23-01-00-00,0,0,0
2017-12-23-01-15-00,1,1,0
2017-12-23-01-30-00,0,0,0
2017-12-23-01-45-00,0,0,0
2017-12-23-02-00-00,0,0,0
2017-12-23-02-15-00,0,0,0
2017-12-23-02-30-00,0,0,0
2017-12-23-02-45-00,0,0,0
2017-12-23-03-00-00,0,0,0
2017-12-23-03-15-00,0,0,0
2017-12-23-03-30-00,0,0,0
2017-12-23-03-45-00,0,0,0
2017-12-23-04-00-00,0,0,0
2017-12-23-04-15-00,0,0,0
2017-12-23-04-30-00,0,0,0
2017-12-23-04-45-00,0,0,0
2017-12-23-05-00-00,0,0,0
2017-12-23-05-15-00,0,0,0
2017-12-23-05-30-00,0,0,0
2017-12-23-05-45-00,0,0,0
2017-12-23-06-00-00,0,0,0
2017-12-23-06-15-00,1,0,1
2017-12-23-06-30-00,1,0,1
2017-12-23-06-45-00,0,0,0
2017-12-23-07-00-00,1,0,1
2017-12-23-07-15-00,0,0,0
2017-12-23-07-30-00,1,1,0
2017-12-23-07-45-00,1,1,0
2017-12-23-08-00-00,2,2,0
2017-12-23-08-15-00,2,2,0
2017-12-23-08-30-00,6,5,1
2017-12-23-08-45-00,3,0,3
2017-12-23-09-00-00,4,2,2
2017-12-23-09-15-00,2,1,1
2017-12-23-09-30-00,7,3,4
2017-12-23-09-45-00,6,5,1
2017-12-23-10-00-00,7,6,1
2017-12-23-10-15-00,9,5,4
2017-12-23-10-30-00,9,3,6
2017-12-23-10-45-00,10,6,4
2017-12-23-11-00-00,9,5,4
2017-12-23-11-15-00,10,8,2
2017-12-23-11-30-00,22,10,12
2017-12-23-11-45-00,18,14,4
2017-12-23-12-00-00,13,7,6
2017-12-23-12-15-00,12,8,4
2017-12-23-12-30-00,16,12,4
2017-12-23-12-45-00,19,7,12
2017-12-23-13-00-00,27,12,15
2017-12-23-13-15-00,19,8,11
2017-12-23-13-30-00,25,8,17
2017-12-23-13-45-00,11,7,4
2017-12-23-14-00-00,14,9,5
2017-12-23-14-15-00,14,8,6
2017-12-23-14-30-00,23,6,17
2017-12-23-14-45-00,22,13,9
2017-12-23-15-00-00,18,4,14
2017-12-23-15-15-00,12,5,7
2017-12-23-15-30-00,22,11,11
2017-12-23-15-45-00,13,5,8
2017-12-23-16-00-00,22,17,5
2017-12-23-16-15-00,16,10,6
2017-12-23-16-30-00,13,8,5
2017-12-23-16-45-00,15,11,4
2017-12-23-17-00-00,10,4,6
2017-12-23-17-15-00,15,8,7
2017-12-23-17-30-00,1,1,0
2017-12-23-17-45-00,7,6,1
2017-12-23-18-00-00,3,2,1
2017-12-23-18-15-00,2,1,1
2017-12-23-18-30-00,3,1,2
2017-12-23-18-45-00,3,2,1
2017-12-23-19-00-00,5,4,1
2017-12-23-19-15-00,2,1,1
2017-12-23-19-30-00,4,4,0
2017-12-23-19-45-00,1,0,1
2017-12-23-20-00-00,3,3,0
2017-12-23-20-15-00,4,2,2
2017-12-23-20-30-00,2,2,0
2017-12-23-20-45-00,1,1,0
2017-12-23-21-00-00,0,0,0
2017-12-23-21-15-00,3,0,3
2017-12-23-21-30-00,1,1,0
2017-12-23-21-45-00,0,0,0
2017-12-23-22-00-00,0,0,0
2017-12-23-22-15-00,0,0,0
2017-12-23-22-30-00,0,0,0
2017-12-23-22-45-00,1,0,1
2017-12-23-23-00-00,0,0,0
2017-12-23-23-15-00,1,1,0
2017-12-23-23-30-00,0,0,0
2017-12-23-23-45-00,0,0,0
2017-12-24-00-00-00,0,0,0
2017-12-24-00-15-00,0,0,0
2017-12-24-00-30-00,2,0,2
2017-12-24-00-45-00,0,0,0
2017-12-24-01-00-00,2,1,1
2017-12-24-01-15-00,1,0,1
2017-12-24-01-30-00,0,0,0
2017-12-24-01-45-00,0,0,0
2017-12-24-02-00-00,0,0,0
2017-12-24-02-15-00,0,0,0
2017-12-24-02-30-00,0,0,0
2017-12-24-02-45-00,1,0,1
2017-12-24-03-00-00,0,0,0
2017-12-24-03-15-00,0,0,0
2017-12-24-03-30-00,0,0,0
2017-12-24-03-45-00,0,0,0
2017-12-24-04-00-00,0,0,0
2017-12-24-04-15-00,0,0,0
2017-12-24-04-30-00,0,0,0
2017-12-24-04-45-00,0,0,0
2017-12-24-05-00-00,0,0,0
2017-12-24-05-15-00,0,0,0
2017-12-24-05-30-00,0,0,0
2017-12-24-05-45-00,0,0,0
2017-12-24-06-00-00,1,0,1
2017-12-24-06-15-00,0,0,0
2017-12-24-06-30-00,0,0,0
2017-12-24-06-45-00,1,1,0
2017-12-24-07-00-00,0,0,0
2017-12-24-07-15-00,0,0,0
2017-12-24-07-30-00,1,0,1
2017-12-24-07-45-00,1,1,0
2017-12-24-08-00-00,0,0,0
2017-12-24-08-15-00,1,1,0
2017-12-24-08-30-00,4,4,0
2017-12-24-08-45-00,4,3,1
2017-12-24-09-00-00,2,1,1
2017-12-24-09-15-00,6,1,5
2017-12-24-09-30-00,6,3,3
2017-12-24-09-45-00,8,4,4
2017-12-24-10-00-00,9,5,4
2017-12-24-10-15-00,18,11,7
2017-12-24-10-30-00,12,3,9
2017-12-24-10-45-00,15,8,7
2017-12-24-11-00-00,20,12,8
2017-12-24-11-15-00,19,14,5
2017-12-24-11-30-00,19,7,12
2017-12-24-11-45-00,20,12,8
2017-12-24-12-00-00,14,7,7
2017-12-24-12-15-00,26,10,16
2017-12-24-12-30-00,19,12,7
2017-12-24-12-45-00,16,9,7
2017-12-24-13-00-00,12,7,5
2017-12-24-13-15-00,24,7,17
2017-12-24-13-30-00,15,4,11
2017-12-24-13-45-00,18,11,7
2017-12-24-14-00-00,11,7,4
2017-12-24-14-15-00,25,10,15
2017-12-24-14-30-00,12,6,6
2017-12-24-14-45-00,20,12,8
2017-12-24-15-00-00,8,6,2
2017-12-24-15-15-00,21,11,10
2017-12-24-15-30-00,14,7,7
2017-12-24-15-45-00,7,5,2
2017-12-24-16-00-00,11,6,5
2017-12-24-16-15-00,6,3,3
2017-12-24-16-30-00,4,3,1
2017-12-24-16-45-00,6,2,4
2017-12-24-17-00-00,5,2,3
2017-12-24-17-15-00,6,3,3
2017-12-24-17-30-00,13,11,2
2017-12-24-17-45-00,4,1,3
2017-12-24-18-00-00,2,2,0
2017-12-24-18-15-00,0,0,0
2017-12-24-18-30-00,0,0,0
2017-12-24-18-45-00,0,0,0
2017-12-24-19-00-00,1,1,0
2017-12-24-19-15-00,0,0,0
2017-12-24-19-30-00,0,0,0
2017-12-24-19-45-00,1,0,1
2017-12-24-20-00-00,0,0,0
2017-12-24-20-15-00,0,0,0
2017-12-24-20-30-00,0,0,0
2017-12-24-20-45-00,0,0,0
2017-12-24-21-00-00,1,1,0
2017-12-24-21-15-00,0,0,0
2017-12-24-21-30-00,0,0,0
2017-12-24-21-45-00,0,0,0
2017-12-24-22-00-00,0,0,0
2017-12-24-22-15-00,4,1,3
2017-12-24-22-30-00,1,0,1
2017-12-24-22-45-00,0,0,0
2017-12-24-23-00-00,0,0,0
2017-12-24-23-15-00,1,1,0
2017-12-24-23-30-00,0,0,0
2017-12-24-23-45-00,0,0,0
2017-12-25-00-00-00,1,1,0
2017-12-25-00-15-00,0,0,0
2017-12-25-00-30-00,3,3,0
2017-12-25-00-45-00,1,1,0
2017-12-25-01-00-00,0,0,0
2017-12-25-01-15-00,1,0,1
2017-12-25-01-30-00,0,0,0
2017-12-25-01-45-00,0,0,0
2017-12-25-02-00-00,0,0,0
2017-12-25-02-15-00,0,0,0
2017-12-25-02-30-00,0,0,0
2017-12-25-02-45-00,0,0,0
2017-12-25-03-00-00,0,0,0
2017-12-25-03-15-00,0,0,0
2017-12-25-03-30-00,0,0,0
2017-12-25-03-45-00,0,0,0
2017-12-25-04-00-00,0,0,0
2017-12-25-04-15-00,0,0,0
2017-12-25-04-30-00,0,0,0
2017-12-25-04-45-00,0,0,0
2017-12-25-05-00-00,0,0,0
2017-12-25-05-15-00,0,0,0
2017-12-25-05-30-00,0,0,0
2017-12-25-05-45-00,0,0,0
2017-12-25-06-00-00,0,0,0
2017-12-25-06-15-00,1,0,1
2017-12-25-06-30-00,1,0,1
2017-12-25-06-45-00,0,0,0
2017-12-25-07-00-00,0,0,0
2017-12-25-07-15-00,1,1,0
2017-12-25-07-30-00,2,2,0
2017-12-25-07-45-00,1,1,0
2017-12-25-08-00-00,0,0,0
2017-12-25-08-15-00,2,0,2
2017-12-25-08-30-00,5,4,1
2017-12-25-08-45-00,3,1,2
2017-12-25-09-00-00,3,3,0
2017-12-25-09-15-00,6,2,4
2017-12-25-09-30-00,5,3,2
2017-12-25-09-45-00,9,1,8
2017-12-25-10-00-00,5,1,4
2017-12-25-10-15-00,4,4,0
2017-12-25-10-30-00,12,8,4
2017-12-25-10-45-00,15,9,6
2017-12-25-11-00-00,14,10,4
2017-12-25-11-15-00,14,9,5
2017-12-25-11-30-00,14,11,3
2017-12-25-11-45-00,18,9,9
2017-12-25-12-00-00,16,6,10
2017-12-25-12-15-00,14,10,4
2017-12-25-12-30-00,18,7,11
2017-12-25-12-45-00,18,6,12
2017-12-25-13-00-00,15,5,10
2017-12-25-13-15-00,27,12,15
2017-12-25-13-30-00,30,16,14
2017-12-25-13-45-00,34,13,21
2017-12-25-14-00-00,28,13,15
2017-12-25-14-15-00,27,9,18
2017-12-25-14-30-00,30,15,15
2017-12-25-14-45-00,43,20,23
2017-12-25-15-00-00,35,18,17
2017-12-25-15-15-00,35,15,20
2017-12-25-15-30-00,31,18,13
2017-12-25-15-45-00,28,20,8
2017-12-25-16-00-00,21,17,4
2017-12-25-16-15-00,19,10,9
2017-12-25-16-30-00,8,6,2
2017-12-25-16-45-00,5,3,2
2017-12-25-17-00-00,9,7,2
2017-12-25-17-15-00,4,4,0
2017-12-25-17-30-00,1,1,0
2017-12-25-17-45-00,2,1,1
2017-12-25-18-00-00,3,1,2
2017-12-25-18-15-00,3,3,0
2017-12-25-18-30-00,2,1,1
2017-12-25-18-45-00,0,0,0
2017-12-25-19-00-00,1,0,1
2017-12-25-19-15-00,5,0,5
2017-12-25-19-30-00,0,0,0
2017-12-25-19-45-00,0,0,0
2017-12-25-20-00-00,4,2,2
2017-12-25-20-15-00,0,0,0
2017-12-25-20-30-00,1,0,1
2017-12-25-20-45-00,2,2,0
2017-12-25-21-00-00,0,0,0
2017-12-25-21-15-00,0,0,0
2017-12-25-21-30-00,1,1,0
2017-12-25-21-45-00,1,1,0
2017-12-25-22-00-00,0,0,0
2017-12-25-22-15-00,0,0,0
2017-12-25-22-30-00,0,0,0
2017-12-25-22-45-00,1,0,1
2017-12-25-23-00-00,0,0,0
2017-12-25-23-15-00,0,0,0
2017-12-25-23-30-00,0,0,0
2017-12-25-23-45-00,0,0,0
2017-12-26-00-00-00,2,2,0
2017-12-26-00-15-00,0,0,0
2017-12-26-00-30-00,0,0,0
2017-12-26-00-45-00,0,0,0
2017-12-26-01-00-00,1,0,1
2017-12-26-01-15-00,0,0,0
2017-12-26-01-30-00,0,0,0
2017-12-26-01-45-00,0,0,0
2017-12-26-02-00-00,0,0,0
2017-12-26-02-15-00,0,0,0
2017-12-26-02-30-00,0,0,0
2017-12-26-02-45-00,0,0,0
2017-12-26-03-00-00,0,0,0
2017-12-26-03-15-00,0,0,0
2017-12-26-03-30-00,0,0,0
2017-12-26-03-45-00,0,0,0
2017-12-26-04-00-00,0,0,0
2017-12-26-04-15-00,0,0,0
2017-12-26-04-30-00,0,0,0
2017-12-26-04-45-00,0,0,0
2017-12-26-05-00-00,1,1,0
2017-12-26-05-15-00,0,0,0
2017-12-26-05-30-00,0,0,0
2017-12-26-05-45-00,0,0,0
2017-12-26-06-00-00,1,0,1
2017-12-26-06-15-00,2,2,0
2017-12-26-06-30-00,1,0,1
2017-12-26-06-45-00,2,0,2
2017-12-26-07-00-00,0,0,0
2017-12-26-07-15-00,0,0,0
2017-12-26-07-30-00,0,0,0
2017-12-26-07-45-00,0,0,0
2017-12-26-08-00-00,1,1,0
2017-12-26-08-15-00,0,0,0
2017-12-26-08-30-00,8,6,2
2017-12-26-08-45-00,1,1,0
2017-12-26-09-00-00,6,2,4
2017-12-26-09-15-00,3,2,1
2017-12-26-09-30-00,2,2,0
2017-12-26-09-45-00,1,1,0
2017-12-26-10-00-00,2,1,1
2017-12-26-10-15-00,2,0,2
2017-12-26-10-30-00,1,1,0
2017-12-26-10-45-00,0,0,0
2017-12-26-11-00-00,4,2,2
2017-12-26-11-15-00,1,0,1
2017-12-26-11-30-00,3,3,0
2017-12-26-11-45-00,7,1,6
2017-12-26-12-00-00,6,5,1
2017-12-26-12-15-00,3,1,2
2017-12-26-12-30-00,6,3,3
2017-12-26-12-45-00,16,9,7
2017-12-26-13-00-00,22,6,16
2017-12-26-13-15-00,19,9,10
2017-12-26-13-30-00,32,18,14
2017-12-26-13-45-00,32,18,14
2017-12-26-14-00-00,20,9,11
2017-12-26-14-15-00,28,13,15
2017-12-26-14-30-00,18,13,5
2017-12-26-14-45-00,19,8,11
2017-12-26-15-00-00,14,11,3
2017-12-26-15-15-00,11,7,4
2017-12-26-15-30-00,5,4,1
2017-12-26-15-45-00,15,5,10
2017-12-26-16-00-00,9,4,5
2017-12-26-16-15-00,10,4,6
2017-12-26-16-30-00,16,8,8
2017-12-26-16-45-00,7,6,1
2017-12-26-17-00-00,5,4,1
2017-12-26-17-15-00,5,1,4
2017-12-26-17-30-00,6,3,3
2017-12-26-17-45-00,6,3,3
2017-12-26-18-00-00,2,2,0
2017-12-26-18-15-00,1,1,0
2017-12-26-18-30-00,0,0,0
2017-12-26-18-45-00,3,2,1
2017-12-26-19-00-00,0,0,0
2017-12-26-19-15-00,4,0,4
2017-12-26-19-30-00,1,1,0
2017-12-26-19-45-00,0,0,0
2017-12-26-20-00-00,3,3,0
2017-12-26-20-15-00,2,1,1
2017-12-26-20-30-00,0,0,0
2017-12-26-20-45-00,1,1,0
2017-12-26-21-00-00,1,0,1
2017-12-26-21-15-00,0,0,0
2017-12-26-21-30-00,2,1,1
2017-12-26-21-45-00,0,0,0
2017-12-26-22-00-00,0,0,0
2017-12-26-22-15-00,0,0,0
2017-12-26-22-30-00,1,0,1
2017-12-26-22-45-00,0,0,0
2017-12-26-23-00-00,0,0,0
2017-12-26-23-15-00,1,0,1
2017-12-26-23-30-00,0,0,0
2017-12-26-23-45-00,0,0,0
2017-12-27-00-00-00,1,1,0
2017-12-27-00-15-00,0,0,0
2017-12-27-00-30-00,0,0,0
2017-12-27-00-45-00,0,0,0
2017-12-27-01-00-00,0,0,0
2017-12-27-01-15-00,0,0,0
2017-12-27-01-30-00,0,0,0
2017-12-27-01-45-00,0,0,0
2017-12-27-02-00-00,0,0,0
2017-12-27-02-15-00,0,0,0
2017-12-27-02-30-00,0,0,0
2017-12-27-02-45-00,1,0,1
2017-12-27-03-00-00,0,0,0
2017-12-27-03-15-00,0,0,0
2017-12-27-03-30-00,0,0,0
2017-12-27-03-45-00,0,0,0
2017-12-27-04-00-00,0,0,0
2017-12-27-04-15-00,0,0,0
2017-12-27-04-30-00,0,0,0
2017-12-27-04-45-00,1,1,0
2017-12-27-05-00-00,0,0,0
2017-12-27-05-15-00,0,0,0
2017-12-27-05-30-00,0,0,0
2017-12-27-05-45-00,2,1,1
2017-12-27-06-00-00,0,0,0
2017-12-27-06-15-00,0,0,0
2017-12-27-06-30-00,1,0,1
2017-12-27-06-45-00,2,1,1
2017-12-27-07-00-00,8,4,4
2017-12-27-07-15-00,3,1,2
2017-12-27-07-30-00,5,3,2
2017-12-27-07-45-00,2,0,2
2017-12-27-08-00-00,3,2,1
2017-12-27-08-15-00,7,2,5
2017-12-27-08-30-00,4,3,1
2017-12-27-08-45-00,7,2,5
2017-12-27-09-00-00,9,1,8
2017-12-27-09-15-00,5,2,3
2017-12-27-09-30-00,1,1,0
2017-12-27-09-45-00,5,3,2
2017-12-27-10-00-00,8,5,3
2017-12-27-10-15-00,10,7,3
2017-12-27-10-30-00,2,1,1
2017-12-27-10-45-00,2,1,1
2017-12-27-11-00-00,7,3,4
2017-12-27-11-15-00,6,4,2
2017-12-27-11-30-00,5,2,3
2017-12-27-11-45-00,10,3,7
2017-12-27-12-00-00,7,5,2
2017-12-27-12-15-00,11,7,4
2017-12-27-12-30-00,13,6,7
2017-12-27-12-45-00,10,7,3
2017-12-27-13-00-00,11,5,6
2017-12-27-13-15-00,9,3,6
2017-12-27-13-30-00,10,4,6
2017-12-27-13-45-00,10,7,3
2017-12-27-14-00-00,6,3,3
2017-12-27-14-15-00,18,10,8
2017-12-27-14-30-00,14,4,10
2017-12-27-14-45-00,25,17,8
2017-12-27-15-00-00,21,14,7
2017-12-27-15-15-00,16,12,4
2017-12-27-15-30-00,27,11,16
2017-12-27-15-45-00,11,7,4
2017-12-27-16-00-00,26,18,8
2017-12-27-16-15-00,17,10,7
2017-12-27-16-30-00,16,11,5
2017-12-27-16-45-00,18,8,10
2017-12-27-17-00-00,12,9,3
2017-12-27-17-15-00,14,4,10
2017-12-27-17-30-00,7,6,1
2017-12-27-17-45-00,10,2,8
2017-12-27-18-00-00,2,2,0
2017-12-27-18-15-00,3,1,2
2017-12-27-18-30-00,7,6,1
2017-12-27-18-45-00,4,3,1
2017-12-27-19-00-00,5,1,4
2017-12-27-19-15-00,4,2,2
2017-12-27-19-30-00,5,3,2
2017-12-27-19-45-00,0,0,0
2017-12-27-20-00-00,2,1,1
2017-12-27-20-15-00,2,1,1
2017-12-27-20-30-00,0,0,0
2017-12-27-20-45-00,0,0,0
2017-12-27-21-00-00,2,2,0
2017-12-27-21-15-00,1,0,1
2017-12-27-21-30-00,1,1,0
2017-12-27-21-45-00,0,0,0
2017-12-27-22-00-00,0,0,0
2017-12-27-22-15-00,1,0,1
2017-12-27-22-30-00,0,0,0
2017-12-27-22-45-00,2,2,0
2017-12-27-23-00-00,0,0,0
2017-12-27-23-15-00,0,0,0
2017-12-27-23-30-00,0,0,0
2017-12-27-23-45-00,0,0,0
2017-12-28-00-00-00,1,1,0
2017-12-28-00-15-00,2,2,0
2017-12-28-00-30-00,0,0,0
2017-12-28-00-45-00,0,0,0
2017-12-28-01-00-00,1,0,1
2017-12-28-01-15-00,1,0,1
2017-12-28-01-30-00,0,0,0
2017-12-28-01-45-00,0,0,0
2017-12-28-02-00-00,0,0,0
2017-12-28-02-15-00,0,0,0
2017-12-28-02-30-00,0,0,0
2017-12-28-02-45-00,0,0,0
2017-12-28-03-00-00,0,0,0
2017-12-28-03-15-00,0,0,0
2017-12-28-03-30-00,0,0,0
2017-12-28-03-45-00,0,0,0
2017-12-28-04-00-00,0,0,0
2017-12-28-04-15-00,0,0,0
2017-12-28-04-30-00,0,0,0
2017-12-28-04-45-00,0,0,0
2017-12-28-05-00-00,0,0,0
2017-12-28-05-15-00,0,0,0
2017-12-28-05-30-00,0,0,0
2017-12-28-05-45-00,0,0,0
2017-12-28-06-00-00,3,1,2
2017-12-28-06-15-00,2,1,1
2017-12-28-06-30-00,3,1,2
2017-12-28-06-45-00,5,2,3
2017-12-28-07-00-00,6,2,4
2017-12-28-07-15-00,3,2,1
2017-12-28-07-30-00,3,0,3
2017-12-28-07-45-00,6,3,3
2017-12-28-08-00-00,6,1,5
2017-12-28-08-15-00,7,3,4
2017-12-28-08-30-00,9,3,6
2017-12-28-08-45-00,6,2,4
2017-12-28-09-00-00,6,0,6
2017-12-28-09-15-00,11,2,9
2017-12-28-09-30-00,7,4,3
2017-12-28-09-45-00,1,0,1
2017-12-28-10-00-00,1,0,1
2017-12-28-10-15-00,15,12,3
2017-12-28-10-30-00,10,4,6
2017-12-28-10-45-00,11,4,7
2017-12-28-11-00-00,12,8,4
2017-12-28-11-15-00,8,4,4
2017-12-28-11-30-00,8,6,2
2017-12-28-11-45-00,4,1,3
2017-12-28-12-00-00,6,4,2
2017-12-28-12-15-00,8,5,3
2017-12-28-12-30-00,8,4,4
2017-12-28-12-45-00,12,4,8
2017-12-28-13-00-00,11,6,5
2017-12-28-13-15-00,9,2,7
2017-12-28-13-30-00,12,11,1
2017-12-28-13-45-00,15,9,6
2017-12-28-14-00-00,14,8,6
2017-12-28-14-15-00,18,3,15
2017-12-28-14-30-00,20,7,13
2017-12-28-14-45-00,17,10,7
2017-12-28-15-00-00,23,10,13
2017-12-28-15-15-00,19,13,6
2017-12-28-15-30-00,20,10,10
2017-12-28-15-45-00,32,19,13
2017-12-28-16-00-00,23,15,8
2017-12-28-16-15-00,20,13,7
2017-12-28-16-30-00,14,9,5
2017-12-28-16-45-00,9,2,7
2017-12-28-17-00-00,10,5,5
2017-12-28-17-15-00,16,9,7
2017-12-28-17-30-00,8,2,6
2017-12-28-17-45-00,5,1,4
2017-12-28-18-00-00,3,3,0
2017-12-28-18-15-00,8,5,3
2017-12-28-18-30-00,9,8,1
2017-12-28-18-45-00,4,2,2
2017-12-28-19-00-00,7,3,4
2017-12-28-19-15-00,4,2,2
2017-12-28-19-30-00,5,4,1
2017-12-28-19-45-00,4,2,2
2017-12-28-20-00-00,0,0,0
2017-12-28-20-15-00,0,0,0
2017-12-28-20-30-00,1,0,1
2017-12-28-20-45-00,3,2,1
2017-12-28-21-00-00,0,0,0
2017-12-28-21-15-00,4,1,3
2017-12-28-21-30-00,0,0,0
2017-12-28-21-45-00,1,1,0
2017-12-28-22-00-00,3,2,1
2017-12-28-22-15-00,2,2,0
2017-12-28-22-30-00,2,0,2
2017-12-28-22-45-00,1,0,1
2017-12-28-23-00-00,2,2,0
2017-12-28-23-15-00,0,0,0
2017-12-28-23-30-00,0,0,0
2017-12-28-23-45-00,0,0,0
2017-12-29-00-00-00,1,0,1
2017-12-29-00-15-00,0,0,0
2017-12-29-00-30-00,0,0,0
2017-12-29-00-45-00,0,0,0
2017-12-29-01-00-00,0,0,0
2017-12-29-01-15-00,0,0,0
2017-12-29-01-30-00,0,0,0
2017-12-29-01-45-00,1,0,1
2017-12-29-02-00-00,0,0,0
2017-12-29-02-15-00,0,0,0
2017-12-29-02-30-00,0,0,0
2017-12-29-02-45-00,0,0,0
2017-12-29-03-00-00,0,0,0
2017-12-29-03-15-00,0,0,0
2017-12-29-03-30-00,0,0,0
2017-12-29-03-45-00,0,0,0
2017-12-29-04-00-00,0,0,0
2017-12-29-04-15-00,0,0,0
2017-12-29-04-30-00,0,0,0
2017-12-29-04-45-00,0,0,0
2017-12-29-05-00-00,0,0,0
2017-12-29-05-15-00,0,0,0
2017-12-29-05-30-00,0,0,0
2017-12-29-05-45-00,0,0,0
2017-12-29-06-00-00,1,0,1
2017-12-29-06-15-00,2,1,1
2017-12-29-06-30-00,3,3,0
2017-12-29-06-45-00,5,1,4
2017-12-29-07-00-00,6,4,2
2017-12-29-07-15-00,5,2,3
2017-12-29-07-30-00,1,0,1
2017-12-29-07-45-00,2,1,1
2017-12-29-08-00-00,8,1,7
2017-12-29-08-15-00,8,1,7
2017-12-29-08-30-00,11,6,5
2017-12-29-08-45-00,6,2,4
2017-12-29-09-00-00,6,2,4
2017-12-29-09-15-00,6,2,4
2017-12-29-09-30-00,7,4,3
2017-12-29-09-45-00,4,1,3
2017-12-29-10-00-00,3,1,2
2017-12-29-10-15-00,11,9,2
2017-12-29-10-30-00,8,4,4
2017-12-29-10-45-00,19,6,13
2017-12-29-11-00-00,19,9,10
2017-12-29-11-15-00,14,9,5
2017-12-29-11-30-00,18,11,7
2017-12-29-11-45-00,15,7,8
2017-12-29-12-00-00,18,9,9
2017-12-29-12-15-00,15,10,5
2017-12-29-12-30-00,20,14,6
2017-12-29-12-45-00,16,7,9
2017-12-29-13-00-00,14,7,7
2017-12-29-13-15-00,17,5,12
2017-12-29-13-30-00,4,0,4
2017-12-29-13-45-00,9,4,5
2017-12-29-14-00-00,4,2,2
2017-12-29-14-15-00,20,13,7
2017-12-29-14-30-00,11,7,4
2017-12-29-14-45-00,11,6,5
2017-12-29-15-00-00,18,15,3
2017-12-29-15-15-00,9,5,4
2017-12-29-15-30-00,10,4,6
2017-12-29-15-45-00,9,4,5
2017-12-29-16-00-00,11,8,3
2017-12-29-16-15-00,3,2,1
2017-12-29-16-30-00,6,2,4
2017-12-29-16-45-00,10,7,3
2017-12-29-17-00-00,3,3,0
2017-12-29-17-15-00,4,0,4
2017-12-29-17-30-00,4,1,3
2017-12-29-17-45-00,4,3,1
2017-12-29-18-00-00,3,2,1
2017-12-29-18-15-00,9,7,2
2017-12-29-18-30-00,3,1,2
2017-12-29-18-45-00,6,2,4
2017-12-29-19-00-00,3,2,1
2017-12-29-19-15-00,0,0,0
2017-12-29-19-30-00,1,1,0
2017-12-29-19-45-00,3,2,1
2017-12-29-20-00-00,1,1,0
2017-12-29-20-15-00,2,2,0
2017-12-29-20-30-00,1,0,1
2017-12-29-20-45-00,0,0,0
2017-12-29-21-00-00,0,0,0
2017-12-29-21-15-00,1,0,1
2017-12-29-21-30-00,1,1,0
2017-12-29-21-45-00,2,1,1
2017-12-29-22-00-00,0,0,0
2017-12-29-22-15-00,0,0,0
2017-12-29-22-30-00,0,0,0
2017-12-29-22-45-00,1,1,0
2017-12-29-23-00-00,0,0,0
2017-12-29-23-15-00,0,0,0
2017-12-29-23-30-00,0,0,0
2017-12-29-23-45-00,0,0,0
2017-12-30-00-00-00,1,0,1
2017-12-30-00-15-00,1,0,1
2017-12-30-00-30-00,2,0,2
2017-12-30-00-45-00,0,0,0
2017-12-30-01-00-00,0,0,0
2017-12-30-01-15-00,0,0,0
2017-12-30-01-30-00,0,0,0
2017-12-30-01-45-00,0,0,0
2017-12-30-02-00-00,0,0,0
2017-12-30-02-15-00,0,0,0
2017-12-30-02-30-00,0,0,0
2017-12-30-02-45-00,0,0,0
2017-12-30-03-00-00,0,0,0
2017-12-30-03-15-00,0,0,0
2017-12-30-03-30-00,0,0,0
2017-12-30-03-45-00,0,0,0
2017-12-30-04-00-00,0,0,0
2017-12-30-04-15-00,0,0,0
2017-12-30-04-30-00,0,0,0
2017-12-30-04-45-00,0,0,0
2017-12-30-05-00-00,0,0,0
2017-12-30-05-15-00,1,1,0
2017-12-30-05-30-00,0,0,0
2017-12-30-05-45-00,0,0,0
2017-12-30-06-00-00,0,0,0
2017-12-30-06-15-00,2,1,1
2017-12-30-06-30-00,2,0,2
2017-12-30-06-45-00,0,0,0
2017-12-30-07-00-00,1,0,1
2017-12-30-07-15-00,2,1,1
2017-12-30-07-30-00,0,0,0
2017-12-30-07-45-00,0,0,0
2017-12-30-08-00-00,1,0,1
2017-12-30-08-15-00,1,1,0
2017-12-30-08-30-00,3,1,2
2017-12-30-08-45-00,0,0,0
2017-12-30-09-00-00,1,1,0
2017-12-30-09-15-00,0,0,0
2017-12-30-09-30-00,1,1,0
2017-12-30-09-45-00,2,1,1
2017-12-30-10-00-00,0,0,0
2017-12-30-10-15-00,5,2,3
2017-12-30-10-30-00,4,4,0
2017-12-30-10-45-00,2,2,0
2017-12-30-11-00-00,2,0,2
2017-12-30-11-15-00,2,0,2
2017-12-30-11-30-00,8,4,4
2017-12-30-11-45-00,3,0,3
2017-12-30-12-00-00,6,3,3
2017-12-30-12-15-00,4,2,2
2017-12-30-12-30-00,6,5,1
2017-12-30-12-45-00,8,4,4
2017-12-30-13-00-00,4,2,2
2017-12-30-13-15-00,6,4,2
2017-12-30-13-30-00,7,3,4
2017-12-30-13-45-00,8,4,4
2017-12-30-14-00-00,13,5,8
2017-12-30-14-15-00,8,3,5
2017-12-30-14-30-00,11,7,4
2017-12-30-14-45-00,21,12,9
2017-12-30-15-00-00,16,4,12
2017-12-30-15-15-00,20,10,10
2017-12-30-15-30-00,17,6,11
2017-12-30-15-45-00,23,13,10
2017-12-30-16-00-00,18,10,8
2017-12-30-16-15-00,17,11,6
2017-12-30-16-30-00,22,13,9
2017-12-30-16-45-00,12,9,3
2017-12-30-17-00-00,11,4,7
2017-12-30-17-15-00,6,3,3
2017-12-30-17-30-00,9,3,6
2017-12-30-17-45-00,2,1,1
2017-12-30-18-00-00,3,2,1
2017-12-30-18-15-00,5,5,0
2017-12-30-18-30-00,5,1,4
2017-12-30-18-45-00,3,2,1
2017-12-30-19-00-00,8,0,8
2017-12-30-19-15-00,2,2,0
2017-12-30-19-30-00,4,2,2
2017-12-30-19-45-00,6,4,2
2017-12-30-20-00-00,1,1,0
2017-12-30-20-15-00,0,0,0
2017-12-30-20-30-00,3,3,0
2017-12-30-20-45-00,0,0,0
2017-12-30-21-00-00,3,1,2
2017-12-30-21-15-00,2,0,2
2017-12-30-21-30-00,0,0,0
2017-12-30-21-45-00,0,0,0
2017-12-30-22-00-00,0,0,0
2017-12-30-22-15-00,0,0,0
2017-12-30-22-30-00,0,0,0
2017-12-30-22-45-00,0,0,0
2017-12-30-23-00-00,0,0,0
2017-12-30-23-15-00,0,0,0
2017-12-30-23-30-00,1,1,0
2017-12-30-23-45-00,0,0,0
2017-12-31-00-00-00,0,0,0
2017-12-31-00-15-00,1,1,0
2017-12-31-00-30-00,2,2,0
2017-12-31-00-45-00,0,0,0
2017-12-31-01-00-00,0,0,0
2017-12-31-01-15-00,3,0,3
2017-12-31-01-30-00,0,0,0
2017-12-31-01-45-00,0,0,0
2017-12-31-02-00-00,0,0,0
2017-12-31-02-15-00,0,0,0
2017-12-31-02-30-00,0,0,0
2017-12-31-02-45-00,0,0,0
2017-12-31-03-00-00,0,0,0
2017-12-31-03-15-00,0,0,0
2017-12-31-03-30-00,0,0,0
2017-12-31-03-45-00,0,0,0
2017-12-31-04-00-00,0,0,0
2017-12-31-04-15-00,0,0,0
2017-12-31-04-30-00,0,0,0
2017-12-31-04-45-00,0,0,0
2017-12-31-05-00-00,0,0,0
2017-12-31-05-15-00,0,0,0
2017-12-31-05-30-00,0,0,0
2017-12-31-05-45-00,0,0,0
2017-12-31-06-00-00,0,0,0
2017-12-31-06-15-00,1,1,0
2017-12-31-06-30-00,2,0,2
2017-12-31-06-45-00,0,0,0
2017-12-31-07-00-00,1,1,0
2017-12-31-07-15-00,3,1,2
2017-12-31-07-30-00,0,0,0
2017-12-31-07-45-00,0,0,0
2017-12-31-08-00-00,1,0,1
2017-12-31-08-15-00,2,1,1
2017-12-31-08-30-00,2,1,1
2017-12-31-08-45-00,1,1,0
2017-12-31-09-00-00,2,1,1
2017-12-31-09-15-00,10,1,9
2017-12-31-09-30-00,6,1,5
2017-12-31-09-45-00,14,7,7
2017-12-31-10-00-00,12,10,2
2017-12-31-10-15-00,17,6,11
2017-12-31-10-30-00,21,9,12
2017-12-31-10-45-00,15,9,6
2017-12-31-11-00-00,19,10,9
2017-12-31-11-15-00,28,15,13
2017-12-31-11-30-00,26,12,14
2017-12-31-11-45-00,22,11,11
2017-12-31-12-00-00,23,8,15
2017-12-31-12-15-00,19,8,11
2017-12-31-12-30-00,25,14,11
2017-12-31-12-45-00,18,11,7
2017-12-31-13-00-00,21,8,13
2017-12-31-13-15-00,25,12,13
2017-12-31-13-30-00,22,7,15
2017-12-31-13-45-00,25,12,13
2017-12-31-14-00-00,27,17,10
2017-12-31-14-15-00,34,22,12
2017-12-31-14-30-00,37,10,27
2017-12-31-14-45-00,44,20,24
2017-12-31-15-00-00,31,14,17
2017-12-31-15-15-00,36,20,16
2017-12-31-15-30-00,40,26,14
2017-12-31-15-45-00,29,9,20
2017-12-31-16-00-00,26,14,12
2017-12-31-16-15-00,14,9,5
2017-12-31-16-30-00,16,13,3
2017-12-31-16-45-00,15,12,3
2017-12-31-17-00-00,9,2,7
2017-12-31-17-15-00,7,4,3
2017-12-31-17-30-00,5,2,3
2017-12-31-17-45-00,2,2,0
2017-12-31-18-00-00,2,2,0
2017-12-31-18-15-00,0,0,0
2017-12-31-18-30-00,2,1,1
2017-12-31-18-45-00,3,0,3
2017-12-31-19-00-00,1,1,0
2017-12-31-19-15-00,4,0,4
2017-12-31-19-30-00,1,1,0
2017-12-31-19-45-00,3,1,2
2017-12-31-20-00-00,1,1,0
2017-12-31-20-15-00,1,1,0
2017-12-31-20-30-00,1,1,0
2017-12-31-20-45-00,0,0,0
2017-12-31-21-00-00,0,0,0
2017-12-31-21-15-00,0,0,0
2017-12-31-21-30-00,2,1,1
2017-12-31-21-45-00,0,0,0
2017-12-31-22-00-00,2,2,0
2017-12-31-22-15-00,0,0,0
2017-12-31-22-30-00,0,0,0
2017-12-31-22-45-00,1,0,1
2017-12-31-23-00-00,2,1,1
2017-12-31-23-15-00,4,1,3
2017-12-31-23-30-00,6,4,2
2017-12-31-23-45-00,1,1,0
