Datum;;5.02 BN - Kennedybrücke (Südseite) Barometer;5.02 BN - Kennedybrücke (Südseite) IN;5.02 BN - Kennedybrücke (Südseite) Barometer Radfahrer Ri. Beuel
01/01/2018;00:00;1;0;1
01/01/2018;00:15;3;3;0
01/01/2018;00:30;5;5;0
01/01/2018;00:45;4;4;0
01/01/2018;01:00;6;1;5
01/01/2018;01:15;14;5;9
01/01/2018;01:30;19;5;14
01/01/2018;01:45;9;2;7
01/01/2018;02:00;13;2;11
01/01/2018;02:15;21;6;15
01/01/2018;02:30;12;4;8
01/01/2018;02:45;10;2;8
01/01/2018;03:00;11;1;10
01/01/2018;03:15;10;1;9
01/01/2018;03:30;6;2;4
01/01/2018;03:45;11;3;8
01/01/2018;04:00;19;1;18
01/01/2018;04:15;14;1;13
01/01/2018;04:30;5;2;3
01/01/2018;04:45;8;1;7
01/01/2018;05:00;2;0;2
01/01/2018;05:15;3;1;2
01/01/2018;05:30;5;0;5
01/01/2018;05:45;0;0;0
01/01/2018;06:00;2;2;0
01/01/2018;06:15;3;1;2
01/01/2018;06:30;1;0;1
01/01/2018;06:45;4;0;4
01/01/2018;07:00;3;2;1
01/01/2018;07:15;1;1;0
01/01/2018;07:30;2;1;1
01/01/2018;07:45;5;2;3
01/01/2018;08:00;1;0;1
01/01/2018;08:15;3;0;3
01/01/2018;08:30;3;1;2
01/01/2018;08:45;1;0;1
01/01/2018;09:00;3;1;2
01/01/2018;09:15;0;0;0
01/01/2018;09:30;9;5;4
01/01/2018;09:45;6;2;4
01/01/2018;10:00;1;1;0
01/01/2018;10:15;6;2;4
01/01/2018;10:30;7;2;5
01/01/2018;10:45;7;6;1
01/01/2018;11:00;2;0;2
01/01/2018;11:15;8;1;7
01/01/2018;11:30;10;1;9
01/01/2018;11:45;18;5;13
01/01/2018;12:00;23;7;16
01/01/2018;12:15;23;5;18
01/01/2018;12:30;21;3;18
01/01/2018;12:45;23;10;13
01/01/2018;13:00;26;6;20
01/01/2018;13:15;25;8;17
01/01/2018;13:30;24;4;20
01/01/2018;13:45;28;5;23
01/01/2018;14:00;22;6;16
01/01/2018;14:15;16;3;13
01/01/2018;14:30;18;5;13
01/01/2018;14:45;17;5;12
01/01/2018;15:00;19;8;11
01/01/2018;15:15;11;5;6
01/01/2018;15:30;12;5;7
01/01/2018;15:45;25;10;15
01/01/2018;16:00;11;4;7
01/01/2018;16:15;9;6;3
01/01/2018;16:30;29;8;21
01/01/2018;16:45;10;1;9
01/01/2018;17:00;13;6;7
01/01/2018;17:15;20;11;9
01/01/2018;17:30;11;5;6
01/01/2018;17:45;17;7;10
01/01/2018;18:00;9;2;7
01/01/2018;18:15;10;2;8
01/01/2018;18:30;11;4;7
01/01/2018;18:45;13;4;9
01/01/2018;19:00;7;2;5
01/01/2018;19:15;6;0;6
01/01/2018;19:30;2;0;2
01/01/2018;19:45;4;0;4
01/01/2018;20:00;4;1;3
01/01/2018;20:15;5;1;4
01/01/2018;20:30;13;3;10
01/01/2018;20:45;9;0;9
01/01/2018;21:00;5;0;5
01/01/2018;21:15;4;1;3
01/01/2018;21:30;2;1;1
01/01/2018;21:45;4;2;2
01/01/2018;22:00;6;1;5
01/01/2018;22:15;0;0;0
01/01/2018;22:30;1;0;1
01/01/2018;22:45;6;3;3
01/01/2018;23:00;0;0;0
01/01/2018;23:15;0;0;0
01/01/2018;23:30;1;1;0
01/01/2018;23:45;1;1;0
02/01/2018;00:00;1;0;1
02/01/2018;00:15;0;0;0
02/01/2018;00:30;0;0;0
02/01/2018;00:45;1;0;1
02/01/2018;01:00;0;0;0
02/01/2018;01:15;1;0;1
02/01/2018;01:30;1;0;1
02/01/2018;01:45;1;0;1
02/01/2018;02:00;0;0;0
02/01/2018;02:15;0;0;0
02/01/2018;02:30;0;0;0
02/01/2018;02:45;3;2;1
02/01/2018;03:00;1;0;1
02/01/2018;03:15;1;1;0
02/01/2018;03:30;0;0;0
02/01/2018;03:45;0;0;0
02/01/2018;04:00;2;0;2
02/01/2018;04:15;3;2;1
02/01/2018;04:30;1;1;0
02/01/2018;04:45;2;0;2
02/01/2018;05:00;1;0;1
02/01/2018;05:15;5;4;1
02/01/2018;05:30;12;3;9
02/01/2018;05:45;1;0;1
02/01/2018;06:00;7;3;4
02/01/2018;06:15;11;6;5
02/01/2018;06:30;15;10;5
02/01/2018;06:45;19;3;16
02/01/2018;07:00;19;8;11
02/01/2018;07:15;28;12;16
02/01/2018;07:30;33;15;18
02/01/2018;07:45;40;17;23
02/01/2018;08:00;25;10;15
02/01/2018;08:15;26;10;16
02/01/2018;08:30;23;6;17
02/01/2018;08:45;40;22;18
02/01/2018;09:00;29;10;19
02/01/2018;09:15;14;7;7
02/01/2018;09:30;29;11;18
02/01/2018;09:45;22;12;10
02/01/2018;10:00;18;9;9
02/01/2018;10:15;21;6;15
02/01/2018;10:30;30;8;22
02/01/2018;10:45;37;13;24
02/01/2018;11:00;25;14;11
02/01/2018;11:15;18;7;11
02/01/2018;11:30;30;11;19
02/01/2018;11:45;48;12;36
02/01/2018;12:00;40;15;25
02/01/2018;12:15;45;15;30
02/01/2018;12:30;34;12;22
02/01/2018;12:45;28;7;21
02/01/2018;13:00;30;7;23
02/01/2018;13:15;42;14;28
02/01/2018;13:30;51;24;27
02/01/2018;13:45;45;18;27
02/01/2018;14:00;39;11;28
02/01/2018;14:15;37;14;23
02/01/2018;14:30;58;14;44
02/01/2018;14:45;42;15;27
02/01/2018;15:00;45;15;30
02/01/2018;15:15;42;12;30
02/01/2018;15:30;40;12;28
02/01/2018;15:45;67;18;49
02/01/2018;16:00;68;14;54
02/01/2018;16:15;71;10;61
02/01/2018;16:30;85;12;73
02/01/2018;16:45;61;12;49
02/01/2018;17:00;69;18;51
02/01/2018;17:15;84;14;70
02/01/2018;17:30;89;16;73
02/01/2018;17:45;66;17;49
02/01/2018;18:00;59;18;41
02/01/2018;18:15;63;20;43
02/01/2018;18:30;55;7;48
02/01/2018;18:45;46;2;44
02/01/2018;19:00;39;6;33
02/01/2018;19:15;36;8;28
02/01/2018;19:30;25;4;21
02/01/2018;19:45;21;2;19
02/01/2018;20:00;25;1;24
02/01/2018;20:15;35;5;30
02/01/2018;20:30;14;4;10
02/01/2018;20:45;13;2;11
02/01/2018;21:00;22;3;19
02/01/2018;21:15;15;3;12
02/01/2018;21:30;6;1;5
02/01/2018;21:45;15;4;11
02/01/2018;22:00;8;1;7
02/01/2018;22:15;12;2;10
02/01/2018;22:30;11;4;7
02/01/2018;22:45;5;0;5
02/01/2018;23:00;4;1;3
02/01/2018;23:15;6;2;4
02/01/2018;23:30;4;1;3
02/01/2018;23:45;5;1;4
03/01/2018;00:00;1;1;0
03/01/2018;00:15;2;0;2
03/01/2018;00:30;6;0;6
03/01/2018;00:45;2;1;1
03/01/2018;01:00;1;1;0
03/01/2018;01:15;4;1;3
03/01/2018;01:30;0;0;0
03/01/2018;01:45;2;0;2
03/01/2018;02:00;1;0;1
03/01/2018;02:15;0;0;0
03/01/2018;02:30;3;0;3
03/01/2018;02:45;0;0;0
03/01/2018;03:00;2;0;2
03/01/2018;03:15;0;0;0
03/01/2018;03:30;1;1;0
03/01/2018;03:45;0;0;0
03/01/2018;04:00;1;0;1
03/01/2018;04:15;5;1;4
03/01/2018;04:30;3;2;1
03/01/2018;04:45;3;0;3
03/01/2018;05:00;0;0;0
03/01/2018;05:15;4;2;2
03/01/2018;05:30;9;4;5
03/01/2018;05:45;4;3;1
03/01/2018;06:00;8;3;5
03/01/2018;06:15;8;3;5
03/01/2018;06:30;12;4;8
03/01/2018;06:45;16;7;9
03/01/2018;07:00;17;8;9
03/01/2018;07:15;24;10;14
03/01/2018;07:30;28;10;18
03/01/2018;07:45;40;16;24
03/01/2018;08:00;31;13;18
03/01/2018;08:15;42;21;21
03/01/2018;08:30;43;22;21
03/01/2018;08:45;38;17;21
03/01/2018;09:00;25;10;15
03/01/2018;09:15;28;14;14
03/01/2018;09:30;25;9;16
03/01/2018;09:45;35;16;19
03/01/2018;10:00;14;4;10
03/01/2018;10:15;11;3;8
03/01/2018;10:30;14;7;7
03/01/2018;10:45;17;7;10
03/01/2018;11:00;9;4;5
03/01/2018;11:15;20;14;6
03/01/2018;11:30;22;7;15
03/01/2018;11:45;30;16;14
03/01/2018;12:00;24;7;17
03/01/2018;12:15;17;10;7
03/01/2018;12:30;20;6;14
03/01/2018;12:45;28;11;17
03/01/2018;13:00;37;6;31
03/01/2018;13:15;29;6;23
03/01/2018;13:30;36;8;28
03/01/2018;13:45;28;7;21
03/01/2018;14:00;20;4;16
03/01/2018;14:15;22;7;15
03/01/2018;14:30;32;6;26
03/01/2018;14:45;20;6;14
03/01/2018;15:00;20;7;13
03/01/2018;15:15;28;2;26
03/01/2018;15:30;30;6;24
03/01/2018;15:45;35;4;31
03/01/2018;16:00;27;7;20
03/01/2018;16:15;51;13;38
03/01/2018;16:30;52;15;37
03/01/2018;16:45;53;13;40
03/01/2018;17:00;59;11;48
03/01/2018;17:15;52;6;46
03/01/2018;17:30;55;16;39
03/01/2018;17:45;44;10;34
03/01/2018;18:00;37;6;31
03/01/2018;18:15;32;7;25
03/01/2018;18:30;32;6;26
03/01/2018;18:45;33;7;26
03/01/2018;19:00;24;4;20
03/01/2018;19:15;46;8;38
03/01/2018;19:30;25;5;20
03/01/2018;19:45;23;5;18
03/01/2018;20:00;23;2;21
03/01/2018;20:15;23;7;16
03/01/2018;20:30;18;3;15
03/01/2018;20:45;12;3;9
03/01/2018;21:00;9;4;5
03/01/2018;21:15;12;4;8
03/01/2018;21:30;9;2;7
03/01/2018;21:45;13;2;11
03/01/2018;22:00;9;0;9
03/01/2018;22:15;11;2;9
03/01/2018;22:30;10;2;8
03/01/2018;22:45;8;1;7
03/01/2018;23:00;7;2;5
03/01/2018;23:15;9;4;5
03/01/2018;23:30;4;1;3
03/01/2018;23:45;3;0;3
04/01/2018;00:00;3;1;2
04/01/2018;00:15;3;0;3
04/01/2018;00:30;1;1;0
04/01/2018;00:45;5;0;5
04/01/2018;01:00;0;0;0
04/01/2018;01:15;1;1;0
04/01/2018;01:30;2;0;2
04/01/2018;01:45;2;0;2
04/01/2018;02:00;1;0;1
04/01/2018;02:15;1;0;1
04/01/2018;02:30;1;0;1
04/01/2018;02:45;1;0;1
04/01/2018;03:00;2;0;2
04/01/2018;03:15;1;1;0
04/01/2018;03:30;0;0;0
04/01/2018;03:45;0;0;0
04/01/2018;04:00;2;0;2
04/01/2018;04:15;4;1;3
04/01/2018;04:30;3;3;0
04/01/2018;04:45;6;2;4
04/01/2018;05:00;2;0;2
04/01/2018;05:15;3;3;0
04/01/2018;05:30;8;1;7
04/01/2018;05:45;4;2;2
04/01/2018;06:00;9;2;7
04/01/2018;06:15;9;7;2
04/01/2018;06:30;22;7;15
04/01/2018;06:45;27;14;13
04/01/2018;07:00;23;9;14
04/01/2018;07:15;23;8;15
04/01/2018;07:30;40;13;27
04/01/2018;07:45;43;24;19
04/01/2018;08:00;41;24;17
04/01/2018;08:15;36;16;20
04/01/2018;08:30;44;17;27
04/01/2018;08:45;63;32;31
04/01/2018;09:00;22;11;11
04/01/2018;09:15;40;21;19
04/01/2018;09:30;27;11;16
04/01/2018;09:45;35;15;20
04/01/2018;10:00;31;12;19
04/01/2018;10:15;13;4;9
04/01/2018;10:30;16;7;9
04/01/2018;10:45;16;7;9
04/01/2018;11:00;26;12;14
04/01/2018;11:15;18;7;11
04/01/2018;11:30;14;2;12
04/01/2018;11:45;16;7;9
04/01/2018;12:00;22;4;18
04/01/2018;12:15;20;3;17
04/01/2018;12:30;20;6;14
04/01/2018;12:45;18;6;12
04/01/2018;13:00;27;5;22
04/01/2018;13:15;27;6;21
04/01/2018;13:30;27;9;18
04/01/2018;13:45;17;3;14
04/01/2018;14:00;19;4;15
04/01/2018;14:15;23;4;19
04/01/2018;14:30;28;9;19
04/01/2018;14:45;21;10;11
04/01/2018;15:00;44;18;26
04/01/2018;15:15;24;6;18
04/01/2018;15:30;34;7;27
04/01/2018;15:45;43;9;34
04/01/2018;16:00;65;12;53
04/01/2018;16:15;67;18;49
04/01/2018;16:30;61;11;50
04/01/2018;16:45;63;13;50
04/01/2018;17:00;64;11;53
04/01/2018;17:15;76;10;66
04/01/2018;17:30;60;8;52
04/01/2018;17:45;50;10;40
04/01/2018;18:00;83;13;70
04/01/2018;18:15;53;12;41
04/01/2018;18:30;61;6;55
04/01/2018;18:45;46;14;32
04/01/2018;19:00;49;16;33
04/01/2018;19:15;73;15;58
04/01/2018;19:30;28;2;26
04/01/2018;19:45;37;3;34
04/01/2018;20:00;32;6;26
04/01/2018;20:15;23;9;14
04/01/2018;20:30;30;7;23
04/01/2018;20:45;25;6;19
04/01/2018;21:00;20;9;11
04/01/2018;21:15;14;3;11
04/01/2018;21:30;11;2;9
04/01/2018;21:45;19;6;13
04/01/2018;22:00;14;1;13
04/01/2018;22:15;11;4;7
04/01/2018;22:30;14;3;11
04/01/2018;22:45;14;3;11
04/01/2018;23:00;14;2;12
04/01/2018;23:15;4;0;4
04/01/2018;23:30;8;0;8
04/01/2018;23:45;4;3;1
05/01/2018;00:00;3;2;1
05/01/2018;00:15;5;4;1
05/01/2018;00:30;1;0;1
05/01/2018;00:45;2;1;1
05/01/2018;01:00;0;0;0
05/01/2018;01:15;1;0;1
05/01/2018;01:30;1;0;1
05/01/2018;01:45;1;1;0
05/01/2018;02:00;2;0;2
05/01/2018;02:15;0;0;0
05/01/2018;02:30;1;0;1
05/01/2018;02:45;3;1;2
05/01/2018;03:00;1;0;1
05/01/2018;03:15;1;0;1
05/01/2018;03:30;2;0;2
05/01/2018;03:45;0;0;0
05/01/2018;04:00;0;0;0
05/01/2018;04:15;2;1;1
05/01/2018;04:30;2;1;1
05/01/2018;04:45;2;0;2
05/01/2018;05:00;1;0;1
05/01/2018;05:15;2;1;1
05/01/2018;05:30;8;3;5
05/01/2018;05:45;6;4;2
05/01/2018;06:00;13;3;10
05/01/2018;06:15;18;10;8
05/01/2018;06:30;18;9;9
05/01/2018;06:45;22;8;14
05/01/2018;07:00;28;11;17
05/01/2018;07:15;28;14;14
05/01/2018;07:30;49;21;28
05/01/2018;07:45;49;27;22
05/01/2018;08:00;42;16;26
05/01/2018;08:15;41;21;20
05/01/2018;08:30;45;24;21
05/01/2018;08:45;50;23;27
05/01/2018;09:00;26;11;15
05/01/2018;09:15;40;20;20
05/01/2018;09:30;31;16;15
05/01/2018;09:45;38;25;13
05/01/2018;10:00;40;17;23
05/01/2018;10:15;36;18;18
05/01/2018;10:30;37;12;25
05/01/2018;10:45;42;16;26
05/01/2018;11:00;31;12;19
05/01/2018;11:15;34;11;23
05/01/2018;11:30;43;15;28
05/01/2018;11:45;36;11;25
05/01/2018;12:00;47;18;29
05/01/2018;12:15;60;19;41
05/01/2018;12:30;59;18;41
05/01/2018;12:45;51;10;41
05/01/2018;13:00;62;19;43
05/01/2018;13:15;64;16;48
05/01/2018;13:30;50;9;41
05/01/2018;13:45;76;19;57
05/01/2018;14:00;75;20;55
05/01/2018;14:15;54;10;44
05/01/2018;14:30;55;6;49
05/01/2018;14:45;69;26;43
05/01/2018;15:00;58;9;49
05/01/2018;15:15;61;14;47
05/01/2018;15:30;60;14;46
05/01/2018;15:45;77;15;62
05/01/2018;16:00;79;14;65
05/01/2018;16:15;68;22;46
05/01/2018;16:30;67;9;58
05/01/2018;16:45;71;14;57
05/01/2018;17:00;88;12;76
05/01/2018;17:15;67;18;49
05/01/2018;17:30;69;12;57
05/01/2018;17:45;69;11;58
05/01/2018;18:00;57;12;45
05/01/2018;18:15;66;16;50
05/01/2018;18:30;52;9;43
05/01/2018;18:45;70;16;54
05/01/2018;19:00;57;20;37
05/01/2018;19:15;40;11;29
05/01/2018;19:30;37;15;22
05/01/2018;19:45;29;6;23
05/01/2018;20:00;31;9;22
05/01/2018;20:15;41;11;30
05/01/2018;20:30;33;12;21
05/01/2018;20:45;24;7;17
05/01/2018;21:00;23;6;17
05/01/2018;21:15;16;2;14
05/01/2018;21:30;11;2;9
05/01/2018;21:45;15;4;11
05/01/2018;22:00;34;7;27
05/01/2018;22:15;34;6;28
05/01/2018;22:30;15;3;12
05/01/2018;22:45;18;1;17
05/01/2018;23:00;17;1;16
05/01/2018;23:15;23;2;21
05/01/2018;23:30;22;0;22
05/01/2018;23:45;14;2;12
06/01/2018;00:00;16;3;13
06/01/2018;00:15;10;1;9
06/01/2018;00:30;11;2;9
06/01/2018;00:45;6;0;6
06/01/2018;01:00;11;4;7
06/01/2018;01:15;11;1;10
06/01/2018;01:30;10;0;10
06/01/2018;01:45;5;0;5
06/01/2018;02:00;5;2;3
06/01/2018;02:15;3;0;3
06/01/2018;02:30;8;0;8
06/01/2018;02:45;7;1;6
06/01/2018;03:00;5;1;4
06/01/2018;03:15;1;0;1
06/01/2018;03:30;5;0;5
06/01/2018;03:45;3;0;3
06/01/2018;04:00;2;1;1
06/01/2018;04:15;2;1;1
06/01/2018;04:30;2;0;2
06/01/2018;04:45;1;0;1
06/01/2018;05:00;0;0;0
06/01/2018;05:15;0;0;0
06/01/2018;05:30;0;0;0
06/01/2018;05:45;1;1;0
06/01/2018;06:00;1;0;1
06/01/2018;06:15;4;2;2
06/01/2018;06:30;7;4;3
06/01/2018;06:45;6;0;6
06/01/2018;07:00;4;1;3
06/01/2018;07:15;5;3;2
06/01/2018;07:30;3;3;0
06/01/2018;07:45;5;2;3
06/01/2018;08:00;4;2;2
06/01/2018;08:15;9;4;5
06/01/2018;08:30;7;2;5
06/01/2018;08:45;21;9;12
06/01/2018;09:00;11;7;4
06/01/2018;09:15;17;9;8
06/01/2018;09:30;14;7;7
06/01/2018;09:45;39;23;16
06/01/2018;10:00;26;13;13
06/01/2018;10:15;33;13;20
06/01/2018;10:30;15;6;9
06/01/2018;10:45;43;15;28
06/01/2018;11:00;34;14;20
06/01/2018;11:15;39;11;28
06/01/2018;11:30;23;11;12
06/01/2018;11:45;54;30;24
06/01/2018;12:00;50;22;28
06/01/2018;12:15;47;12;35
06/01/2018;12:30;57;16;41
06/01/2018;12:45;40;15;25
06/01/2018;13:00;52;19;33
06/01/2018;13:15;49;14;35
06/01/2018;13:30;44;11;33
06/01/2018;13:45;54;12;42
06/01/2018;14:00;52;14;38
06/01/2018;14:15;53;10;43
06/01/2018;14:30;67;16;51
06/01/2018;14:45;68;18;50
06/01/2018;15:00;63;17;46
06/01/2018;15:15;60;21;39
06/01/2018;15:30;48;11;37
06/01/2018;15:45;58;16;42
06/01/2018;16:00;52;13;39
06/01/2018;16:15;38;5;33
06/01/2018;16:30;54;18;36
06/01/2018;16:45;48;13;35
06/01/2018;17:00;35;9;26
06/01/2018;17:15;35;10;25
06/01/2018;17:30;37;12;25
06/01/2018;17:45;36;17;19
06/01/2018;18:00;47;5;42
06/01/2018;18:15;34;9;25
06/01/2018;18:30;44;10;34
06/01/2018;18:45;36;12;24
06/01/2018;19:00;35;10;25
06/01/2018;19:15;25;9;16
06/01/2018;19:30;17;3;14
06/01/2018;19:45;30;3;27
06/01/2018;20:00;35;2;33
06/01/2018;20:15;24;7;17
06/01/2018;20:30;31;5;26
06/01/2018;20:45;23;7;16
06/01/2018;21:00;12;2;10
06/01/2018;21:15;18;6;12
06/01/2018;21:30;9;5;4
06/01/2018;21:45;9;1;8
06/01/2018;22:00;8;1;7
06/01/2018;22:15;9;3;6
06/01/2018;22:30;7;2;5
06/01/2018;22:45;15;4;11
06/01/2018;23:00;11;4;7
06/01/2018;23:15;11;3;8
06/01/2018;23:30;10;4;6
06/01/2018;23:45;11;2;9
07/01/2018;00:00;15;7;8
07/01/2018;00:15;11;1;10
07/01/2018;00:30;8;3;5
07/01/2018;00:45;9;2;7
07/01/2018;01:00;5;2;3
07/01/2018;01:15;7;1;6
07/01/2018;01:30;8;0;8
07/01/2018;01:45;6;1;5
07/01/2018;02:00;9;1;8
07/01/2018;02:15;7;1;6
07/01/2018;02:30;5;0;5
07/01/2018;02:45;7;2;5
07/01/2018;03:00;3;0;3
07/01/2018;03:15;2;0;2
07/01/2018;03:30;2;0;2
07/01/2018;03:45;10;1;9
07/01/2018;04:00;3;0;3
07/01/2018;04:15;2;0;2
07/01/2018;04:30;2;0;2
07/01/2018;04:45;2;1;1
07/01/2018;05:00;0;0;0
07/01/2018;05:15;1;1;0
07/01/2018;05:30;2;0;2
07/01/2018;05:45;0;0;0
07/01/2018;06:00;1;0;1
07/01/2018;06:15;5;2;3
07/01/2018;06:30;3;0;3
07/01/2018;06:45;1;0;1
07/01/2018;07:00;3;1;2
07/01/2018;07:15;4;2;2
07/01/2018;07:30;1;1;0
07/01/2018;07:45;0;0;0
07/01/2018;08:00;1;0;1
07/01/2018;08:15;1;1;0
07/01/2018;08:30;6;1;5
07/01/2018;08:45;5;3;2
07/01/2018;09:00;12;1;11
07/01/2018;09:15;9;3;6
07/01/2018;09:30;11;3;8
07/01/2018;09:45;14;4;10
07/01/2018;10:00;19;5;14
07/01/2018;10:15;22;10;12
07/01/2018;10:30;25;11;14
07/01/2018;10:45;26;5;21
07/01/2018;11:00;25;8;17
07/01/2018;11:15;24;6;18
07/01/2018;11:30;41;13;28
07/01/2018;11:45;33;10;23
07/01/2018;12:00;27;9;18
07/01/2018;12:15;40;13;27
07/01/2018;12:30;36;5;31
07/01/2018;12:45;35;8;27
07/01/2018;13:00;25;11;14
07/01/2018;13:15;26;9;17
07/01/2018;13:30;56;13;43
07/01/2018;13:45;56;22;34
07/01/2018;14:00;59;12;47
07/01/2018;14:15;60;14;46
07/01/2018;14:30;46;22;24
07/01/2018;14:45;51;14;37
07/01/2018;15:00;66;20;46
07/01/2018;15:15;65;25;40
07/01/2018;15:30;57;25;32
07/01/2018;15:45;55;9;46
07/01/2018;16:00;70;23;47
07/01/2018;16:15;66;18;48
07/01/2018;16:30;47;13;34
07/01/2018;16:45;34;13;21
07/01/2018;17:00;32;14;18
07/01/2018;17:15;48;11;37
07/01/2018;17:30;33;10;23
07/01/2018;17:45;29;6;23
07/01/2018;18:00;23;5;18
07/01/2018;18:15;20;3;17
07/01/2018;18:30;24;8;16
07/01/2018;18:45;37;10;27
07/01/2018;19:00;30;8;22
07/01/2018;19:15;20;4;16
07/01/2018;19:30;21;4;17
07/01/2018;19:45;20;3;17
07/01/2018;20:00;25;8;17
07/01/2018;20:15;31;7;24
07/01/2018;20:30;14;2;12
07/01/2018;20:45;16;2;14
07/01/2018;21:00;7;1;6
07/01/2018;21:15;6;3;3
07/01/2018;21:30;12;6;6
07/01/2018;21:45;14;4;10
07/01/2018;22:00;16;2;14
07/01/2018;22:15;9;1;8
07/01/2018;22:30;10;2;8
07/01/2018;22:45;8;3;5
07/01/2018;23:00;10;2;8
07/01/2018;23:15;5;2;3
07/01/2018;23:30;5;2;3
07/01/2018;23:45;3;1;2
08/01/2018;00:00;1;0;1
08/01/2018;00:15;2;1;1
08/01/2018;00:30;0;0;0
08/01/2018;00:45;1;0;1
08/01/2018;01:00;2;0;2
08/01/2018;01:15;0;0;0
08/01/2018;01:30;0;0;0
08/01/2018;01:45;3;0;3
08/01/2018;02:00;0;0;0
08/01/2018;02:15;0;0;0
08/01/2018;02:30;0;0;0
08/01/2018;02:45;0;0;0
08/01/2018;03:00;2;0;2
08/01/2018;03:15;1;0;1
08/01/2018;03:30;0;0;0
08/01/2018;03:45;0;0;0
08/01/2018;04:00;2;0;2
08/01/2018;04:15;2;2;0
08/01/2018;04:30;3;2;1
08/01/2018;04:45;3;1;2
08/01/2018;05:00;2;0;2
08/01/2018;05:15;8;5;3
08/01/2018;05:30;9;2;7
08/01/2018;05:45;7;3;4
08/01/2018;06:00;17;5;12
08/01/2018;06:15;21;12;9
08/01/2018;06:30;31;9;22
08/01/2018;06:45;33;15;18
08/01/2018;07:00;43;17;26
08/01/2018;07:15;63;26;37
08/01/2018;07:30;94;58;36
08/01/2018;07:45;103;53;50
08/01/2018;08:00;98;49;49
08/01/2018;08:15;89;38;51
08/01/2018;08:30;76;40;36
08/01/2018;08:45;77;36;41
08/01/2018;09:00;58;31;27
08/01/2018;09:15;51;24;27
08/01/2018;09:30;45;23;22
08/01/2018;09:45;54;29;25
08/01/2018;10:00;32;17;15
08/01/2018;10:15;49;21;28
08/01/2018;10:30;41;12;29
08/01/2018;10:45;38;11;27
08/01/2018;11:00;37;16;21
08/01/2018;11:15;38;18;20
08/01/2018;11:30;42;16;26
08/01/2018;11:45;44;13;31
08/01/2018;12:00;45;14;31
08/01/2018;12:15;43;10;33
08/01/2018;12:30;53;11;42
08/01/2018;12:45;49;13;36
08/01/2018;13:00;43;11;32
08/01/2018;13:15;66;13;53
08/01/2018;13:30;86;27;59
08/01/2018;13:45;59;15;44
08/01/2018;14:00;51;13;38
08/01/2018;14:15;65;13;52
08/01/2018;14:30;53;13;40
08/01/2018;14:45;55;16;39
08/01/2018;15:00;81;24;57
08/01/2018;15:15;73;15;58
08/01/2018;15:30;92;14;78
08/01/2018;15:45;82;19;63
08/01/2018;16:00;91;13;78
08/01/2018;16:15;108;18;90
08/01/2018;16:30;101;20;81
08/01/2018;16:45;111;22;89
08/01/2018;17:00;117;24;93
08/01/2018;17:15;112;16;96
08/01/2018;17:30;123;27;96
08/01/2018;17:45;125;16;109
08/01/2018;18:00;146;30;116
08/01/2018;18:15;121;21;100
08/01/2018;18:30;81;15;66
08/01/2018;18:45;93;14;79
08/01/2018;19:00;94;14;80
08/01/2018;19:15;54;6;48
08/01/2018;19:30;68;10;58
08/01/2018;19:45;87;18;69
08/01/2018;20:00;31;6;25
08/01/2018;20:15;40;11;29
08/01/2018;20:30;32;10;22
08/01/2018;20:45;24;7;17
08/01/2018;21:00;22;1;21
08/01/2018;21:15;25;6;19
08/01/2018;21:30;34;14;20
08/01/2018;21:45;24;4;20
08/01/2018;22:00;32;4;28
08/01/2018;22:15;19;2;17
08/01/2018;22:30;13;2;11
08/01/2018;22:45;13;2;11
08/01/2018;23:00;11;1;10
08/01/2018;23:15;7;0;7
08/01/2018;23:30;3;0;3
08/01/2018;23:45;7;1;6
09/01/2018;00:00;5;2;3
09/01/2018;00:15;6;0;6
09/01/2018;00:30;4;2;2
09/01/2018;00:45;0;0;0
09/01/2018;01:00;1;0;1
09/01/2018;01:15;3;0;3
09/01/2018;01:30;0;0;0
09/01/2018;01:45;3;1;2
09/01/2018;02:00;0;0;0
09/01/2018;02:15;2;2;0
09/01/2018;02:30;0;0;0
09/01/2018;02:45;0;0;0
09/01/2018;03:00;1;0;1
09/01/2018;03:15;2;0;2
09/01/2018;03:30;1;0;1
09/01/2018;03:45;2;1;1
09/01/2018;04:00;5;0;5
09/01/2018;04:15;5;4;1
09/01/2018;04:30;5;3;2
09/01/2018;04:45;4;1;3
09/01/2018;05:00;3;1;2
09/01/2018;05:15;5;2;3
09/01/2018;05:30;12;3;9
09/01/2018;05:45;12;9;3
09/01/2018;06:00;11;3;8
09/01/2018;06:15;22;11;11
09/01/2018;06:30;39;16;23
09/01/2018;06:45;32;15;17
09/01/2018;07:00;46;23;23
09/01/2018;07:15;58;22;36
09/01/2018;07:30;97;60;37
09/01/2018;07:45;109;53;56
09/01/2018;08:00;108;56;52
09/01/2018;08:15;99;49;50
09/01/2018;08:30;89;45;44
09/01/2018;08:45;90;42;48
09/01/2018;09:00;59;30;29
09/01/2018;09:15;57;27;30
09/01/2018;09:30;42;23;19
09/01/2018;09:45;58;32;26
09/01/2018;10:00;51;23;28
09/01/2018;10:15;37;20;17
09/01/2018;10:30;30;17;13
09/01/2018;10:45;50;20;30
09/01/2018;11:00;25;7;18
09/01/2018;11:15;39;12;27
09/01/2018;11:30;39;17;22
09/01/2018;11:45;58;22;36
09/01/2018;12:00;52;23;29
09/01/2018;12:15;59;22;37
09/01/2018;12:30;47;9;38
09/01/2018;12:45;73;16;57
09/01/2018;13:00;41;10;31
09/01/2018;13:15;62;14;48
09/01/2018;13:30;62;15;47
09/01/2018;13:45;78;9;69
09/01/2018;14:00;69;14;55
09/01/2018;14:15;56;13;43
09/01/2018;14:30;47;11;36
09/01/2018;14:45;66;19;47
09/01/2018;15:00;72;17;55
09/01/2018;15:15;83;11;72
09/01/2018;15:30;82;13;69
09/01/2018;15:45;89;19;70
09/01/2018;16:00;106;15;91
09/01/2018;16:15;108;13;95
09/01/2018;16:30;94;20;74
09/01/2018;16:45;111;21;90
09/01/2018;17:00;108;23;85
09/01/2018;17:15;120;28;92
09/01/2018;17:30;122;14;108
09/01/2018;17:45;105;14;91
09/01/2018;18:00;133;18;115
09/01/2018;18:15;106;13;93
09/01/2018;18:30;89;21;68
09/01/2018;18:45;83;12;71
09/01/2018;19:00;79;10;69
09/01/2018;19:15;79;18;61
09/01/2018;19:30;60;14;46
09/01/2018;19:45;61;11;50
09/01/2018;20:00;60;12;48
09/01/2018;20:15;45;8;37
09/01/2018;20:30;28;6;22
09/01/2018;20:45;31;5;26
09/01/2018;21:00;35;9;26
09/01/2018;21:15;31;9;22
09/01/2018;21:30;28;8;20
09/01/2018;21:45;35;6;29
09/01/2018;22:00;29;6;23
09/01/2018;22:15;44;13;31
09/01/2018;22:30;15;3;12
09/01/2018;22:45;23;5;18
09/01/2018;23:00;15;5;10
09/01/2018;23:15;11;3;8
09/01/2018;23:30;13;3;10
09/01/2018;23:45;9;1;8
10/01/2018;00:00;5;0;5
10/01/2018;00:15;5;1;4
10/01/2018;00:30;3;1;2
10/01/2018;00:45;3;2;1
10/01/2018;01:00;1;0;1
10/01/2018;01:15;3;0;3
10/01/2018;01:30;3;1;2
10/01/2018;01:45;2;1;1
10/01/2018;02:00;0;0;0
10/01/2018;02:15;0;0;0
10/01/2018;02:30;1;0;1
10/01/2018;02:45;0;0;0
10/01/2018;03:00;0;0;0
10/01/2018;03:15;1;0;1
10/01/2018;03:30;5;1;4
10/01/2018;03:45;1;0;1
10/01/2018;04:00;0;0;0
10/01/2018;04:15;1;1;0
10/01/2018;04:30;7;4;3
10/01/2018;04:45;1;0;1
10/01/2018;05:00;3;1;2
10/01/2018;05:15;1;0;1
10/01/2018;05:30;12;5;7
10/01/2018;05:45;17;8;9
10/01/2018;06:00;18;6;12
10/01/2018;06:15;28;12;16
10/01/2018;06:30;30;11;19
10/01/2018;06:45;29;11;18
10/01/2018;07:00;43;18;25
10/01/2018;07:15;63;28;35
10/01/2018;07:30;85;51;34
10/01/2018;07:45;106;58;48
10/01/2018;08:00;86;44;42
10/01/2018;08:15;89;55;34
10/01/2018;08:30;81;41;40
10/01/2018;08:45;70;33;37
10/01/2018;09:00;68;33;35
10/01/2018;09:15;46;17;29
10/01/2018;09:30;49;33;16
10/01/2018;09:45;59;34;25
10/01/2018;10:00;44;29;15
10/01/2018;10:15;51;25;26
10/01/2018;10:30;38;14;24
10/01/2018;10:45;38;20;18
10/01/2018;11:00;28;11;17
10/01/2018;11:15;45;14;31
10/01/2018;11:30;45;16;29
10/01/2018;11:45;64;18;46
10/01/2018;12:00;51;16;35
10/01/2018;12:15;56;10;46
10/01/2018;12:30;43;9;34
10/01/2018;12:45;50;10;40
10/01/2018;13:00;53;7;46
10/01/2018;13:15;58;13;45
10/01/2018;13:30;59;19;40
10/01/2018;13:45;69;15;54
10/01/2018;14:00;75;20;55
10/01/2018;14:15;66;16;50
10/01/2018;14:30;43;12;31
10/01/2018;14:45;62;17;45
10/01/2018;15:00;66;16;50
10/01/2018;15:15;60;11;49
10/01/2018;15:30;84;9;75
10/01/2018;15:45;85;13;72
10/01/2018;16:00;96;16;80
10/01/2018;16:15;95;19;76
10/01/2018;16:30;106;16;90
10/01/2018;16:45;119;25;94
10/01/2018;17:00;92;18;74
10/01/2018;17:15;115;18;97
10/01/2018;17:30;95;27;68
10/01/2018;17:45;115;19;96
10/01/2018;18:00;109;20;89
10/01/2018;18:15;109;14;95
10/01/2018;18:30;84;17;67
10/01/2018;18:45;90;13;77
10/01/2018;19:00;67;4;63
10/01/2018;19:15;76;14;62
10/01/2018;19:30;53;11;42
10/01/2018;19:45;63;12;51
10/01/2018;20:00;53;11;42
10/01/2018;20:15;61;9;52
10/01/2018;20:30;28;4;24
10/01/2018;20:45;36;8;28
10/01/2018;21:00;25;6;19
10/01/2018;21:15;37;14;23
10/01/2018;21:30;24;5;19
10/01/2018;21:45;34;5;29
10/01/2018;22:00;37;9;28
10/01/2018;22:15;26;3;23
10/01/2018;22:30;19;7;12
10/01/2018;22:45;16;0;16
10/01/2018;23:00;20;6;14
10/01/2018;23:15;15;7;8
10/01/2018;23:30;5;0;5
10/01/2018;23:45;9;0;9
11/01/2018;00:00;3;2;1
11/01/2018;00:15;3;1;2
11/01/2018;00:30;5;1;4
11/01/2018;00:45;8;1;7
11/01/2018;01:00;3;2;1
11/01/2018;01:15;7;1;6
11/01/2018;01:30;3;0;3
11/01/2018;01:45;0;0;0
11/01/2018;02:00;1;0;1
11/01/2018;02:15;0;0;0
11/01/2018;02:30;2;1;1
11/01/2018;02:45;0;0;0
11/01/2018;03:00;1;0;1
11/01/2018;03:15;1;0;1
11/01/2018;03:30;0;0;0
11/01/2018;03:45;3;0;3
11/01/2018;04:00;0;0;0
11/01/2018;04:15;1;1;0
11/01/2018;04:30;7;4;3
11/01/2018;04:45;0;0;0
11/01/2018;05:00;1;0;1
11/01/2018;05:15;1;0;1
11/01/2018;05:30;12;2;10
11/01/2018;05:45;11;8;3
11/01/2018;06:00;16;5;11
11/01/2018;06:15;23;9;14
11/01/2018;06:30;33;11;22
11/01/2018;06:45;35;19;16
11/01/2018;07:00;40;18;22
11/01/2018;07:15;63;34;29
11/01/2018;07:30;108;56;52
11/01/2018;07:45;127;79;48
11/01/2018;08:00;93;44;49
11/01/2018;08:15;81;46;35
11/01/2018;08:30;85;40;45
11/01/2018;08:45;71;31;40
11/01/2018;09:00;65;34;31
11/01/2018;09:15;64;35;29
11/01/2018;09:30;77;40;37
11/01/2018;09:45;51;25;26
11/01/2018;10:00;38;13;25
11/01/2018;10:15;34;15;19
11/01/2018;10:30;37;15;22
11/01/2018;10:45;29;17;12
11/01/2018;11:00;30;9;21
11/01/2018;11:15;45;20;25
11/01/2018;11:30;45;13;32
11/01/2018;11:45;38;13;25
11/01/2018;12:00;50;19;31
11/01/2018;12:15;52;12;40
11/01/2018;12:30;70;28;42
11/01/2018;12:45;66;17;49
11/01/2018;13:00;42;13;29
11/01/2018;13:15;63;10;53
11/01/2018;13:30;68;17;51
11/01/2018;13:45;72;16;56
11/01/2018;14:00;62;23;39
11/01/2018;14:15;60;12;48
11/01/2018;14:30;55;12;43
11/01/2018;14:45;73;19;54
11/01/2018;15:00;70;13;57
11/01/2018;15:15;73;15;58
11/01/2018;15:30;94;15;79
11/01/2018;15:45;119;14;105
11/01/2018;16:00;98;13;85
11/01/2018;16:15;115;16;99
11/01/2018;16:30;96;18;78
11/01/2018;16:45;119;26;93
11/01/2018;17:00;91;14;77
11/01/2018;17:15;120;24;96
11/01/2018;17:30;122;14;108
11/01/2018;17:45;134;26;108
11/01/2018;18:00;98;14;84
11/01/2018;18:15;108;19;89
11/01/2018;18:30;74;10;64
11/01/2018;18:45;104;16;88
11/01/2018;19:00;80;13;67
11/01/2018;19:15;69;16;53
11/01/2018;19:30;63;17;46
11/01/2018;19:45;65;14;51
11/01/2018;20:00;64;13;51
11/01/2018;20:15;33;8;25
11/01/2018;20:30;37;5;32
11/01/2018;20:45;37;5;32
11/01/2018;21:00;37;6;31
11/01/2018;21:15;26;5;21
11/01/2018;21:30;27;7;20
11/01/2018;21:45;23;3;20
11/01/2018;22:00;33;9;24
11/01/2018;22:15;53;12;41
11/01/2018;22:30;27;5;22
11/01/2018;22:45;22;5;17
11/01/2018;23:00;23;7;16
11/01/2018;23:15;14;2;12
11/01/2018;23:30;12;5;7
11/01/2018;23:45;10;2;8
12/01/2018;00:00;12;3;9
12/01/2018;00:15;4;0;4
12/01/2018;00:30;8;1;7
12/01/2018;00:45;2;0;2
12/01/2018;01:00;5;1;4
12/01/2018;01:15;4;0;4
12/01/2018;01:30;2;0;2
12/01/2018;01:45;1;0;1
12/01/2018;02:00;4;2;2
12/01/2018;02:15;0;0;0
12/01/2018;02:30;1;0;1
12/01/2018;02:45;0;0;0
12/01/2018;03:00;1;0;1
12/01/2018;03:15;2;0;2
12/01/2018;03:30;0;0;0
12/01/2018;03:45;2;0;2
12/01/2018;04:00;1;0;1
12/01/2018;04:15;0;0;0
12/01/2018;04:30;8;5;3
12/01/2018;04:45;4;1;3
12/01/2018;05:00;0;0;0
12/01/2018;05:15;3;2;1
12/01/2018;05:30;9;2;7
12/01/2018;05:45;8;3;5
12/01/2018;06:00;7;3;4
12/01/2018;06:15;27;10;17
12/01/2018;06:30;22;9;13
12/01/2018;06:45;35;10;25
12/01/2018;07:00;33;13;20
12/01/2018;07:15;61;25;36
12/01/2018;07:30;79;41;38
12/01/2018;07:45;110;65;45
12/01/2018;08:00;73;37;36
12/01/2018;08:15;61;28;33
12/01/2018;08:30;71;35;36
12/01/2018;08:45;60;35;25
12/01/2018;09:00;70;32;38
12/01/2018;09:15;53;31;22
12/01/2018;09:30;46;19;27
12/01/2018;09:45;56;36;20
12/01/2018;10:00;45;20;25
12/01/2018;10:15;38;11;27
12/01/2018;10:30;45;20;25
12/01/2018;10:45;54;22;32
12/01/2018;11:00;50;15;35
12/01/2018;11:15;49;21;28
12/01/2018;11:30;44;8;36
12/01/2018;11:45;45;23;22
12/01/2018;12:00;54;13;41
12/01/2018;12:15;58;17;41
12/01/2018;12:30;51;4;47
12/01/2018;12:45;69;13;56
12/01/2018;13:00;80;21;59
12/01/2018;13:15;85;16;69
12/01/2018;13:30;68;13;55
12/01/2018;13:45;78;19;59
12/01/2018;14:00;78;12;66
12/01/2018;14:15;81;14;67
12/01/2018;14:30;61;19;42
12/01/2018;14:45;68;11;57
12/01/2018;15:00;95;20;75
12/01/2018;15:15;72;21;51
12/01/2018;15:30;84;11;73
12/01/2018;15:45;106;28;78
12/01/2018;16:00;69;9;60
12/01/2018;16:15;89;14;75
12/01/2018;16:30;82;18;64
12/01/2018;16:45;90;19;71
12/01/2018;17:00;78;13;65
12/01/2018;17:15;98;31;67
12/01/2018;17:30;79;26;53
12/01/2018;17:45;102;19;83
12/01/2018;18:00;78;13;65
12/01/2018;18:15;77;8;69
12/01/2018;18:30;75;15;60
12/01/2018;18:45;57;17;40
12/01/2018;19:00;46;9;37
12/01/2018;19:15;53;11;42
12/01/2018;19:30;53;20;33
12/01/2018;19:45;33;10;23
12/01/2018;20:00;40;1;39
12/01/2018;20:15;43;10;33
12/01/2018;20:30;43;9;34
12/01/2018;20:45;33;5;28
12/01/2018;21:00;22;7;15
12/01/2018;21:15;28;2;26
12/01/2018;21:30;21;7;14
12/01/2018;21:45;24;2;22
12/01/2018;22:00;12;1;11
12/01/2018;22:15;22;4;18
12/01/2018;22:30;12;1;11
12/01/2018;22:45;19;2;17
12/01/2018;23:00;16;5;11
12/01/2018;23:15;16;5;11
12/01/2018;23:30;19;2;17
12/01/2018;23:45;15;1;14
13/01/2018;00:00;15;4;11
13/01/2018;00:15;22;2;20
13/01/2018;00:30;15;3;12
13/01/2018;00:45;14;5;9
13/01/2018;01:00;14;4;10
13/01/2018;01:15;10;1;9
13/01/2018;01:30;11;0;11
13/01/2018;01:45;11;2;9
13/01/2018;02:00;13;3;10
13/01/2018;02:15;5;2;3
13/01/2018;02:30;12;1;11
13/01/2018;02:45;4;0;4
13/01/2018;03:00;2;0;2
13/01/2018;03:15;2;0;2
13/01/2018;03:30;3;1;2
13/01/2018;03:45;3;1;2
13/01/2018;04:00;2;1;1
13/01/2018;04:15;3;0;3
13/01/2018;04:30;3;0;3
13/01/2018;04:45;2;0;2
13/01/2018;05:00;0;0;0
13/01/2018;05:15;0;0;0
13/01/2018;05:30;0;0;0
13/01/2018;05:45;4;1;3
13/01/2018;06:00;2;1;1
13/01/2018;06:15;3;0;3
13/01/2018;06:30;0;0;0
13/01/2018;06:45;5;1;4
13/01/2018;07:00;7;1;6
13/01/2018;07:15;1;1;0
13/01/2018;07:30;2;1;1
13/01/2018;07:45;8;3;5
13/01/2018;08:00;9;3;6
13/01/2018;08:15;17;10;7
13/01/2018;08:30;13;4;9
13/01/2018;08:45;22;9;13
13/01/2018;09:00;9;4;5
13/01/2018;09:15;13;6;7
13/01/2018;09:30;23;9;14
13/01/2018;09:45;36;20;16
13/01/2018;10:00;16;9;7
13/01/2018;10:15;33;19;14
13/01/2018;10:30;40;18;22
13/01/2018;10:45;41;17;24
13/01/2018;11:00;29;11;18
13/01/2018;11:15;41;13;28
13/01/2018;11:30;40;21;19
13/01/2018;11:45;47;19;28
13/01/2018;12:00;47;19;28
13/01/2018;12:15;53;17;36
13/01/2018;12:30;44;14;30
13/01/2018;12:45;41;12;29
13/01/2018;13:00;67;13;54
13/01/2018;13:15;48;8;40
13/01/2018;13:30;49;19;30
13/01/2018;13:45;68;17;51
13/01/2018;14:00;68;25;43
13/01/2018;14:15;62;9;53
13/01/2018;14:30;63;15;48
13/01/2018;14:45;61;16;45
13/01/2018;15:00;49;9;40
13/01/2018;15:15;47;12;35
13/01/2018;15:30;56;11;45
13/01/2018;15:45;48;11;37
13/01/2018;16:00;61;15;46
13/01/2018;16:15;64;9;55
13/01/2018;16:30;54;16;38
13/01/2018;16:45;44;11;33
13/01/2018;17:00;40;6;34
13/01/2018;17:15;53;11;42
13/01/2018;17:30;38;9;29
13/01/2018;17:45;47;10;37
13/01/2018;18:00;43;6;37
13/01/2018;18:15;35;13;22
13/01/2018;18:30;44;14;30
13/01/2018;18:45;57;24;33
13/01/2018;19:00;43;8;35
13/01/2018;19:15;40;13;27
13/01/2018;19:30;40;11;29
13/01/2018;19:45;30;9;21
13/01/2018;20:00;26;2;24
13/01/2018;20:15;23;5;18
13/01/2018;20:30;20;8;12
13/01/2018;20:45;31;8;23
13/01/2018;21:00;19;9;10
13/01/2018;21:15;21;8;13
13/01/2018;21:30;15;1;14
13/01/2018;21:45;16;3;13
13/01/2018;22:00;14;7;7
13/01/2018;22:15;16;1;15
13/01/2018;22:30;14;5;9
13/01/2018;22:45;11;4;7
13/01/2018;23:00;10;3;7
13/01/2018;23:15;15;2;13
13/01/2018;23:30;17;4;13
13/01/2018;23:45;21;6;15
14/01/2018;00:00;12;3;9
14/01/2018;00:15;11;2;9
14/01/2018;00:30;12;3;9
14/01/2018;00:45;12;2;10
14/01/2018;01:00;9;4;5
14/01/2018;01:15;6;0;6
14/01/2018;01:30;14;0;14
14/01/2018;01:45;6;1;5
14/01/2018;02:00;5;0;5
14/01/2018;02:15;10;1;9
14/01/2018;02:30;4;0;4
14/01/2018;02:45;7;2;5
14/01/2018;03:00;6;1;5
14/01/2018;03:15;6;4;2
14/01/2018;03:30;5;0;5
14/01/2018;03:45;2;0;2
14/01/2018;04:00;2;1;1
14/01/2018;04:15;1;0;1
14/01/2018;04:30;4;0;4
14/01/2018;04:45;1;0;1
14/01/2018;05:00;1;0;1
14/01/2018;05:15;5;3;2
14/01/2018;05:30;1;0;1
14/01/2018;05:45;7;1;6
14/01/2018;06:00;7;1;6
14/01/2018;06:15;1;0;1
14/01/2018;06:30;2;1;1
14/01/2018;06:45;1;0;1
14/01/2018;07:00;4;1;3
14/01/2018;07:15;1;0;1
14/01/2018;07:30;1;0;1
14/01/2018;07:45;2;2;0
14/01/2018;08:00;2;1;1
14/01/2018;08:15;6;2;4
14/01/2018;08:30;9;1;8
14/01/2018;08:45;10;4;6
14/01/2018;09:00;7;2;5
14/01/2018;09:15;5;1;4
14/01/2018;09:30;21;7;14
14/01/2018;09:45;20;10;10
14/01/2018;10:00;10;6;4
14/01/2018;10:15;11;4;7
14/01/2018;10:30;46;25;21
14/01/2018;10:45;41;12;29
14/01/2018;11:00;35;8;27
14/01/2018;11:15;34;12;22
14/01/2018;11:30;32;7;25
14/01/2018;11:45;39;11;28
14/01/2018;12:00;44;13;31
14/01/2018;12:15;40;11;29
14/01/2018;12:30;56;12;44
14/01/2018;12:45;58;10;48
14/01/2018;13:00;38;11;27
14/01/2018;13:15;35;10;25
14/01/2018;13:30;36;18;18
14/01/2018;13:45;47;12;35
14/01/2018;14:00;47;13;34
14/01/2018;14:15;50;13;37
14/01/2018;14:30;33;8;25
14/01/2018;14:45;39;12;27
14/01/2018;15:00;39;8;31
14/01/2018;15:15;37;11;26
14/01/2018;15:30;33;9;24
14/01/2018;15:45;40;17;23
14/01/2018;16:00;38;4;34
14/01/2018;16:15;29;5;24
14/01/2018;16:30;35;14;21
14/01/2018;16:45;35;16;19
14/01/2018;17:00;33;12;21
14/01/2018;17:15;18;7;11
14/01/2018;17:30;36;12;24
14/01/2018;17:45;39;12;27
14/01/2018;18:00;29;7;22
14/01/2018;18:15;31;8;23
14/01/2018;18:30;17;5;12
14/01/2018;18:45;24;11;13
14/01/2018;19:00;10;3;7
14/01/2018;19:15;28;10;18
14/01/2018;19:30;32;4;28
14/01/2018;19:45;18;5;13
14/01/2018;20:00;14;6;8
14/01/2018;20:15;16;1;15
14/01/2018;20:30;13;3;10
14/01/2018;20:45;14;4;10
14/01/2018;21:00;17;1;16
14/01/2018;21:15;19;6;13
14/01/2018;21:30;23;0;23
14/01/2018;21:45;6;1;5
14/01/2018;22:00;13;4;9
14/01/2018;22:15;13;4;9
14/01/2018;22:30;8;0;8
14/01/2018;22:45;1;0;1
14/01/2018;23:00;5;1;4
14/01/2018;23:15;5;0;5
14/01/2018;23:30;3;1;2
14/01/2018;23:45;2;0;2
15/01/2018;00:00;3;0;3
15/01/2018;00:15;1;1;0
15/01/2018;00:30;1;1;0
15/01/2018;00:45;1;0;1
15/01/2018;01:00;3;0;3
15/01/2018;01:15;1;0;1
15/01/2018;01:30;4;2;2
15/01/2018;01:45;1;0;1
15/01/2018;02:00;0;0;0
15/01/2018;02:15;1;0;1
15/01/2018;02:30;0;0;0
15/01/2018;02:45;0;0;0
15/01/2018;03:00;0;0;0
15/01/2018;03:15;1;0;1
15/01/2018;03:30;0;0;0
15/01/2018;03:45;0;0;0
15/01/2018;04:00;1;0;1
15/01/2018;04:15;3;1;2
15/01/2018;04:30;3;3;0
15/01/2018;04:45;4;1;3
15/01/2018;05:00;3;0;3
15/01/2018;05:15;6;3;3
15/01/2018;05:30;10;1;9
15/01/2018;05:45;3;1;2
15/01/2018;06:00;16;7;9
15/01/2018;06:15;11;6;5
15/01/2018;06:30;18;9;9
15/01/2018;06:45;25;10;15
15/01/2018;07:00;44;18;26
15/01/2018;07:15;58;20;38
15/01/2018;07:30;91;47;44
15/01/2018;07:45;107;54;53
15/01/2018;08:00;82;41;41
15/01/2018;08:15;87;49;38
15/01/2018;08:30;69;39;30
15/01/2018;08:45;99;51;48
15/01/2018;09:00;68;38;30
15/01/2018;09:15;52;27;25
15/01/2018;09:30;35;12;23
15/01/2018;09:45;58;32;26
15/01/2018;10:00;36;14;22
15/01/2018;10:15;30;16;14
15/01/2018;10:30;30;8;22
15/01/2018;10:45;33;18;15
15/01/2018;11:00;33;15;18
15/01/2018;11:15;28;10;18
15/01/2018;11:30;31;5;26
15/01/2018;11:45;50;19;31
15/01/2018;12:00;45;14;31
15/01/2018;12:15;50;9;41
15/01/2018;12:30;53;6;47
15/01/2018;12:45;50;16;34
15/01/2018;13:00;56;15;41
15/01/2018;13:15;53;9;44
15/01/2018;13:30;57;14;43
15/01/2018;13:45;59;16;43
15/01/2018;14:00;59;12;47
15/01/2018;14:15;58;7;51
15/01/2018;14:30;54;13;41
15/01/2018;14:45;55;9;46
15/01/2018;15:00;56;16;40
15/01/2018;15:15;61;13;48
15/01/2018;15:30;60;11;49
15/01/2018;15:45;57;11;46
15/01/2018;16:00;105;11;94
15/01/2018;16:15;72;7;65
15/01/2018;16:30;81;15;66
15/01/2018;16:45;93;16;77
15/01/2018;17:00;111;8;103
15/01/2018;17:15;118;23;95
15/01/2018;17:30;118;19;99
15/01/2018;17:45;81;17;64
15/01/2018;18:00;78;15;63
15/01/2018;18:15;78;19;59
15/01/2018;18:30;79;11;68
15/01/2018;18:45;77;11;66
15/01/2018;19:00;70;9;61
15/01/2018;19:15;60;14;46
15/01/2018;19:30;48;12;36
15/01/2018;19:45;55;13;42
15/01/2018;20:00;35;2;33
15/01/2018;20:15;39;5;34
15/01/2018;20:30;22;6;16
15/01/2018;20:45;31;8;23
15/01/2018;21:00;17;1;16
15/01/2018;21:15;20;5;15
15/01/2018;21:30;21;6;15
15/01/2018;21:45;18;5;13
15/01/2018;22:00;27;1;26
15/01/2018;22:15;21;3;18
15/01/2018;22:30;15;4;11
15/01/2018;22:45;16;3;13
15/01/2018;23:00;9;2;7
15/01/2018;23:15;13;2;11
15/01/2018;23:30;7;1;6
15/01/2018;23:45;4;2;2
16/01/2018;00:00;6;1;5
16/01/2018;00:15;6;1;5
16/01/2018;00:30;4;1;3
16/01/2018;00:45;2;0;2
16/01/2018;01:00;0;0;0
16/01/2018;01:15;0;0;0
16/01/2018;01:30;1;0;1
16/01/2018;01:45;1;0;1
16/01/2018;02:00;5;0;5
16/01/2018;02:15;1;0;1
16/01/2018;02:30;1;0;1
16/01/2018;02:45;1;0;1
16/01/2018;03:00;0;0;0
16/01/2018;03:15;1;0;1
16/01/2018;03:30;0;0;0
16/01/2018;03:45;2;0;2
16/01/2018;04:00;0;0;0
16/01/2018;04:15;2;1;1
16/01/2018;04:30;7;4;3
16/01/2018;04:45;3;0;3
16/01/2018;05:00;3;0;3
16/01/2018;05:15;3;2;1
16/01/2018;05:30;6;2;4
16/01/2018;05:45;5;5;0
16/01/2018;06:00;11;5;6
16/01/2018;06:15;14;7;7
16/01/2018;06:30;16;8;8
16/01/2018;06:45;25;10;15
16/01/2018;07:00;45;21;24
16/01/2018;07:15;40;18;22
16/01/2018;07:30;83;49;34
16/01/2018;07:45;99;58;41
16/01/2018;08:00;66;41;25
16/01/2018;08:15;79;32;47
16/01/2018;08:30;75;44;31
16/01/2018;08:45;69;39;30
16/01/2018;09:00;70;36;34
16/01/2018;09:15;51;31;20
16/01/2018;09:30;40;16;24
16/01/2018;09:45;34;16;18
16/01/2018;10:00;52;14;38
16/01/2018;10:15;32;12;20
16/01/2018;10:30;30;13;17
16/01/2018;10:45;30;8;22
16/01/2018;11:00;34;13;21
16/01/2018;11:15;28;13;15
16/01/2018;11:30;22;5;17
16/01/2018;11:45;38;21;17
16/01/2018;12:00;34;9;25
16/01/2018;12:15;24;6;18
16/01/2018;12:30;27;6;21
16/01/2018;12:45;48;10;38
16/01/2018;13:00;47;11;36
16/01/2018;13:15;59;22;37
16/01/2018;13:30;58;17;41
16/01/2018;13:45;53;9;44
16/01/2018;14:00;55;16;39
16/01/2018;14:15;36;9;27
16/01/2018;14:30;44;5;39
16/01/2018;14:45;50;10;40
16/01/2018;15:00;58;7;51
16/01/2018;15:15;64;14;50
16/01/2018;15:30;48;11;37
16/01/2018;15:45;66;9;57
16/01/2018;16:00;88;15;73
16/01/2018;16:15;83;12;71
16/01/2018;16:30;90;16;74
16/01/2018;16:45;95;18;77
16/01/2018;17:00;95;12;83
16/01/2018;17:15;104;11;93
16/01/2018;17:30;94;14;80
16/01/2018;17:45;91;13;78
16/01/2018;18:00;83;17;66
16/01/2018;18:15;83;10;73
16/01/2018;18:30;59;9;50
16/01/2018;18:45;62;14;48
16/01/2018;19:00;54;12;42
16/01/2018;19:15;69;7;62
16/01/2018;19:30;48;9;39
16/01/2018;19:45;44;9;35
16/01/2018;20:00;25;3;22
16/01/2018;20:15;28;3;25
16/01/2018;20:30;25;8;17
16/01/2018;20:45;25;6;19
16/01/2018;21:00;23;3;20
16/01/2018;21:15;26;8;18
16/01/2018;21:30;18;3;15
16/01/2018;21:45;11;2;9
16/01/2018;22:00;20;2;18
16/01/2018;22:15;34;15;19
16/01/2018;22:30;20;5;15
16/01/2018;22:45;12;2;10
16/01/2018;23:00;16;5;11
16/01/2018;23:15;12;3;9
16/01/2018;23:30;7;3;4
16/01/2018;23:45;7;1;6
17/01/2018;00:00;4;1;3
17/01/2018;00:15;2;0;2
17/01/2018;00:30;3;1;2
17/01/2018;00:45;0;0;0
17/01/2018;01:00;2;0;2
17/01/2018;01:15;2;1;1
17/01/2018;01:30;3;1;2
17/01/2018;01:45;2;0;2
17/01/2018;02:00;1;0;1
17/01/2018;02:15;1;1;0
17/01/2018;02:30;0;0;0
17/01/2018;02:45;1;0;1
17/01/2018;03:00;0;0;0
17/01/2018;03:15;1;0;1
17/01/2018;03:30;1;0;1
17/01/2018;03:45;1;1;0
17/01/2018;04:00;1;0;1
17/01/2018;04:15;3;1;2
17/01/2018;04:30;6;4;2
17/01/2018;04:45;1;0;1
17/01/2018;05:00;1;0;1
17/01/2018;05:15;5;4;1
17/01/2018;05:30;7;0;7
17/01/2018;05:45;5;2;3
17/01/2018;06:00;15;5;10
17/01/2018;06:15;11;8;3
17/01/2018;06:30;12;8;4
17/01/2018;06:45;23;11;12
17/01/2018;07:00;27;10;17
17/01/2018;07:15;33;17;16
17/01/2018;07:30;42;17;25
17/01/2018;07:45;72;35;37
17/01/2018;08:00;56;33;23
17/01/2018;08:15;58;25;33
17/01/2018;08:30;45;25;20
17/01/2018;08:45;35;16;19
17/01/2018;09:00;35;14;21
17/01/2018;09:15;35;16;19
17/01/2018;09:30;24;12;12
17/01/2018;09:45;41;21;20
17/01/2018;10:00;25;16;9
17/01/2018;10:15;18;8;10
17/01/2018;10:30;17;6;11
17/01/2018;10:45;29;11;18
17/01/2018;11:00;15;8;7
17/01/2018;11:15;14;5;9
17/01/2018;11:30;29;7;22
17/01/2018;11:45;20;6;14
17/01/2018;12:00;22;9;13
17/01/2018;12:15;21;6;15
17/01/2018;12:30;27;5;22
17/01/2018;12:45;30;7;23
17/01/2018;13:00;31;9;22
17/01/2018;13:15;35;3;32
17/01/2018;13:30;29;2;27
17/01/2018;13:45;33;6;27
17/01/2018;14:00;33;8;25
17/01/2018;14:15;15;3;12
17/01/2018;14:30;35;9;26
17/01/2018;14:45;34;8;26
17/01/2018;15:00;30;7;23
17/01/2018;15:15;38;9;29
17/01/2018;15:30;58;9;49
17/01/2018;15:45;51;14;37
17/01/2018;16:00;63;7;56
17/01/2018;16:15;62;11;51
17/01/2018;16:30;72;13;59
17/01/2018;16:45;67;15;52
17/01/2018;17:00;58;4;54
17/01/2018;17:15;63;16;47
17/01/2018;17:30;65;15;50
17/01/2018;17:45;67;23;44
17/01/2018;18:00;61;7;54
17/01/2018;18:15;58;10;48
17/01/2018;18:30;67;10;57
17/01/2018;18:45;60;16;44
17/01/2018;19:00;42;5;37
17/01/2018;19:15;45;8;37
17/01/2018;19:30;41;8;33
17/01/2018;19:45;43;5;38
17/01/2018;20:00;56;10;46
17/01/2018;20:15;35;15;20
17/01/2018;20:30;27;2;25
17/01/2018;20:45;27;7;20
17/01/2018;21:00;20;2;18
17/01/2018;21:15;22;5;17
17/01/2018;21:30;20;4;16
17/01/2018;21:45;27;5;22
17/01/2018;22:00;33;4;29
17/01/2018;22:15;15;5;10
17/01/2018;22:30;27;8;19
17/01/2018;22:45;23;7;16
17/01/2018;23:00;14;3;11
17/01/2018;23:15;15;2;13
17/01/2018;23:30;5;0;5
17/01/2018;23:45;12;1;11
18/01/2018;00:00;2;0;2
18/01/2018;00:15;5;1;4
18/01/2018;00:30;6;5;1
18/01/2018;00:45;1;0;1
18/01/2018;01:00;0;0;0
18/01/2018;01:15;3;0;3
18/01/2018;01:30;1;0;1
18/01/2018;01:45;0;0;0
18/01/2018;02:00;1;0;1
18/01/2018;02:15;1;1;0
18/01/2018;02:30;0;0;0
18/01/2018;02:45;0;0;0
18/01/2018;03:00;3;0;3
18/01/2018;03:15;1;0;1
18/01/2018;03:30;0;0;0
18/01/2018;03:45;0;0;0
18/01/2018;04:00;4;0;4
18/01/2018;04:15;3;2;1
18/01/2018;04:30;4;3;1
18/01/2018;04:45;1;0;1
18/01/2018;05:00;2;1;1
18/01/2018;05:15;4;2;2
18/01/2018;05:30;9;2;7
18/01/2018;05:45;6;5;1
18/01/2018;06:00;9;3;6
18/01/2018;06:15;8;1;7
18/01/2018;06:30;14;8;6
18/01/2018;06:45;26;10;16
18/01/2018;07:00;31;21;10
18/01/2018;07:15;39;19;20
18/01/2018;07:30;60;28;32
18/01/2018;07:45;73;37;36
18/01/2018;08:00;58;31;27
18/01/2018;08:15;75;41;34
18/01/2018;08:30;52;28;24
18/01/2018;08:45;46;24;22
18/01/2018;09:00;32;21;11
18/01/2018;09:15;40;28;12
18/01/2018;09:30;31;20;11
18/01/2018;09:45;33;16;17
18/01/2018;10:00;35;16;19
18/01/2018;10:15;21;7;14
18/01/2018;10:30;20;7;13
18/01/2018;10:45;24;10;14
18/01/2018;11:00;15;8;7
18/01/2018;11:15;19;6;13
18/01/2018;11:30;19;4;15
18/01/2018;11:45;14;4;10
18/01/2018;12:00;19;5;14
18/01/2018;12:15;18;2;16
18/01/2018;12:30;19;7;12
18/01/2018;12:45;26;4;22
18/01/2018;13:00;24;3;21
18/01/2018;13:15;19;3;16
18/01/2018;13:30;19;6;13
18/01/2018;13:45;29;4;25
18/01/2018;14:00;18;3;15
18/01/2018;14:15;25;3;22
18/01/2018;14:30;35;10;25
18/01/2018;14:45;28;8;20
18/01/2018;15:00;26;6;20
18/01/2018;15:15;33;6;27
18/01/2018;15:30;44;5;39
18/01/2018;15:45;54;8;46
18/01/2018;16:00;54;7;47
18/01/2018;16:15;69;12;57
18/01/2018;16:30;49;15;34
18/01/2018;16:45;59;10;49
18/01/2018;17:00;66;14;52
18/01/2018;17:15;74;17;57
18/01/2018;17:30;79;18;61
18/01/2018;17:45;90;20;70
18/01/2018;18:00;82;17;65
18/01/2018;18:15;74;5;69
18/01/2018;18:30;82;13;69
18/01/2018;18:45;91;14;77
18/01/2018;19:00;51;5;46
18/01/2018;19:15;58;15;43
18/01/2018;19:30;50;12;38
18/01/2018;19:45;41;14;27
18/01/2018;20:00;26;4;22
18/01/2018;20:15;29;6;23
18/01/2018;20:30;26;3;23
18/01/2018;20:45;32;11;21
18/01/2018;21:00;19;5;14
18/01/2018;21:15;32;11;21
18/01/2018;21:30;21;1;20
18/01/2018;21:45;28;5;23
18/01/2018;22:00;23;6;17
18/01/2018;22:15;30;14;16
18/01/2018;22:30;31;11;20
18/01/2018;22:45;15;5;10
18/01/2018;23:00;13;4;9
18/01/2018;23:15;8;1;7
18/01/2018;23:30;6;2;4
18/01/2018;23:45;7;0;7
19/01/2018;00:00;5;1;4
19/01/2018;00:15;2;0;2
19/01/2018;00:30;3;0;3
19/01/2018;00:45;1;0;1
19/01/2018;01:00;1;0;1
19/01/2018;01:15;4;3;1
19/01/2018;01:30;1;0;1
19/01/2018;01:45;3;1;2
19/01/2018;02:00;3;1;2
19/01/2018;02:15;0;0;0
19/01/2018;02:30;1;0;1
19/01/2018;02:45;1;1;0
19/01/2018;03:00;1;0;1
19/01/2018;03:15;1;0;1
19/01/2018;03:30;1;1;0
19/01/2018;03:45;1;0;1
19/01/2018;04:00;1;0;1
19/01/2018;04:15;4;3;1
19/01/2018;04:30;5;4;1
19/01/2018;04:45;2;0;2
19/01/2018;05:00;0;0;0
19/01/2018;05:15;4;1;3
19/01/2018;05:30;9;2;7
19/01/2018;05:45;6;3;3
19/01/2018;06:00;10;5;5
19/01/2018;06:15;10;5;5
19/01/2018;06:30;22;6;16
19/01/2018;06:45;26;9;17
19/01/2018;07:00;33;17;16
19/01/2018;07:15;39;16;23
19/01/2018;07:30;60;31;29
19/01/2018;07:45;86;48;38
19/01/2018;08:00;67;38;29
19/01/2018;08:15;66;38;28
19/01/2018;08:30;66;34;32
19/01/2018;08:45;66;32;34
19/01/2018;09:00;51;20;31
19/01/2018;09:15;46;23;23
19/01/2018;09:30;33;20;13
19/01/2018;09:45;34;15;19
19/01/2018;10:00;50;17;33
19/01/2018;10:15;32;17;15
19/01/2018;10:30;30;16;14
19/01/2018;10:45;41;13;28
19/01/2018;11:00;35;13;22
19/01/2018;11:15;39;11;28
19/01/2018;11:30;37;11;26
19/01/2018;11:45;43;12;31
19/01/2018;12:00;60;22;38
19/01/2018;12:15;42;9;33
19/01/2018;12:30;45;8;37
19/01/2018;12:45;61;14;47
19/01/2018;13:00;63;14;49
19/01/2018;13:15;70;8;62
19/01/2018;13:30;73;15;58
19/01/2018;13:45;61;15;46
19/01/2018;14:00;73;17;56
19/01/2018;14:15;67;13;54
19/01/2018;14:30;68;17;51
19/01/2018;14:45;76;19;57
19/01/2018;15:00;63;12;51
19/01/2018;15:15;76;17;59
19/01/2018;15:30;91;11;80
19/01/2018;15:45;83;21;62
19/01/2018;16:00;84;17;67
19/01/2018;16:15;85;15;70
19/01/2018;16:30;97;25;72
19/01/2018;16:45;72;20;52
19/01/2018;17:00;72;15;57
19/01/2018;17:15;82;12;70
19/01/2018;17:30;86;19;67
19/01/2018;17:45;68;10;58
19/01/2018;18:00;66;12;54
19/01/2018;18:15;68;19;49
19/01/2018;18:30;78;20;58
19/01/2018;18:45;49;10;39
19/01/2018;19:00;55;14;41
19/01/2018;19:15;56;9;47
19/01/2018;19:30;63;14;49
19/01/2018;19:45;49;10;39
19/01/2018;20:00;51;13;38
19/01/2018;20:15;26;5;21
19/01/2018;20:30;33;10;23
19/01/2018;20:45;28;7;21
19/01/2018;21:00;27;6;21
19/01/2018;21:15;24;4;20
19/01/2018;21:30;14;1;13
19/01/2018;21:45;22;3;19
19/01/2018;22:00;28;4;24
19/01/2018;22:15;20;0;20
19/01/2018;22:30;15;2;13
19/01/2018;22:45;15;6;9
19/01/2018;23:00;27;2;25
19/01/2018;23:15;16;6;10
19/01/2018;23:30;13;3;10
19/01/2018;23:45;9;2;7
20/01/2018;00:00;12;1;11
20/01/2018;00:15;15;1;14
20/01/2018;00:30;23;1;22
20/01/2018;00:45;23;8;15
20/01/2018;01:00;11;5;6
20/01/2018;01:15;12;3;9
20/01/2018;01:30;12;3;9
20/01/2018;01:45;9;0;9
20/01/2018;02:00;2;0;2
20/01/2018;02:15;4;0;4
20/01/2018;02:30;5;0;5
20/01/2018;02:45;7;0;7
20/01/2018;03:00;2;0;2
20/01/2018;03:15;2;1;1
20/01/2018;03:30;3;0;3
20/01/2018;03:45;3;1;2
20/01/2018;04:00;1;0;1
20/01/2018;04:15;4;2;2
20/01/2018;04:30;2;0;2
20/01/2018;04:45;1;0;1
20/01/2018;05:00;1;0;1
20/01/2018;05:15;2;1;1
20/01/2018;05:30;2;2;0
20/01/2018;05:45;2;0;2
20/01/2018;06:00;3;2;1
20/01/2018;06:15;4;2;2
20/01/2018;06:30;3;2;1
20/01/2018;06:45;3;2;1
20/01/2018;07:00;3;3;0
20/01/2018;07:15;3;1;2
20/01/2018;07:30;8;3;5
20/01/2018;07:45;7;6;1
20/01/2018;08:00;7;4;3
20/01/2018;08:15;9;6;3
20/01/2018;08:30;10;4;6
20/01/2018;08:45;23;6;17
20/01/2018;09:00;22;13;9
20/01/2018;09:15;19;8;11
20/01/2018;09:30;22;11;11
20/01/2018;09:45;37;20;17
20/01/2018;10:00;23;14;9
20/01/2018;10:15;35;15;20
20/01/2018;10:30;30;19;11
20/01/2018;10:45;48;16;32
20/01/2018;11:00;35;16;19
20/01/2018;11:15;44;14;30
20/01/2018;11:30;40;13;27
20/01/2018;11:45;58;17;41
20/01/2018;12:00;48;11;37
20/01/2018;12:15;48;13;35
20/01/2018;12:30;36;8;28
20/01/2018;12:45;41;4;37
20/01/2018;13:00;42;13;29
20/01/2018;13:15;39;10;29
20/01/2018;13:30;33;11;22
20/01/2018;13:45;31;7;24
20/01/2018;14:00;28;6;22
20/01/2018;14:15;26;6;20
20/01/2018;14:30;29;5;24
20/01/2018;14:45;27;1;26
20/01/2018;15:00;30;8;22
20/01/2018;15:15;32;11;21
20/01/2018;15:30;25;6;19
20/01/2018;15:45;16;0;16
20/01/2018;16:00;22;2;20
20/01/2018;16:15;19;8;11
20/01/2018;16:30;22;0;22
20/01/2018;16:45;18;4;14
20/01/2018;17:00;13;3;10
20/01/2018;17:15;24;5;19
20/01/2018;17:30;29;8;21
20/01/2018;17:45;26;11;15
20/01/2018;18:00;21;6;15
20/01/2018;18:15;28;11;17
20/01/2018;18:30;14;4;10
20/01/2018;18:45;22;9;13
20/01/2018;19:00;25;11;14
20/01/2018;19:15;28;13;15
20/01/2018;19:30;21;7;14
20/01/2018;19:45;25;11;14
20/01/2018;20:00;22;5;17
20/01/2018;20:15;15;3;12
20/01/2018;20:30;14;4;10
20/01/2018;20:45;11;4;7
20/01/2018;21:00;16;2;14
20/01/2018;21:15;6;0;6
20/01/2018;21:30;11;5;6
20/01/2018;21:45;8;1;7
20/01/2018;22:00;11;1;10
20/01/2018;22:15;11;2;9
20/01/2018;22:30;17;2;15
20/01/2018;22:45;10;1;9
20/01/2018;23:00;17;4;13
20/01/2018;23:15;9;2;7
20/01/2018;23:30;6;1;5
20/01/2018;23:45;7;1;6
21/01/2018;00:00;15;4;11
21/01/2018;00:15;10;1;9
21/01/2018;00:30;12;0;12
21/01/2018;00:45;12;2;10
21/01/2018;01:00;14;0;14
21/01/2018;01:15;13;3;10
21/01/2018;01:30;6;2;4
21/01/2018;01:45;7;0;7
21/01/2018;02:00;8;3;5
21/01/2018;02:15;6;0;6
21/01/2018;02:30;2;0;2
21/01/2018;02:45;0;0;0
21/01/2018;03:00;4;1;3
21/01/2018;03:15;1;0;1
21/01/2018;03:30;2;1;1
21/01/2018;03:45;1;0;1
21/01/2018;04:00;2;0;2
21/01/2018;04:15;5;0;5
21/01/2018;04:30;2;1;1
21/01/2018;04:45;3;1;2
21/01/2018;05:00;1;0;1
21/01/2018;05:15;3;1;2
21/01/2018;05:30;1;1;0
21/01/2018;05:45;0;0;0
21/01/2018;06:00;2;0;2
21/01/2018;06:15;1;1;0
21/01/2018;06:30;1;0;1
21/01/2018;06:45;3;3;0
21/01/2018;07:00;0;0;0
21/01/2018;07:15;1;0;1
21/01/2018;07:30;4;2;2
21/01/2018;07:45;2;0;2
21/01/2018;08:00;6;2;4
21/01/2018;08:15;2;1;1
21/01/2018;08:30;8;2;6
21/01/2018;08:45;12;8;4
21/01/2018;09:00;10;4;6
21/01/2018;09:15;13;8;5
21/01/2018;09:30;14;6;8
21/01/2018;09:45;29;11;18
21/01/2018;10:00;14;5;9
21/01/2018;10:15;26;8;18
21/01/2018;10:30;9;4;5
21/01/2018;10:45;32;18;14
21/01/2018;11:00;31;10;21
21/01/2018;11:15;34;12;22
21/01/2018;11:30;12;4;8
21/01/2018;11:45;28;9;19
21/01/2018;12:00;19;5;14
21/01/2018;12:15;21;7;14
21/01/2018;12:30;36;7;29
21/01/2018;12:45;34;9;25
21/01/2018;13:00;28;5;23
21/01/2018;13:15;24;7;17
21/01/2018;13:30;27;6;21
21/01/2018;13:45;25;9;16
21/01/2018;14:00;43;14;29
21/01/2018;14:15;22;7;15
21/01/2018;14:30;36;9;27
21/01/2018;14:45;29;14;15
21/01/2018;15:00;36;8;28
21/01/2018;15:15;37;11;26
21/01/2018;15:30;47;16;31
21/01/2018;15:45;49;13;36
21/01/2018;16:00;41;18;23
21/01/2018;16:15;37;5;32
21/01/2018;16:30;34;15;19
21/01/2018;16:45;37;13;24
21/01/2018;17:00;28;13;15
21/01/2018;17:15;33;12;21
21/01/2018;17:30;49;18;31
21/01/2018;17:45;33;6;27
21/01/2018;18:00;29;13;16
21/01/2018;18:15;17;3;14
21/01/2018;18:30;25;6;19
21/01/2018;18:45;26;11;15
21/01/2018;19:00;22;6;16
21/01/2018;19:15;20;2;18
21/01/2018;19:30;13;1;12
21/01/2018;19:45;17;1;16
21/01/2018;20:00;18;2;16
21/01/2018;20:15;32;2;30
21/01/2018;20:30;26;3;23
21/01/2018;20:45;10;1;9
21/01/2018;21:00;14;0;14
21/01/2018;21:15;10;4;6
21/01/2018;21:30;11;3;8
21/01/2018;21:45;14;4;10
21/01/2018;22:00;13;3;10
21/01/2018;22:15;10;2;8
21/01/2018;22:30;5;0;5
21/01/2018;22:45;7;2;5
21/01/2018;23:00;6;0;6
21/01/2018;23:15;3;0;3
21/01/2018;23:30;2;0;2
21/01/2018;23:45;2;1;1
22/01/2018;00:00;2;0;2
22/01/2018;00:15;1;0;1
22/01/2018;00:30;2;0;2
22/01/2018;00:45;1;0;1
22/01/2018;01:00;1;0;1
22/01/2018;01:15;2;1;1
22/01/2018;01:30;1;0;1
22/01/2018;01:45;2;0;2
22/01/2018;02:00;0;0;0
22/01/2018;02:15;0;0;0
22/01/2018;02:30;0;0;0
22/01/2018;02:45;1;0;1
22/01/2018;03:00;1;0;1
22/01/2018;03:15;1;0;1
22/01/2018;03:30;0;0;0
22/01/2018;03:45;1;0;1
22/01/2018;04:00;0;0;0
22/01/2018;04:15;1;1;0
22/01/2018;04:30;4;3;1
22/01/2018;04:45;0;0;0
22/01/2018;05:00;2;1;1
22/01/2018;05:15;6;3;3
22/01/2018;05:30;5;1;4
22/01/2018;05:45;8;6;2
22/01/2018;06:00;11;4;7
22/01/2018;06:15;6;2;4
22/01/2018;06:30;24;11;13
22/01/2018;06:45;32;17;15
22/01/2018;07:00;41;23;18
22/01/2018;07:15;45;15;30
22/01/2018;07:30;74;36;38
22/01/2018;07:45;86;57;29
22/01/2018;08:00;56;25;31
22/01/2018;08:15;67;34;33
22/01/2018;08:30;67;28;39
22/01/2018;08:45;66;29;37
22/01/2018;09:00;54;32;22
22/01/2018;09:15;55;30;25
22/01/2018;09:30;36;19;17
22/01/2018;09:45;42;20;22
22/01/2018;10:00;34;21;13
22/01/2018;10:15;31;10;21
22/01/2018;10:30;22;10;12
22/01/2018;10:45;29;13;16
22/01/2018;11:00;32;16;16
22/01/2018;11:15;32;13;19
22/01/2018;11:30;37;10;27
22/01/2018;11:45;32;13;19
22/01/2018;12:00;36;11;25
22/01/2018;12:15;30;6;24
22/01/2018;12:30;48;14;34
22/01/2018;12:45;46;11;35
22/01/2018;13:00;39;6;33
22/01/2018;13:15;51;16;35
22/01/2018;13:30;46;9;37
22/01/2018;13:45;55;8;47
22/01/2018;14:00;53;17;36
22/01/2018;14:15;49;8;41
22/01/2018;14:30;54;13;41
22/01/2018;14:45;56;11;45
22/01/2018;15:00;47;8;39
22/01/2018;15:15;57;14;43
22/01/2018;15:30;62;12;50
22/01/2018;15:45;78;15;63
22/01/2018;16:00;74;7;67
22/01/2018;16:15;80;17;63
22/01/2018;16:30;64;11;53
22/01/2018;16:45;95;15;80
22/01/2018;17:00;87;13;74
22/01/2018;17:15;100;15;85
22/01/2018;17:30;98;18;80
22/01/2018;17:45;94;18;76
22/01/2018;18:00;97;17;80
22/01/2018;18:15;93;18;75
22/01/2018;18:30;93;24;69
22/01/2018;18:45;80;12;68
22/01/2018;19:00;69;11;58
22/01/2018;19:15;67;10;57
22/01/2018;19:30;53;9;44
22/01/2018;19:45;55;17;38
22/01/2018;20:00;40;6;34
22/01/2018;20:15;54;9;45
22/01/2018;20:30;31;6;25
22/01/2018;20:45;37;8;29
22/01/2018;21:00;26;5;21
22/01/2018;21:15;27;9;18
22/01/2018;21:30;25;9;16
22/01/2018;21:45;18;0;18
22/01/2018;22:00;15;1;14
22/01/2018;22:15;28;5;23
22/01/2018;22:30;22;4;18
22/01/2018;22:45;11;3;8
22/01/2018;23:00;11;1;10
22/01/2018;23:15;12;0;12
22/01/2018;23:30;12;3;9
22/01/2018;23:45;7;1;6
23/01/2018;00:00;11;4;7
23/01/2018;00:15;9;2;7
23/01/2018;00:30;3;0;3
23/01/2018;00:45;4;2;2
23/01/2018;01:00;1;0;1
23/01/2018;01:15;1;0;1
23/01/2018;01:30;0;0;0
23/01/2018;01:45;0;0;0
23/01/2018;02:00;4;1;3
23/01/2018;02:15;1;0;1
23/01/2018;02:30;2;0;2
23/01/2018;02:45;0;0;0
23/01/2018;03:00;1;1;0
23/01/2018;03:15;0;0;0
23/01/2018;03:30;2;0;2
23/01/2018;03:45;0;0;0
23/01/2018;04:00;1;1;0
23/01/2018;04:15;0;0;0
23/01/2018;04:30;5;4;1
23/01/2018;04:45;1;0;1
23/01/2018;05:00;1;1;0
23/01/2018;05:15;5;2;3
23/01/2018;05:30;10;4;6
23/01/2018;05:45;9;6;3
23/01/2018;06:00;12;5;7
23/01/2018;06:15;15;6;9
23/01/2018;06:30;17;7;10
23/01/2018;06:45;32;23;9
23/01/2018;07:00;47;23;24
23/01/2018;07:15;55;20;35
23/01/2018;07:30;96;55;41
23/01/2018;07:45;103;62;41
23/01/2018;08:00;96;54;42
23/01/2018;08:15;80;42;38
23/01/2018;08:30;74;37;37
23/01/2018;08:45;83;41;42
23/01/2018;09:00;62;29;33
23/01/2018;09:15;48;30;18
23/01/2018;09:30;36;14;22
23/01/2018;09:45;61;34;27
23/01/2018;10:00;31;18;13
23/01/2018;10:15;29;8;21
23/01/2018;10:30;39;15;24
23/01/2018;10:45;51;22;29
23/01/2018;11:00;35;17;18
23/01/2018;11:15;41;16;25
23/01/2018;11:30;38;15;23
23/01/2018;11:45;35;12;23
23/01/2018;12:00;52;21;31
23/01/2018;12:15;73;15;58
23/01/2018;12:30;36;8;28
23/01/2018;12:45;36;8;28
23/01/2018;13:00;49;13;36
23/01/2018;13:15;52;11;41
23/01/2018;13:30;74;11;63
23/01/2018;13:45;63;15;48
23/01/2018;14:00;85;19;66
23/01/2018;14:15;58;15;43
23/01/2018;14:30;44;11;33
23/01/2018;14:45;72;19;53
23/01/2018;15:00;66;7;59
23/01/2018;15:15;78;17;61
23/01/2018;15:30;83;24;59
23/01/2018;15:45;94;23;71
23/01/2018;16:00;97;14;83
23/01/2018;16:15;93;13;80
23/01/2018;16:30;94;22;72
23/01/2018;16:45;110;20;90
23/01/2018;17:00;101;18;83
23/01/2018;17:15;98;15;83
23/01/2018;17:30;119;15;104
23/01/2018;17:45;108;22;86
23/01/2018;18:00;125;25;100
23/01/2018;18:15;105;17;88
23/01/2018;18:30;89;18;71
23/01/2018;18:45;76;18;58
23/01/2018;19:00;96;24;72
23/01/2018;19:15;82;22;60
23/01/2018;19:30;49;14;35
23/01/2018;19:45;50;5;45
23/01/2018;20:00;50;7;43
23/01/2018;20:15;45;7;38
23/01/2018;20:30;31;5;26
23/01/2018;20:45;28;7;21
23/01/2018;21:00;41;5;36
23/01/2018;21:15;22;3;19
23/01/2018;21:30;32;7;25
23/01/2018;21:45;26;2;24
23/01/2018;22:00;35;7;28
23/01/2018;22:15;26;4;22
23/01/2018;22:30;26;3;23
23/01/2018;22:45;18;1;17
23/01/2018;23:00;35;5;30
23/01/2018;23:15;29;2;27
23/01/2018;23:30;17;2;15
23/01/2018;23:45;3;0;3
24/01/2018;00:00;10;3;7
24/01/2018;00:15;6;4;2
24/01/2018;00:30;2;0;2
24/01/2018;00:45;4;0;4
24/01/2018;01:00;0;0;0
24/01/2018;01:15;1;1;0
24/01/2018;01:30;1;0;1
24/01/2018;01:45;2;0;2
24/01/2018;02:00;1;0;1
24/01/2018;02:15;1;0;1
24/01/2018;02:30;1;0;1
24/01/2018;02:45;0;0;0
24/01/2018;03:00;0;0;0
24/01/2018;03:15;1;0;1
24/01/2018;03:30;1;0;1
24/01/2018;03:45;0;0;0
24/01/2018;04:00;1;0;1
24/01/2018;04:15;1;1;0
24/01/2018;04:30;5;4;1
24/01/2018;04:45;1;0;1
24/01/2018;05:00;2;1;1
24/01/2018;05:15;4;1;3
24/01/2018;05:30;10;4;6
24/01/2018;05:45;15;9;6
24/01/2018;06:00;18;5;13
24/01/2018;06:15;13;7;6
24/01/2018;06:30;25;7;18
24/01/2018;06:45;28;17;11
24/01/2018;07:00;42;17;25
24/01/2018;07:15;45;23;22
24/01/2018;07:30;85;49;36
24/01/2018;07:45;110;61;49
24/01/2018;08:00;109;55;54
24/01/2018;08:15;97;61;36
24/01/2018;08:30;80;42;38
24/01/2018;08:45;70;36;34
24/01/2018;09:00;55;29;26
24/01/2018;09:15;49;18;31
24/01/2018;09:30;54;22;32
24/01/2018;09:45;56;33;23
24/01/2018;10:00;51;27;24
24/01/2018;10:15;45;20;25
24/01/2018;10:30;26;11;15
24/01/2018;10:45;49;16;33
24/01/2018;11:00;42;16;26
24/01/2018;11:15;50;19;31
24/01/2018;11:30;37;8;29
24/01/2018;11:45;57;25;32
24/01/2018;12:00;50;22;28
24/01/2018;12:15;67;20;47
24/01/2018;12:30;69;24;45
24/01/2018;12:45;59;18;41
24/01/2018;13:00;56;10;46
24/01/2018;13:15;51;14;37
24/01/2018;13:30;76;19;57
24/01/2018;13:45;73;15;58
24/01/2018;14:00;48;12;36
24/01/2018;14:15;71;8;63
24/01/2018;14:30;75;16;59
24/01/2018;14:45;51;12;39
24/01/2018;15:00;74;18;56
24/01/2018;15:15;70;10;60
24/01/2018;15:30;96;14;82
24/01/2018;15:45;105;20;85
24/01/2018;16:00;118;13;105
24/01/2018;16:15;89;9;80
24/01/2018;16:30;93;19;74
24/01/2018;16:45;110;23;87
24/01/2018;17:00;115;17;98
24/01/2018;17:15;115;28;87
24/01/2018;17:30;116;20;96
24/01/2018;17:45;130;29;101
24/01/2018;18:00;111;29;82
24/01/2018;18:15;111;14;97
24/01/2018;18:30;94;24;70
24/01/2018;18:45;112;22;90
24/01/2018;19:00;90;11;79
24/01/2018;19:15;85;22;63
24/01/2018;19:30;49;14;35
24/01/2018;19:45;66;12;54
24/01/2018;20:00;68;15;53
24/01/2018;20:15;40;8;32
24/01/2018;20:30;39;10;29
24/01/2018;20:45;42;8;34
24/01/2018;21:00;32;6;26
24/01/2018;21:15;25;3;22
24/01/2018;21:30;44;7;37
24/01/2018;21:45;45;9;36
24/01/2018;22:00;36;13;23
24/01/2018;22:15;41;7;34
24/01/2018;22:30;31;7;24
24/01/2018;22:45;21;4;17
24/01/2018;23:00;25;3;22
24/01/2018;23:15;19;3;16
24/01/2018;23:30;16;1;15
24/01/2018;23:45;12;3;9
25/01/2018;00:00;10;4;6
25/01/2018;00:15;7;2;5
25/01/2018;00:30;9;2;7
25/01/2018;00:45;2;0;2
25/01/2018;01:00;4;2;2
25/01/2018;01:15;2;0;2
25/01/2018;01:30;6;1;5
25/01/2018;01:45;4;1;3
25/01/2018;02:00;0;0;0
25/01/2018;02:15;1;1;0
25/01/2018;02:30;0;0;0
25/01/2018;02:45;0;0;0
25/01/2018;03:00;1;0;1
25/01/2018;03:15;1;0;1
25/01/2018;03:30;1;0;1
25/01/2018;03:45;0;0;0
25/01/2018;04:00;2;1;1
25/01/2018;04:15;1;1;0
25/01/2018;04:30;3;3;0
25/01/2018;04:45;1;0;1
25/01/2018;05:00;2;0;2
25/01/2018;05:15;5;3;2
25/01/2018;05:30;6;2;4
25/01/2018;05:45;4;3;1
25/01/2018;06:00;9;3;6
25/01/2018;06:15;9;3;6
25/01/2018;06:30;27;15;12
25/01/2018;06:45;24;10;14
25/01/2018;07:00;34;12;22
25/01/2018;07:15;49;23;26
25/01/2018;07:30;67;38;29
25/01/2018;07:45;86;50;36
25/01/2018;08:00;65;30;35
25/01/2018;08:15;57;33;24
25/01/2018;08:30;56;33;23
25/01/2018;08:45;71;36;35
25/01/2018;09:00;44;24;20
25/01/2018;09:15;42;19;23
25/01/2018;09:30;40;16;24
25/01/2018;09:45;43;25;18
25/01/2018;10:00;45;20;25
25/01/2018;10:15;27;11;16
25/01/2018;10:30;26;8;18
25/01/2018;10:45;32;11;21
25/01/2018;11:00;30;8;22
25/01/2018;11:15;26;8;18
25/01/2018;11:30;33;12;21
25/01/2018;11:45;41;15;26
25/01/2018;12:00;34;13;21
25/01/2018;12:15;54;24;30
25/01/2018;12:30;31;7;24
25/01/2018;12:45;44;14;30
25/01/2018;13:00;43;9;34
25/01/2018;13:15;53;10;43
25/01/2018;13:30;42;7;35
25/01/2018;13:45;62;23;39
25/01/2018;14:00;45;16;29
25/01/2018;14:15;49;10;39
25/01/2018;14:30;33;3;30
25/01/2018;14:45;32;3;29
25/01/2018;15:00;54;12;42
25/01/2018;15:15;49;6;43
25/01/2018;15:30;46;7;39
25/01/2018;15:45;71;15;56
25/01/2018;16:00;47;6;41
25/01/2018;16:15;76;12;64
25/01/2018;16:30;69;11;58
25/01/2018;16:45;83;14;69
25/01/2018;17:00;67;11;56
25/01/2018;17:15;80;10;70
25/01/2018;17:30;79;19;60
25/01/2018;17:45;79;14;65
25/01/2018;18:00;85;18;67
25/01/2018;18:15;72;6;66
25/01/2018;18:30;59;10;49
25/01/2018;18:45;64;10;54
25/01/2018;19:00;44;5;39
25/01/2018;19:15;50;11;39
25/01/2018;19:30;52;11;41
25/01/2018;19:45;41;5;36
25/01/2018;20:00;50;5;45
25/01/2018;20:15;23;4;19
25/01/2018;20:30;21;6;15
25/01/2018;20:45;19;5;14
25/01/2018;21:00;19;3;16
25/01/2018;21:15;19;5;14
25/01/2018;21:30;18;6;12
25/01/2018;21:45;27;3;24
25/01/2018;22:00;22;6;16
25/01/2018;22:15;29;3;26
25/01/2018;22:30;29;3;26
25/01/2018;22:45;13;3;10
25/01/2018;23:00;16;3;13
25/01/2018;23:15;7;1;6
25/01/2018;23:30;8;2;6
25/01/2018;23:45;7;1;6
26/01/2018;00:00;3;0;3
26/01/2018;00:15;2;0;2
26/01/2018;00:30;7;5;2
26/01/2018;00:45;3;0;3
26/01/2018;01:00;1;0;1
26/01/2018;01:15;1;0;1
26/01/2018;01:30;4;1;3
26/01/2018;01:45;0;0;0
26/01/2018;02:00;0;0;0
26/01/2018;02:15;3;0;3
26/01/2018;02:30;0;0;0
26/01/2018;02:45;0;0;0
26/01/2018;03:00;1;0;1
26/01/2018;03:15;2;0;2
26/01/2018;03:30;2;1;1
26/01/2018;03:45;0;0;0
26/01/2018;04:00;1;1;0
26/01/2018;04:15;1;1;0
26/01/2018;04:30;3;3;0
26/01/2018;04:45;2;1;1
26/01/2018;05:00;5;3;2
26/01/2018;05:15;2;1;1
26/01/2018;05:30;11;6;5
26/01/2018;05:45;5;2;3
26/01/2018;06:00;13;6;7
26/01/2018;06:15;16;6;10
26/01/2018;06:30;24;8;16
26/01/2018;06:45;33;16;17
26/01/2018;07:00;36;16;20
26/01/2018;07:15;52;22;30
26/01/2018;07:30;70;34;36
26/01/2018;07:45;87;47;40
26/01/2018;08:00;70;39;31
26/01/2018;08:15;70;35;35
26/01/2018;08:30;57;32;25
26/01/2018;08:45;65;35;30
26/01/2018;09:00;49;22;27
26/01/2018;09:15;52;25;27
26/01/2018;09:30;35;18;17
26/01/2018;09:45;45;20;25
26/01/2018;10:00;44;24;20
26/01/2018;10:15;42;12;30
26/01/2018;10:30;44;19;25
26/01/2018;10:45;52;14;38
26/01/2018;11:00;46;16;30
26/01/2018;11:15;30;13;17
26/01/2018;11:30;42;10;32
26/01/2018;11:45;52;19;33
26/01/2018;12:00;53;18;35
26/01/2018;12:15;42;9;33
26/01/2018;12:30;49;17;32
26/01/2018;12:45;57;11;46
26/01/2018;13:00;78;14;64
26/01/2018;13:15;87;14;73
26/01/2018;13:30;93;22;71
26/01/2018;13:45;68;17;51
26/01/2018;14:00;89;16;73
26/01/2018;14:15;91;23;68
26/01/2018;14:30;75;16;59
26/01/2018;14:45;89;18;71
26/01/2018;15:00;73;26;47
26/01/2018;15:15;91;21;70
26/01/2018;15:30;94;20;74
26/01/2018;15:45;91;8;83
26/01/2018;16:00;100;17;83
26/01/2018;16:15;64;18;46
26/01/2018;16:30;89;15;74
26/01/2018;16:45;99;18;81
26/01/2018;17:00;82;21;61
26/01/2018;17:15;61;14;47
26/01/2018;17:30;88;26;62
26/01/2018;17:45;91;20;71
26/01/2018;18:00;85;23;62
26/01/2018;18:15;98;16;82
26/01/2018;18:30;89;15;74
26/01/2018;18:45;65;12;53
26/01/2018;19:00;81;23;58
26/01/2018;19:15;62;17;45
26/01/2018;19:30;60;17;43
26/01/2018;19:45;43;8;35
26/01/2018;20:00;35;6;29
26/01/2018;20:15;44;4;40
26/01/2018;20:30;21;6;15
26/01/2018;20:45;27;3;24
26/01/2018;21:00;35;8;27
26/01/2018;21:15;20;3;17
26/01/2018;21:30;21;4;17
26/01/2018;21:45;24;3;21
26/01/2018;22:00;38;6;32
26/01/2018;22:15;22;3;19
26/01/2018;22:30;25;8;17
26/01/2018;22:45;29;5;24
26/01/2018;23:00;31;6;25
26/01/2018;23:15;11;3;8
26/01/2018;23:30;13;2;11
26/01/2018;23:45;5;1;4
27/01/2018;00:00;16;2;14
27/01/2018;00:15;23;2;21
27/01/2018;00:30;18;4;14
27/01/2018;00:45;12;4;8
27/01/2018;01:00;9;4;5
27/01/2018;01:15;10;5;5
27/01/2018;01:30;12;3;9
27/01/2018;01:45;7;3;4
27/01/2018;02:00;9;2;7
27/01/2018;02:15;6;0;6
27/01/2018;02:30;5;1;4
27/01/2018;02:45;3;0;3
27/01/2018;03:00;3;1;2
27/01/2018;03:15;5;0;5
27/01/2018;03:30;7;0;7
27/01/2018;03:45;0;0;0
27/01/2018;04:00;0;0;0
27/01/2018;04:15;5;2;3
27/01/2018;04:30;3;0;3
27/01/2018;04:45;3;0;3
27/01/2018;05:00;1;1;0
27/01/2018;05:15;2;1;1
27/01/2018;05:30;1;1;0
27/01/2018;05:45;1;1;0
27/01/2018;06:00;1;0;1
27/01/2018;06:15;1;0;1
27/01/2018;06:30;6;2;4
27/01/2018;06:45;3;2;1
27/01/2018;07:00;0;0;0
27/01/2018;07:15;4;2;2
27/01/2018;07:30;8;2;6
27/01/2018;07:45;4;1;3
27/01/2018;08:00;19;8;11
27/01/2018;08:15;8;4;4
27/01/2018;08:30;14;6;8
27/01/2018;08:45;22;7;15
27/01/2018;09:00;14;7;7
27/01/2018;09:15;15;10;5
27/01/2018;09:30;20;8;12
27/01/2018;09:45;44;28;16
27/01/2018;10:00;32;14;18
27/01/2018;10:15;36;22;14
27/01/2018;10:30;30;16;14
27/01/2018;10:45;42;18;24
27/01/2018;11:00;61;30;31
27/01/2018;11:15;38;15;23
27/01/2018;11:30;61;15;46
27/01/2018;11:45;60;29;31
27/01/2018;12:00;61;23;38
27/01/2018;12:15;67;28;39
27/01/2018;12:30;88;23;65
27/01/2018;12:45;61;18;43
27/01/2018;13:00;51;17;34
27/01/2018;13:15;68;27;41
27/01/2018;13:30;89;20;69
27/01/2018;13:45;95;34;61
27/01/2018;14:00;99;23;76
27/01/2018;14:15;93;14;79
27/01/2018;14:30;86;20;66
27/01/2018;14:45;78;22;56
27/01/2018;15:00;84;14;70
27/01/2018;15:15;89;24;65
27/01/2018;15:30;77;18;59
27/01/2018;15:45;107;22;85
27/01/2018;16:00;88;20;68
27/01/2018;16:15;88;22;66
27/01/2018;16:30;61;18;43
27/01/2018;16:45;60;26;34
27/01/2018;17:00;55;13;42
27/01/2018;17:15;51;13;38
27/01/2018;17:30;67;16;51
27/01/2018;17:45;38;10;28
27/01/2018;18:00;47;7;40
27/01/2018;18:15;49;7;42
27/01/2018;18:30;54;18;36
27/01/2018;18:45;49;13;36
27/01/2018;19:00;50;21;29
27/01/2018;19:15;30;8;22
27/01/2018;19:30;30;12;18
27/01/2018;19:45;33;11;22
27/01/2018;20:00;27;7;20
27/01/2018;20:15;25;8;17
27/01/2018;20:30;14;4;10
27/01/2018;20:45;13;6;7
27/01/2018;21:00;18;4;14
27/01/2018;21:15;12;8;4
27/01/2018;21:30;7;3;4
27/01/2018;21:45;14;4;10
27/01/2018;22:00;17;6;11
27/01/2018;22:15;13;1;12
27/01/2018;22:30;20;4;16
27/01/2018;22:45;17;3;14
27/01/2018;23:00;13;4;9
27/01/2018;23:15;21;6;15
27/01/2018;23:30;18;11;7
27/01/2018;23:45;10;2;8
28/01/2018;00:00;14;4;10
28/01/2018;00:15;10;2;8
28/01/2018;00:30;20;3;17
28/01/2018;00:45;22;1;21
28/01/2018;01:00;22;1;21
28/01/2018;01:15;8;1;7
28/01/2018;01:30;14;1;13
28/01/2018;01:45;9;0;9
28/01/2018;02:00;7;0;7
28/01/2018;02:15;2;0;2
28/01/2018;02:30;5;0;5
28/01/2018;02:45;6;1;5
28/01/2018;03:00;3;2;1
28/01/2018;03:15;0;0;0
28/01/2018;03:30;5;1;4
28/01/2018;03:45;5;2;3
28/01/2018;04:00;4;0;4
28/01/2018;04:15;3;1;2
28/01/2018;04:30;3;0;3
28/01/2018;04:45;0;0;0
28/01/2018;05:00;1;0;1
28/01/2018;05:15;2;0;2
28/01/2018;05:30;4;2;2
28/01/2018;05:45;1;1;0
28/01/2018;06:00;2;0;2
28/01/2018;06:15;3;1;2
28/01/2018;06:30;0;0;0
28/01/2018;06:45;1;0;1
28/01/2018;07:00;0;0;0
28/01/2018;07:15;3;1;2
28/01/2018;07:30;1;0;1
28/01/2018;07:45;4;2;2
28/01/2018;08:00;3;2;1
28/01/2018;08:15;5;0;5
28/01/2018;08:30;9;2;7
28/01/2018;08:45;13;6;7
28/01/2018;09:00;9;5;4
28/01/2018;09:15;7;2;5
28/01/2018;09:30;7;3;4
28/01/2018;09:45;17;6;11
28/01/2018;10:00;8;3;5
28/01/2018;10:15;11;6;5
28/01/2018;10:30;31;8;23
28/01/2018;10:45;34;18;16
28/01/2018;11:00;29;8;21
28/01/2018;11:15;23;7;16
28/01/2018;11:30;29;5;24
28/01/2018;11:45;25;12;13
28/01/2018;12:00;29;11;18
28/01/2018;12:15;17;5;12
28/01/2018;12:30;41;12;29
28/01/2018;12:45;24;9;15
28/01/2018;13:00;59;11;48
28/01/2018;13:15;22;4;18
28/01/2018;13:30;28;6;22
28/01/2018;13:45;30;8;22
28/01/2018;14:00;45;15;30
28/01/2018;14:15;30;13;17
28/01/2018;14:30;32;10;22
28/01/2018;14:45;46;16;30
28/01/2018;15:00;45;9;36
28/01/2018;15:15;48;22;26
28/01/2018;15:30;38;18;20
28/01/2018;15:45;47;6;41
28/01/2018;16:00;32;6;26
28/01/2018;16:15;35;9;26
28/01/2018;16:30;38;8;30
28/01/2018;16:45;56;31;25
28/01/2018;17:00;36;6;30
28/01/2018;17:15;53;17;36
28/01/2018;17:30;45;21;24
28/01/2018;17:45;44;17;27
28/01/2018;18:00;35;12;23
28/01/2018;18:15;31;7;24
28/01/2018;18:30;28;6;22
28/01/2018;18:45;28;10;18
28/01/2018;19:00;32;8;24
28/01/2018;19:15;26;6;20
28/01/2018;19:30;15;1;14
28/01/2018;19:45;18;1;17
28/01/2018;20:00;17;3;14
28/01/2018;20:15;19;6;13
28/01/2018;20:30;16;3;13
28/01/2018;20:45;11;2;9
28/01/2018;21:00;18;4;14
28/01/2018;21:15;15;3;12
28/01/2018;21:30;21;5;16
28/01/2018;21:45;14;2;12
28/01/2018;22:00;12;2;10
28/01/2018;22:15;21;3;18
28/01/2018;22:30;11;3;8
28/01/2018;22:45;7;2;5
28/01/2018;23:00;7;0;7
28/01/2018;23:15;7;0;7
28/01/2018;23:30;1;0;1
28/01/2018;23:45;6;0;6
29/01/2018;00:00;5;1;4
29/01/2018;00:15;2;1;1
29/01/2018;00:30;3;1;2
29/01/2018;00:45;1;0;1
29/01/2018;01:00;3;1;2
29/01/2018;01:15;6;0;6
29/01/2018;01:30;0;0;0
29/01/2018;01:45;1;0;1
29/01/2018;02:00;1;0;1
29/01/2018;02:15;0;0;0
29/01/2018;02:30;0;0;0
29/01/2018;02:45;2;1;1
29/01/2018;03:00;0;0;0
29/01/2018;03:15;3;1;2
29/01/2018;03:30;0;0;0
29/01/2018;03:45;2;0;2
29/01/2018;04:00;0;0;0
29/01/2018;04:15;1;1;0
29/01/2018;04:30;5;2;3
29/01/2018;04:45;2;0;2
29/01/2018;05:00;1;1;0
29/01/2018;05:15;3;1;2
29/01/2018;05:30;12;6;6
29/01/2018;05:45;3;2;1
29/01/2018;06:00;11;3;8
29/01/2018;06:15;11;4;7
29/01/2018;06:30;31;15;16
29/01/2018;06:45;36;22;14
29/01/2018;07:00;40;21;19
29/01/2018;07:15;54;28;26
29/01/2018;07:30;69;32;37
29/01/2018;07:45;95;54;41
29/01/2018;08:00;79;38;41
29/01/2018;08:15;86;43;43
29/01/2018;08:30;75;41;34
29/01/2018;08:45;84;45;39
29/01/2018;09:00;60;25;35
29/01/2018;09:15;53;23;30
29/01/2018;09:30;46;21;25
29/01/2018;09:45;45;20;25
29/01/2018;10:00;36;19;17
29/01/2018;10:15;35;16;19
29/01/2018;10:30;36;15;21
29/01/2018;10:45;54;19;35
29/01/2018;11:00;34;17;17
29/01/2018;11:15;37;15;22
29/01/2018;11:30;49;17;32
29/01/2018;11:45;50;18;32
29/01/2018;12:00;42;19;23
29/01/2018;12:15;49;14;35
29/01/2018;12:30;64;11;53
29/01/2018;12:45;52;10;42
29/01/2018;13:00;64;13;51
29/01/2018;13:15;76;18;58
29/01/2018;13:30;77;20;57
29/01/2018;13:45;59;10;49
29/01/2018;14:00;56;13;43
29/01/2018;14:15;56;14;42
29/01/2018;14:30;48;6;42
29/01/2018;14:45;69;17;52
29/01/2018;15:00;70;11;59
29/01/2018;15:15;58;13;45
29/01/2018;15:30;77;18;59
29/01/2018;15:45;79;22;57
29/01/2018;16:00;92;22;70
29/01/2018;16:15;94;6;88
29/01/2018;16:30;106;24;82
29/01/2018;16:45;117;28;89
29/01/2018;17:00;81;6;75
29/01/2018;17:15;100;20;80
29/01/2018;17:30;115;18;97
29/01/2018;17:45;117;24;93
29/01/2018;18:00;99;18;81
29/01/2018;18:15;111;16;95
29/01/2018;18:30;105;22;83
29/01/2018;18:45;94;15;79
29/01/2018;19:00;70;8;62
29/01/2018;19:15;65;13;52
29/01/2018;19:30;74;18;56
29/01/2018;19:45;45;11;34
29/01/2018;20:00;44;5;39
29/01/2018;20:15;43;12;31
29/01/2018;20:30;29;15;14
29/01/2018;20:45;41;10;31
29/01/2018;21:00;21;7;14
29/01/2018;21:15;33;11;22
29/01/2018;21:30;18;3;15
29/01/2018;21:45;12;1;11
29/01/2018;22:00;25;4;21
29/01/2018;22:15;23;4;19
29/01/2018;22:30;17;2;15
29/01/2018;22:45;13;2;11
29/01/2018;23:00;11;1;10
29/01/2018;23:15;11;0;11
29/01/2018;23:30;14;0;14
29/01/2018;23:45;5;1;4
30/01/2018;00:00;5;1;4
30/01/2018;00:15;7;1;6
30/01/2018;00:30;1;0;1
30/01/2018;00:45;2;0;2
30/01/2018;01:00;3;0;3
30/01/2018;01:15;1;0;1
30/01/2018;01:30;1;0;1
30/01/2018;01:45;0;0;0
30/01/2018;02:00;0;0;0
30/01/2018;02:15;1;0;1
30/01/2018;02:30;1;0;1
30/01/2018;02:45;0;0;0
30/01/2018;03:00;1;0;1
30/01/2018;03:15;1;0;1
30/01/2018;03:30;2;0;2
30/01/2018;03:45;1;0;1
30/01/2018;04:00;0;0;0
30/01/2018;04:15;0;0;0
30/01/2018;04:30;3;2;1
30/01/2018;04:45;4;1;3
30/01/2018;05:00;2;1;1
30/01/2018;05:15;6;3;3
30/01/2018;05:30;10;3;7
30/01/2018;05:45;9;5;4
30/01/2018;06:00;11;5;6
30/01/2018;06:15;16;7;9
30/01/2018;06:30;32;11;21
30/01/2018;06:45;46;23;23
30/01/2018;07:00;38;22;16
30/01/2018;07:15;44;25;19
30/01/2018;07:30;98;62;36
30/01/2018;07:45;108;68;40
30/01/2018;08:00;83;43;40
30/01/2018;08:15;95;45;50
30/01/2018;08:30;100;52;48
30/01/2018;08:45;93;47;46
30/01/2018;09:00;65;39;26
30/01/2018;09:15;67;31;36
30/01/2018;09:30;36;21;15
30/01/2018;09:45;53;29;24
30/01/2018;10:00;78;24;54
30/01/2018;10:15;38;15;23
30/01/2018;10:30;43;16;27
30/01/2018;10:45;45;22;23
30/01/2018;11:00;39;16;23
30/01/2018;11:15;38;12;26
30/01/2018;11:30;47;19;28
30/01/2018;11:45;63;18;45
30/01/2018;12:00;50;9;41
30/01/2018;12:15;54;11;43
30/01/2018;12:30;50;17;33
30/01/2018;12:45;79;27;52
30/01/2018;13:00;70;13;57
30/01/2018;13:15;85;15;70
30/01/2018;13:30;79;18;61
30/01/2018;13:45;88;22;66
30/01/2018;14:00;87;15;72
30/01/2018;14:15;80;20;60
30/01/2018;14:30;71;17;54
30/01/2018;14:45;75;20;55
30/01/2018;15:00;89;17;72
30/01/2018;15:15;95;25;70
30/01/2018;15:30;98;16;82
30/01/2018;15:45;137;28;109
30/01/2018;16:00;84;15;69
30/01/2018;16:15;108;15;93
30/01/2018;16:30;113;32;81
30/01/2018;16:45;112;29;83
30/01/2018;17:00;138;22;116
30/01/2018;17:15;125;26;99
30/01/2018;17:30;134;20;114
30/01/2018;17:45;131;29;102
30/01/2018;18:00;122;22;100
30/01/2018;18:15;104;14;90
30/01/2018;18:30;109;14;95
30/01/2018;18:45;93;19;74
30/01/2018;19:00;85;17;68
30/01/2018;19:15;77;15;62
30/01/2018;19:30;79;14;65
30/01/2018;19:45;63;11;52
30/01/2018;20:00;62;9;53
30/01/2018;20:15;48;9;39
30/01/2018;20:30;66;27;39
30/01/2018;20:45;29;9;20
30/01/2018;21:00;31;7;24
30/01/2018;21:15;27;6;21
30/01/2018;21:30;29;8;21
30/01/2018;21:45;36;7;29
30/01/2018;22:00;27;1;26
30/01/2018;22:15;45;8;37
30/01/2018;22:30;47;9;38
30/01/2018;22:45;42;10;32
30/01/2018;23:00;15;3;12
30/01/2018;23:15;23;5;18
30/01/2018;23:30;18;2;16
30/01/2018;23:45;9;2;7
31/01/2018;00:00;4;0;4
31/01/2018;00:15;5;2;3
31/01/2018;00:30;4;1;3
31/01/2018;00:45;6;1;5
31/01/2018;01:00;0;0;0
31/01/2018;01:15;3;0;3
31/01/2018;01:30;2;1;1
31/01/2018;01:45;2;1;1
31/01/2018;02:00;0;0;0
31/01/2018;02:15;0;0;0
31/01/2018;02:30;1;0;1
31/01/2018;02:45;1;0;1
31/01/2018;03:00;1;0;1
31/01/2018;03:15;4;0;4
31/01/2018;03:30;0;0;0
31/01/2018;03:45;2;0;2
31/01/2018;04:00;0;0;0
31/01/2018;04:15;2;2;0
31/01/2018;04:30;2;1;1
31/01/2018;04:45;1;0;1
31/01/2018;05:00;0;0;0
31/01/2018;05:15;7;3;4
31/01/2018;05:30;9;3;6
31/01/2018;05:45;8;6;2
31/01/2018;06:00;17;6;11
31/01/2018;06:15;18;11;7
31/01/2018;06:30;26;8;18
31/01/2018;06:45;21;10;11
31/01/2018;07:00;34;17;17
31/01/2018;07:15;42;19;23
31/01/2018;07:30;65;39;26
31/01/2018;07:45;108;64;44
31/01/2018;08:00;76;40;36
31/01/2018;08:15;73;41;32
31/01/2018;08:30;67;31;36
31/01/2018;08:45;77;42;35
31/01/2018;09:00;44;17;27
31/01/2018;09:15;48;27;21
31/01/2018;09:30;55;21;34
31/01/2018;09:45;41;19;22
31/01/2018;10:00;29;16;13
31/01/2018;10:15;42;19;23
31/01/2018;10:30;29;7;22
31/01/2018;10:45;46;24;22
31/01/2018;11:00;41;20;21
31/01/2018;11:15;44;15;29
31/01/2018;11:30;34;12;22
31/01/2018;11:45;37;16;21
31/01/2018;12:00;42;15;27
31/01/2018;12:15;36;6;30
31/01/2018;12:30;57;19;38
31/01/2018;12:45;61;14;47
31/01/2018;13:00;48;13;35
31/01/2018;13:15;39;12;27
31/01/2018;13:30;50;9;41
31/01/2018;13:45;61;12;49
31/01/2018;14:00;50;7;43
31/01/2018;14:15;51;5;46
31/01/2018;14:30;48;11;37
31/01/2018;14:45;38;5;33
31/01/2018;15:00;49;9;40
31/01/2018;15:15;60;15;45
31/01/2018;15:30;61;12;49
31/01/2018;15:45;59;11;48
31/01/2018;16:00;59;7;52
31/01/2018;16:15;57;9;48
31/01/2018;16:30;70;17;53
31/01/2018;16:45;67;10;57
31/01/2018;17:00;66;1;65
31/01/2018;17:15;70;8;62
31/01/2018;17:30;85;12;73
31/01/2018;17:45;63;14;49
31/01/2018;18:00;77;10;67
31/01/2018;18:15;78;12;66
31/01/2018;18:30;49;9;40
31/01/2018;18:45;64;8;56
31/01/2018;19:00;49;8;41
31/01/2018;19:15;46;9;37
31/01/2018;19:30;50;15;35
31/01/2018;19:45;49;14;35
31/01/2018;20:00;33;4;29
31/01/2018;20:15;27;5;22
31/01/2018;20:30;18;6;12
31/01/2018;20:45;20;4;16
31/01/2018;21:00;32;8;24
31/01/2018;21:15;22;2;20
31/01/2018;21:30;23;3;20
31/01/2018;21:45;24;3;21
31/01/2018;22:00;15;3;12
31/01/2018;22:15;24;2;22
31/01/2018;22:30;11;3;8
31/01/2018;22:45;15;4;11
31/01/2018;23:00;19;1;18
31/01/2018;23:15;18;4;14
31/01/2018;23:30;11;2;9
31/01/2018;23:45;3;0;3
01/02/2018;00:00;8;0;8
01/02/2018;00:15;4;2;2
01/02/2018;00:30;3;1;2
01/02/2018;00:45;1;0;1
01/02/2018;01:00;1;0;1
01/02/2018;01:15;2;0;2
01/02/2018;01:30;0;0;0
01/02/2018;01:45;2;0;2
01/02/2018;02:00;0;0;0
01/02/2018;02:15;4;1;3
01/02/2018;02:30;1;0;1
01/02/2018;02:45;2;0;2
01/02/2018;03:00;0;0;0
01/02/2018;03:15;2;0;2
01/02/2018;03:30;1;0;1
01/02/2018;03:45;1;0;1
01/02/2018;04:00;2;1;1
01/02/2018;04:15;1;1;0
01/02/2018;04:30;4;2;2
01/02/2018;04:45;2;0;2
01/02/2018;05:00;1;0;1
01/02/2018;05:15;3;1;2
01/02/2018;05:30;10;5;5
01/02/2018;05:45;4;2;2
01/02/2018;06:00;10;3;7
01/02/2018;06:15;14;6;8
01/02/2018;06:30;21;8;13
01/02/2018;06:45;28;13;15
01/02/2018;07:00;28;14;14
01/02/2018;07:15;42;23;19
01/02/2018;07:30;85;50;35
01/02/2018;07:45;110;69;41
01/02/2018;08:00;70;39;31
01/02/2018;08:15;93;44;49
01/02/2018;08:30;73;34;39
01/02/2018;08:45;79;40;39
01/02/2018;09:00;59;34;25
01/02/2018;09:15;50;32;18
01/02/2018;09:30;37;14;23
01/02/2018;09:45;56;29;27
01/02/2018;10:00;46;25;21
01/02/2018;10:15;30;16;14
01/02/2018;10:30;41;18;23
01/02/2018;10:45;42;15;27
01/02/2018;11:00;35;15;20
01/02/2018;11:15;41;13;28
01/02/2018;11:30;40;15;25
01/02/2018;11:45;38;19;19
01/02/2018;12:00;44;17;27
01/02/2018;12:15;60;18;42
01/02/2018;12:30;54;12;42
01/02/2018;12:45;69;25;44
01/02/2018;13:00;63;23;40
01/02/2018;13:15;62;9;53
01/02/2018;13:30;80;18;62
01/02/2018;13:45;72;17;55
01/02/2018;14:00;63;12;51
01/02/2018;14:15;48;11;37
01/02/2018;14:30;62;15;47
01/02/2018;14:45;63;10;53
01/02/2018;15:00;79;16;63
01/02/2018;15:15;55;15;40
01/02/2018;15:30;73;22;51
01/02/2018;15:45;60;8;52
01/02/2018;16:00;73;15;58
01/02/2018;16:15;73;16;57
01/02/2018;16:30;92;15;77
01/02/2018;16:45;97;17;80
01/02/2018;17:00;100;12;88
01/02/2018;17:15;110;17;93
01/02/2018;17:30;98;14;84
01/02/2018;17:45;100;15;85
01/02/2018;18:00;98;17;81
01/02/2018;18:15;107;23;84
01/02/2018;18:30;74;12;62
01/02/2018;18:45;59;9;50
01/02/2018;19:00;68;15;53
01/02/2018;19:15;74;15;59
01/02/2018;19:30;74;21;53
01/02/2018;19:45;44;10;34
01/02/2018;20:00;59;11;48
01/02/2018;20:15;44;9;35
01/02/2018;20:30;29;6;23
01/02/2018;20:45;29;8;21
01/02/2018;21:00;37;8;29
01/02/2018;21:15;22;5;17
01/02/2018;21:30;21;5;16
01/02/2018;21:45;29;4;25
01/02/2018;22:00;29;2;27
01/02/2018;22:15;38;4;34
01/02/2018;22:30;26;4;22
01/02/2018;22:45;21;7;14
01/02/2018;23:00;20;7;13
01/02/2018;23:15;11;1;10
01/02/2018;23:30;10;0;10
01/02/2018;23:45;10;1;9
02/02/2018;00:00;10;0;10
02/02/2018;00:15;2;0;2
02/02/2018;00:30;4;2;2
02/02/2018;00:45;4;0;4
02/02/2018;01:00;4;0;4
02/02/2018;01:15;3;1;2
02/02/2018;01:30;0;0;0
02/02/2018;01:45;0;0;0
02/02/2018;02:00;0;0;0
02/02/2018;02:15;1;0;1
02/02/2018;02:30;2;0;2
02/02/2018;02:45;0;0;0
02/02/2018;03:00;0;0;0
02/02/2018;03:15;0;0;0
02/02/2018;03:30;2;0;2
02/02/2018;03:45;2;0;2
02/02/2018;04:00;1;1;0
02/02/2018;04:15;1;0;1
02/02/2018;04:30;10;2;8
02/02/2018;04:45;1;0;1
02/02/2018;05:00;1;1;0
02/02/2018;05:15;6;1;5
02/02/2018;05:30;8;1;7
02/02/2018;05:45;7;4;3
02/02/2018;06:00;14;5;9
02/02/2018;06:15;12;5;7
02/02/2018;06:30;22;9;13
02/02/2018;06:45;30;14;16
02/02/2018;07:00;27;14;13
02/02/2018;07:15;42;21;21
02/02/2018;07:30;69;40;29
02/02/2018;07:45;77;48;29
02/02/2018;08:00;57;31;26
02/02/2018;08:15;67;36;31
02/02/2018;08:30;76;41;35
02/02/2018;08:45;63;39;24
02/02/2018;09:00;45;26;19
02/02/2018;09:15;43;16;27
02/02/2018;09:30;46;28;18
02/02/2018;09:45;31;20;11
02/02/2018;10:00;40;18;22
02/02/2018;10:15;38;6;32
02/02/2018;10:30;47;17;30
02/02/2018;10:45;46;16;30
02/02/2018;11:00;29;6;23
02/02/2018;11:15;31;8;23
02/02/2018;11:30;34;14;20
02/02/2018;11:45;42;9;33
02/02/2018;12:00;35;8;27
02/02/2018;12:15;41;11;30
02/02/2018;12:30;45;11;34
02/02/2018;12:45;48;20;28
02/02/2018;13:00;56;18;38
02/02/2018;13:15;57;11;46
02/02/2018;13:30;55;12;43
02/02/2018;13:45;49;15;34
02/02/2018;14:00;50;11;39
02/02/2018;14:15;55;11;44
02/02/2018;14:30;67;10;57
02/02/2018;14:45;47;10;37
02/02/2018;15:00;62;12;50
02/02/2018;15:15;58;11;47
02/02/2018;15:30;64;12;52
02/02/2018;15:45;63;8;55
02/02/2018;16:00;69;15;54
02/02/2018;16:15;68;5;63
02/02/2018;16:30;58;12;46
02/02/2018;16:45;75;24;51
02/02/2018;17:00;77;16;61
02/02/2018;17:15;65;14;51
02/02/2018;17:30;70;9;61
02/02/2018;17:45;75;14;61
02/02/2018;18:00;59;9;50
02/02/2018;18:15;76;14;62
02/02/2018;18:30;63;13;50
02/02/2018;18:45;70;16;54
02/02/2018;19:00;57;15;42
02/02/2018;19:15;66;21;45
02/02/2018;19:30;47;6;41
02/02/2018;19:45;35;9;26
02/02/2018;20:00;40;8;32
02/02/2018;20:15;39;8;31
02/02/2018;20:30;18;3;15
02/02/2018;20:45;15;3;12
02/02/2018;21:00;17;2;15
02/02/2018;21:15;18;4;14
02/02/2018;21:30;14;6;8
02/02/2018;21:45;26;2;24
02/02/2018;22:00;23;4;19
02/02/2018;22:15;19;1;18
02/02/2018;22:30;18;2;16
02/02/2018;22:45;28;6;22
02/02/2018;23:00;14;2;12
02/02/2018;23:15;19;6;13
02/02/2018;23:30;13;4;9
02/02/2018;23:45;12;4;8
03/02/2018;00:00;15;4;11
03/02/2018;00:15;11;2;9
03/02/2018;00:30;13;4;9
03/02/2018;00:45;9;4;5
03/02/2018;01:00;17;7;10
03/02/2018;01:15;7;0;7
03/02/2018;01:30;5;1;4
03/02/2018;01:45;13;1;12
03/02/2018;02:00;7;1;6
03/02/2018;02:15;6;1;5
03/02/2018;02:30;5;0;5
03/02/2018;02:45;1;0;1
03/02/2018;03:00;6;1;5
03/02/2018;03:15;0;0;0
03/02/2018;03:30;2;0;2
03/02/2018;03:45;1;1;0
03/02/2018;04:00;3;1;2
03/02/2018;04:15;2;0;2
03/02/2018;04:30;3;0;3
03/02/2018;04:45;3;3;0
03/02/2018;05:00;1;0;1
03/02/2018;05:15;0;0;0
03/02/2018;05:30;1;1;0
03/02/2018;05:45;2;0;2
03/02/2018;06:00;3;0;3
03/02/2018;06:15;3;2;1
03/02/2018;06:30;3;2;1
03/02/2018;06:45;3;1;2
03/02/2018;07:00;6;2;4
03/02/2018;07:15;5;3;2
03/02/2018;07:30;6;1;5
03/02/2018;07:45;6;4;2
03/02/2018;08:00;12;5;7
03/02/2018;08:15;17;7;10
03/02/2018;08:30;17;7;10
03/02/2018;08:45;16;8;8
03/02/2018;09:00;15;5;10
03/02/2018;09:15;20;15;5
03/02/2018;09:30;24;13;11
03/02/2018;09:45;26;15;11
03/02/2018;10:00;23;10;13
03/02/2018;10:15;32;10;22
03/02/2018;10:30;36;20;16
03/02/2018;10:45;49;17;32
03/02/2018;11:00;32;10;22
03/02/2018;11:15;37;19;18
03/02/2018;11:30;37;14;23
03/02/2018;11:45;51;15;36
03/02/2018;12:00;42;15;27
03/02/2018;12:15;54;19;35
03/02/2018;12:30;55;10;45
03/02/2018;12:45;44;14;30
03/02/2018;13:00;38;8;30
03/02/2018;13:15;53;19;34
03/02/2018;13:30;51;14;37
03/02/2018;13:45;42;13;29
03/02/2018;14:00;40;14;26
03/02/2018;14:15;42;16;26
03/02/2018;14:30;47;12;35
03/02/2018;14:45;55;18;37
03/02/2018;15:00;44;15;29
03/02/2018;15:15;43;10;33
03/02/2018;15:30;46;10;36
03/02/2018;15:45;40;9;31
03/02/2018;16:00;34;7;27
03/02/2018;16:15;55;5;50
03/02/2018;16:30;34;3;31
03/02/2018;16:45;42;7;35
03/02/2018;17:00;33;5;28
03/02/2018;17:15;44;6;38
03/02/2018;17:30;39;5;34
03/02/2018;17:45;43;6;37
03/02/2018;18:00;48;10;38
03/02/2018;18:15;35;11;24
03/02/2018;18:30;27;5;22
03/02/2018;18:45;30;16;14
03/02/2018;19:00;35;7;28
03/02/2018;19:15;32;2;30
03/02/2018;19:30;27;7;20
03/02/2018;19:45;34;5;29
03/02/2018;20:00;29;4;25
03/02/2018;20:15;23;5;18
03/02/2018;20:30;17;5;12
03/02/2018;20:45;20;9;11
03/02/2018;21:00;15;2;13
03/02/2018;21:15;5;2;3
03/02/2018;21:30;7;4;3
03/02/2018;21:45;9;3;6
03/02/2018;22:00;12;4;8
03/02/2018;22:15;15;4;11
03/02/2018;22:30;8;2;6
03/02/2018;22:45;12;2;10
03/02/2018;23:00;23;2;21
03/02/2018;23:15;16;5;11
03/02/2018;23:30;8;2;6
03/02/2018;23:45;9;4;5
04/02/2018;00:00;9;2;7
04/02/2018;00:15;7;3;4
04/02/2018;00:30;10;1;9
04/02/2018;00:45;16;6;10
04/02/2018;01:00;5;2;3
04/02/2018;01:15;6;1;5
04/02/2018;01:30;8;5;3
04/02/2018;01:45;7;1;6
04/02/2018;02:00;1;0;1
04/02/2018;02:15;2;1;1
04/02/2018;02:30;7;3;4
04/02/2018;02:45;3;0;3
04/02/2018;03:00;0;0;0
04/02/2018;03:15;1;0;1
04/02/2018;03:30;1;1;0
04/02/2018;03:45;2;1;1
04/02/2018;04:00;4;0;4
04/02/2018;04:15;6;2;4
04/02/2018;04:30;3;0;3
04/02/2018;04:45;3;1;2
04/02/2018;05:00;1;0;1
04/02/2018;05:15;0;0;0
04/02/2018;05:30;2;1;1
04/02/2018;05:45;1;0;1
04/02/2018;06:00;1;0;1
04/02/2018;06:15;1;0;1
04/02/2018;06:30;0;0;0
04/02/2018;06:45;0;0;0
04/02/2018;07:00;3;1;2
04/02/2018;07:15;1;0;1
04/02/2018;07:30;3;0;3
04/02/2018;07:45;3;1;2
04/02/2018;08:00;7;5;2
04/02/2018;08:15;5;2;3
04/02/2018;08:30;6;2;4
04/02/2018;08:45;17;4;13
04/02/2018;09:00;7;3;4
04/02/2018;09:15;8;4;4
04/02/2018;09:30;12;6;6
04/02/2018;09:45;28;11;17
04/02/2018;10:00;9;3;6
04/02/2018;10:15;10;3;7
04/02/2018;10:30;14;7;7
04/02/2018;10:45;16;6;10
04/02/2018;11:00;18;10;8
04/02/2018;11:15;11;2;9
04/02/2018;11:30;15;5;10
04/02/2018;11:45;29;11;18
04/02/2018;12:00;20;11;9
04/02/2018;12:15;16;5;11
04/02/2018;12:30;14;3;11
04/02/2018;12:45;37;9;28
04/02/2018;13:00;34;5;29
04/02/2018;13:15;29;3;26
04/02/2018;13:30;21;9;12
04/02/2018;13:45;35;8;27
04/02/2018;14:00;23;6;17
04/02/2018;14:15;34;12;22
04/02/2018;14:30;26;6;20
04/02/2018;14:45;29;10;19
04/02/2018;15:00;27;6;21
04/02/2018;15:15;24;6;18
04/02/2018;15:30;21;6;15
04/02/2018;15:45;21;7;14
04/02/2018;16:00;20;3;17
04/02/2018;16:15;41;12;29
04/02/2018;16:30;19;2;17
04/02/2018;16:45;32;15;17
04/02/2018;17:00;28;12;16
04/02/2018;17:15;32;9;23
04/02/2018;17:30;39;11;28
04/02/2018;17:45;31;5;26
04/02/2018;18:00;18;1;17
04/02/2018;18:15;18;5;13
04/02/2018;18:30;16;7;9
04/02/2018;18:45;18;9;9
04/02/2018;19:00;19;7;12
04/02/2018;19:15;12;0;12
04/02/2018;19:30;11;2;9
04/02/2018;19:45;12;4;8
04/02/2018;20:00;11;0;11
04/02/2018;20:15;22;4;18
04/02/2018;20:30;18;2;16
04/02/2018;20:45;15;0;15
04/02/2018;21:00;15;1;14
04/02/2018;21:15;7;2;5
04/02/2018;21:30;13;2;11
04/02/2018;21:45;14;2;12
04/02/2018;22:00;12;0;12
04/02/2018;22:15;17;5;12
04/02/2018;22:30;10;2;8
04/02/2018;22:45;14;1;13
04/02/2018;23:00;6;1;5
04/02/2018;23:15;8;1;7
04/02/2018;23:30;2;0;2
04/02/2018;23:45;3;1;2
05/02/2018;00:00;3;0;3
05/02/2018;00:15;2;0;2
05/02/2018;00:30;2;1;1
05/02/2018;00:45;0;0;0
05/02/2018;01:00;3;0;3
05/02/2018;01:15;2;0;2
05/02/2018;01:30;2;0;2
05/02/2018;01:45;1;0;1
05/02/2018;02:00;2;2;0
05/02/2018;02:15;0;0;0
05/02/2018;02:30;3;0;3
05/02/2018;02:45;1;0;1
05/02/2018;03:00;0;0;0
05/02/2018;03:15;0;0;0
05/02/2018;03:30;1;0;1
05/02/2018;03:45;1;0;1
05/02/2018;04:00;0;0;0
05/02/2018;04:15;2;1;1
05/02/2018;04:30;3;3;0
05/02/2018;04:45;6;3;3
05/02/2018;05:00;1;0;1
05/02/2018;05:15;7;6;1
05/02/2018;05:30;10;5;5
05/02/2018;05:45;9;6;3
05/02/2018;06:00;10;4;6
05/02/2018;06:15;16;8;8
05/02/2018;06:30;35;16;19
05/02/2018;06:45;28;12;16
05/02/2018;07:00;36;17;19
05/02/2018;07:15;57;24;33
05/02/2018;07:30;91;50;41
05/02/2018;07:45;102;63;39
05/02/2018;08:00;54;25;29
05/02/2018;08:15;85;46;39
05/02/2018;08:30;88;48;40
05/02/2018;08:45;95;58;37
05/02/2018;09:00;63;32;31
05/02/2018;09:15;42;23;19
05/02/2018;09:30;41;14;27
05/02/2018;09:45;42;25;17
05/02/2018;10:00;33;13;20
05/02/2018;10:15;32;7;25
05/02/2018;10:30;31;12;19
05/02/2018;10:45;36;14;22
05/02/2018;11:00;36;12;24
05/02/2018;11:15;43;13;30
05/02/2018;11:30;36;12;24
05/02/2018;11:45;28;10;18
05/02/2018;12:00;48;12;36
05/02/2018;12:15;44;11;33
05/02/2018;12:30;47;13;34
05/02/2018;12:45;61;13;48
05/02/2018;13:00;56;14;42
05/02/2018;13:15;64;18;46
05/02/2018;13:30;65;12;53
05/02/2018;13:45;56;15;41
05/02/2018;14:00;65;13;52
05/02/2018;14:15;64;10;54
05/02/2018;14:30;54;15;39
05/02/2018;14:45;68;10;58
05/02/2018;15:00;77;17;60
05/02/2018;15:15;65;14;51
05/02/2018;15:30;69;14;55
05/02/2018;15:45;90;12;78
05/02/2018;16:00;85;12;73
05/02/2018;16:15;95;18;77
05/02/2018;16:30;107;22;85
05/02/2018;16:45;117;17;100
05/02/2018;17:00;113;22;91
05/02/2018;17:15;124;24;100
05/02/2018;17:30;93;20;73
05/02/2018;17:45;98;16;82
05/02/2018;18:00;111;25;86
05/02/2018;18:15;82;12;70
05/02/2018;18:30;78;13;65
05/02/2018;18:45;80;10;70
05/02/2018;19:00;79;17;62
05/02/2018;19:15;58;16;42
05/02/2018;19:30;57;10;47
05/02/2018;19:45;66;13;53
05/02/2018;20:00;38;9;29
05/02/2018;20:15;40;7;33
05/02/2018;20:30;22;1;21
05/02/2018;20:45;33;13;20
05/02/2018;21:00;22;5;17
05/02/2018;21:15;37;7;30
05/02/2018;21:30;17;5;12
05/02/2018;21:45;22;1;21
05/02/2018;22:00;23;1;22
05/02/2018;22:15;18;3;15
05/02/2018;22:30;12;3;9
05/02/2018;22:45;13;1;12
05/02/2018;23:00;7;2;5
05/02/2018;23:15;6;2;4
05/02/2018;23:30;9;4;5
05/02/2018;23:45;4;1;3
06/02/2018;00:00;3;0;3
06/02/2018;00:15;1;0;1
06/02/2018;00:30;1;0;1
06/02/2018;00:45;1;0;1
06/02/2018;01:00;1;1;0
06/02/2018;01:15;2;0;2
06/02/2018;01:30;1;0;1
06/02/2018;01:45;2;0;2
06/02/2018;02:00;1;0;1
06/02/2018;02:15;2;0;2
06/02/2018;02:30;0;0;0
06/02/2018;02:45;0;0;0
06/02/2018;03:00;2;1;1
06/02/2018;03:15;0;0;0
06/02/2018;03:30;2;0;2
06/02/2018;03:45;0;0;0
06/02/2018;04:00;0;0;0
06/02/2018;04:15;0;0;0
06/02/2018;04:30;4;4;0
06/02/2018;04:45;2;1;1
06/02/2018;05:00;3;0;3
06/02/2018;05:15;5;2;3
06/02/2018;05:30;10;3;7
06/02/2018;05:45;8;6;2
06/02/2018;06:00;10;2;8
06/02/2018;06:15;18;9;9
06/02/2018;06:30;23;11;12
06/02/2018;06:45;28;15;13
06/02/2018;07:00;35;19;16
06/02/2018;07:15;58;24;34
06/02/2018;07:30;90;53;37
06/02/2018;07:45;106;68;38
06/02/2018;08:00;77;37;40
06/02/2018;08:15;81;41;40
06/02/2018;08:30;75;37;38
06/02/2018;08:45;86;40;46
06/02/2018;09:00;67;34;33
06/02/2018;09:15;56;29;27
06/02/2018;09:30;43;23;20
06/02/2018;09:45;52;25;27
06/02/2018;10:00;30;12;18
06/02/2018;10:15;31;10;21
06/02/2018;10:30;42;10;32
06/02/2018;10:45;48;13;35
06/02/2018;11:00;23;8;15
06/02/2018;11:15;40;19;21
06/02/2018;11:30;32;9;23
06/02/2018;11:45;41;17;24
06/02/2018;12:00;41;15;26
06/02/2018;12:15;35;6;29
06/02/2018;12:30;42;9;33
06/02/2018;12:45;48;9;39
06/02/2018;13:00;46;11;35
06/02/2018;13:15;75;13;62
06/02/2018;13:30;65;16;49
06/02/2018;13:45;60;12;48
06/02/2018;14:00;54;12;42
06/02/2018;14:15;58;13;45
06/02/2018;14:30;51;18;33
06/02/2018;14:45;53;14;39
06/02/2018;15:00;53;4;49
06/02/2018;15:15;43;7;36
06/02/2018;15:30;56;7;49
06/02/2018;15:45;67;12;55
06/02/2018;16:00;72;10;62
06/02/2018;16:15;81;18;63
06/02/2018;16:30;86;17;69
06/02/2018;16:45;72;14;58
06/02/2018;17:00;87;14;73
06/02/2018;17:15;102;14;88
06/02/2018;17:30;120;27;93
06/02/2018;17:45;96;25;71
06/02/2018;18:00;74;18;56
06/02/2018;18:15;92;12;80
06/02/2018;18:30;68;7;61
06/02/2018;18:45;63;17;46
06/02/2018;19:00;53;12;41
06/02/2018;19:15;46;8;38
06/02/2018;19:30;45;11;34
06/02/2018;19:45;36;5;31
06/02/2018;20:00;35;8;27
06/02/2018;20:15;20;6;14
06/02/2018;20:30;24;8;16
06/02/2018;20:45;23;7;16
06/02/2018;21:00;34;6;28
06/02/2018;21:15;21;3;18
06/02/2018;21:30;11;1;10
06/02/2018;21:45;14;2;12
06/02/2018;22:00;19;1;18
06/02/2018;22:15;21;3;18
06/02/2018;22:30;17;1;16
06/02/2018;22:45;4;1;3
06/02/2018;23:00;7;0;7
06/02/2018;23:15;12;2;10
06/02/2018;23:30;6;1;5
06/02/2018;23:45;2;2;0
07/02/2018;00:00;4;2;2
07/02/2018;00:15;3;3;0
07/02/2018;00:30;1;0;1
07/02/2018;00:45;2;1;1
07/02/2018;01:00;0;0;0
07/02/2018;01:15;1;1;0
07/02/2018;01:30;0;0;0
07/02/2018;01:45;6;0;6
07/02/2018;02:00;2;0;2
07/02/2018;02:15;0;0;0
07/02/2018;02:30;0;0;0
07/02/2018;02:45;2;0;2
07/02/2018;03:00;0;0;0
07/02/2018;03:15;2;0;2
07/02/2018;03:30;3;1;2
07/02/2018;03:45;0;0;0
07/02/2018;04:00;1;1;0
07/02/2018;04:15;3;0;3
07/02/2018;04:30;2;2;0
07/02/2018;04:45;3;2;1
07/02/2018;05:00;1;0;1
07/02/2018;05:15;6;2;4
07/02/2018;05:30;9;3;6
07/02/2018;05:45;5;2;3
07/02/2018;06:00;14;5;9
07/02/2018;06:15;12;5;7
07/02/2018;06:30;13;4;9
07/02/2018;06:45;22;8;14
07/02/2018;07:00;22;15;7
07/02/2018;07:15;26;12;14
07/02/2018;07:30;67;28;39
07/02/2018;07:45;83;51;32
07/02/2018;08:00;49;25;24
07/02/2018;08:15;75;35;40
07/02/2018;08:30;49;26;23
07/02/2018;08:45;53;31;22
07/02/2018;09:00;43;27;16
07/02/2018;09:15;39;18;21
07/02/2018;09:30;37;25;12
07/02/2018;09:45;29;17;12
07/02/2018;10:00;29;19;10
07/02/2018;10:15;29;16;13
07/02/2018;10:30;16;5;11
07/02/2018;10:45;27;15;12
07/02/2018;11:00;23;3;20
07/02/2018;11:15;23;8;15
07/02/2018;11:30;20;6;14
07/02/2018;11:45;35;20;15
07/02/2018;12:00;32;9;23
07/02/2018;12:15;44;14;30
07/02/2018;12:30;34;8;26
07/02/2018;12:45;49;16;33
07/02/2018;13:00;46;17;29
07/02/2018;13:15;39;10;29
07/02/2018;13:30;37;8;29
07/02/2018;13:45;60;11;49
07/02/2018;14:00;31;10;21
07/02/2018;14:15;41;9;32
07/02/2018;14:30;40;11;29
07/02/2018;14:45;49;9;40
07/02/2018;15:00;53;8;45
07/02/2018;15:15;53;15;38
07/02/2018;15:30;55;17;38
07/02/2018;15:45;53;13;40
07/02/2018;16:00;79;17;62
07/02/2018;16:15;62;14;48
07/02/2018;16:30;77;13;64
07/02/2018;16:45;79;10;69
07/02/2018;17:00;80;12;68
07/02/2018;17:15;95;17;78
07/02/2018;17:30;78;15;63
07/02/2018;17:45;88;14;74
07/02/2018;18:00;75;12;63
07/02/2018;18:15;93;16;77
07/02/2018;18:30;52;11;41
07/02/2018;18:45;51;14;37
07/02/2018;19:00;61;18;43
07/02/2018;19:15;61;11;50
07/02/2018;19:30;54;11;43
07/02/2018;19:45;30;11;19
07/02/2018;20:00;41;10;31
07/02/2018;20:15;34;9;25
07/02/2018;20:30;31;6;25
07/02/2018;20:45;38;8;30
07/02/2018;21:00;26;4;22
07/02/2018;21:15;26;4;22
07/02/2018;21:30;19;4;15
07/02/2018;21:45;24;9;15
07/02/2018;22:00;17;3;14
07/02/2018;22:15;18;0;18
07/02/2018;22:30;16;2;14
07/02/2018;22:45;13;3;10
07/02/2018;23:00;15;4;11
07/02/2018;23:15;8;2;6
07/02/2018;23:30;7;2;5
07/02/2018;23:45;4;1;3
08/02/2018;00:00;6;1;5
08/02/2018;00:15;2;1;1
08/02/2018;00:30;3;1;2
08/02/2018;00:45;2;1;1
08/02/2018;01:00;7;4;3
08/02/2018;01:15;5;2;3
08/02/2018;01:30;5;1;4
08/02/2018;01:45;2;0;2
08/02/2018;02:00;1;0;1
08/02/2018;02:15;0;0;0
08/02/2018;02:30;0;0;0
08/02/2018;02:45;2;0;2
08/02/2018;03:00;1;0;1
08/02/2018;03:15;2;0;2
08/02/2018;03:30;2;0;2
08/02/2018;03:45;0;0;0
08/02/2018;04:00;2;2;0
08/02/2018;04:15;2;1;1
08/02/2018;04:30;2;2;0
08/02/2018;04:45;3;2;1
08/02/2018;05:00;1;0;1
08/02/2018;05:15;4;2;2
08/02/2018;05:30;7;1;6
08/02/2018;05:45;5;4;1
08/02/2018;06:00;9;2;7
08/02/2018;06:15;5;2;3
08/02/2018;06:30;19;11;8
08/02/2018;06:45;15;6;9
08/02/2018;07:00;29;10;19
08/02/2018;07:15;33;16;17
08/02/2018;07:30;52;31;21
08/02/2018;07:45;55;29;26
08/02/2018;08:00;42;23;19
08/02/2018;08:15;49;19;30
08/02/2018;08:30;49;18;31
08/02/2018;08:45;64;24;40
08/02/2018;09:00;42;20;22
08/02/2018;09:15;29;14;15
08/02/2018;09:30;34;10;24
08/02/2018;09:45;31;12;19
08/02/2018;10:00;26;7;19
08/02/2018;10:15;25;4;21
08/02/2018;10:30;39;6;33
08/02/2018;10:45;38;6;32
08/02/2018;11:00;27;4;23
08/02/2018;11:15;36;9;27
08/02/2018;11:30;43;5;38
08/02/2018;11:45;41;10;31
08/02/2018;12:00;54;16;38
08/02/2018;12:15;61;16;45
08/02/2018;12:30;54;17;37
08/02/2018;12:45;44;12;32
08/02/2018;13:00;56;15;41
08/02/2018;13:15;36;14;22
08/02/2018;13:30;35;7;28
08/02/2018;13:45;48;10;38
08/02/2018;14:00;35;8;27
08/02/2018;14:15;43;11;32
08/02/2018;14:30;56;8;48
08/02/2018;14:45;30;7;23
08/02/2018;15:00;46;20;26
08/02/2018;15:15;60;25;35
08/02/2018;15:30;37;7;30
08/02/2018;15:45;33;10;23
08/02/2018;16:00;44;10;34
08/02/2018;16:15;49;12;37
08/02/2018;16:30;39;11;28
08/02/2018;16:45;32;7;25
08/02/2018;17:00;39;10;29
08/02/2018;17:15;30;8;22
08/02/2018;17:30;47;10;37
08/02/2018;17:45;30;9;21
08/02/2018;18:00;29;5;24
08/02/2018;18:15;35;4;31
08/02/2018;18:30;29;9;20
08/02/2018;18:45;16;3;13
08/02/2018;19:00;21;6;15
08/02/2018;19:15;22;7;15
08/02/2018;19:30;15;2;13
08/02/2018;19:45;15;4;11
08/02/2018;20:00;29;5;24
08/02/2018;20:15;11;1;10
08/02/2018;20:30;15;5;10
08/02/2018;20:45;24;2;22
08/02/2018;21:00;15;3;12
08/02/2018;21:15;14;5;9
08/02/2018;21:30;6;2;4
08/02/2018;21:45;16;3;13
08/02/2018;22:00;11;2;9
08/02/2018;22:15;13;3;10
08/02/2018;22:30;12;0;12
08/02/2018;22:45;6;0;6
08/02/2018;23:00;13;1;12
08/02/2018;23:15;10;1;9
08/02/2018;23:30;5;0;5
08/02/2018;23:45;8;2;6
09/02/2018;00:00;14;5;9
09/02/2018;00:15;6;1;5
09/02/2018;00:30;6;2;4
09/02/2018;00:45;4;0;4
09/02/2018;01:00;0;0;0
09/02/2018;01:15;4;1;3
09/02/2018;01:30;4;2;2
09/02/2018;01:45;0;0;0
09/02/2018;02:00;0;0;0
09/02/2018;02:15;1;0;1
09/02/2018;02:30;1;0;1
09/02/2018;02:45;0;0;0
09/02/2018;03:00;0;0;0
09/02/2018;03:15;1;0;1
09/02/2018;03:30;2;0;2
09/02/2018;03:45;2;0;2
09/02/2018;04:00;0;0;0
09/02/2018;04:15;4;2;2
09/02/2018;04:30;2;2;0
09/02/2018;04:45;0;0;0
09/02/2018;05:00;0;0;0
09/02/2018;05:15;6;3;3
09/02/2018;05:30;5;0;5
09/02/2018;05:45;4;3;1
09/02/2018;06:00;6;4;2
09/02/2018;06:15;6;4;2
09/02/2018;06:30;15;8;7
09/02/2018;06:45;13;9;4
09/02/2018;07:00;11;5;6
09/02/2018;07:15;23;13;10
09/02/2018;07:30;32;17;15
09/02/2018;07:45;39;19;20
09/02/2018;08:00;30;19;11
09/02/2018;08:15;39;19;20
09/02/2018;08:30;40;20;20
09/02/2018;08:45;38;19;19
09/02/2018;09:00;25;12;13
09/02/2018;09:15;31;17;14
09/02/2018;09:30;23;7;16
09/02/2018;09:45;31;14;17
09/02/2018;10:00;14;7;7
09/02/2018;10:15;23;12;11
09/02/2018;10:30;22;14;8
09/02/2018;10:45;28;11;17
09/02/2018;11:00;28;17;11
09/02/2018;11:15;26;9;17
09/02/2018;11:30;39;7;32
09/02/2018;11:45;32;13;19
09/02/2018;12:00;50;23;27
09/02/2018;12:15;47;17;30
09/02/2018;12:30;32;8;24
09/02/2018;12:45;39;8;31
09/02/2018;13:00;37;12;25
09/02/2018;13:15;57;17;40
09/02/2018;13:30;50;10;40
09/02/2018;13:45;49;11;38
09/02/2018;14:00;52;21;31
09/02/2018;14:15;45;8;37
09/02/2018;14:30;68;16;52
09/02/2018;14:45;50;13;37
09/02/2018;15:00;50;13;37
09/02/2018;15:15;67;10;57
09/02/2018;15:30;61;14;47
09/02/2018;15:45;56;8;48
09/02/2018;16:00;59;12;47
09/02/2018;16:15;59;11;48
09/02/2018;16:30;46;10;36
09/02/2018;16:45;65;15;50
09/02/2018;17:00;56;11;45
09/02/2018;17:15;58;10;48
09/02/2018;17:30;46;9;37
09/02/2018;17:45;43;11;32
09/02/2018;18:00;46;10;36
09/02/2018;18:15;34;8;26
09/02/2018;18:30;49;10;39
09/02/2018;18:45;37;9;28
09/02/2018;19:00;37;4;33
09/02/2018;19:15;40;10;30
09/02/2018;19:30;34;16;18
09/02/2018;19:45;24;5;19
09/02/2018;20:00;31;10;21
09/02/2018;20:15;29;9;20
09/02/2018;20:30;25;4;21
09/02/2018;20:45;20;4;16
09/02/2018;21:00;9;3;6
09/02/2018;21:15;19;4;15
09/02/2018;21:30;15;4;11
09/02/2018;21:45;14;4;10
09/02/2018;22:00;13;3;10
09/02/2018;22:15;23;1;22
09/02/2018;22:30;10;0;10
09/02/2018;22:45;7;0;7
09/02/2018;23:00;13;1;12
09/02/2018;23:15;15;4;11
09/02/2018;23:30;14;3;11
09/02/2018;23:45;5;1;4
10/02/2018;00:00;5;1;4
10/02/2018;00:15;9;2;7
10/02/2018;00:30;4;2;2
10/02/2018;00:45;10;2;8
10/02/2018;01:00;16;3;13
10/02/2018;01:15;6;1;5
10/02/2018;01:30;5;1;4
10/02/2018;01:45;8;3;5
10/02/2018;02:00;4;1;3
10/02/2018;02:15;4;2;2
10/02/2018;02:30;2;0;2
10/02/2018;02:45;3;0;3
10/02/2018;03:00;2;1;1
10/02/2018;03:15;4;3;1
10/02/2018;03:30;3;0;3
10/02/2018;03:45;2;0;2
10/02/2018;04:00;0;0;0
10/02/2018;04:15;5;0;5
10/02/2018;04:30;2;0;2
10/02/2018;04:45;2;1;1
10/02/2018;05:00;3;2;1
10/02/2018;05:15;2;1;1
10/02/2018;05:30;4;2;2
10/02/2018;05:45;2;0;2
10/02/2018;06:00;1;1;0
10/02/2018;06:15;3;2;1
10/02/2018;06:30;1;1;0
10/02/2018;06:45;3;2;1
10/02/2018;07:00;1;1;0
10/02/2018;07:15;2;0;2
10/02/2018;07:30;2;0;2
10/02/2018;07:45;0;0;0
10/02/2018;08:00;6;2;4
10/02/2018;08:15;4;2;2
10/02/2018;08:30;9;5;4
10/02/2018;08:45;13;7;6
10/02/2018;09:00;7;4;3
10/02/2018;09:15;11;7;4
10/02/2018;09:30;15;8;7
10/02/2018;09:45;28;13;15
10/02/2018;10:00;17;7;10
10/02/2018;10:15;21;13;8
10/02/2018;10:30;24;13;11
10/02/2018;10:45;43;26;17
10/02/2018;11:00;25;9;16
10/02/2018;11:15;42;15;27
10/02/2018;11:30;24;11;13
10/02/2018;11:45;25;10;15
10/02/2018;12:00;32;13;19
10/02/2018;12:15;30;11;19
10/02/2018;12:30;34;8;26
10/02/2018;12:45;31;8;23
10/02/2018;13:00;37;12;25
10/02/2018;13:15;35;12;23
10/02/2018;13:30;29;12;17
10/02/2018;13:45;35;11;24
10/02/2018;14:00;34;12;22
10/02/2018;14:15;29;11;18
10/02/2018;14:30;41;16;25
10/02/2018;14:45;29;7;22
10/02/2018;15:00;29;6;23
10/02/2018;15:15;46;10;36
10/02/2018;15:30;24;6;18
10/02/2018;15:45;30;6;24
10/02/2018;16:00;26;3;23
10/02/2018;16:15;27;8;19
10/02/2018;16:30;29;5;24
10/02/2018;16:45;40;8;32
10/02/2018;17:00;21;3;18
10/02/2018;17:15;35;9;26
10/02/2018;17:30;28;2;26
10/02/2018;17:45;20;9;11
10/02/2018;18:00;23;4;19
10/02/2018;18:15;31;12;19
10/02/2018;18:30;21;5;16
10/02/2018;18:45;14;2;12
10/02/2018;19:00;23;7;16
10/02/2018;19:15;15;3;12
10/02/2018;19:30;8;2;6
10/02/2018;19:45;23;7;16
10/02/2018;20:00;21;6;15
10/02/2018;20:15;11;3;8
10/02/2018;20:30;8;2;6
10/02/2018;20:45;9;4;5
10/02/2018;21:00;3;1;2
10/02/2018;21:15;5;1;4
10/02/2018;21:30;12;2;10
10/02/2018;21:45;12;1;11
10/02/2018;22:00;9;1;8
10/02/2018;22:15;9;1;8
10/02/2018;22:30;10;2;8
10/02/2018;22:45;7;0;7
10/02/2018;23:00;6;2;4
10/02/2018;23:15;7;0;7
10/02/2018;23:30;10;2;8
10/02/2018;23:45;12;2;10
11/02/2018;00:00;10;1;9
11/02/2018;00:15;8;5;3
11/02/2018;00:30;6;2;4
11/02/2018;00:45;6;0;6
11/02/2018;01:00;7;1;6
11/02/2018;01:15;11;2;9
11/02/2018;01:30;12;3;9
11/02/2018;01:45;11;1;10
11/02/2018;02:00;2;2;0
11/02/2018;02:15;3;1;2
11/02/2018;02:30;9;1;8
11/02/2018;02:45;9;5;4
11/02/2018;03:00;5;2;3
11/02/2018;03:15;1;1;0
11/02/2018;03:30;4;0;4
11/02/2018;03:45;1;0;1
11/02/2018;04:00;2;1;1
11/02/2018;04:15;1;1;0
11/02/2018;04:30;3;0;3
11/02/2018;04:45;1;0;1
11/02/2018;05:00;0;0;0
11/02/2018;05:15;1;1;0
11/02/2018;05:30;0;0;0
11/02/2018;05:45;3;1;2
11/02/2018;06:00;1;1;0
11/02/2018;06:15;1;0;1
11/02/2018;06:30;1;0;1
11/02/2018;06:45;3;1;2
11/02/2018;07:00;1;1;0
11/02/2018;07:15;3;2;1
11/02/2018;07:30;2;0;2
11/02/2018;07:45;1;1;0
11/02/2018;08:00;2;2;0
11/02/2018;08:15;2;0;2
11/02/2018;08:30;3;1;2
11/02/2018;08:45;14;6;8
11/02/2018;09:00;4;0;4
11/02/2018;09:15;7;4;3
11/02/2018;09:30;9;3;6
11/02/2018;09:45;14;7;7
11/02/2018;10:00;5;2;3
11/02/2018;10:15;15;9;6
11/02/2018;10:30;14;5;9
11/02/2018;10:45;12;8;4
11/02/2018;11:00;12;5;7
11/02/2018;11:15;11;3;8
11/02/2018;11:30;8;2;6
11/02/2018;11:45;28;10;18
11/02/2018;12:00;19;2;17
11/02/2018;12:15;23;6;17
11/02/2018;12:30;30;2;28
11/02/2018;12:45;32;6;26
11/02/2018;13:00;24;5;19
11/02/2018;13:15;20;3;17
11/02/2018;13:30;18;3;15
11/02/2018;13:45;19;2;17
11/02/2018;14:00;18;5;13
11/02/2018;14:15;23;12;11
11/02/2018;14:30;24;10;14
11/02/2018;14:45;28;10;18
11/02/2018;15:00;18;6;12
11/02/2018;15:15;13;2;11
11/02/2018;15:30;9;3;6
11/02/2018;15:45;11;2;9
11/02/2018;16:00;10;2;8
11/02/2018;16:15;25;6;19
11/02/2018;16:30;21;11;10
11/02/2018;16:45;24;4;20
11/02/2018;17:00;14;7;7
11/02/2018;17:15;14;2;12
11/02/2018;17:30;17;5;12
11/02/2018;17:45;15;5;10
11/02/2018;18:00;26;13;13
11/02/2018;18:15;16;5;11
11/02/2018;18:30;19;6;13
11/02/2018;18:45;12;7;5
11/02/2018;19:00;17;4;13
11/02/2018;19:15;14;4;10
11/02/2018;19:30;16;1;15
11/02/2018;19:45;27;8;19
11/02/2018;20:00;12;8;4
11/02/2018;20:15;18;4;14
11/02/2018;20:30;13;4;9
11/02/2018;20:45;6;1;5
11/02/2018;21:00;10;4;6
11/02/2018;21:15;5;1;4
11/02/2018;21:30;7;1;6
11/02/2018;21:45;6;4;2
11/02/2018;22:00;16;3;13
11/02/2018;22:15;10;3;7
11/02/2018;22:30;3;2;1
11/02/2018;22:45;2;1;1
11/02/2018;23:00;7;0;7
11/02/2018;23:15;4;1;3
11/02/2018;23:30;3;0;3
11/02/2018;23:45;4;3;1
12/02/2018;00:00;4;0;4
12/02/2018;00:15;12;4;8
12/02/2018;00:30;0;0;0
12/02/2018;00:45;8;3;5
12/02/2018;01:00;4;0;4
12/02/2018;01:15;3;0;3
12/02/2018;01:30;8;1;7
12/02/2018;01:45;5;3;2
12/02/2018;02:00;2;2;0
12/02/2018;02:15;0;0;0
12/02/2018;02:30;3;0;3
12/02/2018;02:45;0;0;0
12/02/2018;03:00;1;0;1
12/02/2018;03:15;0;0;0
12/02/2018;03:30;0;0;0
12/02/2018;03:45;0;0;0
12/02/2018;04:00;0;0;0
12/02/2018;04:15;2;0;2
12/02/2018;04:30;1;1;0
12/02/2018;04:45;1;0;1
12/02/2018;05:00;1;0;1
12/02/2018;05:15;2;1;1
12/02/2018;05:30;3;0;3
12/02/2018;05:45;3;2;1
12/02/2018;06:00;2;2;0
12/02/2018;06:15;2;2;0
12/02/2018;06:30;4;3;1
12/02/2018;06:45;10;2;8
12/02/2018;07:00;7;6;1
12/02/2018;07:15;9;5;4
12/02/2018;07:30;4;0;4
12/02/2018;07:45;8;4;4
12/02/2018;08:00;9;1;8
12/02/2018;08:15;6;1;5
12/02/2018;08:30;13;3;10
12/02/2018;08:45;16;6;10
12/02/2018;09:00;14;6;8
12/02/2018;09:15;7;2;5
12/02/2018;09:30;13;5;8
12/02/2018;09:45;8;5;3
12/02/2018;10:00;10;2;8
12/02/2018;10:15;13;6;7
12/02/2018;10:30;19;8;11
12/02/2018;10:45;19;6;13
12/02/2018;11:00;17;8;9
12/02/2018;11:15;19;10;9
12/02/2018;11:30;24;16;8
12/02/2018;11:45;24;14;10
12/02/2018;12:00;22;15;7
12/02/2018;12:15;28;10;18
12/02/2018;12:30;36;27;9
12/02/2018;12:45;36;24;12
12/02/2018;13:00;15;7;8
12/02/2018;13:15;21;14;7
12/02/2018;13:30;25;11;14
12/02/2018;13:45;33;16;17
12/02/2018;14:00;33;6;27
12/02/2018;14:15;21;12;9
12/02/2018;14:30;15;1;14
12/02/2018;14:45;24;5;19
12/02/2018;15:00;16;7;9
12/02/2018;15:15;27;7;20
12/02/2018;15:30;25;1;24
12/02/2018;15:45;41;7;34
12/02/2018;16:00;49;5;44
12/02/2018;16:15;68;7;61
12/02/2018;16:30;35;8;27
12/02/2018;16:45;46;5;41
12/02/2018;17:00;38;4;34
12/02/2018;17:15;24;5;19
12/02/2018;17:30;28;4;24
12/02/2018;17:45;24;4;20
12/02/2018;18:00;29;9;20
12/02/2018;18:15;18;4;14
12/02/2018;18:30;18;2;16
12/02/2018;18:45;22;2;20
12/02/2018;19:00;23;4;19
12/02/2018;19:15;11;3;8
12/02/2018;19:30;9;1;8
12/02/2018;19:45;6;0;6
12/02/2018;20:00;17;5;12
12/02/2018;20:15;12;0;12
12/02/2018;20:30;9;2;7
12/02/2018;20:45;12;2;10
12/02/2018;21:00;10;2;8
12/02/2018;21:15;13;2;11
12/02/2018;21:30;8;1;7
12/02/2018;21:45;6;0;6
12/02/2018;22:00;15;5;10
12/02/2018;22:15;8;1;7
12/02/2018;22:30;5;2;3
12/02/2018;22:45;6;0;6
12/02/2018;23:00;11;1;10
12/02/2018;23:15;8;3;5
12/02/2018;23:30;8;1;7
12/02/2018;23:45;2;0;2
13/02/2018;00:00;7;1;6
13/02/2018;00:15;3;1;2
13/02/2018;00:30;2;0;2
13/02/2018;00:45;2;1;1
13/02/2018;01:00;1;0;1
13/02/2018;01:15;1;0;1
13/02/2018;01:30;1;0;1
13/02/2018;01:45;3;0;3
13/02/2018;02:00;0;0;0
13/02/2018;02:15;0;0;0
13/02/2018;02:30;0;0;0
13/02/2018;02:45;0;0;0
13/02/2018;03:00;2;0;2
13/02/2018;03:15;1;0;1
13/02/2018;03:30;0;0;0
13/02/2018;03:45;0;0;0
13/02/2018;04:00;1;1;0
13/02/2018;04:15;0;0;0
13/02/2018;04:30;4;1;3
13/02/2018;04:45;0;0;0
13/02/2018;05:00;2;0;2
13/02/2018;05:15;1;0;1
13/02/2018;05:30;11;4;7
13/02/2018;05:45;6;5;1
13/02/2018;06:00;10;5;5
13/02/2018;06:15;7;4;3
13/02/2018;06:30;19;7;12
13/02/2018;06:45;22;13;9
13/02/2018;07:00;29;13;16
13/02/2018;07:15;31;12;19
13/02/2018;07:30;47;20;27
13/02/2018;07:45;60;26;34
13/02/2018;08:00;54;33;21
13/02/2018;08:15;70;38;32
13/02/2018;08:30;59;26;33
13/02/2018;08:45;63;39;24
13/02/2018;09:00;50;26;24
13/02/2018;09:15;45;22;23
13/02/2018;09:30;21;12;9
13/02/2018;09:45;39;25;14
13/02/2018;10:00;31;13;18
13/02/2018;10:15;30;10;20
13/02/2018;10:30;32;15;17
13/02/2018;10:45;31;8;23
13/02/2018;11:00;39;16;23
13/02/2018;11:15;31;9;22
13/02/2018;11:30;33;9;24
13/02/2018;11:45;48;16;32
13/02/2018;12:00;32;11;21
13/02/2018;12:15;50;16;34
13/02/2018;12:30;42;10;32
13/02/2018;12:45;59;13;46
13/02/2018;13:00;57;14;43
13/02/2018;13:15;51;15;36
13/02/2018;13:30;51;16;35
13/02/2018;13:45;65;21;44
13/02/2018;14:00;35;13;22
13/02/2018;14:15;50;10;40
13/02/2018;14:30;50;10;40
13/02/2018;14:45;59;15;44
13/02/2018;15:00;63;14;49
13/02/2018;15:15;55;13;42
13/02/2018;15:30;60;15;45
13/02/2018;15:45;60;14;46
13/02/2018;16:00;91;15;76
13/02/2018;16:15;99;24;75
13/02/2018;16:30;111;21;90
13/02/2018;16:45;94;20;74
13/02/2018;17:00;93;12;81
13/02/2018;17:15;97;15;82
13/02/2018;17:30;81;25;56
13/02/2018;17:45;115;31;84
13/02/2018;18:00;93;21;72
13/02/2018;18:15;88;17;71
13/02/2018;18:30;64;11;53
13/02/2018;18:45;64;10;54
13/02/2018;19:00;46;7;39
13/02/2018;19:15;55;12;43
13/02/2018;19:30;43;10;33
13/02/2018;19:45;42;9;33
13/02/2018;20:00;39;6;33
13/02/2018;20:15;37;7;30
13/02/2018;20:30;19;2;17
13/02/2018;20:45;29;3;26
13/02/2018;21:00;21;3;18
13/02/2018;21:15;20;2;18
13/02/2018;21:30;23;8;15
13/02/2018;21:45;12;4;8
13/02/2018;22:00;17;5;12
13/02/2018;22:15;31;11;20
13/02/2018;22:30;15;4;11
13/02/2018;22:45;12;2;10
13/02/2018;23:00;9;6;3
13/02/2018;23:15;10;0;10
13/02/2018;23:30;0;0;0
13/02/2018;23:45;2;0;2
14/02/2018;00:00;2;0;2
14/02/2018;00:15;1;0;1
14/02/2018;00:30;3;2;1
14/02/2018;00:45;1;0;1
14/02/2018;01:00;6;3;3
14/02/2018;01:15;1;0;1
14/02/2018;01:30;0;0;0
14/02/2018;01:45;1;0;1
14/02/2018;02:00;4;1;3
14/02/2018;02:15;1;1;0
14/02/2018;02:30;0;0;0
14/02/2018;02:45;2;0;2
14/02/2018;03:00;0;0;0
14/02/2018;03:15;0;0;0
14/02/2018;03:30;2;0;2
14/02/2018;03:45;2;2;0
14/02/2018;04:00;0;0;0
14/02/2018;04:15;2;1;1
14/02/2018;04:30;3;1;2
14/02/2018;04:45;3;2;1
14/02/2018;05:00;1;0;1
14/02/2018;05:15;4;2;2
14/02/2018;05:30;10;3;7
14/02/2018;05:45;12;8;4
14/02/2018;06:00;13;6;7
14/02/2018;06:15;6;1;5
14/02/2018;06:30;25;6;19
14/02/2018;06:45;24;11;13
14/02/2018;07:00;42;22;20
14/02/2018;07:15;47;18;29
14/02/2018;07:30;73;39;34
14/02/2018;07:45;97;50;47
14/02/2018;08:00;77;39;38
14/02/2018;08:15;94;44;50
14/02/2018;08:30;73;36;37
14/02/2018;08:45;82;40;42
14/02/2018;09:00;52;29;23
14/02/2018;09:15;46;25;21
14/02/2018;09:30;44;23;21
14/02/2018;09:45;35;15;20
14/02/2018;10:00;39;25;14
14/02/2018;10:15;29;16;13
14/02/2018;10:30;29;12;17
14/02/2018;10:45;46;21;25
14/02/2018;11:00;35;14;21
14/02/2018;11:15;38;9;29
14/02/2018;11:30;42;16;26
14/02/2018;11:45;40;15;25
14/02/2018;12:00;43;13;30
14/02/2018;12:15;51;18;33
14/02/2018;12:30;50;10;40
14/02/2018;12:45;48;16;32
14/02/2018;13:00;57;12;45
14/02/2018;13:15;51;14;37
14/02/2018;13:30;72;14;58
14/02/2018;13:45;68;17;51
14/02/2018;14:00;58;12;46
14/02/2018;14:15;55;11;44
14/02/2018;14:30;61;25;36
14/02/2018;14:45;54;9;45
14/02/2018;15:00;49;13;36
14/02/2018;15:15;62;14;48
14/02/2018;15:30;61;14;47
14/02/2018;15:45;97;21;76
14/02/2018;16:00;84;15;69
14/02/2018;16:15;71;18;53
14/02/2018;16:30;112;17;95
14/02/2018;16:45;95;18;77
14/02/2018;17:00;97;15;82
14/02/2018;17:15;105;10;95
14/02/2018;17:30;99;21;78
14/02/2018;17:45;82;16;66
14/02/2018;18:00;96;13;83
14/02/2018;18:15;69;20;49
14/02/2018;18:30;71;19;52
14/02/2018;18:45;82;16;66
14/02/2018;19:00;58;15;43
14/02/2018;19:15;75;13;62
14/02/2018;19:30;48;8;40
14/02/2018;19:45;36;11;25
14/02/2018;20:00;57;13;44
14/02/2018;20:15;40;9;31
14/02/2018;20:30;37;9;28
14/02/2018;20:45;20;4;16
14/02/2018;21:00;27;8;19
14/02/2018;21:15;19;4;15
14/02/2018;21:30;25;8;17
14/02/2018;21:45;27;9;18
14/02/2018;22:00;16;4;12
14/02/2018;22:15;18;2;16
14/02/2018;22:30;19;3;16
14/02/2018;22:45;8;1;7
14/02/2018;23:00;30;4;26
14/02/2018;23:15;8;2;6
14/02/2018;23:30;2;0;2
14/02/2018;23:45;8;1;7
15/02/2018;00:00;2;0;2
15/02/2018;00:15;6;0;6
15/02/2018;00:30;4;3;1
15/02/2018;00:45;2;1;1
15/02/2018;01:00;2;1;1
15/02/2018;01:15;4;0;4
15/02/2018;01:30;0;0;0
15/02/2018;01:45;1;0;1
15/02/2018;02:00;1;0;1
15/02/2018;02:15;1;0;1
15/02/2018;02:30;0;0;0
15/02/2018;02:45;0;0;0
15/02/2018;03:00;2;0;2
15/02/2018;03:15;1;0;1
15/02/2018;03:30;1;0;1
15/02/2018;03:45;1;0;1
15/02/2018;04:00;8;3;5
15/02/2018;04:15;1;1;0
15/02/2018;04:30;3;2;1
15/02/2018;04:45;1;0;1
15/02/2018;05:00;1;0;1
15/02/2018;05:15;1;0;1
15/02/2018;05:30;9;3;6
15/02/2018;05:45;4;2;2
15/02/2018;06:00;4;2;2
15/02/2018;06:15;14;3;11
15/02/2018;06:30;11;4;7
15/02/2018;06:45;16;11;5
15/02/2018;07:00;17;10;7
15/02/2018;07:15;25;13;12
15/02/2018;07:30;32;22;10
15/02/2018;07:45;45;25;20
15/02/2018;08:00;43;16;27
15/02/2018;08:15;41;23;18
15/02/2018;08:30;40;23;17
15/02/2018;08:45;50;26;24
15/02/2018;09:00;45;25;20
15/02/2018;09:15;33;14;19
15/02/2018;09:30;26;12;14
15/02/2018;09:45;23;9;14
15/02/2018;10:00;16;8;8
15/02/2018;10:15;12;6;6
15/02/2018;10:30;18;4;14
15/02/2018;10:45;9;4;5
15/02/2018;11:00;14;8;6
15/02/2018;11:15;12;6;6
15/02/2018;11:30;19;8;11
15/02/2018;11:45;15;5;10
15/02/2018;12:00;24;10;14
15/02/2018;12:15;21;6;15
15/02/2018;12:30;25;10;15
15/02/2018;12:45;22;10;12
15/02/2018;13:00;25;6;19
15/02/2018;13:15;44;5;39
15/02/2018;13:30;29;7;22
15/02/2018;13:45;27;8;19
15/02/2018;14:00;28;7;21
15/02/2018;14:15;23;5;18
15/02/2018;14:30;23;10;13
15/02/2018;14:45;27;7;20
15/02/2018;15:00;34;8;26
15/02/2018;15:15;32;6;26
15/02/2018;15:30;42;8;34
15/02/2018;15:45;48;5;43
15/02/2018;16:00;39;3;36
15/02/2018;16:15;45;8;37
15/02/2018;16:30;47;9;38
15/02/2018;16:45;62;16;46
15/02/2018;17:00;68;13;55
15/02/2018;17:15;65;16;49
15/02/2018;17:30;59;17;42
15/02/2018;17:45;62;12;50
15/02/2018;18:00;63;14;49
15/02/2018;18:15;60;6;54
15/02/2018;18:30;57;12;45
15/02/2018;18:45;58;9;49
15/02/2018;19:00;34;1;33
15/02/2018;19:15;36;6;30
15/02/2018;19:30;43;10;33
15/02/2018;19:45;31;5;26
15/02/2018;20:00;29;5;24
15/02/2018;20:15;28;3;25
15/02/2018;20:30;15;4;11
15/02/2018;20:45;24;7;17
15/02/2018;21:00;16;3;13
15/02/2018;21:15;17;2;15
15/02/2018;21:30;20;5;15
15/02/2018;21:45;21;6;15
15/02/2018;22:00;12;1;11
15/02/2018;22:15;28;3;25
15/02/2018;22:30;16;7;9
15/02/2018;22:45;8;0;8
15/02/2018;23:00;7;1;6
15/02/2018;23:15;10;3;7
15/02/2018;23:30;10;1;9
15/02/2018;23:45;13;4;9
16/02/2018;00:00;3;0;3
16/02/2018;00:15;3;1;2
16/02/2018;00:30;2;0;2
16/02/2018;00:45;5;1;4
16/02/2018;01:00;0;0;0
16/02/2018;01:15;3;0;3
16/02/2018;01:30;2;1;1
16/02/2018;01:45;0;0;0
16/02/2018;02:00;1;0;1
16/02/2018;02:15;0;0;0
16/02/2018;02:30;0;0;0
16/02/2018;02:45;1;0;1
16/02/2018;03:00;0;0;0
16/02/2018;03:15;1;0;1
16/02/2018;03:30;0;0;0
16/02/2018;03:45;2;0;2
16/02/2018;04:00;0;0;0
16/02/2018;04:15;0;0;0
16/02/2018;04:30;6;3;3
16/02/2018;04:45;0;0;0
16/02/2018;05:00;1;0;1
16/02/2018;05:15;1;0;1
16/02/2018;05:30;8;1;7
16/02/2018;05:45;4;2;2
16/02/2018;06:00;9;5;4
16/02/2018;06:15;14;7;7
16/02/2018;06:30;22;6;16
16/02/2018;06:45;27;16;11
16/02/2018;07:00;29;14;15
16/02/2018;07:15;42;16;26
16/02/2018;07:30;49;27;22
16/02/2018;07:45;82;52;30
16/02/2018;08:00;45;23;22
16/02/2018;08:15;69;34;35
16/02/2018;08:30;69;39;30
16/02/2018;08:45;57;27;30
16/02/2018;09:00;47;28;19
16/02/2018;09:15;44;21;23
16/02/2018;09:30;39;21;18
16/02/2018;09:45;42;20;22
16/02/2018;10:00;20;9;11
16/02/2018;10:15;30;13;17
16/02/2018;10:30;24;9;15
16/02/2018;10:45;38;10;28
16/02/2018;11:00;27;8;19
16/02/2018;11:15;29;11;18
16/02/2018;11:30;46;15;31
16/02/2018;11:45;37;7;30
16/02/2018;12:00;46;12;34
16/02/2018;12:15;49;17;32
16/02/2018;12:30;42;8;34
16/02/2018;12:45;70;22;48
16/02/2018;13:00;58;10;48
16/02/2018;13:15;72;18;54
16/02/2018;13:30;64;15;49
16/02/2018;13:45;66;12;54
16/02/2018;14:00;74;17;57
16/02/2018;14:15;68;15;53
16/02/2018;14:30;57;10;47
16/02/2018;14:45;86;20;66
16/02/2018;15:00;55;12;43
16/02/2018;15:15;77;12;65
16/02/2018;15:30;68;21;47
16/02/2018;15:45;70;17;53
16/02/2018;16:00;81;21;60
16/02/2018;16:15;75;20;55
16/02/2018;16:30;80;16;64
16/02/2018;16:45;92;16;76
16/02/2018;17:00;83;15;68
16/02/2018;17:15;82;11;71
16/02/2018;17:30;81;16;65
16/02/2018;17:45;54;11;43
16/02/2018;18:00;77;18;59
16/02/2018;18:15;73;13;60
16/02/2018;18:30;51;17;34
16/02/2018;18:45;58;9;49
16/02/2018;19:00;68;18;50
16/02/2018;19:15;42;10;32
16/02/2018;19:30;42;8;34
16/02/2018;19:45;37;9;28
16/02/2018;20:00;33;8;25
16/02/2018;20:15;35;8;27
16/02/2018;20:30;23;5;18
16/02/2018;20:45;31;2;29
16/02/2018;21:00;30;6;24
16/02/2018;21:15;18;4;14
16/02/2018;21:30;19;3;16
16/02/2018;21:45;17;4;13
16/02/2018;22:00;21;6;15
16/02/2018;22:15;13;3;10
16/02/2018;22:30;17;4;13
16/02/2018;22:45;14;2;12
16/02/2018;23:00;12;2;10
16/02/2018;23:15;8;1;7
16/02/2018;23:30;17;3;14
16/02/2018;23:45;17;0;17
17/02/2018;00:00;9;2;7
17/02/2018;00:15;9;2;7
17/02/2018;00:30;12;4;8
17/02/2018;00:45;5;3;2
17/02/2018;01:00;6;0;6
17/02/2018;01:15;10;4;6
17/02/2018;01:30;7;1;6
17/02/2018;01:45;3;0;3
17/02/2018;02:00;6;0;6
17/02/2018;02:15;1;0;1
17/02/2018;02:30;4;0;4
17/02/2018;02:45;1;0;1
17/02/2018;03:00;2;1;1
17/02/2018;03:15;0;0;0
17/02/2018;03:30;3;0;3
17/02/2018;03:45;0;0;0
17/02/2018;04:00;2;2;0
17/02/2018;04:15;0;0;0
17/02/2018;04:30;1;0;1
17/02/2018;04:45;1;0;1
17/02/2018;05:00;1;0;1
17/02/2018;05:15;2;1;1
17/02/2018;05:30;5;1;4
17/02/2018;05:45;3;1;2
17/02/2018;06:00;2;1;1
17/02/2018;06:15;4;1;3
17/02/2018;06:30;1;0;1
17/02/2018;06:45;2;2;0
17/02/2018;07:00;2;1;1
17/02/2018;07:15;5;1;4
17/02/2018;07:30;4;1;3
17/02/2018;07:45;6;4;2
17/02/2018;08:00;8;2;6
17/02/2018;08:15;8;2;6
17/02/2018;08:30;17;4;13
17/02/2018;08:45;23;9;14
17/02/2018;09:00;17;11;6
17/02/2018;09:15;21;11;10
17/02/2018;09:30;18;9;9
17/02/2018;09:45;27;15;12
17/02/2018;10:00;34;20;14
17/02/2018;10:15;30;13;17
17/02/2018;10:30;19;9;10
17/02/2018;10:45;34;17;17
17/02/2018;11:00;36;10;26
17/02/2018;11:15;33;14;19
17/02/2018;11:30;36;12;24
17/02/2018;11:45;42;22;20
17/02/2018;12:00;46;18;28
17/02/2018;12:15;43;16;27
17/02/2018;12:30;48;14;34
17/02/2018;12:45;31;6;25
17/02/2018;13:00;43;18;25
17/02/2018;13:15;37;9;28
17/02/2018;13:30;38;11;27
17/02/2018;13:45;57;15;42
17/02/2018;14:00;37;9;28
17/02/2018;14:15;36;8;28
17/02/2018;14:30;56;26;30
17/02/2018;14:45;41;10;31
17/02/2018;15:00;37;12;25
17/02/2018;15:15;57;21;36
17/02/2018;15:30;55;15;40
17/02/2018;15:45;35;9;26
17/02/2018;16:00;38;11;27
17/02/2018;16:15;49;5;44
17/02/2018;16:30;44;9;35
17/02/2018;16:45;48;10;38
17/02/2018;17:00;48;9;39
17/02/2018;17:15;48;9;39
17/02/2018;17:30;49;5;44
17/02/2018;17:45;40;11;29
17/02/2018;18:00;28;5;23
17/02/2018;18:15;41;10;31
17/02/2018;18:30;37;4;33
17/02/2018;18:45;24;6;18
17/02/2018;19:00;28;7;21
17/02/2018;19:15;34;7;27
17/02/2018;19:30;19;5;14
17/02/2018;19:45;16;2;14
17/02/2018;20:00;25;6;19
17/02/2018;20:15;8;0;8
17/02/2018;20:30;19;6;13
17/02/2018;20:45;11;2;9
17/02/2018;21:00;16;5;11
17/02/2018;21:15;8;2;6
17/02/2018;21:30;4;0;4
17/02/2018;21:45;8;2;6
17/02/2018;22:00;12;4;8
17/02/2018;22:15;7;0;7
17/02/2018;22:30;14;0;14
17/02/2018;22:45;7;3;4
17/02/2018;23:00;10;1;9
17/02/2018;23:15;7;1;6
17/02/2018;23:30;12;5;7
17/02/2018;23:45;9;5;4
18/02/2018;00:00;9;1;8
18/02/2018;00:15;9;4;5
18/02/2018;00:30;4;2;2
18/02/2018;00:45;8;1;7
18/02/2018;01:00;5;1;4
18/02/2018;01:15;3;0;3
18/02/2018;01:30;5;1;4
18/02/2018;01:45;4;0;4
18/02/2018;02:00;3;1;2
18/02/2018;02:15;10;1;9
18/02/2018;02:30;4;0;4
18/02/2018;02:45;5;2;3
18/02/2018;03:00;2;0;2
18/02/2018;03:15;2;0;2
18/02/2018;03:30;2;1;1
18/02/2018;03:45;2;0;2
18/02/2018;04:00;2;0;2
18/02/2018;04:15;1;0;1
18/02/2018;04:30;1;1;0
18/02/2018;04:45;1;1;0
18/02/2018;05:00;1;1;0
18/02/2018;05:15;1;1;0
18/02/2018;05:30;0;0;0
18/02/2018;05:45;2;0;2
18/02/2018;06:00;4;2;2
18/02/2018;06:15;4;0;4
18/02/2018;06:30;4;0;4
18/02/2018;06:45;1;1;0
18/02/2018;07:00;1;1;0
18/02/2018;07:15;0;0;0
18/02/2018;07:30;3;1;2
18/02/2018;07:45;1;1;0
18/02/2018;08:00;0;0;0
18/02/2018;08:15;3;0;3
18/02/2018;08:30;7;2;5
18/02/2018;08:45;12;1;11
18/02/2018;09:00;6;2;4
18/02/2018;09:15;8;6;2
18/02/2018;09:30;9;2;7
18/02/2018;09:45;20;4;16
18/02/2018;10:00;17;6;11
18/02/2018;10:15;11;5;6
18/02/2018;10:30;24;8;16
18/02/2018;10:45;33;9;24
18/02/2018;11:00;23;5;18
18/02/2018;11:15;26;7;19
18/02/2018;11:30;27;8;19
18/02/2018;11:45;32;13;19
18/02/2018;12:00;35;15;20
18/02/2018;12:15;28;5;23
18/02/2018;12:30;46;11;35
18/02/2018;12:45;53;5;48
18/02/2018;13:00;44;5;39
18/02/2018;13:15;54;8;46
18/02/2018;13:30;59;13;46
18/02/2018;13:45;44;8;36
18/02/2018;14:00;61;18;43
18/02/2018;14:15;52;8;44
18/02/2018;14:30;66;12;54
18/02/2018;14:45;69;13;56
18/02/2018;15:00;49;11;38
18/02/2018;15:15;57;14;43
18/02/2018;15:30;58;16;42
18/02/2018;15:45;71;27;44
18/02/2018;16:00;37;14;23
18/02/2018;16:15;32;10;22
18/02/2018;16:30;43;12;31
18/02/2018;16:45;43;15;28
18/02/2018;17:00;45;13;32
18/02/2018;17:15;38;9;29
18/02/2018;17:30;48;23;25
18/02/2018;17:45;43;24;19
18/02/2018;18:00;22;9;13
18/02/2018;18:15;13;6;7
18/02/2018;18:30;14;4;10
18/02/2018;18:45;17;4;13
18/02/2018;19:00;13;4;9
18/02/2018;19:15;14;2;12
18/02/2018;19:30;9;2;7
18/02/2018;19:45;14;3;11
18/02/2018;20:00;11;3;8
18/02/2018;20:15;19;4;15
18/02/2018;20:30;17;1;16
18/02/2018;20:45;8;3;5
18/02/2018;21:00;13;2;11
18/02/2018;21:15;10;0;10
18/02/2018;21:30;14;0;14
18/02/2018;21:45;10;1;9
18/02/2018;22:00;12;4;8
18/02/2018;22:15;6;1;5
18/02/2018;22:30;5;1;4
18/02/2018;22:45;10;4;6
18/02/2018;23:00;4;1;3
18/02/2018;23:15;2;0;2
18/02/2018;23:30;2;0;2
18/02/2018;23:45;4;2;2
19/02/2018;00:00;1;0;1
19/02/2018;00:15;1;0;1
19/02/2018;00:30;1;0;1
19/02/2018;00:45;3;0;3
19/02/2018;01:00;0;0;0
19/02/2018;01:15;2;0;2
19/02/2018;01:30;1;1;0
19/02/2018;01:45;1;0;1
19/02/2018;02:00;2;0;2
19/02/2018;02:15;0;0;0
19/02/2018;02:30;0;0;0
19/02/2018;02:45;0;0;0
19/02/2018;03:00;0;0;0
19/02/2018;03:15;2;0;2
19/02/2018;03:30;2;2;0
19/02/2018;03:45;0;0;0
19/02/2018;04:00;0;0;0
19/02/2018;04:15;0;0;0
19/02/2018;04:30;2;2;0
19/02/2018;04:45;4;1;3
19/02/2018;05:00;1;0;1
19/02/2018;05:15;5;2;3
19/02/2018;05:30;8;3;5
19/02/2018;05:45;10;7;3
19/02/2018;06:00;11;5;6
19/02/2018;06:15;19;12;7
19/02/2018;06:30;19;7;12
19/02/2018;06:45;26;10;16
19/02/2018;07:00;38;18;20
19/02/2018;07:15;41;17;24
19/02/2018;07:30;69;32;37
19/02/2018;07:45;97;61;36
19/02/2018;08:00;59;30;29
19/02/2018;08:15;75;39;36
19/02/2018;08:30;68;36;32
19/02/2018;08:45;82;46;36
19/02/2018;09:00;54;27;27
19/02/2018;09:15;49;30;19
19/02/2018;09:30;36;12;24
19/02/2018;09:45;26;16;10
19/02/2018;10:00;33;20;13
19/02/2018;10:15;17;3;14
19/02/2018;10:30;35;14;21
19/02/2018;10:45;33;14;19
19/02/2018;11:00;32;15;17
19/02/2018;11:15;36;9;27
19/02/2018;11:30;29;12;17
19/02/2018;11:45;35;15;20
19/02/2018;12:00;33;11;22
19/02/2018;12:15;39;13;26
19/02/2018;12:30;32;8;24
19/02/2018;12:45;37;14;23
19/02/2018;13:00;48;10;38
19/02/2018;13:15;47;8;39
19/02/2018;13:30;58;14;44
19/02/2018;13:45;46;16;30
19/02/2018;14:00;64;13;51
19/02/2018;14:15;69;10;59
19/02/2018;14:30;45;6;39
19/02/2018;14:45;59;7;52
19/02/2018;15:00;51;11;40
19/02/2018;15:15;57;13;44
19/02/2018;15:30;78;11;67
19/02/2018;15:45;74;11;63
19/02/2018;16:00;76;7;69
19/02/2018;16:15;98;14;84
19/02/2018;16:30;70;11;59
19/02/2018;16:45;96;16;80
19/02/2018;17:00;83;11;72
19/02/2018;17:15;109;19;90
19/02/2018;17:30;113;18;95
19/02/2018;17:45;92;21;71
19/02/2018;18:00;89;23;66
19/02/2018;18:15;82;14;68
19/02/2018;18:30;75;14;61
19/02/2018;18:45;65;14;51
19/02/2018;19:00;60;5;55
19/02/2018;19:15;48;12;36
19/02/2018;19:30;56;11;45
19/02/2018;19:45;33;4;29
19/02/2018;20:00;36;7;29
19/02/2018;20:15;41;8;33
19/02/2018;20:30;26;5;21
19/02/2018;20:45;25;5;20
19/02/2018;21:00;17;2;15
19/02/2018;21:15;27;9;18
19/02/2018;21:30;20;1;19
19/02/2018;21:45;15;1;14
19/02/2018;22:00;18;7;11
19/02/2018;22:15;20;4;16
19/02/2018;22:30;13;4;9
19/02/2018;22:45;6;1;5
19/02/2018;23:00;14;1;13
19/02/2018;23:15;19;6;13
19/02/2018;23:30;6;2;4
19/02/2018;23:45;1;0;1
20/02/2018;00:00;3;0;3
20/02/2018;00:15;3;0;3
20/02/2018;00:30;2;0;2
20/02/2018;00:45;2;1;1
20/02/2018;01:00;4;0;4
20/02/2018;01:15;2;1;1
20/02/2018;01:30;1;0;1
20/02/2018;01:45;1;0;1
20/02/2018;02:00;3;0;3
20/02/2018;02:15;0;0;0
20/02/2018;02:30;0;0;0
20/02/2018;02:45;0;0;0
20/02/2018;03:00;1;0;1
20/02/2018;03:15;2;0;2
20/02/2018;03:30;0;0;0
20/02/2018;03:45;0;0;0
20/02/2018;04:00;1;0;1
20/02/2018;04:15;3;2;1
20/02/2018;04:30;5;2;3
20/02/2018;04:45;3;1;2
20/02/2018;05:00;3;0;3
20/02/2018;05:15;4;2;2
20/02/2018;05:30;11;1;10
20/02/2018;05:45;8;6;2
20/02/2018;06:00;8;3;5
20/02/2018;06:15;14;8;6
20/02/2018;06:30;21;8;13
20/02/2018;06:45;44;19;25
20/02/2018;07:00;33;17;16
20/02/2018;07:15;43;12;31
20/02/2018;07:30;76;42;34
20/02/2018;07:45;105;67;38
20/02/2018;08:00;73;35;38
20/02/2018;08:15;64;34;30
20/02/2018;08:30;77;45;32
20/02/2018;08:45;75;40;35
20/02/2018;09:00;43;20;23
20/02/2018;09:15;40;22;18
20/02/2018;09:30;50;27;23
20/02/2018;09:45;36;21;15
20/02/2018;10:00;24;5;19
20/02/2018;10:15;25;13;12
20/02/2018;10:30;25;12;13
20/02/2018;10:45;33;12;21
20/02/2018;11:00;41;16;25
20/02/2018;11:15;39;14;25
20/02/2018;11:30;33;10;23
20/02/2018;11:45;48;13;35
20/02/2018;12:00;35;6;29
20/02/2018;12:15;40;6;34
20/02/2018;12:30;36;11;25
20/02/2018;12:45;41;15;26
20/02/2018;13:00;60;18;42
20/02/2018;13:15;51;6;45
20/02/2018;13:30;53;12;41
20/02/2018;13:45;57;15;42
20/02/2018;14:00;54;13;41
20/02/2018;14:15;52;15;37
20/02/2018;14:30;46;8;38
20/02/2018;14:45;44;8;36
20/02/2018;15:00;57;14;43
20/02/2018;15:15;66;13;53
20/02/2018;15:30;77;23;54
20/02/2018;15:45;71;12;59
20/02/2018;16:00;86;15;71
20/02/2018;16:15;95;22;73
20/02/2018;16:30;89;21;68
20/02/2018;16:45;87;12;75
20/02/2018;17:00;107;21;86
20/02/2018;17:15;123;25;98
20/02/2018;17:30;120;19;101
20/02/2018;17:45;98;24;74
20/02/2018;18:00;103;16;87
20/02/2018;18:15;89;19;70
20/02/2018;18:30;80;10;70
20/02/2018;18:45;82;21;61
20/02/2018;19:00;67;9;58
20/02/2018;19:15;55;15;40
20/02/2018;19:30;50;13;37
20/02/2018;19:45;49;10;39
20/02/2018;20:00;44;10;34
20/02/2018;20:15;41;3;38
20/02/2018;20:30;31;3;28
20/02/2018;20:45;25;5;20
20/02/2018;21:00;33;2;31
20/02/2018;21:15;33;8;25
20/02/2018;21:30;21;2;19
20/02/2018;21:45;23;3;20
20/02/2018;22:00;25;4;21
20/02/2018;22:15;24;9;15
20/02/2018;22:30;17;10;7
20/02/2018;22:45;15;3;12
20/02/2018;23:00;13;2;11
20/02/2018;23:15;10;1;9
20/02/2018;23:30;10;3;7
20/02/2018;23:45;6;0;6
21/02/2018;00:00;5;0;5
21/02/2018;00:15;3;0;3
21/02/2018;00:30;3;1;2
21/02/2018;00:45;1;0;1
21/02/2018;01:00;2;0;2
21/02/2018;01:15;0;0;0
21/02/2018;01:30;1;0;1
21/02/2018;01:45;2;1;1
21/02/2018;02:00;1;1;0
21/02/2018;02:15;2;0;2
21/02/2018;02:30;1;0;1
21/02/2018;02:45;1;0;1
21/02/2018;03:00;1;0;1
21/02/2018;03:15;1;0;1
21/02/2018;03:30;0;0;0
21/02/2018;03:45;1;0;1
21/02/2018;04:00;0;0;0
21/02/2018;04:15;1;1;0
21/02/2018;04:30;6;3;3
21/02/2018;04:45;3;1;2
21/02/2018;05:00;2;0;2
21/02/2018;05:15;3;2;1
21/02/2018;05:30;5;1;4
21/02/2018;05:45;12;5;7
21/02/2018;06:00;13;5;8
21/02/2018;06:15;13;7;6
21/02/2018;06:30;31;16;15
21/02/2018;06:45;27;11;16
21/02/2018;07:00;42;16;26
21/02/2018;07:15;52;16;36
21/02/2018;07:30;73;43;30
21/02/2018;07:45;92;54;38
21/02/2018;08:00;76;37;39
21/02/2018;08:15;66;38;28
21/02/2018;08:30;81;37;44
21/02/2018;08:45;65;38;27
21/02/2018;09:00;41;22;19
21/02/2018;09:15;50;21;29
21/02/2018;09:30;37;20;17
21/02/2018;09:45;41;20;21
21/02/2018;10:00;33;23;10
21/02/2018;10:15;28;12;16
21/02/2018;10:30;36;7;29
21/02/2018;10:45;41;17;24
21/02/2018;11:00;43;15;28
21/02/2018;11:15;28;9;19
21/02/2018;11:30;45;20;25
21/02/2018;11:45;35;10;25
21/02/2018;12:00;41;12;29
21/02/2018;12:15;55;13;42
21/02/2018;12:30;50;16;34
21/02/2018;12:45;50;10;40
21/02/2018;13:00;61;15;46
21/02/2018;13:15;52;14;38
21/02/2018;13:30;64;13;51
21/02/2018;13:45;73;21;52
21/02/2018;14:00;45;12;33
21/02/2018;14:15;73;9;64
21/02/2018;14:30;61;9;52
21/02/2018;14:45;61;13;48
21/02/2018;15:00;64;18;46
21/02/2018;15:15;75;12;63
21/02/2018;15:30;80;18;62
21/02/2018;15:45;86;18;68
21/02/2018;16:00;105;14;91
21/02/2018;16:15;89;19;70
21/02/2018;16:30;93;25;68
21/02/2018;16:45;103;19;84
21/02/2018;17:00;93;26;67
21/02/2018;17:15;99;15;84
21/02/2018;17:30;116;22;94
21/02/2018;17:45;90;16;74
21/02/2018;18:00;81;18;63
21/02/2018;18:15;95;21;74
21/02/2018;18:30;54;16;38
21/02/2018;18:45;74;13;61
21/02/2018;19:00;62;12;50
21/02/2018;19:15;74;12;62
21/02/2018;19:30;38;10;28
21/02/2018;19:45;30;6;24
21/02/2018;20:00;47;3;44
21/02/2018;20:15;46;7;39
21/02/2018;20:30;31;9;22
21/02/2018;20:45;26;8;18
21/02/2018;21:00;28;7;21
21/02/2018;21:15;32;7;25
21/02/2018;21:30;34;8;26
21/02/2018;21:45;35;9;26
21/02/2018;22:00;28;9;19
21/02/2018;22:15;22;3;19
21/02/2018;22:30;13;1;12
21/02/2018;22:45;11;2;9
21/02/2018;23:00;17;3;14
21/02/2018;23:15;11;1;10
21/02/2018;23:30;5;0;5
21/02/2018;23:45;5;0;5
22/02/2018;00:00;5;1;4
22/02/2018;00:15;3;0;3
22/02/2018;00:30;2;0;2
22/02/2018;00:45;1;0;1
22/02/2018;01:00;4;0;4
22/02/2018;01:15;1;0;1
22/02/2018;01:30;2;0;2
22/02/2018;01:45;1;0;1
22/02/2018;02:00;2;1;1
22/02/2018;02:15;1;0;1
22/02/2018;02:30;2;1;1
22/02/2018;02:45;0;0;0
22/02/2018;03:00;0;0;0
22/02/2018;03:15;1;0;1
22/02/2018;03:30;0;0;0
22/02/2018;03:45;1;0;1
22/02/2018;04:00;0;0;0
22/02/2018;04:15;1;1;0
22/02/2018;04:30;6;3;3
22/02/2018;04:45;4;1;3
22/02/2018;05:00;3;0;3
22/02/2018;05:15;3;1;2
22/02/2018;05:30;7;2;5
22/02/2018;05:45;9;6;3
22/02/2018;06:00;15;5;10
22/02/2018;06:15;12;5;7
22/02/2018;06:30;27;15;12
22/02/2018;06:45;24;14;10
22/02/2018;07:00;38;13;25
22/02/2018;07:15;57;26;31
22/02/2018;07:30;67;36;31
22/02/2018;07:45;107;66;41
22/02/2018;08:00;72;39;33
22/02/2018;08:15;63;30;33
22/02/2018;08:30;65;35;30
22/02/2018;08:45;93;49;44
22/02/2018;09:00;46;27;19
22/02/2018;09:15;39;23;16
22/02/2018;09:30;39;20;19
22/02/2018;09:45;41;21;20
22/02/2018;10:00;28;13;15
22/02/2018;10:15;25;10;15
22/02/2018;10:30;27;6;21
22/02/2018;10:45;29;11;18
22/02/2018;11:00;23;8;15
22/02/2018;11:15;30;9;21
22/02/2018;11:30;52;19;33
22/02/2018;11:45;42;21;21
22/02/2018;12:00;32;12;20
22/02/2018;12:15;36;8;28
22/02/2018;12:30;47;15;32
22/02/2018;12:45;41;12;29
22/02/2018;13:00;50;8;42
22/02/2018;13:15;58;16;42
22/02/2018;13:30;58;12;46
22/02/2018;13:45;59;17;42
22/02/2018;14:00;61;13;48
22/02/2018;14:15;66;15;51
22/02/2018;14:30;39;8;31
22/02/2018;14:45;58;12;46
22/02/2018;15:00;57;14;43
22/02/2018;15:15;57;8;49
22/02/2018;15:30;69;17;52
22/02/2018;15:45;83;11;72
22/02/2018;16:00;90;19;71
22/02/2018;16:15;92;21;71
22/02/2018;16:30;73;17;56
22/02/2018;16:45;102;21;81
22/02/2018;17:00;86;17;69
22/02/2018;17:15;106;26;80
22/02/2018;17:30;97;18;79
22/02/2018;17:45;99;19;80
22/02/2018;18:00;80;17;63
22/02/2018;18:15;88;21;67
22/02/2018;18:30;73;18;55
22/02/2018;18:45;75;17;58
22/02/2018;19:00;50;6;44
22/02/2018;19:15;70;13;57
22/02/2018;19:30;54;9;45
22/02/2018;19:45;56;12;44
22/02/2018;20:00;43;5;38
22/02/2018;20:15;36;2;34
22/02/2018;20:30;32;10;22
22/02/2018;20:45;35;10;25
22/02/2018;21:00;26;8;18
22/02/2018;21:15;32;3;29
22/02/2018;21:30;25;6;19
22/02/2018;21:45;15;4;11
22/02/2018;22:00;32;2;30
22/02/2018;22:15;31;5;26
22/02/2018;22:30;8;3;5
22/02/2018;22:45;14;4;10
22/02/2018;23:00;14;4;10
22/02/2018;23:15;15;3;12
22/02/2018;23:30;7;0;7
22/02/2018;23:45;10;4;6
23/02/2018;00:00;5;0;5
23/02/2018;00:15;2;0;2
23/02/2018;00:30;4;1;3
23/02/2018;00:45;0;0;0
23/02/2018;01:00;0;0;0
23/02/2018;01:15;1;0;1
23/02/2018;01:30;1;0;1
23/02/2018;01:45;0;0;0
23/02/2018;02:00;5;1;4
23/02/2018;02:15;1;0;1
23/02/2018;02:30;2;1;1
23/02/2018;02:45;1;0;1
23/02/2018;03:00;0;0;0
23/02/2018;03:15;1;0;1
23/02/2018;03:30;2;0;2
23/02/2018;03:45;0;0;0
23/02/2018;04:00;0;0;0
23/02/2018;04:15;1;1;0
23/02/2018;04:30;5;3;2
23/02/2018;04:45;4;1;3
23/02/2018;05:00;0;0;0
23/02/2018;05:15;4;3;1
23/02/2018;05:30;5;1;4
23/02/2018;05:45;10;4;6
23/02/2018;06:00;5;3;2
23/02/2018;06:15;8;4;4
23/02/2018;06:30;22;13;9
23/02/2018;06:45;29;11;18
23/02/2018;07:00;33;13;20
23/02/2018;07:15;46;22;24
23/02/2018;07:30;60;27;33
23/02/2018;07:45;69;47;22
23/02/2018;08:00;51;26;25
23/02/2018;08:15;65;33;32
23/02/2018;08:30;66;34;32
23/02/2018;08:45;65;24;41
23/02/2018;09:00;46;25;21
23/02/2018;09:15;46;33;13
23/02/2018;09:30;41;16;25
23/02/2018;09:45;31;17;14
23/02/2018;10:00;24;10;14
23/02/2018;10:15;25;7;18
23/02/2018;10:30;25;12;13
23/02/2018;10:45;36;18;18
23/02/2018;11:00;38;18;20
23/02/2018;11:15;32;15;17
23/02/2018;11:30;39;8;31
23/02/2018;11:45;41;18;23
23/02/2018;12:00;38;10;28
23/02/2018;12:15;46;10;36
23/02/2018;12:30;48;18;30
23/02/2018;12:45;50;14;36
23/02/2018;13:00;52;16;36
23/02/2018;13:15;68;11;57
23/02/2018;13:30;69;9;60
23/02/2018;13:45;79;23;56
23/02/2018;14:00;68;21;47
23/02/2018;14:15;70;16;54
23/02/2018;14:30;68;14;54
23/02/2018;14:45;72;10;62
23/02/2018;15:00;62;14;48
23/02/2018;15:15;55;11;44
23/02/2018;15:30;56;9;47
23/02/2018;15:45;68;12;56
23/02/2018;16:00;79;21;58
23/02/2018;16:15;66;11;55
23/02/2018;16:30;78;17;61
23/02/2018;16:45;77;22;55
23/02/2018;17:00;72;26;46
23/02/2018;17:15;54;13;41
23/02/2018;17:30;46;7;39
23/02/2018;17:45;77;18;59
23/02/2018;18:00;64;13;51
23/02/2018;18:15;54;14;40
23/02/2018;18:30;65;10;55
23/02/2018;18:45;66;20;46
23/02/2018;19:00;44;16;28
23/02/2018;19:15;49;15;34
23/02/2018;19:30;41;16;25
23/02/2018;19:45;39;15;24
23/02/2018;20:00;42;6;36
23/02/2018;20:15;25;5;20
23/02/2018;20:30;27;7;20
23/02/2018;20:45;20;8;12
23/02/2018;21:00;20;5;15
23/02/2018;21:15;18;3;15
23/02/2018;21:30;11;2;9
23/02/2018;21:45;21;5;16
23/02/2018;22:00;27;5;22
23/02/2018;22:15;25;3;22
23/02/2018;22:30;24;4;20
23/02/2018;22:45;19;4;15
23/02/2018;23:00;13;0;13
23/02/2018;23:15;16;6;10
23/02/2018;23:30;8;0;8
23/02/2018;23:45;15;0;15
24/02/2018;00:00;10;1;9
24/02/2018;00:15;11;2;9
24/02/2018;00:30;6;0;6
24/02/2018;00:45;10;7;3
24/02/2018;01:00;6;0;6
24/02/2018;01:15;5;1;4
24/02/2018;01:30;3;0;3
24/02/2018;01:45;1;0;1
24/02/2018;02:00;1;0;1
24/02/2018;02:15;2;0;2
24/02/2018;02:30;5;0;5
24/02/2018;02:45;1;0;1
24/02/2018;03:00;3;2;1
24/02/2018;03:15;6;1;5
24/02/2018;03:30;2;0;2
24/02/2018;03:45;1;0;1
24/02/2018;04:00;1;0;1
24/02/2018;04:15;3;0;3
24/02/2018;04:30;0;0;0
24/02/2018;04:45;3;1;2
24/02/2018;05:00;0;0;0
24/02/2018;05:15;5;2;3
24/02/2018;05:30;0;0;0
24/02/2018;05:45;0;0;0
24/02/2018;06:00;1;0;1
24/02/2018;06:15;3;1;2
24/02/2018;06:30;3;1;2
24/02/2018;06:45;0;0;0
24/02/2018;07:00;4;1;3
24/02/2018;07:15;8;1;7
24/02/2018;07:30;4;2;2
24/02/2018;07:45;3;1;2
24/02/2018;08:00;6;3;3
24/02/2018;08:15;8;4;4
24/02/2018;08:30;11;4;7
24/02/2018;08:45;18;9;9
24/02/2018;09:00;10;5;5
24/02/2018;09:15;22;11;11
24/02/2018;09:30;24;9;15
24/02/2018;09:45;38;17;21
24/02/2018;10:00;35;8;27
24/02/2018;10:15;36;12;24
24/02/2018;10:30;43;21;22
24/02/2018;10:45;37;15;22
24/02/2018;11:00;36;14;22
24/02/2018;11:15;30;15;15
24/02/2018;11:30;32;7;25
24/02/2018;11:45;37;15;22
24/02/2018;12:00;42;16;26
24/02/2018;12:15;52;15;37
24/02/2018;12:30;35;12;23
24/02/2018;12:45;49;17;32
24/02/2018;13:00;60;17;43
24/02/2018;13:15;43;8;35
24/02/2018;13:30;60;22;38
24/02/2018;13:45;59;16;43
24/02/2018;14:00;46;10;36
24/02/2018;14:15;58;20;38
24/02/2018;14:30;61;13;48
24/02/2018;14:45;52;15;37
24/02/2018;15:00;51;11;40
24/02/2018;15:15;62;17;45
24/02/2018;15:30;45;13;32
24/02/2018;15:45;45;12;33
24/02/2018;16:00;63;22;41
24/02/2018;16:15;56;23;33
24/02/2018;16:30;44;12;32
24/02/2018;16:45;47;11;36
24/02/2018;17:00;45;9;36
24/02/2018;17:15;37;7;30
24/02/2018;17:30;40;9;31
24/02/2018;17:45;45;12;33
24/02/2018;18:00;35;7;28
24/02/2018;18:15;30;10;20
24/02/2018;18:30;36;13;23
24/02/2018;18:45;24;12;12
24/02/2018;19:00;34;15;19
24/02/2018;19:15;33;6;27
24/02/2018;19:30;30;5;25
24/02/2018;19:45;21;11;10
24/02/2018;20:00;9;5;4
24/02/2018;20:15;23;4;19
24/02/2018;20:30;16;3;13
24/02/2018;20:45;12;3;9
24/02/2018;21:00;7;2;5
24/02/2018;21:15;8;2;6
24/02/2018;21:30;9;4;5
24/02/2018;21:45;7;1;6
24/02/2018;22:00;12;5;7
24/02/2018;22:15;9;4;5
24/02/2018;22:30;29;6;23
24/02/2018;22:45;14;2;12
24/02/2018;23:00;10;2;8
24/02/2018;23:15;9;1;8
24/02/2018;23:30;18;5;13
24/02/2018;23:45;10;2;8
25/02/2018;00:00;15;1;14
25/02/2018;00:15;5;1;4
25/02/2018;00:30;5;0;5
25/02/2018;00:45;9;1;8
25/02/2018;01:00;4;0;4
25/02/2018;01:15;6;1;5
25/02/2018;01:30;5;0;5
25/02/2018;01:45;5;1;4
25/02/2018;02:00;6;1;5
25/02/2018;02:15;5;0;5
25/02/2018;02:30;8;2;6
25/02/2018;02:45;4;0;4
25/02/2018;03:00;2;0;2
25/02/2018;03:15;1;0;1
25/02/2018;03:30;0;0;0
25/02/2018;03:45;1;1;0
25/02/2018;04:00;2;0;2
25/02/2018;04:15;0;0;0
25/02/2018;04:30;2;0;2
25/02/2018;04:45;4;1;3
25/02/2018;05:00;1;0;1
25/02/2018;05:15;3;3;0
25/02/2018;05:30;3;0;3
25/02/2018;05:45;2;1;1
25/02/2018;06:00;0;0;0
25/02/2018;06:15;2;1;1
25/02/2018;06:30;2;0;2
25/02/2018;06:45;2;0;2
25/02/2018;07:00;3;1;2
25/02/2018;07:15;3;1;2
25/02/2018;07:30;3;1;2
25/02/2018;07:45;1;0;1
25/02/2018;08:00;2;1;1
25/02/2018;08:15;2;0;2
25/02/2018;08:30;5;2;3
25/02/2018;08:45;5;3;2
25/02/2018;09:00;4;1;3
25/02/2018;09:15;8;3;5
25/02/2018;09:30;10;4;6
25/02/2018;09:45;27;10;17
25/02/2018;10:00;15;8;7
25/02/2018;10:15;14;7;7
25/02/2018;10:30;12;5;7
25/02/2018;10:45;24;5;19
25/02/2018;11:00;18;4;14
25/02/2018;11:15;15;3;12
25/02/2018;11:30;26;3;23
25/02/2018;11:45;31;11;20
25/02/2018;12:00;15;2;13
25/02/2018;12:15;22;7;15
25/02/2018;12:30;27;9;18
25/02/2018;12:45;25;1;24
25/02/2018;13:00;34;4;30
25/02/2018;13:15;34;5;29
25/02/2018;13:30;37;8;29
25/02/2018;13:45;40;15;25
25/02/2018;14:00;31;3;28
25/02/2018;14:15;22;8;14
25/02/2018;14:30;35;4;31
25/02/2018;14:45;45;8;37
25/02/2018;15:00;31;5;26
25/02/2018;15:15;33;8;25
25/02/2018;15:30;35;8;27
25/02/2018;15:45;41;12;29
25/02/2018;16:00;22;8;14
25/02/2018;16:15;33;9;24
25/02/2018;16:30;40;12;28
25/02/2018;16:45;28;7;21
25/02/2018;17:00;32;12;20
25/02/2018;17:15;45;26;19
25/02/2018;17:30;32;20;12
25/02/2018;17:45;46;22;24
25/02/2018;18:00;23;8;15
25/02/2018;18:15;25;12;13
25/02/2018;18:30;28;7;21
25/02/2018;18:45;13;6;7
25/02/2018;19:00;17;4;13
25/02/2018;19:15;14;1;13
25/02/2018;19:30;11;3;8
25/02/2018;19:45;14;4;10
25/02/2018;20:00;23;8;15
25/02/2018;20:15;18;4;14
25/02/2018;20:30;10;2;8
25/02/2018;20:45;13;5;8
25/02/2018;21:00;8;1;7
25/02/2018;21:15;10;3;7
25/02/2018;21:30;9;2;7
25/02/2018;21:45;7;1;6
25/02/2018;22:00;8;1;7
25/02/2018;22:15;7;0;7
25/02/2018;22:30;4;0;4
25/02/2018;22:45;3;1;2
25/02/2018;23:00;3;1;2
25/02/2018;23:15;1;0;1
25/02/2018;23:30;2;0;2
25/02/2018;23:45;3;1;2
26/02/2018;00:00;3;0;3
26/02/2018;00:15;0;0;0
26/02/2018;00:30;0;0;0
26/02/2018;00:45;1;0;1
26/02/2018;01:00;0;0;0
26/02/2018;01:15;4;0;4
26/02/2018;01:30;0;0;0
26/02/2018;01:45;1;0;1
26/02/2018;02:00;0;0;0
26/02/2018;02:15;0;0;0
26/02/2018;02:30;1;1;0
26/02/2018;02:45;1;0;1
26/02/2018;03:00;0;0;0
26/02/2018;03:15;1;0;1
26/02/2018;03:30;0;0;0
26/02/2018;03:45;0;0;0
26/02/2018;04:00;0;0;0
26/02/2018;04:15;3;3;0
26/02/2018;04:30;4;2;2
26/02/2018;04:45;2;0;2
26/02/2018;05:00;1;1;0
26/02/2018;05:15;5;2;3
26/02/2018;05:30;5;2;3
26/02/2018;05:45;7;4;3
26/02/2018;06:00;7;2;5
26/02/2018;06:15;13;5;8
26/02/2018;06:30;24;9;15
26/02/2018;06:45;20;8;12
26/02/2018;07:00;37;18;19
26/02/2018;07:15;40;17;23
26/02/2018;07:30;79;54;25
26/02/2018;07:45;85;43;42
26/02/2018;08:00;60;27;33
26/02/2018;08:15;74;37;37
26/02/2018;08:30;70;38;32
26/02/2018;08:45;66;31;35
26/02/2018;09:00;50;26;24
26/02/2018;09:15;28;14;14
26/02/2018;09:30;24;14;10
26/02/2018;09:45;30;19;11
26/02/2018;10:00;24;11;13
26/02/2018;10:15;24;9;15
26/02/2018;10:30;28;8;20
26/02/2018;10:45;32;17;15
26/02/2018;11:00;29;11;18
26/02/2018;11:15;21;6;15
26/02/2018;11:30;29;14;15
26/02/2018;11:45;38;16;22
26/02/2018;12:00;24;5;19
26/02/2018;12:15;36;12;24
26/02/2018;12:30;32;10;22
26/02/2018;12:45;48;19;29
26/02/2018;13:00;32;12;20
26/02/2018;13:15;47;9;38
26/02/2018;13:30;41;11;30
26/02/2018;13:45;54;10;44
26/02/2018;14:00;44;12;32
26/02/2018;14:15;55;10;45
26/02/2018;14:30;40;10;30
26/02/2018;14:45;57;8;49
26/02/2018;15:00;40;14;26
26/02/2018;15:15;41;11;30
26/02/2018;15:30;50;10;40
26/02/2018;15:45;68;10;58
26/02/2018;16:00;63;9;54
26/02/2018;16:15;78;15;63
26/02/2018;16:30;85;19;66
26/02/2018;16:45;57;11;46
26/02/2018;17:00;65;10;55
26/02/2018;17:15;76;11;65
26/02/2018;17:30;73;10;63
26/02/2018;17:45;77;19;58
26/02/2018;18:00;76;15;61
26/02/2018;18:15;67;12;55
26/02/2018;18:30;76;10;66
26/02/2018;18:45;75;19;56
26/02/2018;19:00;51;12;39
26/02/2018;19:15;56;15;41
26/02/2018;19:30;42;7;35
26/02/2018;19:45;32;8;24
26/02/2018;20:00;35;9;26
26/02/2018;20:15;26;6;20
26/02/2018;20:30;27;6;21
26/02/2018;20:45;20;1;19
26/02/2018;21:00;20;5;15
26/02/2018;21:15;13;3;10
26/02/2018;21:30;22;7;15
26/02/2018;21:45;17;1;16
26/02/2018;22:00;24;3;21
26/02/2018;22:15;19;2;17
26/02/2018;22:30;10;2;8
26/02/2018;22:45;8;2;6
26/02/2018;23:00;13;2;11
26/02/2018;23:15;8;1;7
26/02/2018;23:30;7;3;4
26/02/2018;23:45;2;0;2
27/02/2018;00:00;0;0;0
27/02/2018;00:15;3;0;3
27/02/2018;00:30;1;0;1
27/02/2018;00:45;2;0;2
27/02/2018;01:00;2;0;2
27/02/2018;01:15;4;0;4
27/02/2018;01:30;2;0;2
27/02/2018;01:45;2;0;2
27/02/2018;02:00;0;0;0
27/02/2018;02:15;0;0;0
27/02/2018;02:30;1;0;1
27/02/2018;02:45;0;0;0
27/02/2018;03:00;0;0;0
27/02/2018;03:15;1;0;1
27/02/2018;03:30;0;0;0
27/02/2018;03:45;0;0;0
27/02/2018;04:00;0;0;0
27/02/2018;04:15;1;0;1
27/02/2018;04:30;3;1;2
27/02/2018;04:45;1;0;1
27/02/2018;05:00;2;0;2
27/02/2018;05:15;3;3;0
27/02/2018;05:30;9;2;7
27/02/2018;05:45;5;3;2
27/02/2018;06:00;8;1;7
27/02/2018;06:15;9;4;5
27/02/2018;06:30;22;10;12
27/02/2018;06:45;32;15;17
27/02/2018;07:00;27;13;14
27/02/2018;07:15;33;13;20
27/02/2018;07:30;68;40;28
27/02/2018;07:45;82;49;33
27/02/2018;08:00;69;31;38
27/02/2018;08:15;70;37;33
27/02/2018;08:30;73;41;32
27/02/2018;08:45;74;34;40
27/02/2018;09:00;42;15;27
27/02/2018;09:15;29;20;9
27/02/2018;09:30;35;15;20
27/02/2018;09:45;39;24;15
27/02/2018;10:00;26;10;16
27/02/2018;10:15;24;13;11
27/02/2018;10:30;40;14;26
27/02/2018;10:45;26;6;20
27/02/2018;11:00;17;6;11
27/02/2018;11:15;18;5;13
27/02/2018;11:30;31;11;20
27/02/2018;11:45;29;11;18
27/02/2018;12:00;29;8;21
27/02/2018;12:15;33;6;27
27/02/2018;12:30;30;6;24
27/02/2018;12:45;36;8;28
27/02/2018;13:00;32;4;28
27/02/2018;13:15;55;15;40
27/02/2018;13:30;49;14;35
27/02/2018;13:45;38;10;28
27/02/2018;14:00;37;13;24
27/02/2018;14:15;46;12;34
27/02/2018;14:30;38;11;27
27/02/2018;14:45;40;11;29
27/02/2018;15:00;49;9;40
27/02/2018;15:15;43;8;35
27/02/2018;15:30;50;10;40
27/02/2018;15:45;55;10;45
27/02/2018;16:00;51;5;46
27/02/2018;16:15;72;13;59
27/02/2018;16:30;62;10;52
27/02/2018;16:45;61;6;55
27/02/2018;17:00;74;15;59
27/02/2018;17:15;81;11;70
27/02/2018;17:30;67;12;55
27/02/2018;17:45;88;19;69
27/02/2018;18:00;68;8;60
27/02/2018;18:15;67;19;48
27/02/2018;18:30;61;10;51
27/02/2018;18:45;71;18;53
27/02/2018;19:00;43;8;35
27/02/2018;19:15;46;5;41
27/02/2018;19:30;34;6;28
27/02/2018;19:45;38;12;26
27/02/2018;20:00;35;5;30
27/02/2018;20:15;28;5;23
27/02/2018;20:30;32;13;19
27/02/2018;20:45;27;6;21
27/02/2018;21:00;13;0;13
27/02/2018;21:15;13;3;10
27/02/2018;21:30;21;4;17
27/02/2018;21:45;15;3;12
27/02/2018;22:00;28;5;23
27/02/2018;22:15;17;2;15
27/02/2018;22:30;7;0;7
27/02/2018;22:45;10;3;7
27/02/2018;23:00;5;1;4
27/02/2018;23:15;12;3;9
27/02/2018;23:30;9;1;8
27/02/2018;23:45;5;3;2
28/02/2018;00:00;4;1;3
28/02/2018;00:15;2;0;2
28/02/2018;00:30;0;0;0
28/02/2018;00:45;3;0;3
28/02/2018;01:00;4;1;3
28/02/2018;01:15;1;0;1
28/02/2018;01:30;3;0;3
28/02/2018;01:45;1;0;1
28/02/2018;02:00;0;0;0
28/02/2018;02:15;1;0;1
28/02/2018;02:30;0;0;0
28/02/2018;02:45;0;0;0
28/02/2018;03:00;0;0;0
28/02/2018;03:15;1;0;1
28/02/2018;03:30;1;0;1
28/02/2018;03:45;1;0;1
28/02/2018;04:00;0;0;0
28/02/2018;04:15;1;1;0
28/02/2018;04:30;6;4;2
28/02/2018;04:45;0;0;0
28/02/2018;05:00;3;1;2
28/02/2018;05:15;2;2;0
28/02/2018;05:30;9;4;5
28/02/2018;05:45;6;1;5
28/02/2018;06:00;8;1;7
28/02/2018;06:15;11;6;5
28/02/2018;06:30;22;13;9
28/02/2018;06:45;20;8;12
28/02/2018;07:00;31;16;15
28/02/2018;07:15;35;13;22
28/02/2018;07:30;53;26;27
28/02/2018;07:45;69;47;22
28/02/2018;08:00;60;26;34
28/02/2018;08:15;62;35;27
28/02/2018;08:30;59;35;24
28/02/2018;08:45;51;27;24
28/02/2018;09:00;40;23;17
28/02/2018;09:15;42;18;24
28/02/2018;09:30;27;17;10
28/02/2018;09:45;45;31;14
28/02/2018;10:00;29;14;15
28/02/2018;10:15;18;9;9
28/02/2018;10:30;23;12;11
28/02/2018;10:45;33;18;15
28/02/2018;11:00;27;7;20
28/02/2018;11:15;34;10;24
28/02/2018;11:30;15;7;8
28/02/2018;11:45;34;10;24
28/02/2018;12:00;30;7;23
28/02/2018;12:15;29;8;21
28/02/2018;12:30;28;4;24
28/02/2018;12:45;31;9;22
28/02/2018;13:00;35;10;25
28/02/2018;13:15;36;10;26
28/02/2018;13:30;52;13;39
28/02/2018;13:45;42;11;31
28/02/2018;14:00;29;6;23
28/02/2018;14:15;42;10;32
28/02/2018;14:30;23;7;16
28/02/2018;14:45;53;12;41
28/02/2018;15:00;45;16;29
28/02/2018;15:15;55;13;42
28/02/2018;15:30;53;13;40
28/02/2018;15:45;61;15;46
28/02/2018;16:00;45;3;42
28/02/2018;16:15;60;6;54
28/02/2018;16:30;76;19;57
28/02/2018;16:45;73;11;62
28/02/2018;17:00;58;5;53
28/02/2018;17:15;77;15;62
28/02/2018;17:30;74;12;62
28/02/2018;17:45;95;13;82
28/02/2018;18:00;40;9;31
28/02/2018;18:15;56;10;46
28/02/2018;18:30;70;15;55
28/02/2018;18:45;56;11;45
28/02/2018;19:00;46;6;40
28/02/2018;19:15;39;7;32
28/02/2018;19:30;46;10;36
28/02/2018;19:45;38;4;34
28/02/2018;20:00;25;5;20
28/02/2018;20:15;24;2;22
28/02/2018;20:30;26;4;22
28/02/2018;20:45;17;1;16
28/02/2018;21:00;15;4;11
28/02/2018;21:15;24;3;21
28/02/2018;21:30;20;2;18
28/02/2018;21:45;23;5;18
28/02/2018;22:00;15;5;10
28/02/2018;22:15;12;2;10
28/02/2018;22:30;9;1;8
28/02/2018;22:45;15;5;10
28/02/2018;23:00;7;3;4
28/02/2018;23:15;5;2;3
28/02/2018;23:30;6;1;5
28/02/2018;23:45;4;0;4
01/03/2018;00:00;2;0;2
01/03/2018;00:15;2;0;2
01/03/2018;00:30;3;3;0
01/03/2018;00:45;1;0;1
01/03/2018;01:00;3;0;3
01/03/2018;01:15;1;0;1
01/03/2018;01:30;1;1;0
01/03/2018;01:45;1;0;1
01/03/2018;02:00;1;0;1
01/03/2018;02:15;0;0;0
01/03/2018;02:30;0;0;0
01/03/2018;02:45;0;0;0
01/03/2018;03:00;1;0;1
01/03/2018;03:15;2;0;2
01/03/2018;03:30;0;0;0
01/03/2018;03:45;0;0;0
01/03/2018;04:00;0;0;0
01/03/2018;04:15;1;1;0
01/03/2018;04:30;5;4;1
01/03/2018;04:45;1;0;1
01/03/2018;05:00;1;0;1
01/03/2018;05:15;4;1;3
01/03/2018;05:30;7;3;4
01/03/2018;05:45;5;3;2
01/03/2018;06:00;11;7;4
01/03/2018;06:15;12;5;7
01/03/2018;06:30;21;11;10
01/03/2018;06:45;24;11;13
01/03/2018;07:00;21;8;13
01/03/2018;07:15;28;15;13
01/03/2018;07:30;64;37;27
01/03/2018;07:45;78;41;37
01/03/2018;08:00;57;28;29
01/03/2018;08:15;62;31;31
01/03/2018;08:30;64;33;31
01/03/2018;08:45;49;26;23
01/03/2018;09:00;34;22;12
01/03/2018;09:15;30;14;16
01/03/2018;09:30;24;14;10
01/03/2018;09:45;27;16;11
01/03/2018;10:00;22;7;15
01/03/2018;10:15;17;8;9
01/03/2018;10:30;20;11;9
01/03/2018;10:45;21;6;15
01/03/2018;11:00;23;7;16
01/03/2018;11:15;17;4;13
01/03/2018;11:30;19;7;12
01/03/2018;11:45;23;10;13
01/03/2018;12:00;33;7;26
01/03/2018;12:15;29;9;20
01/03/2018;12:30;34;6;28
01/03/2018;12:45;22;4;18
01/03/2018;13:00;37;6;31
01/03/2018;13:15;39;6;33
01/03/2018;13:30;28;8;20
01/03/2018;13:45;35;9;26
01/03/2018;14:00;36;8;28
01/03/2018;14:15;52;7;45
01/03/2018;14:30;37;7;30
01/03/2018;14:45;29;7;22
01/03/2018;15:00;51;9;42
01/03/2018;15:15;38;8;30
01/03/2018;15:30;41;15;26
01/03/2018;15:45;46;7;39
01/03/2018;16:00;79;14;65
01/03/2018;16:15;62;14;48
01/03/2018;16:30;61;17;44
01/03/2018;16:45;54;10;44
01/03/2018;17:00;64;14;50
01/03/2018;17:15;71;15;56
01/03/2018;17:30;77;17;60
01/03/2018;17:45;69;9;60
01/03/2018;18:00;68;11;57
01/03/2018;18:15;59;5;54
01/03/2018;18:30;65;13;52
01/03/2018;18:45;59;7;52
01/03/2018;19:00;58;5;53
01/03/2018;19:15;45;13;32
01/03/2018;19:30;34;9;25
01/03/2018;19:45;29;7;22
01/03/2018;20:00;26;4;22
01/03/2018;20:15;40;7;33
01/03/2018;20:30;21;1;20
01/03/2018;20:45;10;0;10
01/03/2018;21:00;15;3;12
01/03/2018;21:15;11;0;11
01/03/2018;21:30;15;4;11
01/03/2018;21:45;21;2;19
01/03/2018;22:00;17;1;16
01/03/2018;22:15;26;8;18
01/03/2018;22:30;14;1;13
01/03/2018;22:45;12;3;9
01/03/2018;23:00;8;2;6
01/03/2018;23:15;7;1;6
01/03/2018;23:30;10;2;8
01/03/2018;23:45;3;0;3
02/03/2018;00:00;2;0;2
02/03/2018;00:15;5;0;5
02/03/2018;00:30;5;0;5
02/03/2018;00:45;0;0;0
02/03/2018;01:00;1;0;1
02/03/2018;01:15;2;0;2
02/03/2018;01:30;0;0;0
02/03/2018;01:45;2;0;2
02/03/2018;02:00;1;0;1
02/03/2018;02:15;4;0;4
02/03/2018;02:30;0;0;0
02/03/2018;02:45;0;0;0
02/03/2018;03:00;0;0;0
02/03/2018;03:15;0;0;0
02/03/2018;03:30;0;0;0
02/03/2018;03:45;1;0;1
02/03/2018;04:00;0;0;0
02/03/2018;04:15;2;2;0
02/03/2018;04:30;4;3;1
02/03/2018;04:45;1;0;1
02/03/2018;05:00;0;0;0
02/03/2018;05:15;3;1;2
02/03/2018;05:30;5;2;3
02/03/2018;05:45;3;1;2
02/03/2018;06:00;11;4;7
02/03/2018;06:15;9;3;6
02/03/2018;06:30;17;9;8
02/03/2018;06:45;20;12;8
02/03/2018;07:00;29;9;20
02/03/2018;07:15;32;14;18
02/03/2018;07:30;51;32;19
02/03/2018;07:45;76;44;32
02/03/2018;08:00;58;30;28
02/03/2018;08:15;47;23;24
02/03/2018;08:30;53;26;27
02/03/2018;08:45;58;28;30
02/03/2018;09:00;40;23;17
02/03/2018;09:15;35;22;13
02/03/2018;09:30;21;14;7
02/03/2018;09:45;35;21;14
02/03/2018;10:00;18;5;13
02/03/2018;10:15;32;13;19
02/03/2018;10:30;26;9;17
02/03/2018;10:45;29;11;18
02/03/2018;11:00;28;9;19
02/03/2018;11:15;28;7;21
02/03/2018;11:30;30;5;25
02/03/2018;11:45;22;8;14
02/03/2018;12:00;31;12;19
02/03/2018;12:15;37;6;31
02/03/2018;12:30;45;9;36
02/03/2018;12:45;42;11;31
02/03/2018;13:00;40;12;28
02/03/2018;13:15;56;7;49
02/03/2018;13:30;44;15;29
02/03/2018;13:45;49;9;40
02/03/2018;14:00;40;3;37
02/03/2018;14:15;51;7;44
02/03/2018;14:30;46;8;38
02/03/2018;14:45;46;6;40
02/03/2018;15:00;53;11;42
02/03/2018;15:15;58;15;43
02/03/2018;15:30;54;9;45
02/03/2018;15:45;60;20;40
02/03/2018;16:00;71;10;61
02/03/2018;16:15;67;16;51
02/03/2018;16:30;69;13;56
02/03/2018;16:45;74;15;59
02/03/2018;17:00;65;15;50
02/03/2018;17:15;60;11;49
02/03/2018;17:30;52;7;45
02/03/2018;17:45;62;19;43
02/03/2018;18:00;48;10;38
02/03/2018;18:15;46;13;33
02/03/2018;18:30;51;10;41
02/03/2018;18:45;52;9;43
02/03/2018;19:00;39;10;29
02/03/2018;19:15;29;8;21
02/03/2018;19:30;29;3;26
02/03/2018;19:45;24;11;13
02/03/2018;20:00;26;3;23
02/03/2018;20:15;23;6;17
02/03/2018;20:30;23;3;20
02/03/2018;20:45;24;8;16
02/03/2018;21:00;12;4;8
02/03/2018;21:15;14;7;7
02/03/2018;21:30;19;1;18
02/03/2018;21:45;12;1;11
02/03/2018;22:00;13;3;10
02/03/2018;22:15;14;3;11
02/03/2018;22:30;3;1;2
02/03/2018;22:45;11;1;10
02/03/2018;23:00;17;5;12
02/03/2018;23:15;14;5;9
02/03/2018;23:30;7;0;7
02/03/2018;23:45;8;1;7
03/03/2018;00:00;7;0;7
03/03/2018;00:15;4;0;4
03/03/2018;00:30;10;1;9
03/03/2018;00:45;4;0;4
03/03/2018;01:00;6;2;4
03/03/2018;01:15;3;0;3
03/03/2018;01:30;1;0;1
03/03/2018;01:45;2;0;2
03/03/2018;02:00;4;0;4
03/03/2018;02:15;6;1;5
03/03/2018;02:30;2;0;2
03/03/2018;02:45;1;0;1
03/03/2018;03:00;2;0;2
03/03/2018;03:15;3;0;3
03/03/2018;03:30;3;0;3
03/03/2018;03:45;0;0;0
03/03/2018;04:00;1;0;1
03/03/2018;04:15;0;0;0
03/03/2018;04:30;1;0;1
03/03/2018;04:45;5;4;1
03/03/2018;05:00;2;1;1
03/03/2018;05:15;0;0;0
03/03/2018;05:30;0;0;0
03/03/2018;05:45;0;0;0
03/03/2018;06:00;2;0;2
03/03/2018;06:15;5;3;2
03/03/2018;06:30;3;3;0
03/03/2018;06:45;1;1;0
03/03/2018;07:00;1;1;0
03/03/2018;07:15;3;1;2
03/03/2018;07:30;6;1;5
03/03/2018;07:45;0;0;0
03/03/2018;08:00;5;3;2
03/03/2018;08:15;4;1;3
03/03/2018;08:30;11;2;9
03/03/2018;08:45;10;2;8
03/03/2018;09:00;9;6;3
03/03/2018;09:15;8;5;3
03/03/2018;09:30;14;2;12
03/03/2018;09:45;24;12;12
03/03/2018;10:00;12;8;4
03/03/2018;10:15;7;3;4
03/03/2018;10:30;12;3;9
03/03/2018;10:45;12;6;6
03/03/2018;11:00;21;10;11
03/03/2018;11:15;16;7;9
03/03/2018;11:30;19;8;11
03/03/2018;11:45;17;9;8
03/03/2018;12:00;18;9;9
03/03/2018;12:15;19;6;13
03/03/2018;12:30;20;6;14
03/03/2018;12:45;14;3;11
03/03/2018;13:00;21;9;12
03/03/2018;13:15;18;9;9
03/03/2018;13:30;32;12;20
03/03/2018;13:45;23;8;15
03/03/2018;14:00;24;7;17
03/03/2018;14:15;25;5;20
03/03/2018;14:30;20;5;15
03/03/2018;14:45;30;10;20
03/03/2018;15:00;22;6;16
03/03/2018;15:15;31;9;22
03/03/2018;15:30;26;7;19
03/03/2018;15:45;21;6;15
03/03/2018;16:00;25;7;18
03/03/2018;16:15;41;7;34
03/03/2018;16:30;22;7;15
03/03/2018;16:45;23;7;16
03/03/2018;17:00;31;10;21
03/03/2018;17:15;23;5;18
03/03/2018;17:30;32;9;23
03/03/2018;17:45;27;2;25
03/03/2018;18:00;28;9;19
03/03/2018;18:15;29;17;12
03/03/2018;18:30;31;8;23
03/03/2018;18:45;18;8;10
03/03/2018;19:00;19;5;14
03/03/2018;19:15;16;3;13
03/03/2018;19:30;22;7;15
03/03/2018;19:45;17;3;14
03/03/2018;20:00;13;4;9
03/03/2018;20:15;16;4;12
03/03/2018;20:30;13;4;9
03/03/2018;20:45;6;1;5
03/03/2018;21:00;6;2;4
03/03/2018;21:15;6;1;5
03/03/2018;21:30;5;1;4
03/03/2018;21:45;4;2;2
03/03/2018;22:00;9;5;4
03/03/2018;22:15;12;2;10
03/03/2018;22:30;17;1;16
03/03/2018;22:45;11;3;8
03/03/2018;23:00;15;4;11
03/03/2018;23:15;12;0;12
03/03/2018;23:30;3;0;3
03/03/2018;23:45;8;3;5
04/03/2018;00:00;10;3;7
04/03/2018;00:15;7;0;7
04/03/2018;00:30;10;3;7
04/03/2018;00:45;8;2;6
04/03/2018;01:00;7;2;5
04/03/2018;01:15;6;1;5
04/03/2018;01:30;5;0;5
04/03/2018;01:45;3;2;1
04/03/2018;02:00;1;0;1
04/03/2018;02:15;2;0;2
04/03/2018;02:30;5;0;5
04/03/2018;02:45;3;0;3
04/03/2018;03:00;4;0;4
04/03/2018;03:15;3;2;1
04/03/2018;03:30;2;0;2
04/03/2018;03:45;1;0;1
04/03/2018;04:00;2;0;2
04/03/2018;04:15;1;1;0
04/03/2018;04:30;0;0;0
04/03/2018;04:45;0;0;0
04/03/2018;05:00;2;0;2
04/03/2018;05:15;0;0;0
04/03/2018;05:30;0;0;0
04/03/2018;05:45;2;0;2
04/03/2018;06:00;4;1;3
04/03/2018;06:15;3;2;1
04/03/2018;06:30;1;1;0
04/03/2018;06:45;1;0;1
04/03/2018;07:00;1;0;1
04/03/2018;07:15;0;0;0
04/03/2018;07:30;7;0;7
04/03/2018;07:45;3;2;1
04/03/2018;08:00;2;2;0
04/03/2018;08:15;5;2;3
04/03/2018;08:30;4;1;3
04/03/2018;08:45;9;1;8
04/03/2018;09:00;9;4;5
04/03/2018;09:15;9;2;7
04/03/2018;09:30;13;7;6
04/03/2018;09:45;23;10;13
04/03/2018;10:00;18;8;10
04/03/2018;10:15;14;4;10
04/03/2018;10:30;21;5;16
04/03/2018;10:45;13;1;12
04/03/2018;11:00;20;9;11
04/03/2018;11:15;12;3;9
04/03/2018;11:30;19;6;13
04/03/2018;11:45;22;11;11
04/03/2018;12:00;29;14;15
04/03/2018;12:15;30;5;25
04/03/2018;12:30;27;14;13
04/03/2018;12:45;35;8;27
04/03/2018;13:00;30;5;25
04/03/2018;13:15;36;14;22
04/03/2018;13:30;40;11;29
04/03/2018;13:45;35;7;28
04/03/2018;14:00;43;20;23
04/03/2018;14:15;46;9;37
04/03/2018;14:30;49;6;43
04/03/2018;14:45;44;15;29
04/03/2018;15:00;34;8;26
04/03/2018;15:15;33;10;23
04/03/2018;15:30;50;22;28
04/03/2018;15:45;43;15;28
04/03/2018;16:00;37;10;27
04/03/2018;16:15;32;5;27
04/03/2018;16:30;29;10;19
04/03/2018;16:45;31;3;28
04/03/2018;17:00;24;8;16
04/03/2018;17:15;30;6;24
04/03/2018;17:30;30;10;20
04/03/2018;17:45;35;20;15
04/03/2018;18:00;55;13;42
04/03/2018;18:15;29;14;15
04/03/2018;18:30;22;5;17
04/03/2018;18:45;13;3;10
04/03/2018;19:00;20;6;14
04/03/2018;19:15;14;6;8
04/03/2018;19:30;19;8;11
04/03/2018;19:45;12;0;12
04/03/2018;20:00;8;1;7
04/03/2018;20:15;10;3;7
04/03/2018;20:30;13;4;9
04/03/2018;20:45;14;5;9
04/03/2018;21:00;13;4;9
04/03/2018;21:15;14;0;14
04/03/2018;21:30;16;3;13
04/03/2018;21:45;12;0;12
04/03/2018;22:00;10;2;8
04/03/2018;22:15;10;2;8
04/03/2018;22:30;6;1;5
04/03/2018;22:45;1;0;1
04/03/2018;23:00;6;1;5
04/03/2018;23:15;10;5;5
04/03/2018;23:30;5;1;4
04/03/2018;23:45;2;0;2
05/03/2018;00:00;0;0;0
05/03/2018;00:15;1;0;1
05/03/2018;00:30;2;0;2
05/03/2018;00:45;0;0;0
05/03/2018;01:00;0;0;0
05/03/2018;01:15;1;0;1
05/03/2018;01:30;2;1;1
05/03/2018;01:45;0;0;0
05/03/2018;02:00;1;0;1
05/03/2018;02:15;0;0;0
05/03/2018;02:30;0;0;0
05/03/2018;02:45;1;1;0
05/03/2018;03:00;1;0;1
05/03/2018;03:15;1;0;1
05/03/2018;03:30;0;0;0
05/03/2018;03:45;1;0;1
05/03/2018;04:00;2;2;0
05/03/2018;04:15;2;2;0
05/03/2018;04:30;4;3;1
05/03/2018;04:45;3;0;3
05/03/2018;05:00;2;1;1
05/03/2018;05:15;4;2;2
05/03/2018;05:30;8;6;2
05/03/2018;05:45;6;3;3
05/03/2018;06:00;15;8;7
05/03/2018;06:15;13;9;4
05/03/2018;06:30;30;8;22
05/03/2018;06:45;34;14;20
05/03/2018;07:00;41;16;25
05/03/2018;07:15;60;31;29
05/03/2018;07:30;78;41;37
05/03/2018;07:45;92;60;32
05/03/2018;08:00;94;44;50
05/03/2018;08:15;90;47;43
05/03/2018;08:30;92;51;41
05/03/2018;08:45;82;51;31
05/03/2018;09:00;55;35;20
05/03/2018;09:15;41;23;18
05/03/2018;09:30;36;12;24
05/03/2018;09:45;41;18;23
05/03/2018;10:00;25;8;17
05/03/2018;10:15;26;4;22
05/03/2018;10:30;42;16;26
05/03/2018;10:45;33;11;22
05/03/2018;11:00;26;10;16
05/03/2018;11:15;38;7;31
05/03/2018;11:30;31;10;21
05/03/2018;11:45;37;14;23
05/03/2018;12:00;49;17;32
05/03/2018;12:15;53;13;40
05/03/2018;12:30;53;11;42
05/03/2018;12:45;53;20;33
05/03/2018;13:00;57;11;46
05/03/2018;13:15;54;9;45
05/03/2018;13:30;60;21;39
05/03/2018;13:45;63;18;45
05/03/2018;14:00;48;11;37
05/03/2018;14:15;72;20;52
05/03/2018;14:30;57;12;45
05/03/2018;14:45;69;11;58
05/03/2018;15:00;65;12;53
05/03/2018;15:15;66;13;53
05/03/2018;15:30;80;19;61
05/03/2018;15:45;96;15;81
05/03/2018;16:00;77;12;65
05/03/2018;16:15;116;22;94
05/03/2018;16:30;88;15;73
05/03/2018;16:45;86;13;73
05/03/2018;17:00;112;17;95
05/03/2018;17:15;122;19;103
05/03/2018;17:30;106;13;93
05/03/2018;17:45;109;20;89
05/03/2018;18:00;124;20;104
05/03/2018;18:15;104;19;85
05/03/2018;18:30;84;16;68
05/03/2018;18:45;66;7;59
05/03/2018;19:00;83;14;69
05/03/2018;19:15;65;11;54
05/03/2018;19:30;60;16;44
05/03/2018;19:45;52;10;42
05/03/2018;20:00;41;11;30
05/03/2018;20:15;43;6;37
05/03/2018;20:30;23;6;17
05/03/2018;20:45;37;8;29
05/03/2018;21:00;23;7;16
05/03/2018;21:15;24;3;21
05/03/2018;21:30;20;6;14
05/03/2018;21:45;31;3;28
05/03/2018;22:00;25;4;21
05/03/2018;22:15;16;4;12
05/03/2018;22:30;8;2;6
05/03/2018;22:45;16;3;13
05/03/2018;23:00;15;3;12
05/03/2018;23:15;11;1;10
05/03/2018;23:30;8;2;6
05/03/2018;23:45;8;0;8
06/03/2018;00:00;5;1;4
06/03/2018;00:15;4;0;4
06/03/2018;00:30;1;0;1
06/03/2018;00:45;1;0;1
06/03/2018;01:00;2;0;2
06/03/2018;01:15;4;0;4
06/03/2018;01:30;4;3;1
06/03/2018;01:45;1;0;1
06/03/2018;02:00;3;0;3
06/03/2018;02:15;0;0;0
06/03/2018;02:30;1;1;0
06/03/2018;02:45;0;0;0
06/03/2018;03:00;2;1;1
06/03/2018;03:15;1;0;1
06/03/2018;03:30;1;0;1
06/03/2018;03:45;0;0;0
06/03/2018;04:00;0;0;0
06/03/2018;04:15;0;0;0
06/03/2018;04:30;6;4;2
06/03/2018;04:45;2;0;2
06/03/2018;05:00;0;0;0
06/03/2018;05:15;3;1;2
06/03/2018;05:30;5;2;3
06/03/2018;05:45;14;7;7
06/03/2018;06:00;13;6;7
06/03/2018;06:15;14;6;8
06/03/2018;06:30;20;9;11
06/03/2018;06:45;30;12;18
06/03/2018;07:00;42;20;22
06/03/2018;07:15;52;22;30
06/03/2018;07:30;88;50;38
06/03/2018;07:45;110;63;47
06/03/2018;08:00;104;62;42
06/03/2018;08:15;86;39;47
06/03/2018;08:30;98;47;51
06/03/2018;08:45;93;45;48
06/03/2018;09:00;47;26;21
06/03/2018;09:15;58;32;26
06/03/2018;09:30;47;23;24
06/03/2018;09:45;49;28;21
06/03/2018;10:00;29;15;14
06/03/2018;10:15;35;17;18
06/03/2018;10:30;39;12;27
06/03/2018;10:45;41;17;24
06/03/2018;11:00;31;12;19
06/03/2018;11:15;36;8;28
06/03/2018;11:30;29;10;19
06/03/2018;11:45;41;11;30
06/03/2018;12:00;62;10;52
06/03/2018;12:15;36;9;27
06/03/2018;12:30;47;5;42
06/03/2018;12:45;50;12;38
06/03/2018;13:00;45;14;31
06/03/2018;13:15;101;27;74
06/03/2018;13:30;54;16;38
06/03/2018;13:45;49;11;38
06/03/2018;14:00;65;11;54
06/03/2018;14:15;50;16;34
06/03/2018;14:30;66;8;58
06/03/2018;14:45;59;15;44
06/03/2018;15:00;70;12;58
06/03/2018;15:15;74;20;54
06/03/2018;15:30;91;17;74
06/03/2018;15:45;104;13;91
06/03/2018;16:00;100;16;84
06/03/2018;16:15;94;13;81
06/03/2018;16:30;91;11;80
06/03/2018;16:45;111;19;92
06/03/2018;17:00;106;16;90
06/03/2018;17:15;101;15;86
06/03/2018;17:30;106;14;92
06/03/2018;17:45;131;31;100
06/03/2018;18:00;117;19;98
06/03/2018;18:15;98;20;78
06/03/2018;18:30;88;14;74
06/03/2018;18:45;81;20;61
06/03/2018;19:00;68;10;58
06/03/2018;19:15;75;10;65
06/03/2018;19:30;73;17;56
06/03/2018;19:45;56;11;45
06/03/2018;20:00;45;5;40
06/03/2018;20:15;47;7;40
06/03/2018;20:30;39;3;36
06/03/2018;20:45;42;5;37
06/03/2018;21:00;28;2;26
06/03/2018;21:15;25;1;24
06/03/2018;21:30;23;11;12
06/03/2018;21:45;28;8;20
06/03/2018;22:00;37;7;30
06/03/2018;22:15;23;10;13
06/03/2018;22:30;17;2;15
06/03/2018;22:45;7;0;7
06/03/2018;23:00;15;6;9
06/03/2018;23:15;3;2;1
06/03/2018;23:30;6;1;5
06/03/2018;23:45;9;2;7
07/03/2018;00:00;3;0;3
07/03/2018;00:15;3;0;3
07/03/2018;00:30;0;0;0
07/03/2018;00:45;2;1;1
07/03/2018;01:00;3;0;3
07/03/2018;01:15;3;0;3
07/03/2018;01:30;1;0;1
07/03/2018;01:45;0;0;0
07/03/2018;02:00;3;1;2
07/03/2018;02:15;0;0;0
07/03/2018;02:30;0;0;0
07/03/2018;02:45;3;1;2
07/03/2018;03:00;1;0;1
07/03/2018;03:15;1;0;1
07/03/2018;03:30;1;0;1
07/03/2018;03:45;0;0;0
07/03/2018;04:00;0;0;0
07/03/2018;04:15;2;2;0
07/03/2018;04:30;6;4;2
07/03/2018;04:45;2;0;2
07/03/2018;05:00;2;0;2
07/03/2018;05:15;4;2;2
07/03/2018;05:30;10;6;4
07/03/2018;05:45;13;8;5
07/03/2018;06:00;12;2;10
07/03/2018;06:15;17;11;6
07/03/2018;06:30;30;9;21
07/03/2018;06:45;18;8;10
07/03/2018;07:00;45;17;28
07/03/2018;07:15;49;23;26
07/03/2018;07:30;88;49;39
07/03/2018;07:45;102;62;40
07/03/2018;08:00;88;47;41
07/03/2018;08:15;90;41;49
07/03/2018;08:30;78;39;39
07/03/2018;08:45;82;44;38
07/03/2018;09:00;45;26;19
07/03/2018;09:15;41;18;23
07/03/2018;09:30;40;19;21
07/03/2018;09:45;39;24;15
07/03/2018;10:00;30;14;16
07/03/2018;10:15;20;13;7
07/03/2018;10:30;29;7;22
07/03/2018;10:45;40;15;25
07/03/2018;11:00;33;14;19
07/03/2018;11:15;19;9;10
07/03/2018;11:30;42;13;29
07/03/2018;11:45;35;16;19
07/03/2018;12:00;45;15;30
07/03/2018;12:15;49;11;38
07/03/2018;12:30;54;11;43
07/03/2018;12:45;49;11;38
07/03/2018;13:00;51;11;40
07/03/2018;13:15;46;12;34
07/03/2018;13:30;42;7;35
07/03/2018;13:45;54;17;37
07/03/2018;14:00;54;12;42
07/03/2018;14:15;59;9;50
07/03/2018;14:30;53;8;45
07/03/2018;14:45;48;13;35
07/03/2018;15:00;62;14;48
07/03/2018;15:15;57;6;51
07/03/2018;15:30;56;8;48
07/03/2018;15:45;69;9;60
07/03/2018;16:00;83;8;75
07/03/2018;16:15;100;22;78
07/03/2018;16:30;95;20;75
07/03/2018;16:45;91;15;76
07/03/2018;17:00;107;20;87
07/03/2018;17:15;104;15;89
07/03/2018;17:30;98;21;77
07/03/2018;17:45;90;14;76
07/03/2018;18:00;84;16;68
07/03/2018;18:15;79;15;64
07/03/2018;18:30;73;19;54
07/03/2018;18:45;76;10;66
07/03/2018;19:00;76;13;63
07/03/2018;19:15;70;10;60
07/03/2018;19:30;42;7;35
07/03/2018;19:45;57;14;43
07/03/2018;20:00;47;7;40
07/03/2018;20:15;41;9;32
07/03/2018;20:30;22;3;19
07/03/2018;20:45;23;7;16
07/03/2018;21:00;22;3;19
07/03/2018;21:15;32;3;29
07/03/2018;21:30;27;7;20
07/03/2018;21:45;30;6;24
07/03/2018;22:00;32;9;23
07/03/2018;22:15;30;3;27
07/03/2018;22:30;28;6;22
07/03/2018;22:45;18;3;15
07/03/2018;23:00;16;5;11
07/03/2018;23:15;17;5;12
07/03/2018;23:30;7;1;6
07/03/2018;23:45;6;1;5
08/03/2018;00:00;7;2;5
08/03/2018;00:15;8;1;7
08/03/2018;00:30;3;0;3
08/03/2018;00:45;0;0;0
08/03/2018;01:00;2;0;2
08/03/2018;01:15;3;0;3
08/03/2018;01:30;1;0;1
08/03/2018;01:45;1;0;1
08/03/2018;02:00;2;0;2
08/03/2018;02:15;0;0;0
08/03/2018;02:30;1;0;1
08/03/2018;02:45;1;1;0
08/03/2018;03:00;0;0;0
08/03/2018;03:15;2;0;2
08/03/2018;03:30;2;1;1
08/03/2018;03:45;2;1;1
08/03/2018;04:00;0;0;0
08/03/2018;04:15;4;3;1
08/03/2018;04:30;3;2;1
08/03/2018;04:45;2;0;2
08/03/2018;05:00;1;1;0
08/03/2018;05:15;6;3;3
08/03/2018;05:30;6;3;3
08/03/2018;05:45;9;6;3
08/03/2018;06:00;14;5;9
08/03/2018;06:15;16;7;9
08/03/2018;06:30;27;11;16
08/03/2018;06:45;36;16;20
08/03/2018;07:00;38;18;20
08/03/2018;07:15;48;20;28
08/03/2018;07:30;74;42;32
08/03/2018;07:45;99;53;46
08/03/2018;08:00;68;44;24
08/03/2018;08:15;92;46;46
08/03/2018;08:30;78;38;40
08/03/2018;08:45;68;34;34
08/03/2018;09:00;57;29;28
08/03/2018;09:15;48;23;25
08/03/2018;09:30;33;12;21
08/03/2018;09:45;44;19;25
08/03/2018;10:00;32;13;19
08/03/2018;10:15;30;12;18
08/03/2018;10:30;40;14;26
08/03/2018;10:45;29;10;19
08/03/2018;11:00;39;10;29
08/03/2018;11:15;30;8;22
08/03/2018;11:30;35;15;20
08/03/2018;11:45;42;17;25
08/03/2018;12:00;42;10;32
08/03/2018;12:15;30;6;24
08/03/2018;12:30;54;19;35
08/03/2018;12:45;55;12;43
08/03/2018;13:00;40;9;31
08/03/2018;13:15;62;14;48
08/03/2018;13:30;57;12;45
08/03/2018;13:45;55;14;41
08/03/2018;14:00;46;11;35
08/03/2018;14:15;58;15;43
08/03/2018;14:30;40;5;35
08/03/2018;14:45;35;5;30
08/03/2018;15:00;49;13;36
08/03/2018;15:15;54;8;46
08/03/2018;15:30;58;10;48
08/03/2018;15:45;63;8;55
08/03/2018;16:00;90;12;78
08/03/2018;16:15;81;8;73
08/03/2018;16:30;71;9;62
08/03/2018;16:45;65;10;55
08/03/2018;17:00;74;5;69
08/03/2018;17:15;74;11;63
08/03/2018;17:30;67;9;58
08/03/2018;17:45;78;13;65
08/03/2018;18:00;73;12;61
08/03/2018;18:15;95;10;85
08/03/2018;18:30;75;19;56
08/03/2018;18:45;61;12;49
08/03/2018;19:00;58;9;49
08/03/2018;19:15;57;9;48
08/03/2018;19:30;35;8;27
08/03/2018;19:45;42;9;33
08/03/2018;20:00;39;6;33
08/03/2018;20:15;30;9;21
08/03/2018;20:30;25;3;22
08/03/2018;20:45;26;4;22
08/03/2018;21:00;24;3;21
08/03/2018;21:15;23;2;21
08/03/2018;21:30;15;4;11
08/03/2018;21:45;17;3;14
08/03/2018;22:00;17;4;13
08/03/2018;22:15;25;5;20
08/03/2018;22:30;16;2;14
08/03/2018;22:45;7;1;6
08/03/2018;23:00;15;1;14
08/03/2018;23:15;15;3;12
08/03/2018;23:30;4;0;4
08/03/2018;23:45;8;1;7
09/03/2018;00:00;6;1;5
09/03/2018;00:15;5;1;4
09/03/2018;00:30;2;0;2
09/03/2018;00:45;1;0;1
09/03/2018;01:00;1;1;0
09/03/2018;01:15;2;0;2
09/03/2018;01:30;5;1;4
09/03/2018;01:45;1;0;1
09/03/2018;02:00;2;0;2
09/03/2018;02:15;1;0;1
09/03/2018;02:30;1;1;0
09/03/2018;02:45;3;0;3
09/03/2018;03:00;1;0;1
09/03/2018;03:15;1;0;1
09/03/2018;03:30;2;1;1
09/03/2018;03:45;1;0;1
09/03/2018;04:00;1;0;1
09/03/2018;04:15;5;3;2
09/03/2018;04:30;2;2;0
09/03/2018;04:45;2;0;2
09/03/2018;05:00;1;1;0
09/03/2018;05:15;6;4;2
09/03/2018;05:30;4;1;3
09/03/2018;05:45;2;2;0
09/03/2018;06:00;12;3;9
09/03/2018;06:15;19;4;15
09/03/2018;06:30;31;10;21
09/03/2018;06:45;20;10;10
09/03/2018;07:00;35;15;20
09/03/2018;07:15;39;16;23
09/03/2018;07:30;61;34;27
09/03/2018;07:45;72;40;32
09/03/2018;08:00;88;45;43
09/03/2018;08:15;68;35;33
09/03/2018;08:30;50;21;29
09/03/2018;08:45;77;40;37
09/03/2018;09:00;53;30;23
09/03/2018;09:15;42;12;30
09/03/2018;09:30;32;16;16
09/03/2018;09:45;42;18;24
09/03/2018;10:00;31;10;21
09/03/2018;10:15;38;14;24
09/03/2018;10:30;31;14;17
09/03/2018;10:45;35;10;25
09/03/2018;11:00;30;7;23
09/03/2018;11:15;46;12;34
09/03/2018;11:30;36;9;27
09/03/2018;11:45;35;12;23
09/03/2018;12:00;31;8;23
09/03/2018;12:15;41;10;31
09/03/2018;12:30;70;13;57
09/03/2018;12:45;42;12;30
09/03/2018;13:00;48;8;40
09/03/2018;13:15;66;8;58
09/03/2018;13:30;68;6;62
09/03/2018;13:45;64;10;54
09/03/2018;14:00;55;13;42
09/03/2018;14:15;90;21;69
09/03/2018;14:30;53;14;39
09/03/2018;14:45;62;7;55
09/03/2018;15:00;58;15;43
09/03/2018;15:15;79;16;63
09/03/2018;15:30;92;24;68
09/03/2018;15:45;80;17;63
09/03/2018;16:00;79;11;68
09/03/2018;16:15;73;13;60
09/03/2018;16:30;62;13;49
09/03/2018;16:45;113;30;83
09/03/2018;17:00;80;9;71
09/03/2018;17:15;110;22;88
09/03/2018;17:30;72;13;59
09/03/2018;17:45;66;23;43
09/03/2018;18:00;67;9;58
09/03/2018;18:15;52;7;45
09/03/2018;18:30;49;14;35
09/03/2018;18:45;60;22;38
09/03/2018;19:00;66;8;58
09/03/2018;19:15;54;6;48
09/03/2018;19:30;51;5;46
09/03/2018;19:45;41;4;37
09/03/2018;20:00;36;4;32
09/03/2018;20:15;30;4;26
09/03/2018;20:30;26;6;20
09/03/2018;20:45;33;7;26
09/03/2018;21:00;22;4;18
09/03/2018;21:15;15;2;13
09/03/2018;21:30;12;1;11
09/03/2018;21:45;13;2;11
09/03/2018;22:00;22;8;14
09/03/2018;22:15;20;9;11
09/03/2018;22:30;13;4;9
09/03/2018;22:45;11;1;10
09/03/2018;23:00;19;7;12
09/03/2018;23:15;26;14;12
09/03/2018;23:30;11;3;8
09/03/2018;23:45;10;6;4
10/03/2018;00:00;12;1;11
10/03/2018;00:15;11;2;9
10/03/2018;00:30;9;3;6
10/03/2018;00:45;6;0;6
10/03/2018;01:00;4;0;4
10/03/2018;01:15;8;2;6
10/03/2018;01:30;3;2;1
10/03/2018;01:45;4;0;4
10/03/2018;02:00;6;0;6
10/03/2018;02:15;0;0;0
10/03/2018;02:30;5;0;5
10/03/2018;02:45;2;0;2
10/03/2018;03:00;2;1;1
10/03/2018;03:15;3;1;2
10/03/2018;03:30;0;0;0
10/03/2018;03:45;1;0;1
10/03/2018;04:00;0;0;0
10/03/2018;04:15;3;0;3
10/03/2018;04:30;2;0;2
10/03/2018;04:45;1;0;1
10/03/2018;05:00;1;0;1
10/03/2018;05:15;2;1;1
10/03/2018;05:30;1;0;1
10/03/2018;05:45;1;0;1
10/03/2018;06:00;2;0;2
10/03/2018;06:15;1;0;1
10/03/2018;06:30;5;2;3
10/03/2018;06:45;3;2;1
10/03/2018;07:00;2;1;1
10/03/2018;07:15;6;4;2
10/03/2018;07:30;5;1;4
10/03/2018;07:45;6;4;2
10/03/2018;08:00;7;4;3
10/03/2018;08:15;12;4;8
10/03/2018;08:30;13;9;4
10/03/2018;08:45;30;15;15
10/03/2018;09:00;23;11;12
10/03/2018;09:15;21;14;7
10/03/2018;09:30;26;6;20
10/03/2018;09:45;39;17;22
10/03/2018;10:00;26;15;11
10/03/2018;10:15;30;10;20
10/03/2018;10:30;34;17;17
10/03/2018;10:45;46;23;23
10/03/2018;11:00;37;17;20
10/03/2018;11:15;42;13;29
10/03/2018;11:30;45;21;24
10/03/2018;11:45;64;27;37
10/03/2018;12:00;56;14;42
10/03/2018;12:15;46;15;31
10/03/2018;12:30;64;26;38
10/03/2018;12:45;63;25;38
10/03/2018;13:00;60;23;37
10/03/2018;13:15;53;12;41
10/03/2018;13:30;54;13;41
10/03/2018;13:45;67;15;52
10/03/2018;14:00;62;24;38
10/03/2018;14:15;56;17;39
10/03/2018;14:30;70;22;48
10/03/2018;14:45;53;10;43
10/03/2018;15:00;40;11;29
10/03/2018;15:15;42;9;33
10/03/2018;15:30;45;14;31
10/03/2018;15:45;50;15;35
10/03/2018;16:00;48;6;42
10/03/2018;16:15;53;15;38
10/03/2018;16:30;43;10;33
10/03/2018;16:45;45;5;40
10/03/2018;17:00;47;6;41
10/03/2018;17:15;66;12;54
10/03/2018;17:30;39;4;35
10/03/2018;17:45;39;10;29
10/03/2018;18:00;46;10;36
10/03/2018;18:15;34;14;20
10/03/2018;18:30;23;5;18
10/03/2018;18:45;28;10;18
10/03/2018;19:00;35;10;25
10/03/2018;19:15;39;12;27
10/03/2018;19:30;47;14;33
10/03/2018;19:45;21;12;9
10/03/2018;20:00;27;9;18
10/03/2018;20:15;27;2;25
10/03/2018;20:30;26;5;21
10/03/2018;20:45;13;9;4
10/03/2018;21:00;12;4;8
10/03/2018;21:15;21;6;15
10/03/2018;21:30;19;5;14
10/03/2018;21:45;13;5;8
10/03/2018;22:00;10;3;7
10/03/2018;22:15;16;0;16
10/03/2018;22:30;10;2;8
10/03/2018;22:45;19;5;14
10/03/2018;23:00;22;2;20
10/03/2018;23:15;17;6;11
10/03/2018;23:30;15;3;12
10/03/2018;23:45;11;2;9
11/03/2018;00:00;16;2;14
11/03/2018;00:15;17;0;17
11/03/2018;00:30;11;0;11
11/03/2018;00:45;6;0;6
11/03/2018;01:00;11;1;10
11/03/2018;01:15;16;2;14
11/03/2018;01:30;17;4;13
11/03/2018;01:45;6;0;6
11/03/2018;02:00;10;0;10
11/03/2018;02:15;7;0;7
11/03/2018;02:30;12;2;10
11/03/2018;02:45;2;0;2
11/03/2018;03:00;4;0;4
11/03/2018;03:15;2;1;1
11/03/2018;03:30;6;0;6
11/03/2018;03:45;3;0;3
11/03/2018;04:00;0;0;0
11/03/2018;04:15;2;1;1
11/03/2018;04:30;0;0;0
11/03/2018;04:45;1;0;1
11/03/2018;05:00;0;0;0
11/03/2018;05:15;3;2;1
11/03/2018;05:30;3;1;2
11/03/2018;05:45;2;0;2
11/03/2018;06:00;1;0;1
11/03/2018;06:15;2;1;1
11/03/2018;06:30;1;0;1
11/03/2018;06:45;3;1;2
11/03/2018;07:00;1;1;0
11/03/2018;07:15;2;1;1
11/03/2018;07:30;3;1;2
11/03/2018;07:45;3;0;3
11/03/2018;08:00;2;0;2
11/03/2018;08:15;5;2;3
11/03/2018;08:30;5;3;2
11/03/2018;08:45;18;4;14
11/03/2018;09:00;9;5;4
11/03/2018;09:15;15;8;7
11/03/2018;09:30;24;5;19
11/03/2018;09:45;31;8;23
11/03/2018;10:00;8;4;4
11/03/2018;10:15;19;9;10
11/03/2018;10:30;25;9;16
11/03/2018;10:45;39;13;26
11/03/2018;11:00;30;11;19
11/03/2018;11:15;18;9;9
11/03/2018;11:30;42;13;29
11/03/2018;11:45;37;7;30
11/03/2018;12:00;29;6;23
11/03/2018;12:15;31;6;25
11/03/2018;12:30;23;6;17
11/03/2018;12:45;41;10;31
11/03/2018;13:00;42;14;28
11/03/2018;13:15;20;5;15
11/03/2018;13:30;44;8;36
11/03/2018;13:45;51;18;33
11/03/2018;14:00;41;9;32
11/03/2018;14:15;44;12;32
11/03/2018;14:30;51;10;41
11/03/2018;14:45;49;13;36
11/03/2018;15:00;52;13;39
11/03/2018;15:15;46;7;39
11/03/2018;15:30;36;7;29
11/03/2018;15:45;51;19;32
11/03/2018;16:00;45;14;31
11/03/2018;16:15;43;12;31
11/03/2018;16:30;48;12;36
11/03/2018;16:45;44;17;27
11/03/2018;17:00;41;14;27
11/03/2018;17:15;53;18;35
11/03/2018;17:30;51;27;24
11/03/2018;17:45;43;15;28
11/03/2018;18:00;29;9;20
11/03/2018;18:15;30;8;22
11/03/2018;18:30;35;12;23
11/03/2018;18:45;31;11;20
11/03/2018;19:00;24;6;18
11/03/2018;19:15;22;6;16
11/03/2018;19:30;27;2;25
11/03/2018;19:45;34;6;28
11/03/2018;20:00;18;4;14
11/03/2018;20:15;15;2;13
11/03/2018;20:30;15;5;10
11/03/2018;20:45;14;0;14
11/03/2018;21:00;22;1;21
11/03/2018;21:15;18;1;17
11/03/2018;21:30;14;3;11
11/03/2018;21:45;14;2;12
11/03/2018;22:00;18;6;12
11/03/2018;22:15;14;2;12
11/03/2018;22:30;10;0;10
11/03/2018;22:45;13;6;7
11/03/2018;23:00;5;1;4
11/03/2018;23:15;4;2;2
11/03/2018;23:30;5;1;4
11/03/2018;23:45;5;2;3
12/03/2018;00:00;30;9;21
12/03/2018;00:15;2;0;2
12/03/2018;00:30;6;2;4
12/03/2018;00:45;0;0;0
12/03/2018;01:00;1;0;1
12/03/2018;01:15;1;0;1
12/03/2018;01:30;0;0;0
12/03/2018;01:45;0;0;0
12/03/2018;02:00;1;0;1
12/03/2018;02:15;0;0;0
12/03/2018;02:30;1;1;0
12/03/2018;02:45;1;0;1
12/03/2018;03:00;1;1;0
12/03/2018;03:15;1;0;1
12/03/2018;03:30;1;1;0
12/03/2018;03:45;1;0;1
12/03/2018;04:00;3;1;2
12/03/2018;04:15;2;2;0
12/03/2018;04:30;3;2;1
12/03/2018;04:45;4;1;3
12/03/2018;05:00;0;0;0
12/03/2018;05:15;2;2;0
12/03/2018;05:30;11;2;9
12/03/2018;05:45;8;4;4
12/03/2018;06:00;15;7;8
12/03/2018;06:15;25;9;16
12/03/2018;06:30;26;10;16
12/03/2018;06:45;21;11;10
12/03/2018;07:00;39;24;15
12/03/2018;07:15;43;20;23
12/03/2018;07:30;85;41;44
12/03/2018;07:45;98;59;39
12/03/2018;08:00;63;38;25
12/03/2018;08:15;64;30;34
12/03/2018;08:30;65;34;31
12/03/2018;08:45;57;32;25
12/03/2018;09:00;48;27;21
12/03/2018;09:15;34;17;17
12/03/2018;09:30;34;18;16
12/03/2018;09:45;20;9;11
12/03/2018;10:00;24;10;14
12/03/2018;10:15;29;10;19
12/03/2018;10:30;20;6;14
12/03/2018;10:45;29;14;15
12/03/2018;11:00;31;12;19
12/03/2018;11:15;35;14;21
12/03/2018;11:30;40;9;31
12/03/2018;11:45;34;13;21
12/03/2018;12:00;36;10;26
12/03/2018;12:15;35;9;26
12/03/2018;12:30;38;12;26
12/03/2018;12:45;52;8;44
12/03/2018;13:00;43;18;25
12/03/2018;13:15;41;10;31
12/03/2018;13:30;54;15;39
12/03/2018;13:45;55;10;45
12/03/2018;14:00;46;9;37
12/03/2018;14:15;38;6;32
12/03/2018;14:30;42;11;31
12/03/2018;14:45;61;12;49
12/03/2018;15:00;56;12;44
12/03/2018;15:15;61;17;44
12/03/2018;15:30;65;11;54
12/03/2018;15:45;73;13;60
12/03/2018;16:00;73;7;66
12/03/2018;16:15;100;25;75
12/03/2018;16:30;107;18;89
12/03/2018;16:45;98;22;76
12/03/2018;17:00;90;12;78
12/03/2018;17:15;112;21;91
12/03/2018;17:30;102;22;80
12/03/2018;17:45;110;30;80
12/03/2018;18:00;84;13;71
12/03/2018;18:15;87;13;74
12/03/2018;18:30;78;14;64
12/03/2018;18:45;71;13;58
12/03/2018;19:00;56;12;44
12/03/2018;19:15;57;19;38
12/03/2018;19:30;53;10;43
12/03/2018;19:45;36;9;27
12/03/2018;20:00;44;8;36
12/03/2018;20:15;60;10;50
12/03/2018;20:30;19;4;15
12/03/2018;20:45;28;4;24
12/03/2018;21:00;32;9;23
12/03/2018;21:15;30;4;26
12/03/2018;21:30;29;5;24
12/03/2018;21:45;24;3;21
12/03/2018;22:00;24;7;17
12/03/2018;22:15;26;5;21
12/03/2018;22:30;19;5;14
12/03/2018;22:45;4;2;2
12/03/2018;23:00;16;7;9
12/03/2018;23:15;9;2;7
12/03/2018;23:30;7;1;6
12/03/2018;23:45;6;1;5
13/03/2018;00:00;6;0;6
13/03/2018;00:15;7;1;6
13/03/2018;00:30;2;1;1
13/03/2018;00:45;2;0;2
13/03/2018;01:00;3;2;1
13/03/2018;01:15;2;1;1
13/03/2018;01:30;2;0;2
13/03/2018;01:45;0;0;0
13/03/2018;02:00;3;2;1
13/03/2018;02:15;1;1;0
13/03/2018;02:30;3;0;3
13/03/2018;02:45;1;1;0
13/03/2018;03:00;2;0;2
13/03/2018;03:15;1;1;0
13/03/2018;03:30;3;1;2
13/03/2018;03:45;1;0;1
13/03/2018;04:00;0;0;0
13/03/2018;04:15;0;0;0
13/03/2018;04:30;3;2;1
13/03/2018;04:45;1;0;1
13/03/2018;05:00;2;0;2
13/03/2018;05:15;2;0;2
13/03/2018;05:30;10;2;8
13/03/2018;05:45;7;3;4
13/03/2018;06:00;11;5;6
13/03/2018;06:15;19;8;11
13/03/2018;06:30;16;6;10
13/03/2018;06:45;26;14;12
13/03/2018;07:00;33;15;18
13/03/2018;07:15;50;25;25
13/03/2018;07:30;79;40;39
13/03/2018;07:45;120;73;47
13/03/2018;08:00;65;35;30
13/03/2018;08:15;74;36;38
13/03/2018;08:30;82;43;39
13/03/2018;08:45;70;41;29
13/03/2018;09:00;30;19;11
13/03/2018;09:15;39;18;21
13/03/2018;09:30;20;9;11
13/03/2018;09:45;27;16;11
13/03/2018;10:00;21;12;9
13/03/2018;10:15;25;7;18
13/03/2018;10:30;18;8;10
13/03/2018;10:45;24;10;14
13/03/2018;11:00;14;5;9
13/03/2018;11:15;17;8;9
13/03/2018;11:30;14;8;6
13/03/2018;11:45;18;5;13
13/03/2018;12:00;21;6;15
13/03/2018;12:15;38;10;28
13/03/2018;12:30;27;3;24
13/03/2018;12:45;31;6;25
13/03/2018;13:00;30;5;25
13/03/2018;13:15;42;6;36
13/03/2018;13:30;47;8;39
13/03/2018;13:45;33;6;27
13/03/2018;14:00;30;9;21
13/03/2018;14:15;32;5;27
13/03/2018;14:30;22;7;15
13/03/2018;14:45;32;9;23
13/03/2018;15:00;40;4;36
13/03/2018;15:15;33;7;26
13/03/2018;15:30;55;9;46
13/03/2018;15:45;57;9;48
13/03/2018;16:00;76;8;68
13/03/2018;16:15;62;7;55
13/03/2018;16:30;51;11;40
13/03/2018;16:45;77;15;62
13/03/2018;17:00;67;12;55
13/03/2018;17:15;94;15;79
13/03/2018;17:30;58;7;51
13/03/2018;17:45;85;16;69
13/03/2018;18:00;69;11;58
13/03/2018;18:15;81;14;67
13/03/2018;18:30;58;5;53
13/03/2018;18:45;52;14;38
13/03/2018;19:00;47;6;41
13/03/2018;19:15;42;5;37
13/03/2018;19:30;41;7;34
13/03/2018;19:45;39;9;30
13/03/2018;20:00;24;0;24
13/03/2018;20:15;31;4;27
13/03/2018;20:30;26;10;16
13/03/2018;20:45;27;3;24
13/03/2018;21:00;24;4;20
13/03/2018;21:15;11;2;9
13/03/2018;21:30;24;9;15
13/03/2018;21:45;15;2;13
13/03/2018;22:00;25;11;14
13/03/2018;22:15;12;1;11
13/03/2018;22:30;11;2;9
13/03/2018;22:45;13;4;9
13/03/2018;23:00;8;1;7
13/03/2018;23:15;7;1;6
13/03/2018;23:30;6;0;6
13/03/2018;23:45;3;0;3
14/03/2018;00:00;3;0;3
14/03/2018;00:15;4;0;4
14/03/2018;00:30;2;0;2
14/03/2018;00:45;0;0;0
14/03/2018;01:00;0;0;0
14/03/2018;01:15;1;0;1
14/03/2018;01:30;2;0;2
14/03/2018;01:45;1;1;0
14/03/2018;02:00;0;0;0
14/03/2018;02:15;0;0;0
14/03/2018;02:30;0;0;0
14/03/2018;02:45;0;0;0
14/03/2018;03:00;1;1;0
14/03/2018;03:15;2;0;2
14/03/2018;03:30;0;0;0
14/03/2018;03:45;2;1;1
14/03/2018;04:00;1;1;0
14/03/2018;04:15;2;1;1
14/03/2018;04:30;4;2;2
14/03/2018;04:45;2;1;1
14/03/2018;05:00;0;0;0
14/03/2018;05:15;3;1;2
14/03/2018;05:30;11;3;8
14/03/2018;05:45;10;6;4
14/03/2018;06:00;11;4;7
14/03/2018;06:15;11;6;5
14/03/2018;06:30;29;6;23
14/03/2018;06:45;37;21;16
14/03/2018;07:00;47;22;25
14/03/2018;07:15;45;19;26
14/03/2018;07:30;88;40;48
14/03/2018;07:45;111;66;45
14/03/2018;08:00;70;36;34
14/03/2018;08:15;92;39;53
14/03/2018;08:30;75;39;36
14/03/2018;08:45;87;43;44
14/03/2018;09:00;62;37;25
14/03/2018;09:15;56;25;31
14/03/2018;09:30;52;27;25
14/03/2018;09:45;54;35;19
14/03/2018;10:00;36;16;20
14/03/2018;10:15;37;18;19
14/03/2018;10:30;31;13;18
14/03/2018;10:45;33;14;19
14/03/2018;11:00;43;14;29
14/03/2018;11:15;40;16;24
14/03/2018;11:30;53;17;36
14/03/2018;11:45;44;16;28
14/03/2018;12:00;44;16;28
14/03/2018;12:15;50;16;34
14/03/2018;12:30;78;21;57
14/03/2018;12:45;68;21;47
14/03/2018;13:00;61;12;49
14/03/2018;13:15;63;11;52
14/03/2018;13:30;70;15;55
14/03/2018;13:45;75;15;60
14/03/2018;14:00;67;20;47
14/03/2018;14:15;82;12;70
14/03/2018;14:30;57;11;46
14/03/2018;14:45;70;20;50
14/03/2018;15:00;73;15;58
14/03/2018;15:15;92;14;78
14/03/2018;15:30;105;12;93
14/03/2018;15:45;98;20;78
14/03/2018;16:00;95;9;86
14/03/2018;16:15;99;13;86
14/03/2018;16:30;100;22;78
14/03/2018;16:45;125;23;102
14/03/2018;17:00;120;21;99
14/03/2018;17:15;116;19;97
14/03/2018;17:30;119;23;96
14/03/2018;17:45;125;30;95
14/03/2018;18:00;100;22;78
14/03/2018;18:15;94;21;73
14/03/2018;18:30;90;17;73
14/03/2018;18:45;85;26;59
14/03/2018;19:00;80;10;70
14/03/2018;19:15;70;12;58
14/03/2018;19:30;43;9;34
14/03/2018;19:45;62;17;45
14/03/2018;20:00;53;9;44
14/03/2018;20:15;57;7;50
14/03/2018;20:30;36;7;29
14/03/2018;20:45;35;6;29
14/03/2018;21:00;30;7;23
14/03/2018;21:15;34;9;25
14/03/2018;21:30;44;8;36
14/03/2018;21:45;35;11;24
14/03/2018;22:00;30;4;26
14/03/2018;22:15;31;6;25
14/03/2018;22:30;33;4;29
14/03/2018;22:45;16;1;15
14/03/2018;23:00;15;2;13
14/03/2018;23:15;19;1;18
14/03/2018;23:30;9;0;9
14/03/2018;23:45;7;0;7
15/03/2018;00:00;5;1;4
15/03/2018;00:15;5;1;4
15/03/2018;00:30;6;0;6
15/03/2018;00:45;2;1;1
15/03/2018;01:00;1;0;1
15/03/2018;01:15;2;0;2
15/03/2018;01:30;3;0;3
15/03/2018;01:45;1;0;1
15/03/2018;02:00;3;2;1
15/03/2018;02:15;0;0;0
15/03/2018;02:30;1;0;1
15/03/2018;02:45;0;0;0
15/03/2018;03:00;0;0;0
15/03/2018;03:15;2;0;2
15/03/2018;03:30;1;0;1
15/03/2018;03:45;0;0;0
15/03/2018;04:00;1;1;0
15/03/2018;04:15;1;1;0
15/03/2018;04:30;4;2;2
15/03/2018;04:45;1;0;1
15/03/2018;05:00;3;0;3
15/03/2018;05:15;5;4;1
15/03/2018;05:30;8;0;8
15/03/2018;05:45;8;2;6
15/03/2018;06:00;14;8;6
15/03/2018;06:15;22;9;13
15/03/2018;06:30;35;14;21
15/03/2018;06:45;36;12;24
15/03/2018;07:00;36;18;18
15/03/2018;07:15;53;24;29
15/03/2018;07:30;87;45;42
15/03/2018;07:45;117;62;55
15/03/2018;08:00;92;46;46
15/03/2018;08:15;105;53;52
15/03/2018;08:30;83;43;40
15/03/2018;08:45;95;43;52
15/03/2018;09:00;68;39;29
15/03/2018;09:15;51;16;35
15/03/2018;09:30;47;20;27
15/03/2018;09:45;56;21;35
15/03/2018;10:00;39;21;18
15/03/2018;10:15;34;12;22
15/03/2018;10:30;37;11;26
15/03/2018;10:45;42;17;25
15/03/2018;11:00;34;11;23
15/03/2018;11:15;29;9;20
15/03/2018;11:30;39;11;28
15/03/2018;11:45;52;25;27
15/03/2018;12:00;56;25;31
15/03/2018;12:15;60;19;41
15/03/2018;12:30;68;18;50
15/03/2018;12:45;54;10;44
15/03/2018;13:00;55;11;44
15/03/2018;13:15;59;16;43
15/03/2018;13:30;63;16;47
15/03/2018;13:45;51;11;40
15/03/2018;14:00;51;10;41
15/03/2018;14:15;57;11;46
15/03/2018;14:30;56;11;45
15/03/2018;14:45;58;9;49
15/03/2018;15:00;77;20;57
15/03/2018;15:15;72;12;60
15/03/2018;15:30;77;10;67
15/03/2018;15:45;84;12;72
15/03/2018;16:00;87;20;67
15/03/2018;16:15;90;19;71
15/03/2018;16:30;115;24;91
15/03/2018;16:45;108;19;89
15/03/2018;17:00;100;13;87
15/03/2018;17:15;92;10;82
15/03/2018;17:30;105;15;90
15/03/2018;17:45;110;21;89
15/03/2018;18:00;118;23;95
15/03/2018;18:15;122;17;105
15/03/2018;18:30;80;12;68
15/03/2018;18:45;77;21;56
15/03/2018;19:00;54;8;46
15/03/2018;19:15;61;12;49
15/03/2018;19:30;59;19;40
15/03/2018;19:45;40;7;33
15/03/2018;20:00;31;7;24
15/03/2018;20:15;43;3;40
15/03/2018;20:30;24;5;19
15/03/2018;20:45;29;5;24
15/03/2018;21:00;21;7;14
15/03/2018;21:15;34;11;23
15/03/2018;21:30;27;8;19
15/03/2018;21:45;36;5;31
15/03/2018;22:00;21;7;14
15/03/2018;22:15;22;6;16
15/03/2018;22:30;25;3;22
15/03/2018;22:45;15;2;13
15/03/2018;23:00;12;1;11
15/03/2018;23:15;8;1;7
15/03/2018;23:30;10;2;8
15/03/2018;23:45;8;3;5
16/03/2018;00:00;10;5;5
16/03/2018;00:15;7;1;6
16/03/2018;00:30;6;2;4
16/03/2018;00:45;0;0;0
16/03/2018;01:00;1;1;0
16/03/2018;01:15;5;0;5
16/03/2018;01:30;1;0;1
16/03/2018;01:45;1;0;1
16/03/2018;02:00;0;0;0
16/03/2018;02:15;1;0;1
16/03/2018;02:30;1;1;0
16/03/2018;02:45;1;0;1
16/03/2018;03:00;2;0;2
16/03/2018;03:15;1;0;1
16/03/2018;03:30;1;0;1
16/03/2018;03:45;0;0;0
16/03/2018;04:00;0;0;0
16/03/2018;04:15;1;1;0
16/03/2018;04:30;2;1;1
16/03/2018;04:45;2;1;1
16/03/2018;05:00;3;1;2
16/03/2018;05:15;3;1;2
16/03/2018;05:30;9;3;6
16/03/2018;05:45;4;2;2
16/03/2018;06:00;7;3;4
16/03/2018;06:15;18;11;7
16/03/2018;06:30;24;10;14
16/03/2018;06:45;18;8;10
16/03/2018;07:00;32;12;20
16/03/2018;07:15;38;18;20
16/03/2018;07:30;66;19;47
16/03/2018;07:45;87;49;38
16/03/2018;08:00;61;33;28
16/03/2018;08:15;58;26;32
16/03/2018;08:30;67;31;36
16/03/2018;08:45;59;34;25
16/03/2018;09:00;47;21;26
16/03/2018;09:15;34;19;15
16/03/2018;09:30;39;25;14
16/03/2018;09:45;44;19;25
16/03/2018;10:00;23;12;11
16/03/2018;10:15;30;12;18
16/03/2018;10:30;36;11;25
16/03/2018;10:45;40;18;22
16/03/2018;11:00;27;9;18
16/03/2018;11:15;33;13;20
16/03/2018;11:30;25;8;17
16/03/2018;11:45;32;13;19
16/03/2018;12:00;37;8;29
16/03/2018;12:15;37;7;30
16/03/2018;12:30;44;12;32
16/03/2018;12:45;42;8;34
16/03/2018;13:00;54;14;40
16/03/2018;13:15;63;8;55
16/03/2018;13:30;53;14;39
16/03/2018;13:45;43;5;38
16/03/2018;14:00;48;14;34
16/03/2018;14:15;50;4;46
16/03/2018;14:30;59;10;49
16/03/2018;14:45;61;8;53
16/03/2018;15:00;56;13;43
16/03/2018;15:15;51;18;33
16/03/2018;15:30;62;10;52
16/03/2018;15:45;63;12;51
16/03/2018;16:00;69;9;60
16/03/2018;16:15;67;9;58
16/03/2018;16:30;63;15;48
16/03/2018;16:45;79;21;58
16/03/2018;17:00;57;8;49
16/03/2018;17:15;59;10;49
16/03/2018;17:30;72;16;56
16/03/2018;17:45;47;13;34
16/03/2018;18:00;66;13;53
16/03/2018;18:15;59;7;52
16/03/2018;18:30;65;19;46
16/03/2018;18:45;47;14;33
16/03/2018;19:00;52;8;44
16/03/2018;19:15;45;4;41
16/03/2018;19:30;38;10;28
16/03/2018;19:45;38;6;32
16/03/2018;20:00;36;5;31
16/03/2018;20:15;38;7;31
16/03/2018;20:30;23;5;18
16/03/2018;20:45;23;7;16
16/03/2018;21:00;11;1;10
16/03/2018;21:15;19;3;16
16/03/2018;21:30;7;4;3
16/03/2018;21:45;23;6;17
16/03/2018;22:00;17;3;14
16/03/2018;22:15;19;3;16
16/03/2018;22:30;30;6;24
16/03/2018;22:45;19;1;18
16/03/2018;23:00;9;5;4
16/03/2018;23:15;13;2;11
16/03/2018;23:30;9;2;7
16/03/2018;23:45;11;3;8
17/03/2018;00:00;7;1;6
17/03/2018;00:15;10;0;10
17/03/2018;00:30;5;4;1
17/03/2018;00:45;2;0;2
17/03/2018;01:00;8;3;5
17/03/2018;01:15;8;1;7
17/03/2018;01:30;9;2;7
17/03/2018;01:45;10;4;6
17/03/2018;02:00;3;0;3
17/03/2018;02:15;2;0;2
17/03/2018;02:30;2;0;2
17/03/2018;02:45;2;1;1
17/03/2018;03:00;1;0;1
17/03/2018;03:15;2;1;1
17/03/2018;03:30;0;0;0
17/03/2018;03:45;1;0;1
17/03/2018;04:00;4;2;2
17/03/2018;04:15;9;1;8
17/03/2018;04:30;6;1;5
17/03/2018;04:45;2;0;2
17/03/2018;05:00;0;0;0
17/03/2018;05:15;2;1;1
17/03/2018;05:30;2;0;2
17/03/2018;05:45;2;1;1
17/03/2018;06:00;1;0;1
17/03/2018;06:15;2;0;2
17/03/2018;06:30;3;1;2
17/03/2018;06:45;4;3;1
17/03/2018;07:00;1;0;1
17/03/2018;07:15;4;2;2
17/03/2018;07:30;7;2;5
17/03/2018;07:45;11;3;8
17/03/2018;08:00;4;2;2
17/03/2018;08:15;7;2;5
17/03/2018;08:30;11;6;5
17/03/2018;08:45;13;4;9
17/03/2018;09:00;11;2;9
17/03/2018;09:15;8;7;1
17/03/2018;09:30;20;11;9
17/03/2018;09:45;21;17;4
17/03/2018;10:00;28;12;16
17/03/2018;10:15;20;5;15
17/03/2018;10:30;27;10;17
17/03/2018;10:45;18;8;10
17/03/2018;11:00;18;7;11
17/03/2018;11:15;30;16;14
17/03/2018;11:30;24;4;20
17/03/2018;11:45;30;16;14
17/03/2018;12:00;22;5;17
17/03/2018;12:15;30;7;23
17/03/2018;12:30;25;9;16
17/03/2018;12:45;37;12;25
17/03/2018;13:00;30;9;21
17/03/2018;13:15;23;7;16
17/03/2018;13:30;27;8;19
17/03/2018;13:45;25;7;18
17/03/2018;14:00;33;5;28
17/03/2018;14:15;33;5;28
17/03/2018;14:30;35;9;26
17/03/2018;14:45;39;9;30
17/03/2018;15:00;31;9;22
17/03/2018;15:15;28;10;18
17/03/2018;15:30;27;9;18
17/03/2018;15:45;27;10;17
17/03/2018;16:00;21;5;16
17/03/2018;16:15;29;8;21
17/03/2018;16:30;22;4;18
17/03/2018;16:45;24;7;17
17/03/2018;17:00;21;3;18
17/03/2018;17:15;24;2;22
17/03/2018;17:30;36;5;31
17/03/2018;17:45;35;9;26
17/03/2018;18:00;23;4;19
17/03/2018;18:15;25;3;22
17/03/2018;18:30;28;13;15
17/03/2018;18:45;25;6;19
17/03/2018;19:00;36;4;32
17/03/2018;19:15;28;6;22
17/03/2018;19:30;36;10;26
17/03/2018;19:45;18;4;14
17/03/2018;20:00;15;2;13
17/03/2018;20:15;7;3;4
17/03/2018;20:30;24;6;18
17/03/2018;20:45;10;2;8
17/03/2018;21:00;7;4;3
17/03/2018;21:15;10;4;6
17/03/2018;21:30;3;1;2
17/03/2018;21:45;7;0;7
17/03/2018;22:00;13;5;8
17/03/2018;22:15;8;1;7
17/03/2018;22:30;4;2;2
17/03/2018;22:45;19;6;13
17/03/2018;23:00;15;3;12
17/03/2018;23:15;6;4;2
17/03/2018;23:30;9;1;8
17/03/2018;23:45;8;1;7
18/03/2018;00:00;6;1;5
18/03/2018;00:15;9;4;5
18/03/2018;00:30;7;1;6
18/03/2018;00:45;8;2;6
18/03/2018;01:00;9;0;9
18/03/2018;01:15;6;1;5
18/03/2018;01:30;4;1;3
18/03/2018;01:45;7;0;7
18/03/2018;02:00;7;3;4
18/03/2018;02:15;8;3;5
18/03/2018;02:30;3;0;3
18/03/2018;02:45;3;0;3
18/03/2018;03:00;6;0;6
18/03/2018;03:15;0;0;0
18/03/2018;03:30;3;0;3
18/03/2018;03:45;1;0;1
18/03/2018;04:00;0;0;0
18/03/2018;04:15;1;0;1
18/03/2018;04:30;4;1;3
18/03/2018;04:45;0;0;0
18/03/2018;05:00;0;0;0
18/03/2018;05:15;0;0;0
18/03/2018;05:30;1;0;1
18/03/2018;05:45;0;0;0
18/03/2018;06:00;1;0;1
18/03/2018;06:15;1;1;0
18/03/2018;06:30;1;0;1
18/03/2018;06:45;4;2;2
18/03/2018;07:00;1;0;1
18/03/2018;07:15;1;0;1
18/03/2018;07:30;1;0;1
18/03/2018;07:45;1;0;1
18/03/2018;08:00;1;1;0
18/03/2018;08:15;3;1;2
18/03/2018;08:30;2;0;2
18/03/2018;08:45;7;1;6
18/03/2018;09:00;5;1;4
18/03/2018;09:15;12;5;7
18/03/2018;09:30;10;3;7
18/03/2018;09:45;11;5;6
18/03/2018;10:00;5;2;3
18/03/2018;10:15;17;7;10
18/03/2018;10:30;7;2;5
18/03/2018;10:45;4;0;4
18/03/2018;11:00;9;3;6
18/03/2018;11:15;8;1;7
18/03/2018;11:30;13;5;8
18/03/2018;11:45;15;5;10
18/03/2018;12:00;13;2;11
18/03/2018;12:15;8;2;6
18/03/2018;12:30;17;6;11
18/03/2018;12:45;14;5;9
18/03/2018;13:00;13;2;11
18/03/2018;13:15;13;4;9
18/03/2018;13:30;15;2;13
18/03/2018;13:45;17;8;9
18/03/2018;14:00;19;6;13
18/03/2018;14:15;23;8;15
18/03/2018;14:30;22;6;16
18/03/2018;14:45;23;4;19
18/03/2018;15:00;14;2;12
18/03/2018;15:15;30;11;19
18/03/2018;15:30;19;4;15
18/03/2018;15:45;27;11;16
18/03/2018;16:00;19;3;16
18/03/2018;16:15;15;6;9
18/03/2018;16:30;10;3;7
18/03/2018;16:45;21;9;12
18/03/2018;17:00;17;4;13
18/03/2018;17:15;21;8;13
18/03/2018;17:30;21;8;13
18/03/2018;17:45;33;12;21
18/03/2018;18:00;15;7;8
18/03/2018;18:15;16;9;7
18/03/2018;18:30;14;3;11
18/03/2018;18:45;25;6;19
18/03/2018;19:00;9;0;9
18/03/2018;19:15;17;4;13
18/03/2018;19:30;29;8;21
18/03/2018;19:45;21;5;16
18/03/2018;20:00;21;4;17
18/03/2018;20:15;17;3;14
18/03/2018;20:30;11;0;11
18/03/2018;20:45;13;2;11
18/03/2018;21:00;6;0;6
18/03/2018;21:15;10;3;7
18/03/2018;21:30;15;0;15
18/03/2018;21:45;5;1;4
18/03/2018;22:00;10;3;7
18/03/2018;22:15;12;4;8
18/03/2018;22:30;4;0;4
18/03/2018;22:45;8;0;8
18/03/2018;23:00;3;1;2
18/03/2018;23:15;4;4;0
18/03/2018;23:30;4;1;3
18/03/2018;23:45;0;0;0
19/03/2018;00:00;2;0;2
19/03/2018;00:15;3;2;1
19/03/2018;00:30;5;3;2
19/03/2018;00:45;2;1;1
19/03/2018;01:00;1;0;1
19/03/2018;01:15;1;0;1
19/03/2018;01:30;1;0;1
19/03/2018;01:45;0;0;0
19/03/2018;02:00;0;0;0
19/03/2018;02:15;0;0;0
19/03/2018;02:30;0;0;0
19/03/2018;02:45;1;1;0
19/03/2018;03:00;0;0;0
19/03/2018;03:15;0;0;0
19/03/2018;03:30;0;0;0
19/03/2018;03:45;2;1;1
19/03/2018;04:00;0;0;0
19/03/2018;04:15;5;4;1
19/03/2018;04:30;1;1;0
19/03/2018;04:45;2;0;2
19/03/2018;05:00;2;1;1
19/03/2018;05:15;3;1;2
19/03/2018;05:30;5;2;3
19/03/2018;05:45;12;5;7
19/03/2018;06:00;9;3;6
19/03/2018;06:15;12;8;4
19/03/2018;06:30;29;12;17
19/03/2018;06:45;21;12;9
19/03/2018;07:00;39;19;20
19/03/2018;07:15;45;20;25
19/03/2018;07:30;78;41;37
19/03/2018;07:45;82;54;28
19/03/2018;08:00;69;37;32
19/03/2018;08:15;75;33;42
19/03/2018;08:30;63;24;39
19/03/2018;08:45;59;32;27
19/03/2018;09:00;50;26;24
19/03/2018;09:15;40;23;17
19/03/2018;09:30;36;15;21
19/03/2018;09:45;26;14;12
19/03/2018;10:00;25;13;12
19/03/2018;10:15;25;9;16
19/03/2018;10:30;20;7;13
19/03/2018;10:45;35;9;26
19/03/2018;11:00;31;8;23
19/03/2018;11:15;14;8;6
19/03/2018;11:30;33;9;24
19/03/2018;11:45;23;9;14
19/03/2018;12:00;34;14;20
19/03/2018;12:15;31;6;25
19/03/2018;12:30;43;9;34
19/03/2018;12:45;41;11;30
19/03/2018;13:00;42;15;27
19/03/2018;13:15;60;6;54
19/03/2018;13:30;64;18;46
19/03/2018;13:45;43;16;27
19/03/2018;14:00;46;8;38
19/03/2018;14:15;53;10;43
19/03/2018;14:30;54;10;44
19/03/2018;14:45;52;9;43
19/03/2018;15:00;62;15;47
19/03/2018;15:15;63;15;48
19/03/2018;15:30;52;13;39
19/03/2018;15:45;64;12;52
19/03/2018;16:00;83;13;70
19/03/2018;16:15;107;24;83
19/03/2018;16:30;90;19;71
19/03/2018;16:45;100;29;71
19/03/2018;17:00;108;15;93
19/03/2018;17:15;116;19;97
19/03/2018;17:30;107;18;89
19/03/2018;17:45;110;16;94
19/03/2018;18:00;95;16;79
19/03/2018;18:15;84;9;75
19/03/2018;18:30;69;18;51
19/03/2018;18:45;80;19;61
19/03/2018;19:00;68;16;52
19/03/2018;19:15;64;9;55
19/03/2018;19:30;57;13;44
19/03/2018;19:45;50;8;42
19/03/2018;20:00;40;9;31
19/03/2018;20:15;54;9;45
19/03/2018;20:30;26;2;24
19/03/2018;20:45;23;6;17
19/03/2018;21:00;33;4;29
19/03/2018;21:15;19;3;16
19/03/2018;21:30;28;2;26
19/03/2018;21:45;26;8;18
19/03/2018;22:00;17;2;15
19/03/2018;22:15;18;4;14
19/03/2018;22:30;16;5;11
19/03/2018;22:45;19;7;12
19/03/2018;23:00;9;2;7
19/03/2018;23:15;10;0;10
19/03/2018;23:30;5;3;2
19/03/2018;23:45;6;1;5
20/03/2018;00:00;7;0;7
20/03/2018;00:15;1;1;0
20/03/2018;00:30;7;0;7
20/03/2018;00:45;0;0;0
20/03/2018;01:00;4;1;3
20/03/2018;01:15;0;0;0
20/03/2018;01:30;1;0;1
20/03/2018;01:45;1;0;1
20/03/2018;02:00;2;0;2
20/03/2018;02:15;2;0;2
20/03/2018;02:30;0;0;0
20/03/2018;02:45;0;0;0
20/03/2018;03:00;0;0;0
20/03/2018;03:15;0;0;0
20/03/2018;03:30;2;0;2
20/03/2018;03:45;0;0;0
20/03/2018;04:00;0;0;0
20/03/2018;04:15;4;2;2
20/03/2018;04:30;4;3;1
20/03/2018;04:45;0;0;0
20/03/2018;05:00;5;1;4
20/03/2018;05:15;1;0;1
20/03/2018;05:30;7;2;5
20/03/2018;05:45;8;5;3
20/03/2018;06:00;9;6;3
20/03/2018;06:15;13;8;5
20/03/2018;06:30;24;5;19
20/03/2018;06:45;25;11;14
20/03/2018;07:00;37;17;20
20/03/2018;07:15;45;19;26
20/03/2018;07:30;73;37;36
20/03/2018;07:45;86;50;36
20/03/2018;08:00;73;37;36
20/03/2018;08:15;71;41;30
20/03/2018;08:30;48;26;22
20/03/2018;08:45;59;30;29
20/03/2018;09:00;38;18;20
20/03/2018;09:15;32;20;12
20/03/2018;09:30;32;16;16
20/03/2018;09:45;24;14;10
20/03/2018;10:00;21;8;13
20/03/2018;10:15;21;9;12
20/03/2018;10:30;26;10;16
20/03/2018;10:45;21;9;12
20/03/2018;11:00;19;11;8
20/03/2018;11:15;31;10;21
20/03/2018;11:30;30;8;22
20/03/2018;11:45;26;12;14
20/03/2018;12:00;29;6;23
20/03/2018;12:15;38;8;30
20/03/2018;12:30;35;9;26
20/03/2018;12:45;46;19;27
20/03/2018;13:00;38;6;32
20/03/2018;13:15;56;13;43
20/03/2018;13:30;68;17;51
20/03/2018;13:45;39;7;32
20/03/2018;14:00;45;8;37
20/03/2018;14:15;33;9;24
20/03/2018;14:30;43;9;34
20/03/2018;14:45;47;13;34
20/03/2018;15:00;50;11;39
20/03/2018;15:15;54;11;43
20/03/2018;15:30;54;10;44
20/03/2018;15:45;75;15;60
20/03/2018;16:00;94;21;73
20/03/2018;16:15;76;15;61
20/03/2018;16:30;80;9;71
20/03/2018;16:45;102;23;79
20/03/2018;17:00;125;23;102
20/03/2018;17:15;82;19;63
20/03/2018;17:30;78;9;69
20/03/2018;17:45;96;11;85
20/03/2018;18:00;72;11;61
20/03/2018;18:15;84;17;67
20/03/2018;18:30;76;23;53
20/03/2018;18:45;73;16;57
20/03/2018;19:00;52;9;43
20/03/2018;19:15;58;10;48
20/03/2018;19:30;61;9;52
20/03/2018;19:45;52;20;32
20/03/2018;20:00;46;8;38
20/03/2018;20:15;35;5;30
20/03/2018;20:30;31;8;23
20/03/2018;20:45;30;10;20
20/03/2018;21:00;36;3;33
20/03/2018;21:15;17;1;16
20/03/2018;21:30;19;7;12
20/03/2018;21:45;31;4;27
20/03/2018;22:00;24;6;18
20/03/2018;22:15;28;6;22
20/03/2018;22:30;11;3;8
20/03/2018;22:45;14;1;13
20/03/2018;23:00;9;0;9
20/03/2018;23:15;13;3;10
20/03/2018;23:30;6;2;4
20/03/2018;23:45;5;1;4
21/03/2018;00:00;8;1;7
21/03/2018;00:15;8;0;8
21/03/2018;00:30;2;1;1
21/03/2018;00:45;2;0;2
21/03/2018;01:00;1;0;1
21/03/2018;01:15;0;0;0
21/03/2018;01:30;6;0;6
21/03/2018;01:45;3;0;3
21/03/2018;02:00;0;0;0
21/03/2018;02:15;0;0;0
21/03/2018;02:30;0;0;0
21/03/2018;02:45;1;0;1
21/03/2018;03:00;0;0;0
21/03/2018;03:15;0;0;0
21/03/2018;03:30;1;0;1
21/03/2018;03:45;1;0;1
21/03/2018;04:00;0;0;0
21/03/2018;04:15;1;1;0
21/03/2018;04:30;3;2;1
21/03/2018;04:45;4;1;3
21/03/2018;05:00;4;1;3
21/03/2018;05:15;11;9;2
21/03/2018;05:30;11;4;7
21/03/2018;05:45;19;9;10
21/03/2018;06:00;26;9;17
21/03/2018;06:15;23;9;14
21/03/2018;06:30;47;20;27
21/03/2018;06:45;41;16;25
21/03/2018;07:00;64;34;30
21/03/2018;07:15;112;51;61
21/03/2018;07:30;147;98;49
21/03/2018;07:45;135;72;63
21/03/2018;08:00;127;51;76
21/03/2018;08:15;122;48;74
21/03/2018;08:30;106;57;49
21/03/2018;08:45;108;57;51
21/03/2018;09:00;91;51;40
21/03/2018;09:15;76;37;39
21/03/2018;09:30;76;48;28
21/03/2018;09:45;65;34;31
21/03/2018;10:00;46;20;26
21/03/2018;10:15;52;26;26
21/03/2018;10:30;63;22;41
21/03/2018;10:45;54;15;39
21/03/2018;11:00;57;24;33
21/03/2018;11:15;59;20;39
21/03/2018;11:30;61;24;37
21/03/2018;11:45;59;12;47
21/03/2018;12:00;63;18;45
21/03/2018;12:15;61;19;42
21/03/2018;12:30;59;17;42
21/03/2018;12:45;90;15;75
21/03/2018;13:00;76;12;64
21/03/2018;13:15;100;10;90
21/03/2018;13:30;96;18;78
21/03/2018;13:45;90;15;75
21/03/2018;14:00;90;17;73
21/03/2018;14:15;114;16;98
21/03/2018;14:30;84;17;67
21/03/2018;14:45;93;25;68
21/03/2018;15:00;92;20;72
21/03/2018;15:15;101;24;77
21/03/2018;15:30;99;16;83
21/03/2018;15:45;113;25;88
21/03/2018;16:00;140;12;128
21/03/2018;16:15;149;31;118
21/03/2018;16:30;168;34;134
21/03/2018;16:45;158;30;128
21/03/2018;17:00;158;33;125
21/03/2018;17:15;145;21;124
21/03/2018;17:30;151;21;130
21/03/2018;17:45;150;32;118
21/03/2018;18:00;133;30;103
21/03/2018;18:15;152;32;120
21/03/2018;18:30;121;24;97
21/03/2018;18:45;122;19;103
21/03/2018;19:00;99;17;82
21/03/2018;19:15;103;21;82
21/03/2018;19:30;82;19;63
21/03/2018;19:45;93;23;70
21/03/2018;20:00;70;14;56
21/03/2018;20:15;78;14;64
21/03/2018;20:30;60;12;48
21/03/2018;20:45;38;15;23
21/03/2018;21:00;34;7;27
21/03/2018;21:15;30;4;26
21/03/2018;21:30;55;17;38
21/03/2018;21:45;37;2;35
21/03/2018;22:00;36;10;26
21/03/2018;22:15;35;7;28
21/03/2018;22:30;32;9;23
21/03/2018;22:45;28;2;26
21/03/2018;23:00;25;0;25
21/03/2018;23:15;19;3;16
21/03/2018;23:30;22;4;18
21/03/2018;23:45;17;5;12
22/03/2018;00:00;10;3;7
22/03/2018;00:15;12;1;11
22/03/2018;00:30;12;1;11
22/03/2018;00:45;2;0;2
22/03/2018;01:00;12;0;12
22/03/2018;01:15;4;1;3
22/03/2018;01:30;3;1;2
22/03/2018;01:45;2;0;2
22/03/2018;02:00;3;0;3
22/03/2018;02:15;2;0;2
22/03/2018;02:30;0;0;0
22/03/2018;02:45;4;1;3
22/03/2018;03:00;0;0;0
22/03/2018;03:15;0;0;0
22/03/2018;03:30;1;0;1
22/03/2018;03:45;0;0;0
22/03/2018;04:00;2;0;2
22/03/2018;04:15;1;1;0
22/03/2018;04:30;7;4;3
22/03/2018;04:45;1;0;1
22/03/2018;05:00;1;0;1
22/03/2018;05:15;4;2;2
22/03/2018;05:30;5;0;5
22/03/2018;05:45;11;6;5
22/03/2018;06:00;12;4;8
22/03/2018;06:15;17;8;9
22/03/2018;06:30;25;6;19
22/03/2018;06:45;29;12;17
22/03/2018;07:00;41;21;20
22/03/2018;07:15;47;18;29
22/03/2018;07:30;83;40;43
22/03/2018;07:45;89;45;44
22/03/2018;08:00;58;36;22
22/03/2018;08:15;47;24;23
22/03/2018;08:30;43;28;15
22/03/2018;08:45;40;22;18
22/03/2018;09:00;36;16;20
22/03/2018;09:15;28;21;7
22/03/2018;09:30;27;16;11
22/03/2018;09:45;25;10;15
22/03/2018;10:00;23;11;12
22/03/2018;10:15;12;3;9
22/03/2018;10:30;18;9;9
22/03/2018;10:45;9;4;5
22/03/2018;11:00;22;9;13
22/03/2018;11:15;19;5;14
22/03/2018;11:30;21;8;13
22/03/2018;11:45;23;8;15
22/03/2018;12:00;28;7;21
22/03/2018;12:15;25;6;19
22/03/2018;12:30;20;9;11
22/03/2018;12:45;16;6;10
22/03/2018;13:00;30;11;19
22/03/2018;13:15;40;8;32
22/03/2018;13:30;35;9;26
22/03/2018;13:45;44;10;34
22/03/2018;14:00;33;11;22
22/03/2018;14:15;39;8;31
22/03/2018;14:30;33;9;24
22/03/2018;14:45;30;6;24
22/03/2018;15:00;39;6;33
22/03/2018;15:15;59;17;42
22/03/2018;15:30;50;11;39
22/03/2018;15:45;60;15;45
22/03/2018;16:00;71;10;61
22/03/2018;16:15;66;17;49
22/03/2018;16:30;68;8;60
22/03/2018;16:45;84;19;65
22/03/2018;17:00;65;8;57
22/03/2018;17:15;86;16;70
22/03/2018;17:30;89;15;74
22/03/2018;17:45;74;10;64
22/03/2018;18:00;77;13;64
22/03/2018;18:15;58;12;46
22/03/2018;18:30;72;15;57
22/03/2018;18:45;65;13;52
22/03/2018;19:00;64;14;50
22/03/2018;19:15;49;10;39
22/03/2018;19:30;44;8;36
22/03/2018;19:45;32;11;21
22/03/2018;20:00;30;7;23
22/03/2018;20:15;29;5;24
22/03/2018;20:30;22;4;18
22/03/2018;20:45;24;10;14
22/03/2018;21:00;22;6;16
22/03/2018;21:15;20;4;16
22/03/2018;21:30;24;3;21
22/03/2018;21:45;29;7;22
22/03/2018;22:00;27;4;23
22/03/2018;22:15;19;2;17
22/03/2018;22:30;18;2;16
22/03/2018;22:45;11;1;10
22/03/2018;23:00;8;2;6
22/03/2018;23:15;9;2;7
22/03/2018;23:30;15;1;14
22/03/2018;23:45;5;1;4
23/03/2018;00:00;7;0;7
23/03/2018;00:15;5;3;2
23/03/2018;00:30;3;0;3
23/03/2018;00:45;7;0;7
23/03/2018;01:00;2;0;2
23/03/2018;01:15;3;0;3
23/03/2018;01:30;1;0;1
23/03/2018;01:45;3;1;2
23/03/2018;02:00;2;0;2
23/03/2018;02:15;1;0;1
23/03/2018;02:30;1;0;1
23/03/2018;02:45;0;0;0
23/03/2018;03:00;0;0;0
23/03/2018;03:15;0;0;0
23/03/2018;03:30;1;0;1
23/03/2018;03:45;1;1;0
23/03/2018;04:00;0;0;0
23/03/2018;04:15;1;1;0
23/03/2018;04:30;5;4;1
23/03/2018;04:45;3;0;3
23/03/2018;05:00;2;1;1
23/03/2018;05:15;4;2;2
23/03/2018;05:30;12;7;5
23/03/2018;05:45;7;5;2
23/03/2018;06:00;14;4;10
23/03/2018;06:15;12;7;5
23/03/2018;06:30;21;8;13
23/03/2018;06:45;24;7;17
23/03/2018;07:00;33;12;21
23/03/2018;07:15;53;22;31
23/03/2018;07:30;74;43;31
23/03/2018;07:45;80;44;36
23/03/2018;08:00;83;44;39
23/03/2018;08:15;70;34;36
23/03/2018;08:30;65;33;32
23/03/2018;08:45;80;30;50
23/03/2018;09:00;52;34;18
23/03/2018;09:15;34;18;16
23/03/2018;09:30;43;22;21
23/03/2018;09:45;41;20;21
23/03/2018;10:00;36;17;19
23/03/2018;10:15;50;20;30
23/03/2018;10:30;36;11;25
23/03/2018;10:45;42;11;31
23/03/2018;11:00;43;11;32
23/03/2018;11:15;33;10;23
23/03/2018;11:30;47;19;28
23/03/2018;11:45;49;17;32
23/03/2018;12:00;46;16;30
23/03/2018;12:15;54;9;45
23/03/2018;12:30;54;13;41
23/03/2018;12:45;52;14;38
23/03/2018;13:00;57;11;46
23/03/2018;13:15;56;8;48
23/03/2018;13:30;59;9;50
23/03/2018;13:45;63;14;49
23/03/2018;14:00;61;14;47
23/03/2018;14:15;88;26;62
23/03/2018;14:30;67;12;55
23/03/2018;14:45;66;14;52
23/03/2018;15:00;77;15;62
23/03/2018;15:15;67;19;48
23/03/2018;15:30;77;19;58
23/03/2018;15:45;87;27;60
23/03/2018;16:00;80;16;64
23/03/2018;16:15;88;18;70
23/03/2018;16:30;80;17;63
23/03/2018;16:45;79;14;65
23/03/2018;17:00;94;16;78
23/03/2018;17:15;64;16;48
23/03/2018;17:30;67;10;57
23/03/2018;17:45;93;15;78
23/03/2018;18:00;73;13;60
23/03/2018;18:15;74;11;63
23/03/2018;18:30;72;24;48
23/03/2018;18:45;54;11;43
23/03/2018;19:00;49;15;34
23/03/2018;19:15;51;7;44
23/03/2018;19:30;54;9;45
23/03/2018;19:45;28;9;19
23/03/2018;20:00;43;5;38
23/03/2018;20:15;41;5;36
23/03/2018;20:30;40;12;28
23/03/2018;20:45;32;13;19
23/03/2018;21:00;27;9;18
23/03/2018;21:15;24;4;20
23/03/2018;21:30;24;6;18
23/03/2018;21:45;18;7;11
23/03/2018;22:00;21;3;18
23/03/2018;22:15;31;2;29
23/03/2018;22:30;19;4;15
23/03/2018;22:45;28;7;21
23/03/2018;23:00;12;0;12
23/03/2018;23:15;18;4;14
23/03/2018;23:30;17;6;11
23/03/2018;23:45;17;6;11
24/03/2018;00:00;15;5;10
24/03/2018;00:15;9;2;7
24/03/2018;00:30;11;2;9
24/03/2018;00:45;13;4;9
24/03/2018;01:00;7;1;6
24/03/2018;01:15;15;1;14
24/03/2018;01:30;11;1;10
24/03/2018;01:45;5;0;5
24/03/2018;02:00;10;2;8
24/03/2018;02:15;3;1;2
24/03/2018;02:30;5;1;4
24/03/2018;02:45;7;0;7
24/03/2018;03:00;4;2;2
24/03/2018;03:15;3;0;3
24/03/2018;03:30;1;0;1
24/03/2018;03:45;2;1;1
24/03/2018;04:00;0;0;0
24/03/2018;04:15;1;0;1
24/03/2018;04:30;3;0;3
24/03/2018;04:45;3;0;3
24/03/2018;05:00;1;1;0
24/03/2018;05:15;4;2;2
24/03/2018;05:30;1;0;1
24/03/2018;05:45;2;2;0
24/03/2018;06:00;1;0;1
24/03/2018;06:15;5;3;2
24/03/2018;06:30;5;2;3
24/03/2018;06:45;4;2;2
24/03/2018;07:00;0;0;0
24/03/2018;07:15;8;2;6
24/03/2018;07:30;2;0;2
24/03/2018;07:45;10;3;7
24/03/2018;08:00;9;2;7
24/03/2018;08:15;16;6;10
24/03/2018;08:30;17;9;8
24/03/2018;08:45;10;6;4
24/03/2018;09:00;19;9;10
24/03/2018;09:15;25;13;12
24/03/2018;09:30;30;20;10
24/03/2018;09:45;38;18;20
24/03/2018;10:00;34;13;21
24/03/2018;10:15;51;22;29
24/03/2018;10:30;41;22;19
24/03/2018;10:45;62;22;40
24/03/2018;11:00;51;21;30
24/03/2018;11:15;61;28;33
24/03/2018;11:30;48;20;28
24/03/2018;11:45;63;22;41
24/03/2018;12:00;70;24;46
24/03/2018;12:15;63;33;30
24/03/2018;12:30;65;21;44
24/03/2018;12:45;74;21;53
24/03/2018;13:00;61;21;40
24/03/2018;13:15;79;24;55
24/03/2018;13:30;71;18;53
24/03/2018;13:45;83;21;62
24/03/2018;14:00;60;17;43
24/03/2018;14:15;62;20;42
24/03/2018;14:30;63;14;49
24/03/2018;14:45;59;16;43
24/03/2018;15:00;71;13;58
24/03/2018;15:15;58;10;48
24/03/2018;15:30;71;20;51
24/03/2018;15:45;80;16;64
24/03/2018;16:00;101;15;86
24/03/2018;16:15;76;11;65
24/03/2018;16:30;83;24;59
24/03/2018;16:45;60;15;45
24/03/2018;17:00;92;24;68
24/03/2018;17:15;81;14;67
24/03/2018;17:30;83;15;68
24/03/2018;17:45;70;21;49
24/03/2018;18:00;62;14;48
24/03/2018;18:15;65;12;53
24/03/2018;18:30;51;12;39
24/03/2018;18:45;61;22;39
24/03/2018;19:00;52;16;36
24/03/2018;19:15;57;6;51
24/03/2018;19:30;42;8;34
24/03/2018;19:45;30;6;24
24/03/2018;20:00;21;4;17
24/03/2018;20:15;28;4;24
24/03/2018;20:30;37;2;35
24/03/2018;20:45;19;5;14
24/03/2018;21:00;30;7;23
24/03/2018;21:15;20;4;16
24/03/2018;21:30;15;4;11
24/03/2018;21:45;17;2;15
24/03/2018;22:00;28;9;19
24/03/2018;22:15;20;2;18
24/03/2018;22:30;19;3;16
24/03/2018;22:45;16;10;6
24/03/2018;23:00;12;4;8
24/03/2018;23:15;15;5;10
24/03/2018;23:30;14;4;10
24/03/2018;23:45;10;2;8
25/03/2018;00:00;12;0;12
25/03/2018;00:15;14;1;13
25/03/2018;00:30;13;0;13
25/03/2018;00:45;5;0;5
25/03/2018;01:00;3;0;3
25/03/2018;01:15;7;1;6
25/03/2018;01:30;7;1;6
25/03/2018;01:45;13;8;5
25/03/2018;02:00;0;0;0
25/03/2018;02:15;0;0;0
25/03/2018;02:30;0;0;0
25/03/2018;02:45;0;0;0
25/03/2018;03:00;7;2;5
25/03/2018;03:15;7;1;6
25/03/2018;03:30;5;0;5
25/03/2018;03:45;5;0;5
25/03/2018;04:00;2;0;2
25/03/2018;04:15;7;1;6
25/03/2018;04:30;1;1;0
25/03/2018;04:45;2;1;1
25/03/2018;05:00;1;0;1
25/03/2018;05:15;2;0;2
25/03/2018;05:30;6;1;5
25/03/2018;05:45;6;2;4
25/03/2018;06:00;1;1;0
25/03/2018;06:15;3;0;3
25/03/2018;06:30;4;0;4
25/03/2018;06:45;2;1;1
25/03/2018;07:00;3;1;2
25/03/2018;07:15;1;1;0
25/03/2018;07:30;8;3;5
25/03/2018;07:45;1;1;0
25/03/2018;08:00;6;0;6
25/03/2018;08:15;7;4;3
25/03/2018;08:30;1;0;1
25/03/2018;08:45;7;0;7
25/03/2018;09:00;4;2;2
25/03/2018;09:15;10;6;4
25/03/2018;09:30;18;7;11
25/03/2018;09:45;28;14;14
25/03/2018;10:00;14;8;6
25/03/2018;10:15;17;11;6
25/03/2018;10:30;14;7;7
25/03/2018;10:45;36;21;15
25/03/2018;11:00;30;7;23
25/03/2018;11:15;45;15;30
25/03/2018;11:30;42;9;33
25/03/2018;11:45;24;10;14
25/03/2018;12:00;72;12;60
25/03/2018;12:15;45;13;32
25/03/2018;12:30;50;14;36
25/03/2018;12:45;42;10;32
25/03/2018;13:00;51;4;47
25/03/2018;13:15;46;10;36
25/03/2018;13:30;44;9;35
25/03/2018;13:45;56;9;47
25/03/2018;14:00;53;7;46
25/03/2018;14:15;60;7;53
25/03/2018;14:30;91;11;80
25/03/2018;14:45;85;16;69
25/03/2018;15:00;82;25;57
25/03/2018;15:15;72;15;57
25/03/2018;15:30;56;5;51
25/03/2018;15:45;83;10;73
25/03/2018;16:00;62;25;37
25/03/2018;16:15;68;17;51
25/03/2018;16:30;80;24;56
25/03/2018;16:45;51;13;38
25/03/2018;17:00;83;27;56
25/03/2018;17:15;57;15;42
25/03/2018;17:30;67;21;46
25/03/2018;17:45;54;19;35
25/03/2018;18:00;71;32;39
25/03/2018;18:15;44;21;23
25/03/2018;18:30;32;12;20
25/03/2018;18:45;39;15;24
25/03/2018;19:00;26;12;14
25/03/2018;19:15;35;2;33
25/03/2018;19:30;29;10;19
25/03/2018;19:45;19;5;14
25/03/2018;20:00;36;8;28
25/03/2018;20:15;23;7;16
25/03/2018;20:30;31;4;27
25/03/2018;20:45;16;4;12
25/03/2018;21:00;16;10;6
25/03/2018;21:15;14;2;12
25/03/2018;21:30;23;6;17
25/03/2018;21:45;15;5;10
25/03/2018;22:00;13;3;10
25/03/2018;22:15;13;0;13
25/03/2018;22:30;12;3;9
25/03/2018;22:45;10;2;8
25/03/2018;23:00;2;0;2
25/03/2018;23:15;16;2;14
25/03/2018;23:30;6;0;6
25/03/2018;23:45;6;1;5
26/03/2018;00:00;6;0;6
26/03/2018;00:15;7;0;7
26/03/2018;00:30;3;1;2
26/03/2018;00:45;2;0;2
26/03/2018;01:00;3;0;3
26/03/2018;01:15;0;0;0
26/03/2018;01:30;0;0;0
26/03/2018;01:45;2;2;0
26/03/2018;02:00;0;0;0
26/03/2018;02:15;1;0;1
26/03/2018;02:30;0;0;0
26/03/2018;02:45;0;0;0
26/03/2018;03:00;0;0;0
26/03/2018;03:15;7;3;4
26/03/2018;03:30;1;0;1
26/03/2018;03:45;1;0;1
26/03/2018;04:00;1;0;1
26/03/2018;04:15;1;1;0
26/03/2018;04:30;1;1;0
26/03/2018;04:45;4;1;3
26/03/2018;05:00;1;0;1
26/03/2018;05:15;1;1;0
26/03/2018;05:30;8;4;4
26/03/2018;05:45;9;3;6
26/03/2018;06:00;9;3;6
26/03/2018;06:15;17;6;11
26/03/2018;06:30;23;11;12
26/03/2018;06:45;20;6;14
26/03/2018;07:00;47;22;25
26/03/2018;07:15;38;15;23
26/03/2018;07:30;61;23;38
26/03/2018;07:45;72;37;35
26/03/2018;08:00;57;27;30
26/03/2018;08:15;55;29;26
26/03/2018;08:30;67;30;37
26/03/2018;08:45;90;47;43
26/03/2018;09:00;59;29;30
26/03/2018;09:15;53;27;26
26/03/2018;09:30;47;20;27
26/03/2018;09:45;31;18;13
26/03/2018;10:00;35;20;15
26/03/2018;10:15;32;16;16
26/03/2018;10:30;36;16;20
26/03/2018;10:45;36;16;20
26/03/2018;11:00;46;21;25
26/03/2018;11:15;36;16;20
26/03/2018;11:30;45;16;29
26/03/2018;11:45;38;15;23
26/03/2018;12:00;44;12;32
26/03/2018;12:15;59;13;46
26/03/2018;12:30;55;11;44
26/03/2018;12:45;46;8;38
26/03/2018;13:00;45;8;37
26/03/2018;13:15;39;12;27
26/03/2018;13:30;73;24;49
26/03/2018;13:45;44;10;34
26/03/2018;14:00;63;15;48
26/03/2018;14:15;69;12;57
26/03/2018;14:30;60;11;49
26/03/2018;14:45;58;11;47
26/03/2018;15:00;49;7;42
26/03/2018;15:15;54;15;39
26/03/2018;15:30;80;21;59
26/03/2018;15:45;94;18;76
26/03/2018;16:00;96;21;75
26/03/2018;16:15;86;9;77
26/03/2018;16:30;89;17;72
26/03/2018;16:45;112;18;94
26/03/2018;17:00;88;21;67
26/03/2018;17:15;131;23;108
26/03/2018;17:30;96;12;84
26/03/2018;17:45;100;21;79
26/03/2018;18:00;108;15;93
26/03/2018;18:15;114;18;96
26/03/2018;18:30;96;23;73
26/03/2018;18:45;100;23;77
26/03/2018;19:00;62;15;47
26/03/2018;19:15;82;17;65
26/03/2018;19:30;63;20;43
26/03/2018;19:45;61;13;48
26/03/2018;20:00;46;7;39
26/03/2018;20:15;35;8;27
26/03/2018;20:30;26;7;19
26/03/2018;20:45;34;6;28
26/03/2018;21:00;26;3;23
26/03/2018;21:15;27;10;17
26/03/2018;21:30;27;6;21
26/03/2018;21:45;25;6;19
26/03/2018;22:00;22;2;20
26/03/2018;22:15;20;2;18
26/03/2018;22:30;17;1;16
26/03/2018;22:45;10;1;9
26/03/2018;23:00;10;3;7
26/03/2018;23:15;9;4;5
26/03/2018;23:30;7;0;7
26/03/2018;23:45;12;0;12
27/03/2018;00:00;2;0;2
27/03/2018;00:15;5;1;4
27/03/2018;00:30;9;1;8
27/03/2018;00:45;5;0;5
27/03/2018;01:00;1;1;0
27/03/2018;01:15;3;0;3
27/03/2018;01:30;3;1;2
27/03/2018;01:45;1;0;1
27/03/2018;02:00;0;0;0
27/03/2018;02:15;0;0;0
27/03/2018;02:30;0;0;0
27/03/2018;02:45;1;0;1
27/03/2018;03:00;2;0;2
27/03/2018;03:15;4;3;1
27/03/2018;03:30;0;0;0
27/03/2018;03:45;2;1;1
27/03/2018;04:00;0;0;0
27/03/2018;04:15;2;2;0
27/03/2018;04:30;3;0;3
27/03/2018;04:45;1;0;1
27/03/2018;05:00;0;0;0
27/03/2018;05:15;4;4;0
27/03/2018;05:30;3;1;2
27/03/2018;05:45;8;6;2
27/03/2018;06:00;13;3;10
27/03/2018;06:15;12;4;8
27/03/2018;06:30;21;9;12
27/03/2018;06:45;22;10;12
27/03/2018;07:00;39;17;22
27/03/2018;07:15;30;9;21
27/03/2018;07:30;54;26;28
27/03/2018;07:45;72;34;38
27/03/2018;08:00;46;21;25
27/03/2018;08:15;71;30;41
27/03/2018;08:30;73;37;36
27/03/2018;08:45;82;43;39
27/03/2018;09:00;67;38;29
27/03/2018;09:15;39;18;21
27/03/2018;09:30;37;14;23
27/03/2018;09:45;48;20;28
27/03/2018;10:00;39;15;24
27/03/2018;10:15;29;15;14
27/03/2018;10:30;34;14;20
27/03/2018;10:45;32;10;22
27/03/2018;11:00;28;8;20
27/03/2018;11:15;24;13;11
27/03/2018;11:30;52;17;35
27/03/2018;11:45;46;17;29
27/03/2018;12:00;43;14;29
27/03/2018;12:15;46;5;41
27/03/2018;12:30;47;15;32
27/03/2018;12:45;45;12;33
27/03/2018;13:00;36;8;28
27/03/2018;13:15;50;15;35
27/03/2018;13:30;44;9;35
27/03/2018;13:45;61;19;42
27/03/2018;14:00;41;9;32
27/03/2018;14:15;68;18;50
27/03/2018;14:30;55;19;36
27/03/2018;14:45;57;7;50
27/03/2018;15:00;66;12;54
27/03/2018;15:15;52;13;39
27/03/2018;15:30;72;13;59
27/03/2018;15:45;52;15;37
27/03/2018;16:00;48;8;40
27/03/2018;16:15;78;11;67
27/03/2018;16:30;83;10;73
27/03/2018;16:45;62;8;54
27/03/2018;17:00;93;8;85
27/03/2018;17:15;86;11;75
27/03/2018;17:30;83;10;73
27/03/2018;17:45;69;15;54
27/03/2018;18:00;80;12;68
27/03/2018;18:15;71;16;55
27/03/2018;18:30;53;9;44
27/03/2018;18:45;51;9;42
27/03/2018;19:00;49;7;42
27/03/2018;19:15;58;13;45
27/03/2018;19:30;48;8;40
27/03/2018;19:45;29;7;22
27/03/2018;20:00;37;11;26
27/03/2018;20:15;32;7;25
27/03/2018;20:30;25;3;22
27/03/2018;20:45;18;6;12
27/03/2018;21:00;22;9;13
27/03/2018;21:15;19;3;16
27/03/2018;21:30;13;5;8
27/03/2018;21:45;20;3;17
27/03/2018;22:00;27;2;25
27/03/2018;22:15;9;2;7
27/03/2018;22:30;9;0;9
27/03/2018;22:45;11;3;8
27/03/2018;23:00;8;1;7
27/03/2018;23:15;9;3;6
27/03/2018;23:30;1;0;1
27/03/2018;23:45;5;1;4
28/03/2018;00:00;3;1;2
28/03/2018;00:15;4;1;3
28/03/2018;00:30;0;0;0
28/03/2018;00:45;1;1;0
28/03/2018;01:00;2;1;1
28/03/2018;01:15;0;0;0
28/03/2018;01:30;1;0;1
28/03/2018;01:45;1;0;1
28/03/2018;02:00;1;1;0
28/03/2018;02:15;1;0;1
28/03/2018;02:30;1;0;1
28/03/2018;02:45;1;0;1
28/03/2018;03:00;0;0;0
28/03/2018;03:15;1;0;1
28/03/2018;03:30;1;0;1
28/03/2018;03:45;2;1;1
28/03/2018;04:00;0;0;0
28/03/2018;04:15;1;1;0
28/03/2018;04:30;3;1;2
28/03/2018;04:45;1;1;0
28/03/2018;05:00;1;1;0
28/03/2018;05:15;4;2;2
28/03/2018;05:30;5;2;3
28/03/2018;05:45;4;3;1
28/03/2018;06:00;11;3;8
28/03/2018;06:15;19;4;15
28/03/2018;06:30;11;6;5
28/03/2018;06:45;23;8;15
28/03/2018;07:00;16;6;10
28/03/2018;07:15;25;12;13
28/03/2018;07:30;34;10;24
28/03/2018;07:45;46;20;26
28/03/2018;08:00;52;21;31
28/03/2018;08:15;40;25;15
28/03/2018;08:30;35;15;20
28/03/2018;08:45;49;25;24
28/03/2018;09:00;42;18;24
28/03/2018;09:15;29;12;17
28/03/2018;09:30;32;13;19
28/03/2018;09:45;40;26;14
28/03/2018;10:00;21;15;6
28/03/2018;10:15;28;14;14
28/03/2018;10:30;16;8;8
28/03/2018;10:45;31;11;20
28/03/2018;11:00;24;10;14
28/03/2018;11:15;34;12;22
28/03/2018;11:30;36;13;23
28/03/2018;11:45;24;11;13
28/03/2018;12:00;40;13;27
28/03/2018;12:15;42;18;24
28/03/2018;12:30;31;10;21
28/03/2018;12:45;44;22;22
28/03/2018;13:00;50;13;37
28/03/2018;13:15;46;13;33
28/03/2018;13:30;38;7;31
28/03/2018;13:45;34;13;21
28/03/2018;14:00;44;4;40
28/03/2018;14:15;23;7;16
28/03/2018;14:30;28;7;21
28/03/2018;14:45;37;4;33
28/03/2018;15:00;34;8;26
28/03/2018;15:15;33;8;25
28/03/2018;15:30;32;5;27
28/03/2018;15:45;38;7;31
28/03/2018;16:00;42;8;34
28/03/2018;16:15;49;18;31
28/03/2018;16:30;44;12;32
28/03/2018;16:45;43;7;36
28/03/2018;17:00;43;3;40
28/03/2018;17:15;73;12;61
28/03/2018;17:30;57;10;47
28/03/2018;17:45;55;11;44
28/03/2018;18:00;58;12;46
28/03/2018;18:15;61;18;43
28/03/2018;18:30;78;18;60
28/03/2018;18:45;73;16;57
28/03/2018;19:00;59;19;40
28/03/2018;19:15;38;6;32
28/03/2018;19:30;46;7;39
28/03/2018;19:45;40;5;35
28/03/2018;20:00;30;3;27
28/03/2018;20:15;35;6;29
28/03/2018;20:30;20;5;15
28/03/2018;20:45;27;10;17
28/03/2018;21:00;27;10;17
28/03/2018;21:15;37;19;18
28/03/2018;21:30;25;5;20
28/03/2018;21:45;21;2;19
28/03/2018;22:00;23;4;19
28/03/2018;22:15;16;2;14
28/03/2018;22:30;12;1;11
28/03/2018;22:45;10;4;6
28/03/2018;23:00;15;1;14
28/03/2018;23:15;13;0;13
28/03/2018;23:30;7;1;6
28/03/2018;23:45;5;0;5
29/03/2018;00:00;8;3;5
29/03/2018;00:15;1;0;1
29/03/2018;00:30;2;0;2
29/03/2018;00:45;1;0;1
29/03/2018;01:00;4;0;4
29/03/2018;01:15;2;1;1
29/03/2018;01:30;0;0;0
29/03/2018;01:45;0;0;0
29/03/2018;02:00;2;1;1
29/03/2018;02:15;6;0;6
29/03/2018;02:30;0;0;0
29/03/2018;02:45;0;0;0
29/03/2018;03:00;1;0;1
29/03/2018;03:15;1;0;1
29/03/2018;03:30;1;0;1
29/03/2018;03:45;2;2;0
29/03/2018;04:00;0;0;0
29/03/2018;04:15;2;2;0
29/03/2018;04:30;1;0;1
29/03/2018;04:45;5;1;4
29/03/2018;05:00;0;0;0
29/03/2018;05:15;5;3;2
29/03/2018;05:30;4;1;3
29/03/2018;05:45;4;3;1
29/03/2018;06:00;11;4;7
29/03/2018;06:15;9;2;7
29/03/2018;06:30;19;4;15
29/03/2018;06:45;14;5;9
29/03/2018;07:00;21;11;10
29/03/2018;07:15;34;17;17
29/03/2018;07:30;42;20;22
29/03/2018;07:45;58;31;27
29/03/2018;08:00;62;28;34
29/03/2018;08:15;50;25;25
29/03/2018;08:30;54;22;32
29/03/2018;08:45;64;32;32
29/03/2018;09:00;42;19;23
29/03/2018;09:15;47;22;25
29/03/2018;09:30;34;19;15
29/03/2018;09:45;42;19;23
29/03/2018;10:00;41;21;20
29/03/2018;10:15;38;18;20
29/03/2018;10:30;38;18;20
29/03/2018;10:45;43;20;23
29/03/2018;11:00;40;14;26
29/03/2018;11:15;25;7;18
29/03/2018;11:30;31;9;22
29/03/2018;11:45;40;13;27
29/03/2018;12:00;45;12;33
29/03/2018;12:15;59;16;43
29/03/2018;12:30;47;10;37
29/03/2018;12:45;62;23;39
29/03/2018;13:00;41;11;30
29/03/2018;13:15;51;16;35
29/03/2018;13:30;56;20;36
29/03/2018;13:45;35;8;27
29/03/2018;14:00;49;12;37
29/03/2018;14:15;72;21;51
29/03/2018;14:30;59;13;46
29/03/2018;14:45;48;12;36
29/03/2018;15:00;68;26;42
29/03/2018;15:15;69;21;48
29/03/2018;15:30;92;24;68
29/03/2018;15:45;75;13;62
29/03/2018;16:00;80;20;60
29/03/2018;16:15;92;12;80
29/03/2018;16:30;85;14;71
29/03/2018;16:45;80;17;63
29/03/2018;17:00;92;12;80
29/03/2018;17:15;92;20;72
29/03/2018;17:30;99;23;76
29/03/2018;17:45;83;21;62
29/03/2018;18:00;96;27;69
29/03/2018;18:15;67;14;53
29/03/2018;18:30;71;17;54
29/03/2018;18:45;76;16;60
29/03/2018;19:00;63;11;52
29/03/2018;19:15;66;18;48
29/03/2018;19:30;46;13;33
29/03/2018;19:45;51;12;39
29/03/2018;20:00;39;8;31
29/03/2018;20:15;49;7;42
29/03/2018;20:30;34;9;25
29/03/2018;20:45;28;8;20
29/03/2018;21:00;32;4;28
29/03/2018;21:15;16;3;13
29/03/2018;21:30;24;4;20
29/03/2018;21:45;23;3;20
29/03/2018;22:00;15;4;11
29/03/2018;22:15;17;1;16
29/03/2018;22:30;23;9;14
29/03/2018;22:45;11;0;11
29/03/2018;23:00;13;2;11
29/03/2018;23:15;12;1;11
29/03/2018;23:30;24;5;19
29/03/2018;23:45;13;0;13
30/03/2018;00:00;11;0;11
30/03/2018;00:15;16;1;15
30/03/2018;00:30;10;5;5
30/03/2018;00:45;8;4;4
30/03/2018;01:00;13;3;10
30/03/2018;01:15;13;7;6
30/03/2018;01:30;3;1;2
30/03/2018;01:45;8;0;8
30/03/2018;02:00;6;0;6
30/03/2018;02:15;2;0;2
30/03/2018;02:30;3;0;3
30/03/2018;02:45;2;0;2
30/03/2018;03:00;2;0;2
30/03/2018;03:15;1;0;1
30/03/2018;03:30;0;0;0
30/03/2018;03:45;3;0;3
30/03/2018;04:00;2;2;0
30/03/2018;04:15;5;1;4
30/03/2018;04:30;1;0;1
30/03/2018;04:45;2;0;2
30/03/2018;05:00;1;0;1
30/03/2018;05:15;0;0;0
30/03/2018;05:30;2;0;2
30/03/2018;05:45;4;1;3
30/03/2018;06:00;1;0;1
30/03/2018;06:15;7;2;5
30/03/2018;06:30;2;0;2
30/03/2018;06:45;0;0;0
30/03/2018;07:00;3;2;1
30/03/2018;07:15;1;0;1
30/03/2018;07:30;7;4;3
30/03/2018;07:45;3;2;1
30/03/2018;08:00;5;1;4
30/03/2018;08:15;4;0;4
30/03/2018;08:30;10;8;2
30/03/2018;08:45;7;2;5
30/03/2018;09:00;20;13;7
30/03/2018;09:15;10;4;6
30/03/2018;09:30;26;10;16
30/03/2018;09:45;28;8;20
30/03/2018;10:00;30;17;13
30/03/2018;10:15;27;13;14
30/03/2018;10:30;14;4;10
30/03/2018;10:45;33;6;27
30/03/2018;11:00;26;5;21
30/03/2018;11:15;17;5;12
30/03/2018;11:30;35;8;27
30/03/2018;11:45;43;10;33
30/03/2018;12:00;49;10;39
30/03/2018;12:15;40;8;32
30/03/2018;12:30;40;9;31
30/03/2018;12:45;51;3;48
30/03/2018;13:00;35;7;28
30/03/2018;13:15;46;15;31
30/03/2018;13:30;40;8;32
30/03/2018;13:45;38;10;28
30/03/2018;14:00;43;7;36
30/03/2018;14:15;67;14;53
30/03/2018;14:30;47;12;35
30/03/2018;14:45;53;16;37
30/03/2018;15:00;42;10;32
30/03/2018;15:15;65;15;50
30/03/2018;15:30;35;6;29
30/03/2018;15:45;31;7;24
30/03/2018;16:00;46;17;29
30/03/2018;16:15;34;2;32
30/03/2018;16:30;28;5;23
30/03/2018;16:45;42;7;35
30/03/2018;17:00;36;8;28
30/03/2018;17:15;33;12;21
30/03/2018;17:30;28;8;20
30/03/2018;17:45;46;17;29
30/03/2018;18:00;39;17;22
30/03/2018;18:15;37;13;24
30/03/2018;18:30;29;12;17
30/03/2018;18:45;19;6;13
30/03/2018;19:00;35;14;21
30/03/2018;19:15;31;10;21
30/03/2018;19:30;37;3;34
30/03/2018;19:45;26;6;20
30/03/2018;20:00;19;4;15
30/03/2018;20:15;22;6;16
30/03/2018;20:30;21;5;16
30/03/2018;20:45;13;3;10
30/03/2018;21:00;20;5;15
30/03/2018;21:15;16;3;13
30/03/2018;21:30;6;0;6
30/03/2018;21:45;4;0;4
30/03/2018;22:00;10;3;7
30/03/2018;22:15;10;1;9
30/03/2018;22:30;10;4;6
30/03/2018;22:45;8;3;5
30/03/2018;23:00;6;0;6
30/03/2018;23:15;10;2;8
30/03/2018;23:30;7;0;7
30/03/2018;23:45;7;2;5
31/03/2018;00:00;2;1;1
31/03/2018;00:15;8;5;3
31/03/2018;00:30;7;1;6
31/03/2018;00:45;3;0;3
31/03/2018;01:00;6;0;6
31/03/2018;01:15;5;1;4
31/03/2018;01:30;2;0;2
31/03/2018;01:45;3;0;3
31/03/2018;02:00;3;1;2
31/03/2018;02:15;0;0;0
31/03/2018;02:30;3;2;1
31/03/2018;02:45;0;0;0
31/03/2018;03:00;5;3;2
31/03/2018;03:15;0;0;0
31/03/2018;03:30;1;1;0
31/03/2018;03:45;0;0;0
31/03/2018;04:00;1;0;1
31/03/2018;04:15;0;0;0
31/03/2018;04:30;2;0;2
31/03/2018;04:45;1;0;1
31/03/2018;05:00;2;1;1
31/03/2018;05:15;1;1;0
31/03/2018;05:30;5;2;3
31/03/2018;05:45;2;0;2
31/03/2018;06:00;3;0;3
31/03/2018;06:15;5;1;4
31/03/2018;06:30;1;1;0
31/03/2018;06:45;3;1;2
31/03/2018;07:00;3;2;1
31/03/2018;07:15;1;0;1
31/03/2018;07:30;4;2;2
31/03/2018;07:45;5;2;3
31/03/2018;08:00;5;2;3
31/03/2018;08:15;10;3;7
31/03/2018;08:30;10;6;4
31/03/2018;08:45;18;2;16
31/03/2018;09:00;17;9;8
31/03/2018;09:15;17;7;10
31/03/2018;09:30;21;8;13
31/03/2018;09:45;43;22;21
31/03/2018;10:00;46;24;22
31/03/2018;10:15;37;17;20
31/03/2018;10:30;37;23;14
31/03/2018;10:45;49;17;32
31/03/2018;11:00;51;12;39
31/03/2018;11:15;59;23;36
31/03/2018;11:30;63;25;38
31/03/2018;11:45;50;15;35
31/03/2018;12:00;54;16;38
31/03/2018;12:15;63;20;43
31/03/2018;12:30;58;20;38
31/03/2018;12:45;61;18;43
31/03/2018;13:00;81;31;50
31/03/2018;13:15;61;17;44
31/03/2018;13:30;69;19;50
31/03/2018;13:45;73;16;57
31/03/2018;14:00;74;16;58
31/03/2018;14:15;81;21;60
31/03/2018;14:30;54;13;41
31/03/2018;14:45;64;25;39
31/03/2018;15:00;78;14;64
31/03/2018;15:15;68;15;53
31/03/2018;15:30;57;18;39
31/03/2018;15:45;69;15;54
31/03/2018;16:00;55;9;46
31/03/2018;16:15;59;15;44
31/03/2018;16:30;66;8;58
31/03/2018;16:45;68;12;56
31/03/2018;17:00;71;10;61
31/03/2018;17:15;38;4;34
31/03/2018;17:30;60;14;46
31/03/2018;17:45;68;13;55
31/03/2018;18:00;44;13;31
31/03/2018;18:15;33;10;23
31/03/2018;18:30;35;8;27
31/03/2018;18:45;36;17;19
31/03/2018;19:00;25;12;13
31/03/2018;19:15;35;9;26
31/03/2018;19:30;28;8;20
31/03/2018;19:45;29;9;20
31/03/2018;20:00;43;9;34
31/03/2018;20:15;37;11;26
31/03/2018;20:30;17;3;14
31/03/2018;20:45;18;3;15
31/03/2018;21:00;22;9;13
31/03/2018;21:15;9;2;7
31/03/2018;21:30;8;0;8
31/03/2018;21:45;13;2;11
31/03/2018;22:00;5;1;4
31/03/2018;22:15;16;3;13
31/03/2018;22:30;12;3;9
31/03/2018;22:45;10;3;7
31/03/2018;23:00;8;2;6
31/03/2018;23:15;9;2;7
31/03/2018;23:30;6;3;3
31/03/2018;23:45;2;1;1
01/04/2018;00:00;9;0;9
01/04/2018;00:15;14;5;9
01/04/2018;00:30;6;1;5
01/04/2018;00:45;13;3;10
01/04/2018;01:00;7;2;5
01/04/2018;01:15;8;0;8
01/04/2018;01:30;7;1;6
01/04/2018;01:45;2;0;2
01/04/2018;02:00;6;2;4
01/04/2018;02:15;1;0;1
01/04/2018;02:30;1;0;1
01/04/2018;02:45;3;0;3
01/04/2018;03:00;2;1;1
01/04/2018;03:15;1;0;1
01/04/2018;03:30;1;0;1
01/04/2018;03:45;3;0;3
01/04/2018;04:00;0;0;0
01/04/2018;04:15;3;0;3
01/04/2018;04:30;4;2;2
01/04/2018;04:45;2;1;1
01/04/2018;05:00;0;0;0
01/04/2018;05:15;1;0;1
01/04/2018;05:30;5;1;4
01/04/2018;05:45;6;2;4
01/04/2018;06:00;4;1;3
01/04/2018;06:15;1;1;0
01/04/2018;06:30;1;0;1
01/04/2018;06:45;2;1;1
01/04/2018;07:00;3;0;3
01/04/2018;07:15;7;0;7
01/04/2018;07:30;6;2;4
01/04/2018;07:45;1;0;1
01/04/2018;08:00;4;2;2
01/04/2018;08:15;5;0;5
01/04/2018;08:30;4;1;3
01/04/2018;08:45;5;1;4
01/04/2018;09:00;8;2;6
01/04/2018;09:15;8;5;3
01/04/2018;09:30;7;1;6
01/04/2018;09:45;12;2;10
01/04/2018;10:00;4;0;4
01/04/2018;10:15;0;0;0
01/04/2018;10:30;9;2;7
01/04/2018;10:45;23;12;11
01/04/2018;11:00;12;5;7
01/04/2018;11:15;3;1;2
01/04/2018;11:30;14;3;11
01/04/2018;11:45;18;7;11
01/04/2018;12:00;11;4;7
01/04/2018;12:15;19;6;13
01/04/2018;12:30;13;4;9
01/04/2018;12:45;13;1;12
01/04/2018;13:00;10;5;5
01/04/2018;13:15;9;4;5
01/04/2018;13:30;13;3;10
01/04/2018;13:45;28;8;20
01/04/2018;14:00;18;7;11
01/04/2018;14:15;10;1;9
01/04/2018;14:30;11;2;9
01/04/2018;14:45;12;2;10
01/04/2018;15:00;12;3;9
01/04/2018;15:15;8;4;4
01/04/2018;15:30;14;4;10
01/04/2018;15:45;18;5;13
01/04/2018;16:00;13;7;6
01/04/2018;16:15;14;5;9
01/04/2018;16:30;5;2;3
01/04/2018;16:45;17;7;10
01/04/2018;17:00;15;6;9
01/04/2018;17:15;21;6;15
01/04/2018;17:30;14;5;9
01/04/2018;17:45;11;3;8
01/04/2018;18:00;13;2;11
01/04/2018;18:15;8;3;5
01/04/2018;18:30;7;2;5
01/04/2018;18:45;12;4;8
01/04/2018;19:00;12;1;11
01/04/2018;19:15;10;4;6
01/04/2018;19:30;20;3;17
01/04/2018;19:45;9;2;7
01/04/2018;20:00;9;0;9
01/04/2018;20:15;11;5;6
01/04/2018;20:30;13;6;7
01/04/2018;20:45;9;2;7
01/04/2018;21:00;5;0;5
01/04/2018;21:15;6;1;5
01/04/2018;21:30;12;2;10
01/04/2018;21:45;4;0;4
01/04/2018;22:00;7;3;4
01/04/2018;22:15;7;1;6
01/04/2018;22:30;2;1;1
01/04/2018;22:45;6;3;3
01/04/2018;23:00;11;5;6
01/04/2018;23:15;4;0;4
01/04/2018;23:30;5;3;2
01/04/2018;23:45;7;2;5
02/04/2018;00:00;6;0;6
02/04/2018;00:15;0;0;0
02/04/2018;00:30;1;0;1
02/04/2018;00:45;5;1;4
02/04/2018;01:00;2;0;2
02/04/2018;01:15;1;1;0
02/04/2018;01:30;1;0;1
02/04/2018;01:45;0;0;0
02/04/2018;02:00;2;0;2
02/04/2018;02:15;1;0;1
02/04/2018;02:30;2;1;1
02/04/2018;02:45;0;0;0
02/04/2018;03:00;5;2;3
02/04/2018;03:15;2;0;2
02/04/2018;03:30;3;1;2
02/04/2018;03:45;1;0;1
02/04/2018;04:00;0;0;0
02/04/2018;04:15;0;0;0
02/04/2018;04:30;0;0;0
02/04/2018;04:45;0;0;0
02/04/2018;05:00;0;0;0
02/04/2018;05:15;0;0;0
02/04/2018;05:30;2;2;0
02/04/2018;05:45;2;1;1
02/04/2018;06:00;2;0;2
02/04/2018;06:15;1;1;0
02/04/2018;06:30;1;0;1
02/04/2018;06:45;0;0;0
02/04/2018;07:00;1;0;1
02/04/2018;07:15;3;1;2
02/04/2018;07:30;6;1;5
02/04/2018;07:45;2;1;1
02/04/2018;08:00;4;2;2
02/04/2018;08:15;6;1;5
02/04/2018;08:30;4;1;3
02/04/2018;08:45;13;1;12
02/04/2018;09:00;10;3;7
02/04/2018;09:15;8;2;6
02/04/2018;09:30;14;7;7
02/04/2018;09:45;14;7;7
02/04/2018;10:00;19;6;13
02/04/2018;10:15;12;6;6
02/04/2018;10:30;16;6;10
02/04/2018;10:45;31;5;26
02/04/2018;11:00;24;10;14
02/04/2018;11:15;28;8;20
02/04/2018;11:30;20;4;16
02/04/2018;11:45;26;6;20
02/04/2018;12:00;41;7;34
02/04/2018;12:15;26;3;23
02/04/2018;12:30;29;9;20
02/04/2018;12:45;50;11;39
02/04/2018;13:00;31;10;21
02/04/2018;13:15;32;7;25
02/04/2018;13:30;24;4;20
02/04/2018;13:45;48;11;37
02/04/2018;14:00;27;2;25
02/04/2018;14:15;40;13;27
02/04/2018;14:30;43;12;31
02/04/2018;14:45;44;13;31
02/04/2018;15:00;65;15;50
02/04/2018;15:15;59;12;47
02/04/2018;15:30;28;6;22
02/04/2018;15:45;55;24;31
02/04/2018;16:00;30;6;24
02/04/2018;16:15;39;10;29
02/04/2018;16:30;44;15;29
02/04/2018;16:45;30;8;22
02/04/2018;17:00;32;5;27
02/04/2018;17:15;23;5;18
02/04/2018;17:30;28;7;21
02/04/2018;17:45;30;11;19
02/04/2018;18:00;27;8;19
02/04/2018;18:15;44;14;30
02/04/2018;18:30;18;6;12
02/04/2018;18:45;20;1;19
02/04/2018;19:00;31;5;26
02/04/2018;19:15;36;3;33
02/04/2018;19:30;24;5;19
02/04/2018;19:45;23;2;21
02/04/2018;20:00;13;3;10
02/04/2018;20:15;10;5;5
02/04/2018;20:30;19;7;12
02/04/2018;20:45;7;2;5
02/04/2018;21:00;15;5;10
02/04/2018;21:15;12;4;8
02/04/2018;21:30;13;4;9
02/04/2018;21:45;13;3;10
02/04/2018;22:00;9;3;6
02/04/2018;22:15;8;2;6
02/04/2018;22:30;13;7;6
02/04/2018;22:45;3;1;2
02/04/2018;23:00;4;1;3
02/04/2018;23:15;3;1;2
02/04/2018;23:30;5;1;4
02/04/2018;23:45;2;1;1
03/04/2018;00:00;3;2;1
03/04/2018;00:15;7;2;5
03/04/2018;00:30;4;1;3
03/04/2018;00:45;3;1;2
03/04/2018;01:00;4;1;3
03/04/2018;01:15;6;2;4
03/04/2018;01:30;4;1;3
03/04/2018;01:45;1;0;1
03/04/2018;02:00;0;0;0
03/04/2018;02:15;0;0;0
03/04/2018;02:30;1;0;1
03/04/2018;02:45;0;0;0
03/04/2018;03:00;1;0;1
03/04/2018;03:15;4;0;4
03/04/2018;03:30;1;0;1
03/04/2018;03:45;1;0;1
03/04/2018;04:00;0;0;0
03/04/2018;04:15;3;3;0
03/04/2018;04:30;1;1;0
03/04/2018;04:45;5;1;4
03/04/2018;05:00;2;0;2
03/04/2018;05:15;5;3;2
03/04/2018;05:30;12;3;9
03/04/2018;05:45;9;5;4
03/04/2018;06:00;14;7;7
03/04/2018;06:15;13;3;10
03/04/2018;06:30;16;6;10
03/04/2018;06:45;18;6;12
03/04/2018;07:00;35;17;18
03/04/2018;07:15;44;18;26
03/04/2018;07:30;69;32;37
03/04/2018;07:45;66;30;36
03/04/2018;08:00;67;32;35
03/04/2018;08:15;68;26;42
03/04/2018;08:30;79;42;37
03/04/2018;08:45;62;33;29
03/04/2018;09:00;70;36;34
03/04/2018;09:15;45;25;20
03/04/2018;09:30;33;23;10
03/04/2018;09:45;42;19;23
03/04/2018;10:00;34;19;15
03/04/2018;10:15;38;12;26
03/04/2018;10:30;28;18;10
03/04/2018;10:45;31;8;23
03/04/2018;11:00;31;7;24
03/04/2018;11:15;38;18;20
03/04/2018;11:30;28;13;15
03/04/2018;11:45;40;14;26
03/04/2018;12:00;46;15;31
03/04/2018;12:15;39;11;28
03/04/2018;12:30;46;13;33
03/04/2018;12:45;41;8;33
03/04/2018;13:00;47;11;36
03/04/2018;13:15;61;12;49
03/04/2018;13:30;42;13;29
03/04/2018;13:45;51;19;32
03/04/2018;14:00;43;3;40
03/04/2018;14:15;65;21;44
03/04/2018;14:30;61;17;44
03/04/2018;14:45;57;12;45
03/04/2018;15:00;55;8;47
03/04/2018;15:15;59;8;51
03/04/2018;15:30;57;12;45
03/04/2018;15:45;76;18;58
03/04/2018;16:00;86;15;71
03/04/2018;16:15;88;15;73
03/04/2018;16:30;96;15;81
03/04/2018;16:45;117;21;96
03/04/2018;17:00;95;14;81
03/04/2018;17:15;120;18;102
03/04/2018;17:30;95;18;77
03/04/2018;17:45;91;13;78
03/04/2018;18:00;93;18;75
03/04/2018;18:15;92;14;78
03/04/2018;18:30;81;22;59
03/04/2018;18:45;71;19;52
03/04/2018;19:00;72;7;65
03/04/2018;19:15;66;16;50
03/04/2018;19:30;61;17;44
03/04/2018;19:45;52;19;33
03/04/2018;20:00;35;8;27
03/04/2018;20:15;34;6;28
03/04/2018;20:30;30;10;20
03/04/2018;20:45;31;6;25
03/04/2018;21:00;21;4;17
03/04/2018;21:15;17;3;14
03/04/2018;21:30;24;7;17
03/04/2018;21:45;20;3;17
03/04/2018;22:00;26;6;20
03/04/2018;22:15;17;3;14
03/04/2018;22:30;7;2;5
03/04/2018;22:45;14;4;10
03/04/2018;23:00;18;4;14
03/04/2018;23:15;8;0;8
03/04/2018;23:30;9;0;9
03/04/2018;23:45;5;0;5
04/04/2018;00:00;8;1;7
04/04/2018;00:15;7;1;6
04/04/2018;00:30;4;1;3
04/04/2018;00:45;1;0;1
04/04/2018;01:00;2;0;2
04/04/2018;01:15;0;0;0
04/04/2018;01:30;1;0;1
04/04/2018;01:45;1;0;1
04/04/2018;02:00;3;0;3
04/04/2018;02:15;0;0;0
04/04/2018;02:30;2;2;0
04/04/2018;02:45;0;0;0
04/04/2018;03:00;2;0;2
04/04/2018;03:15;5;1;4
04/04/2018;03:30;0;0;0
04/04/2018;03:45;0;0;0
04/04/2018;04:00;0;0;0
04/04/2018;04:15;2;1;1
04/04/2018;04:30;6;2;4
04/04/2018;04:45;2;1;1
04/04/2018;05:00;2;0;2
04/04/2018;05:15;3;1;2
04/04/2018;05:30;8;3;5
04/04/2018;05:45;8;1;7
04/04/2018;06:00;17;8;9
04/04/2018;06:15;10;7;3
04/04/2018;06:30;27;8;19
04/04/2018;06:45;30;11;19
04/04/2018;07:00;37;17;20
04/04/2018;07:15;48;14;34
04/04/2018;07:30;44;16;28
04/04/2018;07:45;78;44;34
04/04/2018;08:00;67;28;39
04/04/2018;08:15;55;19;36
04/04/2018;08:30;51;22;29
04/04/2018;08:45;48;29;19
04/04/2018;09:00;35;11;24
04/04/2018;09:15;32;21;11
04/04/2018;09:30;34;15;19
04/04/2018;09:45;47;25;22
04/04/2018;10:00;60;34;26
04/04/2018;10:15;24;15;9
04/04/2018;10:30;31;9;22
04/04/2018;10:45;31;8;23
04/04/2018;11:00;33;17;16
04/04/2018;11:15;35;16;19
04/04/2018;11:30;34;11;23
04/04/2018;11:45;38;14;24
04/04/2018;12:00;47;14;33
04/04/2018;12:15;44;9;35
04/04/2018;12:30;31;9;22
04/04/2018;12:45;51;19;32
04/04/2018;13:00;49;15;34
04/04/2018;13:15;41;7;34
04/04/2018;13:30;43;14;29
04/04/2018;13:45;36;10;26
04/04/2018;14:00;33;12;21
04/04/2018;14:15;25;5;20
04/04/2018;14:30;22;4;18
04/04/2018;14:45;38;6;32
04/04/2018;15:00;34;7;27
04/04/2018;15:15;43;5;38
04/04/2018;15:30;42;7;35
04/04/2018;15:45;48;9;39
04/04/2018;16:00;57;4;53
04/04/2018;16:15;73;11;62
04/04/2018;16:30;88;10;78
04/04/2018;16:45;79;17;62
04/04/2018;17:00;71;11;60
04/04/2018;17:15;87;16;71
04/04/2018;17:30;100;20;80
04/04/2018;17:45;94;19;75
04/04/2018;18:00;82;17;65
04/04/2018;18:15;88;15;73
04/04/2018;18:30;93;16;77
04/04/2018;18:45;84;17;67
04/04/2018;19:00;55;15;40
04/04/2018;19:15;74;17;57
04/04/2018;19:30;75;9;66
04/04/2018;19:45;56;15;41
04/04/2018;20:00;66;12;54
04/04/2018;20:15;45;9;36
04/04/2018;20:30;37;14;23
04/04/2018;20:45;38;11;27
04/04/2018;21:00;34;5;29
04/04/2018;21:15;19;6;13
04/04/2018;21:30;24;5;19
04/04/2018;21:45;25;4;21
04/04/2018;22:00;27;8;19
04/04/2018;22:15;27;4;23
04/04/2018;22:30;18;7;11
04/04/2018;22:45;21;2;19
04/04/2018;23:00;12;2;10
04/04/2018;23:15;19;1;18
04/04/2018;23:30;14;5;9
04/04/2018;23:45;9;0;9
05/04/2018;00:00;6;0;6
05/04/2018;00:15;5;1;4
05/04/2018;00:30;19;9;10
05/04/2018;00:45;3;1;2
05/04/2018;01:00;2;1;1
05/04/2018;01:15;4;0;4
05/04/2018;01:30;4;0;4
05/04/2018;01:45;2;1;1
05/04/2018;02:00;1;0;1
05/04/2018;02:15;2;2;0
05/04/2018;02:30;2;0;2
05/04/2018;02:45;6;1;5
05/04/2018;03:00;2;0;2
05/04/2018;03:15;5;1;4
05/04/2018;03:30;1;1;0
05/04/2018;03:45;0;0;0
05/04/2018;04:00;0;0;0
05/04/2018;04:15;1;1;0
05/04/2018;04:30;4;1;3
05/04/2018;04:45;3;1;2
05/04/2018;05:00;0;0;0
05/04/2018;05:15;2;0;2
05/04/2018;05:30;12;6;6
05/04/2018;05:45;4;3;1
05/04/2018;06:00;19;8;11
05/04/2018;06:15;14;5;9
05/04/2018;06:30;25;7;18
05/04/2018;06:45;27;11;16
05/04/2018;07:00;29;13;16
05/04/2018;07:15;47;19;28
05/04/2018;07:30;68;31;37
05/04/2018;07:45;67;29;38
05/04/2018;08:00;51;23;28
05/04/2018;08:15;74;32;42
05/04/2018;08:30;51;30;21
05/04/2018;08:45;55;27;28
05/04/2018;09:00;49;24;25
05/04/2018;09:15;28;16;12
05/04/2018;09:30;44;19;25
05/04/2018;09:45;36;19;17
05/04/2018;10:00;40;21;19
05/04/2018;10:15;39;19;20
05/04/2018;10:30;27;11;16
05/04/2018;10:45;46;25;21
05/04/2018;11:00;42;18;24
05/04/2018;11:15;25;3;22
05/04/2018;11:30;30;8;22
05/04/2018;11:45;29;14;15
05/04/2018;12:00;37;9;28
05/04/2018;12:15;32;8;24
05/04/2018;12:30;35;5;30
05/04/2018;12:45;32;11;21
05/04/2018;13:00;40;19;21
05/04/2018;13:15;45;11;34
05/04/2018;13:30;31;6;25
05/04/2018;13:45;46;18;28
05/04/2018;14:00;59;13;46
05/04/2018;14:15;60;13;47
05/04/2018;14:30;49;16;33
05/04/2018;14:45;43;6;37
05/04/2018;15:00;43;9;34
05/04/2018;15:15;58;16;42
05/04/2018;15:30;55;17;38
05/04/2018;15:45;67;16;51
05/04/2018;16:00;71;12;59
05/04/2018;16:15;67;11;56
05/04/2018;16:30;77;7;70
05/04/2018;16:45;82;20;62
05/04/2018;17:00;91;14;77
05/04/2018;17:15;96;21;75
05/04/2018;17:30;102;16;86
05/04/2018;17:45;103;17;86
05/04/2018;18:00;77;14;63
05/04/2018;18:15;83;12;71
05/04/2018;18:30;75;11;64
05/04/2018;18:45;91;24;67
05/04/2018;19:00;51;5;46
05/04/2018;19:15;72;12;60
05/04/2018;19:30;33;7;26
05/04/2018;19:45;54;7;47
05/04/2018;20:00;67;17;50
05/04/2018;20:15;47;9;38
05/04/2018;20:30;43;14;29
05/04/2018;20:45;38;13;25
05/04/2018;21:00;29;11;18
05/04/2018;21:15;18;5;13
05/04/2018;21:30;33;11;22
05/04/2018;21:45;30;8;22
05/04/2018;22:00;18;2;16
05/04/2018;22:15;28;7;21
05/04/2018;22:30;18;3;15
05/04/2018;22:45;13;5;8
05/04/2018;23:00;10;1;9
05/04/2018;23:15;18;0;18
05/04/2018;23:30;7;3;4
05/04/2018;23:45;7;1;6
06/04/2018;00:00;12;2;10
06/04/2018;00:15;4;2;2
06/04/2018;00:30;5;1;4
06/04/2018;00:45;0;0;0
06/04/2018;01:00;2;0;2
06/04/2018;01:15;4;3;1
06/04/2018;01:30;5;1;4
06/04/2018;01:45;5;0;5
06/04/2018;02:00;2;0;2
06/04/2018;02:15;0;0;0
06/04/2018;02:30;4;0;4
06/04/2018;02:45;6;0;6
06/04/2018;03:00;0;0;0
06/04/2018;03:15;3;0;3
06/04/2018;03:30;1;1;0
06/04/2018;03:45;2;0;2
06/04/2018;04:00;0;0;0
06/04/2018;04:15;0;0;0
06/04/2018;04:30;5;3;2
06/04/2018;04:45;2;0;2
06/04/2018;05:00;3;1;2
06/04/2018;05:15;5;1;4
06/04/2018;05:30;9;5;4
06/04/2018;05:45;9;3;6
06/04/2018;06:00;16;6;10
06/04/2018;06:15;23;10;13
06/04/2018;06:30;28;12;16
06/04/2018;06:45;24;8;16
06/04/2018;07:00;37;16;21
06/04/2018;07:15;46;19;27
06/04/2018;07:30;52;22;30
06/04/2018;07:45;69;35;34
06/04/2018;08:00;55;20;35
06/04/2018;08:15;61;30;31
06/04/2018;08:30;70;31;39
06/04/2018;08:45;74;41;33
06/04/2018;09:00;69;39;30
06/04/2018;09:15;38;24;14
06/04/2018;09:30;37;10;27
06/04/2018;09:45;61;32;29
06/04/2018;10:00;43;14;29
06/04/2018;10:15;39;16;23
06/04/2018;10:30;34;18;16
06/04/2018;10:45;49;21;28
06/04/2018;11:00;50;17;33
06/04/2018;11:15;51;17;34
06/04/2018;11:30;49;15;34
06/04/2018;11:45;51;22;29
06/04/2018;12:00;69;17;52
06/04/2018;12:15;81;22;59
06/04/2018;12:30;61;19;42
06/04/2018;12:45;71;18;53
06/04/2018;13:00;70;19;51
06/04/2018;13:15;82;9;73
06/04/2018;13:30;89;16;73
06/04/2018;13:45;84;18;66
06/04/2018;14:00;103;18;85
06/04/2018;14:15;94;18;76
06/04/2018;14:30;98;23;75
06/04/2018;14:45;98;16;82
06/04/2018;15:00;97;24;73
06/04/2018;15:15;112;16;96
06/04/2018;15:30;96;21;75
06/04/2018;15:45;129;31;98
06/04/2018;16:00;109;28;81
06/04/2018;16:15;96;22;74
06/04/2018;16:30;128;33;95
06/04/2018;16:45;119;20;99
06/04/2018;17:00;112;24;88
06/04/2018;17:15;119;26;93
06/04/2018;17:30;109;24;85
06/04/2018;17:45;120;26;94
06/04/2018;18:00;133;23;110
06/04/2018;18:15;119;17;102
06/04/2018;18:30;121;30;91
06/04/2018;18:45;108;21;87
06/04/2018;19:00;98;20;78
06/04/2018;19:15;95;19;76
06/04/2018;19:30;65;18;47
06/04/2018;19:45;61;15;46
06/04/2018;20:00;70;17;53
06/04/2018;20:15;43;10;33
06/04/2018;20:30;53;18;35
06/04/2018;20:45;35;8;27
06/04/2018;21:00;37;14;23
06/04/2018;21:15;31;5;26
06/04/2018;21:30;33;7;26
06/04/2018;21:45;26;4;22
06/04/2018;22:00;29;7;22
06/04/2018;22:15;16;4;12
06/04/2018;22:30;20;5;15
06/04/2018;22:45;25;2;23
06/04/2018;23:00;15;2;13
06/04/2018;23:15;28;5;23
06/04/2018;23:30;10;1;9
06/04/2018;23:45;19;3;16
07/04/2018;00:00;12;2;10
07/04/2018;00:15;16;5;11
07/04/2018;00:30;26;4;22
07/04/2018;00:45;18;3;15
07/04/2018;01:00;8;2;6
07/04/2018;01:15;18;9;9
07/04/2018;01:30;14;2;12
07/04/2018;01:45;7;0;7
07/04/2018;02:00;6;1;5
07/04/2018;02:15;8;1;7
07/04/2018;02:30;4;0;4
07/04/2018;02:45;7;1;6
07/04/2018;03:00;6;3;3
07/04/2018;03:15;3;0;3
07/04/2018;03:30;3;1;2
07/04/2018;03:45;1;0;1
07/04/2018;04:00;2;1;1
07/04/2018;04:15;1;0;1
07/04/2018;04:30;5;0;5
07/04/2018;04:45;1;0;1
07/04/2018;05:00;1;0;1
07/04/2018;05:15;3;2;1
07/04/2018;05:30;5;2;3
07/04/2018;05:45;2;1;1
07/04/2018;06:00;4;2;2
07/04/2018;06:15;5;1;4
07/04/2018;06:30;3;1;2
07/04/2018;06:45;8;2;6
07/04/2018;07:00;5;2;3
07/04/2018;07:15;6;2;4
07/04/2018;07:30;7;3;4
07/04/2018;07:45;7;2;5
07/04/2018;08:00;17;5;12
07/04/2018;08:15;19;4;15
07/04/2018;08:30;17;5;12
07/04/2018;08:45;29;12;17
07/04/2018;09:00;24;10;14
07/04/2018;09:15;30;16;14
07/04/2018;09:30;27;14;13
07/04/2018;09:45;46;25;21
07/04/2018;10:00;43;24;19
07/04/2018;10:15;41;13;28
07/04/2018;10:30;47;18;29
07/04/2018;10:45;64;31;33
07/04/2018;11:00;65;16;49
07/04/2018;11:15;57;11;46
07/04/2018;11:30;91;19;72
07/04/2018;11:45;74;32;42
07/04/2018;12:00;88;30;58
07/04/2018;12:15;86;20;66
07/04/2018;12:30;112;32;80
07/04/2018;12:45;110;35;75
07/04/2018;13:00;101;13;88
07/04/2018;13:15;88;26;62
07/04/2018;13:30;98;26;72
07/04/2018;13:45;124;23;101
07/04/2018;14:00;104;22;82
07/04/2018;14:15;114;17;97
07/04/2018;14:30;129;27;102
07/04/2018;14:45;127;19;108
07/04/2018;15:00;104;25;79
07/04/2018;15:15;121;28;93
07/04/2018;15:30;120;28;92
07/04/2018;15:45;102;29;73
07/04/2018;16:00;118;22;96
07/04/2018;16:15;129;29;100
07/04/2018;16:30;113;18;95
07/04/2018;16:45;98;31;67
07/04/2018;17:00;83;17;66
07/04/2018;17:15;98;25;73
07/04/2018;17:30;112;22;90
07/04/2018;17:45;129;47;82
07/04/2018;18:00;102;29;73
07/04/2018;18:15;109;31;78
07/04/2018;18:30;122;34;88
07/04/2018;18:45;103;38;65
07/04/2018;19:00;102;32;70
07/04/2018;19:15;78;23;55
07/04/2018;19:30;69;22;47
07/04/2018;19:45;66;30;36
07/04/2018;20:00;59;22;37
07/04/2018;20:15;60;12;48
07/04/2018;20:30;40;9;31
07/04/2018;20:45;42;8;34
07/04/2018;21:00;29;9;20
07/04/2018;21:15;44;10;34
07/04/2018;21:30;35;11;24
07/04/2018;21:45;19;6;13
07/04/2018;22:00;35;15;20
07/04/2018;22:15;28;9;19
07/04/2018;22:30;32;7;25
07/04/2018;22:45;22;5;17
07/04/2018;23:00;37;9;28
07/04/2018;23:15;16;5;11
07/04/2018;23:30;34;11;23
07/04/2018;23:45;19;5;14
08/04/2018;00:00;18;3;15
08/04/2018;00:15;22;4;18
08/04/2018;00:30;18;2;16
08/04/2018;00:45;9;3;6
08/04/2018;01:00;23;4;19
08/04/2018;01:15;20;4;16
08/04/2018;01:30;15;5;10
08/04/2018;01:45;8;0;8
08/04/2018;02:00;17;5;12
08/04/2018;02:15;10;2;8
08/04/2018;02:30;13;1;12
08/04/2018;02:45;10;1;9
08/04/2018;03:00;9;4;5
08/04/2018;03:15;10;0;10
08/04/2018;03:30;3;0;3
08/04/2018;03:45;3;0;3
08/04/2018;04:00;5;2;3
08/04/2018;04:15;4;1;3
08/04/2018;04:30;4;1;3
08/04/2018;04:45;2;1;1
08/04/2018;05:00;0;0;0
08/04/2018;05:15;2;2;0
08/04/2018;05:30;3;2;1
08/04/2018;05:45;2;2;0
08/04/2018;06:00;1;0;1
08/04/2018;06:15;1;1;0
08/04/2018;06:30;2;2;0
08/04/2018;06:45;2;0;2
08/04/2018;07:00;1;0;1
08/04/2018;07:15;3;2;1
08/04/2018;07:30;7;4;3
08/04/2018;07:45;6;3;3
08/04/2018;08:00;8;3;5
08/04/2018;08:15;13;5;8
08/04/2018;08:30;18;7;11
08/04/2018;08:45;17;3;14
08/04/2018;09:00;25;11;14
08/04/2018;09:15;18;4;14
08/04/2018;09:30;36;13;23
08/04/2018;09:45;50;12;38
08/04/2018;10:00;34;11;23
08/04/2018;10:15;29;6;23
08/04/2018;10:30;36;15;21
08/04/2018;10:45;48;20;28
08/04/2018;11:00;36;17;19
08/04/2018;11:15;34;3;31
08/04/2018;11:30;44;7;37
08/04/2018;11:45;66;15;51
08/04/2018;12:00;60;19;41
08/04/2018;12:15;58;17;41
08/04/2018;12:30;74;19;55
08/04/2018;12:45;91;19;72
08/04/2018;13:00;77;18;59
08/04/2018;13:15;101;16;85
08/04/2018;13:30;111;16;95
08/04/2018;13:45;114;28;86
08/04/2018;14:00;103;10;93
08/04/2018;14:15;113;30;83
08/04/2018;14:30;102;15;87
08/04/2018;14:45;153;37;116
08/04/2018;15:00;122;38;84
08/04/2018;15:15;121;22;99
08/04/2018;15:30;109;12;97
08/04/2018;15:45;114;26;88
08/04/2018;16:00;128;18;110
08/04/2018;16:15;102;17;85
08/04/2018;16:30;107;26;81
08/04/2018;16:45;119;24;95
08/04/2018;17:00;94;10;84
08/04/2018;17:15;96;26;70
08/04/2018;17:30;86;29;57
08/04/2018;17:45;94;17;77
08/04/2018;18:00;104;27;77
08/04/2018;18:15;82;16;66
08/04/2018;18:30;82;22;60
08/04/2018;18:45;94;35;59
08/04/2018;19:00;70;23;47
08/04/2018;19:15;65;14;51
08/04/2018;19:30;62;23;39
08/04/2018;19:45;50;14;36
08/04/2018;20:00;58;22;36
08/04/2018;20:15;52;18;34
08/04/2018;20:30;42;10;32
08/04/2018;20:45;42;13;29
08/04/2018;21:00;31;16;15
08/04/2018;21:15;26;5;21
08/04/2018;21:30;27;14;13
08/04/2018;21:45;19;5;14
08/04/2018;22:00;22;7;15
08/04/2018;22:15;21;11;10
08/04/2018;22:30;22;11;11
08/04/2018;22:45;17;9;8
08/04/2018;23:00;11;3;8
08/04/2018;23:15;5;0;5
08/04/2018;23:30;6;2;4
08/04/2018;23:45;0;0;0
09/04/2018;00:00;2;0;2
09/04/2018;00:15;7;3;4
09/04/2018;00:30;5;1;4
09/04/2018;00:45;2;0;2
09/04/2018;01:00;4;1;3
09/04/2018;01:15;1;0;1
09/04/2018;01:30;2;0;2
09/04/2018;01:45;1;0;1
09/04/2018;02:00;2;1;1
09/04/2018;02:15;0;0;0
09/04/2018;02:30;0;0;0
09/04/2018;02:45;0;0;0
09/04/2018;03:00;1;0;1
09/04/2018;03:15;1;0;1
09/04/2018;03:30;0;0;0
09/04/2018;03:45;1;0;1
09/04/2018;04:00;0;0;0
09/04/2018;04:15;1;1;0
09/04/2018;04:30;2;2;0
09/04/2018;04:45;5;1;4
09/04/2018;05:00;0;0;0
09/04/2018;05:15;3;1;2
09/04/2018;05:30;13;4;9
09/04/2018;05:45;16;8;8
09/04/2018;06:00;18;8;10
09/04/2018;06:15;24;7;17
09/04/2018;06:30;51;12;39
09/04/2018;06:45;46;21;25
09/04/2018;07:00;53;24;29
09/04/2018;07:15;78;34;44
09/04/2018;07:30;138;76;62
09/04/2018;07:45;140;73;67
09/04/2018;08:00;134;71;63
09/04/2018;08:15;123;57;66
09/04/2018;08:30;103;46;57
09/04/2018;08:45;103;51;52
09/04/2018;09:00;78;44;34
09/04/2018;09:15;65;25;40
09/04/2018;09:30;57;22;35
09/04/2018;09:45;60;28;32
09/04/2018;10:00;55;20;35
09/04/2018;10:15;49;18;31
09/04/2018;10:30;27;9;18
09/04/2018;10:45;43;17;26
09/04/2018;11:00;45;10;35
09/04/2018;11:15;39;6;33
09/04/2018;11:30;50;22;28
09/04/2018;11:45;63;24;39
09/04/2018;12:00;55;21;34
09/04/2018;12:15;69;19;50
09/04/2018;12:30;72;14;58
09/04/2018;12:45;65;15;50
09/04/2018;13:00;94;21;73
09/04/2018;13:15;84;14;70
09/04/2018;13:30;77;17;60
09/04/2018;13:45;101;28;73
09/04/2018;14:00;78;12;66
09/04/2018;14:15;87;22;65
09/04/2018;14:30;92;13;79
09/04/2018;14:45;120;20;100
09/04/2018;15:00;109;19;90
09/04/2018;15:15;102;17;85
09/04/2018;15:30;112;20;92
09/04/2018;15:45;129;30;99
09/04/2018;16:00;142;26;116
09/04/2018;16:15;142;27;115
09/04/2018;16:30;175;31;144
09/04/2018;16:45;130;17;113
09/04/2018;17:00;176;31;145
09/04/2018;17:15;191;36;155
09/04/2018;17:30;170;28;142
09/04/2018;17:45;174;24;150
09/04/2018;18:00;167;39;128
09/04/2018;18:15;162;23;139
09/04/2018;18:30;150;28;122
09/04/2018;18:45;169;31;138
09/04/2018;19:00;108;21;87
09/04/2018;19:15;111;25;86
09/04/2018;19:30;68;12;56
09/04/2018;19:45;102;28;74
09/04/2018;20:00;77;17;60
09/04/2018;20:15;91;27;64
09/04/2018;20:30;50;5;45
09/04/2018;20:45;53;12;41
09/04/2018;21:00;50;16;34
09/04/2018;21:15;39;7;32
09/04/2018;21:30;34;10;24
09/04/2018;21:45;35;7;28
09/04/2018;22:00;35;6;29
09/04/2018;22:15;21;4;17
09/04/2018;22:30;43;5;38
09/04/2018;22:45;22;7;15
09/04/2018;23:00;22;11;11
09/04/2018;23:15;22;8;14
09/04/2018;23:30;17;1;16
09/04/2018;23:45;7;2;5
10/04/2018;00:00;8;1;7
10/04/2018;00:15;4;2;2
10/04/2018;00:30;7;0;7
10/04/2018;00:45;3;1;2
10/04/2018;01:00;0;0;0
10/04/2018;01:15;3;0;3
10/04/2018;01:30;5;1;4
10/04/2018;01:45;1;1;0
10/04/2018;02:00;1;0;1
10/04/2018;02:15;0;0;0
10/04/2018;02:30;0;0;0
10/04/2018;02:45;0;0;0
10/04/2018;03:00;1;0;1
10/04/2018;03:15;3;0;3
10/04/2018;03:30;0;0;0
10/04/2018;03:45;1;0;1
10/04/2018;04:00;0;0;0
10/04/2018;04:15;3;1;2
10/04/2018;04:30;5;2;3
10/04/2018;04:45;8;2;6
10/04/2018;05:00;3;1;2
10/04/2018;05:15;8;3;5
10/04/2018;05:30;22;7;15
10/04/2018;05:45;23;7;16
10/04/2018;06:00;32;8;24
10/04/2018;06:15;27;11;16
10/04/2018;06:30;69;20;49
10/04/2018;06:45;73;34;39
10/04/2018;07:00;94;39;55
10/04/2018;07:15;160;87;73
10/04/2018;07:30;212;118;94
10/04/2018;07:45;191;121;70
10/04/2018;08:00;187;93;94
10/04/2018;08:15;160;74;86
10/04/2018;08:30;164;87;77
10/04/2018;08:45;156;79;77
10/04/2018;09:00;114;56;58
10/04/2018;09:15;97;54;43
10/04/2018;09:30;82;43;39
10/04/2018;09:45;103;54;49
10/04/2018;10:00;102;38;64
10/04/2018;10:15;69;18;51
10/04/2018;10:30;98;34;64
10/04/2018;10:45;85;19;66
10/04/2018;11:00;70;27;43
10/04/2018;11:15;69;22;47
10/04/2018;11:30;70;26;44
10/04/2018;11:45;96;29;67
10/04/2018;12:00;73;14;59
10/04/2018;12:15;92;23;69
10/04/2018;12:30;99;26;73
10/04/2018;12:45;117;30;87
10/04/2018;13:00;96;12;84
10/04/2018;13:15;134;20;114
10/04/2018;13:30;146;21;125
10/04/2018;13:45;123;27;96
10/04/2018;14:00;118;28;90
10/04/2018;14:15;122;25;97
10/04/2018;14:30;125;17;108
10/04/2018;14:45;110;20;90
10/04/2018;15:00;130;21;109
10/04/2018;15:15;121;22;99
10/04/2018;15:30;155;28;127
10/04/2018;15:45;180;39;141
10/04/2018;16:00;211;34;177
10/04/2018;16:15;181;33;148
10/04/2018;16:30;174;28;146
10/04/2018;16:45;204;37;167
10/04/2018;17:00;240;25;215
10/04/2018;17:15;214;41;173
10/04/2018;17:30;246;51;195
10/04/2018;17:45;233;54;179
10/04/2018;18:00;208;28;180
10/04/2018;18:15;216;39;177
10/04/2018;18:30;157;30;127
10/04/2018;18:45;150;38;112
10/04/2018;19:00;149;34;115
10/04/2018;19:15;154;29;125
10/04/2018;19:30;121;20;101
10/04/2018;19:45;123;26;97
10/04/2018;20:00;94;17;77
10/04/2018;20:15;95;13;82
10/04/2018;20:30;63;10;53
10/04/2018;20:45;78;19;59
10/04/2018;21:00;65;21;44
10/04/2018;21:15;33;4;29
10/04/2018;21:30;54;8;46
10/04/2018;21:45;55;6;49
10/04/2018;22:00;60;16;44
10/04/2018;22:15;41;9;32
10/04/2018;22:30;41;6;35
10/04/2018;22:45;33;12;21
10/04/2018;23:00;15;5;10
10/04/2018;23:15;38;9;29
10/04/2018;23:30;13;1;12
10/04/2018;23:45;10;0;10
11/04/2018;00:00;14;2;12
11/04/2018;00:15;12;1;11
11/04/2018;00:30;5;0;5
11/04/2018;00:45;7;1;6
11/04/2018;01:00;0;0;0
11/04/2018;01:15;3;1;2
11/04/2018;01:30;1;0;1
11/04/2018;01:45;2;1;1
11/04/2018;02:00;1;0;1
11/04/2018;02:15;0;0;0
11/04/2018;02:30;0;0;0
11/04/2018;02:45;2;0;2
11/04/2018;03:00;0;0;0
11/04/2018;03:15;2;0;2
11/04/2018;03:30;0;0;0
11/04/2018;03:45;1;0;1
11/04/2018;04:00;1;0;1
11/04/2018;04:15;2;0;2
11/04/2018;04:30;3;3;0
11/04/2018;04:45;1;0;1
11/04/2018;05:00;1;0;1
11/04/2018;05:15;10;4;6
11/04/2018;05:30;13;4;9
11/04/2018;05:45;5;1;4
11/04/2018;06:00;27;9;18
11/04/2018;06:15;17;8;9
11/04/2018;06:30;34;16;18
11/04/2018;06:45;33;14;19
11/04/2018;07:00;57;30;27
11/04/2018;07:15;45;17;28
11/04/2018;07:30;73;38;35
11/04/2018;07:45;82;41;41
11/04/2018;08:00;77;45;32
11/04/2018;08:15;68;32;36
11/04/2018;08:30;62;31;31
11/04/2018;08:45;45;18;27
11/04/2018;09:00;23;12;11
11/04/2018;09:15;36;14;22
11/04/2018;09:30;32;9;23
11/04/2018;09:45;24;9;15
11/04/2018;10:00;24;11;13
11/04/2018;10:15;13;3;10
11/04/2018;10:30;23;12;11
11/04/2018;10:45;14;7;7
11/04/2018;11:00;21;9;12
11/04/2018;11:15;21;8;13
11/04/2018;11:30;18;7;11
11/04/2018;11:45;30;11;19
11/04/2018;12:00;29;16;13
11/04/2018;12:15;25;13;12
11/04/2018;12:30;30;14;16
11/04/2018;12:45;36;11;25
11/04/2018;13:00;42;8;34
11/04/2018;13:15;42;6;36
11/04/2018;13:30;62;15;47
11/04/2018;13:45;45;11;34
11/04/2018;14:00;47;12;35
11/04/2018;14:15;39;10;29
11/04/2018;14:30;63;13;50
11/04/2018;14:45;54;10;44
11/04/2018;15:00;53;10;43
11/04/2018;15:15;52;13;39
11/04/2018;15:30;76;21;55
11/04/2018;15:45;71;17;54
11/04/2018;16:00;82;7;75
11/04/2018;16:15;103;22;81
11/04/2018;16:30;81;20;61
11/04/2018;16:45;94;18;76
11/04/2018;17:00;114;20;94
11/04/2018;17:15;86;11;75
11/04/2018;17:30;98;16;82
11/04/2018;17:45;119;32;87
11/04/2018;18:00;96;11;85
11/04/2018;18:15;109;33;76
11/04/2018;18:30;105;21;84
11/04/2018;18:45;94;18;76
11/04/2018;19:00;73;15;58
11/04/2018;19:15;85;15;70
11/04/2018;19:30;67;16;51
11/04/2018;19:45;96;19;77
11/04/2018;20:00;83;21;62
11/04/2018;20:15;72;22;50
11/04/2018;20:30;56;14;42
11/04/2018;20:45;43;15;28
11/04/2018;21:00;53;15;38
11/04/2018;21:15;41;6;35
11/04/2018;21:30;40;9;31
11/04/2018;21:45;49;6;43
11/04/2018;22:00;38;4;34
11/04/2018;22:15;28;9;19
11/04/2018;22:30;37;4;33
11/04/2018;22:45;38;15;23
11/04/2018;23:00;47;12;35
11/04/2018;23:15;13;1;12
11/04/2018;23:30;16;3;13
11/04/2018;23:45;4;1;3
12/04/2018;00:00;5;2;3
12/04/2018;00:15;9;1;8
12/04/2018;00:30;4;0;4
12/04/2018;00:45;12;3;9
12/04/2018;01:00;7;3;4
12/04/2018;01:15;4;0;4
12/04/2018;01:30;4;1;3
12/04/2018;01:45;3;0;3
12/04/2018;02:00;1;0;1
12/04/2018;02:15;4;1;3
12/04/2018;02:30;1;0;1
12/04/2018;02:45;2;0;2
12/04/2018;03:00;3;0;3
12/04/2018;03:15;1;0;1
12/04/2018;03:30;1;0;1
12/04/2018;03:45;2;2;0
12/04/2018;04:00;2;1;1
12/04/2018;04:15;2;0;2
12/04/2018;04:30;3;2;1
12/04/2018;04:45;4;0;4
12/04/2018;05:00;0;0;0
12/04/2018;05:15;7;4;3
12/04/2018;05:30;8;2;6
12/04/2018;05:45;11;6;5
12/04/2018;06:00;28;15;13
12/04/2018;06:15;22;10;12
12/04/2018;06:30;36;15;21
12/04/2018;06:45;57;30;27
12/04/2018;07:00;53;15;38
12/04/2018;07:15;65;25;40
12/04/2018;07:30;145;87;58
12/04/2018;07:45;129;68;61
12/04/2018;08:00;140;86;54
12/04/2018;08:15;120;65;55
12/04/2018;08:30;104;58;46
12/04/2018;08:45;95;48;47
12/04/2018;09:00;75;28;47
12/04/2018;09:15;71;35;36
12/04/2018;09:30;78;33;45
12/04/2018;09:45;68;43;25
12/04/2018;10:00;57;24;33
12/04/2018;10:15;44;15;29
12/04/2018;10:30;47;24;23
12/04/2018;10:45;47;15;32
12/04/2018;11:00;39;14;25
12/04/2018;11:15;35;13;22
12/04/2018;11:30;59;13;46
12/04/2018;11:45;50;11;39
12/04/2018;12:00;71;24;47
12/04/2018;12:15;69;21;48
12/04/2018;12:30;83;27;56
12/04/2018;12:45;95;25;70
12/04/2018;13:00;81;25;56
12/04/2018;13:15;98;22;76
12/04/2018;13:30;95;22;73
12/04/2018;13:45;80;22;58
12/04/2018;14:00;84;30;54
12/04/2018;14:15;90;16;74
12/04/2018;14:30;94;13;81
12/04/2018;14:45;101;23;78
12/04/2018;15:00;96;23;73
12/04/2018;15:15;128;27;101
12/04/2018;15:30;124;22;102
12/04/2018;15:45;111;14;97
12/04/2018;16:00;154;22;132
12/04/2018;16:15;157;23;134
12/04/2018;16:30;149;22;127
12/04/2018;16:45;128;19;109
12/04/2018;17:00;136;14;122
12/04/2018;17:15;126;15;111
12/04/2018;17:30;161;36;125
12/04/2018;17:45;172;26;146
12/04/2018;18:00;187;35;152
12/04/2018;18:15;170;23;147
12/04/2018;18:30;158;31;127
12/04/2018;18:45;142;26;116
12/04/2018;19:00;128;31;97
12/04/2018;19:15;131;28;103
12/04/2018;19:30;108;25;83
12/04/2018;19:45;106;36;70
12/04/2018;20:00;90;18;72
12/04/2018;20:15;71;15;56
12/04/2018;20:30;64;7;57
12/04/2018;20:45;57;21;36
12/04/2018;21:00;71;19;52
12/04/2018;21:15;45;10;35
12/04/2018;21:30;41;6;35
12/04/2018;21:45;44;10;34
12/04/2018;22:00;48;11;37
12/04/2018;22:15;54;10;44
12/04/2018;22:30;40;4;36
12/04/2018;22:45;33;9;24
12/04/2018;23:00;30;12;18
12/04/2018;23:15;20;4;16
12/04/2018;23:30;31;5;26
12/04/2018;23:45;12;1;11
13/04/2018;00:00;9;0;9
13/04/2018;00:15;14;1;13
13/04/2018;00:30;5;3;2
13/04/2018;00:45;2;0;2
13/04/2018;01:00;4;0;4
13/04/2018;01:15;6;1;5
13/04/2018;01:30;5;0;5
13/04/2018;01:45;1;0;1
13/04/2018;02:00;3;0;3
13/04/2018;02:15;3;0;3
13/04/2018;02:30;1;0;1
13/04/2018;02:45;2;0;2
13/04/2018;03:00;4;1;3
13/04/2018;03:15;4;1;3
13/04/2018;03:30;0;0;0
13/04/2018;03:45;1;1;0
13/04/2018;04:00;1;0;1
13/04/2018;04:15;5;1;4
13/04/2018;04:30;3;2;1
13/04/2018;04:45;1;0;1
13/04/2018;05:00;0;0;0
13/04/2018;05:15;5;2;3
13/04/2018;05:30;12;3;9
13/04/2018;05:45;8;5;3
13/04/2018;06:00;19;10;9
13/04/2018;06:15;29;10;19
13/04/2018;06:30;43;21;22
13/04/2018;06:45;41;21;20
13/04/2018;07:00;49;21;28
13/04/2018;07:15;79;33;46
13/04/2018;07:30;117;66;51
13/04/2018;07:45;123;64;59
13/04/2018;08:00;87;44;43
13/04/2018;08:15;83;37;46
13/04/2018;08:30;82;43;39
13/04/2018;08:45;103;53;50
13/04/2018;09:00;69;33;36
13/04/2018;09:15;59;30;29
13/04/2018;09:30;62;34;28
13/04/2018;09:45;60;29;31
13/04/2018;10:00;56;26;30
13/04/2018;10:15;53;23;30
13/04/2018;10:30;46;19;27
13/04/2018;10:45;50;18;32
13/04/2018;11:00;49;16;33
13/04/2018;11:15;50;16;34
13/04/2018;11:30;61;19;42
13/04/2018;11:45;54;16;38
13/04/2018;12:00;67;26;41
13/04/2018;12:15;90;25;65
13/04/2018;12:30;82;17;65
13/04/2018;12:45;89;23;66
13/04/2018;13:00;103;24;79
13/04/2018;13:15;108;15;93
13/04/2018;13:30;114;23;91
13/04/2018;13:45;85;21;64
13/04/2018;14:00;91;23;68
13/04/2018;14:15;80;13;67
13/04/2018;14:30;110;18;92
13/04/2018;14:45;97;22;75
13/04/2018;15:00;109;14;95
13/04/2018;15:15;122;27;95
13/04/2018;15:30;105;20;85
13/04/2018;15:45;111;30;81
13/04/2018;16:00;114;18;96
13/04/2018;16:15;116;16;100
13/04/2018;16:30;103;27;76
13/04/2018;16:45;117;30;87
13/04/2018;17:00;115;22;93
13/04/2018;17:15;112;20;92
13/04/2018;17:30;88;16;72
13/04/2018;17:45;135;35;100
13/04/2018;18:00;100;27;73
13/04/2018;18:15;104;12;92
13/04/2018;18:30;133;32;101
13/04/2018;18:45;120;29;91
13/04/2018;19:00;90;24;66
13/04/2018;19:15;89;15;74
13/04/2018;19:30;76;19;57
13/04/2018;19:45;58;14;44
13/04/2018;20:00;66;10;56
13/04/2018;20:15;42;7;35
13/04/2018;20:30;38;9;29
13/04/2018;20:45;46;12;34
13/04/2018;21:00;32;5;27
13/04/2018;21:15;34;3;31
13/04/2018;21:30;24;6;18
13/04/2018;21:45;38;6;32
13/04/2018;22:00;33;8;25
13/04/2018;22:15;17;1;16
13/04/2018;22:30;40;10;30
13/04/2018;22:45;24;2;22
13/04/2018;23:00;27;6;21
13/04/2018;23:15;34;5;29
13/04/2018;23:30;23;5;18
13/04/2018;23:45;18;6;12
14/04/2018;00:00;18;1;17
14/04/2018;00:15;18;3;15
14/04/2018;00:30;24;2;22
14/04/2018;00:45;11;1;10
14/04/2018;01:00;16;0;16
14/04/2018;01:15;8;1;7
14/04/2018;01:30;10;0;10
14/04/2018;01:45;16;1;15
14/04/2018;02:00;7;2;5
14/04/2018;02:15;9;2;7
14/04/2018;02:30;7;1;6
14/04/2018;02:45;9;0;9
14/04/2018;03:00;6;2;4
14/04/2018;03:15;3;0;3
14/04/2018;03:30;4;2;2
14/04/2018;03:45;1;0;1
14/04/2018;04:00;0;0;0
14/04/2018;04:15;5;0;5
14/04/2018;04:30;2;0;2
14/04/2018;04:45;2;0;2
14/04/2018;05:00;2;0;2
14/04/2018;05:15;2;1;1
14/04/2018;05:30;5;1;4
14/04/2018;05:45;1;0;1
14/04/2018;06:00;5;1;4
14/04/2018;06:15;4;0;4
14/04/2018;06:30;11;6;5
14/04/2018;06:45;5;1;4
14/04/2018;07:00;6;3;3
14/04/2018;07:15;7;1;6
14/04/2018;07:30;4;3;1
14/04/2018;07:45;19;9;10
14/04/2018;08:00;18;7;11
14/04/2018;08:15;17;8;9
14/04/2018;08:30;29;14;15
14/04/2018;08:45;23;13;10
14/04/2018;09:00;22;11;11
14/04/2018;09:15;42;20;22
14/04/2018;09:30;48;17;31
14/04/2018;09:45;70;30;40
14/04/2018;10:00;69;39;30
14/04/2018;10:15;55;29;26
14/04/2018;10:30;81;21;60
14/04/2018;10:45;72;29;43
14/04/2018;11:00;59;24;35
14/04/2018;11:15;78;26;52
14/04/2018;11:30;77;28;49
14/04/2018;11:45;93;38;55
14/04/2018;12:00;91;29;62
14/04/2018;12:15;85;16;69
14/04/2018;12:30;99;34;65
14/04/2018;12:45;92;27;65
14/04/2018;13:00;88;20;68
14/04/2018;13:15;104;27;77
14/04/2018;13:30;109;31;78
14/04/2018;13:45;105;22;83
14/04/2018;14:00;131;32;99
14/04/2018;14:15;135;20;115
14/04/2018;14:30;133;25;108
14/04/2018;14:45;134;26;108
14/04/2018;15:00;124;30;94
14/04/2018;15:15;127;17;110
14/04/2018;15:30;91;18;73
14/04/2018;15:45;108;12;96
14/04/2018;16:00;119;21;98
14/04/2018;16:15;125;29;96
14/04/2018;16:30;127;33;94
14/04/2018;16:45;132;32;100
14/04/2018;17:00;94;21;73
14/04/2018;17:15;126;29;97
14/04/2018;17:30;99;17;82
14/04/2018;17:45;121;29;92
14/04/2018;18:00;119;22;97
14/04/2018;18:15;119;31;88
14/04/2018;18:30;96;19;77
14/04/2018;18:45;95;29;66
14/04/2018;19:00;87;37;50
14/04/2018;19:15;81;18;63
14/04/2018;19:30;65;12;53
14/04/2018;19:45;86;23;63
14/04/2018;20:00;66;16;50
14/04/2018;20:15;42;12;30
14/04/2018;20:30;54;14;40
14/04/2018;20:45;44;24;20
14/04/2018;21:00;34;13;21
14/04/2018;21:15;36;7;29
14/04/2018;21:30;31;6;25
14/04/2018;21:45;34;7;27
14/04/2018;22:00;29;12;17
14/04/2018;22:15;35;12;23
14/04/2018;22:30;41;8;33
14/04/2018;22:45;14;3;11
14/04/2018;23:00;50;13;37
14/04/2018;23:15;44;11;33
14/04/2018;23:30;21;0;21
14/04/2018;23:45;25;4;21
15/04/2018;00:00;13;3;10
15/04/2018;00:15;22;3;19
15/04/2018;00:30;29;3;26
15/04/2018;00:45;18;5;13
15/04/2018;01:00;17;1;16
15/04/2018;01:15;15;1;14
15/04/2018;01:30;13;1;12
15/04/2018;01:45;7;1;6
15/04/2018;02:00;6;2;4
15/04/2018;02:15;12;0;12
15/04/2018;02:30;8;0;8
15/04/2018;02:45;3;0;3
15/04/2018;03:00;2;0;2
15/04/2018;03:15;8;2;6
15/04/2018;03:30;5;0;5
15/04/2018;03:45;2;1;1
15/04/2018;04:00;3;1;2
15/04/2018;04:15;3;0;3
15/04/2018;04:30;3;1;2
15/04/2018;04:45;2;1;1
15/04/2018;05:00;0;0;0
15/04/2018;05:15;0;0;0
15/04/2018;05:30;3;1;2
15/04/2018;05:45;2;1;1
15/04/2018;06:00;2;0;2
15/04/2018;06:15;4;1;3
15/04/2018;06:30;3;3;0
15/04/2018;06:45;2;0;2
15/04/2018;07:00;5;0;5
15/04/2018;07:15;8;5;3
15/04/2018;07:30;14;10;4
15/04/2018;07:45;18;15;3
15/04/2018;08:00;58;56;2
15/04/2018;08:15;32;27;5
15/04/2018;08:30;24;13;11
15/04/2018;08:45;30;17;13
15/04/2018;09:00;19;5;14
15/04/2018;09:15;38;15;23
15/04/2018;09:30;46;29;17
15/04/2018;09:45;55;37;18
15/04/2018;10:00;60;42;18
15/04/2018;10:15;62;28;34
15/04/2018;10:30;69;16;53
15/04/2018;10:45;47;15;32
15/04/2018;11:00;40;13;27
15/04/2018;11:15;54;31;23
15/04/2018;11:30;56;19;37
15/04/2018;11:45;52;19;33
15/04/2018;12:00;74;24;50
15/04/2018;12:15;66;11;55
15/04/2018;12:30;70;18;52
15/04/2018;12:45;96;30;66
15/04/2018;13:00;89;28;61
15/04/2018;13:15;83;19;64
15/04/2018;13:30;72;23;49
15/04/2018;13:45;89;30;59
15/04/2018;14:00;65;19;46
15/04/2018;14:15;88;16;72
15/04/2018;14:30;84;24;60
15/04/2018;14:45;108;24;84
15/04/2018;15:00;84;15;69
15/04/2018;15:15;119;26;93
15/04/2018;15:30;137;10;127
15/04/2018;15:45;138;24;114
15/04/2018;16:00;111;6;105
15/04/2018;16:15;84;15;69
15/04/2018;16:30;99;24;75
15/04/2018;16:45;99;21;78
15/04/2018;17:00;101;27;74
15/04/2018;17:15;100;13;87
15/04/2018;17:30;107;41;66
15/04/2018;17:45;116;27;89
15/04/2018;18:00;82;19;63
15/04/2018;18:15;86;18;68
15/04/2018;18:30;79;17;62
15/04/2018;18:45;83;20;63
15/04/2018;19:00;84;19;65
15/04/2018;19:15;67;20;47
15/04/2018;19:30;57;16;41
15/04/2018;19:45;49;15;34
15/04/2018;20:00;47;18;29
15/04/2018;20:15;50;14;36
15/04/2018;20:30;60;16;44
15/04/2018;20:45;28;8;20
15/04/2018;21:00;27;6;21
15/04/2018;21:15;23;3;20
15/04/2018;21:30;30;6;24
15/04/2018;21:45;25;8;17
15/04/2018;22:00;27;11;16
15/04/2018;22:15;32;10;22
15/04/2018;22:30;13;6;7
15/04/2018;22:45;35;27;8
15/04/2018;23:00;16;5;11
15/04/2018;23:15;12;1;11
15/04/2018;23:30;8;0;8
15/04/2018;23:45;5;2;3
16/04/2018;00:00;6;0;6
16/04/2018;00:15;6;1;5
16/04/2018;00:30;0;0;0
16/04/2018;00:45;1;0;1
16/04/2018;01:00;3;1;2
16/04/2018;01:15;2;0;2
16/04/2018;01:30;1;0;1
16/04/2018;01:45;0;0;0
16/04/2018;02:00;0;0;0
16/04/2018;02:15;1;0;1
16/04/2018;02:30;1;0;1
16/04/2018;02:45;0;0;0
16/04/2018;03:00;1;0;1
16/04/2018;03:15;1;0;1
16/04/2018;03:30;3;2;1
16/04/2018;03:45;1;0;1
16/04/2018;04:00;1;1;0
16/04/2018;04:15;0;0;0
16/04/2018;04:30;6;2;4
16/04/2018;04:45;3;2;1
16/04/2018;05:00;0;0;0
16/04/2018;05:15;2;1;1
16/04/2018;05:30;16;3;13
16/04/2018;05:45;10;6;4
16/04/2018;06:00;27;11;16
16/04/2018;06:15;20;6;14
16/04/2018;06:30;35;6;29
16/04/2018;06:45;43;23;20
16/04/2018;07:00;61;28;33
16/04/2018;07:15;87;35;52
16/04/2018;07:30;127;70;57
16/04/2018;07:45;130;77;53
16/04/2018;08:00;129;70;59
16/04/2018;08:15;123;63;60
16/04/2018;08:30;104;59;45
16/04/2018;08:45;100;51;49
16/04/2018;09:00;74;44;30
16/04/2018;09:15;64;30;34
16/04/2018;09:30;68;34;34
16/04/2018;09:45;61;27;34
16/04/2018;10:00;50;29;21
16/04/2018;10:15;46;13;33
16/04/2018;10:30;46;21;25
16/04/2018;10:45;52;25;27
16/04/2018;11:00;65;25;40
16/04/2018;11:15;56;15;41
16/04/2018;11:30;58;20;38
16/04/2018;11:45;52;18;34
16/04/2018;12:00;76;22;54
16/04/2018;12:15;87;25;62
16/04/2018;12:30;57;15;42
16/04/2018;12:45;71;20;51
16/04/2018;13:00;72;12;60
16/04/2018;13:15;70;10;60
16/04/2018;13:30;91;10;81
16/04/2018;13:45;109;26;83
16/04/2018;14:00;92;22;70
16/04/2018;14:15;86;15;71
16/04/2018;14:30;85;20;65
16/04/2018;14:45;97;14;83
16/04/2018;15:00;122;17;105
16/04/2018;15:15;95;19;76
16/04/2018;15:30;122;23;99
16/04/2018;15:45;132;23;109
16/04/2018;16:00;163;25;138
16/04/2018;16:15;159;25;134
16/04/2018;16:30;146;25;121
16/04/2018;16:45;144;25;119
16/04/2018;17:00;183;30;153
16/04/2018;17:15;169;18;151
16/04/2018;17:30;179;25;154
16/04/2018;17:45;227;49;178
16/04/2018;18:00;167;28;139
16/04/2018;18:15;175;31;144
16/04/2018;18:30;181;27;154
16/04/2018;18:45;128;24;104
16/04/2018;19:00;139;26;113
16/04/2018;19:15;104;13;91
16/04/2018;19:30;111;30;81
16/04/2018;19:45;98;19;79
16/04/2018;20:00;86;18;68
16/04/2018;20:15;110;27;83
16/04/2018;20:30;59;14;45
16/04/2018;20:45;53;8;45
16/04/2018;21:00;50;14;36
16/04/2018;21:15;58;21;37
16/04/2018;21:30;51;14;37
16/04/2018;21:45;54;3;51
16/04/2018;22:00;34;9;25
16/04/2018;22:15;34;6;28
16/04/2018;22:30;26;4;22
16/04/2018;22:45;18;3;15
16/04/2018;23:00;25;2;23
16/04/2018;23:15;20;4;16
16/04/2018;23:30;14;3;11
16/04/2018;23:45;7;0;7
17/04/2018;00:00;7;3;4
17/04/2018;00:15;10;1;9
17/04/2018;00:30;1;0;1
17/04/2018;00:45;4;0;4
17/04/2018;01:00;4;0;4
17/04/2018;01:15;5;2;3
17/04/2018;01:30;5;0;5
17/04/2018;01:45;2;0;2
17/04/2018;02:00;2;0;2
17/04/2018;02:15;2;1;1
17/04/2018;02:30;10;4;6
17/04/2018;02:45;2;1;1
17/04/2018;03:00;1;1;0
17/04/2018;03:15;2;0;2
17/04/2018;03:30;0;0;0
17/04/2018;03:45;1;1;0
17/04/2018;04:00;0;0;0
17/04/2018;04:15;2;0;2
17/04/2018;04:30;3;3;0
17/04/2018;04:45;4;1;3
17/04/2018;05:00;2;1;1
17/04/2018;05:15;4;2;2
17/04/2018;05:30;18;6;12
17/04/2018;05:45;14;9;5
17/04/2018;06:00;19;7;12
17/04/2018;06:15;27;13;14
17/04/2018;06:30;44;18;26
17/04/2018;06:45;64;26;38
17/04/2018;07:00;62;25;37
17/04/2018;07:15;79;34;45
17/04/2018;07:30;161;90;71
17/04/2018;07:45;162;87;75
17/04/2018;08:00;146;82;64
17/04/2018;08:15;120;52;68
17/04/2018;08:30;128;68;60
17/04/2018;08:45;150;81;69
17/04/2018;09:00;79;37;42
17/04/2018;09:15;70;31;39
17/04/2018;09:30;77;43;34
17/04/2018;09:45;74;43;31
17/04/2018;10:00;80;33;47
17/04/2018;10:15;57;17;40
17/04/2018;10:30;56;22;34
17/04/2018;10:45;63;21;42
17/04/2018;11:00;51;12;39
17/04/2018;11:15;61;16;45
17/04/2018;11:30;74;25;49
17/04/2018;11:45;86;32;54
17/04/2018;12:00;67;22;45
17/04/2018;12:15;69;15;54
17/04/2018;12:30;74;12;62
17/04/2018;12:45;102;16;86
17/04/2018;13:00;92;22;70
17/04/2018;13:15;110;21;89
17/04/2018;13:30;99;20;79
17/04/2018;13:45;109;26;83
17/04/2018;14:00;100;21;79
17/04/2018;14:15;97;15;82
17/04/2018;14:30;105;26;79
17/04/2018;14:45;102;21;81
17/04/2018;15:00;109;20;89
17/04/2018;15:15;118;29;89
17/04/2018;15:30;123;26;97
17/04/2018;15:45;143;26;117
17/04/2018;16:00;187;34;153
17/04/2018;16:15;180;23;157
17/04/2018;16:30;165;33;132
17/04/2018;16:45;184;25;159
17/04/2018;17:00;217;30;187
17/04/2018;17:15;217;38;179
17/04/2018;17:30;208;23;185
17/04/2018;17:45;198;43;155
17/04/2018;18:00;217;31;186
17/04/2018;18:15;182;26;156
17/04/2018;18:30;160;35;125
17/04/2018;18:45;151;30;121
17/04/2018;19:00;146;28;118
17/04/2018;19:15;149;24;125
17/04/2018;19:30;153;46;107
17/04/2018;19:45;118;22;96
17/04/2018;20:00;100;18;82
17/04/2018;20:15;99;27;72
17/04/2018;20:30;71;12;59
17/04/2018;20:45;69;12;57
17/04/2018;21:00;80;27;53
17/04/2018;21:15;77;28;49
17/04/2018;21:30;59;19;40
17/04/2018;21:45;58;21;37
17/04/2018;22:00;75;15;60
17/04/2018;22:15;43;7;36
17/04/2018;22:30;40;7;33
17/04/2018;22:45;44;4;40
17/04/2018;23:00;41;4;37
17/04/2018;23:15;26;6;20
17/04/2018;23:30;19;2;17
17/04/2018;23:45;7;0;7
18/04/2018;00:00;10;3;7
18/04/2018;00:15;5;2;3
18/04/2018;00:30;7;0;7
18/04/2018;00:45;3;1;2
18/04/2018;01:00;5;1;4
18/04/2018;01:15;3;1;2
18/04/2018;01:30;3;0;3
18/04/2018;01:45;3;1;2
18/04/2018;02:00;1;0;1
18/04/2018;02:15;1;0;1
18/04/2018;02:30;0;0;0
18/04/2018;02:45;1;0;1
18/04/2018;03:00;2;0;2
18/04/2018;03:15;2;0;2
18/04/2018;03:30;1;0;1
18/04/2018;03:45;1;1;0
18/04/2018;04:00;2;1;1
18/04/2018;04:15;2;0;2
18/04/2018;04:30;2;2;0
18/04/2018;04:45;1;1;0
18/04/2018;05:00;1;0;1
18/04/2018;05:15;2;0;2
18/04/2018;05:30;11;5;6
18/04/2018;05:45;15;6;9
18/04/2018;06:00;21;6;15
18/04/2018;06:15;28;10;18
18/04/2018;06:30;50;16;34
18/04/2018;06:45;63;35;28
18/04/2018;07:00;68;25;43
18/04/2018;07:15;86;34;52
18/04/2018;07:30;159;85;74
18/04/2018;07:45;158;88;70
18/04/2018;08:00;162;72;90
18/04/2018;08:15;148;78;70
18/04/2018;08:30;111;59;52
18/04/2018;08:45;140;62;78
18/04/2018;09:00;82;44;38
18/04/2018;09:15;84;41;43
18/04/2018;09:30;89;44;45
18/04/2018;09:45;98;61;37
18/04/2018;10:00;78;36;42
18/04/2018;10:15;71;28;43
18/04/2018;10:30;70;24;46
18/04/2018;10:45;61;22;39
18/04/2018;11:00;59;15;44
18/04/2018;11:15;57;17;40
18/04/2018;11:30;55;15;40
18/04/2018;11:45;73;31;42
18/04/2018;12:00;70;28;42
18/04/2018;12:15;92;20;72
18/04/2018;12:30;90;10;80
18/04/2018;12:45;98;19;79
18/04/2018;13:00;93;21;72
18/04/2018;13:15;102;16;86
18/04/2018;13:30;106;17;89
18/04/2018;13:45;112;16;96
18/04/2018;14:00;129;26;103
18/04/2018;14:15;109;10;99
18/04/2018;14:30;94;24;70
18/04/2018;14:45;117;19;98
18/04/2018;15:00;116;21;95
18/04/2018;15:15;123;17;106
18/04/2018;15:30;141;23;118
18/04/2018;15:45;193;33;160
18/04/2018;16:00;190;42;148
18/04/2018;16:15;175;26;149
18/04/2018;16:30;158;25;133
18/04/2018;16:45;176;23;153
18/04/2018;17:00;218;31;187
18/04/2018;17:15;200;25;175
18/04/2018;17:30;211;53;158
18/04/2018;17:45;217;36;181
18/04/2018;18:00;205;40;165
18/04/2018;18:15;196;37;159
18/04/2018;18:30;204;30;174
18/04/2018;18:45;185;52;133
18/04/2018;19:00;135;20;115
18/04/2018;19:15;156;27;129
18/04/2018;19:30;146;26;120
18/04/2018;19:45;142;26;116
18/04/2018;20:00;159;28;131
18/04/2018;20:15;126;30;96
18/04/2018;20:30;96;29;67
18/04/2018;20:45;83;21;62
18/04/2018;21:00;72;24;48
18/04/2018;21:15;101;31;70
18/04/2018;21:30;59;8;51
18/04/2018;21:45;70;14;56
18/04/2018;22:00;64;15;49
18/04/2018;22:15;46;11;35
18/04/2018;22:30;64;10;54
18/04/2018;22:45;48;12;36
18/04/2018;23:00;35;9;26
18/04/2018;23:15;26;4;22
18/04/2018;23:30;22;5;17
18/04/2018;23:45;15;1;14
19/04/2018;00:00;9;4;5
19/04/2018;00:15;10;3;7
19/04/2018;00:30;7;0;7
19/04/2018;00:45;3;1;2
19/04/2018;01:00;7;0;7
19/04/2018;01:15;1;0;1
19/04/2018;01:30;9;1;8
19/04/2018;01:45;5;4;1
19/04/2018;02:00;5;2;3
19/04/2018;02:15;0;0;0
19/04/2018;02:30;1;1;0
19/04/2018;02:45;4;3;1
19/04/2018;03:00;1;0;1
19/04/2018;03:15;2;0;2
19/04/2018;03:30;2;0;2
19/04/2018;03:45;1;0;1
19/04/2018;04:00;1;0;1
19/04/2018;04:15;4;2;2
19/04/2018;04:30;1;1;0
19/04/2018;04:45;2;1;1
19/04/2018;05:00;2;0;2
19/04/2018;05:15;4;3;1
19/04/2018;05:30;9;3;6
19/04/2018;05:45;10;6;4
19/04/2018;06:00;32;15;17
19/04/2018;06:15;23;8;15
19/04/2018;06:30;55;18;37
19/04/2018;06:45;70;32;38
19/04/2018;07:00;70;24;46
19/04/2018;07:15;91;43;48
19/04/2018;07:30;159;86;73
19/04/2018;07:45;174;99;75
19/04/2018;08:00;166;89;77
19/04/2018;08:15;143;70;73
19/04/2018;08:30;120;60;60
19/04/2018;08:45;131;66;65
19/04/2018;09:00;87;43;44
19/04/2018;09:15;67;32;35
19/04/2018;09:30;66;28;38
19/04/2018;09:45;74;31;43
19/04/2018;10:00;72;38;34
19/04/2018;10:15;68;20;48
19/04/2018;10:30;84;20;64
19/04/2018;10:45;75;26;49
19/04/2018;11:00;70;14;56
19/04/2018;11:15;64;22;42
19/04/2018;11:30;56;20;36
19/04/2018;11:45;63;24;39
19/04/2018;12:00;78;23;55
19/04/2018;12:15;84;22;62
19/04/2018;12:30;102;19;83
19/04/2018;12:45;99;22;77
19/04/2018;13:00;95;14;81
19/04/2018;13:15;115;24;91
19/04/2018;13:30;133;30;103
19/04/2018;13:45;106;21;85
19/04/2018;14:00;128;25;103
19/04/2018;14:15;107;25;82
19/04/2018;14:30;117;31;86
19/04/2018;14:45;124;28;96
19/04/2018;15:00;146;25;121
19/04/2018;15:15;123;20;103
19/04/2018;15:30;167;21;146
19/04/2018;15:45;197;34;163
19/04/2018;16:00;193;24;169
19/04/2018;16:15;195;28;167
19/04/2018;16:30;201;41;160
19/04/2018;16:45;212;37;175
19/04/2018;17:00;226;31;195
19/04/2018;17:15;225;41;184
19/04/2018;17:30;212;36;176
19/04/2018;17:45;222;37;185
19/04/2018;18:00;241;46;195
19/04/2018;18:15;221;47;174
19/04/2018;18:30;190;34;156
19/04/2018;18:45;180;21;159
19/04/2018;19:00;152;31;121
19/04/2018;19:15;148;34;114
19/04/2018;19:30;139;22;117
19/04/2018;19:45;144;43;101
19/04/2018;20:00;132;26;106
19/04/2018;20:15;118;21;97
19/04/2018;20:30;83;25;58
19/04/2018;20:45;78;23;55
19/04/2018;21:00;94;42;52
19/04/2018;21:15;75;19;56
19/04/2018;21:30;81;15;66
19/04/2018;21:45;95;29;66
19/04/2018;22:00;71;16;55
19/04/2018;22:15;57;18;39
19/04/2018;22:30;67;21;46
19/04/2018;22:45;27;7;20
19/04/2018;23:00;34;8;26
19/04/2018;23:15;41;12;29
19/04/2018;23:30;34;9;25
19/04/2018;23:45;28;7;21
20/04/2018;00:00;13;2;11
20/04/2018;00:15;12;3;9
20/04/2018;00:30;13;4;9
20/04/2018;00:45;7;1;6
20/04/2018;01:00;5;3;2
20/04/2018;01:15;3;3;0
20/04/2018;01:30;4;0;4
20/04/2018;01:45;5;1;4
20/04/2018;02:00;4;1;3
20/04/2018;02:15;2;0;2
20/04/2018;02:30;6;2;4
20/04/2018;02:45;2;2;0
20/04/2018;03:00;3;0;3
20/04/2018;03:15;6;1;5
20/04/2018;03:30;1;0;1
20/04/2018;03:45;2;0;2
20/04/2018;04:00;1;0;1
20/04/2018;04:15;2;1;1
20/04/2018;04:30;2;1;1
20/04/2018;04:45;3;1;2
20/04/2018;05:00;2;0;2
20/04/2018;05:15;7;3;4
20/04/2018;05:30;13;6;7
20/04/2018;05:45;7;1;6
20/04/2018;06:00;27;15;12
20/04/2018;06:15;23;12;11
20/04/2018;06:30;59;28;31
20/04/2018;06:45;67;27;40
20/04/2018;07:00;56;23;33
20/04/2018;07:15;89;33;56
20/04/2018;07:30;137;80;57
20/04/2018;07:45;121;71;50
20/04/2018;08:00;130;62;68
20/04/2018;08:15;102;47;55
20/04/2018;08:30;114;56;58
20/04/2018;08:45;134;65;69
20/04/2018;09:00;79;46;33
20/04/2018;09:15;70;32;38
20/04/2018;09:30;80;33;47
20/04/2018;09:45;87;45;42
20/04/2018;10:00;58;22;36
20/04/2018;10:15;77;27;50
20/04/2018;10:30;69;31;38
20/04/2018;10:45;77;29;48
20/04/2018;11:00;72;18;54
20/04/2018;11:15;70;22;48
20/04/2018;11:30;64;20;44
20/04/2018;11:45;92;29;63
20/04/2018;12:00;88;24;64
20/04/2018;12:15;94;20;74
20/04/2018;12:30;85;18;67
20/04/2018;12:45;109;33;76
20/04/2018;13:00;125;22;103
20/04/2018;13:15;135;21;114
20/04/2018;13:30;132;21;111
20/04/2018;13:45;153;38;115
20/04/2018;14:00;136;31;105
20/04/2018;14:15;161;26;135
20/04/2018;14:30;118;14;104
20/04/2018;14:45;136;23;113
20/04/2018;15:00;157;16;141
20/04/2018;15:15;142;16;126
20/04/2018;15:30;174;29;145
20/04/2018;15:45;164;21;143
20/04/2018;16:00;189;27;162
20/04/2018;16:15;179;34;145
20/04/2018;16:30;166;36;130
20/04/2018;16:45;164;33;131
20/04/2018;17:00;185;33;152
20/04/2018;17:15;153;32;121
20/04/2018;17:30;153;36;117
20/04/2018;17:45;157;41;116
20/04/2018;18:00;151;27;124
20/04/2018;18:15;171;24;147
20/04/2018;18:30;148;36;112
20/04/2018;18:45;150;28;122
20/04/2018;19:00;179;40;139
20/04/2018;19:15;161;39;122
20/04/2018;19:30;116;22;94
20/04/2018;19:45;134;34;100
20/04/2018;20:00;109;30;79
20/04/2018;20:15;99;35;64
20/04/2018;20:30;88;25;63
20/04/2018;20:45;79;27;52
20/04/2018;21:00;71;14;57
20/04/2018;21:15;79;24;55
20/04/2018;21:30;91;22;69
20/04/2018;21:45;68;20;48
20/04/2018;22:00;55;16;39
20/04/2018;22:15;64;18;46
20/04/2018;22:30;63;23;40
20/04/2018;22:45;55;17;38
20/04/2018;23:00;39;15;24
20/04/2018;23:15;24;5;19
20/04/2018;23:30;30;1;29
20/04/2018;23:45;50;10;40
21/04/2018;00:00;41;10;31
21/04/2018;00:15;42;10;32
21/04/2018;00:30;34;5;29
21/04/2018;00:45;27;6;21
21/04/2018;01:00;27;10;17
21/04/2018;01:15;12;2;10
21/04/2018;01:30;16;3;13
21/04/2018;01:45;17;5;12
21/04/2018;02:00;7;1;6
21/04/2018;02:15;7;1;6
21/04/2018;02:30;15;2;13
21/04/2018;02:45;15;2;13
21/04/2018;03:00;10;1;9
21/04/2018;03:15;12;1;11
21/04/2018;03:30;3;0;3
21/04/2018;03:45;5;2;3
21/04/2018;04:00;3;2;1
21/04/2018;04:15;5;0;5
21/04/2018;04:30;2;0;2
21/04/2018;04:45;0;0;0
21/04/2018;05:00;1;0;1
21/04/2018;05:15;11;4;7
21/04/2018;05:30;4;0;4
21/04/2018;05:45;7;3;4
21/04/2018;06:00;7;2;5
21/04/2018;06:15;6;2;4
21/04/2018;06:30;8;4;4
21/04/2018;06:45;12;6;6
21/04/2018;07:00;1;0;1
21/04/2018;07:15;6;1;5
21/04/2018;07:30;20;7;13
21/04/2018;07:45;17;6;11
21/04/2018;08:00;16;7;9
21/04/2018;08:15;21;14;7
21/04/2018;08:30;34;17;17
21/04/2018;08:45;28;14;14
21/04/2018;09:00;25;12;13
21/04/2018;09:15;35;16;19
21/04/2018;09:30;46;24;22
21/04/2018;09:45;78;32;46
21/04/2018;10:00;59;25;34
21/04/2018;10:15;77;32;45
21/04/2018;10:30;69;31;38
21/04/2018;10:45;57;15;42
21/04/2018;11:00;94;32;62
21/04/2018;11:15;88;40;48
21/04/2018;11:30;93;35;58
21/04/2018;11:45;88;18;70
21/04/2018;12:00;83;34;49
21/04/2018;12:15;88;34;54
21/04/2018;12:30;114;34;80
21/04/2018;12:45;107;21;86
21/04/2018;13:00;112;33;79
21/04/2018;13:15;136;32;104
21/04/2018;13:30;114;35;79
21/04/2018;13:45;127;29;98
21/04/2018;14:00;143;30;113
21/04/2018;14:15;125;23;102
21/04/2018;14:30;127;24;103
21/04/2018;14:45;139;31;108
21/04/2018;15:00;130;29;101
21/04/2018;15:15;133;26;107
21/04/2018;15:30;124;35;89
21/04/2018;15:45;132;21;111
21/04/2018;16:00;134;27;107
21/04/2018;16:15;133;27;106
21/04/2018;16:30;104;22;82
21/04/2018;16:45;122;37;85
21/04/2018;17:00;165;43;122
21/04/2018;17:15;156;23;133
21/04/2018;17:30;151;51;100
21/04/2018;17:45;148;33;115
21/04/2018;18:00;141;34;107
21/04/2018;18:15;125;23;102
21/04/2018;18:30;120;34;86
21/04/2018;18:45;129;42;87
21/04/2018;19:00;116;28;88
21/04/2018;19:15;101;30;71
21/04/2018;19:30;114;22;92
21/04/2018;19:45;81;11;70
21/04/2018;20:00;95;18;77
21/04/2018;20:15;85;24;61
21/04/2018;20:30;54;12;42
21/04/2018;20:45;70;22;48
21/04/2018;21:00;61;16;45
21/04/2018;21:15;59;15;44
21/04/2018;21:30;44;12;32
21/04/2018;21:45;38;15;23
21/04/2018;22:00;52;11;41
21/04/2018;22:15;55;12;43
21/04/2018;22:30;46;11;35
21/04/2018;22:45;41;23;18
21/04/2018;23:00;41;20;21
21/04/2018;23:15;45;22;23
21/04/2018;23:30;27;9;18
21/04/2018;23:45;35;9;26
22/04/2018;00:00;44;10;34
22/04/2018;00:15;22;3;19
22/04/2018;00:30;24;9;15
22/04/2018;00:45;32;4;28
22/04/2018;01:00;32;5;27
22/04/2018;01:15;13;1;12
22/04/2018;01:30;36;7;29
22/04/2018;01:45;13;1;12
22/04/2018;02:00;12;0;12
22/04/2018;02:15;9;1;8
22/04/2018;02:30;15;0;15
22/04/2018;02:45;21;1;20
22/04/2018;03:00;6;3;3
22/04/2018;03:15;7;0;7
22/04/2018;03:30;11;0;11
22/04/2018;03:45;2;0;2
22/04/2018;04:00;7;0;7
22/04/2018;04:15;7;1;6
22/04/2018;04:30;11;3;8
22/04/2018;04:45;10;1;9
22/04/2018;05:00;2;0;2
22/04/2018;05:15;3;3;0
22/04/2018;05:30;3;1;2
22/04/2018;05:45;4;3;1
22/04/2018;06:00;3;0;3
22/04/2018;06:15;1;1;0
22/04/2018;06:30;1;1;0
22/04/2018;06:45;1;0;1
22/04/2018;07:00;6;3;3
22/04/2018;07:15;5;3;2
22/04/2018;07:30;7;1;6
22/04/2018;07:45;10;5;5
22/04/2018;08:00;7;2;5
22/04/2018;08:15;19;5;14
22/04/2018;08:30;16;3;13
22/04/2018;08:45;14;3;11
22/04/2018;09:00;23;10;13
22/04/2018;09:15;23;7;16
22/04/2018;09:30;36;12;24
22/04/2018;09:45;50;13;37
22/04/2018;10:00;46;13;33
22/04/2018;10:15;47;10;37
22/04/2018;10:30;57;16;41
22/04/2018;10:45;59;15;44
22/04/2018;11:00;51;13;38
22/04/2018;11:15;75;12;63
22/04/2018;11:30;58;13;45
22/04/2018;11:45;89;23;66
22/04/2018;12:00;99;21;78
22/04/2018;12:15;77;20;57
22/04/2018;12:30;111;21;90
22/04/2018;12:45;92;19;73
22/04/2018;13:00;104;15;89
22/04/2018;13:15;97;18;79
22/04/2018;13:30;89;18;71
22/04/2018;13:45;121;27;94
22/04/2018;14:00;108;16;92
22/04/2018;14:15;105;20;85
22/04/2018;14:30;113;30;83
22/04/2018;14:45;113;22;91
22/04/2018;15:00;110;21;89
22/04/2018;15:15;89;27;62
22/04/2018;15:30;69;17;52
22/04/2018;15:45;87;25;62
22/04/2018;16:00;88;19;69
22/04/2018;16:15;73;31;42
22/04/2018;16:30;90;17;73
22/04/2018;16:45;78;23;55
22/04/2018;17:00;92;27;65
22/04/2018;17:15;73;31;42
22/04/2018;17:30;86;30;56
22/04/2018;17:45;71;20;51
22/04/2018;18:00;62;20;42
22/04/2018;18:15;54;15;39
22/04/2018;18:30;52;20;32
22/04/2018;18:45;68;25;43
22/04/2018;19:00;46;17;29
22/04/2018;19:15;57;10;47
22/04/2018;19:30;43;13;30
22/04/2018;19:45;53;19;34
22/04/2018;20:00;49;13;36
22/04/2018;20:15;61;15;46
22/04/2018;20:30;38;4;34
22/04/2018;20:45;32;9;23
22/04/2018;21:00;32;6;26
22/04/2018;21:15;27;12;15
22/04/2018;21:30;35;9;26
22/04/2018;21:45;27;6;21
22/04/2018;22:00;28;4;24
22/04/2018;22:15;61;40;21
22/04/2018;22:30;23;8;15
22/04/2018;22:45;20;6;14
22/04/2018;23:00;11;3;8
22/04/2018;23:15;14;3;11
22/04/2018;23:30;13;2;11
22/04/2018;23:45;10;3;7
23/04/2018;00:00;11;3;8
23/04/2018;00:15;8;1;7
23/04/2018;00:30;5;1;4
23/04/2018;00:45;6;3;3
23/04/2018;01:00;16;5;11
23/04/2018;01:15;5;1;4
23/04/2018;01:30;6;2;4
23/04/2018;01:45;0;0;0
23/04/2018;02:00;4;2;2
23/04/2018;02:15;0;0;0
23/04/2018;02:30;1;0;1
23/04/2018;02:45;0;0;0
23/04/2018;03:00;0;0;0
23/04/2018;03:15;1;0;1
23/04/2018;03:30;1;0;1
23/04/2018;03:45;3;0;3
23/04/2018;04:00;2;1;1
23/04/2018;04:15;4;2;2
23/04/2018;04:30;3;1;2
23/04/2018;04:45;1;1;0
23/04/2018;05:00;3;1;2
23/04/2018;05:15;10;7;3
23/04/2018;05:30;15;4;11
23/04/2018;05:45;12;3;9
23/04/2018;06:00;18;7;11
23/04/2018;06:15;26;11;15
23/04/2018;06:30;43;17;26
23/04/2018;06:45;48;20;28
23/04/2018;07:00;43;12;31
23/04/2018;07:15;73;32;41
23/04/2018;07:30;124;71;53
23/04/2018;07:45;152;91;61
23/04/2018;08:00;128;73;55
23/04/2018;08:15;126;63;63
23/04/2018;08:30;116;56;60
23/04/2018;08:45;123;56;67
23/04/2018;09:00;89;48;41
23/04/2018;09:15;82;41;41
23/04/2018;09:30;65;35;30
23/04/2018;09:45;70;33;37
23/04/2018;10:00;58;30;28
23/04/2018;10:15;62;23;39
23/04/2018;10:30;57;13;44
23/04/2018;10:45;58;22;36
23/04/2018;11:00;62;12;50
23/04/2018;11:15;47;20;27
23/04/2018;11:30;43;7;36
23/04/2018;11:45;63;22;41
23/04/2018;12:00;47;17;30
23/04/2018;12:15;72;18;54
23/04/2018;12:30;65;14;51
23/04/2018;12:45;85;23;62
23/04/2018;13:00;90;20;70
23/04/2018;13:15;80;20;60
23/04/2018;13:30;100;29;71
23/04/2018;13:45;95;30;65
23/04/2018;14:00;83;24;59
23/04/2018;14:15;97;15;82
23/04/2018;14:30;95;16;79
23/04/2018;14:45;84;23;61
23/04/2018;15:00;77;18;59
23/04/2018;15:15;85;14;71
23/04/2018;15:30;109;17;92
23/04/2018;15:45;119;22;97
23/04/2018;16:00;164;33;131
23/04/2018;16:15;152;24;128
23/04/2018;16:30;141;32;109
23/04/2018;16:45;165;24;141
23/04/2018;17:00;163;22;141
23/04/2018;17:15;184;33;151
23/04/2018;17:30;172;28;144
23/04/2018;17:45;183;34;149
23/04/2018;18:00;178;34;144
23/04/2018;18:15;171;25;146
23/04/2018;18:30;188;30;158
23/04/2018;18:45;156;21;135
23/04/2018;19:00;152;35;117
23/04/2018;19:15;155;34;121
23/04/2018;19:30;108;32;76
23/04/2018;19:45;97;26;71
23/04/2018;20:00;102;24;78
23/04/2018;20:15;58;18;40
23/04/2018;20:30;69;24;45
23/04/2018;20:45;76;21;55
23/04/2018;21:00;47;13;34
23/04/2018;21:15;50;18;32
23/04/2018;21:30;52;10;42
23/04/2018;21:45;55;12;43
23/04/2018;22:00;51;7;44
23/04/2018;22:15;26;4;22
23/04/2018;22:30;31;10;21
23/04/2018;22:45;20;1;19
23/04/2018;23:00;12;2;10
23/04/2018;23:15;15;1;14
23/04/2018;23:30;17;0;17
23/04/2018;23:45;5;0;5
24/04/2018;00:00;4;0;4
24/04/2018;00:15;7;1;6
24/04/2018;00:30;7;1;6
24/04/2018;00:45;3;0;3
24/04/2018;01:00;4;0;4
24/04/2018;01:15;2;0;2
24/04/2018;01:30;4;2;2
24/04/2018;01:45;1;0;1
24/04/2018;02:00;1;0;1
24/04/2018;02:15;1;0;1
24/04/2018;02:30;0;0;0
24/04/2018;02:45;1;0;1
24/04/2018;03:00;0;0;0
24/04/2018;03:15;3;0;3
24/04/2018;03:30;1;0;1
24/04/2018;03:45;0;0;0
24/04/2018;04:00;0;0;0
24/04/2018;04:15;3;1;2
24/04/2018;04:30;2;0;2
24/04/2018;04:45;1;1;0
24/04/2018;05:00;1;0;1
24/04/2018;05:15;6;5;1
24/04/2018;05:30;16;6;10
24/04/2018;05:45;12;4;8
24/04/2018;06:00;29;11;18
24/04/2018;06:15;18;7;11
24/04/2018;06:30;43;10;33
24/04/2018;06:45;74;31;43
24/04/2018;07:00;73;27;46
24/04/2018;07:15;82;39;43
24/04/2018;07:30;164;89;75
24/04/2018;07:45;143;89;54
24/04/2018;08:00;140;64;76
24/04/2018;08:15;151;72;79
24/04/2018;08:30;106;52;54
24/04/2018;08:45;93;55;38
24/04/2018;09:00;92;45;47
24/04/2018;09:15;57;29;28
24/04/2018;09:30;69;40;29
24/04/2018;09:45;73;44;29
24/04/2018;10:00;66;28;38
24/04/2018;10:15;46;16;30
24/04/2018;10:30;53;11;42
24/04/2018;10:45;56;19;37
24/04/2018;11:00;37;10;27
24/04/2018;11:15;45;16;29
24/04/2018;11:30;41;14;27
24/04/2018;11:45;81;15;66
24/04/2018;12:00;76;25;51
24/04/2018;12:15;59;12;47
24/04/2018;12:30;77;18;59
24/04/2018;12:45;68;22;46
24/04/2018;13:00;82;16;66
24/04/2018;13:15;77;15;62
24/04/2018;13:30;107;15;92
24/04/2018;13:45;81;19;62
24/04/2018;14:00;92;14;78
24/04/2018;14:15;96;21;75
24/04/2018;14:30;84;15;69
24/04/2018;14:45;92;21;71
24/04/2018;15:00;90;10;80
24/04/2018;15:15;112;28;84
24/04/2018;15:30;126;22;104
24/04/2018;15:45;137;26;111
24/04/2018;16:00;148;32;116
24/04/2018;16:15;139;24;115
24/04/2018;16:30;147;24;123
24/04/2018;16:45;166;24;142
24/04/2018;17:00;178;35;143
24/04/2018;17:15;179;30;149
24/04/2018;17:30;186;28;158
24/04/2018;17:45;188;45;143
24/04/2018;18:00;159;17;142
24/04/2018;18:15;181;30;151
24/04/2018;18:30;137;24;113
24/04/2018;18:45;130;22;108
24/04/2018;19:00;137;24;113
24/04/2018;19:15;123;22;101
24/04/2018;19:30;109;26;83
24/04/2018;19:45;119;21;98
24/04/2018;20:00;107;20;87
24/04/2018;20:15;88;18;70
24/04/2018;20:30;69;15;54
24/04/2018;20:45;63;12;51
24/04/2018;21:00;64;9;55
24/04/2018;21:15;64;14;50
24/04/2018;21:30;66;8;58
24/04/2018;21:45;56;11;45
24/04/2018;22:00;61;8;53
24/04/2018;22:15;42;16;26
24/04/2018;22:30;31;4;27
24/04/2018;22:45;42;6;36
24/04/2018;23:00;37;9;28
24/04/2018;23:15;21;6;15
24/04/2018;23:30;22;1;21
24/04/2018;23:45;4;0;4
25/04/2018;00:00;10;0;10
25/04/2018;00:15;11;3;8
25/04/2018;00:30;6;0;6
25/04/2018;00:45;6;1;5
25/04/2018;01:00;5;1;4
25/04/2018;01:15;3;0;3
25/04/2018;01:30;2;0;2
25/04/2018;01:45;3;0;3
25/04/2018;02:00;2;1;1
25/04/2018;02:15;1;0;1
25/04/2018;02:30;2;0;2
25/04/2018;02:45;1;0;1
25/04/2018;03:00;1;0;1
25/04/2018;03:15;2;1;1
25/04/2018;03:30;1;0;1
25/04/2018;03:45;1;1;0
25/04/2018;04:00;1;0;1
25/04/2018;04:15;3;0;3
25/04/2018;04:30;2;2;0
25/04/2018;04:45;1;0;1
25/04/2018;05:00;3;1;2
25/04/2018;05:15;3;3;0
25/04/2018;05:30;12;4;8
25/04/2018;05:45;16;4;12
25/04/2018;06:00;22;6;16
25/04/2018;06:15;27;8;19
25/04/2018;06:30;44;13;31
25/04/2018;06:45;55;25;30
25/04/2018;07:00;51;22;29
25/04/2018;07:15;71;26;45
25/04/2018;07:30;127;74;53
25/04/2018;07:45;141;82;59
25/04/2018;08:00;113;49;64
25/04/2018;08:15;114;54;60
25/04/2018;08:30;113;48;65
25/04/2018;08:45;107;56;51
25/04/2018;09:00;74;36;38
25/04/2018;09:15;56;29;27
25/04/2018;09:30;66;36;30
25/04/2018;09:45;62;41;21
25/04/2018;10:00;51;26;25
25/04/2018;10:15;25;9;16
25/04/2018;10:30;29;8;21
25/04/2018;10:45;32;12;20
25/04/2018;11:00;33;8;25
25/04/2018;11:15;33;9;24
25/04/2018;11:30;56;23;33
25/04/2018;11:45;68;26;42
25/04/2018;12:00;53;17;36
25/04/2018;12:15;35;9;26
25/04/2018;12:30;50;14;36
25/04/2018;12:45;57;14;43
25/04/2018;13:00;67;14;53
25/04/2018;13:15;86;12;74
25/04/2018;13:30;78;20;58
25/04/2018;13:45;84;22;62
25/04/2018;14:00;83;12;71
25/04/2018;14:15;72;12;60
25/04/2018;14:30;67;19;48
25/04/2018;14:45;88;24;64
25/04/2018;15:00;72;15;57
25/04/2018;15:15;83;23;60
25/04/2018;15:30;116;22;94
25/04/2018;15:45;109;13;96
25/04/2018;16:00;123;24;99
25/04/2018;16:15;120;17;103
25/04/2018;16:30;118;18;100
25/04/2018;16:45;123;29;94
25/04/2018;17:00;143;27;116
25/04/2018;17:15;136;28;108
25/04/2018;17:30;158;43;115
25/04/2018;17:45;167;36;131
25/04/2018;18:00;145;32;113
25/04/2018;18:15;131;23;108
25/04/2018;18:30;135;26;109
25/04/2018;18:45;124;36;88
25/04/2018;19:00;110;36;74
25/04/2018;19:15;96;21;75
25/04/2018;19:30;120;32;88
25/04/2018;19:45;98;23;75
25/04/2018;20:00;121;20;101
25/04/2018;20:15;97;21;76
25/04/2018;20:30;46;11;35
25/04/2018;20:45;51;13;38
25/04/2018;21:00;59;15;44
25/04/2018;21:15;35;8;27
25/04/2018;21:30;56;12;44
25/04/2018;21:45;59;12;47
25/04/2018;22:00;45;9;36
25/04/2018;22:15;36;4;32
25/04/2018;22:30;40;6;34
25/04/2018;22:45;56;16;40
25/04/2018;23:00;64;13;51
25/04/2018;23:15;26;6;20
25/04/2018;23:30;31;6;25
25/04/2018;23:45;14;3;11
26/04/2018;00:00;11;2;9
26/04/2018;00:15;9;0;9
26/04/2018;00:30;9;1;8
26/04/2018;00:45;14;4;10
26/04/2018;01:00;5;0;5
26/04/2018;01:15;5;1;4
26/04/2018;01:30;3;3;0
26/04/2018;01:45;2;0;2
26/04/2018;02:00;1;0;1
26/04/2018;02:15;2;0;2
26/04/2018;02:30;2;0;2
26/04/2018;02:45;1;0;1
26/04/2018;03:00;2;0;2
26/04/2018;03:15;1;0;1
26/04/2018;03:30;1;0;1
26/04/2018;03:45;1;1;0
26/04/2018;04:00;1;1;0
26/04/2018;04:15;5;2;3
26/04/2018;04:30;2;1;1
26/04/2018;04:45;1;1;0
26/04/2018;05:00;2;1;1
26/04/2018;05:15;3;1;2
26/04/2018;05:30;13;5;8
26/04/2018;05:45;10;3;7
26/04/2018;06:00;25;8;17
26/04/2018;06:15;21;9;12
26/04/2018;06:30;28;13;15
26/04/2018;06:45;45;21;24
26/04/2018;07:00;50;21;29
26/04/2018;07:15;62;24;38
26/04/2018;07:30;95;45;50
26/04/2018;07:45;131;68;63
26/04/2018;08:00;126;65;61
26/04/2018;08:15;102;49;53
26/04/2018;08:30;104;47;57
26/04/2018;08:45;108;57;51
26/04/2018;09:00;87;39;48
26/04/2018;09:15;59;32;27
26/04/2018;09:30;62;39;23
26/04/2018;09:45;65;29;36
26/04/2018;10:00;54;24;30
26/04/2018;10:15;47;23;24
26/04/2018;10:30;33;17;16
26/04/2018;10:45;51;25;26
26/04/2018;11:00;48;18;30
26/04/2018;11:15;43;13;30
26/04/2018;11:30;47;16;31
26/04/2018;11:45;50;14;36
26/04/2018;12:00;58;19;39
26/04/2018;12:15;72;20;52
26/04/2018;12:30;54;13;41
26/04/2018;12:45;61;16;45
26/04/2018;13:00;69;17;52
26/04/2018;13:15;69;10;59
26/04/2018;13:30;64;12;52
26/04/2018;13:45;70;20;50
26/04/2018;14:00;80;17;63
26/04/2018;14:15;80;16;64
26/04/2018;14:30;73;17;56
26/04/2018;14:45;72;12;60
26/04/2018;15:00;81;24;57
26/04/2018;15:15;85;12;73
26/04/2018;15:30;105;18;87
26/04/2018;15:45;106;18;88
26/04/2018;16:00;117;19;98
26/04/2018;16:15;118;27;91
26/04/2018;16:30;132;23;109
26/04/2018;16:45;152;29;123
26/04/2018;17:00;133;24;109
26/04/2018;17:15;138;17;121
26/04/2018;17:30;142;31;111
26/04/2018;17:45;149;29;120
26/04/2018;18:00;159;22;137
26/04/2018;18:15;150;26;124
26/04/2018;18:30;139;26;113
26/04/2018;18:45;133;22;111
26/04/2018;19:00;110;21;89
26/04/2018;19:15;105;21;84
26/04/2018;19:30;99;22;77
26/04/2018;19:45;74;15;59
26/04/2018;20:00;76;15;61
26/04/2018;20:15;73;18;55
26/04/2018;20:30;60;14;46
26/04/2018;20:45;49;7;42
26/04/2018;21:00;35;11;24
26/04/2018;21:15;43;10;33
26/04/2018;21:30;50;14;36
26/04/2018;21:45;45;10;35
26/04/2018;22:00;42;8;34
26/04/2018;22:15;37;12;25
26/04/2018;22:30;37;24;13
26/04/2018;22:45;30;5;25
26/04/2018;23:00;24;4;20
26/04/2018;23:15;18;1;17
26/04/2018;23:30;10;4;6
26/04/2018;23:45;10;0;10
27/04/2018;00:00;10;2;8
27/04/2018;00:15;15;4;11
27/04/2018;00:30;6;0;6
27/04/2018;00:45;6;1;5
27/04/2018;01:00;4;1;3
27/04/2018;01:15;9;1;8
27/04/2018;01:30;3;2;1
27/04/2018;01:45;2;0;2
27/04/2018;02:00;3;0;3
27/04/2018;02:15;6;1;5
27/04/2018;02:30;2;0;2
27/04/2018;02:45;5;0;5
27/04/2018;03:00;0;0;0
27/04/2018;03:15;2;0;2
27/04/2018;03:30;3;1;2
27/04/2018;03:45;1;0;1
27/04/2018;04:00;1;1;0
27/04/2018;04:15;4;1;3
27/04/2018;04:30;1;0;1
27/04/2018;04:45;2;0;2
27/04/2018;05:00;2;1;1
27/04/2018;05:15;5;1;4
27/04/2018;05:30;18;8;10
27/04/2018;05:45;14;8;6
27/04/2018;06:00;22;10;12
27/04/2018;06:15;23;8;15
27/04/2018;06:30;39;14;25
27/04/2018;06:45;47;20;27
27/04/2018;07:00;45;17;28
27/04/2018;07:15;68;31;37
27/04/2018;07:30;124;66;58
27/04/2018;07:45;128;60;68
27/04/2018;08:00;109;60;49
27/04/2018;08:15;97;50;47
27/04/2018;08:30;92;37;55
27/04/2018;08:45;91;41;50
27/04/2018;09:00;65;31;34
27/04/2018;09:15;73;35;38
27/04/2018;09:30;61;32;29
27/04/2018;09:45;69;37;32
27/04/2018;10:00;60;32;28
27/04/2018;10:15;61;22;39
27/04/2018;10:30;47;18;29
27/04/2018;10:45;80;23;57
27/04/2018;11:00;54;23;31
27/04/2018;11:15;55;22;33
27/04/2018;11:30;46;5;41
27/04/2018;11:45;62;22;40
27/04/2018;12:00;73;21;52
27/04/2018;12:15;82;17;65
27/04/2018;12:30;93;15;78
27/04/2018;12:45;77;18;59
27/04/2018;13:00;102;20;82
27/04/2018;13:15;98;23;75
27/04/2018;13:30;136;34;102
27/04/2018;13:45;102;24;78
27/04/2018;14:00;127;34;93
27/04/2018;14:15;118;21;97
27/04/2018;14:30;116;22;94
27/04/2018;14:45;108;28;80
27/04/2018;15:00;123;21;102
27/04/2018;15:15;108;15;93
27/04/2018;15:30;119;22;97
27/04/2018;15:45;153;29;124
27/04/2018;16:00;139;25;114
27/04/2018;16:15;129;24;105
27/04/2018;16:30;156;36;120
27/04/2018;16:45;134;26;108
27/04/2018;17:00;129;22;107
27/04/2018;17:15;138;24;114
27/04/2018;17:30;138;34;104
27/04/2018;17:45;129;29;100
27/04/2018;18:00;165;39;126
27/04/2018;18:15;132;29;103
27/04/2018;18:30;142;26;116
27/04/2018;18:45;100;23;77
27/04/2018;19:00;130;31;99
27/04/2018;19:15;106;25;81
27/04/2018;19:30;94;21;73
27/04/2018;19:45;96;21;75
27/04/2018;20:00;87;14;73
27/04/2018;20:15;84;20;64
27/04/2018;20:30;68;14;54
27/04/2018;20:45;36;8;28
27/04/2018;21:00;51;19;32
27/04/2018;21:15;51;17;34
27/04/2018;21:30;67;19;48
27/04/2018;21:45;40;11;29
27/04/2018;22:00;32;11;21
27/04/2018;22:15;42;4;38
27/04/2018;22:30;27;6;21
27/04/2018;22:45;46;6;40
27/04/2018;23:00;42;6;36
27/04/2018;23:15;28;5;23
27/04/2018;23:30;28;8;20
27/04/2018;23:45;20;3;17
28/04/2018;00:00;32;4;28
28/04/2018;00:15;30;6;24
28/04/2018;00:30;29;5;24
28/04/2018;00:45;13;3;10
28/04/2018;01:00;15;0;15
28/04/2018;01:15;12;3;9
28/04/2018;01:30;23;0;23
28/04/2018;01:45;14;1;13
28/04/2018;02:00;10;0;10
28/04/2018;02:15;8;2;6
28/04/2018;02:30;6;3;3
28/04/2018;02:45;4;0;4
28/04/2018;03:00;4;1;3
28/04/2018;03:15;3;0;3
28/04/2018;03:30;4;0;4
28/04/2018;03:45;2;1;1
28/04/2018;04:00;0;0;0
28/04/2018;04:15;2;1;1
28/04/2018;04:30;2;0;2
28/04/2018;04:45;3;0;3
28/04/2018;05:00;1;0;1
28/04/2018;05:15;0;0;0
28/04/2018;05:30;7;4;3
28/04/2018;05:45;3;0;3
28/04/2018;06:00;4;1;3
28/04/2018;06:15;3;1;2
28/04/2018;06:30;9;6;3
28/04/2018;06:45;4;1;3
28/04/2018;07:00;7;1;6
28/04/2018;07:15;13;4;9
28/04/2018;07:30;11;3;8
28/04/2018;07:45;16;8;8
28/04/2018;08:00;15;7;8
28/04/2018;08:15;21;8;13
28/04/2018;08:30;16;10;6
28/04/2018;08:45;30;10;20
28/04/2018;09:00;17;6;11
28/04/2018;09:15;18;9;9
28/04/2018;09:30;32;15;17
28/04/2018;09:45;51;21;30
28/04/2018;10:00;60;34;26
28/04/2018;10:15;35;20;15
28/04/2018;10:30;57;21;36
28/04/2018;10:45;49;24;25
28/04/2018;11:00;59;20;39
28/04/2018;11:15;53;20;33
28/04/2018;11:30;73;24;49
28/04/2018;11:45;62;20;42
28/04/2018;12:00;83;31;52
28/04/2018;12:15;80;29;51
28/04/2018;12:30;68;18;50
28/04/2018;12:45;86;36;50
28/04/2018;13:00;91;26;65
28/04/2018;13:15;96;29;67
28/04/2018;13:30;73;21;52
28/04/2018;13:45;96;31;65
28/04/2018;14:00;87;17;70
28/04/2018;14:15;83;16;67
28/04/2018;14:30;77;24;53
28/04/2018;14:45;112;28;84
28/04/2018;15:00;84;21;63
28/04/2018;15:15;77;17;60
28/04/2018;15:30;63;16;47
28/04/2018;15:45;78;18;60
28/04/2018;16:00;69;12;57
28/04/2018;16:15;77;23;54
28/04/2018;16:30;89;16;73
28/04/2018;16:45;85;16;69
28/04/2018;17:00;70;18;52
28/04/2018;17:15;77;16;61
28/04/2018;17:30;97;23;74
28/04/2018;17:45;92;29;63
28/04/2018;18:00;96;28;68
28/04/2018;18:15;84;28;56
28/04/2018;18:30;64;19;45
28/04/2018;18:45;77;21;56
28/04/2018;19:00;54;14;40
28/04/2018;19:15;46;12;34
28/04/2018;19:30;46;12;34
28/04/2018;19:45;63;13;50
28/04/2018;20:00;55;6;49
28/04/2018;20:15;62;12;50
28/04/2018;20:30;26;8;18
28/04/2018;20:45;26;3;23
28/04/2018;21:00;25;7;18
28/04/2018;21:15;18;6;12
28/04/2018;21:30;17;3;14
28/04/2018;21:45;20;2;18
28/04/2018;22:00;21;6;15
28/04/2018;22:15;27;7;20
28/04/2018;22:30;36;8;28
28/04/2018;22:45;18;0;18
28/04/2018;23:00;38;5;33
28/04/2018;23:15;20;6;14
28/04/2018;23:30;21;6;15
28/04/2018;23:45;18;4;14
29/04/2018;00:00;12;2;10
29/04/2018;00:15;24;4;20
29/04/2018;00:30;14;4;10
29/04/2018;00:45;11;0;11
29/04/2018;01:00;14;3;11
29/04/2018;01:15;7;0;7
29/04/2018;01:30;8;3;5
29/04/2018;01:45;9;3;6
29/04/2018;02:00;6;0;6
29/04/2018;02:15;10;0;10
29/04/2018;02:30;7;0;7
29/04/2018;02:45;0;0;0
29/04/2018;03:00;2;0;2
29/04/2018;03:15;6;0;6
29/04/2018;03:30;10;1;9
29/04/2018;03:45;4;0;4
29/04/2018;04:00;2;0;2
29/04/2018;04:15;3;0;3
29/04/2018;04:30;7;2;5
29/04/2018;04:45;2;2;0
29/04/2018;05:00;0;0;0
29/04/2018;05:15;1;1;0
29/04/2018;05:30;1;1;0
29/04/2018;05:45;3;0;3
29/04/2018;06:00;3;0;3
29/04/2018;06:15;3;2;1
29/04/2018;06:30;0;0;0
29/04/2018;06:45;3;0;3
29/04/2018;07:00;3;1;2
29/04/2018;07:15;8;0;8
29/04/2018;07:30;3;1;2
29/04/2018;07:45;6;0;6
29/04/2018;08:00;4;2;2
29/04/2018;08:15;9;4;5
29/04/2018;08:30;11;5;6
29/04/2018;08:45;9;4;5
29/04/2018;09:00;19;7;12
29/04/2018;09:15;15;11;4
29/04/2018;09:30;20;9;11
29/04/2018;09:45;12;2;10
29/04/2018;10:00;27;10;17
29/04/2018;10:15;29;12;17
29/04/2018;10:30;29;8;21
29/04/2018;10:45;39;13;26
29/04/2018;11:00;12;4;8
29/04/2018;11:15;31;9;22
29/04/2018;11:30;30;7;23
29/04/2018;11:45;34;15;19
29/04/2018;12:00;34;4;30
29/04/2018;12:15;32;12;20
29/04/2018;12:30;32;9;23
29/04/2018;12:45;29;5;24
29/04/2018;13:00;47;12;35
29/04/2018;13:15;37;13;24
29/04/2018;13:30;36;8;28
29/04/2018;13:45;43;19;24
29/04/2018;14:00;41;12;29
29/04/2018;14:15;47;11;36
29/04/2018;14:30;57;11;46
29/04/2018;14:45;57;13;44
29/04/2018;15:00;40;9;31
29/04/2018;15:15;55;12;43
29/04/2018;15:30;53;16;37
29/04/2018;15:45;57;19;38
29/04/2018;16:00;71;9;62
29/04/2018;16:15;69;20;49
29/04/2018;16:30;54;12;42
29/04/2018;16:45;49;6;43
29/04/2018;17:00;68;11;57
29/04/2018;17:15;53;20;33
29/04/2018;17:30;79;15;64
29/04/2018;17:45;58;11;47
29/04/2018;18:00;47;8;39
29/04/2018;18:15;57;20;37
29/04/2018;18:30;58;15;43
29/04/2018;18:45;63;15;48
29/04/2018;19:00;55;14;41
29/04/2018;19:15;49;13;36
29/04/2018;19:30;50;9;41
29/04/2018;19:45;40;10;30
29/04/2018;20:00;38;10;28
29/04/2018;20:15;43;9;34
29/04/2018;20:30;30;8;22
29/04/2018;20:45;19;8;11
29/04/2018;21:00;19;6;13
29/04/2018;21:15;30;10;20
29/04/2018;21:30;22;3;19
29/04/2018;21:45;25;12;13
29/04/2018;22:00;19;1;18
29/04/2018;22:15;18;2;16
29/04/2018;22:30;19;3;16
29/04/2018;22:45;12;0;12
29/04/2018;23:00;15;2;13
29/04/2018;23:15;5;1;4
29/04/2018;23:30;6;1;5
29/04/2018;23:45;14;2;12
30/04/2018;00:00;9;1;8
30/04/2018;00:15;5;1;4
30/04/2018;00:30;4;0;4
30/04/2018;00:45;5;1;4
30/04/2018;01:00;3;1;2
30/04/2018;01:15;3;2;1
30/04/2018;01:30;2;0;2
30/04/2018;01:45;2;1;1
30/04/2018;02:00;1;0;1
30/04/2018;02:15;1;0;1
30/04/2018;02:30;0;0;0
30/04/2018;02:45;3;2;1
30/04/2018;03:00;2;0;2
30/04/2018;03:15;1;0;1
30/04/2018;03:30;1;0;1
30/04/2018;03:45;2;2;0
30/04/2018;04:00;3;1;2
30/04/2018;04:15;2;1;1
30/04/2018;04:30;4;1;3
30/04/2018;04:45;2;1;1
30/04/2018;05:00;1;0;1
30/04/2018;05:15;7;2;5
30/04/2018;05:30;8;2;6
30/04/2018;05:45;6;3;3
30/04/2018;06:00;13;6;7
30/04/2018;06:15;12;7;5
30/04/2018;06:30;24;7;17
30/04/2018;06:45;23;10;13
30/04/2018;07:00;16;6;10
30/04/2018;07:15;38;23;15
30/04/2018;07:30;70;46;24
30/04/2018;07:45;67;41;26
30/04/2018;08:00;57;28;29
30/04/2018;08:15;59;35;24
30/04/2018;08:30;41;22;19
30/04/2018;08:45;74;39;35
30/04/2018;09:00;46;28;18
30/04/2018;09:15;41;23;18
30/04/2018;09:30;40;21;19
30/04/2018;09:45;37;19;18
30/04/2018;10:00;42;21;21
30/04/2018;10:15;43;20;23
30/04/2018;10:30;42;14;28
30/04/2018;10:45;46;19;27
30/04/2018;11:00;43;19;24
30/04/2018;11:15;34;9;25
30/04/2018;11:30;41;14;27
30/04/2018;11:45;61;23;38
30/04/2018;12:00;54;9;45
30/04/2018;12:15;61;20;41
30/04/2018;12:30;45;14;31
30/04/2018;12:45;72;18;54
30/04/2018;13:00;56;16;40
30/04/2018;13:15;64;18;46
30/04/2018;13:30;75;17;58
30/04/2018;13:45;60;20;40
30/04/2018;14:00;54;15;39
30/04/2018;14:15;64;12;52
30/04/2018;14:30;79;23;56
30/04/2018;14:45;68;18;50
30/04/2018;15:00;67;14;53
30/04/2018;15:15;79;13;66
30/04/2018;15:30;56;11;45
30/04/2018;15:45;56;5;51
30/04/2018;16:00;84;13;71
30/04/2018;16:15;85;11;74
30/04/2018;16:30;90;9;81
30/04/2018;16:45;86;15;71
30/04/2018;17:00;82;7;75
30/04/2018;17:15;89;19;70
30/04/2018;17:30;98;10;88
30/04/2018;17:45;97;21;76
30/04/2018;18:00;69;10;59
30/04/2018;18:15;101;21;80
30/04/2018;18:30;64;10;54
30/04/2018;18:45;84;17;67
30/04/2018;19:00;64;12;52
30/04/2018;19:15;47;13;34
30/04/2018;19:30;54;9;45
30/04/2018;19:45;54;10;44
30/04/2018;20:00;61;21;40
30/04/2018;20:15;43;15;28
30/04/2018;20:30;39;14;25
30/04/2018;20:45;28;8;20
30/04/2018;21:00;38;16;22
30/04/2018;21:15;38;13;25
30/04/2018;21:30;28;8;20
30/04/2018;21:45;21;3;18
30/04/2018;22:00;22;5;17
30/04/2018;22:15;18;4;14
30/04/2018;22:30;22;7;15
30/04/2018;22:45;16;3;13
30/04/2018;23:00;16;4;12
30/04/2018;23:15;22;10;12
30/04/2018;23:30;21;8;13
30/04/2018;23:45;26;6;20
01/05/2018;00:00;18;5;13
01/05/2018;00:15;16;2;14
01/05/2018;00:30;13;6;7
01/05/2018;00:45;19;1;18
01/05/2018;01:00;10;3;7
01/05/2018;01:15;23;6;17
01/05/2018;01:30;17;3;14
01/05/2018;01:45;34;2;32
01/05/2018;02:00;20;0;20
01/05/2018;02:15;12;4;8
01/05/2018;02:30;18;5;13
01/05/2018;02:45;16;1;15
01/05/2018;03:00;13;2;11
01/05/2018;03:15;7;0;7
01/05/2018;03:30;5;1;4
01/05/2018;03:45;14;2;12
01/05/2018;04:00;3;0;3
01/05/2018;04:15;7;0;7
01/05/2018;04:30;9;1;8
01/05/2018;04:45;0;0;0
01/05/2018;05:00;5;1;4
01/05/2018;05:15;5;0;5
01/05/2018;05:30;2;0;2
01/05/2018;05:45;4;2;2
01/05/2018;06:00;8;0;8
01/05/2018;06:15;3;1;2
01/05/2018;06:30;2;0;2
01/05/2018;06:45;3;1;2
01/05/2018;07:00;2;0;2
01/05/2018;07:15;2;1;1
01/05/2018;07:30;6;3;3
01/05/2018;07:45;9;8;1
01/05/2018;08:00;7;2;5
01/05/2018;08:15;10;3;7
01/05/2018;08:30;5;4;1
01/05/2018;08:45;6;3;3
01/05/2018;09:00;11;6;5
01/05/2018;09:15;12;3;9
01/05/2018;09:30;21;6;15
01/05/2018;09:45;19;7;12
01/05/2018;10:00;20;9;11
01/05/2018;10:15;20;8;12
01/05/2018;10:30;30;10;20
01/05/2018;10:45;21;9;12
01/05/2018;11:00;24;6;18
01/05/2018;11:15;24;9;15
01/05/2018;11:30;28;11;17
01/05/2018;11:45;33;17;16
01/05/2018;12:00;48;12;36
01/05/2018;12:15;59;14;45
01/05/2018;12:30;63;18;45
01/05/2018;12:45;54;17;37
01/05/2018;13:00;56;9;47
01/05/2018;13:15;48;15;33
01/05/2018;13:30;63;16;47
01/05/2018;13:45;67;19;48
01/05/2018;14:00;47;7;40
01/05/2018;14:15;66;14;52
01/05/2018;14:30;57;12;45
01/05/2018;14:45;91;22;69
01/05/2018;15:00;60;14;46
01/05/2018;15:15;70;14;56
01/05/2018;15:30;71;17;54
01/05/2018;15:45;93;18;75
01/05/2018;16:00;83;15;68
01/05/2018;16:15;78;13;65
01/05/2018;16:30;83;21;62
01/05/2018;16:45;64;18;46
01/05/2018;17:00;73;9;64
01/05/2018;17:15;64;19;45
01/05/2018;17:30;74;24;50
01/05/2018;17:45;73;24;49
01/05/2018;18:00;71;10;61
01/05/2018;18:15;68;14;54
01/05/2018;18:30;63;14;49
01/05/2018;18:45;42;13;29
01/05/2018;19:00;38;8;30
01/05/2018;19:15;46;10;36
01/05/2018;19:30;50;11;39
01/05/2018;19:45;40;7;33
01/05/2018;20:00;35;15;20
01/05/2018;20:15;31;9;22
01/05/2018;20:30;25;5;20
01/05/2018;20:45;39;18;21
01/05/2018;21:00;29;12;17
01/05/2018;21:15;21;2;19
01/05/2018;21:30;31;7;24
01/05/2018;21:45;21;8;13
01/05/2018;22:00;15;4;11
01/05/2018;22:15;8;4;4
01/05/2018;22:30;9;1;8
01/05/2018;22:45;27;4;23
01/05/2018;23:00;22;2;20
01/05/2018;23:15;18;2;16
01/05/2018;23:30;7;2;5
01/05/2018;23:45;6;1;5
02/05/2018;00:00;6;0;6
02/05/2018;00:15;9;4;5
02/05/2018;00:30;3;0;3
02/05/2018;00:45;3;0;3
02/05/2018;01:00;4;0;4
02/05/2018;01:15;1;0;1
02/05/2018;01:30;1;0;1
02/05/2018;01:45;1;0;1
02/05/2018;02:00;1;0;1
02/05/2018;02:15;1;0;1
02/05/2018;02:30;1;0;1
02/05/2018;02:45;0;0;0
02/05/2018;03:00;0;0;0
02/05/2018;03:15;0;0;0
02/05/2018;03:30;1;0;1
02/05/2018;03:45;0;0;0
02/05/2018;04:00;0;0;0
02/05/2018;04:15;0;0;0
02/05/2018;04:30;3;2;1
02/05/2018;04:45;5;1;4
02/05/2018;05:00;2;1;1
02/05/2018;05:15;7;4;3
02/05/2018;05:30;16;7;9
02/05/2018;05:45;15;8;7
02/05/2018;06:00;20;11;9
02/05/2018;06:15;28;10;18
02/05/2018;06:30;41;18;23
02/05/2018;06:45;50;22;28
02/05/2018;07:00;65;21;44
02/05/2018;07:15;82;45;37
02/05/2018;07:30;134;78;56
02/05/2018;07:45;162;92;70
02/05/2018;08:00;123;76;47
02/05/2018;08:15;128;75;53
02/05/2018;08:30;117;51;66
02/05/2018;08:45;126;71;55
02/05/2018;09:00;70;46;24
02/05/2018;09:15;67;27;40
02/05/2018;09:30;68;31;37
02/05/2018;09:45;67;39;28
02/05/2018;10:00;62;32;30
02/05/2018;10:15;54;17;37
02/05/2018;10:30;69;19;50
02/05/2018;10:45;64;27;37
02/05/2018;11:00;45;12;33
02/05/2018;11:15;50;19;31
02/05/2018;11:30;51;12;39
02/05/2018;11:45;76;25;51
02/05/2018;12:00;62;19;43
02/05/2018;12:15;70;19;51
02/05/2018;12:30;62;8;54
02/05/2018;12:45;87;19;68
02/05/2018;13:00;74;16;58
02/05/2018;13:15;100;30;70
02/05/2018;13:30;85;19;66
02/05/2018;13:45;98;16;82
02/05/2018;14:00;90;17;73
02/05/2018;14:15;96;17;79
02/05/2018;14:30;102;28;74
02/05/2018;14:45;102;33;69
02/05/2018;15:00;96;11;85
02/05/2018;15:15;82;15;67
02/05/2018;15:30;97;12;85
02/05/2018;15:45;113;25;88
02/05/2018;16:00;162;30;132
02/05/2018;16:15;120;25;95
02/05/2018;16:30;138;26;112
02/05/2018;16:45;138;16;122
02/05/2018;17:00;130;15;115
02/05/2018;17:15;189;20;169
02/05/2018;17:30;173;34;139
02/05/2018;17:45;192;42;150
02/05/2018;18:00;144;21;123
02/05/2018;18:15;170;33;137
02/05/2018;18:30;167;38;129
02/05/2018;18:45;169;34;135
02/05/2018;19:00;132;18;114
02/05/2018;19:15;115;19;96
02/05/2018;19:30;115;24;91
02/05/2018;19:45;89;9;80
02/05/2018;20:00;98;20;78
02/05/2018;20:15;84;17;67
02/05/2018;20:30;60;4;56
02/05/2018;20:45;62;21;41
02/05/2018;21:00;50;16;34
02/05/2018;21:15;56;14;42
02/05/2018;21:30;43;5;38
02/05/2018;21:45;52;6;46
02/05/2018;22:00;41;7;34
02/05/2018;22:15;25;6;19
02/05/2018;22:30;22;4;18
02/05/2018;22:45;27;11;16
02/05/2018;23:00;27;6;21
02/05/2018;23:15;31;2;29
02/05/2018;23:30;13;2;11
02/05/2018;23:45;15;2;13
03/05/2018;00:00;4;0;4
03/05/2018;00:15;8;1;7
03/05/2018;00:30;3;0;3
03/05/2018;00:45;5;0;5
03/05/2018;01:00;10;3;7
03/05/2018;01:15;2;0;2
03/05/2018;01:30;4;0;4
03/05/2018;01:45;3;0;3
03/05/2018;02:00;0;0;0
03/05/2018;02:15;0;0;0
03/05/2018;02:30;3;0;3
03/05/2018;02:45;2;1;1
03/05/2018;03:00;0;0;0
03/05/2018;03:15;1;1;0
03/05/2018;03:30;1;0;1
03/05/2018;03:45;1;0;1
03/05/2018;04:00;0;0;0
03/05/2018;04:15;5;2;3
03/05/2018;04:30;3;1;2
03/05/2018;04:45;2;1;1
03/05/2018;05:00;0;0;0
03/05/2018;05:15;8;5;3
03/05/2018;05:30;13;7;6
03/05/2018;05:45;12;6;6
03/05/2018;06:00;20;11;9
03/05/2018;06:15;30;7;23
03/05/2018;06:30;38;17;21
03/05/2018;06:45;52;23;29
03/05/2018;07:00;42;17;25
03/05/2018;07:15;69;35;34
03/05/2018;07:30;134;71;63
03/05/2018;07:45;162;103;59
03/05/2018;08:00;128;65;63
03/05/2018;08:15;127;53;74
03/05/2018;08:30;105;54;51
03/05/2018;08:45;103;57;46
03/05/2018;09:00;89;38;51
03/05/2018;09:15;59;27;32
03/05/2018;09:30;69;33;36
03/05/2018;09:45;71;33;38
03/05/2018;10:00;58;36;22
03/05/2018;10:15;57;21;36
03/05/2018;10:30;47;20;27
03/05/2018;10:45;41;21;20
03/05/2018;11:00;38;14;24
03/05/2018;11:15;58;25;33
03/05/2018;11:30;49;12;37
03/05/2018;11:45;63;21;42
03/05/2018;12:00;79;20;59
03/05/2018;12:15;73;35;38
03/05/2018;12:30;70;17;53
03/05/2018;12:45;81;23;58
03/05/2018;13:00;91;21;70
03/05/2018;13:15;76;13;63
03/05/2018;13:30;91;20;71
03/05/2018;13:45;98;16;82
03/05/2018;14:00;90;14;76
03/05/2018;14:15;92;16;76
03/05/2018;14:30;69;16;53
03/05/2018;14:45;94;17;77
03/05/2018;15:00;94;12;82
03/05/2018;15:15;100;24;76
03/05/2018;15:30;124;27;97
03/05/2018;15:45;124;20;104
03/05/2018;16:00;148;28;120
03/05/2018;16:15;150;31;119
03/05/2018;16:30;175;37;138
03/05/2018;16:45;193;32;161
03/05/2018;17:00;152;23;129
03/05/2018;17:15;199;40;159
03/05/2018;17:30;183;30;153
03/05/2018;17:45;180;35;145
03/05/2018;18:00;169;36;133
03/05/2018;18:15;209;31;178
03/05/2018;18:30;150;20;130
03/05/2018;18:45;152;35;117
03/05/2018;19:00;128;24;104
03/05/2018;19:15;117;29;88
03/05/2018;19:30;117;17;100
03/05/2018;19:45;117;24;93
03/05/2018;20:00;115;21;94
03/05/2018;20:15;97;14;83
03/05/2018;20:30;71;12;59
03/05/2018;20:45;51;16;35
03/05/2018;21:00;69;26;43
03/05/2018;21:15;80;16;64
03/05/2018;21:30;57;11;46
03/05/2018;21:45;37;8;29
03/05/2018;22:00;46;6;40
03/05/2018;22:15;61;20;41
03/05/2018;22:30;25;5;20
03/05/2018;22:45;34;13;21
03/05/2018;23:00;26;5;21
03/05/2018;23:15;30;8;22
03/05/2018;23:30;27;11;16
03/05/2018;23:45;16;5;11
04/05/2018;00:00;16;3;13
04/05/2018;00:15;18;5;13
04/05/2018;00:30;6;2;4
04/05/2018;00:45;13;2;11
04/05/2018;01:00;5;1;4
04/05/2018;01:15;5;1;4
04/05/2018;01:30;2;0;2
04/05/2018;01:45;4;1;3
04/05/2018;02:00;1;0;1
04/05/2018;02:15;1;0;1
04/05/2018;02:30;3;1;2
04/05/2018;02:45;1;0;1
04/05/2018;03:00;2;0;2
04/05/2018;03:15;2;0;2
04/05/2018;03:30;2;0;2
04/05/2018;03:45;1;0;1
04/05/2018;04:00;4;0;4
04/05/2018;04:15;2;1;1
04/05/2018;04:30;5;3;2
04/05/2018;04:45;2;1;1
04/05/2018;05:00;2;0;2
04/05/2018;05:15;5;4;1
04/05/2018;05:30;10;2;8
04/05/2018;05:45;11;4;7
04/05/2018;06:00;28;13;15
04/05/2018;06:15;24;10;14
04/05/2018;06:30;44;13;31
04/05/2018;06:45;55;25;30
04/05/2018;07:00;57;17;40
04/05/2018;07:15;80;41;39
04/05/2018;07:30;124;62;62
04/05/2018;07:45;154;97;57
04/05/2018;08:00;112;44;68
04/05/2018;08:15;109;61;48
04/05/2018;08:30;121;55;66
04/05/2018;08:45;123;65;58
04/05/2018;09:00;80;45;35
04/05/2018;09:15;66;35;31
04/05/2018;09:30;60;30;30
04/05/2018;09:45;71;35;36
04/05/2018;10:00;81;34;47
04/05/2018;10:15;60;21;39
04/05/2018;10:30;62;19;43
04/05/2018;10:45;44;18;26
04/05/2018;11:00;60;21;39
04/05/2018;11:15;69;13;56
04/05/2018;11:30;62;22;40
04/05/2018;11:45;80;22;58
04/05/2018;12:00;88;20;68
04/05/2018;12:15;75;17;58
04/05/2018;12:30;90;18;72
04/05/2018;12:45;114;31;83
04/05/2018;13:00;111;20;91
04/05/2018;13:15;131;19;112
04/05/2018;13:30;140;33;107
04/05/2018;13:45;112;27;85
04/05/2018;14:00;117;25;92
04/05/2018;14:15;125;24;101
04/05/2018;14:30;103;22;81
04/05/2018;14:45;123;21;102
04/05/2018;15:00;113;20;93
04/05/2018;15:15;143;21;122
04/05/2018;15:30;137;30;107
04/05/2018;15:45;152;25;127
04/05/2018;16:00;147;32;115
04/05/2018;16:15;161;35;126
04/05/2018;16:30;163;40;123
04/05/2018;16:45;160;31;129
04/05/2018;17:00;155;36;119
04/05/2018;17:15;157;35;122
04/05/2018;17:30;152;41;111
04/05/2018;17:45;151;35;116
04/05/2018;18:00;154;26;128
04/05/2018;18:15;136;35;101
04/05/2018;18:30;140;40;100
04/05/2018;18:45;133;29;104
04/05/2018;19:00;133;20;113
04/05/2018;19:15;114;19;95
04/05/2018;19:30;101;25;76
04/05/2018;19:45;111;24;87
04/05/2018;20:00;100;16;84
04/05/2018;20:15;75;15;60
04/05/2018;20:30;90;24;66
04/05/2018;20:45;64;20;44
04/05/2018;21:00;57;11;46
04/05/2018;21:15;48;8;40
04/05/2018;21:30;43;17;26
04/05/2018;21:45;51;15;36
04/05/2018;22:00;39;10;29
04/05/2018;22:15;41;16;25
04/05/2018;22:30;30;8;22
04/05/2018;22:45;35;14;21
04/05/2018;23:00;39;9;30
04/05/2018;23:15;33;11;22
04/05/2018;23:30;27;9;18
04/05/2018;23:45;23;3;20
05/05/2018;00:00;30;2;28
05/05/2018;00:15;22;3;19
05/05/2018;00:30;24;5;19
05/05/2018;00:45;22;7;15
05/05/2018;01:00;25;3;22
05/05/2018;01:15;24;7;17
05/05/2018;01:30;9;0;9
05/05/2018;01:45;14;3;11
05/05/2018;02:00;7;0;7
05/05/2018;02:15;13;0;13
05/05/2018;02:30;13;5;8
05/05/2018;02:45;8;3;5
05/05/2018;03:00;14;3;11
05/05/2018;03:15;4;0;4
05/05/2018;03:30;2;0;2
05/05/2018;03:45;1;0;1
05/05/2018;04:00;5;1;4
05/05/2018;04:15;5;0;5
05/05/2018;04:30;6;1;5
05/05/2018;04:45;1;0;1
05/05/2018;05:00;1;0;1
05/05/2018;05:15;5;0;5
05/05/2018;05:30;2;1;1
05/05/2018;05:45;4;3;1
05/05/2018;06:00;5;0;5
05/05/2018;06:15;4;1;3
05/05/2018;06:30;8;3;5
05/05/2018;06:45;3;0;3
05/05/2018;07:00;3;1;2
05/05/2018;07:15;11;6;5
05/05/2018;07:30;19;6;13
05/05/2018;07:45;23;6;17
05/05/2018;08:00;23;8;15
05/05/2018;08:15;22;11;11
05/05/2018;08:30;30;19;11
05/05/2018;08:45;26;10;16
05/05/2018;09:00;23;8;15
05/05/2018;09:15;50;31;19
05/05/2018;09:30;50;22;28
05/05/2018;09:45;56;26;30
05/05/2018;10:00;59;28;31
05/05/2018;10:15;62;29;33
05/05/2018;10:30;61;29;32
05/05/2018;10:45;59;22;37
05/05/2018;11:00;82;22;60
05/05/2018;11:15;88;35;53
05/05/2018;11:30;78;32;46
05/05/2018;11:45;108;28;80
05/05/2018;12:00;78;28;50
05/05/2018;12:15;85;24;61
05/05/2018;12:30;119;42;77
05/05/2018;12:45;148;52;96
05/05/2018;13:00;114;29;85
05/05/2018;13:15;133;31;102
05/05/2018;13:30;129;34;95
05/05/2018;13:45;104;25;79
05/05/2018;14:00;124;34;90
05/05/2018;14:15;144;32;112
05/05/2018;14:30;132;23;109
05/05/2018;14:45;126;28;98
05/05/2018;15:00;140;18;122
05/05/2018;15:15;150;31;119
05/05/2018;15:30;138;28;110
05/05/2018;15:45;130;34;96
05/05/2018;16:00;133;30;103
05/05/2018;16:15;130;27;103
05/05/2018;16:30;111;24;87
05/05/2018;16:45;141;31;110
05/05/2018;17:00;163;35;128
05/05/2018;17:15;145;30;115
05/05/2018;17:30;138;34;104
05/05/2018;17:45;171;31;140
05/05/2018;18:00;168;25;143
05/05/2018;18:15;164;31;133
05/05/2018;18:30;142;27;115
05/05/2018;18:45;157;44;113
05/05/2018;19:00;186;46;140
05/05/2018;19:15;187;44;143
05/05/2018;19:30;108;28;80
05/05/2018;19:45;136;22;114
05/05/2018;20:00;131;23;108
05/05/2018;20:15;89;15;74
05/05/2018;20:30;101;24;77
05/05/2018;20:45;67;19;48
05/05/2018;21:00;94;20;74
05/05/2018;21:15;64;22;42
05/05/2018;21:30;91;24;67
05/05/2018;21:45;60;10;50
05/05/2018;22:00;73;13;60
05/05/2018;22:15;103;19;84
05/05/2018;22:30;81;12;69
05/05/2018;22:45;78;18;60
05/05/2018;23:00;102;15;87
05/05/2018;23:15;33;10;23
05/05/2018;23:30;82;56;26
05/05/2018;23:45;98;60;38
06/05/2018;00:00;214;120;94
06/05/2018;00:15;282;138;144
06/05/2018;00:30;148;43;105
06/05/2018;00:45;100;42;58
06/05/2018;01:00;66;22;44
06/05/2018;01:15;60;22;38
06/05/2018;01:30;47;17;30
06/05/2018;01:45;38;17;21
06/05/2018;02:00;12;6;6
06/05/2018;02:15;25;4;21
06/05/2018;02:30;30;5;25
06/05/2018;02:45;8;0;8
06/05/2018;03:00;1;0;1
06/05/2018;03:15;13;3;10
06/05/2018;03:30;17;6;11
06/05/2018;03:45;9;1;8
06/05/2018;04:00;2;0;2
06/05/2018;04:15;6;0;6
06/05/2018;04:30;7;0;7
06/05/2018;04:45;4;1;3
06/05/2018;05:00;1;0;1
06/05/2018;05:15;3;3;0
06/05/2018;05:30;2;0;2
06/05/2018;05:45;2;2;0
06/05/2018;06:00;5;4;1
06/05/2018;06:15;6;3;3
06/05/2018;06:30;4;2;2
06/05/2018;06:45;4;1;3
06/05/2018;07:00;2;1;1
06/05/2018;07:15;12;2;10
06/05/2018;07:30;6;2;4
06/05/2018;07:45;9;3;6
06/05/2018;08:00;17;11;6
06/05/2018;08:15;12;5;7
06/05/2018;08:30;15;8;7
06/05/2018;08:45;19;7;12
06/05/2018;09:00;18;6;12
06/05/2018;09:15;17;6;11
06/05/2018;09:30;30;6;24
06/05/2018;09:45;35;13;22
06/05/2018;10:00;41;9;32
06/05/2018;10:15;41;14;27
06/05/2018;10:30;79;10;69
06/05/2018;10:45;87;26;61
06/05/2018;11:00;55;7;48
06/05/2018;11:15;58;9;49
06/05/2018;11:30;75;9;66
06/05/2018;11:45;75;15;60
06/05/2018;12:00;91;35;56
06/05/2018;12:15;75;20;55
06/05/2018;12:30;89;22;67
06/05/2018;12:45;97;21;76
06/05/2018;13:00;114;15;99
06/05/2018;13:15;84;22;62
06/05/2018;13:30;111;21;90
06/05/2018;13:45;106;14;92
06/05/2018;14:00;106;11;95
06/05/2018;14:15;110;17;93
06/05/2018;14:30;117;20;97
06/05/2018;14:45;116;29;87
06/05/2018;15:00;130;26;104
06/05/2018;15:15;124;22;102
06/05/2018;15:30;140;23;117
06/05/2018;15:45;132;22;110
06/05/2018;16:00;132;31;101
06/05/2018;16:15;117;24;93
06/05/2018;16:30;115;24;91
06/05/2018;16:45;119;33;86
06/05/2018;17:00;86;17;69
06/05/2018;17:15;115;35;80
06/05/2018;17:30;99;38;61
06/05/2018;17:45;104;27;77
06/05/2018;18:00;86;24;62
06/05/2018;18:15;101;31;70
06/05/2018;18:30;115;38;77
06/05/2018;18:45;78;33;45
06/05/2018;19:00;85;26;59
06/05/2018;19:15;77;22;55
06/05/2018;19:30;63;23;40
06/05/2018;19:45;75;27;48
06/05/2018;20:00;51;14;37
06/05/2018;20:15;65;28;37
06/05/2018;20:30;60;23;37
06/05/2018;20:45;56;27;29
06/05/2018;21:00;47;21;26
06/05/2018;21:15;44;20;24
06/05/2018;21:30;44;15;29
06/05/2018;21:45;33;10;23
06/05/2018;22:00;28;6;22
06/05/2018;22:15;31;10;21
06/05/2018;22:30;24;6;18
06/05/2018;22:45;40;17;23
06/05/2018;23:00;16;4;12
06/05/2018;23:15;18;4;14
06/05/2018;23:30;14;3;11
06/05/2018;23:45;11;3;8
07/05/2018;00:00;8;1;7
07/05/2018;00:15;8;1;7
07/05/2018;00:30;6;0;6
07/05/2018;00:45;2;0;2
07/05/2018;01:00;1;0;1
07/05/2018;01:15;5;0;5
07/05/2018;01:30;8;1;7
07/05/2018;01:45;2;1;1
07/05/2018;02:00;0;0;0
07/05/2018;02:15;2;0;2
07/05/2018;02:30;1;1;0
07/05/2018;02:45;1;0;1
07/05/2018;03:00;3;0;3
07/05/2018;03:15;2;0;2
07/05/2018;03:30;2;0;2
07/05/2018;03:45;0;0;0
07/05/2018;04:00;0;0;0
07/05/2018;04:15;4;3;1
07/05/2018;04:30;5;1;4
07/05/2018;04:45;4;2;2
07/05/2018;05:00;1;0;1
07/05/2018;05:15;9;4;5
07/05/2018;05:30;17;7;10
07/05/2018;05:45;16;9;7
07/05/2018;06:00;28;12;16
07/05/2018;06:15;19;7;12
07/05/2018;06:30;55;20;35
07/05/2018;06:45;59;24;35
07/05/2018;07:00;74;25;49
07/05/2018;07:15;94;43;51
07/05/2018;07:30;184;100;84
07/05/2018;07:45;187;120;67
07/05/2018;08:00;142;64;78
07/05/2018;08:15;151;75;76
07/05/2018;08:30;106;54;52
07/05/2018;08:45;131;67;64
07/05/2018;09:00;88;40;48
07/05/2018;09:15;91;44;47
07/05/2018;09:30;67;36;31
07/05/2018;09:45;66;40;26
07/05/2018;10:00;58;27;31
07/05/2018;10:15;70;31;39
07/05/2018;10:30;54;20;34
07/05/2018;10:45;57;22;35
07/05/2018;11:00;58;14;44
07/05/2018;11:15;59;20;39
07/05/2018;11:30;71;21;50
07/05/2018;11:45;62;19;43
07/05/2018;12:00;85;23;62
07/05/2018;12:15;88;13;75
07/05/2018;12:30;94;22;72
07/05/2018;12:45;88;18;70
07/05/2018;13:00;85;15;70
07/05/2018;13:15;96;18;78
07/05/2018;13:30;80;21;59
07/05/2018;13:45;106;26;80
07/05/2018;14:00;105;25;80
07/05/2018;14:15;130;26;104
07/05/2018;14:30;85;14;71
07/05/2018;14:45;112;17;95
07/05/2018;15:00;123;25;98
07/05/2018;15:15;90;9;81
07/05/2018;15:30;127;17;110
07/05/2018;15:45;145;28;117
07/05/2018;16:00;183;33;150
07/05/2018;16:15;182;32;150
07/05/2018;16:30;183;31;152
07/05/2018;16:45;207;42;165
07/05/2018;17:00;201;30;171
07/05/2018;17:15;249;40;209
07/05/2018;17:30;211;27;184
07/05/2018;17:45;218;35;183
07/05/2018;18:00;232;42;190
07/05/2018;18:15;203;42;161
07/05/2018;18:30;176;38;138
07/05/2018;18:45;162;52;110
07/05/2018;19:00;166;31;135
07/05/2018;19:15;146;25;121
07/05/2018;19:30;141;30;111
07/05/2018;19:45;142;30;112
07/05/2018;20:00;138;30;108
07/05/2018;20:15;110;25;85
07/05/2018;20:30;70;17;53
07/05/2018;20:45;78;19;59
07/05/2018;21:00;68;19;49
07/05/2018;21:15;52;15;37
07/05/2018;21:30;78;20;58
07/05/2018;21:45;68;23;45
07/05/2018;22:00;56;18;38
07/05/2018;22:15;53;19;34
07/05/2018;22:30;66;10;56
07/05/2018;22:45;41;7;34
07/05/2018;23:00;28;3;25
07/05/2018;23:15;23;3;20
07/05/2018;23:30;28;5;23
07/05/2018;23:45;23;2;21
08/05/2018;00:00;13;4;9
08/05/2018;00:15;11;1;10
08/05/2018;00:30;2;0;2
08/05/2018;00:45;6;0;6
08/05/2018;01:00;0;0;0
08/05/2018;01:15;8;3;5
08/05/2018;01:30;5;4;1
08/05/2018;01:45;2;0;2
08/05/2018;02:00;4;1;3
08/05/2018;02:15;1;0;1
08/05/2018;02:30;0;0;0
08/05/2018;02:45;0;0;0
08/05/2018;03:00;6;0;6
08/05/2018;03:15;2;0;2
08/05/2018;03:30;2;0;2
08/05/2018;03:45;1;0;1
08/05/2018;04:00;0;0;0
08/05/2018;04:15;4;0;4
08/05/2018;04:30;4;2;2
08/05/2018;04:45;1;0;1
08/05/2018;05:00;1;0;1
08/05/2018;05:15;11;4;7
08/05/2018;05:30;9;3;6
08/05/2018;05:45;15;6;9
08/05/2018;06:00;24;9;15
08/05/2018;06:15;33;14;19
08/05/2018;06:30;54;17;37
08/05/2018;06:45;72;31;41
08/05/2018;07:00;77;30;47
08/05/2018;07:15;94;46;48
08/05/2018;07:30;158;95;63
08/05/2018;07:45;202;109;93
08/05/2018;08:00;162;91;71
08/05/2018;08:15;127;56;71
08/05/2018;08:30;125;68;57
08/05/2018;08:45;119;61;58
08/05/2018;09:00;95;53;42
08/05/2018;09:15;76;32;44
08/05/2018;09:30;77;34;43
08/05/2018;09:45;94;40;54
08/05/2018;10:00;95;34;61
08/05/2018;10:15;64;13;51
08/05/2018;10:30;55;25;30
08/05/2018;10:45;67;21;46
08/05/2018;11:00;55;18;37
08/05/2018;11:15;65;22;43
08/05/2018;11:30;76;29;47
08/05/2018;11:45;91;26;65
08/05/2018;12:00;72;20;52
08/05/2018;12:15;93;21;72
08/05/2018;12:30;103;32;71
08/05/2018;12:45;99;29;70
08/05/2018;13:00;109;18;91
08/05/2018;13:15;109;29;80
08/05/2018;13:30;106;15;91
08/05/2018;13:45;102;27;75
08/05/2018;14:00;89;23;66
08/05/2018;14:15;98;16;82
08/05/2018;14:30;85;20;65
08/05/2018;14:45;131;29;102
08/05/2018;15:00;118;25;93
08/05/2018;15:15;102;18;84
08/05/2018;15:30;158;38;120
08/05/2018;15:45;179;38;141
08/05/2018;16:00;203;44;159
08/05/2018;16:15;189;22;167
08/05/2018;16:30;218;52;166
08/05/2018;16:45;200;38;162
08/05/2018;17:00;186;36;150
08/05/2018;17:15;185;24;161
08/05/2018;17:30;213;37;176
08/05/2018;17:45;225;53;172
08/05/2018;18:00;240;40;200
08/05/2018;18:15;229;49;180
08/05/2018;18:30;197;28;169
08/05/2018;18:45;231;35;196
08/05/2018;19:00;177;30;147
08/05/2018;19:15;186;40;146
08/05/2018;19:30;179;31;148
08/05/2018;19:45;128;32;96
08/05/2018;20:00;130;21;109
08/05/2018;20:15;128;31;97
08/05/2018;20:30;88;22;66
08/05/2018;20:45;84;18;66
08/05/2018;21:00;87;25;62
08/05/2018;21:15;85;33;52
08/05/2018;21:30;80;27;53
08/05/2018;21:45;74;28;46
08/05/2018;22:00;77;32;45
08/05/2018;22:15;49;18;31
08/05/2018;22:30;64;16;48
08/05/2018;22:45;49;10;39
08/05/2018;23:00;35;12;23
08/05/2018;23:15;33;9;24
08/05/2018;23:30;13;4;9
08/05/2018;23:45;29;13;16
09/05/2018;00:00;10;2;8
09/05/2018;00:15;4;1;3
09/05/2018;00:30;7;1;6
09/05/2018;00:45;6;2;4
09/05/2018;01:00;3;0;3
09/05/2018;01:15;1;0;1
09/05/2018;01:30;4;0;4
09/05/2018;01:45;1;0;1
09/05/2018;02:00;1;0;1
09/05/2018;02:15;3;0;3
09/05/2018;02:30;2;0;2
09/05/2018;02:45;0;0;0
09/05/2018;03:00;0;0;0
09/05/2018;03:15;2;0;2
09/05/2018;03:30;2;1;1
09/05/2018;03:45;1;0;1
09/05/2018;04:00;4;0;4
09/05/2018;04:15;6;0;6
09/05/2018;04:30;5;3;2
09/05/2018;04:45;3;0;3
09/05/2018;05:00;1;0;1
09/05/2018;05:15;11;7;4
09/05/2018;05:30;19;9;10
09/05/2018;05:45;11;3;8
09/05/2018;06:00;27;11;16
09/05/2018;06:15;36;15;21
09/05/2018;06:30;54;19;35
09/05/2018;06:45;54;16;38
09/05/2018;07:00;67;26;41
09/05/2018;07:15;80;35;45
09/05/2018;07:30;165;82;83
09/05/2018;07:45;150;83;67
09/05/2018;08:00;137;64;73
09/05/2018;08:15;146;82;64
09/05/2018;08:30;140;63;77
09/05/2018;08:45;116;61;55
09/05/2018;09:00;90;47;43
09/05/2018;09:15;102;46;56
09/05/2018;09:30;90;41;49
09/05/2018;09:45;83;43;40
09/05/2018;10:00;80;40;40
09/05/2018;10:15;70;30;40
09/05/2018;10:30;67;25;42
09/05/2018;10:45;77;32;45
09/05/2018;11:00;79;26;53
09/05/2018;11:15;67;30;37
09/05/2018;11:30;71;24;47
09/05/2018;11:45;90;30;60
09/05/2018;12:00;77;28;49
09/05/2018;12:15;101;28;73
09/05/2018;12:30;103;21;82
09/05/2018;12:45;114;39;75
09/05/2018;13:00;114;14;100
09/05/2018;13:15;105;22;83
09/05/2018;13:30;112;26;86
09/05/2018;13:45;118;32;86
09/05/2018;14:00;117;20;97
09/05/2018;14:15;107;14;93
09/05/2018;14:30;112;22;90
09/05/2018;14:45;110;12;98
09/05/2018;15:00;120;27;93
09/05/2018;15:15;141;22;119
09/05/2018;15:30;125;20;105
09/05/2018;15:45;144;32;112
09/05/2018;16:00;135;6;129
09/05/2018;16:15;162;30;132
09/05/2018;16:30;190;37;153
09/05/2018;16:45;146;26;120
09/05/2018;17:00;205;30;175
09/05/2018;17:15;215;37;178
09/05/2018;17:30;187;47;140
09/05/2018;17:45;211;47;164
09/05/2018;18:00;170;43;127
09/05/2018;18:15;187;35;152
09/05/2018;18:30;183;44;139
09/05/2018;18:45;195;49;146
09/05/2018;19:00;211;57;154
09/05/2018;19:15;160;35;125
09/05/2018;19:30;167;42;125
09/05/2018;19:45;147;42;105
09/05/2018;20:00;145;34;111
09/05/2018;20:15;144;23;121
09/05/2018;20:30;88;22;66
09/05/2018;20:45;73;22;51
09/05/2018;21:00;107;37;70
09/05/2018;21:15;85;30;55
09/05/2018;21:30;81;21;60
09/05/2018;21:45;67;18;49
09/05/2018;22:00;54;15;39
09/05/2018;22:15;67;8;59
09/05/2018;22:30;79;19;60
09/05/2018;22:45;61;24;37
09/05/2018;23:00;68;15;53
09/05/2018;23:15;52;14;38
09/05/2018;23:30;35;4;31
09/05/2018;23:45;47;10;37
10/05/2018;00:00;45;5;40
10/05/2018;00:15;38;15;23
10/05/2018;00:30;50;7;43
10/05/2018;00:45;42;11;31
10/05/2018;01:00;37;5;32
10/05/2018;01:15;30;8;22
10/05/2018;01:30;32;7;25
10/05/2018;01:45;16;1;15
10/05/2018;02:00;13;0;13
10/05/2018;02:15;24;2;22
10/05/2018;02:30;22;2;20
10/05/2018;02:45;10;3;7
10/05/2018;03:00;11;1;10
10/05/2018;03:15;8;0;8
10/05/2018;03:30;6;0;6
10/05/2018;03:45;6;2;4
10/05/2018;04:00;3;0;3
10/05/2018;04:15;9;2;7
10/05/2018;04:30;4;0;4
10/05/2018;04:45;5;0;5
10/05/2018;05:00;2;0;2
10/05/2018;05:15;1;0;1
10/05/2018;05:30;4;2;2
10/05/2018;05:45;7;2;5
10/05/2018;06:00;1;0;1
10/05/2018;06:15;2;1;1
10/05/2018;06:30;1;1;0
10/05/2018;06:45;5;1;4
10/05/2018;07:00;1;0;1
10/05/2018;07:15;5;2;3
10/05/2018;07:30;7;2;5
10/05/2018;07:45;6;1;5
10/05/2018;08:00;8;2;6
10/05/2018;08:15;1;0;1
10/05/2018;08:30;9;3;6
10/05/2018;08:45;14;5;9
10/05/2018;09:00;25;9;16
10/05/2018;09:15;22;11;11
10/05/2018;09:30;23;7;16
10/05/2018;09:45;24;11;13
10/05/2018;10:00;21;6;15
10/05/2018;10:15;18;11;7
10/05/2018;10:30;34;7;27
10/05/2018;10:45;27;7;20
10/05/2018;11:00;30;4;26
10/05/2018;11:15;30;15;15
10/05/2018;11:30;33;7;26
10/05/2018;11:45;35;11;24
10/05/2018;12:00;36;11;25
10/05/2018;12:15;31;11;20
10/05/2018;12:30;53;17;36
10/05/2018;12:45;51;7;44
10/05/2018;13:00;49;7;42
10/05/2018;13:15;35;11;24
10/05/2018;13:30;43;11;32
10/05/2018;13:45;63;16;47
10/05/2018;14:00;51;5;46
10/05/2018;14:15;46;7;39
10/05/2018;14:30;28;10;18
10/05/2018;14:45;49;9;40
10/05/2018;15:00;48;10;38
10/05/2018;15:15;86;15;71
10/05/2018;15:30;27;9;18
10/05/2018;15:45;43;18;25
10/05/2018;16:00;37;15;22
10/05/2018;16:15;33;8;25
10/05/2018;16:30;26;6;20
10/05/2018;16:45;41;5;36
10/05/2018;17:00;52;14;38
10/05/2018;17:15;52;21;31
10/05/2018;17:30;59;22;37
10/05/2018;17:45;59;17;42
10/05/2018;18:00;39;11;28
10/05/2018;18:15;53;12;41
10/05/2018;18:30;43;8;35
10/05/2018;18:45;50;12;38
10/05/2018;19:00;34;4;30
10/05/2018;19:15;55;12;43
10/05/2018;19:30;45;10;35
10/05/2018;19:45;35;11;24
10/05/2018;20:00;48;12;36
10/05/2018;20:15;34;14;20
10/05/2018;20:30;47;12;35
10/05/2018;20:45;31;5;26
10/05/2018;21:00;37;6;31
10/05/2018;21:15;17;7;10
10/05/2018;21:30;24;3;21
10/05/2018;21:45;23;6;17
10/05/2018;22:00;21;4;17
10/05/2018;22:15;19;7;12
10/05/2018;22:30;14;1;13
10/05/2018;22:45;21;7;14
10/05/2018;23:00;24;5;19
10/05/2018;23:15;10;2;8
10/05/2018;23:30;15;4;11
10/05/2018;23:45;11;3;8
11/05/2018;00:00;8;4;4
11/05/2018;00:15;9;1;8
11/05/2018;00:30;8;0;8
11/05/2018;00:45;4;2;2
11/05/2018;01:00;9;3;6
11/05/2018;01:15;1;0;1
11/05/2018;01:30;6;3;3
11/05/2018;01:45;4;1;3
11/05/2018;02:00;1;0;1
11/05/2018;02:15;4;0;4
11/05/2018;02:30;1;0;1
11/05/2018;02:45;0;0;0
11/05/2018;03:00;0;0;0
11/05/2018;03:15;1;0;1
11/05/2018;03:30;0;0;0
11/05/2018;03:45;0;0;0
11/05/2018;04:00;2;1;1
11/05/2018;04:15;4;0;4
11/05/2018;04:30;3;1;2
11/05/2018;04:45;4;2;2
11/05/2018;05:00;2;0;2
11/05/2018;05:15;13;6;7
11/05/2018;05:30;7;2;5
11/05/2018;05:45;6;4;2
11/05/2018;06:00;14;6;8
11/05/2018;06:15;10;2;8
11/05/2018;06:30;28;9;19
11/05/2018;06:45;37;17;20
11/05/2018;07:00;34;14;20
11/05/2018;07:15;43;21;22
11/05/2018;07:30;70;39;31
11/05/2018;07:45;97;56;41
11/05/2018;08:00;68;43;25
11/05/2018;08:15;70;33;37
11/05/2018;08:30;67;30;37
11/05/2018;08:45;75;35;40
11/05/2018;09:00;62;30;32
11/05/2018;09:15;63;35;28
11/05/2018;09:30;60;26;34
11/05/2018;09:45;60;26;34
11/05/2018;10:00;70;38;32
11/05/2018;10:15;66;26;40
11/05/2018;10:30;65;24;41
11/05/2018;10:45;70;29;41
11/05/2018;11:00;53;19;34
11/05/2018;11:15;71;31;40
11/05/2018;11:30;72;20;52
11/05/2018;11:45;71;23;48
11/05/2018;12:00;73;17;56
11/05/2018;12:15;76;12;64
11/05/2018;12:30;86;19;67
11/05/2018;12:45;119;36;83
11/05/2018;13:00;108;26;82
11/05/2018;13:15;99;19;80
11/05/2018;13:30;86;20;66
11/05/2018;13:45;113;23;90
11/05/2018;14:00;107;20;87
11/05/2018;14:15;94;17;77
11/05/2018;14:30;103;21;82
11/05/2018;14:45;94;14;80
11/05/2018;15:00;131;37;94
11/05/2018;15:15;121;29;92
11/05/2018;15:30;115;23;92
11/05/2018;15:45;125;19;106
11/05/2018;16:00;108;26;82
11/05/2018;16:15;136;15;121
11/05/2018;16:30;124;24;100
11/05/2018;16:45;113;33;80
11/05/2018;17:00;150;33;117
11/05/2018;17:15;118;29;89
11/05/2018;17:30;116;16;100
11/05/2018;17:45;130;35;95
11/05/2018;18:00;105;20;85
11/05/2018;18:15;124;29;95
11/05/2018;18:30;140;27;113
11/05/2018;18:45;110;24;86
11/05/2018;19:00;142;32;110
11/05/2018;19:15;111;16;95
11/05/2018;19:30;94;15;79
11/05/2018;19:45;90;20;70
11/05/2018;20:00;88;12;76
11/05/2018;20:15;57;12;45
11/05/2018;20:30;56;20;36
11/05/2018;20:45;71;28;43
11/05/2018;21:00;75;27;48
11/05/2018;21:15;29;7;22
11/05/2018;21:30;32;13;19
11/05/2018;21:45;48;13;35
11/05/2018;22:00;49;4;45
11/05/2018;22:15;42;12;30
11/05/2018;22:30;35;8;27
11/05/2018;22:45;30;8;22
11/05/2018;23:00;31;1;30
11/05/2018;23:15;43;9;34
11/05/2018;23:30;32;10;22
11/05/2018;23:45;28;6;22
12/05/2018;00:00;27;4;23
12/05/2018;00:15;22;2;20
12/05/2018;00:30;13;3;10
12/05/2018;00:45;13;3;10
12/05/2018;01:00;16;4;12
12/05/2018;01:15;15;0;15
12/05/2018;01:30;12;3;9
12/05/2018;01:45;6;1;5
12/05/2018;02:00;11;2;9
12/05/2018;02:15;2;0;2
12/05/2018;02:30;10;0;10
12/05/2018;02:45;11;1;10
12/05/2018;03:00;6;0;6
12/05/2018;03:15;9;1;8
12/05/2018;03:30;4;0;4
12/05/2018;03:45;4;0;4
12/05/2018;04:00;0;0;0
12/05/2018;04:15;3;0;3
12/05/2018;04:30;8;1;7
12/05/2018;04:45;2;0;2
12/05/2018;05:00;1;1;0
12/05/2018;05:15;2;1;1
12/05/2018;05:30;6;1;5
12/05/2018;05:45;2;0;2
12/05/2018;06:00;4;0;4
12/05/2018;06:15;4;1;3
12/05/2018;06:30;7;2;5
12/05/2018;06:45;11;3;8
12/05/2018;07:00;3;2;1
12/05/2018;07:15;5;2;3
12/05/2018;07:30;10;1;9
12/05/2018;07:45;13;8;5
12/05/2018;08:00;21;8;13
12/05/2018;08:15;24;10;14
12/05/2018;08:30;23;13;10
12/05/2018;08:45;36;19;17
12/05/2018;09:00;28;11;17
12/05/2018;09:15;28;12;16
12/05/2018;09:30;26;13;13
12/05/2018;09:45;46;19;27
12/05/2018;10:00;47;21;26
12/05/2018;10:15;65;22;43
12/05/2018;10:30;79;21;58
12/05/2018;10:45;78;32;46
12/05/2018;11:00;59;20;39
12/05/2018;11:15;66;28;38
12/05/2018;11:30;104;30;74
12/05/2018;11:45;94;26;68
12/05/2018;12:00;104;37;67
12/05/2018;12:15;99;28;71
12/05/2018;12:30;117;33;84
12/05/2018;12:45;108;27;81
12/05/2018;13:00;122;28;94
12/05/2018;13:15;118;25;93
12/05/2018;13:30;89;24;65
12/05/2018;13:45;115;23;92
12/05/2018;14:00;109;24;85
12/05/2018;14:15;121;21;100
12/05/2018;14:30;147;29;118
12/05/2018;14:45;126;28;98
12/05/2018;15:00;114;25;89
12/05/2018;15:15;107;32;75
12/05/2018;15:30;111;19;92
12/05/2018;15:45;99;19;80
12/05/2018;16:00;115;22;93
12/05/2018;16:15;93;14;79
12/05/2018;16:30;116;19;97
12/05/2018;16:45;121;20;101
12/05/2018;17:00;94;18;76
12/05/2018;17:15;100;34;66
12/05/2018;17:30;104;23;81
12/05/2018;17:45;113;33;80
12/05/2018;18:00;110;20;90
12/05/2018;18:15;115;29;86
12/05/2018;18:30;103;24;79
12/05/2018;18:45;114;27;87
12/05/2018;19:00;93;29;64
12/05/2018;19:15;83;18;65
12/05/2018;19:30;89;22;67
12/05/2018;19:45;82;22;60
12/05/2018;20:00;73;12;61
12/05/2018;20:15;69;15;54
12/05/2018;20:30;46;9;37
12/05/2018;20:45;57;19;38
12/05/2018;21:00;49;18;31
12/05/2018;21:15;40;9;31
12/05/2018;21:30;34;7;27
12/05/2018;21:45;44;13;31
12/05/2018;22:00;39;11;28
12/05/2018;22:15;30;7;23
12/05/2018;22:30;28;14;14
12/05/2018;22:45;25;7;18
12/05/2018;23:00;54;13;41
12/05/2018;23:15;52;25;27
12/05/2018;23:30;29;8;21
12/05/2018;23:45;23;5;18
13/05/2018;00:00;21;5;16
13/05/2018;00:15;25;7;18
13/05/2018;00:30;17;5;12
13/05/2018;00:45;24;10;14
13/05/2018;01:00;26;8;18
13/05/2018;01:15;15;5;10
13/05/2018;01:30;31;7;24
13/05/2018;01:45;14;2;12
13/05/2018;02:00;13;3;10
13/05/2018;02:15;13;1;12
13/05/2018;02:30;7;2;5
13/05/2018;02:45;15;2;13
13/05/2018;03:00;7;1;6
13/05/2018;03:15;7;1;6
13/05/2018;03:30;7;1;6
13/05/2018;03:45;2;1;1
13/05/2018;04:00;3;1;2
13/05/2018;04:15;4;0;4
13/05/2018;04:30;2;0;2
13/05/2018;04:45;1;1;0
13/05/2018;05:00;2;0;2
13/05/2018;05:15;1;0;1
13/05/2018;05:30;4;2;2
13/05/2018;05:45;2;1;1
13/05/2018;06:00;3;1;2
13/05/2018;06:15;3;0;3
13/05/2018;06:30;4;3;1
13/05/2018;06:45;3;0;3
13/05/2018;07:00;2;0;2
13/05/2018;07:15;5;3;2
13/05/2018;07:30;7;3;4
13/05/2018;07:45;9;2;7
13/05/2018;08:00;7;2;5
13/05/2018;08:15;13;5;8
13/05/2018;08:30;9;3;6
13/05/2018;08:45;4;1;3
13/05/2018;09:00;10;2;8
13/05/2018;09:15;7;3;4
13/05/2018;09:30;14;2;12
13/05/2018;09:45;7;0;7
13/05/2018;10:00;3;1;2
13/05/2018;10:15;6;3;3
13/05/2018;10:30;11;5;6
13/05/2018;10:45;17;7;10
13/05/2018;11:00;4;3;1
13/05/2018;11:15;9;3;6
13/05/2018;11:30;6;0;6
13/05/2018;11:45;14;6;8
13/05/2018;12:00;10;5;5
13/05/2018;12:15;11;4;7
13/05/2018;12:30;12;1;11
13/05/2018;12:45;8;1;7
13/05/2018;13:00;6;1;5
13/05/2018;13:15;12;3;9
13/05/2018;13:30;6;1;5
13/05/2018;13:45;14;4;10
13/05/2018;14:00;4;0;4
13/05/2018;14:15;11;4;7
13/05/2018;14:30;11;4;7
13/05/2018;14:45;7;1;6
13/05/2018;15:00;5;3;2
13/05/2018;15:15;8;2;6
13/05/2018;15:30;9;0;9
13/05/2018;15:45;9;3;6
13/05/2018;16:00;8;2;6
13/05/2018;16:15;10;3;7
13/05/2018;16:30;21;9;12
13/05/2018;16:45;18;5;13
13/05/2018;17:00;13;2;11
13/05/2018;17:15;18;5;13
13/05/2018;17:30;8;3;5
13/05/2018;17:45;19;4;15
13/05/2018;18:00;20;5;15
13/05/2018;18:15;10;3;7
13/05/2018;18:30;20;8;12
13/05/2018;18:45;22;11;11
13/05/2018;19:00;20;7;13
13/05/2018;19:15;15;7;8
13/05/2018;19:30;13;1;12
13/05/2018;19:45;18;3;15
13/05/2018;20:00;18;4;14
13/05/2018;20:15;14;3;11
13/05/2018;20:30;10;3;7
13/05/2018;20:45;18;2;16
13/05/2018;21:00;7;1;6
13/05/2018;21:15;6;3;3
13/05/2018;21:30;14;0;14
13/05/2018;21:45;11;2;9
13/05/2018;22:00;6;0;6
13/05/2018;22:15;8;1;7
13/05/2018;22:30;4;0;4
13/05/2018;22:45;4;1;3
13/05/2018;23:00;4;0;4
13/05/2018;23:15;3;0;3
13/05/2018;23:30;5;1;4
13/05/2018;23:45;0;0;0
14/05/2018;00:00;1;0;1
14/05/2018;00:15;1;0;1
14/05/2018;00:30;1;1;0
14/05/2018;00:45;1;0;1
14/05/2018;01:00;0;0;0
14/05/2018;01:15;4;0;4
14/05/2018;01:30;0;0;0
14/05/2018;01:45;2;1;1
14/05/2018;02:00;2;0;2
14/05/2018;02:15;0;0;0
14/05/2018;02:30;0;0;0
14/05/2018;02:45;0;0;0
14/05/2018;03:00;1;1;0
14/05/2018;03:15;1;0;1
14/05/2018;03:30;1;0;1
14/05/2018;03:45;0;0;0
14/05/2018;04:00;0;0;0
14/05/2018;04:15;2;2;0
14/05/2018;04:30;3;0;3
14/05/2018;04:45;3;1;2
14/05/2018;05:00;0;0;0
14/05/2018;05:15;5;3;2
14/05/2018;05:30;9;4;5
14/05/2018;05:45;14;8;6
14/05/2018;06:00;17;9;8
14/05/2018;06:15;23;9;14
14/05/2018;06:30;37;12;25
14/05/2018;06:45;33;14;19
14/05/2018;07:00;45;23;22
14/05/2018;07:15;82;38;44
14/05/2018;07:30;103;60;43
14/05/2018;07:45;128;74;54
14/05/2018;08:00;119;64;55
14/05/2018;08:15;124;63;61
14/05/2018;08:30;94;36;58
14/05/2018;08:45;124;53;71
14/05/2018;09:00;69;38;31
14/05/2018;09:15;69;32;37
14/05/2018;09:30;55;30;25
14/05/2018;09:45;48;31;17
14/05/2018;10:00;52;27;25
14/05/2018;10:15;48;23;25
14/05/2018;10:30;39;11;28
14/05/2018;10:45;43;17;26
14/05/2018;11:00;46;15;31
14/05/2018;11:15;54;16;38
14/05/2018;11:30;51;17;34
14/05/2018;11:45;59;24;35
14/05/2018;12:00;58;16;42
14/05/2018;12:15;55;16;39
14/05/2018;12:30;63;15;48
14/05/2018;12:45;76;22;54
14/05/2018;13:00;84;19;65
14/05/2018;13:15;92;18;74
14/05/2018;13:30;75;20;55
14/05/2018;13:45;66;22;44
14/05/2018;14:00;93;21;72
14/05/2018;14:15;78;12;66
14/05/2018;14:30;84;23;61
14/05/2018;14:45;97;21;76
14/05/2018;15:00;104;21;83
14/05/2018;15:15;96;26;70
14/05/2018;15:30;119;22;97
14/05/2018;15:45;116;17;99
14/05/2018;16:00;139;23;116
14/05/2018;16:15;142;32;110
14/05/2018;16:30;135;27;108
14/05/2018;16:45;160;31;129
14/05/2018;17:00;173;44;129
14/05/2018;17:15;174;29;145
14/05/2018;17:30;151;21;130
14/05/2018;17:45;183;29;154
14/05/2018;18:00;183;42;141
14/05/2018;18:15;157;33;124
14/05/2018;18:30;182;26;156
14/05/2018;18:45;138;19;119
14/05/2018;19:00;103;20;83
14/05/2018;19:15;141;36;105
14/05/2018;19:30;101;17;84
14/05/2018;19:45;104;22;82
14/05/2018;20:00;99;25;74
14/05/2018;20:15;85;21;64
14/05/2018;20:30;67;17;50
14/05/2018;20:45;55;15;40
14/05/2018;21:00;56;12;44
14/05/2018;21:15;42;11;31
14/05/2018;21:30;54;6;48
14/05/2018;21:45;59;9;50
14/05/2018;22:00;51;11;40
14/05/2018;22:15;35;8;27
14/05/2018;22:30;30;9;21
14/05/2018;22:45;32;7;25
14/05/2018;23:00;23;4;19
14/05/2018;23:15;24;5;19
14/05/2018;23:30;20;1;19
14/05/2018;23:45;10;1;9
15/05/2018;00:00;14;1;13
15/05/2018;00:15;11;1;10
15/05/2018;00:30;8;1;7
15/05/2018;00:45;8;1;7
15/05/2018;01:00;1;1;0
15/05/2018;01:15;6;1;5
15/05/2018;01:30;3;1;2
15/05/2018;01:45;7;0;7
15/05/2018;02:00;3;1;2
15/05/2018;02:15;2;1;1
15/05/2018;02:30;0;0;0
15/05/2018;02:45;1;0;1
15/05/2018;03:00;3;0;3
15/05/2018;03:15;2;0;2
15/05/2018;03:30;0;0;0
15/05/2018;03:45;2;1;1
15/05/2018;04:00;2;1;1
15/05/2018;04:15;3;1;2
15/05/2018;04:30;4;1;3
15/05/2018;04:45;0;0;0
15/05/2018;05:00;2;0;2
15/05/2018;05:15;4;1;3
15/05/2018;05:30;17;5;12
15/05/2018;05:45;12;6;6
15/05/2018;06:00;21;10;11
15/05/2018;06:15;28;6;22
15/05/2018;06:30;49;15;34
15/05/2018;06:45;63;28;35
15/05/2018;07:00;77;32;45
15/05/2018;07:15;103;47;56
15/05/2018;07:30;171;91;80
15/05/2018;07:45;158;91;67
15/05/2018;08:00;144;73;71
15/05/2018;08:15;158;81;77
15/05/2018;08:30;130;63;67
15/05/2018;08:45;116;60;56
15/05/2018;09:00;84;48;36
15/05/2018;09:15;68;39;29
15/05/2018;09:30;68;35;33
15/05/2018;09:45;72;40;32
15/05/2018;10:00;81;37;44
15/05/2018;10:15;53;14;39
15/05/2018;10:30;55;16;39
15/05/2018;10:45;53;16;37
15/05/2018;11:00;51;18;33
15/05/2018;11:15;52;22;30
15/05/2018;11:30;71;20;51
15/05/2018;11:45;88;27;61
15/05/2018;12:00;58;18;40
15/05/2018;12:15;83;23;60
15/05/2018;12:30;61;15;46
15/05/2018;12:45;97;29;68
15/05/2018;13:00;104;18;86
15/05/2018;13:15;122;22;100
15/05/2018;13:30;109;27;82
15/05/2018;13:45;95;21;74
15/05/2018;14:00;94;14;80
15/05/2018;14:15;81;22;59
15/05/2018;14:30;95;18;77
15/05/2018;14:45;105;23;82
15/05/2018;15:00;105;20;85
15/05/2018;15:15;114;16;98
15/05/2018;15:30;124;22;102
15/05/2018;15:45;164;21;143
15/05/2018;16:00;169;38;131
15/05/2018;16:15;163;24;139
15/05/2018;16:30;164;31;133
15/05/2018;16:45;179;45;134
15/05/2018;17:00;189;37;152
15/05/2018;17:15;204;31;173
15/05/2018;17:30;195;33;162
15/05/2018;17:45;167;36;131
15/05/2018;18:00;187;32;155
15/05/2018;18:15;202;40;162
15/05/2018;18:30;158;30;128
15/05/2018;18:45;175;34;141
15/05/2018;19:00;158;31;127
15/05/2018;19:15;143;29;114
15/05/2018;19:30;124;26;98
15/05/2018;19:45;113;24;89
15/05/2018;20:00;115;24;91
15/05/2018;20:15;106;21;85
15/05/2018;20:30;67;14;53
15/05/2018;20:45;75;29;46
15/05/2018;21:00;105;37;68
15/05/2018;21:15;77;20;57
15/05/2018;21:30;64;16;48
15/05/2018;21:45;72;10;62
15/05/2018;22:00;72;15;57
15/05/2018;22:15;46;11;35
15/05/2018;22:30;42;10;32
15/05/2018;22:45;22;8;14
15/05/2018;23:00;25;3;22
15/05/2018;23:15;22;5;17
15/05/2018;23:30;25;4;21
15/05/2018;23:45;11;2;9
16/05/2018;00:00;15;4;11
16/05/2018;00:15;11;0;11
16/05/2018;00:30;7;0;7
16/05/2018;00:45;16;1;15
16/05/2018;01:00;6;2;4
16/05/2018;01:15;7;3;4
16/05/2018;01:30;9;1;8
16/05/2018;01:45;6;1;5
16/05/2018;02:00;9;0;9
16/05/2018;02:15;4;2;2
16/05/2018;02:30;5;1;4
16/05/2018;02:45;2;0;2
16/05/2018;03:00;4;0;4
16/05/2018;03:15;2;0;2
16/05/2018;03:30;0;0;0
16/05/2018;03:45;0;0;0
16/05/2018;04:00;3;1;2
16/05/2018;04:15;4;1;3
16/05/2018;04:30;4;1;3
16/05/2018;04:45;3;0;3
16/05/2018;05:00;1;0;1
16/05/2018;05:15;6;2;4
16/05/2018;05:30;12;7;5
16/05/2018;05:45;12;5;7
16/05/2018;06:00;20;9;11
16/05/2018;06:15;21;5;16
16/05/2018;06:30;40;13;27
16/05/2018;06:45;46;23;23
16/05/2018;07:00;47;22;25
16/05/2018;07:15;82;37;45
16/05/2018;07:30;128;71;57
16/05/2018;07:45;155;82;73
16/05/2018;08:00;115;55;60
16/05/2018;08:15;111;54;57
16/05/2018;08:30;139;65;74
16/05/2018;08:45;105;49;56
16/05/2018;09:00;87;38;49
16/05/2018;09:15;82;40;42
16/05/2018;09:30;84;41;43
16/05/2018;09:45;58;27;31
16/05/2018;10:00;57;27;30
16/05/2018;10:15;43;25;18
16/05/2018;10:30;61;27;34
16/05/2018;10:45;54;23;31
16/05/2018;11:00;58;18;40
16/05/2018;11:15;68;20;48
16/05/2018;11:30;61;21;40
16/05/2018;11:45;58;16;42
16/05/2018;12:00;67;18;49
16/05/2018;12:15;68;19;49
16/05/2018;12:30;83;17;66
16/05/2018;12:45;54;12;42
16/05/2018;13:00;72;12;60
16/05/2018;13:15;75;9;66
16/05/2018;13:30;95;14;81
16/05/2018;13:45;72;22;50
16/05/2018;14:00;77;15;62
16/05/2018;14:15;78;15;63
16/05/2018;14:30;53;16;37
16/05/2018;14:45;71;19;52
16/05/2018;15:00;84;11;73
16/05/2018;15:15;72;10;62
16/05/2018;15:30;97;27;70
16/05/2018;15:45;85;20;65
16/05/2018;16:00;129;21;108
16/05/2018;16:15;113;21;92
16/05/2018;16:30;112;20;92
16/05/2018;16:45;119;29;90
16/05/2018;17:00;144;19;125
16/05/2018;17:15;136;20;116
16/05/2018;17:30;143;37;106
16/05/2018;17:45;161;29;132
16/05/2018;18:00;155;33;122
16/05/2018;18:15;109;27;82
16/05/2018;18:30;71;17;54
16/05/2018;18:45;60;12;48
16/05/2018;19:00;101;16;85
16/05/2018;19:15;85;10;75
16/05/2018;19:30;61;14;47
16/05/2018;19:45;39;4;35
16/05/2018;20:00;63;8;55
16/05/2018;20:15;41;7;34
16/05/2018;20:30;35;6;29
16/05/2018;20:45;31;5;26
16/05/2018;21:00;22;4;18
16/05/2018;21:15;18;1;17
16/05/2018;21:30;22;4;18
16/05/2018;21:45;29;5;24
16/05/2018;22:00;14;2;12
16/05/2018;22:15;15;3;12
16/05/2018;22:30;20;5;15
16/05/2018;22:45;17;3;14
16/05/2018;23:00;14;1;13
16/05/2018;23:15;13;3;10
16/05/2018;23:30;18;2;16
16/05/2018;23:45;11;2;9
17/05/2018;00:00;9;0;9
17/05/2018;00:15;11;2;9
17/05/2018;00:30;11;1;10
17/05/2018;00:45;1;0;1
17/05/2018;01:00;2;0;2
17/05/2018;01:15;2;0;2
17/05/2018;01:30;3;1;2
17/05/2018;01:45;1;0;1
17/05/2018;02:00;1;0;1
17/05/2018;02:15;1;0;1
17/05/2018;02:30;1;1;0
17/05/2018;02:45;0;0;0
17/05/2018;03:00;2;1;1
17/05/2018;03:15;2;0;2
17/05/2018;03:30;0;0;0
17/05/2018;03:45;1;0;1
17/05/2018;04:00;0;0;0
17/05/2018;04:15;3;1;2
17/05/2018;04:30;6;1;5
17/05/2018;04:45;2;1;1
17/05/2018;05:00;3;0;3
17/05/2018;05:15;10;3;7
17/05/2018;05:30;11;6;5
17/05/2018;05:45;11;5;6
17/05/2018;06:00;26;11;15
17/05/2018;06:15;19;12;7
17/05/2018;06:30;34;10;24
17/05/2018;06:45;58;30;28
17/05/2018;07:00;48;16;32
17/05/2018;07:15;71;34;37
17/05/2018;07:30;125;72;53
17/05/2018;07:45;157;81;76
17/05/2018;08:00;132;67;65
17/05/2018;08:15;109;57;52
17/05/2018;08:30;100;44;56
17/05/2018;08:45;101;50;51
17/05/2018;09:00;82;43;39
17/05/2018;09:15;68;35;33
17/05/2018;09:30;63;34;29
17/05/2018;09:45;61;37;24
17/05/2018;10:00;56;26;30
17/05/2018;10:15;42;22;20
17/05/2018;10:30;43;14;29
17/05/2018;10:45;30;12;18
17/05/2018;11:00;47;17;30
17/05/2018;11:15;49;14;35
17/05/2018;11:30;48;13;35
17/05/2018;11:45;70;32;38
17/05/2018;12:00;61;21;40
17/05/2018;12:15;64;27;37
17/05/2018;12:30;69;24;45
17/05/2018;12:45;75;18;57
17/05/2018;13:00;58;12;46
17/05/2018;13:15;92;15;77
17/05/2018;13:30;92;25;67
17/05/2018;13:45;94;26;68
17/05/2018;14:00;91;18;73
17/05/2018;14:15;89;10;79
17/05/2018;14:30;99;18;81
17/05/2018;14:45;98;17;81
17/05/2018;15:00;95;21;74
17/05/2018;15:15;108;29;79
17/05/2018;15:30;124;27;97
17/05/2018;15:45;109;20;89
17/05/2018;16:00;141;24;117
17/05/2018;16:15;150;33;117
17/05/2018;16:30;171;27;144
17/05/2018;16:45;161;29;132
17/05/2018;17:00;166;30;136
17/05/2018;17:15;174;23;151
17/05/2018;17:30;151;25;126
17/05/2018;17:45;177;27;150
17/05/2018;18:00;184;32;152
17/05/2018;18:15;175;33;142
17/05/2018;18:30;153;23;130
17/05/2018;18:45;162;34;128
17/05/2018;19:00;146;32;114
17/05/2018;19:15;104;30;74
17/05/2018;19:30;122;17;105
17/05/2018;19:45;90;23;67
17/05/2018;20:00;88;24;64
17/05/2018;20:15;85;18;67
17/05/2018;20:30;78;15;63
17/05/2018;20:45;64;20;44
17/05/2018;21:00;57;10;47
17/05/2018;21:15;74;23;51
17/05/2018;21:30;52;11;41
17/05/2018;21:45;57;9;48
17/05/2018;22:00;58;15;43
17/05/2018;22:15;37;9;28
17/05/2018;22:30;58;10;48
17/05/2018;22:45;29;6;23
17/05/2018;23:00;40;5;35
17/05/2018;23:15;30;12;18
17/05/2018;23:30;22;2;20
17/05/2018;23:45;8;0;8
18/05/2018;00:00;8;2;6
18/05/2018;00:15;14;4;10
18/05/2018;00:30;11;0;11
18/05/2018;00:45;3;0;3
18/05/2018;01:00;3;0;3
18/05/2018;01:15;4;1;3
18/05/2018;01:30;9;2;7
18/05/2018;01:45;4;0;4
18/05/2018;02:00;1;0;1
18/05/2018;02:15;4;2;2
18/05/2018;02:30;1;0;1
18/05/2018;02:45;2;0;2
18/05/2018;03:00;0;0;0
18/05/2018;03:15;5;0;5
18/05/2018;03:30;4;0;4
18/05/2018;03:45;1;0;1
18/05/2018;04:00;1;0;1
18/05/2018;04:15;5;2;3
18/05/2018;04:30;4;1;3
18/05/2018;04:45;2;2;0
18/05/2018;05:00;4;1;3
18/05/2018;05:15;5;3;2
18/05/2018;05:30;11;4;7
18/05/2018;05:45;15;7;8
18/05/2018;06:00;21;8;13
18/05/2018;06:15;28;9;19
18/05/2018;06:30;34;17;17
18/05/2018;06:45;42;20;22
18/05/2018;07:00;46;18;28
18/05/2018;07:15;62;28;34
18/05/2018;07:30;115;62;53
18/05/2018;07:45;138;75;63
18/05/2018;08:00;80;36;44
18/05/2018;08:15;106;46;60
18/05/2018;08:30;93;36;57
18/05/2018;08:45;83;36;47
18/05/2018;09:00;67;35;32
18/05/2018;09:15;60;30;30
18/05/2018;09:30;50;26;24
18/05/2018;09:45;60;29;31
18/05/2018;10:00;62;31;31
18/05/2018;10:15;53;22;31
18/05/2018;10:30;58;16;42
18/05/2018;10:45;46;18;28
18/05/2018;11:00;53;23;30
18/05/2018;11:15;56;20;36
18/05/2018;11:30;55;13;42
18/05/2018;11:45;68;17;51
18/05/2018;12:00;65;21;44
18/05/2018;12:15;61;16;45
18/05/2018;12:30;83;18;65
18/05/2018;12:45;107;20;87
18/05/2018;13:00;104;23;81
18/05/2018;13:15;87;18;69
18/05/2018;13:30;109;18;91
18/05/2018;13:45;85;21;64
18/05/2018;14:00;107;17;90
18/05/2018;14:15;112;28;84
18/05/2018;14:30;99;18;81
18/05/2018;14:45;110;27;83
18/05/2018;15:00;111;18;93
18/05/2018;15:15;145;25;120
18/05/2018;15:30;100;14;86
18/05/2018;15:45;131;23;108
18/05/2018;16:00;116;27;89
18/05/2018;16:15;116;20;96
18/05/2018;16:30;113;24;89
18/05/2018;16:45;101;18;83
18/05/2018;17:00;108;22;86
18/05/2018;17:15;139;35;104
18/05/2018;17:30;120;27;93
18/05/2018;17:45;117;29;88
18/05/2018;18:00;156;36;120
18/05/2018;18:15;113;26;87
18/05/2018;18:30;110;30;80
18/05/2018;18:45;120;34;86
18/05/2018;19:00;124;25;99
18/05/2018;19:15;85;23;62
18/05/2018;19:30;82;23;59
18/05/2018;19:45;64;17;47
18/05/2018;20:00;73;21;52
18/05/2018;20:15;78;22;56
18/05/2018;20:30;44;17;27
18/05/2018;20:45;63;18;45
18/05/2018;21:00;54;16;38
18/05/2018;21:15;42;11;31
18/05/2018;21:30;42;9;33
18/05/2018;21:45;33;9;24
18/05/2018;22:00;45;14;31
18/05/2018;22:15;37;6;31
18/05/2018;22:30;30;5;25
18/05/2018;22:45;28;4;24
18/05/2018;23:00;41;4;37
18/05/2018;23:15;22;0;22
18/05/2018;23:30;32;7;25
18/05/2018;23:45;23;4;19
19/05/2018;00:00;26;3;23
19/05/2018;00:15;27;2;25
19/05/2018;00:30;18;2;16
19/05/2018;00:45;13;3;10
19/05/2018;01:00;21;4;17
19/05/2018;01:15;13;0;13
19/05/2018;01:30;12;1;11
19/05/2018;01:45;13;3;10
19/05/2018;02:00;5;0;5
19/05/2018;02:15;7;2;5
19/05/2018;02:30;1;0;1
19/05/2018;02:45;9;1;8
19/05/2018;03:00;2;0;2
19/05/2018;03:15;2;0;2
19/05/2018;03:30;5;0;5
19/05/2018;03:45;3;1;2
19/05/2018;04:00;7;3;4
19/05/2018;04:15;0;0;0
19/05/2018;04:30;2;0;2
19/05/2018;04:45;2;0;2
19/05/2018;05:00;2;1;1
19/05/2018;05:15;1;1;0
19/05/2018;05:30;9;6;3
19/05/2018;05:45;3;1;2
19/05/2018;06:00;9;3;6
19/05/2018;06:15;2;0;2
19/05/2018;06:30;8;3;5
19/05/2018;06:45;6;4;2
19/05/2018;07:00;1;0;1
19/05/2018;07:15;9;4;5
19/05/2018;07:30;10;2;8
19/05/2018;07:45;11;2;9
19/05/2018;08:00;10;5;5
19/05/2018;08:15;17;9;8
19/05/2018;08:30;26;9;17
19/05/2018;08:45;23;13;10
19/05/2018;09:00;30;18;12
19/05/2018;09:15;34;16;18
19/05/2018;09:30;37;20;17
19/05/2018;09:45;33;19;14
19/05/2018;10:00;44;25;19
19/05/2018;10:15;57;19;38
19/05/2018;10:30;39;16;23
19/05/2018;10:45;64;25;39
19/05/2018;11:00;50;24;26
19/05/2018;11:15;38;14;24
19/05/2018;11:30;68;20;48
19/05/2018;11:45;72;15;57
19/05/2018;12:00;69;18;51
19/05/2018;12:15;76;34;42
19/05/2018;12:30;67;20;47
19/05/2018;12:45;81;23;58
19/05/2018;13:00;68;15;53
19/05/2018;13:15;77;25;52
19/05/2018;13:30;64;19;45
19/05/2018;13:45;69;16;53
19/05/2018;14:00;71;11;60
19/05/2018;14:15;82;24;58
19/05/2018;14:30;58;15;43
19/05/2018;14:45;93;25;68
19/05/2018;15:00;87;25;62
19/05/2018;15:15;81;19;62
19/05/2018;15:30;72;19;53
19/05/2018;15:45;60;10;50
19/05/2018;16:00;82;21;61
19/05/2018;16:15;79;24;55
19/05/2018;16:30;81;20;61
19/05/2018;16:45;85;14;71
19/05/2018;17:00;85;14;71
19/05/2018;17:15;81;18;63
19/05/2018;17:30;81;18;63
19/05/2018;17:45;92;12;80
19/05/2018;18:00;93;22;71
19/05/2018;18:15;62;16;46
19/05/2018;18:30;56;10;46
19/05/2018;18:45;78;14;64
19/05/2018;19:00;55;16;39
19/05/2018;19:15;57;17;40
19/05/2018;19:30;60;12;48
19/05/2018;19:45;69;8;61
19/05/2018;20:00;54;12;42
19/05/2018;20:15;48;8;40
19/05/2018;20:30;44;15;29
19/05/2018;20:45;29;8;21
19/05/2018;21:00;35;9;26
19/05/2018;21:15;18;3;15
19/05/2018;21:30;23;4;19
19/05/2018;21:45;14;4;10
19/05/2018;22:00;26;5;21
19/05/2018;22:15;25;4;21
19/05/2018;22:30;30;9;21
19/05/2018;22:45;40;16;24
19/05/2018;23:00;22;5;17
19/05/2018;23:15;7;1;6
19/05/2018;23:30;17;7;10
19/05/2018;23:45;20;5;15
20/05/2018;00:00;18;8;10
20/05/2018;00:15;20;6;14
20/05/2018;00:30;8;1;7
20/05/2018;00:45;9;0;9
20/05/2018;01:00;11;1;10
20/05/2018;01:15;14;5;9
20/05/2018;01:30;8;2;6
20/05/2018;01:45;7;2;5
20/05/2018;02:00;7;1;6
20/05/2018;02:15;5;0;5
20/05/2018;02:30;6;0;6
20/05/2018;02:45;4;0;4
20/05/2018;03:00;4;1;3
20/05/2018;03:15;4;0;4
20/05/2018;03:30;2;0;2
20/05/2018;03:45;1;0;1
20/05/2018;04:00;4;1;3
20/05/2018;04:15;6;1;5
20/05/2018;04:30;3;0;3
20/05/2018;04:45;3;2;1
20/05/2018;05:00;4;1;3
20/05/2018;05:15;2;0;2
20/05/2018;05:30;1;1;0
20/05/2018;05:45;3;2;1
20/05/2018;06:00;5;3;2
20/05/2018;06:15;3;1;2
20/05/2018;06:30;4;2;2
20/05/2018;06:45;1;1;0
20/05/2018;07:00;2;1;1
20/05/2018;07:15;7;2;5
20/05/2018;07:30;7;2;5
20/05/2018;07:45;11;6;5
20/05/2018;08:00;5;3;2
20/05/2018;08:15;8;4;4
20/05/2018;08:30;8;2;6
20/05/2018;08:45;16;6;10
20/05/2018;09:00;6;2;4
20/05/2018;09:15;14;7;7
20/05/2018;09:30;38;4;34
20/05/2018;09:45;31;11;20
20/05/2018;10:00;26;6;20
20/05/2018;10:15;28;4;24
20/05/2018;10:30;39;12;27
20/05/2018;10:45;50;12;38
20/05/2018;11:00;40;9;31
20/05/2018;11:15;54;12;42
20/05/2018;11:30;44;9;35
20/05/2018;11:45;53;12;41
20/05/2018;12:00;50;10;40
20/05/2018;12:15;57;9;48
20/05/2018;12:30;65;13;52
20/05/2018;12:45;49;6;43
20/05/2018;13:00;77;13;64
20/05/2018;13:15;80;10;70
20/05/2018;13:30;78;15;63
20/05/2018;13:45;89;28;61
20/05/2018;14:00;57;18;39
20/05/2018;14:15;79;16;63
20/05/2018;14:30;76;9;67
20/05/2018;14:45;74;20;54
20/05/2018;15:00;44;6;38
20/05/2018;15:15;77;12;65
20/05/2018;15:30;40;12;28
20/05/2018;15:45;78;15;63
20/05/2018;16:00;82;15;67
20/05/2018;16:15;48;9;39
20/05/2018;16:30;98;17;81
20/05/2018;16:45;90;25;65
20/05/2018;17:00;59;15;44
20/05/2018;17:15;67;20;47
20/05/2018;17:30;65;23;42
20/05/2018;17:45;69;26;43
20/05/2018;18:00;60;22;38
20/05/2018;18:15;50;15;35
20/05/2018;18:30;58;13;45
20/05/2018;18:45;54;17;37
20/05/2018;19:00;54;17;37
20/05/2018;19:15;51;13;38
20/05/2018;19:30;35;11;24
20/05/2018;19:45;35;8;27
20/05/2018;20:00;43;8;35
20/05/2018;20:15;47;8;39
20/05/2018;20:30;49;14;35
20/05/2018;20:45;34;7;27
20/05/2018;21:00;36;12;24
20/05/2018;21:15;30;2;28
20/05/2018;21:30;25;12;13
20/05/2018;21:45;20;7;13
20/05/2018;22:00;18;8;10
20/05/2018;22:15;30;3;27
20/05/2018;22:30;28;14;14
20/05/2018;22:45;21;10;11
20/05/2018;23:00;9;2;7
20/05/2018;23:15;13;9;4
20/05/2018;23:30;14;6;8
20/05/2018;23:45;21;6;15
21/05/2018;00:00;16;6;10
21/05/2018;00:15;13;2;11
21/05/2018;00:30;19;0;19
21/05/2018;00:45;10;4;6
21/05/2018;01:00;8;1;7
21/05/2018;01:15;9;2;7
21/05/2018;01:30;7;5;2
21/05/2018;01:45;3;1;2
21/05/2018;02:00;3;1;2
21/05/2018;02:15;6;1;5
21/05/2018;02:30;5;0;5
21/05/2018;02:45;4;1;3
21/05/2018;03:00;0;0;0
21/05/2018;03:15;2;0;2
21/05/2018;03:30;4;1;3
21/05/2018;03:45;5;0;5
21/05/2018;04:00;4;3;1
21/05/2018;04:15;1;0;1
21/05/2018;04:30;8;3;5
21/05/2018;04:45;0;0;0
21/05/2018;05:00;2;1;1
21/05/2018;05:15;4;1;3
21/05/2018;05:30;1;0;1
21/05/2018;05:45;1;0;1
21/05/2018;06:00;5;1;4
21/05/2018;06:15;2;0;2
21/05/2018;06:30;2;0;2
21/05/2018;06:45;2;1;1
21/05/2018;07:00;4;1;3
21/05/2018;07:15;2;0;2
21/05/2018;07:30;10;5;5
21/05/2018;07:45;6;4;2
21/05/2018;08:00;5;1;4
21/05/2018;08:15;8;2;6
21/05/2018;08:30;14;2;12
21/05/2018;08:45;17;10;7
21/05/2018;09:00;12;8;4
21/05/2018;09:15;22;7;15
21/05/2018;09:30;27;13;14
21/05/2018;09:45;39;10;29
21/05/2018;10:00;39;11;28
21/05/2018;10:15;35;8;27
21/05/2018;10:30;47;13;34
21/05/2018;10:45;36;7;29
21/05/2018;11:00;59;11;48
21/05/2018;11:15;52;18;34
21/05/2018;11:30;65;12;53
21/05/2018;11:45;45;8;37
21/05/2018;12:00;58;14;44
21/05/2018;12:15;68;11;57
21/05/2018;12:30;44;6;38
21/05/2018;12:45;73;15;58
21/05/2018;13:00;87;17;70
21/05/2018;13:15;91;15;76
21/05/2018;13:30;76;13;63
21/05/2018;13:45;95;20;75
21/05/2018;14:00;90;11;79
21/05/2018;14:15;98;12;86
21/05/2018;14:30;84;13;71
21/05/2018;14:45;102;22;80
21/05/2018;15:00;100;25;75
21/05/2018;15:15;100;19;81
21/05/2018;15:30;78;16;62
21/05/2018;15:45;101;23;78
21/05/2018;16:00;75;16;59
21/05/2018;16:15;84;20;64
21/05/2018;16:30;78;16;62
21/05/2018;16:45;78;17;61
21/05/2018;17:00;80;11;69
21/05/2018;17:15;72;18;54
21/05/2018;17:30;89;31;58
21/05/2018;17:45;78;26;52
21/05/2018;18:00;89;22;67
21/05/2018;18:15;88;27;61
21/05/2018;18:30;58;16;42
21/05/2018;18:45;59;14;45
21/05/2018;19:00;47;16;31
21/05/2018;19:15;71;24;47
21/05/2018;19:30;54;12;42
21/05/2018;19:45;46;16;30
21/05/2018;20:00;37;5;32
21/05/2018;20:15;50;22;28
21/05/2018;20:30;36;10;26
21/05/2018;20:45;45;9;36
21/05/2018;21:00;25;4;21
21/05/2018;21:15;41;15;26
21/05/2018;21:30;25;5;20
21/05/2018;21:45;27;13;14
21/05/2018;22:00;27;9;18
21/05/2018;22:15;22;5;17
21/05/2018;22:30;25;8;17
21/05/2018;22:45;17;7;10
21/05/2018;23:00;11;1;10
21/05/2018;23:15;8;1;7
21/05/2018;23:30;22;5;17
21/05/2018;23:45;8;1;7
22/05/2018;00:00;3;1;2
22/05/2018;00:15;10;2;8
22/05/2018;00:30;5;1;4
22/05/2018;00:45;2;0;2
22/05/2018;01:00;13;4;9
22/05/2018;01:15;5;1;4
22/05/2018;01:30;2;0;2
22/05/2018;01:45;0;0;0
22/05/2018;02:00;2;0;2
22/05/2018;02:15;1;1;0
22/05/2018;02:30;1;0;1
22/05/2018;02:45;2;1;1
22/05/2018;03:00;0;0;0
22/05/2018;03:15;1;0;1
22/05/2018;03:30;1;0;1
22/05/2018;03:45;0;0;0
22/05/2018;04:00;1;0;1
22/05/2018;04:15;2;0;2
22/05/2018;04:30;5;1;4
22/05/2018;04:45;2;1;1
22/05/2018;05:00;0;0;0
22/05/2018;05:15;6;2;4
22/05/2018;05:30;7;2;5
22/05/2018;05:45;11;7;4
22/05/2018;06:00;14;6;8
22/05/2018;06:15;24;9;15
22/05/2018;06:30;42;17;25
22/05/2018;06:45;45;22;23
22/05/2018;07:00;47;23;24
22/05/2018;07:15;62;27;35
22/05/2018;07:30;77;28;49
22/05/2018;07:45;82;42;40
22/05/2018;08:00;89;37;52
22/05/2018;08:15;75;35;40
22/05/2018;08:30;87;34;53
22/05/2018;08:45;91;52;39
22/05/2018;09:00;60;31;29
22/05/2018;09:15;49;23;26
22/05/2018;09:30;45;20;25
22/05/2018;09:45;34;24;10
22/05/2018;10:00;12;10;2
22/05/2018;10:15;15;2;13
22/05/2018;10:30;37;5;32
22/05/2018;10:45;24;3;21
22/05/2018;11:00;24;7;17
22/05/2018;11:15;25;5;20
22/05/2018;11:30;33;9;24
22/05/2018;11:45;41;13;28
22/05/2018;12:00;42;15;27
22/05/2018;12:15;35;11;24
22/05/2018;12:30;42;12;30
22/05/2018;12:45;56;33;23
22/05/2018;13:00;38;12;26
22/05/2018;13:15;50;6;44
22/05/2018;13:30;48;10;38
22/05/2018;13:45;53;13;40
22/05/2018;14:00;53;13;40
22/05/2018;14:15;50;10;40
22/05/2018;14:30;52;10;42
22/05/2018;14:45;52;10;42
22/05/2018;15:00;57;9;48
22/05/2018;15:15;63;9;54
22/05/2018;15:30;56;13;43
22/05/2018;15:45;72;17;55
22/05/2018;16:00;87;12;75
22/05/2018;16:15;91;20;71
22/05/2018;16:30;96;16;80
22/05/2018;16:45;88;16;72
22/05/2018;17:00;89;25;64
22/05/2018;17:15;119;17;102
22/05/2018;17:30;86;11;75
22/05/2018;17:45;115;22;93
22/05/2018;18:00;113;15;98
22/05/2018;18:15;98;18;80
22/05/2018;18:30;81;13;68
22/05/2018;18:45;83;18;65
22/05/2018;19:00;61;15;46
22/05/2018;19:15;72;22;50
22/05/2018;19:30;70;17;53
22/05/2018;19:45;59;13;46
22/05/2018;20:00;55;12;43
22/05/2018;20:15;46;7;39
22/05/2018;20:30;34;11;23
22/05/2018;20:45;23;7;16
22/05/2018;21:00;26;7;19
22/05/2018;21:15;34;13;21
22/05/2018;21:30;39;9;30
22/05/2018;21:45;30;8;22
22/05/2018;22:00;29;4;25
22/05/2018;22:15;25;3;22
22/05/2018;22:30;19;2;17
22/05/2018;22:45;18;3;15
22/05/2018;23:00;14;2;12
22/05/2018;23:15;10;3;7
22/05/2018;23:30;9;1;8
22/05/2018;23:45;12;7;5
23/05/2018;00:00;4;0;4
23/05/2018;00:15;9;3;6
23/05/2018;00:30;4;1;3
23/05/2018;00:45;5;0;5
23/05/2018;01:00;0;0;0
23/05/2018;01:15;5;0;5
23/05/2018;01:30;1;0;1
23/05/2018;01:45;1;0;1
23/05/2018;02:00;2;0;2
23/05/2018;02:15;1;1;0
23/05/2018;02:30;2;0;2
23/05/2018;02:45;1;0;1
23/05/2018;03:00;1;0;1
23/05/2018;03:15;3;0;3
23/05/2018;03:30;0;0;0
23/05/2018;03:45;0;0;0
23/05/2018;04:00;0;0;0
23/05/2018;04:15;3;1;2
23/05/2018;04:30;4;0;4
23/05/2018;04:45;1;1;0
23/05/2018;05:00;1;0;1
23/05/2018;05:15;5;2;3
23/05/2018;05:30;10;5;5
23/05/2018;05:45;12;7;5
23/05/2018;06:00;16;8;8
23/05/2018;06:15;19;9;10
23/05/2018;06:30;32;14;18
23/05/2018;06:45;37;17;20
23/05/2018;07:00;34;16;18
23/05/2018;07:15;57;25;32
23/05/2018;07:30;74;33;41
23/05/2018;07:45;92;46;46
23/05/2018;08:00;61;31;30
23/05/2018;08:15;81;33;48
23/05/2018;08:30;90;45;45
23/05/2018;08:45;95;51;44
23/05/2018;09:00;51;22;29
23/05/2018;09:15;54;27;27
23/05/2018;09:30;54;24;30
23/05/2018;09:45;48;21;27
23/05/2018;10:00;56;21;35
23/05/2018;10:15;45;19;26
23/05/2018;10:30;51;17;34
23/05/2018;10:45;43;14;29
23/05/2018;11:00;42;11;31
23/05/2018;11:15;45;13;32
23/05/2018;11:30;44;15;29
23/05/2018;11:45;61;19;42
23/05/2018;12:00;52;16;36
23/05/2018;12:15;63;17;46
23/05/2018;12:30;48;8;40
23/05/2018;12:45;51;9;42
23/05/2018;13:00;62;15;47
23/05/2018;13:15;51;2;49
23/05/2018;13:30;63;20;43
23/05/2018;13:45;57;19;38
23/05/2018;14:00;61;14;47
23/05/2018;14:15;62;10;52
23/05/2018;14:30;70;17;53
23/05/2018;14:45;70;17;53
23/05/2018;15:00;66;10;56
23/05/2018;15:15;82;17;65
23/05/2018;15:30;87;22;65
23/05/2018;15:45;95;16;79
23/05/2018;16:00;94;12;82
23/05/2018;16:15;92;21;71
23/05/2018;16:30;109;17;92
23/05/2018;16:45;113;24;89
23/05/2018;17:00;129;14;115
23/05/2018;17:15;134;21;113
23/05/2018;17:30;151;47;104
23/05/2018;17:45;135;39;96
23/05/2018;18:00;115;22;93
23/05/2018;18:15;127;26;101
23/05/2018;18:30;121;22;99
23/05/2018;18:45;136;26;110
23/05/2018;19:00;107;21;86
23/05/2018;19:15;98;19;79
23/05/2018;19:30;79;17;62
23/05/2018;19:45;100;21;79
23/05/2018;20:00;96;17;79
23/05/2018;20:15;56;9;47
23/05/2018;20:30;41;8;33
23/05/2018;20:45;38;9;29
23/05/2018;21:00;43;11;32
23/05/2018;21:15;43;7;36
23/05/2018;21:30;41;8;33
23/05/2018;21:45;50;7;43
23/05/2018;22:00;43;8;35
23/05/2018;22:15;34;5;29
23/05/2018;22:30;39;11;28
23/05/2018;22:45;38;9;29
23/05/2018;23:00;28;7;21
23/05/2018;23:15;28;7;21
23/05/2018;23:30;8;4;4
23/05/2018;23:45;18;6;12
24/05/2018;00:00;15;4;11
24/05/2018;00:15;15;3;12
24/05/2018;00:30;9;2;7
24/05/2018;00:45;6;3;3
24/05/2018;01:00;5;2;3
24/05/2018;01:15;4;1;3
24/05/2018;01:30;4;0;4
24/05/2018;01:45;3;2;1
24/05/2018;02:00;1;0;1
24/05/2018;02:15;2;0;2
24/05/2018;02:30;1;0;1
24/05/2018;02:45;0;0;0
24/05/2018;03:00;2;0;2
24/05/2018;03:15;2;1;1
24/05/2018;03:30;2;0;2
24/05/2018;03:45;1;0;1
24/05/2018;04:00;2;0;2
24/05/2018;04:15;2;0;2
24/05/2018;04:30;3;1;2
24/05/2018;04:45;2;1;1
24/05/2018;05:00;1;0;1
24/05/2018;05:15;6;4;2
24/05/2018;05:30;9;4;5
24/05/2018;05:45;13;10;3
24/05/2018;06:00;18;6;12
24/05/2018;06:15;21;9;12
24/05/2018;06:30;30;13;17
24/05/2018;06:45;43;22;21
24/05/2018;07:00;42;20;22
24/05/2018;07:15;56;22;34
24/05/2018;07:30;57;25;32
24/05/2018;07:45;98;41;57
24/05/2018;08:00;90;44;46
24/05/2018;08:15;86;38;48
24/05/2018;08:30;71;37;34
24/05/2018;08:45;109;51;58
24/05/2018;09:00;54;27;27
24/05/2018;09:15;62;26;36
24/05/2018;09:30;51;19;32
24/05/2018;09:45;72;33;39
24/05/2018;10:00;41;16;25
24/05/2018;10:15;37;18;19
24/05/2018;10:30;46;16;30
24/05/2018;10:45;54;19;35
24/05/2018;11:00;50;19;31
24/05/2018;11:15;55;17;38
24/05/2018;11:30;34;6;28
24/05/2018;11:45;67;14;53
24/05/2018;12:00;59;14;45
24/05/2018;12:15;54;8;46
24/05/2018;12:30;74;12;62
24/05/2018;12:45;62;17;45
24/05/2018;13:00;79;33;46
24/05/2018;13:15;70;29;41
24/05/2018;13:30;89;26;63
24/05/2018;13:45;74;22;52
24/05/2018;14:00;54;20;34
24/05/2018;14:15;71;19;52
24/05/2018;14:30;62;13;49
24/05/2018;14:45;86;18;68
24/05/2018;15:00;54;12;42
24/05/2018;15:15;72;14;58
24/05/2018;15:30;74;19;55
24/05/2018;15:45;102;25;77
24/05/2018;16:00;113;16;97
24/05/2018;16:15;95;22;73
24/05/2018;16:30;109;22;87
24/05/2018;16:45;142;21;121
24/05/2018;17:00;136;30;106
24/05/2018;17:15;132;14;118
24/05/2018;17:30;130;29;101
24/05/2018;17:45;124;29;95
24/05/2018;18:00;117;23;94
24/05/2018;18:15;149;27;122
24/05/2018;18:30;120;32;88
24/05/2018;18:45;116;25;91
24/05/2018;19:00;115;23;92
24/05/2018;19:15;109;23;86
24/05/2018;19:30;81;17;64
24/05/2018;19:45;89;14;75
24/05/2018;20:00;67;9;58
24/05/2018;20:15;60;16;44
24/05/2018;20:30;51;13;38
24/05/2018;20:45;50;13;37
24/05/2018;21:00;47;11;36
24/05/2018;21:15;41;13;28
24/05/2018;21:30;40;10;30
24/05/2018;21:45;37;7;30
24/05/2018;22:00;61;9;52
24/05/2018;22:15;33;13;20
24/05/2018;22:30;31;5;26
24/05/2018;22:45;34;9;25
24/05/2018;23:00;20;0;20
24/05/2018;23:15;14;4;10
24/05/2018;23:30;23;2;21
24/05/2018;23:45;18;1;17
25/05/2018;00:00;8;1;7
25/05/2018;00:15;15;6;9
25/05/2018;00:30;10;2;8
25/05/2018;00:45;6;0;6
25/05/2018;01:00;3;0;3
25/05/2018;01:15;5;1;4
25/05/2018;01:30;6;1;5
25/05/2018;01:45;7;1;6
25/05/2018;02:00;1;0;1
25/05/2018;02:15;3;0;3
25/05/2018;02:30;5;1;4
25/05/2018;02:45;0;0;0
25/05/2018;03:00;2;1;1
25/05/2018;03:15;2;1;1
25/05/2018;03:30;0;0;0
25/05/2018;03:45;1;0;1
25/05/2018;04:00;1;0;1
25/05/2018;04:15;4;0;4
25/05/2018;04:30;4;2;2
25/05/2018;04:45;4;2;2
25/05/2018;05:00;5;3;2
25/05/2018;05:15;8;4;4
25/05/2018;05:30;13;6;7
25/05/2018;05:45;13;8;5
25/05/2018;06:00;19;10;9
25/05/2018;06:15;25;9;16
25/05/2018;06:30;48;25;23
25/05/2018;06:45;48;27;21
25/05/2018;07:00;36;13;23
25/05/2018;07:15;52;16;36
25/05/2018;07:30;84;35;49
25/05/2018;07:45;92;33;59
25/05/2018;08:00;77;36;41
25/05/2018;08:15;75;30;45
25/05/2018;08:30;68;37;31
25/05/2018;08:45;89;39;50
25/05/2018;09:00;54;28;26
25/05/2018;09:15;64;24;40
25/05/2018;09:30;64;26;38
25/05/2018;09:45;74;35;39
25/05/2018;10:00;46;16;30
25/05/2018;10:15;53;20;33
25/05/2018;10:30;44;15;29
25/05/2018;10:45;59;24;35
25/05/2018;11:00;72;24;48
25/05/2018;11:15;68;21;47
25/05/2018;11:30;68;23;45
25/05/2018;11:45;62;22;40
25/05/2018;12:00;50;12;38
25/05/2018;12:15;70;15;55
25/05/2018;12:30;98;31;67
25/05/2018;12:45;82;17;65
25/05/2018;13:00;105;24;81
25/05/2018;13:15;88;21;67
25/05/2018;13:30;106;26;80
25/05/2018;13:45;99;11;88
25/05/2018;14:00;82;17;65
25/05/2018;14:15;91;25;66
25/05/2018;14:30;109;18;91
25/05/2018;14:45;129;21;108
25/05/2018;15:00;88;16;72
25/05/2018;15:15;95;22;73
25/05/2018;15:30;120;30;90
25/05/2018;15:45;134;36;98
25/05/2018;16:00;115;16;99
25/05/2018;16:15;123;28;95
25/05/2018;16:30;125;19;106
25/05/2018;16:45;129;25;104
25/05/2018;17:00;115;18;97
25/05/2018;17:15;152;46;106
25/05/2018;17:30;153;39;114
25/05/2018;17:45;155;49;106
25/05/2018;18:00;139;33;106
25/05/2018;18:15;166;34;132
25/05/2018;18:30;121;23;98
25/05/2018;18:45;108;29;79
25/05/2018;19:00;97;23;74
25/05/2018;19:15;126;27;99
25/05/2018;19:30;136;26;110
25/05/2018;19:45;99;23;76
25/05/2018;20:00;96;20;76
25/05/2018;20:15;101;19;82
25/05/2018;20:30;68;16;52
25/05/2018;20:45;91;26;65
25/05/2018;21:00;75;20;55
25/05/2018;21:15;52;17;35
25/05/2018;21:30;44;16;28
25/05/2018;21:45;54;16;38
25/05/2018;22:00;43;15;28
25/05/2018;22:15;54;17;37
25/05/2018;22:30;68;22;46
25/05/2018;22:45;50;15;35
25/05/2018;23:00;46;13;33
25/05/2018;23:15;50;8;42
25/05/2018;23:30;28;7;21
25/05/2018;23:45;37;14;23
26/05/2018;00:00;32;10;22
26/05/2018;00:15;41;11;30
26/05/2018;00:30;28;4;24
26/05/2018;00:45;26;6;20
26/05/2018;01:00;21;4;17
26/05/2018;01:15;18;2;16
26/05/2018;01:30;24;3;21
26/05/2018;01:45;23;5;18
26/05/2018;02:00;13;2;11
26/05/2018;02:15;9;2;7
26/05/2018;02:30;9;1;8
26/05/2018;02:45;19;3;16
26/05/2018;03:00;13;2;11
26/05/2018;03:15;5;0;5
26/05/2018;03:30;10;0;10
26/05/2018;03:45;1;0;1
26/05/2018;04:00;3;0;3
26/05/2018;04:15;0;0;0
26/05/2018;04:30;7;2;5
26/05/2018;04:45;7;0;7
26/05/2018;05:00;1;0;1
26/05/2018;05:15;5;2;3
26/05/2018;05:30;3;0;3
26/05/2018;05:45;3;0;3
26/05/2018;06:00;5;1;4
26/05/2018;06:15;5;2;3
26/05/2018;06:30;10;4;6
26/05/2018;06:45;9;2;7
26/05/2018;07:00;8;1;7
26/05/2018;07:15;10;4;6
26/05/2018;07:30;9;4;5
26/05/2018;07:45;14;5;9
26/05/2018;08:00;19;6;13
26/05/2018;08:15;32;16;16
26/05/2018;08:30;28;14;14
26/05/2018;08:45;24;10;14
26/05/2018;09:00;22;8;14
26/05/2018;09:15;40;13;27
26/05/2018;09:30;50;16;34
26/05/2018;09:45;67;33;34
26/05/2018;10:00;77;33;44
26/05/2018;10:15;62;19;43
26/05/2018;10:30;65;25;40
26/05/2018;10:45;51;14;37
26/05/2018;11:00;75;27;48
26/05/2018;11:15;70;24;46
26/05/2018;11:30;80;18;62
26/05/2018;11:45;71;20;51
26/05/2018;12:00;110;35;75
26/05/2018;12:15;92;20;72
26/05/2018;12:30;119;45;74
26/05/2018;12:45;89;22;67
26/05/2018;13:00;113;34;79
26/05/2018;13:15;91;25;66
26/05/2018;13:30;96;32;64
26/05/2018;13:45;84;19;65
26/05/2018;14:00;116;32;84
26/05/2018;14:15;102;15;87
26/05/2018;14:30;110;15;95
26/05/2018;14:45;118;23;95
26/05/2018;15:00;107;28;79
26/05/2018;15:15;113;10;103
26/05/2018;15:30;87;22;65
26/05/2018;15:45;97;17;80
26/05/2018;16:00;122;20;102
26/05/2018;16:15;109;36;73
26/05/2018;16:30;101;29;72
26/05/2018;16:45;107;20;87
26/05/2018;17:00;102;22;80
26/05/2018;17:15;88;20;68
26/05/2018;17:30;128;33;95
26/05/2018;17:45;116;34;82
26/05/2018;18:00;93;16;77
26/05/2018;18:15;111;17;94
26/05/2018;18:30;82;18;64
26/05/2018;18:45;99;26;73
26/05/2018;19:00;124;42;82
26/05/2018;19:15;104;28;76
26/05/2018;19:30;68;10;58
26/05/2018;19:45;103;32;71
26/05/2018;20:00;66;16;50
26/05/2018;20:15;88;23;65
26/05/2018;20:30;47;16;31
26/05/2018;20:45;46;17;29
26/05/2018;21:00;45;13;32
26/05/2018;21:15;48;17;31
26/05/2018;21:30;32;14;18
26/05/2018;21:45;42;16;26
26/05/2018;22:00;61;20;41
26/05/2018;22:15;27;6;21
26/05/2018;22:30;37;7;30
26/05/2018;22:45;50;18;32
26/05/2018;23:00;49;22;27
26/05/2018;23:15;45;23;22
26/05/2018;23:30;36;10;26
26/05/2018;23:45;31;7;24
27/05/2018;00:00;36;14;22
27/05/2018;00:15;30;7;23
27/05/2018;00:30;31;10;21
27/05/2018;00:45;31;6;25
27/05/2018;01:00;26;6;20
27/05/2018;01:15;25;4;21
27/05/2018;01:30;27;9;18
27/05/2018;01:45;16;5;11
27/05/2018;02:00;13;3;10
27/05/2018;02:15;20;1;19
27/05/2018;02:30;9;2;7
27/05/2018;02:45;7;0;7
27/05/2018;03:00;5;0;5
27/05/2018;03:15;3;1;2
27/05/2018;03:30;9;4;5
27/05/2018;03:45;7;1;6
27/05/2018;04:00;4;1;3
27/05/2018;04:15;3;1;2
27/05/2018;04:30;3;0;3
27/05/2018;04:45;3;0;3
27/05/2018;05:00;5;0;5
27/05/2018;05:15;0;0;0
27/05/2018;05:30;3;2;1
27/05/2018;05:45;7;2;5
27/05/2018;06:00;5;3;2
27/05/2018;06:15;3;1;2
27/05/2018;06:30;8;2;6
27/05/2018;06:45;3;0;3
27/05/2018;07:00;5;0;5
27/05/2018;07:15;5;2;3
27/05/2018;07:30;11;0;11
27/05/2018;07:45;9;3;6
27/05/2018;08:00;19;5;14
27/05/2018;08:15;14;3;11
27/05/2018;08:30;20;9;11
27/05/2018;08:45;14;3;11
27/05/2018;09:00;17;1;16
27/05/2018;09:15;25;11;14
27/05/2018;09:30;38;10;28
27/05/2018;09:45;32;12;20
27/05/2018;10:00;31;6;25
27/05/2018;10:15;50;6;44
27/05/2018;10:30;60;14;46
27/05/2018;10:45;44;11;33
27/05/2018;11:00;46;10;36
27/05/2018;11:15;94;16;78
27/05/2018;11:30;60;12;48
27/05/2018;11:45;53;9;44
27/05/2018;12:00;58;15;43
27/05/2018;12:15;67;18;49
27/05/2018;12:30;49;15;34
27/05/2018;12:45;71;20;51
27/05/2018;13:00;76;12;64
27/05/2018;13:15;52;10;42
27/05/2018;13:30;55;26;29
27/05/2018;13:45;24;2;22
27/05/2018;14:00;36;12;24
27/05/2018;14:15;23;6;17
27/05/2018;14:30;34;12;22
27/05/2018;14:45;31;12;19
27/05/2018;15:00;32;10;22
27/05/2018;15:15;33;12;21
27/05/2018;15:30;39;12;27
27/05/2018;15:45;52;12;40
27/05/2018;16:00;45;11;34
27/05/2018;16:15;56;17;39
27/05/2018;16:30;51;16;35
27/05/2018;16:45;55;18;37
27/05/2018;17:00;55;13;42
27/05/2018;17:15;66;9;57
27/05/2018;17:30;78;22;56
27/05/2018;17:45;74;26;48
27/05/2018;18:00;50;15;35
27/05/2018;18:15;37;15;22
27/05/2018;18:30;41;14;27
27/05/2018;18:45;40;14;26
27/05/2018;19:00;62;16;46
27/05/2018;19:15;59;14;45
27/05/2018;19:30;36;5;31
27/05/2018;19:45;42;6;36
27/05/2018;20:00;25;8;17
27/05/2018;20:15;35;8;27
27/05/2018;20:30;41;10;31
27/05/2018;20:45;33;10;23
27/05/2018;21:00;26;3;23
27/05/2018;21:15;7;2;5
27/05/2018;21:30;5;2;3
27/05/2018;21:45;16;1;15
27/05/2018;22:00;24;6;18
27/05/2018;22:15;29;13;16
27/05/2018;22:30;24;11;13
27/05/2018;22:45;19;12;7
27/05/2018;23:00;8;2;6
27/05/2018;23:15;2;0;2
27/05/2018;23:30;7;2;5
27/05/2018;23:45;6;0;6
28/05/2018;00:00;1;0;1
28/05/2018;00:15;6;0;6
28/05/2018;00:30;1;0;1
28/05/2018;00:45;0;0;0
28/05/2018;01:00;1;0;1
28/05/2018;01:15;2;2;0
28/05/2018;01:30;0;0;0
28/05/2018;01:45;1;0;1
28/05/2018;02:00;1;0;1
28/05/2018;02:15;2;0;2
28/05/2018;02:30;0;0;0
28/05/2018;02:45;0;0;0
28/05/2018;03:00;2;2;0
28/05/2018;03:15;1;0;1
28/05/2018;03:30;1;0;1
28/05/2018;03:45;2;0;2
28/05/2018;04:00;1;0;1
28/05/2018;04:15;0;0;0
28/05/2018;04:30;6;1;5
28/05/2018;04:45;3;1;2
28/05/2018;05:00;3;1;2
28/05/2018;05:15;7;2;5
28/05/2018;05:30;13;6;7
28/05/2018;05:45;15;11;4
28/05/2018;06:00;24;12;12
28/05/2018;06:15;26;7;19
28/05/2018;06:30;50;14;36
28/05/2018;06:45;48;27;21
28/05/2018;07:00;61;28;33
28/05/2018;07:15;77;35;42
28/05/2018;07:30;156;86;70
28/05/2018;07:45;144;81;63
28/05/2018;08:00;120;65;55
28/05/2018;08:15;152;75;77
28/05/2018;08:30;125;63;62
28/05/2018;08:45;101;50;51
28/05/2018;09:00;85;42;43
28/05/2018;09:15;75;36;39
28/05/2018;09:30;52;34;18
28/05/2018;09:45;84;42;42
28/05/2018;10:00;67;29;38
28/05/2018;10:15;53;21;32
28/05/2018;10:30;51;17;34
28/05/2018;10:45;55;23;32
28/05/2018;11:00;61;21;40
28/05/2018;11:15;60;19;41
28/05/2018;11:30;72;18;54
28/05/2018;11:45;94;31;63
28/05/2018;12:00;67;24;43
28/05/2018;12:15;73;14;59
28/05/2018;12:30;84;22;62
28/05/2018;12:45;77;15;62
28/05/2018;13:00;108;20;88
28/05/2018;13:15;102;24;78
28/05/2018;13:30;95;18;77
28/05/2018;13:45;98;28;70
28/05/2018;14:00;105;32;73
28/05/2018;14:15;111;22;89
28/05/2018;14:30;130;27;103
28/05/2018;14:45;101;23;78
28/05/2018;15:00;99;12;87
28/05/2018;15:15;112;18;94
28/05/2018;15:30;105;19;86
28/05/2018;15:45;106;26;80
28/05/2018;16:00;168;30;138
28/05/2018;16:15;136;14;122
28/05/2018;16:30;157;31;126
28/05/2018;16:45;164;34;130
28/05/2018;17:00;170;22;148
28/05/2018;17:15;175;35;140
28/05/2018;17:30;194;32;162
28/05/2018;17:45;173;34;139
28/05/2018;18:00;207;36;171
28/05/2018;18:15;193;30;163
28/05/2018;18:30;154;36;118
28/05/2018;18:45;168;33;135
28/05/2018;19:00;122;23;99
28/05/2018;19:15;134;19;115
28/05/2018;19:30;116;21;95
28/05/2018;19:45;113;21;92
28/05/2018;20:00;115;25;90
28/05/2018;20:15;117;23;94
28/05/2018;20:30;56;13;43
28/05/2018;20:45;66;16;50
28/05/2018;21:00;54;13;41
28/05/2018;21:15;74;22;52
28/05/2018;21:30;64;13;51
28/05/2018;21:45;68;14;54
28/05/2018;22:00;66;13;53
28/05/2018;22:15;56;10;46
28/05/2018;22:30;44;14;30
28/05/2018;22:45;28;5;23
28/05/2018;23:00;31;13;18
28/05/2018;23:15;42;9;33
28/05/2018;23:30;20;11;9
28/05/2018;23:45;10;4;6
29/05/2018;00:00;21;3;18
29/05/2018;00:15;10;1;9
29/05/2018;00:30;6;0;6
29/05/2018;00:45;6;0;6
29/05/2018;01:00;3;2;1
29/05/2018;01:15;4;0;4
29/05/2018;01:30;4;1;3
29/05/2018;01:45;6;1;5
29/05/2018;02:00;5;0;5
29/05/2018;02:15;0;0;0
29/05/2018;02:30;3;1;2
29/05/2018;02:45;1;0;1
29/05/2018;03:00;1;0;1
29/05/2018;03:15;2;0;2
29/05/2018;03:30;0;0;0
29/05/2018;03:45;0;0;0
29/05/2018;04:00;0;0;0
29/05/2018;04:15;3;0;3
29/05/2018;04:30;2;1;1
29/05/2018;04:45;3;2;1
29/05/2018;05:00;2;1;1
29/05/2018;05:15;6;2;4
29/05/2018;05:30;16;9;7
29/05/2018;05:45;17;11;6
29/05/2018;06:00;17;9;8
29/05/2018;06:15;27;10;17
29/05/2018;06:30;46;15;31
29/05/2018;06:45;55;23;32
29/05/2018;07:00;70;33;37
29/05/2018;07:15;68;29;39
29/05/2018;07:30;156;89;67
29/05/2018;07:45;167;100;67
29/05/2018;08:00;121;63;58
29/05/2018;08:15;136;71;65
29/05/2018;08:30;125;63;62
29/05/2018;08:45;115;63;52
29/05/2018;09:00;93;42;51
29/05/2018;09:15;79;43;36
29/05/2018;09:30;71;35;36
29/05/2018;09:45;73;35;38
29/05/2018;10:00;108;44;64
29/05/2018;10:15;59;24;35
29/05/2018;10:30;72;27;45
29/05/2018;10:45;63;19;44
29/05/2018;11:00;56;14;42
29/05/2018;11:15;75;23;52
29/05/2018;11:30;57;20;37
29/05/2018;11:45;87;30;57
29/05/2018;12:00;67;16;51
29/05/2018;12:15;84;19;65
29/05/2018;12:30;76;11;65
29/05/2018;12:45;83;21;62
29/05/2018;13:00;78;16;62
29/05/2018;13:15;100;17;83
29/05/2018;13:30;99;25;74
29/05/2018;13:45;76;17;59
29/05/2018;14:00;83;24;59
29/05/2018;14:15;85;15;70
29/05/2018;14:30;104;25;79
29/05/2018;14:45;93;16;77
29/05/2018;15:00;103;14;89
29/05/2018;15:15;123;26;97
29/05/2018;15:30;112;24;88
29/05/2018;15:45;147;26;121
29/05/2018;16:00;156;29;127
29/05/2018;16:15;135;23;112
29/05/2018;16:30;123;26;97
29/05/2018;16:45;122;32;90
29/05/2018;17:00;142;25;117
29/05/2018;17:15;141;25;116
29/05/2018;17:30;133;20;113
29/05/2018;17:45;135;30;105
29/05/2018;18:00;140;27;113
29/05/2018;18:15;120;19;101
29/05/2018;18:30;140;26;114
29/05/2018;18:45;113;19;94
29/05/2018;19:00;99;9;90
29/05/2018;19:15;81;15;66
29/05/2018;19:30;104;16;88
29/05/2018;19:45;96;16;80
29/05/2018;20:00;84;11;73
29/05/2018;20:15;70;15;55
29/05/2018;20:30;65;9;56
29/05/2018;20:45;42;14;28
29/05/2018;21:00;42;10;32
29/05/2018;21:15;48;14;34
29/05/2018;21:30;37;11;26
29/05/2018;21:45;52;15;37
29/05/2018;22:00;41;8;33
29/05/2018;22:15;45;8;37
29/05/2018;22:30;41;5;36
29/05/2018;22:45;26;5;21
29/05/2018;23:00;30;6;24
29/05/2018;23:15;21;2;19
29/05/2018;23:30;20;3;17
29/05/2018;23:45;16;4;12
30/05/2018;00:00;30;9;21
30/05/2018;00:15;15;2;13
30/05/2018;00:30;16;1;15
30/05/2018;00:45;9;0;9
30/05/2018;01:00;8;7;1
30/05/2018;01:15;7;2;5
30/05/2018;01:30;8;5;3
30/05/2018;01:45;10;5;5
30/05/2018;02:00;4;3;1
30/05/2018;02:15;6;5;1
30/05/2018;02:30;7;7;0
30/05/2018;02:45;0;0;0
30/05/2018;03:00;12;11;1
30/05/2018;03:15;6;4;2
30/05/2018;03:30;5;2;3
30/05/2018;03:45;7;7;0
30/05/2018;04:00;3;1;2
30/05/2018;04:15;10;8;2
30/05/2018;04:30;4;2;2
30/05/2018;04:45;5;2;3
30/05/2018;05:00;2;2;0
30/05/2018;05:15;6;3;3
30/05/2018;05:30;16;4;12
30/05/2018;05:45;10;7;3
30/05/2018;06:00;22;11;11
30/05/2018;06:15;26;4;22
30/05/2018;06:30;50;16;34
30/05/2018;06:45;64;29;35
30/05/2018;07:00;61;31;30
30/05/2018;07:15;69;32;37
30/05/2018;07:30;149;93;56
30/05/2018;07:45;161;94;67
30/05/2018;08:00;167;94;73
30/05/2018;08:15;138;67;71
30/05/2018;08:30;86;50;36
30/05/2018;08:45;125;60;65
30/05/2018;09:00;82;41;41
30/05/2018;09:15;61;32;29
30/05/2018;09:30;64;32;32
30/05/2018;09:45;86;40;46
30/05/2018;10:00;61;28;33
30/05/2018;10:15;78;31;47
30/05/2018;10:30;80;18;62
30/05/2018;10:45;64;24;40
30/05/2018;11:00;52;12;40
30/05/2018;11:15;64;16;48
30/05/2018;11:30;61;21;40
30/05/2018;11:45;68;24;44
30/05/2018;12:00;92;36;56
30/05/2018;12:15;69;18;51
30/05/2018;12:30;104;29;75
30/05/2018;12:45;96;14;82
30/05/2018;13:00;82;12;70
30/05/2018;13:15;118;29;89
30/05/2018;13:30;144;36;108
30/05/2018;13:45;120;22;98
30/05/2018;14:00;89;16;73
30/05/2018;14:15;106;24;82
30/05/2018;14:30;84;20;64
30/05/2018;14:45;103;27;76
30/05/2018;15:00;126;25;101
30/05/2018;15:15;119;29;90
30/05/2018;15:30;108;24;84
30/05/2018;15:45;141;19;122
30/05/2018;16:00;154;31;123
30/05/2018;16:15;142;29;113
30/05/2018;16:30;174;31;143
30/05/2018;16:45;167;30;137
30/05/2018;17:00;174;39;135
30/05/2018;17:15;179;35;144
30/05/2018;17:30;188;35;153
30/05/2018;17:45;184;34;150
30/05/2018;18:00;190;25;165
30/05/2018;18:15;118;3;115
30/05/2018;18:30;163;33;130
30/05/2018;18:45;152;40;112
30/05/2018;19:00;142;45;97
30/05/2018;19:15;129;30;99
30/05/2018;19:30;144;40;104
30/05/2018;19:45;124;36;88
30/05/2018;20:00;153;39;114
30/05/2018;20:15;128;30;98
30/05/2018;20:30;124;44;80
30/05/2018;20:45;98;32;66
30/05/2018;21:00;72;19;53
30/05/2018;21:15;90;35;55
30/05/2018;21:30;95;25;70
30/05/2018;21:45;79;19;60
30/05/2018;22:00;63;19;44
30/05/2018;22:15;58;14;44
30/05/2018;22:30;85;25;60
30/05/2018;22:45;71;28;43
30/05/2018;23:00;91;25;66
30/05/2018;23:15;75;15;60
30/05/2018;23:30;72;13;59
30/05/2018;23:45;45;13;32
31/05/2018;00:00;52;11;41
31/05/2018;00:15;46;13;33
31/05/2018;00:30;34;6;28
31/05/2018;00:45;26;3;23
31/05/2018;01:00;23;2;21
31/05/2018;01:15;36;8;28
31/05/2018;01:30;26;5;21
31/05/2018;01:45;20;1;19
31/05/2018;02:00;21;1;20
31/05/2018;02:15;17;4;13
31/05/2018;02:30;12;4;8
31/05/2018;02:45;13;0;13
31/05/2018;03:00;5;0;5
31/05/2018;03:15;6;2;4
31/05/2018;03:30;11;3;8
31/05/2018;03:45;12;2;10
31/05/2018;04:00;9;1;8
31/05/2018;04:15;5;0;5
31/05/2018;04:30;6;1;5
31/05/2018;04:45;2;0;2
31/05/2018;05:00;3;0;3
31/05/2018;05:15;2;1;1
31/05/2018;05:30;4;2;2
31/05/2018;05:45;3;2;1
31/05/2018;06:00;9;6;3
31/05/2018;06:15;8;3;5
31/05/2018;06:30;4;1;3
31/05/2018;06:45;5;0;5
31/05/2018;07:00;5;2;3
31/05/2018;07:15;9;2;7
31/05/2018;07:30;12;3;9
31/05/2018;07:45;13;4;9
31/05/2018;08:00;13;5;8
31/05/2018;08:15;21;7;14
31/05/2018;08:30;20;5;15
31/05/2018;08:45;17;6;11
31/05/2018;09:00;15;4;11
31/05/2018;09:15;24;11;13
31/05/2018;09:30;24;8;16
31/05/2018;09:45;56;15;41
31/05/2018;10:00;34;10;24
31/05/2018;10:15;32;13;19
31/05/2018;10:30;34;11;23
31/05/2018;10:45;43;16;27
31/05/2018;11:00;54;18;36
31/05/2018;11:15;44;21;23
31/05/2018;11:30;54;13;41
31/05/2018;11:45;44;15;29
31/05/2018;12:00;43;10;33
31/05/2018;12:15;43;9;34
31/05/2018;12:30;43;10;33
31/05/2018;12:45;71;12;59
31/05/2018;13:00;74;22;52
31/05/2018;13:15;63;9;54
31/05/2018;13:30;70;28;42
31/05/2018;13:45;84;18;66
31/05/2018;14:00;63;17;46
31/05/2018;14:15;108;16;92
31/05/2018;14:30;66;11;55
31/05/2018;14:45;86;15;71
31/05/2018;15:00;66;9;57
31/05/2018;15:15;100;23;77
31/05/2018;15:30;64;18;46
31/05/2018;15:45;102;26;76
31/05/2018;16:00;113;20;93
31/05/2018;16:15;89;18;71
31/05/2018;16:30;93;16;77
31/05/2018;16:45;77;24;53
31/05/2018;17:00;79;26;53
31/05/2018;17:15;94;27;67
31/05/2018;17:30;88;18;70
31/05/2018;17:45;70;14;56
31/05/2018;18:00;73;20;53
31/05/2018;18:15;109;29;80
31/05/2018;18:30;78;24;54
31/05/2018;18:45;103;40;63
31/05/2018;19:00;70;20;50
31/05/2018;19:15;79;16;63
31/05/2018;19:30;73;22;51
31/05/2018;19:45;78;19;59
31/05/2018;20:00;59;23;36
31/05/2018;20:15;57;14;43
31/05/2018;20:30;54;16;38
31/05/2018;20:45;61;17;44
31/05/2018;21:00;79;23;56
31/05/2018;21:15;52;11;41
31/05/2018;21:30;22;7;15
31/05/2018;21:45;34;8;26
31/05/2018;22:00;20;9;11
31/05/2018;22:15;39;11;28
31/05/2018;22:30;40;9;31
31/05/2018;22:45;25;4;21
31/05/2018;23:00;27;3;24
31/05/2018;23:15;10;2;8
31/05/2018;23:30;12;2;10
31/05/2018;23:45;14;4;10
01/06/2018;00:00;13;8;5
01/06/2018;00:15;18;7;11
01/06/2018;00:30;9;3;6
01/06/2018;00:45;7;1;6
01/06/2018;01:00;5;1;4
01/06/2018;01:15;8;2;6
01/06/2018;01:30;6;0;6
01/06/2018;01:45;5;3;2
01/06/2018;02:00;6;3;3
01/06/2018;02:15;2;0;2
01/06/2018;02:30;0;0;0
01/06/2018;02:45;2;0;2
01/06/2018;03:00;1;0;1
01/06/2018;03:15;2;0;2
01/06/2018;03:30;3;1;2
01/06/2018;03:45;2;0;2
01/06/2018;04:00;3;0;3
01/06/2018;04:15;4;2;2
01/06/2018;04:30;0;0;0
01/06/2018;04:45;1;1;0
01/06/2018;05:00;3;1;2
01/06/2018;05:15;1;0;1
01/06/2018;05:30;0;0;0
01/06/2018;05:45;5;4;1
01/06/2018;06:00;12;7;5
01/06/2018;06:15;4;3;1
01/06/2018;06:30;18;11;7
01/06/2018;06:45;7;4;3
01/06/2018;07:00;26;7;19
01/06/2018;07:15;24;11;13
01/06/2018;07:30;54;26;28
01/06/2018;07:45;65;40;25
01/06/2018;08:00;41;26;15
01/06/2018;08:15;38;22;16
01/06/2018;08:30;45;28;17
01/06/2018;08:45;63;36;27
01/06/2018;09:00;42;22;20
01/06/2018;09:15;33;21;12
01/06/2018;09:30;41;29;12
01/06/2018;09:45;42;21;21
01/06/2018;10:00;48;26;22
01/06/2018;10:15;44;19;25
01/06/2018;10:30;52;22;30
01/06/2018;10:45;54;21;33
01/06/2018;11:00;34;9;25
01/06/2018;11:15;46;13;33
01/06/2018;11:30;48;16;32
01/06/2018;11:45;58;17;41
01/06/2018;12:00;55;10;45
01/06/2018;12:15;53;17;36
01/06/2018;12:30;43;12;31
01/06/2018;12:45;51;12;39
01/06/2018;13:00;49;14;35
01/06/2018;13:15;59;7;52
01/06/2018;13:30;58;8;50
01/06/2018;13:45;46;11;35
01/06/2018;14:00;53;9;44
01/06/2018;14:15;45;9;36
01/06/2018;14:30;53;14;39
01/06/2018;14:45;46;7;39
01/06/2018;15:00;45;8;37
01/06/2018;15:15;50;9;41
01/06/2018;15:30;50;7;43
01/06/2018;15:45;36;7;29
01/06/2018;16:00;46;7;39
01/06/2018;16:15;61;9;52
01/06/2018;16:30;42;6;36
01/06/2018;16:45;56;15;41
01/06/2018;17:00;34;3;31
01/06/2018;17:15;46;5;41
01/06/2018;17:30;30;6;24
01/06/2018;17:45;42;7;35
01/06/2018;18:00;38;11;27
01/06/2018;18:15;45;10;35
01/06/2018;18:30;26;3;23
01/06/2018;18:45;28;4;24
01/06/2018;19:00;46;10;36
01/06/2018;19:15;34;8;26
01/06/2018;19:30;21;2;19
01/06/2018;19:45;37;8;29
01/06/2018;20:00;30;9;21
01/06/2018;20:15;34;5;29
01/06/2018;20:30;20;5;15
01/06/2018;20:45;12;4;8
01/06/2018;21:00;20;6;14
01/06/2018;21:15;8;0;8
01/06/2018;21:30;11;1;10
01/06/2018;21:45;10;3;7
01/06/2018;22:00;4;0;4
01/06/2018;22:15;16;4;12
01/06/2018;22:30;7;3;4
01/06/2018;22:45;16;5;11
01/06/2018;23:00;13;1;12
01/06/2018;23:15;10;2;8
01/06/2018;23:30;10;5;5
01/06/2018;23:45;4;1;3
02/06/2018;00:00;9;2;7
02/06/2018;00:15;5;0;5
02/06/2018;00:30;12;2;10
02/06/2018;00:45;7;0;7
02/06/2018;01:00;1;0;1
02/06/2018;01:15;6;1;5
02/06/2018;01:30;8;2;6
02/06/2018;01:45;1;0;1
02/06/2018;02:00;8;3;5
02/06/2018;02:15;4;3;1
02/06/2018;02:30;7;0;7
02/06/2018;02:45;1;0;1
02/06/2018;03:00;1;0;1
02/06/2018;03:15;3;0;3
02/06/2018;03:30;1;0;1
02/06/2018;03:45;3;0;3
02/06/2018;04:00;3;1;2
02/06/2018;04:15;0;0;0
02/06/2018;04:30;2;0;2
02/06/2018;04:45;0;0;0
02/06/2018;05:00;3;1;2
02/06/2018;05:15;2;2;0
02/06/2018;05:30;1;1;0
02/06/2018;05:45;5;3;2
02/06/2018;06:00;4;2;2
02/06/2018;06:15;5;2;3
02/06/2018;06:30;3;1;2
02/06/2018;06:45;5;4;1
02/06/2018;07:00;1;1;0
02/06/2018;07:15;3;1;2
02/06/2018;07:30;8;4;4
02/06/2018;07:45;9;2;7
02/06/2018;08:00;6;1;5
02/06/2018;08:15;9;3;6
02/06/2018;08:30;17;9;8
02/06/2018;08:45;12;7;5
02/06/2018;09:00;21;9;12
02/06/2018;09:15;23;6;17
02/06/2018;09:30;34;17;17
02/06/2018;09:45;47;20;27
02/06/2018;10:00;57;29;28
02/06/2018;10:15;59;21;38
02/06/2018;10:30;63;17;46
02/06/2018;10:45;65;25;40
02/06/2018;11:00;48;8;40
02/06/2018;11:15;50;27;23
02/06/2018;11:30;65;31;34
02/06/2018;11:45;82;33;49
02/06/2018;12:00;68;23;45
02/06/2018;12:15;64;18;46
02/06/2018;12:30;90;25;65
02/06/2018;12:45;85;34;51
02/06/2018;13:00;69;27;42
02/06/2018;13:15;64;19;45
02/06/2018;13:30;95;34;61
02/06/2018;13:45;90;40;50
02/06/2018;14:00;84;20;64
02/06/2018;14:15;77;23;54
02/06/2018;14:30;76;27;49
02/06/2018;14:45;107;36;71
02/06/2018;15:00;70;18;52
02/06/2018;15:15;89;24;65
02/06/2018;15:30;93;23;70
02/06/2018;15:45;74;23;51
02/06/2018;16:00;100;33;67
02/06/2018;16:15;72;12;60
02/06/2018;16:30;83;22;61
02/06/2018;16:45;73;20;53
02/06/2018;17:00;87;18;69
02/06/2018;17:15;106;20;86
02/06/2018;17:30;77;20;57
02/06/2018;17:45;74;22;52
02/06/2018;18:00;82;16;66
02/06/2018;18:15;86;24;62
02/06/2018;18:30;81;9;72
02/06/2018;18:45;65;15;50
02/06/2018;19:00;86;15;71
02/06/2018;19:15;72;15;57
02/06/2018;19:30;67;23;44
02/06/2018;19:45;54;15;39
02/06/2018;20:00;65;20;45
02/06/2018;20:15;45;8;37
02/06/2018;20:30;50;18;32
02/06/2018;20:45;46;14;32
02/06/2018;21:00;43;10;33
02/06/2018;21:15;42;4;38
02/06/2018;21:30;33;5;28
02/06/2018;21:45;29;9;20
02/06/2018;22:00;35;5;30
02/06/2018;22:15;29;11;18
02/06/2018;22:30;25;10;15
02/06/2018;22:45;16;2;14
02/06/2018;23:00;25;5;20
02/06/2018;23:15;23;6;17
02/06/2018;23:30;35;8;27
02/06/2018;23:45;22;7;15
03/06/2018;00:00;23;5;18
03/06/2018;00:15;24;4;20
03/06/2018;00:30;21;6;15
03/06/2018;00:45;21;8;13
03/06/2018;01:00;18;5;13
03/06/2018;01:15;16;5;11
03/06/2018;01:30;14;2;12
03/06/2018;01:45;8;0;8
03/06/2018;02:00;5;4;1
03/06/2018;02:15;8;0;8
03/06/2018;02:30;12;0;12
03/06/2018;02:45;9;1;8
03/06/2018;03:00;8;2;6
03/06/2018;03:15;3;0;3
03/06/2018;03:30;5;2;3
03/06/2018;03:45;7;0;7
03/06/2018;04:00;5;2;3
03/06/2018;04:15;2;0;2
03/06/2018;04:30;2;1;1
03/06/2018;04:45;3;0;3
03/06/2018;05:00;3;0;3
03/06/2018;05:15;1;1;0
03/06/2018;05:30;5;2;3
03/06/2018;05:45;6;0;6
03/06/2018;06:00;9;4;5
03/06/2018;06:15;3;1;2
03/06/2018;06:30;2;2;0
03/06/2018;06:45;1;0;1
03/06/2018;07:00;5;1;4
03/06/2018;07:15;9;4;5
03/06/2018;07:30;3;0;3
03/06/2018;07:45;8;3;5
03/06/2018;08:00;12;4;8
03/06/2018;08:15;22;4;18
03/06/2018;08:30;15;5;10
03/06/2018;08:45;13;5;8
03/06/2018;09:00;15;5;10
03/06/2018;09:15;23;9;14
03/06/2018;09:30;41;12;29
03/06/2018;09:45;25;11;14
03/06/2018;10:00;24;5;19
03/06/2018;10:15;54;15;39
03/06/2018;10:30;33;16;17
03/06/2018;10:45;65;27;38
03/06/2018;11:00;40;15;25
03/06/2018;11:15;45;18;27
03/06/2018;11:30;52;14;38
03/06/2018;11:45;54;14;40
03/06/2018;12:00;73;16;57
03/06/2018;12:15;46;15;31
03/06/2018;12:30;68;10;58
03/06/2018;12:45;85;19;66
03/06/2018;13:00;89;18;71
03/06/2018;13:15;93;11;82
03/06/2018;13:30;103;12;91
03/06/2018;13:45;81;19;62
03/06/2018;14:00;86;16;70
03/06/2018;14:15;99;30;69
03/06/2018;14:30;92;17;75
03/06/2018;14:45;97;14;83
03/06/2018;15:00;76;21;55
03/06/2018;15:15;77;24;53
03/06/2018;15:30;101;24;77
03/06/2018;15:45;116;30;86
03/06/2018;16:00;115;15;100
03/06/2018;16:15;117;20;97
03/06/2018;16:30;101;29;72
03/06/2018;16:45;120;31;89
03/06/2018;17:00;103;22;81
03/06/2018;17:15;107;21;86
03/06/2018;17:30;82;19;63
03/06/2018;17:45;124;31;93
03/06/2018;18:00;106;26;80
03/06/2018;18:15;95;32;63
03/06/2018;18:30;82;22;60
03/06/2018;18:45;89;18;71
03/06/2018;19:00;100;25;75
03/06/2018;19:15;86;17;69
03/06/2018;19:30;72;18;54
03/06/2018;19:45;48;15;33
03/06/2018;20:00;44;14;30
03/06/2018;20:15;40;13;27
03/06/2018;20:30;56;25;31
03/06/2018;20:45;54;22;32
03/06/2018;21:00;37;8;29
03/06/2018;21:15;42;10;32
03/06/2018;21:30;34;9;25
03/06/2018;21:45;26;14;12
03/06/2018;22:00;30;9;21
03/06/2018;22:15;36;15;21
03/06/2018;22:30;31;11;20
03/06/2018;22:45;14;4;10
03/06/2018;23:00;15;2;13
03/06/2018;23:15;12;4;8
03/06/2018;23:30;16;5;11
03/06/2018;23:45;13;0;13
04/06/2018;00:00;6;2;4
04/06/2018;00:15;6;2;4
04/06/2018;00:30;6;3;3
04/06/2018;00:45;6;0;6
04/06/2018;01:00;6;1;5
04/06/2018;01:15;4;2;2
04/06/2018;01:30;3;1;2
04/06/2018;01:45;1;0;1
04/06/2018;02:00;1;0;1
04/06/2018;02:15;5;0;5
04/06/2018;02:30;1;0;1
04/06/2018;02:45;0;0;0
04/06/2018;03:00;0;0;0
04/06/2018;03:15;3;0;3
04/06/2018;03:30;0;0;0
04/06/2018;03:45;1;0;1
04/06/2018;04:00;0;0;0
04/06/2018;04:15;2;2;0
04/06/2018;04:30;3;1;2
04/06/2018;04:45;3;1;2
04/06/2018;05:00;3;1;2
04/06/2018;05:15;7;2;5
04/06/2018;05:30;21;9;12
04/06/2018;05:45;14;2;12
04/06/2018;06:00;29;11;18
04/06/2018;06:15;32;12;20
04/06/2018;06:30;47;13;34
04/06/2018;06:45;62;24;38
04/06/2018;07:00;76;33;43
04/06/2018;07:15;99;41;58
04/06/2018;07:30;147;79;68
04/06/2018;07:45;162;100;62
04/06/2018;08:00;128;54;74
04/06/2018;08:15;129;67;62
04/06/2018;08:30;119;65;54
04/06/2018;08:45;133;64;69
04/06/2018;09:00;90;49;41
04/06/2018;09:15;83;39;44
04/06/2018;09:30;67;34;33
04/06/2018;09:45;89;51;38
04/06/2018;10:00;78;30;48
04/06/2018;10:15;58;23;35
04/06/2018;10:30;66;27;39
04/06/2018;10:45;81;30;51
04/06/2018;11:00;60;25;35
04/06/2018;11:15;82;24;58
04/06/2018;11:30;64;22;42
04/06/2018;11:45;62;24;38
04/06/2018;12:00;67;16;51
04/06/2018;12:15;76;19;57
04/06/2018;12:30;79;19;60
04/06/2018;12:45;85;16;69
04/06/2018;13:00;85;18;67
04/06/2018;13:15;103;15;88
04/06/2018;13:30;114;27;87
04/06/2018;13:45;109;19;90
04/06/2018;14:00;96;26;70
04/06/2018;14:15;115;23;92
04/06/2018;14:30;96;22;74
04/06/2018;14:45;116;31;85
04/06/2018;15:00;105;17;88
04/06/2018;15:15;106;19;87
04/06/2018;15:30;108;24;84
04/06/2018;15:45;127;26;101
04/06/2018;16:00;184;33;151
04/06/2018;16:15;172;28;144
04/06/2018;16:30;154;31;123
04/06/2018;16:45;173;32;141
04/06/2018;17:00;185;22;163
04/06/2018;17:15;200;34;166
04/06/2018;17:30;206;37;169
04/06/2018;17:45;206;35;171
04/06/2018;18:00;198;34;164
04/06/2018;18:15;244;55;189
04/06/2018;18:30;180;39;141
04/06/2018;18:45;157;29;128
04/06/2018;19:00;153;23;130
04/06/2018;19:15;139;23;116
04/06/2018;19:30;134;38;96
04/06/2018;19:45;127;26;101
04/06/2018;20:00;130;34;96
04/06/2018;20:15;89;15;74
04/06/2018;20:30;100;28;72
04/06/2018;20:45;83;19;64
04/06/2018;21:00;72;17;55
04/06/2018;21:15;71;16;55
04/06/2018;21:30;52;16;36
04/06/2018;21:45;71;25;46
04/06/2018;22:00;53;12;41
04/06/2018;22:15;48;16;32
04/06/2018;22:30;51;13;38
04/06/2018;22:45;35;8;27
04/06/2018;23:00;28;10;18
04/06/2018;23:15;19;2;17
04/06/2018;23:30;15;0;15
04/06/2018;23:45;17;1;16
05/06/2018;00:00;12;0;12
05/06/2018;00:15;12;2;10
05/06/2018;00:30;5;1;4
05/06/2018;00:45;5;2;3
05/06/2018;01:00;10;7;3
05/06/2018;01:15;5;1;4
05/06/2018;01:30;4;0;4
05/06/2018;01:45;4;1;3
05/06/2018;02:00;2;1;1
05/06/2018;02:15;1;0;1
05/06/2018;02:30;0;0;0
05/06/2018;02:45;2;1;1
05/06/2018;03:00;1;0;1
05/06/2018;03:15;2;0;2
05/06/2018;03:30;0;0;0
05/06/2018;03:45;1;0;1
05/06/2018;04:00;0;0;0
05/06/2018;04:15;9;3;6
05/06/2018;04:30;5;1;4
05/06/2018;04:45;3;2;1
05/06/2018;05:00;5;1;4
05/06/2018;05:15;10;6;4
05/06/2018;05:30;17;4;13
05/06/2018;05:45;23;10;13
05/06/2018;06:00;20;6;14
05/06/2018;06:15;35;13;22
05/06/2018;06:30;62;19;43
05/06/2018;06:45;68;35;33
05/06/2018;07:00;71;32;39
05/06/2018;07:15;107;46;61
05/06/2018;07:30;134;79;55
05/06/2018;07:45;171;93;78
05/06/2018;08:00;165;99;66
05/06/2018;08:15;141;76;65
05/06/2018;08:30;110;58;52
05/06/2018;08:45;134;81;53
05/06/2018;09:00;82;35;47
05/06/2018;09:15;78;50;28
05/06/2018;09:30;67;38;29
05/06/2018;09:45;72;38;34
05/06/2018;10:00;83;40;43
05/06/2018;10:15;72;24;48
05/06/2018;10:30;76;15;61
05/06/2018;10:45;67;25;42
05/06/2018;11:00;51;18;33
05/06/2018;11:15;60;25;35
05/06/2018;11:30;56;13;43
05/06/2018;11:45;58;19;39
05/06/2018;12:00;74;15;59
05/06/2018;12:15;83;22;61
05/06/2018;12:30;62;16;46
05/06/2018;12:45;84;27;57
05/06/2018;13:00;87;19;68
05/06/2018;13:15;117;13;104
05/06/2018;13:30;101;20;81
05/06/2018;13:45;105;23;82
05/06/2018;14:00;93;20;73
05/06/2018;14:15;103;20;83
05/06/2018;14:30;94;15;79
05/06/2018;14:45;106;21;85
05/06/2018;15:00;107;7;100
05/06/2018;15:15;99;19;80
05/06/2018;15:30;134;34;100
05/06/2018;15:45;139;32;107
05/06/2018;16:00;185;36;149
05/06/2018;16:15;195;21;174
05/06/2018;16:30;177;34;143
05/06/2018;16:45;184;32;152
05/06/2018;17:00;184;29;155
05/06/2018;17:15;224;52;172
05/06/2018;17:30;180;28;152
05/06/2018;17:45;229;45;184
05/06/2018;18:00;210;43;167
05/06/2018;18:15;196;34;162
05/06/2018;18:30;207;38;169
05/06/2018;18:45;190;41;149
05/06/2018;19:00;162;38;124
05/06/2018;19:15;148;27;121
05/06/2018;19:30;141;29;112
05/06/2018;19:45;137;24;113
05/06/2018;20:00;112;26;86
05/06/2018;20:15;96;16;80
05/06/2018;20:30;80;13;67
05/06/2018;20:45;72;16;56
05/06/2018;21:00;76;20;56
05/06/2018;21:15;66;23;43
05/06/2018;21:30;68;13;55
05/06/2018;21:45;74;22;52
05/06/2018;22:00;71;16;55
05/06/2018;22:15;58;11;47
05/06/2018;22:30;42;8;34
05/06/2018;22:45;47;20;27
05/06/2018;23:00;50;8;42
05/06/2018;23:15;21;1;20
05/06/2018;23:30;24;7;17
05/06/2018;23:45;14;3;11
06/06/2018;00:00;18;2;16
06/06/2018;00:15;14;7;7
06/06/2018;00:30;18;4;14
06/06/2018;00:45;10;2;8
06/06/2018;01:00;6;0;6
06/06/2018;01:15;3;0;3
06/06/2018;01:30;8;5;3
06/06/2018;01:45;3;0;3
06/06/2018;02:00;7;1;6
06/06/2018;02:15;1;0;1
06/06/2018;02:30;2;0;2
06/06/2018;02:45;0;0;0
06/06/2018;03:00;2;0;2
06/06/2018;03:15;7;2;5
06/06/2018;03:30;1;1;0
06/06/2018;03:45;0;0;0
06/06/2018;04:00;0;0;0
06/06/2018;04:15;4;1;3
06/06/2018;04:30;3;1;2
06/06/2018;04:45;3;2;1
06/06/2018;05:00;3;1;2
06/06/2018;05:15;10;4;6
06/06/2018;05:30;21;4;17
06/06/2018;05:45;19;10;9
06/06/2018;06:00;30;10;20
06/06/2018;06:15;29;9;20
06/06/2018;06:30;55;15;40
06/06/2018;06:45;58;26;32
06/06/2018;07:00;63;24;39
06/06/2018;07:15;91;44;47
06/06/2018;07:30;167;92;75
06/06/2018;07:45;174;93;81
06/06/2018;08:00;157;93;64
06/06/2018;08:15;149;79;70
06/06/2018;08:30;142;69;73
06/06/2018;08:45;152;77;75
06/06/2018;09:00;87;38;49
06/06/2018;09:15;94;48;46
06/06/2018;09:30;97;41;56
06/06/2018;09:45;100;52;48
06/06/2018;10:00;60;25;35
06/06/2018;10:15;83;31;52
06/06/2018;10:30;58;26;32
06/06/2018;10:45;79;26;53
06/06/2018;11:00;54;15;39
06/06/2018;11:15;57;16;41
06/06/2018;11:30;73;17;56
06/06/2018;11:45;79;26;53
06/06/2018;12:00;112;37;75
06/06/2018;12:15;85;11;74
06/06/2018;12:30;96;29;67
06/06/2018;12:45;102;32;70
06/06/2018;13:00;123;25;98
06/06/2018;13:15;101;27;74
06/06/2018;13:30;101;24;77
06/06/2018;13:45;119;25;94
06/06/2018;14:00;92;16;76
06/06/2018;14:15;125;25;100
06/06/2018;14:30;99;19;80
06/06/2018;14:45;111;32;79
06/06/2018;15:00;118;25;93
06/06/2018;15:15;109;25;84
06/06/2018;15:30;100;18;82
06/06/2018;15:45;151;26;125
06/06/2018;16:00;181;44;137
06/06/2018;16:15;172;28;144
06/06/2018;16:30;177;34;143
06/06/2018;16:45;170;23;147
06/06/2018;17:00;190;43;147
06/06/2018;17:15;193;30;163
06/06/2018;17:30;189;35;154
06/06/2018;17:45;212;49;163
06/06/2018;18:00;199;38;161
06/06/2018;18:15;220;51;169
06/06/2018;18:30;149;33;116
06/06/2018;18:45;187;43;144
06/06/2018;19:00;138;26;112
06/06/2018;19:15;140;33;107
06/06/2018;19:30;153;27;126
06/06/2018;19:45;160;35;125
06/06/2018;20:00;139;17;122
06/06/2018;20:15;120;22;98
06/06/2018;20:30;73;24;49
06/06/2018;20:45;83;19;64
06/06/2018;21:00;73;15;58
06/06/2018;21:15;87;31;56
06/06/2018;21:30;50;12;38
06/06/2018;21:45;74;11;63
06/06/2018;22:00;74;17;57
06/06/2018;22:15;84;33;51
06/06/2018;22:30;61;29;32
06/06/2018;22:45;49;12;37
06/06/2018;23:00;51;14;37
06/06/2018;23:15;41;14;27
06/06/2018;23:30;44;20;24
06/06/2018;23:45;30;13;17
07/06/2018;00:00;17;6;11
07/06/2018;00:15;17;5;12
07/06/2018;00:30;12;3;9
07/06/2018;00:45;6;1;5
07/06/2018;01:00;14;5;9
07/06/2018;01:15;8;0;8
07/06/2018;01:30;10;0;10
07/06/2018;01:45;5;2;3
07/06/2018;02:00;1;0;1
07/06/2018;02:15;1;0;1
07/06/2018;02:30;3;0;3
07/06/2018;02:45;6;2;4
07/06/2018;03:00;1;0;1
07/06/2018;03:15;3;0;3
07/06/2018;03:30;0;0;0
07/06/2018;03:45;0;0;0
07/06/2018;04:00;0;0;0
07/06/2018;04:15;8;3;5
07/06/2018;04:30;5;2;3
07/06/2018;04:45;2;1;1
07/06/2018;05:00;3;1;2
07/06/2018;05:15;10;4;6
07/06/2018;05:30;21;9;12
07/06/2018;05:45;12;9;3
07/06/2018;06:00;20;8;12
07/06/2018;06:15;23;9;14
07/06/2018;06:30;42;16;26
07/06/2018;06:45;53;25;28
07/06/2018;07:00;61;23;38
07/06/2018;07:15;86;32;54
07/06/2018;07:30;143;76;67
07/06/2018;07:45;188;109;79
07/06/2018;08:00;144;76;68
07/06/2018;08:15;142;64;78
07/06/2018;08:30;99;53;46
07/06/2018;08:45;144;69;75
07/06/2018;09:00;90;57;33
07/06/2018;09:15;75;34;41
07/06/2018;09:30;86;34;52
07/06/2018;09:45;95;49;46
07/06/2018;10:00;91;41;50
07/06/2018;10:15;63;21;42
07/06/2018;10:30;39;9;30
07/06/2018;10:45;66;35;31
07/06/2018;11:00;55;22;33
07/06/2018;11:15;56;11;45
07/06/2018;11:30;72;20;52
07/06/2018;11:45;83;26;57
07/06/2018;12:00;71;19;52
07/06/2018;12:15;70;15;55
07/06/2018;12:30;83;23;60
07/06/2018;12:45;78;22;56
07/06/2018;13:00;104;37;67
07/06/2018;13:15;102;32;70
07/06/2018;13:30;105;15;90
07/06/2018;13:45;96;20;76
07/06/2018;14:00;90;27;63
07/06/2018;14:15;90;14;76
07/06/2018;14:30;113;21;92
07/06/2018;14:45;110;27;83
07/06/2018;15:00;118;26;92
07/06/2018;15:15;96;16;80
07/06/2018;15:30;115;22;93
07/06/2018;15:45;139;27;112
07/06/2018;16:00;144;28;116
07/06/2018;16:15;137;24;113
07/06/2018;16:30;159;31;128
07/06/2018;16:45;196;44;152
07/06/2018;17:00;183;26;157
07/06/2018;17:15;232;32;200
07/06/2018;17:30;174;35;139
07/06/2018;17:45;186;36;150
07/06/2018;18:00;91;10;81
07/06/2018;18:15;61;4;57
07/06/2018;18:30;75;13;62
07/06/2018;18:45;82;16;66
07/06/2018;19:00;69;17;52
07/06/2018;19:15;86;14;72
07/06/2018;19:30;97;14;83
07/06/2018;19:45;61;13;48
07/06/2018;20:00;85;15;70
07/06/2018;20:15;56;15;41
07/06/2018;20:30;41;6;35
07/06/2018;20:45;44;11;33
07/06/2018;21:00;33;9;24
07/06/2018;21:15;46;8;38
07/06/2018;21:30;37;3;34
07/06/2018;21:45;44;17;27
07/06/2018;22:00;44;8;36
07/06/2018;22:15;33;9;24
07/06/2018;22:30;30;6;24
07/06/2018;22:45;30;7;23
07/06/2018;23:00;22;3;19
07/06/2018;23:15;18;6;12
07/06/2018;23:30;16;1;15
07/06/2018;23:45;8;1;7
08/06/2018;00:00;9;3;6
08/06/2018;00:15;7;2;5
08/06/2018;00:30;10;0;10
08/06/2018;00:45;7;0;7
08/06/2018;01:00;7;2;5
08/06/2018;01:15;5;1;4
08/06/2018;01:30;3;0;3
08/06/2018;01:45;5;0;5
08/06/2018;02:00;5;2;3
08/06/2018;02:15;3;1;2
08/06/2018;02:30;1;0;1
08/06/2018;02:45;0;0;0
08/06/2018;03:00;2;2;0
08/06/2018;03:15;2;1;1
08/06/2018;03:30;2;0;2
08/06/2018;03:45;0;0;0
08/06/2018;04:00;1;0;1
08/06/2018;04:15;15;2;13
08/06/2018;04:30;4;1;3
08/06/2018;04:45;1;1;0
08/06/2018;05:00;0;0;0
08/06/2018;05:15;11;8;3
08/06/2018;05:30;11;2;9
08/06/2018;05:45;14;10;4
08/06/2018;06:00;15;7;8
08/06/2018;06:15;26;10;16
08/06/2018;06:30;32;9;23
08/06/2018;06:45;52;21;31
08/06/2018;07:00;50;21;29
08/06/2018;07:15;53;24;29
08/06/2018;07:30;100;62;38
08/06/2018;07:45;112;62;50
08/06/2018;08:00;105;56;49
08/06/2018;08:15;91;45;46
08/06/2018;08:30;90;35;55
08/06/2018;08:45;94;48;46
08/06/2018;09:00;64;29;35
08/06/2018;09:15;52;31;21
08/06/2018;09:30;55;26;29
08/06/2018;09:45;59;33;26
08/06/2018;10:00;55;26;29
08/06/2018;10:15;37;12;25
08/06/2018;10:30;54;21;33
08/06/2018;10:45;32;17;15
08/06/2018;11:00;27;10;17
08/06/2018;11:15;53;12;41
08/06/2018;11:30;46;15;31
08/06/2018;11:45;41;12;29
08/06/2018;12:00;58;20;38
08/06/2018;12:15;45;14;31
08/06/2018;12:30;70;16;54
08/06/2018;12:45;69;17;52
08/06/2018;13:00;89;23;66
08/06/2018;13:15;84;12;72
08/06/2018;13:30;93;13;80
08/06/2018;13:45;77;20;57
08/06/2018;14:00;92;22;70
08/06/2018;14:15;89;11;78
08/06/2018;14:30;76;20;56
08/06/2018;14:45;93;17;76
08/06/2018;15:00;91;12;79
08/06/2018;15:15;99;23;76
08/06/2018;15:30;114;29;85
08/06/2018;15:45;102;32;70
08/06/2018;16:00;119;21;98
08/06/2018;16:15;92;25;67
08/06/2018;16:30;102;21;81
08/06/2018;16:45;116;26;90
08/06/2018;17:00;120;19;101
08/06/2018;17:15;111;25;86
08/06/2018;17:30;97;16;81
08/06/2018;17:45;137;29;108
08/06/2018;18:00;115;23;92
08/06/2018;18:15;96;26;70
08/06/2018;18:30;127;41;86
08/06/2018;18:45;109;32;77
08/06/2018;19:00;86;24;62
08/06/2018;19:15;114;37;77
08/06/2018;19:30;130;36;94
08/06/2018;19:45;75;21;54
08/06/2018;20:00;80;23;57
08/06/2018;20:15;64;18;46
08/06/2018;20:30;53;13;40
08/06/2018;20:45;48;15;33
08/06/2018;21:00;34;9;25
08/06/2018;21:15;46;12;34
08/06/2018;21:30;42;12;30
08/06/2018;21:45;41;13;28
08/06/2018;22:00;49;12;37
08/06/2018;22:15;56;9;47
08/06/2018;22:30;60;13;47
08/06/2018;22:45;41;6;35
08/06/2018;23:00;49;7;42
08/06/2018;23:15;48;8;40
08/06/2018;23:30;38;6;32
08/06/2018;23:45;36;9;27
09/06/2018;00:00;38;4;34
09/06/2018;00:15;37;11;26
09/06/2018;00:30;34;5;29
09/06/2018;00:45;33;1;32
09/06/2018;01:00;13;2;11
09/06/2018;01:15;15;3;12
09/06/2018;01:30;14;1;13
09/06/2018;01:45;16;6;10
09/06/2018;02:00;13;3;10
09/06/2018;02:15;10;0;10
09/06/2018;02:30;13;0;13
09/06/2018;02:45;6;1;5
09/06/2018;03:00;4;1;3
09/06/2018;03:15;6;0;6
09/06/2018;03:30;12;0;12
09/06/2018;03:45;7;1;6
09/06/2018;04:00;3;2;1
09/06/2018;04:15;3;1;2
09/06/2018;04:30;4;0;4
09/06/2018;04:45;5;0;5
09/06/2018;05:00;3;2;1
09/06/2018;05:15;2;1;1
09/06/2018;05:30;3;0;3
09/06/2018;05:45;3;1;2
09/06/2018;06:00;8;1;7
09/06/2018;06:15;4;1;3
09/06/2018;06:30;10;5;5
09/06/2018;06:45;6;4;2
09/06/2018;07:00;4;3;1
09/06/2018;07:15;5;2;3
09/06/2018;07:30;13;5;8
09/06/2018;07:45;12;8;4
09/06/2018;08:00;24;12;12
09/06/2018;08:15;12;6;6
09/06/2018;08:30;24;12;12
09/06/2018;08:45;34;15;19
09/06/2018;09:00;35;14;21
09/06/2018;09:15;32;18;14
09/06/2018;09:30;41;25;16
09/06/2018;09:45;52;19;33
09/06/2018;10:00;54;25;29
09/06/2018;10:15;52;23;29
09/06/2018;10:30;59;27;32
09/06/2018;10:45;78;30;48
09/06/2018;11:00;68;23;45
09/06/2018;11:15;84;27;57
09/06/2018;11:30;70;38;32
09/06/2018;11:45;87;33;54
09/06/2018;12:00;106;31;75
09/06/2018;12:15;85;26;59
09/06/2018;12:30;81;21;60
09/06/2018;12:45;88;29;59
09/06/2018;13:00;83;23;60
09/06/2018;13:15;96;27;69
09/06/2018;13:30;73;13;60
09/06/2018;13:45;112;36;76
09/06/2018;14:00;98;35;63
09/06/2018;14:15;127;32;95
09/06/2018;14:30;106;31;75
09/06/2018;14:45;100;20;80
09/06/2018;15:00;99;24;75
09/06/2018;15:15;106;23;83
09/06/2018;15:30;112;30;82
09/06/2018;15:45;102;21;81
09/06/2018;16:00;121;35;86
09/06/2018;16:15;98;15;83
09/06/2018;16:30;91;18;73
09/06/2018;16:45;143;25;118
09/06/2018;17:00;115;37;78
09/06/2018;17:15;94;10;84
09/06/2018;17:30;127;44;83
09/06/2018;17:45;100;36;64
09/06/2018;18:00;124;33;91
09/06/2018;18:15;107;37;70
09/06/2018;18:30;111;42;69
09/06/2018;18:45;110;23;87
09/06/2018;19:00;88;19;69
09/06/2018;19:15;97;22;75
09/06/2018;19:30;77;33;44
09/06/2018;19:45;73;20;53
09/06/2018;20:00;75;23;52
09/06/2018;20:15;51;17;34
09/06/2018;20:30;52;17;35
09/06/2018;20:45;56;13;43
09/06/2018;21:00;48;16;32
09/06/2018;21:15;49;10;39
09/06/2018;21:30;47;16;31
09/06/2018;21:45;37;7;30
09/06/2018;22:00;46;5;41
09/06/2018;22:15;38;6;32
09/06/2018;22:30;38;10;28
09/06/2018;22:45;35;12;23
09/06/2018;23:00;29;6;23
09/06/2018;23:15;44;10;34
09/06/2018;23:30;50;7;43
09/06/2018;23:45;34;10;24
10/06/2018;00:00;22;4;18
10/06/2018;00:15;9;0;9
10/06/2018;00:30;21;3;18
10/06/2018;00:45;24;3;21
10/06/2018;01:00;49;5;44
10/06/2018;01:15;22;3;19
10/06/2018;01:30;21;5;16
10/06/2018;01:45;24;1;23
10/06/2018;02:00;9;4;5
10/06/2018;02:15;13;4;9
10/06/2018;02:30;12;2;10
10/06/2018;02:45;12;3;9
10/06/2018;03:00;3;0;3
10/06/2018;03:15;3;2;1
10/06/2018;03:30;4;0;4
10/06/2018;03:45;6;0;6
10/06/2018;04:00;4;0;4
10/06/2018;04:15;4;1;3
10/06/2018;04:30;8;2;6
10/06/2018;04:45;4;1;3
10/06/2018;05:00;2;0;2
10/06/2018;05:15;3;1;2
10/06/2018;05:30;3;1;2
10/06/2018;05:45;4;1;3
10/06/2018;06:00;7;4;3
10/06/2018;06:15;19;3;16
10/06/2018;06:30;15;1;14
10/06/2018;06:45;29;2;27
10/06/2018;07:00;40;4;36
10/06/2018;07:15;54;2;52
10/06/2018;07:30;84;3;81
10/06/2018;07:45;43;7;36
10/06/2018;08:00;36;5;31
10/06/2018;08:15;26;7;19
10/06/2018;08:30;30;6;24
10/06/2018;08:45;42;5;37
10/06/2018;09:00;34;10;24
10/06/2018;09:15;44;5;39
10/06/2018;09:30;54;6;48
10/06/2018;09:45;72;22;50
10/06/2018;10:00;44;14;30
10/06/2018;10:15;57;21;36
10/06/2018;10:30;67;30;37
10/06/2018;10:45;94;35;59
10/06/2018;11:00;103;26;77
10/06/2018;11:15;85;17;68
10/06/2018;11:30;78;17;61
10/06/2018;11:45;69;23;46
10/06/2018;12:00;96;36;60
10/06/2018;12:15;50;11;39
10/06/2018;12:30;88;23;65
10/06/2018;12:45;98;30;68
10/06/2018;13:00;67;27;40
10/06/2018;13:15;75;25;50
10/06/2018;13:30;74;27;47
10/06/2018;13:45;70;30;40
10/06/2018;14:00;97;38;59
10/06/2018;14:15;95;41;54
10/06/2018;14:30;108;46;62
10/06/2018;14:45;134;57;77
10/06/2018;15:00;103;43;60
10/06/2018;15:15;98;36;62
10/06/2018;15:30;84;40;44
10/06/2018;15:45;83;35;48
10/06/2018;16:00;82;28;54
10/06/2018;16:15;83;30;53
10/06/2018;16:30;65;19;46
10/06/2018;16:45;81;20;61
10/06/2018;17:00;73;24;49
10/06/2018;17:15;81;30;51
10/06/2018;17:30;84;17;67
10/06/2018;17:45;85;19;66
10/06/2018;18:00;67;14;53
10/06/2018;18:15;67;18;49
10/06/2018;18:30;64;12;52
10/06/2018;18:45;64;25;39
10/06/2018;19:00;63;20;43
10/06/2018;19:15;65;18;47
10/06/2018;19:30;67;10;57
10/06/2018;19:45;54;13;41
10/06/2018;20:00;50;7;43
10/06/2018;20:15;41;8;33
10/06/2018;20:30;36;5;31
10/06/2018;20:45;37;11;26
10/06/2018;21:00;29;9;20
10/06/2018;21:15;41;16;25
10/06/2018;21:30;38;10;28
10/06/2018;21:45;31;12;19
10/06/2018;22:00;38;10;28
10/06/2018;22:15;28;7;21
10/06/2018;22:30;25;9;16
10/06/2018;22:45;22;11;11
10/06/2018;23:00;36;5;31
10/06/2018;23:15;12;3;9
10/06/2018;23:30;12;1;11
10/06/2018;23:45;12;3;9
11/06/2018;00:00;10;2;8
11/06/2018;00:15;1;0;1
11/06/2018;00:30;5;1;4
11/06/2018;00:45;5;3;2
11/06/2018;01:00;7;4;3
11/06/2018;01:15;5;0;5
11/06/2018;01:30;5;0;5
11/06/2018;01:45;1;0;1
11/06/2018;02:00;1;0;1
11/06/2018;02:15;0;0;0
11/06/2018;02:30;0;0;0
11/06/2018;02:45;0;0;0
11/06/2018;03:00;0;0;0
11/06/2018;03:15;2;0;2
11/06/2018;03:30;1;0;1
11/06/2018;03:45;0;0;0
11/06/2018;04:00;0;0;0
11/06/2018;04:15;2;2;0
11/06/2018;04:30;3;1;2
11/06/2018;04:45;5;1;4
11/06/2018;05:00;5;2;3
11/06/2018;05:15;6;2;4
11/06/2018;05:30;20;8;12
11/06/2018;05:45;17;10;7
11/06/2018;06:00;21;8;13
11/06/2018;06:15;23;10;13
11/06/2018;06:30;43;18;25
11/06/2018;06:45;50;19;31
11/06/2018;07:00;65;28;37
11/06/2018;07:15;78;31;47
11/06/2018;07:30;141;87;54
11/06/2018;07:45;147;84;63
11/06/2018;08:00;131;73;58
11/06/2018;08:15;129;64;65
11/06/2018;08:30;116;56;60
11/06/2018;08:45;117;48;69
11/06/2018;09:00;96;60;36
11/06/2018;09:15;69;27;42
11/06/2018;09:30;75;40;35
11/06/2018;09:45;86;42;44
11/06/2018;10:00;69;39;30
11/06/2018;10:15;57;24;33
11/06/2018;10:30;48;16;32
11/06/2018;10:45;80;24;56
11/06/2018;11:00;63;18;45
11/06/2018;11:15;57;21;36
11/06/2018;11:30;62;20;42
11/06/2018;11:45;62;21;41
11/06/2018;12:00;67;13;54
11/06/2018;12:15;79;12;67
11/06/2018;12:30;66;14;52
11/06/2018;12:45;71;21;50
11/06/2018;13:00;85;20;65
11/06/2018;13:15;74;17;57
11/06/2018;13:30;99;27;72
11/06/2018;13:45;111;30;81
11/06/2018;14:00;91;23;68
11/06/2018;14:15;83;18;65
11/06/2018;14:30;102;26;76
11/06/2018;14:45;102;17;85
11/06/2018;15:00;89;20;69
11/06/2018;15:15;82;12;70
11/06/2018;15:30;90;16;74
11/06/2018;15:45;134;31;103
11/06/2018;16:00;158;32;126
11/06/2018;16:15;164;32;132
11/06/2018;16:30;141;25;116
11/06/2018;16:45;151;22;129
11/06/2018;17:00;141;19;122
11/06/2018;17:15;153;28;125
11/06/2018;17:30;128;15;113
11/06/2018;17:45;129;18;111
11/06/2018;18:00;96;17;79
11/06/2018;18:15;134;17;117
11/06/2018;18:30;120;15;105
11/06/2018;18:45;121;21;100
11/06/2018;19:00;99;23;76
11/06/2018;19:15;85;19;66
11/06/2018;19:30;83;18;65
11/06/2018;19:45;84;14;70
11/06/2018;20:00;63;10;53
11/06/2018;20:15;72;21;51
11/06/2018;20:30;35;5;30
11/06/2018;20:45;44;9;35
11/06/2018;21:00;46;12;34
11/06/2018;21:15;46;13;33
11/06/2018;21:30;24;6;18
11/06/2018;21:45;40;7;33
11/06/2018;22:00;26;4;22
11/06/2018;22:15;23;4;19
11/06/2018;22:30;20;5;15
11/06/2018;22:45;14;1;13
11/06/2018;23:00;22;4;18
11/06/2018;23:15;14;4;10
11/06/2018;23:30;7;0;7
11/06/2018;23:45;9;2;7
12/06/2018;00:00;6;2;4
12/06/2018;00:15;11;0;11
12/06/2018;00:30;4;0;4
12/06/2018;00:45;4;0;4
12/06/2018;01:00;1;0;1
12/06/2018;01:15;1;0;1
12/06/2018;01:30;5;0;5
12/06/2018;01:45;2;0;2
12/06/2018;02:00;0;0;0
12/06/2018;02:15;2;0;2
12/06/2018;02:30;1;0;1
12/06/2018;02:45;1;0;1
12/06/2018;03:00;1;0;1
12/06/2018;03:15;3;0;3
12/06/2018;03:30;0;0;0
12/06/2018;03:45;1;0;1
12/06/2018;04:00;0;0;0
12/06/2018;04:15;3;1;2
12/06/2018;04:30;4;2;2
12/06/2018;04:45;2;1;1
12/06/2018;05:00;7;2;5
12/06/2018;05:15;8;7;1
12/06/2018;05:30;17;4;13
12/06/2018;05:45;14;7;7
12/06/2018;06:00;11;4;7
12/06/2018;06:15;25;12;13
12/06/2018;06:30;30;13;17
12/06/2018;06:45;35;16;19
12/06/2018;07:00;41;20;21
12/06/2018;07:15;51;22;29
12/06/2018;07:30;112;73;39
12/06/2018;07:45;120;73;47
12/06/2018;08:00;119;68;51
12/06/2018;08:15;100;46;54
12/06/2018;08:30;94;51;43
12/06/2018;08:45;105;59;46
12/06/2018;09:00;79;41;38
12/06/2018;09:15;70;24;46
12/06/2018;09:30;56;26;30
12/06/2018;09:45;67;42;25
12/06/2018;10:00;77;30;47
12/06/2018;10:15;52;17;35
12/06/2018;10:30;53;18;35
12/06/2018;10:45;64;25;39
12/06/2018;11:00;39;10;29
12/06/2018;11:15;44;18;26
12/06/2018;11:30;41;11;30
12/06/2018;11:45;76;20;56
12/06/2018;12:00;46;12;34
12/06/2018;12:15;58;14;44
12/06/2018;12:30;44;8;36
12/06/2018;12:45;53;8;45
12/06/2018;13:00;45;7;38
12/06/2018;13:15;72;10;62
12/06/2018;13:30;66;12;54
12/06/2018;13:45;74;24;50
12/06/2018;14:00;94;27;67
12/06/2018;14:15;69;12;57
12/06/2018;14:30;66;13;53
12/06/2018;14:45;72;19;53
12/06/2018;15:00;83;18;65
12/06/2018;15:15;64;15;49
12/06/2018;15:30;79;12;67
12/06/2018;15:45;106;17;89
12/06/2018;16:00;133;23;110
12/06/2018;16:15;116;19;97
12/06/2018;16:30;123;29;94
12/06/2018;16:45;139;31;108
12/06/2018;17:00;150;24;126
12/06/2018;17:15;130;19;111
12/06/2018;17:30;119;23;96
12/06/2018;17:45;130;22;108
12/06/2018;18:00;117;16;101
12/06/2018;18:15;142;25;117
12/06/2018;18:30;115;26;89
12/06/2018;18:45;134;27;107
12/06/2018;19:00;92;16;76
12/06/2018;19:15;96;25;71
12/06/2018;19:30;91;23;68
12/06/2018;19:45;84;15;69
12/06/2018;20:00;71;12;59
12/06/2018;20:15;55;14;41
12/06/2018;20:30;51;7;44
12/06/2018;20:45;42;6;36
12/06/2018;21:00;61;22;39
12/06/2018;21:15;38;8;30
12/06/2018;21:30;40;6;34
12/06/2018;21:45;41;7;34
12/06/2018;22:00;38;10;28
12/06/2018;22:15;33;13;20
12/06/2018;22:30;38;11;27
12/06/2018;22:45;30;5;25
12/06/2018;23:00;31;3;28
12/06/2018;23:15;24;3;21
12/06/2018;23:30;22;1;21
12/06/2018;23:45;13;1;12
13/06/2018;00:00;10;2;8
13/06/2018;00:15;13;3;10
13/06/2018;00:30;8;0;8
13/06/2018;00:45;5;1;4
13/06/2018;01:00;7;5;2
13/06/2018;01:15;5;0;5
13/06/2018;01:30;4;0;4
13/06/2018;01:45;1;0;1
13/06/2018;02:00;1;0;1
13/06/2018;02:15;3;0;3
13/06/2018;02:30;1;0;1
13/06/2018;02:45;0;0;0
13/06/2018;03:00;0;0;0
13/06/2018;03:15;3;0;3
13/06/2018;03:30;0;0;0
13/06/2018;03:45;0;0;0
13/06/2018;04:00;0;0;0
13/06/2018;04:15;3;1;2
13/06/2018;04:30;5;2;3
13/06/2018;04:45;0;0;0
13/06/2018;05:00;6;2;4
13/06/2018;05:15;3;1;2
13/06/2018;05:30;23;7;16
13/06/2018;05:45;12;9;3
13/06/2018;06:00;24;12;12
13/06/2018;06:15;23;10;13
13/06/2018;06:30;41;18;23
13/06/2018;06:45;43;15;28
13/06/2018;07:00;51;18;33
13/06/2018;07:15;75;36;39
13/06/2018;07:30;136;79;57
13/06/2018;07:45;147;72;75
13/06/2018;08:00;134;70;64
13/06/2018;08:15;137;61;76
13/06/2018;08:30;113;60;53
13/06/2018;08:45;105;51;54
13/06/2018;09:00;79;38;41
13/06/2018;09:15;61;28;33
13/06/2018;09:30;75;42;33
13/06/2018;09:45;77;37;40
13/06/2018;10:00;63;27;36
13/06/2018;10:15;53;19;34
13/06/2018;10:30;47;25;22
13/06/2018;10:45;79;24;55
13/06/2018;11:00;31;9;22
13/06/2018;11:15;45;12;33
13/06/2018;11:30;44;15;29
13/06/2018;11:45;75;25;50
13/06/2018;12:00;85;29;56
13/06/2018;12:15;62;14;48
13/06/2018;12:30;73;20;53
13/06/2018;12:45;62;13;49
13/06/2018;13:00;79;20;59
13/06/2018;13:15;98;18;80
13/06/2018;13:30;90;26;64
13/06/2018;13:45;83;22;61
13/06/2018;14:00;55;9;46
13/06/2018;14:15;96;20;76
13/06/2018;14:30;75;23;52
13/06/2018;14:45;77;8;69
13/06/2018;15:00;99;15;84
13/06/2018;15:15;87;14;73
13/06/2018;15:30;108;23;85
13/06/2018;15:45;117;21;96
13/06/2018;16:00;129;20;109
13/06/2018;16:15;138;24;114
13/06/2018;16:30;120;23;97
13/06/2018;16:45;133;21;112
13/06/2018;17:00;159;33;126
13/06/2018;17:15;156;26;130
13/06/2018;17:30;172;36;136
13/06/2018;17:45;151;23;128
13/06/2018;18:00;133;31;102
13/06/2018;18:15;165;36;129
13/06/2018;18:30;141;30;111
13/06/2018;18:45;148;41;107
13/06/2018;19:00;114;15;99
13/06/2018;19:15;113;18;95
13/06/2018;19:30;101;21;80
13/06/2018;19:45;102;29;73
13/06/2018;20:00;89;13;76
13/06/2018;20:15;97;13;84
13/06/2018;20:30;56;12;44
13/06/2018;20:45;57;13;44
13/06/2018;21:00;59;18;41
13/06/2018;21:15;62;21;41
13/06/2018;21:30;36;9;27
13/06/2018;21:45;49;7;42
13/06/2018;22:00;54;13;41
13/06/2018;22:15;35;7;28
13/06/2018;22:30;34;6;28
13/06/2018;22:45;47;8;39
13/06/2018;23:00;31;7;24
13/06/2018;23:15;29;6;23
13/06/2018;23:30;18;1;17
13/06/2018;23:45;20;4;16
14/06/2018;00:00;9;2;7
14/06/2018;00:15;6;0;6
14/06/2018;00:30;9;1;8
14/06/2018;00:45;3;1;2
14/06/2018;01:00;5;0;5
14/06/2018;01:15;4;0;4
14/06/2018;01:30;4;1;3
14/06/2018;01:45;5;2;3
14/06/2018;02:00;2;0;2
14/06/2018;02:15;2;1;1
14/06/2018;02:30;1;0;1
14/06/2018;02:45;1;0;1
14/06/2018;03:00;1;0;1
14/06/2018;03:15;2;0;2
14/06/2018;03:30;1;0;1
14/06/2018;03:45;0;0;0
14/06/2018;04:00;2;1;1
14/06/2018;04:15;6;2;4
14/06/2018;04:30;2;1;1
14/06/2018;04:45;3;0;3
14/06/2018;05:00;6;1;5
14/06/2018;05:15;7;4;3
14/06/2018;05:30;18;7;11
14/06/2018;05:45;11;7;4
14/06/2018;06:00;21;8;13
14/06/2018;06:15;25;10;15
14/06/2018;06:30;43;14;29
14/06/2018;06:45;58;26;32
14/06/2018;07:00;46;21;25
14/06/2018;07:15;84;29;55
14/06/2018;07:30;126;73;53
14/06/2018;07:45;182;91;91
14/06/2018;08:00;142;77;65
14/06/2018;08:15;122;63;59
14/06/2018;08:30;119;59;60
14/06/2018;08:45;116;54;62
14/06/2018;09:00;100;44;56
14/06/2018;09:15;83;40;43
14/06/2018;09:30;49;27;22
14/06/2018;09:45;58;28;30
14/06/2018;10:00;79;36;43
14/06/2018;10:15;49;24;25
14/06/2018;10:30;47;22;25
14/06/2018;10:45;73;28;45
14/06/2018;11:00;54;22;32
14/06/2018;11:15;56;18;38
14/06/2018;11:30;70;18;52
14/06/2018;11:45;70;23;47
14/06/2018;12:00;74;26;48
14/06/2018;12:15;67;21;46
14/06/2018;12:30;93;38;55
14/06/2018;12:45;80;18;62
14/06/2018;13:00;94;20;74
14/06/2018;13:15;100;19;81
14/06/2018;13:30;83;20;63
14/06/2018;13:45;103;28;75
14/06/2018;14:00;102;17;85
14/06/2018;14:15;95;17;78
14/06/2018;14:30;94;22;72
14/06/2018;14:45;93;14;79
14/06/2018;15:00;112;25;87
14/06/2018;15:15;100;22;78
14/06/2018;15:30;118;27;91
14/06/2018;15:45;108;17;91
14/06/2018;16:00;174;28;146
14/06/2018;16:15;151;29;122
14/06/2018;16:30;182;36;146
14/06/2018;16:45;168;36;132
14/06/2018;17:00;165;21;144
14/06/2018;17:15;155;32;123
14/06/2018;17:30;157;30;127
14/06/2018;17:45;183;31;152
14/06/2018;18:00;166;49;117
14/06/2018;18:15;143;27;116
14/06/2018;18:30;106;14;92
14/06/2018;18:45;81;17;64
14/06/2018;19:00;95;17;78
14/06/2018;19:15;91;20;71
14/06/2018;19:30;73;14;59
14/06/2018;19:45;64;11;53
14/06/2018;20:00;40;7;33
14/06/2018;20:15;50;11;39
14/06/2018;20:30;64;11;53
14/06/2018;20:45;36;12;24
14/06/2018;21:00;51;14;37
14/06/2018;21:15;33;6;27
14/06/2018;21:30;37;11;26
14/06/2018;21:45;38;6;32
14/06/2018;22:00;32;3;29
14/06/2018;22:15;32;4;28
14/06/2018;22:30;36;4;32
14/06/2018;22:45;30;4;26
14/06/2018;23:00;22;5;17
14/06/2018;23:15;24;3;21
14/06/2018;23:30;30;1;29
14/06/2018;23:45;32;4;28
15/06/2018;00:00;35;1;34
15/06/2018;00:15;23;0;23
15/06/2018;00:30;19;3;16
15/06/2018;00:45;14;4;10
15/06/2018;01:00;8;2;6
15/06/2018;01:15;19;8;11
15/06/2018;01:30;29;11;18
15/06/2018;01:45;10;3;7
15/06/2018;02:00;5;5;0
15/06/2018;02:15;15;10;5
15/06/2018;02:30;8;5;3
15/06/2018;02:45;8;8;0
15/06/2018;03:00;13;12;1
15/06/2018;03:15;13;11;2
15/06/2018;03:30;9;9;0
15/06/2018;03:45;14;13;1
15/06/2018;04:00;8;4;4
15/06/2018;04:15;22;19;3
15/06/2018;04:30;11;10;1
15/06/2018;04:45;2;2;0
15/06/2018;05:00;2;1;1
15/06/2018;05:15;9;7;2
15/06/2018;05:30;14;4;10
15/06/2018;05:45;18;8;10
15/06/2018;06:00;17;8;9
15/06/2018;06:15;24;11;13
15/06/2018;06:30;36;12;24
15/06/2018;06:45;46;22;24
15/06/2018;07:00;50;18;32
15/06/2018;07:15;72;34;38
15/06/2018;07:30;123;71;52
15/06/2018;07:45;129;68;61
15/06/2018;08:00;109;51;58
15/06/2018;08:15;97;47;50
15/06/2018;08:30;83;41;42
15/06/2018;08:45;116;62;54
15/06/2018;09:00;76;27;49
15/06/2018;09:15;45;30;15
15/06/2018;09:30;52;26;26
15/06/2018;09:45;66;30;36
15/06/2018;10:00;67;28;39
15/06/2018;10:15;47;19;28
15/06/2018;10:30;55;26;29
15/06/2018;10:45;67;13;54
15/06/2018;11:00;63;20;43
15/06/2018;11:15;70;24;46
15/06/2018;11:30;80;21;59
15/06/2018;11:45;84;20;64
15/06/2018;12:00;77;21;56
15/06/2018;12:15;70;22;48
15/06/2018;12:30;77;15;62
15/06/2018;12:45;97;24;73
15/06/2018;13:00;116;19;97
15/06/2018;13:15;123;23;100
15/06/2018;13:30;101;20;81
15/06/2018;13:45;95;21;74
15/06/2018;14:00;91;21;70
15/06/2018;14:15;115;27;88
15/06/2018;14:30;107;20;87
15/06/2018;14:45;118;25;93
15/06/2018;15:00;105;18;87
15/06/2018;15:15;121;27;94
15/06/2018;15:30;151;29;122
15/06/2018;15:45;128;29;99
15/06/2018;16:00;143;24;119
15/06/2018;16:15;117;27;90
15/06/2018;16:30;134;32;102
15/06/2018;16:45;156;37;119
15/06/2018;17:00;126;20;106
15/06/2018;17:15;125;26;99
15/06/2018;17:30;126;24;102
15/06/2018;17:45;144;25;119
15/06/2018;18:00;112;26;86
15/06/2018;18:15;141;36;105
15/06/2018;18:30;119;29;90
15/06/2018;18:45;132;29;103
15/06/2018;19:00;113;25;88
15/06/2018;19:15;102;19;83
15/06/2018;19:30;93;30;63
15/06/2018;19:45;93;27;66
15/06/2018;20:00;95;30;65
15/06/2018;20:15;81;15;66
15/06/2018;20:30;57;16;41
15/06/2018;20:45;54;18;36
15/06/2018;21:00;68;19;49
15/06/2018;21:15;42;11;31
15/06/2018;21:30;31;5;26
15/06/2018;21:45;40;8;32
15/06/2018;22:00;43;12;31
15/06/2018;22:15;74;14;60
15/06/2018;22:30;51;15;36
15/06/2018;22:45;36;9;27
15/06/2018;23:00;37;5;32
15/06/2018;23:15;44;5;39
15/06/2018;23:30;30;3;27
15/06/2018;23:45;18;5;13
16/06/2018;00:00;32;5;27
16/06/2018;00:15;30;8;22
16/06/2018;00:30;20;1;19
16/06/2018;00:45;30;6;24
16/06/2018;01:00;14;6;8
16/06/2018;01:15;14;0;14
16/06/2018;01:30;20;3;17
16/06/2018;01:45;21;5;16
16/06/2018;02:00;5;3;2
16/06/2018;02:15;8;1;7
16/06/2018;02:30;8;0;8
16/06/2018;02:45;6;0;6
16/06/2018;03:00;2;0;2
16/06/2018;03:15;6;2;4
16/06/2018;03:30;3;1;2
16/06/2018;03:45;5;1;4
16/06/2018;04:00;5;1;4
16/06/2018;04:15;4;0;4
16/06/2018;04:30;4;1;3
16/06/2018;04:45;3;0;3
16/06/2018;05:00;1;0;1
16/06/2018;05:15;3;2;1
16/06/2018;05:30;8;3;5
16/06/2018;05:45;9;5;4
16/06/2018;06:00;4;1;3
16/06/2018;06:15;2;0;2
16/06/2018;06:30;7;3;4
16/06/2018;06:45;6;4;2
16/06/2018;07:00;10;3;7
16/06/2018;07:15;11;4;7
16/06/2018;07:30;13;4;9
16/06/2018;07:45;18;8;10
16/06/2018;08:00;18;4;14
16/06/2018;08:15;21;7;14
16/06/2018;08:30;20;8;12
16/06/2018;08:45;35;17;18
16/06/2018;09:00;24;11;13
16/06/2018;09:15;44;19;25
16/06/2018;09:30;58;21;37
16/06/2018;09:45;54;21;33
16/06/2018;10:00;51;22;29
16/06/2018;10:15;67;30;37
16/06/2018;10:30;83;35;48
16/06/2018;10:45;72;35;37
16/06/2018;11:00;68;17;51
16/06/2018;11:15;63;21;42
16/06/2018;11:30;94;39;55
16/06/2018;11:45;87;29;58
16/06/2018;12:00;92;27;65
16/06/2018;12:15;89;34;55
16/06/2018;12:30;98;26;72
16/06/2018;12:45;96;24;72
16/06/2018;13:00;89;28;61
16/06/2018;13:15;98;31;67
16/06/2018;13:30;82;23;59
16/06/2018;13:45;106;31;75
16/06/2018;14:00;99;34;65
16/06/2018;14:15;115;23;92
16/06/2018;14:30;100;35;65
16/06/2018;14:45;102;38;64
16/06/2018;15:00;100;29;71
16/06/2018;15:15;102;23;79
16/06/2018;15:30;126;33;93
16/06/2018;15:45;125;37;88
16/06/2018;16:00;96;24;72
16/06/2018;16:15;91;7;84
16/06/2018;16:30;83;17;66
16/06/2018;16:45;83;19;64
16/06/2018;17:00;94;16;78
16/06/2018;17:15;92;16;76
16/06/2018;17:30;101;24;77
16/06/2018;17:45;91;26;65
16/06/2018;18:00;83;16;67
16/06/2018;18:15;86;15;71
16/06/2018;18:30;80;18;62
16/06/2018;18:45;89;21;68
16/06/2018;19:00;101;32;69
16/06/2018;19:15;83;20;63
16/06/2018;19:30;61;20;41
16/06/2018;19:45;37;12;25
16/06/2018;20:00;70;6;64
16/06/2018;20:15;63;14;49
16/06/2018;20:30;23;6;17
16/06/2018;20:45;42;1;41
16/06/2018;21:00;43;16;27
16/06/2018;21:15;15;3;12
16/06/2018;21:30;19;2;17
16/06/2018;21:45;28;5;23
16/06/2018;22:00;56;15;41
16/06/2018;22:15;23;2;21
16/06/2018;22:30;28;9;19
16/06/2018;22:45;41;15;26
16/06/2018;23:00;40;4;36
16/06/2018;23:15;28;7;21
16/06/2018;23:30;38;2;36
16/06/2018;23:45;31;2;29
17/06/2018;00:00;31;9;22
17/06/2018;00:15;36;2;34
17/06/2018;00:30;26;2;24
17/06/2018;00:45;23;2;21
17/06/2018;01:00;29;8;21
17/06/2018;01:15;25;6;19
17/06/2018;01:30;21;0;21
17/06/2018;01:45;16;3;13
17/06/2018;02:00;20;12;8
17/06/2018;02:15;8;0;8
17/06/2018;02:30;6;3;3
17/06/2018;02:45;6;1;5
17/06/2018;03:00;4;2;2
17/06/2018;03:15;9;3;6
17/06/2018;03:30;3;0;3
17/06/2018;03:45;7;5;2
17/06/2018;04:00;5;2;3
17/06/2018;04:15;4;2;2
17/06/2018;04:30;1;1;0
17/06/2018;04:45;7;5;2
17/06/2018;05:00;3;2;1
17/06/2018;05:15;9;5;4
17/06/2018;05:30;3;1;2
17/06/2018;05:45;5;2;3
17/06/2018;06:00;3;2;1
17/06/2018;06:15;8;3;5
17/06/2018;06:30;3;0;3
17/06/2018;06:45;0;0;0
17/06/2018;07:00;4;1;3
17/06/2018;07:15;7;4;3
17/06/2018;07:30;5;2;3
17/06/2018;07:45;13;4;9
17/06/2018;08:00;11;5;6
17/06/2018;08:15;17;4;13
17/06/2018;08:30;7;1;6
17/06/2018;08:45;12;5;7
17/06/2018;09:00;26;4;22
17/06/2018;09:15;24;8;16
17/06/2018;09:30;25;6;19
17/06/2018;09:45;21;10;11
17/06/2018;10:00;41;9;32
17/06/2018;10:15;51;17;34
17/06/2018;10:30;52;24;28
17/06/2018;10:45;49;17;32
17/06/2018;11:00;58;22;36
17/06/2018;11:15;34;14;20
17/06/2018;11:30;46;15;31
17/06/2018;11:45;45;11;34
17/06/2018;12:00;66;20;46
17/06/2018;12:15;60;14;46
17/06/2018;12:30;70;16;54
17/06/2018;12:45;60;8;52
17/06/2018;13:00;58;10;48
17/06/2018;13:15;59;8;51
17/06/2018;13:30;72;14;58
17/06/2018;13:45;76;20;56
17/06/2018;14:00;62;19;43
17/06/2018;14:15;65;4;61
17/06/2018;14:30;63;14;49
17/06/2018;14:45;62;25;37
17/06/2018;15:00;67;17;50
17/06/2018;15:15;67;10;57
17/06/2018;15:30;86;26;60
17/06/2018;15:45;95;30;65
17/06/2018;16:00;131;23;108
17/06/2018;16:15;104;34;70
17/06/2018;16:30;104;24;80
17/06/2018;16:45;83;21;62
17/06/2018;17:00;43;11;32
17/06/2018;17:15;25;10;15
17/06/2018;17:30;50;15;35
17/06/2018;17:45;47;15;32
17/06/2018;18:00;36;5;31
17/06/2018;18:15;33;13;20
17/06/2018;18:30;34;6;28
17/06/2018;18:45;48;8;40
17/06/2018;19:00;97;38;59
17/06/2018;19:15;90;29;61
17/06/2018;19:30;74;20;54
17/06/2018;19:45;60;12;48
17/06/2018;20:00;53;8;45
17/06/2018;20:15;46;23;23
17/06/2018;20:30;54;11;43
17/06/2018;20:45;40;6;34
17/06/2018;21:00;35;13;22
17/06/2018;21:15;28;6;22
17/06/2018;21:30;21;3;18
17/06/2018;21:45;22;2;20
17/06/2018;22:00;36;9;27
17/06/2018;22:15;22;6;16
17/06/2018;22:30;25;3;22
17/06/2018;22:45;23;11;12
17/06/2018;23:00;22;7;15
17/06/2018;23:15;14;2;12
17/06/2018;23:30;2;1;1
17/06/2018;23:45;5;0;5
18/06/2018;00:00;7;1;6
18/06/2018;00:15;2;1;1
18/06/2018;00:30;4;1;3
18/06/2018;00:45;2;2;0
18/06/2018;01:00;1;1;0
18/06/2018;01:15;3;0;3
18/06/2018;01:30;1;1;0
18/06/2018;01:45;1;0;1
18/06/2018;02:00;0;0;0
18/06/2018;02:15;2;1;1
18/06/2018;02:30;1;0;1
18/06/2018;02:45;1;1;0
18/06/2018;03:00;0;0;0
18/06/2018;03:15;1;0;1
18/06/2018;03:30;1;0;1
18/06/2018;03:45;1;0;1
18/06/2018;04:00;0;0;0
18/06/2018;04:15;3;2;1
18/06/2018;04:30;5;1;4
18/06/2018;04:45;2;1;1
18/06/2018;05:00;2;0;2
18/06/2018;05:15;6;3;3
18/06/2018;05:30;13;4;9
18/06/2018;05:45;17;5;12
18/06/2018;06:00;19;8;11
18/06/2018;06:15;23;7;16
18/06/2018;06:30;46;19;27
18/06/2018;06:45;40;16;24
18/06/2018;07:00;69;27;42
18/06/2018;07:15;74;31;43
18/06/2018;07:30;120;65;55
18/06/2018;07:45;152;89;63
18/06/2018;08:00;104;47;57
18/06/2018;08:15;125;65;60
18/06/2018;08:30;100;44;56
18/06/2018;08:45;123;67;56
18/06/2018;09:00;93;41;52
18/06/2018;09:15;61;30;31
18/06/2018;09:30;56;29;27
18/06/2018;09:45;62;32;30
18/06/2018;10:00;52;33;19
18/06/2018;10:15;44;15;29
18/06/2018;10:30;49;15;34
18/06/2018;10:45;48;23;25
18/06/2018;11:00;58;20;38
18/06/2018;11:15;49;17;32
18/06/2018;11:30;47;15;32
18/06/2018;11:45;63;23;40
18/06/2018;12:00;70;21;49
18/06/2018;12:15;67;11;56
18/06/2018;12:30;74;23;51
18/06/2018;12:45;69;11;58
18/06/2018;13:00;62;13;49
18/06/2018;13:15;83;19;64
18/06/2018;13:30;65;11;54
18/06/2018;13:45;83;25;58
18/06/2018;14:00;92;23;69
18/06/2018;14:15;81;17;64
18/06/2018;14:30;100;19;81
18/06/2018;14:45;99;26;73
18/06/2018;15:00;87;18;69
18/06/2018;15:15;95;23;72
18/06/2018;15:30;95;19;76
18/06/2018;15:45;123;23;100
18/06/2018;16:00;160;29;131
18/06/2018;16:15;152;29;123
18/06/2018;16:30;160;32;128
18/06/2018;16:45;137;20;117
18/06/2018;17:00;166;17;149
18/06/2018;17:15;152;20;132
18/06/2018;17:30;146;34;112
18/06/2018;17:45;168;29;139
18/06/2018;18:00;165;32;133
18/06/2018;18:15;179;40;139
18/06/2018;18:30;134;18;116
18/06/2018;18:45;117;28;89
18/06/2018;19:00;108;28;80
18/06/2018;19:15;120;23;97
18/06/2018;19:30;98;24;74
18/06/2018;19:45;105;25;80
18/06/2018;20:00;72;22;50
18/06/2018;20:15;73;17;56
18/06/2018;20:30;63;14;49
18/06/2018;20:45;58;8;50
18/06/2018;21:00;51;19;32
18/06/2018;21:15;43;10;33
18/06/2018;21:30;34;3;31
18/06/2018;21:45;49;9;40
18/06/2018;22:00;47;9;38
18/06/2018;22:15;39;6;33
18/06/2018;22:30;34;12;22
18/06/2018;22:45;19;3;16
18/06/2018;23:00;34;5;29
18/06/2018;23:15;15;2;13
18/06/2018;23:30;15;6;9
18/06/2018;23:45;8;0;8
19/06/2018;00:00;16;4;12
19/06/2018;00:15;5;1;4
19/06/2018;00:30;4;1;3
19/06/2018;00:45;11;3;8
19/06/2018;01:00;5;2;3
19/06/2018;01:15;4;0;4
19/06/2018;01:30;1;0;1
19/06/2018;01:45;2;0;2
19/06/2018;02:00;2;1;1
19/06/2018;02:15;3;1;2
19/06/2018;02:30;1;0;1
19/06/2018;02:45;2;1;1
19/06/2018;03:00;1;0;1
19/06/2018;03:15;3;0;3
19/06/2018;03:30;2;0;2
19/06/2018;03:45;0;0;0
19/06/2018;04:00;1;1;0
19/06/2018;04:15;4;2;2
19/06/2018;04:30;6;3;3
19/06/2018;04:45;0;0;0
19/06/2018;05:00;4;0;4
19/06/2018;05:15;6;3;3
19/06/2018;05:30;15;5;10
19/06/2018;05:45;12;6;6
19/06/2018;06:00;23;12;11
19/06/2018;06:15;30;11;19
19/06/2018;06:30;42;10;32
19/06/2018;06:45;64;29;35
19/06/2018;07:00;68;28;40
19/06/2018;07:15;78;33;45
19/06/2018;07:30;137;80;57
19/06/2018;07:45;185;105;80
19/06/2018;08:00;134;77;57
19/06/2018;08:15;149;67;82
19/06/2018;08:30;101;57;44
19/06/2018;08:45;118;53;65
19/06/2018;09:00;97;38;59
19/06/2018;09:15;72;36;36
19/06/2018;09:30;60;32;28
19/06/2018;09:45;76;42;34
19/06/2018;10:00;82;24;58
19/06/2018;10:15;58;28;30
19/06/2018;10:30;42;19;23
19/06/2018;10:45;54;26;28
19/06/2018;11:00;51;19;32
19/06/2018;11:15;53;19;34
19/06/2018;11:30;64;20;44
19/06/2018;11:45;72;25;47
19/06/2018;12:00;59;19;40
19/06/2018;12:15;48;7;41
19/06/2018;12:30;84;17;67
19/06/2018;12:45;62;20;42
19/06/2018;13:00;85;21;64
19/06/2018;13:15;128;20;108
19/06/2018;13:30;127;24;103
19/06/2018;13:45;98;21;77
19/06/2018;14:00;84;16;68
19/06/2018;14:15;110;19;91
19/06/2018;14:30;78;23;55
19/06/2018;14:45;74;12;62
19/06/2018;15:00;89;15;74
19/06/2018;15:15;112;21;91
19/06/2018;15:30;110;15;95
19/06/2018;15:45;147;34;113
19/06/2018;16:00;126;20;106
19/06/2018;16:15;143;18;125
19/06/2018;16:30;168;30;138
19/06/2018;16:45;155;17;138
19/06/2018;17:00;160;34;126
19/06/2018;17:15;188;47;141
19/06/2018;17:30;177;30;147
19/06/2018;17:45;155;46;109
19/06/2018;18:00;178;19;159
19/06/2018;18:15;167;41;126
19/06/2018;18:30;153;24;129
19/06/2018;18:45;151;27;124
19/06/2018;19:00;132;22;110
19/06/2018;19:15;139;24;115
19/06/2018;19:30;94;13;81
19/06/2018;19:45;102;29;73
19/06/2018;20:00;92;13;79
19/06/2018;20:15;72;11;61
19/06/2018;20:30;72;12;60
19/06/2018;20:45;62;17;45
19/06/2018;21:00;58;12;46
19/06/2018;21:15;43;8;35
19/06/2018;21:30;54;15;39
19/06/2018;21:45;69;16;53
19/06/2018;22:00;90;28;62
19/06/2018;22:15;58;24;34
19/06/2018;22:30;39;8;31
19/06/2018;22:45;36;8;28
19/06/2018;23:00;21;7;14
19/06/2018;23:15;32;2;30
19/06/2018;23:30;21;5;16
19/06/2018;23:45;13;3;10
20/06/2018;00:00;13;1;12
20/06/2018;00:15;11;2;9
20/06/2018;00:30;11;1;10
20/06/2018;00:45;13;2;11
20/06/2018;01:00;3;0;3
20/06/2018;01:15;2;0;2
20/06/2018;01:30;5;0;5
20/06/2018;01:45;2;0;2
20/06/2018;02:00;3;0;3
20/06/2018;02:15;1;0;1
20/06/2018;02:30;3;0;3
20/06/2018;02:45;2;1;1
20/06/2018;03:00;1;0;1
20/06/2018;03:15;3;0;3
20/06/2018;03:30;0;0;0
20/06/2018;03:45;1;0;1
20/06/2018;04:00;1;1;0
20/06/2018;04:15;5;3;2
20/06/2018;04:30;6;1;5
20/06/2018;04:45;0;0;0
20/06/2018;05:00;3;2;1
20/06/2018;05:15;8;4;4
20/06/2018;05:30;11;3;8
20/06/2018;05:45;16;8;8
20/06/2018;06:00;27;11;16
20/06/2018;06:15;30;11;19
20/06/2018;06:30;51;16;35
20/06/2018;06:45;64;25;39
20/06/2018;07:00;67;29;38
20/06/2018;07:15;114;47;67
20/06/2018;07:30;146;80;66
20/06/2018;07:45;165;97;68
20/06/2018;08:00;126;76;50
20/06/2018;08:15;134;63;71
20/06/2018;08:30;125;66;59
20/06/2018;08:45;129;64;65
20/06/2018;09:00;84;42;42
20/06/2018;09:15;71;29;42
20/06/2018;09:30;84;53;31
20/06/2018;09:45;76;33;43
20/06/2018;10:00;91;49;42
20/06/2018;10:15;50;27;23
20/06/2018;10:30;56;24;32
20/06/2018;10:45;63;30;33
20/06/2018;11:00;67;24;43
20/06/2018;11:15;68;23;45
20/06/2018;11:30;62;19;43
20/06/2018;11:45;73;22;51
20/06/2018;12:00;89;23;66
20/06/2018;12:15;93;22;71
20/06/2018;12:30;102;20;82
20/06/2018;12:45;90;10;80
20/06/2018;13:00;91;7;84
20/06/2018;13:15;96;20;76
20/06/2018;13:30;119;31;88
20/06/2018;13:45;100;22;78
20/06/2018;14:00;108;20;88
20/06/2018;14:15;110;12;98
20/06/2018;14:30;88;9;79
20/06/2018;14:45;98;28;70
20/06/2018;15:00;123;27;96
20/06/2018;15:15;123;23;100
20/06/2018;15:30;138;30;108
20/06/2018;15:45;141;25;116
20/06/2018;16:00;172;21;151
20/06/2018;16:15;155;33;122
20/06/2018;16:30;136;28;108
20/06/2018;16:45;162;22;140
20/06/2018;17:00;188;26;162
20/06/2018;17:15;207;29;178
20/06/2018;17:30;196;41;155
20/06/2018;17:45;194;43;151
20/06/2018;18:00;191;35;156
20/06/2018;18:15;175;32;143
20/06/2018;18:30;155;29;126
20/06/2018;18:45;163;36;127
20/06/2018;19:00;149;31;118
20/06/2018;19:15;146;41;105
20/06/2018;19:30;117;27;90
20/06/2018;19:45;137;35;102
20/06/2018;20:00;118;23;95
20/06/2018;20:15;95;13;82
20/06/2018;20:30;104;18;86
20/06/2018;20:45;58;17;41
20/06/2018;21:00;72;27;45
20/06/2018;21:15;84;16;68
20/06/2018;21:30;75;29;46
20/06/2018;21:45;86;24;62
20/06/2018;22:00;84;20;64
20/06/2018;22:15;77;21;56
20/06/2018;22:30;61;27;34
20/06/2018;22:45;62;20;42
20/06/2018;23:00;43;13;30
20/06/2018;23:15;38;8;30
20/06/2018;23:30;31;6;25
20/06/2018;23:45;35;9;26
21/06/2018;00:00;11;1;10
21/06/2018;00:15;15;3;12
21/06/2018;00:30;13;3;10
21/06/2018;00:45;9;4;5
21/06/2018;01:00;5;0;5
21/06/2018;01:15;7;0;7
21/06/2018;01:30;8;0;8
21/06/2018;01:45;3;0;3
21/06/2018;02:00;6;1;5
21/06/2018;02:15;5;1;4
21/06/2018;02:30;2;0;2
21/06/2018;02:45;2;0;2
21/06/2018;03:00;2;1;1
21/06/2018;03:15;3;1;2
21/06/2018;03:30;1;0;1
21/06/2018;03:45;0;0;0
21/06/2018;04:00;1;0;1
21/06/2018;04:15;7;3;4
21/06/2018;04:30;3;1;2
21/06/2018;04:45;2;1;1
21/06/2018;05:00;3;0;3
21/06/2018;05:15;7;5;2
21/06/2018;05:30;19;10;9
21/06/2018;05:45;11;6;5
21/06/2018;06:00;20;11;9
21/06/2018;06:15;32;13;19
21/06/2018;06:30;50;15;35
21/06/2018;06:45;60;26;34
21/06/2018;07:00;78;35;43
21/06/2018;07:15;70;23;47
21/06/2018;07:30;126;67;59
21/06/2018;07:45;170;105;65
21/06/2018;08:00;143;70;73
21/06/2018;08:15;128;64;64
21/06/2018;08:30;116;56;60
21/06/2018;08:45;114;63;51
21/06/2018;09:00;78;38;40
21/06/2018;09:15;73;36;37
21/06/2018;09:30;67;33;34
21/06/2018;09:45;72;32;40
21/06/2018;10:00;50;19;31
21/06/2018;10:15;41;16;25
21/06/2018;10:30;34;13;21
21/06/2018;10:45;52;22;30
21/06/2018;11:00;55;17;38
21/06/2018;11:15;57;21;36
21/06/2018;11:30;49;12;37
21/06/2018;11:45;62;21;41
21/06/2018;12:00;69;25;44
21/06/2018;12:15;74;23;51
21/06/2018;12:30;55;13;42
21/06/2018;12:45;60;23;37
21/06/2018;13:00;74;16;58
21/06/2018;13:15;112;36;76
21/06/2018;13:30;90;20;70
21/06/2018;13:45;84;16;68
21/06/2018;14:00;102;20;82
21/06/2018;14:15;108;34;74
21/06/2018;14:30;60;13;47
21/06/2018;14:45;103;15;88
21/06/2018;15:00;102;20;82
21/06/2018;15:15;87;20;67
21/06/2018;15:30;112;18;94
21/06/2018;15:45;113;15;98
21/06/2018;16:00;155;32;123
21/06/2018;16:15;113;18;95
21/06/2018;16:30;133;30;103
21/06/2018;16:45;173;42;131
21/06/2018;17:00;168;32;136
21/06/2018;17:15;155;21;134
21/06/2018;17:30;152;23;129
21/06/2018;17:45;176;42;134
21/06/2018;18:00;191;42;149
21/06/2018;18:15;152;17;135
21/06/2018;18:30;130;29;101
21/06/2018;18:45;145;37;108
21/06/2018;19:00;133;28;105
21/06/2018;19:15;101;18;83
21/06/2018;19:30;116;37;79
21/06/2018;19:45;105;23;82
21/06/2018;20:00;71;14;57
21/06/2018;20:15;68;8;60
21/06/2018;20:30;51;15;36
21/06/2018;20:45;52;14;38
21/06/2018;21:00;46;6;40
21/06/2018;21:15;78;22;56
21/06/2018;21:30;57;9;48
21/06/2018;21:45;45;8;37
21/06/2018;22:00;57;10;47
21/06/2018;22:15;52;5;47
21/06/2018;22:30;29;7;22
21/06/2018;22:45;25;5;20
21/06/2018;23:00;28;7;21
21/06/2018;23:15;21;4;17
21/06/2018;23:30;29;2;27
21/06/2018;23:45;13;1;12
22/06/2018;00:00;15;1;14
22/06/2018;00:15;16;3;13
22/06/2018;00:30;12;3;9
22/06/2018;00:45;6;0;6
22/06/2018;01:00;6;0;6
22/06/2018;01:15;3;0;3
22/06/2018;01:30;4;0;4
22/06/2018;01:45;3;0;3
22/06/2018;02:00;2;0;2
22/06/2018;02:15;3;1;2
22/06/2018;02:30;3;1;2
22/06/2018;02:45;2;0;2
22/06/2018;03:00;1;0;1
22/06/2018;03:15;3;0;3
22/06/2018;03:30;2;0;2
22/06/2018;03:45;2;0;2
22/06/2018;04:00;2;1;1
22/06/2018;04:15;3;2;1
22/06/2018;04:30;3;1;2
22/06/2018;04:45;4;1;3
22/06/2018;05:00;3;0;3
22/06/2018;05:15;8;3;5
22/06/2018;05:30;11;4;7
22/06/2018;05:45;11;6;5
22/06/2018;06:00;21;11;10
22/06/2018;06:15;24;8;16
22/06/2018;06:30;46;17;29
22/06/2018;06:45;34;16;18
22/06/2018;07:00;63;28;35
22/06/2018;07:15;60;26;34
22/06/2018;07:30;116;57;59
22/06/2018;07:45;140;83;57
22/06/2018;08:00;103;53;50
22/06/2018;08:15;90;37;53
22/06/2018;08:30;70;24;46
22/06/2018;08:45;100;49;51
22/06/2018;09:00;69;37;32
22/06/2018;09:15;67;24;43
22/06/2018;09:30;46;21;25
22/06/2018;09:45;62;23;39
22/06/2018;10:00;61;29;32
22/06/2018;10:15;45;24;21
22/06/2018;10:30;53;24;29
22/06/2018;10:45;54;21;33
22/06/2018;11:00;39;11;28
22/06/2018;11:15;47;18;29
22/06/2018;11:30;48;11;37
22/06/2018;11:45;58;20;38
22/06/2018;12:00;59;14;45
22/06/2018;12:15;64;16;48
22/06/2018;12:30;89;30;59
22/06/2018;12:45;75;21;54
22/06/2018;13:00;88;11;77
22/06/2018;13:15;99;18;81
22/06/2018;13:30;104;16;88
22/06/2018;13:45;72;25;47
22/06/2018;14:00;89;25;64
22/06/2018;14:15;113;24;89
22/06/2018;14:30;85;17;68
22/06/2018;14:45;81;18;63
22/06/2018;15:00;76;11;65
22/06/2018;15:15;91;15;76
22/06/2018;15:30;87;17;70
22/06/2018;15:45;86;14;72
22/06/2018;16:00;100;17;83
22/06/2018;16:15;138;23;115
22/06/2018;16:30;100;17;83
22/06/2018;16:45;113;27;86
22/06/2018;17:00;122;30;92
22/06/2018;17:15;117;21;96
22/06/2018;17:30;90;25;65
22/06/2018;17:45;111;33;78
22/06/2018;18:00;108;29;79
22/06/2018;18:15;125;22;103
22/06/2018;18:30;90;20;70
22/06/2018;18:45;107;27;80
22/06/2018;19:00;94;19;75
22/06/2018;19:15;95;14;81
22/06/2018;19:30;95;20;75
22/06/2018;19:45;77;16;61
22/06/2018;20:00;68;15;53
22/06/2018;20:15;70;18;52
22/06/2018;20:30;62;6;56
22/06/2018;20:45;40;9;31
22/06/2018;21:00;44;12;32
22/06/2018;21:15;46;9;37
22/06/2018;21:30;42;10;32
22/06/2018;21:45;31;10;21
22/06/2018;22:00;43;9;34
22/06/2018;22:15;37;4;33
22/06/2018;22:30;33;9;24
22/06/2018;22:45;35;8;27
22/06/2018;23:00;25;8;17
22/06/2018;23:15;29;9;20
22/06/2018;23:30;25;9;16
22/06/2018;23:45;28;9;19
23/06/2018;00:00;18;3;15
23/06/2018;00:15;11;2;9
23/06/2018;00:30;11;5;6
23/06/2018;00:45;20;7;13
23/06/2018;01:00;12;3;9
23/06/2018;01:15;25;5;20
23/06/2018;01:30;19;5;14
23/06/2018;01:45;15;3;12
23/06/2018;02:00;6;2;4
23/06/2018;02:15;6;0;6
23/06/2018;02:30;2;1;1
23/06/2018;02:45;4;0;4
23/06/2018;03:00;3;1;2
23/06/2018;03:15;2;0;2
23/06/2018;03:30;7;1;6
23/06/2018;03:45;2;0;2
23/06/2018;04:00;2;0;2
23/06/2018;04:15;2;0;2
23/06/2018;04:30;1;0;1
23/06/2018;04:45;1;0;1
23/06/2018;05:00;3;0;3
23/06/2018;05:15;1;0;1
23/06/2018;05:30;3;0;3
23/06/2018;05:45;5;1;4
23/06/2018;06:00;5;3;2
23/06/2018;06:15;2;1;1
23/06/2018;06:30;5;3;2
23/06/2018;06:45;8;4;4
23/06/2018;07:00;4;1;3
23/06/2018;07:15;9;3;6
23/06/2018;07:30;17;10;7
23/06/2018;07:45;21;11;10
23/06/2018;08:00;18;6;12
23/06/2018;08:15;12;5;7
23/06/2018;08:30;28;14;14
23/06/2018;08:45;26;14;12
23/06/2018;09:00;27;15;12
23/06/2018;09:15;29;17;12
23/06/2018;09:30;43;17;26
23/06/2018;09:45;41;18;23
23/06/2018;10:00;37;8;29
23/06/2018;10:15;49;24;25
23/06/2018;10:30;49;13;36
23/06/2018;10:45;71;28;43
23/06/2018;11:00;56;14;42
23/06/2018;11:15;60;18;42
23/06/2018;11:30;56;17;39
23/06/2018;11:45;61;18;43
23/06/2018;12:00;60;21;39
23/06/2018;12:15;67;26;41
23/06/2018;12:30;67;16;51
23/06/2018;12:45;70;27;43
23/06/2018;13:00;76;29;47
23/06/2018;13:15;60;15;45
23/06/2018;13:30;82;27;55
23/06/2018;13:45;100;24;76
23/06/2018;14:00;71;25;46
23/06/2018;14:15;75;18;57
23/06/2018;14:30;71;20;51
23/06/2018;14:45;78;12;66
23/06/2018;15:00;62;15;47
23/06/2018;15:15;57;17;40
23/06/2018;15:30;58;10;48
23/06/2018;15:45;72;20;52
23/06/2018;16:00;61;9;52
23/06/2018;16:15;61;19;42
23/06/2018;16:30;65;19;46
23/06/2018;16:45;71;13;58
23/06/2018;17:00;82;25;57
23/06/2018;17:15;83;24;59
23/06/2018;17:30;64;10;54
23/06/2018;17:45;78;18;60
23/06/2018;18:00;68;17;51
23/06/2018;18:15;74;16;58
23/06/2018;18:30;56;12;44
23/06/2018;18:45;73;21;52
23/06/2018;19:00;84;21;63
23/06/2018;19:15;98;25;73
23/06/2018;19:30;81;30;51
23/06/2018;19:45;41;11;30
23/06/2018;20:00;41;11;30
23/06/2018;20:15;28;9;19
23/06/2018;20:30;21;6;15
23/06/2018;20:45;23;8;15
23/06/2018;21:00;20;5;15
23/06/2018;21:15;9;2;7
23/06/2018;21:30;13;5;8
23/06/2018;21:45;8;2;6
23/06/2018;22:00;43;15;28
23/06/2018;22:15;61;25;36
23/06/2018;22:30;48;10;38
23/06/2018;22:45;45;19;26
23/06/2018;23:00;42;12;30
23/06/2018;23:15;38;3;35
23/06/2018;23:30;43;15;28
23/06/2018;23:45;33;8;25
24/06/2018;00:00;33;12;21
24/06/2018;00:15;30;6;24
24/06/2018;00:30;31;13;18
24/06/2018;00:45;21;5;16
24/06/2018;01:00;18;5;13
24/06/2018;01:15;12;2;10
24/06/2018;01:30;12;1;11
24/06/2018;01:45;16;2;14
24/06/2018;02:00;11;3;8
24/06/2018;02:15;11;4;7
24/06/2018;02:30;12;2;10
24/06/2018;02:45;14;0;14
24/06/2018;03:00;16;2;14
24/06/2018;03:15;10;1;9
24/06/2018;03:30;6;0;6
24/06/2018;03:45;4;1;3
24/06/2018;04:00;6;0;6
24/06/2018;04:15;0;0;0
24/06/2018;04:30;4;1;3
24/06/2018;04:45;5;1;4
24/06/2018;05:00;3;1;2
24/06/2018;05:15;7;3;4
24/06/2018;05:30;2;1;1
24/06/2018;05:45;4;0;4
24/06/2018;06:00;7;2;5
24/06/2018;06:15;3;2;1
24/06/2018;06:30;3;1;2
24/06/2018;06:45;1;0;1
24/06/2018;07:00;4;4;0
24/06/2018;07:15;4;2;2
24/06/2018;07:30;6;3;3
24/06/2018;07:45;6;2;4
24/06/2018;08:00;9;3;6
24/06/2018;08:15;10;4;6
24/06/2018;08:30;13;8;5
24/06/2018;08:45;7;1;6
24/06/2018;09:00;6;4;2
24/06/2018;09:15;18;7;11
24/06/2018;09:30;17;6;11
24/06/2018;09:45;26;7;19
24/06/2018;10:00;17;6;11
24/06/2018;10:15;43;11;32
24/06/2018;10:30;32;11;21
24/06/2018;10:45;30;11;19
24/06/2018;11:00;30;11;19
24/06/2018;11:15;56;24;32
24/06/2018;11:30;59;25;34
24/06/2018;11:45;60;25;35
24/06/2018;12:00;40;8;32
24/06/2018;12:15;39;7;32
24/06/2018;12:30;41;11;30
24/06/2018;12:45;57;17;40
24/06/2018;13:00;70;19;51
24/06/2018;13:15;55;18;37
24/06/2018;13:30;65;26;39
24/06/2018;13:45;59;25;34
24/06/2018;14:00;73;15;58
24/06/2018;14:15;75;18;57
24/06/2018;14:30;64;15;49
24/06/2018;14:45;58;16;42
24/06/2018;15:00;72;19;53
24/06/2018;15:15;60;15;45
24/06/2018;15:30;61;14;47
24/06/2018;15:45;106;22;84
24/06/2018;16:00;102;38;64
24/06/2018;16:15;76;14;62
24/06/2018;16:30;75;9;66
24/06/2018;16:45;58;14;44
24/06/2018;17:00;83;17;66
24/06/2018;17:15;93;14;79
24/06/2018;17:30;82;33;49
24/06/2018;17:45;67;17;50
24/06/2018;18:00;63;8;55
24/06/2018;18:15;104;22;82
24/06/2018;18:30;70;10;60
24/06/2018;18:45;49;8;41
24/06/2018;19:00;59;14;45
24/06/2018;19:15;53;7;46
24/06/2018;19:30;52;12;40
24/06/2018;19:45;41;10;31
24/06/2018;20:00;31;10;21
24/06/2018;20:15;38;6;32
24/06/2018;20:30;50;8;42
24/06/2018;20:45;26;6;20
24/06/2018;21:00;18;8;10
24/06/2018;21:15;15;3;12
24/06/2018;21:30;18;2;16
24/06/2018;21:45;19;4;15
24/06/2018;22:00;12;4;8
24/06/2018;22:15;32;4;28
24/06/2018;22:30;15;3;12
24/06/2018;22:45;9;1;8
24/06/2018;23:00;5;1;4
24/06/2018;23:15;13;5;8
24/06/2018;23:30;6;1;5
24/06/2018;23:45;3;0;3
25/06/2018;00:00;3;0;3
25/06/2018;00:15;8;2;6
25/06/2018;00:30;2;1;1
25/06/2018;00:45;3;2;1
25/06/2018;01:00;1;0;1
25/06/2018;01:15;0;0;0
25/06/2018;01:30;2;0;2
25/06/2018;01:45;3;0;3
25/06/2018;02:00;0;0;0
25/06/2018;02:15;0;0;0
25/06/2018;02:30;0;0;0
25/06/2018;02:45;2;0;2
25/06/2018;03:00;0;0;0
25/06/2018;03:15;1;0;1
25/06/2018;03:30;2;0;2
25/06/2018;03:45;0;0;0
25/06/2018;04:00;0;0;0
25/06/2018;04:15;4;2;2
25/06/2018;04:30;3;0;3
25/06/2018;04:45;2;0;2
25/06/2018;05:00;1;0;1
25/06/2018;05:15;5;4;1
25/06/2018;05:30;13;6;7
25/06/2018;05:45;11;4;7
25/06/2018;06:00;19;7;12
25/06/2018;06:15;19;10;9
25/06/2018;06:30;36;15;21
25/06/2018;06:45;26;10;16
25/06/2018;07:00;41;18;23
25/06/2018;07:15;71;29;42
25/06/2018;07:30;102;53;49
25/06/2018;07:45;113;63;50
25/06/2018;08:00;123;77;46
25/06/2018;08:15;110;44;66
25/06/2018;08:30;98;50;48
25/06/2018;08:45;112;56;56
25/06/2018;09:00;80;38;42
25/06/2018;09:15;74;29;45
25/06/2018;09:30;56;28;28
25/06/2018;09:45;63;33;30
25/06/2018;10:00;57;27;30
25/06/2018;10:15;38;17;21
25/06/2018;10:30;46;19;27
25/06/2018;10:45;48;16;32
25/06/2018;11:00;19;6;13
25/06/2018;11:15;56;17;39
25/06/2018;11:30;41;16;25
25/06/2018;11:45;55;21;34
25/06/2018;12:00;61;24;37
25/06/2018;12:15;58;14;44
25/06/2018;12:30;55;8;47
25/06/2018;12:45;86;17;69
25/06/2018;13:00;57;18;39
25/06/2018;13:15;60;17;43
25/06/2018;13:30;82;17;65
25/06/2018;13:45;88;21;67
25/06/2018;14:00;68;20;48
25/06/2018;14:15;83;11;72
25/06/2018;14:30;78;17;61
25/06/2018;14:45;95;21;74
25/06/2018;15:00;96;24;72
25/06/2018;15:15;77;15;62
25/06/2018;15:30;96;27;69
25/06/2018;15:45;119;31;88
25/06/2018;16:00;107;22;85
25/06/2018;16:15;125;19;106
25/06/2018;16:30;128;17;111
25/06/2018;16:45;154;34;120
25/06/2018;17:00;128;21;107
25/06/2018;17:15;177;30;147
25/06/2018;17:30;138;28;110
25/06/2018;17:45;156;27;129
25/06/2018;18:00;150;28;122
25/06/2018;18:15;154;20;134
25/06/2018;18:30;126;21;105
25/06/2018;18:45;123;29;94
25/06/2018;19:00;116;15;101
25/06/2018;19:15;111;17;94
25/06/2018;19:30;106;25;81
25/06/2018;19:45;103;21;82
25/06/2018;20:00;85;18;67
25/06/2018;20:15;67;13;54
25/06/2018;20:30;71;19;52
25/06/2018;20:45;68;15;53
25/06/2018;21:00;50;15;35
25/06/2018;21:15;43;6;37
25/06/2018;21:30;41;8;33
25/06/2018;21:45;50;15;35
25/06/2018;22:00;45;11;34
25/06/2018;22:15;42;8;34
25/06/2018;22:30;32;7;25
25/06/2018;22:45;37;4;33
25/06/2018;23:00;18;7;11
25/06/2018;23:15;21;4;17
25/06/2018;23:30;22;3;19
25/06/2018;23:45;6;0;6
26/06/2018;00:00;7;2;5
26/06/2018;00:15;17;5;12
26/06/2018;00:30;8;1;7
26/06/2018;00:45;6;0;6
26/06/2018;01:00;2;0;2
26/06/2018;01:15;4;1;3
26/06/2018;01:30;4;0;4
26/06/2018;01:45;5;2;3
26/06/2018;02:00;6;2;4
26/06/2018;02:15;1;0;1
26/06/2018;02:30;9;2;7
26/06/2018;02:45;1;0;1
26/06/2018;03:00;1;0;1
26/06/2018;03:15;1;0;1
26/06/2018;03:30;2;0;2
26/06/2018;03:45;0;0;0
26/06/2018;04:00;0;0;0
26/06/2018;04:15;7;3;4
26/06/2018;04:30;4;1;3
26/06/2018;04:45;0;0;0
26/06/2018;05:00;3;1;2
26/06/2018;05:15;8;4;4
26/06/2018;05:30;19;8;11
26/06/2018;05:45;10;2;8
26/06/2018;06:00;15;7;8
26/06/2018;06:15;32;14;18
26/06/2018;06:30;35;10;25
26/06/2018;06:45;50;27;23
26/06/2018;07:00;70;27;43
26/06/2018;07:15;112;55;57
26/06/2018;07:30;156;80;76
26/06/2018;07:45;176;108;68
26/06/2018;08:00;136;83;53
26/06/2018;08:15;139;68;71
26/06/2018;08:30;120;59;61
26/06/2018;08:45;110;61;49
26/06/2018;09:00;80;40;40
26/06/2018;09:15;69;38;31
26/06/2018;09:30;64;27;37
26/06/2018;09:45;84;46;38
26/06/2018;10:00;76;30;46
26/06/2018;10:15;55;26;29
26/06/2018;10:30;43;12;31
26/06/2018;10:45;54;21;33
26/06/2018;11:00;65;21;44
26/06/2018;11:15;48;21;27
26/06/2018;11:30;58;14;44
26/06/2018;11:45;79;28;51
26/06/2018;12:00;86;30;56
26/06/2018;12:15;75;14;61
26/06/2018;12:30;73;15;58
26/06/2018;12:45;76;19;57
26/06/2018;13:00;104;26;78
26/06/2018;13:15;109;24;85
26/06/2018;13:30;128;21;107
26/06/2018;13:45;73;19;54
26/06/2018;14:00;93;25;68
26/06/2018;14:15;106;17;89
26/06/2018;14:30;90;24;66
26/06/2018;14:45;113;24;89
26/06/2018;15:00;113;19;94
26/06/2018;15:15;118;29;89
26/06/2018;15:30;129;31;98
26/06/2018;15:45;157;39;118
26/06/2018;16:00;161;27;134
26/06/2018;16:15;167;27;140
26/06/2018;16:30;189;27;162
26/06/2018;16:45;168;31;137
26/06/2018;17:00;173;25;148
26/06/2018;17:15;180;32;148
26/06/2018;17:30;185;37;148
26/06/2018;17:45;240;60;180
26/06/2018;18:00;229;44;185
26/06/2018;18:15;183;39;144
26/06/2018;18:30;198;45;153
26/06/2018;18:45;178;35;143
26/06/2018;19:00;160;31;129
26/06/2018;19:15;166;38;128
26/06/2018;19:30;139;34;105
26/06/2018;19:45;128;28;100
26/06/2018;20:00;137;36;101
26/06/2018;20:15;105;28;77
26/06/2018;20:30;76;20;56
26/06/2018;20:45;72;15;57
26/06/2018;21:00;63;12;51
26/06/2018;21:15;54;18;36
26/06/2018;21:30;64;14;50
26/06/2018;21:45;58;17;41
26/06/2018;22:00;76;14;62
26/06/2018;22:15;79;25;54
26/06/2018;22:30;65;23;42
26/06/2018;22:45;37;5;32
26/06/2018;23:00;29;5;24
26/06/2018;23:15;28;7;21
26/06/2018;23:30;35;7;28
26/06/2018;23:45;10;1;9
27/06/2018;00:00;12;2;10
27/06/2018;00:15;9;3;6
27/06/2018;00:30;7;0;7
27/06/2018;00:45;13;4;9
27/06/2018;01:00;10;3;7
27/06/2018;01:15;2;1;1
27/06/2018;01:30;5;1;4
27/06/2018;01:45;5;0;5
27/06/2018;02:00;3;1;2
27/06/2018;02:15;4;1;3
27/06/2018;02:30;6;5;1
27/06/2018;02:45;1;0;1
27/06/2018;03:00;1;0;1
27/06/2018;03:15;4;0;4
27/06/2018;03:30;2;0;2
27/06/2018;03:45;0;0;0
27/06/2018;04:00;1;0;1
27/06/2018;04:15;6;3;3
27/06/2018;04:30;6;1;5
27/06/2018;04:45;1;1;0
27/06/2018;05:00;2;1;1
27/06/2018;05:15;6;3;3
27/06/2018;05:30;18;6;12
27/06/2018;05:45;12;7;5
27/06/2018;06:00;26;14;12
27/06/2018;06:15;28;12;16
27/06/2018;06:30;48;16;32
27/06/2018;06:45;52;26;26
27/06/2018;07:00;68;28;40
27/06/2018;07:15;83;30;53
27/06/2018;07:30;136;78;58
27/06/2018;07:45;187;103;84
27/06/2018;08:00;134;70;64
27/06/2018;08:15;144;65;79
27/06/2018;08:30;125;62;63
27/06/2018;08:45;127;63;64
27/06/2018;09:00;77;38;39
27/06/2018;09:15;92;48;44
27/06/2018;09:30;133;56;77
27/06/2018;09:45;97;59;38
27/06/2018;10:00;90;37;53
27/06/2018;10:15;75;28;47
27/06/2018;10:30;64;26;38
27/06/2018;10:45;70;22;48
27/06/2018;11:00;64;18;46
27/06/2018;11:15;65;26;39
27/06/2018;11:30;76;26;50
27/06/2018;11:45;90;30;60
27/06/2018;12:00;91;23;68
27/06/2018;12:15;70;17;53
27/06/2018;12:30;112;32;80
27/06/2018;12:45;86;29;57
27/06/2018;13:00;101;18;83
27/06/2018;13:15;120;18;102
27/06/2018;13:30;122;30;92
27/06/2018;13:45;114;30;84
27/06/2018;14:00;106;24;82
27/06/2018;14:15;116;17;99
27/06/2018;14:30;138;19;119
27/06/2018;14:45;171;35;136
27/06/2018;15:00;226;24;202
27/06/2018;15:15;236;49;187
27/06/2018;15:30;231;48;183
27/06/2018;15:45;225;47;178
27/06/2018;16:00;134;30;104
27/06/2018;16:15;114;25;89
27/06/2018;16:30;99;22;77
27/06/2018;16:45;111;22;89
27/06/2018;17:00;102;20;82
27/06/2018;17:15;89;16;73
27/06/2018;17:30;70;15;55
27/06/2018;17:45;54;18;36
27/06/2018;18:00;193;52;141
27/06/2018;18:15;247;54;193
27/06/2018;18:30;171;24;147
27/06/2018;18:45;167;41;126
27/06/2018;19:00;163;48;115
27/06/2018;19:15;168;39;129
27/06/2018;19:30;126;38;88
27/06/2018;19:45;135;28;107
27/06/2018;20:00;110;24;86
27/06/2018;20:15;85;11;74
27/06/2018;20:30;79;27;52
27/06/2018;20:45;73;5;68
27/06/2018;21:00;90;26;64
27/06/2018;21:15;76;16;60
27/06/2018;21:30;50;3;47
27/06/2018;21:45;80;20;60
27/06/2018;22:00;71;19;52
27/06/2018;22:15;67;20;47
27/06/2018;22:30;46;9;37
27/06/2018;22:45;40;4;36
27/06/2018;23:00;42;8;34
27/06/2018;23:15;35;7;28
27/06/2018;23:30;27;10;17
27/06/2018;23:45;14;1;13
28/06/2018;00:00;22;3;19
28/06/2018;00:15;17;7;10
28/06/2018;00:30;20;10;10
28/06/2018;00:45;10;4;6
28/06/2018;01:00;4;1;3
28/06/2018;01:15;7;5;2
28/06/2018;01:30;4;3;1
28/06/2018;01:45;2;1;1
28/06/2018;02:00;2;0;2
28/06/2018;02:15;6;1;5
28/06/2018;02:30;2;0;2
28/06/2018;02:45;1;0;1
28/06/2018;03:00;4;1;3
28/06/2018;03:15;2;1;1
28/06/2018;03:30;4;0;4
28/06/2018;03:45;0;0;0
28/06/2018;04:00;4;1;3
28/06/2018;04:15;8;2;6
28/06/2018;04:30;5;0;5
28/06/2018;04:45;2;0;2
28/06/2018;05:00;2;2;0
28/06/2018;05:15;8;4;4
28/06/2018;05:30;16;7;9
28/06/2018;05:45;17;10;7
28/06/2018;06:00;26;8;18
28/06/2018;06:15;36;20;16
28/06/2018;06:30;46;13;33
28/06/2018;06:45;56;26;30
28/06/2018;07:00;71;32;39
28/06/2018;07:15;84;32;52
28/06/2018;07:30;156;88;68
28/06/2018;07:45;173;108;65
28/06/2018;08:00;142;67;75
28/06/2018;08:15;126;60;66
28/06/2018;08:30;113;51;62
28/06/2018;08:45;134;79;55
28/06/2018;09:00;82;42;40
28/06/2018;09:15;102;42;60
28/06/2018;09:30;70;37;33
28/06/2018;09:45;83;36;47
28/06/2018;10:00;55;15;40
28/06/2018;10:15;80;30;50
28/06/2018;10:30;56;20;36
28/06/2018;10:45;64;26;38
28/06/2018;11:00;65;23;42
28/06/2018;11:15;72;23;49
28/06/2018;11:30;60;22;38
28/06/2018;11:45;90;30;60
28/06/2018;12:00;74;23;51
28/06/2018;12:15;82;22;60
28/06/2018;12:30;83;20;63
28/06/2018;12:45;85;13;72
28/06/2018;13:00;82;16;66
28/06/2018;13:15;98;17;81
28/06/2018;13:30;119;20;99
28/06/2018;13:45;94;24;70
28/06/2018;14:00;123;35;88
28/06/2018;14:15;97;17;80
28/06/2018;14:30;123;36;87
28/06/2018;14:45;78;19;59
28/06/2018;15:00;120;28;92
28/06/2018;15:15;101;21;80
28/06/2018;15:30;103;1;102
28/06/2018;15:45;118;3;115
28/06/2018;16:00;120;5;115
28/06/2018;16:15;183;34;149
28/06/2018;16:30;127;8;119
28/06/2018;16:45;119;7;112
28/06/2018;17:00;166;27;139
28/06/2018;17:15;197;29;168
28/06/2018;17:30;188;21;167
28/06/2018;17:45;154;8;146
28/06/2018;18:00;150;3;147
28/06/2018;18:15;143;7;136
28/06/2018;18:30;113;6;107
28/06/2018;18:45;124;6;118
28/06/2018;19:00;153;41;112
28/06/2018;19:15;136;5;131
28/06/2018;19:30;93;1;92
28/06/2018;19:45;88;0;88
28/06/2018;20:00;117;25;92
28/06/2018;20:15;104;15;89
28/06/2018;20:30;71;6;65
28/06/2018;20:45;50;5;45
28/06/2018;21:00;62;0;62
28/06/2018;21:15;38;3;35
28/06/2018;21:30;81;15;66
28/06/2018;21:45;57;20;37
28/06/2018;22:00;65;14;51
28/06/2018;22:15;83;17;66
28/06/2018;22:30;49;3;46
28/06/2018;22:45;36;6;30
28/06/2018;23:00;46;9;37
28/06/2018;23:15;28;4;24
28/06/2018;23:30;32;8;24
28/06/2018;23:45;21;2;19
29/06/2018;00:00;20;5;15
29/06/2018;00:15;7;0;7
29/06/2018;00:30;11;1;10
29/06/2018;00:45;8;1;7
29/06/2018;01:00;6;1;5
29/06/2018;01:15;11;4;7
29/06/2018;01:30;4;1;3
29/06/2018;01:45;6;0;6
29/06/2018;02:00;7;2;5
29/06/2018;02:15;4;0;4
29/06/2018;02:30;10;5;5
29/06/2018;02:45;4;0;4
29/06/2018;03:00;4;0;4
29/06/2018;03:15;5;2;3
29/06/2018;03:30;2;0;2
29/06/2018;03:45;2;0;2
29/06/2018;04:00;0;0;0
29/06/2018;04:15;7;1;6
29/06/2018;04:30;5;1;4
29/06/2018;04:45;2;1;1
29/06/2018;05:00;1;1;0
29/06/2018;05:15;6;2;4
29/06/2018;05:30;14;6;8
29/06/2018;05:45;13;5;8
29/06/2018;06:00;25;12;13
29/06/2018;06:15;32;13;19
29/06/2018;06:30;37;9;28
29/06/2018;06:45;47;20;27
29/06/2018;07:00;73;29;44
29/06/2018;07:15;80;30;50
29/06/2018;07:30;145;83;62
29/06/2018;07:45;137;78;59
29/06/2018;08:00;93;46;47
29/06/2018;08:15;112;57;55
29/06/2018;08:30;120;51;69
29/06/2018;08:45;133;56;77
29/06/2018;09:00;60;32;28
29/06/2018;09:15;75;28;47
29/06/2018;09:30;30;4;26
29/06/2018;09:45;72;35;37
29/06/2018;10:00;66;28;38
29/06/2018;10:15;42;3;39
29/06/2018;10:30;53;9;44
29/06/2018;10:45;36;4;32
29/06/2018;11:00;76;20;56
29/06/2018;11:15;72;19;53
29/06/2018;11:30;77;17;60
29/06/2018;11:45;94;27;67
29/06/2018;12:00;70;18;52
29/06/2018;12:15;87;19;68
29/06/2018;12:30;88;18;70
29/06/2018;12:45;89;3;86
29/06/2018;13:00;87;1;86
29/06/2018;13:15;96;1;95
29/06/2018;13:30;109;1;108
29/06/2018;13:45;78;2;76
29/06/2018;14:00;77;2;75
29/06/2018;14:15;121;18;103
29/06/2018;14:30;98;6;92
29/06/2018;14:45;112;15;97
29/06/2018;15:00;92;2;90
29/06/2018;15:15;98;0;98
29/06/2018;15:30;87;4;83
29/06/2018;15:45;109;2;107
29/06/2018;16:00;107;0;107
29/06/2018;16:15;95;0;95
29/06/2018;16:30;124;26;98
29/06/2018;16:45;158;23;135
29/06/2018;17:00;147;33;114
29/06/2018;17:15;101;5;96
29/06/2018;17:30;113;5;108
29/06/2018;17:45;101;9;92
29/06/2018;18:00;84;9;75
29/06/2018;18:15;143;33;110
29/06/2018;18:30;120;29;91
29/06/2018;18:45;100;20;80
29/06/2018;19:00;107;26;81
29/06/2018;19:15;99;3;96
29/06/2018;19:30;89;7;82
29/06/2018;19:45;146;35;111
29/06/2018;20:00;103;4;99
29/06/2018;20:15;111;17;94
29/06/2018;20:30;77;21;56
29/06/2018;20:45;61;0;61
29/06/2018;21:00;82;21;61
29/06/2018;21:15;63;3;60
29/06/2018;21:30;44;2;42
29/06/2018;21:45;61;20;41
29/06/2018;22:00;70;15;55
29/06/2018;22:15;56;18;38
29/06/2018;22:30;39;11;28
29/06/2018;22:45;25;0;25
29/06/2018;23:00;42;8;34
29/06/2018;23:15;33;3;30
29/06/2018;23:30;23;6;17
29/06/2018;23:45;46;15;31
30/06/2018;00:00;42;16;26
30/06/2018;00:15;55;10;45
30/06/2018;00:30;30;11;19
30/06/2018;00:45;22;7;15
30/06/2018;01:00;26;11;15
30/06/2018;01:15;24;3;21
30/06/2018;01:30;28;4;24
30/06/2018;01:45;18;7;11
30/06/2018;02:00;19;5;14
30/06/2018;02:15;9;0;9
30/06/2018;02:30;17;2;15
30/06/2018;02:45;8;2;6
30/06/2018;03:00;8;0;8
30/06/2018;03:15;8;3;5
30/06/2018;03:30;8;3;5
30/06/2018;03:45;4;2;2
30/06/2018;04:00;1;1;0
30/06/2018;04:15;7;4;3
30/06/2018;04:30;6;1;5
30/06/2018;04:45;5;1;4
30/06/2018;05:00;0;0;0
30/06/2018;05:15;7;1;6
30/06/2018;05:30;4;2;2
30/06/2018;05:45;4;1;3
30/06/2018;06:00;5;1;4
30/06/2018;06:15;3;0;3
30/06/2018;06:30;6;4;2
30/06/2018;06:45;4;2;2
30/06/2018;07:00;5;3;2
30/06/2018;07:15;8;6;2
30/06/2018;07:30;9;4;5
30/06/2018;07:45;22;10;12
30/06/2018;08:00;22;5;17
30/06/2018;08:15;26;9;17
30/06/2018;08:30;30;13;17
30/06/2018;08:45;33;14;19
30/06/2018;09:00;21;4;17
30/06/2018;09:15;49;24;25
30/06/2018;09:30;27;5;22
30/06/2018;09:45;77;31;46
30/06/2018;10:00;58;25;33
30/06/2018;10:15;74;31;43
30/06/2018;10:30;91;33;58
30/06/2018;10:45;57;4;53
30/06/2018;11:00;58;8;50
30/06/2018;11:15;75;4;71
30/06/2018;11:30;67;22;45
30/06/2018;11:45;101;31;70
30/06/2018;12:00;103;39;64
30/06/2018;12:15;67;3;64
30/06/2018;12:30;122;26;96
30/06/2018;12:45;77;1;76
30/06/2018;13:00;80;22;58
30/06/2018;13:15;69;1;68
30/06/2018;13:30;89;2;87
30/06/2018;13:45;105;30;75
30/06/2018;14:00;108;31;77
30/06/2018;14:15;110;26;84
30/06/2018;14:30;74;6;68
30/06/2018;14:45;102;36;66
30/06/2018;15:00;84;2;82
30/06/2018;15:15;54;0;54
30/06/2018;15:30;49;2;47
30/06/2018;15:45;72;7;65
30/06/2018;16:00;92;22;70
30/06/2018;16:15;91;18;73
30/06/2018;16:30;104;28;76
30/06/2018;16:45;76;15;61
30/06/2018;17:00;112;14;98
30/06/2018;17:15;63;3;60
30/06/2018;17:30;51;3;48
30/06/2018;17:45;59;1;58
30/06/2018;18:00;107;18;89
30/06/2018;18:15;78;4;74
30/06/2018;18:30;100;19;81
30/06/2018;18:45;72;2;70
30/06/2018;19:00;74;4;70
30/06/2018;19:15;112;31;81
30/06/2018;19:30;70;2;68
30/06/2018;19:45;80;4;76
30/06/2018;20:00;112;18;94
30/06/2018;20:15;69;4;65
30/06/2018;20:30;35;7;28
30/06/2018;20:45;43;4;39
30/06/2018;21:00;37;4;33
30/06/2018;21:15;26;0;26
30/06/2018;21:30;18;3;15
30/06/2018;21:45;17;0;17
30/06/2018;22:00;61;23;38
30/06/2018;22:15;41;7;34
30/06/2018;22:30;39;15;24
30/06/2018;22:45;31;2;29
30/06/2018;23:00;35;11;24
30/06/2018;23:15;17;3;14
30/06/2018;23:30;19;2;17
30/06/2018;23:45;36;10;26
01/07/2018;00:00;12;3;9
01/07/2018;00:15;22;6;16
01/07/2018;00:30;22;2;20
01/07/2018;00:45;20;5;15
01/07/2018;01:00;15;0;15
01/07/2018;01:15;16;4;12
01/07/2018;01:30;14;1;13
01/07/2018;01:45;13;3;10
01/07/2018;02:00;9;1;8
01/07/2018;02:15;12;5;7
01/07/2018;02:30;11;0;11
01/07/2018;02:45;12;2;10
01/07/2018;03:00;7;2;5
01/07/2018;03:15;10;1;9
01/07/2018;03:30;4;2;2
01/07/2018;03:45;11;1;10
01/07/2018;04:00;6;1;5
01/07/2018;04:15;5;1;4
01/07/2018;04:30;10;1;9
01/07/2018;04:45;5;2;3
01/07/2018;05:00;1;1;0
01/07/2018;05:15;3;1;2
01/07/2018;05:30;4;1;3
01/07/2018;05:45;4;1;3
01/07/2018;06:00;0;0;0
01/07/2018;06:15;2;2;0
01/07/2018;06:30;5;0;5
01/07/2018;06:45;4;1;3
01/07/2018;07:00;7;0;7
01/07/2018;07:15;7;1;6
01/07/2018;07:30;10;5;5
01/07/2018;07:45;8;6;2
01/07/2018;08:00;19;7;12
01/07/2018;08:15;11;4;7
01/07/2018;08:30;10;5;5
01/07/2018;08:45;17;3;14
01/07/2018;09:00;29;7;22
01/07/2018;09:15;31;10;21
01/07/2018;09:30;31;12;19
01/07/2018;09:45;44;15;29
01/07/2018;10:00;35;11;24
01/07/2018;10:15;47;5;42
01/07/2018;10:30;39;15;24
01/07/2018;10:45;38;12;26
01/07/2018;11:00;54;7;47
01/07/2018;11:15;33;6;27
01/07/2018;11:30;39;7;32
01/07/2018;11:45;50;7;43
01/07/2018;12:00;43;6;37
01/07/2018;12:15;68;6;62
01/07/2018;12:30;67;10;57
01/07/2018;12:45;95;19;76
01/07/2018;13:00;47;1;46
01/07/2018;13:15;51;6;45
01/07/2018;13:30;75;20;55
01/07/2018;13:45;71;17;54
01/07/2018;14:00;76;11;65
01/07/2018;14:15;46;1;45
01/07/2018;14:30;48;1;47
01/07/2018;14:45;68;1;67
01/07/2018;15:00;40;1;39
01/07/2018;15:15;93;20;73
01/07/2018;15:30;93;19;74
01/07/2018;15:45;98;26;72
01/07/2018;16:00;107;30;77
01/07/2018;16:15;85;32;53
01/07/2018;16:30;78;30;48
01/07/2018;16:45;45;1;44
01/07/2018;17:00;82;22;60
01/07/2018;17:15;39;3;36
01/07/2018;17:30;81;29;52
01/07/2018;17:45;76;8;68
01/07/2018;18:00;64;8;56
01/07/2018;18:15;57;14;43
01/07/2018;18:30;71;27;44
01/07/2018;18:45;50;7;43
01/07/2018;19:00;56;1;55
01/07/2018;19:15;62;5;57
01/07/2018;19:30;47;7;40
01/07/2018;19:45;54;5;49
01/07/2018;20:00;62;20;42
01/07/2018;20:15;61;11;50
01/07/2018;20:30;42;2;40
01/07/2018;20:45;24;6;18
01/07/2018;21:00;33;2;31
01/07/2018;21:15;32;1;31
01/07/2018;21:30;83;12;71
01/07/2018;21:45;53;5;48
01/07/2018;22:00;51;4;47
01/07/2018;22:15;24;2;22
01/07/2018;22:30;24;3;21
01/07/2018;22:45;36;9;27
01/07/2018;23:00;18;6;12
01/07/2018;23:15;25;4;21
01/07/2018;23:30;10;1;9
01/07/2018;23:45;5;1;4
02/07/2018;00:00;7;0;7
02/07/2018;00:15;9;0;9
02/07/2018;00:30;8;3;5
02/07/2018;00:45;4;2;2
02/07/2018;01:00;4;1;3
02/07/2018;01:15;4;1;3
02/07/2018;01:30;2;0;2
02/07/2018;01:45;2;1;1
02/07/2018;02:00;0;0;0
02/07/2018;02:15;2;0;2
02/07/2018;02:30;3;3;0
02/07/2018;02:45;1;0;1
02/07/2018;03:00;0;0;0
02/07/2018;03:15;0;0;0
02/07/2018;03:30;2;1;1
02/07/2018;03:45;0;0;0
02/07/2018;04:00;1;0;1
02/07/2018;04:15;5;3;2
02/07/2018;04:30;3;0;3
02/07/2018;04:45;3;1;2
02/07/2018;05:00;3;0;3
02/07/2018;05:15;10;3;7
02/07/2018;05:30;18;7;11
02/07/2018;05:45;14;7;7
02/07/2018;06:00;19;7;12
02/07/2018;06:15;30;14;16
02/07/2018;06:30;38;13;25
02/07/2018;06:45;64;26;38
02/07/2018;07:00;79;26;53
02/07/2018;07:15;98;48;50
02/07/2018;07:30;156;86;70
02/07/2018;07:45;173;86;87
02/07/2018;08:00;128;64;64
02/07/2018;08:15;146;68;78
02/07/2018;08:30;138;68;70
02/07/2018;08:45;131;60;71
02/07/2018;09:00;95;49;46
02/07/2018;09:15;75;45;30
02/07/2018;09:30;70;31;39
02/07/2018;09:45;93;53;40
02/07/2018;10:00;78;34;44
02/07/2018;10:15;69;27;42
02/07/2018;10:30;76;32;44
02/07/2018;10:45;55;20;35
02/07/2018;11:00;71;15;56
02/07/2018;11:15;58;17;41
02/07/2018;11:30;75;17;58
02/07/2018;11:45;83;41;42
02/07/2018;12:00;67;5;62
02/07/2018;12:15;74;18;56
02/07/2018;12:30;77;16;61
02/07/2018;12:45;102;33;69
02/07/2018;13:00;57;3;54
02/07/2018;13:15;85;3;82
02/07/2018;13:30;73;1;72
02/07/2018;13:45;76;2;74
02/07/2018;14:00;82;8;74
02/07/2018;14:15;88;4;84
02/07/2018;14:30;80;4;76
02/07/2018;14:45;104;24;80
02/07/2018;15:00;80;0;80
02/07/2018;15:15;81;2;79
02/07/2018;15:30;112;3;109
02/07/2018;15:45;151;38;113
02/07/2018;16:00;176;30;146
02/07/2018;16:15;144;3;141
02/07/2018;16:30;117;1;116
02/07/2018;16:45;166;30;136
02/07/2018;17:00;179;25;154
02/07/2018;17:15;196;33;163
02/07/2018;17:30;205;37;168
02/07/2018;17:45;201;38;163
02/07/2018;18:00;173;5;168
02/07/2018;18:15;200;42;158
02/07/2018;18:30;115;2;113
02/07/2018;18:45;109;0;109
02/07/2018;19:00;126;2;124
02/07/2018;19:15;99;4;95
02/07/2018;19:30;87;5;82
02/07/2018;19:45;81;5;76
02/07/2018;20:00;78;0;78
02/07/2018;20:15;80;2;78
02/07/2018;20:30;88;23;65
02/07/2018;20:45;91;23;68
02/07/2018;21:00;40;2;38
02/07/2018;21:15;40;2;38
02/07/2018;21:30;68;12;56
02/07/2018;21:45;48;16;32
02/07/2018;22:00;47;0;47
02/07/2018;22:15;44;3;41
02/07/2018;22:30;23;2;21
02/07/2018;22:45;37;16;21
02/07/2018;23:00;28;4;24
02/07/2018;23:15;39;9;30
02/07/2018;23:30;17;4;13
02/07/2018;23:45;7;0;7
03/07/2018;00:00;8;1;7
03/07/2018;00:15;7;1;6
03/07/2018;00:30;10;5;5
03/07/2018;00:45;4;0;4
03/07/2018;01:00;7;4;3
03/07/2018;01:15;9;4;5
03/07/2018;01:30;1;0;1
03/07/2018;01:45;4;0;4
03/07/2018;02:00;2;0;2
03/07/2018;02:15;3;0;3
03/07/2018;02:30;1;1;0
03/07/2018;02:45;1;0;1
03/07/2018;03:00;3;1;2
03/07/2018;03:15;2;0;2
03/07/2018;03:30;0;0;0
03/07/2018;03:45;3;0;3
03/07/2018;04:00;1;0;1
03/07/2018;04:15;7;2;5
03/07/2018;04:30;2;0;2
03/07/2018;04:45;1;0;1
03/07/2018;05:00;5;2;3
03/07/2018;05:15;7;5;2
03/07/2018;05:30;25;5;20
03/07/2018;05:45;14;8;6
03/07/2018;06:00;31;10;21
03/07/2018;06:15;34;12;22
03/07/2018;06:30;42;9;33
03/07/2018;06:45;46;10;36
03/07/2018;07:00;86;30;56
03/07/2018;07:15;102;45;57
03/07/2018;07:30;176;98;78
03/07/2018;07:45;155;81;74
03/07/2018;08:00;172;89;83
03/07/2018;08:15;146;65;81
03/07/2018;08:30;130;62;68
03/07/2018;08:45;129;72;57
03/07/2018;09:00;97;47;50
03/07/2018;09:15;90;41;49
03/07/2018;09:30;82;40;42
03/07/2018;09:45;80;39;41
03/07/2018;10:00;88;50;38
03/07/2018;10:15;74;30;44
03/07/2018;10:30;65;22;43
03/07/2018;10:45;74;24;50
03/07/2018;11:00;61;22;39
03/07/2018;11:15;77;33;44
03/07/2018;11:30;71;21;50
03/07/2018;11:45;47;3;44
03/07/2018;12:00;88;28;60
03/07/2018;12:15;91;32;59
03/07/2018;12:30;109;21;88
03/07/2018;12:45;104;34;70
03/07/2018;13:00;64;6;58
03/07/2018;13:15;85;5;80
03/07/2018;13:30;81;2;79
03/07/2018;13:45;76;2;74
03/07/2018;14:00;82;5;77
03/07/2018;14:15;77;5;72
03/07/2018;14:30;99;22;77
03/07/2018;14:45;94;1;93
03/07/2018;15:00;103;7;96
03/07/2018;15:15;98;2;96
03/07/2018;15:30;106;14;92
03/07/2018;15:45;154;28;126
03/07/2018;16:00;129;3;126
03/07/2018;16:15;134;7;127
03/07/2018;16:30;119;1;118
03/07/2018;16:45;137;2;135
03/07/2018;17:00;143;3;140
03/07/2018;17:15;205;30;175
03/07/2018;17:30;132;5;127
03/07/2018;17:45;149;2;147
03/07/2018;18:00;154;2;152
03/07/2018;18:15;207;34;173
03/07/2018;18:30;145;2;143
03/07/2018;18:45;191;35;156
03/07/2018;19:00;119;7;112
03/07/2018;19:15;104;4;100
03/07/2018;19:30;116;2;114
03/07/2018;19:45;110;0;110
03/07/2018;20:00;129;25;104
03/07/2018;20:15;76;5;71
03/07/2018;20:30;98;18;80
03/07/2018;20:45;67;9;58
03/07/2018;21:00;77;17;60
03/07/2018;21:15;45;7;38
03/07/2018;21:30;36;3;33
03/07/2018;21:45;51;5;46
03/07/2018;22:00;40;7;33
03/07/2018;22:15;56;19;37
03/07/2018;22:30;34;2;32
03/07/2018;22:45;38;13;25
03/07/2018;23:00;53;11;42
03/07/2018;23:15;54;5;49
03/07/2018;23:30;34;7;27
03/07/2018;23:45;17;4;13
04/07/2018;00:00;13;4;9
04/07/2018;00:15;9;0;9
04/07/2018;00:30;16;8;8
04/07/2018;00:45;5;1;4
04/07/2018;01:00;7;0;7
04/07/2018;01:15;3;1;2
04/07/2018;01:30;1;0;1
04/07/2018;01:45;4;0;4
04/07/2018;02:00;2;1;1
04/07/2018;02:15;4;1;3
04/07/2018;02:30;2;0;2
04/07/2018;02:45;1;0;1
04/07/2018;03:00;1;0;1
04/07/2018;03:15;0;0;0
04/07/2018;03:30;1;0;1
04/07/2018;03:45;0;0;0
04/07/2018;04:00;1;0;1
04/07/2018;04:15;5;2;3
04/07/2018;04:30;6;1;5
04/07/2018;04:45;1;0;1
04/07/2018;05:00;2;0;2
04/07/2018;05:15;7;3;4
04/07/2018;05:30;12;3;9
04/07/2018;05:45;11;6;5
04/07/2018;06:00;23;12;11
04/07/2018;06:15;25;2;23
04/07/2018;06:30;30;3;27
04/07/2018;06:45;41;6;35
04/07/2018;07:00;47;8;39
04/07/2018;07:15;46;8;38
04/07/2018;07:30;85;10;75
04/07/2018;07:45;88;10;78
04/07/2018;08:00;92;11;81
04/07/2018;08:15;94;6;88
04/07/2018;08:30;73;7;66
04/07/2018;08:45;143;73;70
04/07/2018;09:00;86;43;43
04/07/2018;09:15;61;7;54
04/07/2018;09:30;107;51;56
04/07/2018;09:45;102;57;45
04/07/2018;10:00;31;5;26
04/07/2018;10:15;30;2;28
04/07/2018;10:30;39;3;36
04/07/2018;10:45;42;1;41
04/07/2018;11:00;43;7;36
04/07/2018;11:15;39;3;36
04/07/2018;11:30;49;3;46
04/07/2018;11:45;64;16;48
04/07/2018;12:00;60;6;54
04/07/2018;12:15;62;2;60
04/07/2018;12:30;50;4;46
04/07/2018;12:45;66;6;60
04/07/2018;13:00;67;0;67
04/07/2018;13:15;93;4;89
04/07/2018;13:30;100;27;73
04/07/2018;13:45;111;25;86
04/07/2018;14:00;105;14;91
04/07/2018;14:15;78;2;76
04/07/2018;14:30;68;2;66
04/07/2018;14:45;97;22;75
04/07/2018;15:00;65;3;62
04/07/2018;15:15;44;0;44
04/07/2018;15:30;84;17;67
04/07/2018;15:45;98;12;86
04/07/2018;16:00;100;2;98
04/07/2018;16:15;95;5;90
04/07/2018;16:30;150;23;127
04/07/2018;16:45;113;3;110
04/07/2018;17:00;126;2;124
04/07/2018;17:15;127;3;124
04/07/2018;17:30;135;2;133
04/07/2018;17:45;149;3;146
04/07/2018;18:00;117;1;116
04/07/2018;18:15;159;27;132
04/07/2018;18:30;113;2;111
04/07/2018;18:45;149;34;115
04/07/2018;19:00;104;2;102
04/07/2018;19:15;93;4;89
04/07/2018;19:30;87;2;85
04/07/2018;19:45;77;3;74
04/07/2018;20:00;102;5;97
04/07/2018;20:15;62;2;60
04/07/2018;20:30;71;15;56
04/07/2018;20:45;43;1;42
04/07/2018;21:00;69;25;44
04/07/2018;21:15;34;2;32
04/07/2018;21:30;63;19;44
04/07/2018;21:45;42;3;39
04/07/2018;22:00;73;16;57
04/07/2018;22:15;63;15;48
04/07/2018;22:30;39;7;32
04/07/2018;22:45;37;14;23
04/07/2018;23:00;37;7;30
04/07/2018;23:15;20;4;16
04/07/2018;23:30;23;2;21
04/07/2018;23:45;35;19;16
05/07/2018;00:00;20;3;17
05/07/2018;00:15;13;3;10
05/07/2018;00:30;11;5;6
05/07/2018;00:45;12;10;2
05/07/2018;01:00;3;0;3
05/07/2018;01:15;10;0;10
05/07/2018;01:30;5;0;5
05/07/2018;01:45;5;1;4
05/07/2018;02:00;2;1;1
05/07/2018;02:15;4;0;4
05/07/2018;02:30;1;0;1
05/07/2018;02:45;2;0;2
05/07/2018;03:00;2;0;2
05/07/2018;03:15;0;0;0
05/07/2018;03:30;2;0;2
05/07/2018;03:45;3;0;3
05/07/2018;04:00;5;0;5
05/07/2018;04:15;5;3;2
05/07/2018;04:30;6;0;6
05/07/2018;04:45;4;1;3
05/07/2018;05:00;2;1;1
05/07/2018;05:15;12;5;7
05/07/2018;05:30;17;7;10
05/07/2018;05:45;17;9;8
05/07/2018;06:00;21;11;10
05/07/2018;06:15;29;14;15
05/07/2018;06:30;35;17;18
05/07/2018;06:45;52;21;31
05/07/2018;07:00;62;27;35
05/07/2018;07:15;103;48;55
05/07/2018;07:30;139;71;68
05/07/2018;07:45;175;98;77
05/07/2018;08:00;141;70;71
05/07/2018;08:15;143;57;86
05/07/2018;08:30;126;56;70
05/07/2018;08:45;142;78;64
05/07/2018;09:00;94;45;49
05/07/2018;09:15;82;37;45
05/07/2018;09:30;53;6;47
05/07/2018;09:45;40;4;36
05/07/2018;10:00;45;5;40
05/07/2018;10:15;38;7;31
05/07/2018;10:30;44;5;39
05/07/2018;10:45;46;6;40
05/07/2018;11:00;79;26;53
05/07/2018;11:15;63;22;41
05/07/2018;11:30;40;2;38
05/07/2018;11:45;45;3;42
05/07/2018;12:00;84;23;61
05/07/2018;12:15;56;5;51
05/07/2018;12:30;92;22;70
05/07/2018;12:45;68;12;56
05/07/2018;13:00;75;4;71
05/07/2018;13:15;91;0;91
05/07/2018;13:30;66;5;61
05/07/2018;13:45;116;22;94
05/07/2018;14:00;67;3;64
05/07/2018;14:15;80;4;76
05/07/2018;14:30;62;2;60
05/07/2018;14:45;96;18;78
05/07/2018;15:00;81;5;76
05/07/2018;15:15;80;0;80
05/07/2018;15:30;114;20;94
05/07/2018;15:45;166;30;136
05/07/2018;16:00;118;2;116
05/07/2018;16:15;127;2;125
05/07/2018;16:30;108;6;102
05/07/2018;16:45;171;29;142
05/07/2018;17:00;173;27;146
05/07/2018;17:15;135;0;135
05/07/2018;17:30;167;25;142
05/07/2018;17:45;138;3;135
05/07/2018;18:00;148;6;142
05/07/2018;18:15;151;5;146
05/07/2018;18:30;155;31;124
05/07/2018;18:45;153;33;120
05/07/2018;19:00;113;2;111
05/07/2018;19:15;89;4;85
05/07/2018;19:30;60;6;54
05/07/2018;19:45;67;4;63
05/07/2018;20:00;65;1;64
05/07/2018;20:15;99;22;77
05/07/2018;20:30;47;1;46
05/07/2018;20:45;42;2;40
05/07/2018;21:00;45;6;39
05/07/2018;21:15;45;1;44
05/07/2018;21:30;61;12;49
05/07/2018;21:45;45;4;41
05/07/2018;22:00;66;10;56
05/07/2018;22:15;55;6;49
05/07/2018;22:30;65;15;50
05/07/2018;22:45;49;12;37
05/07/2018;23:00;31;2;29
05/07/2018;23:15;38;10;28
05/07/2018;23:30;17;2;15
05/07/2018;23:45;16;1;15
06/07/2018;00:00;14;1;13
06/07/2018;00:15;10;2;8
06/07/2018;00:30;12;0;12
06/07/2018;00:45;7;3;4
06/07/2018;01:00;8;2;6
06/07/2018;01:15;5;1;4
06/07/2018;01:30;8;1;7
06/07/2018;01:45;2;0;2
06/07/2018;02:00;2;1;1
06/07/2018;02:15;5;1;4
06/07/2018;02:30;4;1;3
06/07/2018;02:45;3;0;3
06/07/2018;03:00;0;0;0
06/07/2018;03:15;3;0;3
06/07/2018;03:30;3;2;1
06/07/2018;03:45;2;0;2
06/07/2018;04:00;0;0;0
06/07/2018;04:15;3;2;1
06/07/2018;04:30;7;1;6
06/07/2018;04:45;3;0;3
06/07/2018;05:00;5;2;3
06/07/2018;05:15;10;4;6
06/07/2018;05:30;17;6;11
06/07/2018;05:45;16;5;11
06/07/2018;06:00;20;7;13
06/07/2018;06:15;29;11;18
06/07/2018;06:30;51;23;28
06/07/2018;06:45;47;20;27
06/07/2018;07:00;72;31;41
06/07/2018;07:15;87;28;59
06/07/2018;07:30;141;79;62
06/07/2018;07:45;134;70;64
06/07/2018;08:00;107;50;57
06/07/2018;08:15;109;53;56
06/07/2018;08:30;84;40;44
06/07/2018;08:45;100;53;47
06/07/2018;09:00;81;38;43
06/07/2018;09:15;77;48;29
06/07/2018;09:30;51;11;40
06/07/2018;09:45;40;8;32
06/07/2018;10:00;29;4;25
06/07/2018;10:15;77;23;54
06/07/2018;10:30;44;2;42
06/07/2018;10:45;40;5;35
06/07/2018;11:00;45;4;41
06/07/2018;11:15;59;15;44
06/07/2018;11:30;74;30;44
06/07/2018;11:45;79;25;54
06/07/2018;12:00;83;23;60
06/07/2018;12:15;80;4;76
06/07/2018;12:30;104;31;73
06/07/2018;12:45;67;3;64
06/07/2018;13:00;101;6;95
06/07/2018;13:15;139;4;135
06/07/2018;13:30;68;2;66
06/07/2018;13:45;96;5;91
06/07/2018;14:00;86;5;81
06/07/2018;14:15;100;4;96
06/07/2018;14:30;103;7;96
06/07/2018;14:45;151;30;121
06/07/2018;15:00;110;20;90
06/07/2018;15:15;136;4;132
06/07/2018;15:30;141;24;117
06/07/2018;15:45;126;0;126
06/07/2018;16:00;120;4;116
06/07/2018;16:15;108;3;105
06/07/2018;16:30;87;4;83
06/07/2018;16:45;130;24;106
06/07/2018;17:00;119;26;93
06/07/2018;17:15;108;3;105
06/07/2018;17:30;95;4;91
06/07/2018;17:45;119;18;101
06/07/2018;18:00;98;3;95
06/07/2018;18:15;107;8;99
06/07/2018;18:30;79;1;78
06/07/2018;18:45;85;7;78
06/07/2018;19:00;86;5;81
06/07/2018;19:15;116;42;74
06/07/2018;19:30;73;4;69
06/07/2018;19:45;67;2;65
06/07/2018;20:00;67;5;62
06/07/2018;20:15;66;2;64
06/07/2018;20:30;36;4;32
06/07/2018;20:45;34;2;32
06/07/2018;21:00;45;18;27
06/07/2018;21:15;26;0;26
06/07/2018;21:30;22;4;18
06/07/2018;21:45;36;9;27
06/07/2018;22:00;50;7;43
06/07/2018;22:15;53;11;42
06/07/2018;22:30;41;5;36
06/07/2018;22:45;42;9;33
06/07/2018;23:00;32;9;23
06/07/2018;23:15;28;4;24
06/07/2018;23:30;40;12;28
06/07/2018;23:45;39;7;32
07/07/2018;00:00;50;16;34
07/07/2018;00:15;35;9;26
07/07/2018;00:30;29;6;23
07/07/2018;00:45;21;0;21
07/07/2018;01:00;20;3;17
07/07/2018;01:15;13;4;9
07/07/2018;01:30;15;2;13
07/07/2018;01:45;20;8;12
07/07/2018;02:00;15;0;15
07/07/2018;02:15;11;1;10
07/07/2018;02:30;6;2;4
07/07/2018;02:45;13;4;9
07/07/2018;03:00;2;0;2
07/07/2018;03:15;8;1;7
07/07/2018;03:30;9;2;7
07/07/2018;03:45;5;0;5
07/07/2018;04:00;2;0;2
07/07/2018;04:15;3;1;2
07/07/2018;04:30;3;1;2
07/07/2018;04:45;2;0;2
07/07/2018;05:00;3;0;3
07/07/2018;05:15;7;3;4
07/07/2018;05:30;6;2;4
07/07/2018;05:45;3;0;3
07/07/2018;06:00;7;1;6
07/07/2018;06:15;4;1;3
07/07/2018;06:30;10;6;4
07/07/2018;06:45;10;5;5
07/07/2018;07:00;4;0;4
07/07/2018;07:15;7;5;2
07/07/2018;07:30;17;4;13
07/07/2018;07:45;28;14;14
07/07/2018;08:00;30;13;17
07/07/2018;08:15;27;13;14
07/07/2018;08:30;25;10;15
07/07/2018;08:45;29;16;13
07/07/2018;09:00;25;2;23
07/07/2018;09:15;57;26;31
07/07/2018;09:30;24;6;18
07/07/2018;09:45;48;28;20
07/07/2018;10:00;69;32;37
07/07/2018;10:15;67;32;35
07/07/2018;10:30;38;5;33
07/07/2018;10:45;64;21;43
07/07/2018;11:00;40;1;39
07/07/2018;11:15;92;41;51
07/07/2018;11:30;81;36;45
07/07/2018;11:45;36;5;31
07/07/2018;12:00;56;5;51
07/07/2018;12:15;81;3;78
07/07/2018;12:30;68;4;64
07/07/2018;12:45;105;31;74
07/07/2018;13:00;126;27;99
07/07/2018;13:15;98;30;68
07/07/2018;13:30;125;23;102
07/07/2018;13:45;67;6;61
07/07/2018;14:00;68;1;67
07/07/2018;14:15;112;24;88
07/07/2018;14:30;99;4;95
07/07/2018;14:45;123;21;102
07/07/2018;15:00;116;18;98
07/07/2018;15:15;89;1;88
07/07/2018;15:30;75;3;72
07/07/2018;15:45;75;3;72
07/07/2018;16:00;88;18;70
07/07/2018;16:15;67;4;63
07/07/2018;16:30;78;1;77
07/07/2018;16:45;91;23;68
07/07/2018;17:00;109;18;91
07/07/2018;17:15;90;7;83
07/07/2018;17:30;82;8;74
07/07/2018;17:45;68;3;65
07/07/2018;18:00;72;14;58
07/07/2018;18:15;112;26;86
07/07/2018;18:30;64;3;61
07/07/2018;18:45;110;19;91
07/07/2018;19:00;109;17;92
07/07/2018;19:15;89;3;86
07/07/2018;19:30;115;25;90
07/07/2018;19:45;113;16;97
07/07/2018;20:00;87;19;68
07/07/2018;20:15;45;5;40
07/07/2018;20:30;47;0;47
07/07/2018;20:45;57;5;52
07/07/2018;21:00;30;1;29
07/07/2018;21:15;27;5;22
07/07/2018;21:30;31;8;23
07/07/2018;21:45;48;19;29
07/07/2018;22:00;26;4;22
07/07/2018;22:15;25;2;23
07/07/2018;22:30;23;2;21
07/07/2018;22:45;17;2;15
07/07/2018;23:00;39;4;35
07/07/2018;23:15;45;14;31
07/07/2018;23:30;51;22;29
07/07/2018;23:45;22;7;15
08/07/2018;00:00;33;9;24
08/07/2018;00:15;21;4;17
08/07/2018;00:30;34;12;22
08/07/2018;00:45;16;5;11
08/07/2018;01:00;23;8;15
08/07/2018;01:15;27;9;18
08/07/2018;01:30;22;5;17
08/07/2018;01:45;17;4;13
08/07/2018;02:00;9;7;2
08/07/2018;02:15;13;8;5
08/07/2018;02:30;15;6;9
08/07/2018;02:45;9;3;6
08/07/2018;03:00;9;7;2
08/07/2018;03:15;8;3;5
08/07/2018;03:30;9;4;5
08/07/2018;03:45;9;4;5
08/07/2018;04:00;8;6;2
08/07/2018;04:15;7;5;2
08/07/2018;04:30;13;6;7
08/07/2018;04:45;3;0;3
08/07/2018;05:00;9;2;7
08/07/2018;05:15;1;0;1
08/07/2018;05:30;6;2;4
08/07/2018;05:45;3;0;3
08/07/2018;06:00;4;1;3
08/07/2018;06:15;3;3;0
08/07/2018;06:30;7;0;7
08/07/2018;06:45;3;0;3
08/07/2018;07:00;9;3;6
08/07/2018;07:15;7;4;3
08/07/2018;07:30;7;3;4
08/07/2018;07:45;6;2;4
08/07/2018;08:00;17;6;11
08/07/2018;08:15;11;4;7
08/07/2018;08:30;24;8;16
08/07/2018;08:45;21;6;15
08/07/2018;09:00;22;5;17
08/07/2018;09:15;41;18;23
08/07/2018;09:30;27;14;13
08/07/2018;09:45;38;8;30
08/07/2018;10:00;32;8;24
08/07/2018;10:15;56;26;30
08/07/2018;10:30;65;29;36
08/07/2018;10:45;72;22;50
08/07/2018;11:00;49;13;36
08/07/2018;11:15;46;2;44
08/07/2018;11:30;49;7;42
08/07/2018;11:45;48;10;38
08/07/2018;12:00;92;29;63
08/07/2018;12:15;59;15;44
08/07/2018;12:30;102;25;77
08/07/2018;12:45;56;4;52
08/07/2018;13:00;76;6;70
08/07/2018;13:15;87;23;64
08/07/2018;13:30;62;2;60
08/07/2018;13:45;80;15;65
08/07/2018;14:00;69;5;64
08/07/2018;14:15;125;19;106
08/07/2018;14:30;79;6;73
08/07/2018;14:45;114;20;94
08/07/2018;15:00;46;2;44
08/07/2018;15:15;84;28;56
08/07/2018;15:30;108;21;87
08/07/2018;15:45;129;27;102
08/07/2018;16:00;64;12;52
08/07/2018;16:15;57;3;54
08/07/2018;16:30;82;19;63
08/07/2018;16:45;59;8;51
08/07/2018;17:00;85;26;59
08/07/2018;17:15;102;30;72
08/07/2018;17:30;99;27;72
08/07/2018;17:45;90;38;52
08/07/2018;18:00;117;44;73
08/07/2018;18:15;97;32;65
08/07/2018;18:30;49;6;43
08/07/2018;18:45;107;40;67
08/07/2018;19:00;55;3;52
08/07/2018;19:15;113;30;83
08/07/2018;19:30;57;5;52
08/07/2018;19:45;62;21;41
08/07/2018;20:00;55;2;53
08/07/2018;20:15;63;26;37
08/07/2018;20:30;64;26;38
08/07/2018;20:45;52;15;37
08/07/2018;21:00;32;5;27
08/07/2018;21:15;51;24;27
08/07/2018;21:30;38;13;25
08/07/2018;21:45;55;12;43
08/07/2018;22:00;36;11;25
08/07/2018;22:15;12;2;10
08/07/2018;22:30;23;3;20
08/07/2018;22:45;33;13;20
08/07/2018;23:00;20;5;15
08/07/2018;23:15;20;0;20
08/07/2018;23:30;7;2;5
08/07/2018;23:45;16;3;13
09/07/2018;00:00;8;3;5
09/07/2018;00:15;11;2;9
09/07/2018;00:30;7;3;4
09/07/2018;00:45;3;0;3
09/07/2018;01:00;2;1;1
09/07/2018;01:15;1;0;1
09/07/2018;01:30;2;0;2
09/07/2018;01:45;5;2;3
09/07/2018;02:00;1;0;1
09/07/2018;02:15;2;0;2
09/07/2018;02:30;1;0;1
09/07/2018;02:45;0;0;0
09/07/2018;03:00;0;0;0
09/07/2018;03:15;2;1;1
09/07/2018;03:30;1;0;1
09/07/2018;03:45;2;0;2
09/07/2018;04:00;0;0;0
09/07/2018;04:15;3;3;0
09/07/2018;04:30;5;1;4
09/07/2018;04:45;5;1;4
09/07/2018;05:00;1;0;1
09/07/2018;05:15;6;1;5
09/07/2018;05:30;18;9;9
09/07/2018;05:45;11;4;7
09/07/2018;06:00;15;4;11
09/07/2018;06:15;34;12;22
09/07/2018;06:30;31;6;25
09/07/2018;06:45;53;25;28
09/07/2018;07:00;84;36;48
09/07/2018;07:15;97;44;53
09/07/2018;07:30;114;47;67
09/07/2018;07:45;149;77;72
09/07/2018;08:00;132;76;56
09/07/2018;08:15;126;65;61
09/07/2018;08:30;136;62;74
09/07/2018;08:45;85;11;74
09/07/2018;09:00;100;41;59
09/07/2018;09:15;89;47;42
09/07/2018;09:30;88;46;42
09/07/2018;09:45;82;47;35
09/07/2018;10:00;87;48;39
09/07/2018;10:15;44;7;37
09/07/2018;10:30;63;22;41
09/07/2018;10:45;45;5;40
09/07/2018;11:00;48;5;43
09/07/2018;11:15;65;16;49
09/07/2018;11:30;68;24;44
09/07/2018;11:45;74;26;48
09/07/2018;12:00;59;6;53
09/07/2018;12:15;66;2;64
09/07/2018;12:30;88;13;75
09/07/2018;12:45;68;3;65
09/07/2018;13:00;60;3;57
09/07/2018;13:15;72;3;69
09/07/2018;13:30;93;24;69
09/07/2018;13:45;122;32;90
09/07/2018;14:00;107;27;80
09/07/2018;14:15;93;19;74
09/07/2018;14:30;106;26;80
09/07/2018;14:45;122;24;98
09/07/2018;15:00;109;14;95
09/07/2018;15:15;112;19;93
09/07/2018;15:30;118;33;85
09/07/2018;15:45;147;29;118
09/07/2018;16:00;104;3;101
09/07/2018;16:15;141;2;139
09/07/2018;16:30;148;4;144
09/07/2018;16:45;167;28;139
09/07/2018;17:00;146;5;141
09/07/2018;17:15;132;7;125
09/07/2018;17:30;218;34;184
09/07/2018;17:45;133;2;131
09/07/2018;18:00;128;3;125
09/07/2018;18:15;202;42;160
09/07/2018;18:30;148;29;119
09/07/2018;18:45;115;6;109
09/07/2018;19:00;128;20;108
09/07/2018;19:15;141;23;118
09/07/2018;19:30;118;22;96
09/07/2018;19:45;122;29;93
09/07/2018;20:00;101;22;79
09/07/2018;20:15;72;12;60
09/07/2018;20:30;52;1;51
09/07/2018;20:45;59;12;47
09/07/2018;21:00;42;2;40
09/07/2018;21:15;47;10;37
09/07/2018;21:30;47;1;46
09/07/2018;21:45;71;10;61
09/07/2018;22:00;48;5;43
09/07/2018;22:15;31;5;26
09/07/2018;22:30;36;6;30
09/07/2018;22:45;22;4;18
09/07/2018;23:00;24;4;20
09/07/2018;23:15;18;3;15
09/07/2018;23:30;13;2;11
09/07/2018;23:45;18;2;16
10/07/2018;00:00;15;3;12
10/07/2018;00:15;8;4;4
10/07/2018;00:30;2;1;1
10/07/2018;00:45;7;0;7
10/07/2018;01:00;9;2;7
10/07/2018;01:15;5;2;3
10/07/2018;01:30;5;3;2
10/07/2018;01:45;2;0;2
10/07/2018;02:00;8;2;6
10/07/2018;02:15;0;0;0
10/07/2018;02:30;3;0;3
10/07/2018;02:45;3;3;0
10/07/2018;03:00;4;1;3
10/07/2018;03:15;3;2;1
10/07/2018;03:30;2;0;2
10/07/2018;03:45;2;0;2
10/07/2018;04:00;1;0;1
10/07/2018;04:15;3;2;1
10/07/2018;04:30;1;0;1
10/07/2018;04:45;5;2;3
10/07/2018;05:00;8;4;4
10/07/2018;05:15;7;4;3
10/07/2018;05:30;16;4;12
10/07/2018;05:45;13;9;4
10/07/2018;06:00;20;11;9
10/07/2018;06:15;20;7;13
10/07/2018;06:30;35;5;30
10/07/2018;06:45;48;23;25
10/07/2018;07:00;64;26;38
10/07/2018;07:15;70;37;33
10/07/2018;07:30;113;56;57
10/07/2018;07:45;85;14;71
10/07/2018;08:00;139;85;54
10/07/2018;08:15;134;63;71
10/07/2018;08:30;109;57;52
10/07/2018;08:45;114;64;50
10/07/2018;09:00;82;40;42
10/07/2018;09:15;41;7;34
10/07/2018;09:30;53;25;28
10/07/2018;09:45;80;43;37
10/07/2018;10:00;87;28;59
10/07/2018;10:15;57;26;31
10/07/2018;10:30;25;3;22
10/07/2018;10:45;44;21;23
10/07/2018;11:00;44;10;34
10/07/2018;11:15;37;2;35
10/07/2018;11:30;39;5;34
10/07/2018;11:45;48;7;41
10/07/2018;12:00;48;2;46
10/07/2018;12:15;76;18;58
10/07/2018;12:30;62;5;57
10/07/2018;12:45;80;19;61
10/07/2018;13:00;53;1;52
10/07/2018;13:15;64;1;63
10/07/2018;13:30;79;19;60
10/07/2018;13:45;58;4;54
10/07/2018;14:00;85;22;63
10/07/2018;14:15;83;22;61
10/07/2018;14:30;56;17;39
10/07/2018;14:45;67;2;65
10/07/2018;15:00;71;3;68
10/07/2018;15:15;88;26;62
10/07/2018;15:30;78;2;76
10/07/2018;15:45;124;21;103
10/07/2018;16:00;123;21;102
10/07/2018;16:15;88;1;87
10/07/2018;16:30;93;1;92
10/07/2018;16:45;99;5;94
10/07/2018;17:00;115;6;109
10/07/2018;17:15;103;5;98
10/07/2018;17:30;114;4;110
10/07/2018;17:45;191;34;157
10/07/2018;18:00;108;4;104
10/07/2018;18:15;127;24;103
10/07/2018;18:30;88;1;87
10/07/2018;18:45;105;17;88
10/07/2018;19:00;81;5;76
10/07/2018;19:15;108;21;87
10/07/2018;19:30;71;3;68
10/07/2018;19:45;63;2;61
10/07/2018;20:00;51;3;48
10/07/2018;20:15;33;2;31
10/07/2018;20:30;53;13;40
10/07/2018;20:45;33;4;29
10/07/2018;21:00;26;3;23
10/07/2018;21:15;21;2;19
10/07/2018;21:30;22;2;20
10/07/2018;21:45;28;5;23
10/07/2018;22:00;41;4;37
10/07/2018;22:15;71;17;54
10/07/2018;22:30;43;6;37
10/07/2018;22:45;31;4;27
10/07/2018;23:00;24;6;18
10/07/2018;23:15;15;1;14
10/07/2018;23:30;11;2;9
10/07/2018;23:45;4;0;4
11/07/2018;00:00;9;1;8
11/07/2018;00:15;9;0;9
11/07/2018;00:30;11;3;8
11/07/2018;00:45;3;0;3
11/07/2018;01:00;4;0;4
11/07/2018;01:15;4;0;4
11/07/2018;01:30;2;0;2
11/07/2018;01:45;4;1;3
11/07/2018;02:00;3;2;1
11/07/2018;02:15;4;0;4
11/07/2018;02:30;0;0;0
11/07/2018;02:45;0;0;0
11/07/2018;03:00;1;0;1
11/07/2018;03:15;1;0;1
11/07/2018;03:30;2;0;2
11/07/2018;03:45;2;1;1
11/07/2018;04:00;1;0;1
11/07/2018;04:15;3;2;1
11/07/2018;04:30;4;2;2
11/07/2018;04:45;5;1;4
11/07/2018;05:00;2;1;1
11/07/2018;05:15;8;5;3
11/07/2018;05:30;15;3;12
11/07/2018;05:45;10;5;5
11/07/2018;06:00;21;10;11
11/07/2018;06:15;22;10;12
11/07/2018;06:30;35;11;24
11/07/2018;06:45;52;21;31
11/07/2018;07:00;46;17;29
11/07/2018;07:15;85;33;52
11/07/2018;07:30;110;48;62
11/07/2018;07:45;148;75;73
11/07/2018;08:00;124;63;61
11/07/2018;08:15;154;75;79
11/07/2018;08:30;130;80;50
11/07/2018;08:45;109;61;48
11/07/2018;09:00;69;39;30
11/07/2018;09:15;66;38;28
11/07/2018;09:30;51;24;27
11/07/2018;09:45;69;37;32
11/07/2018;10:00;48;30;18
11/07/2018;10:15;45;17;28
11/07/2018;10:30;51;25;26
11/07/2018;10:45;57;19;38
11/07/2018;11:00;44;14;30
11/07/2018;11:15;46;20;26
11/07/2018;11:30;53;17;36
11/07/2018;11:45;79;29;50
11/07/2018;12:00;56;3;53
11/07/2018;12:15;55;4;51
11/07/2018;12:30;47;2;45
11/07/2018;12:45;73;2;71
11/07/2018;13:00;56;5;51
11/07/2018;13:15;79;5;74
11/07/2018;13:30;82;5;77
11/07/2018;13:45;86;4;82
11/07/2018;14:00;81;7;74
11/07/2018;14:15;100;15;85
11/07/2018;14:30;74;9;65
11/07/2018;14:45;72;19;53
11/07/2018;15:00;77;14;63
11/07/2018;15:15;100;23;77
11/07/2018;15:30;76;9;67
11/07/2018;15:45;140;30;110
11/07/2018;16:00;122;1;121
11/07/2018;16:15;88;1;87
11/07/2018;16:30;129;5;124
11/07/2018;16:45;145;27;118
11/07/2018;17:00;188;42;146
11/07/2018;17:15;154;15;139
11/07/2018;17:30;121;4;117
11/07/2018;17:45;173;30;143
11/07/2018;18:00;149;23;126
11/07/2018;18:15;121;18;103
11/07/2018;18:30;86;5;81
11/07/2018;18:45;105;21;84
11/07/2018;19:00;111;18;93
11/07/2018;19:15;83;16;67
11/07/2018;19:30;95;21;74
11/07/2018;19:45;59;4;55
11/07/2018;20:00;53;3;50
11/07/2018;20:15;45;16;29
11/07/2018;20:30;20;3;17
11/07/2018;20:45;29;2;27
11/07/2018;21:00;41;8;33
11/07/2018;21:15;37;1;36
11/07/2018;21:30;33;5;28
11/07/2018;21:45;27;5;22
11/07/2018;22:00;30;6;24
11/07/2018;22:15;24;6;18
11/07/2018;22:30;19;2;17
11/07/2018;22:45;48;12;36
11/07/2018;23:00;50;9;41
11/07/2018;23:15;32;6;26
11/07/2018;23:30;18;1;17
11/07/2018;23:45;9;1;8
12/07/2018;00:00;9;0;9
12/07/2018;00:15;6;1;5
12/07/2018;00:30;4;0;4
12/07/2018;00:45;11;1;10
12/07/2018;01:00;5;0;5
12/07/2018;01:15;3;1;2
12/07/2018;01:30;7;0;7
12/07/2018;01:45;5;0;5
12/07/2018;02:00;1;1;0
12/07/2018;02:15;5;2;3
12/07/2018;02:30;1;0;1
12/07/2018;02:45;4;1;3
12/07/2018;03:00;1;0;1
12/07/2018;03:15;1;0;1
12/07/2018;03:30;2;0;2
12/07/2018;03:45;3;1;2
12/07/2018;04:00;1;0;1
12/07/2018;04:15;4;3;1
12/07/2018;04:30;2;0;2
12/07/2018;04:45;3;0;3
12/07/2018;05:00;3;1;2
12/07/2018;05:15;11;5;6
12/07/2018;05:30;13;6;7
12/07/2018;05:45;14;8;6
12/07/2018;06:00;19;7;12
12/07/2018;06:15;27;14;13
12/07/2018;06:30;30;3;27
12/07/2018;06:45;47;21;26
12/07/2018;07:00;60;19;41
12/07/2018;07:15;96;47;49
12/07/2018;07:30;115;57;58
12/07/2018;07:45;83;3;80
12/07/2018;08:00;142;74;68
12/07/2018;08:15;140;66;74
12/07/2018;08:30;117;62;55
12/07/2018;08:45;122;54;68
12/07/2018;09:00;92;50;42
12/07/2018;09:15;36;6;30
12/07/2018;09:30;92;46;46
12/07/2018;09:45;46;8;38
12/07/2018;10:00;42;22;20
12/07/2018;10:15;37;3;34
12/07/2018;10:30;59;18;41
12/07/2018;10:45;51;16;35
12/07/2018;11:00;40;7;33
12/07/2018;11:15;35;0;35
12/07/2018;11:30;44;3;41
12/07/2018;11:45;78;27;51
12/07/2018;12:00;44;2;42
12/07/2018;12:15;66;1;65
12/07/2018;12:30;67;12;55
12/07/2018;12:45;99;29;70
12/07/2018;13:00;93;27;66
12/07/2018;13:15;73;2;71
12/07/2018;13:30;61;5;56
12/07/2018;13:45;85;3;82
12/07/2018;14:00;89;21;68
12/07/2018;14:15;88;24;64
12/07/2018;14:30;102;20;82
12/07/2018;14:45;89;1;88
12/07/2018;15:00;100;21;79
12/07/2018;15:15;106;27;79
12/07/2018;15:30;83;0;83
12/07/2018;15:45;117;25;92
12/07/2018;16:00;148;19;129
12/07/2018;16:15;157;36;121
12/07/2018;16:30;130;6;124
12/07/2018;16:45;126;2;124
12/07/2018;17:00;162;25;137
12/07/2018;17:15;167;24;143
12/07/2018;17:30;163;25;138
12/07/2018;17:45;174;42;132
12/07/2018;18:00;215;34;181
12/07/2018;18:15;141;6;135
12/07/2018;18:30;138;17;121
12/07/2018;18:45;118;5;113
12/07/2018;19:00;147;37;110
12/07/2018;19:15;145;29;116
12/07/2018;19:30;121;22;99
12/07/2018;19:45;95;2;93
12/07/2018;20:00;95;4;91
12/07/2018;20:15;109;17;92
12/07/2018;20:30;47;2;45
12/07/2018;20:45;47;7;40
12/07/2018;21:00;72;17;55
12/07/2018;21:15;64;4;60
12/07/2018;21:30;80;20;60
12/07/2018;21:45;61;11;50
12/07/2018;22:00;55;3;52
12/07/2018;22:15;56;3;53
12/07/2018;22:30;63;13;50
12/07/2018;22:45;31;4;27
12/07/2018;23:00;39;6;33
12/07/2018;23:15;20;3;17
12/07/2018;23:30;32;12;20
12/07/2018;23:45;15;5;10
13/07/2018;00:00;17;3;14
13/07/2018;00:15;14;3;11
13/07/2018;00:30;14;3;11
13/07/2018;00:45;12;0;12
13/07/2018;01:00;10;1;9
13/07/2018;01:15;17;7;10
13/07/2018;01:30;6;0;6
13/07/2018;01:45;6;1;5
13/07/2018;02:00;3;0;3
13/07/2018;02:15;6;3;3
13/07/2018;02:30;0;0;0
13/07/2018;02:45;3;1;2
13/07/2018;03:00;5;0;5
13/07/2018;03:15;1;0;1
13/07/2018;03:30;3;0;3
13/07/2018;03:45;1;0;1
13/07/2018;04:00;0;0;0
13/07/2018;04:15;4;2;2
13/07/2018;04:30;1;0;1
13/07/2018;04:45;5;1;4
13/07/2018;05:00;1;0;1
13/07/2018;05:15;13;6;7
13/07/2018;05:30;16;6;10
13/07/2018;05:45;8;2;6
13/07/2018;06:00;12;2;10
13/07/2018;06:15;33;10;23
13/07/2018;06:30;50;21;29
13/07/2018;06:45;45;19;26
13/07/2018;07:00;64;36;28
13/07/2018;07:15;41;4;37
13/07/2018;07:30;123;63;60
13/07/2018;07:45;151;83;68
13/07/2018;08:00;117;65;52
13/07/2018;08:15;113;51;62
13/07/2018;08:30;101;50;51
13/07/2018;08:45;63;12;51
13/07/2018;09:00;73;32;41
13/07/2018;09:15;30;4;26
13/07/2018;09:30;59;13;46
13/07/2018;09:45;41;9;32
13/07/2018;10:00;53;3;50
13/07/2018;10:15;53;3;50
13/07/2018;10:30;98;42;56
13/07/2018;10:45;46;3;43
13/07/2018;11:00;60;4;56
13/07/2018;11:15;76;2;74
13/07/2018;11:30;85;27;58
13/07/2018;11:45;62;6;56
13/07/2018;12:00;59;3;56
13/07/2018;12:15;65;5;60
13/07/2018;12:30;121;25;96
13/07/2018;12:45;101;21;80
13/07/2018;13:00;142;27;115
13/07/2018;13:15;84;4;80
13/07/2018;13:30;85;4;81
13/07/2018;13:45;126;28;98
13/07/2018;14:00;86;3;83
13/07/2018;14:15;117;14;103
13/07/2018;14:30;149;24;125
13/07/2018;14:45;142;30;112
13/07/2018;15:00;97;3;94
13/07/2018;15:15;90;4;86
13/07/2018;15:30;142;30;112
13/07/2018;15:45;150;31;119
13/07/2018;16:00;152;26;126
13/07/2018;16:15;121;3;118
13/07/2018;16:30;152;31;121
13/07/2018;16:45;111;3;108
13/07/2018;17:00;97;1;96
13/07/2018;17:15;115;1;114
13/07/2018;17:30;120;0;120
13/07/2018;17:45;95;4;91
13/07/2018;18:00;93;5;88
13/07/2018;18:15;136;30;106
13/07/2018;18:30;92;1;91
13/07/2018;18:45;154;41;113
13/07/2018;19:00;88;6;82
13/07/2018;19:15;90;6;84
13/07/2018;19:30;90;9;81
13/07/2018;19:45;78;3;75
13/07/2018;20:00;101;17;84
13/07/2018;20:15;76;11;65
13/07/2018;20:30;52;4;48
13/07/2018;20:45;71;10;61
13/07/2018;21:00;95;29;66
13/07/2018;21:15;40;1;39
13/07/2018;21:30;64;12;52
13/07/2018;21:45;67;16;51
13/07/2018;22:00;37;2;35
13/07/2018;22:15;59;23;36
13/07/2018;22:30;39;2;37
13/07/2018;22:45;45;3;42
13/07/2018;23:00;38;5;33
13/07/2018;23:15;43;4;39
13/07/2018;23:30;50;9;41
13/07/2018;23:45;47;9;38
14/07/2018;00:00;35;9;26
14/07/2018;00:15;21;3;18
14/07/2018;00:30;33;6;27
14/07/2018;00:45;30;8;22
14/07/2018;01:00;19;2;17
14/07/2018;01:15;18;4;14
14/07/2018;01:30;19;4;15
14/07/2018;01:45;17;1;16
14/07/2018;02:00;13;2;11
14/07/2018;02:15;8;2;6
14/07/2018;02:30;13;3;10
14/07/2018;02:45;9;3;6
14/07/2018;03:00;9;2;7
14/07/2018;03:15;3;0;3
14/07/2018;03:30;5;0;5
14/07/2018;03:45;3;0;3
14/07/2018;04:00;4;0;4
14/07/2018;04:15;3;2;1
14/07/2018;04:30;1;0;1
14/07/2018;04:45;1;0;1
14/07/2018;05:00;1;0;1
14/07/2018;05:15;2;0;2
14/07/2018;05:30;2;2;0
14/07/2018;05:45;3;1;2
14/07/2018;06:00;8;2;6
14/07/2018;06:15;3;0;3
14/07/2018;06:30;5;1;4
14/07/2018;06:45;9;7;2
14/07/2018;07:00;4;0;4
14/07/2018;07:15;10;6;4
14/07/2018;07:30;14;7;7
14/07/2018;07:45;21;8;13
14/07/2018;08:00;27;10;17
14/07/2018;08:15;20;4;16
14/07/2018;08:30;17;4;13
14/07/2018;08:45;16;4;12
14/07/2018;09:00;20;2;18
14/07/2018;09:15;30;10;20
14/07/2018;09:30;76;30;46
14/07/2018;09:45;50;24;26
14/07/2018;10:00;52;24;28
14/07/2018;10:15;34;5;29
14/07/2018;10:30;62;4;58
14/07/2018;10:45;48;4;44
14/07/2018;11:00;75;31;44
14/07/2018;11:15;72;34;38
14/07/2018;11:30;109;53;56
14/07/2018;11:45;67;4;63
14/07/2018;12:00;81;20;61
14/07/2018;12:15;86;19;67
14/07/2018;12:30;82;5;77
14/07/2018;12:45;109;36;73
14/07/2018;13:00;64;4;60
14/07/2018;13:15;90;23;67
14/07/2018;13:30;57;2;55
14/07/2018;13:45;104;19;85
14/07/2018;14:00;91;4;87
14/07/2018;14:15;104;27;77
14/07/2018;14:30;135;27;108
14/07/2018;14:45;116;23;93
14/07/2018;15:00;84;6;78
14/07/2018;15:15;92;14;78
14/07/2018;15:30;102;26;76
14/07/2018;15:45;114;23;91
14/07/2018;16:00;103;22;81
14/07/2018;16:15;110;23;87
14/07/2018;16:30;77;4;73
14/07/2018;16:45;105;18;87
14/07/2018;17:00;60;3;57
14/07/2018;17:15;76;12;64
14/07/2018;17:30;41;2;39
14/07/2018;17:45;92;19;73
14/07/2018;18:00;122;29;93
14/07/2018;18:15;115;27;88
14/07/2018;18:30;95;28;67
14/07/2018;18:45;105;31;74
14/07/2018;19:00;69;7;62
14/07/2018;19:15;82;5;77
14/07/2018;19:30;101;21;80
14/07/2018;19:45;102;30;72
14/07/2018;20:00;63;2;61
14/07/2018;20:15;67;5;62
14/07/2018;20:30;44;5;39
14/07/2018;20:45;46;3;43
14/07/2018;21:00;59;13;46
14/07/2018;21:15;50;12;38
14/07/2018;21:30;39;2;37
14/07/2018;21:45;24;2;22
14/07/2018;22:00;59;17;42
14/07/2018;22:15;41;18;23
14/07/2018;22:30;55;23;32
14/07/2018;22:45;32;4;28
14/07/2018;23:00;47;21;26
14/07/2018;23:15;32;5;27
14/07/2018;23:30;30;1;29
14/07/2018;23:45;48;12;36
15/07/2018;00:00;35;7;28
15/07/2018;00:15;17;6;11
15/07/2018;00:30;28;3;25
15/07/2018;00:45;15;4;11
15/07/2018;01:00;14;5;9
15/07/2018;01:15;16;5;11
15/07/2018;01:30;20;3;17
15/07/2018;01:45;21;8;13
15/07/2018;02:00;30;8;22
15/07/2018;02:15;8;5;3
15/07/2018;02:30;19;2;17
15/07/2018;02:45;13;3;10
15/07/2018;03:00;3;1;2
15/07/2018;03:15;10;5;5
15/07/2018;03:30;8;1;7
15/07/2018;03:45;3;0;3
15/07/2018;04:00;4;1;3
15/07/2018;04:15;5;1;4
15/07/2018;04:30;11;4;7
15/07/2018;04:45;7;0;7
15/07/2018;05:00;1;0;1
15/07/2018;05:15;3;2;1
15/07/2018;05:30;6;4;2
15/07/2018;05:45;4;1;3
15/07/2018;06:00;3;1;2
15/07/2018;06:15;9;4;5
15/07/2018;06:30;2;0;2
15/07/2018;06:45;5;0;5
15/07/2018;07:00;5;1;4
15/07/2018;07:15;9;6;3
15/07/2018;07:30;4;0;4
15/07/2018;07:45;11;5;6
15/07/2018;08:00;19;7;12
15/07/2018;08:15;7;1;6
15/07/2018;08:30;14;0;14
15/07/2018;08:45;20;5;15
15/07/2018;09:00;23;7;16
15/07/2018;09:15;29;4;25
15/07/2018;09:30;21;0;21
15/07/2018;09:45;46;4;42
15/07/2018;10:00;41;12;29
15/07/2018;10:15;63;19;44
15/07/2018;10:30;40;4;36
15/07/2018;10:45;70;21;49
15/07/2018;11:00;45;6;39
15/07/2018;11:15;71;15;56
15/07/2018;11:30;47;14;33
15/07/2018;11:45;51;5;46
15/07/2018;12:00;53;1;52
15/07/2018;12:15;69;12;57
15/07/2018;12:30;56;3;53
15/07/2018;12:45;49;6;43
15/07/2018;13:00;77;19;58
15/07/2018;13:15;94;19;75
15/07/2018;13:30;74;17;57
15/07/2018;13:45;91;15;76
15/07/2018;14:00;100;19;81
15/07/2018;14:15;76;3;73
15/07/2018;14:30;61;5;56
15/07/2018;14:45;62;3;59
15/07/2018;15:00;92;25;67
15/07/2018;15:15;79;22;57
15/07/2018;15:30;80;14;66
15/07/2018;15:45;116;35;81
15/07/2018;16:00;81;5;76
15/07/2018;16:15;87;4;83
15/07/2018;16:30;77;7;70
15/07/2018;16:45;77;16;61
15/07/2018;17:00;37;2;35
15/07/2018;17:15;40;4;36
15/07/2018;17:30;40;5;35
15/07/2018;17:45;52;13;39
15/07/2018;18:00;42;19;23
15/07/2018;18:15;38;11;27
15/07/2018;18:30;52;14;38
15/07/2018;18:45;24;1;23
15/07/2018;19:00;67;4;63
15/07/2018;19:15;67;5;62
15/07/2018;19:30;74;16;58
15/07/2018;19:45;58;3;55
15/07/2018;20:00;50;3;47
15/07/2018;20:15;70;26;44
15/07/2018;20:30;54;18;36
15/07/2018;20:45;53;12;41
15/07/2018;21:00;73;31;42
15/07/2018;21:15;52;20;32
15/07/2018;21:30;25;7;18
15/07/2018;21:45;33;3;30
15/07/2018;22:00;29;2;27
15/07/2018;22:15;39;13;26
15/07/2018;22:30;30;6;24
15/07/2018;22:45;24;11;13
15/07/2018;23:00;18;3;15
15/07/2018;23:15;21;5;16
15/07/2018;23:30;12;5;7
15/07/2018;23:45;16;5;11
16/07/2018;00:00;10;3;7
16/07/2018;00:15;5;1;4
16/07/2018;00:30;3;1;2
16/07/2018;00:45;6;2;4
16/07/2018;01:00;10;0;10
16/07/2018;01:15;4;2;2
16/07/2018;01:30;1;0;1
16/07/2018;01:45;4;1;3
16/07/2018;02:00;2;0;2
16/07/2018;02:15;1;1;0
16/07/2018;02:30;2;1;1
16/07/2018;02:45;1;0;1
16/07/2018;03:00;5;2;3
16/07/2018;03:15;1;0;1
16/07/2018;03:30;3;1;2
16/07/2018;03:45;2;1;1
16/07/2018;04:00;2;1;1
16/07/2018;04:15;6;4;2
16/07/2018;04:30;5;1;4
16/07/2018;04:45;3;0;3
16/07/2018;05:00;4;0;4
16/07/2018;05:15;7;4;3
16/07/2018;05:30;15;4;11
16/07/2018;05:45;13;3;10
16/07/2018;06:00;20;9;11
16/07/2018;06:15;26;4;22
16/07/2018;06:30;29;8;21
16/07/2018;06:45;32;11;21
16/07/2018;07:00;36;5;31
16/07/2018;07:15;48;3;45
16/07/2018;07:30;68;7;61
16/07/2018;07:45;71;7;64
16/07/2018;08:00;116;60;56
16/07/2018;08:15;61;5;56
16/07/2018;08:30;115;59;56
16/07/2018;08:45;84;7;77
16/07/2018;09:00;38;3;35
16/07/2018;09:15;33;6;27
16/07/2018;09:30;48;8;40
16/07/2018;09:45;42;9;33
16/07/2018;10:00;39;8;31
16/07/2018;10:15;55;11;44
16/07/2018;10:30;44;3;41
16/07/2018;10:45;44;6;38
16/07/2018;11:00;47;5;42
16/07/2018;11:15;32;1;31
16/07/2018;11:30;64;19;45
16/07/2018;11:45;55;3;52
16/07/2018;12:00;81;27;54
16/07/2018;12:15;54;3;51
16/07/2018;12:30;84;21;63
16/07/2018;12:45;65;6;59
16/07/2018;13:00;97;11;86
16/07/2018;13:15;94;20;74
16/07/2018;13:30;101;21;80
16/07/2018;13:45;71;13;58
16/07/2018;14:00;80;3;77
16/07/2018;14:15;103;13;90
16/07/2018;14:30;87;15;72
16/07/2018;14:45;67;1;66
16/07/2018;15:00;93;29;64
16/07/2018;15:15;70;1;69
16/07/2018;15:30;89;3;86
16/07/2018;15:45;134;18;116
16/07/2018;16:00;157;26;131
16/07/2018;16:15;142;2;140
16/07/2018;16:30;181;18;163
16/07/2018;16:45;168;23;145
16/07/2018;17:00;185;37;148
16/07/2018;17:15;172;29;143
16/07/2018;17:30;185;39;146
16/07/2018;17:45;194;36;158
16/07/2018;18:00;198;24;174
16/07/2018;18:15;124;1;123
16/07/2018;18:30;102;2;100
16/07/2018;18:45;154;30;124
16/07/2018;19:00;140;29;111
16/07/2018;19:15;148;23;125
16/07/2018;19:30;131;11;120
16/07/2018;19:45;84;6;78
16/07/2018;20:00;120;26;94
16/07/2018;20:15;115;26;89
16/07/2018;20:30;58;2;56
16/07/2018;20:45;89;23;66
16/07/2018;21:00;53;13;40
16/07/2018;21:15;58;7;51
16/07/2018;21:30;36;5;31
16/07/2018;21:45;61;23;38
16/07/2018;22:00;56;2;54
16/07/2018;22:15;52;11;41
16/07/2018;22:30;39;10;29
16/07/2018;22:45;29;4;25
16/07/2018;23:00;31;7;24
16/07/2018;23:15;24;7;17
16/07/2018;23:30;19;4;15
16/07/2018;23:45;25;2;23
17/07/2018;00:00;14;3;11
17/07/2018;00:15;7;2;5
17/07/2018;00:30;7;3;4
17/07/2018;00:45;8;0;8
17/07/2018;01:00;4;3;1
17/07/2018;01:15;8;0;8
17/07/2018;01:30;7;1;6
17/07/2018;01:45;5;0;5
17/07/2018;02:00;5;2;3
17/07/2018;02:15;2;0;2
17/07/2018;02:30;6;1;5
17/07/2018;02:45;2;0;2
17/07/2018;03:00;2;0;2
17/07/2018;03:15;5;1;4
17/07/2018;03:30;2;0;2
17/07/2018;03:45;1;0;1
17/07/2018;04:00;2;1;1
17/07/2018;04:15;5;3;2
17/07/2018;04:30;6;3;3
17/07/2018;04:45;1;0;1
17/07/2018;05:00;2;0;2
17/07/2018;05:15;8;5;3
17/07/2018;05:30;11;0;11
17/07/2018;05:45;19;10;9
17/07/2018;06:00;13;1;12
17/07/2018;06:15;29;6;23
17/07/2018;06:30;49;16;33
17/07/2018;06:45;62;32;30
17/07/2018;07:00;41;5;36
17/07/2018;07:15;48;4;44
17/07/2018;07:30;58;3;55
17/07/2018;07:45;147;71;76
17/07/2018;08:00;56;8;48
17/07/2018;08:15;71;2;69
17/07/2018;08:30;60;10;50
17/07/2018;08:45;126;57;69
17/07/2018;09:00;47;7;40
17/07/2018;09:15;37;3;34
17/07/2018;09:30;41;5;36
17/07/2018;09:45;46;4;42
17/07/2018;10:00;38;3;35
17/07/2018;10:15;66;28;38
17/07/2018;10:30;35;5;30
17/07/2018;10:45;44;3;41
17/07/2018;11:00;48;14;34
17/07/2018;11:15;67;21;46
17/07/2018;11:30;78;23;55
17/07/2018;11:45;74;2;72
17/07/2018;12:00;64;5;59
17/07/2018;12:15;70;19;51
17/07/2018;12:30;58;3;55
17/07/2018;12:45;49;4;45
17/07/2018;13:00;79;1;78
17/07/2018;13:15;67;6;61
17/07/2018;13:30;48;3;45
17/07/2018;13:45;60;2;58
17/07/2018;14:00;61;10;51
17/07/2018;14:15;76;0;76
17/07/2018;14:30;76;15;61
17/07/2018;14:45;92;16;76
17/07/2018;15:00;74;2;72
17/07/2018;15:15;73;3;70
17/07/2018;15:30;103;6;97
17/07/2018;15:45;92;0;92
17/07/2018;16:00;154;22;132
17/07/2018;16:15;123;2;121
17/07/2018;16:30;127;3;124
17/07/2018;16:45;160;31;129
17/07/2018;17:00;132;8;124
17/07/2018;17:15;184;29;155
17/07/2018;17:30;129;5;124
17/07/2018;17:45;186;34;152
17/07/2018;18:00;178;37;141
17/07/2018;18:15;149;6;143
17/07/2018;18:30;140;5;135
17/07/2018;18:45;60;5;55
17/07/2018;19:00;42;10;32
17/07/2018;19:15;82;10;72
17/07/2018;19:30;83;9;74
17/07/2018;19:45;51;4;47
17/07/2018;20:00;73;6;67
17/07/2018;20:15;79;6;73
17/07/2018;20:30;39;3;36
17/07/2018;20:45;54;11;43
17/07/2018;21:00;42;7;35
17/07/2018;21:15;37;2;35
17/07/2018;21:30;33;4;29
17/07/2018;21:45;50;10;40
17/07/2018;22:00;35;9;26
17/07/2018;22:15;34;6;28
17/07/2018;22:30;32;4;28
17/07/2018;22:45;10;1;9
17/07/2018;23:00;27;4;23
17/07/2018;23:15;21;2;19
17/07/2018;23:30;16;5;11
17/07/2018;23:45;18;2;16
18/07/2018;00:00;9;0;9
18/07/2018;00:15;3;0;3
18/07/2018;00:30;2;0;2
18/07/2018;00:45;1;0;1
18/07/2018;01:00;4;1;3
18/07/2018;01:15;4;2;2
18/07/2018;01:30;3;1;2
18/07/2018;01:45;1;0;1
18/07/2018;02:00;5;1;4
18/07/2018;02:15;1;0;1
18/07/2018;02:30;0;0;0
18/07/2018;02:45;0;0;0
18/07/2018;03:00;2;0;2
18/07/2018;03:15;1;0;1
18/07/2018;03:30;1;1;0
18/07/2018;03:45;2;0;2
18/07/2018;04:00;1;1;0
18/07/2018;04:15;3;1;2
18/07/2018;04:30;6;1;5
18/07/2018;04:45;2;0;2
18/07/2018;05:00;2;1;1
18/07/2018;05:15;5;3;2
18/07/2018;05:30;16;7;9
18/07/2018;05:45;10;5;5
18/07/2018;06:00;22;10;12
18/07/2018;06:15;28;7;21
18/07/2018;06:30;44;16;28
18/07/2018;06:45;45;18;27
18/07/2018;07:00;56;21;35
18/07/2018;07:15;84;46;38
18/07/2018;07:30;97;47;50
18/07/2018;07:45;147;70;77
18/07/2018;08:00;53;3;50
18/07/2018;08:15;139;59;80
18/07/2018;08:30;117;59;58
18/07/2018;08:45;129;68;61
18/07/2018;09:00;78;32;46
18/07/2018;09:15;73;45;28
18/07/2018;09:30;61;33;28
18/07/2018;09:45;82;38;44
18/07/2018;10:00;80;36;44
18/07/2018;10:15;82;31;51
18/07/2018;10:30;60;21;39
18/07/2018;10:45;68;38;30
18/07/2018;11:00;41;6;35
18/07/2018;11:15;66;20;46
18/07/2018;11:30;67;28;39
18/07/2018;11:45;74;33;41
18/07/2018;12:00;91;26;65
18/07/2018;12:15;64;4;60
18/07/2018;12:30;58;2;56
18/07/2018;12:45;71;4;67
18/07/2018;13:00;82;3;79
18/07/2018;13:15;82;3;79
18/07/2018;13:30;53;4;49
18/07/2018;13:45;59;0;59
18/07/2018;14:00;74;3;71
18/07/2018;14:15;72;1;71
18/07/2018;14:30;60;2;58
18/07/2018;14:45;81;7;74
18/07/2018;15:00;63;3;60
18/07/2018;15:15;98;4;94
18/07/2018;15:30;94;3;91
18/07/2018;15:45;156;25;131
18/07/2018;16:00;123;25;98
18/07/2018;16:15;128;2;126
18/07/2018;16:30;148;32;116
18/07/2018;16:45;160;27;133
18/07/2018;17:00;183;36;147
18/07/2018;17:15;193;40;153
18/07/2018;17:30;126;3;123
18/07/2018;17:45;188;41;147
18/07/2018;18:00;169;39;130
18/07/2018;18:15;209;45;164
18/07/2018;18:30;150;4;146
18/07/2018;18:45;157;28;129
18/07/2018;19:00;148;17;131
18/07/2018;19:15;165;45;120
18/07/2018;19:30;136;23;113
18/07/2018;19:45;92;4;88
18/07/2018;20:00;124;22;102
18/07/2018;20:15;98;14;84
18/07/2018;20:30;106;14;92
18/07/2018;20:45;73;18;55
18/07/2018;21:00;48;0;48
18/07/2018;21:15;53;2;51
18/07/2018;21:30;66;14;52
18/07/2018;21:45;52;1;51
18/07/2018;22:00;57;4;53
18/07/2018;22:15;72;7;65
18/07/2018;22:30;74;18;56
18/07/2018;22:45;49;15;34
18/07/2018;23:00;50;12;38
18/07/2018;23:15;39;11;28
18/07/2018;23:30;34;8;26
18/07/2018;23:45;16;4;12
19/07/2018;00:00;8;1;7
19/07/2018;00:15;19;3;16
19/07/2018;00:30;11;2;9
19/07/2018;00:45;3;2;1
19/07/2018;01:00;8;0;8
19/07/2018;01:15;9;1;8
19/07/2018;01:30;3;1;2
19/07/2018;01:45;1;0;1
19/07/2018;02:00;6;1;5
19/07/2018;02:15;1;0;1
19/07/2018;02:30;3;0;3
19/07/2018;02:45;1;0;1
19/07/2018;03:00;9;3;6
19/07/2018;03:15;2;1;1
19/07/2018;03:30;1;0;1
19/07/2018;03:45;2;0;2
19/07/2018;04:00;0;0;0
19/07/2018;04:15;4;2;2
19/07/2018;04:30;5;3;2
19/07/2018;04:45;1;0;1
19/07/2018;05:00;4;0;4
19/07/2018;05:15;8;4;4
19/07/2018;05:30;11;2;9
19/07/2018;05:45;10;3;7
19/07/2018;06:00;19;5;14
19/07/2018;06:15;18;3;15
19/07/2018;06:30;41;13;28
19/07/2018;06:45;31;3;28
19/07/2018;07:00;66;24;42
19/07/2018;07:15;51;7;44
19/07/2018;07:30;91;44;47
19/07/2018;07:45;133;64;69
19/07/2018;08:00;124;59;65
19/07/2018;08:15;121;56;65
19/07/2018;08:30;62;6;56
19/07/2018;08:45;71;5;66
19/07/2018;09:00;53;4;49
19/07/2018;09:15;59;10;49
19/07/2018;09:30;24;5;19
19/07/2018;09:45;49;4;45
19/07/2018;10:00;59;23;36
19/07/2018;10:15;53;7;46
19/07/2018;10:30;98;22;76
19/07/2018;10:45;54;6;48
19/07/2018;11:00;56;14;42
19/07/2018;11:15;49;5;44
19/07/2018;11:30;45;2;43
19/07/2018;11:45;86;31;55
19/07/2018;12:00;79;31;48
19/07/2018;12:15;56;4;52
19/07/2018;12:30;72;17;55
19/07/2018;12:45;66;0;66
19/07/2018;13:00;48;3;45
19/07/2018;13:15;82;4;78
19/07/2018;13:30;59;2;57
19/07/2018;13:45;65;5;60
19/07/2018;14:00;99;18;81
19/07/2018;14:15;57;0;57
19/07/2018;14:30;80;22;58
19/07/2018;14:45;113;40;73
19/07/2018;15:00;105;19;86
19/07/2018;15:15;88;4;84
19/07/2018;15:30;113;14;99
19/07/2018;15:45;138;30;108
19/07/2018;16:00;137;3;134
19/07/2018;16:15;135;3;132
19/07/2018;16:30;184;28;156
19/07/2018;16:45;115;1;114
19/07/2018;17:00;171;26;145
19/07/2018;17:15;136;6;130
19/07/2018;17:30;136;4;132
19/07/2018;17:45;191;35;156
19/07/2018;18:00;136;1;135
19/07/2018;18:15;159;25;134
19/07/2018;18:30;124;6;118
19/07/2018;18:45;147;1;146
19/07/2018;19:00;162;30;132
19/07/2018;19:15;107;4;103
19/07/2018;19:30;93;3;90
19/07/2018;19:45;95;0;95
19/07/2018;20:00;98;26;72
19/07/2018;20:15;95;8;87
19/07/2018;20:30;47;2;45
19/07/2018;20:45;66;18;48
19/07/2018;21:00;62;15;47
19/07/2018;21:15;52;10;42
19/07/2018;21:30;41;5;36
19/07/2018;21:45;64;19;45
19/07/2018;22:00;52;6;46
19/07/2018;22:15;61;3;58
19/07/2018;22:30;47;4;43
19/07/2018;22:45;47;17;30
19/07/2018;23:00;41;5;36
19/07/2018;23:15;37;9;28
19/07/2018;23:30;31;7;24
19/07/2018;23:45;23;0;23
20/07/2018;00:00;19;4;15
20/07/2018;00:15;17;2;15
20/07/2018;00:30;13;4;9
20/07/2018;00:45;9;2;7
20/07/2018;01:00;10;2;8
20/07/2018;01:15;6;2;4
20/07/2018;01:30;6;1;5
20/07/2018;01:45;1;1;0
20/07/2018;02:00;3;1;2
20/07/2018;02:15;4;2;2
20/07/2018;02:30;1;0;1
20/07/2018;02:45;2;0;2
20/07/2018;03:00;3;1;2
20/07/2018;03:15;0;0;0
20/07/2018;03:30;9;3;6
20/07/2018;03:45;3;1;2
20/07/2018;04:00;1;1;0
20/07/2018;04:15;5;3;2
20/07/2018;04:30;5;1;4
20/07/2018;04:45;2;1;1
20/07/2018;05:00;4;0;4
20/07/2018;05:15;7;5;2
20/07/2018;05:30;13;2;11
20/07/2018;05:45;5;0;5
20/07/2018;06:00;22;6;16
20/07/2018;06:15;11;2;9
20/07/2018;06:30;45;19;26
20/07/2018;06:45;25;0;25
20/07/2018;07:00;57;21;36
20/07/2018;07:15;67;31;36
20/07/2018;07:30;38;6;32
20/07/2018;07:45;67;6;61
20/07/2018;08:00;55;8;47
20/07/2018;08:15;67;8;59
20/07/2018;08:30;55;8;47
20/07/2018;08:45;67;7;60
20/07/2018;09:00;47;9;38
20/07/2018;09:15;68;30;38
20/07/2018;09:30;69;30;39
20/07/2018;09:45;29;1;28
20/07/2018;10:00;24;5;19
20/07/2018;10:15;46;6;40
20/07/2018;10:30;30;1;29
20/07/2018;10:45;38;4;34
20/07/2018;11:00;32;2;30
20/07/2018;11:15;43;5;38
20/07/2018;11:30;41;4;37
20/07/2018;11:45;53;1;52
20/07/2018;12:00;49;2;47
20/07/2018;12:15;64;2;62
20/07/2018;12:30;67;9;58
20/07/2018;12:45;52;5;47
20/07/2018;13:00;104;22;82
20/07/2018;13:15;108;26;82
20/07/2018;13:30;101;19;82
20/07/2018;13:45;70;2;68
20/07/2018;14:00;101;14;87
20/07/2018;14:15;78;3;75
20/07/2018;14:30;77;1;76
20/07/2018;14:45;116;30;86
20/07/2018;15:00;81;2;79
20/07/2018;15:15;84;1;83
20/07/2018;15:30;124;25;99
20/07/2018;15:45;141;32;109
20/07/2018;16:00;85;1;84
20/07/2018;16:15;84;5;79
20/07/2018;16:30;154;27;127
20/07/2018;16:45;81;1;80
20/07/2018;17:00;107;1;106
20/07/2018;17:15;121;39;82
20/07/2018;17:30;98;2;96
20/07/2018;17:45;145;52;93
20/07/2018;18:00;90;2;88
20/07/2018;18:15;148;36;112
20/07/2018;18:30;143;35;108
20/07/2018;18:45;130;30;100
20/07/2018;19:00;105;26;79
20/07/2018;19:15;82;25;57
20/07/2018;19:30;59;4;55
20/07/2018;19:45;55;2;53
20/07/2018;20:00;42;5;37
20/07/2018;20:15;72;13;59
20/07/2018;20:30;41;1;40
20/07/2018;20:45;54;16;38
20/07/2018;21:00;62;19;43
20/07/2018;21:15;37;4;33
20/07/2018;21:30;40;3;37
20/07/2018;21:45;56;16;40
20/07/2018;22:00;77;3;74
20/07/2018;22:15;75;11;64
20/07/2018;22:30;101;12;89
20/07/2018;22:45;94;15;79
20/07/2018;23:00;77;14;63
20/07/2018;23:15;72;11;61
20/07/2018;23:30;47;7;40
20/07/2018;23:45;36;2;34
21/07/2018;00:00;30;3;27
21/07/2018;00:15;29;7;22
21/07/2018;00:30;22;1;21
21/07/2018;00:45;22;1;21
21/07/2018;01:00;24;4;20
21/07/2018;01:15;24;2;22
21/07/2018;01:30;9;0;9
21/07/2018;01:45;2;0;2
21/07/2018;02:00;16;1;15
21/07/2018;02:15;7;0;7
21/07/2018;02:30;9;0;9
21/07/2018;02:45;19;3;16
21/07/2018;03:00;7;1;6
21/07/2018;03:15;8;3;5
21/07/2018;03:30;3;0;3
21/07/2018;03:45;4;1;3
21/07/2018;04:00;6;1;5
21/07/2018;04:15;7;2;5
21/07/2018;04:30;4;0;4
21/07/2018;04:45;2;0;2
21/07/2018;05:00;2;0;2
21/07/2018;05:15;3;0;3
21/07/2018;05:30;3;0;3
21/07/2018;05:45;3;0;3
21/07/2018;06:00;2;0;2
21/07/2018;06:15;5;1;4
21/07/2018;06:30;4;0;4
21/07/2018;06:45;3;2;1
21/07/2018;07:00;7;4;3
21/07/2018;07:15;8;2;6
21/07/2018;07:30;14;6;8
21/07/2018;07:45;16;10;6
21/07/2018;08:00;12;5;7
21/07/2018;08:15;16;2;14
21/07/2018;08:30;16;3;13
21/07/2018;08:45;19;6;13
21/07/2018;09:00;34;16;18
21/07/2018;09:15;31;9;22
21/07/2018;09:30;54;23;31
21/07/2018;09:45;41;14;27
21/07/2018;10:00;34;5;29
21/07/2018;10:15;34;8;26
21/07/2018;10:30;57;32;25
21/07/2018;10:45;50;4;46
21/07/2018;11:00;62;22;40
21/07/2018;11:15;52;10;42
21/07/2018;11:30;32;2;30
21/07/2018;11:45;45;8;37
21/07/2018;12:00;87;24;63
21/07/2018;12:15;63;4;59
21/07/2018;12:30;58;6;52
21/07/2018;12:45;79;14;65
21/07/2018;13:00;76;22;54
21/07/2018;13:15;67;4;63
21/07/2018;13:30;99;32;67
21/07/2018;13:45;104;28;76
21/07/2018;14:00;59;5;54
21/07/2018;14:15;87;17;70
21/07/2018;14:30;93;24;69
21/07/2018;14:45;89;17;72
21/07/2018;15:00;68;1;67
21/07/2018;15:15;63;2;61
21/07/2018;15:30;56;2;54
21/07/2018;15:45;89;22;67
21/07/2018;16:00;89;21;68
21/07/2018;16:15;84;14;70
21/07/2018;16:30;70;19;51
21/07/2018;16:45;46;1;45
21/07/2018;17:00;96;16;80
21/07/2018;17:15;103;30;73
21/07/2018;17:30;47;2;45
21/07/2018;17:45;63;8;55
21/07/2018;18:00;52;3;49
21/07/2018;18:15;71;7;64
21/07/2018;18:30;47;16;31
21/07/2018;18:45;24;6;18
21/07/2018;19:00;40;12;28
21/07/2018;19:15;62;17;45
21/07/2018;19:30;47;2;45
21/07/2018;19:45;51;4;47
21/07/2018;20:00;29;4;25
21/07/2018;20:15;39;8;31
21/07/2018;20:30;35;4;31
21/07/2018;20:45;40;7;33
21/07/2018;21:00;38;8;30
21/07/2018;21:15;24;6;18
21/07/2018;21:30;24;3;21
21/07/2018;21:45;15;3;12
21/07/2018;22:00;25;1;24
21/07/2018;22:15;10;2;8
21/07/2018;22:30;15;1;14
21/07/2018;22:45;24;3;21
21/07/2018;23:00;19;2;17
21/07/2018;23:15;19;3;16
21/07/2018;23:30;25;5;20
21/07/2018;23:45;17;1;16
22/07/2018;00:00;15;0;15
22/07/2018;00:15;10;0;10
22/07/2018;00:30;15;2;13
22/07/2018;00:45;7;2;5
22/07/2018;01:00;21;4;17
22/07/2018;01:15;8;0;8
22/07/2018;01:30;8;1;7
22/07/2018;01:45;17;2;15
22/07/2018;02:00;3;0;3
22/07/2018;02:15;10;1;9
22/07/2018;02:30;10;1;9
22/07/2018;02:45;3;0;3
22/07/2018;03:00;7;2;5
22/07/2018;03:15;4;2;2
22/07/2018;03:30;9;0;9
22/07/2018;03:45;1;0;1
22/07/2018;04:00;4;1;3
22/07/2018;04:15;1;0;1
22/07/2018;04:30;6;0;6
22/07/2018;04:45;1;0;1
22/07/2018;05:00;0;0;0
22/07/2018;05:15;0;0;0
22/07/2018;05:30;1;0;1
22/07/2018;05:45;1;0;1
22/07/2018;06:00;2;0;2
22/07/2018;06:15;3;2;1
22/07/2018;06:30;3;0;3
22/07/2018;06:45;6;3;3
22/07/2018;07:00;2;1;1
22/07/2018;07:15;7;1;6
22/07/2018;07:30;11;2;9
22/07/2018;07:45;8;2;6
22/07/2018;08:00;15;10;5
22/07/2018;08:15;15;4;11
22/07/2018;08:30;28;16;12
22/07/2018;08:45;23;9;14
22/07/2018;09:00;13;3;10
22/07/2018;09:15;21;9;12
22/07/2018;09:30;22;5;17
22/07/2018;09:45;47;12;35
22/07/2018;10:00;30;0;30
22/07/2018;10:15;45;12;33
22/07/2018;10:30;24;1;23
22/07/2018;10:45;54;22;32
22/07/2018;11:00;44;3;41
22/07/2018;11:15;42;1;41
22/07/2018;11:30;51;4;47
22/07/2018;11:45;60;11;49
22/07/2018;12:00;48;6;42
22/07/2018;12:15;50;14;36
22/07/2018;12:30;61;14;47
22/07/2018;12:45;75;10;65
22/07/2018;13:00;88;9;79
22/07/2018;13:15;63;2;61
22/07/2018;13:30;60;5;55
22/07/2018;13:45;91;13;78
22/07/2018;14:00;91;17;74
22/07/2018;14:15;59;3;56
22/07/2018;14:30;82;14;68
22/07/2018;14:45;73;17;56
22/07/2018;15:00;51;4;47
22/07/2018;15:15;80;17;63
22/07/2018;15:30;51;5;46
22/07/2018;15:45;55;1;54
22/07/2018;16:00;69;7;62
22/07/2018;16:15;48;4;44
22/07/2018;16:30;71;20;51
22/07/2018;16:45;47;4;43
22/07/2018;17:00;99;30;69
22/07/2018;17:15;70;6;64
22/07/2018;17:30;103;31;72
22/07/2018;17:45;63;14;49
22/07/2018;18:00;60;4;56
22/07/2018;18:15;72;22;50
22/07/2018;18:30;42;7;35
22/07/2018;18:45;65;20;45
22/07/2018;19:00;87;30;57
22/07/2018;19:15;62;19;43
22/07/2018;19:30;55;16;39
22/07/2018;19:45;31;4;27
22/07/2018;20:00;50;3;47
22/07/2018;20:15;48;17;31
22/07/2018;20:30;39;2;37
22/07/2018;20:45;40;14;26
22/07/2018;21:00;44;13;31
22/07/2018;21:15;47;7;40
22/07/2018;21:30;34;15;19
22/07/2018;21:45;29;10;19
22/07/2018;22:00;29;10;19
22/07/2018;22:15;23;4;19
22/07/2018;22:30;20;7;13
22/07/2018;22:45;15;1;14
22/07/2018;23:00;27;5;22
22/07/2018;23:15;10;3;7
22/07/2018;23:30;7;3;4
22/07/2018;23:45;11;1;10
23/07/2018;00:00;8;1;7
23/07/2018;00:15;8;1;7
23/07/2018;00:30;10;1;9
23/07/2018;00:45;1;0;1
23/07/2018;01:00;6;3;3
23/07/2018;01:15;5;1;4
23/07/2018;01:30;2;0;2
23/07/2018;01:45;0;0;0
23/07/2018;02:00;0;0;0
23/07/2018;02:15;1;0;1
23/07/2018;02:30;2;0;2
23/07/2018;02:45;0;0;0
23/07/2018;03:00;1;1;0
23/07/2018;03:15;2;0;2
23/07/2018;03:30;1;0;1
23/07/2018;03:45;0;0;0
23/07/2018;04:00;2;0;2
23/07/2018;04:15;4;4;0
23/07/2018;04:30;4;2;2
23/07/2018;04:45;2;0;2
23/07/2018;05:00;1;1;0
23/07/2018;05:15;4;1;3
23/07/2018;05:30;9;1;8
23/07/2018;05:45;13;4;9
23/07/2018;06:00;25;6;19
23/07/2018;06:15;30;13;17
23/07/2018;06:30;44;14;30
23/07/2018;06:45;47;20;27
23/07/2018;07:00;69;30;39
23/07/2018;07:15;80;33;47
23/07/2018;07:30;98;47;51
23/07/2018;07:45;109;53;56
23/07/2018;08:00;81;34;47
23/07/2018;08:15;110;46;64
23/07/2018;08:30;117;55;62
23/07/2018;08:45;107;58;49
23/07/2018;09:00;83;40;43
23/07/2018;09:15;68;32;36
23/07/2018;09:30;58;39;19
23/07/2018;09:45;37;3;34
23/07/2018;10:00;41;15;26
23/07/2018;10:15;37;6;31
23/07/2018;10:30;57;26;31
23/07/2018;10:45;68;22;46
23/07/2018;11:00;56;20;36
23/07/2018;11:15;50;5;45
23/07/2018;11:30;54;0;54
23/07/2018;11:45;65;8;57
23/07/2018;12:00;67;23;44
23/07/2018;12:15;58;7;51
23/07/2018;12:30;51;3;48
23/07/2018;12:45;50;4;46
23/07/2018;13:00;92;24;68
23/07/2018;13:15;63;5;58
23/07/2018;13:30;75;22;53
23/07/2018;13:45;57;3;54
23/07/2018;14:00;57;2;55
23/07/2018;14:15;69;16;53
23/07/2018;14:30;110;21;89
23/07/2018;14:45;101;20;81
23/07/2018;15:00;82;7;75
23/07/2018;15:15;77;4;73
23/07/2018;15:30;121;25;96
23/07/2018;15:45;125;29;96
23/07/2018;16:00;109;4;105
23/07/2018;16:15;151;22;129
23/07/2018;16:30;156;29;127
23/07/2018;16:45;109;5;104
23/07/2018;17:00;122;5;117
23/07/2018;17:15;133;2;131
23/07/2018;17:30;200;31;169
23/07/2018;17:45;152;31;121
23/07/2018;18:00;164;30;134
23/07/2018;18:15;132;7;125
23/07/2018;18:30;131;25;106
23/07/2018;18:45;115;18;97
23/07/2018;19:00;153;23;130
23/07/2018;19:15;102;23;79
23/07/2018;19:30;63;2;61
23/07/2018;19:45;67;3;64
23/07/2018;20:00;89;14;75
23/07/2018;20:15;85;17;68
23/07/2018;20:30;92;17;75
23/07/2018;20:45;58;14;44
23/07/2018;21:00;50;5;45
23/07/2018;21:15;43;4;39
23/07/2018;21:30;47;16;31
23/07/2018;21:45;40;7;33
23/07/2018;22:00;54;13;41
23/07/2018;22:15;32;6;26
23/07/2018;22:30;37;5;32
23/07/2018;22:45;46;10;36
23/07/2018;23:00;27;8;19
23/07/2018;23:15;14;4;10
23/07/2018;23:30;19;6;13
23/07/2018;23:45;8;3;5
24/07/2018;00:00;12;1;11
24/07/2018;00:15;8;0;8
24/07/2018;00:30;8;1;7
24/07/2018;00:45;9;4;5
24/07/2018;01:00;12;3;9
24/07/2018;01:15;7;2;5
24/07/2018;01:30;0;0;0
24/07/2018;01:45;6;0;6
24/07/2018;02:00;3;1;2
24/07/2018;02:15;1;0;1
24/07/2018;02:30;4;0;4
24/07/2018;02:45;2;0;2
24/07/2018;03:00;4;0;4
24/07/2018;03:15;2;1;1
24/07/2018;03:30;2;0;2
24/07/2018;03:45;0;0;0
24/07/2018;04:00;1;1;0
24/07/2018;04:15;5;4;1
24/07/2018;04:30;5;2;3
24/07/2018;04:45;2;1;1
24/07/2018;05:00;4;1;3
24/07/2018;05:15;5;3;2
24/07/2018;05:30;14;6;8
24/07/2018;05:45;15;3;12
24/07/2018;06:00;21;9;12
24/07/2018;06:15;38;11;27
24/07/2018;06:30;38;13;25
24/07/2018;06:45;64;30;34
24/07/2018;07:00;46;12;34
24/07/2018;07:15;70;23;47
24/07/2018;07:30;100;44;56
24/07/2018;07:45;124;65;59
24/07/2018;08:00;109;57;52
24/07/2018;08:15;129;52;77
24/07/2018;08:30;93;46;47
24/07/2018;08:45;116;63;53
24/07/2018;09:00;99;53;46
24/07/2018;09:15;84;44;40
24/07/2018;09:30;66;30;36
24/07/2018;09:45;37;4;33
24/07/2018;10:00;51;17;34
24/07/2018;10:15;106;31;75
24/07/2018;10:30;61;26;35
24/07/2018;10:45;38;2;36
24/07/2018;11:00;59;23;36
24/07/2018;11:15;45;3;42
24/07/2018;11:30;52;3;49
24/07/2018;11:45;55;9;46
24/07/2018;12:00;43;3;40
24/07/2018;12:15;58;6;52
24/07/2018;12:30;77;18;59
24/07/2018;12:45;76;17;59
24/07/2018;13:00;55;2;53
24/07/2018;13:15;54;5;49
24/07/2018;13:30;62;1;61
24/07/2018;13:45;49;5;44
24/07/2018;14:00;54;2;52
24/07/2018;14:15;80;13;67
24/07/2018;14:30;79;13;66
24/07/2018;14:45;71;14;57
24/07/2018;15:00;74;2;72
24/07/2018;15:15;72;5;67
24/07/2018;15:30;106;19;87
24/07/2018;15:45;99;0;99
24/07/2018;16:00;150;26;124
24/07/2018;16:15;139;26;113
24/07/2018;16:30;99;2;97
24/07/2018;16:45;134;1;133
24/07/2018;17:00;110;1;109
24/07/2018;17:15;163;29;134
24/07/2018;17:30;123;4;119
24/07/2018;17:45;147;29;118
24/07/2018;18:00;115;3;112
24/07/2018;18:15;130;6;124
24/07/2018;18:30;123;5;118
24/07/2018;18:45;119;1;118
24/07/2018;19:00;102;3;99
24/07/2018;19:15;114;4;110
24/07/2018;19:30;111;18;93
24/07/2018;19:45;80;4;76
24/07/2018;20:00;78;1;77
24/07/2018;20:15;72;14;58
24/07/2018;20:30;89;17;72
24/07/2018;20:45;50;4;46
24/07/2018;21:00;62;17;45
24/07/2018;21:15;61;6;55
24/07/2018;21:30;60;23;37
24/07/2018;21:45;37;6;31
24/07/2018;22:00;72;17;55
24/07/2018;22:15;81;34;47
24/07/2018;22:30;29;3;26
24/07/2018;22:45;35;6;29
24/07/2018;23:00;23;1;22
24/07/2018;23:15;34;15;19
24/07/2018;23:30;19;5;14
24/07/2018;23:45;24;5;19
25/07/2018;00:00;23;7;16
25/07/2018;00:15;12;2;10
25/07/2018;00:30;6;2;4
25/07/2018;00:45;8;0;8
25/07/2018;01:00;5;2;3
25/07/2018;01:15;9;2;7
25/07/2018;01:30;3;1;2
25/07/2018;01:45;1;0;1
25/07/2018;02:00;6;1;5
25/07/2018;02:15;5;0;5
25/07/2018;02:30;3;0;3
25/07/2018;02:45;7;1;6
25/07/2018;03:00;2;0;2
25/07/2018;03:15;1;0;1
25/07/2018;03:30;3;1;2
25/07/2018;03:45;1;0;1
25/07/2018;04:00;3;1;2
25/07/2018;04:15;3;2;1
25/07/2018;04:30;3;1;2
25/07/2018;04:45;3;2;1
25/07/2018;05:00;1;0;1
25/07/2018;05:15;6;2;4
25/07/2018;05:30;10;2;8
25/07/2018;05:45;12;5;7
25/07/2018;06:00;17;3;14
25/07/2018;06:15;25;5;20
25/07/2018;06:30;35;4;31
25/07/2018;06:45;39;9;30
25/07/2018;07:00;56;9;47
25/07/2018;07:15;49;8;41
25/07/2018;07:30;72;5;67
25/07/2018;07:45;76;9;67
25/07/2018;08:00;49;3;46
25/07/2018;08:15;66;5;61
25/07/2018;08:30;55;7;48
25/07/2018;08:45;67;4;63
25/07/2018;09:00;79;40;39
25/07/2018;09:15;73;40;33
25/07/2018;09:30;67;30;37
25/07/2018;09:45;51;26;25
25/07/2018;10:00;54;21;33
25/07/2018;10:15;74;33;41
25/07/2018;10:30;34;5;29
25/07/2018;10:45;36;4;32
25/07/2018;11:00;44;4;40
25/07/2018;11:15;47;3;44
25/07/2018;11:30;48;3;45
25/07/2018;11:45;71;24;47
25/07/2018;12:00;73;22;51
25/07/2018;12:15;39;4;35
25/07/2018;12:30;49;5;44
25/07/2018;12:45;48;0;48
25/07/2018;13:00;57;0;57
25/07/2018;13:15;65;2;63
25/07/2018;13:30;69;14;55
25/07/2018;13:45;51;2;49
25/07/2018;14:00;60;7;53
25/07/2018;14:15;88;20;68
25/07/2018;14:30;67;4;63
25/07/2018;14:45;74;12;62
25/07/2018;15:00;85;13;72
25/07/2018;15:15;81;1;80
25/07/2018;15:30;107;16;91
25/07/2018;15:45;113;15;98
25/07/2018;16:00;92;1;91
25/07/2018;16:15;145;23;122
25/07/2018;16:30;122;29;93
25/07/2018;16:45;161;27;134
25/07/2018;17:00;95;1;94
25/07/2018;17:15;165;24;141
25/07/2018;17:30;125;28;97
25/07/2018;17:45;128;2;126
25/07/2018;18:00;122;21;101
25/07/2018;18:15;135;33;102
25/07/2018;18:30;133;25;108
25/07/2018;18:45;132;28;104
25/07/2018;19:00;101;4;97
25/07/2018;19:15;123;24;99
25/07/2018;19:30;84;17;67
25/07/2018;19:45;122;18;104
25/07/2018;20:00;95;22;73
25/07/2018;20:15;62;0;62
25/07/2018;20:30;62;1;61
25/07/2018;20:45;68;15;53
25/07/2018;21:00;45;3;42
25/07/2018;21:15;75;19;56
25/07/2018;21:30;39;10;29
25/07/2018;21:45;69;24;45
25/07/2018;22:00;84;6;78
25/07/2018;22:15;66;16;50
25/07/2018;22:30;40;11;29
25/07/2018;22:45;38;5;33
25/07/2018;23:00;39;21;18
25/07/2018;23:15;31;8;23
25/07/2018;23:30;26;7;19
25/07/2018;23:45;9;0;9
26/07/2018;00:00;15;3;12
26/07/2018;00:15;15;2;13
26/07/2018;00:30;14;2;12
26/07/2018;00:45;12;2;10
26/07/2018;01:00;6;2;4
26/07/2018;01:15;6;1;5
26/07/2018;01:30;7;1;6
26/07/2018;01:45;7;0;7
26/07/2018;02:00;2;1;1
26/07/2018;02:15;8;2;6
26/07/2018;02:30;4;0;4
26/07/2018;02:45;5;0;5
26/07/2018;03:00;0;0;0
26/07/2018;03:15;2;1;1
26/07/2018;03:30;1;0;1
26/07/2018;03:45;1;0;1
26/07/2018;04:00;0;0;0
26/07/2018;04:15;2;1;1
26/07/2018;04:30;3;1;2
26/07/2018;04:45;1;1;0
26/07/2018;05:00;1;0;1
26/07/2018;05:15;5;3;2
26/07/2018;05:30;18;4;14
26/07/2018;05:45;21;10;11
26/07/2018;06:00;16;4;12
26/07/2018;06:15;23;5;18
26/07/2018;06:30;21;4;17
26/07/2018;06:45;48;16;32
26/07/2018;07:00;43;8;35
26/07/2018;07:15;51;6;45
26/07/2018;07:30;90;36;54
26/07/2018;07:45;108;44;64
26/07/2018;08:00;57;13;44
26/07/2018;08:15;61;9;52
26/07/2018;08:30;62;7;55
26/07/2018;08:45;58;7;51
26/07/2018;09:00;47;12;35
26/07/2018;09:15;44;7;37
26/07/2018;09:30;29;8;21
26/07/2018;09:45;58;28;30
26/07/2018;10:00;29;4;25
26/07/2018;10:15;37;17;20
26/07/2018;10:30;40;4;36
26/07/2018;10:45;45;15;30
26/07/2018;11:00;46;0;46
26/07/2018;11:15;52;13;39
26/07/2018;11:30;44;2;42
26/07/2018;11:45;67;19;48
26/07/2018;12:00;56;12;44
26/07/2018;12:15;41;1;40
26/07/2018;12:30;62;19;43
26/07/2018;12:45;48;0;48
26/07/2018;13:00;60;15;45
26/07/2018;13:15;78;13;65
26/07/2018;13:30;45;5;40
26/07/2018;13:45;66;10;56
26/07/2018;14:00;68;14;54
26/07/2018;14:15;60;2;58
26/07/2018;14:30;63;14;49
26/07/2018;14:45;80;18;62
26/07/2018;15:00;90;15;75
26/07/2018;15:15;96;20;76
26/07/2018;15:30;94;16;78
26/07/2018;15:45;113;19;94
26/07/2018;16:00;119;19;100
26/07/2018;16:15;104;10;94
26/07/2018;16:30;111;19;92
26/07/2018;16:45;109;21;88
26/07/2018;17:00;140;31;109
26/07/2018;17:15;129;24;105
26/07/2018;17:30;118;6;112
26/07/2018;17:45;123;26;97
26/07/2018;18:00;135;32;103
26/07/2018;18:15;88;3;85
26/07/2018;18:30;129;19;110
26/07/2018;18:45;118;20;98
26/07/2018;19:00;82;2;80
26/07/2018;19:15;67;1;66
26/07/2018;19:30;95;17;78
26/07/2018;19:45;58;5;53
26/07/2018;20:00;86;5;81
26/07/2018;20:15;81;21;60
26/07/2018;20:30;57;6;51
26/07/2018;20:45;57;12;45
26/07/2018;21:00;44;3;41
26/07/2018;21:15;48;3;45
26/07/2018;21:30;52;16;36
26/07/2018;21:45;38;4;34
26/07/2018;22:00;62;23;39
26/07/2018;22:15;51;12;39
26/07/2018;22:30;41;7;34
26/07/2018;22:45;42;7;35
26/07/2018;23:00;16;2;14
26/07/2018;23:15;35;12;23
26/07/2018;23:30;38;10;28
26/07/2018;23:45;39;11;28
27/07/2018;00:00;33;5;28
27/07/2018;00:15;16;6;10
27/07/2018;00:30;19;5;14
27/07/2018;00:45;13;3;10
27/07/2018;01:00;7;1;6
27/07/2018;01:15;13;2;11
27/07/2018;01:30;8;1;7
27/07/2018;01:45;7;1;6
27/07/2018;02:00;6;3;3
27/07/2018;02:15;6;0;6
27/07/2018;02:30;7;1;6
27/07/2018;02:45;5;0;5
27/07/2018;03:00;3;1;2
27/07/2018;03:15;1;0;1
27/07/2018;03:30;2;0;2
27/07/2018;03:45;3;2;1
27/07/2018;04:00;3;2;1
27/07/2018;04:15;5;2;3
27/07/2018;04:30;2;0;2
27/07/2018;04:45;5;1;4
27/07/2018;05:00;2;0;2
27/07/2018;05:15;6;1;5
27/07/2018;05:30;15;3;12
27/07/2018;05:45;18;9;9
27/07/2018;06:00;15;6;9
27/07/2018;06:15;27;11;16
27/07/2018;06:30;39;17;22
27/07/2018;06:45;44;20;24
27/07/2018;07:00;58;27;31
27/07/2018;07:15;54;25;29
27/07/2018;07:30;64;31;33
27/07/2018;07:45;94;47;47
27/07/2018;08:00;85;38;47
27/07/2018;08:15;85;42;43
27/07/2018;08:30;88;31;57
27/07/2018;08:45;91;36;55
27/07/2018;09:00;59;29;30
27/07/2018;09:15;74;28;46
27/07/2018;09:30;46;4;42
27/07/2018;09:45;77;40;37
27/07/2018;10:00;45;16;29
27/07/2018;10:15;56;29;27
27/07/2018;10:30;41;2;39
27/07/2018;10:45;32;2;30
27/07/2018;11:00;37;3;34
27/07/2018;11:15;68;19;49
27/07/2018;11:30;59;18;41
27/07/2018;11:45;75;28;47
27/07/2018;12:00;48;1;47
27/07/2018;12:15;56;3;53
27/07/2018;12:30;58;7;51
27/07/2018;12:45;48;2;46
27/07/2018;13:00;89;13;76
27/07/2018;13:15;80;3;77
27/07/2018;13:30;57;1;56
27/07/2018;13:45;57;2;55
27/07/2018;14:00;59;2;57
27/07/2018;14:15;105;22;83
27/07/2018;14:30;93;11;82
27/07/2018;14:45;73;1;72
27/07/2018;15:00;83;2;81
27/07/2018;15:15;90;22;68
27/07/2018;15:30;90;3;87
27/07/2018;15:45;84;17;67
27/07/2018;16:00;66;4;62
27/07/2018;16:15;91;24;67
27/07/2018;16:30;98;18;80
27/07/2018;16:45;97;23;74
27/07/2018;17:00;82;8;74
27/07/2018;17:15;88;17;71
27/07/2018;17:30;69;3;66
27/07/2018;17:45;100;41;59
27/07/2018;18:00;99;26;73
27/07/2018;18:15;88;21;67
27/07/2018;18:30;94;29;65
27/07/2018;18:45;108;14;94
27/07/2018;19:00;79;2;77
27/07/2018;19:15;59;2;57
27/07/2018;19:30;56;9;47
27/07/2018;19:45;64;3;61
27/07/2018;20:00;92;20;72
27/07/2018;20:15;54;2;52
27/07/2018;20:30;96;15;81
27/07/2018;20:45;92;23;69
27/07/2018;21:00;94;32;62
27/07/2018;21:15;85;8;77
27/07/2018;21:30;66;4;62
27/07/2018;21:45;91;28;63
27/07/2018;22:00;127;38;89
27/07/2018;22:15;111;49;62
27/07/2018;22:30;88;49;39
27/07/2018;22:45;92;49;43
27/07/2018;23:00;71;39;32
27/07/2018;23:15;58;20;38
27/07/2018;23:30;62;30;32
27/07/2018;23:45;63;23;40
28/07/2018;00:00;77;18;59
28/07/2018;00:15;46;8;38
28/07/2018;00:30;34;9;25
28/07/2018;00:45;35;7;28
28/07/2018;01:00;36;14;22
28/07/2018;01:15;24;9;15
28/07/2018;01:30;24;8;16
28/07/2018;01:45;23;8;15
28/07/2018;02:00;21;2;19
28/07/2018;02:15;8;1;7
28/07/2018;02:30;11;0;11
28/07/2018;02:45;9;0;9
28/07/2018;03:00;16;4;12
28/07/2018;03:15;7;1;6
28/07/2018;03:30;5;0;5
28/07/2018;03:45;3;0;3
28/07/2018;04:00;9;4;5
28/07/2018;04:15;12;8;4
28/07/2018;04:30;8;3;5
28/07/2018;04:45;3;1;2
28/07/2018;05:00;3;1;2
28/07/2018;05:15;6;4;2
28/07/2018;05:30;14;8;6
28/07/2018;05:45;7;2;5
28/07/2018;06:00;11;4;7
28/07/2018;06:15;9;3;6
28/07/2018;06:30;8;6;2
28/07/2018;06:45;5;3;2
28/07/2018;07:00;11;3;8
28/07/2018;07:15;10;2;8
28/07/2018;07:30;13;7;6
28/07/2018;07:45;15;4;11
28/07/2018;08:00;14;4;10
28/07/2018;08:15;7;1;6
28/07/2018;08:30;17;0;17
28/07/2018;08:45;8;0;8
28/07/2018;09:00;23;4;19
28/07/2018;09:15;29;11;18
28/07/2018;09:30;18;1;17
28/07/2018;09:45;25;6;19
28/07/2018;10:00;48;25;23
28/07/2018;10:15;21;0;21
28/07/2018;10:30;32;7;25
28/07/2018;10:45;41;6;35
28/07/2018;11:00;47;15;32
28/07/2018;11:15;54;26;28
28/07/2018;11:30;48;15;33
28/07/2018;11:45;58;25;33
28/07/2018;12:00;47;4;43
28/07/2018;12:15;46;2;44
28/07/2018;12:30;64;22;42
28/07/2018;12:45;41;4;37
28/07/2018;13:00;58;18;40
28/07/2018;13:15;45;2;43
28/07/2018;13:30;61;15;46
28/07/2018;13:45;74;14;60
28/07/2018;14:00;57;8;49
28/07/2018;14:15;68;11;57
28/07/2018;14:30;34;2;32
28/07/2018;14:45;41;0;41
28/07/2018;15:00;37;3;34
28/07/2018;15:15;35;6;29
28/07/2018;15:30;27;8;19
28/07/2018;15:45;51;16;35
28/07/2018;16:00;39;8;31
28/07/2018;16:15;59;20;39
28/07/2018;16:30;54;13;41
28/07/2018;16:45;27;1;26
28/07/2018;17:00;44;3;41
28/07/2018;17:15;55;14;41
28/07/2018;17:30;50;10;40
28/07/2018;17:45;57;23;34
28/07/2018;18:00;44;3;41
28/07/2018;18:15;45;10;35
28/07/2018;18:30;42;3;39
28/07/2018;18:45;62;11;51
28/07/2018;19:00;53;19;34
28/07/2018;19:15;62;22;40
28/07/2018;19:30;48;10;38
28/07/2018;19:45;72;22;50
28/07/2018;20:00;52;14;38
28/07/2018;20:15;50;15;35
28/07/2018;20:30;56;17;39
28/07/2018;20:45;26;4;22
28/07/2018;21:00;29;4;25
28/07/2018;21:15;30;2;28
28/07/2018;21:30;35;8;27
28/07/2018;21:45;23;5;18
28/07/2018;22:00;36;15;21
28/07/2018;22:15;26;16;10
28/07/2018;22:30;25;5;20
28/07/2018;22:45;32;10;22
28/07/2018;23:00;17;0;17
28/07/2018;23:15;41;13;28
28/07/2018;23:30;38;3;35
28/07/2018;23:45;37;4;33
29/07/2018;00:00;25;2;23
29/07/2018;00:15;40;5;35
29/07/2018;00:30;33;7;26
29/07/2018;00:45;9;0;9
29/07/2018;01:00;14;1;13
29/07/2018;01:15;20;5;15
29/07/2018;01:30;14;3;11
29/07/2018;01:45;14;3;11
29/07/2018;02:00;17;4;13
29/07/2018;02:15;8;1;7
29/07/2018;02:30;19;2;17
29/07/2018;02:45;11;0;11
29/07/2018;03:00;11;2;9
29/07/2018;03:15;9;1;8
29/07/2018;03:30;8;2;6
29/07/2018;03:45;4;1;3
29/07/2018;04:00;7;1;6
29/07/2018;04:15;2;0;2
29/07/2018;04:30;3;0;3
29/07/2018;04:45;5;0;5
29/07/2018;05:00;5;3;2
29/07/2018;05:15;5;5;0
29/07/2018;05:30;5;2;3
29/07/2018;05:45;6;3;3
29/07/2018;06:00;4;1;3
29/07/2018;06:15;7;3;4
29/07/2018;06:30;4;0;4
29/07/2018;06:45;1;0;1
29/07/2018;07:00;2;0;2
29/07/2018;07:15;9;2;7
29/07/2018;07:30;10;2;8
29/07/2018;07:45;16;7;9
29/07/2018;08:00;17;9;8
29/07/2018;08:15;14;3;11
29/07/2018;08:30;19;5;14
29/07/2018;08:45;12;4;8
29/07/2018;09:00;19;5;14
29/07/2018;09:15;23;7;16
29/07/2018;09:30;25;7;18
29/07/2018;09:45;33;10;23
29/07/2018;10:00;37;20;17
29/07/2018;10:15;29;3;26
29/07/2018;10:30;28;11;17
29/07/2018;10:45;36;16;20
29/07/2018;11:00;36;7;29
29/07/2018;11:15;37;4;33
29/07/2018;11:30;42;9;33
29/07/2018;11:45;55;9;46
29/07/2018;12:00;36;12;24
29/07/2018;12:15;46;8;38
29/07/2018;12:30;45;7;38
29/07/2018;12:45;58;4;54
29/07/2018;13:00;53;4;49
29/07/2018;13:15;58;8;50
29/07/2018;13:30;63;18;45
29/07/2018;13:45;60;17;43
29/07/2018;14:00;59;14;45
29/07/2018;14:15;59;2;57
29/07/2018;14:30;47;4;43
29/07/2018;14:45;63;2;61
29/07/2018;15:00;55;6;49
29/07/2018;15:15;62;13;49
29/07/2018;15:30;62;2;60
29/07/2018;15:45;72;14;58
29/07/2018;16:00;56;3;53
29/07/2018;16:15;46;3;43
29/07/2018;16:30;70;10;60
29/07/2018;16:45;56;12;44
29/07/2018;17:00;34;7;27
29/07/2018;17:15;80;15;65
29/07/2018;17:30;50;1;49
29/07/2018;17:45;63;9;54
29/07/2018;18:00;47;4;43
29/07/2018;18:15;65;24;41
29/07/2018;18:30;51;8;43
29/07/2018;18:45;40;5;35
29/07/2018;19:00;47;5;42
29/07/2018;19:15;65;17;48
29/07/2018;19:30;55;21;34
29/07/2018;19:45;56;15;41
29/07/2018;20:00;44;11;33
29/07/2018;20:15;46;10;36
29/07/2018;20:30;49;17;32
29/07/2018;20:45;24;0;24
29/07/2018;21:00;27;4;23
29/07/2018;21:15;37;14;23
29/07/2018;21:30;32;11;21
29/07/2018;21:45;35;12;23
29/07/2018;22:00;9;1;8
29/07/2018;22:15;27;8;19
29/07/2018;22:30;12;3;9
29/07/2018;22:45;17;2;15
29/07/2018;23:00;6;2;4
29/07/2018;23:15;15;6;9
29/07/2018;23:30;12;3;9
29/07/2018;23:45;6;1;5
30/07/2018;00:00;7;0;7
30/07/2018;00:15;8;3;5
30/07/2018;00:30;8;2;6
30/07/2018;00:45;6;4;2
30/07/2018;01:00;7;3;4
30/07/2018;01:15;1;0;1
30/07/2018;01:30;5;2;3
30/07/2018;01:45;0;0;0
30/07/2018;02:00;4;0;4
30/07/2018;02:15;0;0;0
30/07/2018;02:30;2;0;2
30/07/2018;02:45;1;0;1
30/07/2018;03:00;3;2;1
30/07/2018;03:15;1;0;1
30/07/2018;03:30;3;0;3
30/07/2018;03:45;0;0;0
30/07/2018;04:00;1;0;1
30/07/2018;04:15;4;3;1
30/07/2018;04:30;2;0;2
30/07/2018;04:45;3;2;1
30/07/2018;05:00;2;0;2
30/07/2018;05:15;9;4;5
30/07/2018;05:30;16;2;14
30/07/2018;05:45;18;7;11
30/07/2018;06:00;14;6;8
30/07/2018;06:15;30;13;17
30/07/2018;06:30;49;18;31
30/07/2018;06:45;25;4;21
30/07/2018;07:00;59;27;32
30/07/2018;07:15;66;19;47
30/07/2018;07:30;90;42;48
30/07/2018;07:45;133;69;64
30/07/2018;08:00;86;48;38
30/07/2018;08:15;72;14;58
30/07/2018;08:30;95;44;51
30/07/2018;08:45;52;8;44
30/07/2018;09:00;32;9;23
30/07/2018;09:15;30;8;22
30/07/2018;09:30;37;1;36
30/07/2018;09:45;36;6;30
30/07/2018;10:00;27;2;25
30/07/2018;10:15;37;3;34
30/07/2018;10:30;54;23;31
30/07/2018;10:45;49;5;44
30/07/2018;11:00;39;2;37
30/07/2018;11:15;24;1;23
30/07/2018;11:30;45;16;29
30/07/2018;11:45;43;6;37
30/07/2018;12:00;73;22;51
30/07/2018;12:15;49;1;48
30/07/2018;12:30;79;23;56
30/07/2018;12:45;61;2;59
30/07/2018;13:00;59;2;57
30/07/2018;13:15;64;2;62
30/07/2018;13:30;72;24;48
30/07/2018;13:45;62;3;59
30/07/2018;14:00;66;3;63
30/07/2018;14:15;58;7;51
30/07/2018;14:30;85;17;68
30/07/2018;14:45;93;20;73
30/07/2018;15:00;84;15;69
30/07/2018;15:15;59;2;57
30/07/2018;15:30;82;19;63
30/07/2018;15:45;126;13;113
30/07/2018;16:00;99;5;94
30/07/2018;16:15;101;2;99
30/07/2018;16:30;123;20;103
30/07/2018;16:45;101;3;98
30/07/2018;17:00;138;18;120
30/07/2018;17:15;102;3;99
30/07/2018;17:30;115;3;112
30/07/2018;17:45;110;4;106
30/07/2018;18:00;125;21;104
30/07/2018;18:15;130;3;127
30/07/2018;18:30;97;3;94
30/07/2018;18:45;79;1;78
30/07/2018;19:00;94;20;74
30/07/2018;19:15;87;1;86
30/07/2018;19:30;94;22;72
30/07/2018;19:45;66;2;64
30/07/2018;20:00;62;4;58
30/07/2018;20:15;93;25;68
30/07/2018;20:30;45;2;43
30/07/2018;20:45;58;12;46
30/07/2018;21:00;41;3;38
30/07/2018;21:15;67;19;48
30/07/2018;21:30;43;10;33
30/07/2018;21:45;44;12;32
30/07/2018;22:00;60;18;42
30/07/2018;22:15;17;0;17
30/07/2018;22:30;44;11;33
30/07/2018;22:45;36;8;28
30/07/2018;23:00;17;4;13
30/07/2018;23:15;22;9;13
30/07/2018;23:30;17;6;11
30/07/2018;23:45;15;2;13
31/07/2018;00:00;8;2;6
31/07/2018;00:15;6;0;6
31/07/2018;00:30;13;3;10
31/07/2018;00:45;5;2;3
31/07/2018;01:00;8;3;5
31/07/2018;01:15;9;4;5
31/07/2018;01:30;8;3;5
31/07/2018;01:45;2;0;2
31/07/2018;02:00;1;0;1
31/07/2018;02:15;1;0;1
31/07/2018;02:30;2;0;2
31/07/2018;02:45;6;2;4
31/07/2018;03:00;0;0;0
31/07/2018;03:15;9;0;9
31/07/2018;03:30;1;0;1
31/07/2018;03:45;1;0;1
31/07/2018;04:00;0;0;0
31/07/2018;04:15;4;1;3
31/07/2018;04:30;2;0;2
31/07/2018;04:45;4;2;2
31/07/2018;05:00;1;0;1
31/07/2018;05:15;7;1;6
31/07/2018;05:30;15;2;13
31/07/2018;05:45;11;0;11
31/07/2018;06:00;19;6;13
31/07/2018;06:15;39;15;24
31/07/2018;06:30;37;11;26
31/07/2018;06:45;48;20;28
31/07/2018;07:00;54;11;43
31/07/2018;07:15;73;22;51
31/07/2018;07:30;82;35;47
31/07/2018;07:45;119;56;63
31/07/2018;08:00;90;44;46
31/07/2018;08:15;65;1;64
31/07/2018;08:30;50;7;43
31/07/2018;08:45;57;8;49
31/07/2018;09:00;82;35;47
31/07/2018;09:15;28;3;25
31/07/2018;09:30;74;36;38
31/07/2018;09:45;32;7;25
31/07/2018;10:00;33;6;27
31/07/2018;10:15;38;5;33
31/07/2018;10:30;31;6;25
31/07/2018;10:45;37;5;32
31/07/2018;11:00;24;3;21
31/07/2018;11:15;47;2;45
31/07/2018;11:30;47;2;45
31/07/2018;11:45;59;24;35
31/07/2018;12:00;44;3;41
31/07/2018;12:15;59;17;42
31/07/2018;12:30;48;2;46
31/07/2018;12:45;53;5;48
31/07/2018;13:00;61;2;59
31/07/2018;13:15;73;20;53
31/07/2018;13:30;55;3;52
31/07/2018;13:45;52;9;43
31/07/2018;14:00;68;16;52
31/07/2018;14:15;79;20;59
31/07/2018;14:30;66;13;53
31/07/2018;14:45;79;18;61
31/07/2018;15:00;96;27;69
31/07/2018;15:15;71;1;70
31/07/2018;15:30;58;3;55
31/07/2018;15:45;122;25;97
31/07/2018;16:00;88;1;87
31/07/2018;16:15;106;1;105
31/07/2018;16:30;133;25;108
31/07/2018;16:45;146;32;114
31/07/2018;17:00;104;1;103
31/07/2018;17:15;155;23;132
31/07/2018;17:30;106;3;103
31/07/2018;17:45;171;34;137
31/07/2018;18:00;130;4;126
31/07/2018;18:15;89;4;85
31/07/2018;18:30;147;28;119
31/07/2018;18:45;127;23;104
31/07/2018;19:00;138;16;122
31/07/2018;19:15;106;19;87
31/07/2018;19:30;95;16;79
31/07/2018;19:45;62;3;59
31/07/2018;20:00;103;17;86
31/07/2018;20:15;79;20;59
31/07/2018;20:30;68;13;55
31/07/2018;20:45;48;2;46
31/07/2018;21:00;53;10;43
31/07/2018;21:15;54;14;40
31/07/2018;21:30;46;15;31
31/07/2018;21:45;66;14;52
31/07/2018;22:00;47;3;44
31/07/2018;22:15;36;6;30
31/07/2018;22:30;30;11;19
31/07/2018;22:45;20;2;18
31/07/2018;23:00;35;15;20
31/07/2018;23:15;35;11;24
31/07/2018;23:30;11;3;8
31/07/2018;23:45;21;3;18
01/08/2018;00:00;15;7;8
01/08/2018;00:15;9;1;8
01/08/2018;00:30;10;1;9
01/08/2018;00:45;8;4;4
01/08/2018;01:00;8;0;8
01/08/2018;01:15;3;0;3
01/08/2018;01:30;10;3;7
01/08/2018;01:45;3;1;2
01/08/2018;02:00;4;0;4
01/08/2018;02:15;5;0;5
01/08/2018;02:30;4;2;2
01/08/2018;02:45;1;0;1
01/08/2018;03:00;4;1;3
01/08/2018;03:15;2;0;2
01/08/2018;03:30;0;0;0
01/08/2018;03:45;0;0;0
01/08/2018;04:00;0;0;0
01/08/2018;04:15;7;3;4
01/08/2018;04:30;0;0;0
01/08/2018;04:45;3;1;2
01/08/2018;05:00;2;0;2
01/08/2018;05:15;13;4;9
01/08/2018;05:30;18;4;14
01/08/2018;05:45;16;5;11
01/08/2018;06:00;20;6;14
01/08/2018;06:15;23;6;17
01/08/2018;06:30;27;5;22
01/08/2018;06:45;27;5;22
01/08/2018;07:00;41;4;37
01/08/2018;07:15;40;5;35
01/08/2018;07:30;55;6;49
01/08/2018;07:45;124;65;59
01/08/2018;08:00;56;5;51
01/08/2018;08:15;55;8;47
01/08/2018;08:30;56;6;50
01/08/2018;08:45;116;59;57
01/08/2018;09:00;47;8;39
01/08/2018;09:15;29;6;23
01/08/2018;09:30;34;4;30
01/08/2018;09:45;37;7;30
01/08/2018;10:00;45;12;33
01/08/2018;10:15;32;6;26
01/08/2018;10:30;48;2;46
01/08/2018;10:45;34;1;33
01/08/2018;11:00;38;0;38
01/08/2018;11:15;50;18;32
01/08/2018;11:30;72;19;53
01/08/2018;11:45;36;2;34
01/08/2018;12:00;45;2;43
01/08/2018;12:15;55;14;41
01/08/2018;12:30;56;10;46
01/08/2018;12:45;59;12;47
01/08/2018;13:00;80;17;63
01/08/2018;13:15;61;1;60
01/08/2018;13:30;48;6;42
01/08/2018;13:45;75;16;59
01/08/2018;14:00;58;16;42
01/08/2018;14:15;66;15;51
01/08/2018;14:30;84;22;62
01/08/2018;14:45;65;19;46
01/08/2018;15:00;82;13;69
01/08/2018;15:15;73;6;67
01/08/2018;15:30;87;19;68
01/08/2018;15:45;102;18;84
01/08/2018;16:00;114;26;88
01/08/2018;16:15;95;4;91
01/08/2018;16:30;137;22;115
01/08/2018;16:45;138;23;115
01/08/2018;17:00;108;2;106
01/08/2018;17:15;157;23;134
01/08/2018;17:30;110;4;106
01/08/2018;17:45;127;4;123
01/08/2018;18:00;133;30;103
01/08/2018;18:15;110;3;107
01/08/2018;18:30;116;22;94
01/08/2018;18:45;90;3;87
01/08/2018;19:00;108;14;94
01/08/2018;19:15;104;27;77
01/08/2018;19:30;70;6;64
01/08/2018;19:45;70;5;65
01/08/2018;20:00;61;1;60
01/08/2018;20:15;98;19;79
01/08/2018;20:30;43;4;39
01/08/2018;20:45;69;20;49
01/08/2018;21:00;68;16;52
01/08/2018;21:15;48;4;44
01/08/2018;21:30;55;14;41
01/08/2018;21:45;54;12;42
01/08/2018;22:00;39;13;26
01/08/2018;22:15;25;4;21
01/08/2018;22:30;28;4;24
01/08/2018;22:45;33;8;25
01/08/2018;23:00;28;6;22
01/08/2018;23:15;19;9;10
01/08/2018;23:30;31;5;26
01/08/2018;23:45;11;1;10
02/08/2018;00:00;14;2;12
02/08/2018;00:15;11;0;11
02/08/2018;00:30;10;6;4
02/08/2018;00:45;3;1;2
02/08/2018;01:00;6;2;4
02/08/2018;01:15;7;1;6
02/08/2018;01:30;4;1;3
02/08/2018;01:45;10;3;7
02/08/2018;02:00;6;1;5
02/08/2018;02:15;3;0;3
02/08/2018;02:30;3;2;1
02/08/2018;02:45;0;0;0
02/08/2018;03:00;1;0;1
02/08/2018;03:15;3;0;3
02/08/2018;03:30;3;2;1
02/08/2018;03:45;2;2;0
02/08/2018;04:00;2;0;2
02/08/2018;04:15;7;4;3
02/08/2018;04:30;7;1;6
02/08/2018;04:45;3;1;2
02/08/2018;05:00;3;0;3
02/08/2018;05:15;13;6;7
02/08/2018;05:30;11;0;11
02/08/2018;05:45;18;9;9
02/08/2018;06:00;18;8;10
02/08/2018;06:15;26;10;16
02/08/2018;06:30;38;12;26
02/08/2018;06:45;60;28;32
02/08/2018;07:00;60;27;33
02/08/2018;07:15;67;22;45
02/08/2018;07:30;92;36;56
02/08/2018;07:45;131;68;63
02/08/2018;08:00;73;38;35
02/08/2018;08:15;104;42;62
02/08/2018;08:30;76;39;37
02/08/2018;08:45;107;60;47
02/08/2018;09:00;77;38;39
02/08/2018;09:15;73;36;37
02/08/2018;09:30;60;25;35
02/08/2018;09:45;57;25;32
02/08/2018;10:00;58;26;32
02/08/2018;10:15;44;12;32
02/08/2018;10:30;52;15;37
02/08/2018;10:45;50;16;34
02/08/2018;11:00;70;17;53
02/08/2018;11:15;51;17;34
02/08/2018;11:30;39;3;36
02/08/2018;11:45;47;3;44
02/08/2018;12:00;77;19;58
02/08/2018;12:15;80;24;56
02/08/2018;12:30;64;17;47
02/08/2018;12:45;83;26;57
02/08/2018;13:00;65;5;60
02/08/2018;13:15;60;3;57
02/08/2018;13:30;51;13;38
02/08/2018;13:45;62;2;60
02/08/2018;14:00;46;4;42
02/08/2018;14:15;43;2;41
02/08/2018;14:30;80;10;70
02/08/2018;14:45;63;1;62
02/08/2018;15:00;97;18;79
02/08/2018;15:15;73;16;57
02/08/2018;15:30;100;13;87
02/08/2018;15:45;123;22;101
02/08/2018;16:00;92;1;91
02/08/2018;16:15;106;6;100
02/08/2018;16:30;100;2;98
02/08/2018;16:45;107;2;105
02/08/2018;17:00;150;30;120
02/08/2018;17:15;151;23;128
02/08/2018;17:30;110;7;103
02/08/2018;17:45;109;0;109
02/08/2018;18:00;118;1;117
02/08/2018;18:15;112;3;109
02/08/2018;18:30;131;27;104
02/08/2018;18:45;121;21;100
02/08/2018;19:00;99;4;95
02/08/2018;19:15;79;7;72
02/08/2018;19:30;90;16;74
02/08/2018;19:45;51;5;46
02/08/2018;20:00;119;26;93
02/08/2018;20:15;96;16;80
02/08/2018;20:30;51;6;45
02/08/2018;20:45;49;6;43
02/08/2018;21:00;73;17;56
02/08/2018;21:15;60;21;39
02/08/2018;21:30;57;18;39
02/08/2018;21:45;68;22;46
02/08/2018;22:00;32;1;31
02/08/2018;22:15;57;15;42
02/08/2018;22:30;50;23;27
02/08/2018;22:45;33;3;30
02/08/2018;23:00;38;6;32
02/08/2018;23:15;24;5;19
02/08/2018;23:30;30;9;21
02/08/2018;23:45;18;4;14
03/08/2018;00:00;21;9;12
03/08/2018;00:15;11;0;11
03/08/2018;00:30;13;3;10
03/08/2018;00:45;3;1;2
03/08/2018;01:00;7;3;4
03/08/2018;01:15;11;3;8
03/08/2018;01:30;5;0;5
03/08/2018;01:45;5;1;4
03/08/2018;02:00;12;1;11
03/08/2018;02:15;6;0;6
03/08/2018;02:30;3;1;2
03/08/2018;02:45;2;0;2
03/08/2018;03:00;8;1;7
03/08/2018;03:15;2;0;2
03/08/2018;03:30;4;2;2
03/08/2018;03:45;0;0;0
03/08/2018;04:00;1;0;1
03/08/2018;04:15;4;2;2
03/08/2018;04:30;4;1;3
03/08/2018;04:45;0;0;0
03/08/2018;05:00;2;0;2
03/08/2018;05:15;10;2;8
03/08/2018;05:30;16;5;11
03/08/2018;05:45;8;3;5
03/08/2018;06:00;22;8;14
03/08/2018;06:15;29;11;18
03/08/2018;06:30;24;3;21
03/08/2018;06:45;26;5;21
03/08/2018;07:00;52;25;27
03/08/2018;07:15;49;19;30
03/08/2018;07:30;76;30;46
03/08/2018;07:45;50;4;46
03/08/2018;08:00;48;3;45
03/08/2018;08:15;87;46;41
03/08/2018;08:30;71;30;41
03/08/2018;08:45;98;50;48
03/08/2018;09:00;28;7;21
03/08/2018;09:15;34;4;30
03/08/2018;09:30;56;26;30
03/08/2018;09:45;45;4;41
03/08/2018;10:00;40;7;33
03/08/2018;10:15;39;1;38
03/08/2018;10:30;60;23;37
03/08/2018;10:45;44;6;38
03/08/2018;11:00;40;5;35
03/08/2018;11:15;38;4;34
03/08/2018;11:30;36;5;31
03/08/2018;11:45;45;2;43
03/08/2018;12:00;43;1;42
03/08/2018;12:15;45;3;42
03/08/2018;12:30;55;2;53
03/08/2018;12:45;63;4;59
03/08/2018;13:00;70;14;56
03/08/2018;13:15;54;1;53
03/08/2018;13:30;65;2;63
03/08/2018;13:45;56;2;54
03/08/2018;14:00;66;1;65
03/08/2018;14:15;87;13;74
03/08/2018;14:30;88;1;87
03/08/2018;14:45;63;2;61
03/08/2018;15:00;72;0;72
03/08/2018;15:15;71;3;68
03/08/2018;15:30;48;6;42
03/08/2018;15:45;110;20;90
03/08/2018;16:00;69;2;67
03/08/2018;16:15;73;2;71
03/08/2018;16:30;65;6;59
03/08/2018;16:45;101;21;80
03/08/2018;17:00;79;1;78
03/08/2018;17:15;85;21;64
03/08/2018;17:30;109;34;75
03/08/2018;17:45;63;2;61
03/08/2018;18:00;99;1;98
03/08/2018;18:15;119;38;81
03/08/2018;18:30;88;31;57
03/08/2018;18:45;118;26;92
03/08/2018;19:00;101;18;83
03/08/2018;19:15;56;4;52
03/08/2018;19:30;87;37;50
03/08/2018;19:45;66;4;62
03/08/2018;20:00;91;28;63
03/08/2018;20:15;74;23;51
03/08/2018;20:30;68;25;43
03/08/2018;20:45;106;32;74
03/08/2018;21:00;78;21;57
03/08/2018;21:15;55;4;51
03/08/2018;21:30;42;2;40
03/08/2018;21:45;42;4;38
03/08/2018;22:00;37;1;36
03/08/2018;22:15;41;4;37
03/08/2018;22:30;22;2;20
03/08/2018;22:45;42;3;39
03/08/2018;23:00;32;6;26
03/08/2018;23:15;37;4;33
03/08/2018;23:30;38;5;33
03/08/2018;23:45;31;14;17
04/08/2018;00:00;37;5;32
04/08/2018;00:15;30;9;21
04/08/2018;00:30;30;3;27
04/08/2018;00:45;23;4;19
04/08/2018;01:00;13;0;13
04/08/2018;01:15;23;4;19
04/08/2018;01:30;11;4;7
04/08/2018;01:45;18;3;15
04/08/2018;02:00;13;3;10
04/08/2018;02:15;16;3;13
04/08/2018;02:30;11;3;8
04/08/2018;02:45;9;3;6
04/08/2018;03:00;9;1;8
04/08/2018;03:15;5;0;5
04/08/2018;03:30;9;0;9
04/08/2018;03:45;5;1;4
04/08/2018;04:00;1;1;0
04/08/2018;04:15;5;0;5
04/08/2018;04:30;2;0;2
04/08/2018;04:45;3;1;2
04/08/2018;05:00;3;0;3
04/08/2018;05:15;6;2;4
04/08/2018;05:30;9;3;6
04/08/2018;05:45;8;2;6
04/08/2018;06:00;7;1;6
04/08/2018;06:15;1;0;1
04/08/2018;06:30;2;1;1
04/08/2018;06:45;2;0;2
04/08/2018;07:00;6;3;3
04/08/2018;07:15;3;0;3
04/08/2018;07:30;16;5;11
04/08/2018;07:45;19;7;12
04/08/2018;08:00;12;3;9
04/08/2018;08:15;18;1;17
04/08/2018;08:30;20;4;16
04/08/2018;08:45;15;5;10
04/08/2018;09:00;24;2;22
04/08/2018;09:15;27;5;22
04/08/2018;09:30;22;8;14
04/08/2018;09:45;35;6;29
04/08/2018;10:00;25;5;20
04/08/2018;10:15;37;17;20
04/08/2018;10:30;67;32;35
04/08/2018;10:45;81;24;57
04/08/2018;11:00;65;26;39
04/08/2018;11:15;91;38;53
04/08/2018;11:30;75;37;38
04/08/2018;11:45;72;16;56
04/08/2018;12:00;79;27;52
04/08/2018;12:15;50;2;48
04/08/2018;12:30;83;22;61
04/08/2018;12:45;68;19;49
04/08/2018;13:00;73;18;55
04/08/2018;13:15;71;24;47
04/08/2018;13:30;56;1;55
04/08/2018;13:45;67;18;49
04/08/2018;14:00;62;0;62
04/08/2018;14:15;89;21;68
04/08/2018;14:30;66;1;65
04/08/2018;14:45;80;18;62
04/08/2018;15:00;70;17;53
04/08/2018;15:15;76;11;65
04/08/2018;15:30;51;4;47
04/08/2018;15:45;38;4;34
04/08/2018;16:00;49;7;42
04/08/2018;16:15;69;12;57
04/08/2018;16:30;80;26;54
04/08/2018;16:45;68;16;52
04/08/2018;17:00;61;15;46
04/08/2018;17:15;58;16;42
04/08/2018;17:30;50;3;47
04/08/2018;17:45;63;20;43
04/08/2018;18:00;87;20;67
04/08/2018;18:15;66;21;45
04/08/2018;18:30;64;16;48
04/08/2018;18:45;35;4;31
04/08/2018;19:00;49;8;41
04/08/2018;19:15;46;8;38
04/08/2018;19:30;75;30;45
04/08/2018;19:45;61;24;37
04/08/2018;20:00;86;30;56
04/08/2018;20:15;79;24;55
04/08/2018;20:30;48;24;24
04/08/2018;20:45;44;5;39
04/08/2018;21:00;60;13;47
04/08/2018;21:15;53;14;39
04/08/2018;21:30;53;20;33
04/08/2018;21:45;40;10;30
04/08/2018;22:00;61;20;41
04/08/2018;22:15;32;0;32
04/08/2018;22:30;32;3;29
04/08/2018;22:45;36;5;31
04/08/2018;23:00;59;10;49
04/08/2018;23:15;16;1;15
04/08/2018;23:30;35;9;26
04/08/2018;23:45;28;6;22
05/08/2018;00:00;44;15;29
05/08/2018;00:15;35;3;32
05/08/2018;00:30;37;8;29
05/08/2018;00:45;17;0;17
05/08/2018;01:00;25;12;13
05/08/2018;01:15;23;5;18
05/08/2018;01:30;8;0;8
05/08/2018;01:45;26;15;11
05/08/2018;02:00;5;2;3
05/08/2018;02:15;15;4;11
05/08/2018;02:30;15;2;13
05/08/2018;02:45;5;1;4
05/08/2018;03:00;8;1;7
05/08/2018;03:15;10;2;8
05/08/2018;03:30;5;2;3
05/08/2018;03:45;2;0;2
05/08/2018;04:00;8;1;7
05/08/2018;04:15;1;0;1
05/08/2018;04:30;3;0;3
05/08/2018;04:45;6;0;6
05/08/2018;05:00;1;0;1
05/08/2018;05:15;2;0;2
05/08/2018;05:30;0;0;0
05/08/2018;05:45;4;2;2
05/08/2018;06:00;3;1;2
05/08/2018;06:15;5;3;2
05/08/2018;06:30;7;4;3
05/08/2018;06:45;4;1;3
05/08/2018;07:00;8;1;7
05/08/2018;07:15;5;1;4
05/08/2018;07:30;10;2;8
05/08/2018;07:45;8;2;6
05/08/2018;08:00;7;0;7
05/08/2018;08:15;14;3;11
05/08/2018;08:30;17;3;14
05/08/2018;08:45;13;2;11
05/08/2018;09:00;15;3;12
05/08/2018;09:15;23;1;22
05/08/2018;09:30;24;2;22
05/08/2018;09:45;37;10;27
05/08/2018;10:00;18;2;16
05/08/2018;10:15;36;6;30
05/08/2018;10:30;20;1;19
05/08/2018;10:45;32;3;29
05/08/2018;11:00;28;1;27
05/08/2018;11:15;45;19;26
05/08/2018;11:30;31;3;28
05/08/2018;11:45;42;5;37
05/08/2018;12:00;49;11;38
05/08/2018;12:15;35;3;32
05/08/2018;12:30;42;4;38
05/08/2018;12:45;37;3;34
05/08/2018;13:00;57;11;46
05/08/2018;13:15;71;18;53
05/08/2018;13:30;51;8;43
05/08/2018;13:45;43;5;38
05/08/2018;14:00;43;1;42
05/08/2018;14:15;42;5;37
05/08/2018;14:30;72;13;59
05/08/2018;14:45;67;14;53
05/08/2018;15:00;66;17;49
05/08/2018;15:15;78;21;57
05/08/2018;15:30;60;10;50
05/08/2018;15:45;48;4;44
05/08/2018;16:00;67;10;57
05/08/2018;16:15;64;13;51
05/08/2018;16:30;49;14;35
05/08/2018;16:45;59;4;55
05/08/2018;17:00;89;22;67
05/08/2018;17:15;48;2;46
05/08/2018;17:30;64;20;44
05/08/2018;17:45;39;3;36
05/08/2018;18:00;61;14;47
05/08/2018;18:15;43;12;31
05/08/2018;18:30;57;3;54
05/08/2018;18:45;42;6;36
05/08/2018;19:00;71;15;56
05/08/2018;19:15;66;17;49
05/08/2018;19:30;71;16;55
05/08/2018;19:45;45;3;42
05/08/2018;20:00;47;12;35
05/08/2018;20:15;67;19;48
05/08/2018;20:30;52;8;44
05/08/2018;20:45;41;16;25
05/08/2018;21:00;34;2;32
05/08/2018;21:15;35;12;23
05/08/2018;21:30;42;20;22
05/08/2018;21:45;26;9;17
05/08/2018;22:00;16;2;14
05/08/2018;22:15;31;15;16
05/08/2018;22:30;28;13;15
05/08/2018;22:45;11;1;10
05/08/2018;23:00;15;5;10
05/08/2018;23:15;21;12;9
05/08/2018;23:30;14;7;7
05/08/2018;23:45;18;4;14
06/08/2018;00:00;11;1;10
06/08/2018;00:15;3;0;3
06/08/2018;00:30;6;1;5
06/08/2018;00:45;4;0;4
06/08/2018;01:00;4;0;4
06/08/2018;01:15;3;1;2
06/08/2018;01:30;9;1;8
06/08/2018;01:45;4;0;4
06/08/2018;02:00;0;0;0
06/08/2018;02:15;0;0;0
06/08/2018;02:30;1;0;1
06/08/2018;02:45;2;1;1
06/08/2018;03:00;2;2;0
06/08/2018;03:15;1;0;1
06/08/2018;03:30;5;0;5
06/08/2018;03:45;0;0;0
06/08/2018;04:00;1;1;0
06/08/2018;04:15;6;5;1
06/08/2018;04:30;2;0;2
06/08/2018;04:45;2;0;2
06/08/2018;05:00;3;0;3
06/08/2018;05:15;7;0;7
06/08/2018;05:30;11;4;7
06/08/2018;05:45;14;4;10
06/08/2018;06:00;17;9;8
06/08/2018;06:15;22;5;17
06/08/2018;06:30;38;13;25
06/08/2018;06:45;46;22;24
06/08/2018;07:00;51;23;28
06/08/2018;07:15;42;5;37
06/08/2018;07:30;108;37;71
06/08/2018;07:45;103;61;42
06/08/2018;08:00;39;5;34
06/08/2018;08:15;113;50;63
06/08/2018;08:30;41;5;36
06/08/2018;08:45;113;61;52
06/08/2018;09:00;71;40;31
06/08/2018;09:15;71;28;43
06/08/2018;09:30;53;25;28
06/08/2018;09:45;73;35;38
06/08/2018;10:00;37;9;28
06/08/2018;10:15;43;8;35
06/08/2018;10:30;37;6;31
06/08/2018;10:45;41;4;37
06/08/2018;11:00;62;21;41
06/08/2018;11:15;53;15;38
06/08/2018;11:30;56;16;40
06/08/2018;11:45;35;4;31
06/08/2018;12:00;41;4;37
06/08/2018;12:15;51;5;46
06/08/2018;12:30;70;19;51
06/08/2018;12:45;54;3;51
06/08/2018;13:00;68;8;60
06/08/2018;13:15;41;2;39
06/08/2018;13:30;57;3;54
06/08/2018;13:45;61;5;56
06/08/2018;14:00;65;9;56
06/08/2018;14:15;63;20;43
06/08/2018;14:30;69;12;57
06/08/2018;14:45;68;7;61
06/08/2018;15:00;83;14;69
06/08/2018;15:15;71;12;59
06/08/2018;15:30;64;5;59
06/08/2018;15:45;65;2;63
06/08/2018;16:00;110;26;84
06/08/2018;16:15;131;16;115
06/08/2018;16:30;146;25;121
06/08/2018;16:45;130;29;101
06/08/2018;17:00;132;4;128
06/08/2018;17:15;163;22;141
06/08/2018;17:30;110;3;107
06/08/2018;17:45;103;0;103
06/08/2018;18:00;91;3;88
06/08/2018;18:15;95;2;93
06/08/2018;18:30;103;20;83
06/08/2018;18:45;81;3;78
06/08/2018;19:00;92;6;86
06/08/2018;19:15;98;20;78
06/08/2018;19:30;76;8;68
06/08/2018;19:45;83;5;78
06/08/2018;20:00;102;22;80
06/08/2018;20:15;57;16;41
06/08/2018;20:30;52;2;50
06/08/2018;20:45;71;16;55
06/08/2018;21:00;58;24;34
06/08/2018;21:15;46;11;35
06/08/2018;21:30;36;1;35
06/08/2018;21:45;28;7;21
06/08/2018;22:00;43;2;41
06/08/2018;22:15;28;9;19
06/08/2018;22:30;36;3;33
06/08/2018;22:45;40;8;32
06/08/2018;23:00;25;9;16
06/08/2018;23:15;11;1;10
06/08/2018;23:30;23;5;18
06/08/2018;23:45;3;1;2
07/08/2018;00:00;13;4;9
07/08/2018;00:15;8;2;6
07/08/2018;00:30;3;0;3
07/08/2018;00:45;1;1;0
07/08/2018;01:00;4;1;3
07/08/2018;01:15;6;1;5
07/08/2018;01:30;3;0;3
07/08/2018;01:45;4;0;4
07/08/2018;02:00;2;0;2
07/08/2018;02:15;3;0;3
07/08/2018;02:30;3;1;2
07/08/2018;02:45;1;0;1
07/08/2018;03:00;0;0;0
07/08/2018;03:15;2;0;2
07/08/2018;03:30;1;0;1
07/08/2018;03:45;0;0;0
07/08/2018;04:00;0;0;0
07/08/2018;04:15;5;3;2
07/08/2018;04:30;7;1;6
07/08/2018;04:45;1;1;0
07/08/2018;05:00;3;0;3
07/08/2018;05:15;6;2;4
07/08/2018;05:30;20;10;10
07/08/2018;05:45;14;0;14
07/08/2018;06:00;15;7;8
07/08/2018;06:15;19;4;15
07/08/2018;06:30;51;19;32
07/08/2018;06:45;54;25;29
07/08/2018;07:00;61;21;40
07/08/2018;07:15;47;7;40
07/08/2018;07:30;57;7;50
07/08/2018;07:45;121;58;63
07/08/2018;08:00;48;6;42
07/08/2018;08:15;88;37;51
07/08/2018;08:30;79;6;73
07/08/2018;08:45;100;49;51
07/08/2018;09:00;49;11;38
07/08/2018;09:15;64;31;33
07/08/2018;09:30;44;6;38
07/08/2018;09:45;49;23;26
07/08/2018;10:00;42;9;33
07/08/2018;10:15;30;6;24
07/08/2018;10:30;27;3;24
07/08/2018;10:45;53;21;32
07/08/2018;11:00;46;10;36
07/08/2018;11:15;38;0;38
07/08/2018;11:30;45;10;35
07/08/2018;11:45;48;2;46
07/08/2018;12:00;61;2;59
07/08/2018;12:15;51;3;48
07/08/2018;12:30;44;6;38
07/08/2018;12:45;70;23;47
07/08/2018;13:00;84;13;71
07/08/2018;13:15;48;2;46
07/08/2018;13:30;55;14;41
07/08/2018;13:45;60;17;43
07/08/2018;14:00;70;13;57
07/08/2018;14:15;44;0;44
07/08/2018;14:30;47;1;46
07/08/2018;14:45;70;18;52
07/08/2018;15:00;61;2;59
07/08/2018;15:15;44;3;41
07/08/2018;15:30;62;1;61
07/08/2018;15:45;67;1;66
07/08/2018;16:00;75;4;71
07/08/2018;16:15;89;1;88
07/08/2018;16:30;110;4;106
07/08/2018;16:45;109;4;105
07/08/2018;17:00;124;21;103
07/08/2018;17:15;114;15;99
07/08/2018;17:30;124;22;102
07/08/2018;17:45;139;27;112
07/08/2018;18:00;91;5;86
07/08/2018;18:15;75;2;73
07/08/2018;18:30;108;19;89
07/08/2018;18:45;98;31;67
07/08/2018;19:00;82;1;81
07/08/2018;19:15;91;19;72
07/08/2018;19:30;80;7;73
07/08/2018;19:45;83;17;66
07/08/2018;20:00;65;4;61
07/08/2018;20:15;37;0;37
07/08/2018;20:30;67;18;49
07/08/2018;20:45;39;1;38
07/08/2018;21:00;29;2;27
07/08/2018;21:15;52;14;38
07/08/2018;21:30;58;15;43
07/08/2018;21:45;36;1;35
07/08/2018;22:00;41;16;25
07/08/2018;22:15;36;12;24
07/08/2018;22:30;24;2;22
07/08/2018;22:45;32;8;24
07/08/2018;23:00;25;10;15
07/08/2018;23:15;22;1;21
07/08/2018;23:30;30;8;22
07/08/2018;23:45;15;1;14
08/08/2018;00:00;23;13;10
08/08/2018;00:15;6;0;6
08/08/2018;00:30;10;5;5
08/08/2018;00:45;6;1;5
08/08/2018;01:00;3;0;3
08/08/2018;01:15;10;1;9
08/08/2018;01:30;8;2;6
08/08/2018;01:45;3;0;3
08/08/2018;02:00;6;2;4
08/08/2018;02:15;1;0;1
08/08/2018;02:30;3;1;2
08/08/2018;02:45;1;0;1
08/08/2018;03:00;4;0;4
08/08/2018;03:15;4;2;2
08/08/2018;03:30;2;2;0
08/08/2018;03:45;3;0;3
08/08/2018;04:00;2;0;2
08/08/2018;04:15;3;2;1
08/08/2018;04:30;5;1;4
08/08/2018;04:45;0;0;0
08/08/2018;05:00;2;0;2
08/08/2018;05:15;5;1;4
08/08/2018;05:30;17;6;11
08/08/2018;05:45;18;9;9
08/08/2018;06:00;3;0;3
08/08/2018;06:15;9;1;8
08/08/2018;06:30;16;5;11
08/08/2018;06:45;15;7;8
08/08/2018;07:00;14;6;8
08/08/2018;07:15;28;9;19
08/08/2018;07:30;22;2;20
08/08/2018;07:45;66;30;36
08/08/2018;08:00;45;23;22
08/08/2018;08:15;76;32;44
08/08/2018;08:30;42;0;42
08/08/2018;08:45;77;42;35
08/08/2018;09:00;50;30;20
08/08/2018;09:15;65;38;27
08/08/2018;09:30;60;26;34
08/08/2018;09:45;51;26;25
08/08/2018;10:00;36;18;18
08/08/2018;10:15;31;17;14
08/08/2018;10:30;19;4;15
08/08/2018;10:45;49;14;35
08/08/2018;11:00;33;4;29
08/08/2018;11:15;26;3;23
08/08/2018;11:30;42;4;38
08/08/2018;11:45;59;19;40
08/08/2018;12:00;38;2;36
08/08/2018;12:15;48;4;44
08/08/2018;12:30;29;4;25
08/08/2018;12:45;54;19;35
08/08/2018;13:00;38;5;33
08/08/2018;13:15;63;18;45
08/08/2018;13:30;46;9;37
08/08/2018;13:45;64;19;45
08/08/2018;14:00;55;9;46
08/08/2018;14:15;41;3;38
08/08/2018;14:30;37;2;35
08/08/2018;14:45;42;2;40
08/08/2018;15:00;46;6;40
08/08/2018;15:15;81;20;61
08/08/2018;15:30;62;15;47
08/08/2018;15:45;60;1;59
08/08/2018;16:00;81;16;65
08/08/2018;16:15;85;26;59
08/08/2018;16:30;96;20;76
08/08/2018;16:45;70;2;68
08/08/2018;17:00;92;1;91
08/08/2018;17:15;69;1;68
08/08/2018;17:30;108;16;92
08/08/2018;17:45;142;26;116
08/08/2018;18:00;109;23;86
08/08/2018;18:15;123;27;96
08/08/2018;18:30;78;4;74
08/08/2018;18:45;83;4;79
08/08/2018;19:00;99;20;79
08/08/2018;19:15;99;16;83
08/08/2018;19:30;69;15;54
08/08/2018;19:45;94;19;75
08/08/2018;20:00;90;24;66
08/08/2018;20:15;69;17;52
08/08/2018;20:30;55;1;54
08/08/2018;20:45;40;2;38
08/08/2018;21:00;53;11;42
08/08/2018;21:15;58;17;41
08/08/2018;21:30;31;6;25
08/08/2018;21:45;23;3;20
08/08/2018;22:00;31;7;24
08/08/2018;22:15;35;3;32
08/08/2018;22:30;45;9;36
08/08/2018;22:45;35;8;27
08/08/2018;23:00;31;4;27
08/08/2018;23:15;14;2;12
08/08/2018;23:30;21;3;18
08/08/2018;23:45;10;1;9
09/08/2018;00:00;9;2;7
09/08/2018;00:15;12;0;12
09/08/2018;00:30;11;1;10
09/08/2018;00:45;4;0;4
09/08/2018;01:00;4;1;3
09/08/2018;01:15;7;2;5
09/08/2018;01:30;3;0;3
09/08/2018;01:45;4;2;2
09/08/2018;02:00;2;1;1
09/08/2018;02:15;2;0;2
09/08/2018;02:30;0;0;0
09/08/2018;02:45;0;0;0
09/08/2018;03:00;4;1;3
09/08/2018;03:15;4;1;3
09/08/2018;03:30;2;1;1
09/08/2018;03:45;1;0;1
09/08/2018;04:00;0;0;0
09/08/2018;04:15;10;3;7
09/08/2018;04:30;5;2;3
09/08/2018;04:45;2;2;0
09/08/2018;05:00;4;1;3
09/08/2018;05:15;9;3;6
09/08/2018;05:30;17;10;7
09/08/2018;05:45;12;7;5
09/08/2018;06:00;14;3;11
09/08/2018;06:15;29;12;17
09/08/2018;06:30;36;12;24
09/08/2018;06:45;34;17;17
09/08/2018;07:00;38;19;19
09/08/2018;07:15;60;27;33
09/08/2018;07:30;85;29;56
09/08/2018;07:45;50;2;48
09/08/2018;08:00;87;46;41
09/08/2018;08:15;49;5;44
09/08/2018;08:30;71;32;39
09/08/2018;08:45;52;10;42
09/08/2018;09:00;54;32;22
09/08/2018;09:15;52;19;33
09/08/2018;09:30;61;25;36
09/08/2018;09:45;29;9;20
09/08/2018;10:00;35;15;20
09/08/2018;10:15;48;22;26
09/08/2018;10:30;37;4;33
09/08/2018;10:45;41;2;39
09/08/2018;11:00;30;4;26
09/08/2018;11:15;34;6;28
09/08/2018;11:30;34;1;33
09/08/2018;11:45;53;19;34
09/08/2018;12:00;44;21;23
09/08/2018;12:15;40;0;40
09/08/2018;12:30;53;15;38
09/08/2018;12:45;59;3;56
09/08/2018;13:00;48;1;47
09/08/2018;13:15;40;5;35
09/08/2018;13:30;37;6;31
09/08/2018;13:45;58;20;38
09/08/2018;14:00;51;12;39
09/08/2018;14:15;58;10;48
09/08/2018;14:30;37;5;32
09/08/2018;14:45;41;2;39
09/08/2018;15:00;42;3;39
09/08/2018;15:15;43;4;39
09/08/2018;15:30;59;1;58
09/08/2018;15:45;65;15;50
09/08/2018;16:00;60;3;57
09/08/2018;16:15;84;6;78
09/08/2018;16:30;86;17;69
09/08/2018;16:45;98;26;72
09/08/2018;17:00;87;3;84
09/08/2018;17:15;83;1;82
09/08/2018;17:30;95;18;77
09/08/2018;17:45;116;20;96
09/08/2018;18:00;93;17;76
09/08/2018;18:15;112;16;96
09/08/2018;18:30;98;21;77
09/08/2018;18:45;67;4;63
09/08/2018;19:00;65;4;61
09/08/2018;19:15;62;2;60
09/08/2018;19:30;45;3;42
09/08/2018;19:45;37;4;33
09/08/2018;20:00;47;2;45
09/08/2018;20:15;55;10;45
09/08/2018;20:30;42;9;33
09/08/2018;20:45;28;2;26
09/08/2018;21:00;36;7;29
09/08/2018;21:15;36;3;33
09/08/2018;21:30;22;1;21
09/08/2018;21:45;19;1;18
09/08/2018;22:00;21;1;20
09/08/2018;22:15;26;10;16
09/08/2018;22:30;23;1;22
09/08/2018;22:45;27;14;13
09/08/2018;23:00;15;3;12
09/08/2018;23:15;31;3;28
09/08/2018;23:30;10;1;9
09/08/2018;23:45;9;1;8
10/08/2018;00:00;11;0;11
10/08/2018;00:15;12;2;10
10/08/2018;00:30;7;0;7
10/08/2018;00:45;8;0;8
10/08/2018;01:00;5;1;4
10/08/2018;01:15;6;2;4
10/08/2018;01:30;7;2;5
10/08/2018;01:45;1;1;0
10/08/2018;02:00;3;0;3
10/08/2018;02:15;1;0;1
10/08/2018;02:30;4;1;3
10/08/2018;02:45;3;1;2
10/08/2018;03:00;2;0;2
10/08/2018;03:15;0;0;0
10/08/2018;03:30;4;1;3
10/08/2018;03:45;0;0;0
10/08/2018;04:00;1;0;1
10/08/2018;04:15;5;3;2
10/08/2018;04:30;5;2;3
10/08/2018;04:45;1;0;1
10/08/2018;05:00;2;1;1
10/08/2018;05:15;8;2;6
10/08/2018;05:30;11;2;9
10/08/2018;05:45;19;13;6
10/08/2018;06:00;16;9;7
10/08/2018;06:15;25;7;18
10/08/2018;06:30;39;15;24
10/08/2018;06:45;38;18;20
10/08/2018;07:00;34;15;19
10/08/2018;07:15;57;24;33
10/08/2018;07:30;66;24;42
10/08/2018;07:45;104;42;62
10/08/2018;08:00;57;27;30
10/08/2018;08:15;77;37;40
10/08/2018;08:30;71;43;28
10/08/2018;08:45;83;52;31
10/08/2018;09:00;69;46;23
10/08/2018;09:15;46;22;24
10/08/2018;09:30;61;22;39
10/08/2018;09:45;35;7;28
10/08/2018;10:00;49;22;27
10/08/2018;10:15;29;5;24
10/08/2018;10:30;36;7;29
10/08/2018;10:45;36;3;33
10/08/2018;11:00;51;26;25
10/08/2018;11:15;29;2;27
10/08/2018;11:30;63;24;39
10/08/2018;11:45;61;19;42
10/08/2018;12:00;89;24;65
10/08/2018;12:15;53;3;50
10/08/2018;12:30;53;6;47
10/08/2018;12:45;59;6;53
10/08/2018;13:00;68;6;62
10/08/2018;13:15;97;23;74
10/08/2018;13:30;69;5;64
10/08/2018;13:45;106;18;88
10/08/2018;14:00;67;1;66
10/08/2018;14:15;103;17;86
10/08/2018;14:30;84;2;82
10/08/2018;14:45;67;2;65
10/08/2018;15:00;69;3;66
10/08/2018;15:15;119;26;93
10/08/2018;15:30;125;18;107
10/08/2018;15:45;104;23;81
10/08/2018;16:00;79;2;77
10/08/2018;16:15;70;2;68
10/08/2018;16:30;112;14;98
10/08/2018;16:45;89;3;86
10/08/2018;17:00;133;36;97
10/08/2018;17:15;94;1;93
10/08/2018;17:30;119;31;88
10/08/2018;17:45;108;4;104
10/08/2018;18:00;113;26;87
10/08/2018;18:15;96;2;94
10/08/2018;18:30;112;28;84
10/08/2018;18:45;90;3;87
10/08/2018;19:00;127;30;97
10/08/2018;19:15;57;8;49
10/08/2018;19:30;77;18;59
10/08/2018;19:45;63;4;59
10/08/2018;20:00;103;23;80
10/08/2018;20:15;45;4;41
10/08/2018;20:30;37;5;32
10/08/2018;20:45;52;12;40
10/08/2018;21:00;34;7;27
10/08/2018;21:15;55;19;36
10/08/2018;21:30;41;11;30
10/08/2018;21:45;48;9;39
10/08/2018;22:00;28;6;22
10/08/2018;22:15;23;3;20
10/08/2018;22:30;34;7;27
10/08/2018;22:45;32;4;28
10/08/2018;23:00;28;7;21
10/08/2018;23:15;26;2;24
10/08/2018;23:30;25;4;21
10/08/2018;23:45;20;5;15
11/08/2018;00:00;23;1;22
11/08/2018;00:15;29;3;26
11/08/2018;00:30;11;2;9
11/08/2018;00:45;20;4;16
11/08/2018;01:00;16;2;14
11/08/2018;01:15;13;4;9
11/08/2018;01:30;12;4;8
11/08/2018;01:45;7;0;7
11/08/2018;02:00;13;6;7
11/08/2018;02:15;7;3;4
11/08/2018;02:30;6;0;6
11/08/2018;02:45;8;0;8
11/08/2018;03:00;5;2;3
11/08/2018;03:15;3;1;2
11/08/2018;03:30;7;0;7
11/08/2018;03:45;2;1;1
11/08/2018;04:00;4;0;4
11/08/2018;04:15;4;0;4
11/08/2018;04:30;4;0;4
11/08/2018;04:45;0;0;0
11/08/2018;05:00;1;0;1
11/08/2018;05:15;1;0;1
11/08/2018;05:30;5;2;3
11/08/2018;05:45;3;0;3
11/08/2018;06:00;5;1;4
11/08/2018;06:15;6;2;4
11/08/2018;06:30;4;1;3
11/08/2018;06:45;12;4;8
11/08/2018;07:00;3;1;2
11/08/2018;07:15;7;1;6
11/08/2018;07:30;13;4;9
11/08/2018;07:45;12;1;11
11/08/2018;08:00;10;3;7
11/08/2018;08:15;14;5;9
11/08/2018;08:30;18;8;10
11/08/2018;08:45;18;4;14
11/08/2018;09:00;26;10;16
11/08/2018;09:15;31;10;21
11/08/2018;09:30;41;13;28
11/08/2018;09:45;36;14;22
11/08/2018;10:00;24;3;21
11/08/2018;10:15;40;20;20
11/08/2018;10:30;38;9;29
11/08/2018;10:45;74;31;43
11/08/2018;11:00;56;24;32
11/08/2018;11:15;47;5;42
11/08/2018;11:30;56;26;30
11/08/2018;11:45;42;4;38
11/08/2018;12:00;70;27;43
11/08/2018;12:15;78;31;47
11/08/2018;12:30;47;5;42
11/08/2018;12:45;90;29;61
11/08/2018;13:00;58;3;55
11/08/2018;13:15;76;21;55
11/08/2018;13:30;57;5;52
11/08/2018;13:45;83;16;67
11/08/2018;14:00;55;3;52
11/08/2018;14:15;85;32;53
11/08/2018;14:30;91;26;65
11/08/2018;14:45;91;25;66
11/08/2018;15:00;78;8;70
11/08/2018;15:15;73;12;61
11/08/2018;15:30;99;11;88
11/08/2018;15:45;74;22;52
11/08/2018;16:00;101;23;78
11/08/2018;16:15;99;23;76
11/08/2018;16:30;63;3;60
11/08/2018;16:45;96;22;74
11/08/2018;17:00;85;22;63
11/08/2018;17:15;98;18;80
11/08/2018;17:30;75;14;61
11/08/2018;17:45;74;15;59
11/08/2018;18:00;69;0;69
11/08/2018;18:15;75;24;51
11/08/2018;18:30;76;5;71
11/08/2018;18:45;95;32;63
11/08/2018;19:00;72;9;63
11/08/2018;19:15;101;32;69
11/08/2018;19:30;76;22;54
11/08/2018;19:45;70;24;46
11/08/2018;20:00;56;7;49
11/08/2018;20:15;83;29;54
11/08/2018;20:30;78;16;62
11/08/2018;20:45;44;23;21
11/08/2018;21:00;69;23;46
11/08/2018;21:15;62;11;51
11/08/2018;21:30;64;15;49
11/08/2018;21:45;72;23;49
11/08/2018;22:00;69;14;55
11/08/2018;22:15;71;5;66
11/08/2018;22:30;29;2;27
11/08/2018;22:45;21;1;20
11/08/2018;23:00;18;0;18
11/08/2018;23:15;37;4;33
11/08/2018;23:30;20;2;18
11/08/2018;23:45;18;0;18
12/08/2018;00:00;29;3;26
12/08/2018;00:15;19;0;19
12/08/2018;00:30;20;6;14
12/08/2018;00:45;33;9;24
12/08/2018;01:00;12;4;8
12/08/2018;01:15;16;3;13
12/08/2018;01:30;22;4;18
12/08/2018;01:45;8;2;6
12/08/2018;02:00;6;1;5
12/08/2018;02:15;13;1;12
12/08/2018;02:30;5;0;5
12/08/2018;02:45;6;1;5
12/08/2018;03:00;4;0;4
12/08/2018;03:15;7;2;5
12/08/2018;03:30;6;1;5
12/08/2018;03:45;5;1;4
12/08/2018;04:00;1;0;1
12/08/2018;04:15;2;1;1
12/08/2018;04:30;7;0;7
12/08/2018;04:45;2;0;2
12/08/2018;05:00;2;0;2
12/08/2018;05:15;2;2;0
12/08/2018;05:30;2;2;0
12/08/2018;05:45;4;1;3
12/08/2018;06:00;1;0;1
12/08/2018;06:15;5;2;3
12/08/2018;06:30;2;0;2
12/08/2018;06:45;1;1;0
12/08/2018;07:00;7;5;2
12/08/2018;07:15;10;5;5
12/08/2018;07:30;5;3;2
12/08/2018;07:45;5;1;4
12/08/2018;08:00;11;4;7
12/08/2018;08:15;11;4;7
12/08/2018;08:30;11;4;7
12/08/2018;08:45;13;1;12
12/08/2018;09:00;10;4;6
12/08/2018;09:15;33;10;23
12/08/2018;09:30;25;8;17
12/08/2018;09:45;25;4;21
12/08/2018;10:00;43;13;30
12/08/2018;10:15;45;13;32
12/08/2018;10:30;23;1;22
12/08/2018;10:45;57;16;41
12/08/2018;11:00;29;2;27
12/08/2018;11:15;29;3;26
12/08/2018;11:30;36;3;33
12/08/2018;11:45;45;20;25
12/08/2018;12:00;48;1;47
12/08/2018;12:15;51;6;45
12/08/2018;12:30;43;4;39
12/08/2018;12:45;40;7;33
12/08/2018;13:00;50;2;48
12/08/2018;13:15;64;7;57
12/08/2018;13:30;58;10;48
12/08/2018;13:45;79;12;67
12/08/2018;14:00;76;10;66
12/08/2018;14:15;78;19;59
12/08/2018;14:30;100;18;82
12/08/2018;14:45;63;12;51
12/08/2018;15:00;47;4;43
12/08/2018;15:15;93;16;77
12/08/2018;15:30;94;29;65
12/08/2018;15:45;90;23;67
12/08/2018;16:00;102;20;82
12/08/2018;16:15;56;4;52
12/08/2018;16:30;87;22;65
12/08/2018;16:45;75;22;53
12/08/2018;17:00;82;12;70
12/08/2018;17:15;54;6;48
12/08/2018;17:30;81;1;80
12/08/2018;17:45;80;12;68
12/08/2018;18:00;80;21;59
12/08/2018;18:15;93;27;66
12/08/2018;18:30;62;18;44
12/08/2018;18:45;79;19;60
12/08/2018;19:00;69;19;50
12/08/2018;19:15;66;17;49
12/08/2018;19:30;43;0;43
12/08/2018;19:45;72;14;58
12/08/2018;20:00;37;1;36
12/08/2018;20:15;48;10;38
12/08/2018;20:30;40;11;29
12/08/2018;20:45;42;20;22
12/08/2018;21:00;55;15;40
12/08/2018;21:15;51;16;35
12/08/2018;21:30;37;9;28
12/08/2018;21:45;28;8;20
12/08/2018;22:00;19;5;14
12/08/2018;22:15;20;4;16
12/08/2018;22:30;28;16;12
12/08/2018;22:45;15;5;10
12/08/2018;23:00;16;5;11
12/08/2018;23:15;16;4;12
12/08/2018;23:30;8;2;6
12/08/2018;23:45;9;4;5
13/08/2018;00:00;6;1;5
13/08/2018;00:15;9;3;6
13/08/2018;00:30;3;0;3
13/08/2018;00:45;12;3;9
13/08/2018;01:00;3;0;3
13/08/2018;01:15;6;4;2
13/08/2018;01:30;1;0;1
13/08/2018;01:45;2;1;1
13/08/2018;02:00;1;0;1
13/08/2018;02:15;2;0;2
13/08/2018;02:30;1;1;0
13/08/2018;02:45;3;1;2
13/08/2018;03:00;0;0;0
13/08/2018;03:15;1;0;1
13/08/2018;03:30;1;0;1
13/08/2018;03:45;4;3;1
13/08/2018;04:00;0;0;0
13/08/2018;04:15;2;1;1
13/08/2018;04:30;3;1;2
13/08/2018;04:45;6;1;5
13/08/2018;05:00;2;0;2
13/08/2018;05:15;8;5;3
13/08/2018;05:30;14;4;10
13/08/2018;05:45;14;9;5
13/08/2018;06:00;11;6;5
13/08/2018;06:15;21;7;14
13/08/2018;06:30;28;5;23
13/08/2018;06:45;17;4;13
13/08/2018;07:00;16;4;12
13/08/2018;07:15;28;6;22
13/08/2018;07:30;40;12;28
13/08/2018;07:45;48;23;25
13/08/2018;08:00;15;1;14
13/08/2018;08:15;46;24;22
13/08/2018;08:30;54;27;27
13/08/2018;08:45;26;6;20
13/08/2018;09:00;17;4;13
13/08/2018;09:15;24;11;13
13/08/2018;09:30;14;3;11
13/08/2018;09:45;26;4;22
13/08/2018;10:00;16;9;7
13/08/2018;10:15;34;11;23
13/08/2018;10:30;32;7;25
13/08/2018;10:45;36;19;17
13/08/2018;11:00;14;0;14
13/08/2018;11:15;25;13;12
13/08/2018;11:30;29;11;18
13/08/2018;11:45;27;14;13
13/08/2018;12:00;25;7;18
13/08/2018;12:15;32;6;26
13/08/2018;12:30;22;3;19
13/08/2018;12:45;35;13;22
13/08/2018;13:00;20;5;15
13/08/2018;13:15;39;1;38
13/08/2018;13:30;33;4;29
13/08/2018;13:45;31;3;28
13/08/2018;14:00;40;8;32
13/08/2018;14:15;42;6;36
13/08/2018;14:30;42;1;41
13/08/2018;14:45;41;12;29
13/08/2018;15:00;40;9;31
13/08/2018;15:15;32;2;30
13/08/2018;15:30;39;1;38
13/08/2018;15:45;44;2;42
13/08/2018;16:00;46;2;44
13/08/2018;16:15;51;5;46
13/08/2018;16:30;68;3;65
13/08/2018;16:45;66;16;50
13/08/2018;17:00;71;5;66
13/08/2018;17:15;73;2;71
13/08/2018;17:30;57;2;55
13/08/2018;17:45;60;6;54
13/08/2018;18:00;62;3;59
13/08/2018;18:15;57;2;55
13/08/2018;18:30;88;21;67
13/08/2018;18:45;77;13;64
13/08/2018;19:00;66;11;55
13/08/2018;19:15;45;16;29
13/08/2018;19:30;61;12;49
13/08/2018;19:45;45;8;37
13/08/2018;20:00;39;2;37
13/08/2018;20:15;57;16;41
13/08/2018;20:30;41;10;31
13/08/2018;20:45;36;5;31
13/08/2018;21:00;32;11;21
13/08/2018;21:15;23;7;16
13/08/2018;21:30;25;8;17
13/08/2018;21:45;17;0;17
13/08/2018;22:00;30;6;24
13/08/2018;22:15;29;8;21
13/08/2018;22:30;32;8;24
13/08/2018;22:45;23;11;12
13/08/2018;23:00;18;4;14
13/08/2018;23:15;16;5;11
13/08/2018;23:30;7;3;4
13/08/2018;23:45;12;3;9
14/08/2018;00:00;8;2;6
14/08/2018;00:15;10;2;8
14/08/2018;00:30;2;0;2
14/08/2018;00:45;5;0;5
14/08/2018;01:00;3;0;3
14/08/2018;01:15;2;0;2
14/08/2018;01:30;4;1;3
14/08/2018;01:45;3;1;2
14/08/2018;02:00;4;0;4
14/08/2018;02:15;2;2;0
14/08/2018;02:30;3;0;3
14/08/2018;02:45;4;0;4
14/08/2018;03:00;1;1;0
14/08/2018;03:15;3;0;3
14/08/2018;03:30;0;0;0
14/08/2018;03:45;2;0;2
14/08/2018;04:00;1;1;0
14/08/2018;04:15;4;4;0
14/08/2018;04:30;5;2;3
14/08/2018;04:45;3;1;2
14/08/2018;05:00;5;0;5
14/08/2018;05:15;10;5;5
14/08/2018;05:30;13;3;10
14/08/2018;05:45;7;3;4
14/08/2018;06:00;14;3;11
14/08/2018;06:15;11;2;9
14/08/2018;06:30;32;2;30
14/08/2018;06:45;32;13;19
14/08/2018;07:00;49;21;28
14/08/2018;07:15;45;5;40
14/08/2018;07:30;44;1;43
14/08/2018;07:45;65;12;53
14/08/2018;08:00;40;6;34
14/08/2018;08:15;57;9;48
14/08/2018;08:30;37;3;34
14/08/2018;08:45;43;6;37
14/08/2018;09:00;38;10;28
14/08/2018;09:15;60;34;26
14/08/2018;09:30;47;24;23
14/08/2018;09:45;50;24;26
14/08/2018;10:00;19;2;17
14/08/2018;10:15;42;15;27
14/08/2018;10:30;21;1;20
14/08/2018;10:45;38;4;34
14/08/2018;11:00;33;1;32
14/08/2018;11:15;39;14;25
14/08/2018;11:30;44;14;30
14/08/2018;11:45;42;14;28
14/08/2018;12:00;30;3;27
14/08/2018;12:15;40;4;36
14/08/2018;12:30;46;10;36
14/08/2018;12:45;56;19;37
14/08/2018;13:00;56;12;44
14/08/2018;13:15;57;16;41
14/08/2018;13:30;43;2;41
14/08/2018;13:45;41;3;38
14/08/2018;14:00;55;10;45
14/08/2018;14:15;45;10;35
14/08/2018;14:30;60;15;45
14/08/2018;14:45;56;3;53
14/08/2018;15:00;62;1;61
14/08/2018;15:15;41;5;36
14/08/2018;15:30;62;4;58
14/08/2018;15:45;80;22;58
14/08/2018;16:00;87;11;76
14/08/2018;16:15;79;6;73
14/08/2018;16:30;70;16;54
14/08/2018;16:45;90;3;87
14/08/2018;17:00;100;2;98
14/08/2018;17:15;103;1;102
14/08/2018;17:30;119;16;103
14/08/2018;17:45;88;6;82
14/08/2018;18:00;124;19;105
14/08/2018;18:15;115;22;93
14/08/2018;18:30;104;19;85
14/08/2018;18:45;84;4;80
14/08/2018;19:00;102;5;97
14/08/2018;19:15;67;11;56
14/08/2018;19:30;88;23;65
14/08/2018;19:45;41;1;40
14/08/2018;20:00;72;19;53
14/08/2018;20:15;33;4;29
14/08/2018;20:30;45;15;30
14/08/2018;20:45;42;8;34
14/08/2018;21:00;39;10;29
14/08/2018;21:15;44;7;37
14/08/2018;21:30;37;12;25
14/08/2018;21:45;43;8;35
14/08/2018;22:00;33;7;26
14/08/2018;22:15;46;10;36
14/08/2018;22:30;17;1;16
14/08/2018;22:45;20;2;18
14/08/2018;23:00;15;2;13
14/08/2018;23:15;27;8;19
14/08/2018;23:30;17;6;11
14/08/2018;23:45;13;1;12
15/08/2018;00:00;7;1;6
15/08/2018;00:15;3;1;2
15/08/2018;00:30;4;3;1
15/08/2018;00:45;8;4;4
15/08/2018;01:00;10;0;10
15/08/2018;01:15;2;0;2
15/08/2018;01:30;9;1;8
15/08/2018;01:45;4;0;4
15/08/2018;02:00;5;1;4
15/08/2018;02:15;1;0;1
15/08/2018;02:30;1;0;1
15/08/2018;02:45;3;0;3
15/08/2018;03:00;2;0;2
15/08/2018;03:15;5;3;2
15/08/2018;03:30;2;0;2
15/08/2018;03:45;1;0;1
15/08/2018;04:00;0;0;0
15/08/2018;04:15;3;3;0
15/08/2018;04:30;6;3;3
15/08/2018;04:45;3;0;3
15/08/2018;05:00;2;0;2
15/08/2018;05:15;7;2;5
15/08/2018;05:30;15;4;11
15/08/2018;05:45;6;2;4
15/08/2018;06:00;8;2;6
15/08/2018;06:15;19;6;13
15/08/2018;06:30;46;15;31
15/08/2018;06:45;27;4;23
15/08/2018;07:00;31;5;26
15/08/2018;07:15;51;7;44
15/08/2018;07:30;54;4;50
15/08/2018;07:45;57;4;53
15/08/2018;08:00;55;4;51
15/08/2018;08:15;55;9;46
15/08/2018;08:30;54;8;46
15/08/2018;08:45;61;10;51
15/08/2018;09:00;32;8;24
15/08/2018;09:15;45;4;41
15/08/2018;09:30;38;9;29
15/08/2018;09:45;65;34;31
15/08/2018;10:00;36;10;26
15/08/2018;10:15;54;16;38
15/08/2018;10:30;30;4;26
15/08/2018;10:45;40;3;37
15/08/2018;11:00;40;6;34
15/08/2018;11:15;55;22;33
15/08/2018;11:30;44;8;36
15/08/2018;11:45;59;24;35
15/08/2018;12:00;48;5;43
15/08/2018;12:15;68;5;63
15/08/2018;12:30;47;1;46
15/08/2018;12:45;60;21;39
15/08/2018;13:00;64;3;61
15/08/2018;13:15;55;6;49
15/08/2018;13:30;73;20;53
15/08/2018;13:45;69;5;64
15/08/2018;14:00;90;19;71
15/08/2018;14:15;62;5;57
15/08/2018;14:30;68;6;62
15/08/2018;14:45;59;2;57
15/08/2018;15:00;93;31;62
15/08/2018;15:15;92;29;63
15/08/2018;15:30;92;3;89
15/08/2018;15:45;80;1;79
15/08/2018;16:00;101;11;90
15/08/2018;16:15;133;28;105
15/08/2018;16:30;164;26;138
15/08/2018;16:45;148;35;113
15/08/2018;17:00;148;24;124
15/08/2018;17:15;119;6;113
15/08/2018;17:30;156;36;120
15/08/2018;17:45;136;31;105
15/08/2018;18:00;117;3;114
15/08/2018;18:15;102;3;99
15/08/2018;18:30;163;33;130
15/08/2018;18:45;111;29;82
15/08/2018;19:00;114;23;91
15/08/2018;19:15;75;5;70
15/08/2018;19:30;73;7;66
15/08/2018;19:45;104;28;76
15/08/2018;20:00;75;9;66
15/08/2018;20:15;86;19;67
15/08/2018;20:30;45;3;42
15/08/2018;20:45;40;5;35
15/08/2018;21:00;33;4;29
15/08/2018;21:15;26;4;22
15/08/2018;21:30;37;4;33
15/08/2018;21:45;41;6;35
15/08/2018;22:00;30;0;30
15/08/2018;22:15;46;9;37
15/08/2018;22:30;20;1;19
15/08/2018;22:45;32;9;23
15/08/2018;23:00;23;2;21
15/08/2018;23:15;22;3;19
15/08/2018;23:30;19;4;15
15/08/2018;23:45;45;11;34
16/08/2018;00:00;21;5;16
16/08/2018;00:15;10;3;7
16/08/2018;00:30;12;4;8
16/08/2018;00:45;5;1;4
16/08/2018;01:00;9;1;8
16/08/2018;01:15;4;0;4
16/08/2018;01:30;3;0;3
16/08/2018;01:45;2;0;2
16/08/2018;02:00;4;1;3
16/08/2018;02:15;2;0;2
16/08/2018;02:30;1;0;1
16/08/2018;02:45;3;0;3
16/08/2018;03:00;5;1;4
16/08/2018;03:15;3;2;1
16/08/2018;03:30;7;0;7
16/08/2018;03:45;0;0;0
16/08/2018;04:00;2;0;2
16/08/2018;04:15;3;2;1
16/08/2018;04:30;6;2;4
16/08/2018;04:45;5;2;3
16/08/2018;05:00;2;1;1
16/08/2018;05:15;14;5;9
16/08/2018;05:30;18;3;15
16/08/2018;05:45;15;9;6
16/08/2018;06:00;15;3;12
16/08/2018;06:15;26;10;16
16/08/2018;06:30;38;15;23
16/08/2018;06:45;60;20;40
16/08/2018;07:00;47;19;28
16/08/2018;07:15;69;25;44
16/08/2018;07:30;93;37;56
16/08/2018;07:45;107;45;62
16/08/2018;08:00;93;42;51
16/08/2018;08:15;98;44;54
16/08/2018;08:30;95;36;59
16/08/2018;08:45;120;63;57
16/08/2018;09:00;62;30;32
16/08/2018;09:15;57;33;24
16/08/2018;09:30;66;25;41
16/08/2018;09:45;63;31;32
16/08/2018;10:00;48;16;32
16/08/2018;10:15;35;3;32
16/08/2018;10:30;53;23;30
16/08/2018;10:45;52;10;42
16/08/2018;11:00;57;18;39
16/08/2018;11:15;53;15;38
16/08/2018;11:30;46;7;39
16/08/2018;11:45;55;0;55
16/08/2018;12:00;64;11;53
16/08/2018;12:15;46;2;44
16/08/2018;12:30;46;9;37
16/08/2018;12:45;43;5;38
16/08/2018;13:00;52;1;51
16/08/2018;13:15;99;21;78
16/08/2018;13:30;47;4;43
16/08/2018;13:45;71;20;51
16/08/2018;14:00;70;2;68
16/08/2018;14:15;82;7;75
16/08/2018;14:30;94;24;70
16/08/2018;14:45;74;12;62
16/08/2018;15:00;85;16;69
16/08/2018;15:15;93;19;74
16/08/2018;15:30;106;27;79
16/08/2018;15:45;88;5;83
16/08/2018;16:00;132;26;106
16/08/2018;16:15;102;7;95
16/08/2018;16:30;106;5;101
16/08/2018;16:45;108;4;104
16/08/2018;17:00;125;6;119
16/08/2018;17:15;129;2;127
16/08/2018;17:30;172;5;167
16/08/2018;17:45;131;4;127
16/08/2018;18:00;181;30;151
16/08/2018;18:15;171;5;166
16/08/2018;18:30;139;3;136
16/08/2018;18:45;133;2;131
16/08/2018;19:00;167;26;141
16/08/2018;19:15;99;4;95
16/08/2018;19:30;85;4;81
16/08/2018;19:45;110;32;78
16/08/2018;20:00;68;5;63
16/08/2018;20:15;41;1;40
16/08/2018;20:30;88;32;56
16/08/2018;20:45;43;2;41
16/08/2018;21:00;79;31;48
16/08/2018;21:15;40;2;38
16/08/2018;21:30;61;14;47
16/08/2018;21:45;61;25;36
16/08/2018;22:00;44;9;35
16/08/2018;22:15;56;20;36
16/08/2018;22:30;35;2;33
16/08/2018;22:45;44;24;20
16/08/2018;23:00;41;12;29
16/08/2018;23:15;53;9;44
16/08/2018;23:30;82;17;65
16/08/2018;23:45;46;20;26
17/08/2018;00:00;14;2;12
17/08/2018;00:15;16;6;10
17/08/2018;00:30;16;6;10
17/08/2018;00:45;11;0;11
17/08/2018;01:00;8;2;6
17/08/2018;01:15;18;4;14
17/08/2018;01:30;10;3;7
17/08/2018;01:45;5;2;3
17/08/2018;02:00;5;0;5
17/08/2018;02:15;9;2;7
17/08/2018;02:30;7;2;5
17/08/2018;02:45;2;0;2
17/08/2018;03:00;3;1;2
17/08/2018;03:15;4;0;4
17/08/2018;03:30;1;0;1
17/08/2018;03:45;0;0;0
17/08/2018;04:00;0;0;0
17/08/2018;04:15;5;4;1
17/08/2018;04:30;2;0;2
17/08/2018;04:45;2;0;2
17/08/2018;05:00;5;3;2
17/08/2018;05:15;7;1;6
17/08/2018;05:30;16;2;14
17/08/2018;05:45;4;1;3
17/08/2018;06:00;13;1;12
17/08/2018;06:15;18;11;7
17/08/2018;06:30;39;10;29
17/08/2018;06:45;34;13;21
17/08/2018;07:00;39;14;25
17/08/2018;07:15;32;4;28
17/08/2018;07:30;52;4;48
17/08/2018;07:45;50;7;43
17/08/2018;08:00;39;4;35
17/08/2018;08:15;36;4;32
17/08/2018;08:30;51;5;46
17/08/2018;08:45;52;21;31
17/08/2018;09:00;28;3;25
17/08/2018;09:15;38;16;22
17/08/2018;09:30;21;4;17
17/08/2018;09:45;30;1;29
17/08/2018;10:00;18;1;17
17/08/2018;10:15;17;5;12
17/08/2018;10:30;22;8;14
17/08/2018;10:45;37;12;25
17/08/2018;11:00;38;9;29
17/08/2018;11:15;25;3;22
17/08/2018;11:30;41;12;29
17/08/2018;11:45;47;18;29
17/08/2018;12:00;29;2;27
17/08/2018;12:15;42;4;38
17/08/2018;12:30;55;1;54
17/08/2018;12:45;70;15;55
17/08/2018;13:00;38;2;36
17/08/2018;13:15;41;4;37
17/08/2018;13:30;46;3;43
17/08/2018;13:45;72;13;59
17/08/2018;14:00;78;22;56
17/08/2018;14:15;69;3;66
17/08/2018;14:30;70;7;63
17/08/2018;14:45;58;2;56
17/08/2018;15:00;92;23;69
17/08/2018;15:15;96;5;91
17/08/2018;15:30;64;4;60
17/08/2018;15:45;101;17;84
17/08/2018;16:00;88;20;68
17/08/2018;16:15;96;11;85
17/08/2018;16:30;61;0;61
17/08/2018;16:45;71;2;69
17/08/2018;17:00;93;15;78
17/08/2018;17:15;87;4;83
17/08/2018;17:30;68;3;65
17/08/2018;17:45;133;19;114
17/08/2018;18:00;112;28;84
17/08/2018;18:15;85;2;83
17/08/2018;18:30;85;3;82
17/08/2018;18:45;76;2;74
17/08/2018;19:00;68;6;62
17/08/2018;19:15;78;4;74
17/08/2018;19:30;70;6;64
17/08/2018;19:45;59;4;55
17/08/2018;20:00;33;0;33
17/08/2018;20:15;71;32;39
17/08/2018;20:30;74;24;50
17/08/2018;20:45;65;28;37
17/08/2018;21:00;49;12;37
17/08/2018;21:15;45;11;34
17/08/2018;21:30;49;11;38
17/08/2018;21:45;19;3;16
17/08/2018;22:00;25;4;21
17/08/2018;22:15;56;10;46
17/08/2018;22:30;62;9;53
17/08/2018;22:45;31;9;22
17/08/2018;23:00;22;1;21
17/08/2018;23:15;32;10;22
17/08/2018;23:30;39;16;23
17/08/2018;23:45;24;9;15
18/08/2018;00:00;22;8;14
18/08/2018;00:15;38;2;36
18/08/2018;00:30;16;2;14
18/08/2018;00:45;22;0;22
18/08/2018;01:00;15;0;15
18/08/2018;01:15;7;1;6
18/08/2018;01:30;19;4;15
18/08/2018;01:45;14;4;10
18/08/2018;02:00;14;3;11
18/08/2018;02:15;3;0;3
18/08/2018;02:30;13;5;8
18/08/2018;02:45;9;2;7
18/08/2018;03:00;11;0;11
18/08/2018;03:15;4;1;3
18/08/2018;03:30;1;0;1
18/08/2018;03:45;3;0;3
18/08/2018;04:00;3;0;3
18/08/2018;04:15;7;1;6
18/08/2018;04:30;1;0;1
18/08/2018;04:45;2;0;2
18/08/2018;05:00;3;1;2
18/08/2018;05:15;5;3;2
18/08/2018;05:30;5;2;3
18/08/2018;05:45;5;0;5
18/08/2018;06:00;2;0;2
18/08/2018;06:15;3;1;2
18/08/2018;06:30;6;3;3
18/08/2018;06:45;3;2;1
18/08/2018;07:00;9;2;7
18/08/2018;07:15;6;3;3
18/08/2018;07:30;16;5;11
18/08/2018;07:45;14;7;7
18/08/2018;08:00;11;4;7
18/08/2018;08:15;18;7;11
18/08/2018;08:30;18;8;10
18/08/2018;08:45;22;11;11
18/08/2018;09:00;21;4;17
18/08/2018;09:15;35;13;22
18/08/2018;09:30;38;17;21
18/08/2018;09:45;52;31;21
18/08/2018;10:00;51;21;30
18/08/2018;10:15;58;25;33
18/08/2018;10:30;56;19;37
18/08/2018;10:45;84;46;38
18/08/2018;11:00;48;12;36
18/08/2018;11:15;76;40;36
18/08/2018;11:30;64;3;61
18/08/2018;11:45;57;4;53
18/08/2018;12:00;64;15;49
18/08/2018;12:15;103;19;84
18/08/2018;12:30;59;5;54
18/08/2018;12:45;85;6;79
18/08/2018;13:00;108;31;77
18/08/2018;13:15;99;27;72
18/08/2018;13:30;75;6;69
18/08/2018;13:45;106;31;75
18/08/2018;14:00;76;3;73
18/08/2018;14:15;123;22;101
18/08/2018;14:30;102;22;80
18/08/2018;14:45;133;33;100
18/08/2018;15:00;118;25;93
18/08/2018;15:15;106;23;83
18/08/2018;15:30;108;17;91
18/08/2018;15:45;115;21;94
18/08/2018;16:00;74;5;69
18/08/2018;16:15;105;14;91
18/08/2018;16:30;81;1;80
18/08/2018;16:45;80;10;70
18/08/2018;17:00;88;1;87
18/08/2018;17:15;111;26;85
18/08/2018;17:30;77;4;73
18/08/2018;17:45;126;23;103
18/08/2018;18:00;102;26;76
18/08/2018;18:15;97;32;65
18/08/2018;18:30;106;28;78
18/08/2018;18:45;90;25;65
18/08/2018;19:00;91;32;59
18/08/2018;19:15;67;5;62
18/08/2018;19:30;57;3;54
18/08/2018;19:45;33;4;29
18/08/2018;20:00;84;26;58
18/08/2018;20:15;55;4;51
18/08/2018;20:30;65;19;46
18/08/2018;20:45;51;20;31
18/08/2018;21:00;38;3;35
18/08/2018;21:15;44;18;26
18/08/2018;21:30;35;0;35
18/08/2018;21:45;48;14;34
18/08/2018;22:00;78;7;71
18/08/2018;22:15;63;14;49
18/08/2018;22:30;51;9;42
18/08/2018;22:45;55;7;48
18/08/2018;23:00;35;5;30
18/08/2018;23:15;46;23;23
18/08/2018;23:30;45;8;37
18/08/2018;23:45;15;2;13
19/08/2018;00:00;44;11;33
19/08/2018;00:15;36;6;30
19/08/2018;00:30;37;10;27
19/08/2018;00:45;17;3;14
19/08/2018;01:00;20;10;10
19/08/2018;01:15;25;7;18
19/08/2018;01:30;13;2;11
19/08/2018;01:45;1;0;1
19/08/2018;02:00;16;4;12
19/08/2018;02:15;12;8;4
19/08/2018;02:30;9;2;7
19/08/2018;02:45;10;1;9
19/08/2018;03:00;2;0;2
19/08/2018;03:15;11;4;7
19/08/2018;03:30;7;2;5
19/08/2018;03:45;2;0;2
19/08/2018;04:00;9;0;9
19/08/2018;04:15;5;0;5
19/08/2018;04:30;0;0;0
19/08/2018;04:45;2;0;2
19/08/2018;05:00;1;1;0
19/08/2018;05:15;5;2;3
19/08/2018;05:30;6;2;4
19/08/2018;05:45;7;1;6
19/08/2018;06:00;3;0;3
19/08/2018;06:15;5;1;4
19/08/2018;06:30;6;0;6
19/08/2018;06:45;3;1;2
19/08/2018;07:00;2;0;2
19/08/2018;07:15;8;5;3
19/08/2018;07:30;11;6;5
19/08/2018;07:45;10;3;7
19/08/2018;08:00;4;1;3
19/08/2018;08:15;7;1;6
19/08/2018;08:30;13;5;8
19/08/2018;08:45;18;3;15
19/08/2018;09:00;15;3;12
19/08/2018;09:15;18;7;11
19/08/2018;09:30;19;5;14
19/08/2018;09:45;22;5;17
19/08/2018;10:00;41;11;30
19/08/2018;10:15;23;1;22
19/08/2018;10:30;37;4;33
19/08/2018;10:45;32;3;29
19/08/2018;11:00;71;15;56
19/08/2018;11:15;46;9;37
19/08/2018;11:30;50;1;49
19/08/2018;11:45;72;14;58
19/08/2018;12:00;52;3;49
19/08/2018;12:15;66;6;60
19/08/2018;12:30;62;11;51
19/08/2018;12:45;40;4;36
19/08/2018;13:00;77;12;65
19/08/2018;13:15;66;14;52
19/08/2018;13:30;56;3;53
19/08/2018;13:45;50;1;49
19/08/2018;14:00;68;18;50
19/08/2018;14:15;81;16;65
19/08/2018;14:30;115;24;91
19/08/2018;14:45;71;4;67
19/08/2018;15:00;67;1;66
19/08/2018;15:15;60;3;57
19/08/2018;15:30;69;5;64
19/08/2018;15:45;95;27;68
19/08/2018;16:00;79;18;61
19/08/2018;16:15;105;35;70
19/08/2018;16:30;61;5;56
19/08/2018;16:45;108;31;77
19/08/2018;17:00;67;7;60
19/08/2018;17:15;74;20;54
19/08/2018;17:30;107;21;86
19/08/2018;17:45;97;31;66
19/08/2018;18:00;74;15;59
19/08/2018;18:15;56;4;52
19/08/2018;18:30;59;7;52
19/08/2018;18:45;57;6;51
19/08/2018;19:00;61;16;45
19/08/2018;19:15;79;20;59
19/08/2018;19:30;72;29;43
19/08/2018;19:45;68;23;45
19/08/2018;20:00;35;5;30
19/08/2018;20:15;78;25;53
19/08/2018;20:30;30;2;28
19/08/2018;20:45;48;13;35
19/08/2018;21:00;47;19;28
19/08/2018;21:15;20;2;18
19/08/2018;21:30;41;13;28
19/08/2018;21:45;38;8;30
19/08/2018;22:00;49;7;42
19/08/2018;22:15;35;7;28
19/08/2018;22:30;29;6;23
19/08/2018;22:45;25;6;19
19/08/2018;23:00;14;2;12
19/08/2018;23:15;16;5;11
19/08/2018;23:30;53;3;50
19/08/2018;23:45;23;3;20
20/08/2018;00:00;13;4;9
20/08/2018;00:15;9;1;8
20/08/2018;00:30;8;0;8
20/08/2018;00:45;2;0;2
20/08/2018;01:00;3;0;3
20/08/2018;01:15;5;1;4
20/08/2018;01:30;0;0;0
20/08/2018;01:45;1;0;1
20/08/2018;02:00;2;0;2
20/08/2018;02:15;2;0;2
20/08/2018;02:30;1;1;0
20/08/2018;02:45;3;1;2
20/08/2018;03:00;2;1;1
20/08/2018;03:15;2;2;0
20/08/2018;03:30;1;0;1
20/08/2018;03:45;1;0;1
20/08/2018;04:00;0;0;0
20/08/2018;04:15;3;3;0
20/08/2018;04:30;4;1;3
20/08/2018;04:45;2;0;2
20/08/2018;05:00;2;1;1
20/08/2018;05:15;6;1;5
20/08/2018;05:30;11;2;9
20/08/2018;05:45;9;2;7
20/08/2018;06:00;19;7;12
20/08/2018;06:15;26;14;12
20/08/2018;06:30;32;3;29
20/08/2018;06:45;29;5;24
20/08/2018;07:00;40;3;37
20/08/2018;07:15;44;5;39
20/08/2018;07:30;55;9;46
20/08/2018;07:45;61;5;56
20/08/2018;08:00;62;9;53
20/08/2018;08:15;67;9;58
20/08/2018;08:30;54;10;44
20/08/2018;08:45;59;8;51
20/08/2018;09:00;48;9;39
20/08/2018;09:15;34;6;28
20/08/2018;09:30;31;6;25
20/08/2018;09:45;31;7;24
20/08/2018;10:00;37;7;30
20/08/2018;10:15;42;22;20
20/08/2018;10:30;65;17;48
20/08/2018;10:45;61;22;39
20/08/2018;11:00;31;5;26
20/08/2018;11:15;61;19;42
20/08/2018;11:30;43;4;39
20/08/2018;11:45;45;9;36
20/08/2018;12:00;39;2;37
20/08/2018;12:15;58;4;54
20/08/2018;12:30;69;17;52
20/08/2018;12:45;39;2;37
20/08/2018;13:00;66;11;55
20/08/2018;13:15;58;16;42
20/08/2018;13:30;45;3;42
20/08/2018;13:45;62;10;52
20/08/2018;14:00;59;13;46
20/08/2018;14:15;67;16;51
20/08/2018;14:30;51;2;49
20/08/2018;14:45;57;5;52
20/08/2018;15:00;84;15;69
20/08/2018;15:15;68;4;64
20/08/2018;15:30;83;5;78
20/08/2018;15:45;119;28;91
20/08/2018;16:00;120;26;94
20/08/2018;16:15;118;5;113
20/08/2018;16:30;115;2;113
20/08/2018;16:45;126;32;94
20/08/2018;17:00;117;9;108
20/08/2018;17:15;121;3;118
20/08/2018;17:30;129;3;126
20/08/2018;17:45;129;7;122
20/08/2018;18:00;150;40;110
20/08/2018;18:15;133;27;106
20/08/2018;18:30;110;1;109
20/08/2018;18:45;96;5;91
20/08/2018;19:00;103;3;100
20/08/2018;19:15;87;2;85
20/08/2018;19:30;59;4;55
20/08/2018;19:45;91;20;71
20/08/2018;20:00;62;1;61
20/08/2018;20:15;56;8;48
20/08/2018;20:30;57;11;46
20/08/2018;20:45;29;3;26
20/08/2018;21:00;23;3;20
20/08/2018;21:15;37;6;31
20/08/2018;21:30;48;12;36
20/08/2018;21:45;28;0;28
20/08/2018;22:00;42;5;37
20/08/2018;22:15;34;1;33
20/08/2018;22:30;28;3;25
20/08/2018;22:45;32;3;29
20/08/2018;23:00;27;2;25
20/08/2018;23:15;53;3;50
20/08/2018;23:30;26;2;24
20/08/2018;23:45;16;1;15
21/08/2018;00:00;12;2;10
21/08/2018;00:15;7;1;6
21/08/2018;00:30;4;1;3
21/08/2018;00:45;3;1;2
21/08/2018;01:00;5;2;3
21/08/2018;01:15;4;1;3
21/08/2018;01:30;1;0;1
21/08/2018;01:45;2;0;2
21/08/2018;02:00;6;0;6
21/08/2018;02:15;2;1;1
21/08/2018;02:30;4;1;3
21/08/2018;02:45;1;0;1
21/08/2018;03:00;0;0;0
21/08/2018;03:15;3;0;3
21/08/2018;03:30;1;0;1
21/08/2018;03:45;1;0;1
21/08/2018;04:00;3;1;2
21/08/2018;04:15;2;2;0
21/08/2018;04:30;5;1;4
21/08/2018;04:45;2;1;1
21/08/2018;05:00;1;0;1
21/08/2018;05:15;5;1;4
21/08/2018;05:30;9;2;7
21/08/2018;05:45;16;11;5
21/08/2018;06:00;14;1;13
21/08/2018;06:15;25;5;20
21/08/2018;06:30;37;15;22
21/08/2018;06:45;62;23;39
21/08/2018;07:00;66;27;39
21/08/2018;07:15;78;30;48
21/08/2018;07:30;68;7;61
21/08/2018;07:45;56;3;53
21/08/2018;08:00;93;45;48
21/08/2018;08:15;121;59;62
21/08/2018;08:30;54;5;49
21/08/2018;08:45;61;14;47
21/08/2018;09:00;53;6;47
21/08/2018;09:15;33;5;28
21/08/2018;09:30;36;4;32
21/08/2018;09:45;69;32;37
21/08/2018;10:00;98;29;69
21/08/2018;10:15;56;23;33
21/08/2018;10:30;34;4;30
21/08/2018;10:45;65;24;41
21/08/2018;11:00;41;2;39
21/08/2018;11:15;45;16;29
21/08/2018;11:30;57;22;35
21/08/2018;11:45;73;26;47
21/08/2018;12:00;74;22;52
21/08/2018;12:15;52;2;50
21/08/2018;12:30;61;4;57
21/08/2018;12:45;73;17;56
21/08/2018;13:00;74;16;58
21/08/2018;13:15;59;20;39
21/08/2018;13:30;70;17;53
21/08/2018;13:45;70;14;56
21/08/2018;14:00;56;2;54
21/08/2018;14:15;60;2;58
21/08/2018;14:30;48;3;45
21/08/2018;14:45;97;25;72
21/08/2018;15:00;74;4;70
21/08/2018;15:15;76;5;71
21/08/2018;15:30;101;14;87
21/08/2018;15:45;127;32;95
21/08/2018;16:00;108;6;102
21/08/2018;16:15;154;23;131
21/08/2018;16:30;113;1;112
21/08/2018;16:45;116;5;111
21/08/2018;17:00;146;31;115
21/08/2018;17:15;137;8;129
21/08/2018;17:30;121;4;117
21/08/2018;17:45;120;6;114
21/08/2018;18:00;126;10;116
21/08/2018;18:15;139;18;121
21/08/2018;18:30;123;20;103
21/08/2018;18:45;115;9;106
21/08/2018;19:00;89;4;85
21/08/2018;19:15;142;36;106
21/08/2018;19:30;77;2;75
21/08/2018;19:45;62;3;59
21/08/2018;20:00;68;3;65
21/08/2018;20:15;52;7;45
21/08/2018;20:30;44;3;41
21/08/2018;20:45;42;4;38
21/08/2018;21:00;39;1;38
21/08/2018;21:15;36;3;33
21/08/2018;21:30;36;4;32
21/08/2018;21:45;27;3;24
21/08/2018;22:00;76;15;61
21/08/2018;22:15;58;17;41
21/08/2018;22:30;55;12;43
21/08/2018;22:45;27;3;24
21/08/2018;23:00;26;1;25
21/08/2018;23:15;68;4;64
21/08/2018;23:30;47;4;43
21/08/2018;23:45;19;7;12
22/08/2018;00:00;12;4;8
22/08/2018;00:15;8;2;6
22/08/2018;00:30;9;2;7
22/08/2018;00:45;3;0;3
22/08/2018;01:00;8;4;4
22/08/2018;01:15;6;1;5
22/08/2018;01:30;10;2;8
22/08/2018;01:45;4;0;4
22/08/2018;02:00;2;0;2
22/08/2018;02:15;6;0;6
22/08/2018;02:30;4;2;2
22/08/2018;02:45;3;1;2
22/08/2018;03:00;2;0;2
22/08/2018;03:15;3;1;2
22/08/2018;03:30;1;0;1
22/08/2018;03:45;0;0;0
22/08/2018;04:00;1;0;1
22/08/2018;04:15;3;2;1
22/08/2018;04:30;5;3;2
22/08/2018;04:45;3;0;3
22/08/2018;05:00;1;0;1
22/08/2018;05:15;10;6;4
22/08/2018;05:30;15;2;13
22/08/2018;05:45;8;7;1
22/08/2018;06:00;11;2;9
22/08/2018;06:15;29;13;16
22/08/2018;06:30;32;2;30
22/08/2018;06:45;35;4;31
22/08/2018;07:00;33;4;29
22/08/2018;07:15;56;6;50
22/08/2018;07:30;64;4;60
22/08/2018;07:45;58;7;51
22/08/2018;08:00;58;3;55
22/08/2018;08:15;67;6;61
22/08/2018;08:30;96;39;57
22/08/2018;08:45;55;12;43
22/08/2018;09:00;75;28;47
22/08/2018;09:15;45;8;37
22/08/2018;09:30;46;9;37
22/08/2018;09:45;38;8;30
22/08/2018;10:00;42;1;41
22/08/2018;10:15;29;4;25
22/08/2018;10:30;47;26;21
22/08/2018;10:45;44;5;39
22/08/2018;11:00;36;1;35
22/08/2018;11:15;63;25;38
22/08/2018;11:30;50;2;48
22/08/2018;11:45;78;21;57
22/08/2018;12:00;69;18;51
22/08/2018;12:15;50;6;44
22/08/2018;12:30;90;18;72
22/08/2018;12:45;59;7;52
22/08/2018;13:00;48;5;43
22/08/2018;13:15;86;19;67
22/08/2018;13:30;80;2;78
22/08/2018;13:45;48;2;46
22/08/2018;14:00;61;2;59
22/08/2018;14:15;89;16;73
22/08/2018;14:30;52;2;50
22/08/2018;14:45;69;7;62
22/08/2018;15:00;63;2;61
22/08/2018;15:15;63;3;60
22/08/2018;15:30;124;26;98
22/08/2018;15:45;84;5;79
22/08/2018;16:00;95;4;91
22/08/2018;16:15;141;23;118
22/08/2018;16:30;130;1;129
22/08/2018;16:45;107;2;105
22/08/2018;17:00;124;2;122
22/08/2018;17:15;180;23;157
22/08/2018;17:30;122;5;117
22/08/2018;17:45;110;4;106
22/08/2018;18:00;109;4;105
22/08/2018;18:15;151;26;125
22/08/2018;18:30;140;27;113
22/08/2018;18:45;121;6;115
22/08/2018;19:00;105;4;101
22/08/2018;19:15;106;3;103
22/08/2018;19:30;81;7;74
22/08/2018;19:45;83;10;73
22/08/2018;20:00;80;2;78
22/08/2018;20:15;98;35;63
22/08/2018;20:30;87;26;61
22/08/2018;20:45;75;23;52
22/08/2018;21:00;45;3;42
22/08/2018;21:15;48;12;36
22/08/2018;21:30;37;1;36
22/08/2018;21:45;42;6;36
22/08/2018;22:00;58;17;41
22/08/2018;22:15;29;2;27
22/08/2018;22:30;25;2;23
22/08/2018;22:45;40;16;24
22/08/2018;23:00;33;2;31
22/08/2018;23:15;25;3;22
22/08/2018;23:30;85;9;76
22/08/2018;23:45;22;3;19
23/08/2018;00:00;14;4;10
23/08/2018;00:15;17;3;14
23/08/2018;00:30;15;2;13
23/08/2018;00:45;7;2;5
23/08/2018;01:00;7;2;5
23/08/2018;01:15;9;3;6
23/08/2018;01:30;10;1;9
23/08/2018;01:45;10;4;6
23/08/2018;02:00;10;0;10
23/08/2018;02:15;6;1;5
23/08/2018;02:30;4;1;3
23/08/2018;02:45;8;2;6
23/08/2018;03:00;1;0;1
23/08/2018;03:15;6;0;6
23/08/2018;03:30;3;0;3
23/08/2018;03:45;0;0;0
23/08/2018;04:00;1;1;0
23/08/2018;04:15;5;2;3
23/08/2018;04:30;4;0;4
23/08/2018;04:45;3;0;3
23/08/2018;05:00;2;0;2
23/08/2018;05:15;12;4;8
23/08/2018;05:30;11;4;7
23/08/2018;05:45;17;11;6
23/08/2018;06:00;20;7;13
23/08/2018;06:15;21;3;18
23/08/2018;06:30;30;2;28
23/08/2018;06:45;28;3;25
23/08/2018;07:00;41;9;32
23/08/2018;07:15;76;25;51
23/08/2018;07:30;56;2;54
23/08/2018;07:45;61;4;57
23/08/2018;08:00;57;5;52
23/08/2018;08:15;50;5;45
23/08/2018;08:30;62;8;54
23/08/2018;08:45;76;18;58
23/08/2018;09:00;61;20;41
23/08/2018;09:15;49;14;35
23/08/2018;09:30;36;11;25
23/08/2018;09:45;59;21;38
23/08/2018;10:00;54;29;25
23/08/2018;10:15;53;17;36
23/08/2018;10:30;57;15;42
23/08/2018;10:45;58;18;40
23/08/2018;11:00;73;21;52
23/08/2018;11:15;49;3;46
23/08/2018;11:30;90;28;62
23/08/2018;11:45;79;23;56
23/08/2018;12:00;48;6;42
23/08/2018;12:15;76;29;47
23/08/2018;12:30;52;10;42
23/08/2018;12:45;57;7;50
23/08/2018;13:00;101;29;72
23/08/2018;13:15;66;2;64
23/08/2018;13:30;83;20;63
23/08/2018;13:45;97;27;70
23/08/2018;14:00;112;31;81
23/08/2018;14:15;66;7;59
23/08/2018;14:30;108;31;77
23/08/2018;14:45;77;11;66
23/08/2018;15:00;81;4;77
23/08/2018;15:15;52;13;39
23/08/2018;15:30;97;55;42
23/08/2018;15:45;143;5;138
23/08/2018;16:00;176;4;172
23/08/2018;16:15;164;2;162
23/08/2018;16:30;182;31;151
23/08/2018;16:45;155;3;152
23/08/2018;17:00;127;2;125
23/08/2018;17:15;163;33;130
23/08/2018;17:30;176;37;139
23/08/2018;17:45;118;10;108
23/08/2018;18:00;109;2;107
23/08/2018;18:15;149;23;126
23/08/2018;18:30;100;5;95
23/08/2018;18:45;94;5;89
23/08/2018;19:00;114;23;91
23/08/2018;19:15;110;29;81
23/08/2018;19:30;96;29;67
23/08/2018;19:45;68;0;68
23/08/2018;20:00;55;1;54
23/08/2018;20:15;62;4;58
23/08/2018;20:30;46;3;43
23/08/2018;20:45;48;3;45
23/08/2018;21:00;65;22;43
23/08/2018;21:15;35;2;33
23/08/2018;21:30;42;3;39
23/08/2018;21:45;36;7;29
23/08/2018;22:00;47;1;46
23/08/2018;22:15;41;13;28
23/08/2018;22:30;52;8;44
23/08/2018;22:45;26;1;25
23/08/2018;23:00;43;6;37
23/08/2018;23:15;39;10;29
23/08/2018;23:30;49;0;49
23/08/2018;23:45;34;10;24
24/08/2018;00:00;24;4;20
24/08/2018;00:15;13;1;12
24/08/2018;00:30;12;1;11
24/08/2018;00:45;17;1;16
24/08/2018;01:00;12;4;8
24/08/2018;01:15;5;1;4
24/08/2018;01:30;5;2;3
24/08/2018;01:45;1;0;1
24/08/2018;02:00;10;2;8
24/08/2018;02:15;9;2;7
24/08/2018;02:30;4;4;0
24/08/2018;02:45;6;0;6
24/08/2018;03:00;4;3;1
24/08/2018;03:15;3;0;3
24/08/2018;03:30;3;1;2
24/08/2018;03:45;1;1;0
24/08/2018;04:00;6;1;5
24/08/2018;04:15;4;2;2
24/08/2018;04:30;1;0;1
24/08/2018;04:45;5;2;3
24/08/2018;05:00;4;0;4
24/08/2018;05:15;11;3;8
24/08/2018;05:30;8;1;7
24/08/2018;05:45;6;1;5
24/08/2018;06:00;15;3;12
24/08/2018;06:15;16;4;12
24/08/2018;06:30;39;14;25
24/08/2018;06:45;24;3;21
24/08/2018;07:00;33;16;17
24/08/2018;07:15;53;18;35
24/08/2018;07:30;74;31;43
24/08/2018;07:45;51;9;42
24/08/2018;08:00;83;34;49
24/08/2018;08:15;101;52;49
24/08/2018;08:30;50;13;37
24/08/2018;08:45;42;5;37
24/08/2018;09:00;37;8;29
24/08/2018;09:15;41;8;33
24/08/2018;09:30;35;10;25
24/08/2018;09:45;66;31;35
24/08/2018;10:00;32;8;24
24/08/2018;10:15;39;14;25
24/08/2018;10:30;25;5;20
24/08/2018;10:45;42;4;38
24/08/2018;11:00;51;3;48
24/08/2018;11:15;56;9;47
24/08/2018;11:30;45;2;43
24/08/2018;11:45;43;3;40
24/08/2018;12:00;50;3;47
24/08/2018;12:15;61;6;55
24/08/2018;12:30;69;3;66
24/08/2018;12:45;77;15;62
24/08/2018;13:00;92;8;84
24/08/2018;13:15;92;20;72
24/08/2018;13:30;71;4;67
24/08/2018;13:45;72;1;71
24/08/2018;14:00;97;26;71
24/08/2018;14:15;103;15;88
24/08/2018;14:30;94;16;78
24/08/2018;14:45;84;4;80
24/08/2018;15:00;81;18;63
24/08/2018;15:15;79;6;73
24/08/2018;15:30;109;22;87
24/08/2018;15:45;135;29;106
24/08/2018;16:00;85;19;66
24/08/2018;16:15;99;21;78
24/08/2018;16:30;116;27;89
24/08/2018;16:45;109;17;92
24/08/2018;17:00;120;21;99
24/08/2018;17:15;128;27;101
24/08/2018;17:30;115;27;88
24/08/2018;17:45;75;9;66
24/08/2018;18:00;111;35;76
24/08/2018;18:15;156;53;103
24/08/2018;18:30;103;25;78
24/08/2018;18:45;73;7;66
24/08/2018;19:00;72;1;71
24/08/2018;19:15;86;19;67
24/08/2018;19:30;46;6;40
24/08/2018;19:45;68;6;62
24/08/2018;20:00;50;8;42
24/08/2018;20:15;65;21;44
24/08/2018;20:30;37;7;30
24/08/2018;20:45;54;25;29
24/08/2018;21:00;39;3;36
24/08/2018;21:15;44;13;31
24/08/2018;21:30;31;1;30
24/08/2018;21:45;24;3;21
24/08/2018;22:00;39;14;25
24/08/2018;22:15;73;4;69
24/08/2018;22:30;37;2;35
24/08/2018;22:45;36;5;31
24/08/2018;23:00;30;2;28
24/08/2018;23:15;43;8;35
24/08/2018;23:30;20;1;19
24/08/2018;23:45;21;0;21
25/08/2018;00:00;50;2;48
25/08/2018;00:15;39;6;33
25/08/2018;00:30;22;3;19
25/08/2018;00:45;8;0;8
25/08/2018;01:00;21;2;19
25/08/2018;01:15;30;9;21
25/08/2018;01:30;23;0;23
25/08/2018;01:45;11;1;10
25/08/2018;02:00;13;0;13
25/08/2018;02:15;5;0;5
25/08/2018;02:30;18;2;16
25/08/2018;02:45;9;1;8
25/08/2018;03:00;6;0;6
25/08/2018;03:15;8;2;6
25/08/2018;03:30;6;0;6
25/08/2018;03:45;4;0;4
25/08/2018;04:00;6;0;6
25/08/2018;04:15;5;0;5
25/08/2018;04:30;4;1;3
25/08/2018;04:45;3;0;3
25/08/2018;05:00;3;1;2
25/08/2018;05:15;9;2;7
25/08/2018;05:30;6;2;4
25/08/2018;05:45;4;1;3
25/08/2018;06:00;1;1;0
25/08/2018;06:15;4;0;4
25/08/2018;06:30;9;5;4
25/08/2018;06:45;5;1;4
25/08/2018;07:00;3;0;3
25/08/2018;07:15;3;0;3
25/08/2018;07:30;2;0;2
25/08/2018;07:45;9;2;7
25/08/2018;08:00;7;2;5
25/08/2018;08:15;8;2;6
25/08/2018;08:30;20;12;8
25/08/2018;08:45;17;4;13
25/08/2018;09:00;13;2;11
25/08/2018;09:15;11;3;8
25/08/2018;09:30;15;4;11
25/08/2018;09:45;19;5;14
25/08/2018;10:00;51;19;32
25/08/2018;10:15;28;7;21
25/08/2018;10:30;37;17;20
25/08/2018;10:45;37;5;32
25/08/2018;11:00;50;13;37
25/08/2018;11:15;46;17;29
25/08/2018;11:30;36;16;20
25/08/2018;11:45;39;2;37
25/08/2018;12:00;70;25;45
25/08/2018;12:15;64;23;41
25/08/2018;12:30;40;1;39
25/08/2018;12:45;56;2;54
25/08/2018;13:00;80;21;59
25/08/2018;13:15;48;9;39
25/08/2018;13:30;54;5;49
25/08/2018;13:45;39;2;37
25/08/2018;14:00;57;6;51
25/08/2018;14:15;96;26;70
25/08/2018;14:30;52;4;48
25/08/2018;14:45;62;14;48
25/08/2018;15:00;31;4;27
25/08/2018;15:15;50;5;45
25/08/2018;15:30;44;5;39
25/08/2018;15:45;46;0;46
25/08/2018;16:00;56;20;36
25/08/2018;16:15;56;1;55
25/08/2018;16:30;67;16;51
25/08/2018;16:45;45;2;43
25/08/2018;17:00;28;8;20
25/08/2018;17:15;28;6;22
25/08/2018;17:30;49;10;39
25/08/2018;17:45;46;10;36
25/08/2018;18:00;47;1;46
25/08/2018;18:15;40;14;26
25/08/2018;18:30;47;2;45
25/08/2018;18:45;54;14;40
25/08/2018;19:00;32;3;29
25/08/2018;19:15;48;17;31
25/08/2018;19:30;42;1;41
25/08/2018;19:45;20;2;18
25/08/2018;20:00;40;7;33
25/08/2018;20:15;56;18;38
25/08/2018;20:30;21;5;16
25/08/2018;20:45;20;2;18
25/08/2018;21:00;16;6;10
25/08/2018;21:15;19;6;13
25/08/2018;21:30;19;0;19
25/08/2018;21:45;27;5;22
25/08/2018;22:00;33;3;30
25/08/2018;22:15;21;2;19
25/08/2018;22:30;19;2;17
25/08/2018;22:45;18;1;17
25/08/2018;23:00;20;3;17
25/08/2018;23:15;8;0;8
25/08/2018;23:30;19;5;14
25/08/2018;23:45;12;1;11
26/08/2018;00:00;33;3;30
26/08/2018;00:15;16;4;12
26/08/2018;00:30;10;0;10
26/08/2018;00:45;12;3;9
26/08/2018;01:00;15;1;14
26/08/2018;01:15;19;2;17
26/08/2018;01:30;14;0;14
26/08/2018;01:45;8;0;8
26/08/2018;02:00;8;4;4
26/08/2018;02:15;6;1;5
26/08/2018;02:30;6;0;6
26/08/2018;02:45;7;0;7
26/08/2018;03:00;5;0;5
26/08/2018;03:15;4;0;4
26/08/2018;03:30;5;0;5
26/08/2018;03:45;2;0;2
26/08/2018;04:00;2;0;2
26/08/2018;04:15;1;0;1
26/08/2018;04:30;3;0;3
26/08/2018;04:45;2;0;2
26/08/2018;05:00;1;0;1
26/08/2018;05:15;1;1;0
26/08/2018;05:30;1;0;1
26/08/2018;05:45;4;2;2
26/08/2018;06:00;1;0;1
26/08/2018;06:15;3;1;2
26/08/2018;06:30;4;3;1
26/08/2018;06:45;7;1;6
26/08/2018;07:00;4;1;3
26/08/2018;07:15;3;1;2
26/08/2018;07:30;7;3;4
26/08/2018;07:45;9;2;7
26/08/2018;08:00;9;1;8
26/08/2018;08:15;12;5;7
26/08/2018;08:30;11;2;9
26/08/2018;08:45;16;2;14
26/08/2018;09:00;13;5;8
26/08/2018;09:15;20;3;17
26/08/2018;09:30;20;5;15
26/08/2018;09:45;32;8;24
26/08/2018;10:00;22;3;19
26/08/2018;10:15;37;10;27
26/08/2018;10:30;33;12;21
26/08/2018;10:45;29;8;21
26/08/2018;11:00;44;9;35
26/08/2018;11:15;21;0;21
26/08/2018;11:30;29;3;26
26/08/2018;11:45;54;23;31
26/08/2018;12:00;49;15;34
26/08/2018;12:15;72;17;55
26/08/2018;12:30;59;14;45
26/08/2018;12:45;70;6;64
26/08/2018;13:00;45;0;45
26/08/2018;13:15;63;13;50
26/08/2018;13:30;52;6;46
26/08/2018;13:45;74;15;59
26/08/2018;14:00;51;3;48
26/08/2018;14:15;78;24;54
26/08/2018;14:30;72;15;57
26/08/2018;14:45;80;16;64
26/08/2018;15:00;70;23;47
26/08/2018;15:15;63;5;58
26/08/2018;15:30;61;6;55
26/08/2018;15:45;78;21;57
26/08/2018;16:00;39;5;34
26/08/2018;16:15;73;17;56
26/08/2018;16:30;69;27;42
26/08/2018;16:45;48;4;44
26/08/2018;17:00;81;14;67
26/08/2018;17:15;69;15;54
26/08/2018;17:30;46;9;37
26/08/2018;17:45;69;17;52
26/08/2018;18:00;45;4;41
26/08/2018;18:15;63;15;48
26/08/2018;18:30;72;17;55
26/08/2018;18:45;50;16;34
26/08/2018;19:00;61;17;44
26/08/2018;19:15;68;21;47
26/08/2018;19:30;56;13;43
26/08/2018;19:45;48;25;23
26/08/2018;20:00;28;7;21
26/08/2018;20:15;37;11;26
26/08/2018;20:30;19;0;19
26/08/2018;20:45;29;15;14
26/08/2018;21:00;24;7;17
26/08/2018;21:15;20;5;15
26/08/2018;21:30;27;3;24
26/08/2018;21:45;33;5;28
26/08/2018;22:00;22;5;17
26/08/2018;22:15;22;3;19
26/08/2018;22:30;15;3;12
26/08/2018;22:45;7;2;5
26/08/2018;23:00;15;1;14
26/08/2018;23:15;48;4;44
26/08/2018;23:30;11;1;10
26/08/2018;23:45;5;0;5
27/08/2018;00:00;6;0;6
27/08/2018;00:15;7;3;4
27/08/2018;00:30;1;0;1
27/08/2018;00:45;7;1;6
27/08/2018;01:00;3;2;1
27/08/2018;01:15;2;1;1
27/08/2018;01:30;3;2;1
27/08/2018;01:45;2;0;2
27/08/2018;02:00;3;1;2
27/08/2018;02:15;0;0;0
27/08/2018;02:30;1;1;0
27/08/2018;02:45;3;2;1
27/08/2018;03:00;0;0;0
27/08/2018;03:15;0;0;0
27/08/2018;03:30;2;0;2
27/08/2018;03:45;0;0;0
27/08/2018;04:00;0;0;0
27/08/2018;04:15;5;3;2
27/08/2018;04:30;2;0;2
27/08/2018;04:45;0;0;0
27/08/2018;05:00;3;1;2
27/08/2018;05:15;7;2;5
27/08/2018;05:30;9;1;8
27/08/2018;05:45;8;5;3
27/08/2018;06:00;15;7;8
27/08/2018;06:15;22;10;12
27/08/2018;06:30;23;5;18
27/08/2018;06:45;20;2;18
27/08/2018;07:00;50;21;29
27/08/2018;07:15;41;7;34
27/08/2018;07:30;51;7;44
27/08/2018;07:45;47;8;39
27/08/2018;08:00;50;5;45
27/08/2018;08:15;66;4;62
27/08/2018;08:30;42;7;35
27/08/2018;08:45;64;4;60
27/08/2018;09:00;25;6;19
27/08/2018;09:15;41;7;34
27/08/2018;09:30;57;26;31
27/08/2018;09:45;33;5;28
27/08/2018;10:00;41;20;21
27/08/2018;10:15;27;6;21
27/08/2018;10:30;44;13;31
27/08/2018;10:45;41;7;34
27/08/2018;11:00;28;2;26
27/08/2018;11:15;29;6;23
27/08/2018;11:30;26;6;20
27/08/2018;11:45;28;4;24
27/08/2018;12:00;23;2;21
27/08/2018;12:15;69;20;49
27/08/2018;12:30;45;5;40
27/08/2018;12:45;36;1;35
27/08/2018;13:00;50;1;49
27/08/2018;13:15;69;20;49
27/08/2018;13:30;45;4;41
27/08/2018;13:45;61;26;35
27/08/2018;14:00;62;17;45
27/08/2018;14:15;53;5;48
27/08/2018;14:30;60;20;40
27/08/2018;14:45;51;3;48
27/08/2018;15:00;74;15;59
27/08/2018;15:15;77;21;56
27/08/2018;15:30;104;36;68
27/08/2018;15:45;70;3;67
27/08/2018;16:00;104;2;102
27/08/2018;16:15;102;6;96
27/08/2018;16:30;129;27;102
27/08/2018;16:45;102;2;100
27/08/2018;17:00;97;2;95
27/08/2018;17:15;155;29;126
27/08/2018;17:30;134;5;129
27/08/2018;17:45;165;39;126
27/08/2018;18:00;146;30;116
27/08/2018;18:15;139;23;116
27/08/2018;18:30;92;4;88
27/08/2018;18:45;124;26;98
27/08/2018;19:00;64;1;63
27/08/2018;19:15;91;25;66
27/08/2018;19:30;90;18;72
27/08/2018;19:45;69;5;64
27/08/2018;20:00;93;20;73
27/08/2018;20:15;61;9;52
27/08/2018;20:30;39;5;34
27/08/2018;20:45;60;13;47
27/08/2018;21:00;32;3;29
27/08/2018;21:15;39;2;37
27/08/2018;21:30;35;2;33
27/08/2018;21:45;30;9;21
27/08/2018;22:00;43;8;35
27/08/2018;22:15;30;6;24
27/08/2018;22:30;18;2;16
27/08/2018;22:45;17;2;15
27/08/2018;23:00;18;4;14
27/08/2018;23:15;25;3;22
27/08/2018;23:30;37;2;35
27/08/2018;23:45;15;3;12
28/08/2018;00:00;6;1;5
28/08/2018;00:15;10;1;9
28/08/2018;00:30;5;1;4
28/08/2018;00:45;6;0;6
28/08/2018;01:00;3;0;3
28/08/2018;01:15;6;1;5
28/08/2018;01:30;1;0;1
28/08/2018;01:45;5;1;4
28/08/2018;02:00;2;0;2
28/08/2018;02:15;1;0;1
28/08/2018;02:30;4;0;4
28/08/2018;02:45;1;0;1
28/08/2018;03:00;2;1;1
28/08/2018;03:15;3;0;3
28/08/2018;03:30;1;0;1
28/08/2018;03:45;1;0;1
28/08/2018;04:00;1;1;0
28/08/2018;04:15;3;3;0
28/08/2018;04:30;4;1;3
28/08/2018;04:45;2;1;1
28/08/2018;05:00;3;0;3
28/08/2018;05:15;9;2;7
28/08/2018;05:30;12;4;8
28/08/2018;05:45;13;10;3
28/08/2018;06:00;19;4;15
28/08/2018;06:15;23;5;18
28/08/2018;06:30;40;12;28
28/08/2018;06:45;30;4;26
28/08/2018;07:00;47;9;38
28/08/2018;07:15;34;2;32
28/08/2018;07:30;67;1;66
28/08/2018;07:45;110;61;49
28/08/2018;08:00;74;7;67
28/08/2018;08:15;71;9;62
28/08/2018;08:30;72;5;67
28/08/2018;08:45;124;68;56
28/08/2018;09:00;60;12;48
28/08/2018;09:15;35;8;27
28/08/2018;09:30;49;6;43
28/08/2018;09:45;37;11;26
28/08/2018;10:00;30;6;24
28/08/2018;10:15;53;25;28
28/08/2018;10:30;39;8;31
28/08/2018;10:45;45;10;35
28/08/2018;11:00;47;3;44
28/08/2018;11:15;32;1;31
28/08/2018;11:30;110;35;75
28/08/2018;11:45;49;2;47
28/08/2018;12:00;74;26;48
28/08/2018;12:15;47;2;45
28/08/2018;12:30;75;17;58
28/08/2018;12:45;53;5;48
28/08/2018;13:00;60;2;58
28/08/2018;13:15;80;5;75
28/08/2018;13:30;74;4;70
28/08/2018;13:45;70;2;68
28/08/2018;14:00;70;14;56
28/08/2018;14:15;80;5;75
28/08/2018;14:30;94;24;70
28/08/2018;14:45;76;1;75
28/08/2018;15:00;95;3;92
28/08/2018;15:15;103;24;79
28/08/2018;15:30;74;3;71
28/08/2018;15:45;137;23;114
28/08/2018;16:00;121;7;114
28/08/2018;16:15;170;20;150
28/08/2018;16:30;127;2;125
28/08/2018;16:45;193;44;149
28/08/2018;17:00;199;31;168
28/08/2018;17:15;170;3;167
28/08/2018;17:30;193;33;160
28/08/2018;17:45;125;7;118
28/08/2018;18:00;198;31;167
28/08/2018;18:15;154;31;123
28/08/2018;18:30;130;6;124
28/08/2018;18:45;94;4;90
28/08/2018;19:00;162;27;135
28/08/2018;19:15;127;22;105
28/08/2018;19:30;126;26;100
28/08/2018;19:45;76;6;70
28/08/2018;20:00;68;3;65
28/08/2018;20:15;78;24;54
28/08/2018;20:30;43;5;38
28/08/2018;20:45;66;14;52
28/08/2018;21:00;83;27;56
28/08/2018;21:15;49;6;43
28/08/2018;21:30;53;11;42
28/08/2018;21:45;53;10;43
28/08/2018;22:00;47;16;31
28/08/2018;22:15;35;6;29
28/08/2018;22:30;32;5;27
28/08/2018;22:45;17;1;16
28/08/2018;23:00;21;1;20
28/08/2018;23:15;29;6;23
28/08/2018;23:30;15;2;13
28/08/2018;23:45;20;3;17
29/08/2018;00:00;15;3;12
29/08/2018;00:15;7;0;7
29/08/2018;00:30;5;1;4
29/08/2018;00:45;7;0;7
29/08/2018;01:00;7;0;7
29/08/2018;01:15;2;0;2
29/08/2018;01:30;5;0;5
29/08/2018;01:45;8;1;7
29/08/2018;02:00;5;1;4
29/08/2018;02:15;0;0;0
29/08/2018;02:30;3;0;3
29/08/2018;02:45;3;1;2
29/08/2018;03:00;1;0;1
29/08/2018;03:15;2;0;2
29/08/2018;03:30;1;0;1
29/08/2018;03:45;4;0;4
29/08/2018;04:00;1;1;0
29/08/2018;04:15;4;3;1
29/08/2018;04:30;1;0;1
29/08/2018;04:45;3;0;3
29/08/2018;05:00;1;0;1
29/08/2018;05:15;9;2;7
29/08/2018;05:30;8;1;7
29/08/2018;05:45;12;8;4
29/08/2018;06:00;13;4;9
29/08/2018;06:15;16;1;15
29/08/2018;06:30;39;12;27
29/08/2018;06:45;28;6;22
29/08/2018;07:00;63;33;30
29/08/2018;07:15;56;11;45
29/08/2018;07:30;138;77;61
29/08/2018;07:45;137;57;80
29/08/2018;08:00;69;12;57
29/08/2018;08:15;101;49;52
29/08/2018;08:30;68;13;55
29/08/2018;08:45;117;69;48
29/08/2018;09:00;52;9;43
29/08/2018;09:15;47;6;41
29/08/2018;09:30;53;36;17
29/08/2018;09:45;85;41;44
29/08/2018;10:00;26;4;22
29/08/2018;10:15;22;3;19
29/08/2018;10:30;61;4;57
29/08/2018;10:45;30;4;26
29/08/2018;11:00;72;22;50
29/08/2018;11:15;45;5;40
29/08/2018;11:30;63;12;51
29/08/2018;11:45;49;2;47
29/08/2018;12:00;92;30;62
29/08/2018;12:15;43;3;40
29/08/2018;12:30;91;23;68
29/08/2018;12:45;89;21;68
29/08/2018;13:00;126;24;102
29/08/2018;13:15;63;1;62
29/08/2018;13:30;76;1;75
29/08/2018;13:45;70;6;64
29/08/2018;14:00;85;22;63
29/08/2018;14:15;92;21;71
29/08/2018;14:30;97;20;77
29/08/2018;14:45;101;24;77
29/08/2018;15:00;71;4;67
29/08/2018;15:15;84;19;65
29/08/2018;15:30;95;1;94
29/08/2018;15:45;121;6;115
29/08/2018;16:00;117;3;114
29/08/2018;16:15;100;22;78
29/08/2018;16:30;74;2;72
29/08/2018;16:45;104;17;87
29/08/2018;17:00;86;3;83
29/08/2018;17:15;95;3;92
29/08/2018;17:30;137;28;109
29/08/2018;17:45;128;30;98
29/08/2018;18:00;72;1;71
29/08/2018;18:15;113;20;93
29/08/2018;18:30;115;25;90
29/08/2018;18:45;65;2;63
29/08/2018;19:00;59;4;55
29/08/2018;19:15;63;2;61
29/08/2018;19:30;61;7;54
29/08/2018;19:45;59;2;57
29/08/2018;20:00;67;7;60
29/08/2018;20:15;51;0;51
29/08/2018;20:30;28;1;27
29/08/2018;20:45;20;3;17
29/08/2018;21:00;33;5;28
29/08/2018;21:15;37;9;28
29/08/2018;21:30;32;7;25
29/08/2018;21:45;34;6;28
29/08/2018;22:00;34;9;25
29/08/2018;22:15;24;8;16
29/08/2018;22:30;31;1;30
29/08/2018;22:45;16;0;16
29/08/2018;23:00;18;3;15
29/08/2018;23:15;9;0;9
29/08/2018;23:30;7;1;6
29/08/2018;23:45;9;1;8
30/08/2018;00:00;3;0;3
30/08/2018;00:15;6;3;3
30/08/2018;00:30;3;0;3
30/08/2018;00:45;5;0;5
30/08/2018;01:00;0;0;0
30/08/2018;01:15;4;0;4
30/08/2018;01:30;5;0;5
30/08/2018;01:45;6;0;6
30/08/2018;02:00;2;1;1
30/08/2018;02:15;4;0;4
30/08/2018;02:30;1;1;0
30/08/2018;02:45;4;1;3
30/08/2018;03:00;2;0;2
30/08/2018;03:15;1;0;1
30/08/2018;03:30;0;0;0
30/08/2018;03:45;0;0;0
30/08/2018;04:00;1;0;1
30/08/2018;04:15;5;2;3
30/08/2018;04:30;2;1;1
30/08/2018;04:45;2;0;2
30/08/2018;05:00;3;0;3
30/08/2018;05:15;11;5;6
30/08/2018;05:30;12;4;8
30/08/2018;05:45;8;5;3
30/08/2018;06:00;17;3;14
30/08/2018;06:15;16;4;12
30/08/2018;06:30;29;1;28
30/08/2018;06:45;20;2;18
30/08/2018;07:00;41;9;32
30/08/2018;07:15;46;7;39
30/08/2018;07:30;66;14;52
30/08/2018;07:45;76;11;65
30/08/2018;08:00;70;13;57
30/08/2018;08:15;109;57;52
30/08/2018;08:30;52;3;49
30/08/2018;08:45;49;10;39
30/08/2018;09:00;72;41;31
30/08/2018;09:15;30;8;22
30/08/2018;09:30;46;27;19
30/08/2018;09:45;20;6;14
30/08/2018;10:00;52;13;39
30/08/2018;10:15;35;8;27
30/08/2018;10:30;30;2;28
30/08/2018;10:45;38;14;24
30/08/2018;11:00;41;15;26
30/08/2018;11:15;38;3;35
30/08/2018;11:30;37;2;35
30/08/2018;11:45;48;18;30
30/08/2018;12:00;62;25;37
30/08/2018;12:15;29;2;27
30/08/2018;12:30;69;27;42
30/08/2018;12:45;66;13;53
30/08/2018;13:00;66;5;61
30/08/2018;13:15;71;5;66
30/08/2018;13:30;73;4;69
30/08/2018;13:45;89;23;66
30/08/2018;14:00;89;20;69
30/08/2018;14:15;98;19;79
30/08/2018;14:30;66;3;63
30/08/2018;14:45;75;2;73
30/08/2018;15:00;64;3;61
30/08/2018;15:15;110;27;83
30/08/2018;15:30;99;21;78
30/08/2018;15:45;111;26;85
30/08/2018;16:00;115;7;108
30/08/2018;16:15;110;2;108
30/08/2018;16:30;136;12;124
30/08/2018;16:45;107;6;101
30/08/2018;17:00;83;5;78
30/08/2018;17:15;170;28;142
30/08/2018;17:30;176;41;135
30/08/2018;17:45;161;33;128
30/08/2018;18:00;138;5;133
30/08/2018;18:15;150;21;129
30/08/2018;18:30;95;3;92
30/08/2018;18:45;132;32;100
30/08/2018;19:00;65;4;61
30/08/2018;19:15;113;20;93
30/08/2018;19:30;89;21;68
30/08/2018;19:45;90;25;65
30/08/2018;20:00;62;3;59
30/08/2018;20:15;64;4;60
30/08/2018;20:30;42;2;40
30/08/2018;20:45;46;14;32
30/08/2018;21:00;46;17;29
30/08/2018;21:15;48;18;30
30/08/2018;21:30;43;13;30
30/08/2018;21:45;37;5;32
30/08/2018;22:00;32;2;30
30/08/2018;22:15;62;20;42
30/08/2018;22:30;23;1;22
30/08/2018;22:45;19;5;14
30/08/2018;23:00;12;0;12
30/08/2018;23:15;18;2;16
30/08/2018;23:30;22;3;19
30/08/2018;23:45;17;4;13
31/08/2018;00:00;8;1;7
31/08/2018;00:15;11;1;10
31/08/2018;00:30;12;1;11
31/08/2018;00:45;3;0;3
31/08/2018;01:00;9;2;7
31/08/2018;01:15;4;1;3
31/08/2018;01:30;3;0;3
31/08/2018;01:45;2;0;2
31/08/2018;02:00;7;2;5
31/08/2018;02:15;6;0;6
31/08/2018;02:30;1;0;1
31/08/2018;02:45;0;0;0
31/08/2018;03:00;2;0;2
31/08/2018;03:15;4;0;4
31/08/2018;03:30;0;0;0
31/08/2018;03:45;4;0;4
31/08/2018;04:00;1;0;1
31/08/2018;04:15;5;3;2
31/08/2018;04:30;1;0;1
31/08/2018;04:45;0;0;0
31/08/2018;05:00;2;0;2
31/08/2018;05:15;6;2;4
31/08/2018;05:30;18;4;14
31/08/2018;05:45;13;9;4
31/08/2018;06:00;8;1;7
31/08/2018;06:15;28;12;16
31/08/2018;06:30;30;2;28
31/08/2018;06:45;44;17;27
31/08/2018;07:00;58;23;35
31/08/2018;07:15;49;3;46
31/08/2018;07:30;70;14;56
31/08/2018;07:45;116;59;57
31/08/2018;08:00;67;12;55
31/08/2018;08:15;46;6;40
31/08/2018;08:30;54;9;45
31/08/2018;08:45;56;11;45
31/08/2018;09:00;37;7;30
31/08/2018;09:15;38;8;30
31/08/2018;09:30;65;37;28
31/08/2018;09:45;71;33;38
31/08/2018;10:00;56;27;29
31/08/2018;10:15;29;4;25
31/08/2018;10:30;33;3;30
31/08/2018;10:45;40;5;35
31/08/2018;11:00;65;21;44
31/08/2018;11:15;71;15;56
31/08/2018;11:30;57;6;51
31/08/2018;11:45;64;17;47
31/08/2018;12:00;54;2;52
31/08/2018;12:15;60;3;57
31/08/2018;12:30;81;16;65
31/08/2018;12:45;91;20;71
31/08/2018;13:00;103;23;80
31/08/2018;13:15;131;31;100
31/08/2018;13:30;123;21;102
31/08/2018;13:45;93;3;90
31/08/2018;14:00;102;3;99
31/08/2018;14:15;113;26;87
31/08/2018;14:30;90;3;87
31/08/2018;14:45;125;35;90
31/08/2018;15:00;132;32;100
31/08/2018;15:15;98;3;95
31/08/2018;15:30;107;21;86
31/08/2018;15:45;133;28;105
31/08/2018;16:00;119;25;94
31/08/2018;16:15;125;21;104
31/08/2018;16:30;127;19;108
31/08/2018;16:45;81;1;80
31/08/2018;17:00;89;2;87
31/08/2018;17:15;111;10;101
31/08/2018;17:30;157;42;115
31/08/2018;17:45;109;5;104
31/08/2018;18:00;91;9;82
31/08/2018;18:15;107;31;76
31/08/2018;18:30;101;4;97
31/08/2018;18:45;98;0;98
31/08/2018;19:00;100;10;90
31/08/2018;19:15;80;5;75
31/08/2018;19:30;68;9;59
31/08/2018;19:45;101;37;64
31/08/2018;20:00;69;3;66
31/08/2018;20:15;58;3;55
31/08/2018;20:30;80;25;55
31/08/2018;20:45;58;15;43
31/08/2018;21:00;60;16;44
31/08/2018;21:15;59;11;48
31/08/2018;21:30;32;2;30
31/08/2018;21:45;45;12;33
31/08/2018;22:00;51;8;43
31/08/2018;22:15;45;11;34
31/08/2018;22:30;46;5;41
31/08/2018;22:45;43;1;42
31/08/2018;23:00;46;5;41
31/08/2018;23:15;35;8;27
31/08/2018;23:30;32;10;22
31/08/2018;23:45;26;1;25
01/09/2018;00:00;20;10;10
01/09/2018;00:15;29;1;28
01/09/2018;00:30;25;5;20
01/09/2018;00:45;19;9;10
01/09/2018;01:00;15;4;11
01/09/2018;01:15;16;2;14
01/09/2018;01:30;12;1;11
01/09/2018;01:45;15;8;7
01/09/2018;02:00;11;3;8
01/09/2018;02:15;20;11;9
01/09/2018;02:30;15;6;9
01/09/2018;02:45;7;2;5
01/09/2018;03:00;5;3;2
01/09/2018;03:15;6;2;4
01/09/2018;03:30;5;0;5
01/09/2018;03:45;3;0;3
01/09/2018;04:00;3;1;2
01/09/2018;04:15;2;1;1
01/09/2018;04:30;1;0;1
01/09/2018;04:45;4;0;4
01/09/2018;05:00;3;1;2
01/09/2018;05:15;1;0;1
01/09/2018;05:30;4;0;4
01/09/2018;05:45;2;0;2
01/09/2018;06:00;1;0;1
01/09/2018;06:15;8;1;7
01/09/2018;06:30;3;1;2
01/09/2018;06:45;7;4;3
01/09/2018;07:00;5;4;1
01/09/2018;07:15;5;0;5
01/09/2018;07:30;4;0;4
01/09/2018;07:45;14;8;6
01/09/2018;08:00;7;2;5
01/09/2018;08:15;12;2;10
01/09/2018;08:30;19;5;14
01/09/2018;08:45;14;7;7
01/09/2018;09:00;19;12;7
01/09/2018;09:15;18;4;14
01/09/2018;09:30;36;10;26
01/09/2018;09:45;34;10;24
01/09/2018;10:00;37;7;30
01/09/2018;10:15;32;7;25
01/09/2018;10:30;37;4;33
01/09/2018;10:45;68;25;43
01/09/2018;11:00;46;6;40
01/09/2018;11:15;53;2;51
01/09/2018;11:30;56;2;54
01/09/2018;11:45;75;38;37
01/09/2018;12:00;47;1;46
01/09/2018;12:15;110;33;77
01/09/2018;12:30;60;2;58
01/09/2018;12:45;120;32;88
01/09/2018;13:00;121;29;92
01/09/2018;13:15;117;33;84
01/09/2018;13:30;70;4;66
01/09/2018;13:45;47;1;46
01/09/2018;14:00;71;5;66
01/09/2018;14:15;99;31;68
01/09/2018;14:30;102;22;80
01/09/2018;14:45;115;24;91
01/09/2018;15:00;101;19;82
01/09/2018;15:15;111;30;81
01/09/2018;15:30;64;5;59
01/09/2018;15:45;138;31;107
01/09/2018;16:00;75;2;73
01/09/2018;16:15;95;3;92
01/09/2018;16:30;125;17;108
01/09/2018;16:45;106;23;83
01/09/2018;17:00;113;22;91
01/09/2018;17:15;115;31;84
01/09/2018;17:30;117;21;96
01/09/2018;17:45;111;32;79
01/09/2018;18:00;126;35;91
01/09/2018;18:15;94;16;78
01/09/2018;18:30;79;11;68
01/09/2018;18:45;106;36;70
01/09/2018;19:00;138;54;84
01/09/2018;19:15;105;40;65
01/09/2018;19:30;85;30;55
01/09/2018;19:45;87;19;68
01/09/2018;20:00;72;12;60
01/09/2018;20:15;83;28;55
01/09/2018;20:30;42;3;39
01/09/2018;20:45;53;16;37
01/09/2018;21:00;40;11;29
01/09/2018;21:15;48;7;41
01/09/2018;21:30;67;14;53
01/09/2018;21:45;42;6;36
01/09/2018;22:00;40;3;37
01/09/2018;22:15;57;12;45
01/09/2018;22:30;27;2;25
01/09/2018;22:45;30;6;24
01/09/2018;23:00;31;5;26
01/09/2018;23:15;33;6;27
01/09/2018;23:30;43;9;34
01/09/2018;23:45;19;2;17
02/09/2018;00:00;30;4;26
02/09/2018;00:15;25;8;17
02/09/2018;00:30;19;2;17
02/09/2018;00:45;23;1;22
02/09/2018;01:00;12;5;7
02/09/2018;01:15;23;4;19
02/09/2018;01:30;22;3;19
02/09/2018;01:45;8;1;7
02/09/2018;02:00;10;4;6
02/09/2018;02:15;5;0;5
02/09/2018;02:30;5;0;5
02/09/2018;02:45;5;1;4
02/09/2018;03:00;9;1;8
02/09/2018;03:15;11;0;11
02/09/2018;03:30;5;1;4
02/09/2018;03:45;7;0;7
02/09/2018;04:00;4;1;3
02/09/2018;04:15;3;0;3
02/09/2018;04:30;6;0;6
02/09/2018;04:45;6;1;5
02/09/2018;05:00;3;2;1
02/09/2018;05:15;6;3;3
02/09/2018;05:30;6;1;5
02/09/2018;05:45;4;1;3
02/09/2018;06:00;2;0;2
02/09/2018;06:15;3;2;1
02/09/2018;06:30;3;1;2
02/09/2018;06:45;2;0;2
02/09/2018;07:00;3;1;2
02/09/2018;07:15;4;1;3
02/09/2018;07:30;4;0;4
02/09/2018;07:45;7;0;7
02/09/2018;08:00;13;5;8
02/09/2018;08:15;14;4;10
02/09/2018;08:30;9;4;5
02/09/2018;08:45;16;3;13
02/09/2018;09:00;17;6;11
02/09/2018;09:15;19;6;13
02/09/2018;09:30;24;6;18
02/09/2018;09:45;37;12;25
02/09/2018;10:00;19;1;18
02/09/2018;10:15;40;9;31
02/09/2018;10:30;36;5;31
02/09/2018;10:45;62;6;56
02/09/2018;11:00;53;12;41
02/09/2018;11:15;39;0;39
02/09/2018;11:30;56;14;42
02/09/2018;11:45;52;2;50
02/09/2018;12:00;43;1;42
02/09/2018;12:15;48;2;46
02/09/2018;12:30;76;13;63
02/09/2018;12:45;101;19;82
02/09/2018;13:00;75;5;70
02/09/2018;13:15;93;8;85
02/09/2018;13:30;93;9;84
02/09/2018;13:45;66;3;63
02/09/2018;14:00;60;3;57
02/09/2018;14:15;71;0;71
02/09/2018;14:30;54;1;53
02/09/2018;14:45;89;21;68
02/09/2018;15:00;59;4;55
02/09/2018;15:15;73;5;68
02/09/2018;15:30;40;2;38
02/09/2018;15:45;64;13;51
02/09/2018;16:00;61;4;57
02/09/2018;16:15;41;2;39
02/09/2018;16:30;53;10;43
02/09/2018;16:45;48;4;44
02/09/2018;17:00;41;2;39
02/09/2018;17:15;87;36;51
02/09/2018;17:30;68;19;49
02/09/2018;17:45;72;22;50
02/09/2018;18:00;34;7;27
02/09/2018;18:15;48;15;33
02/09/2018;18:30;58;11;47
02/09/2018;18:45;68;20;48
02/09/2018;19:00;57;19;38
02/09/2018;19:15;63;20;43
02/09/2018;19:30;30;4;26
02/09/2018;19:45;37;8;29
02/09/2018;20:00;38;14;24
02/09/2018;20:15;24;2;22
02/09/2018;20:30;39;18;21
02/09/2018;20:45;20;0;20
02/09/2018;21:00;32;8;24
02/09/2018;21:15;36;8;28
02/09/2018;21:30;19;8;11
02/09/2018;21:45;29;4;25
02/09/2018;22:00;20;2;18
02/09/2018;22:15;12;6;6
02/09/2018;22:30;17;6;11
02/09/2018;22:45;9;2;7
02/09/2018;23:00;10;4;6
02/09/2018;23:15;15;2;13
02/09/2018;23:30;7;6;1
02/09/2018;23:45;6;1;5
03/09/2018;00:00;6;0;6
03/09/2018;00:15;7;2;5
03/09/2018;00:30;5;1;4
03/09/2018;00:45;1;0;1
03/09/2018;01:00;1;0;1
03/09/2018;01:15;4;1;3
03/09/2018;01:30;4;0;4
03/09/2018;01:45;1;0;1
03/09/2018;02:00;4;2;2
03/09/2018;02:15;1;0;1
03/09/2018;02:30;1;0;1
03/09/2018;02:45;4;2;2
03/09/2018;03:00;0;0;0
03/09/2018;03:15;2;0;2
03/09/2018;03:30;1;0;1
03/09/2018;03:45;0;0;0
03/09/2018;04:00;2;0;2
03/09/2018;04:15;4;2;2
03/09/2018;04:30;1;1;0
03/09/2018;04:45;0;0;0
03/09/2018;05:00;3;0;3
03/09/2018;05:15;10;5;5
03/09/2018;05:30;7;3;4
03/09/2018;05:45;8;4;4
03/09/2018;06:00;13;5;8
03/09/2018;06:15;15;3;12
03/09/2018;06:30;28;6;22
03/09/2018;06:45;29;3;26
03/09/2018;07:00;36;4;32
03/09/2018;07:15;49;12;37
03/09/2018;07:30;170;98;72
03/09/2018;07:45;81;7;74
03/09/2018;08:00;60;7;53
03/09/2018;08:15;60;5;55
03/09/2018;08:30;72;12;60
03/09/2018;08:45;90;49;41
03/09/2018;09:00;60;11;49
03/09/2018;09:15;45;6;39
03/09/2018;09:30;37;2;35
03/09/2018;09:45;30;3;27
03/09/2018;10:00;50;13;37
03/09/2018;10:15;32;6;26
03/09/2018;10:30;49;16;33
03/09/2018;10:45;44;16;28
03/09/2018;11:00;46;11;35
03/09/2018;11:15;36;1;35
03/09/2018;11:30;39;6;33
03/09/2018;11:45;63;23;40
03/09/2018;12:00;46;13;33
03/09/2018;12:15;44;2;42
03/09/2018;12:30;45;1;44
03/09/2018;12:45;68;0;68
03/09/2018;13:00;69;13;56
03/09/2018;13:15;80;2;78
03/09/2018;13:30;95;20;75
03/09/2018;13:45;85;18;67
03/09/2018;14:00;69;4;65
03/09/2018;14:15;91;24;67
03/09/2018;14:30;67;2;65
03/09/2018;14:45;88;29;59
03/09/2018;15:00;91;18;73
03/09/2018;15:15;68;5;63
03/09/2018;15:30;108;22;86
03/09/2018;15:45;104;21;83
03/09/2018;16:00;139;3;136
03/09/2018;16:15;103;3;100
03/09/2018;16:30;101;3;98
03/09/2018;16:45;124;3;121
03/09/2018;17:00;134;14;120
03/09/2018;17:15;169;25;144
03/09/2018;17:30;119;1;118
03/09/2018;17:45;108;5;103
03/09/2018;18:00;97;4;93
03/09/2018;18:15;109;2;107
03/09/2018;18:30;103;2;101
03/09/2018;18:45;113;31;82
03/09/2018;19:00;101;18;83
03/09/2018;19:15;65;3;62
03/09/2018;19:30;57;4;53
03/09/2018;19:45;59;7;52
03/09/2018;20:00;64;1;63
03/09/2018;20:15;57;2;55
03/09/2018;20:30;51;8;43
03/09/2018;20:45;58;22;36
03/09/2018;21:00;29;5;24
03/09/2018;21:15;38;16;22
03/09/2018;21:30;33;1;32
03/09/2018;21:45;28;0;28
03/09/2018;22:00;33;3;30
03/09/2018;22:15;22;1;21
03/09/2018;22:30;24;1;23
03/09/2018;22:45;15;5;10
03/09/2018;23:00;18;4;14
03/09/2018;23:15;13;1;12
03/09/2018;23:30;12;0;12
03/09/2018;23:45;9;5;4
04/09/2018;00:00;11;0;11
04/09/2018;00:15;4;2;2
04/09/2018;00:30;4;2;2
04/09/2018;00:45;5;1;4
04/09/2018;01:00;3;0;3
04/09/2018;01:15;4;0;4
04/09/2018;01:30;5;1;4
04/09/2018;01:45;4;1;3
04/09/2018;02:00;7;1;6
04/09/2018;02:15;0;0;0
04/09/2018;02:30;1;1;0
04/09/2018;02:45;3;1;2
04/09/2018;03:00;1;0;1
04/09/2018;03:15;2;0;2
04/09/2018;03:30;0;0;0
04/09/2018;03:45;0;0;0
04/09/2018;04:00;2;0;2
04/09/2018;04:15;2;2;0
04/09/2018;04:30;1;1;0
04/09/2018;04:45;0;0;0
04/09/2018;05:00;4;0;4
04/09/2018;05:15;11;7;4
04/09/2018;05:30;14;5;9
04/09/2018;05:45;10;6;4
04/09/2018;06:00;22;7;15
04/09/2018;06:15;14;1;13
04/09/2018;06:30;28;1;27
04/09/2018;06:45;27;4;23
04/09/2018;07:00;76;30;46
04/09/2018;07:15;65;9;56
04/09/2018;07:30;84;16;68
04/09/2018;07:45;138;81;57
04/09/2018;08:00;75;7;68
04/09/2018;08:15;110;53;57
04/09/2018;08:30;66;10;56
04/09/2018;08:45;59;10;49
04/09/2018;09:00;47;11;36
04/09/2018;09:15;89;50;39
04/09/2018;09:30;66;34;32
04/09/2018;09:45;60;23;37
04/09/2018;10:00;35;2;33
04/09/2018;10:15;54;21;33
04/09/2018;10:30;54;17;37
04/09/2018;10:45;58;5;53
04/09/2018;11:00;48;14;34
04/09/2018;11:15;57;4;53
04/09/2018;11:30;47;8;39
04/09/2018;11:45;66;19;47
04/09/2018;12:00;83;23;60
04/09/2018;12:15;66;8;58
04/09/2018;12:30;75;7;68
04/09/2018;12:45;62;1;61
04/09/2018;13:00;65;2;63
04/09/2018;13:15;118;23;95
04/09/2018;13:30;92;9;83
04/09/2018;13:45;81;30;51
04/09/2018;14:00;93;24;69
04/09/2018;14:15;76;4;72
04/09/2018;14:30;71;3;68
04/09/2018;14:45;98;13;85
04/09/2018;15:00;91;7;84
04/09/2018;15:15;112;30;82
04/09/2018;15:30;100;3;97
04/09/2018;15:45;120;4;116
04/09/2018;16:00;108;12;96
04/09/2018;16:15;143;32;111
04/09/2018;16:30;131;2;129
04/09/2018;16:45;133;6;127
04/09/2018;17:00;191;32;159
04/09/2018;17:15;142;2;140
04/09/2018;17:30;142;9;133
04/09/2018;17:45;131;5;126
04/09/2018;18:00;126;3;123
04/09/2018;18:15;191;32;159
04/09/2018;18:30;102;2;100
04/09/2018;18:45;85;3;82
04/09/2018;19:00;79;1;78
04/09/2018;19:15;88;0;88
04/09/2018;19:30;96;4;92
04/09/2018;19:45;72;0;72
04/09/2018;20:00;57;5;52
04/09/2018;20:15;68;3;65
04/09/2018;20:30;46;6;40
04/09/2018;20:45;42;2;40
04/09/2018;21:00;37;3;34
04/09/2018;21:15;55;2;53
04/09/2018;21:30;46;6;40
04/09/2018;21:45;49;12;37
04/09/2018;22:00;34;1;33
04/09/2018;22:15;33;1;32
04/09/2018;22:30;32;3;29
04/09/2018;22:45;39;14;25
04/09/2018;23:00;28;6;22
04/09/2018;23:15;14;3;11
04/09/2018;23:30;13;1;12
04/09/2018;23:45;7;1;6
05/09/2018;00:00;8;2;6
05/09/2018;00:15;12;0;12
05/09/2018;00:30;4;0;4
05/09/2018;00:45;3;0;3
05/09/2018;01:00;2;0;2
05/09/2018;01:15;4;1;3
05/09/2018;01:30;3;0;3
05/09/2018;01:45;5;2;3
05/09/2018;02:00;3;0;3
05/09/2018;02:15;1;0;1
05/09/2018;02:30;1;0;1
05/09/2018;02:45;2;0;2
05/09/2018;03:00;1;0;1
05/09/2018;03:15;2;0;2
05/09/2018;03:30;2;0;2
05/09/2018;03:45;1;1;0
05/09/2018;04:00;4;2;2
05/09/2018;04:15;1;1;0
05/09/2018;04:30;3;3;0
05/09/2018;04:45;3;1;2
05/09/2018;05:00;4;1;3
05/09/2018;05:15;9;4;5
05/09/2018;05:30;9;2;7
05/09/2018;05:45;14;7;7
05/09/2018;06:00;22;8;14
05/09/2018;06:15;11;3;8
05/09/2018;06:30;44;15;29
05/09/2018;06:45;52;22;30
05/09/2018;07:00;40;4;36
05/09/2018;07:15;97;45;52
05/09/2018;07:30;81;7;74
05/09/2018;07:45;148;86;62
05/09/2018;08:00;131;67;64
05/09/2018;08:15;119;55;64
05/09/2018;08:30;113;59;54
05/09/2018;08:45;56;7;49
05/09/2018;09:00;56;8;48
05/09/2018;09:15;36;5;31
05/09/2018;09:30;77;45;32
05/09/2018;09:45;38;4;34
05/09/2018;10:00;38;6;32
05/09/2018;10:15;48;23;25
05/09/2018;10:30;66;29;37
05/09/2018;10:45;39;4;35
05/09/2018;11:00;49;5;44
05/09/2018;11:15;44;4;40
05/09/2018;11:30;49;0;49
05/09/2018;11:45;62;21;41
05/09/2018;12:00;48;1;47
05/09/2018;12:15;65;4;61
05/09/2018;12:30;56;5;51
05/09/2018;12:45;60;4;56
05/09/2018;13:00;90;16;74
05/09/2018;13:15;118;24;94
05/09/2018;13:30;95;21;74
05/09/2018;13:45;100;16;84
05/09/2018;14:00;76;6;70
05/09/2018;14:15;89;13;76
05/09/2018;14:30;106;20;86
05/09/2018;14:45;119;25;94
05/09/2018;15:00;90;4;86
05/09/2018;15:15;108;26;82
05/09/2018;15:30;78;4;74
05/09/2018;15:45;103;2;101
05/09/2018;16:00;134;8;126
05/09/2018;16:15;118;9;109
05/09/2018;16:30;160;32;128
05/09/2018;16:45;120;5;115
05/09/2018;17:00;182;42;140
05/09/2018;17:15;188;30;158
05/09/2018;17:30;169;26;143
05/09/2018;17:45;123;7;116
05/09/2018;18:00;166;33;133
05/09/2018;18:15;113;3;110
05/09/2018;18:30;99;4;95
05/09/2018;18:45;112;7;105
05/09/2018;19:00;91;4;87
05/09/2018;19:15;108;22;86
05/09/2018;19:30;69;1;68
05/09/2018;19:45;69;4;65
05/09/2018;20:00;75;17;58
05/09/2018;20:15;68;4;64
05/09/2018;20:30;45;4;41
05/09/2018;20:45;31;2;29
05/09/2018;21:00;51;18;33
05/09/2018;21:15;39;10;29
05/09/2018;21:30;40;1;39
05/09/2018;21:45;47;5;42
05/09/2018;22:00;42;5;37
05/09/2018;22:15;32;1;31
05/09/2018;22:30;26;1;25
05/09/2018;22:45;30;6;24
05/09/2018;23:00;25;3;22
05/09/2018;23:15;24;8;16
05/09/2018;23:30;25;6;19
05/09/2018;23:45;9;1;8
06/09/2018;00:00;9;1;8
06/09/2018;00:15;7;0;7
06/09/2018;00:30;8;1;7
06/09/2018;00:45;5;1;4
06/09/2018;01:00;13;6;7
06/09/2018;01:15;6;2;4
06/09/2018;01:30;1;0;1
06/09/2018;01:45;9;4;5
06/09/2018;02:00;4;3;1
06/09/2018;02:15;4;0;4
06/09/2018;02:30;0;0;0
06/09/2018;02:45;2;1;1
06/09/2018;03:00;1;0;1
06/09/2018;03:15;2;0;2
06/09/2018;03:30;2;0;2
06/09/2018;03:45;4;0;4
06/09/2018;04:00;0;0;0
06/09/2018;04:15;4;3;1
06/09/2018;04:30;2;1;1
06/09/2018;04:45;3;1;2
06/09/2018;05:00;2;0;2
06/09/2018;05:15;9;5;4
06/09/2018;05:30;13;5;8
06/09/2018;05:45;8;7;1
06/09/2018;06:00;8;2;6
06/09/2018;06:15;15;7;8
06/09/2018;06:30;19;1;18
06/09/2018;06:45;24;2;22
06/09/2018;07:00;50;26;24
06/09/2018;07:15;35;10;25
06/09/2018;07:30;45;13;32
06/09/2018;07:45;102;58;44
06/09/2018;08:00;73;39;34
06/09/2018;08:15;77;39;38
06/09/2018;08:30;52;25;27
06/09/2018;08:45;35;9;26
06/09/2018;09:00;37;9;28
06/09/2018;09:15;59;23;36
06/09/2018;09:30;54;29;25
06/09/2018;09:45;17;1;16
06/09/2018;10:00;27;10;17
06/09/2018;10:15;25;10;15
06/09/2018;10:30;41;12;29
06/09/2018;10:45;21;2;19
06/09/2018;11:00;27;7;20
06/09/2018;11:15;24;0;24
06/09/2018;11:30;33;3;30
06/09/2018;11:45;49;19;30
06/09/2018;12:00;38;10;28
06/09/2018;12:15;47;6;41
06/09/2018;12:30;42;18;24
06/09/2018;12:45;39;14;25
06/09/2018;13:00;50;2;48
06/09/2018;13:15;74;17;57
06/09/2018;13:30;57;3;54
06/09/2018;13:45;41;1;40
06/09/2018;14:00;34;0;34
06/09/2018;14:15;55;8;47
06/09/2018;14:30;51;2;49
06/09/2018;14:45;55;14;41
06/09/2018;15:00;53;8;45
06/09/2018;15:15;60;17;43
06/09/2018;15:30;69;3;66
06/09/2018;15:45;82;13;69
06/09/2018;16:00;93;20;73
06/09/2018;16:15;75;6;69
06/09/2018;16:30;75;4;71
06/09/2018;16:45;113;25;88
06/09/2018;17:00;61;1;60
06/09/2018;17:15;117;23;94
06/09/2018;17:30;79;2;77
06/09/2018;17:45;86;6;80
06/09/2018;18:00;94;6;88
06/09/2018;18:15;130;20;110
06/09/2018;18:30;137;31;106
06/09/2018;18:45;83;11;72
06/09/2018;19:00;66;5;61
06/09/2018;19:15;78;23;55
06/09/2018;19:30;42;2;40
06/09/2018;19:45;71;12;59
06/09/2018;20:00;37;0;37
06/09/2018;20:15;48;3;45
06/09/2018;20:30;49;10;39
06/09/2018;20:45;51;13;38
06/09/2018;21:00;52;5;47
06/09/2018;21:15;40;7;33
06/09/2018;21:30;27;1;26
06/09/2018;21:45;32;3;29
06/09/2018;22:00;36;9;27
06/09/2018;22:15;41;9;32
06/09/2018;22:30;47;9;38
06/09/2018;22:45;22;4;18
06/09/2018;23:00;24;11;13
06/09/2018;23:15;15;1;14
06/09/2018;23:30;20;2;18
06/09/2018;23:45;12;2;10
07/09/2018;00:00;4;1;3
07/09/2018;00:15;5;3;2
07/09/2018;00:30;10;1;9
07/09/2018;00:45;6;0;6
07/09/2018;01:00;5;3;2
07/09/2018;01:15;3;0;3
07/09/2018;01:30;5;0;5
07/09/2018;01:45;4;1;3
07/09/2018;02:00;1;0;1
07/09/2018;02:15;3;0;3
07/09/2018;02:30;3;1;2
07/09/2018;02:45;2;0;2
07/09/2018;03:00;1;0;1
07/09/2018;03:15;1;0;1
07/09/2018;03:30;1;0;1
07/09/2018;03:45;4;1;3
07/09/2018;04:00;0;0;0
07/09/2018;04:15;4;3;1
07/09/2018;04:30;2;1;1
07/09/2018;04:45;2;0;2
07/09/2018;05:00;4;0;4
07/09/2018;05:15;12;8;4
07/09/2018;05:30;10;5;5
07/09/2018;05:45;7;3;4
07/09/2018;06:00;9;2;7
07/09/2018;06:15;23;7;16
07/09/2018;06:30;24;2;22
07/09/2018;06:45;28;3;25
07/09/2018;07:00;52;20;32
07/09/2018;07:15;48;7;41
07/09/2018;07:30;135;69;66
07/09/2018;07:45;118;64;54
07/09/2018;08:00;61;5;56
07/09/2018;08:15;95;41;54
07/09/2018;08:30;47;13;34
07/09/2018;08:45;60;9;51
07/09/2018;09:00;38;8;30
07/09/2018;09:15;30;2;28
07/09/2018;09:30;53;8;45
07/09/2018;09:45;35;9;26
07/09/2018;10:00;44;18;26
07/09/2018;10:15;65;28;37
07/09/2018;10:30;64;25;39
07/09/2018;10:45;46;3;43
07/09/2018;11:00;33;1;32
07/09/2018;11:15;39;3;36
07/09/2018;11:30;49;17;32
07/09/2018;11:45;68;21;47
07/09/2018;12:00;90;28;62
07/09/2018;12:15;68;16;52
07/09/2018;12:30;77;18;59
07/09/2018;12:45;84;16;68
07/09/2018;13:00;87;5;82
07/09/2018;13:15;88;1;87
07/09/2018;13:30;94;2;92
07/09/2018;13:45;76;2;74
07/09/2018;14:00;82;16;66
07/09/2018;14:15;102;25;77
07/09/2018;14:30;78;3;75
07/09/2018;14:45;97;16;81
07/09/2018;15:00;83;9;74
07/09/2018;15:15;108;28;80
07/09/2018;15:30;67;3;64
07/09/2018;15:45;81;2;79
07/09/2018;16:00;112;20;92
07/09/2018;16:15;85;3;82
07/09/2018;16:30;116;23;93
07/09/2018;16:45;79;8;71
07/09/2018;17:00;120;4;116
07/09/2018;17:15;87;2;85
07/09/2018;17:30;127;32;95
07/09/2018;17:45;114;25;89
07/09/2018;18:00;105;19;86
07/09/2018;18:15;131;26;105
07/09/2018;18:30;125;31;94
07/09/2018;18:45;106;8;98
07/09/2018;19:00;76;10;66
07/09/2018;19:15;127;30;97
07/09/2018;19:30;65;4;61
07/09/2018;19:45;61;3;58
07/09/2018;20:00;50;3;47
07/09/2018;20:15;45;4;41
07/09/2018;20:30;62;19;43
07/09/2018;20:45;55;19;36
07/09/2018;21:00;30;0;30
07/09/2018;21:15;27;4;23
07/09/2018;21:30;26;2;24
07/09/2018;21:45;39;5;34
07/09/2018;22:00;29;12;17
07/09/2018;22:15;27;2;25
07/09/2018;22:30;21;4;17
07/09/2018;22:45;26;1;25
07/09/2018;23:00;22;0;22
07/09/2018;23:15;15;3;12
07/09/2018;23:30;20;2;18
07/09/2018;23:45;14;3;11
08/09/2018;00:00;26;9;17
08/09/2018;00:15;15;2;13
08/09/2018;00:30;11;2;9
08/09/2018;00:45;16;3;13
08/09/2018;01:00;18;4;14
08/09/2018;01:15;10;2;8
08/09/2018;01:30;9;2;7
08/09/2018;01:45;11;3;8
08/09/2018;02:00;7;1;6
08/09/2018;02:15;5;1;4
08/09/2018;02:30;7;1;6
08/09/2018;02:45;9;2;7
08/09/2018;03:00;11;2;9
08/09/2018;03:15;1;0;1
08/09/2018;03:30;3;1;2
08/09/2018;03:45;2;1;1
08/09/2018;04:00;5;2;3
08/09/2018;04:15;3;0;3
08/09/2018;04:30;3;0;3
08/09/2018;04:45;1;0;1
08/09/2018;05:00;3;0;3
08/09/2018;05:15;4;3;1
08/09/2018;05:30;7;1;6
08/09/2018;05:45;1;0;1
08/09/2018;06:00;4;2;2
08/09/2018;06:15;3;3;0
08/09/2018;06:30;3;1;2
08/09/2018;06:45;7;3;4
08/09/2018;07:00;2;2;0
08/09/2018;07:15;4;0;4
08/09/2018;07:30;7;4;3
08/09/2018;07:45;17;5;12
08/09/2018;08:00;14;6;8
08/09/2018;08:15;11;5;6
08/09/2018;08:30;14;9;5
08/09/2018;08:45;21;12;9
08/09/2018;09:00;32;20;12
08/09/2018;09:15;30;16;14
08/09/2018;09:30;50;22;28
08/09/2018;09:45;61;26;35
08/09/2018;10:00;49;19;30
08/09/2018;10:15;54;22;32
08/09/2018;10:30;46;4;42
08/09/2018;10:45;30;2;28
08/09/2018;11:00;75;44;31
08/09/2018;11:15;48;4;44
08/09/2018;11:30;48;5;43
08/09/2018;11:45;48;0;48
08/09/2018;12:00;56;8;48
08/09/2018;12:15;85;36;49
08/09/2018;12:30;86;18;68
08/09/2018;12:45;54;2;52
08/09/2018;13:00;65;3;62
08/09/2018;13:15;81;33;48
08/09/2018;13:30;50;3;47
08/09/2018;13:45;74;10;64
08/09/2018;14:00;102;28;74
08/09/2018;14:15;109;33;76
08/09/2018;14:30;122;36;86
08/09/2018;14:45;104;27;77
08/09/2018;15:00;102;32;70
08/09/2018;15:15;125;35;90
08/09/2018;15:30;120;36;84
08/09/2018;15:45;89;19;70
08/09/2018;16:00;129;24;105
08/09/2018;16:15;99;20;79
08/09/2018;16:30;100;13;87
08/09/2018;16:45;112;17;95
08/09/2018;17:00;81;1;80
08/09/2018;17:15;116;13;103
08/09/2018;17:30;111;31;80
08/09/2018;17:45;86;16;70
08/09/2018;18:00;58;1;57
08/09/2018;18:15;93;32;61
08/09/2018;18:30;58;1;57
08/09/2018;18:45;68;4;64
08/09/2018;19:00;88;25;63
08/09/2018;19:15;74;19;55
08/09/2018;19:30;75;22;53
08/09/2018;19:45;69;8;61
08/09/2018;20:00;59;12;47
08/09/2018;20:15;59;11;48
08/09/2018;20:30;31;0;31
08/09/2018;20:45;49;11;38
08/09/2018;21:00;40;7;33
08/09/2018;21:15;43;5;38
08/09/2018;21:30;38;1;37
08/09/2018;21:45;29;6;23
08/09/2018;22:00;17;0;17
08/09/2018;22:15;34;5;29
08/09/2018;22:30;15;5;10
08/09/2018;22:45;23;7;16
08/09/2018;23:00;13;1;12
08/09/2018;23:15;23;4;19
08/09/2018;23:30;26;11;15
08/09/2018;23:45;6;0;6
09/09/2018;00:00;19;4;15
09/09/2018;00:15;16;3;13
09/09/2018;00:30;23;9;14
09/09/2018;00:45;19;7;12
09/09/2018;01:00;16;1;15
09/09/2018;01:15;17;11;6
09/09/2018;01:30;13;2;11
09/09/2018;01:45;11;3;8
09/09/2018;02:00;9;4;5
09/09/2018;02:15;11;6;5
09/09/2018;02:30;14;1;13
09/09/2018;02:45;6;1;5
09/09/2018;03:00;6;4;2
09/09/2018;03:15;6;4;2
09/09/2018;03:30;7;0;7
09/09/2018;03:45;0;0;0
09/09/2018;04:00;3;1;2
09/09/2018;04:15;1;0;1
09/09/2018;04:30;1;0;1
09/09/2018;04:45;3;1;2
09/09/2018;05:00;1;0;1
09/09/2018;05:15;2;1;1
09/09/2018;05:30;2;0;2
09/09/2018;05:45;2;2;0
09/09/2018;06:00;3;1;2
09/09/2018;06:15;2;1;1
09/09/2018;06:30;3;3;0
09/09/2018;06:45;1;1;0
09/09/2018;07:00;2;0;2
09/09/2018;07:15;3;0;3
09/09/2018;07:30;2;0;2
09/09/2018;07:45;8;1;7
09/09/2018;08:00;4;0;4
09/09/2018;08:15;7;1;6
09/09/2018;08:30;7;2;5
09/09/2018;08:45;16;6;10
09/09/2018;09:00;3;1;2
09/09/2018;09:15;24;6;18
09/09/2018;09:30;15;0;15
09/09/2018;09:45;38;10;28
09/09/2018;10:00;21;1;20
09/09/2018;10:15;36;4;32
09/09/2018;10:30;18;2;16
09/09/2018;10:45;44;3;41
09/09/2018;11:00;50;9;41
09/09/2018;11:15;33;0;33
09/09/2018;11:30;46;3;43
09/09/2018;11:45;42;5;37
09/09/2018;12:00;25;3;22
09/09/2018;12:15;44;7;37
09/09/2018;12:30;68;20;48
09/09/2018;12:45;74;18;56
09/09/2018;13:00;76;9;67
09/09/2018;13:15;57;1;56
09/09/2018;13:30;71;13;58
09/09/2018;13:45;66;5;61
09/09/2018;14:00;80;8;72
09/09/2018;14:15;63;2;61
09/09/2018;14:30;75;17;58
09/09/2018;14:45;82;3;79
09/09/2018;15:00;75;15;60
09/09/2018;15:15;68;3;65
09/09/2018;15:30;88;17;71
09/09/2018;15:45;103;21;82
09/09/2018;16:00;70;4;66
09/09/2018;16:15;92;19;73
09/09/2018;16:30;99;29;70
09/09/2018;16:45;92;21;71
09/09/2018;17:00;67;3;64
09/09/2018;17:15;96;22;74
09/09/2018;17:30;69;8;61
09/09/2018;17:45;98;30;68
09/09/2018;18:00;52;0;52
09/09/2018;18:15;46;4;42
09/09/2018;18:30;49;4;45
09/09/2018;18:45;83;30;53
09/09/2018;19:00;54;4;50
09/09/2018;19:15;65;25;40
09/09/2018;19:30;58;12;46
09/09/2018;19:45;55;15;40
09/09/2018;20:00;30;3;27
09/09/2018;20:15;31;10;21
09/09/2018;20:30;25;2;23
09/09/2018;20:45;25;3;22
09/09/2018;21:00;10;0;10
09/09/2018;21:15;26;6;20
09/09/2018;21:30;24;4;20
09/09/2018;21:45;9;0;9
09/09/2018;22:00;28;3;25
09/09/2018;22:15;19;5;14
09/09/2018;22:30;33;15;18
09/09/2018;22:45;10;1;9
09/09/2018;23:00;12;0;12
09/09/2018;23:15;3;0;3
09/09/2018;23:30;6;2;4
09/09/2018;23:45;7;2;5
10/09/2018;00:00;5;2;3
10/09/2018;00:15;6;1;5
10/09/2018;00:30;9;4;5
10/09/2018;00:45;3;1;2
10/09/2018;01:00;2;0;2
10/09/2018;01:15;1;0;1
10/09/2018;01:30;0;0;0
10/09/2018;01:45;2;0;2
10/09/2018;02:00;4;0;4
10/09/2018;02:15;5;3;2
10/09/2018;02:30;0;0;0
10/09/2018;02:45;3;0;3
10/09/2018;03:00;0;0;0
10/09/2018;03:15;3;0;3
10/09/2018;03:30;1;0;1
10/09/2018;03:45;0;0;0
10/09/2018;04:00;3;0;3
10/09/2018;04:15;4;3;1
10/09/2018;04:30;5;2;3
10/09/2018;04:45;2;1;1
10/09/2018;05:00;2;0;2
10/09/2018;05:15;4;2;2
10/09/2018;05:30;12;4;8
10/09/2018;05:45;6;0;6
10/09/2018;06:00;9;2;7
10/09/2018;06:15;21;3;18
10/09/2018;06:30;22;2;20
10/09/2018;06:45;32;6;26
10/09/2018;07:00;54;10;44
10/09/2018;07:15;102;47;55
10/09/2018;07:30;68;8;60
10/09/2018;07:45;84;11;73
10/09/2018;08:00;74;9;65
10/09/2018;08:15;121;59;62
10/09/2018;08:30;59;1;58
10/09/2018;08:45;118;64;54
10/09/2018;09:00;43;11;32
10/09/2018;09:15;42;3;39
10/09/2018;09:30;44;5;39
10/09/2018;09:45;33;9;24
10/09/2018;10:00;38;6;32
10/09/2018;10:15;55;20;35
10/09/2018;10:30;54;5;49
10/09/2018;10:45;59;16;43
10/09/2018;11:00;30;1;29
10/09/2018;11:15;30;4;26
10/09/2018;11:30;54;6;48
10/09/2018;11:45;41;4;37
10/09/2018;12:00;73;13;60
10/09/2018;12:15;69;14;55
10/09/2018;12:30;53;3;50
10/09/2018;12:45;74;20;54
10/09/2018;13:00;68;4;64
10/09/2018;13:15;85;21;64
10/09/2018;13:30;123;26;97
10/09/2018;13:45;81;5;76
10/09/2018;14:00;70;5;65
10/09/2018;14:15;105;21;84
10/09/2018;14:30;72;2;70
10/09/2018;14:45;86;18;68
10/09/2018;15:00;71;3;68
10/09/2018;15:15;110;23;87
10/09/2018;15:30;94;4;90
10/09/2018;15:45;128;28;100
10/09/2018;16:00;163;26;137
10/09/2018;16:15;170;24;146
10/09/2018;16:30;128;24;104
10/09/2018;16:45;129;7;122
10/09/2018;17:00;123;1;122
10/09/2018;17:15;168;31;137
10/09/2018;17:30;136;6;130
10/09/2018;17:45;177;36;141
10/09/2018;18:00;179;33;146
10/09/2018;18:15;169;29;140
10/09/2018;18:30;109;3;106
10/09/2018;18:45;143;31;112
10/09/2018;19:00;145;35;110
10/09/2018;19:15;107;28;79
10/09/2018;19:30;87;1;86
10/09/2018;19:45;84;4;80
10/09/2018;20:00;68;18;50
10/09/2018;20:15;83;14;69
10/09/2018;20:30;43;7;36
10/09/2018;20:45;56;14;42
10/09/2018;21:00;42;6;36
10/09/2018;21:15;31;6;25
10/09/2018;21:30;40;2;38
10/09/2018;21:45;33;10;23
10/09/2018;22:00;48;13;35
10/09/2018;22:15;41;8;33
10/09/2018;22:30;31;8;23
10/09/2018;22:45;19;4;15
10/09/2018;23:00;11;1;10
10/09/2018;23:15;17;2;15
10/09/2018;23:30;6;3;3
10/09/2018;23:45;9;1;8
11/09/2018;00:00;10;1;9
11/09/2018;00:15;7;1;6
11/09/2018;00:30;4;1;3
11/09/2018;00:45;8;4;4
11/09/2018;01:00;7;1;6
11/09/2018;01:15;4;0;4
11/09/2018;01:30;1;0;1
11/09/2018;01:45;2;0;2
11/09/2018;02:00;2;1;1
11/09/2018;02:15;0;0;0
11/09/2018;02:30;3;1;2
11/09/2018;02:45;0;0;0
11/09/2018;03:00;0;0;0
11/09/2018;03:15;3;0;3
11/09/2018;03:30;1;0;1
11/09/2018;03:45;1;0;1
11/09/2018;04:00;3;0;3
11/09/2018;04:15;3;2;1
11/09/2018;04:30;5;3;2
11/09/2018;04:45;2;1;1
11/09/2018;05:00;4;1;3
11/09/2018;05:15;8;3;5
11/09/2018;05:30;9;2;7
11/09/2018;05:45;16;6;10
11/09/2018;06:00;11;1;10
11/09/2018;06:15;18;5;13
11/09/2018;06:30;30;0;30
11/09/2018;06:45;39;8;31
11/09/2018;07:00;46;5;41
11/09/2018;07:15;64;2;62
11/09/2018;07:30;80;11;69
11/09/2018;07:45;65;7;58
11/09/2018;08:00;79;10;69
11/09/2018;08:15;141;64;77
11/09/2018;08:30;58;7;51
11/09/2018;08:45;69;10;59
11/09/2018;09:00;54;10;44
11/09/2018;09:15;34;6;28
11/09/2018;09:30;72;36;36
11/09/2018;09:45;43;4;39
11/09/2018;10:00;51;23;28
11/09/2018;10:15;54;21;33
11/09/2018;10:30;43;14;29
11/09/2018;10:45;42;4;38
11/09/2018;11:00;48;20;28
11/09/2018;11:15;45;2;43
11/09/2018;11:30;74;24;50
11/09/2018;11:45;70;22;48
11/09/2018;12:00;50;1;49
11/09/2018;12:15;70;18;52
11/09/2018;12:30;71;4;67
11/09/2018;12:45;71;3;68
11/09/2018;13:00;87;16;71
11/09/2018;13:15;75;4;71
11/09/2018;13:30;96;15;81
11/09/2018;13:45;60;5;55
11/09/2018;14:00;68;7;61
11/09/2018;14:15;68;4;64
11/09/2018;14:30;95;4;91
11/09/2018;14:45;88;2;86
11/09/2018;15:00;116;21;95
11/09/2018;15:15;93;4;89
11/09/2018;15:30;108;1;107
11/09/2018;15:45;131;0;131
11/09/2018;16:00;156;24;132
11/09/2018;16:15;135;6;129
11/09/2018;16:30;141;24;117
11/09/2018;16:45;204;40;164
11/09/2018;17:00;137;4;133
11/09/2018;17:15;146;1;145
11/09/2018;17:30;138;2;136
11/09/2018;17:45;157;7;150
11/09/2018;18:00;140;6;134
11/09/2018;18:15;142;3;139
11/09/2018;18:30;111;3;108
11/09/2018;18:45;144;33;111
11/09/2018;19:00;139;4;135
11/09/2018;19:15;169;43;126
11/09/2018;19:30;126;27;99
11/09/2018;19:45;102;3;99
11/09/2018;20:00;80;4;76
11/09/2018;20:15;69;1;68
11/09/2018;20:30;54;3;51
11/09/2018;20:45;87;14;73
11/09/2018;21:00;63;10;53
11/09/2018;21:15;50;11;39
11/09/2018;21:30;48;1;47
11/09/2018;21:45;49;13;36
11/09/2018;22:00;37;2;35
11/09/2018;22:15;41;11;30
11/09/2018;22:30;31;3;28
11/09/2018;22:45;46;19;27
11/09/2018;23:00;26;5;21
11/09/2018;23:15;34;13;21
11/09/2018;23:30;20;8;12
11/09/2018;23:45;21;6;15
12/09/2018;00:00;21;6;15
12/09/2018;00:15;9;4;5
12/09/2018;00:30;20;8;12
12/09/2018;00:45;3;2;1
12/09/2018;01:00;2;0;2
12/09/2018;01:15;1;0;1
12/09/2018;01:30;19;12;7
12/09/2018;01:45;5;2;3
12/09/2018;02:00;3;2;1
12/09/2018;02:15;4;0;4
12/09/2018;02:30;1;0;1
12/09/2018;02:45;1;0;1
12/09/2018;03:00;1;0;1
12/09/2018;03:15;3;1;2
12/09/2018;03:30;2;0;2
12/09/2018;03:45;2;0;2
12/09/2018;04:00;1;0;1
12/09/2018;04:15;4;2;2
12/09/2018;04:30;1;1;0
12/09/2018;04:45;3;2;1
12/09/2018;05:00;3;1;2
12/09/2018;05:15;5;0;5
12/09/2018;05:30;7;1;6
12/09/2018;05:45;15;8;7
12/09/2018;06:00;23;11;12
12/09/2018;06:15;17;2;15
12/09/2018;06:30;47;19;28
12/09/2018;06:45;59;23;36
12/09/2018;07:00;50;10;40
12/09/2018;07:15;56;11;45
12/09/2018;07:30;147;82;65
12/09/2018;07:45;155;83;72
12/09/2018;08:00;151;75;76
12/09/2018;08:15;90;12;78
12/09/2018;08:30;107;47;60
12/09/2018;08:45;64;11;53
12/09/2018;09:00;40;7;33
12/09/2018;09:15;42;12;30
12/09/2018;09:30;48;8;40
12/09/2018;09:45;40;4;36
12/09/2018;10:00;35;1;34
12/09/2018;10:15;37;5;32
12/09/2018;10:30;54;6;48
12/09/2018;10:45;49;0;49
12/09/2018;11:00;46;16;30
12/09/2018;11:15;41;1;40
12/09/2018;11:30;49;4;45
12/09/2018;11:45;52;4;48
12/09/2018;12:00;41;2;39
12/09/2018;12:15;78;16;62
12/09/2018;12:30;102;25;77
12/09/2018;12:45;80;3;77
12/09/2018;13:00;66;7;59
12/09/2018;13:15;87;5;82
12/09/2018;13:30;98;26;72
12/09/2018;13:45;72;5;67
12/09/2018;14:00;64;3;61
12/09/2018;14:15;107;16;91
12/09/2018;14:30;79;2;77
12/09/2018;14:45;82;3;79
12/09/2018;15:00;100;3;97
12/09/2018;15:15;88;10;78
12/09/2018;15:30;101;8;93
12/09/2018;15:45;120;0;120
12/09/2018;16:00;158;28;130
12/09/2018;16:15;157;7;150
12/09/2018;16:30;173;41;132
12/09/2018;16:45;170;28;142
12/09/2018;17:00;148;22;126
12/09/2018;17:15;129;1;128
12/09/2018;17:30;192;47;145
12/09/2018;17:45;138;7;131
12/09/2018;18:00;111;6;105
12/09/2018;18:15;135;4;131
12/09/2018;18:30;162;34;128
12/09/2018;18:45;122;4;118
12/09/2018;19:00;92;4;88
12/09/2018;19:15;101;6;95
12/09/2018;19:30;119;32;87
12/09/2018;19:45;69;6;63
12/09/2018;20:00;50;4;46
12/09/2018;20:15;88;24;64
12/09/2018;20:30;63;2;61
12/09/2018;20:45;57;12;45
12/09/2018;21:00;72;24;48
12/09/2018;21:15;54;5;49
12/09/2018;21:30;39;1;38
12/09/2018;21:45;48;12;36
12/09/2018;22:00;48;13;35
12/09/2018;22:15;43;3;40
12/09/2018;22:30;32;8;24
12/09/2018;22:45;29;5;24
12/09/2018;23:00;19;4;15
12/09/2018;23:15;10;2;8
12/09/2018;23:30;15;3;12
12/09/2018;23:45;17;5;12
13/09/2018;00:00;11;3;8
13/09/2018;00:15;21;5;16
13/09/2018;00:30;7;0;7
13/09/2018;00:45;7;0;7
13/09/2018;01:00;6;1;5
13/09/2018;01:15;3;1;2
13/09/2018;01:30;5;0;5
13/09/2018;01:45;3;0;3
13/09/2018;02:00;5;1;4
13/09/2018;02:15;3;1;2
13/09/2018;02:30;2;0;2
13/09/2018;02:45;4;2;2
13/09/2018;03:00;3;1;2
13/09/2018;03:15;4;0;4
13/09/2018;03:30;0;0;0
13/09/2018;03:45;4;1;3
13/09/2018;04:00;1;0;1
13/09/2018;04:15;1;1;0
13/09/2018;04:30;4;1;3
13/09/2018;04:45;2;1;1
13/09/2018;05:00;1;0;1
13/09/2018;05:15;5;3;2
13/09/2018;05:30;6;0;6
13/09/2018;05:45;13;6;7
13/09/2018;06:00;11;1;10
13/09/2018;06:15;13;2;11
13/09/2018;06:30;16;4;12
13/09/2018;06:45;35;16;19
13/09/2018;07:00;28;8;20
13/09/2018;07:15;21;2;19
13/09/2018;07:30;59;9;50
13/09/2018;07:45;59;8;51
13/09/2018;08:00;61;6;55
13/09/2018;08:15;52;9;43
13/09/2018;08:30;73;32;41
13/09/2018;08:45;51;6;45
13/09/2018;09:00;76;40;36
13/09/2018;09:15;31;6;25
13/09/2018;09:30;47;22;25
13/09/2018;09:45;26;6;20
13/09/2018;10:00;45;21;24
13/09/2018;10:15;29;6;23
13/09/2018;10:30;27;2;25
13/09/2018;10:45;29;5;24
13/09/2018;11:00;32;2;30
13/09/2018;11:15;47;21;26
13/09/2018;11:30;41;2;39
13/09/2018;11:45;56;16;40
13/09/2018;12:00;32;5;27
13/09/2018;12:15;34;0;34
13/09/2018;12:30;42;6;36
13/09/2018;12:45;60;12;48
13/09/2018;13:00;45;3;42
13/09/2018;13:15;60;10;50
13/09/2018;13:30;45;3;42
13/09/2018;13:45;45;4;41
13/09/2018;14:00;55;0;55
13/09/2018;14:15;62;18;44
13/09/2018;14:30;70;14;56
13/09/2018;14:45;73;21;52
13/09/2018;15:00;53;4;49
13/09/2018;15:15;74;2;72
13/09/2018;15:30;80;20;60
13/09/2018;15:45;53;3;50
13/09/2018;16:00;107;22;85
13/09/2018;16:15;101;24;77
13/09/2018;16:30;75;7;68
13/09/2018;16:45;126;28;98
13/09/2018;17:00;134;33;101
13/09/2018;17:15;108;15;93
13/09/2018;17:30;131;26;105
13/09/2018;17:45;90;1;89
13/09/2018;18:00;98;1;97
13/09/2018;18:15;123;24;99
13/09/2018;18:30;78;6;72
13/09/2018;18:45;76;1;75
13/09/2018;19:00;65;7;58
13/09/2018;19:15;77;10;67
13/09/2018;19:30;56;5;51
13/09/2018;19:45;66;3;63
13/09/2018;20:00;56;1;55
13/09/2018;20:15;82;11;71
13/09/2018;20:30;78;16;62
13/09/2018;20:45;46;6;40
13/09/2018;21:00;64;10;54
13/09/2018;21:15;50;18;32
13/09/2018;21:30;32;8;24
13/09/2018;21:45;40;8;32
13/09/2018;22:00;48;11;37
13/09/2018;22:15;31;2;29
13/09/2018;22:30;25;8;17
13/09/2018;22:45;21;3;18
13/09/2018;23:00;24;9;15
13/09/2018;23:15;8;0;8
13/09/2018;23:30;18;6;12
13/09/2018;23:45;10;3;7
14/09/2018;00:00;8;1;7
14/09/2018;00:15;15;3;12
14/09/2018;00:30;4;0;4
14/09/2018;00:45;4;0;4
14/09/2018;01:00;4;1;3
14/09/2018;01:15;1;0;1
14/09/2018;01:30;0;0;0
14/09/2018;01:45;8;2;6
14/09/2018;02:00;3;1;2
14/09/2018;02:15;2;0;2
14/09/2018;02:30;2;0;2
14/09/2018;02:45;3;0;3
14/09/2018;03:00;2;0;2
14/09/2018;03:15;4;0;4
14/09/2018;03:30;2;0;2
14/09/2018;03:45;0;0;0
14/09/2018;04:00;1;1;0
14/09/2018;04:15;1;1;0
14/09/2018;04:30;4;2;2
14/09/2018;04:45;2;1;1
14/09/2018;05:00;4;0;4
14/09/2018;05:15;6;5;1
14/09/2018;05:30;15;2;13
14/09/2018;05:45;7;3;4
14/09/2018;06:00;15;7;8
14/09/2018;06:15;25;9;16
14/09/2018;06:30;43;14;29
14/09/2018;06:45;30;4;26
14/09/2018;07:00;47;18;29
14/09/2018;07:15;74;36;38
14/09/2018;07:30;74;13;61
14/09/2018;07:45;128;77;51
14/09/2018;08:00;88;32;56
14/09/2018;08:15;79;32;47
14/09/2018;08:30;55;11;44
14/09/2018;08:45;53;11;42
14/09/2018;09:00;83;47;36
14/09/2018;09:15;33;9;24
14/09/2018;09:30;33;7;26
14/09/2018;09:45;70;31;39
14/09/2018;10:00;48;22;26
14/09/2018;10:15;40;10;30
14/09/2018;10:30;43;19;24
14/09/2018;10:45;41;5;36
14/09/2018;11:00;61;13;48
14/09/2018;11:15;52;20;32
14/09/2018;11:30;34;2;32
14/09/2018;11:45;48;5;43
14/09/2018;12:00;49;8;41
14/09/2018;12:15;60;5;55
14/09/2018;12:30;47;5;42
14/09/2018;12:45;85;24;61
14/09/2018;13:00;89;1;88
14/09/2018;13:15;100;9;91
14/09/2018;13:30;87;5;82
14/09/2018;13:45;91;23;68
14/09/2018;14:00;113;26;87
14/09/2018;14:15;107;5;102
14/09/2018;14:30;82;6;76
14/09/2018;14:45;128;31;97
14/09/2018;15:00;121;23;98
14/09/2018;15:15;110;28;82
14/09/2018;15:30;107;23;84
14/09/2018;15:45;122;29;93
14/09/2018;16:00;98;5;93
14/09/2018;16:15;88;3;85
14/09/2018;16:30;94;2;92
14/09/2018;16:45;98;20;78
14/09/2018;17:00;92;8;84
14/09/2018;17:15;152;43;109
14/09/2018;17:30;84;5;79
14/09/2018;17:45;86;1;85
14/09/2018;18:00;133;27;106
14/09/2018;18:15;132;28;104
14/09/2018;18:30;80;4;76
14/09/2018;18:45;143;31;112
14/09/2018;19:00;110;24;86
14/09/2018;19:15;104;23;81
14/09/2018;19:30;94;24;70
14/09/2018;19:45;76;18;58
14/09/2018;20:00;57;1;56
14/09/2018;20:15;63;22;41
14/09/2018;20:30;46;1;45
14/09/2018;20:45;34;2;32
14/09/2018;21:00;27;3;24
14/09/2018;21:15;27;6;21
14/09/2018;21:30;30;2;28
14/09/2018;21:45;29;6;23
14/09/2018;22:00;34;9;25
14/09/2018;22:15;24;1;23
14/09/2018;22:30;27;3;24
14/09/2018;22:45;26;1;25
14/09/2018;23:00;26;6;20
14/09/2018;23:15;20;1;19
14/09/2018;23:30;19;4;15
14/09/2018;23:45;23;7;16
15/09/2018;00:00;30;6;24
15/09/2018;00:15;29;7;22
15/09/2018;00:30;15;3;12
15/09/2018;00:45;19;2;17
15/09/2018;01:00;12;1;11
15/09/2018;01:15;19;1;18
15/09/2018;01:30;14;2;12
15/09/2018;01:45;8;3;5
15/09/2018;02:00;9;2;7
15/09/2018;02:15;5;0;5
15/09/2018;02:30;7;1;6
15/09/2018;02:45;5;0;5
15/09/2018;03:00;3;0;3
15/09/2018;03:15;5;0;5
15/09/2018;03:30;5;2;3
15/09/2018;03:45;4;0;4
15/09/2018;04:00;7;1;6
15/09/2018;04:15;1;0;1
15/09/2018;04:30;5;2;3
15/09/2018;04:45;1;0;1
15/09/2018;05:00;3;0;3
15/09/2018;05:15;4;1;3
15/09/2018;05:30;4;0;4
15/09/2018;05:45;1;0;1
15/09/2018;06:00;3;1;2
15/09/2018;06:15;2;2;0
15/09/2018;06:30;2;1;1
15/09/2018;06:45;4;1;3
15/09/2018;07:00;4;0;4
15/09/2018;07:15;6;4;2
15/09/2018;07:30;9;4;5
15/09/2018;07:45;8;2;6
15/09/2018;08:00;13;3;10
15/09/2018;08:15;16;5;11
15/09/2018;08:30;17;3;14
15/09/2018;08:45;29;15;14
15/09/2018;09:00;29;19;10
15/09/2018;09:15;22;14;8
15/09/2018;09:30;20;6;14
15/09/2018;09:45;31;7;24
15/09/2018;10:00;46;25;21
15/09/2018;10:15;34;3;31
15/09/2018;10:30;28;3;25
15/09/2018;10:45;38;3;35
15/09/2018;11:00;47;1;46
15/09/2018;11:15;52;17;35
15/09/2018;11:30;57;19;38
15/09/2018;11:45;55;18;37
15/09/2018;12:00;70;28;42
15/09/2018;12:15;75;24;51
15/09/2018;12:30;93;25;68
15/09/2018;12:45;70;6;64
15/09/2018;13:00;58;4;54
15/09/2018;13:15;48;6;42
15/09/2018;13:30;105;38;67
15/09/2018;13:45;60;3;57
15/09/2018;14:00;59;5;54
15/09/2018;14:15;60;2;58
15/09/2018;14:30;72;1;71
15/09/2018;14:45;57;7;50
15/09/2018;15:00;58;3;55
15/09/2018;15:15;77;4;73
15/09/2018;15:30;84;20;64
15/09/2018;15:45;109;26;83
15/09/2018;16:00;45;2;43
15/09/2018;16:15;89;24;65
15/09/2018;16:30;72;8;64
15/09/2018;16:45;78;14;64
15/09/2018;17:00;105;21;84
15/09/2018;17:15;80;10;70
15/09/2018;17:30;90;23;67
15/09/2018;17:45;53;3;50
15/09/2018;18:00;45;2;43
15/09/2018;18:15;72;20;52
15/09/2018;18:30;105;39;66
15/09/2018;18:45;44;2;42
15/09/2018;19:00;58;3;55
15/09/2018;19:15;90;29;61
15/09/2018;19:30;55;12;43
15/09/2018;19:45;35;3;32
15/09/2018;20:00;43;2;41
15/09/2018;20:15;49;17;32
15/09/2018;20:30;29;1;28
15/09/2018;20:45;27;2;25
15/09/2018;21:00;19;3;16
15/09/2018;21:15;37;9;28
15/09/2018;21:30;29;2;27
15/09/2018;21:45;16;2;14
15/09/2018;22:00;25;5;20
15/09/2018;22:15;15;2;13
15/09/2018;22:30;19;2;17
15/09/2018;22:45;25;3;22
15/09/2018;23:00;14;8;6
15/09/2018;23:15;24;7;17
15/09/2018;23:30;33;3;30
15/09/2018;23:45;28;0;28
16/09/2018;00:00;33;2;31
16/09/2018;00:15;32;5;27
16/09/2018;00:30;24;10;14
16/09/2018;00:45;16;6;10
16/09/2018;01:00;12;3;9
16/09/2018;01:15;20;8;12
16/09/2018;01:30;16;1;15
16/09/2018;01:45;12;4;8
16/09/2018;02:00;13;0;13
16/09/2018;02:15;13;3;10
16/09/2018;02:30;5;2;3
16/09/2018;02:45;15;9;6
16/09/2018;03:00;8;1;7
16/09/2018;03:15;5;1;4
16/09/2018;03:30;5;1;4
16/09/2018;03:45;6;0;6
16/09/2018;04:00;13;4;9
16/09/2018;04:15;8;0;8
16/09/2018;04:30;6;0;6
16/09/2018;04:45;0;0;0
16/09/2018;05:00;3;1;2
16/09/2018;05:15;1;0;1
16/09/2018;05:30;7;5;2
16/09/2018;05:45;3;1;2
16/09/2018;06:00;3;1;2
16/09/2018;06:15;0;0;0
16/09/2018;06:30;1;0;1
16/09/2018;06:45;5;1;4
16/09/2018;07:00;2;0;2
16/09/2018;07:15;3;0;3
16/09/2018;07:30;4;1;3
16/09/2018;07:45;5;5;0
16/09/2018;08:00;6;3;3
16/09/2018;08:15;16;5;11
16/09/2018;08:30;16;7;9
16/09/2018;08:45;14;7;7
16/09/2018;09:00;9;4;5
16/09/2018;09:15;27;1;26
16/09/2018;09:30;24;12;12
16/09/2018;09:45;33;7;26
16/09/2018;10:00;33;10;23
16/09/2018;10:15;23;3;20
16/09/2018;10:30;47;19;28
16/09/2018;10:45;32;3;29
16/09/2018;11:00;40;6;34
16/09/2018;11:15;42;0;42
16/09/2018;11:30;51;8;43
16/09/2018;11:45;43;1;42
16/09/2018;12:00;61;24;37
16/09/2018;12:15;54;6;48
16/09/2018;12:30;45;5;40
16/09/2018;12:45;69;0;69
16/09/2018;13:00;58;3;55
16/09/2018;13:15;53;3;50
16/09/2018;13:30;50;3;47
16/09/2018;13:45;71;1;70
16/09/2018;14:00;82;7;75
16/09/2018;14:15;64;12;52
16/09/2018;14:30;95;22;73
16/09/2018;14:45;108;16;92
16/09/2018;15:00;72;1;71
16/09/2018;15:15;78;3;75
16/09/2018;15:30;84;21;63
16/09/2018;15:45;116;21;95
16/09/2018;16:00;99;24;75
16/09/2018;16:15;72;9;63
16/09/2018;16:30;74;9;65
16/09/2018;16:45;77;9;68
16/09/2018;17:00;81;6;75
16/09/2018;17:15;61;6;55
16/09/2018;17:30;95;25;70
16/09/2018;17:45;68;8;60
16/09/2018;18:00;53;7;46
16/09/2018;18:15;78;24;54
16/09/2018;18:30;73;30;43
16/09/2018;18:45;37;5;32
16/09/2018;19:00;70;15;55
16/09/2018;19:15;43;2;41
16/09/2018;19:30;61;15;46
16/09/2018;19:45;54;18;36
16/09/2018;20:00;29;5;24
16/09/2018;20:15;32;8;24
16/09/2018;20:30;28;7;21
16/09/2018;20:45;37;17;20
16/09/2018;21:00;10;0;10
16/09/2018;21:15;27;6;21
16/09/2018;21:30;30;4;26
16/09/2018;21:45;26;4;22
16/09/2018;22:00;30;8;22
16/09/2018;22:15;13;1;12
16/09/2018;22:30;17;10;7
16/09/2018;22:45;19;7;12
16/09/2018;23:00;16;7;9
16/09/2018;23:15;14;5;9
16/09/2018;23:30;12;2;10
16/09/2018;23:45;12;3;9
17/09/2018;00:00;5;0;5
17/09/2018;00:15;8;2;6
17/09/2018;00:30;4;0;4
17/09/2018;00:45;0;0;0
17/09/2018;01:00;1;0;1
17/09/2018;01:15;3;0;3
17/09/2018;01:30;4;1;3
17/09/2018;01:45;1;1;0
17/09/2018;02:00;3;0;3
17/09/2018;02:15;1;1;0
17/09/2018;02:30;2;1;1
17/09/2018;02:45;0;0;0
17/09/2018;03:00;1;1;0
17/09/2018;03:15;3;0;3
17/09/2018;03:30;4;1;3
17/09/2018;03:45;1;0;1
17/09/2018;04:00;1;0;1
17/09/2018;04:15;4;3;1
17/09/2018;04:30;2;1;1
17/09/2018;04:45;2;0;2
17/09/2018;05:00;4;0;4
17/09/2018;05:15;6;5;1
17/09/2018;05:30;11;2;9
17/09/2018;05:45;6;3;3
17/09/2018;06:00;17;3;14
17/09/2018;06:15;14;3;11
17/09/2018;06:30;29;1;28
17/09/2018;06:45;48;17;31
17/09/2018;07:00;69;24;45
17/09/2018;07:15;47;7;40
17/09/2018;07:30;193;99;94
17/09/2018;07:45;79;11;68
17/09/2018;08:00;68;6;62
17/09/2018;08:15;119;48;71
17/09/2018;08:30;67;11;56
17/09/2018;08:45;69;11;58
17/09/2018;09:00;82;46;36
17/09/2018;09:15;33;6;27
17/09/2018;09:30;52;8;44
17/09/2018;09:45;41;9;32
17/09/2018;10:00;32;1;31
17/09/2018;10:15;65;22;43
17/09/2018;10:30;46;4;42
17/09/2018;10:45;40;6;34
17/09/2018;11:00;40;17;23
17/09/2018;11:15;49;14;35
17/09/2018;11:30;60;7;53
17/09/2018;11:45;83;32;51
17/09/2018;12:00;50;2;48
17/09/2018;12:15;47;2;45
17/09/2018;12:30;54;1;53
17/09/2018;12:45;88;17;71
17/09/2018;13:00;57;3;54
17/09/2018;13:15;73;1;72
17/09/2018;13:30;78;7;71
17/09/2018;13:45;73;7;66
17/09/2018;14:00;71;4;67
17/09/2018;14:15;64;3;61
17/09/2018;14:30;80;3;77
17/09/2018;14:45;88;6;82
17/09/2018;15:00;119;29;90
17/09/2018;15:15;118;7;111
17/09/2018;15:30;86;6;80
17/09/2018;15:45;104;5;99
17/09/2018;16:00;145;7;138
17/09/2018;16:15;119;3;116
17/09/2018;16:30;143;30;113
17/09/2018;16:45;143;5;138
17/09/2018;17:00;125;2;123
17/09/2018;17:15;175;33;142
17/09/2018;17:30;182;32;150
17/09/2018;17:45;200;43;157
17/09/2018;18:00;167;27;140
17/09/2018;18:15;174;35;139
17/09/2018;18:30;106;5;101
17/09/2018;18:45;93;1;92
17/09/2018;19:00;120;20;100
17/09/2018;19:15;125;31;94
17/09/2018;19:30;113;26;87
17/09/2018;19:45;65;2;63
17/09/2018;20:00;81;19;62
17/09/2018;20:15;66;12;54
17/09/2018;20:30;42;4;38
17/09/2018;20:45;62;17;45
17/09/2018;21:00;32;2;30
17/09/2018;21:15;44;2;42
17/09/2018;21:30;35;2;33
17/09/2018;21:45;35;4;31
17/09/2018;22:00;26;0;26
17/09/2018;22:15;29;3;26
17/09/2018;22:30;21;4;17
17/09/2018;22:45;24;7;17
17/09/2018;23:00;19;1;18
17/09/2018;23:15;24;3;21
17/09/2018;23:30;12;1;11
17/09/2018;23:45;13;2;11
18/09/2018;00:00;11;1;10
18/09/2018;00:15;6;2;4
18/09/2018;00:30;6;0;6
18/09/2018;00:45;10;1;9
18/09/2018;01:00;3;0;3
18/09/2018;01:15;5;2;3
18/09/2018;01:30;3;0;3
18/09/2018;01:45;3;1;2
18/09/2018;02:00;2;0;2
18/09/2018;02:15;1;0;1
18/09/2018;02:30;2;1;1
18/09/2018;02:45;0;0;0
18/09/2018;03:00;1;0;1
18/09/2018;03:15;3;0;3
18/09/2018;03:30;3;0;3
18/09/2018;03:45;0;0;0
18/09/2018;04:00;1;0;1
18/09/2018;04:15;3;3;0
18/09/2018;04:30;4;3;1
18/09/2018;04:45;0;0;0
18/09/2018;05:00;2;0;2
18/09/2018;05:15;9;5;4
18/09/2018;05:30;9;4;5
18/09/2018;05:45;12;5;7
18/09/2018;06:00;14;3;11
18/09/2018;06:15;20;0;20
18/09/2018;06:30;30;3;27
18/09/2018;06:45;45;11;34
18/09/2018;07:00;47;3;44
18/09/2018;07:15;69;8;61
18/09/2018;07:30;94;20;74
18/09/2018;07:45;89;12;77
18/09/2018;08:00;144;72;72
18/09/2018;08:15;66;8;58
18/09/2018;08:30;73;10;63
18/09/2018;08:45;70;5;65
18/09/2018;09:00;49;10;39
18/09/2018;09:15;38;4;34
18/09/2018;09:30;71;36;35
18/09/2018;09:45;39;13;26
18/09/2018;10:00;71;25;46
18/09/2018;10:15;28;3;25
18/09/2018;10:30;62;15;47
18/09/2018;10:45;31;1;30
18/09/2018;11:00;47;5;42
18/09/2018;11:15;67;20;47
18/09/2018;11:30;52;5;47
18/09/2018;11:45;68;24;44
18/09/2018;12:00;65;7;58
18/09/2018;12:15;56;2;54
18/09/2018;12:30;77;3;74
18/09/2018;12:45;68;4;64
18/09/2018;13:00;87;23;64
18/09/2018;13:15;131;32;99
18/09/2018;13:30;90;7;83
18/09/2018;13:45;66;4;62
18/09/2018;14:00;72;7;65
18/09/2018;14:15;100;20;80
18/09/2018;14:30;78;6;72
18/09/2018;14:45;108;3;105
18/09/2018;15:00;93;3;90
18/09/2018;15:15;125;5;120
18/09/2018;15:30;94;3;91
18/09/2018;15:45;108;9;99
18/09/2018;16:00;116;2;114
18/09/2018;16:15;114;1;113
18/09/2018;16:30;109;3;106
18/09/2018;16:45;156;4;152
18/09/2018;17:00;135;4;131
18/09/2018;17:15;182;25;157
18/09/2018;17:30;143;3;140
18/09/2018;17:45;177;38;139
18/09/2018;18:00;165;35;130
18/09/2018;18:15;155;7;148
18/09/2018;18:30;103;4;99
18/09/2018;18:45;148;34;114
18/09/2018;19:00;94;6;88
18/09/2018;19:15;115;25;90
18/09/2018;19:30;81;6;75
18/09/2018;19:45;71;3;68
18/09/2018;20:00;83;16;67
18/09/2018;20:15;59;3;56
18/09/2018;20:30;56;4;52
18/09/2018;20:45;54;4;50
18/09/2018;21:00;43;6;37
18/09/2018;21:15;44;1;43
18/09/2018;21:30;52;10;42
18/09/2018;21:45;64;12;52
18/09/2018;22:00;51;25;26
18/09/2018;22:15;36;5;31
18/09/2018;22:30;22;3;19
18/09/2018;22:45;15;1;14
18/09/2018;23:00;26;3;23
18/09/2018;23:15;24;4;20
18/09/2018;23:30;17;2;15
18/09/2018;23:45;14;3;11
19/09/2018;00:00;8;1;7
19/09/2018;00:15;12;4;8
19/09/2018;00:30;7;1;6
19/09/2018;00:45;6;2;4
19/09/2018;01:00;4;1;3
19/09/2018;01:15;2;1;1
19/09/2018;01:30;2;0;2
19/09/2018;01:45;7;1;6
19/09/2018;02:00;4;3;1
19/09/2018;02:15;1;0;1
19/09/2018;02:30;3;1;2
19/09/2018;02:45;1;0;1
19/09/2018;03:00;0;0;0
19/09/2018;03:15;3;0;3
19/09/2018;03:30;4;1;3
19/09/2018;03:45;2;0;2
19/09/2018;04:00;1;0;1
19/09/2018;04:15;4;4;0
19/09/2018;04:30;1;1;0
19/09/2018;04:45;1;0;1
19/09/2018;05:00;1;0;1
19/09/2018;05:15;9;6;3
19/09/2018;05:30;13;9;4
19/09/2018;05:45;11;7;4
19/09/2018;06:00;16;6;10
19/09/2018;06:15;19;2;17
19/09/2018;06:30;26;3;23
19/09/2018;06:45;33;2;31
19/09/2018;07:00;64;21;43
19/09/2018;07:15;89;41;48
19/09/2018;07:30;77;12;65
19/09/2018;07:45;84;15;69
19/09/2018;08:00;75;7;68
19/09/2018;08:15;75;9;66
19/09/2018;08:30;75;7;68
19/09/2018;08:45;101;61;40
19/09/2018;09:00;55;6;49
19/09/2018;09:15;52;6;46
19/09/2018;09:30;75;40;35
19/09/2018;09:45;57;6;51
19/09/2018;10:00;79;26;53
19/09/2018;10:15;37;3;34
19/09/2018;10:30;71;33;38
19/09/2018;10:45;58;23;35
19/09/2018;11:00;57;13;44
19/09/2018;11:15;41;2;39
19/09/2018;11:30;66;16;50
19/09/2018;11:45;65;21;44
19/09/2018;12:00;54;0;54
19/09/2018;12:15;68;18;50
19/09/2018;12:30;68;2;66
19/09/2018;12:45;101;29;72
19/09/2018;13:00;72;3;69
19/09/2018;13:15;81;4;77
19/09/2018;13:30;85;3;82
19/09/2018;13:45;86;17;69
19/09/2018;14:00;114;25;89
19/09/2018;14:15;92;18;74
19/09/2018;14:30;94;14;80
19/09/2018;14:45;87;19;68
19/09/2018;15:00;120;26;94
19/09/2018;15:15;95;2;93
19/09/2018;15:30;74;1;73
19/09/2018;15:45;161;32;129
19/09/2018;16:00;138;3;135
19/09/2018;16:15;170;36;134
19/09/2018;16:30;138;1;137
19/09/2018;16:45;122;2;120
19/09/2018;17:00;168;20;148
19/09/2018;17:15;151;5;146
19/09/2018;17:30;124;7;117
19/09/2018;17:45;119;4;115
19/09/2018;18:00;128;7;121
19/09/2018;18:15;173;34;139
19/09/2018;18:30;142;34;108
19/09/2018;18:45;147;30;117
19/09/2018;19:00;98;4;94
19/09/2018;19:15;127;26;101
19/09/2018;19:30;87;4;83
19/09/2018;19:45;64;3;61
19/09/2018;20:00;111;30;81
19/09/2018;20:15;101;16;85
19/09/2018;20:30;81;31;50
19/09/2018;20:45;41;5;36
19/09/2018;21:00;47;3;44
19/09/2018;21:15;35;2;33
19/09/2018;21:30;34;1;33
19/09/2018;21:45;41;12;29
19/09/2018;22:00;48;11;37
19/09/2018;22:15;38;1;37
19/09/2018;22:30;24;2;22
19/09/2018;22:45;29;4;25
19/09/2018;23:00;20;0;20
19/09/2018;23:15;24;4;20
19/09/2018;23:30;15;2;13
19/09/2018;23:45;6;1;5
20/09/2018;00:00;14;0;14
20/09/2018;00:15;7;0;7
20/09/2018;00:30;6;1;5
20/09/2018;00:45;2;1;1
20/09/2018;01:00;8;1;7
20/09/2018;01:15;5;0;5
20/09/2018;01:30;11;2;9
20/09/2018;01:45;4;1;3
20/09/2018;02:00;6;1;5
20/09/2018;02:15;3;0;3
20/09/2018;02:30;4;0;4
20/09/2018;02:45;0;0;0
20/09/2018;03:00;5;1;4
20/09/2018;03:15;3;1;2
20/09/2018;03:30;2;0;2
20/09/2018;03:45;0;0;0
20/09/2018;04:00;0;0;0
20/09/2018;04:15;5;3;2
20/09/2018;04:30;3;2;1
20/09/2018;04:45;0;0;0
20/09/2018;05:00;2;0;2
20/09/2018;05:15;5;1;4
20/09/2018;05:30;7;4;3
20/09/2018;05:45;14;8;6
20/09/2018;06:00;26;13;13
20/09/2018;06:15;19;8;11
20/09/2018;06:30;22;3;19
20/09/2018;06:45;41;4;37
20/09/2018;07:00;37;5;32
20/09/2018;07:15;47;5;42
20/09/2018;07:30;85;12;73
20/09/2018;07:45;156;80;76
20/09/2018;08:00;82;14;68
20/09/2018;08:15;67;13;54
20/09/2018;08:30;62;9;53
20/09/2018;08:45;114;70;44
20/09/2018;09:00;56;9;47
20/09/2018;09:15;35;5;30
20/09/2018;09:30;54;10;44
20/09/2018;09:45;65;7;58
20/09/2018;10:00;38;3;35
20/09/2018;10:15;58;24;34
20/09/2018;10:30;34;5;29
20/09/2018;10:45;61;12;49
20/09/2018;11:00;35;4;31
20/09/2018;11:15;65;16;49
20/09/2018;11:30;42;4;38
20/09/2018;11:45;80;14;66
20/09/2018;12:00;46;6;40
20/09/2018;12:15;72;26;46
20/09/2018;12:30;51;0;51
20/09/2018;12:45;83;24;59
20/09/2018;13:00;69;8;61
20/09/2018;13:15;87;8;79
20/09/2018;13:30;66;6;60
20/09/2018;13:45;67;3;64
20/09/2018;14:00;89;9;80
20/09/2018;14:15;98;22;76
20/09/2018;14:30;71;1;70
20/09/2018;14:45;108;25;83
20/09/2018;15:00;96;4;92
20/09/2018;15:15;79;2;77
20/09/2018;15:30;89;3;86
20/09/2018;15:45;102;3;99
20/09/2018;16:00;130;4;126
20/09/2018;16:15;126;2;124
20/09/2018;16:30;189;35;154
20/09/2018;16:45;135;3;132
20/09/2018;17:00;195;38;157
20/09/2018;17:15;198;41;157
20/09/2018;17:30;141;6;135
20/09/2018;17:45;211;44;167
20/09/2018;18:00;157;4;153
20/09/2018;18:15;219;42;177
20/09/2018;18:30;151;35;116
20/09/2018;18:45;146;29;117
20/09/2018;19:00;95;4;91
20/09/2018;19:15;138;41;97
20/09/2018;19:30;87;4;83
20/09/2018;19:45;62;5;57
20/09/2018;20:00;59;4;55
20/09/2018;20:15;73;4;69
20/09/2018;20:30;64;5;59
20/09/2018;20:45;32;8;24
20/09/2018;21:00;49;5;44
20/09/2018;21:15;52;1;51
20/09/2018;21:30;33;1;32
20/09/2018;21:45;37;4;33
20/09/2018;22:00;45;2;43
20/09/2018;22:15;53;17;36
20/09/2018;22:30;22;2;20
20/09/2018;22:45;40;5;35
20/09/2018;23:00;35;4;31
20/09/2018;23:15;22;2;20
20/09/2018;23:30;25;6;19
20/09/2018;23:45;23;2;21
21/09/2018;00:00;29;9;20
21/09/2018;00:15;9;0;9
21/09/2018;00:30;6;0;6
21/09/2018;00:45;10;2;8
21/09/2018;01:00;8;1;7
21/09/2018;01:15;6;0;6
21/09/2018;01:30;7;3;4
21/09/2018;01:45;1;0;1
21/09/2018;02:00;5;1;4
21/09/2018;02:15;3;0;3
21/09/2018;02:30;2;0;2
21/09/2018;02:45;2;0;2
21/09/2018;03:00;3;0;3
21/09/2018;03:15;6;1;5
21/09/2018;03:30;1;0;1
21/09/2018;03:45;0;0;0
21/09/2018;04:00;2;1;1
21/09/2018;04:15;3;3;0
21/09/2018;04:30;4;1;3
21/09/2018;04:45;3;0;3
21/09/2018;05:00;1;1;0
21/09/2018;05:15;3;1;2
21/09/2018;05:30;6;3;3
21/09/2018;05:45;6;2;4
21/09/2018;06:00;15;9;6
21/09/2018;06:15;13;1;12
21/09/2018;06:30;25;3;22
21/09/2018;06:45;41;19;22
21/09/2018;07:00;35;2;33
21/09/2018;07:15;38;2;36
21/09/2018;07:30;62;11;51
21/09/2018;07:45;109;51;58
21/09/2018;08:00;98;65;33
21/09/2018;08:15;63;6;57
21/09/2018;08:30;94;50;44
21/09/2018;08:45;75;44;31
21/09/2018;09:00;44;10;34
21/09/2018;09:15;51;27;24
21/09/2018;09:30;45;26;19
21/09/2018;09:45;43;17;26
21/09/2018;10:00;25;3;22
21/09/2018;10:15;51;21;30
21/09/2018;10:30;57;23;34
21/09/2018;10:45;47;7;40
21/09/2018;11:00;39;12;27
21/09/2018;11:15;25;2;23
21/09/2018;11:30;27;1;26
21/09/2018;11:45;31;8;23
21/09/2018;12:00;27;5;22
21/09/2018;12:15;49;3;46
21/09/2018;12:30;37;1;36
21/09/2018;12:45;61;13;48
21/09/2018;13:00;52;0;52
21/09/2018;13:15;72;4;68
21/09/2018;13:30;72;6;66
21/09/2018;13:45;58;1;57
21/09/2018;14:00;75;15;60
21/09/2018;14:15;57;2;55
21/09/2018;14:30;53;2;51
21/09/2018;14:45;65;3;62
21/09/2018;15:00;83;17;66
21/09/2018;15:15;72;4;68
21/09/2018;15:30;71;3;68
21/09/2018;15:45;72;7;65
21/09/2018;16:00;90;2;88
21/09/2018;16:15;103;27;76
21/09/2018;16:30;77;7;70
21/09/2018;16:45;62;6;56
21/09/2018;17:00;86;5;81
21/09/2018;17:15;71;8;63
21/09/2018;17:30;68;2;66
21/09/2018;17:45;91;22;69
21/09/2018;18:00;73;2;71
21/09/2018;18:15;72;3;69
21/09/2018;18:30;60;6;54
21/09/2018;18:45;85;6;79
21/09/2018;19:00;67;7;60
21/09/2018;19:15;80;16;64
21/09/2018;19:30;59;5;54
21/09/2018;19:45;54;1;53
21/09/2018;20:00;69;21;48
21/09/2018;20:15;41;2;39
21/09/2018;20:30;49;11;38
21/09/2018;20:45;28;3;25
21/09/2018;21:00;27;9;18
21/09/2018;21:15;23;1;22
21/09/2018;21:30;20;0;20
21/09/2018;21:45;27;5;22
21/09/2018;22:00;21;3;18
21/09/2018;22:15;19;5;14
21/09/2018;22:30;11;1;10
21/09/2018;22:45;11;4;7
21/09/2018;23:00;20;5;15
21/09/2018;23:15;30;1;29
21/09/2018;23:30;19;4;15
21/09/2018;23:45;12;1;11
22/09/2018;00:00;9;0;9
22/09/2018;00:15;22;1;21
22/09/2018;00:30;17;4;13
22/09/2018;00:45;23;4;19
22/09/2018;01:00;9;1;8
22/09/2018;01:15;14;1;13
22/09/2018;01:30;7;2;5
22/09/2018;01:45;10;1;9
22/09/2018;02:00;15;3;12
22/09/2018;02:15;2;0;2
22/09/2018;02:30;6;1;5
22/09/2018;02:45;6;0;6
22/09/2018;03:00;5;1;4
22/09/2018;03:15;3;0;3
22/09/2018;03:30;2;1;1
22/09/2018;03:45;1;0;1
22/09/2018;04:00;5;2;3
22/09/2018;04:15;7;4;3
22/09/2018;04:30;3;1;2
22/09/2018;04:45;4;1;3
22/09/2018;05:00;3;1;2
22/09/2018;05:15;5;2;3
22/09/2018;05:30;7;3;4
22/09/2018;05:45;0;0;0
22/09/2018;06:00;5;4;1
22/09/2018;06:15;2;1;1
22/09/2018;06:30;9;2;7
22/09/2018;06:45;4;2;2
22/09/2018;07:00;1;0;1
22/09/2018;07:15;7;4;3
22/09/2018;07:30;7;1;6
22/09/2018;07:45;13;3;10
22/09/2018;08:00;13;4;9
22/09/2018;08:15;14;8;6
22/09/2018;08:30;21;13;8
22/09/2018;08:45;22;7;15
22/09/2018;09:00;17;10;7
22/09/2018;09:15;31;19;12
22/09/2018;09:30;40;18;22
22/09/2018;09:45;31;5;26
22/09/2018;10:00;37;19;18
22/09/2018;10:15;50;17;33
22/09/2018;10:30;58;19;39
22/09/2018;10:45;29;6;23
22/09/2018;11:00;59;27;32
22/09/2018;11:15;42;4;38
22/09/2018;11:30;53;7;46
22/09/2018;11:45;60;26;34
22/09/2018;12:00;48;1;47
22/09/2018;12:15;42;4;38
22/09/2018;12:30;62;4;58
22/09/2018;12:45;64;19;45
22/09/2018;13:00;44;3;41
22/09/2018;13:15;45;2;43
22/09/2018;13:30;52;4;48
22/09/2018;13:45;50;2;48
22/09/2018;14:00;70;12;58
22/09/2018;14:15;56;1;55
22/09/2018;14:30;57;3;54
22/09/2018;14:45;46;2;44
22/09/2018;15:00;62;1;61
22/09/2018;15:15;41;2;39
22/09/2018;15:30;64;17;47
22/09/2018;15:45;54;23;31
22/09/2018;16:00;48;0;48
22/09/2018;16:15;52;4;48
22/09/2018;16:30;40;1;39
22/09/2018;16:45;50;14;36
22/09/2018;17:00;48;0;48
22/09/2018;17:15;32;2;30
22/09/2018;17:30;23;0;23
22/09/2018;17:45;40;4;36
22/09/2018;18:00;35;1;34
22/09/2018;18:15;35;6;29
22/09/2018;18:30;38;12;26
22/09/2018;18:45;39;11;28
22/09/2018;19:00;42;4;38
22/09/2018;19:15;25;3;22
22/09/2018;19:30;29;2;27
22/09/2018;19:45;27;0;27
22/09/2018;20:00;23;0;23
22/09/2018;20:15;27;0;27
22/09/2018;20:30;29;3;26
22/09/2018;20:45;19;9;10
22/09/2018;21:00;12;0;12
22/09/2018;21:15;19;7;12
22/09/2018;21:30;18;4;14
22/09/2018;21:45;8;5;3
22/09/2018;22:00;11;6;5
22/09/2018;22:15;17;1;16
22/09/2018;22:30;5;0;5
22/09/2018;22:45;11;4;7
22/09/2018;23:00;11;2;9
22/09/2018;23:15;9;0;9
22/09/2018;23:30;10;5;5
22/09/2018;23:45;10;1;9
23/09/2018;00:00;7;1;6
23/09/2018;00:15;11;1;10
23/09/2018;00:30;9;1;8
23/09/2018;00:45;13;1;12
23/09/2018;01:00;10;0;10
23/09/2018;01:15;10;4;6
23/09/2018;01:30;3;1;2
23/09/2018;01:45;10;2;8
23/09/2018;02:00;10;3;7
23/09/2018;02:15;5;3;2
23/09/2018;02:30;4;1;3
23/09/2018;02:45;6;1;5
23/09/2018;03:00;1;0;1
23/09/2018;03:15;5;2;3
23/09/2018;03:30;4;0;4
23/09/2018;03:45;4;2;2
23/09/2018;04:00;8;0;8
23/09/2018;04:15;3;0;3
23/09/2018;04:30;0;0;0
23/09/2018;04:45;2;0;2
23/09/2018;05:00;5;2;3
23/09/2018;05:15;1;1;0
23/09/2018;05:30;3;1;2
23/09/2018;05:45;3;1;2
23/09/2018;06:00;2;1;1
23/09/2018;06:15;0;0;0
23/09/2018;06:30;0;0;0
23/09/2018;06:45;0;0;0
23/09/2018;07:00;1;0;1
23/09/2018;07:15;1;0;1
23/09/2018;07:30;1;0;1
23/09/2018;07:45;4;2;2
23/09/2018;08:00;7;3;4
23/09/2018;08:15;4;1;3
23/09/2018;08:30;5;0;5
23/09/2018;08:45;3;0;3
23/09/2018;09:00;7;1;6
23/09/2018;09:15;11;2;9
23/09/2018;09:30;16;7;9
23/09/2018;09:45;14;6;8
23/09/2018;10:00;14;2;12
23/09/2018;10:15;11;2;9
23/09/2018;10:30;12;1;11
23/09/2018;10:45;19;5;14
23/09/2018;11:00;13;4;9
23/09/2018;11:15;5;1;4
23/09/2018;11:30;15;4;11
23/09/2018;11:45;22;9;13
23/09/2018;12:00;9;2;7
23/09/2018;12:15;20;5;15
23/09/2018;12:30;6;0;6
23/09/2018;12:45;8;1;7
23/09/2018;13:00;9;0;9
23/09/2018;13:15;19;7;12
23/09/2018;13:30;5;0;5
23/09/2018;13:45;17;1;16
23/09/2018;14:00;4;0;4
23/09/2018;14:15;11;2;9
23/09/2018;14:30;8;1;7
23/09/2018;14:45;4;0;4
23/09/2018;15:00;11;2;9
23/09/2018;15:15;10;1;9
23/09/2018;15:30;4;1;3
23/09/2018;15:45;11;3;8
23/09/2018;16:00;9;5;4
23/09/2018;16:15;9;2;7
23/09/2018;16:30;12;7;5
23/09/2018;16:45;17;6;11
23/09/2018;17:00;14;7;7
23/09/2018;17:15;15;4;11
23/09/2018;17:30;24;6;18
23/09/2018;17:45;18;5;13
23/09/2018;18:00;21;4;17
23/09/2018;18:15;18;4;14
23/09/2018;18:30;21;10;11
23/09/2018;18:45;19;6;13
23/09/2018;19:00;13;5;8
23/09/2018;19:15;14;0;14
23/09/2018;19:30;17;2;15
23/09/2018;19:45;11;1;10
23/09/2018;20:00;13;1;12
23/09/2018;20:15;16;5;11
23/09/2018;20:30;16;2;14
23/09/2018;20:45;2;2;0
23/09/2018;21:00;9;1;8
23/09/2018;21:15;13;1;12
23/09/2018;21:30;11;1;10
23/09/2018;21:45;5;3;2
23/09/2018;22:00;5;1;4
23/09/2018;22:15;6;1;5
23/09/2018;22:30;5;1;4
23/09/2018;22:45;3;0;3
23/09/2018;23:00;12;8;4
23/09/2018;23:15;1;0;1
23/09/2018;23:30;2;0;2
23/09/2018;23:45;3;3;0
24/09/2018;00:00;3;1;2
24/09/2018;00:15;2;0;2
24/09/2018;00:30;3;0;3
24/09/2018;00:45;2;0;2
24/09/2018;01:00;0;0;0
24/09/2018;01:15;0;0;0
24/09/2018;01:30;1;0;1
24/09/2018;01:45;0;0;0
24/09/2018;02:00;0;0;0
24/09/2018;02:15;0;0;0
24/09/2018;02:30;0;0;0
24/09/2018;02:45;1;1;0
24/09/2018;03:00;0;0;0
24/09/2018;03:15;2;0;2
24/09/2018;03:30;0;0;0
24/09/2018;03:45;0;0;0
24/09/2018;04:00;3;1;2
24/09/2018;04:15;1;1;0
24/09/2018;04:30;3;1;2
24/09/2018;04:45;1;0;1
24/09/2018;05:00;2;1;1
24/09/2018;05:15;5;5;0
24/09/2018;05:30;13;8;5
24/09/2018;05:45;6;3;3
24/09/2018;06:00;18;4;14
24/09/2018;06:15;19;7;12
24/09/2018;06:30;34;13;21
24/09/2018;06:45;47;21;26
24/09/2018;07:00;47;22;25
24/09/2018;07:15;64;26;38
24/09/2018;07:30;141;78;63
24/09/2018;07:45;137;82;55
24/09/2018;08:00;102;53;49
24/09/2018;08:15;98;45;53
24/09/2018;08:30;118;60;58
24/09/2018;08:45;100;48;52
24/09/2018;09:00;78;44;34
24/09/2018;09:15;75;37;38
24/09/2018;09:30;62;33;29
24/09/2018;09:45;51;26;25
24/09/2018;10:00;43;21;22
24/09/2018;10:15;58;26;32
24/09/2018;10:30;53;15;38
24/09/2018;10:45;41;18;23
24/09/2018;11:00;56;18;38
24/09/2018;11:15;56;17;39
24/09/2018;11:30;49;16;33
24/09/2018;11:45;63;18;45
24/09/2018;12:00;52;13;39
24/09/2018;12:15;52;17;35
24/09/2018;12:30;67;23;44
24/09/2018;12:45;63;13;50
24/09/2018;13:00;71;16;55
24/09/2018;13:15;65;10;55
24/09/2018;13:30;79;11;68
24/09/2018;13:45;90;22;68
24/09/2018;14:00;77;14;63
24/09/2018;14:15;80;9;71
24/09/2018;14:30;64;15;49
24/09/2018;14:45;79;13;66
24/09/2018;15:00;81;18;63
24/09/2018;15:15;88;9;79
24/09/2018;15:30;84;16;68
24/09/2018;15:45;108;18;90
24/09/2018;16:00;124;25;99
24/09/2018;16:15;138;15;123
24/09/2018;16:30;125;22;103
24/09/2018;16:45;127;19;108
24/09/2018;17:00;150;21;129
24/09/2018;17:15;116;16;100
24/09/2018;17:30;152;30;122
24/09/2018;17:45;135;22;113
24/09/2018;18:00;126;22;104
24/09/2018;18:15;135;31;104
24/09/2018;18:30;101;26;75
24/09/2018;18:45;113;27;86
24/09/2018;19:00;91;20;71
24/09/2018;19:15;90;22;68
24/09/2018;19:30;63;20;43
24/09/2018;19:45;69;15;54
24/09/2018;20:00;67;20;47
24/09/2018;20:15;43;12;31
24/09/2018;20:30;40;12;28
24/09/2018;20:45;34;7;27
24/09/2018;21:00;31;5;26
24/09/2018;21:15;26;7;19
24/09/2018;21:30;25;4;21
24/09/2018;21:45;28;4;24
24/09/2018;22:00;42;3;39
24/09/2018;22:15;27;5;22
24/09/2018;22:30;16;1;15
24/09/2018;22:45;19;3;16
24/09/2018;23:00;24;3;21
24/09/2018;23:15;9;1;8
24/09/2018;23:30;22;3;19
24/09/2018;23:45;9;2;7
25/09/2018;00:00;6;1;5
25/09/2018;00:15;6;0;6
25/09/2018;00:30;5;0;5
25/09/2018;00:45;12;4;8
25/09/2018;01:00;3;0;3
25/09/2018;01:15;4;1;3
25/09/2018;01:30;1;0;1
25/09/2018;01:45;2;0;2
25/09/2018;02:00;0;0;0
25/09/2018;02:15;1;0;1
25/09/2018;02:30;4;1;3
25/09/2018;02:45;1;1;0
25/09/2018;03:00;0;0;0
25/09/2018;03:15;3;0;3
25/09/2018;03:30;1;0;1
25/09/2018;03:45;0;0;0
25/09/2018;04:00;4;1;3
25/09/2018;04:15;5;4;1
25/09/2018;04:30;1;1;0
25/09/2018;04:45;1;0;1
25/09/2018;05:00;5;2;3
25/09/2018;05:15;9;5;4
25/09/2018;05:30;11;8;3
25/09/2018;05:45;10;5;5
25/09/2018;06:00;20;7;13
25/09/2018;06:15;24;11;13
25/09/2018;06:30;43;17;26
25/09/2018;06:45;49;26;23
25/09/2018;07:00;59;26;33
25/09/2018;07:15;68;27;41
25/09/2018;07:30;136;75;61
25/09/2018;07:45;168;103;65
25/09/2018;08:00;117;62;55
25/09/2018;08:15;113;50;63
25/09/2018;08:30;99;50;49
25/09/2018;08:45;124;64;60
25/09/2018;09:00;71;37;34
25/09/2018;09:15;71;33;38
25/09/2018;09:30;69;35;34
25/09/2018;09:45;71;36;35
25/09/2018;10:00;64;18;46
25/09/2018;10:15;52;28;24
25/09/2018;10:30;57;20;37
25/09/2018;10:45;57;22;35
25/09/2018;11:00;49;10;39
25/09/2018;11:15;58;23;35
25/09/2018;11:30;64;15;49
25/09/2018;11:45;59;14;45
25/09/2018;12:00;56;16;40
25/09/2018;12:15;50;14;36
25/09/2018;12:30;63;17;46
25/09/2018;12:45;74;24;50
25/09/2018;13:00;77;22;55
25/09/2018;13:15;103;21;82
25/09/2018;13:30;81;22;59
25/09/2018;13:45;80;20;60
25/09/2018;14:00;75;18;57
25/09/2018;14:15;81;14;67
25/09/2018;14:30;91;27;64
25/09/2018;14:45;94;16;78
25/09/2018;15:00;102;21;81
25/09/2018;15:15;118;23;95
25/09/2018;15:30;114;24;90
25/09/2018;15:45;124;17;107
25/09/2018;16:00;156;31;125
25/09/2018;16:15;130;26;104
25/09/2018;16:30;169;30;139
25/09/2018;16:45;175;48;127
25/09/2018;17:00;161;28;133
25/09/2018;17:15;155;25;130
25/09/2018;17:30;180;37;143
25/09/2018;17:45;149;26;123
25/09/2018;18:00;141;28;113
25/09/2018;18:15;156;29;127
25/09/2018;18:30;145;27;118
25/09/2018;18:45;115;23;92
25/09/2018;19:00;103;24;79
25/09/2018;19:15;104;28;76
25/09/2018;19:30;98;17;81
25/09/2018;19:45;91;31;60
25/09/2018;20:00;80;19;61
25/09/2018;20:15;68;13;55
25/09/2018;20:30;56;14;42
25/09/2018;20:45;43;10;33
25/09/2018;21:00;47;17;30
25/09/2018;21:15;34;4;30
25/09/2018;21:30;28;3;25
25/09/2018;21:45;52;13;39
25/09/2018;22:00;51;9;42
25/09/2018;22:15;35;8;27
25/09/2018;22:30;37;9;28
25/09/2018;22:45;21;4;17
25/09/2018;23:00;21;3;18
25/09/2018;23:15;21;0;21
25/09/2018;23:30;15;3;12
25/09/2018;23:45;5;1;4
26/09/2018;00:00;9;2;7
26/09/2018;00:15;9;4;5
26/09/2018;00:30;6;1;5
26/09/2018;00:45;4;1;3
26/09/2018;01:00;2;0;2
26/09/2018;01:15;3;0;3
26/09/2018;01:30;6;1;5
26/09/2018;01:45;1;0;1
26/09/2018;02:00;2;2;0
26/09/2018;02:15;0;0;0
26/09/2018;02:30;0;0;0
26/09/2018;02:45;2;0;2
26/09/2018;03:00;2;1;1
26/09/2018;03:15;3;0;3
26/09/2018;03:30;0;0;0
26/09/2018;03:45;1;0;1
26/09/2018;04:00;0;0;0
26/09/2018;04:15;3;1;2
26/09/2018;04:30;4;1;3
26/09/2018;04:45;0;0;0
26/09/2018;05:00;5;2;3
26/09/2018;05:15;8;7;1
26/09/2018;05:30;12;4;8
26/09/2018;05:45;12;7;5
26/09/2018;06:00;20;10;10
26/09/2018;06:15;25;6;19
26/09/2018;06:30;33;18;15
26/09/2018;06:45;36;11;25
26/09/2018;07:00;52;22;30
26/09/2018;07:15;73;33;40
26/09/2018;07:30;151;82;69
26/09/2018;07:45;150;83;67
26/09/2018;08:00;114;65;49
26/09/2018;08:15;128;58;70
26/09/2018;08:30;122;62;60
26/09/2018;08:45;104;63;41
26/09/2018;09:00;93;46;47
26/09/2018;09:15;64;38;26
26/09/2018;09:30;79;43;36
26/09/2018;09:45;59;28;31
26/09/2018;10:00;47;23;24
26/09/2018;10:15;53;19;34
26/09/2018;10:30;54;24;30
26/09/2018;10:45;53;26;27
26/09/2018;11:00;56;16;40
26/09/2018;11:15;58;20;38
26/09/2018;11:30;53;16;37
26/09/2018;11:45;64;22;42
26/09/2018;12:00;61;20;41
26/09/2018;12:15;68;19;49
26/09/2018;12:30;63;23;40
26/09/2018;12:45;66;19;47
26/09/2018;13:00;72;11;61
26/09/2018;13:15;117;21;96
26/09/2018;13:30;94;22;72
26/09/2018;13:45;57;11;46
26/09/2018;14:00;93;30;63
26/09/2018;14:15;98;16;82
26/09/2018;14:30;77;12;65
26/09/2018;14:45;93;21;72
26/09/2018;15:00;107;24;83
26/09/2018;15:15;92;20;72
26/09/2018;15:30;100;23;77
26/09/2018;15:45;116;19;97
26/09/2018;16:00;147;35;112
26/09/2018;16:15;144;22;122
26/09/2018;16:30;144;22;122
26/09/2018;16:45;116;16;100
26/09/2018;17:00;155;26;129
26/09/2018;17:15;170;30;140
26/09/2018;17:30;153;27;126
26/09/2018;17:45;178;38;140
26/09/2018;18:00;152;45;107
26/09/2018;18:15;144;39;105
26/09/2018;18:30;131;26;105
26/09/2018;18:45;114;22;92
26/09/2018;19:00;131;30;101
26/09/2018;19:15;120;19;101
26/09/2018;19:30;100;22;78
26/09/2018;19:45;98;15;83
26/09/2018;20:00;86;16;70
26/09/2018;20:15;62;15;47
26/09/2018;20:30;50;13;37
26/09/2018;20:45;53;10;43
26/09/2018;21:00;46;15;31
26/09/2018;21:15;37;2;35
26/09/2018;21:30;47;14;33
26/09/2018;21:45;39;11;28
26/09/2018;22:00;48;10;38
26/09/2018;22:15;41;14;27
26/09/2018;22:30;37;8;29
26/09/2018;22:45;27;11;16
26/09/2018;23:00;24;3;21
26/09/2018;23:15;22;3;19
26/09/2018;23:30;13;2;11
26/09/2018;23:45;12;2;10
27/09/2018;00:00;11;0;11
27/09/2018;00:15;11;2;9
27/09/2018;00:30;8;2;6
27/09/2018;00:45;9;3;6
27/09/2018;01:00;4;3;1
27/09/2018;01:15;7;1;6
27/09/2018;01:30;2;0;2
27/09/2018;01:45;1;0;1
27/09/2018;02:00;2;2;0
27/09/2018;02:15;0;0;0
27/09/2018;02:30;1;1;0
27/09/2018;02:45;0;0;0
27/09/2018;03:00;0;0;0
27/09/2018;03:15;4;1;3
27/09/2018;03:30;1;0;1
27/09/2018;03:45;0;0;0
27/09/2018;04:00;1;0;1
27/09/2018;04:15;4;2;2
27/09/2018;04:30;2;1;1
27/09/2018;04:45;2;1;1
27/09/2018;05:00;2;2;0
27/09/2018;05:15;7;3;4
27/09/2018;05:30;10;5;5
27/09/2018;05:45;12;7;5
27/09/2018;06:00;20;8;12
27/09/2018;06:15;27;9;18
27/09/2018;06:30;32;13;19
27/09/2018;06:45;46;18;28
27/09/2018;07:00;55;25;30
27/09/2018;07:15;74;34;40
27/09/2018;07:30;147;91;56
27/09/2018;07:45;145;81;64
27/09/2018;08:00;135;68;67
27/09/2018;08:15;105;53;52
27/09/2018;08:30;112;49;63
27/09/2018;08:45;99;54;45
27/09/2018;09:00;73;41;32
27/09/2018;09:15;68;38;30
27/09/2018;09:30;65;31;34
27/09/2018;09:45;61;32;29
27/09/2018;10:00;61;24;37
27/09/2018;10:15;49;20;29
27/09/2018;10:30;42;24;18
27/09/2018;10:45;53;20;33
27/09/2018;11:00;47;13;34
27/09/2018;11:15;56;16;40
27/09/2018;11:30;71;22;49
27/09/2018;11:45;75;25;50
27/09/2018;12:00;66;19;47
27/09/2018;12:15;67;23;44
27/09/2018;12:30;76;25;51
27/09/2018;12:45;83;18;65
27/09/2018;13:00;76;18;58
27/09/2018;13:15;85;20;65
27/09/2018;13:30;90;17;73
27/09/2018;13:45;95;16;79
27/09/2018;14:00;94;21;73
27/09/2018;14:15;108;31;77
27/09/2018;14:30;107;31;76
27/09/2018;14:45;102;26;76
27/09/2018;15:00;107;21;86
27/09/2018;15:15;130;25;105
27/09/2018;15:30;116;19;97
27/09/2018;15:45;141;15;126
27/09/2018;16:00;155;27;128
27/09/2018;16:15;168;34;134
27/09/2018;16:30;172;34;138
27/09/2018;16:45;189;28;161
27/09/2018;17:00;156;21;135
27/09/2018;17:15;161;32;129
27/09/2018;17:30;215;42;173
27/09/2018;17:45;172;26;146
27/09/2018;18:00;184;28;156
27/09/2018;18:15;157;32;125
27/09/2018;18:30;163;27;136
27/09/2018;18:45;158;41;117
27/09/2018;19:00;126;33;93
27/09/2018;19:15;106;28;78
27/09/2018;19:30;95;25;70
27/09/2018;19:45;80;26;54
27/09/2018;20:00;83;21;62
27/09/2018;20:15;83;24;59
27/09/2018;20:30;77;23;54
27/09/2018;20:45;48;17;31
27/09/2018;21:00;39;11;28
27/09/2018;21:15;39;10;29
27/09/2018;21:30;56;8;48
27/09/2018;21:45;34;6;28
27/09/2018;22:00;46;8;38
27/09/2018;22:15;47;6;41
27/09/2018;22:30;27;6;21
27/09/2018;22:45;34;8;26
27/09/2018;23:00;17;3;14
27/09/2018;23:15;31;3;28
27/09/2018;23:30;22;7;15
27/09/2018;23:45;24;5;19
28/09/2018;00:00;16;3;13
28/09/2018;00:15;12;3;9
28/09/2018;00:30;11;1;10
28/09/2018;00:45;4;1;3
28/09/2018;01:00;3;2;1
28/09/2018;01:15;3;0;3
28/09/2018;01:30;3;0;3
28/09/2018;01:45;5;0;5
28/09/2018;02:00;4;1;3
28/09/2018;02:15;3;0;3
28/09/2018;02:30;6;0;6
28/09/2018;02:45;1;0;1
28/09/2018;03:00;0;0;0
28/09/2018;03:15;6;1;5
28/09/2018;03:30;1;0;1
28/09/2018;03:45;1;0;1
28/09/2018;04:00;1;0;1
28/09/2018;04:15;3;2;1
28/09/2018;04:30;4;1;3
28/09/2018;04:45;2;0;2
28/09/2018;05:00;3;2;1
28/09/2018;05:15;10;6;4
28/09/2018;05:30;13;6;7
28/09/2018;05:45;7;4;3
28/09/2018;06:00;17;7;10
28/09/2018;06:15;17;5;12
28/09/2018;06:30;36;13;23
28/09/2018;06:45;46;25;21
28/09/2018;07:00;43;13;30
28/09/2018;07:15;54;20;34
28/09/2018;07:30;138;80;58
28/09/2018;07:45;137;81;56
28/09/2018;08:00;93;46;47
28/09/2018;08:15;100;39;61
28/09/2018;08:30;92;48;44
28/09/2018;08:45;96;49;47
28/09/2018;09:00;75;39;36
28/09/2018;09:15;67;23;44
28/09/2018;09:30;83;33;50
28/09/2018;09:45;57;27;30
28/09/2018;10:00;47;22;25
28/09/2018;10:15;58;19;39
28/09/2018;10:30;41;12;29
28/09/2018;10:45;54;23;31
28/09/2018;11:00;53;19;34
28/09/2018;11:15;44;9;35
28/09/2018;11:30;48;12;36
28/09/2018;11:45;35;8;27
28/09/2018;12:00;42;10;32
28/09/2018;12:15;46;6;40
28/09/2018;12:30;80;21;59
28/09/2018;12:45;60;13;47
28/09/2018;13:00;67;8;59
28/09/2018;13:15;95;14;81
28/09/2018;13:30;114;15;99
28/09/2018;13:45;92;22;70
28/09/2018;14:00;66;12;54
28/09/2018;14:15;92;6;86
28/09/2018;14:30;92;16;76
28/09/2018;14:45;88;22;66
28/09/2018;15:00;84;21;63
28/09/2018;15:15;91;17;74
28/09/2018;15:30;78;21;57
28/09/2018;15:45;70;15;55
28/09/2018;16:00;105;15;90
28/09/2018;16:15;86;23;63
28/09/2018;16:30;101;23;78
28/09/2018;16:45;121;39;82
28/09/2018;17:00;89;15;74
28/09/2018;17:15;91;31;60
28/09/2018;17:30;91;20;71
28/09/2018;17:45;87;21;66
28/09/2018;18:00;95;24;71
28/09/2018;18:15;88;19;69
28/09/2018;18:30;71;17;54
28/09/2018;18:45;81;18;63
28/09/2018;19:00;91;21;70
28/09/2018;19:15;87;19;68
28/09/2018;19:30;86;24;62
28/09/2018;19:45;60;16;44
28/09/2018;20:00;41;7;34
28/09/2018;20:15;57;12;45
28/09/2018;20:30;43;8;35
28/09/2018;20:45;32;6;26
28/09/2018;21:00;34;11;23
28/09/2018;21:15;21;4;17
28/09/2018;21:30;28;6;22
28/09/2018;21:45;33;9;24
28/09/2018;22:00;24;7;17
28/09/2018;22:15;17;4;13
28/09/2018;22:30;29;5;24
28/09/2018;22:45;29;10;19
28/09/2018;23:00;20;4;16
28/09/2018;23:15;23;3;20
28/09/2018;23:30;19;4;15
28/09/2018;23:45;15;1;14
29/09/2018;00:00;14;2;12
29/09/2018;00:15;14;3;11
29/09/2018;00:30;16;4;12
29/09/2018;00:45;9;1;8
29/09/2018;01:00;3;0;3
29/09/2018;01:15;6;2;4
29/09/2018;01:30;3;0;3
29/09/2018;01:45;11;2;9
29/09/2018;02:00;17;2;15
29/09/2018;02:15;7;1;6
29/09/2018;02:30;2;0;2
29/09/2018;02:45;6;3;3
29/09/2018;03:00;7;2;5
29/09/2018;03:15;5;1;4
29/09/2018;03:30;1;0;1
29/09/2018;03:45;3;0;3
29/09/2018;04:00;2;0;2
29/09/2018;04:15;1;0;1
29/09/2018;04:30;3;0;3
29/09/2018;04:45;3;0;3
29/09/2018;05:00;2;1;1
29/09/2018;05:15;4;3;1
29/09/2018;05:30;6;2;4
29/09/2018;05:45;1;1;0
29/09/2018;06:00;4;2;2
29/09/2018;06:15;4;2;2
29/09/2018;06:30;2;1;1
29/09/2018;06:45;6;5;1
29/09/2018;07:00;5;3;2
29/09/2018;07:15;5;0;5
29/09/2018;07:30;10;4;6
29/09/2018;07:45;8;3;5
29/09/2018;08:00;17;9;8
29/09/2018;08:15;13;4;9
29/09/2018;08:30;21;9;12
29/09/2018;08:45;28;17;11
29/09/2018;09:00;19;11;8
29/09/2018;09:15;30;15;15
29/09/2018;09:30;29;14;15
29/09/2018;09:45;39;19;20
29/09/2018;10:00;38;15;23
29/09/2018;10:15;34;19;15
29/09/2018;10:30;55;23;32
29/09/2018;10:45;55;17;38
29/09/2018;11:00;50;23;27
29/09/2018;11:15;53;24;29
29/09/2018;11:30;64;17;47
29/09/2018;11:45;58;18;40
29/09/2018;12:00;76;29;47
29/09/2018;12:15;71;19;52
29/09/2018;12:30;58;18;40
29/09/2018;12:45;101;32;69
29/09/2018;13:00;95;37;58
29/09/2018;13:15;74;22;52
29/09/2018;13:30;90;28;62
29/09/2018;13:45;97;32;65
29/09/2018;14:00;107;31;76
29/09/2018;14:15;112;34;78
29/09/2018;14:30;91;22;69
29/09/2018;14:45;113;27;86
29/09/2018;15:00;92;16;76
29/09/2018;15:15;93;23;70
29/09/2018;15:30;97;19;78
29/09/2018;15:45;71;16;55
29/09/2018;16:00;94;30;64
29/09/2018;16:15;102;15;87
29/09/2018;16:30;111;29;82
29/09/2018;16:45;79;28;51
29/09/2018;17:00;91;10;81
29/09/2018;17:15;111;25;86
29/09/2018;17:30;72;20;52
29/09/2018;17:45;86;30;56
29/09/2018;18:00;89;15;74
29/09/2018;18:15;83;17;66
29/09/2018;18:30;68;22;46
29/09/2018;18:45;90;26;64
29/09/2018;19:00;81;34;47
29/09/2018;19:15;70;24;46
29/09/2018;19:30;69;17;52
29/09/2018;19:45;61;11;50
29/09/2018;20:00;58;10;48
29/09/2018;20:15;34;5;29
29/09/2018;20:30;27;5;22
29/09/2018;20:45;47;15;32
29/09/2018;21:00;17;8;9
29/09/2018;21:15;23;3;20
29/09/2018;21:30;14;2;12
29/09/2018;21:45;27;6;21
29/09/2018;22:00;19;1;18
29/09/2018;22:15;31;3;28
29/09/2018;22:30;29;1;28
29/09/2018;22:45;18;1;17
29/09/2018;23:00;23;10;13
29/09/2018;23:15;25;10;15
29/09/2018;23:30;15;2;13
29/09/2018;23:45;14;1;13
30/09/2018;00:00;23;3;20
30/09/2018;00:15;14;4;10
30/09/2018;00:30;20;4;16
30/09/2018;00:45;13;4;9
30/09/2018;01:00;13;4;9
30/09/2018;01:15;18;1;17
30/09/2018;01:30;8;0;8
30/09/2018;01:45;6;1;5
30/09/2018;02:00;16;3;13
30/09/2018;02:15;13;1;12
30/09/2018;02:30;7;0;7
30/09/2018;02:45;6;2;4
30/09/2018;03:00;11;4;7
30/09/2018;03:15;4;0;4
30/09/2018;03:30;6;1;5
30/09/2018;03:45;1;0;1
30/09/2018;04:00;2;1;1
30/09/2018;04:15;2;0;2
30/09/2018;04:30;1;0;1
30/09/2018;04:45;3;1;2
30/09/2018;05:00;4;2;2
30/09/2018;05:15;0;0;0
30/09/2018;05:30;3;0;3
30/09/2018;05:45;6;3;3
30/09/2018;06:00;2;1;1
30/09/2018;06:15;3;3;0
30/09/2018;06:30;1;1;0
30/09/2018;06:45;2;2;0
30/09/2018;07:00;4;2;2
30/09/2018;07:15;2;1;1
30/09/2018;07:30;6;3;3
30/09/2018;07:45;3;2;1
30/09/2018;08:00;6;2;4
30/09/2018;08:15;10;6;4
30/09/2018;08:30;6;1;5
30/09/2018;08:45;16;8;8
30/09/2018;09:00;16;3;13
30/09/2018;09:15;16;4;12
30/09/2018;09:30;24;10;14
30/09/2018;09:45;34;16;18
30/09/2018;10:00;27;11;16
30/09/2018;10:15;25;13;12
30/09/2018;10:30;45;15;30
30/09/2018;10:45;43;11;32
30/09/2018;11:00;29;7;22
30/09/2018;11:15;33;5;28
30/09/2018;11:30;44;20;24
30/09/2018;11:45;51;18;33
30/09/2018;12:00;58;14;44
30/09/2018;12:15;71;24;47
30/09/2018;12:30;65;20;45
30/09/2018;12:45;73;23;50
30/09/2018;13:00;75;11;64
30/09/2018;13:15;60;16;44
30/09/2018;13:30;69;22;47
30/09/2018;13:45;81;17;64
30/09/2018;14:00;66;19;47
30/09/2018;14:15;69;12;57
30/09/2018;14:30;75;22;53
30/09/2018;14:45;78;10;68
30/09/2018;15:00;54;9;45
30/09/2018;15:15;65;18;47
30/09/2018;15:30;77;16;61
30/09/2018;15:45;92;20;72
30/09/2018;16:00;86;21;65
30/09/2018;16:15;76;18;58
30/09/2018;16:30;92;33;59
30/09/2018;16:45;100;21;79
30/09/2018;17:00;89;38;51
30/09/2018;17:15;99;27;72
30/09/2018;17:30;70;25;45
30/09/2018;17:45;75;24;51
30/09/2018;18:00;55;22;33
30/09/2018;18:15;80;26;54
30/09/2018;18:30;65;21;44
30/09/2018;18:45;57;15;42
30/09/2018;19:00;71;26;45
30/09/2018;19:15;65;15;50
30/09/2018;19:30;52;14;38
30/09/2018;19:45;41;13;28
30/09/2018;20:00;33;12;21
30/09/2018;20:15;29;8;21
30/09/2018;20:30;20;6;14
30/09/2018;20:45;18;3;15
30/09/2018;21:00;28;6;22
30/09/2018;21:15;26;6;20
30/09/2018;21:30;21;7;14
30/09/2018;21:45;19;8;11
30/09/2018;22:00;22;8;14
30/09/2018;22:15;14;3;11
30/09/2018;22:30;9;5;4
30/09/2018;22:45;12;5;7
30/09/2018;23:00;13;3;10
30/09/2018;23:15;8;2;6
30/09/2018;23:30;10;2;8
30/09/2018;23:45;8;0;8
01/10/2018;00:00;4;1;3
01/10/2018;00:15;5;2;3
01/10/2018;00:30;3;0;3
01/10/2018;00:45;2;0;2
01/10/2018;01:00;1;0;1
01/10/2018;01:15;6;1;5
01/10/2018;01:30;0;0;0
01/10/2018;01:45;0;0;0
01/10/2018;02:00;1;0;1
01/10/2018;02:15;0;0;0
01/10/2018;02:30;1;0;1
01/10/2018;02:45;2;0;2
01/10/2018;03:00;1;1;0
01/10/2018;03:15;2;0;2
01/10/2018;03:30;0;0;0
01/10/2018;03:45;0;0;0
01/10/2018;04:00;1;0;1
01/10/2018;04:15;3;1;2
01/10/2018;04:30;1;0;1
01/10/2018;04:45;3;1;2
01/10/2018;05:00;3;3;0
01/10/2018;05:15;7;6;1
01/10/2018;05:30;17;9;8
01/10/2018;05:45;9;5;4
01/10/2018;06:00;22;8;14
01/10/2018;06:15;12;5;7
01/10/2018;06:30;32;15;17
01/10/2018;06:45;38;15;23
01/10/2018;07:00;57;25;32
01/10/2018;07:15;66;29;37
01/10/2018;07:30;145;78;67
01/10/2018;07:45;129;82;47
01/10/2018;08:00;90;42;48
01/10/2018;08:15;106;50;56
01/10/2018;08:30;96;42;54
01/10/2018;08:45;106;55;51
01/10/2018;09:00;88;40;48
01/10/2018;09:15;61;34;27
01/10/2018;09:30;86;43;43
01/10/2018;09:45;63;29;34
01/10/2018;10:00;54;23;31
01/10/2018;10:15;40;18;22
01/10/2018;10:30;44;21;23
01/10/2018;10:45;41;7;34
01/10/2018;11:00;43;16;27
01/10/2018;11:15;60;19;41
01/10/2018;11:30;56;23;33
01/10/2018;11:45;56;19;37
01/10/2018;12:00;54;14;40
01/10/2018;12:15;57;14;43
01/10/2018;12:30;59;16;43
01/10/2018;12:45;48;14;34
01/10/2018;13:00;49;13;36
01/10/2018;13:15;89;25;64
01/10/2018;13:30;74;12;62
01/10/2018;13:45;73;18;55
01/10/2018;14:00;63;15;48
01/10/2018;14:15;90;17;73
01/10/2018;14:30;78;21;57
01/10/2018;14:45;60;8;52
01/10/2018;15:00;86;16;70
01/10/2018;15:15;79;15;64
01/10/2018;15:30;68;17;51
01/10/2018;15:45;75;10;65
01/10/2018;16:00;101;13;88
01/10/2018;16:15;115;18;97
01/10/2018;16:30;104;25;79
01/10/2018;16:45;115;21;94
01/10/2018;17:00;106;21;85
01/10/2018;17:15;129;21;108
01/10/2018;17:30;130;27;103
01/10/2018;17:45;144;27;117
01/10/2018;18:00;101;24;77
01/10/2018;18:15;119;24;95
01/10/2018;18:30;111;25;86
01/10/2018;18:45;113;22;91
01/10/2018;19:00;85;15;70
01/10/2018;19:15;78;9;69
01/10/2018;19:30;67;13;54
01/10/2018;19:45;65;14;51
01/10/2018;20:00;56;13;43
01/10/2018;20:15;42;9;33
01/10/2018;20:30;27;3;24
01/10/2018;20:45;40;7;33
01/10/2018;21:00;34;6;28
01/10/2018;21:15;29;3;26
01/10/2018;21:30;28;6;22
01/10/2018;21:45;31;6;25
01/10/2018;22:00;25;4;21
01/10/2018;22:15;15;2;13
01/10/2018;22:30;15;3;12
01/10/2018;22:45;16;6;10
01/10/2018;23:00;18;1;17
01/10/2018;23:15;15;2;13
01/10/2018;23:30;5;0;5
01/10/2018;23:45;10;2;8
02/10/2018;00:00;9;3;6
02/10/2018;00:15;6;0;6
02/10/2018;00:30;5;0;5
02/10/2018;00:45;3;0;3
02/10/2018;01:00;1;1;0
02/10/2018;01:15;4;1;3
02/10/2018;01:30;3;1;2
02/10/2018;01:45;2;0;2
02/10/2018;02:00;1;1;0
02/10/2018;02:15;1;0;1
02/10/2018;02:30;2;1;1
02/10/2018;02:45;0;0;0
02/10/2018;03:00;2;1;1
02/10/2018;03:15;3;0;3
02/10/2018;03:30;1;0;1
02/10/2018;03:45;0;0;0
02/10/2018;04:00;0;0;0
02/10/2018;04:15;1;1;0
02/10/2018;04:30;0;0;0
02/10/2018;04:45;4;2;2
02/10/2018;05:00;4;3;1
02/10/2018;05:15;7;2;5
02/10/2018;05:30;17;12;5
02/10/2018;05:45;11;7;4
02/10/2018;06:00;13;4;9
02/10/2018;06:15;20;9;11
02/10/2018;06:30;22;5;17
02/10/2018;06:45;31;18;13
02/10/2018;07:00;53;20;33
02/10/2018;07:15;47;25;22
02/10/2018;07:30;138;83;55
02/10/2018;07:45;112;69;43
02/10/2018;08:00;89;44;45
02/10/2018;08:15;82;29;53
02/10/2018;08:30;86;45;41
02/10/2018;08:45;75;43;32
02/10/2018;09:00;61;33;28
02/10/2018;09:15;54;33;21
02/10/2018;09:30;51;22;29
02/10/2018;09:45;47;23;24
02/10/2018;10:00;33;12;21
02/10/2018;10:15;35;13;22
02/10/2018;10:30;34;10;24
02/10/2018;10:45;31;11;20
02/10/2018;11:00;33;9;24
02/10/2018;11:15;38;13;25
02/10/2018;11:30;31;7;24
02/10/2018;11:45;42;9;33
02/10/2018;12:00;42;10;32
02/10/2018;12:15;35;8;27
02/10/2018;12:30;38;9;29
02/10/2018;12:45;28;5;23
02/10/2018;13:00;33;3;30
02/10/2018;13:15;53;10;43
02/10/2018;13:30;49;7;42
02/10/2018;13:45;52;10;42
02/10/2018;14:00;50;19;31
02/10/2018;14:15;52;12;40
02/10/2018;14:30;47;11;36
02/10/2018;14:45;61;7;54
02/10/2018;15:00;52;9;43
02/10/2018;15:15;44;8;36
02/10/2018;15:30;83;15;68
02/10/2018;15:45;89;11;78
02/10/2018;16:00;90;12;78
02/10/2018;16:15;98;13;85
02/10/2018;16:30;95;23;72
02/10/2018;16:45;126;22;104
02/10/2018;17:00;95;20;75
02/10/2018;17:15;109;23;86
02/10/2018;17:30;96;13;83
02/10/2018;17:45;100;21;79
02/10/2018;18:00;90;20;70
02/10/2018;18:15;125;28;97
02/10/2018;18:30;106;20;86
02/10/2018;18:45;68;10;58
02/10/2018;19:00;81;15;66
02/10/2018;19:15;76;15;61
02/10/2018;19:30;71;11;60
02/10/2018;19:45;85;24;61
02/10/2018;20:00;55;9;46
02/10/2018;20:15;48;12;36
02/10/2018;20:30;27;6;21
02/10/2018;20:45;29;12;17
02/10/2018;21:00;27;6;21
02/10/2018;21:15;24;6;18
02/10/2018;21:30;19;3;16
02/10/2018;21:45;29;3;26
02/10/2018;22:00;28;11;17
02/10/2018;22:15;25;11;14
02/10/2018;22:30;27;3;24
02/10/2018;22:45;17;6;11
02/10/2018;23:00;30;5;25
02/10/2018;23:15;17;4;13
02/10/2018;23:30;17;6;11
02/10/2018;23:45;9;2;7
03/10/2018;00:00;12;2;10
03/10/2018;00:15;14;0;14
03/10/2018;00:30;9;0;9
03/10/2018;00:45;17;7;10
03/10/2018;01:00;6;2;4
03/10/2018;01:15;12;0;12
03/10/2018;01:30;12;1;11
03/10/2018;01:45;17;1;16
03/10/2018;02:00;9;2;7
03/10/2018;02:15;7;1;6
03/10/2018;02:30;6;0;6
03/10/2018;02:45;13;1;12
03/10/2018;03:00;3;1;2
03/10/2018;03:15;8;3;5
03/10/2018;03:30;7;2;5
03/10/2018;03:45;1;0;1
03/10/2018;04:00;4;3;1
03/10/2018;04:15;6;2;4
03/10/2018;04:30;7;0;7
03/10/2018;04:45;4;1;3
03/10/2018;05:00;4;0;4
03/10/2018;05:15;2;2;0
03/10/2018;05:30;8;1;7
03/10/2018;05:45;3;2;1
03/10/2018;06:00;4;1;3
03/10/2018;06:15;5;3;2
03/10/2018;06:30;0;0;0
03/10/2018;06:45;3;0;3
03/10/2018;07:00;1;0;1
03/10/2018;07:15;1;0;1
03/10/2018;07:30;11;3;8
03/10/2018;07:45;6;2;4
03/10/2018;08:00;5;0;5
03/10/2018;08:15;9;1;8
03/10/2018;08:30;11;3;8
03/10/2018;08:45;6;2;4
03/10/2018;09:00;10;2;8
03/10/2018;09:15;14;6;8
03/10/2018;09:30;17;6;11
03/10/2018;09:45;29;16;13
03/10/2018;10:00;14;5;9
03/10/2018;10:15;19;6;13
03/10/2018;10:30;27;14;13
03/10/2018;10:45;38;10;28
03/10/2018;11:00;30;9;21
03/10/2018;11:15;32;11;21
03/10/2018;11:30;32;5;27
03/10/2018;11:45;32;6;26
03/10/2018;12:00;37;8;29
03/10/2018;12:15;32;7;25
03/10/2018;12:30;32;6;26
03/10/2018;12:45;47;20;27
03/10/2018;13:00;33;9;24
03/10/2018;13:15;57;12;45
03/10/2018;13:30;32;10;22
03/10/2018;13:45;42;11;31
03/10/2018;14:00;40;9;31
03/10/2018;14:15;65;14;51
03/10/2018;14:30;50;14;36
03/10/2018;14:45;51;15;36
03/10/2018;15:00;45;14;31
03/10/2018;15:15;50;9;41
03/10/2018;15:30;43;15;28
03/10/2018;15:45;76;13;63
03/10/2018;16:00;37;3;34
03/10/2018;16:15;60;17;43
03/10/2018;16:30;48;18;30
03/10/2018;16:45;59;19;40
03/10/2018;17:00;52;15;37
03/10/2018;17:15;58;18;40
03/10/2018;17:30;59;8;51
03/10/2018;17:45;45;13;32
03/10/2018;18:00;66;6;60
03/10/2018;18:15;73;20;53
03/10/2018;18:30;52;17;35
03/10/2018;18:45;39;11;28
03/10/2018;19:00;51;13;38
03/10/2018;19:15;46;11;35
03/10/2018;19:30;41;16;25
03/10/2018;19:45;37;15;22
03/10/2018;20:00;25;7;18
03/10/2018;20:15;37;16;21
03/10/2018;20:30;38;14;24
03/10/2018;20:45;30;10;20
03/10/2018;21:00;23;11;12
03/10/2018;21:15;33;6;27
03/10/2018;21:30;21;6;15
03/10/2018;21:45;21;8;13
03/10/2018;22:00;29;6;23
03/10/2018;22:15;27;4;23
03/10/2018;22:30;25;4;21
03/10/2018;22:45;14;3;11
03/10/2018;23:00;28;4;24
03/10/2018;23:15;11;1;10
03/10/2018;23:30;13;1;12
03/10/2018;23:45;4;1;3
04/10/2018;00:00;2;0;2
04/10/2018;00:15;3;0;3
04/10/2018;00:30;4;1;3
04/10/2018;00:45;1;0;1
04/10/2018;01:00;5;2;3
04/10/2018;01:15;2;0;2
04/10/2018;01:30;3;0;3
04/10/2018;01:45;4;0;4
04/10/2018;02:00;2;2;0
04/10/2018;02:15;1;0;1
04/10/2018;02:30;2;0;2
04/10/2018;02:45;0;0;0
04/10/2018;03:00;1;0;1
04/10/2018;03:15;1;0;1
04/10/2018;03:30;1;0;1
04/10/2018;03:45;2;0;2
04/10/2018;04:00;1;1;0
04/10/2018;04:15;3;1;2
04/10/2018;04:30;3;1;2
04/10/2018;04:45;2;2;0
04/10/2018;05:00;3;0;3
04/10/2018;05:15;5;3;2
04/10/2018;05:30;13;8;5
04/10/2018;05:45;13;9;4
04/10/2018;06:00;18;7;11
04/10/2018;06:15;20;7;13
04/10/2018;06:30;37;19;18
04/10/2018;06:45;39;18;21
04/10/2018;07:00;58;21;37
04/10/2018;07:15;80;39;41
04/10/2018;07:30;143;85;58
04/10/2018;07:45;139;78;61
04/10/2018;08:00;104;46;58
04/10/2018;08:15;96;41;55
04/10/2018;08:30;86;41;45
04/10/2018;08:45;90;45;45
04/10/2018;09:00;72;37;35
04/10/2018;09:15;52;29;23
04/10/2018;09:30;63;38;25
04/10/2018;09:45;70;36;34
04/10/2018;10:00;38;18;20
04/10/2018;10:15;64;25;39
04/10/2018;10:30;48;12;36
04/10/2018;10:45;49;19;30
04/10/2018;11:00;46;23;23
04/10/2018;11:15;54;18;36
04/10/2018;11:30;64;23;41
04/10/2018;11:45;43;9;34
04/10/2018;12:00;44;13;31
04/10/2018;12:15;50;8;42
04/10/2018;12:30;57;13;44
04/10/2018;12:45;79;16;63
04/10/2018;13:00;46;11;35
04/10/2018;13:15;73;18;55
04/10/2018;13:30;98;20;78
04/10/2018;13:45;91;21;70
04/10/2018;14:00;75;15;60
04/10/2018;14:15;89;20;69
04/10/2018;14:30;102;17;85
04/10/2018;14:45;88;19;69
04/10/2018;15:00;82;13;69
04/10/2018;15:15;107;28;79
04/10/2018;15:30;86;16;70
04/10/2018;15:45;106;25;81
04/10/2018;16:00;118;19;99
04/10/2018;16:15;164;49;115
04/10/2018;16:30;134;26;108
04/10/2018;16:45;155;37;118
04/10/2018;17:00;144;21;123
04/10/2018;17:15;136;24;112
04/10/2018;17:30;164;35;129
04/10/2018;17:45;157;27;130
04/10/2018;18:00;144;25;119
04/10/2018;18:15;123;17;106
04/10/2018;18:30;122;23;99
04/10/2018;18:45;133;34;99
04/10/2018;19:00;106;15;91
04/10/2018;19:15;112;28;84
04/10/2018;19:30;96;24;72
04/10/2018;19:45;43;15;28
04/10/2018;20:00;64;11;53
04/10/2018;20:15;87;16;71
04/10/2018;20:30;48;8;40
04/10/2018;20:45;45;6;39
04/10/2018;21:00;31;5;26
04/10/2018;21:15;33;8;25
04/10/2018;21:30;31;6;25
04/10/2018;21:45;35;10;25
04/10/2018;22:00;42;3;39
04/10/2018;22:15;33;4;29
04/10/2018;22:30;37;7;30
04/10/2018;22:45;24;3;21
04/10/2018;23:00;21;8;13
04/10/2018;23:15;22;8;14
04/10/2018;23:30;15;1;14
04/10/2018;23:45;18;1;17
05/10/2018;00:00;14;1;13
05/10/2018;00:15;6;3;3
05/10/2018;00:30;15;2;13
05/10/2018;00:45;9;0;9
05/10/2018;01:00;3;0;3
05/10/2018;01:15;2;0;2
05/10/2018;01:30;3;1;2
05/10/2018;01:45;3;0;3
05/10/2018;02:00;1;1;0
05/10/2018;02:15;0;0;0
05/10/2018;02:30;3;0;3
05/10/2018;02:45;3;0;3
05/10/2018;03:00;2;0;2
05/10/2018;03:15;5;1;4
05/10/2018;03:30;3;0;3
05/10/2018;03:45;3;1;2
05/10/2018;04:00;1;0;1
05/10/2018;04:15;3;1;2
05/10/2018;04:30;2;0;2
05/10/2018;04:45;8;4;4
05/10/2018;05:00;6;1;5
05/10/2018;05:15;6;3;3
05/10/2018;05:30;18;10;8
05/10/2018;05:45;9;4;5
05/10/2018;06:00;17;8;9
05/10/2018;06:15;27;11;16
05/10/2018;06:30;38;16;22
05/10/2018;06:45;40;18;22
05/10/2018;07:00;47;21;26
05/10/2018;07:15;72;38;34
05/10/2018;07:30;129;71;58
05/10/2018;07:45;118;66;52
05/10/2018;08:00;105;56;49
05/10/2018;08:15;85;36;49
05/10/2018;08:30;78;34;44
05/10/2018;08:45;94;52;42
05/10/2018;09:00;64;36;28
05/10/2018;09:15;56;32;24
05/10/2018;09:30;84;41;43
05/10/2018;09:45;73;33;40
05/10/2018;10:00;59;19;40
05/10/2018;10:15;70;38;32
05/10/2018;10:30;47;19;28
05/10/2018;10:45;68;36;32
05/10/2018;11:00;61;19;42
05/10/2018;11:15;75;33;42
05/10/2018;11:30;71;19;52
05/10/2018;11:45;97;22;75
05/10/2018;12:00;101;29;72
05/10/2018;12:15;93;22;71
05/10/2018;12:30;108;36;72
05/10/2018;12:45;104;23;81
05/10/2018;13:00;103;22;81
05/10/2018;13:15;138;35;103
05/10/2018;13:30;117;10;107
05/10/2018;13:45;120;25;95
05/10/2018;14:00;122;22;100
05/10/2018;14:15;138;32;106
05/10/2018;14:30;114;21;93
05/10/2018;14:45;120;19;101
05/10/2018;15:00;110;31;79
05/10/2018;15:15;127;24;103
05/10/2018;15:30;125;22;103
05/10/2018;15:45;128;33;95
05/10/2018;16:00;126;17;109
05/10/2018;16:15;112;16;96
05/10/2018;16:30;118;27;91
05/10/2018;16:45;138;36;102
05/10/2018;17:00;152;46;106
05/10/2018;17:15;167;44;123
05/10/2018;17:30;125;34;91
05/10/2018;17:45;147;32;115
05/10/2018;18:00;121;20;101
05/10/2018;18:15;138;29;109
05/10/2018;18:30;114;24;90
05/10/2018;18:45;154;52;102
05/10/2018;19:00;111;25;86
05/10/2018;19:15;112;27;85
05/10/2018;19:30;75;20;55
05/10/2018;19:45;85;27;58
05/10/2018;20:00;59;14;45
05/10/2018;20:15;35;11;24
05/10/2018;20:30;66;19;47
05/10/2018;20:45;66;15;51
05/10/2018;21:00;42;6;36
05/10/2018;21:15;39;8;31
05/10/2018;21:30;36;6;30
05/10/2018;21:45;41;14;27
05/10/2018;22:00;46;5;41
05/10/2018;22:15;42;9;33
05/10/2018;22:30;32;7;25
05/10/2018;22:45;20;3;17
05/10/2018;23:00;15;4;11
05/10/2018;23:15;23;2;21
05/10/2018;23:30;37;6;31
05/10/2018;23:45;26;5;21
06/10/2018;00:00;28;2;26
06/10/2018;00:15;21;2;19
06/10/2018;00:30;18;2;16
06/10/2018;00:45;25;4;21
06/10/2018;01:00;14;1;13
06/10/2018;01:15;18;4;14
06/10/2018;01:30;7;0;7
06/10/2018;01:45;13;1;12
06/10/2018;02:00;19;5;14
06/10/2018;02:15;6;0;6
06/10/2018;02:30;6;0;6
06/10/2018;02:45;4;1;3
06/10/2018;03:00;8;2;6
06/10/2018;03:15;3;1;2
06/10/2018;03:30;2;1;1
06/10/2018;03:45;6;3;3
06/10/2018;04:00;1;0;1
06/10/2018;04:15;4;0;4
06/10/2018;04:30;1;0;1
06/10/2018;04:45;1;0;1
06/10/2018;05:00;1;1;0
06/10/2018;05:15;4;4;0
06/10/2018;05:30;5;0;5
06/10/2018;05:45;9;4;5
06/10/2018;06:00;7;2;5
06/10/2018;06:15;5;3;2
06/10/2018;06:30;5;0;5
06/10/2018;06:45;7;4;3
06/10/2018;07:00;6;1;5
06/10/2018;07:15;12;5;7
06/10/2018;07:30;13;7;6
06/10/2018;07:45;23;8;15
06/10/2018;08:00;20;9;11
06/10/2018;08:15;16;6;10
06/10/2018;08:30;24;15;9
06/10/2018;08:45;28;14;14
06/10/2018;09:00;24;13;11
06/10/2018;09:15;33;19;14
06/10/2018;09:30;57;24;33
06/10/2018;09:45;58;35;23
06/10/2018;10:00;43;19;24
06/10/2018;10:15;55;24;31
06/10/2018;10:30;56;31;25
06/10/2018;10:45;63;21;42
06/10/2018;11:00;77;35;42
06/10/2018;11:15;87;41;46
06/10/2018;11:30;98;37;61
06/10/2018;11:45;89;21;68
06/10/2018;12:00;83;28;55
06/10/2018;12:15;82;28;54
06/10/2018;12:30;97;38;59
06/10/2018;12:45;116;30;86
06/10/2018;13:00;96;40;56
06/10/2018;13:15;118;34;84
06/10/2018;13:30;106;39;67
06/10/2018;13:45;120;46;74
06/10/2018;14:00;121;26;95
06/10/2018;14:15;106;29;77
06/10/2018;14:30;119;39;80
06/10/2018;14:45;132;39;93
06/10/2018;15:00;125;35;90
06/10/2018;15:15;132;30;102
06/10/2018;15:30;130;42;88
06/10/2018;15:45;132;28;104
06/10/2018;16:00;134;38;96
06/10/2018;16:15;135;41;94
06/10/2018;16:30;138;29;109
06/10/2018;16:45;122;40;82
06/10/2018;17:00;112;23;89
06/10/2018;17:15;134;39;95
06/10/2018;17:30;134;37;97
06/10/2018;17:45;131;35;96
06/10/2018;18:00;142;31;111
06/10/2018;18:15;111;25;86
06/10/2018;18:30;101;34;67
06/10/2018;18:45;97;37;60
06/10/2018;19:00;107;22;85
06/10/2018;19:15;90;30;60
06/10/2018;19:30;59;13;46
06/10/2018;19:45;66;9;57
06/10/2018;20:00;52;13;39
06/10/2018;20:15;50;16;34
06/10/2018;20:30;47;10;37
06/10/2018;20:45;35;5;30
06/10/2018;21:00;40;13;27
06/10/2018;21:15;37;7;30
06/10/2018;21:30;27;2;25
06/10/2018;21:45;46;6;40
06/10/2018;22:00;45;6;39
06/10/2018;22:15;40;7;33
06/10/2018;22:30;40;2;38
06/10/2018;22:45;38;7;31
06/10/2018;23:00;38;5;33
06/10/2018;23:15;25;9;16
06/10/2018;23:30;28;2;26
06/10/2018;23:45;31;4;27
07/10/2018;00:00;33;3;30
07/10/2018;00:15;22;5;17
07/10/2018;00:30;24;5;19
07/10/2018;00:45;8;2;6
07/10/2018;01:00;13;3;10
07/10/2018;01:15;11;2;9
07/10/2018;01:30;12;3;9
07/10/2018;01:45;12;3;9
07/10/2018;02:00;10;0;10
07/10/2018;02:15;20;4;16
07/10/2018;02:30;8;0;8
07/10/2018;02:45;12;1;11
07/10/2018;03:00;6;1;5
07/10/2018;03:15;5;0;5
07/10/2018;03:30;3;0;3
07/10/2018;03:45;8;0;8
07/10/2018;04:00;6;2;4
07/10/2018;04:15;3;2;1
07/10/2018;04:30;1;0;1
07/10/2018;04:45;1;0;1
07/10/2018;05:00;0;0;0
07/10/2018;05:15;2;1;1
07/10/2018;05:30;2;1;1
07/10/2018;05:45;4;2;2
07/10/2018;06:00;5;2;3
07/10/2018;06:15;5;1;4
07/10/2018;06:30;3;0;3
07/10/2018;06:45;6;0;6
07/10/2018;07:00;16;3;13
07/10/2018;07:15;0;0;0
07/10/2018;07:30;4;1;3
07/10/2018;07:45;5;1;4
07/10/2018;08:00;5;1;4
07/10/2018;08:15;6;1;5
07/10/2018;08:30;7;4;3
07/10/2018;08:45;8;2;6
07/10/2018;09:00;18;12;6
07/10/2018;09:15;12;5;7
07/10/2018;09:30;14;4;10
07/10/2018;09:45;10;4;6
07/10/2018;10:00;15;3;12
07/10/2018;10:15;34;9;25
07/10/2018;10:30;45;9;36
07/10/2018;10:45;28;10;18
07/10/2018;11:00;17;5;12
07/10/2018;11:15;12;6;6
07/10/2018;11:30;33;15;18
07/10/2018;11:45;20;11;9
07/10/2018;12:00;32;14;18
07/10/2018;12:15;35;19;16
07/10/2018;12:30;39;15;24
07/10/2018;12:45;44;25;19
07/10/2018;13:00;35;12;23
07/10/2018;13:15;36;15;21
07/10/2018;13:30;42;17;25
07/10/2018;13:45;51;18;33
07/10/2018;14:00;65;23;42
07/10/2018;14:15;52;17;35
07/10/2018;14:30;67;29;38
07/10/2018;14:45;60;21;39
07/10/2018;15:00;78;38;40
07/10/2018;15:15;90;33;57
07/10/2018;15:30;67;19;48
07/10/2018;15:45;111;30;81
07/10/2018;16:00;94;18;76
07/10/2018;16:15;97;23;74
07/10/2018;16:30;98;22;76
07/10/2018;16:45;103;24;79
07/10/2018;17:00;89;24;65
07/10/2018;17:15;115;23;92
07/10/2018;17:30;106;34;72
07/10/2018;17:45;94;31;63
07/10/2018;18:00;89;15;74
07/10/2018;18:15;101;28;73
07/10/2018;18:30;80;14;66
07/10/2018;18:45;77;18;59
07/10/2018;19:00;74;15;59
07/10/2018;19:15;42;5;37
07/10/2018;19:30;65;9;56
07/10/2018;19:45;35;4;31
07/10/2018;20:00;25;6;19
07/10/2018;20:15;27;5;22
07/10/2018;20:30;25;8;17
07/10/2018;20:45;27;2;25
07/10/2018;21:00;24;8;16
07/10/2018;21:15;28;7;21
07/10/2018;21:30;18;4;14
07/10/2018;21:45;17;1;16
07/10/2018;22:00;17;3;14
07/10/2018;22:15;22;6;16
07/10/2018;22:30;9;3;6
07/10/2018;22:45;8;0;8
07/10/2018;23:00;13;2;11
07/10/2018;23:15;9;0;9
07/10/2018;23:30;5;1;4
07/10/2018;23:45;11;2;9
08/10/2018;00:00;2;1;1
08/10/2018;00:15;2;0;2
08/10/2018;00:30;6;2;4
08/10/2018;00:45;1;0;1
08/10/2018;01:00;0;0;0
08/10/2018;01:15;2;0;2
08/10/2018;01:30;0;0;0
08/10/2018;01:45;0;0;0
08/10/2018;02:00;1;1;0
08/10/2018;02:15;0;0;0
08/10/2018;02:30;2;2;0
08/10/2018;02:45;0;0;0
08/10/2018;03:00;0;0;0
08/10/2018;03:15;3;0;3
08/10/2018;03:30;1;0;1
08/10/2018;03:45;2;0;2
08/10/2018;04:00;3;2;1
08/10/2018;04:15;2;1;1
08/10/2018;04:30;4;2;2
08/10/2018;04:45;6;1;5
08/10/2018;05:00;5;1;4
08/10/2018;05:15;11;6;5
08/10/2018;05:30;15;8;7
08/10/2018;05:45;12;4;8
08/10/2018;06:00;16;4;12
08/10/2018;06:15;23;9;14
08/10/2018;06:30;31;7;24
08/10/2018;06:45;40;19;21
08/10/2018;07:00;73;27;46
08/10/2018;07:15;85;45;40
08/10/2018;07:30;147;80;67
08/10/2018;07:45;172;112;60
08/10/2018;08:00;121;56;65
08/10/2018;08:15;113;56;57
08/10/2018;08:30;112;57;55
08/10/2018;08:45;115;69;46
08/10/2018;09:00;90;52;38
08/10/2018;09:15;78;43;35
08/10/2018;09:30;64;32;32
08/10/2018;09:45;71;33;38
08/10/2018;10:00;54;27;27
08/10/2018;10:15;77;32;45
08/10/2018;10:30;54;21;33
08/10/2018;10:45;56;18;38
08/10/2018;11:00;46;18;28
08/10/2018;11:15;49;18;31
08/10/2018;11:30;66;25;41
08/10/2018;11:45;70;25;45
08/10/2018;12:00;59;15;44
08/10/2018;12:15;78;20;58
08/10/2018;12:30;86;19;67
08/10/2018;12:45;76;23;53
08/10/2018;13:00;75;18;57
08/10/2018;13:15;105;29;76
08/10/2018;13:30;93;28;65
08/10/2018;13:45;95;27;68
08/10/2018;14:00;99;17;82
08/10/2018;14:15;83;19;64
08/10/2018;14:30;95;18;77
08/10/2018;14:45;90;19;71
08/10/2018;15:00;117;26;91
08/10/2018;15:15;104;16;88
08/10/2018;15:30;108;10;98
08/10/2018;15:45;142;26;116
08/10/2018;16:00;147;23;124
08/10/2018;16:15;139;25;114
08/10/2018;16:30;166;30;136
08/10/2018;16:45;154;36;118
08/10/2018;17:00;161;25;136
08/10/2018;17:15;186;30;156
08/10/2018;17:30;154;47;107
08/10/2018;17:45;181;43;138
08/10/2018;18:00;170;33;137
08/10/2018;18:15;140;30;110
08/10/2018;18:30;137;25;112
08/10/2018;18:45;146;37;109
08/10/2018;19:00;123;20;103
08/10/2018;19:15;90;22;68
08/10/2018;19:30;92;27;65
08/10/2018;19:45;92;20;72
08/10/2018;20:00;66;13;53
08/10/2018;20:15;56;8;48
08/10/2018;20:30;35;9;26
08/10/2018;20:45;45;11;34
08/10/2018;21:00;42;11;31
08/10/2018;21:15;43;10;33
08/10/2018;21:30;32;9;23
08/10/2018;21:45;47;10;37
08/10/2018;22:00;36;8;28
08/10/2018;22:15;44;8;36
08/10/2018;22:30;35;10;25
08/10/2018;22:45;17;4;13
08/10/2018;23:00;13;0;13
08/10/2018;23:15;24;3;21
08/10/2018;23:30;11;2;9
08/10/2018;23:45;8;1;7
09/10/2018;00:00;2;0;2
09/10/2018;00:15;5;0;5
09/10/2018;00:30;5;0;5
09/10/2018;00:45;1;0;1
09/10/2018;01:00;2;0;2
09/10/2018;01:15;4;0;4
09/10/2018;01:30;3;0;3
09/10/2018;01:45;1;0;1
09/10/2018;02:00;3;0;3
09/10/2018;02:15;0;0;0
09/10/2018;02:30;2;0;2
09/10/2018;02:45;2;0;2
09/10/2018;03:00;0;0;0
09/10/2018;03:15;3;1;2
09/10/2018;03:30;1;0;1
09/10/2018;03:45;0;0;0
09/10/2018;04:00;2;1;1
09/10/2018;04:15;2;1;1
09/10/2018;04:30;3;1;2
09/10/2018;04:45;4;1;3
09/10/2018;05:00;4;1;3
09/10/2018;05:15;8;5;3
09/10/2018;05:30;14;5;9
09/10/2018;05:45;17;9;8
09/10/2018;06:00;16;4;12
09/10/2018;06:15;25;11;14
09/10/2018;06:30;35;13;22
09/10/2018;06:45;59;24;35
09/10/2018;07:00;45;16;29
09/10/2018;07:15;94;38;56
09/10/2018;07:30;143;82;61
09/10/2018;07:45;178;96;82
09/10/2018;08:00;138;83;55
09/10/2018;08:15;111;40;71
09/10/2018;08:30;110;59;51
09/10/2018;08:45;128;75;53
09/10/2018;09:00;83;54;29
09/10/2018;09:15;61;32;29
09/10/2018;09:30;55;28;27
09/10/2018;09:45;87;51;36
09/10/2018;10:00;85;27;58
09/10/2018;10:15;60;24;36
09/10/2018;10:30;54;23;31
09/10/2018;10:45;54;15;39
09/10/2018;11:00;55;20;35
09/10/2018;11:15;52;17;35
09/10/2018;11:30;53;13;40
09/10/2018;11:45;71;25;46
09/10/2018;12:00;77;20;57
09/10/2018;12:15;54;16;38
09/10/2018;12:30;69;14;55
09/10/2018;12:45;73;18;55
09/10/2018;13:00;96;32;64
09/10/2018;13:15;94;15;79
09/10/2018;13:30;95;23;72
09/10/2018;13:45;104;26;78
09/10/2018;14:00;71;18;53
09/10/2018;14:15;96;20;76
09/10/2018;14:30;79;21;58
09/10/2018;14:45;117;24;93
09/10/2018;15:00;111;18;93
09/10/2018;15:15;105;19;86
09/10/2018;15:30;115;25;90
09/10/2018;15:45;115;29;86
09/10/2018;16:00;140;22;118
09/10/2018;16:15;145;39;106
09/10/2018;16:30;160;20;140
09/10/2018;16:45;200;41;159
09/10/2018;17:00;165;37;128
09/10/2018;17:15;174;26;148
09/10/2018;17:30;206;36;170
09/10/2018;17:45;189;48;141
09/10/2018;18:00;197;34;163
09/10/2018;18:15;182;31;151
09/10/2018;18:30;151;33;118
09/10/2018;18:45;136;31;105
09/10/2018;19:00;129;28;101
09/10/2018;19:15;103;26;77
09/10/2018;19:30;97;20;77
09/10/2018;19:45;98;29;69
09/10/2018;20:00;59;11;48
09/10/2018;20:15;67;9;58
09/10/2018;20:30;57;10;47
09/10/2018;20:45;45;8;37
09/10/2018;21:00;39;4;35
09/10/2018;21:15;40;5;35
09/10/2018;21:30;37;9;28
09/10/2018;21:45;56;7;49
09/10/2018;22:00;43;5;38
09/10/2018;22:15;53;16;37
09/10/2018;22:30;49;18;31
09/10/2018;22:45;31;13;18
09/10/2018;23:00;23;5;18
09/10/2018;23:15;17;0;17
09/10/2018;23:30;18;3;15
09/10/2018;23:45;10;3;7
10/10/2018;00:00;14;1;13
10/10/2018;00:15;4;0;4
10/10/2018;00:30;8;1;7
10/10/2018;00:45;4;0;4
10/10/2018;01:00;6;1;5
10/10/2018;01:15;2;0;2
10/10/2018;01:30;2;0;2
10/10/2018;01:45;6;2;4
10/10/2018;02:00;0;0;0
10/10/2018;02:15;0;0;0
10/10/2018;02:30;0;0;0
10/10/2018;02:45;3;1;2
10/10/2018;03:00;0;0;0
10/10/2018;03:15;2;0;2
10/10/2018;03:30;1;0;1
10/10/2018;03:45;0;0;0
10/10/2018;04:00;2;1;1
10/10/2018;04:15;3;1;2
10/10/2018;04:30;2;1;1
10/10/2018;04:45;3;1;2
10/10/2018;05:00;1;0;1
10/10/2018;05:15;15;6;9
10/10/2018;05:30;9;3;6
10/10/2018;05:45;13;8;5
10/10/2018;06:00;18;6;12
10/10/2018;06:15;20;8;12
10/10/2018;06:30;43;13;30
10/10/2018;06:45;39;18;21
10/10/2018;07:00;61;34;27
10/10/2018;07:15;88;35;53
10/10/2018;07:30;135;84;51
10/10/2018;07:45;161;89;72
10/10/2018;08:00;132;58;74
10/10/2018;08:15;138;72;66
10/10/2018;08:30;112;55;57
10/10/2018;08:45;111;72;39
10/10/2018;09:00;76;45;31
10/10/2018;09:15;83;45;38
10/10/2018;09:30;58;34;24
10/10/2018;09:45;80;53;27
10/10/2018;10:00;53;27;26
10/10/2018;10:15;55;22;33
10/10/2018;10:30;49;17;32
10/10/2018;10:45;45;14;31
10/10/2018;11:00;39;8;31
10/10/2018;11:15;95;16;79
10/10/2018;11:30;66;25;41
10/10/2018;11:45;69;25;44
10/10/2018;12:00;95;31;64
10/10/2018;12:15;83;27;56
10/10/2018;12:30;83;22;61
10/10/2018;12:45;83;18;65
10/10/2018;13:00;76;21;55
10/10/2018;13:15;113;26;87
10/10/2018;13:30;123;27;96
10/10/2018;13:45;106;27;79
10/10/2018;14:00;107;23;84
10/10/2018;14:15;97;19;78
10/10/2018;14:30;98;21;77
10/10/2018;14:45;87;28;59
10/10/2018;15:00;118;22;96
10/10/2018;15:15;98;11;87
10/10/2018;15:30;118;23;95
10/10/2018;15:45;164;35;129
10/10/2018;16:00;201;45;156
10/10/2018;16:15;158;24;134
10/10/2018;16:30;163;25;138
10/10/2018;16:45;186;39;147
10/10/2018;17:00;155;27;128
10/10/2018;17:15;190;53;137
10/10/2018;17:30;210;47;163
10/10/2018;17:45;182;38;144
10/10/2018;18:00;177;34;143
10/10/2018;18:15;155;30;125
10/10/2018;18:30;150;31;119
10/10/2018;18:45;163;54;109
10/10/2018;19:00;133;31;102
10/10/2018;19:15;118;19;99
10/10/2018;19:30;106;23;83
10/10/2018;19:45;94;13;81
10/10/2018;20:00;97;20;77
10/10/2018;20:15;87;16;71
10/10/2018;20:30;63;9;54
10/10/2018;20:45;64;11;53
10/10/2018;21:00;53;16;37
10/10/2018;21:15;70;5;65
10/10/2018;21:30;52;12;40
10/10/2018;21:45;50;16;34
10/10/2018;22:00;54;10;44
10/10/2018;22:15;42;5;37
10/10/2018;22:30;39;2;37
10/10/2018;22:45;29;7;22
10/10/2018;23:00;23;4;19
10/10/2018;23:15;24;1;23
10/10/2018;23:30;25;8;17
10/10/2018;23:45;14;1;13
11/10/2018;00:00;6;3;3
11/10/2018;00:15;10;1;9
11/10/2018;00:30;11;3;8
11/10/2018;00:45;6;0;6
11/10/2018;01:00;4;0;4
11/10/2018;01:15;1;0;1
11/10/2018;01:30;2;0;2
11/10/2018;01:45;1;0;1
11/10/2018;02:00;3;1;2
11/10/2018;02:15;1;0;1
11/10/2018;02:30;0;0;0
11/10/2018;02:45;0;0;0
11/10/2018;03:00;1;0;1
11/10/2018;03:15;3;0;3
11/10/2018;03:30;2;0;2
11/10/2018;03:45;2;0;2
11/10/2018;04:00;4;1;3
11/10/2018;04:15;5;3;2
11/10/2018;04:30;2;0;2
11/10/2018;04:45;1;0;1
11/10/2018;05:00;3;2;1
11/10/2018;05:15;12;3;9
11/10/2018;05:30;8;5;3
11/10/2018;05:45;19;5;14
11/10/2018;06:00;12;5;7
11/10/2018;06:15;19;8;11
11/10/2018;06:30;31;8;23
11/10/2018;06:45;38;19;19
11/10/2018;07:00;62;28;34
11/10/2018;07:15;83;41;42
11/10/2018;07:30;131;70;61
11/10/2018;07:45;168;105;63
11/10/2018;08:00;133;64;69
11/10/2018;08:15;141;67;74
11/10/2018;08:30;97;53;44
11/10/2018;08:45;135;69;66
11/10/2018;09:00;93;44;49
11/10/2018;09:15;91;43;48
11/10/2018;09:30;76;35;41
11/10/2018;09:45;77;42;35
11/10/2018;10:00;70;30;40
11/10/2018;10:15;50;16;34
11/10/2018;10:30;41;9;32
11/10/2018;10:45;59;19;40
11/10/2018;11:00;55;19;36
11/10/2018;11:15;59;17;42
11/10/2018;11:30;70;19;51
11/10/2018;11:45;61;17;44
11/10/2018;12:00;69;23;46
11/10/2018;12:15;76;17;59
11/10/2018;12:30;64;13;51
11/10/2018;12:45;103;18;85
11/10/2018;13:00;67;10;57
11/10/2018;13:15;98;22;76
11/10/2018;13:30;98;24;74
11/10/2018;13:45;99;23;76
11/10/2018;14:00;96;20;76
11/10/2018;14:15;104;25;79
11/10/2018;14:30;110;28;82
11/10/2018;14:45;101;31;70
11/10/2018;15:00;108;23;85
11/10/2018;15:15;94;17;77
11/10/2018;15:30;108;28;80
11/10/2018;15:45;125;25;100
11/10/2018;16:00;162;28;134
11/10/2018;16:15;180;42;138
11/10/2018;16:30;131;24;107
11/10/2018;16:45;147;24;123
11/10/2018;17:00;147;14;133
11/10/2018;17:15;176;26;150
11/10/2018;17:30;152;27;125
11/10/2018;17:45;176;32;144
11/10/2018;18:00;178;35;143
11/10/2018;18:15;176;33;143
11/10/2018;18:30;155;37;118
11/10/2018;18:45;162;39;123
11/10/2018;19:00;119;30;89
11/10/2018;19:15;118;27;91
11/10/2018;19:30;96;23;73
11/10/2018;19:45;81;9;72
11/10/2018;20:00;80;16;64
11/10/2018;20:15;68;9;59
11/10/2018;20:30;60;15;45
11/10/2018;20:45;49;7;42
11/10/2018;21:00;43;5;38
11/10/2018;21:15;54;10;44
11/10/2018;21:30;53;5;48
11/10/2018;21:45;49;8;41
11/10/2018;22:00;59;14;45
11/10/2018;22:15;46;14;32
11/10/2018;22:30;41;8;33
11/10/2018;22:45;37;8;29
11/10/2018;23:00;20;11;9
11/10/2018;23:15;19;2;17
11/10/2018;23:30;27;7;20
11/10/2018;23:45;17;3;14
12/10/2018;00:00;17;1;16
12/10/2018;00:15;12;5;7
12/10/2018;00:30;7;2;5
12/10/2018;00:45;3;1;2
12/10/2018;01:00;6;1;5
12/10/2018;01:15;2;0;2
12/10/2018;01:30;8;1;7
12/10/2018;01:45;3;1;2
12/10/2018;02:00;8;4;4
12/10/2018;02:15;2;1;1
12/10/2018;02:30;4;0;4
12/10/2018;02:45;0;0;0
12/10/2018;03:00;1;0;1
12/10/2018;03:15;6;2;4
12/10/2018;03:30;1;0;1
12/10/2018;03:45;0;0;0
12/10/2018;04:00;3;0;3
12/10/2018;04:15;3;2;1
12/10/2018;04:30;2;0;2
12/10/2018;04:45;1;0;1
12/10/2018;05:00;4;2;2
12/10/2018;05:15;8;3;5
12/10/2018;05:30;8;1;7
12/10/2018;05:45;13;7;6
12/10/2018;06:00;16;5;11
12/10/2018;06:15;11;3;8
12/10/2018;06:30;43;18;25
12/10/2018;06:45;37;15;22
12/10/2018;07:00;51;22;29
12/10/2018;07:15;68;30;38
12/10/2018;07:30;117;66;51
12/10/2018;07:45;134;72;62
12/10/2018;08:00;91;44;47
12/10/2018;08:15;110;55;55
12/10/2018;08:30;111;38;73
12/10/2018;08:45;99;54;45
12/10/2018;09:00;62;35;27
12/10/2018;09:15;82;42;40
12/10/2018;09:30;65;25;40
12/10/2018;09:45;66;41;25
12/10/2018;10:00;49;16;33
12/10/2018;10:15;72;26;46
12/10/2018;10:30;66;27;39
12/10/2018;10:45;70;32;38
12/10/2018;11:00;62;21;41
12/10/2018;11:15;66;11;55
12/10/2018;11:30;58;20;38
12/10/2018;11:45;92;25;67
12/10/2018;12:00;81;25;56
12/10/2018;12:15;103;26;77
12/10/2018;12:30;83;24;59
12/10/2018;12:45;105;24;81
12/10/2018;13:00;106;20;86
12/10/2018;13:15;125;29;96
12/10/2018;13:30;109;22;87
12/10/2018;13:45;100;14;86
12/10/2018;14:00;115;23;92
12/10/2018;14:15;145;24;121
12/10/2018;14:30;107;23;84
12/10/2018;14:45;136;37;99
12/10/2018;15:00;115;24;91
12/10/2018;15:15;141;26;115
12/10/2018;15:30;137;31;106
12/10/2018;15:45;144;22;122
12/10/2018;16:00;128;29;99
12/10/2018;16:15;126;20;106
12/10/2018;16:30;152;29;123
12/10/2018;16:45;162;47;115
12/10/2018;17:00;158;44;114
12/10/2018;17:15;147;36;111
12/10/2018;17:30;146;35;111
12/10/2018;17:45;138;23;115
12/10/2018;18:00;142;23;119
12/10/2018;18:15;144;40;104
12/10/2018;18:30;124;34;90
12/10/2018;18:45;109;26;83
12/10/2018;19:00;90;28;62
12/10/2018;19:15;116;41;75
12/10/2018;19:30;78;20;58
12/10/2018;19:45;63;16;47
12/10/2018;20:00;62;17;45
12/10/2018;20:15;64;12;52
12/10/2018;20:30;73;36;37
12/10/2018;20:45;49;16;33
12/10/2018;21:00;37;4;33
12/10/2018;21:15;54;17;37
12/10/2018;21:30;45;12;33
12/10/2018;21:45;61;9;52
12/10/2018;22:00;35;9;26
12/10/2018;22:15;38;7;31
12/10/2018;22:30;30;8;22
12/10/2018;22:45;24;4;20
12/10/2018;23:00;42;8;34
12/10/2018;23:15;35;6;29
12/10/2018;23:30;23;6;17
12/10/2018;23:45;24;5;19
13/10/2018;00:00;11;2;9
13/10/2018;00:15;24;5;19
13/10/2018;00:30;22;0;22
13/10/2018;00:45;21;6;15
13/10/2018;01:00;13;1;12
13/10/2018;01:15;7;2;5
13/10/2018;01:30;17;2;15
13/10/2018;01:45;15;1;14
13/10/2018;02:00;9;0;9
13/10/2018;02:15;15;2;13
13/10/2018;02:30;11;2;9
13/10/2018;02:45;7;0;7
13/10/2018;03:00;7;1;6
13/10/2018;03:15;6;1;5
13/10/2018;03:30;4;0;4
13/10/2018;03:45;5;0;5
13/10/2018;04:00;2;0;2
13/10/2018;04:15;5;1;4
13/10/2018;04:30;3;0;3
13/10/2018;04:45;1;0;1
13/10/2018;05:00;6;0;6
13/10/2018;05:15;4;3;1
13/10/2018;05:30;3;1;2
13/10/2018;05:45;4;1;3
13/10/2018;06:00;2;0;2
13/10/2018;06:15;3;1;2
13/10/2018;06:30;8;4;4
13/10/2018;06:45;12;4;8
13/10/2018;07:00;7;2;5
13/10/2018;07:15;4;2;2
13/10/2018;07:30;16;8;8
13/10/2018;07:45;13;4;9
13/10/2018;08:00;20;8;12
13/10/2018;08:15;13;5;8
13/10/2018;08:30;19;11;8
13/10/2018;08:45;28;15;13
13/10/2018;09:00;23;10;13
13/10/2018;09:15;34;17;17
13/10/2018;09:30;40;14;26
13/10/2018;09:45;54;25;29
13/10/2018;10:00;27;9;18
13/10/2018;10:15;55;27;28
13/10/2018;10:30;60;22;38
13/10/2018;10:45;67;27;40
13/10/2018;11:00;69;29;40
13/10/2018;11:15;116;48;68
13/10/2018;11:30;77;21;56
13/10/2018;11:45;109;48;61
13/10/2018;12:00;93;36;57
13/10/2018;12:15;82;20;62
13/10/2018;12:30;108;32;76
13/10/2018;12:45;99;31;68
13/10/2018;13:00;113;34;79
13/10/2018;13:15;86;21;65
13/10/2018;13:30;132;42;90
13/10/2018;13:45;130;31;99
13/10/2018;14:00;113;35;78
13/10/2018;14:15;123;25;98
13/10/2018;14:30;135;34;101
13/10/2018;14:45;125;32;93
13/10/2018;15:00;132;29;103
13/10/2018;15:15;121;27;94
13/10/2018;15:30;103;16;87
13/10/2018;15:45;127;24;103
13/10/2018;16:00;141;29;112
13/10/2018;16:15;136;25;111
13/10/2018;16:30;118;24;94
13/10/2018;16:45;121;28;93
13/10/2018;17:00;95;13;82
13/10/2018;17:15;151;46;105
13/10/2018;17:30;147;34;113
13/10/2018;17:45;104;30;74
13/10/2018;18:00;135;46;89
13/10/2018;18:15;106;26;80
13/10/2018;18:30;91;32;59
13/10/2018;18:45;87;33;54
13/10/2018;19:00;79;25;54
13/10/2018;19:15;67;18;49
13/10/2018;19:30;57;16;41
13/10/2018;19:45;66;14;52
13/10/2018;20:00;50;14;36
13/10/2018;20:15;50;12;38
13/10/2018;20:30;46;13;33
13/10/2018;20:45;61;16;45
13/10/2018;21:00;34;9;25
13/10/2018;21:15;40;4;36
13/10/2018;21:30;47;9;38
13/10/2018;21:45;49;12;37
13/10/2018;22:00;27;5;22
13/10/2018;22:15;26;5;21
13/10/2018;22:30;32;8;24
13/10/2018;22:45;30;9;21
13/10/2018;23:00;31;6;25
13/10/2018;23:15;23;5;18
13/10/2018;23:30;40;10;30
13/10/2018;23:45;27;8;19
14/10/2018;00:00;18;0;18
14/10/2018;00:15;26;4;22
14/10/2018;00:30;19;1;18
14/10/2018;00:45;25;9;16
14/10/2018;01:00;13;7;6
14/10/2018;01:15;11;2;9
14/10/2018;01:30;16;3;13
14/10/2018;01:45;10;1;9
14/10/2018;02:00;17;5;12
14/10/2018;02:15;5;0;5
14/10/2018;02:30;18;7;11
14/10/2018;02:45;9;3;6
14/10/2018;03:00;9;2;7
14/10/2018;03:15;8;2;6
14/10/2018;03:30;7;1;6
14/10/2018;03:45;4;2;2
14/10/2018;04:00;6;0;6
14/10/2018;04:15;4;0;4
14/10/2018;04:30;2;0;2
14/10/2018;04:45;8;2;6
14/10/2018;05:00;1;0;1
14/10/2018;05:15;7;3;4
14/10/2018;05:30;3;3;0
14/10/2018;05:45;3;2;1
14/10/2018;06:00;2;1;1
14/10/2018;06:15;4;2;2
14/10/2018;06:30;5;2;3
14/10/2018;06:45;5;2;3
14/10/2018;07:00;4;0;4
14/10/2018;07:15;3;2;1
14/10/2018;07:30;3;2;1
14/10/2018;07:45;5;3;2
14/10/2018;08:00;7;1;6
14/10/2018;08:15;12;4;8
14/10/2018;08:30;19;7;12
14/10/2018;08:45;7;4;3
14/10/2018;09:00;13;3;10
14/10/2018;09:15;37;5;32
14/10/2018;09:30;31;8;23
14/10/2018;09:45;30;13;17
14/10/2018;10:00;38;12;26
14/10/2018;10:15;38;6;32
14/10/2018;10:30;34;13;21
14/10/2018;10:45;60;21;39
14/10/2018;11:00;33;13;20
14/10/2018;11:15;42;13;29
14/10/2018;11:30;62;19;43
14/10/2018;11:45;46;7;39
14/10/2018;12:00;71;21;50
14/10/2018;12:15;50;19;31
14/10/2018;12:30;73;13;60
14/10/2018;12:45;71;14;57
14/10/2018;13:00;76;23;53
14/10/2018;13:15;57;14;43
14/10/2018;13:30;88;14;74
14/10/2018;13:45;93;19;74
14/10/2018;14:00;114;17;97
14/10/2018;14:15;88;14;74
14/10/2018;14:30;93;24;69
14/10/2018;14:45;102;24;78
14/10/2018;15:00;126;28;98
14/10/2018;15:15;106;26;80
14/10/2018;15:30;87;16;71
14/10/2018;15:45;125;27;98
14/10/2018;16:00;92;27;65
14/10/2018;16:15;78;16;62
14/10/2018;16:30;100;39;61
14/10/2018;16:45;84;30;54
14/10/2018;17:00;126;24;102
14/10/2018;17:15;93;24;69
14/10/2018;17:30;88;35;53
14/10/2018;17:45;92;38;54
14/10/2018;18:00;77;26;51
14/10/2018;18:15;61;24;37
14/10/2018;18:30;75;22;53
14/10/2018;18:45;56;14;42
14/10/2018;19:00;54;28;26
14/10/2018;19:15;77;17;60
14/10/2018;19:30;49;20;29
14/10/2018;19:45;47;19;28
14/10/2018;20:00;31;12;19
14/10/2018;20:15;35;4;31
14/10/2018;20:30;34;5;29
14/10/2018;20:45;13;4;9
14/10/2018;21:00;30;8;22
14/10/2018;21:15;18;5;13
14/10/2018;21:30;20;7;13
14/10/2018;21:45;19;1;18
14/10/2018;22:00;21;5;16
14/10/2018;22:15;17;4;13
14/10/2018;22:30;15;2;13
14/10/2018;22:45;9;0;9
14/10/2018;23:00;10;5;5
14/10/2018;23:15;6;2;4
14/10/2018;23:30;5;0;5
14/10/2018;23:45;6;0;6
15/10/2018;00:00;2;0;2
15/10/2018;00:15;4;0;4
15/10/2018;00:30;3;1;2
15/10/2018;00:45;2;1;1
15/10/2018;01:00;0;0;0
15/10/2018;01:15;2;0;2
15/10/2018;01:30;0;0;0
15/10/2018;01:45;3;1;2
15/10/2018;02:00;1;1;0
15/10/2018;02:15;0;0;0
15/10/2018;02:30;2;0;2
15/10/2018;02:45;1;0;1
15/10/2018;03:00;2;1;1
15/10/2018;03:15;0;0;0
15/10/2018;03:30;0;0;0
15/10/2018;03:45;2;0;2
15/10/2018;04:00;1;1;0
15/10/2018;04:15;1;1;0
15/10/2018;04:30;0;0;0
15/10/2018;04:45;3;1;2
15/10/2018;05:00;5;1;4
15/10/2018;05:15;9;7;2
15/10/2018;05:30;15;9;6
15/10/2018;05:45;11;4;7
15/10/2018;06:00;16;3;13
15/10/2018;06:15;15;2;13
15/10/2018;06:30;29;10;19
15/10/2018;06:45;32;17;15
15/10/2018;07:00;38;16;22
15/10/2018;07:15;71;24;47
15/10/2018;07:30;90;47;43
15/10/2018;07:45;121;69;52
15/10/2018;08:00;117;65;52
15/10/2018;08:15;107;48;59
15/10/2018;08:30;99;52;47
15/10/2018;08:45;117;57;60
15/10/2018;09:00;73;40;33
15/10/2018;09:15;62;37;25
15/10/2018;09:30;72;37;35
15/10/2018;09:45;66;30;36
15/10/2018;10:00;57;28;29
15/10/2018;10:15;36;13;23
15/10/2018;10:30;54;19;35
15/10/2018;10:45;49;19;30
15/10/2018;11:00;52;10;42
15/10/2018;11:15;51;15;36
15/10/2018;11:30;63;21;42
15/10/2018;11:45;81;35;46
15/10/2018;12:00;72;20;52
15/10/2018;12:15;77;28;49
15/10/2018;12:30;64;19;45
15/10/2018;12:45;62;14;48
15/10/2018;13:00;72;18;54
15/10/2018;13:15;85;25;60
15/10/2018;13:30;77;22;55
15/10/2018;13:45;107;32;75
15/10/2018;14:00;99;23;76
15/10/2018;14:15;78;19;59
15/10/2018;14:30;97;19;78
15/10/2018;14:45;94;20;74
15/10/2018;15:00;121;28;93
15/10/2018;15:15;108;28;80
15/10/2018;15:30;103;24;79
15/10/2018;15:45;142;32;110
15/10/2018;16:00;165;27;138
15/10/2018;16:15;158;23;135
15/10/2018;16:30;154;32;122
15/10/2018;16:45;154;22;132
15/10/2018;17:00;168;24;144
15/10/2018;17:15;181;29;152
15/10/2018;17:30;177;34;143
15/10/2018;17:45;187;29;158
15/10/2018;18:00;193;35;158
15/10/2018;18:15;171;42;129
15/10/2018;18:30;142;26;116
15/10/2018;18:45;118;31;87
15/10/2018;19:00;107;17;90
15/10/2018;19:15;111;38;73
15/10/2018;19:30;99;32;67
15/10/2018;19:45;98;15;83
15/10/2018;20:00;63;10;53
15/10/2018;20:15;55;6;49
15/10/2018;20:30;48;15;33
15/10/2018;20:45;36;7;29
15/10/2018;21:00;48;10;38
15/10/2018;21:15;47;11;36
15/10/2018;21:30;37;7;30
15/10/2018;21:45;26;2;24
15/10/2018;22:00;33;8;25
15/10/2018;22:15;28;8;20
15/10/2018;22:30;22;4;18
15/10/2018;22:45;21;4;17
15/10/2018;23:00;21;4;17
15/10/2018;23:15;22;4;18
15/10/2018;23:30;16;2;14
15/10/2018;23:45;12;3;9
16/10/2018;00:00;9;2;7
16/10/2018;00:15;5;0;5
16/10/2018;00:30;11;3;8
16/10/2018;00:45;5;0;5
16/10/2018;01:00;7;1;6
16/10/2018;01:15;6;1;5
16/10/2018;01:30;1;0;1
16/10/2018;01:45;4;1;3
16/10/2018;02:00;3;1;2
16/10/2018;02:15;2;0;2
16/10/2018;02:30;3;0;3
16/10/2018;02:45;2;0;2
16/10/2018;03:00;0;0;0
16/10/2018;03:15;2;2;0
16/10/2018;03:30;0;0;0
16/10/2018;03:45;1;0;1
16/10/2018;04:00;2;0;2
16/10/2018;04:15;2;1;1
16/10/2018;04:30;2;0;2
16/10/2018;04:45;4;1;3
16/10/2018;05:00;1;0;1
16/10/2018;05:15;11;4;7
16/10/2018;05:30;7;5;2
16/10/2018;05:45;21;7;14
16/10/2018;06:00;19;6;13
16/10/2018;06:15;12;6;6
16/10/2018;06:30;33;11;22
16/10/2018;06:45;37;25;12
16/10/2018;07:00;47;20;27
16/10/2018;07:15;75;31;44
16/10/2018;07:30;99;48;51
16/10/2018;07:45;128;62;66
16/10/2018;08:00;111;63;48
16/10/2018;08:15;128;55;73
16/10/2018;08:30;112;55;57
16/10/2018;08:45;113;66;47
16/10/2018;09:00;91;57;34
16/10/2018;09:15;70;31;39
16/10/2018;09:30;72;40;32
16/10/2018;09:45;68;40;28
16/10/2018;10:00;69;26;43
16/10/2018;10:15;72;31;41
16/10/2018;10:30;60;15;45
16/10/2018;10:45;63;26;37
16/10/2018;11:00;52;15;37
16/10/2018;11:15;58;20;38
16/10/2018;11:30;50;12;38
16/10/2018;11:45;80;29;51
16/10/2018;12:00;69;23;46
16/10/2018;12:15;63;17;46
16/10/2018;12:30;88;23;65
16/10/2018;12:45;92;25;67
16/10/2018;13:00;85;24;61
16/10/2018;13:15;78;15;63
16/10/2018;13:30;109;36;73
16/10/2018;13:45;108;29;79
16/10/2018;14:00;95;27;68
16/10/2018;14:15;93;26;67
16/10/2018;14:30;76;15;61
16/10/2018;14:45;117;28;89
16/10/2018;15:00;107;18;89
16/10/2018;15:15;98;21;77
16/10/2018;15:30;113;20;93
16/10/2018;15:45;138;27;111
16/10/2018;16:00;121;19;102
16/10/2018;16:15;169;31;138
16/10/2018;16:30;142;28;114
16/10/2018;16:45;172;41;131
16/10/2018;17:00;184;38;146
16/10/2018;17:15;178;39;139
16/10/2018;17:30;229;23;206
16/10/2018;17:45;203;27;176
16/10/2018;18:00;202;32;170
16/10/2018;18:15;192;35;157
16/10/2018;18:30;138;37;101
16/10/2018;18:45;116;25;91
16/10/2018;19:00;121;21;100
16/10/2018;19:15;98;24;74
16/10/2018;19:30;98;31;67
16/10/2018;19:45;90;21;69
16/10/2018;20:00;75;11;64
16/10/2018;20:15;85;23;62
16/10/2018;20:30;74;32;42
16/10/2018;20:45;46;8;38
16/10/2018;21:00;55;11;44
16/10/2018;21:15;53;12;41
16/10/2018;21:30;39;6;33
16/10/2018;21:45;33;4;29
16/10/2018;22:00;55;9;46
16/10/2018;22:15;43;11;32
16/10/2018;22:30;30;6;24
16/10/2018;22:45;22;5;17
16/10/2018;23:00;27;3;24
16/10/2018;23:15;26;2;24
16/10/2018;23:30;26;5;21
16/10/2018;23:45;10;1;9
17/10/2018;00:00;12;3;9
17/10/2018;00:15;9;2;7
17/10/2018;00:30;6;0;6
17/10/2018;00:45;1;0;1
17/10/2018;01:00;5;1;4
17/10/2018;01:15;4;1;3
17/10/2018;01:30;2;0;2
17/10/2018;01:45;4;3;1
17/10/2018;02:00;2;1;1
17/10/2018;02:15;1;0;1
17/10/2018;02:30;3;0;3
17/10/2018;02:45;1;0;1
17/10/2018;03:00;0;0;0
17/10/2018;03:15;0;0;0
17/10/2018;03:30;0;0;0
17/10/2018;03:45;3;0;3
17/10/2018;04:00;1;1;0
17/10/2018;04:15;1;0;1
17/10/2018;04:30;1;1;0
17/10/2018;04:45;5;1;4
17/10/2018;05:00;6;4;2
17/10/2018;05:15;7;1;6
17/10/2018;05:30;16;5;11
17/10/2018;05:45;12;5;7
17/10/2018;06:00;18;10;8
17/10/2018;06:15;15;6;9
17/10/2018;06:30;31;16;15
17/10/2018;06:45;42;24;18
17/10/2018;07:00;34;6;28
17/10/2018;07:15;67;27;40
17/10/2018;07:30;91;42;49
17/10/2018;07:45;140;78;62
17/10/2018;08:00;104;54;50
17/10/2018;08:15;111;46;65
17/10/2018;08:30;108;47;61
17/10/2018;08:45;96;57;39
17/10/2018;09:00;96;53;43
17/10/2018;09:15;63;32;31
17/10/2018;09:30;79;35;44
17/10/2018;09:45;69;30;39
17/10/2018;10:00;59;32;27
17/10/2018;10:15;53;14;39
17/10/2018;10:30;39;21;18
17/10/2018;10:45;46;27;19
17/10/2018;11:00;64;19;45
17/10/2018;11:15;44;17;27
17/10/2018;11:30;67;18;49
17/10/2018;11:45;74;25;49
17/10/2018;12:00;83;29;54
17/10/2018;12:15;64;18;46
17/10/2018;12:30;86;42;44
17/10/2018;12:45;73;30;43
17/10/2018;13:00;90;30;60
17/10/2018;13:15;88;18;70
17/10/2018;13:30;85;19;66
17/10/2018;13:45;116;25;91
17/10/2018;14:00;100;19;81
17/10/2018;14:15;79;15;64
17/10/2018;14:30;84;17;67
17/10/2018;14:45;100;15;85
17/10/2018;15:00;97;18;79
17/10/2018;15:15;87;18;69
17/10/2018;15:30;116;18;98
17/10/2018;15:45;130;23;107
17/10/2018;16:00;122;17;105
17/10/2018;16:15;157;29;128
17/10/2018;16:30;151;31;120
17/10/2018;16:45;145;33;112
17/10/2018;17:00;166;26;140
17/10/2018;17:15;172;29;143
17/10/2018;17:30;219;42;177
17/10/2018;17:45;196;26;170
17/10/2018;18:00;185;32;153
17/10/2018;18:15;129;28;101
17/10/2018;18:30;148;26;122
17/10/2018;18:45;127;31;96
17/10/2018;19:00;109;20;89
17/10/2018;19:15;98;35;63
17/10/2018;19:30;73;13;60
17/10/2018;19:45;87;21;66
17/10/2018;20:00;72;21;51
17/10/2018;20:15;73;14;59
17/10/2018;20:30;87;44;43
17/10/2018;20:45;45;6;39
17/10/2018;21:00;48;15;33
17/10/2018;21:15;41;8;33
17/10/2018;21:30;27;5;22
17/10/2018;21:45;24;4;20
17/10/2018;22:00;41;6;35
17/10/2018;22:15;42;7;35
17/10/2018;22:30;26;8;18
17/10/2018;22:45;31;5;26
17/10/2018;23:00;26;4;22
17/10/2018;23:15;26;5;21
17/10/2018;23:30;16;1;15
17/10/2018;23:45;20;0;20
18/10/2018;00:00;11;3;8
18/10/2018;00:15;6;0;6
18/10/2018;00:30;17;3;14
18/10/2018;00:45;7;0;7
18/10/2018;01:00;9;1;8
18/10/2018;01:15;1;0;1
18/10/2018;01:30;7;1;6
18/10/2018;01:45;2;0;2
18/10/2018;02:00;3;0;3
18/10/2018;02:15;0;0;0
18/10/2018;02:30;0;0;0
18/10/2018;02:45;1;0;1
18/10/2018;03:00;3;0;3
18/10/2018;03:15;3;1;2
18/10/2018;03:30;1;0;1
18/10/2018;03:45;3;1;2
18/10/2018;04:00;1;0;1
18/10/2018;04:15;0;0;0
18/10/2018;04:30;2;2;0
18/10/2018;04:45;8;3;5
18/10/2018;05:00;4;3;1
18/10/2018;05:15;11;4;7
18/10/2018;05:30;8;3;5
18/10/2018;05:45;15;4;11
18/10/2018;06:00;10;4;6
18/10/2018;06:15;24;12;12
18/10/2018;06:30;37;16;21
18/10/2018;06:45;31;18;13
18/10/2018;07:00;44;18;26
18/10/2018;07:15;71;31;40
18/10/2018;07:30;92;39;53
18/10/2018;07:45;126;67;59
18/10/2018;08:00;102;59;43
18/10/2018;08:15;113;53;60
18/10/2018;08:30;101;48;53
18/10/2018;08:45;95;48;47
18/10/2018;09:00;74;37;37
18/10/2018;09:15;76;39;37
18/10/2018;09:30;70;36;34
18/10/2018;09:45;72;39;33
18/10/2018;10:00;62;30;32
18/10/2018;10:15;45;16;29
18/10/2018;10:30;50;17;33
18/10/2018;10:45;40;21;19
18/10/2018;11:00;49;13;36
18/10/2018;11:15;57;14;43
18/10/2018;11:30;56;16;40
18/10/2018;11:45;68;35;33
18/10/2018;12:00;60;24;36
18/10/2018;12:15;64;26;38
18/10/2018;12:30;57;18;39
18/10/2018;12:45;60;19;41
18/10/2018;13:00;54;7;47
18/10/2018;13:15;80;22;58
18/10/2018;13:30;74;19;55
18/10/2018;13:45;86;20;66
18/10/2018;14:00;80;23;57
18/10/2018;14:15;65;13;52
18/10/2018;14:30;76;16;60
18/10/2018;14:45;69;23;46
18/10/2018;15:00;93;27;66
18/10/2018;15:15;76;14;62
18/10/2018;15:30;129;30;99
18/10/2018;15:45;98;21;77
18/10/2018;16:00;129;17;112
18/10/2018;16:15;138;36;102
18/10/2018;16:30;126;13;113
18/10/2018;16:45;134;30;104
18/10/2018;17:00;137;13;124
18/10/2018;17:15;145;22;123
18/10/2018;17:30;162;39;123
18/10/2018;17:45;172;25;147
18/10/2018;18:00;162;29;133
18/10/2018;18:15;141;26;115
18/10/2018;18:30;104;16;88
18/10/2018;18:45;107;25;82
18/10/2018;19:00;99;21;78
18/10/2018;19:15;95;15;80
18/10/2018;19:30;76;20;56
18/10/2018;19:45;75;13;62
18/10/2018;20:00;74;15;59
18/10/2018;20:15;66;11;55
18/10/2018;20:30;84;43;41
18/10/2018;20:45;45;10;35
18/10/2018;21:00;38;5;33
18/10/2018;21:15;40;5;35
18/10/2018;21:30;32;6;26
18/10/2018;21:45;35;5;30
18/10/2018;22:00;37;8;29
18/10/2018;22:15;36;5;31
18/10/2018;22:30;42;16;26
18/10/2018;22:45;28;1;27
18/10/2018;23:00;29;6;23
18/10/2018;23:15;31;11;20
18/10/2018;23:30;14;3;11
18/10/2018;23:45;12;1;11
19/10/2018;00:00;10;4;6
19/10/2018;00:15;14;1;13
19/10/2018;00:30;2;0;2
19/10/2018;00:45;4;0;4
19/10/2018;01:00;8;0;8
19/10/2018;01:15;6;0;6
19/10/2018;01:30;1;0;1
19/10/2018;01:45;6;1;5
19/10/2018;02:00;3;1;2
19/10/2018;02:15;5;2;3
19/10/2018;02:30;5;0;5
19/10/2018;02:45;9;3;6
19/10/2018;03:00;2;0;2
19/10/2018;03:15;5;0;5
19/10/2018;03:30;2;1;1
19/10/2018;03:45;4;0;4
19/10/2018;04:00;2;0;2
19/10/2018;04:15;3;2;1
19/10/2018;04:30;4;1;3
19/10/2018;04:45;3;1;2
19/10/2018;05:00;2;1;1
19/10/2018;05:15;6;2;4
19/10/2018;05:30;11;5;6
19/10/2018;05:45;7;4;3
19/10/2018;06:00;11;6;5
19/10/2018;06:15;18;7;11
19/10/2018;06:30;31;14;17
19/10/2018;06:45;35;16;19
19/10/2018;07:00;37;13;24
19/10/2018;07:15;53;24;29
19/10/2018;07:30;70;27;43
19/10/2018;07:45;108;52;56
19/10/2018;08:00;70;31;39
19/10/2018;08:15;97;48;49
19/10/2018;08:30;85;33;52
19/10/2018;08:45;83;47;36
19/10/2018;09:00;62;31;31
19/10/2018;09:15;58;29;29
19/10/2018;09:30;64;31;33
19/10/2018;09:45;81;33;48
19/10/2018;10:00;55;25;30
19/10/2018;10:15;45;20;25
19/10/2018;10:30;42;16;26
19/10/2018;10:45;41;17;24
19/10/2018;11:00;71;37;34
19/10/2018;11:15;45;14;31
19/10/2018;11:30;61;14;47
19/10/2018;11:45;57;24;33
19/10/2018;12:00;55;13;42
19/10/2018;12:15;70;20;50
19/10/2018;12:30;75;20;55
19/10/2018;12:45;68;12;56
19/10/2018;13:00;78;16;62
19/10/2018;13:15;65;18;47
19/10/2018;13:30;82;20;62
19/10/2018;13:45;97;24;73
19/10/2018;14:00;76;20;56
19/10/2018;14:15;94;15;79
19/10/2018;14:30;101;20;81
19/10/2018;14:45;118;22;96
19/10/2018;15:00;85;14;71
19/10/2018;15:15;104;14;90
19/10/2018;15:30;111;25;86
19/10/2018;15:45;96;21;75
19/10/2018;16:00;117;25;92
19/10/2018;16:15;112;28;84
19/10/2018;16:30;101;20;81
19/10/2018;16:45;127;31;96
19/10/2018;17:00;118;19;99
19/10/2018;17:15;109;28;81
19/10/2018;17:30;114;21;93
19/10/2018;17:45;104;20;84
19/10/2018;18:00;109;24;85
19/10/2018;18:15;116;25;91
19/10/2018;18:30;86;19;67
19/10/2018;18:45;101;26;75
19/10/2018;19:00;71;15;56
19/10/2018;19:15;82;26;56
19/10/2018;19:30;68;16;52
19/10/2018;19:45;45;16;29
19/10/2018;20:00;58;6;52
19/10/2018;20:15;57;19;38
19/10/2018;20:30;34;7;27
19/10/2018;20:45;49;15;34
19/10/2018;21:00;31;8;23
19/10/2018;21:15;21;5;16
19/10/2018;21:30;22;8;14
19/10/2018;21:45;23;3;20
19/10/2018;22:00;39;8;31
19/10/2018;22:15;24;6;18
19/10/2018;22:30;24;3;21
19/10/2018;22:45;18;4;14
19/10/2018;23:00;29;7;22
19/10/2018;23:15;30;3;27
19/10/2018;23:30;8;2;6
19/10/2018;23:45;15;5;10
20/10/2018;00:00;14;4;10
20/10/2018;00:15;25;4;21
20/10/2018;00:30;16;5;11
20/10/2018;00:45;20;3;17
20/10/2018;01:00;7;1;6
20/10/2018;01:15;9;0;9
20/10/2018;01:30;16;1;15
20/10/2018;01:45;8;0;8
20/10/2018;02:00;12;3;9
20/10/2018;02:15;6;0;6
20/10/2018;02:30;5;0;5
20/10/2018;02:45;7;1;6
20/10/2018;03:00;4;0;4
20/10/2018;03:15;7;0;7
20/10/2018;03:30;7;1;6
20/10/2018;03:45;7;3;4
20/10/2018;04:00;2;0;2
20/10/2018;04:15;6;0;6
20/10/2018;04:30;5;0;5
20/10/2018;04:45;4;1;3
20/10/2018;05:00;5;1;4
20/10/2018;05:15;5;2;3
20/10/2018;05:30;5;2;3
20/10/2018;05:45;1;0;1
20/10/2018;06:00;8;1;7
20/10/2018;06:15;7;0;7
20/10/2018;06:30;4;2;2
20/10/2018;06:45;7;5;2
20/10/2018;07:00;7;3;4
20/10/2018;07:15;4;0;4
20/10/2018;07:30;8;1;7
20/10/2018;07:45;11;6;5
20/10/2018;08:00;14;6;8
20/10/2018;08:15;10;5;5
20/10/2018;08:30;17;10;7
20/10/2018;08:45;21;8;13
20/10/2018;09:00;19;8;11
20/10/2018;09:15;32;19;13
20/10/2018;09:30;34;17;17
20/10/2018;09:45;34;16;18
20/10/2018;10:00;28;12;16
20/10/2018;10:15;41;13;28
20/10/2018;10:30;39;16;23
20/10/2018;10:45;57;22;35
20/10/2018;11:00;39;10;29
20/10/2018;11:15;64;31;33
20/10/2018;11:30;43;18;25
20/10/2018;11:45;67;33;34
20/10/2018;12:00;70;27;43
20/10/2018;12:15;61;16;45
20/10/2018;12:30;61;26;35
20/10/2018;12:45;72;23;49
20/10/2018;13:00;68;21;47
20/10/2018;13:15;84;24;60
20/10/2018;13:30;85;28;57
20/10/2018;13:45;58;23;35
20/10/2018;14:00;72;25;47
20/10/2018;14:15;93;25;68
20/10/2018;14:30;107;31;76
20/10/2018;14:45;94;25;69
20/10/2018;15:00;91;17;74
20/10/2018;15:15;93;18;75
20/10/2018;15:30;94;26;68
20/10/2018;15:45;67;16;51
20/10/2018;16:00;89;27;62
20/10/2018;16:15;83;15;68
20/10/2018;16:30;71;19;52
20/10/2018;16:45;91;17;74
20/10/2018;17:00;89;17;72
20/10/2018;17:15;86;11;75
20/10/2018;17:30;67;20;47
20/10/2018;17:45;95;18;77
20/10/2018;18:00;86;20;66
20/10/2018;18:15;56;10;46
20/10/2018;18:30;60;15;45
20/10/2018;18:45;48;9;39
20/10/2018;19:00;81;20;61
20/10/2018;19:15;70;27;43
20/10/2018;19:30;53;19;34
20/10/2018;19:45;46;10;36
20/10/2018;20:00;45;7;38
20/10/2018;20:15;40;13;27
20/10/2018;20:30;21;4;17
20/10/2018;20:45;25;10;15
20/10/2018;21:00;17;1;16
20/10/2018;21:15;21;5;16
20/10/2018;21:30;17;5;12
20/10/2018;21:45;21;1;20
20/10/2018;22:00;25;2;23
20/10/2018;22:15;30;8;22
20/10/2018;22:30;23;4;19
20/10/2018;22:45;11;5;6
20/10/2018;23:00;25;2;23
20/10/2018;23:15;24;5;19
20/10/2018;23:30;22;3;19
20/10/2018;23:45;18;3;15
21/10/2018;00:00;26;6;20
21/10/2018;00:15;18;3;15
21/10/2018;00:30;8;1;7
21/10/2018;00:45;12;5;7
21/10/2018;01:00;7;0;7
21/10/2018;01:15;11;2;9
21/10/2018;01:30;9;0;9
21/10/2018;01:45;9;0;9
21/10/2018;02:00;9;1;8
21/10/2018;02:15;3;0;3
21/10/2018;02:30;9;2;7
21/10/2018;02:45;7;3;4
21/10/2018;03:00;7;2;5
21/10/2018;03:15;2;0;2
21/10/2018;03:30;3;0;3
21/10/2018;03:45;0;0;0
21/10/2018;04:00;0;0;0
21/10/2018;04:15;0;0;0
21/10/2018;04:30;6;1;5
21/10/2018;04:45;4;0;4
21/10/2018;05:00;4;1;3
21/10/2018;05:15;3;1;2
21/10/2018;05:30;6;3;3
21/10/2018;05:45;1;1;0
21/10/2018;06:00;3;0;3
21/10/2018;06:15;6;2;4
21/10/2018;06:30;2;0;2
21/10/2018;06:45;1;0;1
21/10/2018;07:00;1;0;1
21/10/2018;07:15;3;1;2
21/10/2018;07:30;4;3;1
21/10/2018;07:45;7;3;4
21/10/2018;08:00;16;6;10
21/10/2018;08:15;21;5;16
21/10/2018;08:30;40;4;36
21/10/2018;08:45;45;2;43
21/10/2018;09:00;45;5;40
21/10/2018;09:15;31;6;25
21/10/2018;09:30;30;6;24
21/10/2018;09:45;30;12;18
21/10/2018;10:00;20;3;17
21/10/2018;10:15;33;9;24
21/10/2018;10:30;28;12;16
21/10/2018;10:45;59;26;33
21/10/2018;11:00;41;17;24
21/10/2018;11:15;52;18;34
21/10/2018;11:30;53;24;29
21/10/2018;11:45;40;21;19
21/10/2018;12:00;47;16;31
21/10/2018;12:15;50;20;30
21/10/2018;12:30;64;20;44
21/10/2018;12:45;67;10;57
21/10/2018;13:00;72;19;53
21/10/2018;13:15;67;10;57
21/10/2018;13:30;83;23;60
21/10/2018;13:45;104;27;77
21/10/2018;14:00;133;31;102
21/10/2018;14:15;90;15;75
21/10/2018;14:30;82;18;64
21/10/2018;14:45;91;13;78
21/10/2018;15:00;90;12;78
21/10/2018;15:15;85;21;64
21/10/2018;15:30;106;28;78
21/10/2018;15:45;101;30;71
21/10/2018;16:00;75;24;51
21/10/2018;16:15;114;44;70
21/10/2018;16:30;115;34;81
21/10/2018;16:45;89;29;60
21/10/2018;17:00;94;30;64
21/10/2018;17:15;79;29;50
21/10/2018;17:30;78;24;54
21/10/2018;17:45;75;28;47
21/10/2018;18:00;62;31;31
21/10/2018;18:15;75;32;43
21/10/2018;18:30;52;22;30
21/10/2018;18:45;54;20;34
21/10/2018;19:00;47;17;30
21/10/2018;19:15;39;8;31
21/10/2018;19:30;30;7;23
21/10/2018;19:45;23;4;19
21/10/2018;20:00;34;9;25
21/10/2018;20:15;17;5;12
21/10/2018;20:30;19;6;13
21/10/2018;20:45;13;2;11
21/10/2018;21:00;24;7;17
21/10/2018;21:15;12;2;10
21/10/2018;21:30;12;6;6
21/10/2018;21:45;15;0;15
21/10/2018;22:00;15;9;6
21/10/2018;22:15;15;3;12
21/10/2018;22:30;16;2;14
21/10/2018;22:45;14;3;11
21/10/2018;23:00;14;4;10
21/10/2018;23:15;7;1;6
21/10/2018;23:30;7;3;4
21/10/2018;23:45;4;1;3
22/10/2018;00:00;6;1;5
22/10/2018;00:15;6;1;5
22/10/2018;00:30;1;0;1
22/10/2018;00:45;2;0;2
22/10/2018;01:00;4;1;3
22/10/2018;01:15;0;0;0
22/10/2018;01:30;2;0;2
22/10/2018;01:45;0;0;0
22/10/2018;02:00;0;0;0
22/10/2018;02:15;3;1;2
22/10/2018;02:30;2;0;2
22/10/2018;02:45;1;0;1
22/10/2018;03:00;0;0;0
22/10/2018;03:15;0;0;0
22/10/2018;03:30;2;0;2
22/10/2018;03:45;2;0;2
22/10/2018;04:00;1;1;0
22/10/2018;04:15;2;1;1
22/10/2018;04:30;2;2;0
22/10/2018;04:45;6;2;4
22/10/2018;05:00;1;0;1
22/10/2018;05:15;10;7;3
22/10/2018;05:30;11;3;8
22/10/2018;05:45;10;7;3
22/10/2018;06:00;16;6;10
22/10/2018;06:15;15;7;8
22/10/2018;06:30;26;9;17
22/10/2018;06:45;40;15;25
22/10/2018;07:00;47;21;26
22/10/2018;07:15;59;30;29
22/10/2018;07:30;77;26;51
22/10/2018;07:45;98;49;49
22/10/2018;08:00;102;58;44
22/10/2018;08:15;111;55;56
22/10/2018;08:30;76;30;46
22/10/2018;08:45;113;68;45
22/10/2018;09:00;65;34;31
22/10/2018;09:15;62;29;33
22/10/2018;09:30;52;17;35
22/10/2018;09:45;62;38;24
22/10/2018;10:00;39;20;19
22/10/2018;10:15;43;18;25
22/10/2018;10:30;48;19;29
22/10/2018;10:45;43;20;23
22/10/2018;11:00;43;15;28
22/10/2018;11:15;45;17;28
22/10/2018;11:30;50;21;29
22/10/2018;11:45;60;18;42
22/10/2018;12:00;53;22;31
22/10/2018;12:15;50;19;31
22/10/2018;12:30;40;8;32
22/10/2018;12:45;49;15;34
22/10/2018;13:00;49;11;38
22/10/2018;13:15;42;6;36
22/10/2018;13:30;64;19;45
22/10/2018;13:45;43;8;35
22/10/2018;14:00;69;15;54
22/10/2018;14:15;57;10;47
22/10/2018;14:30;66;15;51
22/10/2018;14:45;60;15;45
22/10/2018;15:00;57;11;46
22/10/2018;15:15;72;11;61
22/10/2018;15:30;71;18;53
22/10/2018;15:45;90;14;76
22/10/2018;16:00;100;21;79
22/10/2018;16:15;125;18;107
22/10/2018;16:30;114;26;88
22/10/2018;16:45;114;14;100
22/10/2018;17:00;111;15;96
22/10/2018;17:15;139;27;112
22/10/2018;17:30;125;18;107
22/10/2018;17:45;148;26;122
22/10/2018;18:00;136;26;110
22/10/2018;18:15;122;14;108
22/10/2018;18:30;111;18;93
22/10/2018;18:45;135;30;105
22/10/2018;19:00;81;18;63
22/10/2018;19:15;94;19;75
22/10/2018;19:30;71;15;56
22/10/2018;19:45;70;11;59
22/10/2018;20:00;51;7;44
22/10/2018;20:15;44;6;38
22/10/2018;20:30;37;8;29
22/10/2018;20:45;33;6;27
22/10/2018;21:00;25;4;21
22/10/2018;21:15;34;9;25
22/10/2018;21:30;27;7;20
22/10/2018;21:45;31;5;26
22/10/2018;22:00;26;5;21
22/10/2018;22:15;35;7;28
22/10/2018;22:30;28;12;16
22/10/2018;22:45;25;0;25
22/10/2018;23:00;11;5;6
22/10/2018;23:15;10;1;9
22/10/2018;23:30;13;0;13
22/10/2018;23:45;13;3;10
23/10/2018;00:00;5;0;5
23/10/2018;00:15;9;2;7
23/10/2018;00:30;2;1;1
23/10/2018;00:45;2;0;2
23/10/2018;01:00;7;0;7
23/10/2018;01:15;1;0;1
23/10/2018;01:30;2;0;2
23/10/2018;01:45;0;0;0
23/10/2018;02:00;1;1;0
23/10/2018;02:15;2;2;0
23/10/2018;02:30;1;0;1
23/10/2018;02:45;0;0;0
23/10/2018;03:00;0;0;0
23/10/2018;03:15;1;0;1
23/10/2018;03:30;0;0;0
23/10/2018;03:45;2;0;2
23/10/2018;04:00;1;0;1
23/10/2018;04:15;2;1;1
23/10/2018;04:30;5;3;2
23/10/2018;04:45;2;1;1
23/10/2018;05:00;2;0;2
23/10/2018;05:15;10;6;4
23/10/2018;05:30;13;5;8
23/10/2018;05:45;10;6;4
23/10/2018;06:00;17;6;11
23/10/2018;06:15;17;7;10
23/10/2018;06:30;27;6;21
23/10/2018;06:45;33;16;17
23/10/2018;07:00;49;21;28
23/10/2018;07:15;69;29;40
23/10/2018;07:30;87;39;48
23/10/2018;07:45;120;68;52
23/10/2018;08:00;107;63;44
23/10/2018;08:15;108;55;53
23/10/2018;08:30;89;48;41
23/10/2018;08:45;102;56;46
23/10/2018;09:00;71;35;36
23/10/2018;09:15;63;37;26
23/10/2018;09:30;54;32;22
23/10/2018;09:45;75;43;32
23/10/2018;10:00;58;32;26
23/10/2018;10:15;47;14;33
23/10/2018;10:30;38;17;21
23/10/2018;10:45;32;9;23
23/10/2018;11:00;41;8;33
23/10/2018;11:15;44;12;32
23/10/2018;11:30;42;12;30
23/10/2018;11:45;52;14;38
23/10/2018;12:00;58;25;33
23/10/2018;12:15;46;9;37
23/10/2018;12:30;61;15;46
23/10/2018;12:45;52;17;35
23/10/2018;13:00;53;16;37
23/10/2018;13:15;53;11;42
23/10/2018;13:30;60;27;33
23/10/2018;13:45;64;17;47
23/10/2018;14:00;64;23;41
23/10/2018;14:15;56;15;41
23/10/2018;14:30;58;15;43
23/10/2018;14:45;63;21;42
23/10/2018;15:00;66;13;53
23/10/2018;15:15;66;14;52
23/10/2018;15:30;100;25;75
23/10/2018;15:45;96;21;75
23/10/2018;16:00;106;28;78
23/10/2018;16:15;95;13;82
23/10/2018;16:30;120;16;104
23/10/2018;16:45;128;30;98
23/10/2018;17:00;114;15;99
23/10/2018;17:15;162;18;144
23/10/2018;17:30;140;26;114
23/10/2018;17:45;146;32;114
23/10/2018;18:00;156;21;135
23/10/2018;18:15;147;20;127
23/10/2018;18:30;101;22;79
23/10/2018;18:45;101;28;73
23/10/2018;19:00;101;16;85
23/10/2018;19:15;70;6;64
23/10/2018;19:30;77;14;63
23/10/2018;19:45;68;13;55
23/10/2018;20:00;56;12;44
23/10/2018;20:15;60;16;44
23/10/2018;20:30;28;4;24
23/10/2018;20:45;39;9;30
23/10/2018;21:00;31;6;25
23/10/2018;21:15;43;7;36
23/10/2018;21:30;36;5;31
23/10/2018;21:45;32;7;25
23/10/2018;22:00;44;2;42
23/10/2018;22:15;29;10;19
23/10/2018;22:30;17;3;14
23/10/2018;22:45;24;7;17
23/10/2018;23:00;18;3;15
23/10/2018;23:15;13;2;11
23/10/2018;23:30;10;0;10
23/10/2018;23:45;12;1;11
24/10/2018;00:00;11;1;10
24/10/2018;00:15;10;1;9
24/10/2018;00:30;3;0;3
24/10/2018;00:45;2;1;1
24/10/2018;01:00;2;0;2
24/10/2018;01:15;2;0;2
24/10/2018;01:30;2;0;2
24/10/2018;01:45;2;0;2
24/10/2018;02:00;2;1;1
24/10/2018;02:15;1;0;1
24/10/2018;02:30;2;0;2
24/10/2018;02:45;0;0;0
24/10/2018;03:00;0;0;0
24/10/2018;03:15;1;0;1
24/10/2018;03:30;0;0;0
24/10/2018;03:45;1;0;1
24/10/2018;04:00;0;0;0
24/10/2018;04:15;2;0;2
24/10/2018;04:30;3;2;1
24/10/2018;04:45;1;0;1
24/10/2018;05:00;1;0;1
24/10/2018;05:15;7;4;3
24/10/2018;05:30;13;5;8
24/10/2018;05:45;12;6;6
24/10/2018;06:00;14;4;10
24/10/2018;06:15;15;7;8
24/10/2018;06:30;23;8;15
24/10/2018;06:45;27;16;11
24/10/2018;07:00;40;13;27
24/10/2018;07:15;48;16;32
24/10/2018;07:30;75;36;39
24/10/2018;07:45;97;51;46
24/10/2018;08:00;87;48;39
24/10/2018;08:15;98;54;44
24/10/2018;08:30;74;30;44
24/10/2018;08:45;72;36;36
24/10/2018;09:00;62;34;28
24/10/2018;09:15;41;20;21
24/10/2018;09:30;47;22;25
24/10/2018;09:45;52;33;19
24/10/2018;10:00;41;23;18
24/10/2018;10:15;27;8;19
24/10/2018;10:30;22;7;15
24/10/2018;10:45;30;13;17
24/10/2018;11:00;28;8;20
24/10/2018;11:15;27;11;16
24/10/2018;11:30;27;8;19
24/10/2018;11:45;41;14;27
24/10/2018;12:00;33;14;19
24/10/2018;12:15;38;12;26
24/10/2018;12:30;27;4;23
24/10/2018;12:45;59;16;43
24/10/2018;13:00;42;8;34
24/10/2018;13:15;40;14;26
24/10/2018;13:30;47;11;36
24/10/2018;13:45;67;18;49
24/10/2018;14:00;56;11;45
24/10/2018;14:15;46;10;36
24/10/2018;14:30;51;18;33
24/10/2018;14:45;48;12;36
24/10/2018;15:00;75;8;67
24/10/2018;15:15;55;7;48
24/10/2018;15:30;54;7;47
24/10/2018;15:45;88;25;63
24/10/2018;16:00;102;24;78
24/10/2018;16:15;106;23;83
24/10/2018;16:30;83;19;64
24/10/2018;16:45;119;34;85
24/10/2018;17:00;101;26;75
24/10/2018;17:15;107;27;80
24/10/2018;17:30;102;21;81
24/10/2018;17:45;129;29;100
24/10/2018;18:00;107;20;87
24/10/2018;18:15;94;17;77
24/10/2018;18:30;90;20;70
24/10/2018;18:45;85;22;63
24/10/2018;19:00;90;21;69
24/10/2018;19:15;84;16;68
24/10/2018;19:30;51;7;44
24/10/2018;19:45;64;8;56
24/10/2018;20:00;66;8;58
24/10/2018;20:15;49;14;35
24/10/2018;20:30;41;15;26
24/10/2018;20:45;36;8;28
24/10/2018;21:00;40;13;27
24/10/2018;21:15;32;7;25
24/10/2018;21:30;43;13;30
24/10/2018;21:45;24;3;21
24/10/2018;22:00;26;3;23
24/10/2018;22:15;23;6;17
24/10/2018;22:30;32;5;27
24/10/2018;22:45;25;3;22
24/10/2018;23:00;29;7;22
24/10/2018;23:15;14;2;12
24/10/2018;23:30;22;6;16
24/10/2018;23:45;12;3;9
25/10/2018;00:00;8;1;7
25/10/2018;00:15;7;0;7
25/10/2018;00:30;6;1;5
25/10/2018;00:45;6;0;6
25/10/2018;01:00;7;2;5
25/10/2018;01:15;7;2;5
25/10/2018;01:30;3;0;3
25/10/2018;01:45;4;0;4
25/10/2018;02:00;2;2;0
25/10/2018;02:15;0;0;0
25/10/2018;02:30;1;0;1
25/10/2018;02:45;2;0;2
25/10/2018;03:00;3;0;3
25/10/2018;03:15;0;0;0
25/10/2018;03:30;0;0;0
25/10/2018;03:45;3;1;2
25/10/2018;04:00;1;1;0
25/10/2018;04:15;6;2;4
25/10/2018;04:30;2;0;2
25/10/2018;04:45;2;1;1
25/10/2018;05:00;2;0;2
25/10/2018;05:15;7;5;2
25/10/2018;05:30;15;6;9
25/10/2018;05:45;16;9;7
25/10/2018;06:00;17;6;11
25/10/2018;06:15;15;4;11
25/10/2018;06:30;27;9;18
25/10/2018;06:45;35;16;19
25/10/2018;07:00;52;21;31
25/10/2018;07:15;62;31;31
25/10/2018;07:30;55;21;34
25/10/2018;07:45;91;42;49
25/10/2018;08:00;89;55;34
25/10/2018;08:15;101;50;51
25/10/2018;08:30;88;50;38
25/10/2018;08:45;100;47;53
25/10/2018;09:00;58;30;28
25/10/2018;09:15;52;33;19
25/10/2018;09:30;56;33;23
25/10/2018;09:45;79;45;34
25/10/2018;10:00;47;29;18
25/10/2018;10:15;49;14;35
25/10/2018;10:30;28;9;19
25/10/2018;10:45;42;17;25
25/10/2018;11:00;44;16;28
25/10/2018;11:15;50;21;29
25/10/2018;11:30;44;18;26
25/10/2018;11:45;61;12;49
25/10/2018;12:00;70;22;48
25/10/2018;12:15;50;14;36
25/10/2018;12:30;52;15;37
25/10/2018;12:45;61;20;41
25/10/2018;13:00;54;14;40
25/10/2018;13:15;66;15;51
25/10/2018;13:30;60;20;40
25/10/2018;13:45;56;15;41
25/10/2018;14:00;49;14;35
25/10/2018;14:15;58;11;47
25/10/2018;14:30;63;16;47
25/10/2018;14:45;53;13;40
25/10/2018;15:00;76;19;57
25/10/2018;15:15;82;16;66
25/10/2018;15:30;101;20;81
25/10/2018;15:45;100;18;82
25/10/2018;16:00;125;22;103
25/10/2018;16:15;103;18;85
25/10/2018;16:30;133;23;110
25/10/2018;16:45;108;27;81
25/10/2018;17:00;132;26;106
25/10/2018;17:15;155;28;127
25/10/2018;17:30;116;23;93
25/10/2018;17:45;118;21;97
25/10/2018;18:00;143;27;116
25/10/2018;18:15;123;20;103
25/10/2018;18:30;93;24;69
25/10/2018;18:45;84;18;66
25/10/2018;19:00;63;8;55
25/10/2018;19:15;90;24;66
25/10/2018;19:30;76;17;59
25/10/2018;19:45;72;17;55
25/10/2018;20:00;59;4;55
25/10/2018;20:15;50;6;44
25/10/2018;20:30;42;5;37
25/10/2018;20:45;39;11;28
25/10/2018;21:00;38;3;35
25/10/2018;21:15;32;8;24
25/10/2018;21:30;44;11;33
25/10/2018;21:45;30;4;26
25/10/2018;22:00;30;0;30
25/10/2018;22:15;48;12;36
25/10/2018;22:30;34;6;28
25/10/2018;22:45;27;11;16
25/10/2018;23:00;22;3;19
25/10/2018;23:15;24;7;17
25/10/2018;23:30;15;6;9
25/10/2018;23:45;17;3;14
26/10/2018;00:00;24;3;21
26/10/2018;00:15;6;0;6
26/10/2018;00:30;14;3;11
26/10/2018;00:45;10;1;9
26/10/2018;01:00;9;1;8
26/10/2018;01:15;2;0;2
26/10/2018;01:30;4;1;3
26/10/2018;01:45;3;1;2
26/10/2018;02:00;8;3;5
26/10/2018;02:15;2;0;2
26/10/2018;02:30;3;1;2
26/10/2018;02:45;2;0;2
26/10/2018;03:00;3;0;3
26/10/2018;03:15;2;0;2
26/10/2018;03:30;5;1;4
26/10/2018;03:45;4;2;2
26/10/2018;04:00;0;0;0
26/10/2018;04:15;5;2;3
26/10/2018;04:30;1;0;1
26/10/2018;04:45;4;2;2
26/10/2018;05:00;2;1;1
26/10/2018;05:15;8;6;2
26/10/2018;05:30;13;4;9
26/10/2018;05:45;12;6;6
26/10/2018;06:00;14;8;6
26/10/2018;06:15;17;7;10
26/10/2018;06:30;30;12;18
26/10/2018;06:45;44;17;27
26/10/2018;07:00;44;15;29
26/10/2018;07:15;42;22;20
26/10/2018;07:30;67;25;42
26/10/2018;07:45;70;29;41
26/10/2018;08:00;79;45;34
26/10/2018;08:15;78;37;41
26/10/2018;08:30;69;38;31
26/10/2018;08:45;88;53;35
26/10/2018;09:00;60;35;25
26/10/2018;09:15;58;31;27
26/10/2018;09:30;60;27;33
26/10/2018;09:45;62;33;29
26/10/2018;10:00;50;17;33
26/10/2018;10:15;45;12;33
26/10/2018;10:30;42;16;26
26/10/2018;10:45;44;18;26
26/10/2018;11:00;44;17;27
26/10/2018;11:15;36;14;22
26/10/2018;11:30;37;8;29
26/10/2018;11:45;64;26;38
26/10/2018;12:00;70;21;49
26/10/2018;12:15;52;10;42
26/10/2018;12:30;70;20;50
26/10/2018;12:45;61;14;47
26/10/2018;13:00;56;10;46
26/10/2018;13:15;77;19;58
26/10/2018;13:30;73;9;64
26/10/2018;13:45;72;16;56
26/10/2018;14:00;98;37;61
26/10/2018;14:15;99;25;74
26/10/2018;14:30;62;8;54
26/10/2018;14:45;71;15;56
26/10/2018;15:00;90;16;74
26/10/2018;15:15;72;17;55
26/10/2018;15:30;98;31;67
26/10/2018;15:45;92;14;78
26/10/2018;16:00;93;21;72
26/10/2018;16:15;91;24;67
26/10/2018;16:30;99;21;78
26/10/2018;16:45;98;21;77
26/10/2018;17:00;109;17;92
26/10/2018;17:15;102;24;78
26/10/2018;17:30;84;19;65
26/10/2018;17:45;89;24;65
26/10/2018;18:00;82;23;59
26/10/2018;18:15;72;14;58
26/10/2018;18:30;71;14;57
26/10/2018;18:45;76;15;61
26/10/2018;19:00;58;16;42
26/10/2018;19:15;67;16;51
26/10/2018;19:30;73;10;63
26/10/2018;19:45;44;14;30
26/10/2018;20:00;40;12;28
26/10/2018;20:15;51;8;43
26/10/2018;20:30;35;4;31
26/10/2018;20:45;29;6;23
26/10/2018;21:00;28;9;19
26/10/2018;21:15;23;5;18
26/10/2018;21:30;22;6;16
26/10/2018;21:45;34;8;26
26/10/2018;22:00;26;4;22
26/10/2018;22:15;25;3;22
26/10/2018;22:30;22;3;19
26/10/2018;22:45;21;5;16
26/10/2018;23:00;16;4;12
26/10/2018;23:15;17;4;13
26/10/2018;23:30;19;1;18
26/10/2018;23:45;25;4;21
27/10/2018;00:00;9;1;8
27/10/2018;00:15;14;4;10
27/10/2018;00:30;12;2;10
27/10/2018;00:45;15;2;13
27/10/2018;01:00;16;5;11
27/10/2018;01:15;13;3;10
27/10/2018;01:30;14;4;10
27/10/2018;01:45;10;4;6
27/10/2018;02:00;4;0;4
27/10/2018;02:15;6;0;6
27/10/2018;02:30;6;0;6
27/10/2018;02:45;2;0;2
27/10/2018;03:00;3;0;3
27/10/2018;03:15;9;5;4
27/10/2018;03:30;5;0;5
27/10/2018;03:45;2;1;1
27/10/2018;04:00;3;0;3
27/10/2018;04:15;4;0;4
27/10/2018;04:30;2;0;2
27/10/2018;04:45;2;1;1
27/10/2018;05:00;1;0;1
27/10/2018;05:15;8;2;6
27/10/2018;05:30;5;2;3
27/10/2018;05:45;3;1;2
27/10/2018;06:00;6;3;3
27/10/2018;06:15;3;1;2
27/10/2018;06:30;7;3;4
27/10/2018;06:45;8;3;5
27/10/2018;07:00;4;1;3
27/10/2018;07:15;5;2;3
27/10/2018;07:30;3;1;2
27/10/2018;07:45;7;5;2
27/10/2018;08:00;10;3;7
27/10/2018;08:15;10;7;3
27/10/2018;08:30;15;7;8
27/10/2018;08:45;19;14;5
27/10/2018;09:00;22;15;7
27/10/2018;09:15;30;14;16
27/10/2018;09:30;28;15;13
27/10/2018;09:45;38;19;19
27/10/2018;10:00;38;20;18
27/10/2018;10:15;41;22;19
27/10/2018;10:30;45;13;32
27/10/2018;10:45;36;9;27
27/10/2018;11:00;50;28;22
27/10/2018;11:15;49;30;19
27/10/2018;11:30;40;15;25
27/10/2018;11:45;47;27;20
27/10/2018;12:00;46;17;29
27/10/2018;12:15;57;20;37
27/10/2018;12:30;59;18;41
27/10/2018;12:45;65;18;47
27/10/2018;13:00;55;18;37
27/10/2018;13:15;53;19;34
27/10/2018;13:30;69;15;54
27/10/2018;13:45;68;20;48
27/10/2018;14:00;65;20;45
27/10/2018;14:15;62;16;46
27/10/2018;14:30;50;14;36
27/10/2018;14:45;56;14;42
27/10/2018;15:00;62;17;45
27/10/2018;15:15;55;19;36
27/10/2018;15:30;56;15;41
27/10/2018;15:45;57;10;47
27/10/2018;16:00;69;10;59
27/10/2018;16:15;65;20;45
27/10/2018;16:30;63;16;47
27/10/2018;16:45;59;9;50
27/10/2018;17:00;49;12;37
27/10/2018;17:15;45;9;36
27/10/2018;17:30;63;14;49
27/10/2018;17:45;69;24;45
27/10/2018;18:00;67;8;59
27/10/2018;18:15;40;12;28
27/10/2018;18:30;66;17;49
27/10/2018;18:45;54;23;31
27/10/2018;19:00;57;14;43
27/10/2018;19:15;43;9;34
27/10/2018;19:30;24;5;19
27/10/2018;19:45;31;12;19
27/10/2018;20:00;34;4;30
27/10/2018;20:15;37;9;28
27/10/2018;20:30;30;8;22
27/10/2018;20:45;22;4;18
27/10/2018;21:00;26;5;21
27/10/2018;21:15;15;4;11
27/10/2018;21:30;16;2;14
27/10/2018;21:45;17;7;10
27/10/2018;22:00;20;6;14
27/10/2018;22:15;26;2;24
27/10/2018;22:30;16;5;11
27/10/2018;22:45;21;3;18
27/10/2018;23:00;9;2;7
27/10/2018;23:15;13;7;6
27/10/2018;23:30;20;4;16
27/10/2018;23:45;34;5;29
28/10/2018;00:00;17;6;11
28/10/2018;00:15;14;5;9
28/10/2018;00:30;16;3;13
28/10/2018;00:45;5;1;4
28/10/2018;01:00;14;3;11
28/10/2018;01:15;13;4;9
28/10/2018;01:30;18;2;16
28/10/2018;01:45;12;0;12
28/10/2018;02:00;16;3;13
28/10/2018;02:15;7;3;4
28/10/2018;02:30;17;6;11
28/10/2018;02:45;5;4;1
28/10/2018;03:00;1;0;1
28/10/2018;03:15;3;0;3
28/10/2018;03:30;3;0;3
28/10/2018;03:45;2;0;2
28/10/2018;04:00;0;0;0
28/10/2018;04:15;2;0;2
28/10/2018;04:30;2;0;2
28/10/2018;04:45;1;1;0
28/10/2018;05:00;0;0;0
28/10/2018;05:15;0;0;0
28/10/2018;05:30;7;2;5
28/10/2018;05:45;2;1;1
28/10/2018;06:00;3;2;1
28/10/2018;06:15;1;1;0
28/10/2018;06:30;2;2;0
28/10/2018;06:45;0;0;0
28/10/2018;07:00;3;1;2
28/10/2018;07:15;4;1;3
28/10/2018;07:30;7;2;5
28/10/2018;07:45;8;2;6
28/10/2018;08:00;11;2;9
28/10/2018;08:15;7;2;5
28/10/2018;08:30;8;2;6
28/10/2018;08:45;11;6;5
28/10/2018;09:00;15;3;12
28/10/2018;09:15;15;5;10
28/10/2018;09:30;23;3;20
28/10/2018;09:45;36;10;26
28/10/2018;10:00;23;8;15
28/10/2018;10:15;29;5;24
28/10/2018;10:30;30;13;17
28/10/2018;10:45;48;16;32
28/10/2018;11:00;22;5;17
28/10/2018;11:15;37;12;25
28/10/2018;11:30;25;6;19
28/10/2018;11:45;47;15;32
28/10/2018;12:00;21;3;18
28/10/2018;12:15;60;16;44
28/10/2018;12:30;44;10;34
28/10/2018;12:45;37;8;29
28/10/2018;13:00;38;7;31
28/10/2018;13:15;38;13;25
28/10/2018;13:30;40;9;31
28/10/2018;13:45;50;18;32
28/10/2018;14:00;34;7;27
28/10/2018;14:15;48;10;38
28/10/2018;14:30;45;6;39
28/10/2018;14:45;35;10;25
28/10/2018;15:00;46;13;33
28/10/2018;15:15;40;6;34
28/10/2018;15:30;49;12;37
28/10/2018;15:45;43;15;28
28/10/2018;16:00;53;13;40
28/10/2018;16:15;35;15;20
28/10/2018;16:30;38;16;22
28/10/2018;16:45;36;15;21
28/10/2018;17:00;38;8;30
28/10/2018;17:15;29;13;16
28/10/2018;17:30;43;14;29
28/10/2018;17:45;37;20;17
28/10/2018;18:00;34;9;25
28/10/2018;18:15;33;11;22
28/10/2018;18:30;27;2;25
28/10/2018;18:45;30;8;22
28/10/2018;19:00;27;7;20
28/10/2018;19:15;27;2;25
28/10/2018;19:30;23;2;21
28/10/2018;19:45;21;2;19
28/10/2018;20:00;14;2;12
28/10/2018;20:15;20;6;14
28/10/2018;20:30;19;2;17
28/10/2018;20:45;18;2;16
28/10/2018;21:00;11;0;11
28/10/2018;21:15;14;1;13
28/10/2018;21:30;10;1;9
28/10/2018;21:45;10;3;7
28/10/2018;22:00;14;0;14
28/10/2018;22:15;12;3;9
28/10/2018;22:30;15;5;10
28/10/2018;22:45;12;2;10
28/10/2018;23:00;13;6;7
28/10/2018;23:15;10;2;8
28/10/2018;23:30;3;1;2
28/10/2018;23:45;0;0;0
29/10/2018;00:00;3;2;1
29/10/2018;00:15;4;1;3
29/10/2018;00:30;4;0;4
29/10/2018;00:45;3;3;0
29/10/2018;01:00;1;0;1
29/10/2018;01:15;0;0;0
29/10/2018;01:30;0;0;0
29/10/2018;01:45;2;0;2
29/10/2018;02:00;0;0;0
29/10/2018;02:15;0;0;0
29/10/2018;02:30;1;0;1
29/10/2018;02:45;2;1;1
29/10/2018;03:00;1;0;1
29/10/2018;03:15;0;0;0
29/10/2018;03:30;1;0;1
29/10/2018;03:45;2;0;2
29/10/2018;04:00;0;0;0
29/10/2018;04:15;0;0;0
29/10/2018;04:30;0;0;0
29/10/2018;04:45;0;0;0
29/10/2018;05:00;4;2;2
29/10/2018;05:15;7;5;2
29/10/2018;05:30;11;5;6
29/10/2018;05:45;7;4;3
29/10/2018;06:00;14;8;6
29/10/2018;06:15;25;14;11
29/10/2018;06:30;29;14;15
29/10/2018;06:45;47;19;28
29/10/2018;07:00;54;28;26
29/10/2018;07:15;73;40;33
29/10/2018;07:30;151;92;59
29/10/2018;07:45;150;87;63
29/10/2018;08:00;108;53;55
29/10/2018;08:15;114;56;58
29/10/2018;08:30;96;43;53
29/10/2018;08:45;94;54;40
29/10/2018;09:00;75;44;31
29/10/2018;09:15;55;28;27
29/10/2018;09:30;45;20;25
29/10/2018;09:45;45;22;23
29/10/2018;10:00;40;19;21
29/10/2018;10:15;44;23;21
29/10/2018;10:30;32;8;24
29/10/2018;10:45;33;7;26
29/10/2018;11:00;37;11;26
29/10/2018;11:15;39;16;23
29/10/2018;11:30;56;23;33
29/10/2018;11:45;49;15;34
29/10/2018;12:00;57;24;33
29/10/2018;12:15;50;19;31
29/10/2018;12:30;52;16;36
29/10/2018;12:45;66;18;48
29/10/2018;13:00;65;14;51
29/10/2018;13:15;66;10;56
29/10/2018;13:30;80;16;64
29/10/2018;13:45;109;22;87
29/10/2018;14:00;66;21;45
29/10/2018;14:15;75;13;62
29/10/2018;14:30;61;13;48
29/10/2018;14:45;73;15;58
29/10/2018;15:00;89;22;67
29/10/2018;15:15;86;17;69
29/10/2018;15:30;93;26;67
29/10/2018;15:45;101;22;79
29/10/2018;16:00;140;22;118
29/10/2018;16:15;125;16;109
29/10/2018;16:30;129;25;104
29/10/2018;16:45;134;26;108
29/10/2018;17:00;126;18;108
29/10/2018;17:15;138;16;122
29/10/2018;17:30;130;19;111
29/10/2018;17:45;134;24;110
29/10/2018;18:00;111;18;93
29/10/2018;18:15;123;26;97
29/10/2018;18:30;91;10;81
29/10/2018;18:45;115;19;96
29/10/2018;19:00;94;13;81
29/10/2018;19:15;64;10;54
29/10/2018;19:30;62;18;44
29/10/2018;19:45;70;13;57
29/10/2018;20:00;64;11;53
29/10/2018;20:15;66;9;57
29/10/2018;20:30;38;12;26
29/10/2018;20:45;41;8;33
29/10/2018;21:00;45;10;35
29/10/2018;21:15;27;4;23
29/10/2018;21:30;29;7;22
29/10/2018;21:45;36;4;32
29/10/2018;22:00;28;7;21
29/10/2018;22:15;31;6;25
29/10/2018;22:30;22;7;15
29/10/2018;22:45;17;6;11
29/10/2018;23:00;22;3;19
29/10/2018;23:15;13;1;12
29/10/2018;23:30;5;1;4
29/10/2018;23:45;6;2;4
30/10/2018;00:00;9;4;5
30/10/2018;00:15;10;3;7
30/10/2018;00:30;4;0;4
30/10/2018;00:45;2;0;2
30/10/2018;01:00;2;0;2
30/10/2018;01:15;1;1;0
30/10/2018;01:30;0;0;0
30/10/2018;01:45;0;0;0
30/10/2018;02:00;0;0;0
30/10/2018;02:15;0;0;0
30/10/2018;02:30;1;0;1
30/10/2018;02:45;1;0;1
30/10/2018;03:00;1;0;1
30/10/2018;03:15;1;0;1
30/10/2018;03:30;3;0;3
30/10/2018;03:45;1;0;1
30/10/2018;04:00;0;0;0
30/10/2018;04:15;3;3;0
30/10/2018;04:30;2;1;1
30/10/2018;04:45;7;2;5
30/10/2018;05:00;3;2;1
30/10/2018;05:15;6;3;3
30/10/2018;05:30;9;2;7
30/10/2018;05:45;10;5;5
30/10/2018;06:00;11;7;4
30/10/2018;06:15;22;12;10
30/10/2018;06:30;21;12;9
30/10/2018;06:45;48;25;23
30/10/2018;07:00;50;28;22
30/10/2018;07:15;62;27;35
30/10/2018;07:30;128;76;52
30/10/2018;07:45;131;86;45
30/10/2018;08:00;137;73;64
30/10/2018;08:15;102;55;47
30/10/2018;08:30;65;31;34
30/10/2018;08:45;65;40;25
30/10/2018;09:00;52;26;26
30/10/2018;09:15;39;18;21
30/10/2018;09:30;30;16;14
30/10/2018;09:45;47;27;20
30/10/2018;10:00;33;20;13
30/10/2018;10:15;27;14;13
30/10/2018;10:30;33;14;19
30/10/2018;10:45;39;16;23
30/10/2018;11:00;30;11;19
30/10/2018;11:15;32;11;21
30/10/2018;11:30;30;10;20
30/10/2018;11:45;33;11;22
30/10/2018;12:00;48;18;30
30/10/2018;12:15;36;7;29
30/10/2018;12:30;61;11;50
30/10/2018;12:45;43;10;33
30/10/2018;13:00;54;11;43
30/10/2018;13:15;59;12;47
30/10/2018;13:30;60;12;48
30/10/2018;13:45;59;13;46
30/10/2018;14:00;55;11;44
30/10/2018;14:15;63;12;51
30/10/2018;14:30;53;14;39
30/10/2018;14:45;67;11;56
30/10/2018;15:00;65;13;52
30/10/2018;15:15;68;15;53
30/10/2018;15:30;70;12;58
30/10/2018;15:45;94;11;83
30/10/2018;16:00;100;12;88
30/10/2018;16:15;77;14;63
30/10/2018;16:30;115;11;104
30/10/2018;16:45;90;25;65
30/10/2018;17:00;91;14;77
30/10/2018;17:15;110;29;81
30/10/2018;17:30;96;16;80
30/10/2018;17:45;108;14;94
30/10/2018;18:00;97;27;70
30/10/2018;18:15;100;18;82
30/10/2018;18:30;81;15;66
30/10/2018;18:45;71;15;56
30/10/2018;19:00;64;6;58
30/10/2018;19:15;60;9;51
30/10/2018;19:30;48;12;36
30/10/2018;19:45;64;12;52
30/10/2018;20:00;41;12;29
30/10/2018;20:15;46;7;39
30/10/2018;20:30;36;8;28
30/10/2018;20:45;38;8;30
30/10/2018;21:00;27;8;19
30/10/2018;21:15;26;2;24
30/10/2018;21:30;33;7;26
30/10/2018;21:45;27;3;24
30/10/2018;22:00;30;4;26
30/10/2018;22:15;32;5;27
30/10/2018;22:30;17;2;15
30/10/2018;22:45;16;5;11
30/10/2018;23:00;12;1;11
30/10/2018;23:15;8;2;6
30/10/2018;23:30;10;2;8
30/10/2018;23:45;8;1;7
31/10/2018;00:00;4;0;4
31/10/2018;00:15;5;0;5
31/10/2018;00:30;2;0;2
31/10/2018;00:45;2;0;2
31/10/2018;01:00;3;1;2
31/10/2018;01:15;1;1;0
31/10/2018;01:30;1;0;1
31/10/2018;01:45;1;0;1
31/10/2018;02:00;3;0;3
31/10/2018;02:15;2;1;1
31/10/2018;02:30;6;5;1
31/10/2018;02:45;0;0;0
31/10/2018;03:00;3;0;3
31/10/2018;03:15;0;0;0
31/10/2018;03:30;2;0;2
31/10/2018;03:45;1;0;1
31/10/2018;04:00;0;0;0
31/10/2018;04:15;3;2;1
31/10/2018;04:30;2;1;1
31/10/2018;04:45;2;1;1
31/10/2018;05:00;2;1;1
31/10/2018;05:15;10;7;3
31/10/2018;05:30;8;2;6
31/10/2018;05:45;10;6;4
31/10/2018;06:00;12;4;8
31/10/2018;06:15;24;8;16
31/10/2018;06:30;33;17;16
31/10/2018;06:45;40;18;22
31/10/2018;07:00;54;25;29
31/10/2018;07:15;71;34;37
31/10/2018;07:30;124;73;51
31/10/2018;07:45;139;81;58
31/10/2018;08:00;102;56;46
31/10/2018;08:15;126;68;58
31/10/2018;08:30;102;47;55
31/10/2018;08:45;100;57;43
31/10/2018;09:00;70;36;34
31/10/2018;09:15;57;33;24
31/10/2018;09:30;56;29;27
31/10/2018;09:45;61;40;21
31/10/2018;10:00;56;21;35
31/10/2018;10:15;38;14;24
31/10/2018;10:30;47;20;27
31/10/2018;10:45;47;19;28
31/10/2018;11:00;37;15;22
31/10/2018;11:15;53;12;41
31/10/2018;11:30;53;12;41
31/10/2018;11:45;55;13;42
31/10/2018;12:00;55;13;42
31/10/2018;12:15;54;5;49
31/10/2018;12:30;54;7;47
31/10/2018;12:45;53;13;40
31/10/2018;13:00;58;9;49
31/10/2018;13:15;74;12;62
31/10/2018;13:30;82;21;61
31/10/2018;13:45;64;16;48
31/10/2018;14:00;81;18;63
31/10/2018;14:15;81;15;66
31/10/2018;14:30;73;17;56
31/10/2018;14:45;64;10;54
31/10/2018;15:00;96;10;86
31/10/2018;15:15;95;19;76
31/10/2018;15:30;104;19;85
31/10/2018;15:45;149;25;124
31/10/2018;16:00;131;18;113
31/10/2018;16:15;125;19;106
31/10/2018;16:30;119;23;96
31/10/2018;16:45;139;24;115
31/10/2018;17:00;147;25;122
31/10/2018;17:15;125;18;107
31/10/2018;17:30;121;24;97
31/10/2018;17:45;116;19;97
31/10/2018;18:00;114;19;95
31/10/2018;18:15;119;23;96
31/10/2018;18:30;108;19;89
31/10/2018;18:45;96;21;75
31/10/2018;19:00;81;18;63
31/10/2018;19:15;80;15;65
31/10/2018;19:30;74;20;54
31/10/2018;19:45;76;18;58
31/10/2018;20:00;76;12;64
31/10/2018;20:15;43;10;33
31/10/2018;20:30;50;15;35
31/10/2018;20:45;52;8;44
31/10/2018;21:00;40;11;29
31/10/2018;21:15;42;13;29
31/10/2018;21:30;30;9;21
31/10/2018;21:45;41;10;31
31/10/2018;22:00;43;7;36
31/10/2018;22:15;19;5;14
31/10/2018;22:30;24;6;18
31/10/2018;22:45;25;5;20
31/10/2018;23:00;27;11;16
31/10/2018;23:15;23;7;16
31/10/2018;23:30;17;5;12
31/10/2018;23:45;18;2;16
01/11/2018;00:00;22;3;19
01/11/2018;00:15;16;1;15
01/11/2018;00:30;13;2;11
01/11/2018;00:45;15;3;12
01/11/2018;01:00;25;2;23
01/11/2018;01:15;16;2;14
01/11/2018;01:30;18;0;18
01/11/2018;01:45;18;2;16
01/11/2018;02:00;22;2;20
01/11/2018;02:15;8;0;8
01/11/2018;02:30;14;2;12
01/11/2018;02:45;11;3;8
01/11/2018;03:00;8;1;7
01/11/2018;03:15;9;0;9
01/11/2018;03:30;12;1;11
01/11/2018;03:45;9;1;8
01/11/2018;04:00;4;0;4
01/11/2018;04:15;2;1;1
01/11/2018;04:30;4;0;4
01/11/2018;04:45;12;6;6
01/11/2018;05:00;7;1;6
01/11/2018;05:15;7;1;6
01/11/2018;05:30;5;1;4
01/11/2018;05:45;4;1;3
01/11/2018;06:00;4;1;3
01/11/2018;06:15;1;1;0
01/11/2018;06:30;4;0;4
01/11/2018;06:45;3;1;2
01/11/2018;07:00;5;1;4
01/11/2018;07:15;6;2;4
01/11/2018;07:30;10;2;8
01/11/2018;07:45;5;2;3
01/11/2018;08:00;5;3;2
01/11/2018;08:15;5;3;2
01/11/2018;08:30;9;5;4
01/11/2018;08:45;10;4;6
01/11/2018;09:00;11;7;4
01/11/2018;09:15;12;3;9
01/11/2018;09:30;21;7;14
01/11/2018;09:45;32;9;23
01/11/2018;10:00;30;7;23
01/11/2018;10:15;21;5;16
01/11/2018;10:30;23;8;15
01/11/2018;10:45;28;10;18
01/11/2018;11:00;30;5;25
01/11/2018;11:15;24;13;11
01/11/2018;11:30;18;5;13
01/11/2018;11:45;26;5;21
01/11/2018;12:00;24;1;23
01/11/2018;12:15;25;6;19
01/11/2018;12:30;21;4;17
01/11/2018;12:45;30;7;23
01/11/2018;13:00;32;15;17
01/11/2018;13:15;34;9;25
01/11/2018;13:30;37;11;26
01/11/2018;13:45;31;3;28
01/11/2018;14:00;33;6;27
01/11/2018;14:15;38;7;31
01/11/2018;14:30;50;8;42
01/11/2018;14:45;33;10;23
01/11/2018;15:00;39;11;28
01/11/2018;15:15;41;15;26
01/11/2018;15:30;25;8;17
01/11/2018;15:45;19;6;13
01/11/2018;16:00;24;7;17
01/11/2018;16:15;30;6;24
01/11/2018;16:30;31;6;25
01/11/2018;16:45;29;9;20
01/11/2018;17:00;28;6;22
01/11/2018;17:15;41;8;33
01/11/2018;17:30;32;11;21
01/11/2018;17:45;39;11;28
01/11/2018;18:00;31;7;24
01/11/2018;18:15;36;14;22
01/11/2018;18:30;24;7;17
01/11/2018;18:45;34;11;23
01/11/2018;19:00;26;6;20
01/11/2018;19:15;26;7;19
01/11/2018;19:30;28;10;18
01/11/2018;19:45;16;5;11
01/11/2018;20:00;23;3;20
01/11/2018;20:15;28;4;24
01/11/2018;20:30;20;6;14
01/11/2018;20:45;11;1;10
01/11/2018;21:00;9;4;5
01/11/2018;21:15;18;5;13
01/11/2018;21:30;33;6;27
01/11/2018;21:45;16;5;11
01/11/2018;22:00;12;2;10
01/11/2018;22:15;22;0;22
01/11/2018;22:30;8;3;5
01/11/2018;22:45;8;4;4
01/11/2018;23:00;7;2;5
01/11/2018;23:15;12;1;11
01/11/2018;23:30;8;1;7
01/11/2018;23:45;8;0;8
02/11/2018;00:00;5;0;5
02/11/2018;00:15;4;1;3
02/11/2018;00:30;6;2;4
02/11/2018;00:45;1;1;0
02/11/2018;01:00;2;0;2
02/11/2018;01:15;2;0;2
02/11/2018;01:30;3;0;3
02/11/2018;01:45;2;0;2
02/11/2018;02:00;1;0;1
02/11/2018;02:15;1;0;1
02/11/2018;02:30;1;0;1
02/11/2018;02:45;2;0;2
02/11/2018;03:00;1;0;1
02/11/2018;03:15;1;0;1
02/11/2018;03:30;0;0;0
02/11/2018;03:45;1;0;1
02/11/2018;04:00;0;0;0
02/11/2018;04:15;5;3;2
02/11/2018;04:30;1;0;1
02/11/2018;04:45;3;1;2
02/11/2018;05:00;3;2;1
02/11/2018;05:15;11;7;4
02/11/2018;05:30;14;6;8
02/11/2018;05:45;5;2;3
02/11/2018;06:00;8;5;3
02/11/2018;06:15;12;5;7
02/11/2018;06:30;25;10;15
02/11/2018;06:45;26;10;16
02/11/2018;07:00;32;16;16
02/11/2018;07:15;47;22;25
02/11/2018;07:30;85;57;28
02/11/2018;07:45;77;51;26
02/11/2018;08:00;79;41;38
02/11/2018;08:15;65;37;28
02/11/2018;08:30;58;26;32
02/11/2018;08:45;74;43;31
02/11/2018;09:00;51;26;25
02/11/2018;09:15;47;23;24
02/11/2018;09:30;59;38;21
02/11/2018;09:45;69;37;32
02/11/2018;10:00;69;38;31
02/11/2018;10:15;65;29;36
02/11/2018;10:30;53;21;32
02/11/2018;10:45;59;15;44
02/11/2018;11:00;50;9;41
02/11/2018;11:15;62;23;39
02/11/2018;11:30;60;19;41
02/11/2018;11:45;64;20;44
02/11/2018;12:00;66;22;44
02/11/2018;12:15;65;12;53
02/11/2018;12:30;62;19;43
02/11/2018;12:45;69;16;53
02/11/2018;13:00;97;20;77
02/11/2018;13:15;101;20;81
02/11/2018;13:30;77;18;59
02/11/2018;13:45;89;16;73
02/11/2018;14:00;115;25;90
02/11/2018;14:15;123;28;95
02/11/2018;14:30;86;19;67
02/11/2018;14:45;104;19;85
02/11/2018;15:00;92;19;73
02/11/2018;15:15;86;17;69
02/11/2018;15:30;80;20;60
02/11/2018;15:45;105;21;84
02/11/2018;16:00;92;10;82
02/11/2018;16:15;99;23;76
02/11/2018;16:30;108;18;90
02/11/2018;16:45;94;21;73
02/11/2018;17:00;91;24;67
02/11/2018;17:15;109;24;85
02/11/2018;17:30;99;28;71
02/11/2018;17:45;85;15;70
02/11/2018;18:00;74;10;64
02/11/2018;18:15;87;15;72
02/11/2018;18:30;70;15;55
02/11/2018;18:45;89;18;71
02/11/2018;19:00;68;7;61
02/11/2018;19:15;84;16;68
02/11/2018;19:30;46;7;39
02/11/2018;19:45;54;18;36
02/11/2018;20:00;64;5;59
02/11/2018;20:15;49;11;38
02/11/2018;20:30;42;12;30
02/11/2018;20:45;30;13;17
02/11/2018;21:00;32;4;28
02/11/2018;21:15;19;3;16
02/11/2018;21:30;40;9;31
02/11/2018;21:45;25;3;22
02/11/2018;22:00;35;6;29
02/11/2018;22:15;26;6;20
02/11/2018;22:30;26;8;18
02/11/2018;22:45;23;10;13
02/11/2018;23:00;24;2;22
02/11/2018;23:15;24;4;20
02/11/2018;23:30;22;5;17
02/11/2018;23:45;25;5;20
03/11/2018;00:00;21;4;17
03/11/2018;00:15;11;0;11
03/11/2018;00:30;20;8;12
03/11/2018;00:45;8;1;7
03/11/2018;01:00;10;3;7
03/11/2018;01:15;12;0;12
03/11/2018;01:30;11;0;11
03/11/2018;01:45;9;2;7
03/11/2018;02:00;2;0;2
03/11/2018;02:15;6;1;5
03/11/2018;02:30;3;0;3
03/11/2018;02:45;3;2;1
03/11/2018;03:00;1;0;1
03/11/2018;03:15;4;1;3
03/11/2018;03:30;3;0;3
03/11/2018;03:45;4;2;2
03/11/2018;04:00;3;1;2
03/11/2018;04:15;3;2;1
03/11/2018;04:30;3;0;3
03/11/2018;04:45;2;1;1
03/11/2018;05:00;1;0;1
03/11/2018;05:15;2;2;0
03/11/2018;05:30;5;2;3
03/11/2018;05:45;5;2;3
03/11/2018;06:00;2;1;1
03/11/2018;06:15;4;3;1
03/11/2018;06:30;6;0;6
03/11/2018;06:45;9;6;3
03/11/2018;07:00;6;2;4
03/11/2018;07:15;7;3;4
03/11/2018;07:30;4;1;3
03/11/2018;07:45;9;1;8
03/11/2018;08:00;13;7;6
03/11/2018;08:15;14;10;4
03/11/2018;08:30;18;14;4
03/11/2018;08:45;22;12;10
03/11/2018;09:00;26;15;11
03/11/2018;09:15;22;15;7
03/11/2018;09:30;30;13;17
03/11/2018;09:45;38;18;20
03/11/2018;10:00;37;16;21
03/11/2018;10:15;53;24;29
03/11/2018;10:30;64;22;42
03/11/2018;10:45;47;17;30
03/11/2018;11:00;51;21;30
03/11/2018;11:15;58;22;36
03/11/2018;11:30;68;25;43
03/11/2018;11:45;74;23;51
03/11/2018;12:00;86;25;61
03/11/2018;12:15;79;21;58
03/11/2018;12:30;77;23;54
03/11/2018;12:45;74;21;53
03/11/2018;13:00;64;24;40
03/11/2018;13:15;50;7;43
03/11/2018;13:30;82;22;60
03/11/2018;13:45;96;19;77
03/11/2018;14:00;95;41;54
03/11/2018;14:15;81;21;60
03/11/2018;14:30;102;26;76
03/11/2018;14:45;111;30;81
03/11/2018;15:00;74;24;50
03/11/2018;15:15;79;15;64
03/11/2018;15:30;89;8;81
03/11/2018;15:45;101;27;74
03/11/2018;16:00;77;17;60
03/11/2018;16:15;85;22;63
03/11/2018;16:30;105;28;77
03/11/2018;16:45;102;30;72
03/11/2018;17:00;81;29;52
03/11/2018;17:15;73;31;42
03/11/2018;17:30;81;22;59
03/11/2018;17:45;58;17;41
03/11/2018;18:00;72;17;55
03/11/2018;18:15;72;19;53
03/11/2018;18:30;62;10;52
03/11/2018;18:45;79;19;60
03/11/2018;19:00;56;14;42
03/11/2018;19:15;41;13;28
03/11/2018;19:30;44;14;30
03/11/2018;19:45;61;13;48
03/11/2018;20:00;61;11;50
03/11/2018;20:15;49;9;40
03/11/2018;20:30;47;10;37
03/11/2018;20:45;44;12;32
03/11/2018;21:00;36;10;26
03/11/2018;21:15;21;4;17
03/11/2018;21:30;18;4;14
03/11/2018;21:45;29;5;24
03/11/2018;22:00;22;3;19
03/11/2018;22:15;22;10;12
03/11/2018;22:30;32;7;25
03/11/2018;22:45;21;5;16
03/11/2018;23:00;20;6;14
03/11/2018;23:15;18;6;12
03/11/2018;23:30;26;6;20
03/11/2018;23:45;16;4;12
04/11/2018;00:00;14;6;8
04/11/2018;00:15;31;8;23
04/11/2018;00:30;16;2;14
04/11/2018;00:45;15;3;12
04/11/2018;01:00;16;6;10
04/11/2018;01:15;16;3;13
04/11/2018;01:30;12;4;8
04/11/2018;01:45;16;11;5
04/11/2018;02:00;6;1;5
04/11/2018;02:15;16;5;11
04/11/2018;02:30;10;1;9
04/11/2018;02:45;8;2;6
04/11/2018;03:00;6;6;0
04/11/2018;03:15;7;3;4
04/11/2018;03:30;7;1;6
04/11/2018;03:45;7;0;7
04/11/2018;04:00;4;0;4
04/11/2018;04:15;1;0;1
04/11/2018;04:30;3;0;3
04/11/2018;04:45;3;1;2
04/11/2018;05:00;2;0;2
04/11/2018;05:15;3;2;1
04/11/2018;05:30;2;2;0
04/11/2018;05:45;6;4;2
04/11/2018;06:00;3;0;3
04/11/2018;06:15;0;0;0
04/11/2018;06:30;4;1;3
04/11/2018;06:45;0;0;0
04/11/2018;07:00;3;0;3
04/11/2018;07:15;2;0;2
04/11/2018;07:30;5;0;5
04/11/2018;07:45;4;2;2
04/11/2018;08:00;4;3;1
04/11/2018;08:15;9;6;3
04/11/2018;08:30;8;4;4
04/11/2018;08:45;4;1;3
04/11/2018;09:00;7;2;5
04/11/2018;09:15;11;8;3
04/11/2018;09:30;24;4;20
04/11/2018;09:45;35;15;20
04/11/2018;10:00;16;5;11
04/11/2018;10:15;15;8;7
04/11/2018;10:30;23;5;18
04/11/2018;10:45;34;12;22
04/11/2018;11:00;21;6;15
04/11/2018;11:15;23;5;18
04/11/2018;11:30;32;7;25
04/11/2018;11:45;24;7;17
04/11/2018;12:00;34;11;23
04/11/2018;12:15;50;23;27
04/11/2018;12:30;39;12;27
04/11/2018;12:45;46;17;29
04/11/2018;13:00;39;10;29
04/11/2018;13:15;44;19;25
04/11/2018;13:30;54;20;34
04/11/2018;13:45;70;19;51
04/11/2018;14:00;66;26;40
04/11/2018;14:15;58;17;41
04/11/2018;14:30;60;26;34
04/11/2018;14:45;63;21;42
04/11/2018;15:00;47;11;36
04/11/2018;15:15;77;25;52
04/11/2018;15:30;75;20;55
04/11/2018;15:45;77;24;53
04/11/2018;16:00;71;27;44
04/11/2018;16:15;59;18;41
04/11/2018;16:30;72;26;46
04/11/2018;16:45;68;26;42
04/11/2018;17:00;72;28;44
04/11/2018;17:15;73;19;54
04/11/2018;17:30;60;18;42
04/11/2018;17:45;75;15;60
04/11/2018;18:00;75;17;58
04/11/2018;18:15;70;8;62
04/11/2018;18:30;53;19;34
04/11/2018;18:45;51;15;36
04/11/2018;19:00;34;9;25
04/11/2018;19:15;33;7;26
04/11/2018;19:30;32;3;29
04/11/2018;19:45;46;7;39
04/11/2018;20:00;31;6;25
04/11/2018;20:15;32;6;26
04/11/2018;20:30;20;3;17
04/11/2018;20:45;25;4;21
04/11/2018;21:00;30;4;26
04/11/2018;21:15;13;1;12
04/11/2018;21:30;11;2;9
04/11/2018;21:45;9;1;8
04/11/2018;22:00;14;6;8
04/11/2018;22:15;13;0;13
04/11/2018;22:30;10;1;9
04/11/2018;22:45;12;2;10
04/11/2018;23:00;6;1;5
04/11/2018;23:15;11;4;7
04/11/2018;23:30;6;0;6
04/11/2018;23:45;11;1;10
05/11/2018;00:00;6;2;4
05/11/2018;00:15;6;0;6
05/11/2018;00:30;4;1;3
05/11/2018;00:45;3;0;3
05/11/2018;01:00;1;0;1
05/11/2018;01:15;1;0;1
05/11/2018;01:30;1;0;1
05/11/2018;01:45;0;0;0
05/11/2018;02:00;0;0;0
05/11/2018;02:15;1;0;1
05/11/2018;02:30;8;2;6
05/11/2018;02:45;0;0;0
05/11/2018;03:00;0;0;0
05/11/2018;03:15;1;0;1
05/11/2018;03:30;1;0;1
05/11/2018;03:45;2;0;2
05/11/2018;04:00;0;0;0
05/11/2018;04:15;4;2;2
05/11/2018;04:30;2;1;1
05/11/2018;04:45;2;1;1
05/11/2018;05:00;2;1;1
05/11/2018;05:15;11;9;2
05/11/2018;05:30;18;9;9
05/11/2018;05:45;10;7;3
05/11/2018;06:00;25;6;19
05/11/2018;06:15;28;13;15
05/11/2018;06:30;37;17;20
05/11/2018;06:45;50;28;22
05/11/2018;07:00;56;24;32
05/11/2018;07:15;88;35;53
05/11/2018;07:30;148;87;61
05/11/2018;07:45;157;99;58
05/11/2018;08:00;134;71;63
05/11/2018;08:15;113;60;53
05/11/2018;08:30;115;50;65
05/11/2018;08:45;120;69;51
05/11/2018;09:00;63;37;26
05/11/2018;09:15;65;43;22
05/11/2018;09:30;59;36;23
05/11/2018;09:45;68;35;33
05/11/2018;10:00;60;31;29
05/11/2018;10:15;39;12;27
05/11/2018;10:30;51;17;34
05/11/2018;10:45;55;24;31
05/11/2018;11:00;43;19;24
05/11/2018;11:15;45;18;27
05/11/2018;11:30;65;18;47
05/11/2018;11:45;72;27;45
05/11/2018;12:00;69;19;50
05/11/2018;12:15;57;17;40
05/11/2018;12:30;57;21;36
05/11/2018;12:45;65;12;53
05/11/2018;13:00;66;17;49
05/11/2018;13:15;79;23;56
05/11/2018;13:30;92;21;71
05/11/2018;13:45;85;17;68
05/11/2018;14:00;88;20;68
05/11/2018;14:15;73;11;62
05/11/2018;14:30;104;25;79
05/11/2018;14:45;76;17;59
05/11/2018;15:00;94;18;76
05/11/2018;15:15;100;19;81
05/11/2018;15:30;91;12;79
05/11/2018;15:45;116;21;95
05/11/2018;16:00;150;22;128
05/11/2018;16:15;147;19;128
05/11/2018;16:30;119;29;90
05/11/2018;16:45;150;26;124
05/11/2018;17:00;145;27;118
05/11/2018;17:15;187;27;160
05/11/2018;17:30;183;27;156
05/11/2018;17:45;145;23;122
05/11/2018;18:00;150;31;119
05/11/2018;18:15;114;22;92
05/11/2018;18:30;134;23;111
05/11/2018;18:45;98;23;75
05/11/2018;19:00;75;12;63
05/11/2018;19:15;100;17;83
05/11/2018;19:30;84;14;70
05/11/2018;19:45;74;22;52
05/11/2018;20:00;59;14;45
05/11/2018;20:15;61;9;52
05/11/2018;20:30;40;8;32
05/11/2018;20:45;44;8;36
05/11/2018;21:00;30;7;23
05/11/2018;21:15;52;13;39
05/11/2018;21:30;38;3;35
05/11/2018;21:45;35;8;27
05/11/2018;22:00;38;4;34
05/11/2018;22:15;31;6;25
05/11/2018;22:30;30;8;22
05/11/2018;22:45;22;6;16
05/11/2018;23:00;9;5;4
05/11/2018;23:15;18;3;15
05/11/2018;23:30;20;3;17
05/11/2018;23:45;11;1;10
06/11/2018;00:00;10;2;8
06/11/2018;00:15;8;0;8
06/11/2018;00:30;0;0;0
06/11/2018;00:45;3;0;3
06/11/2018;01:00;1;0;1
06/11/2018;01:15;4;0;4
06/11/2018;01:30;3;1;2
06/11/2018;01:45;5;1;4
06/11/2018;02:00;5;0;5
06/11/2018;02:15;1;0;1
06/11/2018;02:30;2;1;1
06/11/2018;02:45;0;0;0
06/11/2018;03:00;1;0;1
06/11/2018;03:15;1;0;1
06/11/2018;03:30;1;0;1
06/11/2018;03:45;0;0;0
06/11/2018;04:00;1;1;0
06/11/2018;04:15;5;2;3
06/11/2018;04:30;1;1;0
06/11/2018;04:45;5;2;3
06/11/2018;05:00;4;1;3
06/11/2018;05:15;13;6;7
06/11/2018;05:30;16;9;7
06/11/2018;05:45;17;9;8
06/11/2018;06:00;24;8;16
06/11/2018;06:15;25;8;17
06/11/2018;06:30;45;20;25
06/11/2018;06:45;50;26;24
06/11/2018;07:00;62;26;36
06/11/2018;07:15;99;47;52
06/11/2018;07:30;152;91;61
06/11/2018;07:45;166;109;57
06/11/2018;08:00;138;76;62
06/11/2018;08:15;116;61;55
06/11/2018;08:30;130;66;64
06/11/2018;08:45;110;67;43
06/11/2018;09:00;77;44;33
06/11/2018;09:15;57;30;27
06/11/2018;09:30;66;40;26
06/11/2018;09:45;77;40;37
06/11/2018;10:00;69;37;32
06/11/2018;10:15;46;14;32
06/11/2018;10:30;65;19;46
06/11/2018;10:45;55;17;38
06/11/2018;11:00;41;11;30
06/11/2018;11:15;53;14;39
06/11/2018;11:30;60;23;37
06/11/2018;11:45;79;29;50
06/11/2018;12:00;79;16;63
06/11/2018;12:15;82;22;60
06/11/2018;12:30;81;17;64
06/11/2018;12:45;76;16;60
06/11/2018;13:00;75;15;60
06/11/2018;13:15;96;19;77
06/11/2018;13:30;112;23;89
06/11/2018;13:45;83;16;67
06/11/2018;14:00;90;27;63
06/11/2018;14:15;96;21;75
06/11/2018;14:30;91;20;71
06/11/2018;14:45;97;12;85
06/11/2018;15:00;106;28;78
06/11/2018;15:15;116;28;88
06/11/2018;15:30;100;18;82
06/11/2018;15:45;144;29;115
06/11/2018;16:00;164;30;134
06/11/2018;16:15;176;36;140
06/11/2018;16:30;158;33;125
06/11/2018;16:45;160;33;127
06/11/2018;17:00;147;25;122
06/11/2018;17:15;169;29;140
06/11/2018;17:30;165;28;137
06/11/2018;17:45;167;40;127
06/11/2018;18:00;158;22;136
06/11/2018;18:15;137;31;106
06/11/2018;18:30;142;17;125
06/11/2018;18:45;118;19;99
06/11/2018;19:00;111;15;96
06/11/2018;19:15;88;13;75
06/11/2018;19:30;103;27;76
06/11/2018;19:45;76;12;64
06/11/2018;20:00;73;16;57
06/11/2018;20:15;65;14;51
06/11/2018;20:30;41;13;28
06/11/2018;20:45;46;10;36
06/11/2018;21:00;41;8;33
06/11/2018;21:15;40;8;32
06/11/2018;21:30;31;7;24
06/11/2018;21:45;39;7;32
06/11/2018;22:00;42;5;37
06/11/2018;22:15;37;5;32
06/11/2018;22:30;25;7;18
06/11/2018;22:45;19;5;14
06/11/2018;23:00;19;0;19
06/11/2018;23:15;20;4;16
06/11/2018;23:30;17;2;15
06/11/2018;23:45;20;3;17
07/11/2018;00:00;6;0;6
07/11/2018;00:15;4;0;4
07/11/2018;00:30;5;1;4
07/11/2018;00:45;2;0;2
07/11/2018;01:00;7;1;6
07/11/2018;01:15;4;0;4
07/11/2018;01:30;2;0;2
07/11/2018;01:45;1;0;1
07/11/2018;02:00;4;1;3
07/11/2018;02:15;2;1;1
07/11/2018;02:30;3;1;2
07/11/2018;02:45;0;0;0
07/11/2018;03:00;1;0;1
07/11/2018;03:15;0;0;0
07/11/2018;03:30;1;0;1
07/11/2018;03:45;0;0;0
07/11/2018;04:00;1;0;1
07/11/2018;04:15;2;2;0
07/11/2018;04:30;2;1;1
07/11/2018;04:45;3;0;3
07/11/2018;05:00;8;4;4
07/11/2018;05:15;8;5;3
07/11/2018;05:30;20;8;12
07/11/2018;05:45;6;2;4
07/11/2018;06:00;22;10;12
07/11/2018;06:15;23;11;12
07/11/2018;06:30;43;21;22
07/11/2018;06:45;54;26;28
07/11/2018;07:00;51;22;29
07/11/2018;07:15;115;55;60
07/11/2018;07:30;132;74;58
07/11/2018;07:45;172;110;62
07/11/2018;08:00;126;62;64
07/11/2018;08:15;155;77;78
07/11/2018;08:30;126;66;60
07/11/2018;08:45;113;59;54
07/11/2018;09:00;72;40;32
07/11/2018;09:15;65;36;29
07/11/2018;09:30;66;34;32
07/11/2018;09:45;91;53;38
07/11/2018;10:00;66;30;36
07/11/2018;10:15;51;25;26
07/11/2018;10:30;64;29;35
07/11/2018;10:45;54;18;36
07/11/2018;11:00;53;14;39
07/11/2018;11:15;52;14;38
07/11/2018;11:30;57;19;38
07/11/2018;11:45;58;16;42
07/11/2018;12:00;83;27;56
07/11/2018;12:15;51;12;39
07/11/2018;12:30;75;28;47
07/11/2018;12:45;87;23;64
07/11/2018;13:00;89;20;69
07/11/2018;13:15;124;28;96
07/11/2018;13:30;112;20;92
07/11/2018;13:45;102;24;78
07/11/2018;14:00;106;20;86
07/11/2018;14:15;84;21;63
07/11/2018;14:30;99;21;78
07/11/2018;14:45;96;17;79
07/11/2018;15:00;98;20;78
07/11/2018;15:15;100;24;76
07/11/2018;15:30;123;22;101
07/11/2018;15:45;140;28;112
07/11/2018;16:00;155;21;134
07/11/2018;16:15;187;26;161
07/11/2018;16:30;127;21;106
07/11/2018;16:45;119;30;89
07/11/2018;17:00;143;29;114
07/11/2018;17:15;169;24;145
07/11/2018;17:30;136;26;110
07/11/2018;17:45;192;31;161
07/11/2018;18:00;137;20;117
07/11/2018;18:15;120;30;90
07/11/2018;18:30;126;17;109
07/11/2018;18:45;114;23;91
07/11/2018;19:00;103;18;85
07/11/2018;19:15;89;19;70
07/11/2018;19:30;77;12;65
07/11/2018;19:45;91;21;70
07/11/2018;20:00;77;12;65
07/11/2018;20:15;71;9;62
07/11/2018;20:30;58;14;44
07/11/2018;20:45;54;10;44
07/11/2018;21:00;52;16;36
07/11/2018;21:15;51;13;38
07/11/2018;21:30;36;10;26
07/11/2018;21:45;42;7;35
07/11/2018;22:00;56;11;45
07/11/2018;22:15;36;8;28
07/11/2018;22:30;35;11;24
07/11/2018;22:45;32;6;26
07/11/2018;23:00;20;5;15
07/11/2018;23:15;18;4;14
07/11/2018;23:30;17;4;13
07/11/2018;23:45;15;1;14
08/11/2018;00:00;13;3;10
08/11/2018;00:15;13;4;9
08/11/2018;00:30;10;1;9
08/11/2018;00:45;3;0;3
08/11/2018;01:00;2;1;1
08/11/2018;01:15;7;1;6
08/11/2018;01:30;5;1;4
08/11/2018;01:45;4;0;4
08/11/2018;02:00;5;1;4
08/11/2018;02:15;3;0;3
08/11/2018;02:30;1;0;1
08/11/2018;02:45;0;0;0
08/11/2018;03:00;1;1;0
08/11/2018;03:15;1;0;1
08/11/2018;03:30;3;0;3
08/11/2018;03:45;2;0;2
08/11/2018;04:00;0;0;0
08/11/2018;04:15;1;1;0
08/11/2018;04:30;3;1;2
08/11/2018;04:45;3;1;2
08/11/2018;05:00;4;1;3
08/11/2018;05:15;11;5;6
08/11/2018;05:30;18;9;9
08/11/2018;05:45;13;5;8
08/11/2018;06:00;14;6;8
08/11/2018;06:15;26;14;12
08/11/2018;06:30;48;20;28
08/11/2018;06:45;50;19;31
08/11/2018;07:00;52;23;29
08/11/2018;07:15;90;40;50
08/11/2018;07:30;152;79;73
08/11/2018;07:45;149;95;54
08/11/2018;08:00;125;66;59
08/11/2018;08:15;165;85;80
08/11/2018;08:30;107;51;56
08/11/2018;08:45;106;58;48
08/11/2018;09:00;85;56;29
08/11/2018;09:15;76;40;36
08/11/2018;09:30;70;35;35
08/11/2018;09:45;87;55;32
08/11/2018;10:00;75;34;41
08/11/2018;10:15;57;24;33
08/11/2018;10:30;54;16;38
08/11/2018;10:45;57;27;30
08/11/2018;11:00;49;19;30
08/11/2018;11:15;48;19;29
08/11/2018;11:30;56;13;43
08/11/2018;11:45;88;22;66
08/11/2018;12:00;76;22;54
08/11/2018;12:15;76;23;53
08/11/2018;12:30;54;14;40
08/11/2018;12:45;77;18;59
08/11/2018;13:00;78;19;59
08/11/2018;13:15;88;21;67
08/11/2018;13:30;109;25;84
08/11/2018;13:45;98;30;68
08/11/2018;14:00;84;19;65
08/11/2018;14:15;101;23;78
08/11/2018;14:30;97;20;77
08/11/2018;14:45;90;17;73
08/11/2018;15:00;116;19;97
08/11/2018;15:15;95;16;79
08/11/2018;15:30;118;22;96
08/11/2018;15:45;127;26;101
08/11/2018;16:00;172;30;142
08/11/2018;16:15;150;27;123
08/11/2018;16:30;159;29;130
08/11/2018;16:45;158;15;143
08/11/2018;17:00;149;23;126
08/11/2018;17:15;155;24;131
08/11/2018;17:30;146;19;127
08/11/2018;17:45;153;36;117
08/11/2018;18:00;130;25;105
08/11/2018;18:15;139;30;109
08/11/2018;18:30;126;24;102
08/11/2018;18:45;107;21;86
08/11/2018;19:00;125;30;95
08/11/2018;19:15;103;23;80
08/11/2018;19:30;93;25;68
08/11/2018;19:45;69;12;57
08/11/2018;20:00;84;19;65
08/11/2018;20:15;70;14;56
08/11/2018;20:30;49;7;42
08/11/2018;20:45;49;11;38
08/11/2018;21:00;41;7;34
08/11/2018;21:15;40;7;33
08/11/2018;21:30;35;8;27
08/11/2018;21:45;54;7;47
08/11/2018;22:00;71;6;65
08/11/2018;22:15;50;19;31
08/11/2018;22:30;46;18;28
08/11/2018;22:45;32;8;24
08/11/2018;23:00;29;4;25
08/11/2018;23:15;17;2;15
08/11/2018;23:30;16;3;13
08/11/2018;23:45;19;4;15
09/11/2018;00:00;11;1;10
09/11/2018;00:15;11;1;10
09/11/2018;00:30;5;1;4
09/11/2018;00:45;8;1;7
09/11/2018;01:00;6;0;6
09/11/2018;01:15;7;0;7
09/11/2018;01:30;4;0;4
09/11/2018;01:45;4;2;2
09/11/2018;02:00;6;1;5
09/11/2018;02:15;3;0;3
09/11/2018;02:30;3;0;3
09/11/2018;02:45;0;0;0
09/11/2018;03:00;6;0;6
09/11/2018;03:15;3;1;2
09/11/2018;03:30;3;2;1
09/11/2018;03:45;0;0;0
09/11/2018;04:00;0;0;0
09/11/2018;04:15;3;1;2
09/11/2018;04:30;1;1;0
09/11/2018;04:45;4;1;3
09/11/2018;05:00;4;1;3
09/11/2018;05:15;14;7;7
09/11/2018;05:30;15;5;10
09/11/2018;05:45;5;2;3
09/11/2018;06:00;20;9;11
09/11/2018;06:15;24;11;13
09/11/2018;06:30;33;10;23
09/11/2018;06:45;46;22;24
09/11/2018;07:00;45;18;27
09/11/2018;07:15;84;36;48
09/11/2018;07:30;131;79;52
09/11/2018;07:45;145;84;61
09/11/2018;08:00;111;54;57
09/11/2018;08:15;132;63;69
09/11/2018;08:30;120;61;59
09/11/2018;08:45;101;56;45
09/11/2018;09:00;48;29;19
09/11/2018;09:15;69;33;36
09/11/2018;09:30;75;32;43
09/11/2018;09:45;76;41;35
09/11/2018;10:00;56;30;26
09/11/2018;10:15;59;23;36
09/11/2018;10:30;60;28;32
09/11/2018;10:45;65;26;39
09/11/2018;11:00;49;18;31
09/11/2018;11:15;61;18;43
09/11/2018;11:30;51;23;28
09/11/2018;11:45;65;19;46
09/11/2018;12:00;74;19;55
09/11/2018;12:15;85;18;67
09/11/2018;12:30;90;26;64
09/11/2018;12:45;80;13;67
09/11/2018;13:00;105;25;80
09/11/2018;13:15;105;20;85
09/11/2018;13:30;137;27;110
09/11/2018;13:45;96;20;76
09/11/2018;14:00;110;23;87
09/11/2018;14:15;116;20;96
09/11/2018;14:30;115;23;92
09/11/2018;14:45;115;24;91
09/11/2018;15:00;101;21;80
09/11/2018;15:15;105;22;83
09/11/2018;15:30;111;26;85
09/11/2018;15:45;93;16;77
09/11/2018;16:00;126;23;103
09/11/2018;16:15;131;18;113
09/11/2018;16:30;103;20;83
09/11/2018;16:45;133;29;104
09/11/2018;17:00;117;30;87
09/11/2018;17:15;133;27;106
09/11/2018;17:30;92;24;68
09/11/2018;17:45;90;21;69
09/11/2018;18:00;107;20;87
09/11/2018;18:15;124;28;96
09/11/2018;18:30;80;16;64
09/11/2018;18:45;112;34;78
09/11/2018;19:00;83;27;56
09/11/2018;19:15;82;23;59
09/11/2018;19:30;61;15;46
09/11/2018;19:45;62;16;46
09/11/2018;20:00;60;16;44
09/11/2018;20:15;49;14;35
09/11/2018;20:30;33;8;25
09/11/2018;20:45;38;8;30
09/11/2018;21:00;42;11;31
09/11/2018;21:15;30;1;29
09/11/2018;21:30;35;11;24
09/11/2018;21:45;36;4;32
09/11/2018;22:00;35;6;29
09/11/2018;22:15;55;7;48
09/11/2018;22:30;26;2;24
09/11/2018;22:45;34;13;21
09/11/2018;23:00;24;0;24
09/11/2018;23:15;29;2;27
09/11/2018;23:30;18;1;17
09/11/2018;23:45;24;1;23
10/11/2018;00:00;30;6;24
10/11/2018;00:15;23;3;20
10/11/2018;00:30;15;2;13
10/11/2018;00:45;22;1;21
10/11/2018;01:00;10;1;9
10/11/2018;01:15;11;1;10
10/11/2018;01:30;8;1;7
10/11/2018;01:45;9;1;8
10/11/2018;02:00;9;3;6
10/11/2018;02:15;10;1;9
10/11/2018;02:30;4;0;4
10/11/2018;02:45;5;1;4
10/11/2018;03:00;3;1;2
10/11/2018;03:15;3;1;2
10/11/2018;03:30;8;1;7
10/11/2018;03:45;3;0;3
10/11/2018;04:00;9;1;8
10/11/2018;04:15;4;0;4
10/11/2018;04:30;2;0;2
10/11/2018;04:45;4;0;4
10/11/2018;05:00;4;0;4
10/11/2018;05:15;6;1;5
10/11/2018;05:30;6;3;3
10/11/2018;05:45;2;0;2
10/11/2018;06:00;4;1;3
10/11/2018;06:15;7;3;4
10/11/2018;06:30;2;2;0
10/11/2018;06:45;5;2;3
10/11/2018;07:00;3;2;1
10/11/2018;07:15;5;2;3
10/11/2018;07:30;11;4;7
10/11/2018;07:45;10;1;9
10/11/2018;08:00;15;9;6
10/11/2018;08:15;24;12;12
10/11/2018;08:30;23;15;8
10/11/2018;08:45;26;18;8
10/11/2018;09:00;29;14;15
10/11/2018;09:15;34;24;10
10/11/2018;09:30;54;31;23
10/11/2018;09:45;43;17;26
10/11/2018;10:00;37;16;21
10/11/2018;10:15;36;13;23
10/11/2018;10:30;39;15;24
10/11/2018;10:45;44;24;20
10/11/2018;11:00;41;16;25
10/11/2018;11:15;54;18;36
10/11/2018;11:30;60;21;39
10/11/2018;11:45;56;21;35
10/11/2018;12:00;58;15;43
10/11/2018;12:15;72;14;58
10/11/2018;12:30;58;19;39
10/11/2018;12:45;65;20;45
10/11/2018;13:00;56;14;42
10/11/2018;13:15;52;19;33
10/11/2018;13:30;68;21;47
10/11/2018;13:45;71;21;50
10/11/2018;14:00;65;21;44
10/11/2018;14:15;87;24;63
10/11/2018;14:30;65;24;41
10/11/2018;14:45;52;17;35
10/11/2018;15:00;78;21;57
10/11/2018;15:15;64;15;49
10/11/2018;15:30;49;10;39
10/11/2018;15:45;64;15;49
10/11/2018;16:00;60;12;48
10/11/2018;16:15;49;18;31
10/11/2018;16:30;68;21;47
10/11/2018;16:45;75;16;59
10/11/2018;17:00;65;21;44
10/11/2018;17:15;51;6;45
10/11/2018;17:30;69;20;49
10/11/2018;17:45;51;17;34
10/11/2018;18:00;70;21;49
10/11/2018;18:15;61;13;48
10/11/2018;18:30;38;5;33
10/11/2018;18:45;35;13;22
10/11/2018;19:00;58;19;39
10/11/2018;19:15;48;13;35
10/11/2018;19:30;47;14;33
10/11/2018;19:45;60;19;41
10/11/2018;20:00;38;9;29
10/11/2018;20:15;15;5;10
10/11/2018;20:30;18;6;12
10/11/2018;20:45;28;6;22
10/11/2018;21:00;18;8;10
10/11/2018;21:15;28;2;26
10/11/2018;21:30;10;1;9
10/11/2018;21:45;14;2;12
10/11/2018;22:00;16;3;13
10/11/2018;22:15;38;12;26
10/11/2018;22:30;31;6;25
10/11/2018;22:45;18;5;13
10/11/2018;23:00;15;6;9
10/11/2018;23:15;23;7;16
10/11/2018;23:30;20;4;16
10/11/2018;23:45;13;2;11
11/11/2018;00:00;14;4;10
11/11/2018;00:15;16;0;16
11/11/2018;00:30;20;4;16
11/11/2018;00:45;9;4;5
11/11/2018;01:00;14;2;12
11/11/2018;01:15;10;2;8
11/11/2018;01:30;7;2;5
11/11/2018;01:45;7;0;7
11/11/2018;02:00;7;0;7
11/11/2018;02:15;8;6;2
11/11/2018;02:30;7;1;6
11/11/2018;02:45;4;3;1
11/11/2018;03:00;5;0;5
11/11/2018;03:15;1;0;1
11/11/2018;03:30;3;0;3
11/11/2018;03:45;2;2;0
11/11/2018;04:00;1;0;1
11/11/2018;04:15;1;0;1
11/11/2018;04:30;6;1;5
11/11/2018;04:45;3;1;2
11/11/2018;05:00;5;0;5
11/11/2018;05:15;3;0;3
11/11/2018;05:30;4;1;3
11/11/2018;05:45;8;4;4
11/11/2018;06:00;4;2;2
11/11/2018;06:15;2;0;2
11/11/2018;06:30;2;1;1
11/11/2018;06:45;2;0;2
11/11/2018;07:00;3;1;2
11/11/2018;07:15;4;1;3
11/11/2018;07:30;4;2;2
11/11/2018;07:45;6;4;2
11/11/2018;08:00;7;4;3
11/11/2018;08:15;4;0;4
11/11/2018;08:30;7;3;4
11/11/2018;08:45;16;5;11
11/11/2018;09:00;7;1;6
11/11/2018;09:15;15;7;8
11/11/2018;09:30;26;8;18
11/11/2018;09:45;24;5;19
11/11/2018;10:00;20;6;14
11/11/2018;10:15;24;9;15
11/11/2018;10:30;40;16;24
11/11/2018;10:45;40;26;14
11/11/2018;11:00;43;21;22
11/11/2018;11:15;34;8;26
11/11/2018;11:30;39;9;30
11/11/2018;11:45;35;8;27
11/11/2018;12:00;34;10;24
11/11/2018;12:15;27;4;23
11/11/2018;12:30;53;15;38
11/11/2018;12:45;51;14;37
11/11/2018;13:00;42;17;25
11/11/2018;13:15;34;10;24
11/11/2018;13:30;50;19;31
11/11/2018;13:45;52;13;39
11/11/2018;14:00;34;13;21
11/11/2018;14:15;40;9;31
11/11/2018;14:30;39;6;33
11/11/2018;14:45;45;17;28
11/11/2018;15:00;39;12;27
11/11/2018;15:15;36;11;25
11/11/2018;15:30;21;9;12
11/11/2018;15:45;29;8;21
11/11/2018;16:00;28;9;19
11/11/2018;16:15;35;6;29
11/11/2018;16:30;31;7;24
11/11/2018;16:45;36;15;21
11/11/2018;17:00;32;8;24
11/11/2018;17:15;38;7;31
11/11/2018;17:30;23;6;17
11/11/2018;17:45;26;13;13
11/11/2018;18:00;22;3;19
11/11/2018;18:15;29;10;19
11/11/2018;18:30;25;6;19
11/11/2018;18:45;12;5;7
11/11/2018;19:00;21;7;14
11/11/2018;19:15;21;7;14
11/11/2018;19:30;25;2;23
11/11/2018;19:45;19;4;15
11/11/2018;20:00;10;2;8
11/11/2018;20:15;18;5;13
11/11/2018;20:30;27;3;24
11/11/2018;20:45;9;0;9
11/11/2018;21:00;14;1;13
11/11/2018;21:15;7;0;7
11/11/2018;21:30;13;0;13
11/11/2018;21:45;6;1;5
11/11/2018;22:00;12;2;10
11/11/2018;22:15;5;2;3
11/11/2018;22:30;7;3;4
11/11/2018;22:45;6;2;4
11/11/2018;23:00;8;4;4
11/11/2018;23:15;13;4;9
11/11/2018;23:30;10;1;9
11/11/2018;23:45;4;0;4
12/11/2018;00:00;3;0;3
12/11/2018;00:15;1;1;0
12/11/2018;00:30;0;0;0
12/11/2018;00:45;2;0;2
12/11/2018;01:00;1;0;1
12/11/2018;01:15;1;0;1
12/11/2018;01:30;0;0;0
12/11/2018;01:45;0;0;0
12/11/2018;02:00;1;1;0
12/11/2018;02:15;0;0;0
12/11/2018;02:30;3;0;3
12/11/2018;02:45;0;0;0
12/11/2018;03:00;0;0;0
12/11/2018;03:15;2;2;0
12/11/2018;03:30;2;0;2
12/11/2018;03:45;1;0;1
12/11/2018;04:00;0;0;0
12/11/2018;04:15;3;2;1
12/11/2018;04:30;2;0;2
12/11/2018;04:45;2;1;1
12/11/2018;05:00;2;1;1
12/11/2018;05:15;7;4;3
12/11/2018;05:30;16;7;9
12/11/2018;05:45;7;4;3
12/11/2018;06:00;21;12;9
12/11/2018;06:15;15;4;11
12/11/2018;06:30;22;7;15
12/11/2018;06:45;27;14;13
12/11/2018;07:00;30;14;16
12/11/2018;07:15;66;31;35
12/11/2018;07:30;123;76;47
12/11/2018;07:45;126;73;53
12/11/2018;08:00;101;59;42
12/11/2018;08:15;100;51;49
12/11/2018;08:30;100;41;59
12/11/2018;08:45;98;57;41
12/11/2018;09:00;74;43;31
12/11/2018;09:15;46;22;24
12/11/2018;09:30;60;30;30
12/11/2018;09:45;55;30;25
12/11/2018;10:00;49;26;23
12/11/2018;10:15;43;17;26
12/11/2018;10:30;34;13;21
12/11/2018;10:45;43;16;27
12/11/2018;11:00;56;20;36
12/11/2018;11:15;39;12;27
12/11/2018;11:30;57;22;35
12/11/2018;11:45;51;20;31
12/11/2018;12:00;56;24;32
12/11/2018;12:15;58;21;37
12/11/2018;12:30;61;14;47
12/11/2018;12:45;58;14;44
12/11/2018;13:00;63;12;51
12/11/2018;13:15;68;17;51
12/11/2018;13:30;70;18;52
12/11/2018;13:45;92;27;65
12/11/2018;14:00;88;23;65
12/11/2018;14:15;81;18;63
12/11/2018;14:30;71;25;46
12/11/2018;14:45;88;22;66
12/11/2018;15:00;87;11;76
12/11/2018;15:15;86;12;74
12/11/2018;15:30;78;18;60
12/11/2018;15:45;103;17;86
12/11/2018;16:00;124;17;107
12/11/2018;16:15;117;20;97
12/11/2018;16:30;118;31;87
12/11/2018;16:45;111;24;87
12/11/2018;17:00;135;33;102
12/11/2018;17:15;108;21;87
12/11/2018;17:30;149;24;125
12/11/2018;17:45;126;17;109
12/11/2018;18:00;131;23;108
12/11/2018;18:15;114;13;101
12/11/2018;18:30;96;9;87
12/11/2018;18:45;99;24;75
12/11/2018;19:00;69;13;56
12/11/2018;19:15;58;6;52
12/11/2018;19:30;74;14;60
12/11/2018;19:45;67;12;55
12/11/2018;20:00;74;11;63
12/11/2018;20:15;53;13;40
12/11/2018;20:30;46;8;38
12/11/2018;20:45;41;11;30
12/11/2018;21:00;36;7;29
12/11/2018;21:15;31;4;27
12/11/2018;21:30;39;9;30
12/11/2018;21:45;18;4;14
12/11/2018;22:00;40;7;33
12/11/2018;22:15;32;5;27
12/11/2018;22:30;24;3;21
12/11/2018;22:45;20;6;14
12/11/2018;23:00;16;3;13
12/11/2018;23:15;7;1;6
12/11/2018;23:30;12;1;11
12/11/2018;23:45;9;3;6
13/11/2018;00:00;6;2;4
13/11/2018;00:15;6;2;4
13/11/2018;00:30;3;0;3
13/11/2018;00:45;1;0;1
13/11/2018;01:00;1;0;1
13/11/2018;01:15;2;0;2
13/11/2018;01:30;7;1;6
13/11/2018;01:45;1;0;1
13/11/2018;02:00;1;0;1
13/11/2018;02:15;0;0;0
13/11/2018;02:30;2;0;2
13/11/2018;02:45;0;0;0
13/11/2018;03:00;2;1;1
13/11/2018;03:15;1;0;1
13/11/2018;03:30;2;0;2
13/11/2018;03:45;1;1;0
13/11/2018;04:00;1;1;0
13/11/2018;04:15;3;1;2
13/11/2018;04:30;2;2;0
13/11/2018;04:45;3;1;2
13/11/2018;05:00;4;1;3
13/11/2018;05:15;10;6;4
13/11/2018;05:30;15;7;8
13/11/2018;05:45;16;6;10
13/11/2018;06:00;19;6;13
13/11/2018;06:15;28;13;15
13/11/2018;06:30;33;13;20
13/11/2018;06:45;49;21;28
13/11/2018;07:00;51;24;27
13/11/2018;07:15;83;36;47
13/11/2018;07:30;147;79;68
13/11/2018;07:45;167;116;51
13/11/2018;08:00;139;74;65
13/11/2018;08:15;122;50;72
13/11/2018;08:30;118;58;60
13/11/2018;08:45;124;70;54
13/11/2018;09:00;96;56;40
13/11/2018;09:15;67;35;32
13/11/2018;09:30;76;36;40
13/11/2018;09:45;77;35;42
13/11/2018;10:00;95;34;61
13/11/2018;10:15;43;18;25
13/11/2018;10:30;39;11;28
13/11/2018;10:45;59;29;30
13/11/2018;11:00;67;27;40
13/11/2018;11:15;57;16;41
13/11/2018;11:30;54;23;31
13/11/2018;11:45;56;19;37
13/11/2018;12:00;64;20;44
13/11/2018;12:15;65;18;47
13/11/2018;12:30;71;25;46
13/11/2018;12:45;71;20;51
13/11/2018;13:00;69;17;52
13/11/2018;13:15;98;25;73
13/11/2018;13:30;97;25;72
13/11/2018;13:45;97;27;70
13/11/2018;14:00;81;20;61
13/11/2018;14:15;83;10;73
13/11/2018;14:30;78;21;57
13/11/2018;14:45;86;19;67
13/11/2018;15:00;83;14;69
13/11/2018;15:15;87;20;67
13/11/2018;15:30;117;28;89
13/11/2018;15:45;125;28;97
13/11/2018;16:00;167;36;131
13/11/2018;16:15;150;27;123
13/11/2018;16:30;150;20;130
13/11/2018;16:45;164;30;134
13/11/2018;17:00;157;40;117
13/11/2018;17:15;158;34;124
13/11/2018;17:30;157;25;132
13/11/2018;17:45;182;33;149
13/11/2018;18:00;140;20;120
13/11/2018;18:15;151;30;121
13/11/2018;18:30;120;24;96
13/11/2018;18:45;126;39;87
13/11/2018;19:00;107;20;87
13/11/2018;19:15;108;23;85
13/11/2018;19:30;96;23;73
13/11/2018;19:45;103;15;88
13/11/2018;20:00;71;23;48
13/11/2018;20:15;83;12;71
13/11/2018;20:30;35;8;27
13/11/2018;20:45;46;10;36
13/11/2018;21:00;43;3;40
13/11/2018;21:15;44;14;30
13/11/2018;21:30;34;5;29
13/11/2018;21:45;40;3;37
13/11/2018;22:00;36;1;35
13/11/2018;22:15;45;12;33
13/11/2018;22:30;29;1;28
13/11/2018;22:45;26;8;18
13/11/2018;23:00;24;1;23
13/11/2018;23:15;15;1;14
13/11/2018;23:30;26;9;17
13/11/2018;23:45;5;0;5
14/11/2018;00:00;7;2;5
14/11/2018;00:15;10;2;8
14/11/2018;00:30;4;1;3
14/11/2018;00:45;3;1;2
14/11/2018;01:00;3;0;3
14/11/2018;01:15;2;0;2
14/11/2018;01:30;3;0;3
14/11/2018;01:45;2;0;2
14/11/2018;02:00;3;0;3
14/11/2018;02:15;2;0;2
14/11/2018;02:30;2;0;2
14/11/2018;02:45;3;0;3
14/11/2018;03:00;3;1;2
14/11/2018;03:15;2;0;2
14/11/2018;03:30;0;0;0
14/11/2018;03:45;0;0;0
14/11/2018;04:00;0;0;0
14/11/2018;04:15;4;2;2
14/11/2018;04:30;3;1;2
14/11/2018;04:45;3;2;1
14/11/2018;05:00;3;0;3
14/11/2018;05:15;13;8;5
14/11/2018;05:30;13;4;9
14/11/2018;05:45;9;5;4
14/11/2018;06:00;24;10;14
14/11/2018;06:15;18;11;7
14/11/2018;06:30;35;9;26
14/11/2018;06:45;43;25;18
14/11/2018;07:00;46;22;24
14/11/2018;07:15;80;35;45
14/11/2018;07:30;136;80;56
14/11/2018;07:45;181;111;70
14/11/2018;08:00;129;64;65
14/11/2018;08:15;149;91;58
14/11/2018;08:30;112;49;63
14/11/2018;08:45;123;68;55
14/11/2018;09:00;87;42;45
14/11/2018;09:15;65;28;37
14/11/2018;09:30;50;22;28
14/11/2018;09:45;70;41;29
14/11/2018;10:00;76;30;46
14/11/2018;10:15;45;16;29
14/11/2018;10:30;46;22;24
14/11/2018;10:45;62;22;40
14/11/2018;11:00;45;16;29
14/11/2018;11:15;39;15;24
14/11/2018;11:30;40;12;28
14/11/2018;11:45;58;12;46
14/11/2018;12:00;83;22;61
14/11/2018;12:15;63;15;48
14/11/2018;12:30;63;18;45
14/11/2018;12:45;76;19;57
14/11/2018;13:00;81;19;62
14/11/2018;13:15;74;12;62
14/11/2018;13:30;79;24;55
14/11/2018;13:45;88;20;68
14/11/2018;14:00;83;18;65
14/11/2018;14:15;86;18;68
14/11/2018;14:30;89;17;72
14/11/2018;14:45;82;15;67
14/11/2018;15:00;88;17;71
14/11/2018;15:15;93;15;78
14/11/2018;15:30;103;25;78
14/11/2018;15:45;130;30;100
14/11/2018;16:00;159;29;130
14/11/2018;16:15;132;29;103
14/11/2018;16:30;145;25;120
14/11/2018;16:45;125;24;101
14/11/2018;17:00;141;26;115
14/11/2018;17:15;144;25;119
14/11/2018;17:30;152;30;122
14/11/2018;17:45;162;36;126
14/11/2018;18:00;148;28;120
14/11/2018;18:15;152;26;126
14/11/2018;18:30;132;34;98
14/11/2018;18:45;126;29;97
14/11/2018;19:00;103;15;88
14/11/2018;19:15;80;20;60
14/11/2018;19:30;82;13;69
14/11/2018;19:45;93;11;82
14/11/2018;20:00;77;18;59
14/11/2018;20:15;71;7;64
14/11/2018;20:30;61;6;55
14/11/2018;20:45;54;10;44
14/11/2018;21:00;67;21;46
14/11/2018;21:15;49;11;38
14/11/2018;21:30;46;10;36
14/11/2018;21:45;41;5;36
14/11/2018;22:00;57;15;42
14/11/2018;22:15;32;7;25
14/11/2018;22:30;33;4;29
14/11/2018;22:45;19;5;14
14/11/2018;23:00;27;9;18
14/11/2018;23:15;22;2;20
14/11/2018;23:30;20;5;15
14/11/2018;23:45;15;0;15
15/11/2018;00:00;10;0;10
15/11/2018;00:15;7;0;7
15/11/2018;00:30;5;1;4
15/11/2018;00:45;8;0;8
15/11/2018;01:00;7;0;7
15/11/2018;01:15;3;0;3
15/11/2018;01:30;4;1;3
15/11/2018;01:45;4;1;3
15/11/2018;02:00;1;0;1
15/11/2018;02:15;15;4;11
15/11/2018;02:30;8;3;5
15/11/2018;02:45;2;1;1
15/11/2018;03:00;1;1;0
15/11/2018;03:15;3;0;3
15/11/2018;03:30;1;1;0
15/11/2018;03:45;2;0;2
15/11/2018;04:00;0;0;0
15/11/2018;04:15;4;3;1
15/11/2018;04:30;2;2;0
15/11/2018;04:45;2;1;1
15/11/2018;05:00;1;0;1
15/11/2018;05:15;9;6;3
15/11/2018;05:30;15;8;7
15/11/2018;05:45;12;4;8
15/11/2018;06:00;20;12;8
15/11/2018;06:15;24;14;10
15/11/2018;06:30;29;9;20
15/11/2018;06:45;52;24;28
15/11/2018;07:00;57;28;29
15/11/2018;07:15;68;33;35
15/11/2018;07:30;123;71;52
15/11/2018;07:45;170;110;60
15/11/2018;08:00;126;62;64
15/11/2018;08:15;129;70;59
15/11/2018;08:30;105;49;56
15/11/2018;08:45;109;68;41
15/11/2018;09:00;79;36;43
15/11/2018;09:15;82;44;38
15/11/2018;09:30;64;32;32
15/11/2018;09:45;70;43;27
15/11/2018;10:00;52;32;20
15/11/2018;10:15;52;27;25
15/11/2018;10:30;40;17;23
15/11/2018;10:45;38;11;27
15/11/2018;11:00;50;21;29
15/11/2018;11:15;31;9;22
15/11/2018;11:30;51;19;32
15/11/2018;11:45;69;18;51
15/11/2018;12:00;65;14;51
15/11/2018;12:15;75;18;57
15/11/2018;12:30;79;17;62
15/11/2018;12:45;73;22;51
15/11/2018;13:00;67;15;52
15/11/2018;13:15;89;22;67
15/11/2018;13:30;71;16;55
15/11/2018;13:45;79;30;49
15/11/2018;14:00;107;25;82
15/11/2018;14:15;87;10;77
15/11/2018;14:30;82;25;57
15/11/2018;14:45;62;16;46
15/11/2018;15:00;92;18;74
15/11/2018;15:15;103;12;91
15/11/2018;15:30;105;24;81
15/11/2018;15:45;122;26;96
15/11/2018;16:00;153;30;123
15/11/2018;16:15;127;25;102
15/11/2018;16:30;142;16;126
15/11/2018;16:45;141;30;111
15/11/2018;17:00;138;24;114
15/11/2018;17:15;151;21;130
15/11/2018;17:30;155;29;126
15/11/2018;17:45;150;33;117
15/11/2018;18:00;153;30;123
15/11/2018;18:15;148;37;111
15/11/2018;18:30;136;21;115
15/11/2018;18:45;141;30;111
15/11/2018;19:00;101;17;84
15/11/2018;19:15;107;28;79
15/11/2018;19:30;92;26;66
15/11/2018;19:45;72;13;59
15/11/2018;20:00;77;13;64
15/11/2018;20:15;73;13;60
15/11/2018;20:30;43;4;39
15/11/2018;20:45;35;10;25
15/11/2018;21:00;57;7;50
15/11/2018;21:15;32;9;23
15/11/2018;21:30;31;7;24
15/11/2018;21:45;33;4;29
15/11/2018;22:00;54;11;43
15/11/2018;22:15;30;5;25
15/11/2018;22:30;26;11;15
15/11/2018;22:45;66;29;37
15/11/2018;23:00;23;2;21
15/11/2018;23:15;23;4;19
15/11/2018;23:30;18;4;14
15/11/2018;23:45;13;1;12
16/11/2018;00:00;8;1;7
16/11/2018;00:15;9;1;8
16/11/2018;00:30;7;0;7
16/11/2018;00:45;6;1;5
16/11/2018;01:00;5;0;5
16/11/2018;01:15;4;1;3
16/11/2018;01:30;4;1;3
16/11/2018;01:45;5;0;5
16/11/2018;02:00;0;0;0
16/11/2018;02:15;0;0;0
16/11/2018;02:30;1;0;1
16/11/2018;02:45;3;1;2
16/11/2018;03:00;1;0;1
16/11/2018;03:15;1;0;1
16/11/2018;03:30;1;0;1
16/11/2018;03:45;4;1;3
16/11/2018;04:00;0;0;0
16/11/2018;04:15;4;2;2
16/11/2018;04:30;1;1;0
16/11/2018;04:45;4;1;3
16/11/2018;05:00;3;0;3
16/11/2018;05:15;10;7;3
16/11/2018;05:30;9;2;7
16/11/2018;05:45;13;5;8
16/11/2018;06:00;15;7;8
16/11/2018;06:15;25;16;9
16/11/2018;06:30;36;9;27
16/11/2018;06:45;54;27;27
16/11/2018;07:00;51;20;31
16/11/2018;07:15;76;40;36
16/11/2018;07:30;129;63;66
16/11/2018;07:45;128;88;40
16/11/2018;08:00;89;42;47
16/11/2018;08:15;97;47;50
16/11/2018;08:30;73;42;31
16/11/2018;08:45;100;54;46
16/11/2018;09:00;78;46;32
16/11/2018;09:15;61;36;25
16/11/2018;09:30;65;30;35
16/11/2018;09:45;74;33;41
16/11/2018;10:00;51;24;27
16/11/2018;10:15;42;13;29
16/11/2018;10:30;37;20;17
16/11/2018;10:45;38;10;28
16/11/2018;11:00;52;13;39
16/11/2018;11:15;54;16;38
16/11/2018;11:30;58;18;40
16/11/2018;11:45;74;23;51
16/11/2018;12:00;83;20;63
16/11/2018;12:15;78;20;58
16/11/2018;12:30;77;23;54
16/11/2018;12:45;84;20;64
16/11/2018;13:00;110;24;86
16/11/2018;13:15;104;28;76
16/11/2018;13:30;116;24;92
16/11/2018;13:45;94;22;72
16/11/2018;14:00;124;27;97
16/11/2018;14:15;101;21;80
16/11/2018;14:30;111;35;76
16/11/2018;14:45;86;16;70
16/11/2018;15:00;109;29;80
16/11/2018;15:15;116;21;95
16/11/2018;15:30;124;31;93
16/11/2018;15:45;91;22;69
16/11/2018;16:00;123;16;107
16/11/2018;16:15;131;29;102
16/11/2018;16:30;134;18;116
16/11/2018;16:45;139;26;113
16/11/2018;17:00;114;18;96
16/11/2018;17:15;101;18;83
16/11/2018;17:30;98;30;68
16/11/2018;17:45;108;28;80
16/11/2018;18:00;97;16;81
16/11/2018;18:15;97;18;79
16/11/2018;18:30;75;15;60
16/11/2018;18:45;86;23;63
16/11/2018;19:00;63;13;50
16/11/2018;19:15;58;12;46
16/11/2018;19:30;67;16;51
16/11/2018;19:45;54;13;41
16/11/2018;20:00;62;12;50
16/11/2018;20:15;46;3;43
16/11/2018;20:30;43;7;36
16/11/2018;20:45;31;13;18
16/11/2018;21:00;33;9;24
16/11/2018;21:15;28;5;23
16/11/2018;21:30;25;3;22
16/11/2018;21:45;36;7;29
16/11/2018;22:00;21;3;18
16/11/2018;22:15;30;6;24
16/11/2018;22:30;29;6;23
16/11/2018;22:45;21;5;16
16/11/2018;23:00;32;6;26
16/11/2018;23:15;14;1;13
16/11/2018;23:30;21;3;18
16/11/2018;23:45;18;6;12
17/11/2018;00:00;11;0;11
17/11/2018;00:15;18;2;16
17/11/2018;00:30;19;3;16
17/11/2018;00:45;11;2;9
17/11/2018;01:00;14;2;12
17/11/2018;01:15;7;3;4
17/11/2018;01:30;11;0;11
17/11/2018;01:45;6;0;6
17/11/2018;02:00;1;0;1
17/11/2018;02:15;10;3;7
17/11/2018;02:30;4;0;4
17/11/2018;02:45;9;1;8
17/11/2018;03:00;5;0;5
17/11/2018;03:15;3;1;2
17/11/2018;03:30;6;0;6
17/11/2018;03:45;2;0;2
17/11/2018;04:00;2;0;2
17/11/2018;04:15;5;2;3
17/11/2018;04:30;4;0;4
17/11/2018;04:45;1;1;0
17/11/2018;05:00;2;1;1
17/11/2018;05:15;0;0;0
17/11/2018;05:30;3;0;3
17/11/2018;05:45;4;2;2
17/11/2018;06:00;3;1;2
17/11/2018;06:15;7;3;4
17/11/2018;06:30;4;2;2
17/11/2018;06:45;6;3;3
17/11/2018;07:00;2;2;0
17/11/2018;07:15;4;2;2
17/11/2018;07:30;12;2;10
17/11/2018;07:45;7;1;6
17/11/2018;08:00;10;6;4
17/11/2018;08:15;17;13;4
17/11/2018;08:30;20;16;4
17/11/2018;08:45;26;18;8
17/11/2018;09:00;27;16;11
17/11/2018;09:15;23;10;13
17/11/2018;09:30;42;21;21
17/11/2018;09:45;50;25;25
17/11/2018;10:00;35;13;22
17/11/2018;10:15;47;17;30
17/11/2018;10:30;38;19;19
17/11/2018;10:45;55;27;28
17/11/2018;11:00;54;18;36
17/11/2018;11:15;55;18;37
17/11/2018;11:30;56;27;29
17/11/2018;11:45;66;29;37
17/11/2018;12:00;59;13;46
17/11/2018;12:15;57;24;33
17/11/2018;12:30;76;32;44
17/11/2018;12:45;86;25;61
17/11/2018;13:00;64;17;47
17/11/2018;13:15;59;18;41
17/11/2018;13:30;75;16;59
17/11/2018;13:45;94;41;53
17/11/2018;14:00;103;25;78
17/11/2018;14:15;81;24;57
17/11/2018;14:30;98;26;72
17/11/2018;14:45;83;14;69
17/11/2018;15:00;82;17;65
17/11/2018;15:15;88;20;68
17/11/2018;15:30;84;19;65
17/11/2018;15:45;85;19;66
17/11/2018;16:00;86;18;68
17/11/2018;16:15;77;21;56
17/11/2018;16:30;63;21;42
17/11/2018;16:45;65;22;43
17/11/2018;17:00;57;12;45
17/11/2018;17:15;92;27;65
17/11/2018;17:30;57;11;46
17/11/2018;17:45;74;10;64
17/11/2018;18:00;68;17;51
17/11/2018;18:15;46;10;36
17/11/2018;18:30;40;12;28
17/11/2018;18:45;44;16;28
17/11/2018;19:00;41;9;32
17/11/2018;19:15;36;7;29
17/11/2018;19:30;37;6;31
17/11/2018;19:45;46;8;38
17/11/2018;20:00;47;13;34
17/11/2018;20:15;42;12;30
17/11/2018;20:30;27;7;20
17/11/2018;20:45;28;9;19
17/11/2018;21:00;36;7;29
17/11/2018;21:15;17;6;11
17/11/2018;21:30;21;5;16
17/11/2018;21:45;18;6;12
17/11/2018;22:00;26;3;23
17/11/2018;22:15;18;1;17
17/11/2018;22:30;21;3;18
17/11/2018;22:45;22;4;18
17/11/2018;23:00;18;6;12
17/11/2018;23:15;17;2;15
17/11/2018;23:30;15;2;13
17/11/2018;23:45;13;5;8
18/11/2018;00:00;13;1;12
18/11/2018;00:15;14;1;13
18/11/2018;00:30;23;3;20
18/11/2018;00:45;10;1;9
18/11/2018;01:00;12;3;9
18/11/2018;01:15;15;3;12
18/11/2018;01:30;11;5;6
18/11/2018;01:45;10;3;7
18/11/2018;02:00;10;4;6
18/11/2018;02:15;5;1;4
18/11/2018;02:30;6;3;3
18/11/2018;02:45;9;2;7
18/11/2018;03:00;8;3;5
18/11/2018;03:15;4;0;4
18/11/2018;03:30;3;0;3
18/11/2018;03:45;2;1;1
18/11/2018;04:00;3;1;2
18/11/2018;04:15;1;1;0
18/11/2018;04:30;1;0;1
18/11/2018;04:45;4;3;1
18/11/2018;05:00;1;0;1
18/11/2018;05:15;3;2;1
18/11/2018;05:30;2;2;0
18/11/2018;05:45;4;1;3
18/11/2018;06:00;1;1;0
18/11/2018;06:15;4;1;3
18/11/2018;06:30;2;1;1
18/11/2018;06:45;0;0;0
18/11/2018;07:00;2;0;2
18/11/2018;07:15;3;1;2
18/11/2018;07:30;2;0;2
18/11/2018;07:45;7;3;4
18/11/2018;08:00;3;2;1
18/11/2018;08:15;7;3;4
18/11/2018;08:30;12;3;9
18/11/2018;08:45;11;3;8
18/11/2018;09:00;14;5;9
18/11/2018;09:15;15;3;12
18/11/2018;09:30;19;6;13
18/11/2018;09:45;32;9;23
18/11/2018;10:00;11;2;9
18/11/2018;10:15;21;8;13
18/11/2018;10:30;18;8;10
18/11/2018;10:45;34;13;21
18/11/2018;11:00;16;0;16
18/11/2018;11:15;22;8;14
18/11/2018;11:30;47;15;32
18/11/2018;11:45;73;17;56
18/11/2018;12:00;42;6;36
18/11/2018;12:15;43;26;17
18/11/2018;12:30;51;19;32
18/11/2018;12:45;54;18;36
18/11/2018;13:00;46;12;34
18/11/2018;13:15;66;15;51
18/11/2018;13:30;44;7;37
18/11/2018;13:45;56;19;37
18/11/2018;14:00;65;18;47
18/11/2018;14:15;62;16;46
18/11/2018;14:30;82;18;64
18/11/2018;14:45;70;15;55
18/11/2018;15:00;59;10;49
18/11/2018;15:15;57;18;39
18/11/2018;15:30;57;13;44
18/11/2018;15:45;52;19;33
18/11/2018;16:00;61;15;46
18/11/2018;16:15;39;13;26
18/11/2018;16:30;65;27;38
18/11/2018;16:45;53;25;28
18/11/2018;17:00;35;16;19
18/11/2018;17:15;55;14;41
18/11/2018;17:30;60;30;30
18/11/2018;17:45;32;11;21
18/11/2018;18:00;39;12;27
18/11/2018;18:15;47;16;31
18/11/2018;18:30;32;6;26
18/11/2018;18:45;24;5;19
18/11/2018;19:00;34;7;27
18/11/2018;19:15;37;7;30
18/11/2018;19:30;32;7;25
18/11/2018;19:45;8;0;8
18/11/2018;20:00;20;5;15
18/11/2018;20:15;20;5;15
18/11/2018;20:30;18;1;17
18/11/2018;20:45;14;1;13
18/11/2018;21:00;16;2;14
18/11/2018;21:15;16;0;16
18/11/2018;21:30;20;5;15
18/11/2018;21:45;19;5;14
18/11/2018;22:00;23;8;15
18/11/2018;22:15;10;2;8
18/11/2018;22:30;10;4;6
18/11/2018;22:45;7;0;7
18/11/2018;23:00;12;3;9
18/11/2018;23:15;10;1;9
18/11/2018;23:30;7;1;6
18/11/2018;23:45;8;0;8
19/11/2018;00:00;7;1;6
19/11/2018;00:15;8;2;6
19/11/2018;00:30;1;0;1
19/11/2018;00:45;1;1;0
19/11/2018;01:00;3;1;2
19/11/2018;01:15;0;0;0
19/11/2018;01:30;1;0;1
19/11/2018;01:45;1;1;0
19/11/2018;02:00;2;0;2
19/11/2018;02:15;2;0;2
19/11/2018;02:30;1;1;0
19/11/2018;02:45;1;0;1
19/11/2018;03:00;2;2;0
19/11/2018;03:15;1;0;1
19/11/2018;03:30;0;0;0
19/11/2018;03:45;2;0;2
19/11/2018;04:00;1;0;1
19/11/2018;04:15;3;2;1
19/11/2018;04:30;2;1;1
19/11/2018;04:45;4;2;2
19/11/2018;05:00;1;1;0
19/11/2018;05:15;5;2;3
19/11/2018;05:30;15;7;8
19/11/2018;05:45;12;6;6
19/11/2018;06:00;14;3;11
19/11/2018;06:15;19;9;10
19/11/2018;06:30;38;13;25
19/11/2018;06:45;37;21;16
19/11/2018;07:00;57;30;27
19/11/2018;07:15;65;33;32
19/11/2018;07:30;124;71;53
19/11/2018;07:45;145;92;53
19/11/2018;08:00;102;53;49
19/11/2018;08:15;97;50;47
19/11/2018;08:30;99;51;48
19/11/2018;08:45;98;54;44
19/11/2018;09:00;74;34;40
19/11/2018;09:15;54;31;23
19/11/2018;09:30;52;25;27
19/11/2018;09:45;64;32;32
19/11/2018;10:00;41;23;18
19/11/2018;10:15;33;18;15
19/11/2018;10:30;34;11;23
19/11/2018;10:45;46;18;28
19/11/2018;11:00;36;16;20
19/11/2018;11:15;44;19;25
19/11/2018;11:30;54;13;41
19/11/2018;11:45;52;23;29
19/11/2018;12:00;58;15;43
19/11/2018;12:15;47;11;36
19/11/2018;12:30;60;14;46
19/11/2018;12:45;57;18;39
19/11/2018;13:00;57;18;39
19/11/2018;13:15;75;16;59
19/11/2018;13:30;58;24;34
19/11/2018;13:45;77;21;56
19/11/2018;14:00;78;20;58
19/11/2018;14:15;68;11;57
19/11/2018;14:30;61;13;48
19/11/2018;14:45;83;19;64
19/11/2018;15:00;83;20;63
19/11/2018;15:15;88;19;69
19/11/2018;15:30;74;11;63
19/11/2018;15:45;106;15;91
19/11/2018;16:00;126;21;105
19/11/2018;16:15;108;15;93
19/11/2018;16:30;126;23;103
19/11/2018;16:45;122;21;101
19/11/2018;17:00;131;18;113
19/11/2018;17:15;123;14;109
19/11/2018;17:30;136;22;114
19/11/2018;17:45;142;17;125
19/11/2018;18:00;133;22;111
19/11/2018;18:15;126;13;113
19/11/2018;18:30;97;18;79
19/11/2018;18:45;85;21;64
19/11/2018;19:00;64;7;57
19/11/2018;19:15;63;8;55
19/11/2018;19:30;80;20;60
19/11/2018;19:45;64;9;55
19/11/2018;20:00;51;9;42
19/11/2018;20:15;49;9;40
19/11/2018;20:30;41;11;30
19/11/2018;20:45;34;9;25
19/11/2018;21:00;31;5;26
19/11/2018;21:15;27;5;22
19/11/2018;21:30;27;6;21
19/11/2018;21:45;28;6;22
19/11/2018;22:00;37;5;32
19/11/2018;22:15;29;9;20
19/11/2018;22:30;22;1;21
19/11/2018;22:45;14;2;12
19/11/2018;23:00;11;1;10
19/11/2018;23:15;8;1;7
19/11/2018;23:30;9;2;7
19/11/2018;23:45;11;2;9
20/11/2018;00:00;9;0;9
20/11/2018;00:15;3;1;2
20/11/2018;00:30;5;0;5
20/11/2018;00:45;1;0;1
20/11/2018;01:00;3;0;3
20/11/2018;01:15;5;3;2
20/11/2018;01:30;1;0;1
20/11/2018;01:45;1;0;1
20/11/2018;02:00;0;0;0
20/11/2018;02:15;0;0;0
20/11/2018;02:30;2;0;2
20/11/2018;02:45;1;0;1
20/11/2018;03:00;0;0;0
20/11/2018;03:15;1;0;1
20/11/2018;03:30;1;0;1
20/11/2018;03:45;1;0;1
20/11/2018;04:00;0;0;0
20/11/2018;04:15;4;2;2
20/11/2018;04:30;2;0;2
20/11/2018;04:45;2;2;0
20/11/2018;05:00;3;2;1
20/11/2018;05:15;8;5;3
20/11/2018;05:30;13;6;7
20/11/2018;05:45;7;3;4
20/11/2018;06:00;16;8;8
20/11/2018;06:15;21;12;9
20/11/2018;06:30;38;14;24
20/11/2018;06:45;45;23;22
20/11/2018;07:00;43;23;20
20/11/2018;07:15;70;28;42
20/11/2018;07:30;128;77;51
20/11/2018;07:45;142;96;46
20/11/2018;08:00;113;66;47
20/11/2018;08:15;105;60;45
20/11/2018;08:30;90;47;43
20/11/2018;08:45;95;51;44
20/11/2018;09:00;72;49;23
20/11/2018;09:15;59;31;28
20/11/2018;09:30;60;34;26
20/11/2018;09:45;66;39;27
20/11/2018;10:00;81;29;52
20/11/2018;10:15;39;12;27
20/11/2018;10:30;47;20;27
20/11/2018;10:45;43;14;29
20/11/2018;11:00;29;13;16
20/11/2018;11:15;46;11;35
20/11/2018;11:30;52;18;34
20/11/2018;11:45;58;19;39
20/11/2018;12:00;66;19;47
20/11/2018;12:15;36;3;33
20/11/2018;12:30;50;14;36
20/11/2018;12:45;49;13;36
20/11/2018;13:00;57;11;46
20/11/2018;13:15;67;14;53
20/11/2018;13:30;83;21;62
20/11/2018;13:45;74;19;55
20/11/2018;14:00;62;18;44
20/11/2018;14:15;65;10;55
20/11/2018;14:30;60;8;52
20/11/2018;14:45;67;17;50
20/11/2018;15:00;67;17;50
20/11/2018;15:15;90;15;75
20/11/2018;15:30;77;18;59
20/11/2018;15:45;115;21;94
20/11/2018;16:00;129;15;114
20/11/2018;16:15;105;12;93
20/11/2018;16:30;115;17;98
20/11/2018;16:45;134;29;105
20/11/2018;17:00;101;21;80
20/11/2018;17:15;129;31;98
20/11/2018;17:30;134;23;111
20/11/2018;17:45;123;22;101
20/11/2018;18:00;130;18;112
20/11/2018;18:15;124;15;109
20/11/2018;18:30;111;25;86
20/11/2018;18:45;99;15;84
20/11/2018;19:00;85;17;68
20/11/2018;19:15;76;6;70
20/11/2018;19:30;84;24;60
20/11/2018;19:45;63;18;45
20/11/2018;20:00;47;14;33
20/11/2018;20:15;68;10;58
20/11/2018;20:30;36;6;30
20/11/2018;20:45;36;8;28
20/11/2018;21:00;28;5;23
20/11/2018;21:15;38;9;29
20/11/2018;21:30;40;4;36
20/11/2018;21:45;32;7;25
20/11/2018;22:00;21;4;17
20/11/2018;22:15;34;7;27
20/11/2018;22:30;34;9;25
20/11/2018;22:45;26;3;23
20/11/2018;23:00;18;5;13
20/11/2018;23:15;20;3;17
20/11/2018;23:30;9;1;8
20/11/2018;23:45;6;0;6
21/11/2018;00:00;8;2;6
21/11/2018;00:15;9;0;9
21/11/2018;00:30;2;0;2
21/11/2018;00:45;3;0;3
21/11/2018;01:00;3;2;1
21/11/2018;01:15;1;1;0
21/11/2018;01:30;7;1;6
21/11/2018;01:45;0;0;0
21/11/2018;02:00;3;1;2
21/11/2018;02:15;1;0;1
21/11/2018;02:30;2;0;2
21/11/2018;02:45;2;0;2
21/11/2018;03:00;2;0;2
21/11/2018;03:15;0;0;0
21/11/2018;03:30;2;0;2
21/11/2018;03:45;3;0;3
21/11/2018;04:00;0;0;0
21/11/2018;04:15;5;2;3
21/11/2018;04:30;5;2;3
21/11/2018;04:45;4;1;3
21/11/2018;05:00;2;1;1
21/11/2018;05:15;8;4;4
21/11/2018;05:30;17;10;7
21/11/2018;05:45;14;6;8
21/11/2018;06:00;15;10;5
21/11/2018;06:15;20;9;11
21/11/2018;06:30;31;11;20
21/11/2018;06:45;40;21;19
21/11/2018;07:00;52;26;26
21/11/2018;07:15;76;38;38
21/11/2018;07:30;93;58;35
21/11/2018;07:45;151;84;67
21/11/2018;08:00;100;53;47
21/11/2018;08:15;117;68;49
21/11/2018;08:30;88;43;45
21/11/2018;08:45;101;63;38
21/11/2018;09:00;80;39;41
21/11/2018;09:15;61;34;27
21/11/2018;09:30;61;27;34
21/11/2018;09:45;62;30;32
21/11/2018;10:00;58;34;24
21/11/2018;10:15;35;15;20
21/11/2018;10:30;33;14;19
21/11/2018;10:45;48;19;29
21/11/2018;11:00;39;7;32
21/11/2018;11:15;48;14;34
21/11/2018;11:30;61;23;38
21/11/2018;11:45;57;23;34
21/11/2018;12:00;48;20;28
21/11/2018;12:15;66;23;43
21/11/2018;12:30;58;22;36
21/11/2018;12:45;62;22;40
21/11/2018;13:00;56;10;46
21/11/2018;13:15;60;11;49
21/11/2018;13:30;66;12;54
21/11/2018;13:45;71;18;53
21/11/2018;14:00;69;12;57
21/11/2018;14:15;62;13;49
21/11/2018;14:30;62;14;48
21/11/2018;14:45;69;12;57
21/11/2018;15:00;56;6;50
21/11/2018;15:15;88;18;70
21/11/2018;15:30;84;17;67
21/11/2018;15:45;126;29;97
21/11/2018;16:00;139;23;116
21/11/2018;16:15;108;17;91
21/11/2018;16:30;114;24;90
21/11/2018;16:45;118;17;101
21/11/2018;17:00;127;18;109
21/11/2018;17:15;114;22;92
21/11/2018;17:30;138;30;108
21/11/2018;17:45;159;30;129
21/11/2018;18:00;112;16;96
21/11/2018;18:15;106;19;87
21/11/2018;18:30;107;23;84
21/11/2018;18:45;99;22;77
21/11/2018;19:00;85;20;65
21/11/2018;19:15;71;16;55
21/11/2018;19:30;81;12;69
21/11/2018;19:45;59;8;51
21/11/2018;20:00;66;10;56
21/11/2018;20:15;71;14;57
21/11/2018;20:30;47;21;26
21/11/2018;20:45;46;12;34
21/11/2018;21:00;39;11;28
21/11/2018;21:15;44;8;36
21/11/2018;21:30;35;2;33
21/11/2018;21:45;30;5;25
21/11/2018;22:00;28;3;25
21/11/2018;22:15;32;1;31
21/11/2018;22:30;25;5;20
21/11/2018;22:45;27;3;24
21/11/2018;23:00;9;3;6
21/11/2018;23:15;15;0;15
21/11/2018;23:30;16;2;14
21/11/2018;23:45;6;0;6
22/11/2018;00:00;6;1;5
22/11/2018;00:15;5;0;5
22/11/2018;00:30;2;1;1
22/11/2018;00:45;6;0;6
22/11/2018;01:00;6;1;5
22/11/2018;01:15;3;1;2
22/11/2018;01:30;3;1;2
22/11/2018;01:45;2;0;2
22/11/2018;02:00;2;2;0
22/11/2018;02:15;0;0;0
22/11/2018;02:30;1;0;1
22/11/2018;02:45;1;0;1
22/11/2018;03:00;1;0;1
22/11/2018;03:15;3;0;3
22/11/2018;03:30;1;0;1
22/11/2018;03:45;0;0;0
22/11/2018;04:00;0;0;0
22/11/2018;04:15;4;3;1
22/11/2018;04:30;1;1;0
22/11/2018;04:45;3;2;1
22/11/2018;05:00;3;0;3
22/11/2018;05:15;6;3;3
22/11/2018;05:30;12;6;6
22/11/2018;05:45;12;6;6
22/11/2018;06:00;13;6;7
22/11/2018;06:15;26;14;12
22/11/2018;06:30;22;7;15
22/11/2018;06:45;50;24;26
22/11/2018;07:00;45;23;22
22/11/2018;07:15;64;30;34
22/11/2018;07:30;100;62;38
22/11/2018;07:45;144;90;54
22/11/2018;08:00;97;52;45
22/11/2018;08:15;119;59;60
22/11/2018;08:30;107;51;56
22/11/2018;08:45;89;36;53
22/11/2018;09:00;60;23;37
22/11/2018;09:15;47;19;28
22/11/2018;09:30;40;15;25
22/11/2018;09:45;59;23;36
22/11/2018;10:00;41;15;26
22/11/2018;10:15;37;15;22
22/11/2018;10:30;33;9;24
22/11/2018;10:45;41;15;26
22/11/2018;11:00;41;17;24
22/11/2018;11:15;48;15;33
22/11/2018;11:30;35;9;26
22/11/2018;11:45;64;22;42
22/11/2018;12:00;58;20;38
22/11/2018;12:15;57;19;38
22/11/2018;12:30;74;25;49
22/11/2018;12:45;69;18;51
22/11/2018;13:00;51;18;33
22/11/2018;13:15;91;23;68
22/11/2018;13:30;73;16;57
22/11/2018;13:45;64;15;49
22/11/2018;14:00;76;18;58
22/11/2018;14:15;85;15;70
22/11/2018;14:30;69;17;52
22/11/2018;14:45;81;17;64
22/11/2018;15:00;76;19;57
22/11/2018;15:15;84;11;73
22/11/2018;15:30;84;18;66
22/11/2018;15:45;119;29;90
22/11/2018;16:00;144;26;118
22/11/2018;16:15;117;18;99
22/11/2018;16:30;132;27;105
22/11/2018;16:45;124;21;103
22/11/2018;17:00;115;13;102
22/11/2018;17:15;162;22;140
22/11/2018;17:30;118;22;96
22/11/2018;17:45;161;22;139
22/11/2018;18:00;117;19;98
22/11/2018;18:15;120;17;103
22/11/2018;18:30;109;24;85
22/11/2018;18:45;85;22;63
22/11/2018;19:00;85;21;64
22/11/2018;19:15;83;15;68
22/11/2018;19:30;81;13;68
22/11/2018;19:45;66;8;58
22/11/2018;20:00;69;6;63
22/11/2018;20:15;69;19;50
22/11/2018;20:30;46;10;36
22/11/2018;20:45;35;8;27
22/11/2018;21:00;30;7;23
22/11/2018;21:15;45;7;38
22/11/2018;21:30;27;6;21
22/11/2018;21:45;35;3;32
22/11/2018;22:00;23;4;19
22/11/2018;22:15;32;6;26
22/11/2018;22:30;24;4;20
22/11/2018;22:45;24;9;15
22/11/2018;23:00;14;2;12
22/11/2018;23:15;13;3;10
22/11/2018;23:30;13;2;11
22/11/2018;23:45;6;3;3
23/11/2018;00:00;12;0;12
23/11/2018;00:15;13;1;12
23/11/2018;00:30;6;0;6
23/11/2018;00:45;2;1;1
23/11/2018;01:00;2;0;2
23/11/2018;01:15;5;0;5
23/11/2018;01:30;1;0;1
23/11/2018;01:45;0;0;0
23/11/2018;02:00;0;0;0
23/11/2018;02:15;2;0;2
23/11/2018;02:30;3;0;3
23/11/2018;02:45;2;1;1
23/11/2018;03:00;0;0;0
23/11/2018;03:15;1;0;1
23/11/2018;03:30;1;0;1
23/11/2018;03:45;0;0;0
23/11/2018;04:00;1;0;1
23/11/2018;04:15;3;2;1
23/11/2018;04:30;3;1;2
23/11/2018;04:45;5;2;3
23/11/2018;05:00;2;1;1
23/11/2018;05:15;6;3;3
23/11/2018;05:30;10;5;5
23/11/2018;05:45;10;5;5
23/11/2018;06:00;14;7;7
23/11/2018;06:15;17;8;9
23/11/2018;06:30;39;16;23
23/11/2018;06:45;47;24;23
23/11/2018;07:00;44;23;21
23/11/2018;07:15;70;29;41
23/11/2018;07:30;112;69;43
23/11/2018;07:45;115;71;44
23/11/2018;08:00;84;34;50
23/11/2018;08:15;81;41;40
23/11/2018;08:30;81;43;38
23/11/2018;08:45;98;53;45
23/11/2018;09:00;60;32;28
23/11/2018;09:15;54;27;27
23/11/2018;09:30;46;22;24
23/11/2018;09:45;53;33;20
23/11/2018;10:00;52;28;24
23/11/2018;10:15;47;26;21
23/11/2018;10:30;42;17;25
23/11/2018;10:45;36;18;18
23/11/2018;11:00;43;15;28
23/11/2018;11:15;55;15;40
23/11/2018;11:30;51;15;36
23/11/2018;11:45;60;22;38
23/11/2018;12:00;64;16;48
23/11/2018;12:15;70;22;48
23/11/2018;12:30;79;18;61
23/11/2018;12:45;75;16;59
23/11/2018;13:00;88;23;65
23/11/2018;13:15;107;22;85
23/11/2018;13:30;106;21;85
23/11/2018;13:45;78;19;59
23/11/2018;14:00;85;19;66
23/11/2018;14:15;97;19;78
23/11/2018;14:30;77;20;57
23/11/2018;14:45;115;27;88
23/11/2018;15:00;94;16;78
23/11/2018;15:15;96;16;80
23/11/2018;15:30;103;20;83
23/11/2018;15:45;96;22;74
23/11/2018;16:00;134;25;109
23/11/2018;16:15;100;29;71
23/11/2018;16:30;102;22;80
23/11/2018;16:45;109;26;83
23/11/2018;17:00;103;17;86
23/11/2018;17:15;105;24;81
23/11/2018;17:30;118;31;87
23/11/2018;17:45;101;28;73
23/11/2018;18:00;97;18;79
23/11/2018;18:15;110;20;90
23/11/2018;18:30;76;10;66
23/11/2018;18:45;91;20;71
23/11/2018;19:00;83;20;63
23/11/2018;19:15;64;17;47
23/11/2018;19:30;78;25;53
23/11/2018;19:45;57;18;39
23/11/2018;20:00;66;14;52
23/11/2018;20:15;57;8;49
23/11/2018;20:30;45;10;35
23/11/2018;20:45;36;5;31
23/11/2018;21:00;46;11;35
23/11/2018;21:15;29;2;27
23/11/2018;21:30;26;1;25
23/11/2018;21:45;34;4;30
23/11/2018;22:00;32;1;31
23/11/2018;22:15;40;3;37
23/11/2018;22:30;38;3;35
23/11/2018;22:45;21;6;15
23/11/2018;23:00;31;2;29
23/11/2018;23:15;29;8;21
23/11/2018;23:30;14;4;10
23/11/2018;23:45;15;1;14
24/11/2018;00:00;21;4;17
24/11/2018;00:15;24;8;16
24/11/2018;00:30;13;3;10
24/11/2018;00:45;10;0;10
24/11/2018;01:00;10;0;10
24/11/2018;01:15;17;5;12
24/11/2018;01:30;5;0;5
24/11/2018;01:45;3;0;3
24/11/2018;02:00;6;0;6
24/11/2018;02:15;15;4;11
24/11/2018;02:30;8;0;8
24/11/2018;02:45;4;0;4
24/11/2018;03:00;2;1;1
24/11/2018;03:15;1;0;1
24/11/2018;03:30;3;1;2
24/11/2018;03:45;1;0;1
24/11/2018;04:00;5;0;5
24/11/2018;04:15;2;1;1
24/11/2018;04:30;3;0;3
24/11/2018;04:45;1;0;1
24/11/2018;05:00;1;0;1
24/11/2018;05:15;3;1;2
24/11/2018;05:30;4;0;4
24/11/2018;05:45;3;0;3
24/11/2018;06:00;4;1;3
24/11/2018;06:15;4;3;1
24/11/2018;06:30;5;1;4
24/11/2018;06:45;3;3;0
24/11/2018;07:00;3;2;1
24/11/2018;07:15;7;1;6
24/11/2018;07:30;11;6;5
24/11/2018;07:45;15;8;7
24/11/2018;08:00;8;4;4
24/11/2018;08:15;5;3;2
24/11/2018;08:30;7;6;1
24/11/2018;08:45;8;5;3
24/11/2018;09:00;18;10;8
24/11/2018;09:15;16;10;6
24/11/2018;09:30;10;7;3
24/11/2018;09:45;21;11;10
24/11/2018;10:00;24;12;12
24/11/2018;10:15;31;14;17
24/11/2018;10:30;39;19;20
24/11/2018;10:45;30;8;22
24/11/2018;11:00;21;9;12
24/11/2018;11:15;35;12;23
24/11/2018;11:30;34;11;23
24/11/2018;11:45;48;16;32
24/11/2018;12:00;42;16;26
24/11/2018;12:15;38;13;25
24/11/2018;12:30;37;14;23
24/11/2018;12:45;34;9;25
24/11/2018;13:00;41;9;32
24/11/2018;13:15;40;17;23
24/11/2018;13:30;42;10;32
24/11/2018;13:45;42;11;31
24/11/2018;14:00;45;9;36
24/11/2018;14:15;31;5;26
24/11/2018;14:30;43;14;29
24/11/2018;14:45;44;18;26
24/11/2018;15:00;34;12;22
24/11/2018;15:15;23;7;16
24/11/2018;15:30;33;13;20
24/11/2018;15:45;51;10;41
24/11/2018;16:00;45;16;29
24/11/2018;16:15;32;12;20
24/11/2018;16:30;44;14;30
24/11/2018;16:45;51;17;34
24/11/2018;17:00;38;11;27
24/11/2018;17:15;44;19;25
24/11/2018;17:30;38;10;28
24/11/2018;17:45;38;13;25
24/11/2018;18:00;46;13;33
24/11/2018;18:15;31;6;25
24/11/2018;18:30;37;10;27
24/11/2018;18:45;28;10;18
24/11/2018;19:00;42;10;32
24/11/2018;19:15;32;8;24
24/11/2018;19:30;15;4;11
24/11/2018;19:45;26;7;19
24/11/2018;20:00;37;17;20
24/11/2018;20:15;24;2;22
24/11/2018;20:30;20;4;16
24/11/2018;20:45;19;10;9
24/11/2018;21:00;20;8;12
24/11/2018;21:15;19;4;15
24/11/2018;21:30;23;3;20
24/11/2018;21:45;16;3;13
24/11/2018;22:00;14;2;12
24/11/2018;22:15;6;0;6
24/11/2018;22:30;16;5;11
24/11/2018;22:45;6;1;5
24/11/2018;23:00;13;3;10
24/11/2018;23:15;26;2;24
24/11/2018;23:30;18;3;15
24/11/2018;23:45;16;1;15
25/11/2018;00:00;12;2;10
25/11/2018;00:15;18;1;17
25/11/2018;00:30;14;4;10
25/11/2018;00:45;17;4;13
25/11/2018;01:00;13;1;12
25/11/2018;01:15;5;0;5
25/11/2018;01:30;6;2;4
25/11/2018;01:45;6;0;6
25/11/2018;02:00;6;1;5
25/11/2018;02:15;5;1;4
25/11/2018;02:30;11;0;11
25/11/2018;02:45;2;1;1
25/11/2018;03:00;3;0;3
25/11/2018;03:15;5;2;3
25/11/2018;03:30;1;0;1
25/11/2018;03:45;5;0;5
25/11/2018;04:00;4;1;3
25/11/2018;04:15;1;0;1
25/11/2018;04:30;3;1;2
25/11/2018;04:45;1;0;1
25/11/2018;05:00;2;1;1
25/11/2018;05:15;1;0;1
25/11/2018;05:30;2;1;1
25/11/2018;05:45;3;1;2
25/11/2018;06:00;4;1;3
25/11/2018;06:15;3;1;2
25/11/2018;06:30;2;1;1
25/11/2018;06:45;3;0;3
25/11/2018;07:00;0;0;0
25/11/2018;07:15;2;1;1
25/11/2018;07:30;2;0;2
25/11/2018;07:45;3;2;1
25/11/2018;08:00;5;3;2
25/11/2018;08:15;8;3;5
25/11/2018;08:30;6;2;4
25/11/2018;08:45;7;2;5
25/11/2018;09:00;9;4;5
25/11/2018;09:15;14;4;10
25/11/2018;09:30;14;3;11
25/11/2018;09:45;26;8;18
25/11/2018;10:00;14;6;8
25/11/2018;10:15;21;6;15
25/11/2018;10:30;28;7;21
25/11/2018;10:45;43;19;24
25/11/2018;11:00;25;6;19
25/11/2018;11:15;25;7;18
25/11/2018;11:30;25;7;18
25/11/2018;11:45;26;7;19
25/11/2018;12:00;33;11;22
25/11/2018;12:15;22;9;13
25/11/2018;12:30;20;3;17
25/11/2018;12:45;29;7;22
25/11/2018;13:00;30;7;23
25/11/2018;13:15;27;11;16
25/11/2018;13:30;35;11;24
25/11/2018;13:45;45;12;33
25/11/2018;14:00;43;14;29
25/11/2018;14:15;51;12;39
25/11/2018;14:30;35;10;25
25/11/2018;14:45;47;24;23
25/11/2018;15:00;53;15;38
25/11/2018;15:15;51;14;37
25/11/2018;15:30;38;15;23
25/11/2018;15:45;27;7;20
25/11/2018;16:00;41;10;31
25/11/2018;16:15;35;12;23
25/11/2018;16:30;37;16;21
25/11/2018;16:45;39;14;25
25/11/2018;17:00;37;6;31
25/11/2018;17:15;31;8;23
25/11/2018;17:30;48;24;24
25/11/2018;17:45;41;20;21
25/11/2018;18:00;36;7;29
25/11/2018;18:15;30;10;20
25/11/2018;18:30;30;10;20
25/11/2018;18:45;23;5;18
25/11/2018;19:00;34;7;27
25/11/2018;19:15;23;4;19
25/11/2018;19:30;28;8;20
25/11/2018;19:45;25;6;19
25/11/2018;20:00;14;3;11
25/11/2018;20:15;19;3;16
25/11/2018;20:30;11;1;10
25/11/2018;20:45;27;6;21
25/11/2018;21:00;22;3;19
25/11/2018;21:15;11;1;10
25/11/2018;21:30;16;2;14
25/11/2018;21:45;18;3;15
25/11/2018;22:00;15;6;9
25/11/2018;22:15;21;6;15
25/11/2018;22:30;7;0;7
25/11/2018;22:45;6;0;6
25/11/2018;23:00;9;2;7
25/11/2018;23:15;6;0;6
25/11/2018;23:30;6;1;5
25/11/2018;23:45;8;2;6
26/11/2018;00:00;4;0;4
26/11/2018;00:15;1;0;1
26/11/2018;00:30;3;0;3
26/11/2018;00:45;1;0;1
26/11/2018;01:00;1;0;1
26/11/2018;01:15;4;0;4
26/11/2018;01:30;0;0;0
26/11/2018;01:45;0;0;0
26/11/2018;02:00;1;0;1
26/11/2018;02:15;0;0;0
26/11/2018;02:30;1;0;1
26/11/2018;02:45;0;0;0
26/11/2018;03:00;0;0;0
26/11/2018;03:15;1;0;1
26/11/2018;03:30;2;1;1
26/11/2018;03:45;1;1;0
26/11/2018;04:00;0;0;0
26/11/2018;04:15;3;2;1
26/11/2018;04:30;1;0;1
26/11/2018;04:45;1;0;1
26/11/2018;05:00;1;0;1
26/11/2018;05:15;7;4;3
26/11/2018;05:30;18;9;9
26/11/2018;05:45;9;3;6
26/11/2018;06:00;18;5;13
26/11/2018;06:15;18;8;10
26/11/2018;06:30;31;13;18
26/11/2018;06:45;44;19;25
26/11/2018;07:00;43;22;21
26/11/2018;07:15;66;30;36
26/11/2018;07:30;129;84;45
26/11/2018;07:45;136;83;53
26/11/2018;08:00;108;54;54
26/11/2018;08:15;121;54;67
26/11/2018;08:30;96;52;44
26/11/2018;08:45;90;47;43
26/11/2018;09:00;74;37;37
26/11/2018;09:15;55;21;34
26/11/2018;09:30;60;31;29
26/11/2018;09:45;70;41;29
26/11/2018;10:00;49;23;26
26/11/2018;10:15;43;18;25
26/11/2018;10:30;39;21;18
26/11/2018;10:45;39;18;21
26/11/2018;11:00;34;10;24
26/11/2018;11:15;37;12;25
26/11/2018;11:30;48;14;34
26/11/2018;11:45;49;14;35
26/11/2018;12:00;49;21;28
26/11/2018;12:15;49;20;29
26/11/2018;12:30;55;17;38
26/11/2018;12:45;52;10;42
26/11/2018;13:00;70;18;52
26/11/2018;13:15;87;16;71
26/11/2018;13:30;66;14;52
26/11/2018;13:45;67;24;43
26/11/2018;14:00;63;10;53
26/11/2018;14:15;74;18;56
26/11/2018;14:30;64;14;50
26/11/2018;14:45;70;17;53
26/11/2018;15:00;72;13;59
26/11/2018;15:15;79;22;57
26/11/2018;15:30;87;11;76
26/11/2018;15:45;100;19;81
26/11/2018;16:00;138;23;115
26/11/2018;16:15;115;25;90
26/11/2018;16:30;116;16;100
26/11/2018;16:45;120;18;102
26/11/2018;17:00;118;25;93
26/11/2018;17:15;135;25;110
26/11/2018;17:30;120;9;111
26/11/2018;17:45;134;29;105
26/11/2018;18:00;136;19;117
26/11/2018;18:15;112;20;92
26/11/2018;18:30;94;13;81
26/11/2018;18:45;110;23;87
26/11/2018;19:00;91;17;74
26/11/2018;19:15;97;18;79
26/11/2018;19:30;65;13;52
26/11/2018;19:45;53;9;44
26/11/2018;20:00;84;9;75
26/11/2018;20:15;53;7;46
26/11/2018;20:30;48;7;41
26/11/2018;20:45;53;11;42
26/11/2018;21:00;46;6;40
26/11/2018;21:15;46;12;34
26/11/2018;21:30;32;5;27
26/11/2018;21:45;40;5;35
26/11/2018;22:00;35;5;30
26/11/2018;22:15;17;3;14
26/11/2018;22:30;18;2;16
26/11/2018;22:45;20;0;20
26/11/2018;23:00;16;2;14
26/11/2018;23:15;11;1;10
26/11/2018;23:30;6;1;5
26/11/2018;23:45;10;0;10
27/11/2018;00:00;12;0;12
27/11/2018;00:15;8;1;7
27/11/2018;00:30;4;1;3
27/11/2018;00:45;1;0;1
27/11/2018;01:00;2;0;2
27/11/2018;01:15;4;1;3
27/11/2018;01:30;0;0;0
27/11/2018;01:45;2;1;1
27/11/2018;02:00;2;1;1
27/11/2018;02:15;1;0;1
27/11/2018;02:30;2;1;1
27/11/2018;02:45;2;1;1
27/11/2018;03:00;2;0;2
27/11/2018;03:15;1;0;1
27/11/2018;03:30;2;0;2
27/11/2018;03:45;0;0;0
27/11/2018;04:00;1;0;1
27/11/2018;04:15;1;1;0
27/11/2018;04:30;2;1;1
27/11/2018;04:45;2;0;2
27/11/2018;05:00;1;1;0
27/11/2018;05:15;8;5;3
27/11/2018;05:30;16;8;8
27/11/2018;05:45;5;2;3
27/11/2018;06:00;15;4;11
27/11/2018;06:15;20;9;11
27/11/2018;06:30;36;13;23
27/11/2018;06:45;57;30;27
27/11/2018;07:00;42;19;23
27/11/2018;07:15;87;39;48
27/11/2018;07:30;111;64;47
27/11/2018;07:45;137;84;53
27/11/2018;08:00;113;60;53
27/11/2018;08:15;114;54;60
27/11/2018;08:30;108;46;62
27/11/2018;08:45;83;45;38
27/11/2018;09:00;66;36;30
27/11/2018;09:15;57;32;25
27/11/2018;09:30;54;29;25
27/11/2018;09:45;63;46;17
27/11/2018;10:00;59;32;27
27/11/2018;10:15;52;17;35
27/11/2018;10:30;54;20;34
27/11/2018;10:45;56;21;35
27/11/2018;11:00;48;23;25
27/11/2018;11:15;44;23;21
27/11/2018;11:30;42;16;26
27/11/2018;11:45;70;20;50
27/11/2018;12:00;61;23;38
27/11/2018;12:15;52;11;41
27/11/2018;12:30;66;13;53
27/11/2018;12:45;48;17;31
27/11/2018;13:00;71;13;58
27/11/2018;13:15;80;18;62
27/11/2018;13:30;88;22;66
27/11/2018;13:45;65;19;46
27/11/2018;14:00;79;18;61
27/11/2018;14:15;72;12;60
27/11/2018;14:30;57;16;41
27/11/2018;14:45;75;16;59
27/11/2018;15:00;81;10;71
27/11/2018;15:15;101;20;81
27/11/2018;15:30;100;21;79
27/11/2018;15:45;119;22;97
27/11/2018;16:00;140;31;109
27/11/2018;16:15;89;13;76
27/11/2018;16:30;97;22;75
27/11/2018;16:45;139;25;114
27/11/2018;17:00;119;16;103
27/11/2018;17:15;151;28;123
27/11/2018;17:30;109;17;92
27/11/2018;17:45;144;26;118
27/11/2018;18:00;129;16;113
27/11/2018;18:15;112;26;86
27/11/2018;18:30;98;20;78
27/11/2018;18:45;107;22;85
27/11/2018;19:00;69;9;60
27/11/2018;19:15;100;22;78
27/11/2018;19:30;91;28;63
27/11/2018;19:45;88;20;68
27/11/2018;20:00;61;12;49
27/11/2018;20:15;52;9;43
27/11/2018;20:30;42;10;32
27/11/2018;20:45;44;9;35
27/11/2018;21:00;69;9;60
27/11/2018;21:15;36;7;29
27/11/2018;21:30;49;5;44
27/11/2018;21:45;37;4;33
27/11/2018;22:00;26;6;20
27/11/2018;22:15;57;6;51
27/11/2018;22:30;33;6;27
27/11/2018;22:45;14;1;13
27/11/2018;23:00;27;3;24
27/11/2018;23:15;24;4;20
27/11/2018;23:30;12;2;10
27/11/2018;23:45;10;1;9
28/11/2018;00:00;1;1;0
28/11/2018;00:15;7;1;6
28/11/2018;00:30;3;0;3
28/11/2018;00:45;3;0;3
28/11/2018;01:00;0;0;0
28/11/2018;01:15;7;1;6
28/11/2018;01:30;2;0;2
28/11/2018;01:45;4;1;3
28/11/2018;02:00;0;0;0
28/11/2018;02:15;0;0;0
28/11/2018;02:30;1;0;1
28/11/2018;02:45;2;2;0
28/11/2018;03:00;3;2;1
28/11/2018;03:15;4;1;3
28/11/2018;03:30;1;0;1
28/11/2018;03:45;2;0;2
28/11/2018;04:00;1;0;1
28/11/2018;04:15;2;0;2
28/11/2018;04:30;2;2;0
28/11/2018;04:45;2;0;2
28/11/2018;05:00;0;0;0
28/11/2018;05:15;9;6;3
28/11/2018;05:30;13;7;6
28/11/2018;05:45;10;4;6
28/11/2018;06:00;14;4;10
28/11/2018;06:15;16;4;12
28/11/2018;06:30;30;15;15
28/11/2018;06:45;36;15;21
28/11/2018;07:00;44;22;22
28/11/2018;07:15;75;39;36
28/11/2018;07:30;103;63;40
28/11/2018;07:45;137;76;61
28/11/2018;08:00;95;49;46
28/11/2018;08:15;124;64;60
28/11/2018;08:30;88;43;45
28/11/2018;08:45;103;51;52
28/11/2018;09:00;62;32;30
28/11/2018;09:15;79;43;36
28/11/2018;09:30;59;28;31
28/11/2018;09:45;59;31;28
28/11/2018;10:00;49;18;31
28/11/2018;10:15;45;22;23
28/11/2018;10:30;37;16;21
28/11/2018;10:45;26;8;18
28/11/2018;11:00;43;14;29
28/11/2018;11:15;46;13;33
28/11/2018;11:30;44;14;30
28/11/2018;11:45;65;20;45
28/11/2018;12:00;46;16;30
28/11/2018;12:15;76;23;53
28/11/2018;12:30;67;34;33
28/11/2018;12:45;44;14;30
28/11/2018;13:00;55;17;38
28/11/2018;13:15;74;13;61
28/11/2018;13:30;63;16;47
28/11/2018;13:45;66;20;46
28/11/2018;14:00;79;21;58
28/11/2018;14:15;66;21;45
28/11/2018;14:30;59;8;51
28/11/2018;14:45;83;14;69
28/11/2018;15:00;88;17;71
28/11/2018;15:15;77;19;58
28/11/2018;15:30;67;14;53
28/11/2018;15:45;94;14;80
28/11/2018;16:00;144;32;112
28/11/2018;16:15;106;10;96
28/11/2018;16:30;91;18;73
28/11/2018;16:45;116;17;99
28/11/2018;17:00;111;23;88
28/11/2018;17:15;119;16;103
28/11/2018;17:30;85;16;69
28/11/2018;17:45;114;22;92
28/11/2018;18:00;128;20;108
28/11/2018;18:15;94;14;80
28/11/2018;18:30;79;16;63
28/11/2018;18:45;86;10;76
28/11/2018;19:00;68;9;59
28/11/2018;19:15;84;22;62
28/11/2018;19:30;56;14;42
28/11/2018;19:45;80;13;67
28/11/2018;20:00;65;8;57
28/11/2018;20:15;52;4;48
28/11/2018;20:30;44;13;31
28/11/2018;20:45;37;7;30
28/11/2018;21:00;41;12;29
28/11/2018;21:15;32;6;26
28/11/2018;21:30;33;9;24
28/11/2018;21:45;25;5;20
28/11/2018;22:00;40;6;34
28/11/2018;22:15;31;4;27
28/11/2018;22:30;19;5;14
28/11/2018;22:45;23;2;21
28/11/2018;23:00;14;3;11
28/11/2018;23:15;15;2;13
28/11/2018;23:30;14;2;12
28/11/2018;23:45;11;1;10
29/11/2018;00:00;11;2;9
29/11/2018;00:15;4;0;4
29/11/2018;00:30;7;0;7
29/11/2018;00:45;4;0;4
29/11/2018;01:00;4;2;2
29/11/2018;01:15;1;1;0
29/11/2018;01:30;3;0;3
29/11/2018;01:45;0;0;0
29/11/2018;02:00;3;2;1
29/11/2018;02:15;0;0;0
29/11/2018;02:30;1;0;1
29/11/2018;02:45;3;2;1
29/11/2018;03:00;0;0;0
29/11/2018;03:15;0;0;0
29/11/2018;03:30;2;1;1
29/11/2018;03:45;0;0;0
29/11/2018;04:00;0;0;0
29/11/2018;04:15;2;1;1
29/11/2018;04:30;2;1;1
29/11/2018;04:45;3;2;1
29/11/2018;05:00;2;1;1
29/11/2018;05:15;8;4;4
29/11/2018;05:30;6;3;3
29/11/2018;05:45;12;6;6
29/11/2018;06:00;17;3;14
29/11/2018;06:15;18;10;8
29/11/2018;06:30;23;9;14
29/11/2018;06:45;48;21;27
29/11/2018;07:00;32;15;17
29/11/2018;07:15;56;27;29
29/11/2018;07:30;103;57;46
29/11/2018;07:45;138;82;56
29/11/2018;08:00;118;59;59
29/11/2018;08:15;105;49;56
29/11/2018;08:30;81;40;41
29/11/2018;08:45;91;54;37
29/11/2018;09:00;63;37;26
29/11/2018;09:15;50;24;26
29/11/2018;09:30;54;20;34
29/11/2018;09:45;57;34;23
29/11/2018;10:00;52;36;16
29/11/2018;10:15;33;21;12
29/11/2018;10:30;38;14;24
29/11/2018;10:45;43;19;24
29/11/2018;11:00;35;11;24
29/11/2018;11:15;38;18;20
29/11/2018;11:30;42;17;25
29/11/2018;11:45;45;17;28
29/11/2018;12:00;48;14;34
29/11/2018;12:15;39;11;28
29/11/2018;12:30;42;7;35
29/11/2018;12:45;44;12;32
29/11/2018;13:00;59;20;39
29/11/2018;13:15;62;14;48
29/11/2018;13:30;74;18;56
29/11/2018;13:45;48;12;36
29/11/2018;14:00;54;12;42
29/11/2018;14:15;43;11;32
29/11/2018;14:30;46;12;34
29/11/2018;14:45;70;12;58
29/11/2018;15:00;64;13;51
29/11/2018;15:15;70;14;56
29/11/2018;15:30;66;12;54
29/11/2018;15:45;64;11;53
29/11/2018;16:00;104;22;82
29/11/2018;16:15;117;14;103
29/11/2018;16:30;105;18;87
29/11/2018;16:45;120;23;97
29/11/2018;17:00;104;21;83
29/11/2018;17:15;91;17;74
29/11/2018;17:30;120;18;102
29/11/2018;17:45;146;23;123
29/11/2018;18:00;95;18;77
29/11/2018;18:15;104;18;86
29/11/2018;18:30;100;19;81
29/11/2018;18:45;68;14;54
29/11/2018;19:00;90;7;83
29/11/2018;19:15;82;17;65
29/11/2018;19:30;68;18;50
29/11/2018;19:45;48;4;44
29/11/2018;20:00;52;6;46
29/11/2018;20:15;50;8;42
29/11/2018;20:30;50;5;45
29/11/2018;20:45;40;11;29
29/11/2018;21:00;42;8;34
29/11/2018;21:15;37;9;28
29/11/2018;21:30;32;7;25
29/11/2018;21:45;43;9;34
29/11/2018;22:00;44;1;43
29/11/2018;22:15;28;6;22
29/11/2018;22:30;28;3;25
29/11/2018;22:45;25;2;23
29/11/2018;23:00;28;3;25
29/11/2018;23:15;15;3;12
29/11/2018;23:30;14;3;11
29/11/2018;23:45;17;1;16
30/11/2018;00:00;18;4;14
30/11/2018;00:15;12;4;8
30/11/2018;00:30;9;1;8
30/11/2018;00:45;5;1;4
30/11/2018;01:00;7;3;4
30/11/2018;01:15;4;1;3
30/11/2018;01:30;7;3;4
30/11/2018;01:45;4;2;2
30/11/2018;02:00;6;4;2
30/11/2018;02:15;7;4;3
30/11/2018;02:30;1;0;1
30/11/2018;02:45;7;5;2
30/11/2018;03:00;8;7;1
30/11/2018;03:15;1;0;1
30/11/2018;03:30;0;0;0
30/11/2018;03:45;6;4;2
30/11/2018;04:00;7;5;2
30/11/2018;04:15;6;6;0
30/11/2018;04:30;3;1;2
30/11/2018;04:45;6;3;3
30/11/2018;05:00;1;1;0
30/11/2018;05:15;5;2;3
30/11/2018;05:30;8;5;3
30/11/2018;05:45;9;3;6
30/11/2018;06:00;13;5;8
30/11/2018;06:15;15;10;5
30/11/2018;06:30;22;9;13
30/11/2018;06:45;29;13;16
30/11/2018;07:00;51;23;28
30/11/2018;07:15;53;26;27
30/11/2018;07:30;100;61;39
30/11/2018;07:45;106;75;31
30/11/2018;08:00;71;37;34
30/11/2018;08:15;90;50;40
30/11/2018;08:30;60;30;30
30/11/2018;08:45;77;45;32
30/11/2018;09:00;70;39;31
30/11/2018;09:15;53;30;23
30/11/2018;09:30;52;23;29
30/11/2018;09:45;64;37;27
30/11/2018;10:00;33;20;13
30/11/2018;10:15;48;22;26
30/11/2018;10:30;59;23;36
30/11/2018;10:45;27;3;24
30/11/2018;11:00;52;16;36
30/11/2018;11:15;57;18;39
30/11/2018;11:30;57;14;43
30/11/2018;11:45;46;11;35
30/11/2018;12:00;76;22;54
30/11/2018;12:15;81;22;59
30/11/2018;12:30;56;15;41
30/11/2018;12:45;72;16;56
30/11/2018;13:00;98;17;81
30/11/2018;13:15;86;10;76
30/11/2018;13:30;110;21;89
30/11/2018;13:45;80;19;61
30/11/2018;14:00;73;14;59
30/11/2018;14:15;103;19;84
30/11/2018;14:30;95;23;72
30/11/2018;14:45;96;22;74
30/11/2018;15:00;98;22;76
30/11/2018;15:15;84;20;64
30/11/2018;15:30;83;17;66
30/11/2018;15:45;96;21;75
30/11/2018;16:00;104;15;89
30/11/2018;16:15;102;18;84
30/11/2018;16:30;90;27;63
30/11/2018;16:45;103;24;79
30/11/2018;17:00;100;19;81
30/11/2018;17:15;104;25;79
30/11/2018;17:30;93;18;75
30/11/2018;17:45;96;22;74
30/11/2018;18:00;84;17;67
30/11/2018;18:15;83;18;65
30/11/2018;18:30;75;16;59
30/11/2018;18:45;87;28;59
30/11/2018;19:00;59;14;45
30/11/2018;19:15;72;16;56
30/11/2018;19:30;64;16;48
30/11/2018;19:45;68;19;49
30/11/2018;20:00;51;13;38
30/11/2018;20:15;55;13;42
30/11/2018;20:30;42;7;35
30/11/2018;20:45;34;9;25
30/11/2018;21:00;36;10;26
30/11/2018;21:15;24;2;22
30/11/2018;21:30;37;3;34
30/11/2018;21:45;22;9;13
30/11/2018;22:00;39;3;36
30/11/2018;22:15;26;4;22
30/11/2018;22:30;48;2;46
30/11/2018;22:45;34;4;30
30/11/2018;23:00;33;1;32
30/11/2018;23:15;21;2;19
30/11/2018;23:30;26;2;24
30/11/2018;23:45;17;2;15
01/12/2018;00:00;16;1;15
01/12/2018;00:15;16;2;14
01/12/2018;00:30;15;4;11
01/12/2018;00:45;6;2;4
01/12/2018;01:00;10;1;9
01/12/2018;01:15;9;1;8
01/12/2018;01:30;6;1;5
01/12/2018;01:45;5;0;5
01/12/2018;02:00;7;4;3
01/12/2018;02:15;6;1;5
01/12/2018;02:30;6;0;6
01/12/2018;02:45;8;2;6
01/12/2018;03:00;10;0;10
01/12/2018;03:15;5;2;3
01/12/2018;03:30;2;0;2
01/12/2018;03:45;3;1;2
01/12/2018;04:00;10;3;7
01/12/2018;04:15;4;1;3
01/12/2018;04:30;3;0;3
01/12/2018;04:45;3;0;3
01/12/2018;05:00;0;0;0
01/12/2018;05:15;4;2;2
01/12/2018;05:30;2;1;1
01/12/2018;05:45;1;0;1
01/12/2018;06:00;2;0;2
01/12/2018;06:15;4;2;2
01/12/2018;06:30;5;1;4
01/12/2018;06:45;8;3;5
01/12/2018;07:00;6;2;4
01/12/2018;07:15;5;2;3
01/12/2018;07:30;12;4;8
01/12/2018;07:45;7;3;4
01/12/2018;08:00;10;1;9
01/12/2018;08:15;21;8;13
01/12/2018;08:30;13;5;8
01/12/2018;08:45;16;6;10
01/12/2018;09:00;23;10;13
01/12/2018;09:15;36;21;15
01/12/2018;09:30;26;13;13
01/12/2018;09:45;43;20;23
01/12/2018;10:00;33;23;10
01/12/2018;10:15;52;24;28
01/12/2018;10:30;53;20;33
01/12/2018;10:45;59;30;29
01/12/2018;11:00;37;16;21
01/12/2018;11:15;43;18;25
01/12/2018;11:30;52;13;39
01/12/2018;11:45;50;22;28
01/12/2018;12:00;43;21;22
01/12/2018;12:15;64;30;34
01/12/2018;12:30;69;19;50
01/12/2018;12:45;57;23;34
01/12/2018;13:00;68;15;53
01/12/2018;13:15;59;20;39
01/12/2018;13:30;77;21;56
01/12/2018;13:45;71;25;46
01/12/2018;14:00;51;14;37
01/12/2018;14:15;72;17;55
01/12/2018;14:30;55;11;44
01/12/2018;14:45;71;22;49
01/12/2018;15:00;80;16;64
01/12/2018;15:15;70;19;51
01/12/2018;15:30;69;22;47
01/12/2018;15:45;50;15;35
01/12/2018;16:00;42;9;33
01/12/2018;16:15;73;15;58
01/12/2018;16:30;42;6;36
01/12/2018;16:45;45;13;32
01/12/2018;17:00;54;9;45
01/12/2018;17:15;37;12;25
01/12/2018;17:30;32;5;27
01/12/2018;17:45;30;7;23
01/12/2018;18:00;43;6;37
01/12/2018;18:15;31;6;25
01/12/2018;18:30;40;8;32
01/12/2018;18:45;35;10;25
01/12/2018;19:00;29;8;21
01/12/2018;19:15;40;11;29
01/12/2018;19:30;31;6;25
01/12/2018;19:45;36;13;23
01/12/2018;20:00;22;8;14
01/12/2018;20:15;36;6;30
01/12/2018;20:30;37;9;28
01/12/2018;20:45;29;4;25
01/12/2018;21:00;37;6;31
01/12/2018;21:15;14;1;13
01/12/2018;21:30;10;2;8
01/12/2018;21:45;17;8;9
01/12/2018;22:00;17;6;11
01/12/2018;22:15;30;10;20
01/12/2018;22:30;15;0;15
01/12/2018;22:45;12;3;9
01/12/2018;23:00;12;0;12
01/12/2018;23:15;13;2;11
01/12/2018;23:30;25;4;21
01/12/2018;23:45;14;5;9
02/12/2018;00:00;11;2;9
02/12/2018;00:15;15;2;13
02/12/2018;00:30;9;2;7
02/12/2018;00:45;9;2;7
02/12/2018;01:00;12;5;7
02/12/2018;01:15;13;4;9
02/12/2018;01:30;12;3;9
02/12/2018;01:45;12;2;10
02/12/2018;02:00;6;2;4
02/12/2018;02:15;7;2;5
02/12/2018;02:30;7;2;5
02/12/2018;02:45;6;1;5
02/12/2018;03:00;6;0;6
02/12/2018;03:15;1;0;1
02/12/2018;03:30;2;1;1
02/12/2018;03:45;5;0;5
02/12/2018;04:00;2;1;1
02/12/2018;04:15;1;0;1
02/12/2018;04:30;3;0;3
02/12/2018;04:45;1;0;1
02/12/2018;05:00;2;0;2
02/12/2018;05:15;3;2;1
02/12/2018;05:30;3;2;1
02/12/2018;05:45;3;2;1
02/12/2018;06:00;3;1;2
02/12/2018;06:15;0;0;0
02/12/2018;06:30;4;1;3
02/12/2018;06:45;2;0;2
02/12/2018;07:00;1;0;1
02/12/2018;07:15;1;0;1
02/12/2018;07:30;2;0;2
02/12/2018;07:45;3;1;2
02/12/2018;08:00;3;1;2
02/12/2018;08:15;6;3;3
02/12/2018;08:30;0;0;0
02/12/2018;08:45;7;2;5
02/12/2018;09:00;6;4;2
02/12/2018;09:15;5;4;1
02/12/2018;09:30;11;4;7
02/12/2018;09:45;13;3;10
02/12/2018;10:00;9;6;3
02/12/2018;10:15;19;11;8
02/12/2018;10:30;20;9;11
02/12/2018;10:45;20;8;12
02/12/2018;11:00;13;3;10
02/12/2018;11:15;16;3;13
02/12/2018;11:30;19;3;16
02/12/2018;11:45;24;8;16
02/12/2018;12:00;21;10;11
02/12/2018;12:15;28;6;22
02/12/2018;12:30;16;3;13
02/12/2018;12:45;24;6;18
02/12/2018;13:00;17;2;15
02/12/2018;13:15;24;6;18
02/12/2018;13:30;29;9;20
02/12/2018;13:45;29;9;20
02/12/2018;14:00;29;7;22
02/12/2018;14:15;32;8;24
02/12/2018;14:30;25;9;16
02/12/2018;14:45;39;13;26
02/12/2018;15:00;36;8;28
02/12/2018;15:15;48;22;26
02/12/2018;15:30;34;15;19
02/12/2018;15:45;38;13;25
02/12/2018;16:00;48;10;38
02/12/2018;16:15;30;13;17
02/12/2018;16:30;26;8;18
02/12/2018;16:45;38;13;25
02/12/2018;17:00;40;7;33
02/12/2018;17:15;35;9;26
02/12/2018;17:30;30;10;20
02/12/2018;17:45;23;4;19
02/12/2018;18:00;28;6;22
02/12/2018;18:15;24;7;17
02/12/2018;18:30;26;3;23
02/12/2018;18:45;30;10;20
02/12/2018;19:00;40;8;32
02/12/2018;19:15;24;9;15
02/12/2018;19:30;31;8;23
02/12/2018;19:45;20;6;14
02/12/2018;20:00;33;10;23
02/12/2018;20:15;16;3;13
02/12/2018;20:30;21;3;18
02/12/2018;20:45;15;3;12
02/12/2018;21:00;18;3;15
02/12/2018;21:15;13;1;12
02/12/2018;21:30;15;4;11
02/12/2018;21:45;18;1;17
02/12/2018;22:00;16;3;13
02/12/2018;22:15;12;1;11
02/12/2018;22:30;10;2;8
02/12/2018;22:45;6;0;6
02/12/2018;23:00;7;1;6
02/12/2018;23:15;11;0;11
02/12/2018;23:30;4;0;4
02/12/2018;23:45;6;1;5
03/12/2018;00:00;2;0;2
03/12/2018;00:15;1;0;1
03/12/2018;00:30;1;0;1
03/12/2018;00:45;2;2;0
03/12/2018;01:00;2;0;2
03/12/2018;01:15;1;0;1
03/12/2018;01:30;0;0;0
03/12/2018;01:45;1;0;1
03/12/2018;02:00;1;1;0
03/12/2018;02:15;0;0;0
03/12/2018;02:30;2;0;2
03/12/2018;02:45;1;0;1
03/12/2018;03:00;2;1;1
03/12/2018;03:15;0;0;0
03/12/2018;03:30;3;0;3
03/12/2018;03:45;1;0;1
03/12/2018;04:00;2;1;1
03/12/2018;04:15;2;2;0
03/12/2018;04:30;3;2;1
03/12/2018;04:45;3;0;3
03/12/2018;05:00;2;2;0
03/12/2018;05:15;3;1;2
03/12/2018;05:30;12;5;7
03/12/2018;05:45;10;5;5
03/12/2018;06:00;12;4;8
03/12/2018;06:15;21;9;12
03/12/2018;06:30;30;10;20
03/12/2018;06:45;42;25;17
03/12/2018;07:00;31;18;13
03/12/2018;07:15;51;24;27
03/12/2018;07:30;121;73;48
03/12/2018;07:45;108;71;37
03/12/2018;08:00;102;54;48
03/12/2018;08:15;94;46;48
03/12/2018;08:30;63;34;29
03/12/2018;08:45;86;51;35
03/12/2018;09:00;69;38;31
03/12/2018;09:15;59;34;25
03/12/2018;09:30;43;27;16
03/12/2018;09:45;46;22;24
03/12/2018;10:00;38;12;26
03/12/2018;10:15;33;15;18
03/12/2018;10:30;14;7;7
03/12/2018;10:45;33;18;15
03/12/2018;11:00;29;8;21
03/12/2018;11:15;28;9;19
03/12/2018;11:30;26;10;16
03/12/2018;11:45;36;15;21
03/12/2018;12:00;39;15;24
03/12/2018;12:15;38;11;27
03/12/2018;12:30;41;17;24
03/12/2018;12:45;49;11;38
03/12/2018;13:00;43;10;33
03/12/2018;13:15;58;10;48
03/12/2018;13:30;69;15;54
03/12/2018;13:45;60;13;47
03/12/2018;14:00;58;13;45
03/12/2018;14:15;44;9;35
03/12/2018;14:30;34;11;23
03/12/2018;14:45;41;10;31
03/12/2018;15:00;58;4;54
03/12/2018;15:15;53;11;42
03/12/2018;15:30;67;11;56
03/12/2018;15:45;77;14;63
03/12/2018;16:00;111;17;94
03/12/2018;16:15;89;18;71
03/12/2018;16:30;82;15;67
03/12/2018;16:45;91;25;66
03/12/2018;17:00;87;12;75
03/12/2018;17:15;104;21;83
03/12/2018;17:30;90;15;75
03/12/2018;17:45;108;19;89
03/12/2018;18:00;97;22;75
03/12/2018;18:15;121;22;99
03/12/2018;18:30;94;18;76
03/12/2018;18:45;92;19;73
03/12/2018;19:00;86;9;77
03/12/2018;19:15;57;4;53
03/12/2018;19:30;56;8;48
03/12/2018;19:45;64;13;51
03/12/2018;20:00;49;7;42
03/12/2018;20:15;55;9;46
03/12/2018;20:30;38;8;30
03/12/2018;20:45;42;7;35
03/12/2018;21:00;31;5;26
03/12/2018;21:15;29;4;25
03/12/2018;21:30;43;5;38
03/12/2018;21:45;46;1;45
03/12/2018;22:00;28;6;22
03/12/2018;22:15;19;4;15
03/12/2018;22:30;28;6;22
03/12/2018;22:45;5;1;4
03/12/2018;23:00;12;2;10
03/12/2018;23:15;22;4;18
03/12/2018;23:30;6;0;6
03/12/2018;23:45;15;1;14
04/12/2018;00:00;9;2;7
04/12/2018;00:15;5;0;5
04/12/2018;00:30;4;1;3
04/12/2018;00:45;1;0;1
04/12/2018;01:00;4;1;3
04/12/2018;01:15;3;0;3
04/12/2018;01:30;2;0;2
04/12/2018;01:45;3;1;2
04/12/2018;02:00;1;0;1
04/12/2018;02:15;0;0;0
04/12/2018;02:30;2;2;0
04/12/2018;02:45;1;0;1
04/12/2018;03:00;0;0;0
04/12/2018;03:15;1;0;1
04/12/2018;03:30;2;0;2
04/12/2018;03:45;3;0;3
04/12/2018;04:00;1;0;1
04/12/2018;04:15;2;1;1
04/12/2018;04:30;3;3;0
04/12/2018;04:45;5;2;3
04/12/2018;05:00;2;1;1
04/12/2018;05:15;8;4;4
04/12/2018;05:30;16;8;8
04/12/2018;05:45;7;2;5
04/12/2018;06:00;9;5;4
04/12/2018;06:15;14;7;7
04/12/2018;06:30;31;14;17
04/12/2018;06:45;36;15;21
04/12/2018;07:00;44;20;24
04/12/2018;07:15;66;32;34
04/12/2018;07:30;103;53;50
04/12/2018;07:45;144;93;51
04/12/2018;08:00;95;55;40
04/12/2018;08:15;96;51;45
04/12/2018;08:30;107;57;50
04/12/2018;08:45;91;52;39
04/12/2018;09:00;62;31;31
04/12/2018;09:15;52;31;21
04/12/2018;09:30;57;28;29
04/12/2018;09:45;63;40;23
04/12/2018;10:00;61;29;32
04/12/2018;10:15;54;24;30
04/12/2018;10:30;51;23;28
04/12/2018;10:45;53;17;36
04/12/2018;11:00;30;11;19
04/12/2018;11:15;42;16;26
04/12/2018;11:30;58;22;36
04/12/2018;11:45;58;14;44
04/12/2018;12:00;68;22;46
04/12/2018;12:15;61;17;44
04/12/2018;12:30;53;11;42
04/12/2018;12:45;55;15;40
04/12/2018;13:00;65;21;44
04/12/2018;13:15;64;14;50
04/12/2018;13:30;74;27;47
04/12/2018;13:45;78;18;60
04/12/2018;14:00;92;26;66
04/12/2018;14:15;55;7;48
04/12/2018;14:30;85;23;62
04/12/2018;14:45;84;9;75
04/12/2018;15:00;90;17;73
04/12/2018;15:15;90;16;74
04/12/2018;15:30;97;21;76
04/12/2018;15:45;108;17;91
04/12/2018;16:00;125;19;106
04/12/2018;16:15;132;31;101
04/12/2018;16:30;90;23;67
04/12/2018;16:45;125;19;106
04/12/2018;17:00;116;34;82
04/12/2018;17:15;134;27;107
04/12/2018;17:30;158;37;121
04/12/2018;17:45;141;39;102
04/12/2018;18:00;137;19;118
04/12/2018;18:15;122;20;102
04/12/2018;18:30;102;28;74
04/12/2018;18:45;85;31;54
04/12/2018;19:00;73;9;64
04/12/2018;19:15;59;10;49
04/12/2018;19:30;75;19;56
04/12/2018;19:45;79;18;61
04/12/2018;20:00;69;18;51
04/12/2018;20:15;68;9;59
04/12/2018;20:30;45;5;40
04/12/2018;20:45;48;5;43
04/12/2018;21:00;60;10;50
04/12/2018;21:15;36;4;32
04/12/2018;21:30;29;6;23
04/12/2018;21:45;43;4;39
04/12/2018;22:00;41;8;33
04/12/2018;22:15;50;9;41
04/12/2018;22:30;38;9;29
04/12/2018;22:45;30;2;28
04/12/2018;23:00;21;4;17
04/12/2018;23:15;15;2;13
04/12/2018;23:30;23;4;19
04/12/2018;23:45;8;2;6
05/12/2018;00:00;10;2;8
05/12/2018;00:15;7;1;6
05/12/2018;00:30;5;1;4
05/12/2018;00:45;4;0;4
05/12/2018;01:00;5;0;5
05/12/2018;01:15;2;1;1
05/12/2018;01:30;6;0;6
05/12/2018;01:45;2;0;2
05/12/2018;02:00;3;0;3
05/12/2018;02:15;6;0;6
05/12/2018;02:30;1;0;1
05/12/2018;02:45;0;0;0
05/12/2018;03:00;1;0;1
05/12/2018;03:15;3;0;3
05/12/2018;03:30;3;0;3
05/12/2018;03:45;4;0;4
05/12/2018;04:00;0;0;0
05/12/2018;04:15;5;1;4
05/12/2018;04:30;5;3;2
05/12/2018;04:45;3;0;3
05/12/2018;05:00;3;1;2
05/12/2018;05:15;7;5;2
05/12/2018;05:30;9;5;4
05/12/2018;05:45;8;1;7
05/12/2018;06:00;16;8;8
05/12/2018;06:15;15;5;10
05/12/2018;06:30;24;9;15
05/12/2018;06:45;28;15;13
05/12/2018;07:00;51;27;24
05/12/2018;07:15;75;37;38
05/12/2018;07:30;114;68;46
05/12/2018;07:45;109;71;38
05/12/2018;08:00;87;39;48
05/12/2018;08:15;107;50;57
05/12/2018;08:30;111;53;58
05/12/2018;08:45;90;46;44
05/12/2018;09:00;50;30;20
05/12/2018;09:15;62;30;32
05/12/2018;09:30;50;19;31
05/12/2018;09:45;45;15;30
05/12/2018;10:00;40;16;24
05/12/2018;10:15;50;16;34
05/12/2018;10:30;47;17;30
05/12/2018;10:45;47;18;29
05/12/2018;11:00;28;7;21
05/12/2018;11:15;38;16;22
05/12/2018;11:30;42;14;28
05/12/2018;11:45;45;22;23
05/12/2018;12:00;63;25;38
05/12/2018;12:15;60;18;42
05/12/2018;12:30;55;16;39
05/12/2018;12:45;56;17;39
05/12/2018;13:00;59;14;45
05/12/2018;13:15;101;27;74
05/12/2018;13:30;93;23;70
05/12/2018;13:45;102;20;82
05/12/2018;14:00;62;15;47
05/12/2018;14:15;67;22;45
05/12/2018;14:30;75;12;63
05/12/2018;14:45;76;16;60
05/12/2018;15:00;61;10;51
05/12/2018;15:15;75;16;59
05/12/2018;15:30;75;8;67
05/12/2018;15:45;94;22;72
05/12/2018;16:00;100;21;79
05/12/2018;16:15;122;34;88
05/12/2018;16:30;111;28;83
05/12/2018;16:45;111;16;95
05/12/2018;17:00;112;19;93
05/12/2018;17:15;147;31;116
05/12/2018;17:30;136;43;93
05/12/2018;17:45;117;28;89
05/12/2018;18:00;112;23;89
05/12/2018;18:15;119;33;86
05/12/2018;18:30;128;30;98
05/12/2018;18:45;86;22;64
05/12/2018;19:00;80;20;60
05/12/2018;19:15;90;16;74
05/12/2018;19:30;94;22;72
05/12/2018;19:45;87;15;72
05/12/2018;20:00;66;13;53
05/12/2018;20:15;86;11;75
05/12/2018;20:30;51;12;39
05/12/2018;20:45;44;12;32
05/12/2018;21:00;60;10;50
05/12/2018;21:15;44;4;40
05/12/2018;21:30;48;4;44
05/12/2018;21:45;37;4;33
05/12/2018;22:00;53;8;45
05/12/2018;22:15;41;4;37
05/12/2018;22:30;29;6;23
05/12/2018;22:45;27;6;21
05/12/2018;23:00;20;2;18
05/12/2018;23:15;19;4;15
05/12/2018;23:30;15;1;14
05/12/2018;23:45;19;2;17
06/12/2018;00:00;10;1;9
06/12/2018;00:15;6;0;6
06/12/2018;00:30;3;0;3
06/12/2018;00:45;5;0;5
06/12/2018;01:00;3;0;3
06/12/2018;01:15;0;0;0
06/12/2018;01:30;4;0;4
06/12/2018;01:45;2;0;2
06/12/2018;02:00;2;1;1
06/12/2018;02:15;0;0;0
06/12/2018;02:30;0;0;0
06/12/2018;02:45;2;1;1
06/12/2018;03:00;0;0;0
06/12/2018;03:15;1;0;1
06/12/2018;03:30;3;1;2
06/12/2018;03:45;1;0;1
06/12/2018;04:00;1;1;0
06/12/2018;04:15;1;1;0
06/12/2018;04:30;4;2;2
06/12/2018;04:45;4;1;3
06/12/2018;05:00;2;2;0
06/12/2018;05:15;6;4;2
06/12/2018;05:30;16;10;6
06/12/2018;05:45;8;4;4
06/12/2018;06:00;14;5;9
06/12/2018;06:15;13;8;5
06/12/2018;06:30;38;17;21
06/12/2018;06:45;44;19;25
06/12/2018;07:00;38;13;25
06/12/2018;07:15;78;37;41
06/12/2018;07:30;101;58;43
06/12/2018;07:45;154;95;59
06/12/2018;08:00;93;46;47
06/12/2018;08:15;83;45;38
06/12/2018;08:30;72;42;30
06/12/2018;08:45;98;50;48
06/12/2018;09:00;72;42;30
06/12/2018;09:15;62;23;39
06/12/2018;09:30;61;29;32
06/12/2018;09:45;54;28;26
06/12/2018;10:00;59;32;27
06/12/2018;10:15;41;19;22
06/12/2018;10:30;38;13;25
06/12/2018;10:45;35;16;19
06/12/2018;11:00;48;21;27
06/12/2018;11:15;42;22;20
06/12/2018;11:30;41;15;26
06/12/2018;11:45;55;16;39
06/12/2018;12:00;48;13;35
06/12/2018;12:15;38;11;27
06/12/2018;12:30;76;30;46
06/12/2018;12:45;56;12;44
06/12/2018;13:00;54;8;46
06/12/2018;13:15;75;13;62
06/12/2018;13:30;58;9;49
06/12/2018;13:45;66;19;47
06/12/2018;14:00;84;22;62
06/12/2018;14:15;77;12;65
06/12/2018;14:30;68;14;54
06/12/2018;14:45;63;15;48
06/12/2018;15:00;79;12;67
06/12/2018;15:15;80;18;62
06/12/2018;15:30;69;17;52
06/12/2018;15:45;84;17;67
06/12/2018;16:00;110;20;90
06/12/2018;16:15;129;23;106
06/12/2018;16:30;115;25;90
06/12/2018;16:45;120;24;96
06/12/2018;17:00;125;18;107
06/12/2018;17:15;116;24;92
06/12/2018;17:30;124;33;91
06/12/2018;17:45;153;37;116
06/12/2018;18:00;133;31;102
06/12/2018;18:15;111;19;92
06/12/2018;18:30;91;18;73
06/12/2018;18:45;106;22;84
06/12/2018;19:00;78;16;62
06/12/2018;19:15;82;11;71
06/12/2018;19:30;93;20;73
06/12/2018;19:45;49;9;40
06/12/2018;20:00;63;11;52
06/12/2018;20:15;55;9;46
06/12/2018;20:30;42;9;33
06/12/2018;20:45;55;9;46
06/12/2018;21:00;57;11;46
06/12/2018;21:15;41;6;35
06/12/2018;21:30;42;4;38
06/12/2018;21:45;56;4;52
06/12/2018;22:00;46;8;38
06/12/2018;22:15;52;10;42
06/12/2018;22:30;54;21;33
06/12/2018;22:45;20;6;14
06/12/2018;23:00;31;7;24
06/12/2018;23:15;20;1;19
06/12/2018;23:30;22;1;21
06/12/2018;23:45;13;1;12
07/12/2018;00:00;9;1;8
07/12/2018;00:15;9;1;8
07/12/2018;00:30;5;2;3
07/12/2018;00:45;8;0;8
07/12/2018;01:00;6;1;5
07/12/2018;01:15;5;0;5
07/12/2018;01:30;3;0;3
07/12/2018;01:45;5;0;5
07/12/2018;02:00;4;1;3
07/12/2018;02:15;3;1;2
07/12/2018;02:30;1;0;1
07/12/2018;02:45;3;0;3
07/12/2018;03:00;1;1;0
07/12/2018;03:15;0;0;0
07/12/2018;03:30;3;0;3
07/12/2018;03:45;4;0;4
07/12/2018;04:00;2;1;1
07/12/2018;04:15;2;2;0
07/12/2018;04:30;2;0;2
07/12/2018;04:45;3;1;2
07/12/2018;05:00;0;0;0
07/12/2018;05:15;7;5;2
07/12/2018;05:30;13;7;6
07/12/2018;05:45;10;6;4
07/12/2018;06:00;14;7;7
07/12/2018;06:15;15;3;12
07/12/2018;06:30;20;10;10
07/12/2018;06:45;27;13;14
07/12/2018;07:00;28;14;14
07/12/2018;07:15;54;25;29
07/12/2018;07:30;96;65;31
07/12/2018;07:45;96;58;38
07/12/2018;08:00;66;40;26
07/12/2018;08:15;91;44;47
07/12/2018;08:30;68;31;37
07/12/2018;08:45;76;42;34
07/12/2018;09:00;56;28;28
07/12/2018;09:15;46;17;29
07/12/2018;09:30;57;26;31
07/12/2018;09:45;58;38;20
07/12/2018;10:00;43;25;18
07/12/2018;10:15;29;15;14
07/12/2018;10:30;31;17;14
07/12/2018;10:45;44;13;31
07/12/2018;11:00;44;12;32
07/12/2018;11:15;40;11;29
07/12/2018;11:30;43;13;30
07/12/2018;11:45;54;14;40
07/12/2018;12:00;66;21;45
07/12/2018;12:15;53;14;39
07/12/2018;12:30;57;14;43
07/12/2018;12:45;85;26;59
07/12/2018;13:00;71;16;55
07/12/2018;13:15;87;14;73
07/12/2018;13:30;94;17;77
07/12/2018;13:45;71;14;57
07/12/2018;14:00;76;19;57
07/12/2018;14:15;93;21;72
07/12/2018;14:30;76;11;65
07/12/2018;14:45;73;20;53
07/12/2018;15:00;64;11;53
07/12/2018;15:15;87;18;69
07/12/2018;15:30;84;21;63
07/12/2018;15:45;91;17;74
07/12/2018;16:00;91;21;70
07/12/2018;16:15;93;15;78
07/12/2018;16:30;80;18;62
07/12/2018;16:45;83;20;63
07/12/2018;17:00;80;11;69
07/12/2018;17:15;68;12;56
07/12/2018;17:30;69;23;46
07/12/2018;17:45;79;20;59
07/12/2018;18:00;76;12;64
07/12/2018;18:15;75;13;62
07/12/2018;18:30;58;12;46
07/12/2018;18:45;61;12;49
07/12/2018;19:00;47;5;42
07/12/2018;19:15;32;5;27
07/12/2018;19:30;33;4;29
07/12/2018;19:45;35;8;27
07/12/2018;20:00;27;4;23
07/12/2018;20:15;31;6;25
07/12/2018;20:30;35;4;31
07/12/2018;20:45;25;5;20
07/12/2018;21:00;27;4;23
07/12/2018;21:15;23;2;21
07/12/2018;21:30;27;6;21
07/12/2018;21:45;20;5;15
07/12/2018;22:00;23;3;20
07/12/2018;22:15;19;3;16
07/12/2018;22:30;15;3;12
07/12/2018;22:45;16;4;12
07/12/2018;23:00;21;6;15
07/12/2018;23:15;19;2;17
07/12/2018;23:30;11;0;11
07/12/2018;23:45;26;6;20
08/12/2018;00:00;19;5;14
08/12/2018;00:15;18;7;11
08/12/2018;00:30;11;2;9
08/12/2018;00:45;5;1;4
08/12/2018;01:00;5;1;4
08/12/2018;01:15;7;1;6
08/12/2018;01:30;15;0;15
08/12/2018;01:45;8;1;7
08/12/2018;02:00;8;0;8
08/12/2018;02:15;5;0;5
08/12/2018;02:30;9;0;9
08/12/2018;02:45;5;0;5
08/12/2018;03:00;3;0;3
08/12/2018;03:15;5;1;4
08/12/2018;03:30;3;1;2
08/12/2018;03:45;3;2;1
08/12/2018;04:00;9;7;2
08/12/2018;04:15;0;0;0
08/12/2018;04:30;2;0;2
08/12/2018;04:45;2;0;2
08/12/2018;05:00;3;1;2
08/12/2018;05:15;1;0;1
08/12/2018;05:30;9;3;6
08/12/2018;05:45;2;0;2
08/12/2018;06:00;2;1;1
08/12/2018;06:15;4;2;2
08/12/2018;06:30;3;2;1
08/12/2018;06:45;3;3;0
08/12/2018;07:00;1;0;1
08/12/2018;07:15;5;2;3
08/12/2018;07:30;4;1;3
08/12/2018;07:45;6;3;3
08/12/2018;08:00;8;5;3
08/12/2018;08:15;7;1;6
08/12/2018;08:30;11;5;6
08/12/2018;08:45;12;9;3
08/12/2018;09:00;13;6;7
08/12/2018;09:15;15;10;5
08/12/2018;09:30;25;15;10
08/12/2018;09:45;43;28;15
08/12/2018;10:00;22;10;12
08/12/2018;10:15;39;24;15
08/12/2018;10:30;31;16;15
08/12/2018;10:45;39;18;21
08/12/2018;11:00;34;16;18
08/12/2018;11:15;37;10;27
08/12/2018;11:30;26;14;12
08/12/2018;11:45;34;13;21
08/12/2018;12:00;41;12;29
08/12/2018;12:15;40;14;26
08/12/2018;12:30;58;13;45
08/12/2018;12:45;49;17;32
08/12/2018;13:00;51;16;35
08/12/2018;13:15;37;8;29
08/12/2018;13:30;24;8;16
08/12/2018;13:45;52;23;29
08/12/2018;14:00;56;16;40
08/12/2018;14:15;38;9;29
08/12/2018;14:30;30;12;18
08/12/2018;14:45;36;7;29
08/12/2018;15:00;52;16;36
08/12/2018;15:15;32;10;22
08/12/2018;15:30;49;12;37
08/12/2018;15:45;41;15;26
08/12/2018;16:00;45;11;34
08/12/2018;16:15;52;12;40
08/12/2018;16:30;49;13;36
08/12/2018;16:45;40;10;30
08/12/2018;17:00;42;6;36
08/12/2018;17:15;36;15;21
08/12/2018;17:30;44;11;33
08/12/2018;17:45;43;9;34
08/12/2018;18:00;46;10;36
08/12/2018;18:15;33;6;27
08/12/2018;18:30;46;13;33
08/12/2018;18:45;37;10;27
08/12/2018;19:00;33;14;19
08/12/2018;19:15;38;9;29
08/12/2018;19:30;37;7;30
08/12/2018;19:45;24;7;17
08/12/2018;20:00;23;5;18
08/12/2018;20:15;29;3;26
08/12/2018;20:30;19;7;12
08/12/2018;20:45;15;2;13
08/12/2018;21:00;22;9;13
08/12/2018;21:15;18;3;15
08/12/2018;21:30;5;0;5
08/12/2018;21:45;21;6;15
08/12/2018;22:00;10;3;7
08/12/2018;22:15;12;3;9
08/12/2018;22:30;16;1;15
08/12/2018;22:45;10;3;7
08/12/2018;23:00;7;2;5
08/12/2018;23:15;11;1;10
08/12/2018;23:30;15;0;15
08/12/2018;23:45;12;4;8
09/12/2018;00:00;9;1;8
09/12/2018;00:15;12;3;9
09/12/2018;00:30;11;1;10
09/12/2018;00:45;10;3;7
09/12/2018;01:00;5;0;5
09/12/2018;01:15;10;0;10
09/12/2018;01:30;9;0;9
09/12/2018;01:45;6;0;6
09/12/2018;02:00;6;2;4
09/12/2018;02:15;2;0;2
09/12/2018;02:30;8;2;6
09/12/2018;02:45;4;0;4
09/12/2018;03:00;5;1;4
09/12/2018;03:15;7;1;6
09/12/2018;03:30;6;1;5
09/12/2018;03:45;0;0;0
09/12/2018;04:00;3;1;2
09/12/2018;04:15;1;0;1
09/12/2018;04:30;2;0;2
09/12/2018;04:45;3;1;2
09/12/2018;05:00;2;2;0
09/12/2018;05:15;2;1;1
09/12/2018;05:30;5;3;2
09/12/2018;05:45;2;2;0
09/12/2018;06:00;6;0;6
09/12/2018;06:15;2;1;1
09/12/2018;06:30;2;1;1
09/12/2018;06:45;0;0;0
09/12/2018;07:00;1;0;1
09/12/2018;07:15;4;0;4
09/12/2018;07:30;1;0;1
09/12/2018;07:45;4;0;4
09/12/2018;08:00;5;3;2
09/12/2018;08:15;6;0;6
09/12/2018;08:30;4;2;2
09/12/2018;08:45;10;2;8
09/12/2018;09:00;8;4;4
09/12/2018;09:15;16;3;13
09/12/2018;09:30;15;6;9
09/12/2018;09:45;25;9;16
09/12/2018;10:00;17;3;14
09/12/2018;10:15;9;3;6
09/12/2018;10:30;12;4;8
09/12/2018;10:45;20;8;12
09/12/2018;11:00;9;4;5
09/12/2018;11:15;12;4;8
09/12/2018;11:30;20;6;14
09/12/2018;11:45;22;9;13
09/12/2018;12:00;16;4;12
09/12/2018;12:15;8;1;7
09/12/2018;12:30;19;4;15
09/12/2018;12:45;15;2;13
09/12/2018;13:00;11;4;7
09/12/2018;13:15;22;13;9
09/12/2018;13:30;19;5;14
09/12/2018;13:45;32;9;23
09/12/2018;14:00;26;10;16
09/12/2018;14:15;25;6;19
09/12/2018;14:30;18;5;13
09/12/2018;14:45;29;3;26
09/12/2018;15:00;19;3;16
09/12/2018;15:15;17;8;9
09/12/2018;15:30;15;3;12
09/12/2018;15:45;16;7;9
09/12/2018;16:00;24;13;11
09/12/2018;16:15;16;2;14
09/12/2018;16:30;29;8;21
09/12/2018;16:45;25;8;17
09/12/2018;17:00;25;6;19
09/12/2018;17:15;24;7;17
09/12/2018;17:30;27;11;16
09/12/2018;17:45;34;11;23
09/12/2018;18:00;26;6;20
09/12/2018;18:15;22;5;17
09/12/2018;18:30;25;6;19
09/12/2018;18:45;22;8;14
09/12/2018;19:00;23;4;19
09/12/2018;19:15;16;1;15
09/12/2018;19:30;31;9;22
09/12/2018;19:45;14;0;14
09/12/2018;20:00;3;0;3
09/12/2018;20:15;9;4;5
09/12/2018;20:30;15;2;13
09/12/2018;20:45;17;3;14
09/12/2018;21:00;17;2;15
09/12/2018;21:15;18;4;14
09/12/2018;21:30;18;5;13
09/12/2018;21:45;14;1;13
09/12/2018;22:00;12;3;9
09/12/2018;22:15;8;4;4
09/12/2018;22:30;6;2;4
09/12/2018;22:45;7;1;6
09/12/2018;23:00;7;3;4
09/12/2018;23:15;5;0;5
09/12/2018;23:30;14;7;7
09/12/2018;23:45;3;0;3
10/12/2018;00:00;3;0;3
10/12/2018;00:15;0;0;0
10/12/2018;00:30;2;0;2
10/12/2018;00:45;2;0;2
10/12/2018;01:00;1;0;1
10/12/2018;01:15;0;0;0
10/12/2018;01:30;2;1;1
10/12/2018;01:45;0;0;0
10/12/2018;02:00;2;0;2
10/12/2018;02:15;0;0;0
10/12/2018;02:30;2;0;2
10/12/2018;02:45;2;0;2
10/12/2018;03:00;1;1;0
10/12/2018;03:15;2;1;1
10/12/2018;03:30;0;0;0
10/12/2018;03:45;3;0;3
10/12/2018;04:00;2;1;1
10/12/2018;04:15;3;2;1
10/12/2018;04:30;5;2;3
10/12/2018;04:45;2;0;2
10/12/2018;05:00;3;1;2
10/12/2018;05:15;4;3;1
10/12/2018;05:30;12;8;4
10/12/2018;05:45;7;6;1
10/12/2018;06:00;7;3;4
10/12/2018;06:15;19;9;10
10/12/2018;06:30;27;9;18
10/12/2018;06:45;32;19;13
10/12/2018;07:00;35;15;20
10/12/2018;07:15;66;21;45
10/12/2018;07:30;99;61;38
10/12/2018;07:45;122;74;48
10/12/2018;08:00;95;54;41
10/12/2018;08:15;105;55;50
10/12/2018;08:30;96;44;52
10/12/2018;08:45;89;51;38
10/12/2018;09:00;55;28;27
10/12/2018;09:15;49;24;25
10/12/2018;09:30;50;30;20
10/12/2018;09:45;60;33;27
10/12/2018;10:00;41;20;21
10/12/2018;10:15;33;16;17
10/12/2018;10:30;36;20;16
10/12/2018;10:45;33;12;21
10/12/2018;11:00;35;20;15
10/12/2018;11:15;40;16;24
10/12/2018;11:30;36;10;26
10/12/2018;11:45;57;19;38
10/12/2018;12:00;44;14;30
10/12/2018;12:15;38;12;26
10/12/2018;12:30;26;6;20
10/12/2018;12:45;45;7;38
10/12/2018;13:00;45;7;38
10/12/2018;13:15;58;13;45
10/12/2018;13:30;63;16;47
10/12/2018;13:45;46;10;36
10/12/2018;14:00;46;6;40
10/12/2018;14:15;60;10;50
10/12/2018;14:30;54;9;45
10/12/2018;14:45;48;9;39
10/12/2018;15:00;49;10;39
10/12/2018;15:15;73;11;62
10/12/2018;15:30;65;13;52
10/12/2018;15:45;75;10;65
10/12/2018;16:00;106;15;91
10/12/2018;16:15;111;27;84
10/12/2018;16:30;80;17;63
10/12/2018;16:45;92;18;74
10/12/2018;17:00;104;23;81
10/12/2018;17:15;117;22;95
10/12/2018;17:30;122;21;101
10/12/2018;17:45;109;16;93
10/12/2018;18:00;108;27;81
10/12/2018;18:15;123;21;102
10/12/2018;18:30;88;14;74
10/12/2018;18:45;97;26;71
10/12/2018;19:00;61;13;48
10/12/2018;19:15;80;19;61
10/12/2018;19:30;60;5;55
10/12/2018;19:45;64;13;51
10/12/2018;20:00;62;11;51
10/12/2018;20:15;47;10;37
10/12/2018;20:30;46;11;35
10/12/2018;20:45;34;4;30
10/12/2018;21:00;37;3;34
10/12/2018;21:15;31;7;24
10/12/2018;21:30;35;5;30
10/12/2018;21:45;36;7;29
10/12/2018;22:00;24;2;22
10/12/2018;22:15;31;4;27
10/12/2018;22:30;24;1;23
10/12/2018;22:45;29;7;22
10/12/2018;23:00;13;2;11
10/12/2018;23:15;17;2;15
10/12/2018;23:30;14;2;12
10/12/2018;23:45;5;0;5
11/12/2018;00:00;6;0;6
11/12/2018;00:15;5;0;5
11/12/2018;00:30;4;0;4
11/12/2018;00:45;3;0;3
11/12/2018;01:00;2;1;1
11/12/2018;01:15;2;0;2
11/12/2018;01:30;1;0;1
11/12/2018;01:45;0;0;0
11/12/2018;02:00;4;1;3
11/12/2018;02:15;0;0;0
11/12/2018;02:30;1;1;0
11/12/2018;02:45;2;1;1
11/12/2018;03:00;0;0;0
11/12/2018;03:15;2;0;2
11/12/2018;03:30;0;0;0
11/12/2018;03:45;2;0;2
11/12/2018;04:00;1;0;1
11/12/2018;04:15;3;2;1
11/12/2018;04:30;5;3;2
11/12/2018;04:45;0;0;0
11/12/2018;05:00;1;0;1
11/12/2018;05:15;7;3;4
11/12/2018;05:30;11;4;7
11/12/2018;05:45;6;2;4
11/12/2018;06:00;16;6;10
11/12/2018;06:15;13;8;5
11/12/2018;06:30;33;12;21
11/12/2018;06:45;39;23;16
11/12/2018;07:00;43;24;19
11/12/2018;07:15;65;25;40
11/12/2018;07:30;105;67;38
11/12/2018;07:45;107;62;45
11/12/2018;08:00;111;61;50
11/12/2018;08:15;108;51;57
11/12/2018;08:30;95;42;53
11/12/2018;08:45;86;49;37
11/12/2018;09:00;68;37;31
11/12/2018;09:15;51;29;22
11/12/2018;09:30;48;27;21
11/12/2018;09:45;74;46;28
11/12/2018;10:00;52;32;20
11/12/2018;10:15;41;20;21
11/12/2018;10:30;36;17;19
11/12/2018;10:45;43;11;32
11/12/2018;11:00;31;12;19
11/12/2018;11:15;42;10;32
11/12/2018;11:30;33;8;25
11/12/2018;11:45;46;14;32
11/12/2018;12:00;50;19;31
11/12/2018;12:15;36;6;30
11/12/2018;12:30;50;10;40
11/12/2018;12:45;45;14;31
11/12/2018;13:00;48;7;41
11/12/2018;13:15;55;15;40
11/12/2018;13:30;88;17;71
11/12/2018;13:45;52;16;36
11/12/2018;14:00;60;15;45
11/12/2018;14:15;69;9;60
11/12/2018;14:30;64;18;46
11/12/2018;14:45;46;11;35
11/12/2018;15:00;58;12;46
11/12/2018;15:15;60;15;45
11/12/2018;15:30;80;19;61
11/12/2018;15:45;88;20;68
11/12/2018;16:00;118;14;104
11/12/2018;16:15;102;23;79
11/12/2018;16:30;109;24;85
11/12/2018;16:45;110;26;84
11/12/2018;17:00;124;23;101
11/12/2018;17:15;116;26;90
11/12/2018;17:30;132;27;105
11/12/2018;17:45;138;33;105
11/12/2018;18:00;111;26;85
11/12/2018;18:15;108;29;79
11/12/2018;18:30;100;19;81
11/12/2018;18:45;119;35;84
11/12/2018;19:00;69;14;55
11/12/2018;19:15;80;18;62
11/12/2018;19:30;84;22;62
11/12/2018;19:45;65;23;42
11/12/2018;20:00;74;11;63
11/12/2018;20:15;57;10;47
11/12/2018;20:30;48;7;41
11/12/2018;20:45;40;8;32
11/12/2018;21:00;58;6;52
11/12/2018;21:15;87;21;66
11/12/2018;21:30;40;10;30
11/12/2018;21:45;47;9;38
11/12/2018;22:00;51;3;48
11/12/2018;22:15;33;9;24
11/12/2018;22:30;29;5;24
11/12/2018;22:45;35;4;31
11/12/2018;23:00;26;5;21
11/12/2018;23:15;16;2;14
11/12/2018;23:30;12;3;9
11/12/2018;23:45;20;1;19
12/12/2018;00:00;7;0;7
12/12/2018;00:15;10;1;9
12/12/2018;00:30;11;0;11
12/12/2018;00:45;4;0;4
12/12/2018;01:00;2;0;2
12/12/2018;01:15;3;2;1
12/12/2018;01:30;4;1;3
12/12/2018;01:45;5;0;5
12/12/2018;02:00;4;1;3
12/12/2018;02:15;1;0;1
12/12/2018;02:30;2;0;2
12/12/2018;02:45;0;0;0
12/12/2018;03:00;2;1;1
12/12/2018;03:15;1;0;1
12/12/2018;03:30;0;0;0
12/12/2018;03:45;2;0;2
12/12/2018;04:00;0;0;0
12/12/2018;04:15;2;1;1
12/12/2018;04:30;4;2;2
12/12/2018;04:45;1;0;1
12/12/2018;05:00;2;0;2
12/12/2018;05:15;9;4;5
12/12/2018;05:30;10;4;6
12/12/2018;05:45;12;6;6
12/12/2018;06:00;10;6;4
12/12/2018;06:15;10;5;5
12/12/2018;06:30;29;12;17
12/12/2018;06:45;32;14;18
12/12/2018;07:00;37;21;16
12/12/2018;07:15;66;32;34
12/12/2018;07:30;125;65;60
12/12/2018;07:45;121;71;50
12/12/2018;08:00;97;52;45
12/12/2018;08:15;113;61;52
12/12/2018;08:30;95;43;52
12/12/2018;08:45;90;46;44
12/12/2018;09:00;59;28;31
12/12/2018;09:15;65;30;35
12/12/2018;09:30;51;25;26
12/12/2018;09:45;49;24;25
12/12/2018;10:00;43;25;18
12/12/2018;10:15;48;20;28
12/12/2018;10:30;37;16;21
12/12/2018;10:45;42;18;24
12/12/2018;11:00;35;10;25
12/12/2018;11:15;31;13;18
12/12/2018;11:30;43;17;26
12/12/2018;11:45;55;17;38
12/12/2018;12:00;52;17;35
12/12/2018;12:15;51;11;40
12/12/2018;12:30;53;14;39
12/12/2018;12:45;59;11;48
12/12/2018;13:00;54;18;36
12/12/2018;13:15;64;9;55
12/12/2018;13:30;73;20;53
12/12/2018;13:45;57;14;43
12/12/2018;14:00;63;18;45
12/12/2018;14:15;60;11;49
12/12/2018;14:30;56;15;41
12/12/2018;14:45;76;15;61
12/12/2018;15:00;60;14;46
12/12/2018;15:15;86;12;74
12/12/2018;15:30;74;14;60
12/12/2018;15:45;95;20;75
12/12/2018;16:00;149;29;120
12/12/2018;16:15;111;27;84
12/12/2018;16:30;120;29;91
12/12/2018;16:45;107;31;76
12/12/2018;17:00;119;18;101
12/12/2018;17:15;119;22;97
12/12/2018;17:30;114;28;86
12/12/2018;17:45;113;25;88
12/12/2018;18:00;117;28;89
12/12/2018;18:15;120;25;95
12/12/2018;18:30;103;20;83
12/12/2018;18:45;103;26;77
12/12/2018;19:00;90;24;66
12/12/2018;19:15;101;21;80
12/12/2018;19:30;69;12;57
12/12/2018;19:45;68;13;55
12/12/2018;20:00;61;8;53
12/12/2018;20:15;72;10;62
12/12/2018;20:30;58;6;52
12/12/2018;20:45;37;6;31
12/12/2018;21:00;50;12;38
12/12/2018;21:15;42;4;38
12/12/2018;21:30;51;4;47
12/12/2018;21:45;41;7;34
12/12/2018;22:00;47;7;40
12/12/2018;22:15;44;8;36
12/12/2018;22:30;33;2;31
12/12/2018;22:45;33;3;30
12/12/2018;23:00;19;3;16
12/12/2018;23:15;28;4;24
12/12/2018;23:30;11;0;11
12/12/2018;23:45;14;3;11
13/12/2018;00:00;13;0;13
13/12/2018;00:15;3;0;3
13/12/2018;00:30;12;1;11
13/12/2018;00:45;11;3;8
13/12/2018;01:00;2;0;2
13/12/2018;01:15;6;1;5
13/12/2018;01:30;6;1;5
13/12/2018;01:45;0;0;0
13/12/2018;02:00;1;0;1
13/12/2018;02:15;0;0;0
13/12/2018;02:30;2;0;2
13/12/2018;02:45;0;0;0
13/12/2018;03:00;2;1;1
13/12/2018;03:15;1;1;0
13/12/2018;03:30;0;0;0
13/12/2018;03:45;1;0;1
13/12/2018;04:00;1;0;1
13/12/2018;04:15;5;1;4
13/12/2018;04:30;2;1;1
13/12/2018;04:45;3;0;3
13/12/2018;05:00;3;0;3
13/12/2018;05:15;7;4;3
13/12/2018;05:30;5;1;4
13/12/2018;05:45;20;10;10
13/12/2018;06:00;11;3;8
13/12/2018;06:15;12;8;4
13/12/2018;06:30;34;14;20
13/12/2018;06:45;27;12;15
13/12/2018;07:00;44;19;25
13/12/2018;07:15;59;29;30
13/12/2018;07:30;90;50;40
13/12/2018;07:45;114;63;51
13/12/2018;08:00;90;53;37
13/12/2018;08:15;103;51;52
13/12/2018;08:30;69;40;29
13/12/2018;08:45;98;41;57
13/12/2018;09:00;65;37;28
13/12/2018;09:15;66;27;39
13/12/2018;09:30;61;29;32
13/12/2018;09:45;54;30;24
13/12/2018;10:00;50;33;17
13/12/2018;10:15;47;22;25
13/12/2018;10:30;48;19;29
13/12/2018;10:45;48;21;27
13/12/2018;11:00;43;11;32
13/12/2018;11:15;48;13;35
13/12/2018;11:30;37;15;22
13/12/2018;11:45;43;17;26
13/12/2018;12:00;59;23;36
13/12/2018;12:15;48;14;34
13/12/2018;12:30;53;16;37
13/12/2018;12:45;56;14;42
13/12/2018;13:00;41;10;31
13/12/2018;13:15;71;13;58
13/12/2018;13:30;77;20;57
13/12/2018;13:45;73;13;60
13/12/2018;14:00;63;17;46
13/12/2018;14:15;69;19;50
13/12/2018;14:30;69;15;54
13/12/2018;14:45;77;10;67
13/12/2018;15:00;85;18;67
13/12/2018;15:15;71;16;55
13/12/2018;15:30;66;13;53
13/12/2018;15:45;91;21;70
13/12/2018;16:00;121;36;85
13/12/2018;16:15;103;16;87
13/12/2018;16:30;101;15;86
13/12/2018;16:45;121;35;86
13/12/2018;17:00;116;22;94
13/12/2018;17:15;125;32;93
13/12/2018;17:30;123;21;102
13/12/2018;17:45;125;23;102
13/12/2018;18:00;117;28;89
13/12/2018;18:15;119;29;90
13/12/2018;18:30;96;19;77
13/12/2018;18:45;97;23;74
13/12/2018;19:00;68;11;57
13/12/2018;19:15;86;18;68
13/12/2018;19:30;73;22;51
13/12/2018;19:45;63;9;54
13/12/2018;20:00;59;8;51
13/12/2018;20:15;49;6;43
13/12/2018;20:30;38;6;32
13/12/2018;20:45;36;4;32
13/12/2018;21:00;54;7;47
13/12/2018;21:15;44;5;39
13/12/2018;21:30;47;4;43
13/12/2018;21:45;30;2;28
13/12/2018;22:00;29;4;25
13/12/2018;22:15;33;7;26
13/12/2018;22:30;28;6;22
13/12/2018;22:45;28;6;22
13/12/2018;23:00;21;1;20
13/12/2018;23:15;23;5;18
13/12/2018;23:30;33;3;30
13/12/2018;23:45;25;4;21
14/12/2018;00:00;10;0;10
14/12/2018;00:15;13;1;12
14/12/2018;00:30;6;0;6
14/12/2018;00:45;2;0;2
14/12/2018;01:00;6;1;5
14/12/2018;01:15;4;0;4
14/12/2018;01:30;2;0;2
14/12/2018;01:45;3;0;3
14/12/2018;02:00;6;0;6
14/12/2018;02:15;2;1;1
14/12/2018;02:30;0;0;0
14/12/2018;02:45;6;1;5
14/12/2018;03:00;4;1;3
14/12/2018;03:15;3;0;3
14/12/2018;03:30;1;0;1
14/12/2018;03:45;1;0;1
14/12/2018;04:00;0;0;0
14/12/2018;04:15;3;1;2
14/12/2018;04:30;3;1;2
14/12/2018;04:45;2;1;1
14/12/2018;05:00;3;0;3
14/12/2018;05:15;7;4;3
14/12/2018;05:30;7;2;5
14/12/2018;05:45;5;2;3
14/12/2018;06:00;14;3;11
14/12/2018;06:15;12;7;5
14/12/2018;06:30;27;9;18
14/12/2018;06:45;27;13;14
14/12/2018;07:00;40;22;18
14/12/2018;07:15;49;23;26
14/12/2018;07:30;80;43;37
14/12/2018;07:45;105;62;43
14/12/2018;08:00;75;43;32
14/12/2018;08:15;66;29;37
14/12/2018;08:30;70;32;38
14/12/2018;08:45;58;36;22
14/12/2018;09:00;66;33;33
14/12/2018;09:15;54;26;28
14/12/2018;09:30;50;24;26
14/12/2018;09:45;57;34;23
14/12/2018;10:00;39;28;11
14/12/2018;10:15;42;20;22
14/12/2018;10:30;40;22;18
14/12/2018;10:45;48;24;24
14/12/2018;11:00;38;9;29
14/12/2018;11:15;44;16;28
14/12/2018;11:30;59;18;41
14/12/2018;11:45;58;16;42
14/12/2018;12:00;55;20;35
14/12/2018;12:15;60;16;44
14/12/2018;12:30;52;13;39
14/12/2018;12:45;52;16;36
14/12/2018;13:00;74;25;49
14/12/2018;13:15;91;22;69
14/12/2018;13:30;78;20;58
14/12/2018;13:45;80;14;66
14/12/2018;14:00;75;22;53
14/12/2018;14:15;93;14;79
14/12/2018;14:30;84;11;73
14/12/2018;14:45;81;23;58
14/12/2018;15:00;95;16;79
14/12/2018;15:15;97;23;74
14/12/2018;15:30;87;20;67
14/12/2018;15:45;78;14;64
14/12/2018;16:00;78;14;64
14/12/2018;16:15;82;18;64
14/12/2018;16:30;112;17;95
14/12/2018;16:45;81;17;64
14/12/2018;17:00;84;18;66
14/12/2018;17:15;103;22;81
14/12/2018;17:30;77;17;60
14/12/2018;17:45;96;18;78
14/12/2018;18:00;77;16;61
14/12/2018;18:15;98;25;73
14/12/2018;18:30;82;21;61
14/12/2018;18:45;105;21;84
14/12/2018;19:00;64;23;41
14/12/2018;19:15;56;10;46
14/12/2018;19:30;60;14;46
14/12/2018;19:45;35;6;29
14/12/2018;20:00;49;10;39
14/12/2018;20:15;39;6;33
14/12/2018;20:30;33;15;18
14/12/2018;20:45;45;15;30
14/12/2018;21:00;42;10;32
14/12/2018;21:15;33;5;28
14/12/2018;21:30;25;5;20
14/12/2018;21:45;35;13;22
14/12/2018;22:00;40;6;34
14/12/2018;22:15;30;2;28
14/12/2018;22:30;31;8;23
14/12/2018;22:45;23;6;17
14/12/2018;23:00;22;4;18
14/12/2018;23:15;25;8;17
14/12/2018;23:30;18;1;17
14/12/2018;23:45;27;4;23
15/12/2018;00:00;10;1;9
15/12/2018;00:15;19;2;17
15/12/2018;00:30;24;4;20
15/12/2018;00:45;13;2;11
15/12/2018;01:00;20;2;18
15/12/2018;01:15;18;3;15
15/12/2018;01:30;4;1;3
15/12/2018;01:45;8;1;7
15/12/2018;02:00;15;2;13
15/12/2018;02:15;5;0;5
15/12/2018;02:30;6;0;6
15/12/2018;02:45;3;0;3
15/12/2018;03:00;6;2;4
15/12/2018;03:15;3;1;2
15/12/2018;03:30;6;0;6
15/12/2018;03:45;5;0;5
15/12/2018;04:00;2;0;2
15/12/2018;04:15;0;0;0
15/12/2018;04:30;1;0;1
15/12/2018;04:45;3;1;2
15/12/2018;05:00;6;1;5
15/12/2018;05:15;3;2;1
15/12/2018;05:30;7;1;6
15/12/2018;05:45;4;2;2
15/12/2018;06:00;5;1;4
15/12/2018;06:15;2;1;1
15/12/2018;06:30;5;1;4
15/12/2018;06:45;4;3;1
15/12/2018;07:00;5;0;5
15/12/2018;07:15;3;1;2
15/12/2018;07:30;6;2;4
15/12/2018;07:45;7;1;6
15/12/2018;08:00;6;1;5
15/12/2018;08:15;9;1;8
15/12/2018;08:30;9;4;5
15/12/2018;08:45;8;5;3
15/12/2018;09:00;23;9;14
15/12/2018;09:15;32;24;8
15/12/2018;09:30;39;23;16
15/12/2018;09:45;36;23;13
15/12/2018;10:00;31;18;13
15/12/2018;10:15;33;22;11
15/12/2018;10:30;44;22;22
15/12/2018;10:45;36;14;22
15/12/2018;11:00;38;17;21
15/12/2018;11:15;43;15;28
15/12/2018;11:30;51;22;29
15/12/2018;11:45;53;25;28
15/12/2018;12:00;30;3;27
15/12/2018;12:15;53;17;36
15/12/2018;12:30;61;17;44
15/12/2018;12:45;69;20;49
15/12/2018;13:00;48;18;30
15/12/2018;13:15;52;10;42
15/12/2018;13:30;60;17;43
15/12/2018;13:45;56;15;41
15/12/2018;14:00;60;15;45
15/12/2018;14:15;46;14;32
15/12/2018;14:30;53;21;32
15/12/2018;14:45;45;7;38
15/12/2018;15:00;57;12;45
15/12/2018;15:15;42;13;29
15/12/2018;15:30;77;22;55
15/12/2018;15:45;45;13;32
15/12/2018;16:00;48;12;36
15/12/2018;16:15;61;14;47
15/12/2018;16:30;54;18;36
15/12/2018;16:45;43;12;31
15/12/2018;17:00;38;6;32
15/12/2018;17:15;52;11;41
15/12/2018;17:30;55;18;37
15/12/2018;17:45;40;8;32
15/12/2018;18:00;48;11;37
15/12/2018;18:15;47;14;33
15/12/2018;18:30;41;12;29
15/12/2018;18:45;55;17;38
15/12/2018;19:00;43;18;25
15/12/2018;19:15;23;4;19
15/12/2018;19:30;25;7;18
15/12/2018;19:45;35;7;28
15/12/2018;20:00;24;4;20
15/12/2018;20:15;37;6;31
15/12/2018;20:30;23;2;21
15/12/2018;20:45;21;7;14
15/12/2018;21:00;18;1;17
15/12/2018;21:15;22;2;20
15/12/2018;21:30;9;2;7
15/12/2018;21:45;13;2;11
15/12/2018;22:00;15;3;12
15/12/2018;22:15;26;3;23
15/12/2018;22:30;19;0;19
15/12/2018;22:45;7;1;6
15/12/2018;23:00;11;0;11
15/12/2018;23:15;13;8;5
15/12/2018;23:30;20;7;13
15/12/2018;23:45;19;8;11
16/12/2018;00:00;17;0;17
16/12/2018;00:15;18;3;15
16/12/2018;00:30;12;3;9
16/12/2018;00:45;13;5;8
16/12/2018;01:00;10;2;8
16/12/2018;01:15;10;4;6
16/12/2018;01:30;14;6;8
16/12/2018;01:45;7;0;7
16/12/2018;02:00;5;1;4
16/12/2018;02:15;6;0;6
16/12/2018;02:30;6;1;5
16/12/2018;02:45;7;0;7
16/12/2018;03:00;2;0;2
16/12/2018;03:15;5;1;4
16/12/2018;03:30;1;0;1
16/12/2018;03:45;1;0;1
16/12/2018;04:00;1;1;0
16/12/2018;04:15;5;1;4
16/12/2018;04:30;1;0;1
16/12/2018;04:45;3;1;2
16/12/2018;05:00;1;0;1
16/12/2018;05:15;0;0;0
16/12/2018;05:30;2;1;1
16/12/2018;05:45;1;0;1
16/12/2018;06:00;1;1;0
16/12/2018;06:15;1;1;0
16/12/2018;06:30;3;2;1
16/12/2018;06:45;0;0;0
16/12/2018;07:00;1;0;1
16/12/2018;07:15;4;0;4
16/12/2018;07:30;4;1;3
16/12/2018;07:45;2;1;1
16/12/2018;08:00;2;1;1
16/12/2018;08:15;3;1;2
16/12/2018;08:30;7;1;6
16/12/2018;08:45;8;3;5
16/12/2018;09:00;6;1;5
16/12/2018;09:15;5;2;3
16/12/2018;09:30;3;0;3
16/12/2018;09:45;14;1;13
16/12/2018;10:00;9;3;6
16/12/2018;10:15;7;1;6
16/12/2018;10:30;10;6;4
16/12/2018;10:45;12;7;5
16/12/2018;11:00;10;6;4
16/12/2018;11:15;9;2;7
16/12/2018;11:30;26;7;19
16/12/2018;11:45;14;5;9
16/12/2018;12:00;15;5;10
16/12/2018;12:15;13;2;11
16/12/2018;12:30;20;8;12
16/12/2018;12:45;15;5;10
16/12/2018;13:00;16;3;13
16/12/2018;13:15;11;4;7
16/12/2018;13:30;15;4;11
16/12/2018;13:45;29;6;23
16/12/2018;14:00;23;4;19
16/12/2018;14:15;18;1;17
16/12/2018;14:30;22;3;19
16/12/2018;14:45;31;9;22
16/12/2018;15:00;26;6;20
16/12/2018;15:15;48;9;39
16/12/2018;15:30;40;11;29
16/12/2018;15:45;22;8;14
16/12/2018;16:00;28;12;16
16/12/2018;16:15;32;10;22
16/12/2018;16:30;29;4;25
16/12/2018;16:45;18;5;13
16/12/2018;17:00;21;4;17
16/12/2018;17:15;30;9;21
16/12/2018;17:30;32;11;21
16/12/2018;17:45;34;13;21
16/12/2018;18:00;26;7;19
16/12/2018;18:15;20;7;13
16/12/2018;18:30;13;3;10
16/12/2018;18:45;31;8;23
16/12/2018;19:00;49;23;26
16/12/2018;19:15;50;6;44
16/12/2018;19:30;50;3;47
16/12/2018;19:45;19;4;15
16/12/2018;20:00;25;6;19
16/12/2018;20:15;16;3;13
16/12/2018;20:30;15;6;9
16/12/2018;20:45;20;4;16
16/12/2018;21:00;19;3;16
16/12/2018;21:15;10;2;8
16/12/2018;21:30;3;1;2
16/12/2018;21:45;10;1;9
16/12/2018;22:00;10;3;7
16/12/2018;22:15;10;1;9
16/12/2018;22:30;8;4;4
16/12/2018;22:45;25;21;4
16/12/2018;23:00;20;15;5
16/12/2018;23:15;5;2;3
16/12/2018;23:30;2;0;2
16/12/2018;23:45;15;5;10
17/12/2018;00:00;0;0;0
17/12/2018;00:15;2;1;1
17/12/2018;00:30;2;0;2
17/12/2018;00:45;0;0;0
17/12/2018;01:00;0;0;0
17/12/2018;01:15;0;0;0
17/12/2018;01:30;1;0;1
17/12/2018;01:45;1;1;0
17/12/2018;02:00;1;0;1
17/12/2018;02:15;0;0;0
17/12/2018;02:30;1;0;1
17/12/2018;02:45;0;0;0
17/12/2018;03:00;1;1;0
17/12/2018;03:15;1;0;1
17/12/2018;03:30;0;0;0
17/12/2018;03:45;2;0;2
17/12/2018;04:00;1;0;1
17/12/2018;04:15;4;0;4
17/12/2018;04:30;1;0;1
17/12/2018;04:45;0;0;0
17/12/2018;05:00;4;1;3
17/12/2018;05:15;4;2;2
17/12/2018;05:30;13;4;9
17/12/2018;05:45;8;2;6
17/12/2018;06:00;15;8;7
17/12/2018;06:15;18;7;11
17/12/2018;06:30;23;8;15
17/12/2018;06:45;25;9;16
17/12/2018;07:00;33;21;12
17/12/2018;07:15;58;30;28
17/12/2018;07:30;67;36;31
17/12/2018;07:45;97;63;34
17/12/2018;08:00;47;25;22
17/12/2018;08:15;54;32;22
17/12/2018;08:30;47;25;22
17/12/2018;08:45;38;22;16
17/12/2018;09:00;39;18;21
17/12/2018;09:15;32;19;13
17/12/2018;09:30;30;15;15
17/12/2018;09:45;39;25;14
17/12/2018;10:00;39;24;15
17/12/2018;10:15;31;16;15
17/12/2018;10:30;30;19;11
17/12/2018;10:45;24;13;11
17/12/2018;11:00;15;5;10
17/12/2018;11:15;33;14;19
17/12/2018;11:30;34;12;22
17/12/2018;11:45;45;27;18
17/12/2018;12:00;39;13;26
17/12/2018;12:15;34;10;24
17/12/2018;12:30;39;13;26
17/12/2018;12:45;45;18;27
17/12/2018;13:00;41;15;26
17/12/2018;13:15;56;16;40
17/12/2018;13:30;54;12;42
17/12/2018;13:45;53;17;36
17/12/2018;14:00;62;14;48
17/12/2018;14:15;69;10;59
17/12/2018;14:30;85;25;60
17/12/2018;14:45;53;13;40
17/12/2018;15:00;59;12;47
17/12/2018;15:15;66;15;51
17/12/2018;15:30;61;11;50
17/12/2018;15:45;82;28;54
17/12/2018;16:00;96;16;80
17/12/2018;16:15;86;19;67
17/12/2018;16:30;90;22;68
17/12/2018;16:45;93;17;76
17/12/2018;17:00;84;12;72
17/12/2018;17:15;112;20;92
17/12/2018;17:30;99;23;76
17/12/2018;17:45;101;22;79
17/12/2018;18:00;100;21;79
17/12/2018;18:15;76;14;62
17/12/2018;18:30;84;15;69
17/12/2018;18:45;70;13;57
17/12/2018;19:00;82;16;66
17/12/2018;19:15;84;17;67
17/12/2018;19:30;58;13;45
17/12/2018;19:45;59;8;51
17/12/2018;20:00;53;9;44
17/12/2018;20:15;46;3;43
17/12/2018;20:30;41;12;29
17/12/2018;20:45;48;7;41
17/12/2018;21:00;33;6;27
17/12/2018;21:15;43;9;34
17/12/2018;21:30;47;9;38
17/12/2018;21:45;26;3;23
17/12/2018;22:00;36;7;29
17/12/2018;22:15;34;8;26
17/12/2018;22:30;35;3;32
17/12/2018;22:45;31;3;28
17/12/2018;23:00;15;4;11
17/12/2018;23:15;14;4;10
17/12/2018;23:30;7;1;6
17/12/2018;23:45;10;2;8
18/12/2018;00:00;4;2;2
18/12/2018;00:15;12;1;11
18/12/2018;00:30;4;0;4
18/12/2018;00:45;5;1;4
18/12/2018;01:00;3;0;3
18/12/2018;01:15;5;1;4
18/12/2018;01:30;1;0;1
18/12/2018;01:45;1;0;1
18/12/2018;02:00;1;0;1
18/12/2018;02:15;0;0;0
18/12/2018;02:30;3;1;2
18/12/2018;02:45;1;1;0
18/12/2018;03:00;0;0;0
18/12/2018;03:15;1;0;1
18/12/2018;03:30;0;0;0
18/12/2018;03:45;3;0;3
18/12/2018;04:00;2;0;2
18/12/2018;04:15;1;0;1
18/12/2018;04:30;2;1;1
18/12/2018;04:45;2;0;2
18/12/2018;05:00;2;1;1
18/12/2018;05:15;3;2;1
18/12/2018;05:30;12;3;9
18/12/2018;05:45;11;3;8
18/12/2018;06:00;10;6;4
18/12/2018;06:15;18;7;11
18/12/2018;06:30;38;7;31
18/12/2018;06:45;39;25;14
18/12/2018;07:00;30;16;14
18/12/2018;07:15;62;28;34
18/12/2018;07:30;119;68;51
18/12/2018;07:45;119;76;43
18/12/2018;08:00;87;41;46
18/12/2018;08:15;101;59;42
18/12/2018;08:30;79;47;32
18/12/2018;08:45;87;53;34
18/12/2018;09:00;81;39;42
18/12/2018;09:15;59;33;26
18/12/2018;09:30;58;31;27
18/12/2018;09:45;71;48;23
18/12/2018;10:00;51;23;28
18/12/2018;10:15;54;22;32
18/12/2018;10:30;38;23;15
18/12/2018;10:45;51;16;35
18/12/2018;11:00;47;18;29
18/12/2018;11:15;54;17;37
18/12/2018;11:30;54;18;36
18/12/2018;11:45;61;19;42
18/12/2018;12:00;60;28;32
18/12/2018;12:15;72;16;56
18/12/2018;12:30;75;23;52
18/12/2018;12:45;55;20;35
18/12/2018;13:00;78;15;63
18/12/2018;13:15;77;23;54
18/12/2018;13:30;79;19;60
18/12/2018;13:45;74;16;58
18/12/2018;14:00;69;21;48
18/12/2018;14:15;80;12;68
18/12/2018;14:30;76;20;56
18/12/2018;14:45;71;13;58
18/12/2018;15:00;75;12;63
18/12/2018;15:15;82;22;60
18/12/2018;15:30;80;21;59
18/12/2018;15:45;99;24;75
18/12/2018;16:00;125;26;99
18/12/2018;16:15;111;25;86
18/12/2018;16:30;131;33;98
18/12/2018;16:45;115;28;87
18/12/2018;17:00;118;21;97
18/12/2018;17:15;142;29;113
18/12/2018;17:30;133;24;109
18/12/2018;17:45;130;32;98
18/12/2018;18:00;125;25;100
18/12/2018;18:15;117;16;101
18/12/2018;18:30;117;22;95
18/12/2018;18:45;122;27;95
18/12/2018;19:00;98;17;81
18/12/2018;19:15;88;21;67
18/12/2018;19:30;68;20;48
18/12/2018;19:45;71;13;58
18/12/2018;20:00;67;8;59
18/12/2018;20:15;59;5;54
18/12/2018;20:30;50;4;46
18/12/2018;20:45;39;6;33
18/12/2018;21:00;43;3;40
18/12/2018;21:15;43;8;35
18/12/2018;21:30;55;4;51
18/12/2018;21:45;55;4;51
18/12/2018;22:00;31;1;30
18/12/2018;22:15;49;6;43
18/12/2018;22:30;39;5;34
18/12/2018;22:45;15;5;10
18/12/2018;23:00;32;5;27
18/12/2018;23:15;21;0;21
18/12/2018;23:30;20;7;13
18/12/2018;23:45;18;2;16
19/12/2018;00:00;12;2;10
19/12/2018;00:15;17;1;16
19/12/2018;00:30;10;2;8
19/12/2018;00:45;1;0;1
19/12/2018;01:00;5;0;5
19/12/2018;01:15;8;3;5
19/12/2018;01:30;1;0;1
19/12/2018;01:45;3;0;3
19/12/2018;02:00;1;0;1
19/12/2018;02:15;1;0;1
19/12/2018;02:30;1;0;1
19/12/2018;02:45;1;0;1
19/12/2018;03:00;0;0;0
19/12/2018;03:15;2;1;1
19/12/2018;03:30;2;0;2
19/12/2018;03:45;5;1;4
19/12/2018;04:00;0;0;0
19/12/2018;04:15;2;0;2
19/12/2018;04:30;1;0;1
19/12/2018;04:45;3;1;2
19/12/2018;05:00;3;0;3
19/12/2018;05:15;5;2;3
19/12/2018;05:30;10;1;9
19/12/2018;05:45;10;4;6
19/12/2018;06:00;11;7;4
19/12/2018;06:15;18;10;8
19/12/2018;06:30;25;7;18
19/12/2018;06:45;33;14;19
19/12/2018;07:00;29;16;13
19/12/2018;07:15;57;34;23
19/12/2018;07:30;107;59;48
19/12/2018;07:45;127;69;58
19/12/2018;08:00;90;45;45
19/12/2018;08:15;104;63;41
19/12/2018;08:30;98;54;44
19/12/2018;08:45;75;47;28
19/12/2018;09:00;55;32;23
19/12/2018;09:15;45;24;21
19/12/2018;09:30;41;22;19
19/12/2018;09:45;48;33;15
19/12/2018;10:00;59;35;24
19/12/2018;10:15;56;27;29
19/12/2018;10:30;60;28;32
19/12/2018;10:45;34;19;15
19/12/2018;11:00;33;6;27
19/12/2018;11:15;61;28;33
19/12/2018;11:30;41;12;29
19/12/2018;11:45;58;21;37
19/12/2018;12:00;63;26;37
19/12/2018;12:15;61;15;46
19/12/2018;12:30;62;22;40
19/12/2018;12:45;67;26;41
19/12/2018;13:00;72;14;58
19/12/2018;13:15;87;22;65
19/12/2018;13:30;87;28;59
19/12/2018;13:45;84;19;65
19/12/2018;14:00;86;16;70
19/12/2018;14:15;87;15;72
19/12/2018;14:30;55;15;40
19/12/2018;14:45;78;22;56
19/12/2018;15:00;83;19;64
19/12/2018;15:15;88;17;71
19/12/2018;15:30;86;18;68
19/12/2018;15:45;109;33;76
19/12/2018;16:00;141;33;108
19/12/2018;16:15;134;37;97
19/12/2018;16:30;123;27;96
19/12/2018;16:45;123;36;87
19/12/2018;17:00;112;30;82
19/12/2018;17:15;138;26;112
19/12/2018;17:30;132;27;105
19/12/2018;17:45;139;28;111
19/12/2018;18:00;116;31;85
19/12/2018;18:15;103;25;78
19/12/2018;18:30;101;17;84
19/12/2018;18:45;114;31;83
19/12/2018;19:00;89;26;63
19/12/2018;19:15;86;22;64
19/12/2018;19:30;85;17;68
19/12/2018;19:45;69;11;58
19/12/2018;20:00;64;15;49
19/12/2018;20:15;48;9;39
19/12/2018;20:30;40;4;36
19/12/2018;20:45;54;12;42
19/12/2018;21:00;40;6;34
19/12/2018;21:15;52;9;43
19/12/2018;21:30;32;5;27
19/12/2018;21:45;45;5;40
19/12/2018;22:00;33;4;29
19/12/2018;22:15;40;3;37
19/12/2018;22:30;34;5;29
19/12/2018;22:45;50;6;44
19/12/2018;23:00;30;6;24
19/12/2018;23:15;25;1;24
19/12/2018;23:30;26;3;23
19/12/2018;23:45;20;2;18
20/12/2018;00:00;10;1;9
20/12/2018;00:15;11;1;10
20/12/2018;00:30;8;1;7
20/12/2018;00:45;12;2;10
20/12/2018;01:00;4;1;3
20/12/2018;01:15;3;0;3
20/12/2018;01:30;5;1;4
20/12/2018;01:45;7;0;7
20/12/2018;02:00;2;0;2
20/12/2018;02:15;5;0;5
20/12/2018;02:30;0;0;0
20/12/2018;02:45;3;0;3
20/12/2018;03:00;2;0;2
20/12/2018;03:15;1;0;1
20/12/2018;03:30;2;1;1
20/12/2018;03:45;3;0;3
20/12/2018;04:00;1;0;1
20/12/2018;04:15;2;0;2
20/12/2018;04:30;1;0;1
20/12/2018;04:45;3;2;1
20/12/2018;05:00;2;0;2
20/12/2018;05:15;3;1;2
20/12/2018;05:30;12;2;10
20/12/2018;05:45;8;4;4
20/12/2018;06:00;13;8;5
20/12/2018;06:15;15;5;10
20/12/2018;06:30;29;12;17
20/12/2018;06:45;22;9;13
20/12/2018;07:00;32;18;14
20/12/2018;07:15;56;28;28
20/12/2018;07:30;87;49;38
20/12/2018;07:45;123;71;52
20/12/2018;08:00;69;37;32
20/12/2018;08:15;82;39;43
20/12/2018;08:30;63;27;36
20/12/2018;08:45;85;53;32
20/12/2018;09:00;46;24;22
20/12/2018;09:15;50;20;30
20/12/2018;09:30;74;39;35
20/12/2018;09:45;48;25;23
20/12/2018;10:00;50;29;21
20/12/2018;10:15;50;28;22
20/12/2018;10:30;43;27;16
20/12/2018;10:45;61;24;37
20/12/2018;11:00;35;13;22
20/12/2018;11:15;52;21;31
20/12/2018;11:30;53;17;36
20/12/2018;11:45;94;31;63
20/12/2018;12:00;56;14;42
20/12/2018;12:15;66;18;48
20/12/2018;12:30;64;23;41
20/12/2018;12:45;78;25;53
20/12/2018;13:00;76;17;59
20/12/2018;13:15;67;18;49
20/12/2018;13:30;72;12;60
20/12/2018;13:45;73;19;54
20/12/2018;14:00;65;13;52
20/12/2018;14:15;73;20;53
20/12/2018;14:30;99;19;80
20/12/2018;14:45;64;17;47
20/12/2018;15:00;77;19;58
20/12/2018;15:15;90;25;65
20/12/2018;15:30;97;22;75
20/12/2018;15:45;109;26;83
20/12/2018;16:00;112;26;86
20/12/2018;16:15;95;18;77
20/12/2018;16:30;109;27;82
20/12/2018;16:45;88;16;72
20/12/2018;17:00;113;24;89
20/12/2018;17:15;121;34;87
20/12/2018;17:30;122;35;87
20/12/2018;17:45;109;26;83
20/12/2018;18:00;106;28;78
20/12/2018;18:15;108;19;89
20/12/2018;18:30;92;24;68
20/12/2018;18:45;93;17;76
20/12/2018;19:00;65;10;55
20/12/2018;19:15;83;23;60
20/12/2018;19:30;68;14;54
20/12/2018;19:45;68;11;57
20/12/2018;20:00;60;14;46
20/12/2018;20:15;62;12;50
20/12/2018;20:30;45;5;40
20/12/2018;20:45;47;19;28
20/12/2018;21:00;51;9;42
20/12/2018;21:15;54;9;45
20/12/2018;21:30;32;5;27
20/12/2018;21:45;50;2;48
20/12/2018;22:00;35;2;33
20/12/2018;22:15;24;1;23
20/12/2018;22:30;41;11;30
20/12/2018;22:45;29;1;28
20/12/2018;23:00;36;3;33
20/12/2018;23:15;27;3;24
20/12/2018;23:30;27;5;22
20/12/2018;23:45;20;3;17
21/12/2018;00:00;11;1;10
21/12/2018;00:15;14;1;13
21/12/2018;00:30;10;1;9
21/12/2018;00:45;6;0;6
21/12/2018;01:00;13;1;12
21/12/2018;01:15;14;0;14
21/12/2018;01:30;7;1;6
21/12/2018;01:45;5;1;4
21/12/2018;02:00;5;1;4
21/12/2018;02:15;1;0;1
21/12/2018;02:30;4;0;4
21/12/2018;02:45;8;0;8
21/12/2018;03:00;4;1;3
21/12/2018;03:15;4;1;3
21/12/2018;03:30;3;1;2
21/12/2018;03:45;5;1;4
21/12/2018;04:00;6;1;5
21/12/2018;04:15;2;0;2
21/12/2018;04:30;4;0;4
21/12/2018;04:45;2;0;2
21/12/2018;05:00;2;0;2
21/12/2018;05:15;2;0;2
21/12/2018;05:30;12;4;8
21/12/2018;05:45;5;0;5
21/12/2018;06:00;6;4;2
21/12/2018;06:15;6;2;4
21/12/2018;06:30;19;7;12
21/12/2018;06:45;28;14;14
21/12/2018;07:00;13;4;9
21/12/2018;07:15;23;12;11
21/12/2018;07:30;25;6;19
21/12/2018;07:45;40;25;15
21/12/2018;08:00;39;24;15
21/12/2018;08:15;37;19;18
21/12/2018;08:30;35;17;18
21/12/2018;08:45;53;35;18
21/12/2018;09:00;24;15;9
21/12/2018;09:15;30;16;14
21/12/2018;09:30;20;7;13
21/12/2018;09:45;28;18;10
21/12/2018;10:00;20;6;14
21/12/2018;10:15;28;13;15
21/12/2018;10:30;23;8;15
21/12/2018;10:45;27;15;12
21/12/2018;11:00;31;13;18
21/12/2018;11:15;18;8;10
21/12/2018;11:30;39;18;21
21/12/2018;11:45;37;17;20
21/12/2018;12:00;37;9;28
21/12/2018;12:15;55;23;32
21/12/2018;12:30;56;22;34
21/12/2018;12:45;56;21;35
21/12/2018;13:00;50;16;34
21/12/2018;13:15;55;28;27
21/12/2018;13:30;51;14;37
21/12/2018;13:45;49;8;41
21/12/2018;14:00;72;20;52
21/12/2018;14:15;63;13;50
21/12/2018;14:30;78;23;55
21/12/2018;14:45;69;19;50
21/12/2018;15:00;61;13;48
21/12/2018;15:15;62;20;42
21/12/2018;15:30;57;12;45
21/12/2018;15:45;90;27;63
21/12/2018;16:00;72;10;62
21/12/2018;16:15;80;17;63
21/12/2018;16:30;70;16;54
21/12/2018;16:45;76;14;62
21/12/2018;17:00;59;16;43
21/12/2018;17:15;73;17;56
21/12/2018;17:30;72;21;51
21/12/2018;17:45;64;21;43
21/12/2018;18:00;65;17;48
21/12/2018;18:15;54;10;44
21/12/2018;18:30;66;14;52
21/12/2018;18:45;55;11;44
21/12/2018;19:00;64;21;43
21/12/2018;19:15;59;11;48
21/12/2018;19:30;45;7;38
21/12/2018;19:45;41;11;30
21/12/2018;20:00;38;4;34
21/12/2018;20:15;30;6;24
21/12/2018;20:30;40;13;27
21/12/2018;20:45;44;25;19
21/12/2018;21:00;31;5;26
21/12/2018;21:15;27;8;19
21/12/2018;21:30;15;4;11
21/12/2018;21:45;20;5;15
21/12/2018;22:00;21;2;19
21/12/2018;22:15;20;2;18
21/12/2018;22:30;33;5;28
21/12/2018;22:45;33;6;27
21/12/2018;23:00;33;3;30
21/12/2018;23:15;19;1;18
21/12/2018;23:30;18;1;17
21/12/2018;23:45;14;0;14
22/12/2018;00:00;23;2;21
22/12/2018;00:15;16;2;14
22/12/2018;00:30;26;9;17
22/12/2018;00:45;16;0;16
22/12/2018;01:00;14;2;12
22/12/2018;01:15;3;2;1
22/12/2018;01:30;11;2;9
22/12/2018;01:45;10;3;7
22/12/2018;02:00;15;5;10
22/12/2018;02:15;8;1;7
22/12/2018;02:30;9;4;5
22/12/2018;02:45;8;0;8
22/12/2018;03:00;4;1;3
22/12/2018;03:15;4;1;3
22/12/2018;03:30;10;3;7
22/12/2018;03:45;5;1;4
22/12/2018;04:00;7;2;5
22/12/2018;04:15;1;0;1
22/12/2018;04:30;3;0;3
22/12/2018;04:45;3;1;2
22/12/2018;05:00;1;0;1
22/12/2018;05:15;0;0;0
22/12/2018;05:30;5;4;1
22/12/2018;05:45;3;0;3
22/12/2018;06:00;3;1;2
22/12/2018;06:15;2;1;1
22/12/2018;06:30;6;2;4
22/12/2018;06:45;2;0;2
22/12/2018;07:00;4;0;4
22/12/2018;07:15;2;1;1
22/12/2018;07:30;9;3;6
22/12/2018;07:45;3;2;1
22/12/2018;08:00;5;1;4
22/12/2018;08:15;5;1;4
22/12/2018;08:30;2;2;0
22/12/2018;08:45;7;4;3
22/12/2018;09:00;10;8;2
22/12/2018;09:15;12;7;5
22/12/2018;09:30;18;9;9
22/12/2018;09:45;23;14;9
22/12/2018;10:00;22;11;11
22/12/2018;10:15;28;21;7
22/12/2018;10:30;25;9;16
22/12/2018;10:45;34;13;21
22/12/2018;11:00;34;11;23
22/12/2018;11:15;24;9;15
22/12/2018;11:30;19;4;15
22/12/2018;11:45;29;14;15
22/12/2018;12:00;38;13;25
22/12/2018;12:15;38;13;25
22/12/2018;12:30;55;22;33
22/12/2018;12:45;56;22;34
22/12/2018;13:00;43;15;28
22/12/2018;13:15;65;25;40
22/12/2018;13:30;44;18;26
22/12/2018;13:45;55;17;38
22/12/2018;14:00;69;20;49
22/12/2018;14:15;62;17;45
22/12/2018;14:30;51;17;34
22/12/2018;14:45;48;16;32
22/12/2018;15:00;63;25;38
22/12/2018;15:15;66;22;44
22/12/2018;15:30;63;22;41
22/12/2018;15:45;54;19;35
22/12/2018;16:00;57;14;43
22/12/2018;16:15;66;15;51
22/12/2018;16:30;62;20;42
22/12/2018;16:45;68;22;46
22/12/2018;17:00;58;16;42
22/12/2018;17:15;69;19;50
22/12/2018;17:30;51;18;33
22/12/2018;17:45;61;23;38
22/12/2018;18:00;50;16;34
22/12/2018;18:15;47;10;37
22/12/2018;18:30;62;18;44
22/12/2018;18:45;43;21;22
22/12/2018;19:00;65;20;45
22/12/2018;19:15;46;16;30
22/12/2018;19:30;38;6;32
22/12/2018;19:45;43;17;26
22/12/2018;20:00;28;6;22
22/12/2018;20:15;33;6;27
22/12/2018;20:30;37;7;30
22/12/2018;20:45;16;7;9
22/12/2018;21:00;26;7;19
22/12/2018;21:15;30;8;22
22/12/2018;21:30;13;2;11
22/12/2018;21:45;16;6;10
22/12/2018;22:00;32;7;25
22/12/2018;22:15;17;3;14
22/12/2018;22:30;14;2;12
22/12/2018;22:45;10;2;8
22/12/2018;23:00;19;2;17
22/12/2018;23:15;11;2;9
22/12/2018;23:30;16;1;15
22/12/2018;23:45;14;4;10
23/12/2018;00:00;7;2;5
23/12/2018;00:15;15;6;9
23/12/2018;00:30;12;4;8
23/12/2018;00:45;8;0;8
23/12/2018;01:00;7;3;4
23/12/2018;01:15;11;4;7
23/12/2018;01:30;13;4;9
23/12/2018;01:45;7;0;7
23/12/2018;02:00;13;0;13
23/12/2018;02:15;4;2;2
23/12/2018;02:30;9;1;8
23/12/2018;02:45;9;1;8
23/12/2018;03:00;9;1;8
23/12/2018;03:15;2;0;2
23/12/2018;03:30;8;1;7
23/12/2018;03:45;1;0;1
23/12/2018;04:00;2;0;2
23/12/2018;04:15;4;1;3
23/12/2018;04:30;5;0;5
23/12/2018;04:45;2;1;1
23/12/2018;05:00;2;0;2
23/12/2018;05:15;5;1;4
23/12/2018;05:30;1;1;0
23/12/2018;05:45;5;2;3
23/12/2018;06:00;3;0;3
23/12/2018;06:15;3;1;2
23/12/2018;06:30;1;0;1
23/12/2018;06:45;2;0;2
23/12/2018;07:00;0;0;0
23/12/2018;07:15;1;0;1
23/12/2018;07:30;4;0;4
23/12/2018;07:45;3;2;1
23/12/2018;08:00;4;1;3
23/12/2018;08:15;2;1;1
23/12/2018;08:30;4;0;4
23/12/2018;08:45;12;3;9
23/12/2018;09:00;13;2;11
23/12/2018;09:15;8;4;4
23/12/2018;09:30;8;3;5
23/12/2018;09:45;10;3;7
23/12/2018;10:00;11;2;9
23/12/2018;10:15;7;3;4
23/12/2018;10:30;23;10;13
23/12/2018;10:45;21;10;11
23/12/2018;11:00;18;9;9
23/12/2018;11:15;18;7;11
23/12/2018;11:30;15;6;9
23/12/2018;11:45;26;14;12
23/12/2018;12:00;29;6;23
23/12/2018;12:15;16;6;10
23/12/2018;12:30;9;7;2
23/12/2018;12:45;16;8;8
23/12/2018;13:00;20;6;14
23/12/2018;13:15;13;1;12
23/12/2018;13:30;14;2;12
23/12/2018;13:45;16;3;13
23/12/2018;14:00;24;10;14
23/12/2018;14:15;25;4;21
23/12/2018;14:30;30;10;20
23/12/2018;14:45;11;1;10
23/12/2018;15:00;12;0;12
23/12/2018;15:15;7;2;5
23/12/2018;15:30;9;7;2
23/12/2018;15:45;11;3;8
23/12/2018;16:00;4;1;3
23/12/2018;16:15;18;3;15
23/12/2018;16:30;11;3;8
23/12/2018;16:45;16;7;9
23/12/2018;17:00;22;7;15
23/12/2018;17:15;12;7;5
23/12/2018;17:30;8;1;7
23/12/2018;17:45;9;4;5
23/12/2018;18:00;7;4;3
23/12/2018;18:15;14;9;5
23/12/2018;18:30;16;6;10
23/12/2018;18:45;20;7;13
23/12/2018;19:00;16;8;8
23/12/2018;19:15;15;6;9
23/12/2018;19:30;11;5;6
23/12/2018;19:45;15;1;14
23/12/2018;20:00;7;4;3
23/12/2018;20:15;8;2;6
23/12/2018;20:30;9;2;7
23/12/2018;20:45;9;4;5
23/12/2018;21:00;4;0;4
23/12/2018;21:15;4;0;4
23/12/2018;21:30;12;1;11
23/12/2018;21:45;4;0;4
23/12/2018;22:00;5;0;5
23/12/2018;22:15;4;1;3
23/12/2018;22:30;6;3;3
23/12/2018;22:45;4;0;4
23/12/2018;23:00;1;0;1
23/12/2018;23:15;11;2;9
23/12/2018;23:30;1;0;1
23/12/2018;23:45;7;3;4
24/12/2018;00:00;8;0;8
24/12/2018;00:15;4;0;4
24/12/2018;00:30;4;0;4
24/12/2018;00:45;4;0;4
24/12/2018;01:00;7;0;7
24/12/2018;01:15;2;1;1
24/12/2018;01:30;2;0;2
24/12/2018;01:45;3;0;3
24/12/2018;02:00;1;0;1
24/12/2018;02:15;1;0;1
24/12/2018;02:30;1;0;1
24/12/2018;02:45;1;0;1
24/12/2018;03:00;6;1;5
24/12/2018;03:15;2;0;2
24/12/2018;03:30;1;0;1
24/12/2018;03:45;1;0;1
24/12/2018;04:00;0;0;0
24/12/2018;04:15;0;0;0
24/12/2018;04:30;1;0;1
24/12/2018;04:45;1;0;1
24/12/2018;05:00;2;0;2
24/12/2018;05:15;1;0;1
24/12/2018;05:30;2;0;2
24/12/2018;05:45;4;1;3
24/12/2018;06:00;1;1;0
24/12/2018;06:15;3;2;1
24/12/2018;06:30;3;2;1
24/12/2018;06:45;4;3;1
24/12/2018;07:00;6;3;3
24/12/2018;07:15;4;0;4
24/12/2018;07:30;6;4;2
24/12/2018;07:45;6;2;4
24/12/2018;08:00;6;1;5
24/12/2018;08:15;9;4;5
24/12/2018;08:30;15;8;7
24/12/2018;08:45;13;7;6
24/12/2018;09:00;12;7;5
24/12/2018;09:15;23;12;11
24/12/2018;09:30;33;15;18
24/12/2018;09:45;47;25;22
24/12/2018;10:00;31;12;19
24/12/2018;10:15;42;11;31
24/12/2018;10:30;35;19;16
24/12/2018;10:45;53;22;31
24/12/2018;11:00;58;29;29
24/12/2018;11:15;64;18;46
24/12/2018;11:30;54;21;33
24/12/2018;11:45;60;14;46
24/12/2018;12:00;54;12;42
24/12/2018;12:15;48;14;34
24/12/2018;12:30;41;7;34
24/12/2018;12:45;21;4;17
24/12/2018;13:00;51;10;41
24/12/2018;13:15;48;9;39
24/12/2018;13:30;30;3;27
24/12/2018;13:45;34;8;26
24/12/2018;14:00;47;11;36
24/12/2018;14:15;32;5;27
24/12/2018;14:30;31;6;25
24/12/2018;14:45;25;6;19
24/12/2018;15:00;19;3;16
24/12/2018;15:15;17;6;11
24/12/2018;15:30;15;4;11
24/12/2018;15:45;8;2;6
24/12/2018;16:00;21;3;18
24/12/2018;16:15;17;3;14
24/12/2018;16:30;16;3;13
24/12/2018;16:45;13;3;10
24/12/2018;17:00;10;1;9
24/12/2018;17:15;8;3;5
24/12/2018;17:30;9;6;3
24/12/2018;17:45;18;5;13
24/12/2018;18:00;10;1;9
24/12/2018;18:15;5;1;4
24/12/2018;18:30;6;2;4
24/12/2018;18:45;12;2;10
24/12/2018;19:00;8;0;8
24/12/2018;19:15;2;1;1
24/12/2018;19:30;1;1;0
24/12/2018;19:45;6;2;4
24/12/2018;20:00;5;2;3
24/12/2018;20:15;6;3;3
24/12/2018;20:30;0;0;0
24/12/2018;20:45;4;2;2
24/12/2018;21:00;5;1;4
24/12/2018;21:15;7;3;4
24/12/2018;21:30;2;1;1
24/12/2018;21:45;1;0;1
24/12/2018;22:00;0;0;0
24/12/2018;22:15;3;2;1
24/12/2018;22:30;5;1;4
24/12/2018;22:45;2;1;1
24/12/2018;23:00;2;0;2
24/12/2018;23:15;3;2;1
24/12/2018;23:30;5;3;2
24/12/2018;23:45;2;2;0
25/12/2018;00:00;1;1;0
25/12/2018;00:15;4;1;3
25/12/2018;00:30;7;0;7
25/12/2018;00:45;8;1;7
25/12/2018;01:00;5;2;3
25/12/2018;01:15;4;0;4
25/12/2018;01:30;2;2;0
25/12/2018;01:45;4;2;2
25/12/2018;02:00;2;0;2
25/12/2018;02:15;0;0;0
25/12/2018;02:30;2;0;2
25/12/2018;02:45;0;0;0
25/12/2018;03:00;2;0;2
25/12/2018;03:15;0;0;0
25/12/2018;03:30;0;0;0
25/12/2018;03:45;0;0;0
25/12/2018;04:00;2;0;2
25/12/2018;04:15;2;0;2
25/12/2018;04:30;1;0;1
25/12/2018;04:45;4;0;4
25/12/2018;05:00;0;0;0
25/12/2018;05:15;2;1;1
25/12/2018;05:30;3;0;3
25/12/2018;05:45;3;0;3
25/12/2018;06:00;4;2;2
25/12/2018;06:15;2;0;2
25/12/2018;06:30;1;0;1
25/12/2018;06:45;1;0;1
25/12/2018;07:00;0;0;0
25/12/2018;07:15;1;0;1
25/12/2018;07:30;2;1;1
25/12/2018;07:45;0;0;0
25/12/2018;08:00;3;0;3
25/12/2018;08:15;2;2;0
25/12/2018;08:30;4;1;3
25/12/2018;08:45;5;0;5
25/12/2018;09:00;0;0;0
25/12/2018;09:15;6;3;3
25/12/2018;09:30;8;2;6
25/12/2018;09:45;5;2;3
25/12/2018;10:00;5;2;3
25/12/2018;10:15;6;0;6
25/12/2018;10:30;6;2;4
25/12/2018;10:45;7;1;6
25/12/2018;11:00;10;4;6
25/12/2018;11:15;10;3;7
25/12/2018;11:30;18;7;11
25/12/2018;11:45;6;1;5
25/12/2018;12:00;8;0;8
25/12/2018;12:15;10;2;8
25/12/2018;12:30;13;0;13
25/12/2018;12:45;17;6;11
25/12/2018;13:00;11;4;7
25/12/2018;13:15;7;0;7
25/12/2018;13:30;6;1;5
25/12/2018;13:45;19;3;16
25/12/2018;14:00;12;1;11
25/12/2018;14:15;18;4;14
25/12/2018;14:30;13;1;12
25/12/2018;14:45;7;3;4
25/12/2018;15:00;19;4;15
25/12/2018;15:15;13;6;7
25/12/2018;15:30;16;6;10
25/12/2018;15:45;17;3;14
25/12/2018;16:00;13;2;11
25/12/2018;16:15;17;4;13
25/12/2018;16:30;11;2;9
25/12/2018;16:45;10;7;3
25/12/2018;17:00;8;1;7
25/12/2018;17:15;11;6;5
25/12/2018;17:30;10;5;5
25/12/2018;17:45;9;2;7
25/12/2018;18:00;13;4;9
25/12/2018;18:15;9;3;6
25/12/2018;18:30;9;3;6
25/12/2018;18:45;21;7;14
25/12/2018;19:00;7;3;4
25/12/2018;19:15;8;4;4
25/12/2018;19:30;6;2;4
25/12/2018;19:45;12;5;7
25/12/2018;20:00;8;1;7
25/12/2018;20:15;15;4;11
25/12/2018;20:30;14;6;8
25/12/2018;20:45;5;1;4
25/12/2018;21:00;3;0;3
25/12/2018;21:15;5;2;3
25/12/2018;21:30;10;2;8
25/12/2018;21:45;1;1;0
25/12/2018;22:00;8;1;7
25/12/2018;22:15;2;1;1
25/12/2018;22:30;6;3;3
25/12/2018;22:45;5;4;1
25/12/2018;23:00;4;1;3
25/12/2018;23:15;5;2;3
25/12/2018;23:30;3;1;2
25/12/2018;23:45;0;0;0
26/12/2018;00:00;2;0;2
26/12/2018;00:15;2;0;2
26/12/2018;00:30;6;2;4
26/12/2018;00:45;3;0;3
26/12/2018;01:00;5;0;5
26/12/2018;01:15;1;0;1
26/12/2018;01:30;3;0;3
26/12/2018;01:45;2;1;1
26/12/2018;02:00;1;0;1
26/12/2018;02:15;3;0;3
26/12/2018;02:30;0;0;0
26/12/2018;02:45;3;1;2
26/12/2018;03:00;1;0;1
26/12/2018;03:15;1;0;1
26/12/2018;03:30;1;0;1
26/12/2018;03:45;0;0;0
26/12/2018;04:00;0;0;0
26/12/2018;04:15;2;0;2
26/12/2018;04:30;2;0;2
26/12/2018;04:45;1;0;1
26/12/2018;05:00;0;0;0
26/12/2018;05:15;1;1;0
26/12/2018;05:30;1;1;0
26/12/2018;05:45;2;1;1
26/12/2018;06:00;4;1;3
26/12/2018;06:15;2;2;0
26/12/2018;06:30;0;0;0
26/12/2018;06:45;0;0;0
26/12/2018;07:00;2;0;2
26/12/2018;07:15;3;2;1
26/12/2018;07:30;3;1;2
26/12/2018;07:45;4;2;2
26/12/2018;08:00;0;0;0
26/12/2018;08:15;2;0;2
26/12/2018;08:30;4;2;2
26/12/2018;08:45;3;2;1
26/12/2018;09:00;3;0;3
26/12/2018;09:15;6;2;4
26/12/2018;09:30;7;1;6
26/12/2018;09:45;7;2;5
26/12/2018;10:00;3;2;1
26/12/2018;10:15;7;1;6
26/12/2018;10:30;8;0;8
26/12/2018;10:45;10;4;6
26/12/2018;11:00;6;4;2
26/12/2018;11:15;9;1;8
26/12/2018;11:30;12;7;5
26/12/2018;11:45;21;7;14
26/12/2018;12:00;20;8;12
26/12/2018;12:15;15;7;8
26/12/2018;12:30;23;1;22
26/12/2018;12:45;15;2;13
26/12/2018;13:00;26;4;22
26/12/2018;13:15;33;6;27
26/12/2018;13:30;28;6;22
26/12/2018;13:45;22;8;14
26/12/2018;14:00;26;7;19
26/12/2018;14:15;22;8;14
26/12/2018;14:30;29;5;24
26/12/2018;14:45;15;4;11
26/12/2018;15:00;29;11;18
26/12/2018;15:15;26;7;19
26/12/2018;15:30;19;11;8
26/12/2018;15:45;19;2;17
26/12/2018;16:00;23;11;12
26/12/2018;16:15;12;3;9
26/12/2018;16:30;22;8;14
26/12/2018;16:45;22;14;8
26/12/2018;17:00;18;12;6
26/12/2018;17:15;17;5;12
26/12/2018;17:30;11;4;7
26/12/2018;17:45;13;7;6
26/12/2018;18:00;16;4;12
26/12/2018;18:15;16;2;14
26/12/2018;18:30;10;4;6
26/12/2018;18:45;11;4;7
26/12/2018;19:00;9;1;8
26/12/2018;19:15;8;1;7
26/12/2018;19:30;4;2;2
26/12/2018;19:45;7;2;5
26/12/2018;20:00;7;0;7
26/12/2018;20:15;2;0;2
26/12/2018;20:30;13;5;8
26/12/2018;20:45;15;3;12
26/12/2018;21:00;3;0;3
26/12/2018;21:15;9;2;7
26/12/2018;21:30;6;0;6
26/12/2018;21:45;4;1;3
26/12/2018;22:00;4;2;2
26/12/2018;22:15;5;1;4
26/12/2018;22:30;8;0;8
26/12/2018;22:45;1;1;0
26/12/2018;23:00;5;2;3
26/12/2018;23:15;4;1;3
26/12/2018;23:30;5;0;5
26/12/2018;23:45;5;1;4
27/12/2018;00:00;9;0;9
27/12/2018;00:15;6;2;4
27/12/2018;00:30;2;0;2
27/12/2018;00:45;4;0;4
27/12/2018;01:00;7;1;6
27/12/2018;01:15;2;1;1
27/12/2018;01:30;1;0;1
27/12/2018;01:45;6;0;6
27/12/2018;02:00;2;1;1
27/12/2018;02:15;2;1;1
27/12/2018;02:30;3;1;2
27/12/2018;02:45;1;1;0
27/12/2018;03:00;1;0;1
27/12/2018;03:15;2;0;2
27/12/2018;03:30;1;0;1
27/12/2018;03:45;3;0;3
27/12/2018;04:00;2;1;1
27/12/2018;04:15;2;0;2
27/12/2018;04:30;2;0;2
27/12/2018;04:45;3;1;2
27/12/2018;05:00;3;0;3
27/12/2018;05:15;4;1;3
27/12/2018;05:30;5;1;4
27/12/2018;05:45;6;2;4
27/12/2018;06:00;3;2;1
27/12/2018;06:15;10;5;5
27/12/2018;06:30;10;4;6
27/12/2018;06:45;10;3;7
27/12/2018;07:00;16;10;6
27/12/2018;07:15;14;4;10
27/12/2018;07:30;19;6;13
27/12/2018;07:45;17;6;11
27/12/2018;08:00;16;7;9
27/12/2018;08:15;19;10;9
27/12/2018;08:30;19;10;9
27/12/2018;08:45;14;8;6
27/12/2018;09:00;19;11;8
27/12/2018;09:15;15;4;11
27/12/2018;09:30;26;16;10
27/12/2018;09:45;30;15;15
27/12/2018;10:00;13;6;7
27/12/2018;10:15;31;12;19
27/12/2018;10:30;26;7;19
27/12/2018;10:45;27;9;18
27/12/2018;11:00;45;22;23
27/12/2018;11:15;30;14;16
27/12/2018;11:30;33;11;22
27/12/2018;11:45;44;12;32
27/12/2018;12:00;38;19;19
27/12/2018;12:15;42;12;30
27/12/2018;12:30;47;20;27
27/12/2018;12:45;45;18;27
27/12/2018;13:00;49;12;37
27/12/2018;13:15;45;11;34
27/12/2018;13:30;55;23;32
27/12/2018;13:45;46;12;34
27/12/2018;14:00;46;9;37
27/12/2018;14:15;58;12;46
27/12/2018;14:30;69;10;59
27/12/2018;14:45;59;28;31
27/12/2018;15:00;51;17;34
27/12/2018;15:15;66;13;53
27/12/2018;15:30;61;14;47
27/12/2018;15:45;57;23;34
27/12/2018;16:00;62;10;52
27/12/2018;16:15;61;16;45
27/12/2018;16:30;62;16;46
27/12/2018;16:45;51;10;41
27/12/2018;17:00;62;10;52
27/12/2018;17:15;57;7;50
27/12/2018;17:30;68;24;44
27/12/2018;17:45;51;18;33
27/12/2018;18:00;53;13;40
27/12/2018;18:15;30;4;26
27/12/2018;18:30;30;8;22
27/12/2018;18:45;45;17;28
27/12/2018;19:00;44;5;39
27/12/2018;19:15;23;5;18
27/12/2018;19:30;35;5;30
27/12/2018;19:45;25;5;20
27/12/2018;20:00;31;4;27
27/12/2018;20:15;26;2;24
27/12/2018;20:30;11;2;9
27/12/2018;20:45;5;2;3
27/12/2018;21:00;15;5;10
27/12/2018;21:15;20;6;14
27/12/2018;21:30;9;0;9
27/12/2018;21:45;16;3;13
27/12/2018;22:00;11;0;11
27/12/2018;22:15;17;3;14
27/12/2018;22:30;21;7;14
27/12/2018;22:45;6;1;5
27/12/2018;23:00;6;1;5
27/12/2018;23:15;5;1;4
27/12/2018;23:30;12;0;12
27/12/2018;23:45;8;3;5
28/12/2018;00:00;5;0;5
28/12/2018;00:15;3;0;3
28/12/2018;00:30;7;2;5
28/12/2018;00:45;8;0;8
28/12/2018;01:00;6;3;3
28/12/2018;01:15;6;0;6
28/12/2018;01:30;7;0;7
28/12/2018;01:45;5;3;2
28/12/2018;02:00;4;0;4
28/12/2018;02:15;1;0;1
28/12/2018;02:30;2;0;2
28/12/2018;02:45;2;0;2
28/12/2018;03:00;1;0;1
28/12/2018;03:15;7;0;7
28/12/2018;03:30;1;0;1
28/12/2018;03:45;1;0;1
28/12/2018;04:00;1;0;1
28/12/2018;04:15;0;0;0
28/12/2018;04:30;1;1;0
28/12/2018;04:45;1;0;1
28/12/2018;05:00;1;0;1
28/12/2018;05:15;6;4;2
28/12/2018;05:30;5;2;3
28/12/2018;05:45;6;4;2
28/12/2018;06:00;5;3;2
28/12/2018;06:15;8;2;6
28/12/2018;06:30;11;2;9
28/12/2018;06:45;19;10;9
28/12/2018;07:00;14;6;8
28/12/2018;07:15;14;5;9
28/12/2018;07:30;21;8;13
28/12/2018;07:45;18;8;10
28/12/2018;08:00;25;12;13
28/12/2018;08:15;15;9;6
28/12/2018;08:30;28;15;13
28/12/2018;08:45;21;9;12
28/12/2018;09:00;21;10;11
28/12/2018;09:15;19;11;8
28/12/2018;09:30;34;15;19
28/12/2018;09:45;26;8;18
28/12/2018;10:00;23;16;7
28/12/2018;10:15;25;6;19
28/12/2018;10:30;22;7;15
28/12/2018;10:45;33;16;17
28/12/2018;11:00;33;14;19
28/12/2018;11:15;29;12;17
28/12/2018;11:30;27;13;14
28/12/2018;11:45;35;13;22
28/12/2018;12:00;51;18;33
28/12/2018;12:15;45;15;30
28/12/2018;12:30;67;28;39
28/12/2018;12:45;59;18;41
28/12/2018;13:00;56;14;42
28/12/2018;13:15;53;15;38
28/12/2018;13:30;64;15;49
28/12/2018;13:45;61;19;42
28/12/2018;14:00;50;16;34
28/12/2018;14:15;87;18;69
28/12/2018;14:30;57;18;39
28/12/2018;14:45;59;12;47
28/12/2018;15:00;62;13;49
28/12/2018;15:15;74;20;54
28/12/2018;15:30;63;15;48
28/12/2018;15:45;71;27;44
28/12/2018;16:00;57;18;39
28/12/2018;16:15;47;12;35
28/12/2018;16:30;74;23;51
28/12/2018;16:45;65;7;58
28/12/2018;17:00;61;11;50
28/12/2018;17:15;70;17;53
28/12/2018;17:30;44;11;33
28/12/2018;17:45;65;17;48
28/12/2018;18:00;54;11;43
28/12/2018;18:15;51;17;34
28/12/2018;18:30;32;11;21
28/12/2018;18:45;35;10;25
28/12/2018;19:00;34;13;21
28/12/2018;19:15;44;13;31
28/12/2018;19:30;41;10;31
28/12/2018;19:45;41;10;31
28/12/2018;20:00;25;11;14
28/12/2018;20:15;22;4;18
28/12/2018;20:30;16;5;11
28/12/2018;20:45;20;6;14
28/12/2018;21:00;16;1;15
28/12/2018;21:15;10;1;9
28/12/2018;21:30;14;3;11
28/12/2018;21:45;9;2;7
28/12/2018;22:00;11;2;9
28/12/2018;22:15;32;6;26
28/12/2018;22:30;22;3;19
28/12/2018;22:45;8;2;6
28/12/2018;23:00;10;1;9
28/12/2018;23:15;13;2;11
28/12/2018;23:30;8;1;7
28/12/2018;23:45;12;2;10
29/12/2018;00:00;9;3;6
29/12/2018;00:15;19;7;12
29/12/2018;00:30;5;2;3
29/12/2018;00:45;9;2;7
29/12/2018;01:00;10;2;8
29/12/2018;01:15;8;2;6
29/12/2018;01:30;7;0;7
29/12/2018;01:45;8;2;6
29/12/2018;02:00;2;0;2
29/12/2018;02:15;6;2;4
29/12/2018;02:30;8;1;7
29/12/2018;02:45;4;0;4
29/12/2018;03:00;2;0;2
29/12/2018;03:15;2;1;1
29/12/2018;03:30;0;0;0
29/12/2018;03:45;2;0;2
29/12/2018;04:00;3;0;3
29/12/2018;04:15;4;0;4
29/12/2018;04:30;2;0;2
29/12/2018;04:45;1;0;1
29/12/2018;05:00;1;0;1
29/12/2018;05:15;3;1;2
29/12/2018;05:30;2;0;2
29/12/2018;05:45;4;2;2
29/12/2018;06:00;1;1;0
29/12/2018;06:15;3;1;2
29/12/2018;06:30;3;0;3
29/12/2018;06:45;2;1;1
29/12/2018;07:00;2;0;2
29/12/2018;07:15;2;0;2
29/12/2018;07:30;8;3;5
29/12/2018;07:45;8;2;6
29/12/2018;08:00;5;2;3
29/12/2018;08:15;4;3;1
29/12/2018;08:30;5;0;5
29/12/2018;08:45;9;2;7
29/12/2018;09:00;13;6;7
29/12/2018;09:15;10;5;5
29/12/2018;09:30;12;5;7
29/12/2018;09:45;23;13;10
29/12/2018;10:00;20;13;7
29/12/2018;10:15;17;9;8
29/12/2018;10:30;22;17;5
29/12/2018;10:45;20;10;10
29/12/2018;11:00;28;12;16
29/12/2018;11:15;32;12;20
29/12/2018;11:30;25;11;14
29/12/2018;11:45;30;8;22
29/12/2018;12:00;23;9;14
29/12/2018;12:15;33;14;19
29/12/2018;12:30;35;13;22
29/12/2018;12:45;30;8;22
29/12/2018;13:00;39;11;28
29/12/2018;13:15;31;10;21
29/12/2018;13:30;46;12;34
29/12/2018;13:45;39;12;27
29/12/2018;14:00;52;15;37
29/12/2018;14:15;56;16;40
29/12/2018;14:30;45;10;35
29/12/2018;14:45;41;15;26
29/12/2018;15:00;47;10;37
29/12/2018;15:15;32;8;24
29/12/2018;15:30;44;20;24
29/12/2018;15:45;40;10;30
29/12/2018;16:00;24;6;18
29/12/2018;16:15;43;10;33
29/12/2018;16:30;39;12;27
29/12/2018;16:45;40;10;30
29/12/2018;17:00;31;9;22
29/12/2018;17:15;48;11;37
29/12/2018;17:30;42;7;35
29/12/2018;17:45;28;7;21
29/12/2018;18:00;24;6;18
29/12/2018;18:15;26;6;20
29/12/2018;18:30;23;7;16
29/12/2018;18:45;19;4;15
29/12/2018;19:00;21;5;16
29/12/2018;19:15;22;5;17
29/12/2018;19:30;19;9;10
29/12/2018;19:45;14;5;9
29/12/2018;20:00;22;6;16
29/12/2018;20:15;15;2;13
29/12/2018;20:30;12;3;9
29/12/2018;20:45;18;8;10
29/12/2018;21:00;11;2;9
29/12/2018;21:15;15;6;9
29/12/2018;21:30;14;5;9
29/12/2018;21:45;8;2;6
29/12/2018;22:00;11;3;8
29/12/2018;22:15;7;1;6
29/12/2018;22:30;12;4;8
29/12/2018;22:45;7;1;6
29/12/2018;23:00;7;3;4
29/12/2018;23:15;7;3;4
29/12/2018;23:30;14;0;14
29/12/2018;23:45;5;3;2
30/12/2018;00:00;8;2;6
30/12/2018;00:15;7;0;7
30/12/2018;00:30;9;2;7
30/12/2018;00:45;3;2;1
30/12/2018;01:00;7;1;6
30/12/2018;01:15;3;0;3
30/12/2018;01:30;12;1;11
30/12/2018;01:45;1;0;1
30/12/2018;02:00;7;1;6
30/12/2018;02:15;3;2;1
30/12/2018;02:30;5;0;5
30/12/2018;02:45;6;5;1
30/12/2018;03:00;4;0;4
30/12/2018;03:15;5;0;5
30/12/2018;03:30;2;1;1
30/12/2018;03:45;2;0;2
30/12/2018;04:00;5;0;5
30/12/2018;04:15;0;0;0
30/12/2018;04:30;2;0;2
30/12/2018;04:45;3;1;2
30/12/2018;05:00;1;0;1
30/12/2018;05:15;1;1;0
30/12/2018;05:30;0;0;0
30/12/2018;05:45;4;1;3
30/12/2018;06:00;2;2;0
30/12/2018;06:15;2;0;2
30/12/2018;06:30;1;1;0
30/12/2018;06:45;0;0;0
30/12/2018;07:00;2;0;2
30/12/2018;07:15;1;0;1
30/12/2018;07:30;2;0;2
30/12/2018;07:45;1;0;1
30/12/2018;08:00;3;0;3
30/12/2018;08:15;3;1;2
30/12/2018;08:30;5;1;4
30/12/2018;08:45;1;0;1
30/12/2018;09:00;2;1;1
30/12/2018;09:15;12;4;8
30/12/2018;09:30;12;5;7
30/12/2018;09:45;10;2;8
30/12/2018;10:00;7;1;6
30/12/2018;10:15;12;3;9
30/12/2018;10:30;13;1;12
30/12/2018;10:45;27;9;18
30/12/2018;11:00;14;6;8
30/12/2018;11:15;10;2;8
30/12/2018;11:30;12;2;10
30/12/2018;11:45;17;10;7
30/12/2018;12:00;19;4;15
30/12/2018;12:15;26;5;21
30/12/2018;12:30;21;6;15
30/12/2018;12:45;22;5;17
30/12/2018;13:00;30;2;28
30/12/2018;13:15;17;4;13
30/12/2018;13:30;25;9;16
30/12/2018;13:45;28;4;24
30/12/2018;14:00;36;8;28
30/12/2018;14:15;30;9;21
30/12/2018;14:30;28;8;20
30/12/2018;14:45;31;4;27
30/12/2018;15:00;18;2;16
30/12/2018;15:15;29;10;19
30/12/2018;15:30;25;5;20
30/12/2018;15:45;20;6;14
30/12/2018;16:00;20;9;11
30/12/2018;16:15;26;2;24
30/12/2018;16:30;25;8;17
30/12/2018;16:45;34;11;23
30/12/2018;17:00;19;2;17
30/12/2018;17:15;15;2;13
30/12/2018;17:30;35;17;18
30/12/2018;17:45;18;9;9
30/12/2018;18:00;17;4;13
30/12/2018;18:15;25;9;16
30/12/2018;18:30;26;11;15
30/12/2018;18:45;24;7;17
30/12/2018;19:00;36;13;23
30/12/2018;19:15;18;5;13
30/12/2018;19:30;8;3;5
30/12/2018;19:45;8;0;8
30/12/2018;20:00;13;3;10
30/12/2018;20:15;10;1;9
30/12/2018;20:30;12;5;7
30/12/2018;20:45;14;0;14
30/12/2018;21:00;15;4;11
30/12/2018;21:15;9;4;5
30/12/2018;21:30;6;4;2
30/12/2018;21:45;2;0;2
30/12/2018;22:00;13;1;12
30/12/2018;22:15;3;1;2
30/12/2018;22:30;3;0;3
30/12/2018;22:45;5;1;4
30/12/2018;23:00;3;0;3
30/12/2018;23:15;4;0;4
30/12/2018;23:30;4;3;1
30/12/2018;23:45;2;0;2
31/12/2018;00:00;12;0;12
31/12/2018;00:15;15;2;13
31/12/2018;00:30;7;1;6
31/12/2018;00:45;3;1;2
31/12/2018;01:00;2;0;2
31/12/2018;01:15;6;2;4
31/12/2018;01:30;0;0;0
31/12/2018;01:45;2;1;1
31/12/2018;02:00;0;0;0
31/12/2018;02:15;2;0;2
31/12/2018;02:30;1;0;1
31/12/2018;02:45;0;0;0
31/12/2018;03:00;0;0;0
31/12/2018;03:15;3;2;1
31/12/2018;03:30;0;0;0
31/12/2018;03:45;1;0;1
31/12/2018;04:00;0;0;0
31/12/2018;04:15;0;0;0
31/12/2018;04:30;1;1;0
31/12/2018;04:45;0;0;0
31/12/2018;05:00;2;0;2
31/12/2018;05:15;4;1;3
31/12/2018;05:30;3;0;3
31/12/2018;05:45;4;1;3
31/12/2018;06:00;2;2;0
31/12/2018;06:15;3;2;1
31/12/2018;06:30;3;1;2
31/12/2018;06:45;4;1;3
31/12/2018;07:00;8;3;5
31/12/2018;07:15;3;1;2
31/12/2018;07:30;4;1;3
31/12/2018;07:45;8;4;4
31/12/2018;08:00;5;3;2
31/12/2018;08:15;5;2;3
31/12/2018;08:30;10;2;8
31/12/2018;08:45;8;2;6
31/12/2018;09:00;5;2;3
31/12/2018;09:15;7;4;3
31/12/2018;09:30;10;3;7
31/12/2018;09:45;23;12;11
31/12/2018;10:00;18;10;8
31/12/2018;10:15;26;15;11
31/12/2018;10:30;42;25;17
31/12/2018;10:45;36;14;22
31/12/2018;11:00;38;19;19
31/12/2018;11:15;48;19;29
31/12/2018;11:30;36;12;24
31/12/2018;11:45;52;18;34
31/12/2018;12:00;35;9;26
31/12/2018;12:15;47;23;24
31/12/2018;12:30;49;19;30
31/12/2018;12:45;48;13;35
31/12/2018;13:00;37;10;27
31/12/2018;13:15;53;12;41
31/12/2018;13:30;42;7;35
31/12/2018;13:45;42;6;36
31/12/2018;14:00;52;7;45
31/12/2018;14:15;57;6;51
31/12/2018;14:30;38;8;30
31/12/2018;14:45;25;4;21
31/12/2018;15:00;24;7;17
31/12/2018;15:15;21;3;18
31/12/2018;15:30;13;4;9
31/12/2018;15:45;17;5;12
31/12/2018;16:00;14;3;11
31/12/2018;16:15;10;3;7
31/12/2018;16:30;14;3;11
31/12/2018;16:45;10;1;9
31/12/2018;17:00;7;2;5
31/12/2018;17:15;15;5;10
31/12/2018;17:30;15;2;13
31/12/2018;17:45;20;5;15
31/12/2018;18:00;22;7;15
31/12/2018;18:15;15;4;11
31/12/2018;18:30;22;9;13
31/12/2018;18:45;31;5;26
31/12/2018;19:00;29;2;27
31/12/2018;19:15;37;8;29
31/12/2018;19:30;32;12;20
31/12/2018;19:45;18;5;13
31/12/2018;20:00;21;1;20
31/12/2018;20:15;19;6;13
31/12/2018;20:30;14;6;8
31/12/2018;20:45;19;1;18
31/12/2018;21:00;9;1;8
31/12/2018;21:15;12;1;11
31/12/2018;21:30;6;3;3
31/12/2018;21:45;3;0;3
31/12/2018;22:00;13;2;11
31/12/2018;22:15;15;5;10
31/12/2018;22:30;8;3;5
31/12/2018;22:45;8;2;6
31/12/2018;23:00;5;0;5
31/12/2018;23:15;15;2;13
31/12/2018;23:30;6;0;6
31/12/2018;23:45;2;1;1
