Datum;;5.12 BN - Straßburger Weg;5.12 BN - Straßenburger Weg Radfahrer Ri. Süden;5.12 BN - Straßenburger Weg Radfahrer Ri. Norden
01/01/2018;00:00;2;0;2
01/01/2018;00:15;0;0;0
01/01/2018;00:30;2;0;2
01/01/2018;00:45;0;0;0
01/01/2018;01:00;7;7;0
01/01/2018;01:15;5;4;1
01/01/2018;01:30;2;2;0
01/01/2018;01:45;1;1;0
01/01/2018;02:00;7;0;7
01/01/2018;02:15;5;2;3
01/01/2018;02:30;5;2;3
01/01/2018;02:45;3;0;3
01/01/2018;03:00;6;0;6
01/01/2018;03:15;6;0;6
01/01/2018;03:30;3;0;3
01/01/2018;03:45;2;2;0
01/01/2018;04:00;8;3;5
01/01/2018;04:15;2;1;1
01/01/2018;04:30;3;0;3
01/01/2018;04:45;3;0;3
01/01/2018;05:00;0;0;0
01/01/2018;05:15;1;0;1
01/01/2018;05:30;3;1;2
01/01/2018;05:45;0;0;0
01/01/2018;06:00;1;1;0
01/01/2018;06:15;0;0;0
01/01/2018;06:30;1;0;1
01/01/2018;06:45;1;0;1
01/01/2018;07:00;1;0;1
01/01/2018;07:15;0;0;0
01/01/2018;07:30;1;1;0
01/01/2018;07:45;0;0;0
01/01/2018;08:00;1;0;1
01/01/2018;08:15;1;1;0
01/01/2018;08:30;0;0;0
01/01/2018;08:45;0;0;0
01/01/2018;09:00;0;0;0
01/01/2018;09:15;0;0;0
01/01/2018;09:30;2;1;1
01/01/2018;09:45;2;1;1
01/01/2018;10:00;2;0;2
01/01/2018;10:15;3;0;3
01/01/2018;10:30;3;2;1
01/01/2018;10:45;4;1;3
01/01/2018;11:00;3;1;2
01/01/2018;11:15;2;1;1
01/01/2018;11:30;10;9;1
01/01/2018;11:45;5;4;1
01/01/2018;12:00;8;0;8
01/01/2018;12:15;3;0;3
01/01/2018;12:30;8;3;5
01/01/2018;12:45;6;2;4
01/01/2018;13:00;9;7;2
01/01/2018;13:15;6;4;2
01/01/2018;13:30;12;1;11
01/01/2018;13:45;7;1;6
01/01/2018;14:00;9;4;5
01/01/2018;14:15;7;2;5
01/01/2018;14:30;14;6;8
01/01/2018;14:45;12;3;9
01/01/2018;15:00;13;2;11
01/01/2018;15:15;17;11;6
01/01/2018;15:30;6;2;4
01/01/2018;15:45;8;3;5
01/01/2018;16:00;6;2;4
01/01/2018;16:15;4;3;1
01/01/2018;16:30;9;4;5
01/01/2018;16:45;3;2;1
01/01/2018;17:00;15;10;5
01/01/2018;17:15;2;0;2
01/01/2018;17:30;6;0;6
01/01/2018;17:45;9;4;5
01/01/2018;18:00;3;3;0
01/01/2018;18:15;3;1;2
01/01/2018;18:30;2;2;0
01/01/2018;18:45;2;1;1
01/01/2018;19:00;2;0;2
01/01/2018;19:15;0;0;0
01/01/2018;19:30;1;0;1
01/01/2018;19:45;1;0;1
01/01/2018;20:00;2;0;2
01/01/2018;20:15;1;1;0
01/01/2018;20:30;4;0;4
01/01/2018;20:45;2;1;1
01/01/2018;21:00;2;0;2
01/01/2018;21:15;0;0;0
01/01/2018;21:30;2;1;1
01/01/2018;21:45;2;0;2
01/01/2018;22:00;1;1;0
01/01/2018;22:15;0;0;0
01/01/2018;22:30;1;0;1
01/01/2018;22:45;0;0;0
01/01/2018;23:00;0;0;0
01/01/2018;23:15;0;0;0
01/01/2018;23:30;0;0;0
01/01/2018;23:45;0;0;0
02/01/2018;00:00;0;0;0
02/01/2018;00:15;0;0;0
02/01/2018;00:30;0;0;0
02/01/2018;00:45;1;1;0
02/01/2018;01:00;0;0;0
02/01/2018;01:15;0;0;0
02/01/2018;01:30;0;0;0
02/01/2018;01:45;0;0;0
02/01/2018;02:00;0;0;0
02/01/2018;02:15;0;0;0
02/01/2018;02:30;0;0;0
02/01/2018;02:45;1;1;0
02/01/2018;03:00;0;0;0
02/01/2018;03:15;0;0;0
02/01/2018;03:30;0;0;0
02/01/2018;03:45;0;0;0
02/01/2018;04:00;1;1;0
02/01/2018;04:15;0;0;0
02/01/2018;04:30;1;0;1
02/01/2018;04:45;0;0;0
02/01/2018;05:00;0;0;0
02/01/2018;05:15;2;1;1
02/01/2018;05:30;5;2;3
02/01/2018;05:45;1;1;0
02/01/2018;06:00;4;1;3
02/01/2018;06:15;5;2;3
02/01/2018;06:30;8;6;2
02/01/2018;06:45;8;5;3
02/01/2018;07:00;8;5;3
02/01/2018;07:15;20;9;11
02/01/2018;07:30;15;9;6
02/01/2018;07:45;24;10;14
02/01/2018;08:00;26;7;19
02/01/2018;08:15;29;10;19
02/01/2018;08:30;43;13;30
02/01/2018;08:45;45;10;35
02/01/2018;09:00;34;13;21
02/01/2018;09:15;17;7;10
02/01/2018;09:30;17;5;12
02/01/2018;09:45;22;11;11
02/01/2018;10:00;11;5;6
02/01/2018;10:15;10;7;3
02/01/2018;10:30;15;13;2
02/01/2018;10:45;19;13;6
02/01/2018;11:00;15;9;6
02/01/2018;11:15;13;7;6
02/01/2018;11:30;14;9;5
02/01/2018;11:45;11;6;5
02/01/2018;12:00;16;11;5
02/01/2018;12:15;18;9;9
02/01/2018;12:30;8;3;5
02/01/2018;12:45;19;12;7
02/01/2018;13:00;16;8;8
02/01/2018;13:15;32;6;26
02/01/2018;13:30;13;5;8
02/01/2018;13:45;12;3;9
02/01/2018;14:00;15;7;8
02/01/2018;14:15;22;12;10
02/01/2018;14:30;19;11;8
02/01/2018;14:45;36;13;23
02/01/2018;15:00;24;13;11
02/01/2018;15:15;25;15;10
02/01/2018;15:30;24;9;15
02/01/2018;15:45;23;14;9
02/01/2018;16:00;28;19;9
02/01/2018;16:15;23;9;14
02/01/2018;16:30;29;16;13
02/01/2018;16:45;45;18;27
02/01/2018;17:00;44;19;25
02/01/2018;17:15;44;24;20
02/01/2018;17:30;40;20;20
02/01/2018;17:45;33;23;10
02/01/2018;18:00;32;12;20
02/01/2018;18:15;25;11;14
02/01/2018;18:30;26;12;14
02/01/2018;18:45;19;10;9
02/01/2018;19:00;16;5;11
02/01/2018;19:15;17;3;14
02/01/2018;19:30;16;5;11
02/01/2018;19:45;9;0;9
02/01/2018;20:00;11;1;10
02/01/2018;20:15;12;8;4
02/01/2018;20:30;9;4;5
02/01/2018;20:45;6;2;4
02/01/2018;21:00;4;3;1
02/01/2018;21:15;5;1;4
02/01/2018;21:30;7;4;3
02/01/2018;21:45;2;0;2
02/01/2018;22:00;4;1;3
02/01/2018;22:15;5;1;4
02/01/2018;22:30;1;0;1
02/01/2018;22:45;1;0;1
02/01/2018;23:00;2;2;0
02/01/2018;23:15;1;1;0
02/01/2018;23:30;0;0;0
02/01/2018;23:45;0;0;0
03/01/2018;00:00;1;1;0
03/01/2018;00:15;0;0;0
03/01/2018;00:30;0;0;0
03/01/2018;00:45;2;0;2
03/01/2018;01:00;1;0;1
03/01/2018;01:15;0;0;0
03/01/2018;01:30;0;0;0
03/01/2018;01:45;0;0;0
03/01/2018;02:00;0;0;0
03/01/2018;02:15;0;0;0
03/01/2018;02:30;0;0;0
03/01/2018;02:45;0;0;0
03/01/2018;03:00;0;0;0
03/01/2018;03:15;0;0;0
03/01/2018;03:30;0;0;0
03/01/2018;03:45;1;1;0
03/01/2018;04:00;0;0;0
03/01/2018;04:15;0;0;0
03/01/2018;04:30;0;0;0
03/01/2018;04:45;0;0;0
03/01/2018;05:00;1;1;0
03/01/2018;05:15;0;0;0
03/01/2018;05:30;3;2;1
03/01/2018;05:45;1;1;0
03/01/2018;06:00;0;0;0
03/01/2018;06:15;5;3;2
03/01/2018;06:30;11;5;6
03/01/2018;06:45;10;5;5
03/01/2018;07:00;15;9;6
03/01/2018;07:15;17;9;8
03/01/2018;07:30;18;7;11
03/01/2018;07:45;22;7;15
03/01/2018;08:00;32;8;24
03/01/2018;08:15;34;11;23
03/01/2018;08:30;34;10;24
03/01/2018;08:45;48;17;31
03/01/2018;09:00;36;12;24
03/01/2018;09:15;25;4;21
03/01/2018;09:30;15;3;12
03/01/2018;09:45;16;12;4
03/01/2018;10:00;7;2;5
03/01/2018;10:15;7;3;4
03/01/2018;10:30;7;6;1
03/01/2018;10:45;9;5;4
03/01/2018;11:00;10;4;6
03/01/2018;11:15;13;8;5
03/01/2018;11:30;13;9;4
03/01/2018;11:45;17;12;5
03/01/2018;12:00;11;8;3
03/01/2018;12:15;9;5;4
03/01/2018;12:30;17;6;11
03/01/2018;12:45;15;7;8
03/01/2018;13:00;14;7;7
03/01/2018;13:15;10;7;3
03/01/2018;13:30;12;7;5
03/01/2018;13:45;7;3;4
03/01/2018;14:00;13;5;8
03/01/2018;14:15;16;3;13
03/01/2018;14:30;6;0;6
03/01/2018;14:45;10;7;3
03/01/2018;15:00;17;10;7
03/01/2018;15:15;21;8;13
03/01/2018;15:30;14;5;9
03/01/2018;15:45;19;8;11
03/01/2018;16:00;12;8;4
03/01/2018;16:15;23;11;12
03/01/2018;16:30;22;13;9
03/01/2018;16:45;38;23;15
03/01/2018;17:00;33;20;13
03/01/2018;17:15;36;23;13
03/01/2018;17:30;42;23;19
03/01/2018;17:45;23;16;7
03/01/2018;18:00;32;22;10
03/01/2018;18:15;26;16;10
03/01/2018;18:30;20;14;6
03/01/2018;18:45;20;9;11
03/01/2018;19:00;22;8;14
03/01/2018;19:15;13;6;7
03/01/2018;19:30;11;1;10
03/01/2018;19:45;10;5;5
03/01/2018;20:00;6;2;4
03/01/2018;20:15;4;1;3
03/01/2018;20:30;5;0;5
03/01/2018;20:45;5;3;2
03/01/2018;21:00;2;1;1
03/01/2018;21:15;3;1;2
03/01/2018;21:30;4;2;2
03/01/2018;21:45;12;1;11
03/01/2018;22:00;7;5;2
03/01/2018;22:15;2;0;2
03/01/2018;22:30;2;0;2
03/01/2018;22:45;2;1;1
03/01/2018;23:00;1;0;1
03/01/2018;23:15;1;1;0
03/01/2018;23:30;2;1;1
03/01/2018;23:45;0;0;0
04/01/2018;00:00;4;1;3
04/01/2018;00:15;0;0;0
04/01/2018;00:30;2;0;2
04/01/2018;00:45;1;0;1
04/01/2018;01:00;0;0;0
04/01/2018;01:15;0;0;0
04/01/2018;01:30;1;0;1
04/01/2018;01:45;1;1;0
04/01/2018;02:00;0;0;0
04/01/2018;02:15;0;0;0
04/01/2018;02:30;0;0;0
04/01/2018;02:45;0;0;0
04/01/2018;03:00;0;0;0
04/01/2018;03:15;0;0;0
04/01/2018;03:30;0;0;0
04/01/2018;03:45;1;1;0
04/01/2018;04:00;0;0;0
04/01/2018;04:15;1;0;1
04/01/2018;04:30;1;0;1
04/01/2018;04:45;0;0;0
04/01/2018;05:00;0;0;0
04/01/2018;05:15;1;1;0
04/01/2018;05:30;7;4;3
04/01/2018;05:45;2;2;0
04/01/2018;06:00;5;2;3
04/01/2018;06:15;9;3;6
04/01/2018;06:30;13;8;5
04/01/2018;06:45;13;6;7
04/01/2018;07:00;15;7;8
04/01/2018;07:15;16;8;8
04/01/2018;07:30;25;10;15
04/01/2018;07:45;31;13;18
04/01/2018;08:00;38;17;21
04/01/2018;08:15;38;14;24
04/01/2018;08:30;50;15;35
04/01/2018;08:45;59;15;44
04/01/2018;09:00;43;14;29
04/01/2018;09:15;30;11;19
04/01/2018;09:30;25;8;17
04/01/2018;09:45;20;11;9
04/01/2018;10:00;13;5;8
04/01/2018;10:15;18;10;8
04/01/2018;10:30;6;0;6
04/01/2018;10:45;4;1;3
04/01/2018;11:00;13;5;8
04/01/2018;11:15;5;2;3
04/01/2018;11:30;6;4;2
04/01/2018;11:45;6;3;3
04/01/2018;12:00;5;2;3
04/01/2018;12:15;15;8;7
04/01/2018;12:30;7;5;2
04/01/2018;12:45;10;3;7
04/01/2018;13:00;9;4;5
04/01/2018;13:15;6;2;4
04/01/2018;13:30;8;4;4
04/01/2018;13:45;11;5;6
04/01/2018;14:00;17;7;10
04/01/2018;14:15;8;6;2
04/01/2018;14:30;16;8;8
04/01/2018;14:45;10;2;8
04/01/2018;15:00;11;2;9
04/01/2018;15:15;20;7;13
04/01/2018;15:30;10;4;6
04/01/2018;15:45;17;5;12
04/01/2018;16:00;21;12;9
04/01/2018;16:15;27;12;15
04/01/2018;16:30;24;12;12
04/01/2018;16:45;22;12;10
04/01/2018;17:00;27;16;11
04/01/2018;17:15;41;23;18
04/01/2018;17:30;39;27;12
04/01/2018;17:45;52;39;13
04/01/2018;18:00;45;22;23
04/01/2018;18:15;29;15;14
04/01/2018;18:30;42;23;19
04/01/2018;18:45;34;18;16
04/01/2018;19:00;16;10;6
04/01/2018;19:15;15;9;6
04/01/2018;19:30;19;8;11
04/01/2018;19:45;16;5;11
04/01/2018;20:00;8;4;4
04/01/2018;20:15;16;6;10
04/01/2018;20:30;3;1;2
04/01/2018;20:45;11;2;9
04/01/2018;21:00;9;4;5
04/01/2018;21:15;7;1;6
04/01/2018;21:30;10;3;7
04/01/2018;21:45;10;4;6
04/01/2018;22:00;5;2;3
04/01/2018;22:15;3;2;1
04/01/2018;22:30;3;1;2
04/01/2018;22:45;4;0;4
04/01/2018;23:00;6;1;5
04/01/2018;23:15;4;1;3
04/01/2018;23:30;3;0;3
04/01/2018;23:45;2;1;1
05/01/2018;00:00;1;0;1
05/01/2018;00:15;2;0;2
05/01/2018;00:30;0;0;0
05/01/2018;00:45;0;0;0
05/01/2018;01:00;0;0;0
05/01/2018;01:15;1;0;1
05/01/2018;01:30;0;0;0
05/01/2018;01:45;0;0;0
05/01/2018;02:00;0;0;0
05/01/2018;02:15;0;0;0
05/01/2018;02:30;0;0;0
05/01/2018;02:45;0;0;0
05/01/2018;03:00;0;0;0
05/01/2018;03:15;1;0;1
05/01/2018;03:30;0;0;0
05/01/2018;03:45;1;1;0
05/01/2018;04:00;0;0;0
05/01/2018;04:15;0;0;0
05/01/2018;04:30;1;0;1
05/01/2018;04:45;0;0;0
05/01/2018;05:00;0;0;0
05/01/2018;05:15;1;1;0
05/01/2018;05:30;5;1;4
05/01/2018;05:45;6;4;2
05/01/2018;06:00;7;3;4
05/01/2018;06:15;2;0;2
05/01/2018;06:30;9;4;5
05/01/2018;06:45;13;6;7
05/01/2018;07:00;14;8;6
05/01/2018;07:15;19;10;9
05/01/2018;07:30;29;15;14
05/01/2018;07:45;30;9;21
05/01/2018;08:00;45;15;30
05/01/2018;08:15;34;7;27
05/01/2018;08:30;44;17;27
05/01/2018;08:45;64;15;49
05/01/2018;09:00;46;16;30
05/01/2018;09:15;36;10;26
05/01/2018;09:30;23;12;11
05/01/2018;09:45;21;12;9
05/01/2018;10:00;13;3;10
05/01/2018;10:15;22;13;9
05/01/2018;10:30;10;8;2
05/01/2018;10:45;15;9;6
05/01/2018;11:00;21;15;6
05/01/2018;11:15;18;6;12
05/01/2018;11:30;25;17;8
05/01/2018;11:45;16;9;7
05/01/2018;12:00;18;9;9
05/01/2018;12:15;20;10;10
05/01/2018;12:30;25;10;15
05/01/2018;12:45;16;10;6
05/01/2018;13:00;24;7;17
05/01/2018;13:15;23;13;10
05/01/2018;13:30;26;8;18
05/01/2018;13:45;16;10;6
05/01/2018;14:00;30;15;15
05/01/2018;14:15;23;10;13
05/01/2018;14:30;26;11;15
05/01/2018;14:45;30;14;16
05/01/2018;15:00;36;19;17
05/01/2018;15:15;31;18;13
05/01/2018;15:30;36;19;17
05/01/2018;15:45;35;11;24
05/01/2018;16:00;42;21;21
05/01/2018;16:15;34;14;20
05/01/2018;16:30;46;35;11
05/01/2018;16:45;44;26;18
05/01/2018;17:00;39;18;21
05/01/2018;17:15;57;34;23
05/01/2018;17:30;40;24;16
05/01/2018;17:45;30;14;16
05/01/2018;18:00;39;19;20
05/01/2018;18:15;18;6;12
05/01/2018;18:30;20;10;10
05/01/2018;18:45;34;14;20
05/01/2018;19:00;18;5;13
05/01/2018;19:15;17;3;14
05/01/2018;19:30;19;6;13
05/01/2018;19:45;19;9;10
05/01/2018;20:00;11;6;5
05/01/2018;20:15;14;1;13
05/01/2018;20:30;8;4;4
05/01/2018;20:45;10;6;4
05/01/2018;21:00;7;2;5
05/01/2018;21:15;3;0;3
05/01/2018;21:30;6;0;6
05/01/2018;21:45;5;1;4
05/01/2018;22:00;9;3;6
05/01/2018;22:15;5;0;5
05/01/2018;22:30;5;1;4
05/01/2018;22:45;5;0;5
05/01/2018;23:00;7;6;1
05/01/2018;23:15;5;1;4
05/01/2018;23:30;1;1;0
05/01/2018;23:45;3;0;3
06/01/2018;00:00;2;0;2
06/01/2018;00:15;4;1;3
06/01/2018;00:30;2;1;1
06/01/2018;00:45;0;0;0
06/01/2018;01:00;1;0;1
06/01/2018;01:15;0;0;0
06/01/2018;01:30;5;1;4
06/01/2018;01:45;3;1;2
06/01/2018;02:00;2;0;2
06/01/2018;02:15;0;0;0
06/01/2018;02:30;0;0;0
06/01/2018;02:45;2;2;0
06/01/2018;03:00;3;0;3
06/01/2018;03:15;0;0;0
06/01/2018;03:30;0;0;0
06/01/2018;03:45;0;0;0
06/01/2018;04:00;1;0;1
06/01/2018;04:15;1;0;1
06/01/2018;04:30;1;0;1
06/01/2018;04:45;1;0;1
06/01/2018;05:00;0;0;0
06/01/2018;05:15;1;0;1
06/01/2018;05:30;3;1;2
06/01/2018;05:45;1;1;0
06/01/2018;06:00;0;0;0
06/01/2018;06:15;0;0;0
06/01/2018;06:30;0;0;0
06/01/2018;06:45;1;0;1
06/01/2018;07:00;0;0;0
06/01/2018;07:15;0;0;0
06/01/2018;07:30;1;0;1
06/01/2018;07:45;2;1;1
06/01/2018;08:00;2;2;0
06/01/2018;08:15;3;0;3
06/01/2018;08:30;0;0;0
06/01/2018;08:45;5;2;3
06/01/2018;09:00;5;3;2
06/01/2018;09:15;7;3;4
06/01/2018;09:30;13;12;1
06/01/2018;09:45;11;5;6
06/01/2018;10:00;13;10;3
06/01/2018;10:15;13;9;4
06/01/2018;10:30;13;11;2
06/01/2018;10:45;13;12;1
06/01/2018;11:00;17;9;8
06/01/2018;11:15;18;9;9
06/01/2018;11:30;17;9;8
06/01/2018;11:45;20;10;10
06/01/2018;12:00;23;8;15
06/01/2018;12:15;20;10;10
06/01/2018;12:30;20;9;11
06/01/2018;12:45;31;21;10
06/01/2018;13:00;32;17;15
06/01/2018;13:15;25;9;16
06/01/2018;13:30;24;15;9
06/01/2018;13:45;23;15;8
06/01/2018;14:00;20;5;15
06/01/2018;14:15;24;8;16
06/01/2018;14:30;19;6;13
06/01/2018;14:45;30;13;17
06/01/2018;15:00;29;10;19
06/01/2018;15:15;26;9;17
06/01/2018;15:30;22;8;14
06/01/2018;15:45;28;11;17
06/01/2018;16:00;18;5;13
06/01/2018;16:15;24;5;19
06/01/2018;16:30;13;3;10
06/01/2018;16:45;19;6;13
06/01/2018;17:00;22;10;12
06/01/2018;17:15;16;7;9
06/01/2018;17:30;18;7;11
06/01/2018;17:45;11;5;6
06/01/2018;18:00;18;2;16
06/01/2018;18:15;9;4;5
06/01/2018;18:30;12;5;7
06/01/2018;18:45;11;4;7
06/01/2018;19:00;11;6;5
06/01/2018;19:15;20;7;13
06/01/2018;19:30;4;3;1
06/01/2018;19:45;10;2;8
06/01/2018;20:00;7;4;3
06/01/2018;20:15;9;2;7
06/01/2018;20:30;6;2;4
06/01/2018;20:45;3;1;2
06/01/2018;21:00;4;1;3
06/01/2018;21:15;3;1;2
06/01/2018;21:30;1;1;0
06/01/2018;21:45;4;3;1
06/01/2018;22:00;1;1;0
06/01/2018;22:15;2;0;2
06/01/2018;22:30;0;0;0
06/01/2018;22:45;2;0;2
06/01/2018;23:00;2;0;2
06/01/2018;23:15;6;1;5
06/01/2018;23:30;6;1;5
06/01/2018;23:45;2;2;0
07/01/2018;00:00;1;0;1
07/01/2018;00:15;3;1;2
07/01/2018;00:30;4;0;4
07/01/2018;00:45;2;1;1
07/01/2018;01:00;2;0;2
07/01/2018;01:15;1;0;1
07/01/2018;01:30;4;1;3
07/01/2018;01:45;0;0;0
07/01/2018;02:00;2;1;1
07/01/2018;02:15;0;0;0
07/01/2018;02:30;2;1;1
07/01/2018;02:45;0;0;0
07/01/2018;03:00;1;0;1
07/01/2018;03:15;1;0;1
07/01/2018;03:30;0;0;0
07/01/2018;03:45;0;0;0
07/01/2018;04:00;0;0;0
07/01/2018;04:15;0;0;0
07/01/2018;04:30;0;0;0
07/01/2018;04:45;1;0;1
07/01/2018;05:00;0;0;0
07/01/2018;05:15;1;0;1
07/01/2018;05:30;3;1;2
07/01/2018;05:45;0;0;0
07/01/2018;06:00;0;0;0
07/01/2018;06:15;1;1;0
07/01/2018;06:30;0;0;0
07/01/2018;06:45;0;0;0
07/01/2018;07:00;0;0;0
07/01/2018;07:15;0;0;0
07/01/2018;07:30;1;0;1
07/01/2018;07:45;0;0;0
07/01/2018;08:00;1;1;0
07/01/2018;08:15;2;2;0
07/01/2018;08:30;1;0;1
07/01/2018;08:45;1;1;0
07/01/2018;09:00;6;1;5
07/01/2018;09:15;2;0;2
07/01/2018;09:30;3;1;2
07/01/2018;09:45;6;6;0
07/01/2018;10:00;10;3;7
07/01/2018;10:15;5;3;2
07/01/2018;10:30;6;4;2
07/01/2018;10:45;9;5;4
07/01/2018;11:00;9;5;4
07/01/2018;11:15;11;3;8
07/01/2018;11:30;6;1;5
07/01/2018;11:45;19;5;14
07/01/2018;12:00;6;3;3
07/01/2018;12:15;9;2;7
07/01/2018;12:30;10;2;8
07/01/2018;12:45;22;8;14
07/01/2018;13:00;15;5;10
07/01/2018;13:15;18;5;13
07/01/2018;13:30;11;5;6
07/01/2018;13:45;22;8;14
07/01/2018;14:00;20;6;14
07/01/2018;14:15;16;6;10
07/01/2018;14:30;8;4;4
07/01/2018;14:45;15;7;8
07/01/2018;15:00;30;11;19
07/01/2018;15:15;24;7;17
07/01/2018;15:30;15;9;6
07/01/2018;15:45;12;6;6
07/01/2018;16:00;11;7;4
07/01/2018;16:15;14;5;9
07/01/2018;16:30;12;6;6
07/01/2018;16:45;25;10;15
07/01/2018;17:00;13;6;7
07/01/2018;17:15;13;7;6
07/01/2018;17:30;7;2;5
07/01/2018;17:45;8;2;6
07/01/2018;18:00;14;7;7
07/01/2018;18:15;11;4;7
07/01/2018;18:30;9;3;6
07/01/2018;18:45;10;5;5
07/01/2018;19:00;9;6;3
07/01/2018;19:15;6;0;6
07/01/2018;19:30;3;1;2
07/01/2018;19:45;9;3;6
07/01/2018;20:00;6;2;4
07/01/2018;20:15;5;3;2
07/01/2018;20:30;7;2;5
07/01/2018;20:45;3;1;2
07/01/2018;21:00;4;3;1
07/01/2018;21:15;2;0;2
07/01/2018;21:30;7;4;3
07/01/2018;21:45;6;4;2
07/01/2018;22:00;7;2;5
07/01/2018;22:15;2;1;1
07/01/2018;22:30;1;0;1
07/01/2018;22:45;2;1;1
07/01/2018;23:00;1;1;0
07/01/2018;23:15;1;0;1
07/01/2018;23:30;1;1;0
07/01/2018;23:45;0;0;0
08/01/2018;00:00;0;0;0
08/01/2018;00:15;0;0;0
08/01/2018;00:30;1;0;1
08/01/2018;00:45;0;0;0
08/01/2018;01:00;0;0;0
08/01/2018;01:15;0;0;0
08/01/2018;01:30;0;0;0
08/01/2018;01:45;2;2;0
08/01/2018;02:00;0;0;0
08/01/2018;02:15;1;1;0
08/01/2018;02:30;0;0;0
08/01/2018;02:45;1;0;1
08/01/2018;03:00;0;0;0
08/01/2018;03:15;0;0;0
08/01/2018;03:30;0;0;0
08/01/2018;03:45;2;0;2
08/01/2018;04:00;0;0;0
08/01/2018;04:15;0;0;0
08/01/2018;04:30;1;1;0
08/01/2018;04:45;0;0;0
08/01/2018;05:00;1;0;1
08/01/2018;05:15;3;1;2
08/01/2018;05:30;4;2;2
08/01/2018;05:45;2;2;0
08/01/2018;06:00;6;1;5
08/01/2018;06:15;19;12;7
08/01/2018;06:30;17;11;6
08/01/2018;06:45;25;9;16
08/01/2018;07:00;37;19;18
08/01/2018;07:15;50;18;32
08/01/2018;07:30;67;25;42
08/01/2018;07:45;77;32;45
08/01/2018;08:00;86;38;48
08/01/2018;08:15;95;31;64
08/01/2018;08:30;105;28;77
08/01/2018;08:45;94;26;68
08/01/2018;09:00;78;22;56
08/01/2018;09:15;53;19;34
08/01/2018;09:30;39;20;19
08/01/2018;09:45;46;16;30
08/01/2018;10:00;28;13;15
08/01/2018;10:15;24;13;11
08/01/2018;10:30;19;8;11
08/01/2018;10:45;24;12;12
08/01/2018;11:00;17;9;8
08/01/2018;11:15;19;8;11
08/01/2018;11:30;23;6;17
08/01/2018;11:45;16;9;7
08/01/2018;12:00;22;8;14
08/01/2018;12:15;19;10;9
08/01/2018;12:30;25;9;16
08/01/2018;12:45;26;11;15
08/01/2018;13:00;31;13;18
08/01/2018;13:15;30;12;18
08/01/2018;13:30;31;11;20
08/01/2018;13:45;24;13;11
08/01/2018;14:00;25;9;16
08/01/2018;14:15;27;11;16
08/01/2018;14:30;40;16;24
08/01/2018;14:45;28;13;15
08/01/2018;15:00;29;12;17
08/01/2018;15:15;37;24;13
08/01/2018;15:30;43;34;9
08/01/2018;15:45;46;22;24
08/01/2018;16:00;57;20;37
08/01/2018;16:15;50;14;36
08/01/2018;16:30;66;35;31
08/01/2018;16:45;66;34;32
08/01/2018;17:00;71;39;32
08/01/2018;17:15;86;53;33
08/01/2018;17:30;77;45;32
08/01/2018;17:45;89;53;36
08/01/2018;18:00;64;35;29
08/01/2018;18:15;73;41;32
08/01/2018;18:30;52;30;22
08/01/2018;18:45;65;31;34
08/01/2018;19:00;37;24;13
08/01/2018;19:15;31;17;14
08/01/2018;19:30;34;13;21
08/01/2018;19:45;31;12;19
08/01/2018;20:00;18;6;12
08/01/2018;20:15;14;6;8
08/01/2018;20:30;9;4;5
08/01/2018;20:45;21;7;14
08/01/2018;21:00;9;5;4
08/01/2018;21:15;8;2;6
08/01/2018;21:30;12;3;9
08/01/2018;21:45;11;6;5
08/01/2018;22:00;8;3;5
08/01/2018;22:15;8;3;5
08/01/2018;22:30;16;5;11
08/01/2018;22:45;11;5;6
08/01/2018;23:00;3;2;1
08/01/2018;23:15;4;1;3
08/01/2018;23:30;2;0;2
08/01/2018;23:45;0;0;0
09/01/2018;00:00;5;0;5
09/01/2018;00:15;1;0;1
09/01/2018;00:30;0;0;0
09/01/2018;00:45;1;0;1
09/01/2018;01:00;3;0;3
09/01/2018;01:15;0;0;0
09/01/2018;01:30;0;0;0
09/01/2018;01:45;0;0;0
09/01/2018;02:00;0;0;0
09/01/2018;02:15;0;0;0
09/01/2018;02:30;0;0;0
09/01/2018;02:45;0;0;0
09/01/2018;03:00;0;0;0
09/01/2018;03:15;0;0;0
09/01/2018;03:30;0;0;0
09/01/2018;03:45;0;0;0
09/01/2018;04:00;1;1;0
09/01/2018;04:15;0;0;0
09/01/2018;04:30;1;1;0
09/01/2018;04:45;1;1;0
09/01/2018;05:00;0;0;0
09/01/2018;05:15;2;1;1
09/01/2018;05:30;6;4;2
09/01/2018;05:45;5;4;1
09/01/2018;06:00;9;5;4
09/01/2018;06:15;20;7;13
09/01/2018;06:30;21;12;9
09/01/2018;06:45;28;10;18
09/01/2018;07:00;34;15;19
09/01/2018;07:15;53;21;32
09/01/2018;07:30;79;24;55
09/01/2018;07:45;82;35;47
09/01/2018;08:00;95;37;58
09/01/2018;08:15;105;40;65
09/01/2018;08:30;130;30;100
09/01/2018;08:45;120;34;86
09/01/2018;09:00;95;27;68
09/01/2018;09:15;54;19;35
09/01/2018;09:30;47;23;24
09/01/2018;09:45;39;20;19
09/01/2018;10:00;36;20;16
09/01/2018;10:15;26;7;19
09/01/2018;10:30;21;10;11
09/01/2018;10:45;33;13;20
09/01/2018;11:00;18;8;10
09/01/2018;11:15;32;19;13
09/01/2018;11:30;24;17;7
09/01/2018;11:45;23;15;8
09/01/2018;12:00;40;13;27
09/01/2018;12:15;28;14;14
09/01/2018;12:30;28;11;17
09/01/2018;12:45;22;12;10
09/01/2018;13:00;22;12;10
09/01/2018;13:15;42;19;23
09/01/2018;13:30;43;15;28
09/01/2018;13:45;34;12;22
09/01/2018;14:00;31;14;17
09/01/2018;14:15;35;12;23
09/01/2018;14:30;40;19;21
09/01/2018;14:45;32;13;19
09/01/2018;15:00;30;14;16
09/01/2018;15:15;43;16;27
09/01/2018;15:30;48;24;24
09/01/2018;15:45;52;21;31
09/01/2018;16:00;52;28;24
09/01/2018;16:15;63;25;38
09/01/2018;16:30;51;26;25
09/01/2018;16:45;49;26;23
09/01/2018;17:00;62;29;33
09/01/2018;17:15;68;40;28
09/01/2018;17:30;85;44;41
09/01/2018;17:45;89;62;27
09/01/2018;18:00;79;48;31
09/01/2018;18:15;80;47;33
09/01/2018;18:30;63;41;22
09/01/2018;18:45;88;43;45
09/01/2018;19:00;41;26;15
09/01/2018;19:15;32;16;16
09/01/2018;19:30;28;9;19
09/01/2018;19:45;24;9;15
09/01/2018;20:00;16;8;8
09/01/2018;20:15;18;6;12
09/01/2018;20:30;15;8;7
09/01/2018;20:45;15;2;13
09/01/2018;21:00;14;4;10
09/01/2018;21:15;12;4;8
09/01/2018;21:30;14;2;12
09/01/2018;21:45;14;2;12
09/01/2018;22:00;6;1;5
09/01/2018;22:15;7;3;4
09/01/2018;22:30;6;1;5
09/01/2018;22:45;8;1;7
09/01/2018;23:00;1;0;1
09/01/2018;23:15;5;4;1
09/01/2018;23:30;3;1;2
09/01/2018;23:45;3;2;1
10/01/2018;00:00;4;1;3
10/01/2018;00:15;0;0;0
10/01/2018;00:30;1;0;1
10/01/2018;00:45;0;0;0
10/01/2018;01:00;0;0;0
10/01/2018;01:15;0;0;0
10/01/2018;01:30;0;0;0
10/01/2018;01:45;0;0;0
10/01/2018;02:00;0;0;0
10/01/2018;02:15;0;0;0
10/01/2018;02:30;0;0;0
10/01/2018;02:45;0;0;0
10/01/2018;03:00;0;0;0
10/01/2018;03:15;1;0;1
10/01/2018;03:30;0;0;0
10/01/2018;03:45;0;0;0
10/01/2018;04:00;0;0;0
10/01/2018;04:15;0;0;0
10/01/2018;04:30;0;0;0
10/01/2018;04:45;1;0;1
10/01/2018;05:00;0;0;0
10/01/2018;05:15;2;1;1
10/01/2018;05:30;6;3;3
10/01/2018;05:45;3;3;0
10/01/2018;06:00;13;4;9
10/01/2018;06:15;16;12;4
10/01/2018;06:30;12;5;7
10/01/2018;06:45;19;6;13
10/01/2018;07:00;28;10;18
10/01/2018;07:15;46;18;28
10/01/2018;07:30;75;30;45
10/01/2018;07:45;75;40;35
10/01/2018;08:00;80;23;57
10/01/2018;08:15;102;20;82
10/01/2018;08:30;102;26;76
10/01/2018;08:45;107;28;79
10/01/2018;09:00;82;21;61
10/01/2018;09:15;50;18;32
10/01/2018;09:30;46;15;31
10/01/2018;09:45;41;21;20
10/01/2018;10:00;39;23;16
10/01/2018;10:15;23;10;13
10/01/2018;10:30;21;10;11
10/01/2018;10:45;30;14;16
10/01/2018;11:00;21;12;9
10/01/2018;11:15;25;13;12
10/01/2018;11:30;19;11;8
10/01/2018;11:45;28;14;14
10/01/2018;12:00;24;11;13
10/01/2018;12:15;25;13;12
10/01/2018;12:30;27;10;17
10/01/2018;12:45;21;10;11
10/01/2018;13:00;32;18;14
10/01/2018;13:15;37;18;19
10/01/2018;13:30;37;9;28
10/01/2018;13:45;30;11;19
10/01/2018;14:00;26;8;18
10/01/2018;14:15;37;14;23
10/01/2018;14:30;25;12;13
10/01/2018;14:45;26;16;10
10/01/2018;15:00;39;17;22
10/01/2018;15:15;37;13;24
10/01/2018;15:30;43;21;22
10/01/2018;15:45;53;26;27
10/01/2018;16:00;65;32;33
10/01/2018;16:15;56;20;36
10/01/2018;16:30;45;27;18
10/01/2018;16:45;53;29;24
10/01/2018;17:00;57;27;30
10/01/2018;17:15;70;47;23
10/01/2018;17:30;76;44;32
10/01/2018;17:45;74;38;36
10/01/2018;18:00;72;46;26
10/01/2018;18:15;72;39;33
10/01/2018;18:30;55;31;24
10/01/2018;18:45;60;25;35
10/01/2018;19:00;38;18;20
10/01/2018;19:15;37;22;15
10/01/2018;19:30;25;12;13
10/01/2018;19:45;23;12;11
10/01/2018;20:00;22;10;12
10/01/2018;20:15;18;6;12
10/01/2018;20:30;9;6;3
10/01/2018;20:45;15;3;12
10/01/2018;21:00;11;5;6
10/01/2018;21:15;12;6;6
10/01/2018;21:30;9;3;6
10/01/2018;21:45;9;1;8
10/01/2018;22:00;5;0;5
10/01/2018;22:15;10;3;7
10/01/2018;22:30;3;0;3
10/01/2018;22:45;5;0;5
10/01/2018;23:00;7;1;6
10/01/2018;23:15;3;3;0
10/01/2018;23:30;5;1;4
10/01/2018;23:45;3;0;3
11/01/2018;00:00;3;0;3
11/01/2018;00:15;2;0;2
11/01/2018;00:30;0;0;0
11/01/2018;00:45;1;1;0
11/01/2018;01:00;0;0;0
11/01/2018;01:15;0;0;0
11/01/2018;01:30;3;1;2
11/01/2018;01:45;1;0;1
11/01/2018;02:00;0;0;0
11/01/2018;02:15;0;0;0
11/01/2018;02:30;0;0;0
11/01/2018;02:45;0;0;0
11/01/2018;03:00;1;0;1
11/01/2018;03:15;0;0;0
11/01/2018;03:30;0;0;0
11/01/2018;03:45;0;0;0
11/01/2018;04:00;0;0;0
11/01/2018;04:15;0;0;0
11/01/2018;04:30;3;2;1
11/01/2018;04:45;0;0;0
11/01/2018;05:00;0;0;0
11/01/2018;05:15;1;1;0
11/01/2018;05:30;5;1;4
11/01/2018;05:45;7;4;3
11/01/2018;06:00;14;8;6
11/01/2018;06:15;12;7;5
11/01/2018;06:30;17;7;10
11/01/2018;06:45;20;11;9
11/01/2018;07:00;41;22;19
11/01/2018;07:15;55;19;36
11/01/2018;07:30;65;25;40
11/01/2018;07:45;84;34;50
11/01/2018;08:00;91;28;63
11/01/2018;08:15;100;31;69
11/01/2018;08:30;107;30;77
11/01/2018;08:45;76;19;57
11/01/2018;09:00;76;26;50
11/01/2018;09:15;41;15;26
11/01/2018;09:30;37;19;18
11/01/2018;09:45;57;27;30
11/01/2018;10:00;20;11;9
11/01/2018;10:15;15;8;7
11/01/2018;10:30;19;13;6
11/01/2018;10:45;22;13;9
11/01/2018;11:00;14;8;6
11/01/2018;11:15;15;9;6
11/01/2018;11:30;14;5;9
11/01/2018;11:45;28;16;12
11/01/2018;12:00;26;16;10
11/01/2018;12:15;26;11;15
11/01/2018;12:30;28;13;15
11/01/2018;12:45;26;17;9
11/01/2018;13:00;21;8;13
11/01/2018;13:15;27;11;16
11/01/2018;13:30;26;8;18
11/01/2018;13:45;34;8;26
11/01/2018;14:00;32;17;15
11/01/2018;14:15;32;14;18
11/01/2018;14:30;38;16;22
11/01/2018;14:45;35;18;17
11/01/2018;15:00;42;23;19
11/01/2018;15:15;26;14;12
11/01/2018;15:30;34;20;14
11/01/2018;15:45;60;28;32
11/01/2018;16:00;52;31;21
11/01/2018;16:15;43;22;21
11/01/2018;16:30;38;15;23
11/01/2018;16:45;49;15;34
11/01/2018;17:00;63;38;25
11/01/2018;17:15;62;36;26
11/01/2018;17:30;84;51;33
11/01/2018;17:45;70;40;30
11/01/2018;18:00;81;38;43
11/01/2018;18:15;78;47;31
11/01/2018;18:30;62;33;29
11/01/2018;18:45;53;30;23
11/01/2018;19:00;41;16;25
11/01/2018;19:15;30;10;20
11/01/2018;19:30;35;22;13
11/01/2018;19:45;25;14;11
11/01/2018;20:00;23;6;17
11/01/2018;20:15;24;10;14
11/01/2018;20:30;14;6;8
11/01/2018;20:45;9;1;8
11/01/2018;21:00;13;7;6
11/01/2018;21:15;8;3;5
11/01/2018;21:30;12;1;11
11/01/2018;21:45;14;8;6
11/01/2018;22:00;13;7;6
11/01/2018;22:15;19;8;11
11/01/2018;22:30;12;5;7
11/01/2018;22:45;3;0;3
11/01/2018;23:00;6;3;3
11/01/2018;23:15;6;4;2
11/01/2018;23:30;1;0;1
11/01/2018;23:45;3;2;1
12/01/2018;00:00;1;0;1
12/01/2018;00:15;3;1;2
12/01/2018;00:30;0;0;0
12/01/2018;00:45;3;0;3
12/01/2018;01:00;0;0;0
12/01/2018;01:15;1;0;1
12/01/2018;01:30;0;0;0
12/01/2018;01:45;1;1;0
12/01/2018;02:00;0;0;0
12/01/2018;02:15;0;0;0
12/01/2018;02:30;1;0;1
12/01/2018;02:45;0;0;0
12/01/2018;03:00;0;0;0
12/01/2018;03:15;0;0;0
12/01/2018;03:30;0;0;0
12/01/2018;03:45;0;0;0
12/01/2018;04:00;1;0;1
12/01/2018;04:15;0;0;0
12/01/2018;04:30;2;2;0
12/01/2018;04:45;0;0;0
12/01/2018;05:00;0;0;0
12/01/2018;05:15;1;1;0
12/01/2018;05:30;5;3;2
12/01/2018;05:45;9;6;3
12/01/2018;06:00;6;4;2
12/01/2018;06:15;20;11;9
12/01/2018;06:30;10;3;7
12/01/2018;06:45;22;12;10
12/01/2018;07:00;16;10;6
12/01/2018;07:15;40;17;23
12/01/2018;07:30;72;31;41
12/01/2018;07:45;66;32;34
12/01/2018;08:00;80;36;44
12/01/2018;08:15;84;23;61
12/01/2018;08:30;75;23;52
12/01/2018;08:45;92;20;72
12/01/2018;09:00;56;25;31
12/01/2018;09:15;47;17;30
12/01/2018;09:30;35;24;11
12/01/2018;09:45;43;24;19
12/01/2018;10:00;26;13;13
12/01/2018;10:15;23;10;13
12/01/2018;10:30;18;5;13
12/01/2018;10:45;17;14;3
12/01/2018;11:00;14;5;9
12/01/2018;11:15;18;9;9
12/01/2018;11:30;22;11;11
12/01/2018;11:45;25;12;13
12/01/2018;12:00;25;12;13
12/01/2018;12:15;32;17;15
12/01/2018;12:30;20;11;9
12/01/2018;12:45;25;10;15
12/01/2018;13:00;24;9;15
12/01/2018;13:15;31;14;17
12/01/2018;13:30;22;7;15
12/01/2018;13:45;25;8;17
12/01/2018;14:00;30;14;16
12/01/2018;14:15;32;16;16
12/01/2018;14:30;33;15;18
12/01/2018;14:45;42;20;22
12/01/2018;15:00;46;22;24
12/01/2018;15:15;38;14;24
12/01/2018;15:30;37;21;16
12/01/2018;15:45;51;26;25
12/01/2018;16:00;50;26;24
12/01/2018;16:15;57;31;26
12/01/2018;16:30;37;22;15
12/01/2018;16:45;59;32;27
12/01/2018;17:00;46;31;15
12/01/2018;17:15;68;35;33
12/01/2018;17:30;46;25;21
12/01/2018;17:45;58;32;26
12/01/2018;18:00;46;17;29
12/01/2018;18:15;45;27;18
12/01/2018;18:30;43;24;19
12/01/2018;18:45;26;12;14
12/01/2018;19:00;25;9;16
12/01/2018;19:15;24;10;14
12/01/2018;19:30;16;5;11
12/01/2018;19:45;19;10;9
12/01/2018;20:00;21;7;14
12/01/2018;20:15;17;9;8
12/01/2018;20:30;10;6;4
12/01/2018;20:45;14;2;12
12/01/2018;21:00;6;2;4
12/01/2018;21:15;9;3;6
12/01/2018;21:30;10;3;7
12/01/2018;21:45;5;2;3
12/01/2018;22:00;11;6;5
12/01/2018;22:15;6;2;4
12/01/2018;22:30;3;0;3
12/01/2018;22:45;5;0;5
12/01/2018;23:00;5;1;4
12/01/2018;23:15;11;4;7
12/01/2018;23:30;5;1;4
12/01/2018;23:45;4;3;1
13/01/2018;00:00;4;0;4
13/01/2018;00:15;3;1;2
13/01/2018;00:30;3;0;3
13/01/2018;00:45;6;2;4
13/01/2018;01:00;2;0;2
13/01/2018;01:15;5;0;5
13/01/2018;01:30;3;0;3
13/01/2018;01:45;2;0;2
13/01/2018;02:00;2;1;1
13/01/2018;02:15;1;0;1
13/01/2018;02:30;1;0;1
13/01/2018;02:45;3;0;3
13/01/2018;03:00;0;0;0
13/01/2018;03:15;0;0;0
13/01/2018;03:30;0;0;0
13/01/2018;03:45;2;0;2
13/01/2018;04:00;1;0;1
13/01/2018;04:15;2;1;1
13/01/2018;04:30;0;0;0
13/01/2018;04:45;1;1;0
13/01/2018;05:00;2;1;1
13/01/2018;05:15;0;0;0
13/01/2018;05:30;1;1;0
13/01/2018;05:45;0;0;0
13/01/2018;06:00;0;0;0
13/01/2018;06:15;0;0;0
13/01/2018;06:30;5;3;2
13/01/2018;06:45;0;0;0
13/01/2018;07:00;2;0;2
13/01/2018;07:15;0;0;0
13/01/2018;07:30;2;1;1
13/01/2018;07:45;1;1;0
13/01/2018;08:00;2;0;2
13/01/2018;08:15;5;1;4
13/01/2018;08:30;3;0;3
13/01/2018;08:45;8;4;4
13/01/2018;09:00;9;5;4
13/01/2018;09:15;7;4;3
13/01/2018;09:30;21;17;4
13/01/2018;09:45;20;15;5
13/01/2018;10:00;9;5;4
13/01/2018;10:15;24;15;9
13/01/2018;10:30;12;7;5
13/01/2018;10:45;16;11;5
13/01/2018;11:00;12;7;5
13/01/2018;11:15;16;10;6
13/01/2018;11:30;16;6;10
13/01/2018;11:45;23;11;12
13/01/2018;12:00;13;10;3
13/01/2018;12:15;24;13;11
13/01/2018;12:30;23;9;14
13/01/2018;12:45;20;12;8
13/01/2018;13:00;15;8;7
13/01/2018;13:15;24;10;14
13/01/2018;13:30;20;10;10
13/01/2018;13:45;20;13;7
13/01/2018;14:00;22;9;13
13/01/2018;14:15;35;13;22
13/01/2018;14:30;17;5;12
13/01/2018;14:45;29;10;19
13/01/2018;15:00;15;7;8
13/01/2018;15:15;17;12;5
13/01/2018;15:30;29;10;19
13/01/2018;15:45;35;23;12
13/01/2018;16:00;22;9;13
13/01/2018;16:15;15;10;5
13/01/2018;16:30;21;13;8
13/01/2018;16:45;23;11;12
13/01/2018;17:00;19;4;15
13/01/2018;17:15;12;6;6
13/01/2018;17:30;12;3;9
13/01/2018;17:45;25;16;9
13/01/2018;18:00;24;12;12
13/01/2018;18:15;10;5;5
13/01/2018;18:30;14;8;6
13/01/2018;18:45;13;3;10
13/01/2018;19:00;20;6;14
13/01/2018;19:15;12;7;5
13/01/2018;19:30;3;1;2
13/01/2018;19:45;24;7;17
13/01/2018;20:00;15;8;7
13/01/2018;20:15;9;3;6
13/01/2018;20:30;7;4;3
13/01/2018;20:45;3;0;3
13/01/2018;21:00;4;3;1
13/01/2018;21:15;2;1;1
13/01/2018;21:30;6;2;4
13/01/2018;21:45;11;5;6
13/01/2018;22:00;4;1;3
13/01/2018;22:15;2;0;2
13/01/2018;22:30;10;3;7
13/01/2018;22:45;2;1;1
13/01/2018;23:00;4;1;3
13/01/2018;23:15;2;1;1
13/01/2018;23:30;4;4;0
13/01/2018;23:45;2;0;2
14/01/2018;00:00;12;6;6
14/01/2018;00:15;5;1;4
14/01/2018;00:30;5;2;3
14/01/2018;00:45;2;0;2
14/01/2018;01:00;7;3;4
14/01/2018;01:15;7;2;5
14/01/2018;01:30;0;0;0
14/01/2018;01:45;3;1;2
14/01/2018;02:00;0;0;0
14/01/2018;02:15;1;0;1
14/01/2018;02:30;1;0;1
14/01/2018;02:45;3;1;2
14/01/2018;03:00;0;0;0
14/01/2018;03:15;2;0;2
14/01/2018;03:30;1;0;1
14/01/2018;03:45;4;4;0
14/01/2018;04:00;0;0;0
14/01/2018;04:15;0;0;0
14/01/2018;04:30;1;1;0
14/01/2018;04:45;0;0;0
14/01/2018;05:00;0;0;0
14/01/2018;05:15;0;0;0
14/01/2018;05:30;2;0;2
14/01/2018;05:45;0;0;0
14/01/2018;06:00;0;0;0
14/01/2018;06:15;0;0;0
14/01/2018;06:30;0;0;0
14/01/2018;06:45;1;0;1
14/01/2018;07:00;1;0;1
14/01/2018;07:15;1;0;1
14/01/2018;07:30;2;1;1
14/01/2018;07:45;1;1;0
14/01/2018;08:00;0;0;0
14/01/2018;08:15;5;2;3
14/01/2018;08:30;1;0;1
14/01/2018;08:45;3;1;2
14/01/2018;09:00;1;0;1
14/01/2018;09:15;2;2;0
14/01/2018;09:30;6;5;1
14/01/2018;09:45;9;2;7
14/01/2018;10:00;12;2;10
14/01/2018;10:15;14;5;9
14/01/2018;10:30;25;17;8
14/01/2018;10:45;10;5;5
14/01/2018;11:00;15;9;6
14/01/2018;11:15;9;6;3
14/01/2018;11:30;10;4;6
14/01/2018;11:45;17;9;8
14/01/2018;12:00;19;9;10
14/01/2018;12:15;15;5;10
14/01/2018;12:30;19;14;5
14/01/2018;12:45;15;6;9
14/01/2018;13:00;20;7;13
14/01/2018;13:15;21;6;15
14/01/2018;13:30;12;4;8
14/01/2018;13:45;18;7;11
14/01/2018;14:00;14;5;9
14/01/2018;14:15;15;7;8
14/01/2018;14:30;14;7;7
14/01/2018;14:45;16;8;8
14/01/2018;15:00;33;22;11
14/01/2018;15:15;20;9;11
14/01/2018;15:30;17;6;11
14/01/2018;15:45;11;6;5
14/01/2018;16:00;30;12;18
14/01/2018;16:15;16;8;8
14/01/2018;16:30;20;11;9
14/01/2018;16:45;9;3;6
14/01/2018;17:00;10;5;5
14/01/2018;17:15;12;6;6
14/01/2018;17:30;12;7;5
14/01/2018;17:45;8;4;4
14/01/2018;18:00;17;8;9
14/01/2018;18:15;13;4;9
14/01/2018;18:30;13;5;8
14/01/2018;18:45;9;3;6
14/01/2018;19:00;9;2;7
14/01/2018;19:15;11;3;8
14/01/2018;19:30;12;3;9
14/01/2018;19:45;7;2;5
14/01/2018;20:00;3;2;1
14/01/2018;20:15;6;3;3
14/01/2018;20:30;4;0;4
14/01/2018;20:45;8;3;5
14/01/2018;21:00;6;3;3
14/01/2018;21:15;7;2;5
14/01/2018;21:30;6;1;5
14/01/2018;21:45;2;0;2
14/01/2018;22:00;1;0;1
14/01/2018;22:15;1;0;1
14/01/2018;22:30;3;2;1
14/01/2018;22:45;3;2;1
14/01/2018;23:00;3;0;3
14/01/2018;23:15;0;0;0
14/01/2018;23:30;3;2;1
14/01/2018;23:45;2;1;1
15/01/2018;00:00;0;0;0
15/01/2018;00:15;2;0;2
15/01/2018;00:30;0;0;0
15/01/2018;00:45;0;0;0
15/01/2018;01:00;0;0;0
15/01/2018;01:15;0;0;0
15/01/2018;01:30;0;0;0
15/01/2018;01:45;0;0;0
15/01/2018;02:00;0;0;0
15/01/2018;02:15;0;0;0
15/01/2018;02:30;0;0;0
15/01/2018;02:45;0;0;0
15/01/2018;03:00;0;0;0
15/01/2018;03:15;0;0;0
15/01/2018;03:30;0;0;0
15/01/2018;03:45;0;0;0
15/01/2018;04:00;0;0;0
15/01/2018;04:15;0;0;0
15/01/2018;04:30;1;1;0
15/01/2018;04:45;0;0;0
15/01/2018;05:00;1;1;0
15/01/2018;05:15;2;1;1
15/01/2018;05:30;5;2;3
15/01/2018;05:45;6;2;4
15/01/2018;06:00;5;4;1
15/01/2018;06:15;16;6;10
15/01/2018;06:30;7;6;1
15/01/2018;06:45;20;10;10
15/01/2018;07:00;24;11;13
15/01/2018;07:15;46;21;25
15/01/2018;07:30;53;24;29
15/01/2018;07:45;58;26;32
15/01/2018;08:00;78;22;56
15/01/2018;08:15;96;31;65
15/01/2018;08:30;73;18;55
15/01/2018;08:45;85;23;62
15/01/2018;09:00;55;15;40
15/01/2018;09:15;43;16;27
15/01/2018;09:30;36;18;18
15/01/2018;09:45;25;17;8
15/01/2018;10:00;23;16;7
15/01/2018;10:15;15;7;8
15/01/2018;10:30;22;12;10
15/01/2018;10:45;28;15;13
15/01/2018;11:00;17;9;8
15/01/2018;11:15;18;8;10
15/01/2018;11:30;16;7;9
15/01/2018;11:45;17;8;9
15/01/2018;12:00;22;9;13
15/01/2018;12:15;19;5;14
15/01/2018;12:30;23;11;12
15/01/2018;12:45;32;17;15
15/01/2018;13:00;23;5;18
15/01/2018;13:15;28;13;15
15/01/2018;13:30;37;13;24
15/01/2018;13:45;20;9;11
15/01/2018;14:00;19;9;10
15/01/2018;14:15;21;10;11
15/01/2018;14:30;24;13;11
15/01/2018;14:45;22;13;9
15/01/2018;15:00;21;10;11
15/01/2018;15:15;32;15;17
15/01/2018;15:30;33;18;15
15/01/2018;15:45;44;18;26
15/01/2018;16:00;42;24;18
15/01/2018;16:15;54;27;27
15/01/2018;16:30;51;25;26
15/01/2018;16:45;55;23;32
15/01/2018;17:00;54;24;30
15/01/2018;17:15;46;22;24
15/01/2018;17:30;59;33;26
15/01/2018;17:45;69;47;22
15/01/2018;18:00;50;30;20
15/01/2018;18:15;47;30;17
15/01/2018;18:30;56;31;25
15/01/2018;18:45;48;26;22
15/01/2018;19:00;38;21;17
15/01/2018;19:15;26;11;15
15/01/2018;19:30;26;9;17
15/01/2018;19:45;24;10;14
15/01/2018;20:00;16;10;6
15/01/2018;20:15;16;9;7
15/01/2018;20:30;11;4;7
15/01/2018;20:45;13;8;5
15/01/2018;21:00;5;1;4
15/01/2018;21:15;5;1;4
15/01/2018;21:30;4;2;2
15/01/2018;21:45;5;2;3
15/01/2018;22:00;1;0;1
15/01/2018;22:15;10;2;8
15/01/2018;22:30;8;4;4
15/01/2018;22:45;6;2;4
15/01/2018;23:00;3;0;3
15/01/2018;23:15;5;4;1
15/01/2018;23:30;5;1;4
15/01/2018;23:45;2;1;1
16/01/2018;00:00;2;1;1
16/01/2018;00:15;0;0;0
16/01/2018;00:30;4;2;2
16/01/2018;00:45;0;0;0
16/01/2018;01:00;0;0;0
16/01/2018;01:15;0;0;0
16/01/2018;01:30;0;0;0
16/01/2018;01:45;0;0;0
16/01/2018;02:00;1;0;1
16/01/2018;02:15;0;0;0
16/01/2018;02:30;0;0;0
16/01/2018;02:45;0;0;0
16/01/2018;03:00;0;0;0
16/01/2018;03:15;0;0;0
16/01/2018;03:30;1;0;1
16/01/2018;03:45;0;0;0
16/01/2018;04:00;0;0;0
16/01/2018;04:15;0;0;0
16/01/2018;04:30;1;1;0
16/01/2018;04:45;0;0;0
16/01/2018;05:00;0;0;0
16/01/2018;05:15;4;2;2
16/01/2018;05:30;6;5;1
16/01/2018;05:45;5;3;2
16/01/2018;06:00;8;5;3
16/01/2018;06:15;5;2;3
16/01/2018;06:30;12;6;6
16/01/2018;06:45;15;9;6
16/01/2018;07:00;22;9;13
16/01/2018;07:15;42;17;25
16/01/2018;07:30;55;24;31
16/01/2018;07:45;51;16;35
16/01/2018;08:00;66;32;34
16/01/2018;08:15;75;32;43
16/01/2018;08:30;69;20;49
16/01/2018;08:45;87;24;63
16/01/2018;09:00;56;13;43
16/01/2018;09:15;50;22;28
16/01/2018;09:30;25;11;14
16/01/2018;09:45;27;11;16
16/01/2018;10:00;31;19;12
16/01/2018;10:15;11;7;4
16/01/2018;10:30;16;7;9
16/01/2018;10:45;15;4;11
16/01/2018;11:00;20;11;9
16/01/2018;11:15;18;8;10
16/01/2018;11:30;16;11;5
16/01/2018;11:45;22;11;11
16/01/2018;12:00;21;8;13
16/01/2018;12:15;15;5;10
16/01/2018;12:30;18;5;13
16/01/2018;12:45;17;6;11
16/01/2018;13:00;18;6;12
16/01/2018;13:15;14;7;7
16/01/2018;13:30;18;7;11
16/01/2018;13:45;19;5;14
16/01/2018;14:00;24;7;17
16/01/2018;14:15;22;11;11
16/01/2018;14:30;26;13;13
16/01/2018;14:45;19;10;9
16/01/2018;15:00;17;9;8
16/01/2018;15:15;38;15;23
16/01/2018;15:30;33;21;12
16/01/2018;15:45;50;23;27
16/01/2018;16:00;45;21;24
16/01/2018;16:15;42;20;22
16/01/2018;16:30;35;15;20
16/01/2018;16:45;43;22;21
16/01/2018;17:00;53;27;26
16/01/2018;17:15;60;38;22
16/01/2018;17:30;46;26;20
16/01/2018;17:45;55;37;18
16/01/2018;18:00;65;42;23
16/01/2018;18:15;46;34;12
16/01/2018;18:30;47;25;22
16/01/2018;18:45;49;31;18
16/01/2018;19:00;37;20;17
16/01/2018;19:15;34;19;15
16/01/2018;19:30;24;11;13
16/01/2018;19:45;19;9;10
16/01/2018;20:00;15;8;7
16/01/2018;20:15;18;3;15
16/01/2018;20:30;16;10;6
16/01/2018;20:45;8;2;6
16/01/2018;21:00;10;3;7
16/01/2018;21:15;13;4;9
16/01/2018;21:30;11;3;8
16/01/2018;21:45;5;0;5
16/01/2018;22:00;6;2;4
16/01/2018;22:15;8;0;8
16/01/2018;22:30;6;1;5
16/01/2018;22:45;7;3;4
16/01/2018;23:00;2;0;2
16/01/2018;23:15;3;1;2
16/01/2018;23:30;3;0;3
16/01/2018;23:45;1;0;1
17/01/2018;00:00;3;2;1
17/01/2018;00:15;0;0;0
17/01/2018;00:30;2;0;2
17/01/2018;00:45;1;1;0
17/01/2018;01:00;1;0;1
17/01/2018;01:15;1;0;1
17/01/2018;01:30;2;0;2
17/01/2018;01:45;2;0;2
17/01/2018;02:00;0;0;0
17/01/2018;02:15;1;0;1
17/01/2018;02:30;0;0;0
17/01/2018;02:45;0;0;0
17/01/2018;03:00;0;0;0
17/01/2018;03:15;0;0;0
17/01/2018;03:30;0;0;0
17/01/2018;03:45;0;0;0
17/01/2018;04:00;0;0;0
17/01/2018;04:15;0;0;0
17/01/2018;04:30;1;1;0
17/01/2018;04:45;0;0;0
17/01/2018;05:00;0;0;0
17/01/2018;05:15;3;1;2
17/01/2018;05:30;6;3;3
17/01/2018;05:45;5;3;2
17/01/2018;06:00;5;2;3
17/01/2018;06:15;8;5;3
17/01/2018;06:30;11;8;3
17/01/2018;06:45;15;5;10
17/01/2018;07:00;6;2;4
17/01/2018;07:15;23;13;10
17/01/2018;07:30;32;10;22
17/01/2018;07:45;30;11;19
17/01/2018;08:00;52;19;33
17/01/2018;08:15;46;14;32
17/01/2018;08:30;51;9;42
17/01/2018;08:45;43;13;30
17/01/2018;09:00;31;9;22
17/01/2018;09:15;29;10;19
17/01/2018;09:30;21;10;11
17/01/2018;09:45;25;13;12
17/01/2018;10:00;20;11;9
17/01/2018;10:15;13;7;6
17/01/2018;10:30;7;5;2
17/01/2018;10:45;11;3;8
17/01/2018;11:00;14;7;7
17/01/2018;11:15;9;5;4
17/01/2018;11:30;15;8;7
17/01/2018;11:45;9;5;4
17/01/2018;12:00;17;7;10
17/01/2018;12:15;11;6;5
17/01/2018;12:30;10;2;8
17/01/2018;12:45;10;4;6
17/01/2018;13:00;15;7;8
17/01/2018;13:15;9;4;5
17/01/2018;13:30;17;11;6
17/01/2018;13:45;17;4;13
17/01/2018;14:00;18;8;10
17/01/2018;14:15;12;4;8
17/01/2018;14:30;13;8;5
17/01/2018;14:45;10;5;5
17/01/2018;15:00;14;7;7
17/01/2018;15:15;17;7;10
17/01/2018;15:30;16;7;9
17/01/2018;15:45;31;16;15
17/01/2018;16:00;26;11;15
17/01/2018;16:15;24;13;11
17/01/2018;16:30;24;11;13
17/01/2018;16:45;33;17;16
17/01/2018;17:00;29;17;12
17/01/2018;17:15;26;18;8
17/01/2018;17:30;48;29;19
17/01/2018;17:45;60;35;25
17/01/2018;18:00;41;24;17
17/01/2018;18:15;44;27;17
17/01/2018;18:30;43;29;14
17/01/2018;18:45;40;21;19
17/01/2018;19:00;23;8;15
17/01/2018;19:15;24;15;9
17/01/2018;19:30;17;3;14
17/01/2018;19:45;14;11;3
17/01/2018;20:00;13;3;10
17/01/2018;20:15;10;3;7
17/01/2018;20:30;10;6;4
17/01/2018;20:45;8;5;3
17/01/2018;21:00;12;6;6
17/01/2018;21:15;15;8;7
17/01/2018;21:30;8;4;4
17/01/2018;21:45;6;1;5
17/01/2018;22:00;9;3;6
17/01/2018;22:15;8;5;3
17/01/2018;22:30;5;2;3
17/01/2018;22:45;4;0;4
17/01/2018;23:00;3;1;2
17/01/2018;23:15;5;2;3
17/01/2018;23:30;0;0;0
17/01/2018;23:45;1;0;1
18/01/2018;00:00;4;0;4
18/01/2018;00:15;0;0;0
18/01/2018;00:30;6;0;6
18/01/2018;00:45;1;0;1
18/01/2018;01:00;0;0;0
18/01/2018;01:15;0;0;0
18/01/2018;01:30;0;0;0
18/01/2018;01:45;1;0;1
18/01/2018;02:00;0;0;0
18/01/2018;02:15;0;0;0
18/01/2018;02:30;0;0;0
18/01/2018;02:45;0;0;0
18/01/2018;03:00;0;0;0
18/01/2018;03:15;0;0;0
18/01/2018;03:30;0;0;0
18/01/2018;03:45;1;0;1
18/01/2018;04:00;0;0;0
18/01/2018;04:15;0;0;0
18/01/2018;04:30;1;1;0
18/01/2018;04:45;0;0;0
18/01/2018;05:00;1;0;1
18/01/2018;05:15;2;1;1
18/01/2018;05:30;3;2;1
18/01/2018;05:45;9;5;4
18/01/2018;06:00;3;1;2
18/01/2018;06:15;10;6;4
18/01/2018;06:30;11;7;4
18/01/2018;06:45;14;7;7
18/01/2018;07:00;18;6;12
18/01/2018;07:15;29;16;13
18/01/2018;07:30;27;8;19
18/01/2018;07:45;41;19;22
18/01/2018;08:00;58;22;36
18/01/2018;08:15;65;24;41
18/01/2018;08:30;56;18;38
18/01/2018;08:45;48;13;35
18/01/2018;09:00;49;14;35
18/01/2018;09:15;31;15;16
18/01/2018;09:30;25;14;11
18/01/2018;09:45;27;15;12
18/01/2018;10:00;22;7;15
18/01/2018;10:15;10;2;8
18/01/2018;10:30;4;2;2
18/01/2018;10:45;7;2;5
18/01/2018;11:00;14;9;5
18/01/2018;11:15;7;3;4
18/01/2018;11:30;6;2;4
18/01/2018;11:45;17;10;7
18/01/2018;12:00;11;6;5
18/01/2018;12:15;12;2;10
18/01/2018;12:30;16;5;11
18/01/2018;12:45;9;5;4
18/01/2018;13:00;15;7;8
18/01/2018;13:15;19;12;7
18/01/2018;13:30;7;4;3
18/01/2018;13:45;19;10;9
18/01/2018;14:00;20;11;9
18/01/2018;14:15;15;4;11
18/01/2018;14:30;27;13;14
18/01/2018;14:45;16;10;6
18/01/2018;15:00;19;13;6
18/01/2018;15:15;16;5;11
18/01/2018;15:30;18;6;12
18/01/2018;15:45;27;16;11
18/01/2018;16:00;24;13;11
18/01/2018;16:15;24;16;8
18/01/2018;16:30;28;15;13
18/01/2018;16:45;36;15;21
18/01/2018;17:00;34;16;18
18/01/2018;17:15;35;24;11
18/01/2018;17:30;38;19;19
18/01/2018;17:45;47;36;11
18/01/2018;18:00;40;29;11
18/01/2018;18:15;43;28;15
18/01/2018;18:30;48;24;24
18/01/2018;18:45;44;34;10
18/01/2018;19:00;31;13;18
18/01/2018;19:15;23;14;9
18/01/2018;19:30;21;12;9
18/01/2018;19:45;13;8;5
18/01/2018;20:00;11;3;8
18/01/2018;20:15;15;8;7
18/01/2018;20:30;13;8;5
18/01/2018;20:45;13;2;11
18/01/2018;21:00;6;1;5
18/01/2018;21:15;7;1;6
18/01/2018;21:30;11;3;8
18/01/2018;21:45;9;1;8
18/01/2018;22:00;6;1;5
18/01/2018;22:15;5;2;3
18/01/2018;22:30;6;0;6
18/01/2018;22:45;2;0;2
18/01/2018;23:00;5;2;3
18/01/2018;23:15;2;1;1
18/01/2018;23:30;0;0;0
18/01/2018;23:45;0;0;0
19/01/2018;00:00;1;0;1
19/01/2018;00:15;1;0;1
19/01/2018;00:30;2;0;2
19/01/2018;00:45;0;0;0
19/01/2018;01:00;0;0;0
19/01/2018;01:15;1;0;1
19/01/2018;01:30;1;0;1
19/01/2018;01:45;0;0;0
19/01/2018;02:00;1;1;0
19/01/2018;02:15;0;0;0
19/01/2018;02:30;1;0;1
19/01/2018;02:45;0;0;0
19/01/2018;03:00;0;0;0
19/01/2018;03:15;0;0;0
19/01/2018;03:30;0;0;0
19/01/2018;03:45;0;0;0
19/01/2018;04:00;0;0;0
19/01/2018;04:15;0;0;0
19/01/2018;04:30;1;1;0
19/01/2018;04:45;0;0;0
19/01/2018;05:00;2;1;1
19/01/2018;05:15;2;2;0
19/01/2018;05:30;4;2;2
19/01/2018;05:45;7;6;1
19/01/2018;06:00;5;2;3
19/01/2018;06:15;6;2;4
19/01/2018;06:30;13;7;6
19/01/2018;06:45;15;8;7
19/01/2018;07:00;17;8;9
19/01/2018;07:15;35;11;24
19/01/2018;07:30;51;23;28
19/01/2018;07:45;51;20;31
19/01/2018;08:00;61;25;36
19/01/2018;08:15;54;18;36
19/01/2018;08:30;66;16;50
19/01/2018;08:45;57;18;39
19/01/2018;09:00;53;16;37
19/01/2018;09:15;38;16;22
19/01/2018;09:30;26;13;13
19/01/2018;09:45;27;15;12
19/01/2018;10:00;23;10;13
19/01/2018;10:15;15;7;8
19/01/2018;10:30;17;6;11
19/01/2018;10:45;13;10;3
19/01/2018;11:00;15;7;8
19/01/2018;11:15;20;8;12
19/01/2018;11:30;17;10;7
19/01/2018;11:45;22;8;14
19/01/2018;12:00;17;13;4
19/01/2018;12:15;22;10;12
19/01/2018;12:30;24;12;12
19/01/2018;12:45;24;12;12
19/01/2018;13:00;27;13;14
19/01/2018;13:15;28;16;12
19/01/2018;13:30;21;8;13
19/01/2018;13:45;29;9;20
19/01/2018;14:00;20;11;9
19/01/2018;14:15;37;16;21
19/01/2018;14:30;34;12;22
19/01/2018;14:45;33;13;20
19/01/2018;15:00;26;9;17
19/01/2018;15:15;44;24;20
19/01/2018;15:30;50;29;21
19/01/2018;15:45;43;25;18
19/01/2018;16:00;40;21;19
19/01/2018;16:15;50;33;17
19/01/2018;16:30;38;17;21
19/01/2018;16:45;47;28;19
19/01/2018;17:00;42;21;21
19/01/2018;17:15;36;21;15
19/01/2018;17:30;58;30;28
19/01/2018;17:45;50;31;19
19/01/2018;18:00;33;11;22
19/01/2018;18:15;39;21;18
19/01/2018;18:30;30;16;14
19/01/2018;18:45;25;15;10
19/01/2018;19:00;22;10;12
19/01/2018;19:15;15;6;9
19/01/2018;19:30;13;6;7
19/01/2018;19:45;20;8;12
19/01/2018;20:00;19;9;10
19/01/2018;20:15;18;6;12
19/01/2018;20:30;3;1;2
19/01/2018;20:45;10;2;8
19/01/2018;21:00;5;1;4
19/01/2018;21:15;13;7;6
19/01/2018;21:30;9;0;9
19/01/2018;21:45;7;1;6
19/01/2018;22:00;5;2;3
19/01/2018;22:15;3;0;3
19/01/2018;22:30;2;1;1
19/01/2018;22:45;5;2;3
19/01/2018;23:00;3;3;0
19/01/2018;23:15;5;2;3
19/01/2018;23:30;4;1;3
19/01/2018;23:45;5;2;3
20/01/2018;00:00;0;0;0
20/01/2018;00:15;4;0;4
20/01/2018;00:30;3;0;3
20/01/2018;00:45;4;0;4
20/01/2018;01:00;0;0;0
20/01/2018;01:15;2;0;2
20/01/2018;01:30;2;1;1
20/01/2018;01:45;2;1;1
20/01/2018;02:00;3;0;3
20/01/2018;02:15;1;0;1
20/01/2018;02:30;1;0;1
20/01/2018;02:45;4;1;3
20/01/2018;03:00;3;0;3
20/01/2018;03:15;0;0;0
20/01/2018;03:30;1;0;1
20/01/2018;03:45;1;0;1
20/01/2018;04:00;3;0;3
20/01/2018;04:15;2;0;2
20/01/2018;04:30;0;0;0
20/01/2018;04:45;0;0;0
20/01/2018;05:00;0;0;0
20/01/2018;05:15;1;1;0
20/01/2018;05:30;0;0;0
20/01/2018;05:45;2;1;1
20/01/2018;06:00;0;0;0
20/01/2018;06:15;0;0;0
20/01/2018;06:30;1;1;0
20/01/2018;06:45;1;1;0
20/01/2018;07:00;0;0;0
20/01/2018;07:15;1;0;1
20/01/2018;07:30;0;0;0
20/01/2018;07:45;0;0;0
20/01/2018;08:00;0;0;0
20/01/2018;08:15;0;0;0
20/01/2018;08:30;3;0;3
20/01/2018;08:45;4;1;3
20/01/2018;09:00;5;2;3
20/01/2018;09:15;8;5;3
20/01/2018;09:30;10;5;5
20/01/2018;09:45;15;12;3
20/01/2018;10:00;19;15;4
20/01/2018;10:15;15;10;5
20/01/2018;10:30;11;8;3
20/01/2018;10:45;16;10;6
20/01/2018;11:00;16;12;4
20/01/2018;11:15;15;8;7
20/01/2018;11:30;27;15;12
20/01/2018;11:45;15;9;6
20/01/2018;12:00;21;13;8
20/01/2018;12:15;20;5;15
20/01/2018;12:30;25;13;12
20/01/2018;12:45;15;8;7
20/01/2018;13:00;15;4;11
20/01/2018;13:15;11;5;6
20/01/2018;13:30;12;3;9
20/01/2018;13:45;16;5;11
20/01/2018;14:00;10;1;9
20/01/2018;14:15;11;4;7
20/01/2018;14:30;19;9;10
20/01/2018;14:45;15;4;11
20/01/2018;15:00;7;2;5
20/01/2018;15:15;6;2;4
20/01/2018;15:30;8;0;8
20/01/2018;15:45;12;3;9
20/01/2018;16:00;5;3;2
20/01/2018;16:15;3;2;1
20/01/2018;16:30;12;2;10
20/01/2018;16:45;7;4;3
20/01/2018;17:00;7;4;3
20/01/2018;17:15;8;4;4
20/01/2018;17:30;4;0;4
20/01/2018;17:45;3;0;3
20/01/2018;18:00;3;1;2
20/01/2018;18:15;15;4;11
20/01/2018;18:30;8;6;2
20/01/2018;18:45;10;4;6
20/01/2018;19:00;8;3;5
20/01/2018;19:15;5;3;2
20/01/2018;19:30;12;8;4
20/01/2018;19:45;9;4;5
20/01/2018;20:00;7;1;6
20/01/2018;20:15;4;2;2
20/01/2018;20:30;4;2;2
20/01/2018;20:45;3;1;2
20/01/2018;21:00;4;0;4
20/01/2018;21:15;4;0;4
20/01/2018;21:30;0;0;0
20/01/2018;21:45;6;3;3
20/01/2018;22:00;6;2;4
20/01/2018;22:15;6;1;5
20/01/2018;22:30;7;0;7
20/01/2018;22:45;1;1;0
20/01/2018;23:00;1;0;1
20/01/2018;23:15;2;1;1
20/01/2018;23:30;1;1;0
20/01/2018;23:45;2;0;2
21/01/2018;00:00;6;3;3
21/01/2018;00:15;2;0;2
21/01/2018;00:30;4;0;4
21/01/2018;00:45;0;0;0
21/01/2018;01:00;0;0;0
21/01/2018;01:15;6;0;6
21/01/2018;01:30;5;1;4
21/01/2018;01:45;1;1;0
21/01/2018;02:00;1;0;1
21/01/2018;02:15;0;0;0
21/01/2018;02:30;0;0;0
21/01/2018;02:45;0;0;0
21/01/2018;03:00;0;0;0
21/01/2018;03:15;0;0;0
21/01/2018;03:30;0;0;0
21/01/2018;03:45;1;0;1
21/01/2018;04:00;1;1;0
21/01/2018;04:15;0;0;0
21/01/2018;04:30;2;0;2
21/01/2018;04:45;0;0;0
21/01/2018;05:00;0;0;0
21/01/2018;05:15;1;0;1
21/01/2018;05:30;0;0;0
21/01/2018;05:45;1;0;1
21/01/2018;06:00;0;0;0
21/01/2018;06:15;0;0;0
21/01/2018;06:30;0;0;0
21/01/2018;06:45;0;0;0
21/01/2018;07:00;0;0;0
21/01/2018;07:15;0;0;0
21/01/2018;07:30;1;0;1
21/01/2018;07:45;3;0;3
21/01/2018;08:00;4;3;1
21/01/2018;08:15;1;0;1
21/01/2018;08:30;2;0;2
21/01/2018;08:45;4;2;2
21/01/2018;09:00;2;1;1
21/01/2018;09:15;6;1;5
21/01/2018;09:30;6;2;4
21/01/2018;09:45;12;9;3
21/01/2018;10:00;7;4;3
21/01/2018;10:15;10;4;6
21/01/2018;10:30;7;3;4
21/01/2018;10:45;16;12;4
21/01/2018;11:00;4;1;3
21/01/2018;11:15;11;8;3
21/01/2018;11:30;18;7;11
21/01/2018;11:45;10;6;4
21/01/2018;12:00;12;5;7
21/01/2018;12:15;14;4;10
21/01/2018;12:30;14;10;4
21/01/2018;12:45;16;10;6
21/01/2018;13:00;7;3;4
21/01/2018;13:15;7;3;4
21/01/2018;13:30;4;1;3
21/01/2018;13:45;7;3;4
21/01/2018;14:00;16;8;8
21/01/2018;14:15;10;3;7
21/01/2018;14:30;11;5;6
21/01/2018;14:45;20;12;8
21/01/2018;15:00;10;5;5
21/01/2018;15:15;15;7;8
21/01/2018;15:30;21;11;10
21/01/2018;15:45;15;5;10
21/01/2018;16:00;20;6;14
21/01/2018;16:15;16;3;13
21/01/2018;16:30;12;8;4
21/01/2018;16:45;16;6;10
21/01/2018;17:00;11;2;9
21/01/2018;17:15;12;8;4
21/01/2018;17:30;12;5;7
21/01/2018;17:45;11;6;5
21/01/2018;18:00;15;8;7
21/01/2018;18:15;10;6;4
21/01/2018;18:30;8;4;4
21/01/2018;18:45;5;0;5
21/01/2018;19:00;10;5;5
21/01/2018;19:15;9;3;6
21/01/2018;19:30;9;5;4
21/01/2018;19:45;6;3;3
21/01/2018;20:00;3;1;2
21/01/2018;20:15;5;2;3
21/01/2018;20:30;2;1;1
21/01/2018;20:45;4;1;3
21/01/2018;21:00;3;1;2
21/01/2018;21:15;5;1;4
21/01/2018;21:30;3;2;1
21/01/2018;21:45;4;1;3
21/01/2018;22:00;7;4;3
21/01/2018;22:15;1;0;1
21/01/2018;22:30;4;1;3
21/01/2018;22:45;0;0;0
21/01/2018;23:00;1;0;1
21/01/2018;23:15;0;0;0
21/01/2018;23:30;0;0;0
21/01/2018;23:45;0;0;0
22/01/2018;00:00;2;1;1
22/01/2018;00:15;3;1;2
22/01/2018;00:30;0;0;0
22/01/2018;00:45;0;0;0
22/01/2018;01:00;1;0;1
22/01/2018;01:15;0;0;0
22/01/2018;01:30;0;0;0
22/01/2018;01:45;0;0;0
22/01/2018;02:00;0;0;0
22/01/2018;02:15;0;0;0
22/01/2018;02:30;0;0;0
22/01/2018;02:45;1;0;1
22/01/2018;03:00;0;0;0
22/01/2018;03:15;0;0;0
22/01/2018;03:30;0;0;0
22/01/2018;03:45;1;0;1
22/01/2018;04:00;0;0;0
22/01/2018;04:15;0;0;0
22/01/2018;04:30;4;2;2
22/01/2018;04:45;0;0;0
22/01/2018;05:00;2;1;1
22/01/2018;05:15;2;1;1
22/01/2018;05:30;6;3;3
22/01/2018;05:45;4;4;0
22/01/2018;06:00;4;1;3
22/01/2018;06:15;14;8;6
22/01/2018;06:30;11;7;4
22/01/2018;06:45;11;6;5
22/01/2018;07:00;23;10;13
22/01/2018;07:15;43;22;21
22/01/2018;07:30;51;23;28
22/01/2018;07:45;47;24;23
22/01/2018;08:00;45;15;30
22/01/2018;08:15;73;31;42
22/01/2018;08:30;68;26;42
22/01/2018;08:45;78;12;66
22/01/2018;09:00;47;15;32
22/01/2018;09:15;48;13;35
22/01/2018;09:30;33;16;17
22/01/2018;09:45;25;17;8
22/01/2018;10:00;20;9;11
22/01/2018;10:15;16;7;9
22/01/2018;10:30;11;8;3
22/01/2018;10:45;17;8;9
22/01/2018;11:00;15;10;5
22/01/2018;11:15;22;9;13
22/01/2018;11:30;18;8;10
22/01/2018;11:45;22;9;13
22/01/2018;12:00;17;7;10
22/01/2018;12:15;25;6;19
22/01/2018;12:30;17;10;7
22/01/2018;12:45;25;8;17
22/01/2018;13:00;28;15;13
22/01/2018;13:15;24;10;14
22/01/2018;13:30;22;9;13
22/01/2018;13:45;28;13;15
22/01/2018;14:00;24;9;15
22/01/2018;14:15;16;7;9
22/01/2018;14:30;31;17;14
22/01/2018;14:45;23;5;18
22/01/2018;15:00;26;9;17
22/01/2018;15:15;25;13;12
22/01/2018;15:30;29;13;16
22/01/2018;15:45;42;21;21
22/01/2018;16:00;45;25;20
22/01/2018;16:15;41;23;18
22/01/2018;16:30;39;21;18
22/01/2018;16:45;52;23;29
22/01/2018;17:00;69;32;37
22/01/2018;17:15;51;24;27
22/01/2018;17:30;57;37;20
22/01/2018;17:45;62;33;29
22/01/2018;18:00;61;37;24
22/01/2018;18:15;54;22;32
22/01/2018;18:30;54;22;32
22/01/2018;18:45;51;24;27
22/01/2018;19:00;33;15;18
22/01/2018;19:15;37;21;16
22/01/2018;19:30;31;15;16
22/01/2018;19:45;21;13;8
22/01/2018;20:00;24;10;14
22/01/2018;20:15;15;8;7
22/01/2018;20:30;13;9;4
22/01/2018;20:45;8;1;7
22/01/2018;21:00;9;4;5
22/01/2018;21:15;8;2;6
22/01/2018;21:30;10;3;7
22/01/2018;21:45;8;2;6
22/01/2018;22:00;8;5;3
22/01/2018;22:15;8;0;8
22/01/2018;22:30;10;7;3
22/01/2018;22:45;7;2;5
22/01/2018;23:00;10;5;5
22/01/2018;23:15;2;1;1
22/01/2018;23:30;3;0;3
22/01/2018;23:45;1;0;1
23/01/2018;00:00;1;0;1
23/01/2018;00:15;0;0;0
23/01/2018;00:30;1;0;1
23/01/2018;00:45;0;0;0
23/01/2018;01:00;0;0;0
23/01/2018;01:15;0;0;0
23/01/2018;01:30;0;0;0
23/01/2018;01:45;0;0;0
23/01/2018;02:00;0;0;0
23/01/2018;02:15;0;0;0
23/01/2018;02:30;0;0;0
23/01/2018;02:45;0;0;0
23/01/2018;03:00;0;0;0
23/01/2018;03:15;0;0;0
23/01/2018;03:30;1;0;1
23/01/2018;03:45;0;0;0
23/01/2018;04:00;0;0;0
23/01/2018;04:15;0;0;0
23/01/2018;04:30;2;2;0
23/01/2018;04:45;0;0;0
23/01/2018;05:00;2;1;1
23/01/2018;05:15;1;1;0
23/01/2018;05:30;2;1;1
23/01/2018;05:45;7;3;4
23/01/2018;06:00;8;3;5
23/01/2018;06:15;11;5;6
23/01/2018;06:30;19;9;10
23/01/2018;06:45;18;8;10
23/01/2018;07:00;26;11;15
23/01/2018;07:15;39;16;23
23/01/2018;07:30;54;22;32
23/01/2018;07:45;76;29;47
23/01/2018;08:00;85;38;47
23/01/2018;08:15;78;32;46
23/01/2018;08:30;91;30;61
23/01/2018;08:45;97;31;66
23/01/2018;09:00;60;20;40
23/01/2018;09:15;46;18;28
23/01/2018;09:30;43;20;23
23/01/2018;09:45;32;15;17
23/01/2018;10:00;29;16;13
23/01/2018;10:15;20;10;10
23/01/2018;10:30;19;8;11
23/01/2018;10:45;11;6;5
23/01/2018;11:00;15;7;8
23/01/2018;11:15;23;13;10
23/01/2018;11:30;21;11;10
23/01/2018;11:45;22;12;10
23/01/2018;12:00;30;8;22
23/01/2018;12:15;26;11;15
23/01/2018;12:30;22;12;10
23/01/2018;12:45;23;13;10
23/01/2018;13:00;26;7;19
23/01/2018;13:15;34;16;18
23/01/2018;13:30;33;13;20
23/01/2018;13:45;28;11;17
23/01/2018;14:00;23;13;10
23/01/2018;14:15;23;6;17
23/01/2018;14:30;32;11;21
23/01/2018;14:45;31;17;14
23/01/2018;15:00;24;15;9
23/01/2018;15:15;27;14;13
23/01/2018;15:30;50;20;30
23/01/2018;15:45;50;23;27
23/01/2018;16:00;49;16;33
23/01/2018;16:15;52;31;21
23/01/2018;16:30;59;23;36
23/01/2018;16:45;57;22;35
23/01/2018;17:00;57;35;22
23/01/2018;17:15;61;35;26
23/01/2018;17:30;57;33;24
23/01/2018;17:45;84;43;41
23/01/2018;18:00;75;39;36
23/01/2018;18:15;58;39;19
23/01/2018;18:30;61;29;32
23/01/2018;18:45;60;26;34
23/01/2018;19:00;36;15;21
23/01/2018;19:15;26;11;15
23/01/2018;19:30;26;12;14
23/01/2018;19:45;22;9;13
23/01/2018;20:00;28;11;17
23/01/2018;20:15;19;12;7
23/01/2018;20:30;15;8;7
23/01/2018;20:45;15;6;9
23/01/2018;21:00;7;1;6
23/01/2018;21:15;14;6;8
23/01/2018;21:30;9;4;5
23/01/2018;21:45;10;4;6
23/01/2018;22:00;14;7;7
23/01/2018;22:15;15;3;12
23/01/2018;22:30;8;2;6
23/01/2018;22:45;13;5;8
23/01/2018;23:00;4;2;2
23/01/2018;23:15;9;3;6
23/01/2018;23:30;6;4;2
23/01/2018;23:45;5;0;5
24/01/2018;00:00;7;2;5
24/01/2018;00:15;4;2;2
24/01/2018;00:30;1;1;0
24/01/2018;00:45;0;0;0
24/01/2018;01:00;1;1;0
24/01/2018;01:15;0;0;0
24/01/2018;01:30;1;0;1
24/01/2018;01:45;0;0;0
24/01/2018;02:00;0;0;0
24/01/2018;02:15;0;0;0
24/01/2018;02:30;0;0;0
24/01/2018;02:45;2;0;2
24/01/2018;03:00;0;0;0
24/01/2018;03:15;0;0;0
24/01/2018;03:30;0;0;0
24/01/2018;03:45;0;0;0
24/01/2018;04:00;0;0;0
24/01/2018;04:15;0;0;0
24/01/2018;04:30;1;1;0
24/01/2018;04:45;0;0;0
24/01/2018;05:00;2;1;1
24/01/2018;05:15;4;3;1
24/01/2018;05:30;6;3;3
24/01/2018;05:45;5;3;2
24/01/2018;06:00;9;3;6
24/01/2018;06:15;12;5;7
24/01/2018;06:30;18;7;11
24/01/2018;06:45;22;7;15
24/01/2018;07:00;26;12;14
24/01/2018;07:15;40;18;22
24/01/2018;07:30;60;30;30
24/01/2018;07:45;81;37;44
24/01/2018;08:00;70;23;47
24/01/2018;08:15;85;34;51
24/01/2018;08:30;94;27;67
24/01/2018;08:45;95;28;67
24/01/2018;09:00;76;34;42
24/01/2018;09:15;50;19;31
24/01/2018;09:30;42;13;29
24/01/2018;09:45;39;22;17
24/01/2018;10:00;26;15;11
24/01/2018;10:15;28;16;12
24/01/2018;10:30;29;18;11
24/01/2018;10:45;31;14;17
24/01/2018;11:00;18;8;10
24/01/2018;11:15;19;12;7
24/01/2018;11:30;27;14;13
24/01/2018;11:45;31;15;16
24/01/2018;12:00;37;16;21
24/01/2018;12:15;36;20;16
24/01/2018;12:30;29;14;15
24/01/2018;12:45;24;12;12
24/01/2018;13:00;37;12;25
24/01/2018;13:15;28;15;13
24/01/2018;13:30;32;9;23
24/01/2018;13:45;44;16;28
24/01/2018;14:00;28;11;17
24/01/2018;14:15;38;15;23
24/01/2018;14:30;31;14;17
24/01/2018;14:45;26;12;14
24/01/2018;15:00;40;20;20
24/01/2018;15:15;44;16;28
24/01/2018;15:30;39;19;20
24/01/2018;15:45;41;18;23
24/01/2018;16:00;68;32;36
24/01/2018;16:15;38;22;16
24/01/2018;16:30;49;24;25
24/01/2018;16:45;77;41;36
24/01/2018;17:00;66;36;30
24/01/2018;17:15;68;46;22
24/01/2018;17:30;84;52;32
24/01/2018;17:45;89;49;40
24/01/2018;18:00;54;32;22
24/01/2018;18:15;70;32;38
24/01/2018;18:30;56;35;21
24/01/2018;18:45;43;28;15
24/01/2018;19:00;28;12;16
24/01/2018;19:15;43;11;32
24/01/2018;19:30;24;9;15
24/01/2018;19:45;28;13;15
24/01/2018;20:00;43;15;28
24/01/2018;20:15;21;8;13
24/01/2018;20:30;22;12;10
24/01/2018;20:45;16;8;8
24/01/2018;21:00;16;3;13
24/01/2018;21:15;14;0;14
24/01/2018;21:30;17;4;13
24/01/2018;21:45;13;2;11
24/01/2018;22:00;12;3;9
24/01/2018;22:15;10;2;8
24/01/2018;22:30;13;6;7
24/01/2018;22:45;5;1;4
24/01/2018;23:00;12;7;5
24/01/2018;23:15;4;0;4
24/01/2018;23:30;7;3;4
24/01/2018;23:45;2;0;2
25/01/2018;00:00;9;3;6
25/01/2018;00:15;3;0;3
25/01/2018;00:30;0;0;0
25/01/2018;00:45;7;1;6
25/01/2018;01:00;2;0;2
25/01/2018;01:15;0;0;0
25/01/2018;01:30;0;0;0
25/01/2018;01:45;0;0;0
25/01/2018;02:00;1;0;1
25/01/2018;02:15;1;0;1
25/01/2018;02:30;0;0;0
25/01/2018;02:45;0;0;0
25/01/2018;03:00;0;0;0
25/01/2018;03:15;0;0;0
25/01/2018;03:30;1;0;1
25/01/2018;03:45;0;0;0
25/01/2018;04:00;0;0;0
25/01/2018;04:15;0;0;0
25/01/2018;04:30;4;2;2
25/01/2018;04:45;0;0;0
25/01/2018;05:00;0;0;0
25/01/2018;05:15;1;1;0
25/01/2018;05:30;3;2;1
25/01/2018;05:45;5;3;2
25/01/2018;06:00;9;3;6
25/01/2018;06:15;5;2;3
25/01/2018;06:30;13;5;8
25/01/2018;06:45;16;8;8
25/01/2018;07:00;20;9;11
25/01/2018;07:15;37;17;20
25/01/2018;07:30;49;25;24
25/01/2018;07:45;52;24;28
25/01/2018;08:00;69;23;46
25/01/2018;08:15;64;19;45
25/01/2018;08:30;76;17;59
25/01/2018;08:45;84;21;63
25/01/2018;09:00;68;19;49
25/01/2018;09:15;45;18;27
25/01/2018;09:30;29;14;15
25/01/2018;09:45;34;11;23
25/01/2018;10:00;21;12;9
25/01/2018;10:15;13;3;10
25/01/2018;10:30;13;6;7
25/01/2018;10:45;11;7;4
25/01/2018;11:00;13;6;7
25/01/2018;11:15;10;3;7
25/01/2018;11:30;14;7;7
25/01/2018;11:45;35;17;18
25/01/2018;12:00;22;9;13
25/01/2018;12:15;25;12;13
25/01/2018;12:30;20;6;14
25/01/2018;12:45;25;9;16
25/01/2018;13:00;23;10;13
25/01/2018;13:15;20;10;10
25/01/2018;13:30;26;14;12
25/01/2018;13:45;33;13;20
25/01/2018;14:00;30;17;13
25/01/2018;14:15;21;7;14
25/01/2018;14:30;17;6;11
25/01/2018;14:45;26;12;14
25/01/2018;15:00;24;6;18
25/01/2018;15:15;30;17;13
25/01/2018;15:30;29;16;13
25/01/2018;15:45;38;21;17
25/01/2018;16:00;36;12;24
25/01/2018;16:15;37;20;17
25/01/2018;16:30;31;16;15
25/01/2018;16:45;47;30;17
25/01/2018;17:00;55;24;31
25/01/2018;17:15;51;33;18
25/01/2018;17:30;51;36;15
25/01/2018;17:45;66;42;24
25/01/2018;18:00;53;30;23
25/01/2018;18:15;49;24;25
25/01/2018;18:30;42;24;18
25/01/2018;18:45;29;9;20
25/01/2018;19:00;39;19;20
25/01/2018;19:15;32;23;9
25/01/2018;19:30;23;9;14
25/01/2018;19:45;16;10;6
25/01/2018;20:00;16;11;5
25/01/2018;20:15;13;4;9
25/01/2018;20:30;19;10;9
25/01/2018;20:45;5;1;4
25/01/2018;21:00;5;1;4
25/01/2018;21:15;12;3;9
25/01/2018;21:30;8;2;6
25/01/2018;21:45;13;5;8
25/01/2018;22:00;9;3;6
25/01/2018;22:15;5;3;2
25/01/2018;22:30;2;1;1
25/01/2018;22:45;6;3;3
25/01/2018;23:00;5;2;3
25/01/2018;23:15;3;2;1
25/01/2018;23:30;2;0;2
25/01/2018;23:45;5;2;3
26/01/2018;00:00;1;0;1
26/01/2018;00:15;0;0;0
26/01/2018;00:30;2;0;2
26/01/2018;00:45;0;0;0
26/01/2018;01:00;0;0;0
26/01/2018;01:15;1;0;1
26/01/2018;01:30;1;0;1
26/01/2018;01:45;0;0;0
26/01/2018;02:00;0;0;0
26/01/2018;02:15;0;0;0
26/01/2018;02:30;0;0;0
26/01/2018;02:45;0;0;0
26/01/2018;03:00;1;0;1
26/01/2018;03:15;0;0;0
26/01/2018;03:30;0;0;0
26/01/2018;03:45;0;0;0
26/01/2018;04:00;0;0;0
26/01/2018;04:15;0;0;0
26/01/2018;04:30;2;2;0
26/01/2018;04:45;2;0;2
26/01/2018;05:00;2;1;1
26/01/2018;05:15;3;1;2
26/01/2018;05:30;3;0;3
26/01/2018;05:45;9;6;3
26/01/2018;06:00;9;1;8
26/01/2018;06:15;12;5;7
26/01/2018;06:30;14;9;5
26/01/2018;06:45;14;7;7
26/01/2018;07:00;33;12;21
26/01/2018;07:15;34;16;18
26/01/2018;07:30;48;18;30
26/01/2018;07:45;55;27;28
26/01/2018;08:00;79;31;48
26/01/2018;08:15;83;23;60
26/01/2018;08:30;81;23;58
26/01/2018;08:45;84;26;58
26/01/2018;09:00;52;12;40
26/01/2018;09:15;44;16;28
26/01/2018;09:30;42;14;28
26/01/2018;09:45;23;15;8
26/01/2018;10:00;35;17;18
26/01/2018;10:15;24;9;15
26/01/2018;10:30;30;13;17
26/01/2018;10:45;20;8;12
26/01/2018;11:00;18;11;7
26/01/2018;11:15;17;7;10
26/01/2018;11:30;23;15;8
26/01/2018;11:45;28;14;14
26/01/2018;12:00;25;10;15
26/01/2018;12:15;35;13;22
26/01/2018;12:30;44;23;21
26/01/2018;12:45;33;22;11
26/01/2018;13:00;30;17;13
26/01/2018;13:15;42;23;19
26/01/2018;13:30;44;17;27
26/01/2018;13:45;33;10;23
26/01/2018;14:00;28;12;16
26/01/2018;14:15;46;18;28
26/01/2018;14:30;52;24;28
26/01/2018;14:45;38;21;17
26/01/2018;15:00;55;26;29
26/01/2018;15:15;51;26;25
26/01/2018;15:30;59;28;31
26/01/2018;15:45;52;24;28
26/01/2018;16:00;65;26;39
26/01/2018;16:15;64;35;29
26/01/2018;16:30;67;32;35
26/01/2018;16:45;85;45;40
26/01/2018;17:00;65;33;32
26/01/2018;17:15;49;28;21
26/01/2018;17:30;45;26;19
26/01/2018;17:45;55;31;24
26/01/2018;18:00;50;24;26
26/01/2018;18:15;57;24;33
26/01/2018;18:30;38;20;18
26/01/2018;18:45;44;20;24
26/01/2018;19:00;30;12;18
26/01/2018;19:15;27;7;20
26/01/2018;19:30;25;11;14
26/01/2018;19:45;15;4;11
26/01/2018;20:00;27;10;17
26/01/2018;20:15;16;4;12
26/01/2018;20:30;7;4;3
26/01/2018;20:45;7;4;3
26/01/2018;21:00;12;6;6
26/01/2018;21:15;8;1;7
26/01/2018;21:30;15;3;12
26/01/2018;21:45;15;5;10
26/01/2018;22:00;10;4;6
26/01/2018;22:15;6;1;5
26/01/2018;22:30;13;6;7
26/01/2018;22:45;2;1;1
26/01/2018;23:00;4;1;3
26/01/2018;23:15;6;4;2
26/01/2018;23:30;6;2;4
26/01/2018;23:45;5;1;4
27/01/2018;00:00;4;1;3
27/01/2018;00:15;3;0;3
27/01/2018;00:30;4;1;3
27/01/2018;00:45;4;0;4
27/01/2018;01:00;5;1;4
27/01/2018;01:15;2;0;2
27/01/2018;01:30;2;0;2
27/01/2018;01:45;3;0;3
27/01/2018;02:00;1;0;1
27/01/2018;02:15;1;0;1
27/01/2018;02:30;4;0;4
27/01/2018;02:45;1;0;1
27/01/2018;03:00;2;0;2
27/01/2018;03:15;1;0;1
27/01/2018;03:30;1;0;1
27/01/2018;03:45;1;0;1
27/01/2018;04:00;1;0;1
27/01/2018;04:15;2;0;2
27/01/2018;04:30;0;0;0
27/01/2018;04:45;0;0;0
27/01/2018;05:00;0;0;0
27/01/2018;05:15;2;1;1
27/01/2018;05:30;2;0;2
27/01/2018;05:45;1;1;0
27/01/2018;06:00;1;1;0
27/01/2018;06:15;0;0;0
27/01/2018;06:30;1;0;1
27/01/2018;06:45;0;0;0
27/01/2018;07:00;2;0;2
27/01/2018;07:15;2;2;0
27/01/2018;07:30;1;1;0
27/01/2018;07:45;5;3;2
27/01/2018;08:00;4;2;2
27/01/2018;08:15;7;5;2
27/01/2018;08:30;10;4;6
27/01/2018;08:45;9;6;3
27/01/2018;09:00;9;5;4
27/01/2018;09:15;22;15;7
27/01/2018;09:30;14;9;5
27/01/2018;09:45;16;11;5
27/01/2018;10:00;12;9;3
27/01/2018;10:15;17;10;7
27/01/2018;10:30;21;16;5
27/01/2018;10:45;19;15;4
27/01/2018;11:00;15;7;8
27/01/2018;11:15;18;13;5
27/01/2018;11:30;31;21;10
27/01/2018;11:45;32;14;18
27/01/2018;12:00;24;13;11
27/01/2018;12:15;31;19;12
27/01/2018;12:30;31;23;8
27/01/2018;12:45;30;7;23
27/01/2018;13:00;38;9;29
27/01/2018;13:15;30;9;21
27/01/2018;13:30;50;31;19
27/01/2018;13:45;35;13;22
27/01/2018;14:00;44;21;23
27/01/2018;14:15;30;13;17
27/01/2018;14:30;44;20;24
27/01/2018;14:45;37;15;22
27/01/2018;15:00;33;15;18
27/01/2018;15:15;39;15;24
27/01/2018;15:30;33;13;20
27/01/2018;15:45;46;18;28
27/01/2018;16:00;29;11;18
27/01/2018;16:15;25;9;16
27/01/2018;16:30;35;8;27
27/01/2018;16:45;41;15;26
27/01/2018;17:00;24;3;21
27/01/2018;17:15;17;7;10
27/01/2018;17:30;30;4;26
27/01/2018;17:45;35;4;31
27/01/2018;18:00;30;6;24
27/01/2018;18:15;22;8;14
27/01/2018;18:30;26;10;16
27/01/2018;18:45;9;5;4
27/01/2018;19:00;20;9;11
27/01/2018;19:15;19;8;11
27/01/2018;19:30;24;7;17
27/01/2018;19:45;8;4;4
27/01/2018;20:00;9;2;7
27/01/2018;20:15;11;4;7
27/01/2018;20:30;9;6;3
27/01/2018;20:45;10;7;3
27/01/2018;21:00;3;1;2
27/01/2018;21:15;11;3;8
27/01/2018;21:30;8;3;5
27/01/2018;21:45;2;0;2
27/01/2018;22:00;3;1;2
27/01/2018;22:15;9;3;6
27/01/2018;22:30;6;2;4
27/01/2018;22:45;3;1;2
27/01/2018;23:00;5;0;5
27/01/2018;23:15;6;1;5
27/01/2018;23:30;1;0;1
27/01/2018;23:45;1;0;1
28/01/2018;00:00;6;1;5
28/01/2018;00:15;6;3;3
28/01/2018;00:30;3;0;3
28/01/2018;00:45;5;4;1
28/01/2018;01:00;3;3;0
28/01/2018;01:15;1;0;1
28/01/2018;01:30;2;0;2
28/01/2018;01:45;2;0;2
28/01/2018;02:00;2;0;2
28/01/2018;02:15;3;0;3
28/01/2018;02:30;2;0;2
28/01/2018;02:45;2;0;2
28/01/2018;03:00;1;0;1
28/01/2018;03:15;1;0;1
28/01/2018;03:30;1;0;1
28/01/2018;03:45;1;1;0
28/01/2018;04:00;1;0;1
28/01/2018;04:15;0;0;0
28/01/2018;04:30;2;0;2
28/01/2018;04:45;0;0;0
28/01/2018;05:00;0;0;0
28/01/2018;05:15;2;1;1
28/01/2018;05:30;0;0;0
28/01/2018;05:45;2;1;1
28/01/2018;06:00;0;0;0
28/01/2018;06:15;0;0;0
28/01/2018;06:30;1;1;0
28/01/2018;06:45;0;0;0
28/01/2018;07:00;0;0;0
28/01/2018;07:15;0;0;0
28/01/2018;07:30;0;0;0
28/01/2018;07:45;4;3;1
28/01/2018;08:00;3;2;1
28/01/2018;08:15;4;4;0
28/01/2018;08:30;3;2;1
28/01/2018;08:45;1;1;0
28/01/2018;09:00;4;2;2
28/01/2018;09:15;3;2;1
28/01/2018;09:30;8;4;4
28/01/2018;09:45;10;2;8
28/01/2018;10:00;12;7;5
28/01/2018;10:15;8;5;3
28/01/2018;10:30;8;7;1
28/01/2018;10:45;20;6;14
28/01/2018;11:00;12;4;8
28/01/2018;11:15;12;8;4
28/01/2018;11:30;20;7;13
28/01/2018;11:45;10;5;5
28/01/2018;12:00;22;12;10
28/01/2018;12:15;12;6;6
28/01/2018;12:30;11;7;4
28/01/2018;12:45;10;6;4
28/01/2018;13:00;18;7;11
28/01/2018;13:15;8;3;5
28/01/2018;13:30;14;7;7
28/01/2018;13:45;24;8;16
28/01/2018;14:00;21;8;13
28/01/2018;14:15;23;8;15
28/01/2018;14:30;15;7;8
28/01/2018;14:45;30;12;18
28/01/2018;15:00;23;12;11
28/01/2018;15:15;19;10;9
28/01/2018;15:30;27;12;15
28/01/2018;15:45;18;4;14
28/01/2018;16:00;7;3;4
28/01/2018;16:15;14;3;11
28/01/2018;16:30;18;7;11
28/01/2018;16:45;16;7;9
28/01/2018;17:00;17;4;13
28/01/2018;17:15;13;8;5
28/01/2018;17:30;23;9;14
28/01/2018;17:45;12;6;6
28/01/2018;18:00;17;10;7
28/01/2018;18:15;18;11;7
28/01/2018;18:30;17;7;10
28/01/2018;18:45;6;3;3
28/01/2018;19:00;8;1;7
28/01/2018;19:15;12;6;6
28/01/2018;19:30;11;7;4
28/01/2018;19:45;12;5;7
28/01/2018;20:00;7;0;7
28/01/2018;20:15;3;3;0
28/01/2018;20:30;7;4;3
28/01/2018;20:45;8;3;5
28/01/2018;21:00;3;1;2
28/01/2018;21:15;5;0;5
28/01/2018;21:30;7;0;7
28/01/2018;21:45;4;1;3
28/01/2018;22:00;3;1;2
28/01/2018;22:15;7;1;6
28/01/2018;22:30;3;0;3
28/01/2018;22:45;3;1;2
28/01/2018;23:00;3;2;1
28/01/2018;23:15;0;0;0
28/01/2018;23:30;0;0;0
28/01/2018;23:45;2;1;1
29/01/2018;00:00;0;0;0
29/01/2018;00:15;0;0;0
29/01/2018;00:30;0;0;0
29/01/2018;00:45;3;0;3
29/01/2018;01:00;0;0;0
29/01/2018;01:15;1;1;0
29/01/2018;01:30;0;0;0
29/01/2018;01:45;0;0;0
29/01/2018;02:00;1;0;1
29/01/2018;02:15;0;0;0
29/01/2018;02:30;1;0;1
29/01/2018;02:45;0;0;0
29/01/2018;03:00;0;0;0
29/01/2018;03:15;0;0;0
29/01/2018;03:30;0;0;0
29/01/2018;03:45;1;0;1
29/01/2018;04:00;0;0;0
29/01/2018;04:15;0;0;0
29/01/2018;04:30;1;1;0
29/01/2018;04:45;0;0;0
29/01/2018;05:00;1;0;1
29/01/2018;05:15;1;1;0
29/01/2018;05:30;7;4;3
29/01/2018;05:45;10;4;6
29/01/2018;06:00;7;4;3
29/01/2018;06:15;12;4;8
29/01/2018;06:30;24;15;9
29/01/2018;06:45;23;9;14
29/01/2018;07:00;32;19;13
29/01/2018;07:15;45;17;28
29/01/2018;07:30;67;23;44
29/01/2018;07:45;64;29;35
29/01/2018;08:00;81;32;49
29/01/2018;08:15;78;26;52
29/01/2018;08:30;98;26;72
29/01/2018;08:45;84;30;54
29/01/2018;09:00;56;19;37
29/01/2018;09:15;55;19;36
29/01/2018;09:30;39;16;23
29/01/2018;09:45;44;30;14
29/01/2018;10:00;23;15;8
29/01/2018;10:15;17;9;8
29/01/2018;10:30;19;14;5
29/01/2018;10:45;20;7;13
29/01/2018;11:00;16;10;6
29/01/2018;11:15;22;9;13
29/01/2018;11:30;18;6;12
29/01/2018;11:45;22;14;8
29/01/2018;12:00;17;5;12
29/01/2018;12:15;37;19;18
29/01/2018;12:30;28;11;17
29/01/2018;12:45;25;7;18
29/01/2018;13:00;30;17;13
29/01/2018;13:15;29;8;21
29/01/2018;13:30;30;14;16
29/01/2018;13:45;20;13;7
29/01/2018;14:00;23;9;14
29/01/2018;14:15;24;12;12
29/01/2018;14:30;31;11;20
29/01/2018;14:45;26;10;16
29/01/2018;15:00;30;9;21
29/01/2018;15:15;45;23;22
29/01/2018;15:30;41;21;20
29/01/2018;15:45;39;18;21
29/01/2018;16:00;53;29;24
29/01/2018;16:15;41;20;21
29/01/2018;16:30;47;25;22
29/01/2018;16:45;51;24;27
29/01/2018;17:00;45;22;23
29/01/2018;17:15;79;48;31
29/01/2018;17:30;70;39;31
29/01/2018;17:45;57;40;17
29/01/2018;18:00;71;37;34
29/01/2018;18:15;67;27;40
29/01/2018;18:30;49;27;22
29/01/2018;18:45;55;29;26
29/01/2018;19:00;42;23;19
29/01/2018;19:15;28;10;18
29/01/2018;19:30;27;13;14
29/01/2018;19:45;23;13;10
29/01/2018;20:00;24;7;17
29/01/2018;20:15;10;5;5
29/01/2018;20:30;12;3;9
29/01/2018;20:45;20;9;11
29/01/2018;21:00;13;4;9
29/01/2018;21:15;11;1;10
29/01/2018;21:30;11;4;7
29/01/2018;21:45;10;2;8
29/01/2018;22:00;14;2;12
29/01/2018;22:15;9;5;4
29/01/2018;22:30;6;3;3
29/01/2018;22:45;11;0;11
29/01/2018;23:00;6;4;2
29/01/2018;23:15;3;1;2
29/01/2018;23:30;3;0;3
29/01/2018;23:45;3;0;3
30/01/2018;00:00;1;1;0
30/01/2018;00:15;0;0;0
30/01/2018;00:30;0;0;0
30/01/2018;00:45;0;0;0
30/01/2018;01:00;0;0;0
30/01/2018;01:15;0;0;0
30/01/2018;01:30;3;0;3
30/01/2018;01:45;0;0;0
30/01/2018;02:00;0;0;0
30/01/2018;02:15;0;0;0
30/01/2018;02:30;0;0;0
30/01/2018;02:45;0;0;0
30/01/2018;03:00;0;0;0
30/01/2018;03:15;1;0;1
30/01/2018;03:30;0;0;0
30/01/2018;03:45;0;0;0
30/01/2018;04:00;2;1;1
30/01/2018;04:15;0;0;0
30/01/2018;04:30;1;1;0
30/01/2018;04:45;0;0;0
30/01/2018;05:00;1;0;1
30/01/2018;05:15;2;1;1
30/01/2018;05:30;6;4;2
30/01/2018;05:45;8;4;4
30/01/2018;06:00;7;0;7
30/01/2018;06:15;13;8;5
30/01/2018;06:30;15;7;8
30/01/2018;06:45;30;12;18
30/01/2018;07:00;18;8;10
30/01/2018;07:15;50;18;32
30/01/2018;07:30;49;24;25
30/01/2018;07:45;79;31;48
30/01/2018;08:00;83;36;47
30/01/2018;08:15;108;31;77
30/01/2018;08:30;103;41;62
30/01/2018;08:45;94;38;56
30/01/2018;09:00;76;22;54
30/01/2018;09:15;56;21;35
30/01/2018;09:30;34;15;19
30/01/2018;09:45;32;16;16
30/01/2018;10:00;44;24;20
30/01/2018;10:15;25;18;7
30/01/2018;10:30;31;13;18
30/01/2018;10:45;20;10;10
30/01/2018;11:00;20;11;9
30/01/2018;11:15;24;13;11
30/01/2018;11:30;21;14;7
30/01/2018;11:45;24;11;13
30/01/2018;12:00;42;13;29
30/01/2018;12:15;28;14;14
30/01/2018;12:30;32;13;19
30/01/2018;12:45;35;16;19
30/01/2018;13:00;32;10;22
30/01/2018;13:15;36;12;24
30/01/2018;13:30;34;14;20
30/01/2018;13:45;39;13;26
30/01/2018;14:00;38;13;25
30/01/2018;14:15;22;7;15
30/01/2018;14:30;41;22;19
30/01/2018;14:45;36;19;17
30/01/2018;15:00;41;23;18
30/01/2018;15:15;38;21;17
30/01/2018;15:30;53;26;27
30/01/2018;15:45;56;29;27
30/01/2018;16:00;49;21;28
30/01/2018;16:15;52;22;30
30/01/2018;16:30;52;25;27
30/01/2018;16:45;68;32;36
30/01/2018;17:00;71;41;30
30/01/2018;17:15;75;38;37
30/01/2018;17:30;70;37;33
30/01/2018;17:45;73;44;29
30/01/2018;18:00;82;50;32
30/01/2018;18:15;59;38;21
30/01/2018;18:30;52;29;23
30/01/2018;18:45;58;25;33
30/01/2018;19:00;36;11;25
30/01/2018;19:15;38;19;19
30/01/2018;19:30;30;14;16
30/01/2018;19:45;32;14;18
30/01/2018;20:00;33;16;17
30/01/2018;20:15;10;4;6
30/01/2018;20:30;19;5;14
30/01/2018;20:45;11;6;5
30/01/2018;21:00;16;8;8
30/01/2018;21:15;12;2;10
30/01/2018;21:30;11;4;7
30/01/2018;21:45;20;3;17
30/01/2018;22:00;14;3;11
30/01/2018;22:15;15;5;10
30/01/2018;22:30;6;2;4
30/01/2018;22:45;2;0;2
30/01/2018;23:00;5;2;3
30/01/2018;23:15;5;0;5
30/01/2018;23:30;6;0;6
30/01/2018;23:45;2;1;1
31/01/2018;00:00;5;0;5
31/01/2018;00:15;5;1;4
31/01/2018;00:30;0;0;0
31/01/2018;00:45;0;0;0
31/01/2018;01:00;0;0;0
31/01/2018;01:15;0;0;0
31/01/2018;01:30;0;0;0
31/01/2018;01:45;0;0;0
31/01/2018;02:00;0;0;0
31/01/2018;02:15;0;0;0
31/01/2018;02:30;1;1;0
31/01/2018;02:45;1;0;1
31/01/2018;03:00;1;0;1
31/01/2018;03:15;0;0;0
31/01/2018;03:30;1;0;1
31/01/2018;03:45;0;0;0
31/01/2018;04:00;0;0;0
31/01/2018;04:15;1;1;0
31/01/2018;04:30;2;1;1
31/01/2018;04:45;1;0;1
31/01/2018;05:00;0;0;0
31/01/2018;05:15;5;2;3
31/01/2018;05:30;4;1;3
31/01/2018;05:45;4;3;1
31/01/2018;06:00;8;4;4
31/01/2018;06:15;12;6;6
31/01/2018;06:30;9;5;4
31/01/2018;06:45;18;8;10
31/01/2018;07:00;26;12;14
31/01/2018;07:15;30;10;20
31/01/2018;07:30;57;27;30
31/01/2018;07:45;49;22;27
31/01/2018;08:00;81;33;48
31/01/2018;08:15;66;18;48
31/01/2018;08:30;96;34;62
31/01/2018;08:45;67;22;45
31/01/2018;09:00;61;18;43
31/01/2018;09:15;49;16;33
31/01/2018;09:30;30;12;18
31/01/2018;09:45;27;16;11
31/01/2018;10:00;24;15;9
31/01/2018;10:15;21;10;11
31/01/2018;10:30;17;9;8
31/01/2018;10:45;12;6;6
31/01/2018;11:00;15;7;8
31/01/2018;11:15;20;8;12
31/01/2018;11:30;17;8;9
31/01/2018;11:45;17;8;9
31/01/2018;12:00;27;13;14
31/01/2018;12:15;16;5;11
31/01/2018;12:30;25;15;10
31/01/2018;12:45;19;9;10
31/01/2018;13:00;21;4;17
31/01/2018;13:15;27;16;11
31/01/2018;13:30;21;9;12
31/01/2018;13:45;32;11;21
31/01/2018;14:00;29;10;19
31/01/2018;14:15;28;5;23
31/01/2018;14:30;24;11;13
31/01/2018;14:45;24;10;14
31/01/2018;15:00;12;2;10
31/01/2018;15:15;33;15;18
31/01/2018;15:30;41;19;22
31/01/2018;15:45;46;18;28
31/01/2018;16:00;40;24;16
31/01/2018;16:15;40;24;16
31/01/2018;16:30;33;21;12
31/01/2018;16:45;28;18;10
31/01/2018;17:00;24;13;11
31/01/2018;17:15;41;24;17
31/01/2018;17:30;45;26;19
31/01/2018;17:45;47;26;21
31/01/2018;18:00;55;27;28
31/01/2018;18:15;45;26;19
31/01/2018;18:30;33;15;18
31/01/2018;18:45;41;23;18
31/01/2018;19:00;37;19;18
31/01/2018;19:15;25;14;11
31/01/2018;19:30;14;5;9
31/01/2018;19:45;19;13;6
31/01/2018;20:00;14;3;11
31/01/2018;20:15;14;7;7
31/01/2018;20:30;4;1;3
31/01/2018;20:45;9;5;4
31/01/2018;21:00;5;2;3
31/01/2018;21:15;12;2;10
31/01/2018;21:30;10;4;6
31/01/2018;21:45;7;2;5
31/01/2018;22:00;2;0;2
31/01/2018;22:15;5;3;2
31/01/2018;22:30;2;0;2
31/01/2018;22:45;4;0;4
31/01/2018;23:00;4;0;4
31/01/2018;23:15;5;3;2
31/01/2018;23:30;1;0;1
31/01/2018;23:45;3;0;3
01/02/2018;00:00;0;0;0
01/02/2018;00:15;2;0;2
01/02/2018;00:30;2;0;2
01/02/2018;00:45;1;1;0
01/02/2018;01:00;1;0;1
01/02/2018;01:15;1;0;1
01/02/2018;01:30;1;0;1
01/02/2018;01:45;3;0;3
01/02/2018;02:00;0;0;0
01/02/2018;02:15;0;0;0
01/02/2018;02:30;0;0;0
01/02/2018;02:45;0;0;0
01/02/2018;03:00;1;0;1
01/02/2018;03:15;0;0;0
01/02/2018;03:30;1;1;0
01/02/2018;03:45;0;0;0
01/02/2018;04:00;0;0;0
01/02/2018;04:15;0;0;0
01/02/2018;04:30;1;1;0
01/02/2018;04:45;1;1;0
01/02/2018;05:00;0;0;0
01/02/2018;05:15;2;1;1
01/02/2018;05:30;5;2;3
01/02/2018;05:45;5;3;2
01/02/2018;06:00;4;2;2
01/02/2018;06:15;7;2;5
01/02/2018;06:30;17;10;7
01/02/2018;06:45;21;4;17
01/02/2018;07:00;24;12;12
01/02/2018;07:15;31;12;19
01/02/2018;07:30;53;21;32
01/02/2018;07:45;62;39;23
01/02/2018;08:00;71;19;52
01/02/2018;08:15;65;27;38
01/02/2018;08:30;72;26;46
01/02/2018;08:45;65;18;47
01/02/2018;09:00;48;18;30
01/02/2018;09:15;53;23;30
01/02/2018;09:30;34;18;16
01/02/2018;09:45;26;11;15
01/02/2018;10:00;22;10;12
01/02/2018;10:15;28;14;14
01/02/2018;10:30;12;9;3
01/02/2018;10:45;14;6;8
01/02/2018;11:00;14;7;7
01/02/2018;11:15;19;10;9
01/02/2018;11:30;23;14;9
01/02/2018;11:45;22;12;10
01/02/2018;12:00;27;12;15
01/02/2018;12:15;28;19;9
01/02/2018;12:30;23;5;18
01/02/2018;12:45;24;15;9
01/02/2018;13:00;27;12;15
01/02/2018;13:15;25;11;14
01/02/2018;13:30;19;9;10
01/02/2018;13:45;34;19;15
01/02/2018;14:00;29;14;15
01/02/2018;14:15;21;9;12
01/02/2018;14:30;40;16;24
01/02/2018;14:45;29;11;18
01/02/2018;15:00;21;8;13
01/02/2018;15:15;30;10;20
01/02/2018;15:30;36;13;23
01/02/2018;15:45;54;24;30
01/02/2018;16:00;45;25;20
01/02/2018;16:15;31;18;13
01/02/2018;16:30;39;23;16
01/02/2018;16:45;47;24;23
01/02/2018;17:00;48;23;25
01/02/2018;17:15;61;34;27
01/02/2018;17:30;51;24;27
01/02/2018;17:45;67;38;29
01/02/2018;18:00;80;51;29
01/02/2018;18:15;48;23;25
01/02/2018;18:30;48;26;22
01/02/2018;18:45;49;23;26
01/02/2018;19:00;36;26;10
01/02/2018;19:15;30;14;16
01/02/2018;19:30;29;15;14
01/02/2018;19:45;18;7;11
01/02/2018;20:00;10;5;5
01/02/2018;20:15;16;6;10
01/02/2018;20:30;11;4;7
01/02/2018;20:45;17;11;6
01/02/2018;21:00;12;3;9
01/02/2018;21:15;17;3;14
01/02/2018;21:30;7;0;7
01/02/2018;21:45;14;6;8
01/02/2018;22:00;9;3;6
01/02/2018;22:15;14;0;14
01/02/2018;22:30;6;3;3
01/02/2018;22:45;8;4;4
01/02/2018;23:00;3;0;3
01/02/2018;23:15;1;1;0
01/02/2018;23:30;1;0;1
01/02/2018;23:45;1;0;1
02/02/2018;00:00;2;1;1
02/02/2018;00:15;0;0;0
02/02/2018;00:30;5;2;3
02/02/2018;00:45;0;0;0
02/02/2018;01:00;0;0;0
02/02/2018;01:15;0;0;0
02/02/2018;01:30;0;0;0
02/02/2018;01:45;0;0;0
02/02/2018;02:00;0;0;0
02/02/2018;02:15;0;0;0
02/02/2018;02:30;0;0;0
02/02/2018;02:45;2;1;1
02/02/2018;03:00;0;0;0
02/02/2018;03:15;0;0;0
02/02/2018;03:30;0;0;0
02/02/2018;03:45;0;0;0
02/02/2018;04:00;1;1;0
02/02/2018;04:15;0;0;0
02/02/2018;04:30;2;2;0
02/02/2018;04:45;1;0;1
02/02/2018;05:00;0;0;0
02/02/2018;05:15;1;1;0
02/02/2018;05:30;4;2;2
02/02/2018;05:45;3;2;1
02/02/2018;06:00;8;3;5
02/02/2018;06:15;9;3;6
02/02/2018;06:30;7;5;2
02/02/2018;06:45;16;8;8
02/02/2018;07:00;16;6;10
02/02/2018;07:15;33;16;17
02/02/2018;07:30;36;17;19
02/02/2018;07:45;54;29;25
02/02/2018;08:00;44;15;29
02/02/2018;08:15;52;18;34
02/02/2018;08:30;57;14;43
02/02/2018;08:45;70;27;43
02/02/2018;09:00;47;18;29
02/02/2018;09:15;35;16;19
02/02/2018;09:30;13;8;5
02/02/2018;09:45;25;13;12
02/02/2018;10:00;29;17;12
02/02/2018;10:15;25;15;10
02/02/2018;10:30;19;6;13
02/02/2018;10:45;12;4;8
02/02/2018;11:00;11;5;6
02/02/2018;11:15;14;7;7
02/02/2018;11:30;12;4;8
02/02/2018;11:45;16;8;8
02/02/2018;12:00;12;6;6
02/02/2018;12:15;20;8;12
02/02/2018;12:30;20;11;9
02/02/2018;12:45;22;10;12
02/02/2018;13:00;24;8;16
02/02/2018;13:15;33;19;14
02/02/2018;13:30;30;7;23
02/02/2018;13:45;18;7;11
02/02/2018;14:00;19;8;11
02/02/2018;14:15;23;15;8
02/02/2018;14:30;33;12;21
02/02/2018;14:45;18;10;8
02/02/2018;15:00;28;15;13
02/02/2018;15:15;28;20;8
02/02/2018;15:30;41;21;20
02/02/2018;15:45;34;20;14
02/02/2018;16:00;42;28;14
02/02/2018;16:15;41;17;24
02/02/2018;16:30;37;28;9
02/02/2018;16:45;36;15;21
02/02/2018;17:00;40;27;13
02/02/2018;17:15;36;26;10
02/02/2018;17:30;32;20;12
02/02/2018;17:45;50;24;26
02/02/2018;18:00;40;26;14
02/02/2018;18:15;39;16;23
02/02/2018;18:30;24;12;12
02/02/2018;18:45;38;15;23
02/02/2018;19:00;24;10;14
02/02/2018;19:15;15;7;8
02/02/2018;19:30;11;4;7
02/02/2018;19:45;17;8;9
02/02/2018;20:00;14;7;7
02/02/2018;20:15;11;6;5
02/02/2018;20:30;8;3;5
02/02/2018;20:45;10;2;8
02/02/2018;21:00;8;2;6
02/02/2018;21:15;9;5;4
02/02/2018;21:30;4;0;4
02/02/2018;21:45;8;3;5
02/02/2018;22:00;14;2;12
02/02/2018;22:15;5;2;3
02/02/2018;22:30;8;2;6
02/02/2018;22:45;9;3;6
02/02/2018;23:00;4;1;3
02/02/2018;23:15;2;1;1
02/02/2018;23:30;6;1;5
02/02/2018;23:45;2;0;2
03/02/2018;00:00;6;1;5
03/02/2018;00:15;2;0;2
03/02/2018;00:30;5;0;5
03/02/2018;00:45;0;0;0
03/02/2018;01:00;3;0;3
03/02/2018;01:15;1;0;1
03/02/2018;01:30;1;0;1
03/02/2018;01:45;0;0;0
03/02/2018;02:00;0;0;0
03/02/2018;02:15;1;0;1
03/02/2018;02:30;2;0;2
03/02/2018;02:45;0;0;0
03/02/2018;03:00;2;0;2
03/02/2018;03:15;2;0;2
03/02/2018;03:30;0;0;0
03/02/2018;03:45;0;0;0
03/02/2018;04:00;2;0;2
03/02/2018;04:15;0;0;0
03/02/2018;04:30;0;0;0
03/02/2018;04:45;0;0;0
03/02/2018;05:00;1;0;1
03/02/2018;05:15;0;0;0
03/02/2018;05:30;1;0;1
03/02/2018;05:45;1;1;0
03/02/2018;06:00;0;0;0
03/02/2018;06:15;0;0;0
03/02/2018;06:30;2;1;1
03/02/2018;06:45;0;0;0
03/02/2018;07:00;1;1;0
03/02/2018;07:15;0;0;0
03/02/2018;07:30;3;2;1
03/02/2018;07:45;3;3;0
03/02/2018;08:00;2;1;1
03/02/2018;08:15;2;1;1
03/02/2018;08:30;4;2;2
03/02/2018;08:45;5;1;4
03/02/2018;09:00;9;6;3
03/02/2018;09:15;6;5;1
03/02/2018;09:30;9;6;3
03/02/2018;09:45;15;14;1
03/02/2018;10:00;5;3;2
03/02/2018;10:15;14;10;4
03/02/2018;10:30;8;7;1
03/02/2018;10:45;23;16;7
03/02/2018;11:00;17;14;3
03/02/2018;11:15;15;7;8
03/02/2018;11:30;11;8;3
03/02/2018;11:45;20;8;12
03/02/2018;12:00;11;6;5
03/02/2018;12:15;25;11;14
03/02/2018;12:30;21;12;9
03/02/2018;12:45;22;8;14
03/02/2018;13:00;26;11;15
03/02/2018;13:15;27;14;13
03/02/2018;13:30;29;12;17
03/02/2018;13:45;38;18;20
03/02/2018;14:00;20;4;16
03/02/2018;14:15;22;9;13
03/02/2018;14:30;16;5;11
03/02/2018;14:45;19;7;12
03/02/2018;15:00;27;13;14
03/02/2018;15:15;13;7;6
03/02/2018;15:30;17;5;12
03/02/2018;15:45;26;7;19
03/02/2018;16:00;15;9;6
03/02/2018;16:15;14;2;12
03/02/2018;16:30;14;2;12
03/02/2018;16:45;10;4;6
03/02/2018;17:00;9;5;4
03/02/2018;17:15;10;4;6
03/02/2018;17:30;11;4;7
03/02/2018;17:45;14;5;9
03/02/2018;18:00;13;7;6
03/02/2018;18:15;9;2;7
03/02/2018;18:30;13;3;10
03/02/2018;18:45;11;4;7
03/02/2018;19:00;5;0;5
03/02/2018;19:15;9;1;8
03/02/2018;19:30;9;4;5
03/02/2018;19:45;4;4;0
03/02/2018;20:00;14;5;9
03/02/2018;20:15;8;0;8
03/02/2018;20:30;4;1;3
03/02/2018;20:45;4;2;2
03/02/2018;21:00;4;1;3
03/02/2018;21:15;6;2;4
03/02/2018;21:30;3;0;3
03/02/2018;21:45;6;2;4
03/02/2018;22:00;3;2;1
03/02/2018;22:15;1;0;1
03/02/2018;22:30;5;2;3
03/02/2018;22:45;3;2;1
03/02/2018;23:00;4;4;0
03/02/2018;23:15;7;0;7
03/02/2018;23:30;4;1;3
03/02/2018;23:45;4;0;4
04/02/2018;00:00;5;2;3
04/02/2018;00:15;1;1;0
04/02/2018;00:30;0;0;0
04/02/2018;00:45;1;0;1
04/02/2018;01:00;0;0;0
04/02/2018;01:15;0;0;0
04/02/2018;01:30;1;0;1
04/02/2018;01:45;4;0;4
04/02/2018;02:00;3;0;3
04/02/2018;02:15;0;0;0
04/02/2018;02:30;4;0;4
04/02/2018;02:45;0;0;0
04/02/2018;03:00;3;1;2
04/02/2018;03:15;3;0;3
04/02/2018;03:30;0;0;0
04/02/2018;03:45;0;0;0
04/02/2018;04:00;0;0;0
04/02/2018;04:15;0;0;0
04/02/2018;04:30;0;0;0
04/02/2018;04:45;0;0;0
04/02/2018;05:00;0;0;0
04/02/2018;05:15;0;0;0
04/02/2018;05:30;1;1;0
04/02/2018;05:45;1;1;0
04/02/2018;06:00;0;0;0
04/02/2018;06:15;0;0;0
04/02/2018;06:30;0;0;0
04/02/2018;06:45;0;0;0
04/02/2018;07:00;0;0;0
04/02/2018;07:15;0;0;0
04/02/2018;07:30;0;0;0
04/02/2018;07:45;2;2;0
04/02/2018;08:00;0;0;0
04/02/2018;08:15;2;2;0
04/02/2018;08:30;0;0;0
04/02/2018;08:45;6;4;2
04/02/2018;09:00;3;1;2
04/02/2018;09:15;2;1;1
04/02/2018;09:30;3;3;0
04/02/2018;09:45;11;8;3
04/02/2018;10:00;11;7;4
04/02/2018;10:15;9;5;4
04/02/2018;10:30;4;1;3
04/02/2018;10:45;12;6;6
04/02/2018;11:00;3;1;2
04/02/2018;11:15;5;1;4
04/02/2018;11:30;16;5;11
04/02/2018;11:45;11;5;6
04/02/2018;12:00;10;4;6
04/02/2018;12:15;6;3;3
04/02/2018;12:30;4;3;1
04/02/2018;12:45;6;2;4
04/02/2018;13:00;5;3;2
04/02/2018;13:15;9;2;7
04/02/2018;13:30;10;8;2
04/02/2018;13:45;9;8;1
04/02/2018;14:00;15;7;8
04/02/2018;14:15;9;1;8
04/02/2018;14:30;9;4;5
04/02/2018;14:45;9;6;3
04/02/2018;15:00;9;5;4
04/02/2018;15:15;12;3;9
04/02/2018;15:30;8;4;4
04/02/2018;15:45;7;4;3
04/02/2018;16:00;14;8;6
04/02/2018;16:15;7;5;2
04/02/2018;16:30;9;3;6
04/02/2018;16:45;6;1;5
04/02/2018;17:00;7;5;2
04/02/2018;17:15;12;4;8
04/02/2018;17:30;8;5;3
04/02/2018;17:45;5;1;4
04/02/2018;18:00;10;4;6
04/02/2018;18:15;8;5;3
04/02/2018;18:30;14;7;7
04/02/2018;18:45;8;6;2
04/02/2018;19:00;4;2;2
04/02/2018;19:15;7;2;5
04/02/2018;19:30;8;7;1
04/02/2018;19:45;6;2;4
04/02/2018;20:00;4;1;3
04/02/2018;20:15;1;1;0
04/02/2018;20:30;3;1;2
04/02/2018;20:45;4;2;2
04/02/2018;21:00;3;1;2
04/02/2018;21:15;8;2;6
04/02/2018;21:30;2;0;2
04/02/2018;21:45;3;0;3
04/02/2018;22:00;2;0;2
04/02/2018;22:15;4;1;3
04/02/2018;22:30;3;0;3
04/02/2018;22:45;2;0;2
04/02/2018;23:00;0;0;0
04/02/2018;23:15;0;0;0
04/02/2018;23:30;1;0;1
04/02/2018;23:45;1;0;1
05/02/2018;00:00;1;0;1
05/02/2018;00:15;1;0;1
05/02/2018;00:30;1;0;1
05/02/2018;00:45;0;0;0
05/02/2018;01:00;0;0;0
05/02/2018;01:15;0;0;0
05/02/2018;01:30;1;0;1
05/02/2018;01:45;0;0;0
05/02/2018;02:00;0;0;0
05/02/2018;02:15;0;0;0
05/02/2018;02:30;0;0;0
05/02/2018;02:45;1;0;1
05/02/2018;03:00;1;0;1
05/02/2018;03:15;0;0;0
05/02/2018;03:30;0;0;0
05/02/2018;03:45;0;0;0
05/02/2018;04:00;0;0;0
05/02/2018;04:15;1;0;1
05/02/2018;04:30;3;2;1
05/02/2018;04:45;1;0;1
05/02/2018;05:00;2;1;1
05/02/2018;05:15;2;1;1
05/02/2018;05:30;4;1;3
05/02/2018;05:45;5;3;2
05/02/2018;06:00;6;3;3
05/02/2018;06:15;8;4;4
05/02/2018;06:30;13;8;5
05/02/2018;06:45;17;5;12
05/02/2018;07:00;23;11;12
05/02/2018;07:15;40;22;18
05/02/2018;07:30;47;16;31
05/02/2018;07:45;62;29;33
05/02/2018;08:00;71;15;56
05/02/2018;08:15;77;20;57
05/02/2018;08:30;73;15;58
05/02/2018;08:45;79;29;50
05/02/2018;09:00;55;24;31
05/02/2018;09:15;42;17;25
05/02/2018;09:30;41;14;27
05/02/2018;09:45;35;17;18
05/02/2018;10:00;22;9;13
05/02/2018;10:15;18;7;11
05/02/2018;10:30;18;11;7
05/02/2018;10:45;17;11;6
05/02/2018;11:00;19;11;8
05/02/2018;11:15;22;14;8
05/02/2018;11:30;17;8;9
05/02/2018;11:45;15;8;7
05/02/2018;12:00;5;0;5
05/02/2018;12:15;5;2;3
05/02/2018;12:30;4;0;4
05/02/2018;12:45;17;4;13
05/02/2018;13:00;34;12;22
05/02/2018;13:15;25;9;16
05/02/2018;13:30;31;16;15
05/02/2018;13:45;20;4;16
05/02/2018;14:00;30;10;20
05/02/2018;14:15;23;10;13
05/02/2018;14:30;30;16;14
05/02/2018;14:45;25;13;12
05/02/2018;15:00;27;11;16
05/02/2018;15:15;43;22;21
05/02/2018;15:30;37;20;17
05/02/2018;15:45;35;16;19
05/02/2018;16:00;33;16;17
05/02/2018;16:15;40;19;21
05/02/2018;16:30;43;18;25
05/02/2018;16:45;54;25;29
05/02/2018;17:00;51;32;19
05/02/2018;17:15;56;34;22
05/02/2018;17:30;44;31;13
05/02/2018;17:45;80;45;35
05/02/2018;18:00;55;28;27
05/02/2018;18:15;47;32;15
05/02/2018;18:30;50;22;28
05/02/2018;18:45;58;26;32
05/02/2018;19:00;38;12;26
05/02/2018;19:15;41;24;17
05/02/2018;19:30;33;19;14
05/02/2018;19:45;23;9;14
05/02/2018;20:00;24;4;20
05/02/2018;20:15;23;16;7
05/02/2018;20:30;12;4;8
05/02/2018;20:45;6;1;5
05/02/2018;21:00;15;6;9
05/02/2018;21:15;9;1;8
05/02/2018;21:30;12;5;7
05/02/2018;21:45;6;2;4
05/02/2018;22:00;6;4;2
05/02/2018;22:15;5;3;2
05/02/2018;22:30;13;5;8
05/02/2018;22:45;2;0;2
05/02/2018;23:00;5;2;3
05/02/2018;23:15;1;1;0
05/02/2018;23:30;2;0;2
05/02/2018;23:45;0;0;0
06/02/2018;00:00;1;0;1
06/02/2018;00:15;2;0;2
06/02/2018;00:30;0;0;0
06/02/2018;00:45;0;0;0
06/02/2018;01:00;1;1;0
06/02/2018;01:15;0;0;0
06/02/2018;01:30;0;0;0
06/02/2018;01:45;0;0;0
06/02/2018;02:00;0;0;0
06/02/2018;02:15;0;0;0
06/02/2018;02:30;0;0;0
06/02/2018;02:45;0;0;0
06/02/2018;03:00;1;0;1
06/02/2018;03:15;0;0;0
06/02/2018;03:30;2;1;1
06/02/2018;03:45;0;0;0
06/02/2018;04:00;0;0;0
06/02/2018;04:15;0;0;0
06/02/2018;04:30;2;2;0
06/02/2018;04:45;0;0;0
06/02/2018;05:00;0;0;0
06/02/2018;05:15;3;2;1
06/02/2018;05:30;4;2;2
06/02/2018;05:45;7;4;3
06/02/2018;06:00;7;4;3
06/02/2018;06:15;11;8;3
06/02/2018;06:30;13;8;5
06/02/2018;06:45;16;7;9
06/02/2018;07:00;16;10;6
06/02/2018;07:15;42;14;28
06/02/2018;07:30;60;23;37
06/02/2018;07:45;64;28;36
06/02/2018;08:00;88;32;56
06/02/2018;08:15;94;31;63
06/02/2018;08:30;74;13;61
06/02/2018;08:45;82;29;53
06/02/2018;09:00;8;0;8
06/02/2018;09:15;11;0;11
06/02/2018;09:30;8;1;7
06/02/2018;09:45;3;1;2
06/02/2018;10:00;1;0;1
06/02/2018;10:15;1;1;0
06/02/2018;10:30;5;2;3
06/02/2018;10:45;3;2;1
06/02/2018;11:00;2;0;2
06/02/2018;11:15;3;0;3
06/02/2018;11:30;5;0;5
06/02/2018;11:45;3;1;2
06/02/2018;12:00;5;2;3
06/02/2018;12:15;5;0;5
06/02/2018;12:30;4;0;4
06/02/2018;12:45;4;0;4
06/02/2018;13:00;4;0;4
06/02/2018;13:15;20;12;8
06/02/2018;13:30;18;10;8
06/02/2018;13:45;28;12;16
06/02/2018;14:00;24;8;16
06/02/2018;14:15;13;5;8
06/02/2018;14:30;28;15;13
06/02/2018;14:45;26;17;9
06/02/2018;15:00;19;10;9
06/02/2018;15:15;32;14;18
06/02/2018;15:30;33;15;18
06/02/2018;15:45;31;14;17
06/02/2018;16:00;40;18;22
06/02/2018;16:15;46;24;22
06/02/2018;16:30;41;21;20
06/02/2018;16:45;34;18;16
06/02/2018;17:00;43;25;18
06/02/2018;17:15;54;33;21
06/02/2018;17:30;60;40;20
06/02/2018;17:45;61;39;22
06/02/2018;18:00;57;35;22
06/02/2018;18:15;58;35;23
06/02/2018;18:30;56;33;23
06/02/2018;18:45;53;30;23
06/02/2018;19:00;25;15;10
06/02/2018;19:15;24;15;9
06/02/2018;19:30;28;13;15
06/02/2018;19:45;14;6;8
06/02/2018;20:00;22;12;10
06/02/2018;20:15;11;4;7
06/02/2018;20:30;11;5;6
06/02/2018;20:45;3;0;3
06/02/2018;21:00;13;5;8
06/02/2018;21:15;12;4;8
06/02/2018;21:30;9;2;7
06/02/2018;21:45;8;1;7
06/02/2018;22:00;11;2;9
06/02/2018;22:15;7;0;7
06/02/2018;22:30;4;1;3
06/02/2018;22:45;8;3;5
06/02/2018;23:00;2;1;1
06/02/2018;23:15;1;0;1
06/02/2018;23:30;1;0;1
06/02/2018;23:45;1;0;1
07/02/2018;00:00;0;0;0
07/02/2018;00:15;0;0;0
07/02/2018;00:30;0;0;0
07/02/2018;00:45;1;1;0
07/02/2018;01:00;0;0;0
07/02/2018;01:15;0;0;0
07/02/2018;01:30;0;0;0
07/02/2018;01:45;0;0;0
07/02/2018;02:00;0;0;0
07/02/2018;02:15;0;0;0
07/02/2018;02:30;0;0;0
07/02/2018;02:45;0;0;0
07/02/2018;03:00;0;0;0
07/02/2018;03:15;0;0;0
07/02/2018;03:30;0;0;0
07/02/2018;03:45;0;0;0
07/02/2018;04:00;1;1;0
07/02/2018;04:15;0;0;0
07/02/2018;04:30;2;2;0
07/02/2018;04:45;0;0;0
07/02/2018;05:00;0;0;0
07/02/2018;05:15;1;1;0
07/02/2018;05:30;1;1;0
07/02/2018;05:45;3;3;0
07/02/2018;06:00;6;1;5
07/02/2018;06:15;7;6;1
07/02/2018;06:30;7;5;2
07/02/2018;06:45;14;5;9
07/02/2018;07:00;22;10;12
07/02/2018;07:15;20;10;10
07/02/2018;07:30;36;12;24
07/02/2018;07:45;41;24;17
07/02/2018;08:00;60;18;42
07/02/2018;08:15;53;19;34
07/02/2018;08:30;62;24;38
07/02/2018;08:45;75;24;51
07/02/2018;09:00;38;10;28
07/02/2018;09:15;25;6;19
07/02/2018;09:30;28;14;14
07/02/2018;09:45;15;9;6
07/02/2018;10:00;15;7;8
07/02/2018;10:15;17;6;11
07/02/2018;10:30;15;7;8
07/02/2018;10:45;23;12;11
07/02/2018;11:00;6;4;2
07/02/2018;11:15;18;10;8
07/02/2018;11:30;10;8;2
07/02/2018;11:45;12;5;7
07/02/2018;12:00;13;8;5
07/02/2018;12:15;16;11;5
07/02/2018;12:30;21;11;10
07/02/2018;12:45;18;12;6
07/02/2018;13:00;26;10;16
07/02/2018;13:15;15;6;9
07/02/2018;13:30;7;4;3
07/02/2018;13:45;19;7;12
07/02/2018;14:00;13;4;9
07/02/2018;14:15;24;10;14
07/02/2018;14:30;17;7;10
07/02/2018;14:45;18;4;14
07/02/2018;15:00;18;8;10
07/02/2018;15:15;18;10;8
07/02/2018;15:30;19;11;8
07/02/2018;15:45;23;13;10
07/02/2018;16:00;27;14;13
07/02/2018;16:15;28;16;12
07/02/2018;16:30;40;20;20
07/02/2018;16:45;34;19;15
07/02/2018;17:00;42;30;12
07/02/2018;17:15;40;28;12
07/02/2018;17:30;62;34;28
07/02/2018;17:45;38;24;14
07/02/2018;18:00;44;28;16
07/02/2018;18:15;59;33;26
07/02/2018;18:30;34;20;14
07/02/2018;18:45;44;17;27
07/02/2018;19:00;25;11;14
07/02/2018;19:15;19;15;4
07/02/2018;19:30;21;8;13
07/02/2018;19:45;15;9;6
07/02/2018;20:00;18;8;10
07/02/2018;20:15;16;4;12
07/02/2018;20:30;7;2;5
07/02/2018;20:45;14;1;13
07/02/2018;21:00;17;7;10
07/02/2018;21:15;9;3;6
07/02/2018;21:30;13;5;8
07/02/2018;21:45;2;0;2
07/02/2018;22:00;7;2;5
07/02/2018;22:15;7;2;5
07/02/2018;22:30;2;0;2
07/02/2018;22:45;6;2;4
07/02/2018;23:00;8;3;5
07/02/2018;23:15;3;0;3
07/02/2018;23:30;2;1;1
07/02/2018;23:45;1;0;1
08/02/2018;00:00;5;0;5
08/02/2018;00:15;1;0;1
08/02/2018;00:30;0;0;0
08/02/2018;00:45;0;0;0
08/02/2018;01:00;3;2;1
08/02/2018;01:15;0;0;0
08/02/2018;01:30;1;0;1
08/02/2018;01:45;0;0;0
08/02/2018;02:00;0;0;0
08/02/2018;02:15;0;0;0
08/02/2018;02:30;0;0;0
08/02/2018;02:45;0;0;0
08/02/2018;03:00;0;0;0
08/02/2018;03:15;1;0;1
08/02/2018;03:30;0;0;0
08/02/2018;03:45;0;0;0
08/02/2018;04:00;1;1;0
08/02/2018;04:15;0;0;0
08/02/2018;04:30;1;1;0
08/02/2018;04:45;1;1;0
08/02/2018;05:00;0;0;0
08/02/2018;05:15;3;2;1
08/02/2018;05:30;2;1;1
08/02/2018;05:45;5;3;2
08/02/2018;06:00;4;1;3
08/02/2018;06:15;7;2;5
08/02/2018;06:30;8;4;4
08/02/2018;06:45;12;7;5
08/02/2018;07:00;14;7;7
08/02/2018;07:15;23;11;12
08/02/2018;07:30;41;14;27
08/02/2018;07:45;33;16;17
08/02/2018;08:00;47;17;30
08/02/2018;08:15;53;17;36
08/02/2018;08:30;57;20;37
08/02/2018;08:45;55;14;41
08/02/2018;09:00;40;13;27
08/02/2018;09:15;32;7;25
08/02/2018;09:30;29;9;20
08/02/2018;09:45;28;11;17
08/02/2018;10:00;11;7;4
08/02/2018;10:15;18;9;9
08/02/2018;10:30;17;8;9
08/02/2018;10:45;23;15;8
08/02/2018;11:00;15;8;7
08/02/2018;11:15;18;8;10
08/02/2018;11:30;19;8;11
08/02/2018;11:45;17;7;10
08/02/2018;12:00;25;11;14
08/02/2018;12:15;18;7;11
08/02/2018;12:30;19;6;13
08/02/2018;12:45;19;10;9
08/02/2018;13:00;22;9;13
08/02/2018;13:15;19;9;10
08/02/2018;13:30;23;11;12
08/02/2018;13:45;29;17;12
08/02/2018;14:00;24;17;7
08/02/2018;14:15;23;13;10
08/02/2018;14:30;18;10;8
08/02/2018;14:45;22;14;8
08/02/2018;15:00;23;13;10
08/02/2018;15:15;27;14;13
08/02/2018;15:30;14;9;5
08/02/2018;15:45;22;13;9
08/02/2018;16:00;30;16;14
08/02/2018;16:15;19;13;6
08/02/2018;16:30;28;20;8
08/02/2018;16:45;23;15;8
08/02/2018;17:00;22;11;11
08/02/2018;17:15;15;11;4
08/02/2018;17:30;22;14;8
08/02/2018;17:45;28;16;12
08/02/2018;18:00;15;7;8
08/02/2018;18:15;25;11;14
08/02/2018;18:30;7;3;4
08/02/2018;18:45;18;10;8
08/02/2018;19:00;20;9;11
08/02/2018;19:15;10;3;7
08/02/2018;19:30;13;6;7
08/02/2018;19:45;15;7;8
08/02/2018;20:00;9;3;6
08/02/2018;20:15;6;4;2
08/02/2018;20:30;11;6;5
08/02/2018;20:45;5;2;3
08/02/2018;21:00;6;5;1
08/02/2018;21:15;8;3;5
08/02/2018;21:30;4;3;1
08/02/2018;21:45;7;2;5
08/02/2018;22:00;6;3;3
08/02/2018;22:15;7;1;6
08/02/2018;22:30;3;1;2
08/02/2018;22:45;2;0;2
08/02/2018;23:00;3;1;2
08/02/2018;23:15;10;2;8
08/02/2018;23:30;2;0;2
08/02/2018;23:45;5;1;4
09/02/2018;00:00;0;0;0
09/02/2018;00:15;6;1;5
09/02/2018;00:30;0;0;0
09/02/2018;00:45;4;0;4
09/02/2018;01:00;0;0;0
09/02/2018;01:15;1;1;0
09/02/2018;01:30;3;0;3
09/02/2018;01:45;0;0;0
09/02/2018;02:00;0;0;0
09/02/2018;02:15;0;0;0
09/02/2018;02:30;0;0;0
09/02/2018;02:45;2;0;2
09/02/2018;03:00;0;0;0
09/02/2018;03:15;1;0;1
09/02/2018;03:30;2;0;2
09/02/2018;03:45;0;0;0
09/02/2018;04:00;0;0;0
09/02/2018;04:15;1;1;0
09/02/2018;04:30;2;1;1
09/02/2018;04:45;0;0;0
09/02/2018;05:00;0;0;0
09/02/2018;05:15;1;1;0
09/02/2018;05:30;3;2;1
09/02/2018;05:45;3;2;1
09/02/2018;06:00;2;0;2
09/02/2018;06:15;7;5;2
09/02/2018;06:30;6;2;4
09/02/2018;06:45;14;8;6
09/02/2018;07:00;13;7;6
09/02/2018;07:15;16;4;12
09/02/2018;07:30;15;7;8
09/02/2018;07:45;25;12;13
09/02/2018;08:00;24;9;15
09/02/2018;08:15;32;11;21
09/02/2018;08:30;31;9;22
09/02/2018;08:45;52;24;28
09/02/2018;09:00;31;13;18
09/02/2018;09:15;27;7;20
09/02/2018;09:30;17;6;11
09/02/2018;09:45;26;9;17
09/02/2018;10:00;12;5;7
09/02/2018;10:15;19;13;6
09/02/2018;10:30;12;9;3
09/02/2018;10:45;13;6;7
09/02/2018;11:00;12;8;4
09/02/2018;11:15;14;7;7
09/02/2018;11:30;17;12;5
09/02/2018;11:45;17;12;5
09/02/2018;12:00;17;7;10
09/02/2018;12:15;11;3;8
09/02/2018;12:30;18;7;11
09/02/2018;12:45;21;10;11
09/02/2018;13:00;28;10;18
09/02/2018;13:15;25;11;14
09/02/2018;13:30;16;10;6
09/02/2018;13:45;16;5;11
09/02/2018;14:00;23;10;13
09/02/2018;14:15;30;20;10
09/02/2018;14:30;26;14;12
09/02/2018;14:45;30;15;15
09/02/2018;15:00;23;15;8
09/02/2018;15:15;17;10;7
09/02/2018;15:30;21;7;14
09/02/2018;15:45;22;10;12
09/02/2018;16:00;32;15;17
09/02/2018;16:15;28;16;12
09/02/2018;16:30;31;14;17
09/02/2018;16:45;44;21;23
09/02/2018;17:00;36;25;11
09/02/2018;17:15;20;16;4
09/02/2018;17:30;23;9;14
09/02/2018;17:45;30;14;16
09/02/2018;18:00;24;7;17
09/02/2018;18:15;22;12;10
09/02/2018;18:30;21;12;9
09/02/2018;18:45;24;10;14
09/02/2018;19:00;15;4;11
09/02/2018;19:15;9;4;5
09/02/2018;19:30;9;4;5
09/02/2018;19:45;11;9;2
09/02/2018;20:00;8;1;7
09/02/2018;20:15;11;8;3
09/02/2018;20:30;12;7;5
09/02/2018;20:45;6;2;4
09/02/2018;21:00;6;1;5
09/02/2018;21:15;3;0;3
09/02/2018;21:30;3;1;2
09/02/2018;21:45;5;0;5
09/02/2018;22:00;4;2;2
09/02/2018;22:15;4;0;4
09/02/2018;22:30;1;0;1
09/02/2018;22:45;3;3;0
09/02/2018;23:00;4;2;2
09/02/2018;23:15;0;0;0
09/02/2018;23:30;1;0;1
09/02/2018;23:45;2;1;1
10/02/2018;00:00;2;0;2
10/02/2018;00:15;1;1;0
10/02/2018;00:30;4;1;3
10/02/2018;00:45;2;0;2
10/02/2018;01:00;3;0;3
10/02/2018;01:15;2;1;1
10/02/2018;01:30;0;0;0
10/02/2018;01:45;0;0;0
10/02/2018;02:00;1;0;1
10/02/2018;02:15;1;0;1
10/02/2018;02:30;0;0;0
10/02/2018;02:45;3;0;3
10/02/2018;03:00;1;0;1
10/02/2018;03:15;1;0;1
10/02/2018;03:30;3;1;2
10/02/2018;03:45;0;0;0
10/02/2018;04:00;1;0;1
10/02/2018;04:15;0;0;0
10/02/2018;04:30;1;0;1
10/02/2018;04:45;0;0;0
10/02/2018;05:00;0;0;0
10/02/2018;05:15;1;0;1
10/02/2018;05:30;2;1;1
10/02/2018;05:45;1;0;1
10/02/2018;06:00;1;1;0
10/02/2018;06:15;1;0;1
10/02/2018;06:30;0;0;0
10/02/2018;06:45;1;0;1
10/02/2018;07:00;2;0;2
10/02/2018;07:15;1;1;0
10/02/2018;07:30;2;1;1
10/02/2018;07:45;1;1;0
10/02/2018;08:00;3;2;1
10/02/2018;08:15;1;1;0
10/02/2018;08:30;7;5;2
10/02/2018;08:45;1;0;1
10/02/2018;09:00;5;2;3
10/02/2018;09:15;8;5;3
10/02/2018;09:30;9;6;3
10/02/2018;09:45;10;6;4
10/02/2018;10:00;7;4;3
10/02/2018;10:15;13;10;3
10/02/2018;10:30;11;9;2
10/02/2018;10:45;14;8;6
10/02/2018;11:00;9;5;4
10/02/2018;11:15;9;3;6
10/02/2018;11:30;22;12;10
10/02/2018;11:45;8;4;4
10/02/2018;12:00;10;5;5
10/02/2018;12:15;14;8;6
10/02/2018;12:30;11;7;4
10/02/2018;12:45;18;11;7
10/02/2018;13:00;24;15;9
10/02/2018;13:15;22;11;11
10/02/2018;13:30;18;6;12
10/02/2018;13:45;10;5;5
10/02/2018;14:00;24;9;15
10/02/2018;14:15;11;2;9
10/02/2018;14:30;15;5;10
10/02/2018;14:45;13;5;8
10/02/2018;15:00;7;4;3
10/02/2018;15:15;13;9;4
10/02/2018;15:30;8;2;6
10/02/2018;15:45;10;5;5
10/02/2018;16:00;10;2;8
10/02/2018;16:15;15;2;13
10/02/2018;16:30;14;4;10
10/02/2018;16:45;13;5;8
10/02/2018;17:00;9;0;9
10/02/2018;17:15;7;3;4
10/02/2018;17:30;9;8;1
10/02/2018;17:45;7;6;1
10/02/2018;18:00;12;1;11
10/02/2018;18:15;6;2;4
10/02/2018;18:30;4;2;2
10/02/2018;18:45;9;3;6
10/02/2018;19:00;12;5;7
10/02/2018;19:15;3;1;2
10/02/2018;19:30;9;5;4
10/02/2018;19:45;10;7;3
10/02/2018;20:00;6;4;2
10/02/2018;20:15;3;1;2
10/02/2018;20:30;3;2;1
10/02/2018;20:45;2;1;1
10/02/2018;21:00;1;1;0
10/02/2018;21:15;2;0;2
10/02/2018;21:30;6;1;5
10/02/2018;21:45;3;1;2
10/02/2018;22:00;6;2;4
10/02/2018;22:15;3;1;2
10/02/2018;22:30;0;0;0
10/02/2018;22:45;0;0;0
10/02/2018;23:00;1;0;1
10/02/2018;23:15;0;0;0
10/02/2018;23:30;2;0;2
10/02/2018;23:45;0;0;0
11/02/2018;00:00;1;0;1
11/02/2018;00:15;7;0;7
11/02/2018;00:30;2;0;2
11/02/2018;00:45;4;0;4
11/02/2018;01:00;0;0;0
11/02/2018;01:15;0;0;0
11/02/2018;01:30;0;0;0
11/02/2018;01:45;1;0;1
11/02/2018;02:00;1;1;0
11/02/2018;02:15;0;0;0
11/02/2018;02:30;1;0;1
11/02/2018;02:45;1;0;1
11/02/2018;03:00;2;0;2
11/02/2018;03:15;0;0;0
11/02/2018;03:30;0;0;0
11/02/2018;03:45;0;0;0
11/02/2018;04:00;0;0;0
11/02/2018;04:15;0;0;0
11/02/2018;04:30;0;0;0
11/02/2018;04:45;0;0;0
11/02/2018;05:00;0;0;0
11/02/2018;05:15;0;0;0
11/02/2018;05:30;0;0;0
11/02/2018;05:45;1;1;0
11/02/2018;06:00;0;0;0
11/02/2018;06:15;0;0;0
11/02/2018;06:30;2;1;1
11/02/2018;06:45;1;0;1
11/02/2018;07:00;1;0;1
11/02/2018;07:15;2;0;2
11/02/2018;07:30;2;0;2
11/02/2018;07:45;1;0;1
11/02/2018;08:00;2;2;0
11/02/2018;08:15;0;0;0
11/02/2018;08:30;0;0;0
11/02/2018;08:45;0;0;0
11/02/2018;09:00;0;0;0
11/02/2018;09:15;0;0;0
11/02/2018;09:30;3;1;2
11/02/2018;09:45;4;3;1
11/02/2018;10:00;2;1;1
11/02/2018;10:15;17;10;7
11/02/2018;10:30;8;5;3
11/02/2018;10:45;1;0;1
11/02/2018;11:00;6;2;4
11/02/2018;11:15;6;1;5
11/02/2018;11:30;4;4;0
11/02/2018;11:45;3;3;0
11/02/2018;12:00;2;1;1
11/02/2018;12:15;11;6;5
11/02/2018;12:30;6;3;3
11/02/2018;12:45;10;3;7
11/02/2018;13:00;2;0;2
11/02/2018;13:15;8;1;7
11/02/2018;13:30;11;1;10
11/02/2018;13:45;6;3;3
11/02/2018;14:00;1;1;0
11/02/2018;14:15;4;1;3
11/02/2018;14:30;1;1;0
11/02/2018;14:45;6;3;3
11/02/2018;15:00;6;2;4
11/02/2018;15:15;6;3;3
11/02/2018;15:30;5;2;3
11/02/2018;15:45;6;1;5
11/02/2018;16:00;6;4;2
11/02/2018;16:15;12;7;5
11/02/2018;16:30;7;5;2
11/02/2018;16:45;6;1;5
11/02/2018;17:00;5;2;3
11/02/2018;17:15;3;1;2
11/02/2018;17:30;7;4;3
11/02/2018;17:45;8;5;3
11/02/2018;18:00;9;2;7
11/02/2018;18:15;9;5;4
11/02/2018;18:30;5;3;2
11/02/2018;18:45;4;1;3
11/02/2018;19:00;4;2;2
11/02/2018;19:15;1;0;1
11/02/2018;19:30;3;1;2
11/02/2018;19:45;3;1;2
11/02/2018;20:00;4;1;3
11/02/2018;20:15;1;1;0
11/02/2018;20:30;4;2;2
11/02/2018;20:45;2;1;1
11/02/2018;21:00;3;1;2
11/02/2018;21:15;5;1;4
11/02/2018;21:30;1;1;0
11/02/2018;21:45;0;0;0
11/02/2018;22:00;0;0;0
11/02/2018;22:15;2;1;1
11/02/2018;22:30;2;0;2
11/02/2018;22:45;1;0;1
11/02/2018;23:00;6;0;6
11/02/2018;23:15;0;0;0
11/02/2018;23:30;0;0;0
11/02/2018;23:45;2;1;1
12/02/2018;00:00;4;1;3
12/02/2018;00:15;0;0;0
12/02/2018;00:30;2;0;2
12/02/2018;00:45;0;0;0
12/02/2018;01:00;0;0;0
12/02/2018;01:15;0;0;0
12/02/2018;01:30;0;0;0
12/02/2018;01:45;0;0;0
12/02/2018;02:00;0;0;0
12/02/2018;02:15;0;0;0
12/02/2018;02:30;0;0;0
12/02/2018;02:45;0;0;0
12/02/2018;03:00;0;0;0
12/02/2018;03:15;0;0;0
12/02/2018;03:30;0;0;0
12/02/2018;03:45;0;0;0
12/02/2018;04:00;0;0;0
12/02/2018;04:15;0;0;0
12/02/2018;04:30;1;0;1
12/02/2018;04:45;0;0;0
12/02/2018;05:00;0;0;0
12/02/2018;05:15;0;0;0
12/02/2018;05:30;3;0;3
12/02/2018;05:45;0;0;0
12/02/2018;06:00;1;0;1
12/02/2018;06:15;4;1;3
12/02/2018;06:30;1;0;1
12/02/2018;06:45;4;2;2
12/02/2018;07:00;1;0;1
12/02/2018;07:15;3;1;2
12/02/2018;07:30;8;2;6
12/02/2018;07:45;4;2;2
12/02/2018;08:00;8;5;3
12/02/2018;08:15;9;4;5
12/02/2018;08:30;6;2;4
12/02/2018;08:45;13;3;10
12/02/2018;09:00;10;3;7
12/02/2018;09:15;7;2;5
12/02/2018;09:30;6;4;2
12/02/2018;09:45;8;5;3
12/02/2018;10:00;4;2;2
12/02/2018;10:15;7;6;1
12/02/2018;10:30;1;1;0
12/02/2018;10:45;13;7;6
12/02/2018;11:00;13;11;2
12/02/2018;11:15;8;8;0
12/02/2018;11:30;12;10;2
12/02/2018;11:45;11;9;2
12/02/2018;12:00;21;20;1
12/02/2018;12:15;18;14;4
12/02/2018;12:30;19;17;2
12/02/2018;12:45;11;10;1
12/02/2018;13:00;18;16;2
12/02/2018;13:15;14;10;4
12/02/2018;13:30;12;8;4
12/02/2018;13:45;10;6;4
12/02/2018;14:00;23;9;14
12/02/2018;14:15;13;7;6
12/02/2018;14:30;10;6;4
12/02/2018;14:45;9;8;1
12/02/2018;15:00;18;7;11
12/02/2018;15:15;9;2;7
12/02/2018;15:30;17;1;16
12/02/2018;15:45;15;2;13
12/02/2018;16:00;13;2;11
12/02/2018;16:15;23;7;16
12/02/2018;16:30;10;2;8
12/02/2018;16:45;7;0;7
12/02/2018;17:00;16;2;14
12/02/2018;17:15;11;4;7
12/02/2018;17:30;12;6;6
12/02/2018;17:45;10;4;6
12/02/2018;18:00;14;4;10
12/02/2018;18:15;9;1;8
12/02/2018;18:30;9;3;6
12/02/2018;18:45;13;5;8
12/02/2018;19:00;12;5;7
12/02/2018;19:15;8;4;4
12/02/2018;19:30;11;5;6
12/02/2018;19:45;4;1;3
12/02/2018;20:00;6;3;3
12/02/2018;20:15;4;1;3
12/02/2018;20:30;5;0;5
12/02/2018;20:45;4;2;2
12/02/2018;21:00;9;4;5
12/02/2018;21:15;5;1;4
12/02/2018;21:30;2;2;0
12/02/2018;21:45;5;1;4
12/02/2018;22:00;2;0;2
12/02/2018;22:15;1;1;0
12/02/2018;22:30;5;2;3
12/02/2018;22:45;8;1;7
12/02/2018;23:00;3;0;3
12/02/2018;23:15;4;0;4
12/02/2018;23:30;1;0;1
12/02/2018;23:45;0;0;0
13/02/2018;00:00;1;0;1
13/02/2018;00:15;1;0;1
13/02/2018;00:30;2;0;2
13/02/2018;00:45;1;0;1
13/02/2018;01:00;2;0;2
13/02/2018;01:15;0;0;0
13/02/2018;01:30;0;0;0
13/02/2018;01:45;3;0;3
13/02/2018;02:00;1;0;1
13/02/2018;02:15;2;1;1
13/02/2018;02:30;1;0;1
13/02/2018;02:45;0;0;0
13/02/2018;03:00;0;0;0
13/02/2018;03:15;0;0;0
13/02/2018;03:30;0;0;0
13/02/2018;03:45;1;1;0
13/02/2018;04:00;0;0;0
13/02/2018;04:15;0;0;0
13/02/2018;04:30;0;0;0
13/02/2018;04:45;1;1;0
13/02/2018;05:00;1;0;1
13/02/2018;05:15;1;1;0
13/02/2018;05:30;4;1;3
13/02/2018;05:45;5;4;1
13/02/2018;06:00;5;1;4
13/02/2018;06:15;5;4;1
13/02/2018;06:30;11;6;5
13/02/2018;06:45;13;6;7
13/02/2018;07:00;15;10;5
13/02/2018;07:15;23;9;14
13/02/2018;07:30;34;12;22
13/02/2018;07:45;33;17;16
13/02/2018;08:00;50;18;32
13/02/2018;08:15;54;19;35
13/02/2018;08:30;60;13;47
13/02/2018;08:45;61;15;46
13/02/2018;09:00;59;15;44
13/02/2018;09:15;38;13;25
13/02/2018;09:30;16;7;9
13/02/2018;09:45;22;12;10
13/02/2018;10:00;22;10;12
13/02/2018;10:15;19;9;10
13/02/2018;10:30;24;17;7
13/02/2018;10:45;17;9;8
13/02/2018;11:00;17;4;13
13/02/2018;11:15;23;12;11
13/02/2018;11:30;14;8;6
13/02/2018;11:45;23;15;8
13/02/2018;12:00;30;16;14
13/02/2018;12:15;24;11;13
13/02/2018;12:30;23;13;10
13/02/2018;12:45;18;5;13
13/02/2018;13:00;16;5;11
13/02/2018;13:15;29;15;14
13/02/2018;13:30;23;7;16
13/02/2018;13:45;23;9;14
13/02/2018;14:00;25;8;17
13/02/2018;14:15;31;14;17
13/02/2018;14:30;29;12;17
13/02/2018;14:45;24;11;13
13/02/2018;15:00;20;11;9
13/02/2018;15:15;34;24;10
13/02/2018;15:30;20;16;4
13/02/2018;15:45;31;16;15
13/02/2018;16:00;29;13;16
13/02/2018;16:15;30;14;16
13/02/2018;16:30;35;20;15
13/02/2018;16:45;43;22;21
13/02/2018;17:00;42;24;18
13/02/2018;17:15;58;37;21
13/02/2018;17:30;67;45;22
13/02/2018;17:45;59;31;28
13/02/2018;18:00;40;17;23
13/02/2018;18:15;42;23;19
13/02/2018;18:30;39;23;16
13/02/2018;18:45;34;18;16
13/02/2018;19:00;39;20;19
13/02/2018;19:15;25;12;13
13/02/2018;19:30;16;7;9
13/02/2018;19:45;12;7;5
13/02/2018;20:00;20;8;12
13/02/2018;20:15;28;9;19
13/02/2018;20:30;11;3;8
13/02/2018;20:45;12;4;8
13/02/2018;21:00;8;1;7
13/02/2018;21:15;9;3;6
13/02/2018;21:30;9;2;7
13/02/2018;21:45;6;3;3
13/02/2018;22:00;3;1;2
13/02/2018;22:15;11;2;9
13/02/2018;22:30;3;2;1
13/02/2018;22:45;1;0;1
13/02/2018;23:00;10;2;8
13/02/2018;23:15;3;2;1
13/02/2018;23:30;1;0;1
13/02/2018;23:45;1;0;1
14/02/2018;00:00;6;0;6
14/02/2018;00:15;0;0;0
14/02/2018;00:30;1;0;1
14/02/2018;00:45;0;0;0
14/02/2018;01:00;0;0;0
14/02/2018;01:15;0;0;0
14/02/2018;01:30;0;0;0
14/02/2018;01:45;0;0;0
14/02/2018;02:00;0;0;0
14/02/2018;02:15;0;0;0
14/02/2018;02:30;0;0;0
14/02/2018;02:45;0;0;0
14/02/2018;03:00;0;0;0
14/02/2018;03:15;0;0;0
14/02/2018;03:30;0;0;0
14/02/2018;03:45;0;0;0
14/02/2018;04:00;1;1;0
14/02/2018;04:15;0;0;0
14/02/2018;04:30;1;1;0
14/02/2018;04:45;0;0;0
14/02/2018;05:00;0;0;0
14/02/2018;05:15;1;1;0
14/02/2018;05:30;3;2;1
14/02/2018;05:45;7;3;4
14/02/2018;06:00;8;5;3
14/02/2018;06:15;7;4;3
14/02/2018;06:30;11;7;4
14/02/2018;06:45;20;8;12
14/02/2018;07:00;21;13;8
14/02/2018;07:15;36;14;22
14/02/2018;07:30;50;20;30
14/02/2018;07:45;55;21;34
14/02/2018;08:00;62;25;37
14/02/2018;08:15;70;34;36
14/02/2018;08:30;65;16;49
14/02/2018;08:45;79;26;53
14/02/2018;09:00;63;19;44
14/02/2018;09:15;38;8;30
14/02/2018;09:30;35;10;25
14/02/2018;09:45;32;13;19
14/02/2018;10:00;22;10;12
14/02/2018;10:15;23;15;8
14/02/2018;10:30;21;12;9
14/02/2018;10:45;16;8;8
14/02/2018;11:00;18;9;9
14/02/2018;11:15;23;14;9
14/02/2018;11:30;21;8;13
14/02/2018;11:45;19;12;7
14/02/2018;12:00;24;13;11
14/02/2018;12:15;25;16;9
14/02/2018;12:30;23;8;15
14/02/2018;12:45;25;15;10
14/02/2018;13:00;27;8;19
14/02/2018;13:15;23;16;7
14/02/2018;13:30;35;12;23
14/02/2018;13:45;24;12;12
14/02/2018;14:00;21;7;14
14/02/2018;14:15;33;14;19
14/02/2018;14:30;33;13;20
14/02/2018;14:45;29;11;18
14/02/2018;15:00;33;6;27
14/02/2018;15:15;27;9;18
14/02/2018;15:30;27;13;14
14/02/2018;15:45;50;29;21
14/02/2018;16:00;53;21;32
14/02/2018;16:15;33;18;15
14/02/2018;16:30;33;11;22
14/02/2018;16:45;48;29;19
14/02/2018;17:00;47;27;20
14/02/2018;17:15;55;29;26
14/02/2018;17:30;68;45;23
14/02/2018;17:45;58;34;24
14/02/2018;18:00;53;38;15
14/02/2018;18:15;55;28;27
14/02/2018;18:30;49;24;25
14/02/2018;18:45;55;31;24
14/02/2018;19:00;28;19;9
14/02/2018;19:15;31;13;18
14/02/2018;19:30;15;8;7
14/02/2018;19:45;24;11;13
14/02/2018;20:00;25;13;12
14/02/2018;20:15;19;6;13
14/02/2018;20:30;13;8;5
14/02/2018;20:45;15;7;8
14/02/2018;21:00;18;7;11
14/02/2018;21:15;12;4;8
14/02/2018;21:30;5;3;2
14/02/2018;21:45;11;2;9
14/02/2018;22:00;6;1;5
14/02/2018;22:15;3;2;1
14/02/2018;22:30;10;3;7
14/02/2018;22:45;4;1;3
14/02/2018;23:00;5;0;5
14/02/2018;23:15;3;1;2
14/02/2018;23:30;1;1;0
14/02/2018;23:45;3;0;3
15/02/2018;00:00;1;0;1
15/02/2018;00:15;3;1;2
15/02/2018;00:30;0;0;0
15/02/2018;00:45;0;0;0
15/02/2018;01:00;0;0;0
15/02/2018;01:15;0;0;0
15/02/2018;01:30;1;0;1
15/02/2018;01:45;0;0;0
15/02/2018;02:00;0;0;0
15/02/2018;02:15;0;0;0
15/02/2018;02:30;0;0;0
15/02/2018;02:45;0;0;0
15/02/2018;03:00;0;0;0
15/02/2018;03:15;0;0;0
15/02/2018;03:30;0;0;0
15/02/2018;03:45;0;0;0
15/02/2018;04:00;1;1;0
15/02/2018;04:15;0;0;0
15/02/2018;04:30;1;1;0
15/02/2018;04:45;1;1;0
15/02/2018;05:00;0;0;0
15/02/2018;05:15;4;1;3
15/02/2018;05:30;2;0;2
15/02/2018;05:45;9;4;5
15/02/2018;06:00;6;4;2
15/02/2018;06:15;4;3;1
15/02/2018;06:30;9;7;2
15/02/2018;06:45;11;6;5
15/02/2018;07:00;10;7;3
15/02/2018;07:15;11;6;5
15/02/2018;07:30;36;11;25
15/02/2018;07:45;37;20;17
15/02/2018;08:00;25;7;18
15/02/2018;08:15;33;11;22
15/02/2018;08:30;30;7;23
15/02/2018;08:45;37;8;29
15/02/2018;09:00;45;12;33
15/02/2018;09:15;25;7;18
15/02/2018;09:30;18;12;6
15/02/2018;09:45;13;7;6
15/02/2018;10:00;8;3;5
15/02/2018;10:15;5;4;1
15/02/2018;10:30;6;3;3
15/02/2018;10:45;8;4;4
15/02/2018;11:00;4;1;3
15/02/2018;11:15;5;2;3
15/02/2018;11:30;7;1;6
15/02/2018;11:45;7;3;4
15/02/2018;12:00;12;6;6
15/02/2018;12:15;11;5;6
15/02/2018;12:30;14;9;5
15/02/2018;12:45;11;6;5
15/02/2018;13:00;10;5;5
15/02/2018;13:15;5;2;3
15/02/2018;13:30;13;5;8
15/02/2018;13:45;10;2;8
15/02/2018;14:00;14;8;6
15/02/2018;14:15;12;2;10
15/02/2018;14:30;16;8;8
15/02/2018;14:45;13;6;7
15/02/2018;15:00;17;9;8
15/02/2018;15:15;19;9;10
15/02/2018;15:30;21;8;13
15/02/2018;15:45;31;18;13
15/02/2018;16:00;26;8;18
15/02/2018;16:15;20;11;9
15/02/2018;16:30;14;8;6
15/02/2018;16:45;23;10;13
15/02/2018;17:00;35;24;11
15/02/2018;17:15;44;27;17
15/02/2018;17:30;35;14;21
15/02/2018;17:45;43;23;20
15/02/2018;18:00;31;18;13
15/02/2018;18:15;32;22;10
15/02/2018;18:30;19;7;12
15/02/2018;18:45;30;17;13
15/02/2018;19:00;19;9;10
15/02/2018;19:15;22;15;7
15/02/2018;19:30;20;11;9
15/02/2018;19:45;12;4;8
15/02/2018;20:00;16;9;7
15/02/2018;20:15;13;7;6
15/02/2018;20:30;10;3;7
15/02/2018;20:45;4;2;2
15/02/2018;21:00;9;3;6
15/02/2018;21:15;8;6;2
15/02/2018;21:30;2;1;1
15/02/2018;21:45;8;0;8
15/02/2018;22:00;4;2;2
15/02/2018;22:15;6;1;5
15/02/2018;22:30;2;1;1
15/02/2018;22:45;10;0;10
15/02/2018;23:00;0;0;0
15/02/2018;23:15;1;0;1
15/02/2018;23:30;2;0;2
15/02/2018;23:45;2;0;2
16/02/2018;00:00;1;0;1
16/02/2018;00:15;0;0;0
16/02/2018;00:30;2;0;2
16/02/2018;00:45;0;0;0
16/02/2018;01:00;2;2;0
16/02/2018;01:15;0;0;0
16/02/2018;01:30;0;0;0
16/02/2018;01:45;0;0;0
16/02/2018;02:00;0;0;0
16/02/2018;02:15;0;0;0
16/02/2018;02:30;0;0;0
16/02/2018;02:45;1;0;1
16/02/2018;03:00;1;0;1
16/02/2018;03:15;0;0;0
16/02/2018;03:30;0;0;0
16/02/2018;03:45;0;0;0
16/02/2018;04:00;2;1;1
16/02/2018;04:15;0;0;0
16/02/2018;04:30;1;1;0
16/02/2018;04:45;0;0;0
16/02/2018;05:00;1;0;1
16/02/2018;05:15;2;1;1
16/02/2018;05:30;3;0;3
16/02/2018;05:45;7;6;1
16/02/2018;06:00;5;0;5
16/02/2018;06:15;10;2;8
16/02/2018;06:30;9;4;5
16/02/2018;06:45;13;9;4
16/02/2018;07:00;18;9;9
16/02/2018;07:15;17;9;8
16/02/2018;07:30;44;17;27
16/02/2018;07:45;41;16;25
16/02/2018;08:00;44;17;27
16/02/2018;08:15;56;19;37
16/02/2018;08:30;72;19;53
16/02/2018;08:45;66;24;42
16/02/2018;09:00;39;12;27
16/02/2018;09:15;33;18;15
16/02/2018;09:30;20;8;12
16/02/2018;09:45;25;12;13
16/02/2018;10:00;19;10;9
16/02/2018;10:15;15;8;7
16/02/2018;10:30;18;9;9
16/02/2018;10:45;16;12;4
16/02/2018;11:00;14;6;8
16/02/2018;11:15;15;9;6
16/02/2018;11:30;26;16;10
16/02/2018;11:45;23;10;13
16/02/2018;12:00;18;11;7
16/02/2018;12:15;21;11;10
16/02/2018;12:30;21;8;13
16/02/2018;12:45;27;14;13
16/02/2018;13:00;23;10;13
16/02/2018;13:15;32;12;20
16/02/2018;13:30;35;10;25
16/02/2018;13:45;25;11;14
16/02/2018;14:00;41;22;19
16/02/2018;14:15;33;10;23
16/02/2018;14:30;36;13;23
16/02/2018;14:45;32;21;11
16/02/2018;15:00;32;20;12
16/02/2018;15:15;38;26;12
16/02/2018;15:30;38;22;16
16/02/2018;15:45;40;23;17
16/02/2018;16:00;33;17;16
16/02/2018;16:15;43;27;16
16/02/2018;16:30;29;16;13
16/02/2018;16:45;38;25;13
16/02/2018;17:00;45;29;16
16/02/2018;17:15;35;21;14
16/02/2018;17:30;34;18;16
16/02/2018;17:45;43;26;17
16/02/2018;18:00;35;18;17
16/02/2018;18:15;30;16;14
16/02/2018;18:30;27;12;15
16/02/2018;18:45;39;19;20
16/02/2018;19:00;13;5;8
16/02/2018;19:15;29;13;16
16/02/2018;19:30;11;3;8
16/02/2018;19:45;14;6;8
16/02/2018;20:00;17;7;10
16/02/2018;20:15;14;5;9
16/02/2018;20:30;7;4;3
16/02/2018;20:45;4;1;3
16/02/2018;21:00;5;2;3
16/02/2018;21:15;6;2;4
16/02/2018;21:30;5;1;4
16/02/2018;21:45;5;3;2
16/02/2018;22:00;7;3;4
16/02/2018;22:15;7;1;6
16/02/2018;22:30;4;0;4
16/02/2018;22:45;10;3;7
16/02/2018;23:00;1;0;1
16/02/2018;23:15;2;0;2
16/02/2018;23:30;3;1;2
16/02/2018;23:45;2;0;2
17/02/2018;00:00;4;1;3
17/02/2018;00:15;2;0;2
17/02/2018;00:30;2;0;2
17/02/2018;00:45;0;0;0
17/02/2018;01:00;1;0;1
17/02/2018;01:15;2;1;1
17/02/2018;01:30;4;2;2
17/02/2018;01:45;1;0;1
17/02/2018;02:00;3;0;3
17/02/2018;02:15;1;0;1
17/02/2018;02:30;2;0;2
17/02/2018;02:45;0;0;0
17/02/2018;03:00;0;0;0
17/02/2018;03:15;0;0;0
17/02/2018;03:30;0;0;0
17/02/2018;03:45;0;0;0
17/02/2018;04:00;1;1;0
17/02/2018;04:15;0;0;0
17/02/2018;04:30;1;0;1
17/02/2018;04:45;0;0;0
17/02/2018;05:00;0;0;0
17/02/2018;05:15;0;0;0
17/02/2018;05:30;1;0;1
17/02/2018;05:45;0;0;0
17/02/2018;06:00;0;0;0
17/02/2018;06:15;2;1;1
17/02/2018;06:30;0;0;0
17/02/2018;06:45;0;0;0
17/02/2018;07:00;1;1;0
17/02/2018;07:15;0;0;0
17/02/2018;07:30;2;1;1
17/02/2018;07:45;3;2;1
17/02/2018;08:00;2;1;1
17/02/2018;08:15;3;2;1
17/02/2018;08:30;3;2;1
17/02/2018;08:45;5;5;0
17/02/2018;09:00;5;2;3
17/02/2018;09:15;11;6;5
17/02/2018;09:30;15;9;6
17/02/2018;09:45;6;5;1
17/02/2018;10:00;10;8;2
17/02/2018;10:15;10;7;3
17/02/2018;10:30;10;8;2
17/02/2018;10:45;17;10;7
17/02/2018;11:00;12;6;6
17/02/2018;11:15;10;7;3
17/02/2018;11:30;17;7;10
17/02/2018;11:45;15;7;8
17/02/2018;12:00;13;7;6
17/02/2018;12:15;28;15;13
17/02/2018;12:30;15;9;6
17/02/2018;12:45;14;6;8
17/02/2018;13:00;17;10;7
17/02/2018;13:15;15;7;8
17/02/2018;13:30;25;12;13
17/02/2018;13:45;22;11;11
17/02/2018;14:00;15;5;10
17/02/2018;14:15;29;6;23
17/02/2018;14:30;16;10;6
17/02/2018;14:45;17;10;7
17/02/2018;15:00;20;13;7
17/02/2018;15:15;21;13;8
17/02/2018;15:30;19;11;8
17/02/2018;15:45;23;12;11
17/02/2018;16:00;13;5;8
17/02/2018;16:15;19;12;7
17/02/2018;16:30;9;1;8
17/02/2018;16:45;21;4;17
17/02/2018;17:00;18;3;15
17/02/2018;17:15;16;6;10
17/02/2018;17:30;16;5;11
17/02/2018;17:45;21;4;17
17/02/2018;18:00;11;2;9
17/02/2018;18:15;16;8;8
17/02/2018;18:30;17;6;11
17/02/2018;18:45;10;2;8
17/02/2018;19:00;12;5;7
17/02/2018;19:15;13;9;4
17/02/2018;19:30;16;8;8
17/02/2018;19:45;9;2;7
17/02/2018;20:00;10;4;6
17/02/2018;20:15;14;6;8
17/02/2018;20:30;12;6;6
17/02/2018;20:45;6;2;4
17/02/2018;21:00;5;1;4
17/02/2018;21:15;7;2;5
17/02/2018;21:30;6;1;5
17/02/2018;21:45;18;14;4
17/02/2018;22:00;6;3;3
17/02/2018;22:15;1;0;1
17/02/2018;22:30;3;2;1
17/02/2018;22:45;1;0;1
17/02/2018;23:00;0;0;0
17/02/2018;23:15;2;1;1
17/02/2018;23:30;4;0;4
17/02/2018;23:45;6;0;6
18/02/2018;00:00;1;1;0
18/02/2018;00:15;0;0;0
18/02/2018;00:30;3;1;2
18/02/2018;00:45;4;1;3
18/02/2018;01:00;4;1;3
18/02/2018;01:15;2;1;1
18/02/2018;01:30;2;0;2
18/02/2018;01:45;0;0;0
18/02/2018;02:00;0;0;0
18/02/2018;02:15;0;0;0
18/02/2018;02:30;0;0;0
18/02/2018;02:45;1;0;1
18/02/2018;03:00;0;0;0
18/02/2018;03:15;0;0;0
18/02/2018;03:30;0;0;0
18/02/2018;03:45;1;1;0
18/02/2018;04:00;0;0;0
18/02/2018;04:15;0;0;0
18/02/2018;04:30;0;0;0
18/02/2018;04:45;1;0;1
18/02/2018;05:00;0;0;0
18/02/2018;05:15;0;0;0
18/02/2018;05:30;3;0;3
18/02/2018;05:45;0;0;0
18/02/2018;06:00;0;0;0
18/02/2018;06:15;0;0;0
18/02/2018;06:30;1;0;1
18/02/2018;06:45;0;0;0
18/02/2018;07:00;0;0;0
18/02/2018;07:15;0;0;0
18/02/2018;07:30;1;0;1
18/02/2018;07:45;0;0;0
18/02/2018;08:00;0;0;0
18/02/2018;08:15;2;2;0
18/02/2018;08:30;3;2;1
18/02/2018;08:45;3;2;1
18/02/2018;09:00;2;1;1
18/02/2018;09:15;4;3;1
18/02/2018;09:30;5;4;1
18/02/2018;09:45;6;2;4
18/02/2018;10:00;9;7;2
18/02/2018;10:15;4;3;1
18/02/2018;10:30;21;15;6
18/02/2018;10:45;5;4;1
18/02/2018;11:00;7;3;4
18/02/2018;11:15;12;4;8
18/02/2018;11:30;5;2;3
18/02/2018;11:45;10;6;4
18/02/2018;12:00;11;7;4
18/02/2018;12:15;11;5;6
18/02/2018;12:30;11;9;2
18/02/2018;12:45;18;8;10
18/02/2018;13:00;12;1;11
18/02/2018;13:15;21;11;10
18/02/2018;13:30;29;14;15
18/02/2018;13:45;9;5;4
18/02/2018;14:00;15;8;7
18/02/2018;14:15;18;6;12
18/02/2018;14:30;10;6;4
18/02/2018;14:45;20;8;12
18/02/2018;15:00;18;12;6
18/02/2018;15:15;18;8;10
18/02/2018;15:30;18;5;13
18/02/2018;15:45;21;8;13
18/02/2018;16:00;13;9;4
18/02/2018;16:15;11;1;10
18/02/2018;16:30;13;8;5
18/02/2018;16:45;15;8;7
18/02/2018;17:00;14;4;10
18/02/2018;17:15;15;5;10
18/02/2018;17:30;17;9;8
18/02/2018;17:45;8;4;4
18/02/2018;18:00;6;4;2
18/02/2018;18:15;10;1;9
18/02/2018;18:30;10;1;9
18/02/2018;18:45;4;2;2
18/02/2018;19:00;7;3;4
18/02/2018;19:15;5;2;3
18/02/2018;19:30;4;2;2
18/02/2018;19:45;8;5;3
18/02/2018;20:00;5;2;3
18/02/2018;20:15;8;3;5
18/02/2018;20:30;4;1;3
18/02/2018;20:45;2;2;0
18/02/2018;21:00;7;3;4
18/02/2018;21:15;7;2;5
18/02/2018;21:30;2;0;2
18/02/2018;21:45;7;4;3
18/02/2018;22:00;6;1;5
18/02/2018;22:15;1;1;0
18/02/2018;22:30;0;0;0
18/02/2018;22:45;2;0;2
18/02/2018;23:00;2;1;1
18/02/2018;23:15;0;0;0
18/02/2018;23:30;0;0;0
18/02/2018;23:45;1;0;1
19/02/2018;00:00;1;1;0
19/02/2018;00:15;1;0;1
19/02/2018;00:30;0;0;0
19/02/2018;00:45;0;0;0
19/02/2018;01:00;0;0;0
19/02/2018;01:15;0;0;0
19/02/2018;01:30;0;0;0
19/02/2018;01:45;0;0;0
19/02/2018;02:00;0;0;0
19/02/2018;02:15;1;1;0
19/02/2018;02:30;0;0;0
19/02/2018;02:45;0;0;0
19/02/2018;03:00;0;0;0
19/02/2018;03:15;0;0;0
19/02/2018;03:30;0;0;0
19/02/2018;03:45;0;0;0
19/02/2018;04:00;0;0;0
19/02/2018;04:15;1;1;0
19/02/2018;04:30;0;0;0
19/02/2018;04:45;1;1;0
19/02/2018;05:00;2;1;1
19/02/2018;05:15;1;0;1
19/02/2018;05:30;4;0;4
19/02/2018;05:45;5;2;3
19/02/2018;06:00;7;3;4
19/02/2018;06:15;10;6;4
19/02/2018;06:30;10;7;3
19/02/2018;06:45;15;8;7
19/02/2018;07:00;21;11;10
19/02/2018;07:15;35;18;17
19/02/2018;07:30;47;21;26
19/02/2018;07:45;50;27;23
19/02/2018;08:00;68;18;50
19/02/2018;08:15;75;27;48
19/02/2018;08:30;92;27;65
19/02/2018;08:45;74;23;51
19/02/2018;09:00;60;24;36
19/02/2018;09:15;45;19;26
19/02/2018;09:30;23;5;18
19/02/2018;09:45;34;20;14
19/02/2018;10:00;20;11;9
19/02/2018;10:15;15;7;8
19/02/2018;10:30;17;7;10
19/02/2018;10:45;16;5;11
19/02/2018;11:00;13;7;6
19/02/2018;11:15;20;7;13
19/02/2018;11:30;13;5;8
19/02/2018;11:45;20;11;9
19/02/2018;12:00;21;10;11
19/02/2018;12:15;29;12;17
19/02/2018;12:30;24;12;12
19/02/2018;12:45;25;13;12
19/02/2018;13:00;28;8;20
19/02/2018;13:15;36;13;23
19/02/2018;13:30;26;13;13
19/02/2018;13:45;22;6;16
19/02/2018;14:00;16;4;12
19/02/2018;14:15;31;11;20
19/02/2018;14:30;25;12;13
19/02/2018;14:45;18;9;9
19/02/2018;15:00;20;15;5
19/02/2018;15:15;21;9;12
19/02/2018;15:30;32;16;16
19/02/2018;15:45;31;16;15
19/02/2018;16:00;42;20;22
19/02/2018;16:15;45;22;23
19/02/2018;16:30;34;14;20
19/02/2018;16:45;39;21;18
19/02/2018;17:00;43;19;24
19/02/2018;17:15;54;30;24
19/02/2018;17:30;48;31;17
19/02/2018;17:45;63;35;28
19/02/2018;18:00;53;28;25
19/02/2018;18:15;54;31;23
19/02/2018;18:30;38;21;17
19/02/2018;18:45;39;18;21
19/02/2018;19:00;34;21;13
19/02/2018;19:15;28;15;13
19/02/2018;19:30;32;19;13
19/02/2018;19:45;27;12;15
19/02/2018;20:00;17;5;12
19/02/2018;20:15;14;6;8
19/02/2018;20:30;17;9;8
19/02/2018;20:45;17;7;10
19/02/2018;21:00;9;2;7
19/02/2018;21:15;7;4;3
19/02/2018;21:30;17;4;13
19/02/2018;21:45;10;1;9
19/02/2018;22:00;10;3;7
19/02/2018;22:15;13;5;8
19/02/2018;22:30;6;4;2
19/02/2018;22:45;5;4;1
19/02/2018;23:00;5;2;3
19/02/2018;23:15;1;1;0
19/02/2018;23:30;3;0;3
19/02/2018;23:45;3;1;2
20/02/2018;00:00;2;1;1
20/02/2018;00:15;1;0;1
20/02/2018;00:30;0;0;0
20/02/2018;00:45;1;1;0
20/02/2018;01:00;0;0;0
20/02/2018;01:15;0;0;0
20/02/2018;01:30;0;0;0
20/02/2018;01:45;0;0;0
20/02/2018;02:00;0;0;0
20/02/2018;02:15;0;0;0
20/02/2018;02:30;0;0;0
20/02/2018;02:45;0;0;0
20/02/2018;03:00;0;0;0
20/02/2018;03:15;0;0;0
20/02/2018;03:30;0;0;0
20/02/2018;03:45;0;0;0
20/02/2018;04:00;0;0;0
20/02/2018;04:15;0;0;0
20/02/2018;04:30;1;1;0
20/02/2018;04:45;1;1;0
20/02/2018;05:00;0;0;0
20/02/2018;05:15;1;1;0
20/02/2018;05:30;7;2;5
20/02/2018;05:45;5;4;1
20/02/2018;06:00;4;2;2
20/02/2018;06:15;7;4;3
20/02/2018;06:30;14;8;6
20/02/2018;06:45;17;10;7
20/02/2018;07:00;19;8;11
20/02/2018;07:15;34;16;18
20/02/2018;07:30;55;24;31
20/02/2018;07:45;49;19;30
20/02/2018;08:00;85;31;54
20/02/2018;08:15;73;22;51
20/02/2018;08:30;75;22;53
20/02/2018;08:45;73;24;49
20/02/2018;09:00;42;17;25
20/02/2018;09:15;45;16;29
20/02/2018;09:30;28;18;10
20/02/2018;09:45;36;17;19
20/02/2018;10:00;17;8;9
20/02/2018;10:15;19;9;10
20/02/2018;10:30;11;4;7
20/02/2018;10:45;19;7;12
20/02/2018;11:00;16;5;11
20/02/2018;11:15;13;7;6
20/02/2018;11:30;13;7;6
20/02/2018;11:45;24;12;12
20/02/2018;12:00;21;9;12
20/02/2018;12:15;16;8;8
20/02/2018;12:30;21;7;14
20/02/2018;12:45;15;5;10
20/02/2018;13:00;24;8;16
20/02/2018;13:15;23;11;12
20/02/2018;13:30;34;13;21
20/02/2018;13:45;26;9;17
20/02/2018;14:00;28;12;16
20/02/2018;14:15;25;9;16
20/02/2018;14:30;34;19;15
20/02/2018;14:45;30;10;20
20/02/2018;15:00;27;20;7
20/02/2018;15:15;41;17;24
20/02/2018;15:30;34;19;15
20/02/2018;15:45;47;17;30
20/02/2018;16:00;60;25;35
20/02/2018;16:15;37;18;19
20/02/2018;16:30;37;24;13
20/02/2018;16:45;52;25;27
20/02/2018;17:00;41;29;12
20/02/2018;17:15;58;30;28
20/02/2018;17:30;59;31;28
20/02/2018;17:45;61;32;29
20/02/2018;18:00;62;39;23
20/02/2018;18:15;60;34;26
20/02/2018;18:30;46;25;21
20/02/2018;18:45;56;26;30
20/02/2018;19:00;31;14;17
20/02/2018;19:15;29;18;11
20/02/2018;19:30;24;12;12
20/02/2018;19:45;23;13;10
20/02/2018;20:00;19;7;12
20/02/2018;20:15;25;8;17
20/02/2018;20:30;14;9;5
20/02/2018;20:45;20;7;13
20/02/2018;21:00;11;1;10
20/02/2018;21:15;10;3;7
20/02/2018;21:30;15;5;10
20/02/2018;21:45;12;5;7
20/02/2018;22:00;12;5;7
20/02/2018;22:15;7;2;5
20/02/2018;22:30;17;6;11
20/02/2018;22:45;11;3;8
20/02/2018;23:00;9;2;7
20/02/2018;23:15;4;2;2
20/02/2018;23:30;3;2;1
20/02/2018;23:45;0;0;0
21/02/2018;00:00;1;0;1
21/02/2018;00:15;1;0;1
21/02/2018;00:30;1;0;1
21/02/2018;00:45;0;0;0
21/02/2018;01:00;0;0;0
21/02/2018;01:15;0;0;0
21/02/2018;01:30;0;0;0
21/02/2018;01:45;0;0;0
21/02/2018;02:00;0;0;0
21/02/2018;02:15;0;0;0
21/02/2018;02:30;0;0;0
21/02/2018;02:45;0;0;0
21/02/2018;03:00;0;0;0
21/02/2018;03:15;1;0;1
21/02/2018;03:30;0;0;0
21/02/2018;03:45;0;0;0
21/02/2018;04:00;0;0;0
21/02/2018;04:15;1;1;0
21/02/2018;04:30;1;1;0
21/02/2018;04:45;0;0;0
21/02/2018;05:00;0;0;0
21/02/2018;05:15;0;0;0
21/02/2018;05:30;4;2;2
21/02/2018;05:45;5;4;1
21/02/2018;06:00;7;4;3
21/02/2018;06:15;9;5;4
21/02/2018;06:30;15;6;9
21/02/2018;06:45;22;13;9
21/02/2018;07:00;19;9;10
21/02/2018;07:15;29;11;18
21/02/2018;07:30;43;23;20
21/02/2018;07:45;47;24;23
21/02/2018;08:00;80;26;54
21/02/2018;08:15;86;26;60
21/02/2018;08:30;89;28;61
21/02/2018;08:45;76;23;53
21/02/2018;09:00;48;21;27
21/02/2018;09:15;37;12;25
21/02/2018;09:30;28;11;17
21/02/2018;09:45;37;21;16
21/02/2018;10:00;16;10;6
21/02/2018;10:15;28;16;12
21/02/2018;10:30;19;12;7
21/02/2018;10:45;18;15;3
21/02/2018;11:00;13;5;8
21/02/2018;11:15;12;5;7
21/02/2018;11:30;15;6;9
21/02/2018;11:45;16;5;11
21/02/2018;12:00;18;11;7
21/02/2018;12:15;29;14;15
21/02/2018;12:30;14;6;8
21/02/2018;12:45;22;11;11
21/02/2018;13:00;28;10;18
21/02/2018;13:15;27;10;17
21/02/2018;13:30;30;8;22
21/02/2018;13:45;29;6;23
21/02/2018;14:00;22;14;8
21/02/2018;14:15;30;13;17
21/02/2018;14:30;33;15;18
21/02/2018;14:45;17;6;11
21/02/2018;15:00;26;8;18
21/02/2018;15:15;32;15;17
21/02/2018;15:30;30;14;16
21/02/2018;15:45;34;19;15
21/02/2018;16:00;50;19;31
21/02/2018;16:15;42;21;21
21/02/2018;16:30;39;17;22
21/02/2018;16:45;43;32;11
21/02/2018;17:00;53;27;26
21/02/2018;17:15;52;29;23
21/02/2018;17:30;70;40;30
21/02/2018;17:45;54;30;24
21/02/2018;18:00;58;36;22
21/02/2018;18:15;50;34;16
21/02/2018;18:30;56;27;29
21/02/2018;18:45;38;19;19
21/02/2018;19:00;45;18;27
21/02/2018;19:15;38;21;17
21/02/2018;19:30;30;8;22
21/02/2018;19:45;25;11;14
21/02/2018;20:00;27;10;17
21/02/2018;20:15;19;3;16
21/02/2018;20:30;15;5;10
21/02/2018;20:45;10;0;10
21/02/2018;21:00;10;5;5
21/02/2018;21:15;9;2;7
21/02/2018;21:30;11;3;8
21/02/2018;21:45;7;3;4
21/02/2018;22:00;7;1;6
21/02/2018;22:15;5;1;4
21/02/2018;22:30;6;3;3
21/02/2018;22:45;6;2;4
21/02/2018;23:00;4;0;4
21/02/2018;23:15;5;2;3
21/02/2018;23:30;4;2;2
21/02/2018;23:45;5;1;4
22/02/2018;00:00;2;0;2
22/02/2018;00:15;1;0;1
22/02/2018;00:30;0;0;0
22/02/2018;00:45;2;0;2
22/02/2018;01:00;0;0;0
22/02/2018;01:15;0;0;0
22/02/2018;01:30;0;0;0
22/02/2018;01:45;0;0;0
22/02/2018;02:00;0;0;0
22/02/2018;02:15;0;0;0
22/02/2018;02:30;0;0;0
22/02/2018;02:45;0;0;0
22/02/2018;03:00;0;0;0
22/02/2018;03:15;0;0;0
22/02/2018;03:30;1;0;1
22/02/2018;03:45;0;0;0
22/02/2018;04:00;1;0;1
22/02/2018;04:15;0;0;0
22/02/2018;04:30;2;2;0
22/02/2018;04:45;0;0;0
22/02/2018;05:00;1;0;1
22/02/2018;05:15;0;0;0
22/02/2018;05:30;3;1;2
22/02/2018;05:45;8;7;1
22/02/2018;06:00;6;2;4
22/02/2018;06:15;12;5;7
22/02/2018;06:30;7;3;4
22/02/2018;06:45;17;7;10
22/02/2018;07:00;19;11;8
22/02/2018;07:15;31;11;20
22/02/2018;07:30;43;18;25
22/02/2018;07:45;54;23;31
22/02/2018;08:00;66;25;41
22/02/2018;08:15;69;20;49
22/02/2018;08:30;76;22;54
22/02/2018;08:45;83;28;55
22/02/2018;09:00;53;16;37
22/02/2018;09:15;51;23;28
22/02/2018;09:30;16;8;8
22/02/2018;09:45;29;16;13
22/02/2018;10:00;21;14;7
22/02/2018;10:15;10;5;5
22/02/2018;10:30;18;10;8
22/02/2018;10:45;17;7;10
22/02/2018;11:00;24;5;19
22/02/2018;11:15;10;7;3
22/02/2018;11:30;17;9;8
22/02/2018;11:45;18;9;9
22/02/2018;12:00;18;7;11
22/02/2018;12:15;24;9;15
22/02/2018;12:30;24;9;15
22/02/2018;12:45;30;8;22
22/02/2018;13:00;24;13;11
22/02/2018;13:15;26;6;20
22/02/2018;13:30;29;14;15
22/02/2018;13:45;25;8;17
22/02/2018;14:00;24;14;10
22/02/2018;14:15;23;10;13
22/02/2018;14:30;27;15;12
22/02/2018;14:45;25;17;8
22/02/2018;15:00;29;15;14
22/02/2018;15:15;39;15;24
22/02/2018;15:30;44;17;27
22/02/2018;15:45;44;24;20
22/02/2018;16:00;35;19;16
22/02/2018;16:15;47;25;22
22/02/2018;16:30;51;20;31
22/02/2018;16:45;57;24;33
22/02/2018;17:00;60;40;20
22/02/2018;17:15;56;36;20
22/02/2018;17:30;65;35;30
22/02/2018;17:45;76;45;31
22/02/2018;18:00;53;34;19
22/02/2018;18:15;54;28;26
22/02/2018;18:30;41;27;14
22/02/2018;18:45;38;21;17
22/02/2018;19:00;36;14;22
22/02/2018;19:15;32;16;16
22/02/2018;19:30;25;10;15
22/02/2018;19:45;27;8;19
22/02/2018;20:00;15;8;7
22/02/2018;20:15;12;5;7
22/02/2018;20:30;11;3;8
22/02/2018;20:45;8;4;4
22/02/2018;21:00;16;3;13
22/02/2018;21:15;11;2;9
22/02/2018;21:30;17;6;11
22/02/2018;21:45;14;4;10
22/02/2018;22:00;5;0;5
22/02/2018;22:15;11;1;10
22/02/2018;22:30;6;2;4
22/02/2018;22:45;8;1;7
22/02/2018;23:00;3;3;0
22/02/2018;23:15;6;4;2
22/02/2018;23:30;2;0;2
22/02/2018;23:45;1;0;1
23/02/2018;00:00;4;0;4
23/02/2018;00:15;1;0;1
23/02/2018;00:30;0;0;0
23/02/2018;00:45;0;0;0
23/02/2018;01:00;2;1;1
23/02/2018;01:15;1;1;0
23/02/2018;01:30;0;0;0
23/02/2018;01:45;1;0;1
23/02/2018;02:00;0;0;0
23/02/2018;02:15;0;0;0
23/02/2018;02:30;0;0;0
23/02/2018;02:45;0;0;0
23/02/2018;03:00;0;0;0
23/02/2018;03:15;0;0;0
23/02/2018;03:30;0;0;0
23/02/2018;03:45;0;0;0
23/02/2018;04:00;1;0;1
23/02/2018;04:15;0;0;0
23/02/2018;04:30;2;2;0
23/02/2018;04:45;0;0;0
23/02/2018;05:00;1;0;1
23/02/2018;05:15;2;2;0
23/02/2018;05:30;4;1;3
23/02/2018;05:45;11;6;5
23/02/2018;06:00;3;1;2
23/02/2018;06:15;6;5;1
23/02/2018;06:30;9;5;4
23/02/2018;06:45;13;6;7
23/02/2018;07:00;11;8;3
23/02/2018;07:15;38;14;24
23/02/2018;07:30;40;18;22
23/02/2018;07:45;52;31;21
23/02/2018;08:00;56;21;35
23/02/2018;08:15;59;18;41
23/02/2018;08:30;51;16;35
23/02/2018;08:45;67;26;41
23/02/2018;09:00;39;14;25
23/02/2018;09:15;30;11;19
23/02/2018;09:30;26;16;10
23/02/2018;09:45;21;11;10
23/02/2018;10:00;24;15;9
23/02/2018;10:15;15;5;10
23/02/2018;10:30;17;5;12
23/02/2018;10:45;20;14;6
23/02/2018;11:00;19;12;7
23/02/2018;11:15;20;11;9
23/02/2018;11:30;17;7;10
23/02/2018;11:45;20;8;12
23/02/2018;12:00;22;14;8
23/02/2018;12:15;27;14;13
23/02/2018;12:30;19;9;10
23/02/2018;12:45;22;4;18
23/02/2018;13:00;28;7;21
23/02/2018;13:15;26;10;16
23/02/2018;13:30;29;16;13
23/02/2018;13:45;28;11;17
23/02/2018;14:00;28;12;16
23/02/2018;14:15;39;21;18
23/02/2018;14:30;29;12;17
23/02/2018;14:45;44;21;23
23/02/2018;15:00;35;18;17
23/02/2018;15:15;33;18;15
23/02/2018;15:30;40;26;14
23/02/2018;15:45;38;18;20
23/02/2018;16:00;35;18;17
23/02/2018;16:15;37;23;14
23/02/2018;16:30;39;22;17
23/02/2018;16:45;34;19;15
23/02/2018;17:00;39;21;18
23/02/2018;17:15;44;20;24
23/02/2018;17:30;36;20;16
23/02/2018;17:45;45;26;19
23/02/2018;18:00;28;18;10
23/02/2018;18:15;35;21;14
23/02/2018;18:30;30;14;16
23/02/2018;18:45;41;23;18
23/02/2018;19:00;23;13;10
23/02/2018;19:15;28;9;19
23/02/2018;19:30;22;11;11
23/02/2018;19:45;16;7;9
23/02/2018;20:00;14;4;10
23/02/2018;20:15;20;6;14
23/02/2018;20:30;8;1;7
23/02/2018;20:45;2;2;0
23/02/2018;21:00;7;2;5
23/02/2018;21:15;9;0;9
23/02/2018;21:30;8;6;2
23/02/2018;21:45;5;2;3
23/02/2018;22:00;8;3;5
23/02/2018;22:15;9;3;6
23/02/2018;22:30;12;5;7
23/02/2018;22:45;3;2;1
23/02/2018;23:00;4;3;1
23/02/2018;23:15;7;2;5
23/02/2018;23:30;8;0;8
23/02/2018;23:45;9;0;9
24/02/2018;00:00;6;2;4
24/02/2018;00:15;4;0;4
24/02/2018;00:30;4;1;3
24/02/2018;00:45;2;0;2
24/02/2018;01:00;2;0;2
24/02/2018;01:15;3;2;1
24/02/2018;01:30;0;0;0
24/02/2018;01:45;4;1;3
24/02/2018;02:00;0;0;0
24/02/2018;02:15;2;0;2
24/02/2018;02:30;0;0;0
24/02/2018;02:45;0;0;0
24/02/2018;03:00;1;0;1
24/02/2018;03:15;0;0;0
24/02/2018;03:30;1;0;1
24/02/2018;03:45;1;1;0
24/02/2018;04:00;3;0;3
24/02/2018;04:15;0;0;0
24/02/2018;04:30;0;0;0
24/02/2018;04:45;0;0;0
24/02/2018;05:00;2;0;2
24/02/2018;05:15;2;1;1
24/02/2018;05:30;2;1;1
24/02/2018;05:45;1;0;1
24/02/2018;06:00;0;0;0
24/02/2018;06:15;0;0;0
24/02/2018;06:30;0;0;0
24/02/2018;06:45;2;1;1
24/02/2018;07:00;2;0;2
24/02/2018;07:15;2;0;2
24/02/2018;07:30;1;0;1
24/02/2018;07:45;1;1;0
24/02/2018;08:00;1;0;1
24/02/2018;08:15;2;1;1
24/02/2018;08:30;7;6;1
24/02/2018;08:45;5;2;3
24/02/2018;09:00;12;9;3
24/02/2018;09:15;14;7;7
24/02/2018;09:30;7;4;3
24/02/2018;09:45;15;13;2
24/02/2018;10:00;6;4;2
24/02/2018;10:15;11;9;2
24/02/2018;10:30;10;9;1
24/02/2018;10:45;15;6;9
24/02/2018;11:00;11;8;3
24/02/2018;11:15;7;4;3
24/02/2018;11:30;12;8;4
24/02/2018;11:45;12;8;4
24/02/2018;12:00;12;8;4
24/02/2018;12:15;13;7;6
24/02/2018;12:30;20;12;8
24/02/2018;12:45;17;8;9
24/02/2018;13:00;15;10;5
24/02/2018;13:15;18;2;16
24/02/2018;13:30;21;8;13
24/02/2018;13:45;16;5;11
24/02/2018;14:00;15;5;10
24/02/2018;14:15;22;8;14
24/02/2018;14:30;14;8;6
24/02/2018;14:45;9;5;4
24/02/2018;15:00;9;3;6
24/02/2018;15:15;22;6;16
24/02/2018;15:30;26;10;16
24/02/2018;15:45;10;6;4
24/02/2018;16:00;14;4;10
24/02/2018;16:15;16;4;12
24/02/2018;16:30;13;2;11
24/02/2018;16:45;10;3;7
24/02/2018;17:00;23;3;20
24/02/2018;17:15;15;7;8
24/02/2018;17:30;13;3;10
24/02/2018;17:45;17;7;10
24/02/2018;18:00;14;3;11
24/02/2018;18:15;2;1;1
24/02/2018;18:30;11;3;8
24/02/2018;18:45;18;4;14
24/02/2018;19:00;10;2;8
24/02/2018;19:15;3;1;2
24/02/2018;19:30;12;6;6
24/02/2018;19:45;6;4;2
24/02/2018;20:00;12;3;9
24/02/2018;20:15;4;3;1
24/02/2018;20:30;5;2;3
24/02/2018;20:45;4;0;4
24/02/2018;21:00;4;3;1
24/02/2018;21:15;5;1;4
24/02/2018;21:30;4;1;3
24/02/2018;21:45;3;2;1
24/02/2018;22:00;3;1;2
24/02/2018;22:15;3;1;2
24/02/2018;22:30;5;5;0
24/02/2018;22:45;2;0;2
24/02/2018;23:00;4;1;3
24/02/2018;23:15;3;1;2
24/02/2018;23:30;0;0;0
24/02/2018;23:45;4;4;0
25/02/2018;00:00;4;0;4
25/02/2018;00:15;2;0;2
25/02/2018;00:30;3;0;3
25/02/2018;00:45;1;1;0
25/02/2018;01:00;0;0;0
25/02/2018;01:15;1;0;1
25/02/2018;01:30;4;1;3
25/02/2018;01:45;1;1;0
25/02/2018;02:00;2;0;2
25/02/2018;02:15;3;2;1
25/02/2018;02:30;0;0;0
25/02/2018;02:45;0;0;0
25/02/2018;03:00;0;0;0
25/02/2018;03:15;1;1;0
25/02/2018;03:30;2;0;2
25/02/2018;03:45;1;1;0
25/02/2018;04:00;1;0;1
25/02/2018;04:15;0;0;0
25/02/2018;04:30;0;0;0
25/02/2018;04:45;0;0;0
25/02/2018;05:00;0;0;0
25/02/2018;05:15;1;0;1
25/02/2018;05:30;0;0;0
25/02/2018;05:45;0;0;0
25/02/2018;06:00;0;0;0
25/02/2018;06:15;0;0;0
25/02/2018;06:30;0;0;0
25/02/2018;06:45;2;0;2
25/02/2018;07:00;0;0;0
25/02/2018;07:15;2;1;1
25/02/2018;07:30;0;0;0
25/02/2018;07:45;1;1;0
25/02/2018;08:00;1;1;0
25/02/2018;08:15;2;2;0
25/02/2018;08:30;2;2;0
25/02/2018;08:45;1;1;0
25/02/2018;09:00;3;2;1
25/02/2018;09:15;2;2;0
25/02/2018;09:30;11;8;3
25/02/2018;09:45;5;5;0
25/02/2018;10:00;5;1;4
25/02/2018;10:15;3;1;2
25/02/2018;10:30;8;3;5
25/02/2018;10:45;9;5;4
25/02/2018;11:00;7;4;3
25/02/2018;11:15;6;5;1
25/02/2018;11:30;4;1;3
25/02/2018;11:45;6;5;1
25/02/2018;12:00;7;4;3
25/02/2018;12:15;9;5;4
25/02/2018;12:30;9;4;5
25/02/2018;12:45;9;2;7
25/02/2018;13:00;4;2;2
25/02/2018;13:15;9;6;3
25/02/2018;13:30;8;2;6
25/02/2018;13:45;17;5;12
25/02/2018;14:00;14;7;7
25/02/2018;14:15;5;1;4
25/02/2018;14:30;8;6;2
25/02/2018;14:45;19;6;13
25/02/2018;15:00;14;6;8
25/02/2018;15:15;13;6;7
25/02/2018;15:30;14;8;6
25/02/2018;15:45;8;6;2
25/02/2018;16:00;6;6;0
25/02/2018;16:15;9;5;4
25/02/2018;16:30;12;7;5
25/02/2018;16:45;15;11;4
25/02/2018;17:00;7;4;3
25/02/2018;17:15;7;2;5
25/02/2018;17:30;5;1;4
25/02/2018;17:45;6;3;3
25/02/2018;18:00;11;5;6
25/02/2018;18:15;13;5;8
25/02/2018;18:30;9;4;5
25/02/2018;18:45;4;1;3
25/02/2018;19:00;6;2;4
25/02/2018;19:15;8;2;6
25/02/2018;19:30;4;0;4
25/02/2018;19:45;9;4;5
25/02/2018;20:00;4;4;0
25/02/2018;20:15;8;1;7
25/02/2018;20:30;1;1;0
25/02/2018;20:45;3;2;1
25/02/2018;21:00;0;0;0
25/02/2018;21:15;3;0;3
25/02/2018;21:30;1;0;1
25/02/2018;21:45;1;0;1
25/02/2018;22:00;4;3;1
25/02/2018;22:15;1;0;1
25/02/2018;22:30;1;1;0
25/02/2018;22:45;1;0;1
25/02/2018;23:00;0;0;0
25/02/2018;23:15;0;0;0
25/02/2018;23:30;1;1;0
25/02/2018;23:45;0;0;0
26/02/2018;00:00;0;0;0
26/02/2018;00:15;0;0;0
26/02/2018;00:30;1;0;1
26/02/2018;00:45;0;0;0
26/02/2018;01:00;0;0;0
26/02/2018;01:15;0;0;0
26/02/2018;01:30;0;0;0
26/02/2018;01:45;0;0;0
26/02/2018;02:00;0;0;0
26/02/2018;02:15;0;0;0
26/02/2018;02:30;1;1;0
26/02/2018;02:45;0;0;0
26/02/2018;03:00;0;0;0
26/02/2018;03:15;0;0;0
26/02/2018;03:30;0;0;0
26/02/2018;03:45;0;0;0
26/02/2018;04:00;0;0;0
26/02/2018;04:15;0;0;0
26/02/2018;04:30;2;1;1
26/02/2018;04:45;0;0;0
26/02/2018;05:00;0;0;0
26/02/2018;05:15;1;1;0
26/02/2018;05:30;2;1;1
26/02/2018;05:45;4;3;1
26/02/2018;06:00;4;2;2
26/02/2018;06:15;8;6;2
26/02/2018;06:30;10;9;1
26/02/2018;06:45;16;7;9
26/02/2018;07:00;25;12;13
26/02/2018;07:15;29;17;12
26/02/2018;07:30;36;20;16
26/02/2018;07:45;40;15;25
26/02/2018;08:00;55;19;36
26/02/2018;08:15;62;18;44
26/02/2018;08:30;54;19;35
26/02/2018;08:45;65;18;47
26/02/2018;09:00;45;14;31
26/02/2018;09:15;41;14;27
26/02/2018;09:30;20;12;8
26/02/2018;09:45;20;10;10
26/02/2018;10:00;12;5;7
26/02/2018;10:15;17;8;9
26/02/2018;10:30;18;7;11
26/02/2018;10:45;11;4;7
26/02/2018;11:00;10;6;4
26/02/2018;11:15;9;6;3
26/02/2018;11:30;19;10;9
26/02/2018;11:45;18;9;9
26/02/2018;12:00;14;5;9
26/02/2018;12:15;14;4;10
26/02/2018;12:30;16;6;10
26/02/2018;12:45;17;9;8
26/02/2018;13:00;13;5;8
26/02/2018;13:15;19;7;12
26/02/2018;13:30;25;13;12
26/02/2018;13:45;17;8;9
26/02/2018;14:00;11;2;9
26/02/2018;14:15;19;8;11
26/02/2018;14:30;28;13;15
26/02/2018;14:45;11;8;3
26/02/2018;15:00;24;10;14
26/02/2018;15:15;15;8;7
26/02/2018;15:30;32;19;13
26/02/2018;15:45;19;12;7
26/02/2018;16:00;38;16;22
26/02/2018;16:15;23;12;11
26/02/2018;16:30;28;17;11
26/02/2018;16:45;34;14;20
26/02/2018;17:00;35;17;18
26/02/2018;17:15;49;38;11
26/02/2018;17:30;54;28;26
26/02/2018;17:45;59;39;20
26/02/2018;18:00;41;29;12
26/02/2018;18:15;38;21;17
26/02/2018;18:30;48;20;28
26/02/2018;18:45;40;19;21
26/02/2018;19:00;20;9;11
26/02/2018;19:15;24;17;7
26/02/2018;19:30;29;14;15
26/02/2018;19:45;27;19;8
26/02/2018;20:00;17;4;13
26/02/2018;20:15;17;5;12
26/02/2018;20:30;11;1;10
26/02/2018;20:45;10;0;10
26/02/2018;21:00;7;2;5
26/02/2018;21:15;9;6;3
26/02/2018;21:30;8;2;6
26/02/2018;21:45;6;0;6
26/02/2018;22:00;6;1;5
26/02/2018;22:15;5;2;3
26/02/2018;22:30;8;3;5
26/02/2018;22:45;1;0;1
26/02/2018;23:00;4;2;2
26/02/2018;23:15;3;0;3
26/02/2018;23:30;1;1;0
26/02/2018;23:45;1;1;0
27/02/2018;00:00;0;0;0
27/02/2018;00:15;0;0;0
27/02/2018;00:30;3;0;3
27/02/2018;00:45;0;0;0
27/02/2018;01:00;0;0;0
27/02/2018;01:15;0;0;0
27/02/2018;01:30;0;0;0
27/02/2018;01:45;0;0;0
27/02/2018;02:00;0;0;0
27/02/2018;02:15;0;0;0
27/02/2018;02:30;0;0;0
27/02/2018;02:45;0;0;0
27/02/2018;03:00;0;0;0
27/02/2018;03:15;0;0;0
27/02/2018;03:30;0;0;0
27/02/2018;03:45;0;0;0
27/02/2018;04:00;0;0;0
27/02/2018;04:15;0;0;0
27/02/2018;04:30;1;1;0
27/02/2018;04:45;0;0;0
27/02/2018;05:00;0;0;0
27/02/2018;05:15;2;2;0
27/02/2018;05:30;3;2;1
27/02/2018;05:45;5;3;2
27/02/2018;06:00;3;1;2
27/02/2018;06:15;10;6;4
27/02/2018;06:30;9;4;5
27/02/2018;06:45;16;7;9
27/02/2018;07:00;17;9;8
27/02/2018;07:15;28;13;15
27/02/2018;07:30;40;18;22
27/02/2018;07:45;46;21;25
27/02/2018;08:00;53;13;40
27/02/2018;08:15;64;18;46
27/02/2018;08:30;51;15;36
27/02/2018;08:45;62;19;43
27/02/2018;09:00;44;11;33
27/02/2018;09:15;32;13;19
27/02/2018;09:30;25;12;13
27/02/2018;09:45;23;11;12
27/02/2018;10:00;14;10;4
27/02/2018;10:15;11;7;4
27/02/2018;10:30;13;5;8
27/02/2018;10:45;12;7;5
27/02/2018;11:00;15;7;8
27/02/2018;11:15;5;1;4
27/02/2018;11:30;10;5;5
27/02/2018;11:45;13;8;5
27/02/2018;12:00;18;8;10
27/02/2018;12:15;15;7;8
27/02/2018;12:30;24;11;13
27/02/2018;12:45;20;10;10
27/02/2018;13:00;18;7;11
27/02/2018;13:15;20;11;9
27/02/2018;13:30;20;9;11
27/02/2018;13:45;19;8;11
27/02/2018;14:00;17;7;10
27/02/2018;14:15;19;8;11
27/02/2018;14:30;19;9;10
27/02/2018;14:45;10;5;5
27/02/2018;15:00;30;15;15
27/02/2018;15:15;32;19;13
27/02/2018;15:30;21;12;9
27/02/2018;15:45;29;5;24
27/02/2018;16:00;30;18;12
27/02/2018;16:15;32;18;14
27/02/2018;16:30;42;26;16
27/02/2018;16:45;39;17;22
27/02/2018;17:00;43;24;19
27/02/2018;17:15;42;23;19
27/02/2018;17:30;51;35;16
27/02/2018;17:45;47;34;13
27/02/2018;18:00;50;33;17
27/02/2018;18:15;43;22;21
27/02/2018;18:30;35;19;16
27/02/2018;18:45;40;19;21
27/02/2018;19:00;29;15;14
27/02/2018;19:15;18;11;7
27/02/2018;19:30;27;14;13
27/02/2018;19:45;21;9;12
27/02/2018;20:00;15;7;8
27/02/2018;20:15;15;5;10
27/02/2018;20:30;10;7;3
27/02/2018;20:45;10;3;7
27/02/2018;21:00;12;3;9
27/02/2018;21:15;9;1;8
27/02/2018;21:30;7;2;5
27/02/2018;21:45;8;2;6
27/02/2018;22:00;9;3;6
27/02/2018;22:15;9;2;7
27/02/2018;22:30;0;0;0
27/02/2018;22:45;1;0;1
27/02/2018;23:00;3;0;3
27/02/2018;23:15;2;0;2
27/02/2018;23:30;4;0;4
27/02/2018;23:45;2;1;1
28/02/2018;00:00;1;0;1
28/02/2018;00:15;1;1;0
28/02/2018;00:30;1;0;1
28/02/2018;00:45;0;0;0
28/02/2018;01:00;0;0;0
28/02/2018;01:15;0;0;0
28/02/2018;01:30;0;0;0
28/02/2018;01:45;0;0;0
28/02/2018;02:00;0;0;0
28/02/2018;02:15;0;0;0
28/02/2018;02:30;1;0;1
28/02/2018;02:45;0;0;0
28/02/2018;03:00;0;0;0
28/02/2018;03:15;0;0;0
28/02/2018;03:30;0;0;0
28/02/2018;03:45;0;0;0
28/02/2018;04:00;1;1;0
28/02/2018;04:15;0;0;0
28/02/2018;04:30;1;1;0
28/02/2018;04:45;1;1;0
28/02/2018;05:00;1;0;1
28/02/2018;05:15;1;1;0
28/02/2018;05:30;3;1;2
28/02/2018;05:45;4;3;1
28/02/2018;06:00;7;3;4
28/02/2018;06:15;11;4;7
28/02/2018;06:30;7;5;2
28/02/2018;06:45;18;10;8
28/02/2018;07:00;24;14;10
28/02/2018;07:15;24;8;16
28/02/2018;07:30;37;16;21
28/02/2018;07:45;43;15;28
28/02/2018;08:00;65;20;45
28/02/2018;08:15;44;10;34
28/02/2018;08:30;61;20;41
28/02/2018;08:45;48;14;34
28/02/2018;09:00;45;12;33
28/02/2018;09:15;40;16;24
28/02/2018;09:30;27;11;16
28/02/2018;09:45;20;7;13
28/02/2018;10:00;18;10;8
28/02/2018;10:15;10;4;6
28/02/2018;10:30;15;8;7
28/02/2018;10:45;15;8;7
28/02/2018;11:00;12;6;6
28/02/2018;11:15;6;3;3
28/02/2018;11:30;18;9;9
28/02/2018;11:45;15;10;5
28/02/2018;12:00;14;7;7
28/02/2018;12:15;22;10;12
28/02/2018;12:30;13;8;5
28/02/2018;12:45;18;4;14
28/02/2018;13:00;15;6;9
28/02/2018;13:15;22;8;14
28/02/2018;13:30;23;9;14
28/02/2018;13:45;22;8;14
28/02/2018;14:00;26;8;18
28/02/2018;14:15;23;12;11
28/02/2018;14:30;25;13;12
28/02/2018;14:45;11;5;6
28/02/2018;15:00;23;9;14
28/02/2018;15:15;14;5;9
28/02/2018;15:30;30;15;15
28/02/2018;15:45;25;10;15
28/02/2018;16:00;33;24;9
28/02/2018;16:15;32;18;14
28/02/2018;16:30;33;20;13
28/02/2018;16:45;36;19;17
28/02/2018;17:00;28;19;9
28/02/2018;17:15;37;17;20
28/02/2018;17:30;54;37;17
28/02/2018;17:45;52;33;19
28/02/2018;18:00;37;27;10
28/02/2018;18:15;46;28;18
28/02/2018;18:30;23;8;15
28/02/2018;18:45;36;23;13
28/02/2018;19:00;33;20;13
28/02/2018;19:15;17;9;8
28/02/2018;19:30;17;5;12
28/02/2018;19:45;16;7;9
28/02/2018;20:00;7;6;1
28/02/2018;20:15;13;4;9
28/02/2018;20:30;14;12;2
28/02/2018;20:45;13;5;8
28/02/2018;21:00;10;3;7
28/02/2018;21:15;9;5;4
28/02/2018;21:30;6;4;2
28/02/2018;21:45;5;2;3
28/02/2018;22:00;3;1;2
28/02/2018;22:15;1;1;0
28/02/2018;22:30;6;1;5
28/02/2018;22:45;8;4;4
28/02/2018;23:00;3;1;2
28/02/2018;23:15;1;1;0
28/02/2018;23:30;0;0;0
28/02/2018;23:45;0;0;0
01/03/2018;00:00;1;1;0
01/03/2018;00:15;1;0;1
01/03/2018;00:30;1;0;1
01/03/2018;00:45;0;0;0
01/03/2018;01:00;1;1;0
01/03/2018;01:15;0;0;0
01/03/2018;01:30;0;0;0
01/03/2018;01:45;0;0;0
01/03/2018;02:00;0;0;0
01/03/2018;02:15;0;0;0
01/03/2018;02:30;0;0;0
01/03/2018;02:45;0;0;0
01/03/2018;03:00;0;0;0
01/03/2018;03:15;0;0;0
01/03/2018;03:30;0;0;0
01/03/2018;03:45;0;0;0
01/03/2018;04:00;1;1;0
01/03/2018;04:15;0;0;0
01/03/2018;04:30;0;0;0
01/03/2018;04:45;3;3;0
01/03/2018;05:00;1;0;1
01/03/2018;05:15;1;1;0
01/03/2018;05:30;1;0;1
01/03/2018;05:45;6;3;3
01/03/2018;06:00;6;3;3
01/03/2018;06:15;8;6;2
01/03/2018;06:30;12;7;5
01/03/2018;06:45;11;5;6
01/03/2018;07:00;20;12;8
01/03/2018;07:15;23;12;11
01/03/2018;07:30;39;15;24
01/03/2018;07:45;49;19;30
01/03/2018;08:00;52;18;34
01/03/2018;08:15;60;10;50
01/03/2018;08:30;68;26;42
01/03/2018;08:45;39;7;32
01/03/2018;09:00;41;14;27
01/03/2018;09:15;32;9;23
01/03/2018;09:30;23;12;11
01/03/2018;09:45;19;13;6
01/03/2018;10:00;16;8;8
01/03/2018;10:15;9;4;5
01/03/2018;10:30;17;11;6
01/03/2018;10:45;18;14;4
01/03/2018;11:00;6;4;2
01/03/2018;11:15;8;3;5
01/03/2018;11:30;8;3;5
01/03/2018;11:45;14;9;5
01/03/2018;12:00;20;8;12
01/03/2018;12:15;20;9;11
01/03/2018;12:30;15;8;7
01/03/2018;12:45;23;11;12
01/03/2018;13:00;17;7;10
01/03/2018;13:15;19;5;14
01/03/2018;13:30;23;7;16
01/03/2018;13:45;18;10;8
01/03/2018;14:00;17;7;10
01/03/2018;14:15;26;11;15
01/03/2018;14:30;21;12;9
01/03/2018;14:45;18;7;11
01/03/2018;15:00;22;8;14
01/03/2018;15:15;24;12;12
01/03/2018;15:30;29;5;24
01/03/2018;15:45;24;15;9
01/03/2018;16:00;28;15;13
01/03/2018;16:15;29;15;14
01/03/2018;16:30;38;20;18
01/03/2018;16:45;52;22;30
01/03/2018;17:00;48;34;14
01/03/2018;17:15;35;24;11
01/03/2018;17:30;48;27;21
01/03/2018;17:45;48;27;21
01/03/2018;18:00;31;23;8
01/03/2018;18:15;43;20;23
01/03/2018;18:30;46;23;23
01/03/2018;18:45;23;13;10
01/03/2018;19:00;22;11;11
01/03/2018;19:15;24;16;8
01/03/2018;19:30;18;6;12
01/03/2018;19:45;12;6;6
01/03/2018;20:00;10;4;6
01/03/2018;20:15;10;3;7
01/03/2018;20:30;11;8;3
01/03/2018;20:45;2;1;1
01/03/2018;21:00;17;6;11
01/03/2018;21:15;11;4;7
01/03/2018;21:30;12;6;6
01/03/2018;21:45;7;0;7
01/03/2018;22:00;16;1;15
01/03/2018;22:15;9;2;7
01/03/2018;22:30;5;1;4
01/03/2018;22:45;4;0;4
01/03/2018;23:00;6;1;5
01/03/2018;23:15;0;0;0
01/03/2018;23:30;4;2;2
01/03/2018;23:45;3;1;2
02/03/2018;00:00;1;0;1
02/03/2018;00:15;2;0;2
02/03/2018;00:30;0;0;0
02/03/2018;00:45;0;0;0
02/03/2018;01:00;0;0;0
02/03/2018;01:15;0;0;0
02/03/2018;01:30;2;1;1
02/03/2018;01:45;0;0;0
02/03/2018;02:00;0;0;0
02/03/2018;02:15;0;0;0
02/03/2018;02:30;0;0;0
02/03/2018;02:45;0;0;0
02/03/2018;03:00;0;0;0
02/03/2018;03:15;1;0;1
02/03/2018;03:30;0;0;0
02/03/2018;03:45;0;0;0
02/03/2018;04:00;1;1;0
02/03/2018;04:15;0;0;0
02/03/2018;04:30;0;0;0
02/03/2018;04:45;2;2;0
02/03/2018;05:00;1;0;1
02/03/2018;05:15;1;1;0
02/03/2018;05:30;3;1;2
02/03/2018;05:45;9;7;2
02/03/2018;06:00;3;1;2
02/03/2018;06:15;6;5;1
02/03/2018;06:30;10;6;4
02/03/2018;06:45;16;7;9
02/03/2018;07:00;11;7;4
02/03/2018;07:15;26;10;16
02/03/2018;07:30;35;17;18
02/03/2018;07:45;49;25;24
02/03/2018;08:00;52;17;35
02/03/2018;08:15;45;11;34
02/03/2018;08:30;61;19;42
02/03/2018;08:45;45;17;28
02/03/2018;09:00;31;7;24
02/03/2018;09:15;26;10;16
02/03/2018;09:30;23;13;10
02/03/2018;09:45;23;9;14
02/03/2018;10:00;10;7;3
02/03/2018;10:15;16;9;7
02/03/2018;10:30;16;5;11
02/03/2018;10:45;8;5;3
02/03/2018;11:00;9;5;4
02/03/2018;11:15;11;5;6
02/03/2018;11:30;19;12;7
02/03/2018;11:45;13;7;6
02/03/2018;12:00;17;10;7
02/03/2018;12:15;19;9;10
02/03/2018;12:30;18;12;6
02/03/2018;12:45;20;5;15
02/03/2018;13:00;22;12;10
02/03/2018;13:15;20;11;9
02/03/2018;13:30;14;4;10
02/03/2018;13:45;24;9;15
02/03/2018;14:00;27;14;13
02/03/2018;14:15;30;15;15
02/03/2018;14:30;30;12;18
02/03/2018;14:45;25;8;17
02/03/2018;15:00;24;15;9
02/03/2018;15:15;31;15;16
02/03/2018;15:30;30;14;16
02/03/2018;15:45;33;14;19
02/03/2018;16:00;39;30;9
02/03/2018;16:15;34;20;14
02/03/2018;16:30;30;14;16
02/03/2018;16:45;39;20;19
02/03/2018;17:00;27;14;13
02/03/2018;17:15;37;22;15
02/03/2018;17:30;31;17;14
02/03/2018;17:45;33;21;12
02/03/2018;18:00;27;13;14
02/03/2018;18:15;17;10;7
02/03/2018;18:30;26;8;18
02/03/2018;18:45;19;10;9
02/03/2018;19:00;19;9;10
02/03/2018;19:15;20;9;11
02/03/2018;19:30;14;8;6
02/03/2018;19:45;13;8;5
02/03/2018;20:00;11;7;4
02/03/2018;20:15;6;3;3
02/03/2018;20:30;8;4;4
02/03/2018;20:45;2;1;1
02/03/2018;21:00;3;3;0
02/03/2018;21:15;10;7;3
02/03/2018;21:30;6;5;1
02/03/2018;21:45;6;3;3
02/03/2018;22:00;2;0;2
02/03/2018;22:15;7;0;7
02/03/2018;22:30;3;1;2
02/03/2018;22:45;3;1;2
02/03/2018;23:00;8;3;5
02/03/2018;23:15;2;0;2
02/03/2018;23:30;1;0;1
02/03/2018;23:45;4;1;3
03/03/2018;00:00;0;0;0
03/03/2018;00:15;3;0;3
03/03/2018;00:30;2;0;2
03/03/2018;00:45;2;0;2
03/03/2018;01:00;1;0;1
03/03/2018;01:15;0;0;0
03/03/2018;01:30;1;0;1
03/03/2018;01:45;1;0;1
03/03/2018;02:00;0;0;0
03/03/2018;02:15;1;0;1
03/03/2018;02:30;3;0;3
03/03/2018;02:45;0;0;0
03/03/2018;03:00;2;0;2
03/03/2018;03:15;0;0;0
03/03/2018;03:30;0;0;0
03/03/2018;03:45;1;0;1
03/03/2018;04:00;0;0;0
03/03/2018;04:15;1;0;1
03/03/2018;04:30;0;0;0
03/03/2018;04:45;0;0;0
03/03/2018;05:00;1;0;1
03/03/2018;05:15;0;0;0
03/03/2018;05:30;0;0;0
03/03/2018;05:45;3;0;3
03/03/2018;06:00;0;0;0
03/03/2018;06:15;0;0;0
03/03/2018;06:30;1;1;0
03/03/2018;06:45;0;0;0
03/03/2018;07:00;1;1;0
03/03/2018;07:15;2;0;2
03/03/2018;07:30;2;1;1
03/03/2018;07:45;3;2;1
03/03/2018;08:00;1;0;1
03/03/2018;08:15;1;1;0
03/03/2018;08:30;0;0;0
03/03/2018;08:45;3;3;0
03/03/2018;09:00;4;2;2
03/03/2018;09:15;0;0;0
03/03/2018;09:30;5;5;0
03/03/2018;09:45;9;7;2
03/03/2018;10:00;4;4;0
03/03/2018;10:15;5;3;2
03/03/2018;10:30;11;8;3
03/03/2018;10:45;6;2;4
03/03/2018;11:00;5;4;1
03/03/2018;11:15;5;3;2
03/03/2018;11:30;2;2;0
03/03/2018;11:45;7;5;2
03/03/2018;12:00;5;3;2
03/03/2018;12:15;7;3;4
03/03/2018;12:30;6;2;4
03/03/2018;12:45;8;3;5
03/03/2018;13:00;7;3;4
03/03/2018;13:15;11;9;2
03/03/2018;13:30;6;4;2
03/03/2018;13:45;12;5;7
03/03/2018;14:00;6;4;2
03/03/2018;14:15;5;0;5
03/03/2018;14:30;6;2;4
03/03/2018;14:45;11;5;6
03/03/2018;15:00;11;4;7
03/03/2018;15:15;8;4;4
03/03/2018;15:30;9;3;6
03/03/2018;15:45;7;6;1
03/03/2018;16:00;9;3;6
03/03/2018;16:15;6;4;2
03/03/2018;16:30;2;2;0
03/03/2018;16:45;10;3;7
03/03/2018;17:00;9;5;4
03/03/2018;17:15;8;4;4
03/03/2018;17:30;8;3;5
03/03/2018;17:45;12;5;7
03/03/2018;18:00;12;5;7
03/03/2018;18:15;5;4;1
03/03/2018;18:30;16;1;15
03/03/2018;18:45;3;1;2
03/03/2018;19:00;4;1;3
03/03/2018;19:15;4;3;1
03/03/2018;19:30;0;0;0
03/03/2018;19:45;5;2;3
03/03/2018;20:00;9;4;5
03/03/2018;20:15;4;1;3
03/03/2018;20:30;7;5;2
03/03/2018;20:45;5;2;3
03/03/2018;21:00;1;0;1
03/03/2018;21:15;4;1;3
03/03/2018;21:30;1;1;0
03/03/2018;21:45;3;1;2
03/03/2018;22:00;2;1;1
03/03/2018;22:15;5;2;3
03/03/2018;22:30;1;0;1
03/03/2018;22:45;1;0;1
03/03/2018;23:00;2;2;0
03/03/2018;23:15;1;1;0
03/03/2018;23:30;0;0;0
03/03/2018;23:45;3;0;3
04/03/2018;00:00;1;0;1
04/03/2018;00:15;3;0;3
04/03/2018;00:30;5;1;4
04/03/2018;00:45;2;0;2
04/03/2018;01:00;1;0;1
04/03/2018;01:15;3;1;2
04/03/2018;01:30;1;0;1
04/03/2018;01:45;2;0;2
04/03/2018;02:00;1;1;0
04/03/2018;02:15;0;0;0
04/03/2018;02:30;1;0;1
04/03/2018;02:45;1;1;0
04/03/2018;03:00;0;0;0
04/03/2018;03:15;0;0;0
04/03/2018;03:30;1;0;1
04/03/2018;03:45;0;0;0
04/03/2018;04:00;0;0;0
04/03/2018;04:15;1;0;1
04/03/2018;04:30;0;0;0
04/03/2018;04:45;1;0;1
04/03/2018;05:00;0;0;0
04/03/2018;05:15;0;0;0
04/03/2018;05:30;0;0;0
04/03/2018;05:45;1;0;1
04/03/2018;06:00;1;0;1
04/03/2018;06:15;0;0;0
04/03/2018;06:30;0;0;0
04/03/2018;06:45;0;0;0
04/03/2018;07:00;0;0;0
04/03/2018;07:15;1;0;1
04/03/2018;07:30;1;1;0
04/03/2018;07:45;0;0;0
04/03/2018;08:00;0;0;0
04/03/2018;08:15;1;1;0
04/03/2018;08:30;0;0;0
04/03/2018;08:45;2;0;2
04/03/2018;09:00;1;1;0
04/03/2018;09:15;1;0;1
04/03/2018;09:30;3;1;2
04/03/2018;09:45;7;3;4
04/03/2018;10:00;6;4;2
04/03/2018;10:15;12;8;4
04/03/2018;10:30;7;5;2
04/03/2018;10:45;9;5;4
04/03/2018;11:00;3;0;3
04/03/2018;11:15;11;5;6
04/03/2018;11:30;3;3;0
04/03/2018;11:45;12;6;6
04/03/2018;12:00;11;4;7
04/03/2018;12:15;7;4;3
04/03/2018;12:30;8;5;3
04/03/2018;12:45;13;9;4
04/03/2018;13:00;13;6;7
04/03/2018;13:15;5;3;2
04/03/2018;13:30;14;4;10
04/03/2018;13:45;15;7;8
04/03/2018;14:00;16;5;11
04/03/2018;14:15;12;5;7
04/03/2018;14:30;21;8;13
04/03/2018;14:45;9;5;4
04/03/2018;15:00;17;8;9
04/03/2018;15:15;17;6;11
04/03/2018;15:30;6;5;1
04/03/2018;15:45;9;7;2
04/03/2018;16:00;5;4;1
04/03/2018;16:15;21;17;4
04/03/2018;16:30;18;10;8
04/03/2018;16:45;11;5;6
04/03/2018;17:00;13;3;10
04/03/2018;17:15;11;4;7
04/03/2018;17:30;6;5;1
04/03/2018;17:45;16;7;9
04/03/2018;18:00;5;1;4
04/03/2018;18:15;10;4;6
04/03/2018;18:30;8;6;2
04/03/2018;18:45;6;4;2
04/03/2018;19:00;14;6;8
04/03/2018;19:15;13;2;11
04/03/2018;19:30;12;6;6
04/03/2018;19:45;11;4;7
04/03/2018;20:00;9;5;4
04/03/2018;20:15;6;3;3
04/03/2018;20:30;3;1;2
04/03/2018;20:45;3;3;0
04/03/2018;21:00;3;0;3
04/03/2018;21:15;4;1;3
04/03/2018;21:30;1;0;1
04/03/2018;21:45;1;0;1
04/03/2018;22:00;3;0;3
04/03/2018;22:15;2;1;1
04/03/2018;22:30;3;2;1
04/03/2018;22:45;1;1;0
04/03/2018;23:00;1;1;0
04/03/2018;23:15;4;0;4
04/03/2018;23:30;0;0;0
04/03/2018;23:45;4;1;3
05/03/2018;00:00;1;0;1
05/03/2018;00:15;0;0;0
05/03/2018;00:30;0;0;0
05/03/2018;00:45;0;0;0
05/03/2018;01:00;0;0;0
05/03/2018;01:15;1;1;0
05/03/2018;01:30;0;0;0
05/03/2018;01:45;0;0;0
05/03/2018;02:00;0;0;0
05/03/2018;02:15;0;0;0
05/03/2018;02:30;0;0;0
05/03/2018;02:45;0;0;0
05/03/2018;03:00;1;0;1
05/03/2018;03:15;0;0;0
05/03/2018;03:30;0;0;0
05/03/2018;03:45;0;0;0
05/03/2018;04:00;0;0;0
05/03/2018;04:15;0;0;0
05/03/2018;04:30;1;1;0
05/03/2018;04:45;1;1;0
05/03/2018;05:00;2;0;2
05/03/2018;05:15;0;0;0
05/03/2018;05:30;5;3;2
05/03/2018;05:45;4;2;2
05/03/2018;06:00;5;3;2
05/03/2018;06:15;16;9;7
05/03/2018;06:30;9;7;2
05/03/2018;06:45;22;9;13
05/03/2018;07:00;15;10;5
05/03/2018;07:15;45;17;28
05/03/2018;07:30;48;23;25
05/03/2018;07:45;58;22;36
05/03/2018;08:00;79;26;53
05/03/2018;08:15;99;31;68
05/03/2018;08:30;69;19;50
05/03/2018;08:45;82;27;55
05/03/2018;09:00;62;25;37
05/03/2018;09:15;53;15;38
05/03/2018;09:30;32;18;14
05/03/2018;09:45;38;15;23
05/03/2018;10:00;19;12;7
05/03/2018;10:15;21;13;8
05/03/2018;10:30;18;14;4
05/03/2018;10:45;16;5;11
05/03/2018;11:00;20;12;8
05/03/2018;11:15;17;9;8
05/03/2018;11:30;27;10;17
05/03/2018;11:45;18;10;8
05/03/2018;12:00;22;11;11
05/03/2018;12:15;22;12;10
05/03/2018;12:30;23;7;16
05/03/2018;12:45;29;12;17
05/03/2018;13:00;29;11;18
05/03/2018;13:15;36;14;22
05/03/2018;13:30;25;11;14
05/03/2018;13:45;26;9;17
05/03/2018;14:00;27;12;15
05/03/2018;14:15;22;11;11
05/03/2018;14:30;22;15;7
05/03/2018;14:45;27;8;19
05/03/2018;15:00;21;6;15
05/03/2018;15:15;24;8;16
05/03/2018;15:30;33;12;21
05/03/2018;15:45;54;19;35
05/03/2018;16:00;51;19;32
05/03/2018;16:15;56;28;28
05/03/2018;16:30;44;22;22
05/03/2018;16:45;52;31;21
05/03/2018;17:00;52;27;25
05/03/2018;17:15;51;29;22
05/03/2018;17:30;58;39;19
05/03/2018;17:45;70;48;22
05/03/2018;18:00;60;33;27
05/03/2018;18:15;58;34;24
05/03/2018;18:30;59;31;28
05/03/2018;18:45;45;24;21
05/03/2018;19:00;38;10;28
05/03/2018;19:15;36;20;16
05/03/2018;19:30;29;18;11
05/03/2018;19:45;25;11;14
05/03/2018;20:00;17;6;11
05/03/2018;20:15;24;10;14
05/03/2018;20:30;15;5;10
05/03/2018;20:45;14;5;9
05/03/2018;21:00;10;3;7
05/03/2018;21:15;9;6;3
05/03/2018;21:30;15;2;13
05/03/2018;21:45;6;1;5
05/03/2018;22:00;12;7;5
05/03/2018;22:15;8;1;7
05/03/2018;22:30;8;4;4
05/03/2018;22:45;6;0;6
05/03/2018;23:00;3;2;1
05/03/2018;23:15;3;1;2
05/03/2018;23:30;0;0;0
05/03/2018;23:45;1;0;1
06/03/2018;00:00;2;1;1
06/03/2018;00:15;1;0;1
06/03/2018;00:30;2;0;2
06/03/2018;00:45;1;0;1
06/03/2018;01:00;2;1;1
06/03/2018;01:15;1;0;1
06/03/2018;01:30;1;0;1
06/03/2018;01:45;0;0;0
06/03/2018;02:00;0;0;0
06/03/2018;02:15;0;0;0
06/03/2018;02:30;0;0;0
06/03/2018;02:45;1;1;0
06/03/2018;03:00;0;0;0
06/03/2018;03:15;0;0;0
06/03/2018;03:30;0;0;0
06/03/2018;03:45;0;0;0
06/03/2018;04:00;0;0;0
06/03/2018;04:15;0;0;0
06/03/2018;04:30;1;1;0
06/03/2018;04:45;1;0;1
06/03/2018;05:00;1;0;1
06/03/2018;05:15;2;2;0
06/03/2018;05:30;5;4;1
06/03/2018;05:45;6;4;2
06/03/2018;06:00;6;1;5
06/03/2018;06:15;15;10;5
06/03/2018;06:30;12;8;4
06/03/2018;06:45;22;8;14
06/03/2018;07:00;22;10;12
06/03/2018;07:15;40;17;23
06/03/2018;07:30;65;29;36
06/03/2018;07:45;71;32;39
06/03/2018;08:00;95;34;61
06/03/2018;08:15;84;29;55
06/03/2018;08:30;90;28;62
06/03/2018;08:45;80;23;57
06/03/2018;09:00;55;20;35
06/03/2018;09:15;53;18;35
06/03/2018;09:30;29;19;10
06/03/2018;09:45;36;21;15
06/03/2018;10:00;17;11;6
06/03/2018;10:15;15;7;8
06/03/2018;10:30;21;15;6
06/03/2018;10:45;25;11;14
06/03/2018;11:00;16;9;7
06/03/2018;11:15;19;15;4
06/03/2018;11:30;18;11;7
06/03/2018;11:45;19;11;8
06/03/2018;12:00;25;10;15
06/03/2018;12:15;30;13;17
06/03/2018;12:30;28;11;17
06/03/2018;12:45;37;14;23
06/03/2018;13:00;39;16;23
06/03/2018;13:15;30;12;18
06/03/2018;13:30;29;11;18
06/03/2018;13:45;36;10;26
06/03/2018;14:00;31;15;16
06/03/2018;14:15;41;16;25
06/03/2018;14:30;40;14;26
06/03/2018;14:45;25;7;18
06/03/2018;15:00;29;12;17
06/03/2018;15:15;40;18;22
06/03/2018;15:30;30;14;16
06/03/2018;15:45;50;31;19
06/03/2018;16:00;37;19;18
06/03/2018;16:15;14;7;7
06/03/2018;16:30;10;1;9
06/03/2018;16:45;10;2;8
06/03/2018;17:00;5;1;4
06/03/2018;17:15;13;0;13
06/03/2018;17:30;12;4;8
06/03/2018;17:45;19;1;18
06/03/2018;18:00;18;7;11
06/03/2018;18:15;17;2;15
06/03/2018;18:30;11;2;9
06/03/2018;18:45;16;6;10
06/03/2018;19:00;6;0;6
06/03/2018;19:15;9;1;8
06/03/2018;19:30;3;0;3
06/03/2018;19:45;6;1;5
06/03/2018;20:00;3;0;3
06/03/2018;20:15;3;2;1
06/03/2018;20:30;6;0;6
06/03/2018;20:45;6;1;5
06/03/2018;21:00;1;0;1
06/03/2018;21:15;1;0;1
06/03/2018;21:30;5;1;4
06/03/2018;21:45;4;0;4
06/03/2018;22:00;3;1;2
06/03/2018;22:15;2;0;2
06/03/2018;22:30;4;0;4
06/03/2018;22:45;1;0;1
06/03/2018;23:00;2;0;2
06/03/2018;23:15;2;0;2
06/03/2018;23:30;1;0;1
06/03/2018;23:45;0;0;0
07/03/2018;00:00;0;0;0
07/03/2018;00:15;0;0;0
07/03/2018;00:30;1;0;1
07/03/2018;00:45;1;0;1
07/03/2018;01:00;0;0;0
07/03/2018;01:15;0;0;0
07/03/2018;01:30;0;0;0
07/03/2018;01:45;0;0;0
07/03/2018;02:00;0;0;0
07/03/2018;02:15;0;0;0
07/03/2018;02:30;0;0;0
07/03/2018;02:45;0;0;0
07/03/2018;03:00;0;0;0
07/03/2018;03:15;0;0;0
07/03/2018;03:30;0;0;0
07/03/2018;03:45;0;0;0
07/03/2018;04:00;0;0;0
07/03/2018;04:15;0;0;0
07/03/2018;04:30;0;0;0
07/03/2018;04:45;0;0;0
07/03/2018;05:00;0;0;0
07/03/2018;05:15;1;0;1
07/03/2018;05:30;1;0;1
07/03/2018;05:45;2;2;0
07/03/2018;06:00;3;0;3
07/03/2018;06:15;1;0;1
07/03/2018;06:30;5;3;2
07/03/2018;06:45;2;1;1
07/03/2018;07:00;9;4;5
07/03/2018;07:15;8;1;7
07/03/2018;07:30;9;0;9
07/03/2018;07:45;18;0;18
07/03/2018;08:00;33;2;31
07/03/2018;08:15;27;2;25
07/03/2018;08:30;21;0;21
07/03/2018;08:45;39;2;37
07/03/2018;09:00;12;2;10
07/03/2018;09:15;2;0;2
07/03/2018;09:30;2;0;2
07/03/2018;09:45;2;1;1
07/03/2018;10:00;6;2;4
07/03/2018;10:15;4;3;1
07/03/2018;10:30;6;1;5
07/03/2018;10:45;4;0;4
07/03/2018;11:00;3;1;2
07/03/2018;11:15;4;1;3
07/03/2018;11:30;6;2;4
07/03/2018;11:45;10;2;8
07/03/2018;12:00;6;2;4
07/03/2018;12:15;5;1;4
07/03/2018;12:30;4;2;2
07/03/2018;12:45;8;2;6
07/03/2018;13:00;6;1;5
07/03/2018;13:15;7;2;5
07/03/2018;13:30;1;0;1
07/03/2018;13:45;0;0;0
07/03/2018;14:00;0;0;0
07/03/2018;14:15;0;0;0
07/03/2018;14:30;0;0;0
07/03/2018;14:45;0;0;0
07/03/2018;15:00;0;0;0
07/03/2018;15:15;0;0;0
07/03/2018;15:30;0;0;0
07/03/2018;15:45;0;0;0
07/03/2018;16:00;5;3;2
07/03/2018;16:15;3;0;3
07/03/2018;16:30;4;2;2
07/03/2018;16:45;9;0;9
07/03/2018;17:00;12;0;12
07/03/2018;17:15;3;0;3
07/03/2018;17:30;3;0;3
07/03/2018;17:45;6;0;6
07/03/2018;18:00;7;1;6
07/03/2018;18:15;13;0;13
07/03/2018;18:30;1;0;1
07/03/2018;18:45;7;3;4
07/03/2018;19:00;4;0;4
07/03/2018;19:15;1;0;1
07/03/2018;19:30;0;0;0
07/03/2018;19:45;2;0;2
07/03/2018;20:00;2;2;0
07/03/2018;20:15;1;0;1
07/03/2018;20:30;3;1;2
07/03/2018;20:45;0;0;0
07/03/2018;21:00;3;2;1
07/03/2018;21:15;0;0;0
07/03/2018;21:30;1;0;1
07/03/2018;21:45;0;0;0
07/03/2018;22:00;3;1;2
07/03/2018;22:15;0;0;0
07/03/2018;22:30;2;1;1
07/03/2018;22:45;0;0;0
07/03/2018;23:00;0;0;0
07/03/2018;23:15;1;0;1
07/03/2018;23:30;0;0;0
07/03/2018;23:45;0;0;0
08/03/2018;00:00;1;0;1
08/03/2018;00:15;0;0;0
08/03/2018;00:30;0;0;0
08/03/2018;00:45;0;0;0
08/03/2018;01:00;0;0;0
08/03/2018;01:15;0;0;0
08/03/2018;01:30;0;0;0
08/03/2018;01:45;0;0;0
08/03/2018;02:00;0;0;0
08/03/2018;02:15;0;0;0
08/03/2018;02:30;0;0;0
08/03/2018;02:45;0;0;0
08/03/2018;03:00;0;0;0
08/03/2018;03:15;0;0;0
08/03/2018;03:30;0;0;0
08/03/2018;03:45;0;0;0
08/03/2018;04:00;0;0;0
08/03/2018;04:15;1;0;1
08/03/2018;04:30;0;0;0
08/03/2018;04:45;0;0;0
08/03/2018;05:00;0;0;0
08/03/2018;05:15;0;0;0
08/03/2018;05:30;2;1;1
08/03/2018;05:45;0;0;0
08/03/2018;06:00;1;1;0
08/03/2018;06:15;2;1;1
08/03/2018;06:30;4;3;1
08/03/2018;06:45;3;1;2
08/03/2018;07:00;1;1;0
08/03/2018;07:15;6;3;3
08/03/2018;07:30;12;4;8
08/03/2018;07:45;16;1;15
08/03/2018;08:00;12;2;10
08/03/2018;08:15;10;1;9
08/03/2018;08:30;12;2;10
08/03/2018;08:45;3;3;0
08/03/2018;09:00;3;0;3
08/03/2018;09:15;0;0;0
08/03/2018;09:30;1;0;1
08/03/2018;09:45;0;0;0
08/03/2018;10:00;0;0;0
08/03/2018;10:15;0;0;0
08/03/2018;10:30;0;0;0
08/03/2018;10:45;0;0;0
08/03/2018;11:00;0;0;0
08/03/2018;11:15;0;0;0
08/03/2018;11:30;3;2;1
08/03/2018;11:45;0;0;0
08/03/2018;12:00;0;0;0
08/03/2018;12:15;3;1;2
08/03/2018;12:30;0;0;0
08/03/2018;12:45;0;0;0
08/03/2018;13:00;3;1;2
08/03/2018;13:15;7;2;5
08/03/2018;13:30;1;0;1
08/03/2018;13:45;1;0;1
08/03/2018;14:00;0;0;0
08/03/2018;14:15;2;0;2
08/03/2018;14:30;5;0;5
08/03/2018;14:45;1;0;1
08/03/2018;15:00;2;1;1
08/03/2018;15:15;1;0;1
08/03/2018;15:30;0;0;0
08/03/2018;15:45;0;0;0
08/03/2018;16:00;0;0;0
08/03/2018;16:15;0;0;0
08/03/2018;16:30;0;0;0
08/03/2018;16:45;0;0;0
08/03/2018;17:00;0;0;0
08/03/2018;17:15;0;0;0
08/03/2018;17:30;0;0;0
08/03/2018;17:45;1;0;1
08/03/2018;18:00;1;0;1
08/03/2018;18:15;4;1;3
08/03/2018;18:30;2;0;2
08/03/2018;18:45;1;0;1
08/03/2018;19:00;0;0;0
08/03/2018;19:15;1;0;1
08/03/2018;19:30;0;0;0
08/03/2018;19:45;1;1;0
08/03/2018;20:00;0;0;0
08/03/2018;20:15;0;0;0
08/03/2018;20:30;0;0;0
08/03/2018;20:45;0;0;0
08/03/2018;21:00;1;1;0
08/03/2018;21:15;0;0;0
08/03/2018;21:30;0;0;0
08/03/2018;21:45;0;0;0
08/03/2018;22:00;0;0;0
08/03/2018;22:15;0;0;0
08/03/2018;22:30;0;0;0
08/03/2018;22:45;0;0;0
08/03/2018;23:00;0;0;0
08/03/2018;23:15;0;0;0
08/03/2018;23:30;0;0;0
08/03/2018;23:45;0;0;0
09/03/2018;00:00;0;0;0
09/03/2018;00:15;0;0;0
09/03/2018;00:30;0;0;0
09/03/2018;00:45;0;0;0
09/03/2018;01:00;0;0;0
09/03/2018;01:15;0;0;0
09/03/2018;01:30;0;0;0
09/03/2018;01:45;0;0;0
09/03/2018;02:00;0;0;0
09/03/2018;02:15;0;0;0
09/03/2018;02:30;0;0;0
09/03/2018;02:45;0;0;0
09/03/2018;03:00;0;0;0
09/03/2018;03:15;0;0;0
09/03/2018;03:30;0;0;0
09/03/2018;03:45;0;0;0
09/03/2018;04:00;0;0;0
09/03/2018;04:15;0;0;0
09/03/2018;04:30;0;0;0
09/03/2018;04:45;0;0;0
09/03/2018;05:00;0;0;0
09/03/2018;05:15;0;0;0
09/03/2018;05:30;0;0;0
09/03/2018;05:45;0;0;0
09/03/2018;06:00;1;1;0
09/03/2018;06:15;0;0;0
09/03/2018;06:30;0;0;0
09/03/2018;06:45;0;0;0
09/03/2018;07:00;0;0;0
09/03/2018;07:15;0;0;0
09/03/2018;07:30;0;0;0
09/03/2018;07:45;1;0;1
09/03/2018;08:00;1;0;1
09/03/2018;08:15;0;0;0
09/03/2018;08:30;1;0;1
09/03/2018;08:45;3;0;3
09/03/2018;09:00;1;0;1
09/03/2018;09:15;0;0;0
09/03/2018;09:30;0;0;0
09/03/2018;09:45;0;0;0
09/03/2018;10:00;0;0;0
09/03/2018;10:15;0;0;0
09/03/2018;10:30;0;0;0
09/03/2018;10:45;2;1;1
09/03/2018;11:00;2;0;2
09/03/2018;11:15;0;0;0
09/03/2018;11:30;2;0;2
09/03/2018;11:45;0;0;0
09/03/2018;12:00;2;0;2
09/03/2018;12:15;0;0;0
09/03/2018;12:30;0;0;0
09/03/2018;12:45;0;0;0
09/03/2018;13:00;0;0;0
09/03/2018;13:15;2;0;2
09/03/2018;13:30;0;0;0
09/03/2018;13:45;0;0;0
09/03/2018;14:00;0;0;0
09/03/2018;14:15;0;0;0
09/03/2018;14:30;0;0;0
09/03/2018;14:45;0;0;0
09/03/2018;15:00;0;0;0
09/03/2018;15:15;5;1;4
09/03/2018;15:30;0;0;0
09/03/2018;15:45;3;0;3
09/03/2018;16:00;2;0;2
09/03/2018;16:15;2;0;2
09/03/2018;16:30;4;0;4
09/03/2018;16:45;1;0;1
09/03/2018;17:00;1;0;1
09/03/2018;17:15;2;0;2
09/03/2018;17:30;2;1;1
09/03/2018;17:45;1;0;1
09/03/2018;18:00;0;0;0
09/03/2018;18:15;0;0;0
09/03/2018;18:30;1;0;1
09/03/2018;18:45;3;0;3
09/03/2018;19:00;0;0;0
09/03/2018;19:15;0;0;0
09/03/2018;19:30;0;0;0
09/03/2018;19:45;0;0;0
09/03/2018;20:00;0;0;0
09/03/2018;20:15;0;0;0
09/03/2018;20:30;0;0;0
09/03/2018;20:45;0;0;0
09/03/2018;21:00;0;0;0
09/03/2018;21:15;0;0;0
09/03/2018;21:30;0;0;0
09/03/2018;21:45;0;0;0
09/03/2018;22:00;0;0;0
09/03/2018;22:15;0;0;0
09/03/2018;22:30;0;0;0
09/03/2018;22:45;0;0;0
09/03/2018;23:00;0;0;0
09/03/2018;23:15;0;0;0
09/03/2018;23:30;0;0;0
09/03/2018;23:45;0;0;0
10/03/2018;00:00;0;0;0
10/03/2018;00:15;0;0;0
10/03/2018;00:30;0;0;0
10/03/2018;00:45;0;0;0
10/03/2018;01:00;0;0;0
10/03/2018;01:15;0;0;0
10/03/2018;01:30;0;0;0
10/03/2018;01:45;0;0;0
10/03/2018;02:00;0;0;0
10/03/2018;02:15;0;0;0
10/03/2018;02:30;0;0;0
10/03/2018;02:45;0;0;0
10/03/2018;03:00;0;0;0
10/03/2018;03:15;0;0;0
10/03/2018;03:30;0;0;0
10/03/2018;03:45;0;0;0
10/03/2018;04:00;0;0;0
10/03/2018;04:15;0;0;0
10/03/2018;04:30;0;0;0
10/03/2018;04:45;0;0;0
10/03/2018;05:00;0;0;0
10/03/2018;05:15;0;0;0
10/03/2018;05:30;0;0;0
10/03/2018;05:45;0;0;0
10/03/2018;06:00;0;0;0
10/03/2018;06:15;0;0;0
10/03/2018;06:30;0;0;0
10/03/2018;06:45;0;0;0
10/03/2018;07:00;0;0;0
10/03/2018;07:15;0;0;0
10/03/2018;07:30;0;0;0
10/03/2018;07:45;0;0;0
10/03/2018;08:00;0;0;0
10/03/2018;08:15;0;0;0
10/03/2018;08:30;0;0;0
10/03/2018;08:45;0;0;0
10/03/2018;09:00;1;0;1
10/03/2018;09:15;0;0;0
10/03/2018;09:30;1;0;1
10/03/2018;09:45;0;0;0
10/03/2018;10:00;1;0;1
10/03/2018;10:15;1;0;1
10/03/2018;10:30;0;0;0
10/03/2018;10:45;0;0;0
10/03/2018;11:00;1;0;1
10/03/2018;11:15;0;0;0
10/03/2018;11:30;0;0;0
10/03/2018;11:45;1;0;1
10/03/2018;12:00;1;0;1
10/03/2018;12:15;0;0;0
10/03/2018;12:30;0;0;0
10/03/2018;12:45;0;0;0
10/03/2018;13:00;1;0;1
10/03/2018;13:15;2;1;1
10/03/2018;13:30;0;0;0
10/03/2018;13:45;1;0;1
10/03/2018;14:00;2;1;1
10/03/2018;14:15;1;0;1
10/03/2018;14:30;0;0;0
10/03/2018;14:45;0;0;0
10/03/2018;15:00;0;0;0
10/03/2018;15:15;1;0;1
10/03/2018;15:30;0;0;0
10/03/2018;15:45;1;0;1
10/03/2018;16:00;0;0;0
10/03/2018;16:15;1;0;1
10/03/2018;16:30;0;0;0
10/03/2018;16:45;0;0;0
10/03/2018;17:00;0;0;0
10/03/2018;17:15;0;0;0
10/03/2018;17:30;0;0;0
10/03/2018;17:45;0;0;0
10/03/2018;18:00;0;0;0
10/03/2018;18:15;0;0;0
10/03/2018;18:30;0;0;0
10/03/2018;18:45;2;0;2
10/03/2018;19:00;0;0;0
10/03/2018;19:15;1;0;1
10/03/2018;19:30;0;0;0
10/03/2018;19:45;1;0;1
10/03/2018;20:00;0;0;0
10/03/2018;20:15;0;0;0
10/03/2018;20:30;0;0;0
10/03/2018;20:45;0;0;0
10/03/2018;21:00;0;0;0
10/03/2018;21:15;0;0;0
10/03/2018;21:30;0;0;0
10/03/2018;21:45;0;0;0
10/03/2018;22:00;0;0;0
10/03/2018;22:15;0;0;0
10/03/2018;22:30;0;0;0
10/03/2018;22:45;0;0;0
10/03/2018;23:00;0;0;0
10/03/2018;23:15;0;0;0
10/03/2018;23:30;0;0;0
10/03/2018;23:45;0;0;0
11/03/2018;00:00;0;0;0
11/03/2018;00:15;0;0;0
11/03/2018;00:30;0;0;0
11/03/2018;00:45;0;0;0
11/03/2018;01:00;0;0;0
11/03/2018;01:15;0;0;0
11/03/2018;01:30;0;0;0
11/03/2018;01:45;0;0;0
11/03/2018;02:00;0;0;0
11/03/2018;02:15;0;0;0
11/03/2018;02:30;0;0;0
11/03/2018;02:45;0;0;0
11/03/2018;03:00;1;1;0
11/03/2018;03:15;0;0;0
11/03/2018;03:30;0;0;0
11/03/2018;03:45;0;0;0
11/03/2018;04:00;0;0;0
11/03/2018;04:15;0;0;0
11/03/2018;04:30;0;0;0
11/03/2018;04:45;0;0;0
11/03/2018;05:00;0;0;0
11/03/2018;05:15;0;0;0
11/03/2018;05:30;0;0;0
11/03/2018;05:45;0;0;0
11/03/2018;06:00;0;0;0
11/03/2018;06:15;0;0;0
11/03/2018;06:30;0;0;0
11/03/2018;06:45;0;0;0
11/03/2018;07:00;0;0;0
11/03/2018;07:15;0;0;0
11/03/2018;07:30;0;0;0
11/03/2018;07:45;0;0;0
11/03/2018;08:00;0;0;0
11/03/2018;08:15;0;0;0
11/03/2018;08:30;0;0;0
11/03/2018;08:45;0;0;0
11/03/2018;09:00;0;0;0
11/03/2018;09:15;0;0;0
11/03/2018;09:30;0;0;0
11/03/2018;09:45;0;0;0
11/03/2018;10:00;0;0;0
11/03/2018;10:15;0;0;0
11/03/2018;10:30;0;0;0
11/03/2018;10:45;1;1;0
11/03/2018;11:00;1;0;1
11/03/2018;11:15;0;0;0
11/03/2018;11:30;0;0;0
11/03/2018;11:45;1;0;1
11/03/2018;12:00;0;0;0
11/03/2018;12:15;0;0;0
11/03/2018;12:30;0;0;0
11/03/2018;12:45;0;0;0
11/03/2018;13:00;0;0;0
11/03/2018;13:15;0;0;0
11/03/2018;13:30;0;0;0
11/03/2018;13:45;0;0;0
11/03/2018;14:00;1;0;1
11/03/2018;14:15;0;0;0
11/03/2018;14:30;0;0;0
11/03/2018;14:45;0;0;0
11/03/2018;15:00;1;0;1
11/03/2018;15:15;3;1;2
11/03/2018;15:30;0;0;0
11/03/2018;15:45;0;0;0
11/03/2018;16:00;0;0;0
11/03/2018;16:15;0;0;0
11/03/2018;16:30;1;0;1
11/03/2018;16:45;1;0;1
11/03/2018;17:00;0;0;0
11/03/2018;17:15;2;0;2
11/03/2018;17:30;0;0;0
11/03/2018;17:45;0;0;0
11/03/2018;18:00;2;1;1
11/03/2018;18:15;0;0;0
11/03/2018;18:30;0;0;0
11/03/2018;18:45;0;0;0
11/03/2018;19:00;0;0;0
11/03/2018;19:15;0;0;0
11/03/2018;19:30;0;0;0
11/03/2018;19:45;0;0;0
11/03/2018;20:00;0;0;0
11/03/2018;20:15;1;1;0
11/03/2018;20:30;0;0;0
11/03/2018;20:45;0;0;0
11/03/2018;21:00;0;0;0
11/03/2018;21:15;0;0;0
11/03/2018;21:30;0;0;0
11/03/2018;21:45;0;0;0
11/03/2018;22:00;0;0;0
11/03/2018;22:15;0;0;0
11/03/2018;22:30;0;0;0
11/03/2018;22:45;0;0;0
11/03/2018;23:00;0;0;0
11/03/2018;23:15;0;0;0
11/03/2018;23:30;0;0;0
11/03/2018;23:45;0;0;0
12/03/2018;00:00;0;0;0
12/03/2018;00:15;0;0;0
12/03/2018;00:30;0;0;0
12/03/2018;00:45;0;0;0
12/03/2018;01:00;0;0;0
12/03/2018;01:15;0;0;0
12/03/2018;01:30;0;0;0
12/03/2018;01:45;0;0;0
12/03/2018;02:00;0;0;0
12/03/2018;02:15;0;0;0
12/03/2018;02:30;0;0;0
12/03/2018;02:45;0;0;0
12/03/2018;03:00;0;0;0
12/03/2018;03:15;0;0;0
12/03/2018;03:30;0;0;0
12/03/2018;03:45;0;0;0
12/03/2018;04:00;0;0;0
12/03/2018;04:15;0;0;0
12/03/2018;04:30;0;0;0
12/03/2018;04:45;0;0;0
12/03/2018;05:00;0;0;0
12/03/2018;05:15;1;1;0
12/03/2018;05:30;0;0;0
12/03/2018;05:45;0;0;0
12/03/2018;06:00;1;0;1
12/03/2018;06:15;0;0;0
12/03/2018;06:30;0;0;0
12/03/2018;06:45;0;0;0
12/03/2018;07:00;0;0;0
12/03/2018;07:15;0;0;0
12/03/2018;07:30;0;0;0
12/03/2018;07:45;0;0;0
12/03/2018;08:00;2;2;0
12/03/2018;08:15;0;0;0
12/03/2018;08:30;0;0;0
12/03/2018;08:45;0;0;0
12/03/2018;09:00;0;0;0
12/03/2018;09:15;0;0;0
12/03/2018;09:30;0;0;0
12/03/2018;09:45;0;0;0
12/03/2018;10:00;0;0;0
12/03/2018;10:15;0;0;0
12/03/2018;10:30;0;0;0
12/03/2018;10:45;0;0;0
12/03/2018;11:00;1;0;1
12/03/2018;11:15;0;0;0
12/03/2018;11:30;0;0;0
12/03/2018;11:45;0;0;0
12/03/2018;12:00;0;0;0
12/03/2018;12:15;0;0;0
12/03/2018;12:30;0;0;0
12/03/2018;12:45;0;0;0
12/03/2018;13:00;0;0;0
12/03/2018;13:15;0;0;0
12/03/2018;13:30;0;0;0
12/03/2018;13:45;0;0;0
12/03/2018;14:00;0;0;0
12/03/2018;14:15;0;0;0
12/03/2018;14:30;0;0;0
12/03/2018;14:45;0;0;0
12/03/2018;15:00;0;0;0
12/03/2018;15:15;2;0;2
12/03/2018;15:30;1;0;1
12/03/2018;15:45;1;0;1
12/03/2018;16:00;2;0;2
12/03/2018;16:15;1;1;0
12/03/2018;16:30;2;0;2
12/03/2018;16:45;0;0;0
12/03/2018;17:00;1;1;0
12/03/2018;17:15;0;0;0
12/03/2018;17:30;0;0;0
12/03/2018;17:45;3;0;3
12/03/2018;18:00;2;1;1
12/03/2018;18:15;0;0;0
12/03/2018;18:30;0;0;0
12/03/2018;18:45;0;0;0
12/03/2018;19:00;0;0;0
12/03/2018;19:15;1;0;1
12/03/2018;19:30;0;0;0
12/03/2018;19:45;0;0;0
12/03/2018;20:00;0;0;0
12/03/2018;20:15;0;0;0
12/03/2018;20:30;0;0;0
12/03/2018;20:45;0;0;0
12/03/2018;21:00;0;0;0
12/03/2018;21:15;0;0;0
12/03/2018;21:30;0;0;0
12/03/2018;21:45;0;0;0
12/03/2018;22:00;0;0;0
12/03/2018;22:15;0;0;0
12/03/2018;22:30;0;0;0
12/03/2018;22:45;0;0;0
12/03/2018;23:00;0;0;0
12/03/2018;23:15;0;0;0
12/03/2018;23:30;0;0;0
12/03/2018;23:45;0;0;0
13/03/2018;00:00;0;0;0
13/03/2018;00:15;0;0;0
13/03/2018;00:30;0;0;0
13/03/2018;00:45;0;0;0
13/03/2018;01:00;0;0;0
13/03/2018;01:15;0;0;0
13/03/2018;01:30;0;0;0
13/03/2018;01:45;0;0;0
13/03/2018;02:00;0;0;0
13/03/2018;02:15;0;0;0
13/03/2018;02:30;0;0;0
13/03/2018;02:45;0;0;0
13/03/2018;03:00;0;0;0
13/03/2018;03:15;0;0;0
13/03/2018;03:30;0;0;0
13/03/2018;03:45;0;0;0
13/03/2018;04:00;0;0;0
13/03/2018;04:15;0;0;0
13/03/2018;04:30;0;0;0
13/03/2018;04:45;0;0;0
13/03/2018;05:00;0;0;0
13/03/2018;05:15;0;0;0
13/03/2018;05:30;1;1;0
13/03/2018;05:45;0;0;0
13/03/2018;06:00;1;0;1
13/03/2018;06:15;0;0;0
13/03/2018;06:30;0;0;0
13/03/2018;06:45;0;0;0
13/03/2018;07:00;0;0;0
13/03/2018;07:15;0;0;0
13/03/2018;07:30;0;0;0
13/03/2018;07:45;0;0;0
13/03/2018;08:00;1;0;1
13/03/2018;08:15;2;0;2
13/03/2018;08:30;1;0;1
13/03/2018;08:45;2;0;2
13/03/2018;09:00;2;0;2
13/03/2018;09:15;1;0;1
13/03/2018;09:30;1;1;0
13/03/2018;09:45;1;1;0
13/03/2018;10:00;0;0;0
13/03/2018;10:15;0;0;0
13/03/2018;10:30;0;0;0
13/03/2018;10:45;0;0;0
13/03/2018;11:00;1;0;1
13/03/2018;11:15;0;0;0
13/03/2018;11:30;3;1;2
13/03/2018;11:45;0;0;0
13/03/2018;12:00;0;0;0
13/03/2018;12:15;0;0;0
13/03/2018;12:30;0;0;0
13/03/2018;12:45;1;0;1
13/03/2018;13:00;0;0;0
13/03/2018;13:15;0;0;0
13/03/2018;13:30;1;0;1
13/03/2018;13:45;0;0;0
13/03/2018;14:00;0;0;0
13/03/2018;14:15;0;0;0
13/03/2018;14:30;0;0;0
13/03/2018;14:45;0;0;0
13/03/2018;15:00;1;0;1
13/03/2018;15:15;0;0;0
13/03/2018;15:30;1;0;1
13/03/2018;15:45;0;0;0
13/03/2018;16:00;0;0;0
13/03/2018;16:15;0;0;0
13/03/2018;16:30;3;0;3
13/03/2018;16:45;1;0;1
13/03/2018;17:00;0;0;0
13/03/2018;17:15;3;1;2
13/03/2018;17:30;2;1;1
13/03/2018;17:45;3;0;3
13/03/2018;18:00;1;1;0
13/03/2018;18:15;1;0;1
13/03/2018;18:30;3;0;3
13/03/2018;18:45;1;0;1
13/03/2018;19:00;0;0;0
13/03/2018;19:15;1;1;0
13/03/2018;19:30;0;0;0
13/03/2018;19:45;0;0;0
13/03/2018;20:00;0;0;0
13/03/2018;20:15;0;0;0
13/03/2018;20:30;0;0;0
13/03/2018;20:45;0;0;0
13/03/2018;21:00;0;0;0
13/03/2018;21:15;0;0;0
13/03/2018;21:30;0;0;0
13/03/2018;21:45;0;0;0
13/03/2018;22:00;0;0;0
13/03/2018;22:15;0;0;0
13/03/2018;22:30;0;0;0
13/03/2018;22:45;0;0;0
13/03/2018;23:00;0;0;0
13/03/2018;23:15;0;0;0
13/03/2018;23:30;0;0;0
13/03/2018;23:45;0;0;0
14/03/2018;00:00;0;0;0
14/03/2018;00:15;0;0;0
14/03/2018;00:30;0;0;0
14/03/2018;00:45;0;0;0
14/03/2018;01:00;0;0;0
14/03/2018;01:15;0;0;0
14/03/2018;01:30;0;0;0
14/03/2018;01:45;0;0;0
14/03/2018;02:00;0;0;0
14/03/2018;02:15;0;0;0
14/03/2018;02:30;0;0;0
14/03/2018;02:45;0;0;0
14/03/2018;03:00;0;0;0
14/03/2018;03:15;0;0;0
14/03/2018;03:30;0;0;0
14/03/2018;03:45;0;0;0
14/03/2018;04:00;0;0;0
14/03/2018;04:15;0;0;0
14/03/2018;04:30;0;0;0
14/03/2018;04:45;0;0;0
14/03/2018;05:00;0;0;0
14/03/2018;05:15;0;0;0
14/03/2018;05:30;0;0;0
14/03/2018;05:45;0;0;0
14/03/2018;06:00;0;0;0
14/03/2018;06:15;0;0;0
14/03/2018;06:30;0;0;0
14/03/2018;06:45;0;0;0
14/03/2018;07:00;0;0;0
14/03/2018;07:15;0;0;0
14/03/2018;07:30;1;0;1
14/03/2018;07:45;0;0;0
14/03/2018;08:00;1;0;1
14/03/2018;08:15;1;0;1
14/03/2018;08:30;3;0;3
14/03/2018;08:45;6;0;6
14/03/2018;09:00;6;0;6
14/03/2018;09:15;2;0;2
14/03/2018;09:30;2;0;2
14/03/2018;09:45;1;0;1
14/03/2018;10:00;1;0;1
14/03/2018;10:15;1;0;1
14/03/2018;10:30;0;0;0
14/03/2018;10:45;0;0;0
14/03/2018;11:00;3;1;2
14/03/2018;11:15;0;0;0
14/03/2018;11:30;0;0;0
14/03/2018;11:45;0;0;0
14/03/2018;12:00;1;0;1
14/03/2018;12:15;0;0;0
14/03/2018;12:30;1;0;1
14/03/2018;12:45;0;0;0
14/03/2018;13:00;0;0;0
14/03/2018;13:15;1;0;1
14/03/2018;13:30;3;1;2
14/03/2018;13:45;2;1;1
14/03/2018;14:00;1;0;1
14/03/2018;14:15;1;0;1
14/03/2018;14:30;0;0;0
14/03/2018;14:45;2;0;2
14/03/2018;15:00;0;0;0
14/03/2018;15:15;1;0;1
14/03/2018;15:30;1;0;1
14/03/2018;15:45;5;0;5
14/03/2018;16:00;1;0;1
14/03/2018;16:15;1;0;1
14/03/2018;16:30;1;0;1
14/03/2018;16:45;4;0;4
14/03/2018;17:00;0;0;0
14/03/2018;17:15;3;0;3
14/03/2018;17:30;3;0;3
14/03/2018;17:45;1;0;1
14/03/2018;18:00;2;0;2
14/03/2018;18:15;2;0;2
14/03/2018;18:30;2;0;2
14/03/2018;18:45;1;0;1
14/03/2018;19:00;0;0;0
14/03/2018;19:15;0;0;0
14/03/2018;19:30;2;0;2
14/03/2018;19:45;0;0;0
14/03/2018;20:00;1;0;1
14/03/2018;20:15;0;0;0
14/03/2018;20:30;0;0;0
14/03/2018;20:45;0;0;0
14/03/2018;21:00;0;0;0
14/03/2018;21:15;0;0;0
14/03/2018;21:30;0;0;0
14/03/2018;21:45;0;0;0
14/03/2018;22:00;2;1;1
14/03/2018;22:15;0;0;0
14/03/2018;22:30;0;0;0
14/03/2018;22:45;0;0;0
14/03/2018;23:00;0;0;0
14/03/2018;23:15;0;0;0
14/03/2018;23:30;0;0;0
14/03/2018;23:45;0;0;0
15/03/2018;00:00;0;0;0
15/03/2018;00:15;0;0;0
15/03/2018;00:30;0;0;0
15/03/2018;00:45;0;0;0
15/03/2018;01:00;0;0;0
15/03/2018;01:15;0;0;0
15/03/2018;01:30;0;0;0
15/03/2018;01:45;0;0;0
15/03/2018;02:00;0;0;0
15/03/2018;02:15;0;0;0
15/03/2018;02:30;0;0;0
15/03/2018;02:45;0;0;0
15/03/2018;03:00;0;0;0
15/03/2018;03:15;0;0;0
15/03/2018;03:30;0;0;0
15/03/2018;03:45;0;0;0
15/03/2018;04:00;0;0;0
15/03/2018;04:15;0;0;0
15/03/2018;04:30;0;0;0
15/03/2018;04:45;0;0;0
15/03/2018;05:00;0;0;0
15/03/2018;05:15;0;0;0
15/03/2018;05:30;0;0;0
15/03/2018;05:45;0;0;0
15/03/2018;06:00;0;0;0
15/03/2018;06:15;0;0;0
15/03/2018;06:30;1;0;1
15/03/2018;06:45;0;0;0
15/03/2018;07:00;0;0;0
15/03/2018;07:15;2;0;2
15/03/2018;07:30;0;0;0
15/03/2018;07:45;5;0;5
15/03/2018;08:00;2;1;1
15/03/2018;08:15;4;0;4
15/03/2018;08:30;8;0;8
15/03/2018;08:45;2;0;2
15/03/2018;09:00;3;0;3
15/03/2018;09:15;3;0;3
15/03/2018;09:30;1;0;1
15/03/2018;09:45;3;0;3
15/03/2018;10:00;0;0;0
15/03/2018;10:15;1;0;1
15/03/2018;10:30;2;0;2
15/03/2018;10:45;1;1;0
15/03/2018;11:00;0;0;0
15/03/2018;11:15;0;0;0
15/03/2018;11:30;0;0;0
15/03/2018;11:45;2;1;1
15/03/2018;12:00;0;0;0
15/03/2018;12:15;1;0;1
15/03/2018;12:30;1;0;1
15/03/2018;12:45;2;0;2
15/03/2018;13:00;1;0;1
15/03/2018;13:15;0;0;0
15/03/2018;13:30;2;0;2
15/03/2018;13:45;1;0;1
15/03/2018;14:00;1;0;1
15/03/2018;14:15;4;1;3
15/03/2018;14:30;3;0;3
15/03/2018;14:45;2;0;2
15/03/2018;15:00;0;0;0
15/03/2018;15:15;1;0;1
15/03/2018;15:30;0;0;0
15/03/2018;15:45;3;0;3
15/03/2018;16:00;0;0;0
15/03/2018;16:15;1;0;1
15/03/2018;16:30;2;0;2
15/03/2018;16:45;0;0;0
15/03/2018;17:00;0;0;0
15/03/2018;17:15;1;0;1
15/03/2018;17:30;4;0;4
15/03/2018;17:45;1;0;1
15/03/2018;18:00;1;0;1
15/03/2018;18:15;2;0;2
15/03/2018;18:30;0;0;0
15/03/2018;18:45;1;0;1
15/03/2018;19:00;0;0;0
15/03/2018;19:15;0;0;0
15/03/2018;19:30;0;0;0
15/03/2018;19:45;0;0;0
15/03/2018;20:00;0;0;0
15/03/2018;20:15;0;0;0
15/03/2018;20:30;2;0;2
15/03/2018;20:45;0;0;0
15/03/2018;21:00;0;0;0
15/03/2018;21:15;0;0;0
15/03/2018;21:30;1;0;1
15/03/2018;21:45;0;0;0
15/03/2018;22:00;0;0;0
15/03/2018;22:15;0;0;0
15/03/2018;22:30;0;0;0
15/03/2018;22:45;0;0;0
15/03/2018;23:00;0;0;0
15/03/2018;23:15;0;0;0
15/03/2018;23:30;0;0;0
15/03/2018;23:45;0;0;0
16/03/2018;00:00;0;0;0
16/03/2018;00:15;0;0;0
16/03/2018;00:30;0;0;0
16/03/2018;00:45;0;0;0
16/03/2018;01:00;0;0;0
16/03/2018;01:15;0;0;0
16/03/2018;01:30;0;0;0
16/03/2018;01:45;0;0;0
16/03/2018;02:00;0;0;0
16/03/2018;02:15;0;0;0
16/03/2018;02:30;0;0;0
16/03/2018;02:45;0;0;0
16/03/2018;03:00;0;0;0
16/03/2018;03:15;0;0;0
16/03/2018;03:30;0;0;0
16/03/2018;03:45;0;0;0
16/03/2018;04:00;0;0;0
16/03/2018;04:15;0;0;0
16/03/2018;04:30;0;0;0
16/03/2018;04:45;0;0;0
16/03/2018;05:00;0;0;0
16/03/2018;05:15;0;0;0
16/03/2018;05:30;0;0;0
16/03/2018;05:45;0;0;0
16/03/2018;06:00;0;0;0
16/03/2018;06:15;0;0;0
16/03/2018;06:30;1;1;0
16/03/2018;06:45;0;0;0
16/03/2018;07:00;0;0;0
16/03/2018;07:15;0;0;0
16/03/2018;07:30;1;0;1
16/03/2018;07:45;1;0;1
16/03/2018;08:00;0;0;0
16/03/2018;08:15;1;0;1
16/03/2018;08:30;1;0;1
16/03/2018;08:45;3;0;3
16/03/2018;09:00;1;0;1
16/03/2018;09:15;0;0;0
16/03/2018;09:30;0;0;0
16/03/2018;09:45;0;0;0
16/03/2018;10:00;0;0;0
16/03/2018;10:15;1;0;1
16/03/2018;10:30;0;0;0
16/03/2018;10:45;0;0;0
16/03/2018;11:00;0;0;0
16/03/2018;11:15;1;0;1
16/03/2018;11:30;1;0;1
16/03/2018;11:45;0;0;0
16/03/2018;12:00;0;0;0
16/03/2018;12:15;1;0;1
16/03/2018;12:30;0;0;0
16/03/2018;12:45;0;0;0
16/03/2018;13:00;0;0;0
16/03/2018;13:15;0;0;0
16/03/2018;13:30;0;0;0
16/03/2018;13:45;0;0;0
16/03/2018;14:00;0;0;0
16/03/2018;14:15;0;0;0
16/03/2018;14:30;0;0;0
16/03/2018;14:45;0;0;0
16/03/2018;15:00;4;0;4
16/03/2018;15:15;1;0;1
16/03/2018;15:30;1;0;1
16/03/2018;15:45;0;0;0
16/03/2018;16:00;0;0;0
16/03/2018;16:15;0;0;0
16/03/2018;16:30;1;0;1
16/03/2018;16:45;1;0;1
16/03/2018;17:00;2;0;2
16/03/2018;17:15;0;0;0
16/03/2018;17:30;1;0;1
16/03/2018;17:45;2;0;2
16/03/2018;18:00;1;0;1
16/03/2018;18:15;0;0;0
16/03/2018;18:30;0;0;0
16/03/2018;18:45;0;0;0
16/03/2018;19:00;0;0;0
16/03/2018;19:15;0;0;0
16/03/2018;19:30;0;0;0
16/03/2018;19:45;0;0;0
16/03/2018;20:00;0;0;0
16/03/2018;20:15;0;0;0
16/03/2018;20:30;0;0;0
16/03/2018;20:45;0;0;0
16/03/2018;21:00;0;0;0
16/03/2018;21:15;1;0;1
16/03/2018;21:30;0;0;0
16/03/2018;21:45;0;0;0
16/03/2018;22:00;1;0;1
16/03/2018;22:15;0;0;0
16/03/2018;22:30;0;0;0
16/03/2018;22:45;0;0;0
16/03/2018;23:00;0;0;0
16/03/2018;23:15;0;0;0
16/03/2018;23:30;0;0;0
16/03/2018;23:45;0;0;0
17/03/2018;00:00;1;0;1
17/03/2018;00:15;0;0;0
17/03/2018;00:30;0;0;0
17/03/2018;00:45;1;0;1
17/03/2018;01:00;0;0;0
17/03/2018;01:15;0;0;0
17/03/2018;01:30;0;0;0
17/03/2018;01:45;0;0;0
17/03/2018;02:00;0;0;0
17/03/2018;02:15;0;0;0
17/03/2018;02:30;0;0;0
17/03/2018;02:45;0;0;0
17/03/2018;03:00;0;0;0
17/03/2018;03:15;0;0;0
17/03/2018;03:30;0;0;0
17/03/2018;03:45;0;0;0
17/03/2018;04:00;0;0;0
17/03/2018;04:15;0;0;0
17/03/2018;04:30;0;0;0
17/03/2018;04:45;0;0;0
17/03/2018;05:00;0;0;0
17/03/2018;05:15;0;0;0
17/03/2018;05:30;0;0;0
17/03/2018;05:45;0;0;0
17/03/2018;06:00;0;0;0
17/03/2018;06:15;0;0;0
17/03/2018;06:30;0;0;0
17/03/2018;06:45;0;0;0
17/03/2018;07:00;0;0;0
17/03/2018;07:15;0;0;0
17/03/2018;07:30;0;0;0
17/03/2018;07:45;0;0;0
17/03/2018;08:00;0;0;0
17/03/2018;08:15;0;0;0
17/03/2018;08:30;0;0;0
17/03/2018;08:45;0;0;0
17/03/2018;09:00;0;0;0
17/03/2018;09:15;0;0;0
17/03/2018;09:30;0;0;0
17/03/2018;09:45;0;0;0
17/03/2018;10:00;0;0;0
17/03/2018;10:15;0;0;0
17/03/2018;10:30;0;0;0
17/03/2018;10:45;0;0;0
17/03/2018;11:00;0;0;0
17/03/2018;11:15;2;0;2
17/03/2018;11:30;0;0;0
17/03/2018;11:45;0;0;0
17/03/2018;12:00;0;0;0
17/03/2018;12:15;0;0;0
17/03/2018;12:30;0;0;0
17/03/2018;12:45;0;0;0
17/03/2018;13:00;0;0;0
17/03/2018;13:15;0;0;0
17/03/2018;13:30;0;0;0
17/03/2018;13:45;1;0;1
17/03/2018;14:00;0;0;0
17/03/2018;14:15;0;0;0
17/03/2018;14:30;0;0;0
17/03/2018;14:45;0;0;0
17/03/2018;15:00;0;0;0
17/03/2018;15:15;0;0;0
17/03/2018;15:30;0;0;0
17/03/2018;15:45;0;0;0
17/03/2018;16:00;0;0;0
17/03/2018;16:15;0;0;0
17/03/2018;16:30;0;0;0
17/03/2018;16:45;0;0;0
17/03/2018;17:00;0;0;0
17/03/2018;17:15;1;0;1
17/03/2018;17:30;0;0;0
17/03/2018;17:45;0;0;0
17/03/2018;18:00;0;0;0
17/03/2018;18:15;0;0;0
17/03/2018;18:30;0;0;0
17/03/2018;18:45;0;0;0
17/03/2018;19:00;0;0;0
17/03/2018;19:15;0;0;0
17/03/2018;19:30;0;0;0
17/03/2018;19:45;0;0;0
17/03/2018;20:00;0;0;0
17/03/2018;20:15;0;0;0
17/03/2018;20:30;0;0;0
17/03/2018;20:45;0;0;0
17/03/2018;21:00;0;0;0
17/03/2018;21:15;0;0;0
17/03/2018;21:30;0;0;0
17/03/2018;21:45;1;0;1
17/03/2018;22:00;0;0;0
17/03/2018;22:15;0;0;0
17/03/2018;22:30;0;0;0
17/03/2018;22:45;0;0;0
17/03/2018;23:00;0;0;0
17/03/2018;23:15;0;0;0
17/03/2018;23:30;0;0;0
17/03/2018;23:45;0;0;0
18/03/2018;00:00;0;0;0
18/03/2018;00:15;0;0;0
18/03/2018;00:30;0;0;0
18/03/2018;00:45;0;0;0
18/03/2018;01:00;0;0;0
18/03/2018;01:15;0;0;0
18/03/2018;01:30;0;0;0
18/03/2018;01:45;0;0;0
18/03/2018;02:00;0;0;0
18/03/2018;02:15;0;0;0
18/03/2018;02:30;0;0;0
18/03/2018;02:45;0;0;0
18/03/2018;03:00;0;0;0
18/03/2018;03:15;0;0;0
18/03/2018;03:30;0;0;0
18/03/2018;03:45;0;0;0
18/03/2018;04:00;0;0;0
18/03/2018;04:15;0;0;0
18/03/2018;04:30;0;0;0
18/03/2018;04:45;0;0;0
18/03/2018;05:00;0;0;0
18/03/2018;05:15;0;0;0
18/03/2018;05:30;0;0;0
18/03/2018;05:45;0;0;0
18/03/2018;06:00;0;0;0
18/03/2018;06:15;0;0;0
18/03/2018;06:30;0;0;0
18/03/2018;06:45;0;0;0
18/03/2018;07:00;0;0;0
18/03/2018;07:15;0;0;0
18/03/2018;07:30;0;0;0
18/03/2018;07:45;0;0;0
18/03/2018;08:00;0;0;0
18/03/2018;08:15;0;0;0
18/03/2018;08:30;0;0;0
18/03/2018;08:45;0;0;0
18/03/2018;09:00;0;0;0
18/03/2018;09:15;0;0;0
18/03/2018;09:30;0;0;0
18/03/2018;09:45;0;0;0
18/03/2018;10:00;0;0;0
18/03/2018;10:15;0;0;0
18/03/2018;10:30;0;0;0
18/03/2018;10:45;0;0;0
18/03/2018;11:00;0;0;0
18/03/2018;11:15;0;0;0
18/03/2018;11:30;0;0;0
18/03/2018;11:45;0;0;0
18/03/2018;12:00;0;0;0
18/03/2018;12:15;0;0;0
18/03/2018;12:30;0;0;0
18/03/2018;12:45;1;1;0
18/03/2018;13:00;0;0;0
18/03/2018;13:15;0;0;0
18/03/2018;13:30;0;0;0
18/03/2018;13:45;0;0;0
18/03/2018;14:00;0;0;0
18/03/2018;14:15;0;0;0
18/03/2018;14:30;0;0;0
18/03/2018;14:45;0;0;0
18/03/2018;15:00;0;0;0
18/03/2018;15:15;0;0;0
18/03/2018;15:30;0;0;0
18/03/2018;15:45;1;0;1
18/03/2018;16:00;0;0;0
18/03/2018;16:15;0;0;0
18/03/2018;16:30;0;0;0
18/03/2018;16:45;0;0;0
18/03/2018;17:00;0;0;0
18/03/2018;17:15;0;0;0
18/03/2018;17:30;0;0;0
18/03/2018;17:45;0;0;0
18/03/2018;18:00;1;0;1
18/03/2018;18:15;0;0;0
18/03/2018;18:30;0;0;0
18/03/2018;18:45;0;0;0
18/03/2018;19:00;0;0;0
18/03/2018;19:15;1;1;0
18/03/2018;19:30;0;0;0
18/03/2018;19:45;0;0;0
18/03/2018;20:00;0;0;0
18/03/2018;20:15;0;0;0
18/03/2018;20:30;0;0;0
18/03/2018;20:45;0;0;0
18/03/2018;21:00;0;0;0
18/03/2018;21:15;0;0;0
18/03/2018;21:30;0;0;0
18/03/2018;21:45;0;0;0
18/03/2018;22:00;0;0;0
18/03/2018;22:15;0;0;0
18/03/2018;22:30;0;0;0
18/03/2018;22:45;0;0;0
18/03/2018;23:00;0;0;0
18/03/2018;23:15;1;1;0
18/03/2018;23:30;0;0;0
18/03/2018;23:45;0;0;0
19/03/2018;00:00;0;0;0
19/03/2018;00:15;0;0;0
19/03/2018;00:30;0;0;0
19/03/2018;00:45;0;0;0
19/03/2018;01:00;0;0;0
19/03/2018;01:15;0;0;0
19/03/2018;01:30;0;0;0
19/03/2018;01:45;0;0;0
19/03/2018;02:00;0;0;0
19/03/2018;02:15;0;0;0
19/03/2018;02:30;0;0;0
19/03/2018;02:45;0;0;0
19/03/2018;03:00;0;0;0
19/03/2018;03:15;0;0;0
19/03/2018;03:30;0;0;0
19/03/2018;03:45;0;0;0
19/03/2018;04:00;0;0;0
19/03/2018;04:15;0;0;0
19/03/2018;04:30;0;0;0
19/03/2018;04:45;0;0;0
19/03/2018;05:00;0;0;0
19/03/2018;05:15;0;0;0
19/03/2018;05:30;0;0;0
19/03/2018;05:45;1;1;0
19/03/2018;06:00;0;0;0
19/03/2018;06:15;0;0;0
19/03/2018;06:30;0;0;0
19/03/2018;06:45;0;0;0
19/03/2018;07:00;2;1;1
19/03/2018;07:15;0;0;0
19/03/2018;07:30;0;0;0
19/03/2018;07:45;0;0;0
19/03/2018;08:00;1;0;1
19/03/2018;08:15;3;1;2
19/03/2018;08:30;7;3;4
19/03/2018;08:45;2;2;0
19/03/2018;09:00;0;0;0
19/03/2018;09:15;0;0;0
19/03/2018;09:30;0;0;0
19/03/2018;09:45;0;0;0
19/03/2018;10:00;0;0;0
19/03/2018;10:15;0;0;0
19/03/2018;10:30;0;0;0
19/03/2018;10:45;0;0;0
19/03/2018;11:00;0;0;0
19/03/2018;11:15;0;0;0
19/03/2018;11:30;0;0;0
19/03/2018;11:45;0;0;0
19/03/2018;12:00;0;0;0
19/03/2018;12:15;0;0;0
19/03/2018;12:30;0;0;0
19/03/2018;12:45;0;0;0
19/03/2018;13:00;0;0;0
19/03/2018;13:15;0;0;0
19/03/2018;13:30;0;0;0
19/03/2018;13:45;0;0;0
19/03/2018;14:00;0;0;0
19/03/2018;14:15;0;0;0
19/03/2018;14:30;1;0;1
19/03/2018;14:45;0;0;0
19/03/2018;15:00;0;0;0
19/03/2018;15:15;0;0;0
19/03/2018;15:30;0;0;0
19/03/2018;15:45;0;0;0
19/03/2018;16:00;0;0;0
19/03/2018;16:15;0;0;0
19/03/2018;16:30;0;0;0
19/03/2018;16:45;0;0;0
19/03/2018;17:00;0;0;0
19/03/2018;17:15;0;0;0
19/03/2018;17:30;0;0;0
19/03/2018;17:45;0;0;0
19/03/2018;18:00;0;0;0
19/03/2018;18:15;0;0;0
19/03/2018;18:30;0;0;0
19/03/2018;18:45;0;0;0
19/03/2018;19:00;0;0;0
19/03/2018;19:15;0;0;0
19/03/2018;19:30;0;0;0
19/03/2018;19:45;0;0;0
19/03/2018;20:00;0;0;0
19/03/2018;20:15;0;0;0
19/03/2018;20:30;0;0;0
19/03/2018;20:45;0;0;0
19/03/2018;21:00;0;0;0
19/03/2018;21:15;0;0;0
19/03/2018;21:30;0;0;0
19/03/2018;21:45;0;0;0
19/03/2018;22:00;0;0;0
19/03/2018;22:15;0;0;0
19/03/2018;22:30;0;0;0
19/03/2018;22:45;0;0;0
19/03/2018;23:00;0;0;0
19/03/2018;23:15;0;0;0
19/03/2018;23:30;0;0;0
19/03/2018;23:45;0;0;0
20/03/2018;00:00;0;0;0
20/03/2018;00:15;0;0;0
20/03/2018;00:30;0;0;0
20/03/2018;00:45;0;0;0
20/03/2018;01:00;0;0;0
20/03/2018;01:15;0;0;0
20/03/2018;01:30;0;0;0
20/03/2018;01:45;0;0;0
20/03/2018;02:00;0;0;0
20/03/2018;02:15;0;0;0
20/03/2018;02:30;0;0;0
20/03/2018;02:45;0;0;0
20/03/2018;03:00;0;0;0
20/03/2018;03:15;0;0;0
20/03/2018;03:30;0;0;0
20/03/2018;03:45;0;0;0
20/03/2018;04:00;0;0;0
20/03/2018;04:15;0;0;0
20/03/2018;04:30;0;0;0
20/03/2018;04:45;0;0;0
20/03/2018;05:00;0;0;0
20/03/2018;05:15;0;0;0
20/03/2018;05:30;0;0;0
20/03/2018;05:45;0;0;0
20/03/2018;06:00;0;0;0
20/03/2018;06:15;0;0;0
20/03/2018;06:30;0;0;0
20/03/2018;06:45;0;0;0
20/03/2018;07:00;0;0;0
20/03/2018;07:15;5;5;0
20/03/2018;07:30;0;0;0
20/03/2018;07:45;0;0;0
20/03/2018;08:00;3;0;3
20/03/2018;08:15;0;0;0
20/03/2018;08:30;0;0;0
20/03/2018;08:45;3;1;2
20/03/2018;09:00;13;6;7
20/03/2018;09:15;2;0;2
20/03/2018;09:30;0;0;0
20/03/2018;09:45;0;0;0
20/03/2018;10:00;0;0;0
20/03/2018;10:15;0;0;0
20/03/2018;10:30;0;0;0
20/03/2018;10:45;0;0;0
20/03/2018;11:00;0;0;0
20/03/2018;11:15;0;0;0
20/03/2018;11:30;0;0;0
20/03/2018;11:45;0;0;0
20/03/2018;12:00;1;1;0
20/03/2018;12:15;1;0;1
20/03/2018;12:30;0;0;0
20/03/2018;12:45;0;0;0
20/03/2018;13:00;0;0;0
20/03/2018;13:15;0;0;0
20/03/2018;13:30;0;0;0
20/03/2018;13:45;0;0;0
20/03/2018;14:00;1;1;0
20/03/2018;14:15;0;0;0
20/03/2018;14:30;0;0;0
20/03/2018;14:45;0;0;0
20/03/2018;15:00;9;1;8
20/03/2018;15:15;4;3;1
20/03/2018;15:30;9;7;2
20/03/2018;15:45;4;2;2
20/03/2018;16:00;0;0;0
20/03/2018;16:15;0;0;0
20/03/2018;16:30;0;0;0
20/03/2018;16:45;0;0;0
20/03/2018;17:00;0;0;0
20/03/2018;17:15;0;0;0
20/03/2018;17:30;0;0;0
20/03/2018;17:45;0;0;0
20/03/2018;18:00;0;0;0
20/03/2018;18:15;0;0;0
20/03/2018;18:30;0;0;0
20/03/2018;18:45;0;0;0
20/03/2018;19:00;0;0;0
20/03/2018;19:15;0;0;0
20/03/2018;19:30;0;0;0
20/03/2018;19:45;0;0;0
20/03/2018;20:00;0;0;0
20/03/2018;20:15;0;0;0
20/03/2018;20:30;0;0;0
20/03/2018;20:45;0;0;0
20/03/2018;21:00;0;0;0
20/03/2018;21:15;0;0;0
20/03/2018;21:30;0;0;0
20/03/2018;21:45;0;0;0
20/03/2018;22:00;0;0;0
20/03/2018;22:15;0;0;0
20/03/2018;22:30;0;0;0
20/03/2018;22:45;0;0;0
20/03/2018;23:00;0;0;0
20/03/2018;23:15;0;0;0
20/03/2018;23:30;0;0;0
20/03/2018;23:45;0;0;0
21/03/2018;00:00;0;0;0
21/03/2018;00:15;0;0;0
21/03/2018;00:30;0;0;0
21/03/2018;00:45;0;0;0
21/03/2018;01:00;0;0;0
21/03/2018;01:15;0;0;0
21/03/2018;01:30;0;0;0
21/03/2018;01:45;0;0;0
21/03/2018;02:00;0;0;0
21/03/2018;02:15;0;0;0
21/03/2018;02:30;0;0;0
21/03/2018;02:45;0;0;0
21/03/2018;03:00;0;0;0
21/03/2018;03:15;0;0;0
21/03/2018;03:30;0;0;0
21/03/2018;03:45;0;0;0
21/03/2018;04:00;0;0;0
21/03/2018;04:15;0;0;0
21/03/2018;04:30;0;0;0
21/03/2018;04:45;0;0;0
21/03/2018;05:00;0;0;0
21/03/2018;05:15;0;0;0
21/03/2018;05:30;0;0;0
21/03/2018;05:45;0;0;0
21/03/2018;06:00;0;0;0
21/03/2018;06:15;0;0;0
21/03/2018;06:30;0;0;0
21/03/2018;06:45;0;0;0
21/03/2018;07:00;0;0;0
21/03/2018;07:15;0;0;0
21/03/2018;07:30;0;0;0
21/03/2018;07:45;0;0;0
21/03/2018;08:00;0;0;0
21/03/2018;08:15;0;0;0
21/03/2018;08:30;0;0;0
21/03/2018;08:45;0;0;0
21/03/2018;09:00;0;0;0
21/03/2018;09:15;0;0;0
21/03/2018;09:30;0;0;0
21/03/2018;09:45;0;0;0
21/03/2018;10:00;0;0;0
21/03/2018;10:15;0;0;0
21/03/2018;10:30;0;0;0
21/03/2018;10:45;1;0;1
21/03/2018;11:00;1;0;1
21/03/2018;11:15;0;0;0
21/03/2018;11:30;0;0;0
21/03/2018;11:45;0;0;0
21/03/2018;12:00;0;0;0
21/03/2018;12:15;0;0;0
21/03/2018;12:30;0;0;0
21/03/2018;12:45;0;0;0
21/03/2018;13:00;0;0;0
21/03/2018;13:15;0;0;0
21/03/2018;13:30;0;0;0
21/03/2018;13:45;0;0;0
21/03/2018;14:00;0;0;0
21/03/2018;14:15;0;0;0
21/03/2018;14:30;0;0;0
21/03/2018;14:45;0;0;0
21/03/2018;15:00;0;0;0
21/03/2018;15:15;0;0;0
21/03/2018;15:30;0;0;0
21/03/2018;15:45;0;0;0
21/03/2018;16:00;0;0;0
21/03/2018;16:15;0;0;0
21/03/2018;16:30;0;0;0
21/03/2018;16:45;0;0;0
21/03/2018;17:00;0;0;0
21/03/2018;17:15;0;0;0
21/03/2018;17:30;0;0;0
21/03/2018;17:45;0;0;0
21/03/2018;18:00;0;0;0
21/03/2018;18:15;0;0;0
21/03/2018;18:30;0;0;0
21/03/2018;18:45;0;0;0
21/03/2018;19:00;0;0;0
21/03/2018;19:15;0;0;0
21/03/2018;19:30;0;0;0
21/03/2018;19:45;0;0;0
21/03/2018;20:00;0;0;0
21/03/2018;20:15;0;0;0
21/03/2018;20:30;0;0;0
21/03/2018;20:45;0;0;0
21/03/2018;21:00;0;0;0
21/03/2018;21:15;0;0;0
21/03/2018;21:30;0;0;0
21/03/2018;21:45;0;0;0
21/03/2018;22:00;0;0;0
21/03/2018;22:15;0;0;0
21/03/2018;22:30;0;0;0
21/03/2018;22:45;0;0;0
21/03/2018;23:00;0;0;0
21/03/2018;23:15;0;0;0
21/03/2018;23:30;0;0;0
21/03/2018;23:45;0;0;0
22/03/2018;00:00;0;0;0
22/03/2018;00:15;0;0;0
22/03/2018;00:30;0;0;0
22/03/2018;00:45;0;0;0
22/03/2018;01:00;0;0;0
22/03/2018;01:15;0;0;0
22/03/2018;01:30;0;0;0
22/03/2018;01:45;0;0;0
22/03/2018;02:00;0;0;0
22/03/2018;02:15;0;0;0
22/03/2018;02:30;0;0;0
22/03/2018;02:45;0;0;0
22/03/2018;03:00;0;0;0
22/03/2018;03:15;0;0;0
22/03/2018;03:30;0;0;0
22/03/2018;03:45;0;0;0
22/03/2018;04:00;0;0;0
22/03/2018;04:15;0;0;0
22/03/2018;04:30;0;0;0
22/03/2018;04:45;0;0;0
22/03/2018;05:00;0;0;0
22/03/2018;05:15;0;0;0
22/03/2018;05:30;0;0;0
22/03/2018;05:45;0;0;0
22/03/2018;06:00;0;0;0
22/03/2018;06:15;0;0;0
22/03/2018;06:30;0;0;0
22/03/2018;06:45;0;0;0
22/03/2018;07:00;0;0;0
22/03/2018;07:15;0;0;0
22/03/2018;07:30;0;0;0
22/03/2018;07:45;0;0;0
22/03/2018;08:00;0;0;0
22/03/2018;08:15;0;0;0
22/03/2018;08:30;0;0;0
22/03/2018;08:45;0;0;0
22/03/2018;09:00;0;0;0
22/03/2018;09:15;0;0;0
22/03/2018;09:30;0;0;0
22/03/2018;09:45;0;0;0
22/03/2018;10:00;0;0;0
22/03/2018;10:15;0;0;0
22/03/2018;10:30;0;0;0
22/03/2018;10:45;0;0;0
22/03/2018;11:00;0;0;0
22/03/2018;11:15;0;0;0
22/03/2018;11:30;0;0;0
22/03/2018;11:45;0;0;0
22/03/2018;12:00;0;0;0
22/03/2018;12:15;0;0;0
22/03/2018;12:30;0;0;0
22/03/2018;12:45;0;0;0
22/03/2018;13:00;0;0;0
22/03/2018;13:15;0;0;0
22/03/2018;13:30;0;0;0
22/03/2018;13:45;0;0;0
22/03/2018;14:00;0;0;0
22/03/2018;14:15;0;0;0
22/03/2018;14:30;0;0;0
22/03/2018;14:45;0;0;0
22/03/2018;15:00;0;0;0
22/03/2018;15:15;0;0;0
22/03/2018;15:30;0;0;0
22/03/2018;15:45;0;0;0
22/03/2018;16:00;0;0;0
22/03/2018;16:15;0;0;0
22/03/2018;16:30;0;0;0
22/03/2018;16:45;0;0;0
22/03/2018;17:00;0;0;0
22/03/2018;17:15;0;0;0
22/03/2018;17:30;0;0;0
22/03/2018;17:45;0;0;0
22/03/2018;18:00;0;0;0
22/03/2018;18:15;0;0;0
22/03/2018;18:30;0;0;0
22/03/2018;18:45;0;0;0
22/03/2018;19:00;0;0;0
22/03/2018;19:15;0;0;0
22/03/2018;19:30;0;0;0
22/03/2018;19:45;0;0;0
22/03/2018;20:00;0;0;0
22/03/2018;20:15;0;0;0
22/03/2018;20:30;0;0;0
22/03/2018;20:45;0;0;0
22/03/2018;21:00;0;0;0
22/03/2018;21:15;0;0;0
22/03/2018;21:30;0;0;0
22/03/2018;21:45;0;0;0
22/03/2018;22:00;0;0;0
22/03/2018;22:15;0;0;0
22/03/2018;22:30;0;0;0
22/03/2018;22:45;0;0;0
22/03/2018;23:00;0;0;0
22/03/2018;23:15;0;0;0
22/03/2018;23:30;0;0;0
22/03/2018;23:45;0;0;0
23/03/2018;00:00;0;0;0
23/03/2018;00:15;0;0;0
23/03/2018;00:30;0;0;0
23/03/2018;00:45;0;0;0
23/03/2018;01:00;0;0;0
23/03/2018;01:15;0;0;0
23/03/2018;01:30;0;0;0
23/03/2018;01:45;0;0;0
23/03/2018;02:00;0;0;0
23/03/2018;02:15;0;0;0
23/03/2018;02:30;0;0;0
23/03/2018;02:45;0;0;0
23/03/2018;03:00;0;0;0
23/03/2018;03:15;0;0;0
23/03/2018;03:30;0;0;0
23/03/2018;03:45;0;0;0
23/03/2018;04:00;0;0;0
23/03/2018;04:15;0;0;0
23/03/2018;04:30;0;0;0
23/03/2018;04:45;0;0;0
23/03/2018;05:00;0;0;0
23/03/2018;05:15;0;0;0
23/03/2018;05:30;0;0;0
23/03/2018;05:45;0;0;0
23/03/2018;06:00;0;0;0
23/03/2018;06:15;0;0;0
23/03/2018;06:30;0;0;0
23/03/2018;06:45;0;0;0
23/03/2018;07:00;0;0;0
23/03/2018;07:15;0;0;0
23/03/2018;07:30;0;0;0
23/03/2018;07:45;0;0;0
23/03/2018;08:00;0;0;0
23/03/2018;08:15;0;0;0
23/03/2018;08:30;0;0;0
23/03/2018;08:45;0;0;0
23/03/2018;09:00;0;0;0
23/03/2018;09:15;0;0;0
23/03/2018;09:30;0;0;0
23/03/2018;09:45;0;0;0
23/03/2018;10:00;0;0;0
23/03/2018;10:15;0;0;0
23/03/2018;10:30;0;0;0
23/03/2018;10:45;0;0;0
23/03/2018;11:00;0;0;0
23/03/2018;11:15;0;0;0
23/03/2018;11:30;0;0;0
23/03/2018;11:45;0;0;0
23/03/2018;12:00;0;0;0
23/03/2018;12:15;0;0;0
23/03/2018;12:30;0;0;0
23/03/2018;12:45;0;0;0
23/03/2018;13:00;0;0;0
23/03/2018;13:15;0;0;0
23/03/2018;13:30;0;0;0
23/03/2018;13:45;0;0;0
23/03/2018;14:00;0;0;0
23/03/2018;14:15;0;0;0
23/03/2018;14:30;0;0;0
23/03/2018;14:45;0;0;0
23/03/2018;15:00;0;0;0
23/03/2018;15:15;0;0;0
23/03/2018;15:30;0;0;0
23/03/2018;15:45;0;0;0
23/03/2018;16:00;0;0;0
23/03/2018;16:15;0;0;0
23/03/2018;16:30;0;0;0
23/03/2018;16:45;0;0;0
23/03/2018;17:00;0;0;0
23/03/2018;17:15;0;0;0
23/03/2018;17:30;0;0;0
23/03/2018;17:45;0;0;0
23/03/2018;18:00;0;0;0
23/03/2018;18:15;0;0;0
23/03/2018;18:30;0;0;0
23/03/2018;18:45;0;0;0
23/03/2018;19:00;0;0;0
23/03/2018;19:15;0;0;0
23/03/2018;19:30;0;0;0
23/03/2018;19:45;0;0;0
23/03/2018;20:00;0;0;0
23/03/2018;20:15;0;0;0
23/03/2018;20:30;0;0;0
23/03/2018;20:45;0;0;0
23/03/2018;21:00;0;0;0
23/03/2018;21:15;0;0;0
23/03/2018;21:30;0;0;0
23/03/2018;21:45;0;0;0
23/03/2018;22:00;0;0;0
23/03/2018;22:15;0;0;0
23/03/2018;22:30;0;0;0
23/03/2018;22:45;0;0;0
23/03/2018;23:00;0;0;0
23/03/2018;23:15;0;0;0
23/03/2018;23:30;0;0;0
23/03/2018;23:45;0;0;0
24/03/2018;00:00;0;0;0
24/03/2018;00:15;0;0;0
24/03/2018;00:30;0;0;0
24/03/2018;00:45;0;0;0
24/03/2018;01:00;0;0;0
24/03/2018;01:15;0;0;0
24/03/2018;01:30;0;0;0
24/03/2018;01:45;0;0;0
24/03/2018;02:00;0;0;0
24/03/2018;02:15;0;0;0
24/03/2018;02:30;0;0;0
24/03/2018;02:45;0;0;0
24/03/2018;03:00;0;0;0
24/03/2018;03:15;0;0;0
24/03/2018;03:30;0;0;0
24/03/2018;03:45;0;0;0
24/03/2018;04:00;0;0;0
24/03/2018;04:15;0;0;0
24/03/2018;04:30;0;0;0
24/03/2018;04:45;0;0;0
24/03/2018;05:00;0;0;0
24/03/2018;05:15;0;0;0
24/03/2018;05:30;0;0;0
24/03/2018;05:45;0;0;0
24/03/2018;06:00;0;0;0
24/03/2018;06:15;0;0;0
24/03/2018;06:30;0;0;0
24/03/2018;06:45;0;0;0
24/03/2018;07:00;0;0;0
24/03/2018;07:15;0;0;0
24/03/2018;07:30;0;0;0
24/03/2018;07:45;0;0;0
24/03/2018;08:00;0;0;0
24/03/2018;08:15;0;0;0
24/03/2018;08:30;0;0;0
24/03/2018;08:45;0;0;0
24/03/2018;09:00;0;0;0
24/03/2018;09:15;0;0;0
24/03/2018;09:30;0;0;0
24/03/2018;09:45;0;0;0
24/03/2018;10:00;0;0;0
24/03/2018;10:15;0;0;0
24/03/2018;10:30;0;0;0
24/03/2018;10:45;0;0;0
24/03/2018;11:00;0;0;0
24/03/2018;11:15;0;0;0
24/03/2018;11:30;0;0;0
24/03/2018;11:45;0;0;0
24/03/2018;12:00;0;0;0
24/03/2018;12:15;0;0;0
24/03/2018;12:30;0;0;0
24/03/2018;12:45;0;0;0
24/03/2018;13:00;0;0;0
24/03/2018;13:15;0;0;0
24/03/2018;13:30;0;0;0
24/03/2018;13:45;0;0;0
24/03/2018;14:00;0;0;0
24/03/2018;14:15;0;0;0
24/03/2018;14:30;0;0;0
24/03/2018;14:45;0;0;0
24/03/2018;15:00;0;0;0
24/03/2018;15:15;0;0;0
24/03/2018;15:30;0;0;0
24/03/2018;15:45;0;0;0
24/03/2018;16:00;0;0;0
24/03/2018;16:15;0;0;0
24/03/2018;16:30;0;0;0
24/03/2018;16:45;0;0;0
24/03/2018;17:00;0;0;0
24/03/2018;17:15;0;0;0
24/03/2018;17:30;0;0;0
24/03/2018;17:45;0;0;0
24/03/2018;18:00;0;0;0
24/03/2018;18:15;0;0;0
24/03/2018;18:30;0;0;0
24/03/2018;18:45;0;0;0
24/03/2018;19:00;0;0;0
24/03/2018;19:15;0;0;0
24/03/2018;19:30;0;0;0
24/03/2018;19:45;0;0;0
24/03/2018;20:00;0;0;0
24/03/2018;20:15;0;0;0
24/03/2018;20:30;0;0;0
24/03/2018;20:45;0;0;0
24/03/2018;21:00;0;0;0
24/03/2018;21:15;0;0;0
24/03/2018;21:30;0;0;0
24/03/2018;21:45;0;0;0
24/03/2018;22:00;0;0;0
24/03/2018;22:15;0;0;0
24/03/2018;22:30;0;0;0
24/03/2018;22:45;0;0;0
24/03/2018;23:00;0;0;0
24/03/2018;23:15;0;0;0
24/03/2018;23:30;0;0;0
24/03/2018;23:45;0;0;0
25/03/2018;00:00;0;0;0
25/03/2018;00:15;0;0;0
25/03/2018;00:30;0;0;0
25/03/2018;00:45;0;0;0
25/03/2018;01:00;0;0;0
25/03/2018;01:15;0;0;0
25/03/2018;01:30;0;0;0
25/03/2018;01:45;0;0;0
25/03/2018;02:00;0;0;0
25/03/2018;02:15;0;0;0
25/03/2018;02:30;0;0;0
25/03/2018;02:45;0;0;0
25/03/2018;03:00;0;0;0
25/03/2018;03:15;0;0;0
25/03/2018;03:30;0;0;0
25/03/2018;03:45;0;0;0
25/03/2018;04:00;0;0;0
25/03/2018;04:15;0;0;0
25/03/2018;04:30;0;0;0
25/03/2018;04:45;0;0;0
25/03/2018;05:00;0;0;0
25/03/2018;05:15;0;0;0
25/03/2018;05:30;0;0;0
25/03/2018;05:45;0;0;0
25/03/2018;06:00;0;0;0
25/03/2018;06:15;0;0;0
25/03/2018;06:30;0;0;0
25/03/2018;06:45;0;0;0
25/03/2018;07:00;0;0;0
25/03/2018;07:15;0;0;0
25/03/2018;07:30;0;0;0
25/03/2018;07:45;0;0;0
25/03/2018;08:00;0;0;0
25/03/2018;08:15;0;0;0
25/03/2018;08:30;0;0;0
25/03/2018;08:45;0;0;0
25/03/2018;09:00;0;0;0
25/03/2018;09:15;0;0;0
25/03/2018;09:30;0;0;0
25/03/2018;09:45;0;0;0
25/03/2018;10:00;0;0;0
25/03/2018;10:15;0;0;0
25/03/2018;10:30;0;0;0
25/03/2018;10:45;0;0;0
25/03/2018;11:00;0;0;0
25/03/2018;11:15;0;0;0
25/03/2018;11:30;0;0;0
25/03/2018;11:45;0;0;0
25/03/2018;12:00;0;0;0
25/03/2018;12:15;0;0;0
25/03/2018;12:30;0;0;0
25/03/2018;12:45;0;0;0
25/03/2018;13:00;0;0;0
25/03/2018;13:15;0;0;0
25/03/2018;13:30;0;0;0
25/03/2018;13:45;0;0;0
25/03/2018;14:00;0;0;0
25/03/2018;14:15;0;0;0
25/03/2018;14:30;0;0;0
25/03/2018;14:45;0;0;0
25/03/2018;15:00;0;0;0
25/03/2018;15:15;0;0;0
25/03/2018;15:30;0;0;0
25/03/2018;15:45;0;0;0
25/03/2018;16:00;0;0;0
25/03/2018;16:15;0;0;0
25/03/2018;16:30;0;0;0
25/03/2018;16:45;0;0;0
25/03/2018;17:00;0;0;0
25/03/2018;17:15;0;0;0
25/03/2018;17:30;0;0;0
25/03/2018;17:45;0;0;0
25/03/2018;18:00;0;0;0
25/03/2018;18:15;0;0;0
25/03/2018;18:30;0;0;0
25/03/2018;18:45;0;0;0
25/03/2018;19:00;0;0;0
25/03/2018;19:15;0;0;0
25/03/2018;19:30;0;0;0
25/03/2018;19:45;0;0;0
25/03/2018;20:00;0;0;0
25/03/2018;20:15;0;0;0
25/03/2018;20:30;0;0;0
25/03/2018;20:45;0;0;0
25/03/2018;21:00;0;0;0
25/03/2018;21:15;0;0;0
25/03/2018;21:30;0;0;0
25/03/2018;21:45;0;0;0
25/03/2018;22:00;0;0;0
25/03/2018;22:15;0;0;0
25/03/2018;22:30;0;0;0
25/03/2018;22:45;0;0;0
25/03/2018;23:00;0;0;0
25/03/2018;23:15;0;0;0
25/03/2018;23:30;0;0;0
25/03/2018;23:45;0;0;0
26/03/2018;00:00;0;0;0
26/03/2018;00:15;0;0;0
26/03/2018;00:30;0;0;0
26/03/2018;00:45;0;0;0
26/03/2018;01:00;0;0;0
26/03/2018;01:15;0;0;0
26/03/2018;01:30;0;0;0
26/03/2018;01:45;0;0;0
26/03/2018;02:00;0;0;0
26/03/2018;02:15;0;0;0
26/03/2018;02:30;0;0;0
26/03/2018;02:45;0;0;0
26/03/2018;03:00;0;0;0
26/03/2018;03:15;0;0;0
26/03/2018;03:30;0;0;0
26/03/2018;03:45;0;0;0
26/03/2018;04:00;0;0;0
26/03/2018;04:15;0;0;0
26/03/2018;04:30;0;0;0
26/03/2018;04:45;0;0;0
26/03/2018;05:00;0;0;0
26/03/2018;05:15;0;0;0
26/03/2018;05:30;0;0;0
26/03/2018;05:45;0;0;0
26/03/2018;06:00;0;0;0
26/03/2018;06:15;0;0;0
26/03/2018;06:30;0;0;0
26/03/2018;06:45;0;0;0
26/03/2018;07:00;0;0;0
26/03/2018;07:15;0;0;0
26/03/2018;07:30;0;0;0
26/03/2018;07:45;0;0;0
26/03/2018;08:00;0;0;0
26/03/2018;08:15;0;0;0
26/03/2018;08:30;0;0;0
26/03/2018;08:45;1;1;0
26/03/2018;09:00;0;0;0
26/03/2018;09:15;0;0;0
26/03/2018;09:30;0;0;0
26/03/2018;09:45;0;0;0
26/03/2018;10:00;1;1;0
26/03/2018;10:15;0;0;0
26/03/2018;10:30;0;0;0
26/03/2018;10:45;0;0;0
26/03/2018;11:00;0;0;0
26/03/2018;11:15;0;0;0
26/03/2018;11:30;0;0;0
26/03/2018;11:45;0;0;0
26/03/2018;12:00;0;0;0
26/03/2018;12:15;0;0;0
26/03/2018;12:30;1;0;1
26/03/2018;12:45;0;0;0
26/03/2018;13:00;0;0;0
26/03/2018;13:15;2;2;0
26/03/2018;13:30;0;0;0
26/03/2018;13:45;0;0;0
26/03/2018;14:00;0;0;0
26/03/2018;14:15;0;0;0
26/03/2018;14:30;0;0;0
26/03/2018;14:45;0;0;0
26/03/2018;15:00;0;0;0
26/03/2018;15:15;0;0;0
26/03/2018;15:30;0;0;0
26/03/2018;15:45;1;1;0
26/03/2018;16:00;16;1;15
26/03/2018;16:15;6;5;1
26/03/2018;16:30;0;0;0
26/03/2018;16:45;2;2;0
26/03/2018;17:00;0;0;0
26/03/2018;17:15;0;0;0
26/03/2018;17:30;0;0;0
26/03/2018;17:45;0;0;0
26/03/2018;18:00;0;0;0
26/03/2018;18:15;0;0;0
26/03/2018;18:30;0;0;0
26/03/2018;18:45;0;0;0
26/03/2018;19:00;0;0;0
26/03/2018;19:15;0;0;0
26/03/2018;19:30;0;0;0
26/03/2018;19:45;0;0;0
26/03/2018;20:00;0;0;0
26/03/2018;20:15;0;0;0
26/03/2018;20:30;0;0;0
26/03/2018;20:45;0;0;0
26/03/2018;21:00;0;0;0
26/03/2018;21:15;0;0;0
26/03/2018;21:30;0;0;0
26/03/2018;21:45;0;0;0
26/03/2018;22:00;0;0;0
26/03/2018;22:15;0;0;0
26/03/2018;22:30;0;0;0
26/03/2018;22:45;0;0;0
26/03/2018;23:00;0;0;0
26/03/2018;23:15;0;0;0
26/03/2018;23:30;0;0;0
26/03/2018;23:45;0;0;0
27/03/2018;00:00;0;0;0
27/03/2018;00:15;0;0;0
27/03/2018;00:30;0;0;0
27/03/2018;00:45;0;0;0
27/03/2018;01:00;0;0;0
27/03/2018;01:15;0;0;0
27/03/2018;01:30;0;0;0
27/03/2018;01:45;0;0;0
27/03/2018;02:00;0;0;0
27/03/2018;02:15;0;0;0
27/03/2018;02:30;0;0;0
27/03/2018;02:45;0;0;0
27/03/2018;03:00;0;0;0
27/03/2018;03:15;0;0;0
27/03/2018;03:30;0;0;0
27/03/2018;03:45;0;0;0
27/03/2018;04:00;0;0;0
27/03/2018;04:15;0;0;0
27/03/2018;04:30;0;0;0
27/03/2018;04:45;0;0;0
27/03/2018;05:00;0;0;0
27/03/2018;05:15;0;0;0
27/03/2018;05:30;0;0;0
27/03/2018;05:45;0;0;0
27/03/2018;06:00;0;0;0
27/03/2018;06:15;0;0;0
27/03/2018;06:30;0;0;0
27/03/2018;06:45;0;0;0
27/03/2018;07:00;0;0;0
27/03/2018;07:15;0;0;0
27/03/2018;07:30;1;0;1
27/03/2018;07:45;0;0;0
27/03/2018;08:00;0;0;0
27/03/2018;08:15;0;0;0
27/03/2018;08:30;0;0;0
27/03/2018;08:45;0;0;0
27/03/2018;09:00;0;0;0
27/03/2018;09:15;0;0;0
27/03/2018;09:30;0;0;0
27/03/2018;09:45;0;0;0
27/03/2018;10:00;0;0;0
27/03/2018;10:15;0;0;0
27/03/2018;10:30;0;0;0
27/03/2018;10:45;0;0;0
27/03/2018;11:00;0;0;0
27/03/2018;11:15;0;0;0
27/03/2018;11:30;0;0;0
27/03/2018;11:45;0;0;0
27/03/2018;12:00;0;0;0
27/03/2018;12:15;0;0;0
27/03/2018;12:30;0;0;0
27/03/2018;12:45;0;0;0
27/03/2018;13:00;0;0;0
27/03/2018;13:15;0;0;0
27/03/2018;13:30;0;0;0
27/03/2018;13:45;0;0;0
27/03/2018;14:00;0;0;0
27/03/2018;14:15;0;0;0
27/03/2018;14:30;0;0;0
27/03/2018;14:45;0;0;0
27/03/2018;15:00;0;0;0
27/03/2018;15:15;0;0;0
27/03/2018;15:30;0;0;0
27/03/2018;15:45;0;0;0
27/03/2018;16:00;0;0;0
27/03/2018;16:15;0;0;0
27/03/2018;16:30;0;0;0
27/03/2018;16:45;0;0;0
27/03/2018;17:00;0;0;0
27/03/2018;17:15;0;0;0
27/03/2018;17:30;0;0;0
27/03/2018;17:45;0;0;0
27/03/2018;18:00;0;0;0
27/03/2018;18:15;0;0;0
27/03/2018;18:30;0;0;0
27/03/2018;18:45;0;0;0
27/03/2018;19:00;0;0;0
27/03/2018;19:15;0;0;0
27/03/2018;19:30;0;0;0
27/03/2018;19:45;0;0;0
27/03/2018;20:00;0;0;0
27/03/2018;20:15;0;0;0
27/03/2018;20:30;0;0;0
27/03/2018;20:45;0;0;0
27/03/2018;21:00;0;0;0
27/03/2018;21:15;0;0;0
27/03/2018;21:30;0;0;0
27/03/2018;21:45;0;0;0
27/03/2018;22:00;0;0;0
27/03/2018;22:15;0;0;0
27/03/2018;22:30;0;0;0
27/03/2018;22:45;0;0;0
27/03/2018;23:00;0;0;0
27/03/2018;23:15;0;0;0
27/03/2018;23:30;0;0;0
27/03/2018;23:45;0;0;0
28/03/2018;00:00;0;0;0
28/03/2018;00:15;0;0;0
28/03/2018;00:30;0;0;0
28/03/2018;00:45;0;0;0
28/03/2018;01:00;0;0;0
28/03/2018;01:15;0;0;0
28/03/2018;01:30;0;0;0
28/03/2018;01:45;0;0;0
28/03/2018;02:00;0;0;0
28/03/2018;02:15;0;0;0
28/03/2018;02:30;0;0;0
28/03/2018;02:45;0;0;0
28/03/2018;03:00;0;0;0
28/03/2018;03:15;0;0;0
28/03/2018;03:30;0;0;0
28/03/2018;03:45;0;0;0
28/03/2018;04:00;0;0;0
28/03/2018;04:15;0;0;0
28/03/2018;04:30;0;0;0
28/03/2018;04:45;0;0;0
28/03/2018;05:00;0;0;0
28/03/2018;05:15;0;0;0
28/03/2018;05:30;0;0;0
28/03/2018;05:45;0;0;0
28/03/2018;06:00;0;0;0
28/03/2018;06:15;0;0;0
28/03/2018;06:30;0;0;0
28/03/2018;06:45;0;0;0
28/03/2018;07:00;0;0;0
28/03/2018;07:15;0;0;0
28/03/2018;07:30;0;0;0
28/03/2018;07:45;0;0;0
28/03/2018;08:00;0;0;0
28/03/2018;08:15;0;0;0
28/03/2018;08:30;0;0;0
28/03/2018;08:45;0;0;0
28/03/2018;09:00;0;0;0
28/03/2018;09:15;0;0;0
28/03/2018;09:30;0;0;0
28/03/2018;09:45;0;0;0
28/03/2018;10:00;0;0;0
28/03/2018;10:15;0;0;0
28/03/2018;10:30;0;0;0
28/03/2018;10:45;0;0;0
28/03/2018;11:00;0;0;0
28/03/2018;11:15;0;0;0
28/03/2018;11:30;0;0;0
28/03/2018;11:45;0;0;0
28/03/2018;12:00;0;0;0
28/03/2018;12:15;0;0;0
28/03/2018;12:30;0;0;0
28/03/2018;12:45;0;0;0
28/03/2018;13:00;0;0;0
28/03/2018;13:15;0;0;0
28/03/2018;13:30;0;0;0
28/03/2018;13:45;0;0;0
28/03/2018;14:00;0;0;0
28/03/2018;14:15;0;0;0
28/03/2018;14:30;0;0;0
28/03/2018;14:45;0;0;0
28/03/2018;15:00;0;0;0
28/03/2018;15:15;0;0;0
28/03/2018;15:30;0;0;0
28/03/2018;15:45;0;0;0
28/03/2018;16:00;0;0;0
28/03/2018;16:15;0;0;0
28/03/2018;16:30;0;0;0
28/03/2018;16:45;0;0;0
28/03/2018;17:00;0;0;0
28/03/2018;17:15;0;0;0
28/03/2018;17:30;0;0;0
28/03/2018;17:45;0;0;0
28/03/2018;18:00;0;0;0
28/03/2018;18:15;0;0;0
28/03/2018;18:30;0;0;0
28/03/2018;18:45;0;0;0
28/03/2018;19:00;0;0;0
28/03/2018;19:15;0;0;0
28/03/2018;19:30;0;0;0
28/03/2018;19:45;0;0;0
28/03/2018;20:00;0;0;0
28/03/2018;20:15;0;0;0
28/03/2018;20:30;0;0;0
28/03/2018;20:45;0;0;0
28/03/2018;21:00;0;0;0
28/03/2018;21:15;0;0;0
28/03/2018;21:30;0;0;0
28/03/2018;21:45;0;0;0
28/03/2018;22:00;0;0;0
28/03/2018;22:15;0;0;0
28/03/2018;22:30;0;0;0
28/03/2018;22:45;0;0;0
28/03/2018;23:00;0;0;0
28/03/2018;23:15;0;0;0
28/03/2018;23:30;0;0;0
28/03/2018;23:45;0;0;0
29/03/2018;00:00;0;0;0
29/03/2018;00:15;0;0;0
29/03/2018;00:30;0;0;0
29/03/2018;00:45;0;0;0
29/03/2018;01:00;0;0;0
29/03/2018;01:15;0;0;0
29/03/2018;01:30;0;0;0
29/03/2018;01:45;0;0;0
29/03/2018;02:00;0;0;0
29/03/2018;02:15;0;0;0
29/03/2018;02:30;0;0;0
29/03/2018;02:45;0;0;0
29/03/2018;03:00;0;0;0
29/03/2018;03:15;0;0;0
29/03/2018;03:30;0;0;0
29/03/2018;03:45;0;0;0
29/03/2018;04:00;0;0;0
29/03/2018;04:15;0;0;0
29/03/2018;04:30;0;0;0
29/03/2018;04:45;0;0;0
29/03/2018;05:00;0;0;0
29/03/2018;05:15;0;0;0
29/03/2018;05:30;0;0;0
29/03/2018;05:45;0;0;0
29/03/2018;06:00;0;0;0
29/03/2018;06:15;0;0;0
29/03/2018;06:30;0;0;0
29/03/2018;06:45;0;0;0
29/03/2018;07:00;0;0;0
29/03/2018;07:15;0;0;0
29/03/2018;07:30;0;0;0
29/03/2018;07:45;0;0;0
29/03/2018;08:00;0;0;0
29/03/2018;08:15;0;0;0
29/03/2018;08:30;0;0;0
29/03/2018;08:45;0;0;0
29/03/2018;09:00;0;0;0
29/03/2018;09:15;0;0;0
29/03/2018;09:30;2;0;2
29/03/2018;09:45;0;0;0
29/03/2018;10:00;0;0;0
29/03/2018;10:15;0;0;0
29/03/2018;10:30;0;0;0
29/03/2018;10:45;0;0;0
29/03/2018;11:00;0;0;0
29/03/2018;11:15;0;0;0
29/03/2018;11:30;0;0;0
29/03/2018;11:45;0;0;0
29/03/2018;12:00;0;0;0
29/03/2018;12:15;0;0;0
29/03/2018;12:30;0;0;0
29/03/2018;12:45;0;0;0
29/03/2018;13:00;0;0;0
29/03/2018;13:15;0;0;0
29/03/2018;13:30;0;0;0
29/03/2018;13:45;0;0;0
29/03/2018;14:00;0;0;0
29/03/2018;14:15;0;0;0
29/03/2018;14:30;0;0;0
29/03/2018;14:45;0;0;0
29/03/2018;15:00;0;0;0
29/03/2018;15:15;0;0;0
29/03/2018;15:30;0;0;0
29/03/2018;15:45;0;0;0
29/03/2018;16:00;0;0;0
29/03/2018;16:15;0;0;0
29/03/2018;16:30;0;0;0
29/03/2018;16:45;0;0;0
29/03/2018;17:00;0;0;0
29/03/2018;17:15;0;0;0
29/03/2018;17:30;0;0;0
29/03/2018;17:45;0;0;0
29/03/2018;18:00;0;0;0
29/03/2018;18:15;0;0;0
29/03/2018;18:30;0;0;0
29/03/2018;18:45;0;0;0
29/03/2018;19:00;0;0;0
29/03/2018;19:15;0;0;0
29/03/2018;19:30;0;0;0
29/03/2018;19:45;0;0;0
29/03/2018;20:00;0;0;0
29/03/2018;20:15;0;0;0
29/03/2018;20:30;0;0;0
29/03/2018;20:45;0;0;0
29/03/2018;21:00;0;0;0
29/03/2018;21:15;0;0;0
29/03/2018;21:30;0;0;0
29/03/2018;21:45;0;0;0
29/03/2018;22:00;0;0;0
29/03/2018;22:15;0;0;0
29/03/2018;22:30;0;0;0
29/03/2018;22:45;0;0;0
29/03/2018;23:00;0;0;0
29/03/2018;23:15;0;0;0
29/03/2018;23:30;0;0;0
29/03/2018;23:45;0;0;0
30/03/2018;00:00;0;0;0
30/03/2018;00:15;0;0;0
30/03/2018;00:30;0;0;0
30/03/2018;00:45;0;0;0
30/03/2018;01:00;0;0;0
30/03/2018;01:15;0;0;0
30/03/2018;01:30;0;0;0
30/03/2018;01:45;0;0;0
30/03/2018;02:00;0;0;0
30/03/2018;02:15;0;0;0
30/03/2018;02:30;0;0;0
30/03/2018;02:45;0;0;0
30/03/2018;03:00;0;0;0
30/03/2018;03:15;0;0;0
30/03/2018;03:30;0;0;0
30/03/2018;03:45;0;0;0
30/03/2018;04:00;0;0;0
30/03/2018;04:15;0;0;0
30/03/2018;04:30;0;0;0
30/03/2018;04:45;0;0;0
30/03/2018;05:00;0;0;0
30/03/2018;05:15;0;0;0
30/03/2018;05:30;0;0;0
30/03/2018;05:45;0;0;0
30/03/2018;06:00;0;0;0
30/03/2018;06:15;0;0;0
30/03/2018;06:30;0;0;0
30/03/2018;06:45;0;0;0
30/03/2018;07:00;0;0;0
30/03/2018;07:15;0;0;0
30/03/2018;07:30;0;0;0
30/03/2018;07:45;0;0;0
30/03/2018;08:00;0;0;0
30/03/2018;08:15;0;0;0
30/03/2018;08:30;0;0;0
30/03/2018;08:45;0;0;0
30/03/2018;09:00;0;0;0
30/03/2018;09:15;0;0;0
30/03/2018;09:30;0;0;0
30/03/2018;09:45;0;0;0
30/03/2018;10:00;0;0;0
30/03/2018;10:15;0;0;0
30/03/2018;10:30;0;0;0
30/03/2018;10:45;0;0;0
30/03/2018;11:00;0;0;0
30/03/2018;11:15;0;0;0
30/03/2018;11:30;0;0;0
30/03/2018;11:45;0;0;0
30/03/2018;12:00;0;0;0
30/03/2018;12:15;0;0;0
30/03/2018;12:30;0;0;0
30/03/2018;12:45;0;0;0
30/03/2018;13:00;0;0;0
30/03/2018;13:15;0;0;0
30/03/2018;13:30;0;0;0
30/03/2018;13:45;0;0;0
30/03/2018;14:00;0;0;0
30/03/2018;14:15;0;0;0
30/03/2018;14:30;0;0;0
30/03/2018;14:45;0;0;0
30/03/2018;15:00;0;0;0
30/03/2018;15:15;0;0;0
30/03/2018;15:30;0;0;0
30/03/2018;15:45;0;0;0
30/03/2018;16:00;0;0;0
30/03/2018;16:15;0;0;0
30/03/2018;16:30;0;0;0
30/03/2018;16:45;0;0;0
30/03/2018;17:00;0;0;0
30/03/2018;17:15;0;0;0
30/03/2018;17:30;0;0;0
30/03/2018;17:45;0;0;0
30/03/2018;18:00;0;0;0
30/03/2018;18:15;0;0;0
30/03/2018;18:30;0;0;0
30/03/2018;18:45;0;0;0
30/03/2018;19:00;0;0;0
30/03/2018;19:15;0;0;0
30/03/2018;19:30;0;0;0
30/03/2018;19:45;0;0;0
30/03/2018;20:00;0;0;0
30/03/2018;20:15;0;0;0
30/03/2018;20:30;0;0;0
30/03/2018;20:45;0;0;0
30/03/2018;21:00;0;0;0
30/03/2018;21:15;0;0;0
30/03/2018;21:30;0;0;0
30/03/2018;21:45;0;0;0
30/03/2018;22:00;0;0;0
30/03/2018;22:15;0;0;0
30/03/2018;22:30;0;0;0
30/03/2018;22:45;0;0;0
30/03/2018;23:00;0;0;0
30/03/2018;23:15;0;0;0
30/03/2018;23:30;0;0;0
30/03/2018;23:45;0;0;0
31/03/2018;00:00;0;0;0
31/03/2018;00:15;0;0;0
31/03/2018;00:30;0;0;0
31/03/2018;00:45;0;0;0
31/03/2018;01:00;0;0;0
31/03/2018;01:15;0;0;0
31/03/2018;01:30;0;0;0
31/03/2018;01:45;0;0;0
31/03/2018;02:00;0;0;0
31/03/2018;02:15;0;0;0
31/03/2018;02:30;0;0;0
31/03/2018;02:45;0;0;0
31/03/2018;03:00;0;0;0
31/03/2018;03:15;0;0;0
31/03/2018;03:30;0;0;0
31/03/2018;03:45;0;0;0
31/03/2018;04:00;0;0;0
31/03/2018;04:15;0;0;0
31/03/2018;04:30;0;0;0
31/03/2018;04:45;0;0;0
31/03/2018;05:00;0;0;0
31/03/2018;05:15;0;0;0
31/03/2018;05:30;0;0;0
31/03/2018;05:45;0;0;0
31/03/2018;06:00;0;0;0
31/03/2018;06:15;0;0;0
31/03/2018;06:30;0;0;0
31/03/2018;06:45;0;0;0
31/03/2018;07:00;0;0;0
31/03/2018;07:15;0;0;0
31/03/2018;07:30;0;0;0
31/03/2018;07:45;0;0;0
31/03/2018;08:00;0;0;0
31/03/2018;08:15;0;0;0
31/03/2018;08:30;0;0;0
31/03/2018;08:45;0;0;0
31/03/2018;09:00;0;0;0
31/03/2018;09:15;0;0;0
31/03/2018;09:30;0;0;0
31/03/2018;09:45;0;0;0
31/03/2018;10:00;0;0;0
31/03/2018;10:15;0;0;0
31/03/2018;10:30;0;0;0
31/03/2018;10:45;0;0;0
31/03/2018;11:00;0;0;0
31/03/2018;11:15;0;0;0
31/03/2018;11:30;0;0;0
31/03/2018;11:45;0;0;0
31/03/2018;12:00;0;0;0
31/03/2018;12:15;0;0;0
31/03/2018;12:30;0;0;0
31/03/2018;12:45;0;0;0
31/03/2018;13:00;0;0;0
31/03/2018;13:15;0;0;0
31/03/2018;13:30;0;0;0
31/03/2018;13:45;0;0;0
31/03/2018;14:00;0;0;0
31/03/2018;14:15;0;0;0
31/03/2018;14:30;0;0;0
31/03/2018;14:45;0;0;0
31/03/2018;15:00;0;0;0
31/03/2018;15:15;0;0;0
31/03/2018;15:30;0;0;0
31/03/2018;15:45;0;0;0
31/03/2018;16:00;0;0;0
31/03/2018;16:15;0;0;0
31/03/2018;16:30;0;0;0
31/03/2018;16:45;0;0;0
31/03/2018;17:00;0;0;0
31/03/2018;17:15;0;0;0
31/03/2018;17:30;0;0;0
31/03/2018;17:45;0;0;0
31/03/2018;18:00;0;0;0
31/03/2018;18:15;0;0;0
31/03/2018;18:30;0;0;0
31/03/2018;18:45;0;0;0
31/03/2018;19:00;0;0;0
31/03/2018;19:15;0;0;0
31/03/2018;19:30;0;0;0
31/03/2018;19:45;0;0;0
31/03/2018;20:00;0;0;0
31/03/2018;20:15;0;0;0
31/03/2018;20:30;0;0;0
31/03/2018;20:45;0;0;0
31/03/2018;21:00;0;0;0
31/03/2018;21:15;0;0;0
31/03/2018;21:30;0;0;0
31/03/2018;21:45;0;0;0
31/03/2018;22:00;0;0;0
31/03/2018;22:15;0;0;0
31/03/2018;22:30;0;0;0
31/03/2018;22:45;0;0;0
31/03/2018;23:00;0;0;0
31/03/2018;23:15;0;0;0
31/03/2018;23:30;0;0;0
31/03/2018;23:45;0;0;0
01/04/2018;00:00;0;0;0
01/04/2018;00:15;0;0;0
01/04/2018;00:30;0;0;0
01/04/2018;00:45;0;0;0
01/04/2018;01:00;0;0;0
01/04/2018;01:15;0;0;0
01/04/2018;01:30;0;0;0
01/04/2018;01:45;0;0;0
01/04/2018;02:00;0;0;0
01/04/2018;02:15;0;0;0
01/04/2018;02:30;0;0;0
01/04/2018;02:45;0;0;0
01/04/2018;03:00;0;0;0
01/04/2018;03:15;0;0;0
01/04/2018;03:30;0;0;0
01/04/2018;03:45;0;0;0
01/04/2018;04:00;0;0;0
01/04/2018;04:15;0;0;0
01/04/2018;04:30;0;0;0
01/04/2018;04:45;0;0;0
01/04/2018;05:00;0;0;0
01/04/2018;05:15;0;0;0
01/04/2018;05:30;0;0;0
01/04/2018;05:45;0;0;0
01/04/2018;06:00;0;0;0
01/04/2018;06:15;0;0;0
01/04/2018;06:30;0;0;0
01/04/2018;06:45;0;0;0
01/04/2018;07:00;0;0;0
01/04/2018;07:15;0;0;0
01/04/2018;07:30;0;0;0
01/04/2018;07:45;0;0;0
01/04/2018;08:00;0;0;0
01/04/2018;08:15;0;0;0
01/04/2018;08:30;0;0;0
01/04/2018;08:45;0;0;0
01/04/2018;09:00;0;0;0
01/04/2018;09:15;0;0;0
01/04/2018;09:30;0;0;0
01/04/2018;09:45;0;0;0
01/04/2018;10:00;0;0;0
01/04/2018;10:15;0;0;0
01/04/2018;10:30;0;0;0
01/04/2018;10:45;0;0;0
01/04/2018;11:00;0;0;0
01/04/2018;11:15;0;0;0
01/04/2018;11:30;0;0;0
01/04/2018;11:45;0;0;0
01/04/2018;12:00;0;0;0
01/04/2018;12:15;0;0;0
01/04/2018;12:30;0;0;0
01/04/2018;12:45;0;0;0
01/04/2018;13:00;0;0;0
01/04/2018;13:15;0;0;0
01/04/2018;13:30;0;0;0
01/04/2018;13:45;0;0;0
01/04/2018;14:00;0;0;0
01/04/2018;14:15;0;0;0
01/04/2018;14:30;0;0;0
01/04/2018;14:45;0;0;0
01/04/2018;15:00;0;0;0
01/04/2018;15:15;0;0;0
01/04/2018;15:30;0;0;0
01/04/2018;15:45;0;0;0
01/04/2018;16:00;0;0;0
01/04/2018;16:15;0;0;0
01/04/2018;16:30;0;0;0
01/04/2018;16:45;0;0;0
01/04/2018;17:00;0;0;0
01/04/2018;17:15;0;0;0
01/04/2018;17:30;0;0;0
01/04/2018;17:45;0;0;0
01/04/2018;18:00;0;0;0
01/04/2018;18:15;0;0;0
01/04/2018;18:30;0;0;0
01/04/2018;18:45;0;0;0
01/04/2018;19:00;0;0;0
01/04/2018;19:15;0;0;0
01/04/2018;19:30;0;0;0
01/04/2018;19:45;0;0;0
01/04/2018;20:00;0;0;0
01/04/2018;20:15;0;0;0
01/04/2018;20:30;0;0;0
01/04/2018;20:45;0;0;0
01/04/2018;21:00;0;0;0
01/04/2018;21:15;0;0;0
01/04/2018;21:30;0;0;0
01/04/2018;21:45;0;0;0
01/04/2018;22:00;0;0;0
01/04/2018;22:15;0;0;0
01/04/2018;22:30;0;0;0
01/04/2018;22:45;0;0;0
01/04/2018;23:00;0;0;0
01/04/2018;23:15;0;0;0
01/04/2018;23:30;0;0;0
01/04/2018;23:45;0;0;0
02/04/2018;00:00;0;0;0
02/04/2018;00:15;0;0;0
02/04/2018;00:30;0;0;0
02/04/2018;00:45;0;0;0
02/04/2018;01:00;0;0;0
02/04/2018;01:15;0;0;0
02/04/2018;01:30;0;0;0
02/04/2018;01:45;0;0;0
02/04/2018;02:00;0;0;0
02/04/2018;02:15;0;0;0
02/04/2018;02:30;0;0;0
02/04/2018;02:45;0;0;0
02/04/2018;03:00;0;0;0
02/04/2018;03:15;0;0;0
02/04/2018;03:30;0;0;0
02/04/2018;03:45;0;0;0
02/04/2018;04:00;0;0;0
02/04/2018;04:15;0;0;0
02/04/2018;04:30;0;0;0
02/04/2018;04:45;0;0;0
02/04/2018;05:00;0;0;0
02/04/2018;05:15;0;0;0
02/04/2018;05:30;0;0;0
02/04/2018;05:45;0;0;0
02/04/2018;06:00;0;0;0
02/04/2018;06:15;0;0;0
02/04/2018;06:30;0;0;0
02/04/2018;06:45;0;0;0
02/04/2018;07:00;0;0;0
02/04/2018;07:15;0;0;0
02/04/2018;07:30;0;0;0
02/04/2018;07:45;0;0;0
02/04/2018;08:00;0;0;0
02/04/2018;08:15;0;0;0
02/04/2018;08:30;0;0;0
02/04/2018;08:45;0;0;0
02/04/2018;09:00;0;0;0
02/04/2018;09:15;0;0;0
02/04/2018;09:30;0;0;0
02/04/2018;09:45;0;0;0
02/04/2018;10:00;0;0;0
02/04/2018;10:15;0;0;0
02/04/2018;10:30;0;0;0
02/04/2018;10:45;0;0;0
02/04/2018;11:00;0;0;0
02/04/2018;11:15;0;0;0
02/04/2018;11:30;0;0;0
02/04/2018;11:45;0;0;0
02/04/2018;12:00;0;0;0
02/04/2018;12:15;0;0;0
02/04/2018;12:30;0;0;0
02/04/2018;12:45;0;0;0
02/04/2018;13:00;1;1;0
02/04/2018;13:15;0;0;0
02/04/2018;13:30;0;0;0
02/04/2018;13:45;0;0;0
02/04/2018;14:00;0;0;0
02/04/2018;14:15;0;0;0
02/04/2018;14:30;0;0;0
02/04/2018;14:45;1;1;0
02/04/2018;15:00;0;0;0
02/04/2018;15:15;0;0;0
02/04/2018;15:30;0;0;0
02/04/2018;15:45;0;0;0
02/04/2018;16:00;0;0;0
02/04/2018;16:15;0;0;0
02/04/2018;16:30;1;1;0
02/04/2018;16:45;0;0;0
02/04/2018;17:00;0;0;0
02/04/2018;17:15;0;0;0
02/04/2018;17:30;0;0;0
02/04/2018;17:45;0;0;0
02/04/2018;18:00;0;0;0
02/04/2018;18:15;0;0;0
02/04/2018;18:30;0;0;0
02/04/2018;18:45;0;0;0
02/04/2018;19:00;0;0;0
02/04/2018;19:15;0;0;0
02/04/2018;19:30;0;0;0
02/04/2018;19:45;0;0;0
02/04/2018;20:00;0;0;0
02/04/2018;20:15;0;0;0
02/04/2018;20:30;0;0;0
02/04/2018;20:45;0;0;0
02/04/2018;21:00;0;0;0
02/04/2018;21:15;0;0;0
02/04/2018;21:30;0;0;0
02/04/2018;21:45;0;0;0
02/04/2018;22:00;0;0;0
02/04/2018;22:15;0;0;0
02/04/2018;22:30;0;0;0
02/04/2018;22:45;0;0;0
02/04/2018;23:00;0;0;0
02/04/2018;23:15;0;0;0
02/04/2018;23:30;0;0;0
02/04/2018;23:45;0;0;0
03/04/2018;00:00;0;0;0
03/04/2018;00:15;0;0;0
03/04/2018;00:30;0;0;0
03/04/2018;00:45;0;0;0
03/04/2018;01:00;0;0;0
03/04/2018;01:15;0;0;0
03/04/2018;01:30;0;0;0
03/04/2018;01:45;0;0;0
03/04/2018;02:00;0;0;0
03/04/2018;02:15;0;0;0
03/04/2018;02:30;0;0;0
03/04/2018;02:45;0;0;0
03/04/2018;03:00;0;0;0
03/04/2018;03:15;0;0;0
03/04/2018;03:30;0;0;0
03/04/2018;03:45;0;0;0
03/04/2018;04:00;0;0;0
03/04/2018;04:15;0;0;0
03/04/2018;04:30;0;0;0
03/04/2018;04:45;0;0;0
03/04/2018;05:00;0;0;0
03/04/2018;05:15;0;0;0
03/04/2018;05:30;0;0;0
03/04/2018;05:45;0;0;0
03/04/2018;06:00;0;0;0
03/04/2018;06:15;0;0;0
03/04/2018;06:30;0;0;0
03/04/2018;06:45;0;0;0
03/04/2018;07:00;0;0;0
03/04/2018;07:15;0;0;0
03/04/2018;07:30;0;0;0
03/04/2018;07:45;2;0;2
03/04/2018;08:00;3;0;3
03/04/2018;08:15;2;0;2
03/04/2018;08:30;5;0;5
03/04/2018;08:45;1;0;1
03/04/2018;09:00;0;0;0
03/04/2018;09:15;0;0;0
03/04/2018;09:30;0;0;0
03/04/2018;09:45;0;0;0
03/04/2018;10:00;1;1;0
03/04/2018;10:15;0;0;0
03/04/2018;10:30;1;0;1
03/04/2018;10:45;0;0;0
03/04/2018;11:00;0;0;0
03/04/2018;11:15;0;0;0
03/04/2018;11:30;4;0;4
03/04/2018;11:45;0;0;0
03/04/2018;12:00;0;0;0
03/04/2018;12:15;0;0;0
03/04/2018;12:30;1;1;0
03/04/2018;12:45;1;0;1
03/04/2018;13:00;0;0;0
03/04/2018;13:15;1;0;1
03/04/2018;13:30;0;0;0
03/04/2018;13:45;1;0;1
03/04/2018;14:00;1;0;1
03/04/2018;14:15;1;0;1
03/04/2018;14:30;1;0;1
03/04/2018;14:45;2;0;2
03/04/2018;15:00;0;0;0
03/04/2018;15:15;0;0;0
03/04/2018;15:30;1;0;1
03/04/2018;15:45;1;0;1
03/04/2018;16:00;0;0;0
03/04/2018;16:15;1;0;1
03/04/2018;16:30;0;0;0
03/04/2018;16:45;3;0;3
03/04/2018;17:00;1;0;1
03/04/2018;17:15;0;0;0
03/04/2018;17:30;2;0;2
03/04/2018;17:45;1;1;0
03/04/2018;18:00;1;0;1
03/04/2018;18:15;1;0;1
03/04/2018;18:30;1;0;1
03/04/2018;18:45;1;0;1
03/04/2018;19:00;0;0;0
03/04/2018;19:15;0;0;0
03/04/2018;19:30;0;0;0
03/04/2018;19:45;0;0;0
03/04/2018;20:00;1;0;1
03/04/2018;20:15;1;0;1
03/04/2018;20:30;0;0;0
03/04/2018;20:45;1;0;1
03/04/2018;21:00;0;0;0
03/04/2018;21:15;0;0;0
03/04/2018;21:30;0;0;0
03/04/2018;21:45;1;0;1
03/04/2018;22:00;0;0;0
03/04/2018;22:15;0;0;0
03/04/2018;22:30;0;0;0
03/04/2018;22:45;0;0;0
03/04/2018;23:00;0;0;0
03/04/2018;23:15;0;0;0
03/04/2018;23:30;0;0;0
03/04/2018;23:45;0;0;0
04/04/2018;00:00;0;0;0
04/04/2018;00:15;0;0;0
04/04/2018;00:30;0;0;0
04/04/2018;00:45;0;0;0
04/04/2018;01:00;0;0;0
04/04/2018;01:15;0;0;0
04/04/2018;01:30;0;0;0
04/04/2018;01:45;0;0;0
04/04/2018;02:00;0;0;0
04/04/2018;02:15;0;0;0
04/04/2018;02:30;0;0;0
04/04/2018;02:45;0;0;0
04/04/2018;03:00;0;0;0
04/04/2018;03:15;0;0;0
04/04/2018;03:30;0;0;0
04/04/2018;03:45;0;0;0
04/04/2018;04:00;0;0;0
04/04/2018;04:15;0;0;0
04/04/2018;04:30;0;0;0
04/04/2018;04:45;0;0;0
04/04/2018;05:00;0;0;0
04/04/2018;05:15;0;0;0
04/04/2018;05:30;0;0;0
04/04/2018;05:45;0;0;0
04/04/2018;06:00;0;0;0
04/04/2018;06:15;0;0;0
04/04/2018;06:30;0;0;0
04/04/2018;06:45;0;0;0
04/04/2018;07:00;0;0;0
04/04/2018;07:15;1;0;1
04/04/2018;07:30;0;0;0
04/04/2018;07:45;3;0;3
04/04/2018;08:00;0;0;0
04/04/2018;08:15;2;0;2
04/04/2018;08:30;1;0;1
04/04/2018;08:45;2;0;2
04/04/2018;09:00;1;0;1
04/04/2018;09:15;0;0;0
04/04/2018;09:30;0;0;0
04/04/2018;09:45;0;0;0
04/04/2018;10:00;1;0;1
04/04/2018;10:15;1;0;1
04/04/2018;10:30;0;0;0
04/04/2018;10:45;1;0;1
04/04/2018;11:00;0;0;0
04/04/2018;11:15;0;0;0
04/04/2018;11:30;0;0;0
04/04/2018;11:45;1;0;1
04/04/2018;12:00;0;0;0
04/04/2018;12:15;0;0;0
04/04/2018;12:30;1;0;1
04/04/2018;12:45;0;0;0
04/04/2018;13:00;0;0;0
04/04/2018;13:15;0;0;0
04/04/2018;13:30;0;0;0
04/04/2018;13:45;0;0;0
04/04/2018;14:00;2;0;2
04/04/2018;14:15;1;0;1
04/04/2018;14:30;0;0;0
04/04/2018;14:45;2;0;2
04/04/2018;15:00;1;0;1
04/04/2018;15:15;1;0;1
04/04/2018;15:30;1;0;1
04/04/2018;15:45;1;1;0
04/04/2018;16:00;2;0;2
04/04/2018;16:15;0;0;0
04/04/2018;16:30;4;0;4
04/04/2018;16:45;1;0;1
04/04/2018;17:00;5;2;3
04/04/2018;17:15;4;0;4
04/04/2018;17:30;3;2;1
04/04/2018;17:45;5;0;5
04/04/2018;18:00;4;0;4
04/04/2018;18:15;2;0;2
04/04/2018;18:30;4;0;4
04/04/2018;18:45;4;0;4
04/04/2018;19:00;4;2;2
04/04/2018;19:15;3;0;3
04/04/2018;19:30;5;0;5
04/04/2018;19:45;0;0;0
04/04/2018;20:00;1;0;1
04/04/2018;20:15;3;0;3
04/04/2018;20:30;1;1;0
04/04/2018;20:45;0;0;0
04/04/2018;21:00;0;0;0
04/04/2018;21:15;0;0;0
04/04/2018;21:30;0;0;0
04/04/2018;21:45;1;0;1
04/04/2018;22:00;0;0;0
04/04/2018;22:15;1;0;1
04/04/2018;22:30;0;0;0
04/04/2018;22:45;0;0;0
04/04/2018;23:00;1;0;1
04/04/2018;23:15;0;0;0
04/04/2018;23:30;0;0;0
04/04/2018;23:45;0;0;0
05/04/2018;00:00;0;0;0
05/04/2018;00:15;0;0;0
05/04/2018;00:30;0;0;0
05/04/2018;00:45;0;0;0
05/04/2018;01:00;0;0;0
05/04/2018;01:15;0;0;0
05/04/2018;01:30;0;0;0
05/04/2018;01:45;0;0;0
05/04/2018;02:00;0;0;0
05/04/2018;02:15;0;0;0
05/04/2018;02:30;0;0;0
05/04/2018;02:45;0;0;0
05/04/2018;03:00;0;0;0
05/04/2018;03:15;0;0;0
05/04/2018;03:30;0;0;0
05/04/2018;03:45;0;0;0
05/04/2018;04:00;0;0;0
05/04/2018;04:15;0;0;0
05/04/2018;04:30;0;0;0
05/04/2018;04:45;0;0;0
05/04/2018;05:00;0;0;0
05/04/2018;05:15;0;0;0
05/04/2018;05:30;1;0;1
05/04/2018;05:45;0;0;0
05/04/2018;06:00;0;0;0
05/04/2018;06:15;0;0;0
05/04/2018;06:30;0;0;0
05/04/2018;06:45;0;0;0
05/04/2018;07:00;0;0;0
05/04/2018;07:15;3;0;3
05/04/2018;07:30;0;0;0
05/04/2018;07:45;1;0;1
05/04/2018;08:00;3;0;3
05/04/2018;08:15;2;0;2
05/04/2018;08:30;7;0;7
05/04/2018;08:45;7;0;7
05/04/2018;09:00;1;0;1
05/04/2018;09:15;3;0;3
05/04/2018;09:30;3;1;2
05/04/2018;09:45;1;0;1
05/04/2018;10:00;2;0;2
05/04/2018;10:15;0;0;0
05/04/2018;10:30;1;0;1
05/04/2018;10:45;0;0;0
05/04/2018;11:00;1;1;0
05/04/2018;11:15;1;0;1
05/04/2018;11:30;1;0;1
05/04/2018;11:45;2;0;2
05/04/2018;12:00;1;0;1
05/04/2018;12:15;5;0;5
05/04/2018;12:30;1;0;1
05/04/2018;12:45;1;0;1
05/04/2018;13:00;1;0;1
05/04/2018;13:15;2;0;2
05/04/2018;13:30;0;0;0
05/04/2018;13:45;0;0;0
05/04/2018;14:00;0;0;0
05/04/2018;14:15;1;0;1
05/04/2018;14:30;0;0;0
05/04/2018;14:45;3;1;2
05/04/2018;15:00;0;0;0
05/04/2018;15:15;2;0;2
05/04/2018;15:30;2;0;2
05/04/2018;15:45;3;2;1
05/04/2018;16:00;0;0;0
05/04/2018;16:15;0;0;0
05/04/2018;16:30;2;0;2
05/04/2018;16:45;1;1;0
05/04/2018;17:00;7;2;5
05/04/2018;17:15;5;0;5
05/04/2018;17:30;3;1;2
05/04/2018;17:45;1;0;1
05/04/2018;18:00;1;1;0
05/04/2018;18:15;5;0;5
05/04/2018;18:30;2;0;2
05/04/2018;18:45;5;0;5
05/04/2018;19:00;1;0;1
05/04/2018;19:15;3;1;2
05/04/2018;19:30;0;0;0
05/04/2018;19:45;1;1;0
05/04/2018;20:00;1;0;1
05/04/2018;20:15;4;0;4
05/04/2018;20:30;0;0;0
05/04/2018;20:45;0;0;0
05/04/2018;21:00;1;0;1
05/04/2018;21:15;0;0;0
05/04/2018;21:30;0;0;0
05/04/2018;21:45;0;0;0
05/04/2018;22:00;0;0;0
05/04/2018;22:15;1;1;0
05/04/2018;22:30;0;0;0
05/04/2018;22:45;1;1;0
05/04/2018;23:00;0;0;0
05/04/2018;23:15;0;0;0
05/04/2018;23:30;1;1;0
05/04/2018;23:45;0;0;0
06/04/2018;00:00;1;0;1
06/04/2018;00:15;0;0;0
06/04/2018;00:30;0;0;0
06/04/2018;00:45;0;0;0
06/04/2018;01:00;0;0;0
06/04/2018;01:15;0;0;0
06/04/2018;01:30;0;0;0
06/04/2018;01:45;0;0;0
06/04/2018;02:00;0;0;0
06/04/2018;02:15;0;0;0
06/04/2018;02:30;0;0;0
06/04/2018;02:45;0;0;0
06/04/2018;03:00;0;0;0
06/04/2018;03:15;0;0;0
06/04/2018;03:30;0;0;0
06/04/2018;03:45;0;0;0
06/04/2018;04:00;0;0;0
06/04/2018;04:15;0;0;0
06/04/2018;04:30;0;0;0
06/04/2018;04:45;0;0;0
06/04/2018;05:00;0;0;0
06/04/2018;05:15;0;0;0
06/04/2018;05:30;0;0;0
06/04/2018;05:45;0;0;0
06/04/2018;06:00;1;0;1
06/04/2018;06:15;1;0;1
06/04/2018;06:30;0;0;0
06/04/2018;06:45;0;0;0
06/04/2018;07:00;0;0;0
06/04/2018;07:15;0;0;0
06/04/2018;07:30;1;0;1
06/04/2018;07:45;0;0;0
06/04/2018;08:00;4;0;4
06/04/2018;08:15;0;0;0
06/04/2018;08:30;4;0;4
06/04/2018;08:45;6;0;6
06/04/2018;09:00;3;0;3
06/04/2018;09:15;2;0;2
06/04/2018;09:30;0;0;0
06/04/2018;09:45;1;0;1
06/04/2018;10:00;2;0;2
06/04/2018;10:15;0;0;0
06/04/2018;10:30;1;0;1
06/04/2018;10:45;1;0;1
06/04/2018;11:00;2;0;2
06/04/2018;11:15;0;0;0
06/04/2018;11:30;0;0;0
06/04/2018;11:45;0;0;0
06/04/2018;12:00;1;0;1
06/04/2018;12:15;1;0;1
06/04/2018;12:30;0;0;0
06/04/2018;12:45;0;0;0
06/04/2018;13:00;3;0;3
06/04/2018;13:15;1;0;1
06/04/2018;13:30;0;0;0
06/04/2018;13:45;1;0;1
06/04/2018;14:00;2;0;2
06/04/2018;14:15;0;0;0
06/04/2018;14:30;1;0;1
06/04/2018;14:45;8;6;2
06/04/2018;15:00;0;0;0
06/04/2018;15:15;2;0;2
06/04/2018;15:30;2;0;2
06/04/2018;15:45;1;0;1
06/04/2018;16:00;3;0;3
06/04/2018;16:15;0;0;0
06/04/2018;16:30;2;0;2
06/04/2018;16:45;0;0;0
06/04/2018;17:00;0;0;0
06/04/2018;17:15;1;0;1
06/04/2018;17:30;0;0;0
06/04/2018;17:45;3;0;3
06/04/2018;18:00;2;0;2
06/04/2018;18:15;1;0;1
06/04/2018;18:30;2;0;2
06/04/2018;18:45;3;0;3
06/04/2018;19:00;2;0;2
06/04/2018;19:15;0;0;0
06/04/2018;19:30;0;0;0
06/04/2018;19:45;0;0;0
06/04/2018;20:00;2;0;2
06/04/2018;20:15;0;0;0
06/04/2018;20:30;0;0;0
06/04/2018;20:45;0;0;0
06/04/2018;21:00;0;0;0
06/04/2018;21:15;0;0;0
06/04/2018;21:30;1;1;0
06/04/2018;21:45;0;0;0
06/04/2018;22:00;0;0;0
06/04/2018;22:15;0;0;0
06/04/2018;22:30;0;0;0
06/04/2018;22:45;0;0;0
06/04/2018;23:00;0;0;0
06/04/2018;23:15;0;0;0
06/04/2018;23:30;0;0;0
06/04/2018;23:45;1;0;1
07/04/2018;00:00;0;0;0
07/04/2018;00:15;0;0;0
07/04/2018;00:30;0;0;0
07/04/2018;00:45;0;0;0
07/04/2018;01:00;0;0;0
07/04/2018;01:15;1;0;1
07/04/2018;01:30;0;0;0
07/04/2018;01:45;1;0;1
07/04/2018;02:00;0;0;0
07/04/2018;02:15;0;0;0
07/04/2018;02:30;0;0;0
07/04/2018;02:45;0;0;0
07/04/2018;03:00;0;0;0
07/04/2018;03:15;0;0;0
07/04/2018;03:30;0;0;0
07/04/2018;03:45;0;0;0
07/04/2018;04:00;0;0;0
07/04/2018;04:15;0;0;0
07/04/2018;04:30;0;0;0
07/04/2018;04:45;0;0;0
07/04/2018;05:00;0;0;0
07/04/2018;05:15;0;0;0
07/04/2018;05:30;0;0;0
07/04/2018;05:45;0;0;0
07/04/2018;06:00;0;0;0
07/04/2018;06:15;0;0;0
07/04/2018;06:30;0;0;0
07/04/2018;06:45;0;0;0
07/04/2018;07:00;0;0;0
07/04/2018;07:15;0;0;0
07/04/2018;07:30;0;0;0
07/04/2018;07:45;0;0;0
07/04/2018;08:00;0;0;0
07/04/2018;08:15;0;0;0
07/04/2018;08:30;0;0;0
07/04/2018;08:45;0;0;0
07/04/2018;09:00;2;0;2
07/04/2018;09:15;0;0;0
07/04/2018;09:30;0;0;0
07/04/2018;09:45;1;1;0
07/04/2018;10:00;0;0;0
07/04/2018;10:15;0;0;0
07/04/2018;10:30;1;0;1
07/04/2018;10:45;0;0;0
07/04/2018;11:00;2;0;2
07/04/2018;11:15;1;0;1
07/04/2018;11:30;0;0;0
07/04/2018;11:45;2;0;2
07/04/2018;12:00;0;0;0
07/04/2018;12:15;0;0;0
07/04/2018;12:30;0;0;0
07/04/2018;12:45;0;0;0
07/04/2018;13:00;2;0;2
07/04/2018;13:15;2;0;2
07/04/2018;13:30;3;0;3
07/04/2018;13:45;0;0;0
07/04/2018;14:00;2;1;1
07/04/2018;14:15;2;0;2
07/04/2018;14:30;0;0;0
07/04/2018;14:45;1;0;1
07/04/2018;15:00;0;0;0
07/04/2018;15:15;0;0;0
07/04/2018;15:30;1;0;1
07/04/2018;15:45;0;0;0
07/04/2018;16:00;1;0;1
07/04/2018;16:15;1;0;1
07/04/2018;16:30;1;0;1
07/04/2018;16:45;0;0;0
07/04/2018;17:00;0;0;0
07/04/2018;17:15;0;0;0
07/04/2018;17:30;0;0;0
07/04/2018;17:45;0;0;0
07/04/2018;18:00;2;0;2
07/04/2018;18:15;2;0;2
07/04/2018;18:30;1;0;1
07/04/2018;18:45;0;0;0
07/04/2018;19:00;1;0;1
07/04/2018;19:15;1;0;1
07/04/2018;19:30;2;0;2
07/04/2018;19:45;0;0;0
07/04/2018;20:00;1;0;1
07/04/2018;20:15;0;0;0
07/04/2018;20:30;0;0;0
07/04/2018;20:45;0;0;0
07/04/2018;21:00;1;0;1
07/04/2018;21:15;0;0;0
07/04/2018;21:30;0;0;0
07/04/2018;21:45;0;0;0
07/04/2018;22:00;1;0;1
07/04/2018;22:15;0;0;0
07/04/2018;22:30;0;0;0
07/04/2018;22:45;0;0;0
07/04/2018;23:00;0;0;0
07/04/2018;23:15;0;0;0
07/04/2018;23:30;0;0;0
07/04/2018;23:45;0;0;0
08/04/2018;00:00;0;0;0
08/04/2018;00:15;0;0;0
08/04/2018;00:30;0;0;0
08/04/2018;00:45;0;0;0
08/04/2018;01:00;0;0;0
08/04/2018;01:15;0;0;0
08/04/2018;01:30;2;0;2
08/04/2018;01:45;0;0;0
08/04/2018;02:00;0;0;0
08/04/2018;02:15;0;0;0
08/04/2018;02:30;1;0;1
08/04/2018;02:45;0;0;0
08/04/2018;03:00;0;0;0
08/04/2018;03:15;0;0;0
08/04/2018;03:30;0;0;0
08/04/2018;03:45;0;0;0
08/04/2018;04:00;0;0;0
08/04/2018;04:15;0;0;0
08/04/2018;04:30;0;0;0
08/04/2018;04:45;0;0;0
08/04/2018;05:00;0;0;0
08/04/2018;05:15;0;0;0
08/04/2018;05:30;0;0;0
08/04/2018;05:45;0;0;0
08/04/2018;06:00;0;0;0
08/04/2018;06:15;0;0;0
08/04/2018;06:30;0;0;0
08/04/2018;06:45;0;0;0
08/04/2018;07:00;0;0;0
08/04/2018;07:15;0;0;0
08/04/2018;07:30;0;0;0
08/04/2018;07:45;1;0;1
08/04/2018;08:00;0;0;0
08/04/2018;08:15;1;1;0
08/04/2018;08:30;1;0;1
08/04/2018;08:45;0;0;0
08/04/2018;09:00;0;0;0
08/04/2018;09:15;1;0;1
08/04/2018;09:30;1;0;1
08/04/2018;09:45;0;0;0
08/04/2018;10:00;3;2;1
08/04/2018;10:15;3;0;3
08/04/2018;10:30;2;1;1
08/04/2018;10:45;4;1;3
08/04/2018;11:00;4;2;2
08/04/2018;11:15;3;1;2
08/04/2018;11:30;2;0;2
08/04/2018;11:45;4;1;3
08/04/2018;12:00;2;1;1
08/04/2018;12:15;6;2;4
08/04/2018;12:30;5;4;1
08/04/2018;12:45;12;6;6
08/04/2018;13:00;5;4;1
08/04/2018;13:15;5;0;5
08/04/2018;13:30;4;0;4
08/04/2018;13:45;5;0;5
08/04/2018;14:00;6;1;5
08/04/2018;14:15;2;0;2
08/04/2018;14:30;3;0;3
08/04/2018;14:45;1;1;0
08/04/2018;15:00;11;1;10
08/04/2018;15:15;6;4;2
08/04/2018;15:30;4;0;4
08/04/2018;15:45;4;0;4
08/04/2018;16:00;2;0;2
08/04/2018;16:15;3;1;2
08/04/2018;16:30;5;1;4
08/04/2018;16:45;3;0;3
08/04/2018;17:00;12;3;9
08/04/2018;17:15;4;0;4
08/04/2018;17:30;10;3;7
08/04/2018;17:45;4;3;1
08/04/2018;18:00;7;1;6
08/04/2018;18:15;1;1;0
08/04/2018;18:30;5;0;5
08/04/2018;18:45;7;1;6
08/04/2018;19:00;6;2;4
08/04/2018;19:15;5;0;5
08/04/2018;19:30;0;0;0
08/04/2018;19:45;2;1;1
08/04/2018;20:00;2;0;2
08/04/2018;20:15;4;1;3
08/04/2018;20:30;4;2;2
08/04/2018;20:45;1;0;1
08/04/2018;21:00;2;0;2
08/04/2018;21:15;1;0;1
08/04/2018;21:30;1;1;0
08/04/2018;21:45;1;1;0
08/04/2018;22:00;0;0;0
08/04/2018;22:15;0;0;0
08/04/2018;22:30;1;0;1
08/04/2018;22:45;0;0;0
08/04/2018;23:00;1;0;1
08/04/2018;23:15;0;0;0
08/04/2018;23:30;0;0;0
08/04/2018;23:45;0;0;0
09/04/2018;00:00;0;0;0
09/04/2018;00:15;0;0;0
09/04/2018;00:30;0;0;0
09/04/2018;00:45;0;0;0
09/04/2018;01:00;0;0;0
09/04/2018;01:15;0;0;0
09/04/2018;01:30;0;0;0
09/04/2018;01:45;0;0;0
09/04/2018;02:00;0;0;0
09/04/2018;02:15;0;0;0
09/04/2018;02:30;0;0;0
09/04/2018;02:45;0;0;0
09/04/2018;03:00;0;0;0
09/04/2018;03:15;0;0;0
09/04/2018;03:30;0;0;0
09/04/2018;03:45;0;0;0
09/04/2018;04:00;0;0;0
09/04/2018;04:15;1;0;1
09/04/2018;04:30;0;0;0
09/04/2018;04:45;0;0;0
09/04/2018;05:00;0;0;0
09/04/2018;05:15;1;0;1
09/04/2018;05:30;0;0;0
09/04/2018;05:45;1;0;1
09/04/2018;06:00;0;0;0
09/04/2018;06:15;7;3;4
09/04/2018;06:30;2;0;2
09/04/2018;06:45;7;2;5
09/04/2018;07:00;2;0;2
09/04/2018;07:15;12;4;8
09/04/2018;07:30;14;2;12
09/04/2018;07:45;19;2;17
09/04/2018;08:00;17;5;12
09/04/2018;08:15;13;1;12
09/04/2018;08:30;19;0;19
09/04/2018;08:45;27;2;25
09/04/2018;09:00;22;1;21
09/04/2018;09:15;16;6;10
09/04/2018;09:30;6;2;4
09/04/2018;09:45;5;0;5
09/04/2018;10:00;5;1;4
09/04/2018;10:15;3;2;1
09/04/2018;10:30;4;0;4
09/04/2018;10:45;2;1;1
09/04/2018;11:00;6;2;4
09/04/2018;11:15;10;2;8
09/04/2018;11:30;6;3;3
09/04/2018;11:45;6;2;4
09/04/2018;12:00;10;3;7
09/04/2018;12:15;13;4;9
09/04/2018;12:30;5;1;4
09/04/2018;12:45;10;0;10
09/04/2018;13:00;16;7;9
09/04/2018;13:15;9;1;8
09/04/2018;13:30;16;2;14
09/04/2018;13:45;13;7;6
09/04/2018;14:00;8;1;7
09/04/2018;14:15;6;1;5
09/04/2018;14:30;6;2;4
09/04/2018;14:45;9;2;7
09/04/2018;15:00;13;0;13
09/04/2018;15:15;8;1;7
09/04/2018;15:30;10;2;8
09/04/2018;15:45;8;1;7
09/04/2018;16:00;22;9;13
09/04/2018;16:15;17;2;15
09/04/2018;16:30;14;1;13
09/04/2018;16:45;13;2;11
09/04/2018;17:00;21;2;19
09/04/2018;17:15;11;3;8
09/04/2018;17:30;23;5;18
09/04/2018;17:45;17;2;15
09/04/2018;18:00;26;4;22
09/04/2018;18:15;11;1;10
09/04/2018;18:30;16;1;15
09/04/2018;18:45;12;4;8
09/04/2018;19:00;13;4;9
09/04/2018;19:15;7;2;5
09/04/2018;19:30;6;1;5
09/04/2018;19:45;7;1;6
09/04/2018;20:00;10;3;7
09/04/2018;20:15;11;3;8
09/04/2018;20:30;7;3;4
09/04/2018;20:45;5;1;4
09/04/2018;21:00;4;0;4
09/04/2018;21:15;3;0;3
09/04/2018;21:30;3;0;3
09/04/2018;21:45;0;0;0
09/04/2018;22:00;1;0;1
09/04/2018;22:15;2;0;2
09/04/2018;22:30;1;0;1
09/04/2018;22:45;0;0;0
09/04/2018;23:00;1;0;1
09/04/2018;23:15;1;0;1
09/04/2018;23:30;1;0;1
09/04/2018;23:45;0;0;0
10/04/2018;00:00;0;0;0
10/04/2018;00:15;0;0;0
10/04/2018;00:30;0;0;0
10/04/2018;00:45;0;0;0
10/04/2018;01:00;0;0;0
10/04/2018;01:15;0;0;0
10/04/2018;01:30;0;0;0
10/04/2018;01:45;0;0;0
10/04/2018;02:00;0;0;0
10/04/2018;02:15;0;0;0
10/04/2018;02:30;0;0;0
10/04/2018;02:45;0;0;0
10/04/2018;03:00;0;0;0
10/04/2018;03:15;0;0;0
10/04/2018;03:30;0;0;0
10/04/2018;03:45;0;0;0
10/04/2018;04:00;0;0;0
10/04/2018;04:15;0;0;0
10/04/2018;04:30;0;0;0
10/04/2018;04:45;1;0;1
10/04/2018;05:00;0;0;0
10/04/2018;05:15;1;0;1
10/04/2018;05:30;4;2;2
10/04/2018;05:45;1;0;1
10/04/2018;06:00;3;0;3
10/04/2018;06:15;3;2;1
10/04/2018;06:30;13;4;9
10/04/2018;06:45;9;1;8
10/04/2018;07:00;9;2;7
10/04/2018;07:15;20;1;19
10/04/2018;07:30;16;4;12
10/04/2018;07:45;39;3;36
10/04/2018;08:00;24;2;22
10/04/2018;08:15;35;2;33
10/04/2018;08:30;24;0;24
10/04/2018;08:45;31;3;28
10/04/2018;09:00;28;3;25
10/04/2018;09:15;16;3;13
10/04/2018;09:30;12;1;11
10/04/2018;09:45;12;3;9
10/04/2018;10:00;8;1;7
10/04/2018;10:15;7;3;4
10/04/2018;10:30;6;1;5
10/04/2018;10:45;6;1;5
10/04/2018;11:00;6;2;4
10/04/2018;11:15;11;1;10
10/04/2018;11:30;5;2;3
10/04/2018;11:45;12;2;10
10/04/2018;12:00;9;0;9
10/04/2018;12:15;14;5;9
10/04/2018;12:30;10;0;10
10/04/2018;12:45;13;1;12
10/04/2018;13:00;13;3;10
10/04/2018;13:15;21;6;15
10/04/2018;13:30;3;1;2
10/04/2018;13:45;0;0;0
10/04/2018;14:00;0;0;0
10/04/2018;14:15;0;0;0
10/04/2018;14:30;0;0;0
10/04/2018;14:45;0;0;0
10/04/2018;15:00;0;0;0
10/04/2018;15:15;0;0;0
10/04/2018;15:30;0;0;0
10/04/2018;15:45;0;0;0
10/04/2018;16:00;0;0;0
10/04/2018;16:15;0;0;0
10/04/2018;16:30;0;0;0
10/04/2018;16:45;0;0;0
10/04/2018;17:00;0;0;0
10/04/2018;17:15;0;0;0
10/04/2018;17:30;0;0;0
10/04/2018;17:45;0;0;0
10/04/2018;18:00;0;0;0
10/04/2018;18:15;0;0;0
10/04/2018;18:30;0;0;0
10/04/2018;18:45;0;0;0
10/04/2018;19:00;0;0;0
10/04/2018;19:15;0;0;0
10/04/2018;19:30;0;0;0
10/04/2018;19:45;0;0;0
10/04/2018;20:00;0;0;0
10/04/2018;20:15;0;0;0
10/04/2018;20:30;0;0;0
10/04/2018;20:45;0;0;0
10/04/2018;21:00;0;0;0
10/04/2018;21:15;0;0;0
10/04/2018;21:30;0;0;0
10/04/2018;21:45;0;0;0
10/04/2018;22:00;0;0;0
10/04/2018;22:15;0;0;0
10/04/2018;22:30;0;0;0
10/04/2018;22:45;0;0;0
10/04/2018;23:00;0;0;0
10/04/2018;23:15;0;0;0
10/04/2018;23:30;0;0;0
10/04/2018;23:45;0;0;0
11/04/2018;00:00;0;0;0
11/04/2018;00:15;0;0;0
11/04/2018;00:30;0;0;0
11/04/2018;00:45;0;0;0
11/04/2018;01:00;0;0;0
11/04/2018;01:15;0;0;0
11/04/2018;01:30;0;0;0
11/04/2018;01:45;0;0;0
11/04/2018;02:00;0;0;0
11/04/2018;02:15;0;0;0
11/04/2018;02:30;0;0;0
11/04/2018;02:45;0;0;0
11/04/2018;03:00;0;0;0
11/04/2018;03:15;0;0;0
11/04/2018;03:30;0;0;0
11/04/2018;03:45;0;0;0
11/04/2018;04:00;0;0;0
11/04/2018;04:15;0;0;0
11/04/2018;04:30;0;0;0
11/04/2018;04:45;0;0;0
11/04/2018;05:00;0;0;0
11/04/2018;05:15;0;0;0
11/04/2018;05:30;0;0;0
11/04/2018;05:45;0;0;0
11/04/2018;06:00;0;0;0
11/04/2018;06:15;0;0;0
11/04/2018;06:30;0;0;0
11/04/2018;06:45;0;0;0
11/04/2018;07:00;0;0;0
11/04/2018;07:15;0;0;0
11/04/2018;07:30;0;0;0
11/04/2018;07:45;0;0;0
11/04/2018;08:00;0;0;0
11/04/2018;08:15;0;0;0
11/04/2018;08:30;0;0;0
11/04/2018;08:45;0;0;0
11/04/2018;09:00;0;0;0
11/04/2018;09:15;0;0;0
11/04/2018;09:30;0;0;0
11/04/2018;09:45;0;0;0
11/04/2018;10:00;0;0;0
11/04/2018;10:15;0;0;0
11/04/2018;10:30;0;0;0
11/04/2018;10:45;0;0;0
11/04/2018;11:00;0;0;0
11/04/2018;11:15;0;0;0
11/04/2018;11:30;0;0;0
11/04/2018;11:45;0;0;0
11/04/2018;12:00;0;0;0
11/04/2018;12:15;0;0;0
11/04/2018;12:30;0;0;0
11/04/2018;12:45;0;0;0
11/04/2018;13:00;0;0;0
11/04/2018;13:15;0;0;0
11/04/2018;13:30;0;0;0
11/04/2018;13:45;0;0;0
11/04/2018;14:00;0;0;0
11/04/2018;14:15;0;0;0
11/04/2018;14:30;0;0;0
11/04/2018;14:45;0;0;0
11/04/2018;15:00;0;0;0
11/04/2018;15:15;0;0;0
11/04/2018;15:30;0;0;0
11/04/2018;15:45;0;0;0
11/04/2018;16:00;0;0;0
11/04/2018;16:15;0;0;0
11/04/2018;16:30;0;0;0
11/04/2018;16:45;0;0;0
11/04/2018;17:00;0;0;0
11/04/2018;17:15;0;0;0
11/04/2018;17:30;0;0;0
11/04/2018;17:45;0;0;0
11/04/2018;18:00;0;0;0
11/04/2018;18:15;0;0;0
11/04/2018;18:30;0;0;0
11/04/2018;18:45;0;0;0
11/04/2018;19:00;0;0;0
11/04/2018;19:15;0;0;0
11/04/2018;19:30;0;0;0
11/04/2018;19:45;0;0;0
11/04/2018;20:00;0;0;0
11/04/2018;20:15;0;0;0
11/04/2018;20:30;0;0;0
11/04/2018;20:45;0;0;0
11/04/2018;21:00;0;0;0
11/04/2018;21:15;0;0;0
11/04/2018;21:30;0;0;0
11/04/2018;21:45;0;0;0
11/04/2018;22:00;0;0;0
11/04/2018;22:15;0;0;0
11/04/2018;22:30;0;0;0
11/04/2018;22:45;0;0;0
11/04/2018;23:00;0;0;0
11/04/2018;23:15;0;0;0
11/04/2018;23:30;0;0;0
11/04/2018;23:45;0;0;0
12/04/2018;00:00;0;0;0
12/04/2018;00:15;0;0;0
12/04/2018;00:30;0;0;0
12/04/2018;00:45;0;0;0
12/04/2018;01:00;0;0;0
12/04/2018;01:15;0;0;0
12/04/2018;01:30;0;0;0
12/04/2018;01:45;0;0;0
12/04/2018;02:00;0;0;0
12/04/2018;02:15;0;0;0
12/04/2018;02:30;0;0;0
12/04/2018;02:45;0;0;0
12/04/2018;03:00;0;0;0
12/04/2018;03:15;0;0;0
12/04/2018;03:30;0;0;0
12/04/2018;03:45;0;0;0
12/04/2018;04:00;0;0;0
12/04/2018;04:15;0;0;0
12/04/2018;04:30;0;0;0
12/04/2018;04:45;0;0;0
12/04/2018;05:00;0;0;0
12/04/2018;05:15;0;0;0
12/04/2018;05:30;0;0;0
12/04/2018;05:45;0;0;0
12/04/2018;06:00;0;0;0
12/04/2018;06:15;0;0;0
12/04/2018;06:30;0;0;0
12/04/2018;06:45;0;0;0
12/04/2018;07:00;0;0;0
12/04/2018;07:15;0;0;0
12/04/2018;07:30;0;0;0
12/04/2018;07:45;0;0;0
12/04/2018;08:00;0;0;0
12/04/2018;08:15;0;0;0
12/04/2018;08:30;0;0;0
12/04/2018;08:45;3;3;0
12/04/2018;09:00;0;0;0
12/04/2018;09:15;0;0;0
12/04/2018;09:30;0;0;0
12/04/2018;09:45;0;0;0
12/04/2018;10:00;0;0;0
12/04/2018;10:15;0;0;0
12/04/2018;10:30;0;0;0
12/04/2018;10:45;0;0;0
12/04/2018;11:00;0;0;0
12/04/2018;11:15;0;0;0
12/04/2018;11:30;0;0;0
12/04/2018;11:45;0;0;0
12/04/2018;12:00;0;0;0
12/04/2018;12:15;0;0;0
12/04/2018;12:30;0;0;0
12/04/2018;12:45;0;0;0
12/04/2018;13:00;0;0;0
12/04/2018;13:15;0;0;0
12/04/2018;13:30;0;0;0
12/04/2018;13:45;0;0;0
12/04/2018;14:00;0;0;0
12/04/2018;14:15;0;0;0
12/04/2018;14:30;0;0;0
12/04/2018;14:45;0;0;0
12/04/2018;15:00;0;0;0
12/04/2018;15:15;0;0;0
12/04/2018;15:30;0;0;0
12/04/2018;15:45;0;0;0
12/04/2018;16:00;0;0;0
12/04/2018;16:15;0;0;0
12/04/2018;16:30;1;0;1
12/04/2018;16:45;0;0;0
12/04/2018;17:00;0;0;0
12/04/2018;17:15;0;0;0
12/04/2018;17:30;0;0;0
12/04/2018;17:45;0;0;0
12/04/2018;18:00;0;0;0
12/04/2018;18:15;0;0;0
12/04/2018;18:30;0;0;0
12/04/2018;18:45;0;0;0
12/04/2018;19:00;0;0;0
12/04/2018;19:15;0;0;0
12/04/2018;19:30;0;0;0
12/04/2018;19:45;0;0;0
12/04/2018;20:00;0;0;0
12/04/2018;20:15;0;0;0
12/04/2018;20:30;0;0;0
12/04/2018;20:45;0;0;0
12/04/2018;21:00;0;0;0
12/04/2018;21:15;0;0;0
12/04/2018;21:30;0;0;0
12/04/2018;21:45;0;0;0
12/04/2018;22:00;0;0;0
12/04/2018;22:15;0;0;0
12/04/2018;22:30;0;0;0
12/04/2018;22:45;0;0;0
12/04/2018;23:00;0;0;0
12/04/2018;23:15;0;0;0
12/04/2018;23:30;0;0;0
12/04/2018;23:45;0;0;0
13/04/2018;00:00;0;0;0
13/04/2018;00:15;0;0;0
13/04/2018;00:30;0;0;0
13/04/2018;00:45;0;0;0
13/04/2018;01:00;0;0;0
13/04/2018;01:15;0;0;0
13/04/2018;01:30;0;0;0
13/04/2018;01:45;0;0;0
13/04/2018;02:00;0;0;0
13/04/2018;02:15;0;0;0
13/04/2018;02:30;0;0;0
13/04/2018;02:45;0;0;0
13/04/2018;03:00;0;0;0
13/04/2018;03:15;0;0;0
13/04/2018;03:30;0;0;0
13/04/2018;03:45;0;0;0
13/04/2018;04:00;0;0;0
13/04/2018;04:15;0;0;0
13/04/2018;04:30;0;0;0
13/04/2018;04:45;0;0;0
13/04/2018;05:00;0;0;0
13/04/2018;05:15;0;0;0
13/04/2018;05:30;0;0;0
13/04/2018;05:45;0;0;0
13/04/2018;06:00;0;0;0
13/04/2018;06:15;0;0;0
13/04/2018;06:30;0;0;0
13/04/2018;06:45;0;0;0
13/04/2018;07:00;0;0;0
13/04/2018;07:15;0;0;0
13/04/2018;07:30;0;0;0
13/04/2018;07:45;0;0;0
13/04/2018;08:00;0;0;0
13/04/2018;08:15;0;0;0
13/04/2018;08:30;0;0;0
13/04/2018;08:45;0;0;0
13/04/2018;09:00;0;0;0
13/04/2018;09:15;0;0;0
13/04/2018;09:30;0;0;0
13/04/2018;09:45;0;0;0
13/04/2018;10:00;0;0;0
13/04/2018;10:15;0;0;0
13/04/2018;10:30;0;0;0
13/04/2018;10:45;0;0;0
13/04/2018;11:00;0;0;0
13/04/2018;11:15;0;0;0
13/04/2018;11:30;0;0;0
13/04/2018;11:45;0;0;0
13/04/2018;12:00;0;0;0
13/04/2018;12:15;0;0;0
13/04/2018;12:30;0;0;0
13/04/2018;12:45;0;0;0
13/04/2018;13:00;0;0;0
13/04/2018;13:15;0;0;0
13/04/2018;13:30;0;0;0
13/04/2018;13:45;0;0;0
13/04/2018;14:00;0;0;0
13/04/2018;14:15;0;0;0
13/04/2018;14:30;0;0;0
13/04/2018;14:45;0;0;0
13/04/2018;15:00;0;0;0
13/04/2018;15:15;0;0;0
13/04/2018;15:30;0;0;0
13/04/2018;15:45;0;0;0
13/04/2018;16:00;0;0;0
13/04/2018;16:15;0;0;0
13/04/2018;16:30;0;0;0
13/04/2018;16:45;0;0;0
13/04/2018;17:00;0;0;0
13/04/2018;17:15;0;0;0
13/04/2018;17:30;0;0;0
13/04/2018;17:45;0;0;0
13/04/2018;18:00;0;0;0
13/04/2018;18:15;0;0;0
13/04/2018;18:30;0;0;0
13/04/2018;18:45;0;0;0
13/04/2018;19:00;0;0;0
13/04/2018;19:15;0;0;0
13/04/2018;19:30;0;0;0
13/04/2018;19:45;0;0;0
13/04/2018;20:00;0;0;0
13/04/2018;20:15;0;0;0
13/04/2018;20:30;0;0;0
13/04/2018;20:45;0;0;0
13/04/2018;21:00;0;0;0
13/04/2018;21:15;0;0;0
13/04/2018;21:30;0;0;0
13/04/2018;21:45;0;0;0
13/04/2018;22:00;0;0;0
13/04/2018;22:15;0;0;0
13/04/2018;22:30;0;0;0
13/04/2018;22:45;0;0;0
13/04/2018;23:00;0;0;0
13/04/2018;23:15;0;0;0
13/04/2018;23:30;0;0;0
13/04/2018;23:45;0;0;0
14/04/2018;00:00;0;0;0
14/04/2018;00:15;0;0;0
14/04/2018;00:30;0;0;0
14/04/2018;00:45;0;0;0
14/04/2018;01:00;0;0;0
14/04/2018;01:15;0;0;0
14/04/2018;01:30;0;0;0
14/04/2018;01:45;0;0;0
14/04/2018;02:00;0;0;0
14/04/2018;02:15;0;0;0
14/04/2018;02:30;0;0;0
14/04/2018;02:45;0;0;0
14/04/2018;03:00;0;0;0
14/04/2018;03:15;0;0;0
14/04/2018;03:30;0;0;0
14/04/2018;03:45;0;0;0
14/04/2018;04:00;0;0;0
14/04/2018;04:15;0;0;0
14/04/2018;04:30;0;0;0
14/04/2018;04:45;0;0;0
14/04/2018;05:00;0;0;0
14/04/2018;05:15;0;0;0
14/04/2018;05:30;0;0;0
14/04/2018;05:45;0;0;0
14/04/2018;06:00;0;0;0
14/04/2018;06:15;0;0;0
14/04/2018;06:30;0;0;0
14/04/2018;06:45;0;0;0
14/04/2018;07:00;0;0;0
14/04/2018;07:15;0;0;0
14/04/2018;07:30;0;0;0
14/04/2018;07:45;0;0;0
14/04/2018;08:00;0;0;0
14/04/2018;08:15;0;0;0
14/04/2018;08:30;0;0;0
14/04/2018;08:45;0;0;0
14/04/2018;09:00;0;0;0
14/04/2018;09:15;0;0;0
14/04/2018;09:30;0;0;0
14/04/2018;09:45;0;0;0
14/04/2018;10:00;0;0;0
14/04/2018;10:15;0;0;0
14/04/2018;10:30;0;0;0
14/04/2018;10:45;0;0;0
14/04/2018;11:00;0;0;0
14/04/2018;11:15;0;0;0
14/04/2018;11:30;0;0;0
14/04/2018;11:45;0;0;0
14/04/2018;12:00;0;0;0
14/04/2018;12:15;0;0;0
14/04/2018;12:30;0;0;0
14/04/2018;12:45;0;0;0
14/04/2018;13:00;0;0;0
14/04/2018;13:15;0;0;0
14/04/2018;13:30;0;0;0
14/04/2018;13:45;0;0;0
14/04/2018;14:00;0;0;0
14/04/2018;14:15;0;0;0
14/04/2018;14:30;0;0;0
14/04/2018;14:45;0;0;0
14/04/2018;15:00;0;0;0
14/04/2018;15:15;0;0;0
14/04/2018;15:30;0;0;0
14/04/2018;15:45;0;0;0
14/04/2018;16:00;0;0;0
14/04/2018;16:15;0;0;0
14/04/2018;16:30;0;0;0
14/04/2018;16:45;0;0;0
14/04/2018;17:00;0;0;0
14/04/2018;17:15;0;0;0
14/04/2018;17:30;0;0;0
14/04/2018;17:45;0;0;0
14/04/2018;18:00;0;0;0
14/04/2018;18:15;0;0;0
14/04/2018;18:30;0;0;0
14/04/2018;18:45;0;0;0
14/04/2018;19:00;0;0;0
14/04/2018;19:15;0;0;0
14/04/2018;19:30;0;0;0
14/04/2018;19:45;0;0;0
14/04/2018;20:00;0;0;0
14/04/2018;20:15;0;0;0
14/04/2018;20:30;0;0;0
14/04/2018;20:45;0;0;0
14/04/2018;21:00;0;0;0
14/04/2018;21:15;0;0;0
14/04/2018;21:30;0;0;0
14/04/2018;21:45;0;0;0
14/04/2018;22:00;0;0;0
14/04/2018;22:15;0;0;0
14/04/2018;22:30;0;0;0
14/04/2018;22:45;0;0;0
14/04/2018;23:00;0;0;0
14/04/2018;23:15;0;0;0
14/04/2018;23:30;0;0;0
14/04/2018;23:45;0;0;0
15/04/2018;00:00;0;0;0
15/04/2018;00:15;0;0;0
15/04/2018;00:30;0;0;0
15/04/2018;00:45;0;0;0
15/04/2018;01:00;0;0;0
15/04/2018;01:15;0;0;0
15/04/2018;01:30;1;0;1
15/04/2018;01:45;0;0;0
15/04/2018;02:00;0;0;0
15/04/2018;02:15;0;0;0
15/04/2018;02:30;0;0;0
15/04/2018;02:45;0;0;0
15/04/2018;03:00;0;0;0
15/04/2018;03:15;0;0;0
15/04/2018;03:30;0;0;0
15/04/2018;03:45;0;0;0
15/04/2018;04:00;0;0;0
15/04/2018;04:15;0;0;0
15/04/2018;04:30;0;0;0
15/04/2018;04:45;0;0;0
15/04/2018;05:00;0;0;0
15/04/2018;05:15;0;0;0
15/04/2018;05:30;0;0;0
15/04/2018;05:45;0;0;0
15/04/2018;06:00;0;0;0
15/04/2018;06:15;0;0;0
15/04/2018;06:30;0;0;0
15/04/2018;06:45;0;0;0
15/04/2018;07:00;0;0;0
15/04/2018;07:15;0;0;0
15/04/2018;07:30;0;0;0
15/04/2018;07:45;0;0;0
15/04/2018;08:00;0;0;0
15/04/2018;08:15;0;0;0
15/04/2018;08:30;0;0;0
15/04/2018;08:45;0;0;0
15/04/2018;09:00;0;0;0
15/04/2018;09:15;0;0;0
15/04/2018;09:30;0;0;0
15/04/2018;09:45;0;0;0
15/04/2018;10:00;0;0;0
15/04/2018;10:15;0;0;0
15/04/2018;10:30;0;0;0
15/04/2018;10:45;0;0;0
15/04/2018;11:00;0;0;0
15/04/2018;11:15;0;0;0
15/04/2018;11:30;0;0;0
15/04/2018;11:45;0;0;0
15/04/2018;12:00;0;0;0
15/04/2018;12:15;0;0;0
15/04/2018;12:30;0;0;0
15/04/2018;12:45;0;0;0
15/04/2018;13:00;0;0;0
15/04/2018;13:15;0;0;0
15/04/2018;13:30;0;0;0
15/04/2018;13:45;0;0;0
15/04/2018;14:00;0;0;0
15/04/2018;14:15;0;0;0
15/04/2018;14:30;0;0;0
15/04/2018;14:45;0;0;0
15/04/2018;15:00;0;0;0
15/04/2018;15:15;0;0;0
15/04/2018;15:30;0;0;0
15/04/2018;15:45;0;0;0
15/04/2018;16:00;0;0;0
15/04/2018;16:15;0;0;0
15/04/2018;16:30;0;0;0
15/04/2018;16:45;0;0;0
15/04/2018;17:00;0;0;0
15/04/2018;17:15;0;0;0
15/04/2018;17:30;0;0;0
15/04/2018;17:45;0;0;0
15/04/2018;18:00;0;0;0
15/04/2018;18:15;0;0;0
15/04/2018;18:30;0;0;0
15/04/2018;18:45;0;0;0
15/04/2018;19:00;0;0;0
15/04/2018;19:15;0;0;0
15/04/2018;19:30;0;0;0
15/04/2018;19:45;0;0;0
15/04/2018;20:00;0;0;0
15/04/2018;20:15;0;0;0
15/04/2018;20:30;0;0;0
15/04/2018;20:45;0;0;0
15/04/2018;21:00;0;0;0
15/04/2018;21:15;0;0;0
15/04/2018;21:30;0;0;0
15/04/2018;21:45;0;0;0
15/04/2018;22:00;0;0;0
15/04/2018;22:15;0;0;0
15/04/2018;22:30;0;0;0
15/04/2018;22:45;0;0;0
15/04/2018;23:00;0;0;0
15/04/2018;23:15;0;0;0
15/04/2018;23:30;0;0;0
15/04/2018;23:45;0;0;0
16/04/2018;00:00;0;0;0
16/04/2018;00:15;0;0;0
16/04/2018;00:30;0;0;0
16/04/2018;00:45;0;0;0
16/04/2018;01:00;0;0;0
16/04/2018;01:15;0;0;0
16/04/2018;01:30;0;0;0
16/04/2018;01:45;0;0;0
16/04/2018;02:00;0;0;0
16/04/2018;02:15;0;0;0
16/04/2018;02:30;0;0;0
16/04/2018;02:45;0;0;0
16/04/2018;03:00;0;0;0
16/04/2018;03:15;0;0;0
16/04/2018;03:30;0;0;0
16/04/2018;03:45;0;0;0
16/04/2018;04:00;0;0;0
16/04/2018;04:15;0;0;0
16/04/2018;04:30;0;0;0
16/04/2018;04:45;0;0;0
16/04/2018;05:00;0;0;0
16/04/2018;05:15;0;0;0
16/04/2018;05:30;0;0;0
16/04/2018;05:45;0;0;0
16/04/2018;06:00;0;0;0
16/04/2018;06:15;0;0;0
16/04/2018;06:30;0;0;0
16/04/2018;06:45;0;0;0
16/04/2018;07:00;0;0;0
16/04/2018;07:15;0;0;0
16/04/2018;07:30;0;0;0
16/04/2018;07:45;0;0;0
16/04/2018;08:00;0;0;0
16/04/2018;08:15;0;0;0
16/04/2018;08:30;0;0;0
16/04/2018;08:45;0;0;0
16/04/2018;09:00;0;0;0
16/04/2018;09:15;0;0;0
16/04/2018;09:30;0;0;0
16/04/2018;09:45;0;0;0
16/04/2018;10:00;0;0;0
16/04/2018;10:15;0;0;0
16/04/2018;10:30;0;0;0
16/04/2018;10:45;0;0;0
16/04/2018;11:00;0;0;0
16/04/2018;11:15;0;0;0
16/04/2018;11:30;0;0;0
16/04/2018;11:45;0;0;0
16/04/2018;12:00;0;0;0
16/04/2018;12:15;0;0;0
16/04/2018;12:30;0;0;0
16/04/2018;12:45;0;0;0
16/04/2018;13:00;0;0;0
16/04/2018;13:15;0;0;0
16/04/2018;13:30;0;0;0
16/04/2018;13:45;0;0;0
16/04/2018;14:00;0;0;0
16/04/2018;14:15;0;0;0
16/04/2018;14:30;0;0;0
16/04/2018;14:45;0;0;0
16/04/2018;15:00;0;0;0
16/04/2018;15:15;0;0;0
16/04/2018;15:30;0;0;0
16/04/2018;15:45;0;0;0
16/04/2018;16:00;0;0;0
16/04/2018;16:15;0;0;0
16/04/2018;16:30;0;0;0
16/04/2018;16:45;0;0;0
16/04/2018;17:00;0;0;0
16/04/2018;17:15;0;0;0
16/04/2018;17:30;0;0;0
16/04/2018;17:45;0;0;0
16/04/2018;18:00;0;0;0
16/04/2018;18:15;0;0;0
16/04/2018;18:30;0;0;0
16/04/2018;18:45;0;0;0
16/04/2018;19:00;0;0;0
16/04/2018;19:15;0;0;0
16/04/2018;19:30;0;0;0
16/04/2018;19:45;0;0;0
16/04/2018;20:00;0;0;0
16/04/2018;20:15;0;0;0
16/04/2018;20:30;0;0;0
16/04/2018;20:45;0;0;0
16/04/2018;21:00;0;0;0
16/04/2018;21:15;0;0;0
16/04/2018;21:30;0;0;0
16/04/2018;21:45;0;0;0
16/04/2018;22:00;0;0;0
16/04/2018;22:15;0;0;0
16/04/2018;22:30;0;0;0
16/04/2018;22:45;0;0;0
16/04/2018;23:00;0;0;0
16/04/2018;23:15;0;0;0
16/04/2018;23:30;0;0;0
16/04/2018;23:45;0;0;0
17/04/2018;00:00;0;0;0
17/04/2018;00:15;0;0;0
17/04/2018;00:30;0;0;0
17/04/2018;00:45;0;0;0
17/04/2018;01:00;0;0;0
17/04/2018;01:15;0;0;0
17/04/2018;01:30;0;0;0
17/04/2018;01:45;0;0;0
17/04/2018;02:00;0;0;0
17/04/2018;02:15;0;0;0
17/04/2018;02:30;0;0;0
17/04/2018;02:45;0;0;0
17/04/2018;03:00;0;0;0
17/04/2018;03:15;0;0;0
17/04/2018;03:30;0;0;0
17/04/2018;03:45;0;0;0
17/04/2018;04:00;0;0;0
17/04/2018;04:15;0;0;0
17/04/2018;04:30;0;0;0
17/04/2018;04:45;0;0;0
17/04/2018;05:00;0;0;0
17/04/2018;05:15;0;0;0
17/04/2018;05:30;0;0;0
17/04/2018;05:45;0;0;0
17/04/2018;06:00;0;0;0
17/04/2018;06:15;0;0;0
17/04/2018;06:30;0;0;0
17/04/2018;06:45;0;0;0
17/04/2018;07:00;0;0;0
17/04/2018;07:15;0;0;0
17/04/2018;07:30;0;0;0
17/04/2018;07:45;0;0;0
17/04/2018;08:00;0;0;0
17/04/2018;08:15;0;0;0
17/04/2018;08:30;0;0;0
17/04/2018;08:45;0;0;0
17/04/2018;09:00;0;0;0
17/04/2018;09:15;0;0;0
17/04/2018;09:30;0;0;0
17/04/2018;09:45;0;0;0
17/04/2018;10:00;0;0;0
17/04/2018;10:15;0;0;0
17/04/2018;10:30;0;0;0
17/04/2018;10:45;0;0;0
17/04/2018;11:00;0;0;0
17/04/2018;11:15;0;0;0
17/04/2018;11:30;0;0;0
17/04/2018;11:45;0;0;0
17/04/2018;12:00;0;0;0
17/04/2018;12:15;0;0;0
17/04/2018;12:30;0;0;0
17/04/2018;12:45;0;0;0
17/04/2018;13:00;0;0;0
17/04/2018;13:15;0;0;0
17/04/2018;13:30;0;0;0
17/04/2018;13:45;0;0;0
17/04/2018;14:00;0;0;0
17/04/2018;14:15;0;0;0
17/04/2018;14:30;0;0;0
17/04/2018;14:45;0;0;0
17/04/2018;15:00;0;0;0
17/04/2018;15:15;0;0;0
17/04/2018;15:30;0;0;0
17/04/2018;15:45;0;0;0
17/04/2018;16:00;0;0;0
17/04/2018;16:15;1;0;1
17/04/2018;16:30;0;0;0
17/04/2018;16:45;0;0;0
17/04/2018;17:00;0;0;0
17/04/2018;17:15;0;0;0
17/04/2018;17:30;0;0;0
17/04/2018;17:45;0;0;0
17/04/2018;18:00;0;0;0
17/04/2018;18:15;0;0;0
17/04/2018;18:30;0;0;0
17/04/2018;18:45;0;0;0
17/04/2018;19:00;0;0;0
17/04/2018;19:15;0;0;0
17/04/2018;19:30;0;0;0
17/04/2018;19:45;0;0;0
17/04/2018;20:00;0;0;0
17/04/2018;20:15;0;0;0
17/04/2018;20:30;0;0;0
17/04/2018;20:45;0;0;0
17/04/2018;21:00;0;0;0
17/04/2018;21:15;0;0;0
17/04/2018;21:30;0;0;0
17/04/2018;21:45;0;0;0
17/04/2018;22:00;0;0;0
17/04/2018;22:15;0;0;0
17/04/2018;22:30;0;0;0
17/04/2018;22:45;0;0;0
17/04/2018;23:00;0;0;0
17/04/2018;23:15;0;0;0
17/04/2018;23:30;0;0;0
17/04/2018;23:45;0;0;0
18/04/2018;00:00;0;0;0
18/04/2018;00:15;0;0;0
18/04/2018;00:30;0;0;0
18/04/2018;00:45;0;0;0
18/04/2018;01:00;0;0;0
18/04/2018;01:15;0;0;0
18/04/2018;01:30;0;0;0
18/04/2018;01:45;0;0;0
18/04/2018;02:00;0;0;0
18/04/2018;02:15;0;0;0
18/04/2018;02:30;0;0;0
18/04/2018;02:45;0;0;0
18/04/2018;03:00;0;0;0
18/04/2018;03:15;0;0;0
18/04/2018;03:30;0;0;0
18/04/2018;03:45;0;0;0
18/04/2018;04:00;0;0;0
18/04/2018;04:15;0;0;0
18/04/2018;04:30;0;0;0
18/04/2018;04:45;0;0;0
18/04/2018;05:00;0;0;0
18/04/2018;05:15;0;0;0
18/04/2018;05:30;0;0;0
18/04/2018;05:45;0;0;0
18/04/2018;06:00;0;0;0
18/04/2018;06:15;0;0;0
18/04/2018;06:30;0;0;0
18/04/2018;06:45;0;0;0
18/04/2018;07:00;0;0;0
18/04/2018;07:15;0;0;0
18/04/2018;07:30;0;0;0
18/04/2018;07:45;0;0;0
18/04/2018;08:00;0;0;0
18/04/2018;08:15;0;0;0
18/04/2018;08:30;0;0;0
18/04/2018;08:45;0;0;0
18/04/2018;09:00;0;0;0
18/04/2018;09:15;0;0;0
18/04/2018;09:30;0;0;0
18/04/2018;09:45;0;0;0
18/04/2018;10:00;0;0;0
18/04/2018;10:15;0;0;0
18/04/2018;10:30;0;0;0
18/04/2018;10:45;0;0;0
18/04/2018;11:00;0;0;0
18/04/2018;11:15;0;0;0
18/04/2018;11:30;0;0;0
18/04/2018;11:45;0;0;0
18/04/2018;12:00;0;0;0
18/04/2018;12:15;0;0;0
18/04/2018;12:30;0;0;0
18/04/2018;12:45;0;0;0
18/04/2018;13:00;0;0;0
18/04/2018;13:15;0;0;0
18/04/2018;13:30;0;0;0
18/04/2018;13:45;0;0;0
18/04/2018;14:00;0;0;0
18/04/2018;14:15;0;0;0
18/04/2018;14:30;0;0;0
18/04/2018;14:45;0;0;0
18/04/2018;15:00;0;0;0
18/04/2018;15:15;0;0;0
18/04/2018;15:30;0;0;0
18/04/2018;15:45;0;0;0
18/04/2018;16:00;0;0;0
18/04/2018;16:15;0;0;0
18/04/2018;16:30;0;0;0
18/04/2018;16:45;0;0;0
18/04/2018;17:00;0;0;0
18/04/2018;17:15;0;0;0
18/04/2018;17:30;0;0;0
18/04/2018;17:45;1;0;1
18/04/2018;18:00;0;0;0
18/04/2018;18:15;0;0;0
18/04/2018;18:30;0;0;0
18/04/2018;18:45;0;0;0
18/04/2018;19:00;0;0;0
18/04/2018;19:15;0;0;0
18/04/2018;19:30;0;0;0
18/04/2018;19:45;0;0;0
18/04/2018;20:00;0;0;0
18/04/2018;20:15;0;0;0
18/04/2018;20:30;0;0;0
18/04/2018;20:45;0;0;0
18/04/2018;21:00;0;0;0
18/04/2018;21:15;0;0;0
18/04/2018;21:30;0;0;0
18/04/2018;21:45;0;0;0
18/04/2018;22:00;0;0;0
18/04/2018;22:15;0;0;0
18/04/2018;22:30;0;0;0
18/04/2018;22:45;0;0;0
18/04/2018;23:00;0;0;0
18/04/2018;23:15;0;0;0
18/04/2018;23:30;0;0;0
18/04/2018;23:45;0;0;0
19/04/2018;00:00;0;0;0
19/04/2018;00:15;0;0;0
19/04/2018;00:30;0;0;0
19/04/2018;00:45;0;0;0
19/04/2018;01:00;0;0;0
19/04/2018;01:15;0;0;0
19/04/2018;01:30;0;0;0
19/04/2018;01:45;0;0;0
19/04/2018;02:00;0;0;0
19/04/2018;02:15;0;0;0
19/04/2018;02:30;0;0;0
19/04/2018;02:45;0;0;0
19/04/2018;03:00;0;0;0
19/04/2018;03:15;0;0;0
19/04/2018;03:30;0;0;0
19/04/2018;03:45;0;0;0
19/04/2018;04:00;0;0;0
19/04/2018;04:15;0;0;0
19/04/2018;04:30;0;0;0
19/04/2018;04:45;0;0;0
19/04/2018;05:00;0;0;0
19/04/2018;05:15;0;0;0
19/04/2018;05:30;0;0;0
19/04/2018;05:45;0;0;0
19/04/2018;06:00;0;0;0
19/04/2018;06:15;0;0;0
19/04/2018;06:30;0;0;0
19/04/2018;06:45;0;0;0
19/04/2018;07:00;0;0;0
19/04/2018;07:15;0;0;0
19/04/2018;07:30;0;0;0
19/04/2018;07:45;0;0;0
19/04/2018;08:00;0;0;0
19/04/2018;08:15;0;0;0
19/04/2018;08:30;0;0;0
19/04/2018;08:45;0;0;0
19/04/2018;09:00;0;0;0
19/04/2018;09:15;0;0;0
19/04/2018;09:30;0;0;0
19/04/2018;09:45;0;0;0
19/04/2018;10:00;0;0;0
19/04/2018;10:15;0;0;0
19/04/2018;10:30;0;0;0
19/04/2018;10:45;0;0;0
19/04/2018;11:00;0;0;0
19/04/2018;11:15;0;0;0
19/04/2018;11:30;0;0;0
19/04/2018;11:45;0;0;0
19/04/2018;12:00;0;0;0
19/04/2018;12:15;0;0;0
19/04/2018;12:30;0;0;0
19/04/2018;12:45;0;0;0
19/04/2018;13:00;0;0;0
19/04/2018;13:15;0;0;0
19/04/2018;13:30;0;0;0
19/04/2018;13:45;0;0;0
19/04/2018;14:00;0;0;0
19/04/2018;14:15;0;0;0
19/04/2018;14:30;0;0;0
19/04/2018;14:45;0;0;0
19/04/2018;15:00;0;0;0
19/04/2018;15:15;0;0;0
19/04/2018;15:30;0;0;0
19/04/2018;15:45;0;0;0
19/04/2018;16:00;0;0;0
19/04/2018;16:15;0;0;0
19/04/2018;16:30;0;0;0
19/04/2018;16:45;0;0;0
19/04/2018;17:00;0;0;0
19/04/2018;17:15;0;0;0
19/04/2018;17:30;0;0;0
19/04/2018;17:45;0;0;0
19/04/2018;18:00;0;0;0
19/04/2018;18:15;0;0;0
19/04/2018;18:30;0;0;0
19/04/2018;18:45;0;0;0
19/04/2018;19:00;0;0;0
19/04/2018;19:15;0;0;0
19/04/2018;19:30;0;0;0
19/04/2018;19:45;0;0;0
19/04/2018;20:00;0;0;0
19/04/2018;20:15;0;0;0
19/04/2018;20:30;0;0;0
19/04/2018;20:45;0;0;0
19/04/2018;21:00;0;0;0
19/04/2018;21:15;0;0;0
19/04/2018;21:30;0;0;0
19/04/2018;21:45;0;0;0
19/04/2018;22:00;0;0;0
19/04/2018;22:15;0;0;0
19/04/2018;22:30;0;0;0
19/04/2018;22:45;0;0;0
19/04/2018;23:00;0;0;0
19/04/2018;23:15;0;0;0
19/04/2018;23:30;0;0;0
19/04/2018;23:45;0;0;0
20/04/2018;00:00;0;0;0
20/04/2018;00:15;0;0;0
20/04/2018;00:30;0;0;0
20/04/2018;00:45;0;0;0
20/04/2018;01:00;0;0;0
20/04/2018;01:15;0;0;0
20/04/2018;01:30;0;0;0
20/04/2018;01:45;0;0;0
20/04/2018;02:00;0;0;0
20/04/2018;02:15;0;0;0
20/04/2018;02:30;0;0;0
20/04/2018;02:45;0;0;0
20/04/2018;03:00;0;0;0
20/04/2018;03:15;0;0;0
20/04/2018;03:30;0;0;0
20/04/2018;03:45;0;0;0
20/04/2018;04:00;0;0;0
20/04/2018;04:15;0;0;0
20/04/2018;04:30;0;0;0
20/04/2018;04:45;0;0;0
20/04/2018;05:00;0;0;0
20/04/2018;05:15;0;0;0
20/04/2018;05:30;0;0;0
20/04/2018;05:45;0;0;0
20/04/2018;06:00;0;0;0
20/04/2018;06:15;0;0;0
20/04/2018;06:30;0;0;0
20/04/2018;06:45;0;0;0
20/04/2018;07:00;0;0;0
20/04/2018;07:15;0;0;0
20/04/2018;07:30;0;0;0
20/04/2018;07:45;0;0;0
20/04/2018;08:00;0;0;0
20/04/2018;08:15;0;0;0
20/04/2018;08:30;0;0;0
20/04/2018;08:45;0;0;0
20/04/2018;09:00;0;0;0
20/04/2018;09:15;0;0;0
20/04/2018;09:30;0;0;0
20/04/2018;09:45;0;0;0
20/04/2018;10:00;0;0;0
20/04/2018;10:15;0;0;0
20/04/2018;10:30;0;0;0
20/04/2018;10:45;0;0;0
20/04/2018;11:00;0;0;0
20/04/2018;11:15;0;0;0
20/04/2018;11:30;0;0;0
20/04/2018;11:45;0;0;0
20/04/2018;12:00;0;0;0
20/04/2018;12:15;0;0;0
20/04/2018;12:30;0;0;0
20/04/2018;12:45;0;0;0
20/04/2018;13:00;0;0;0
20/04/2018;13:15;0;0;0
20/04/2018;13:30;0;0;0
20/04/2018;13:45;0;0;0
20/04/2018;14:00;0;0;0
20/04/2018;14:15;0;0;0
20/04/2018;14:30;0;0;0
20/04/2018;14:45;0;0;0
20/04/2018;15:00;0;0;0
20/04/2018;15:15;0;0;0
20/04/2018;15:30;0;0;0
20/04/2018;15:45;0;0;0
20/04/2018;16:00;0;0;0
20/04/2018;16:15;0;0;0
20/04/2018;16:30;0;0;0
20/04/2018;16:45;0;0;0
20/04/2018;17:00;0;0;0
20/04/2018;17:15;0;0;0
20/04/2018;17:30;0;0;0
20/04/2018;17:45;0;0;0
20/04/2018;18:00;1;0;1
20/04/2018;18:15;0;0;0
20/04/2018;18:30;0;0;0
20/04/2018;18:45;0;0;0
20/04/2018;19:00;0;0;0
20/04/2018;19:15;0;0;0
20/04/2018;19:30;0;0;0
20/04/2018;19:45;0;0;0
20/04/2018;20:00;0;0;0
20/04/2018;20:15;0;0;0
20/04/2018;20:30;0;0;0
20/04/2018;20:45;0;0;0
20/04/2018;21:00;0;0;0
20/04/2018;21:15;0;0;0
20/04/2018;21:30;0;0;0
20/04/2018;21:45;0;0;0
20/04/2018;22:00;0;0;0
20/04/2018;22:15;0;0;0
20/04/2018;22:30;0;0;0
20/04/2018;22:45;0;0;0
20/04/2018;23:00;0;0;0
20/04/2018;23:15;0;0;0
20/04/2018;23:30;0;0;0
20/04/2018;23:45;0;0;0
21/04/2018;00:00;0;0;0
21/04/2018;00:15;0;0;0
21/04/2018;00:30;0;0;0
21/04/2018;00:45;0;0;0
21/04/2018;01:00;0;0;0
21/04/2018;01:15;0;0;0
21/04/2018;01:30;0;0;0
21/04/2018;01:45;0;0;0
21/04/2018;02:00;0;0;0
21/04/2018;02:15;0;0;0
21/04/2018;02:30;0;0;0
21/04/2018;02:45;0;0;0
21/04/2018;03:00;0;0;0
21/04/2018;03:15;0;0;0
21/04/2018;03:30;0;0;0
21/04/2018;03:45;0;0;0
21/04/2018;04:00;0;0;0
21/04/2018;04:15;0;0;0
21/04/2018;04:30;0;0;0
21/04/2018;04:45;0;0;0
21/04/2018;05:00;0;0;0
21/04/2018;05:15;0;0;0
21/04/2018;05:30;0;0;0
21/04/2018;05:45;0;0;0
21/04/2018;06:00;0;0;0
21/04/2018;06:15;0;0;0
21/04/2018;06:30;0;0;0
21/04/2018;06:45;0;0;0
21/04/2018;07:00;0;0;0
21/04/2018;07:15;0;0;0
21/04/2018;07:30;0;0;0
21/04/2018;07:45;0;0;0
21/04/2018;08:00;0;0;0
21/04/2018;08:15;0;0;0
21/04/2018;08:30;0;0;0
21/04/2018;08:45;0;0;0
21/04/2018;09:00;0;0;0
21/04/2018;09:15;0;0;0
21/04/2018;09:30;0;0;0
21/04/2018;09:45;0;0;0
21/04/2018;10:00;0;0;0
21/04/2018;10:15;0;0;0
21/04/2018;10:30;0;0;0
21/04/2018;10:45;0;0;0
21/04/2018;11:00;0;0;0
21/04/2018;11:15;0;0;0
21/04/2018;11:30;0;0;0
21/04/2018;11:45;0;0;0
21/04/2018;12:00;0;0;0
21/04/2018;12:15;0;0;0
21/04/2018;12:30;0;0;0
21/04/2018;12:45;0;0;0
21/04/2018;13:00;0;0;0
21/04/2018;13:15;0;0;0
21/04/2018;13:30;0;0;0
21/04/2018;13:45;0;0;0
21/04/2018;14:00;0;0;0
21/04/2018;14:15;0;0;0
21/04/2018;14:30;0;0;0
21/04/2018;14:45;0;0;0
21/04/2018;15:00;0;0;0
21/04/2018;15:15;0;0;0
21/04/2018;15:30;0;0;0
21/04/2018;15:45;0;0;0
21/04/2018;16:00;0;0;0
21/04/2018;16:15;0;0;0
21/04/2018;16:30;0;0;0
21/04/2018;16:45;0;0;0
21/04/2018;17:00;0;0;0
21/04/2018;17:15;0;0;0
21/04/2018;17:30;0;0;0
21/04/2018;17:45;0;0;0
21/04/2018;18:00;0;0;0
21/04/2018;18:15;0;0;0
21/04/2018;18:30;0;0;0
21/04/2018;18:45;0;0;0
21/04/2018;19:00;0;0;0
21/04/2018;19:15;0;0;0
21/04/2018;19:30;0;0;0
21/04/2018;19:45;0;0;0
21/04/2018;20:00;0;0;0
21/04/2018;20:15;0;0;0
21/04/2018;20:30;0;0;0
21/04/2018;20:45;0;0;0
21/04/2018;21:00;0;0;0
21/04/2018;21:15;0;0;0
21/04/2018;21:30;0;0;0
21/04/2018;21:45;0;0;0
21/04/2018;22:00;0;0;0
21/04/2018;22:15;0;0;0
21/04/2018;22:30;0;0;0
21/04/2018;22:45;0;0;0
21/04/2018;23:00;0;0;0
21/04/2018;23:15;0;0;0
21/04/2018;23:30;0;0;0
21/04/2018;23:45;0;0;0
22/04/2018;00:00;0;0;0
22/04/2018;00:15;0;0;0
22/04/2018;00:30;0;0;0
22/04/2018;00:45;0;0;0
22/04/2018;01:00;0;0;0
22/04/2018;01:15;0;0;0
22/04/2018;01:30;0;0;0
22/04/2018;01:45;0;0;0
22/04/2018;02:00;0;0;0
22/04/2018;02:15;0;0;0
22/04/2018;02:30;0;0;0
22/04/2018;02:45;0;0;0
22/04/2018;03:00;0;0;0
22/04/2018;03:15;0;0;0
22/04/2018;03:30;0;0;0
22/04/2018;03:45;0;0;0
22/04/2018;04:00;0;0;0
22/04/2018;04:15;0;0;0
22/04/2018;04:30;0;0;0
22/04/2018;04:45;0;0;0
22/04/2018;05:00;0;0;0
22/04/2018;05:15;0;0;0
22/04/2018;05:30;0;0;0
22/04/2018;05:45;0;0;0
22/04/2018;06:00;0;0;0
22/04/2018;06:15;0;0;0
22/04/2018;06:30;0;0;0
22/04/2018;06:45;0;0;0
22/04/2018;07:00;0;0;0
22/04/2018;07:15;0;0;0
22/04/2018;07:30;0;0;0
22/04/2018;07:45;0;0;0
22/04/2018;08:00;0;0;0
22/04/2018;08:15;0;0;0
22/04/2018;08:30;0;0;0
22/04/2018;08:45;0;0;0
22/04/2018;09:00;0;0;0
22/04/2018;09:15;0;0;0
22/04/2018;09:30;0;0;0
22/04/2018;09:45;0;0;0
22/04/2018;10:00;0;0;0
22/04/2018;10:15;0;0;0
22/04/2018;10:30;0;0;0
22/04/2018;10:45;0;0;0
22/04/2018;11:00;0;0;0
22/04/2018;11:15;0;0;0
22/04/2018;11:30;0;0;0
22/04/2018;11:45;0;0;0
22/04/2018;12:00;0;0;0
22/04/2018;12:15;0;0;0
22/04/2018;12:30;0;0;0
22/04/2018;12:45;0;0;0
22/04/2018;13:00;0;0;0
22/04/2018;13:15;0;0;0
22/04/2018;13:30;0;0;0
22/04/2018;13:45;0;0;0
22/04/2018;14:00;0;0;0
22/04/2018;14:15;0;0;0
22/04/2018;14:30;0;0;0
22/04/2018;14:45;0;0;0
22/04/2018;15:00;0;0;0
22/04/2018;15:15;0;0;0
22/04/2018;15:30;0;0;0
22/04/2018;15:45;0;0;0
22/04/2018;16:00;0;0;0
22/04/2018;16:15;0;0;0
22/04/2018;16:30;0;0;0
22/04/2018;16:45;0;0;0
22/04/2018;17:00;0;0;0
22/04/2018;17:15;0;0;0
22/04/2018;17:30;0;0;0
22/04/2018;17:45;0;0;0
22/04/2018;18:00;0;0;0
22/04/2018;18:15;0;0;0
22/04/2018;18:30;0;0;0
22/04/2018;18:45;0;0;0
22/04/2018;19:00;0;0;0
22/04/2018;19:15;0;0;0
22/04/2018;19:30;0;0;0
22/04/2018;19:45;0;0;0
22/04/2018;20:00;0;0;0
22/04/2018;20:15;0;0;0
22/04/2018;20:30;0;0;0
22/04/2018;20:45;0;0;0
22/04/2018;21:00;0;0;0
22/04/2018;21:15;0;0;0
22/04/2018;21:30;0;0;0
22/04/2018;21:45;0;0;0
22/04/2018;22:00;0;0;0
22/04/2018;22:15;0;0;0
22/04/2018;22:30;0;0;0
22/04/2018;22:45;0;0;0
22/04/2018;23:00;0;0;0
22/04/2018;23:15;0;0;0
22/04/2018;23:30;0;0;0
22/04/2018;23:45;0;0;0
23/04/2018;00:00;0;0;0
23/04/2018;00:15;0;0;0
23/04/2018;00:30;0;0;0
23/04/2018;00:45;0;0;0
23/04/2018;01:00;0;0;0
23/04/2018;01:15;0;0;0
23/04/2018;01:30;0;0;0
23/04/2018;01:45;0;0;0
23/04/2018;02:00;0;0;0
23/04/2018;02:15;0;0;0
23/04/2018;02:30;0;0;0
23/04/2018;02:45;0;0;0
23/04/2018;03:00;0;0;0
23/04/2018;03:15;0;0;0
23/04/2018;03:30;0;0;0
23/04/2018;03:45;0;0;0
23/04/2018;04:00;0;0;0
23/04/2018;04:15;0;0;0
23/04/2018;04:30;0;0;0
23/04/2018;04:45;0;0;0
23/04/2018;05:00;0;0;0
23/04/2018;05:15;0;0;0
23/04/2018;05:30;0;0;0
23/04/2018;05:45;0;0;0
23/04/2018;06:00;0;0;0
23/04/2018;06:15;0;0;0
23/04/2018;06:30;0;0;0
23/04/2018;06:45;0;0;0
23/04/2018;07:00;0;0;0
23/04/2018;07:15;0;0;0
23/04/2018;07:30;0;0;0
23/04/2018;07:45;0;0;0
23/04/2018;08:00;0;0;0
23/04/2018;08:15;0;0;0
23/04/2018;08:30;0;0;0
23/04/2018;08:45;0;0;0
23/04/2018;09:00;0;0;0
23/04/2018;09:15;0;0;0
23/04/2018;09:30;0;0;0
23/04/2018;09:45;0;0;0
23/04/2018;10:00;0;0;0
23/04/2018;10:15;0;0;0
23/04/2018;10:30;0;0;0
23/04/2018;10:45;0;0;0
23/04/2018;11:00;0;0;0
23/04/2018;11:15;0;0;0
23/04/2018;11:30;0;0;0
23/04/2018;11:45;0;0;0
23/04/2018;12:00;0;0;0
23/04/2018;12:15;0;0;0
23/04/2018;12:30;0;0;0
23/04/2018;12:45;0;0;0
23/04/2018;13:00;0;0;0
23/04/2018;13:15;0;0;0
23/04/2018;13:30;0;0;0
23/04/2018;13:45;0;0;0
23/04/2018;14:00;0;0;0
23/04/2018;14:15;0;0;0
23/04/2018;14:30;0;0;0
23/04/2018;14:45;0;0;0
23/04/2018;15:00;0;0;0
23/04/2018;15:15;0;0;0
23/04/2018;15:30;0;0;0
23/04/2018;15:45;0;0;0
23/04/2018;16:00;0;0;0
23/04/2018;16:15;0;0;0
23/04/2018;16:30;0;0;0
23/04/2018;16:45;0;0;0
23/04/2018;17:00;0;0;0
23/04/2018;17:15;0;0;0
23/04/2018;17:30;0;0;0
23/04/2018;17:45;0;0;0
23/04/2018;18:00;0;0;0
23/04/2018;18:15;0;0;0
23/04/2018;18:30;0;0;0
23/04/2018;18:45;0;0;0
23/04/2018;19:00;0;0;0
23/04/2018;19:15;0;0;0
23/04/2018;19:30;0;0;0
23/04/2018;19:45;0;0;0
23/04/2018;20:00;0;0;0
23/04/2018;20:15;0;0;0
23/04/2018;20:30;0;0;0
23/04/2018;20:45;0;0;0
23/04/2018;21:00;0;0;0
23/04/2018;21:15;0;0;0
23/04/2018;21:30;0;0;0
23/04/2018;21:45;0;0;0
23/04/2018;22:00;0;0;0
23/04/2018;22:15;0;0;0
23/04/2018;22:30;0;0;0
23/04/2018;22:45;0;0;0
23/04/2018;23:00;0;0;0
23/04/2018;23:15;0;0;0
23/04/2018;23:30;0;0;0
23/04/2018;23:45;0;0;0
24/04/2018;00:00;0;0;0
24/04/2018;00:15;0;0;0
24/04/2018;00:30;0;0;0
24/04/2018;00:45;0;0;0
24/04/2018;01:00;0;0;0
24/04/2018;01:15;0;0;0
24/04/2018;01:30;0;0;0
24/04/2018;01:45;0;0;0
24/04/2018;02:00;0;0;0
24/04/2018;02:15;0;0;0
24/04/2018;02:30;0;0;0
24/04/2018;02:45;0;0;0
24/04/2018;03:00;0;0;0
24/04/2018;03:15;0;0;0
24/04/2018;03:30;0;0;0
24/04/2018;03:45;0;0;0
24/04/2018;04:00;0;0;0
24/04/2018;04:15;0;0;0
24/04/2018;04:30;0;0;0
24/04/2018;04:45;0;0;0
24/04/2018;05:00;0;0;0
24/04/2018;05:15;0;0;0
24/04/2018;05:30;0;0;0
24/04/2018;05:45;0;0;0
24/04/2018;06:00;0;0;0
24/04/2018;06:15;0;0;0
24/04/2018;06:30;0;0;0
24/04/2018;06:45;0;0;0
24/04/2018;07:00;0;0;0
24/04/2018;07:15;0;0;0
24/04/2018;07:30;0;0;0
24/04/2018;07:45;0;0;0
24/04/2018;08:00;0;0;0
24/04/2018;08:15;0;0;0
24/04/2018;08:30;0;0;0
24/04/2018;08:45;0;0;0
24/04/2018;09:00;1;0;1
24/04/2018;09:15;0;0;0
24/04/2018;09:30;0;0;0
24/04/2018;09:45;0;0;0
24/04/2018;10:00;0;0;0
24/04/2018;10:15;0;0;0
24/04/2018;10:30;0;0;0
24/04/2018;10:45;0;0;0
24/04/2018;11:00;0;0;0
24/04/2018;11:15;0;0;0
24/04/2018;11:30;0;0;0
24/04/2018;11:45;0;0;0
24/04/2018;12:00;0;0;0
24/04/2018;12:15;0;0;0
24/04/2018;12:30;0;0;0
24/04/2018;12:45;0;0;0
24/04/2018;13:00;0;0;0
24/04/2018;13:15;0;0;0
24/04/2018;13:30;0;0;0
24/04/2018;13:45;0;0;0
24/04/2018;14:00;0;0;0
24/04/2018;14:15;0;0;0
24/04/2018;14:30;0;0;0
24/04/2018;14:45;0;0;0
24/04/2018;15:00;0;0;0
24/04/2018;15:15;0;0;0
24/04/2018;15:30;0;0;0
24/04/2018;15:45;0;0;0
24/04/2018;16:00;0;0;0
24/04/2018;16:15;0;0;0
24/04/2018;16:30;0;0;0
24/04/2018;16:45;0;0;0
24/04/2018;17:00;0;0;0
24/04/2018;17:15;0;0;0
24/04/2018;17:30;0;0;0
24/04/2018;17:45;0;0;0
24/04/2018;18:00;0;0;0
24/04/2018;18:15;0;0;0
24/04/2018;18:30;0;0;0
24/04/2018;18:45;0;0;0
24/04/2018;19:00;0;0;0
24/04/2018;19:15;0;0;0
24/04/2018;19:30;0;0;0
24/04/2018;19:45;0;0;0
24/04/2018;20:00;0;0;0
24/04/2018;20:15;0;0;0
24/04/2018;20:30;0;0;0
24/04/2018;20:45;0;0;0
24/04/2018;21:00;0;0;0
24/04/2018;21:15;0;0;0
24/04/2018;21:30;0;0;0
24/04/2018;21:45;0;0;0
24/04/2018;22:00;0;0;0
24/04/2018;22:15;0;0;0
24/04/2018;22:30;0;0;0
24/04/2018;22:45;0;0;0
24/04/2018;23:00;0;0;0
24/04/2018;23:15;0;0;0
24/04/2018;23:30;0;0;0
24/04/2018;23:45;0;0;0
25/04/2018;00:00;0;0;0
25/04/2018;00:15;0;0;0
25/04/2018;00:30;0;0;0
25/04/2018;00:45;0;0;0
25/04/2018;01:00;0;0;0
25/04/2018;01:15;0;0;0
25/04/2018;01:30;0;0;0
25/04/2018;01:45;0;0;0
25/04/2018;02:00;0;0;0
25/04/2018;02:15;0;0;0
25/04/2018;02:30;0;0;0
25/04/2018;02:45;0;0;0
25/04/2018;03:00;0;0;0
25/04/2018;03:15;0;0;0
25/04/2018;03:30;0;0;0
25/04/2018;03:45;0;0;0
25/04/2018;04:00;0;0;0
25/04/2018;04:15;0;0;0
25/04/2018;04:30;0;0;0
25/04/2018;04:45;0;0;0
25/04/2018;05:00;0;0;0
25/04/2018;05:15;0;0;0
25/04/2018;05:30;0;0;0
25/04/2018;05:45;0;0;0
25/04/2018;06:00;0;0;0
25/04/2018;06:15;0;0;0
25/04/2018;06:30;0;0;0
25/04/2018;06:45;0;0;0
25/04/2018;07:00;0;0;0
25/04/2018;07:15;0;0;0
25/04/2018;07:30;0;0;0
25/04/2018;07:45;0;0;0
25/04/2018;08:00;0;0;0
25/04/2018;08:15;0;0;0
25/04/2018;08:30;0;0;0
25/04/2018;08:45;0;0;0
25/04/2018;09:00;0;0;0
25/04/2018;09:15;0;0;0
25/04/2018;09:30;0;0;0
25/04/2018;09:45;0;0;0
25/04/2018;10:00;0;0;0
25/04/2018;10:15;0;0;0
25/04/2018;10:30;0;0;0
25/04/2018;10:45;0;0;0
25/04/2018;11:00;0;0;0
25/04/2018;11:15;0;0;0
25/04/2018;11:30;0;0;0
25/04/2018;11:45;0;0;0
25/04/2018;12:00;0;0;0
25/04/2018;12:15;0;0;0
25/04/2018;12:30;0;0;0
25/04/2018;12:45;0;0;0
25/04/2018;13:00;2;0;2
25/04/2018;13:15;0;0;0
25/04/2018;13:30;0;0;0
25/04/2018;13:45;0;0;0
25/04/2018;14:00;0;0;0
25/04/2018;14:15;0;0;0
25/04/2018;14:30;0;0;0
25/04/2018;14:45;0;0;0
25/04/2018;15:00;0;0;0
25/04/2018;15:15;0;0;0
25/04/2018;15:30;0;0;0
25/04/2018;15:45;0;0;0
25/04/2018;16:00;0;0;0
25/04/2018;16:15;0;0;0
25/04/2018;16:30;0;0;0
25/04/2018;16:45;0;0;0
25/04/2018;17:00;0;0;0
25/04/2018;17:15;0;0;0
25/04/2018;17:30;0;0;0
25/04/2018;17:45;0;0;0
25/04/2018;18:00;0;0;0
25/04/2018;18:15;0;0;0
25/04/2018;18:30;0;0;0
25/04/2018;18:45;0;0;0
25/04/2018;19:00;0;0;0
25/04/2018;19:15;0;0;0
25/04/2018;19:30;0;0;0
25/04/2018;19:45;0;0;0
25/04/2018;20:00;0;0;0
25/04/2018;20:15;0;0;0
25/04/2018;20:30;0;0;0
25/04/2018;20:45;0;0;0
25/04/2018;21:00;0;0;0
25/04/2018;21:15;0;0;0
25/04/2018;21:30;0;0;0
25/04/2018;21:45;0;0;0
25/04/2018;22:00;0;0;0
25/04/2018;22:15;0;0;0
25/04/2018;22:30;0;0;0
25/04/2018;22:45;0;0;0
25/04/2018;23:00;0;0;0
25/04/2018;23:15;0;0;0
25/04/2018;23:30;0;0;0
25/04/2018;23:45;0;0;0
26/04/2018;00:00;0;0;0
26/04/2018;00:15;0;0;0
26/04/2018;00:30;0;0;0
26/04/2018;00:45;0;0;0
26/04/2018;01:00;0;0;0
26/04/2018;01:15;0;0;0
26/04/2018;01:30;0;0;0
26/04/2018;01:45;0;0;0
26/04/2018;02:00;0;0;0
26/04/2018;02:15;0;0;0
26/04/2018;02:30;0;0;0
26/04/2018;02:45;0;0;0
26/04/2018;03:00;0;0;0
26/04/2018;03:15;0;0;0
26/04/2018;03:30;0;0;0
26/04/2018;03:45;0;0;0
26/04/2018;04:00;0;0;0
26/04/2018;04:15;0;0;0
26/04/2018;04:30;0;0;0
26/04/2018;04:45;0;0;0
26/04/2018;05:00;0;0;0
26/04/2018;05:15;0;0;0
26/04/2018;05:30;0;0;0
26/04/2018;05:45;0;0;0
26/04/2018;06:00;0;0;0
26/04/2018;06:15;0;0;0
26/04/2018;06:30;0;0;0
26/04/2018;06:45;0;0;0
26/04/2018;07:00;0;0;0
26/04/2018;07:15;0;0;0
26/04/2018;07:30;0;0;0
26/04/2018;07:45;0;0;0
26/04/2018;08:00;0;0;0
26/04/2018;08:15;0;0;0
26/04/2018;08:30;0;0;0
26/04/2018;08:45;0;0;0
26/04/2018;09:00;0;0;0
26/04/2018;09:15;0;0;0
26/04/2018;09:30;0;0;0
26/04/2018;09:45;0;0;0
26/04/2018;10:00;0;0;0
26/04/2018;10:15;0;0;0
26/04/2018;10:30;0;0;0
26/04/2018;10:45;0;0;0
26/04/2018;11:00;0;0;0
26/04/2018;11:15;1;0;1
26/04/2018;11:30;0;0;0
26/04/2018;11:45;0;0;0
26/04/2018;12:00;0;0;0
26/04/2018;12:15;0;0;0
26/04/2018;12:30;0;0;0
26/04/2018;12:45;0;0;0
26/04/2018;13:00;0;0;0
26/04/2018;13:15;0;0;0
26/04/2018;13:30;0;0;0
26/04/2018;13:45;0;0;0
26/04/2018;14:00;0;0;0
26/04/2018;14:15;0;0;0
26/04/2018;14:30;0;0;0
26/04/2018;14:45;0;0;0
26/04/2018;15:00;0;0;0
26/04/2018;15:15;2;0;2
26/04/2018;15:30;0;0;0
26/04/2018;15:45;0;0;0
26/04/2018;16:00;0;0;0
26/04/2018;16:15;0;0;0
26/04/2018;16:30;0;0;0
26/04/2018;16:45;0;0;0
26/04/2018;17:00;0;0;0
26/04/2018;17:15;0;0;0
26/04/2018;17:30;0;0;0
26/04/2018;17:45;0;0;0
26/04/2018;18:00;0;0;0
26/04/2018;18:15;0;0;0
26/04/2018;18:30;0;0;0
26/04/2018;18:45;0;0;0
26/04/2018;19:00;0;0;0
26/04/2018;19:15;0;0;0
26/04/2018;19:30;0;0;0
26/04/2018;19:45;0;0;0
26/04/2018;20:00;0;0;0
26/04/2018;20:15;0;0;0
26/04/2018;20:30;0;0;0
26/04/2018;20:45;0;0;0
26/04/2018;21:00;0;0;0
26/04/2018;21:15;0;0;0
26/04/2018;21:30;0;0;0
26/04/2018;21:45;0;0;0
26/04/2018;22:00;0;0;0
26/04/2018;22:15;0;0;0
26/04/2018;22:30;0;0;0
26/04/2018;22:45;0;0;0
26/04/2018;23:00;0;0;0
26/04/2018;23:15;0;0;0
26/04/2018;23:30;0;0;0
26/04/2018;23:45;0;0;0
27/04/2018;00:00;0;0;0
27/04/2018;00:15;0;0;0
27/04/2018;00:30;0;0;0
27/04/2018;00:45;0;0;0
27/04/2018;01:00;0;0;0
27/04/2018;01:15;0;0;0
27/04/2018;01:30;0;0;0
27/04/2018;01:45;0;0;0
27/04/2018;02:00;0;0;0
27/04/2018;02:15;0;0;0
27/04/2018;02:30;0;0;0
27/04/2018;02:45;0;0;0
27/04/2018;03:00;0;0;0
27/04/2018;03:15;0;0;0
27/04/2018;03:30;0;0;0
27/04/2018;03:45;0;0;0
27/04/2018;04:00;0;0;0
27/04/2018;04:15;0;0;0
27/04/2018;04:30;0;0;0
27/04/2018;04:45;0;0;0
27/04/2018;05:00;0;0;0
27/04/2018;05:15;0;0;0
27/04/2018;05:30;0;0;0
27/04/2018;05:45;0;0;0
27/04/2018;06:00;0;0;0
27/04/2018;06:15;0;0;0
27/04/2018;06:30;0;0;0
27/04/2018;06:45;0;0;0
27/04/2018;07:00;0;0;0
27/04/2018;07:15;0;0;0
27/04/2018;07:30;0;0;0
27/04/2018;07:45;0;0;0
27/04/2018;08:00;0;0;0
27/04/2018;08:15;0;0;0
27/04/2018;08:30;0;0;0
27/04/2018;08:45;0;0;0
27/04/2018;09:00;0;0;0
27/04/2018;09:15;0;0;0
27/04/2018;09:30;0;0;0
27/04/2018;09:45;0;0;0
27/04/2018;10:00;0;0;0
27/04/2018;10:15;0;0;0
27/04/2018;10:30;0;0;0
27/04/2018;10:45;0;0;0
27/04/2018;11:00;0;0;0
27/04/2018;11:15;0;0;0
27/04/2018;11:30;0;0;0
27/04/2018;11:45;0;0;0
27/04/2018;12:00;0;0;0
27/04/2018;12:15;0;0;0
27/04/2018;12:30;0;0;0
27/04/2018;12:45;0;0;0
27/04/2018;13:00;0;0;0
27/04/2018;13:15;0;0;0
27/04/2018;13:30;0;0;0
27/04/2018;13:45;0;0;0
27/04/2018;14:00;0;0;0
27/04/2018;14:15;0;0;0
27/04/2018;14:30;0;0;0
27/04/2018;14:45;0;0;0
27/04/2018;15:00;0;0;0
27/04/2018;15:15;0;0;0
27/04/2018;15:30;0;0;0
27/04/2018;15:45;0;0;0
27/04/2018;16:00;0;0;0
27/04/2018;16:15;0;0;0
27/04/2018;16:30;0;0;0
27/04/2018;16:45;1;1;0
27/04/2018;17:00;0;0;0
27/04/2018;17:15;0;0;0
27/04/2018;17:30;0;0;0
27/04/2018;17:45;0;0;0
27/04/2018;18:00;0;0;0
27/04/2018;18:15;0;0;0
27/04/2018;18:30;0;0;0
27/04/2018;18:45;0;0;0
27/04/2018;19:00;0;0;0
27/04/2018;19:15;0;0;0
27/04/2018;19:30;0;0;0
27/04/2018;19:45;0;0;0
27/04/2018;20:00;0;0;0
27/04/2018;20:15;0;0;0
27/04/2018;20:30;0;0;0
27/04/2018;20:45;0;0;0
27/04/2018;21:00;0;0;0
27/04/2018;21:15;0;0;0
27/04/2018;21:30;0;0;0
27/04/2018;21:45;0;0;0
27/04/2018;22:00;0;0;0
27/04/2018;22:15;0;0;0
27/04/2018;22:30;0;0;0
27/04/2018;22:45;0;0;0
27/04/2018;23:00;0;0;0
27/04/2018;23:15;0;0;0
27/04/2018;23:30;0;0;0
27/04/2018;23:45;0;0;0
28/04/2018;00:00;0;0;0
28/04/2018;00:15;0;0;0
28/04/2018;00:30;0;0;0
28/04/2018;00:45;0;0;0
28/04/2018;01:00;0;0;0
28/04/2018;01:15;0;0;0
28/04/2018;01:30;0;0;0
28/04/2018;01:45;0;0;0
28/04/2018;02:00;0;0;0
28/04/2018;02:15;0;0;0
28/04/2018;02:30;0;0;0
28/04/2018;02:45;0;0;0
28/04/2018;03:00;0;0;0
28/04/2018;03:15;0;0;0
28/04/2018;03:30;0;0;0
28/04/2018;03:45;0;0;0
28/04/2018;04:00;0;0;0
28/04/2018;04:15;0;0;0
28/04/2018;04:30;0;0;0
28/04/2018;04:45;0;0;0
28/04/2018;05:00;0;0;0
28/04/2018;05:15;0;0;0
28/04/2018;05:30;0;0;0
28/04/2018;05:45;0;0;0
28/04/2018;06:00;0;0;0
28/04/2018;06:15;0;0;0
28/04/2018;06:30;0;0;0
28/04/2018;06:45;0;0;0
28/04/2018;07:00;0;0;0
28/04/2018;07:15;0;0;0
28/04/2018;07:30;0;0;0
28/04/2018;07:45;0;0;0
28/04/2018;08:00;0;0;0
28/04/2018;08:15;0;0;0
28/04/2018;08:30;0;0;0
28/04/2018;08:45;0;0;0
28/04/2018;09:00;0;0;0
28/04/2018;09:15;0;0;0
28/04/2018;09:30;0;0;0
28/04/2018;09:45;0;0;0
28/04/2018;10:00;0;0;0
28/04/2018;10:15;0;0;0
28/04/2018;10:30;1;1;0
28/04/2018;10:45;0;0;0
28/04/2018;11:00;0;0;0
28/04/2018;11:15;0;0;0
28/04/2018;11:30;0;0;0
28/04/2018;11:45;0;0;0
28/04/2018;12:00;0;0;0
28/04/2018;12:15;0;0;0
28/04/2018;12:30;0;0;0
28/04/2018;12:45;0;0;0
28/04/2018;13:00;0;0;0
28/04/2018;13:15;0;0;0
28/04/2018;13:30;0;0;0
28/04/2018;13:45;0;0;0
28/04/2018;14:00;0;0;0
28/04/2018;14:15;0;0;0
28/04/2018;14:30;0;0;0
28/04/2018;14:45;0;0;0
28/04/2018;15:00;0;0;0
28/04/2018;15:15;0;0;0
28/04/2018;15:30;0;0;0
28/04/2018;15:45;0;0;0
28/04/2018;16:00;0;0;0
28/04/2018;16:15;0;0;0
28/04/2018;16:30;0;0;0
28/04/2018;16:45;0;0;0
28/04/2018;17:00;0;0;0
28/04/2018;17:15;0;0;0
28/04/2018;17:30;0;0;0
28/04/2018;17:45;0;0;0
28/04/2018;18:00;0;0;0
28/04/2018;18:15;0;0;0
28/04/2018;18:30;0;0;0
28/04/2018;18:45;0;0;0
28/04/2018;19:00;0;0;0
28/04/2018;19:15;0;0;0
28/04/2018;19:30;0;0;0
28/04/2018;19:45;0;0;0
28/04/2018;20:00;0;0;0
28/04/2018;20:15;0;0;0
28/04/2018;20:30;0;0;0
28/04/2018;20:45;0;0;0
28/04/2018;21:00;0;0;0
28/04/2018;21:15;0;0;0
28/04/2018;21:30;0;0;0
28/04/2018;21:45;0;0;0
28/04/2018;22:00;0;0;0
28/04/2018;22:15;0;0;0
28/04/2018;22:30;0;0;0
28/04/2018;22:45;0;0;0
28/04/2018;23:00;0;0;0
28/04/2018;23:15;0;0;0
28/04/2018;23:30;0;0;0
28/04/2018;23:45;0;0;0
29/04/2018;00:00;0;0;0
29/04/2018;00:15;0;0;0
29/04/2018;00:30;0;0;0
29/04/2018;00:45;0;0;0
29/04/2018;01:00;0;0;0
29/04/2018;01:15;0;0;0
29/04/2018;01:30;0;0;0
29/04/2018;01:45;0;0;0
29/04/2018;02:00;0;0;0
29/04/2018;02:15;0;0;0
29/04/2018;02:30;0;0;0
29/04/2018;02:45;0;0;0
29/04/2018;03:00;0;0;0
29/04/2018;03:15;0;0;0
29/04/2018;03:30;0;0;0
29/04/2018;03:45;0;0;0
29/04/2018;04:00;0;0;0
29/04/2018;04:15;0;0;0
29/04/2018;04:30;0;0;0
29/04/2018;04:45;0;0;0
29/04/2018;05:00;0;0;0
29/04/2018;05:15;0;0;0
29/04/2018;05:30;0;0;0
29/04/2018;05:45;0;0;0
29/04/2018;06:00;0;0;0
29/04/2018;06:15;0;0;0
29/04/2018;06:30;0;0;0
29/04/2018;06:45;0;0;0
29/04/2018;07:00;0;0;0
29/04/2018;07:15;0;0;0
29/04/2018;07:30;0;0;0
29/04/2018;07:45;0;0;0
29/04/2018;08:00;0;0;0
29/04/2018;08:15;0;0;0
29/04/2018;08:30;0;0;0
29/04/2018;08:45;0;0;0
29/04/2018;09:00;0;0;0
29/04/2018;09:15;0;0;0
29/04/2018;09:30;0;0;0
29/04/2018;09:45;0;0;0
29/04/2018;10:00;0;0;0
29/04/2018;10:15;0;0;0
29/04/2018;10:30;0;0;0
29/04/2018;10:45;0;0;0
29/04/2018;11:00;0;0;0
29/04/2018;11:15;0;0;0
29/04/2018;11:30;0;0;0
29/04/2018;11:45;0;0;0
29/04/2018;12:00;0;0;0
29/04/2018;12:15;0;0;0
29/04/2018;12:30;0;0;0
29/04/2018;12:45;0;0;0
29/04/2018;13:00;0;0;0
29/04/2018;13:15;0;0;0
29/04/2018;13:30;0;0;0
29/04/2018;13:45;0;0;0
29/04/2018;14:00;0;0;0
29/04/2018;14:15;0;0;0
29/04/2018;14:30;0;0;0
29/04/2018;14:45;0;0;0
29/04/2018;15:00;0;0;0
29/04/2018;15:15;0;0;0
29/04/2018;15:30;0;0;0
29/04/2018;15:45;0;0;0
29/04/2018;16:00;0;0;0
29/04/2018;16:15;0;0;0
29/04/2018;16:30;0;0;0
29/04/2018;16:45;0;0;0
29/04/2018;17:00;0;0;0
29/04/2018;17:15;0;0;0
29/04/2018;17:30;0;0;0
29/04/2018;17:45;0;0;0
29/04/2018;18:00;0;0;0
29/04/2018;18:15;0;0;0
29/04/2018;18:30;0;0;0
29/04/2018;18:45;0;0;0
29/04/2018;19:00;0;0;0
29/04/2018;19:15;0;0;0
29/04/2018;19:30;0;0;0
29/04/2018;19:45;0;0;0
29/04/2018;20:00;0;0;0
29/04/2018;20:15;0;0;0
29/04/2018;20:30;0;0;0
29/04/2018;20:45;0;0;0
29/04/2018;21:00;0;0;0
29/04/2018;21:15;0;0;0
29/04/2018;21:30;0;0;0
29/04/2018;21:45;0;0;0
29/04/2018;22:00;0;0;0
29/04/2018;22:15;0;0;0
29/04/2018;22:30;0;0;0
29/04/2018;22:45;0;0;0
29/04/2018;23:00;0;0;0
29/04/2018;23:15;0;0;0
29/04/2018;23:30;0;0;0
29/04/2018;23:45;0;0;0
30/04/2018;00:00;0;0;0
30/04/2018;00:15;0;0;0
30/04/2018;00:30;0;0;0
30/04/2018;00:45;0;0;0
30/04/2018;01:00;0;0;0
30/04/2018;01:15;0;0;0
30/04/2018;01:30;0;0;0
30/04/2018;01:45;0;0;0
30/04/2018;02:00;0;0;0
30/04/2018;02:15;0;0;0
30/04/2018;02:30;0;0;0
30/04/2018;02:45;0;0;0
30/04/2018;03:00;0;0;0
30/04/2018;03:15;0;0;0
30/04/2018;03:30;0;0;0
30/04/2018;03:45;0;0;0
30/04/2018;04:00;0;0;0
30/04/2018;04:15;0;0;0
30/04/2018;04:30;0;0;0
30/04/2018;04:45;0;0;0
30/04/2018;05:00;0;0;0
30/04/2018;05:15;0;0;0
30/04/2018;05:30;0;0;0
30/04/2018;05:45;0;0;0
30/04/2018;06:00;0;0;0
30/04/2018;06:15;0;0;0
30/04/2018;06:30;0;0;0
30/04/2018;06:45;0;0;0
30/04/2018;07:00;0;0;0
30/04/2018;07:15;0;0;0
30/04/2018;07:30;0;0;0
30/04/2018;07:45;0;0;0
30/04/2018;08:00;0;0;0
30/04/2018;08:15;0;0;0
30/04/2018;08:30;0;0;0
30/04/2018;08:45;0;0;0
30/04/2018;09:00;0;0;0
30/04/2018;09:15;0;0;0
30/04/2018;09:30;0;0;0
30/04/2018;09:45;0;0;0
30/04/2018;10:00;0;0;0
30/04/2018;10:15;0;0;0
30/04/2018;10:30;0;0;0
30/04/2018;10:45;0;0;0
30/04/2018;11:00;0;0;0
30/04/2018;11:15;0;0;0
30/04/2018;11:30;0;0;0
30/04/2018;11:45;0;0;0
30/04/2018;12:00;0;0;0
30/04/2018;12:15;0;0;0
30/04/2018;12:30;0;0;0
30/04/2018;12:45;0;0;0
30/04/2018;13:00;0;0;0
30/04/2018;13:15;0;0;0
30/04/2018;13:30;0;0;0
30/04/2018;13:45;0;0;0
30/04/2018;14:00;0;0;0
30/04/2018;14:15;0;0;0
30/04/2018;14:30;0;0;0
30/04/2018;14:45;0;0;0
30/04/2018;15:00;0;0;0
30/04/2018;15:15;0;0;0
30/04/2018;15:30;0;0;0
30/04/2018;15:45;0;0;0
30/04/2018;16:00;0;0;0
30/04/2018;16:15;0;0;0
30/04/2018;16:30;0;0;0
30/04/2018;16:45;0;0;0
30/04/2018;17:00;0;0;0
30/04/2018;17:15;0;0;0
30/04/2018;17:30;0;0;0
30/04/2018;17:45;0;0;0
30/04/2018;18:00;1;0;1
30/04/2018;18:15;0;0;0
30/04/2018;18:30;0;0;0
30/04/2018;18:45;0;0;0
30/04/2018;19:00;0;0;0
30/04/2018;19:15;0;0;0
30/04/2018;19:30;0;0;0
30/04/2018;19:45;0;0;0
30/04/2018;20:00;0;0;0
30/04/2018;20:15;0;0;0
30/04/2018;20:30;0;0;0
30/04/2018;20:45;0;0;0
30/04/2018;21:00;0;0;0
30/04/2018;21:15;0;0;0
30/04/2018;21:30;0;0;0
30/04/2018;21:45;0;0;0
30/04/2018;22:00;0;0;0
30/04/2018;22:15;0;0;0
30/04/2018;22:30;0;0;0
30/04/2018;22:45;0;0;0
30/04/2018;23:00;0;0;0
30/04/2018;23:15;0;0;0
30/04/2018;23:30;0;0;0
30/04/2018;23:45;0;0;0
01/05/2018;00:00;0;0;0
01/05/2018;00:15;0;0;0
01/05/2018;00:30;0;0;0
01/05/2018;00:45;0;0;0
01/05/2018;01:00;0;0;0
01/05/2018;01:15;0;0;0
01/05/2018;01:30;0;0;0
01/05/2018;01:45;0;0;0
01/05/2018;02:00;0;0;0
01/05/2018;02:15;0;0;0
01/05/2018;02:30;0;0;0
01/05/2018;02:45;0;0;0
01/05/2018;03:00;0;0;0
01/05/2018;03:15;0;0;0
01/05/2018;03:30;0;0;0
01/05/2018;03:45;0;0;0
01/05/2018;04:00;0;0;0
01/05/2018;04:15;0;0;0
01/05/2018;04:30;0;0;0
01/05/2018;04:45;0;0;0
01/05/2018;05:00;0;0;0
01/05/2018;05:15;0;0;0
01/05/2018;05:30;0;0;0
01/05/2018;05:45;0;0;0
01/05/2018;06:00;0;0;0
01/05/2018;06:15;0;0;0
01/05/2018;06:30;0;0;0
01/05/2018;06:45;0;0;0
01/05/2018;07:00;0;0;0
01/05/2018;07:15;0;0;0
01/05/2018;07:30;0;0;0
01/05/2018;07:45;0;0;0
01/05/2018;08:00;0;0;0
01/05/2018;08:15;0;0;0
01/05/2018;08:30;0;0;0
01/05/2018;08:45;0;0;0
01/05/2018;09:00;0;0;0
01/05/2018;09:15;0;0;0
01/05/2018;09:30;0;0;0
01/05/2018;09:45;0;0;0
01/05/2018;10:00;0;0;0
01/05/2018;10:15;0;0;0
01/05/2018;10:30;0;0;0
01/05/2018;10:45;0;0;0
01/05/2018;11:00;0;0;0
01/05/2018;11:15;0;0;0
01/05/2018;11:30;0;0;0
01/05/2018;11:45;0;0;0
01/05/2018;12:00;0;0;0
01/05/2018;12:15;0;0;0
01/05/2018;12:30;0;0;0
01/05/2018;12:45;0;0;0
01/05/2018;13:00;0;0;0
01/05/2018;13:15;0;0;0
01/05/2018;13:30;0;0;0
01/05/2018;13:45;0;0;0
01/05/2018;14:00;0;0;0
01/05/2018;14:15;0;0;0
01/05/2018;14:30;0;0;0
01/05/2018;14:45;0;0;0
01/05/2018;15:00;0;0;0
01/05/2018;15:15;0;0;0
01/05/2018;15:30;0;0;0
01/05/2018;15:45;0;0;0
01/05/2018;16:00;0;0;0
01/05/2018;16:15;0;0;0
01/05/2018;16:30;0;0;0
01/05/2018;16:45;0;0;0
01/05/2018;17:00;0;0;0
01/05/2018;17:15;0;0;0
01/05/2018;17:30;0;0;0
01/05/2018;17:45;0;0;0
01/05/2018;18:00;0;0;0
01/05/2018;18:15;0;0;0
01/05/2018;18:30;0;0;0
01/05/2018;18:45;0;0;0
01/05/2018;19:00;0;0;0
01/05/2018;19:15;0;0;0
01/05/2018;19:30;0;0;0
01/05/2018;19:45;0;0;0
01/05/2018;20:00;0;0;0
01/05/2018;20:15;0;0;0
01/05/2018;20:30;0;0;0
01/05/2018;20:45;0;0;0
01/05/2018;21:00;0;0;0
01/05/2018;21:15;0;0;0
01/05/2018;21:30;0;0;0
01/05/2018;21:45;0;0;0
01/05/2018;22:00;0;0;0
01/05/2018;22:15;0;0;0
01/05/2018;22:30;0;0;0
01/05/2018;22:45;0;0;0
01/05/2018;23:00;0;0;0
01/05/2018;23:15;0;0;0
01/05/2018;23:30;0;0;0
01/05/2018;23:45;0;0;0
02/05/2018;00:00;0;0;0
02/05/2018;00:15;0;0;0
02/05/2018;00:30;0;0;0
02/05/2018;00:45;0;0;0
02/05/2018;01:00;0;0;0
02/05/2018;01:15;0;0;0
02/05/2018;01:30;0;0;0
02/05/2018;01:45;0;0;0
02/05/2018;02:00;0;0;0
02/05/2018;02:15;0;0;0
02/05/2018;02:30;0;0;0
02/05/2018;02:45;0;0;0
02/05/2018;03:00;0;0;0
02/05/2018;03:15;0;0;0
02/05/2018;03:30;0;0;0
02/05/2018;03:45;0;0;0
02/05/2018;04:00;0;0;0
02/05/2018;04:15;0;0;0
02/05/2018;04:30;0;0;0
02/05/2018;04:45;0;0;0
02/05/2018;05:00;0;0;0
02/05/2018;05:15;0;0;0
02/05/2018;05:30;0;0;0
02/05/2018;05:45;0;0;0
02/05/2018;06:00;0;0;0
02/05/2018;06:15;0;0;0
02/05/2018;06:30;0;0;0
02/05/2018;06:45;0;0;0
02/05/2018;07:00;0;0;0
02/05/2018;07:15;0;0;0
02/05/2018;07:30;0;0;0
02/05/2018;07:45;0;0;0
02/05/2018;08:00;0;0;0
02/05/2018;08:15;0;0;0
02/05/2018;08:30;0;0;0
02/05/2018;08:45;0;0;0
02/05/2018;09:00;0;0;0
02/05/2018;09:15;0;0;0
02/05/2018;09:30;0;0;0
02/05/2018;09:45;0;0;0
02/05/2018;10:00;0;0;0
02/05/2018;10:15;0;0;0
02/05/2018;10:30;0;0;0
02/05/2018;10:45;0;0;0
02/05/2018;11:00;0;0;0
02/05/2018;11:15;0;0;0
02/05/2018;11:30;0;0;0
02/05/2018;11:45;0;0;0
02/05/2018;12:00;0;0;0
02/05/2018;12:15;0;0;0
02/05/2018;12:30;0;0;0
02/05/2018;12:45;0;0;0
02/05/2018;13:00;0;0;0
02/05/2018;13:15;0;0;0
02/05/2018;13:30;0;0;0
02/05/2018;13:45;0;0;0
02/05/2018;14:00;0;0;0
02/05/2018;14:15;0;0;0
02/05/2018;14:30;0;0;0
02/05/2018;14:45;0;0;0
02/05/2018;15:00;1;0;1
02/05/2018;15:15;0;0;0
02/05/2018;15:30;0;0;0
02/05/2018;15:45;0;0;0
02/05/2018;16:00;0;0;0
02/05/2018;16:15;0;0;0
02/05/2018;16:30;0;0;0
02/05/2018;16:45;0;0;0
02/05/2018;17:00;0;0;0
02/05/2018;17:15;0;0;0
02/05/2018;17:30;0;0;0
02/05/2018;17:45;0;0;0
02/05/2018;18:00;0;0;0
02/05/2018;18:15;0;0;0
02/05/2018;18:30;0;0;0
02/05/2018;18:45;0;0;0
02/05/2018;19:00;0;0;0
02/05/2018;19:15;0;0;0
02/05/2018;19:30;0;0;0
02/05/2018;19:45;0;0;0
02/05/2018;20:00;0;0;0
02/05/2018;20:15;0;0;0
02/05/2018;20:30;0;0;0
02/05/2018;20:45;0;0;0
02/05/2018;21:00;0;0;0
02/05/2018;21:15;0;0;0
02/05/2018;21:30;0;0;0
02/05/2018;21:45;0;0;0
02/05/2018;22:00;0;0;0
02/05/2018;22:15;0;0;0
02/05/2018;22:30;0;0;0
02/05/2018;22:45;0;0;0
02/05/2018;23:00;0;0;0
02/05/2018;23:15;0;0;0
02/05/2018;23:30;0;0;0
02/05/2018;23:45;0;0;0
03/05/2018;00:00;0;0;0
03/05/2018;00:15;0;0;0
03/05/2018;00:30;0;0;0
03/05/2018;00:45;0;0;0
03/05/2018;01:00;0;0;0
03/05/2018;01:15;0;0;0
03/05/2018;01:30;0;0;0
03/05/2018;01:45;0;0;0
03/05/2018;02:00;0;0;0
03/05/2018;02:15;0;0;0
03/05/2018;02:30;0;0;0
03/05/2018;02:45;0;0;0
03/05/2018;03:00;0;0;0
03/05/2018;03:15;0;0;0
03/05/2018;03:30;0;0;0
03/05/2018;03:45;0;0;0
03/05/2018;04:00;0;0;0
03/05/2018;04:15;0;0;0
03/05/2018;04:30;0;0;0
03/05/2018;04:45;0;0;0
03/05/2018;05:00;0;0;0
03/05/2018;05:15;0;0;0
03/05/2018;05:30;0;0;0
03/05/2018;05:45;0;0;0
03/05/2018;06:00;0;0;0
03/05/2018;06:15;0;0;0
03/05/2018;06:30;0;0;0
03/05/2018;06:45;0;0;0
03/05/2018;07:00;0;0;0
03/05/2018;07:15;0;0;0
03/05/2018;07:30;0;0;0
03/05/2018;07:45;0;0;0
03/05/2018;08:00;0;0;0
03/05/2018;08:15;0;0;0
03/05/2018;08:30;0;0;0
03/05/2018;08:45;0;0;0
03/05/2018;09:00;0;0;0
03/05/2018;09:15;0;0;0
03/05/2018;09:30;0;0;0
03/05/2018;09:45;0;0;0
03/05/2018;10:00;0;0;0
03/05/2018;10:15;0;0;0
03/05/2018;10:30;0;0;0
03/05/2018;10:45;0;0;0
03/05/2018;11:00;0;0;0
03/05/2018;11:15;0;0;0
03/05/2018;11:30;0;0;0
03/05/2018;11:45;0;0;0
03/05/2018;12:00;0;0;0
03/05/2018;12:15;0;0;0
03/05/2018;12:30;0;0;0
03/05/2018;12:45;0;0;0
03/05/2018;13:00;0;0;0
03/05/2018;13:15;0;0;0
03/05/2018;13:30;0;0;0
03/05/2018;13:45;0;0;0
03/05/2018;14:00;0;0;0
03/05/2018;14:15;0;0;0
03/05/2018;14:30;0;0;0
03/05/2018;14:45;0;0;0
03/05/2018;15:00;0;0;0
03/05/2018;15:15;0;0;0
03/05/2018;15:30;0;0;0
03/05/2018;15:45;0;0;0
03/05/2018;16:00;0;0;0
03/05/2018;16:15;0;0;0
03/05/2018;16:30;0;0;0
03/05/2018;16:45;0;0;0
03/05/2018;17:00;0;0;0
03/05/2018;17:15;0;0;0
03/05/2018;17:30;0;0;0
03/05/2018;17:45;0;0;0
03/05/2018;18:00;0;0;0
03/05/2018;18:15;0;0;0
03/05/2018;18:30;0;0;0
03/05/2018;18:45;0;0;0
03/05/2018;19:00;0;0;0
03/05/2018;19:15;0;0;0
03/05/2018;19:30;0;0;0
03/05/2018;19:45;0;0;0
03/05/2018;20:00;0;0;0
03/05/2018;20:15;0;0;0
03/05/2018;20:30;0;0;0
03/05/2018;20:45;0;0;0
03/05/2018;21:00;0;0;0
03/05/2018;21:15;0;0;0
03/05/2018;21:30;0;0;0
03/05/2018;21:45;0;0;0
03/05/2018;22:00;0;0;0
03/05/2018;22:15;0;0;0
03/05/2018;22:30;0;0;0
03/05/2018;22:45;0;0;0
03/05/2018;23:00;0;0;0
03/05/2018;23:15;0;0;0
03/05/2018;23:30;0;0;0
03/05/2018;23:45;0;0;0
04/05/2018;00:00;0;0;0
04/05/2018;00:15;0;0;0
04/05/2018;00:30;0;0;0
04/05/2018;00:45;0;0;0
04/05/2018;01:00;0;0;0
04/05/2018;01:15;0;0;0
04/05/2018;01:30;0;0;0
04/05/2018;01:45;0;0;0
04/05/2018;02:00;0;0;0
04/05/2018;02:15;0;0;0
04/05/2018;02:30;0;0;0
04/05/2018;02:45;0;0;0
04/05/2018;03:00;0;0;0
04/05/2018;03:15;0;0;0
04/05/2018;03:30;0;0;0
04/05/2018;03:45;0;0;0
04/05/2018;04:00;0;0;0
04/05/2018;04:15;0;0;0
04/05/2018;04:30;0;0;0
04/05/2018;04:45;0;0;0
04/05/2018;05:00;0;0;0
04/05/2018;05:15;0;0;0
04/05/2018;05:30;0;0;0
04/05/2018;05:45;0;0;0
04/05/2018;06:00;0;0;0
04/05/2018;06:15;0;0;0
04/05/2018;06:30;0;0;0
04/05/2018;06:45;0;0;0
04/05/2018;07:00;0;0;0
04/05/2018;07:15;0;0;0
04/05/2018;07:30;0;0;0
04/05/2018;07:45;0;0;0
04/05/2018;08:00;0;0;0
04/05/2018;08:15;0;0;0
04/05/2018;08:30;0;0;0
04/05/2018;08:45;0;0;0
04/05/2018;09:00;0;0;0
04/05/2018;09:15;0;0;0
04/05/2018;09:30;0;0;0
04/05/2018;09:45;0;0;0
04/05/2018;10:00;0;0;0
04/05/2018;10:15;0;0;0
04/05/2018;10:30;0;0;0
04/05/2018;10:45;0;0;0
04/05/2018;11:00;0;0;0
04/05/2018;11:15;0;0;0
04/05/2018;11:30;0;0;0
04/05/2018;11:45;0;0;0
04/05/2018;12:00;0;0;0
04/05/2018;12:15;0;0;0
04/05/2018;12:30;0;0;0
04/05/2018;12:45;0;0;0
04/05/2018;13:00;0;0;0
04/05/2018;13:15;0;0;0
04/05/2018;13:30;0;0;0
04/05/2018;13:45;0;0;0
04/05/2018;14:00;0;0;0
04/05/2018;14:15;0;0;0
04/05/2018;14:30;0;0;0
04/05/2018;14:45;0;0;0
04/05/2018;15:00;0;0;0
04/05/2018;15:15;0;0;0
04/05/2018;15:30;0;0;0
04/05/2018;15:45;0;0;0
04/05/2018;16:00;0;0;0
04/05/2018;16:15;0;0;0
04/05/2018;16:30;0;0;0
04/05/2018;16:45;0;0;0
04/05/2018;17:00;0;0;0
04/05/2018;17:15;0;0;0
04/05/2018;17:30;0;0;0
04/05/2018;17:45;0;0;0
04/05/2018;18:00;0;0;0
04/05/2018;18:15;0;0;0
04/05/2018;18:30;0;0;0
04/05/2018;18:45;0;0;0
04/05/2018;19:00;0;0;0
04/05/2018;19:15;0;0;0
04/05/2018;19:30;0;0;0
04/05/2018;19:45;0;0;0
04/05/2018;20:00;0;0;0
04/05/2018;20:15;0;0;0
04/05/2018;20:30;0;0;0
04/05/2018;20:45;0;0;0
04/05/2018;21:00;0;0;0
04/05/2018;21:15;0;0;0
04/05/2018;21:30;0;0;0
04/05/2018;21:45;0;0;0
04/05/2018;22:00;0;0;0
04/05/2018;22:15;0;0;0
04/05/2018;22:30;0;0;0
04/05/2018;22:45;0;0;0
04/05/2018;23:00;0;0;0
04/05/2018;23:15;0;0;0
04/05/2018;23:30;0;0;0
04/05/2018;23:45;0;0;0
05/05/2018;00:00;0;0;0
05/05/2018;00:15;0;0;0
05/05/2018;00:30;0;0;0
05/05/2018;00:45;0;0;0
05/05/2018;01:00;0;0;0
05/05/2018;01:15;0;0;0
05/05/2018;01:30;0;0;0
05/05/2018;01:45;0;0;0
05/05/2018;02:00;0;0;0
05/05/2018;02:15;0;0;0
05/05/2018;02:30;0;0;0
05/05/2018;02:45;0;0;0
05/05/2018;03:00;0;0;0
05/05/2018;03:15;0;0;0
05/05/2018;03:30;0;0;0
05/05/2018;03:45;0;0;0
05/05/2018;04:00;0;0;0
05/05/2018;04:15;0;0;0
05/05/2018;04:30;0;0;0
05/05/2018;04:45;0;0;0
05/05/2018;05:00;0;0;0
05/05/2018;05:15;0;0;0
05/05/2018;05:30;0;0;0
05/05/2018;05:45;0;0;0
05/05/2018;06:00;0;0;0
05/05/2018;06:15;0;0;0
05/05/2018;06:30;0;0;0
05/05/2018;06:45;0;0;0
05/05/2018;07:00;0;0;0
05/05/2018;07:15;0;0;0
05/05/2018;07:30;0;0;0
05/05/2018;07:45;0;0;0
05/05/2018;08:00;0;0;0
05/05/2018;08:15;0;0;0
05/05/2018;08:30;0;0;0
05/05/2018;08:45;0;0;0
05/05/2018;09:00;0;0;0
05/05/2018;09:15;0;0;0
05/05/2018;09:30;0;0;0
05/05/2018;09:45;0;0;0
05/05/2018;10:00;0;0;0
05/05/2018;10:15;0;0;0
05/05/2018;10:30;0;0;0
05/05/2018;10:45;0;0;0
05/05/2018;11:00;0;0;0
05/05/2018;11:15;0;0;0
05/05/2018;11:30;0;0;0
05/05/2018;11:45;0;0;0
05/05/2018;12:00;0;0;0
05/05/2018;12:15;0;0;0
05/05/2018;12:30;0;0;0
05/05/2018;12:45;0;0;0
05/05/2018;13:00;0;0;0
05/05/2018;13:15;0;0;0
05/05/2018;13:30;0;0;0
05/05/2018;13:45;0;0;0
05/05/2018;14:00;0;0;0
05/05/2018;14:15;0;0;0
05/05/2018;14:30;0;0;0
05/05/2018;14:45;0;0;0
05/05/2018;15:00;0;0;0
05/05/2018;15:15;0;0;0
05/05/2018;15:30;0;0;0
05/05/2018;15:45;0;0;0
05/05/2018;16:00;0;0;0
05/05/2018;16:15;0;0;0
05/05/2018;16:30;0;0;0
05/05/2018;16:45;0;0;0
05/05/2018;17:00;0;0;0
05/05/2018;17:15;0;0;0
05/05/2018;17:30;0;0;0
05/05/2018;17:45;0;0;0
05/05/2018;18:00;0;0;0
05/05/2018;18:15;0;0;0
05/05/2018;18:30;0;0;0
05/05/2018;18:45;0;0;0
05/05/2018;19:00;0;0;0
05/05/2018;19:15;0;0;0
05/05/2018;19:30;0;0;0
05/05/2018;19:45;0;0;0
05/05/2018;20:00;0;0;0
05/05/2018;20:15;0;0;0
05/05/2018;20:30;0;0;0
05/05/2018;20:45;0;0;0
05/05/2018;21:00;0;0;0
05/05/2018;21:15;0;0;0
05/05/2018;21:30;0;0;0
05/05/2018;21:45;0;0;0
05/05/2018;22:00;0;0;0
05/05/2018;22:15;0;0;0
05/05/2018;22:30;0;0;0
05/05/2018;22:45;0;0;0
05/05/2018;23:00;0;0;0
05/05/2018;23:15;0;0;0
05/05/2018;23:30;0;0;0
05/05/2018;23:45;0;0;0
06/05/2018;00:00;0;0;0
06/05/2018;00:15;0;0;0
06/05/2018;00:30;0;0;0
06/05/2018;00:45;0;0;0
06/05/2018;01:00;0;0;0
06/05/2018;01:15;0;0;0
06/05/2018;01:30;0;0;0
06/05/2018;01:45;0;0;0
06/05/2018;02:00;0;0;0
06/05/2018;02:15;0;0;0
06/05/2018;02:30;0;0;0
06/05/2018;02:45;0;0;0
06/05/2018;03:00;0;0;0
06/05/2018;03:15;0;0;0
06/05/2018;03:30;0;0;0
06/05/2018;03:45;0;0;0
06/05/2018;04:00;0;0;0
06/05/2018;04:15;0;0;0
06/05/2018;04:30;0;0;0
06/05/2018;04:45;0;0;0
06/05/2018;05:00;0;0;0
06/05/2018;05:15;0;0;0
06/05/2018;05:30;0;0;0
06/05/2018;05:45;0;0;0
06/05/2018;06:00;0;0;0
06/05/2018;06:15;0;0;0
06/05/2018;06:30;0;0;0
06/05/2018;06:45;0;0;0
06/05/2018;07:00;0;0;0
06/05/2018;07:15;0;0;0
06/05/2018;07:30;0;0;0
06/05/2018;07:45;0;0;0
06/05/2018;08:00;0;0;0
06/05/2018;08:15;0;0;0
06/05/2018;08:30;0;0;0
06/05/2018;08:45;0;0;0
06/05/2018;09:00;0;0;0
06/05/2018;09:15;0;0;0
06/05/2018;09:30;0;0;0
06/05/2018;09:45;0;0;0
06/05/2018;10:00;0;0;0
06/05/2018;10:15;0;0;0
06/05/2018;10:30;0;0;0
06/05/2018;10:45;0;0;0
06/05/2018;11:00;0;0;0
06/05/2018;11:15;0;0;0
06/05/2018;11:30;0;0;0
06/05/2018;11:45;0;0;0
06/05/2018;12:00;0;0;0
06/05/2018;12:15;0;0;0
06/05/2018;12:30;0;0;0
06/05/2018;12:45;0;0;0
06/05/2018;13:00;0;0;0
06/05/2018;13:15;0;0;0
06/05/2018;13:30;0;0;0
06/05/2018;13:45;0;0;0
06/05/2018;14:00;0;0;0
06/05/2018;14:15;0;0;0
06/05/2018;14:30;0;0;0
06/05/2018;14:45;0;0;0
06/05/2018;15:00;0;0;0
06/05/2018;15:15;0;0;0
06/05/2018;15:30;0;0;0
06/05/2018;15:45;0;0;0
06/05/2018;16:00;0;0;0
06/05/2018;16:15;0;0;0
06/05/2018;16:30;0;0;0
06/05/2018;16:45;0;0;0
06/05/2018;17:00;0;0;0
06/05/2018;17:15;0;0;0
06/05/2018;17:30;0;0;0
06/05/2018;17:45;0;0;0
06/05/2018;18:00;0;0;0
06/05/2018;18:15;0;0;0
06/05/2018;18:30;0;0;0
06/05/2018;18:45;0;0;0
06/05/2018;19:00;0;0;0
06/05/2018;19:15;0;0;0
06/05/2018;19:30;0;0;0
06/05/2018;19:45;0;0;0
06/05/2018;20:00;0;0;0
06/05/2018;20:15;0;0;0
06/05/2018;20:30;0;0;0
06/05/2018;20:45;0;0;0
06/05/2018;21:00;0;0;0
06/05/2018;21:15;0;0;0
06/05/2018;21:30;0;0;0
06/05/2018;21:45;0;0;0
06/05/2018;22:00;0;0;0
06/05/2018;22:15;0;0;0
06/05/2018;22:30;0;0;0
06/05/2018;22:45;0;0;0
06/05/2018;23:00;0;0;0
06/05/2018;23:15;0;0;0
06/05/2018;23:30;0;0;0
06/05/2018;23:45;0;0;0
07/05/2018;00:00;0;0;0
07/05/2018;00:15;0;0;0
07/05/2018;00:30;0;0;0
07/05/2018;00:45;0;0;0
07/05/2018;01:00;0;0;0
07/05/2018;01:15;0;0;0
07/05/2018;01:30;0;0;0
07/05/2018;01:45;0;0;0
07/05/2018;02:00;0;0;0
07/05/2018;02:15;0;0;0
07/05/2018;02:30;0;0;0
07/05/2018;02:45;0;0;0
07/05/2018;03:00;0;0;0
07/05/2018;03:15;0;0;0
07/05/2018;03:30;0;0;0
07/05/2018;03:45;0;0;0
07/05/2018;04:00;0;0;0
07/05/2018;04:15;0;0;0
07/05/2018;04:30;0;0;0
07/05/2018;04:45;0;0;0
07/05/2018;05:00;0;0;0
07/05/2018;05:15;0;0;0
07/05/2018;05:30;0;0;0
07/05/2018;05:45;0;0;0
07/05/2018;06:00;0;0;0
07/05/2018;06:15;0;0;0
07/05/2018;06:30;0;0;0
07/05/2018;06:45;0;0;0
07/05/2018;07:00;0;0;0
07/05/2018;07:15;0;0;0
07/05/2018;07:30;0;0;0
07/05/2018;07:45;0;0;0
07/05/2018;08:00;0;0;0
07/05/2018;08:15;0;0;0
07/05/2018;08:30;0;0;0
07/05/2018;08:45;0;0;0
07/05/2018;09:00;0;0;0
07/05/2018;09:15;0;0;0
07/05/2018;09:30;0;0;0
07/05/2018;09:45;0;0;0
07/05/2018;10:00;0;0;0
07/05/2018;10:15;0;0;0
07/05/2018;10:30;0;0;0
07/05/2018;10:45;0;0;0
07/05/2018;11:00;0;0;0
07/05/2018;11:15;0;0;0
07/05/2018;11:30;0;0;0
07/05/2018;11:45;0;0;0
07/05/2018;12:00;0;0;0
07/05/2018;12:15;0;0;0
07/05/2018;12:30;0;0;0
07/05/2018;12:45;0;0;0
07/05/2018;13:00;0;0;0
07/05/2018;13:15;0;0;0
07/05/2018;13:30;0;0;0
07/05/2018;13:45;0;0;0
07/05/2018;14:00;0;0;0
07/05/2018;14:15;0;0;0
07/05/2018;14:30;0;0;0
07/05/2018;14:45;0;0;0
07/05/2018;15:00;0;0;0
07/05/2018;15:15;0;0;0
07/05/2018;15:30;0;0;0
07/05/2018;15:45;0;0;0
07/05/2018;16:00;0;0;0
07/05/2018;16:15;0;0;0
07/05/2018;16:30;0;0;0
07/05/2018;16:45;0;0;0
07/05/2018;17:00;1;0;1
07/05/2018;17:15;0;0;0
07/05/2018;17:30;0;0;0
07/05/2018;17:45;0;0;0
07/05/2018;18:00;0;0;0
07/05/2018;18:15;0;0;0
07/05/2018;18:30;0;0;0
07/05/2018;18:45;0;0;0
07/05/2018;19:00;0;0;0
07/05/2018;19:15;0;0;0
07/05/2018;19:30;0;0;0
07/05/2018;19:45;0;0;0
07/05/2018;20:00;0;0;0
07/05/2018;20:15;0;0;0
07/05/2018;20:30;0;0;0
07/05/2018;20:45;0;0;0
07/05/2018;21:00;0;0;0
07/05/2018;21:15;0;0;0
07/05/2018;21:30;0;0;0
07/05/2018;21:45;0;0;0
07/05/2018;22:00;0;0;0
07/05/2018;22:15;0;0;0
07/05/2018;22:30;0;0;0
07/05/2018;22:45;0;0;0
07/05/2018;23:00;0;0;0
07/05/2018;23:15;0;0;0
07/05/2018;23:30;0;0;0
07/05/2018;23:45;0;0;0
08/05/2018;00:00;0;0;0
08/05/2018;00:15;0;0;0
08/05/2018;00:30;0;0;0
08/05/2018;00:45;0;0;0
08/05/2018;01:00;0;0;0
08/05/2018;01:15;0;0;0
08/05/2018;01:30;0;0;0
08/05/2018;01:45;0;0;0
08/05/2018;02:00;0;0;0
08/05/2018;02:15;0;0;0
08/05/2018;02:30;0;0;0
08/05/2018;02:45;0;0;0
08/05/2018;03:00;0;0;0
08/05/2018;03:15;0;0;0
08/05/2018;03:30;0;0;0
08/05/2018;03:45;0;0;0
08/05/2018;04:00;0;0;0
08/05/2018;04:15;0;0;0
08/05/2018;04:30;0;0;0
08/05/2018;04:45;0;0;0
08/05/2018;05:00;0;0;0
08/05/2018;05:15;0;0;0
08/05/2018;05:30;0;0;0
08/05/2018;05:45;0;0;0
08/05/2018;06:00;0;0;0
08/05/2018;06:15;0;0;0
08/05/2018;06:30;0;0;0
08/05/2018;06:45;0;0;0
08/05/2018;07:00;0;0;0
08/05/2018;07:15;0;0;0
08/05/2018;07:30;0;0;0
08/05/2018;07:45;0;0;0
08/05/2018;08:00;0;0;0
08/05/2018;08:15;0;0;0
08/05/2018;08:30;0;0;0
08/05/2018;08:45;0;0;0
08/05/2018;09:00;0;0;0
08/05/2018;09:15;0;0;0
08/05/2018;09:30;0;0;0
08/05/2018;09:45;0;0;0
08/05/2018;10:00;0;0;0
08/05/2018;10:15;0;0;0
08/05/2018;10:30;0;0;0
08/05/2018;10:45;0;0;0
08/05/2018;11:00;0;0;0
08/05/2018;11:15;0;0;0
08/05/2018;11:30;0;0;0
08/05/2018;11:45;0;0;0
08/05/2018;12:00;0;0;0
08/05/2018;12:15;0;0;0
08/05/2018;12:30;0;0;0
08/05/2018;12:45;0;0;0
08/05/2018;13:00;0;0;0
08/05/2018;13:15;0;0;0
08/05/2018;13:30;0;0;0
08/05/2018;13:45;0;0;0
08/05/2018;14:00;0;0;0
08/05/2018;14:15;0;0;0
08/05/2018;14:30;0;0;0
08/05/2018;14:45;0;0;0
08/05/2018;15:00;0;0;0
08/05/2018;15:15;0;0;0
08/05/2018;15:30;0;0;0
08/05/2018;15:45;0;0;0
08/05/2018;16:00;0;0;0
08/05/2018;16:15;0;0;0
08/05/2018;16:30;0;0;0
08/05/2018;16:45;0;0;0
08/05/2018;17:00;0;0;0
08/05/2018;17:15;0;0;0
08/05/2018;17:30;0;0;0
08/05/2018;17:45;0;0;0
08/05/2018;18:00;0;0;0
08/05/2018;18:15;0;0;0
08/05/2018;18:30;0;0;0
08/05/2018;18:45;0;0;0
08/05/2018;19:00;0;0;0
08/05/2018;19:15;0;0;0
08/05/2018;19:30;0;0;0
08/05/2018;19:45;0;0;0
08/05/2018;20:00;0;0;0
08/05/2018;20:15;0;0;0
08/05/2018;20:30;0;0;0
08/05/2018;20:45;0;0;0
08/05/2018;21:00;0;0;0
08/05/2018;21:15;0;0;0
08/05/2018;21:30;0;0;0
08/05/2018;21:45;0;0;0
08/05/2018;22:00;0;0;0
08/05/2018;22:15;0;0;0
08/05/2018;22:30;0;0;0
08/05/2018;22:45;0;0;0
08/05/2018;23:00;0;0;0
08/05/2018;23:15;0;0;0
08/05/2018;23:30;0;0;0
08/05/2018;23:45;0;0;0
09/05/2018;00:00;0;0;0
09/05/2018;00:15;0;0;0
09/05/2018;00:30;0;0;0
09/05/2018;00:45;0;0;0
09/05/2018;01:00;0;0;0
09/05/2018;01:15;0;0;0
09/05/2018;01:30;0;0;0
09/05/2018;01:45;0;0;0
09/05/2018;02:00;0;0;0
09/05/2018;02:15;0;0;0
09/05/2018;02:30;0;0;0
09/05/2018;02:45;0;0;0
09/05/2018;03:00;0;0;0
09/05/2018;03:15;0;0;0
09/05/2018;03:30;0;0;0
09/05/2018;03:45;0;0;0
09/05/2018;04:00;0;0;0
09/05/2018;04:15;0;0;0
09/05/2018;04:30;0;0;0
09/05/2018;04:45;0;0;0
09/05/2018;05:00;0;0;0
09/05/2018;05:15;0;0;0
09/05/2018;05:30;0;0;0
09/05/2018;05:45;0;0;0
09/05/2018;06:00;0;0;0
09/05/2018;06:15;0;0;0
09/05/2018;06:30;0;0;0
09/05/2018;06:45;0;0;0
09/05/2018;07:00;0;0;0
09/05/2018;07:15;0;0;0
09/05/2018;07:30;0;0;0
09/05/2018;07:45;0;0;0
09/05/2018;08:00;0;0;0
09/05/2018;08:15;0;0;0
09/05/2018;08:30;0;0;0
09/05/2018;08:45;0;0;0
09/05/2018;09:00;0;0;0
09/05/2018;09:15;0;0;0
09/05/2018;09:30;0;0;0
09/05/2018;09:45;0;0;0
09/05/2018;10:00;0;0;0
09/05/2018;10:15;0;0;0
09/05/2018;10:30;0;0;0
09/05/2018;10:45;0;0;0
09/05/2018;11:00;0;0;0
09/05/2018;11:15;0;0;0
09/05/2018;11:30;0;0;0
09/05/2018;11:45;0;0;0
09/05/2018;12:00;0;0;0
09/05/2018;12:15;0;0;0
09/05/2018;12:30;0;0;0
09/05/2018;12:45;0;0;0
09/05/2018;13:00;0;0;0
09/05/2018;13:15;0;0;0
09/05/2018;13:30;0;0;0
09/05/2018;13:45;0;0;0
09/05/2018;14:00;0;0;0
09/05/2018;14:15;0;0;0
09/05/2018;14:30;0;0;0
09/05/2018;14:45;0;0;0
09/05/2018;15:00;0;0;0
09/05/2018;15:15;0;0;0
09/05/2018;15:30;0;0;0
09/05/2018;15:45;0;0;0
09/05/2018;16:00;0;0;0
09/05/2018;16:15;0;0;0
09/05/2018;16:30;0;0;0
09/05/2018;16:45;0;0;0
09/05/2018;17:00;0;0;0
09/05/2018;17:15;0;0;0
09/05/2018;17:30;0;0;0
09/05/2018;17:45;0;0;0
09/05/2018;18:00;0;0;0
09/05/2018;18:15;0;0;0
09/05/2018;18:30;0;0;0
09/05/2018;18:45;0;0;0
09/05/2018;19:00;0;0;0
09/05/2018;19:15;0;0;0
09/05/2018;19:30;0;0;0
09/05/2018;19:45;0;0;0
09/05/2018;20:00;0;0;0
09/05/2018;20:15;0;0;0
09/05/2018;20:30;0;0;0
09/05/2018;20:45;0;0;0
09/05/2018;21:00;0;0;0
09/05/2018;21:15;0;0;0
09/05/2018;21:30;0;0;0
09/05/2018;21:45;0;0;0
09/05/2018;22:00;0;0;0
09/05/2018;22:15;0;0;0
09/05/2018;22:30;0;0;0
09/05/2018;22:45;0;0;0
09/05/2018;23:00;0;0;0
09/05/2018;23:15;0;0;0
09/05/2018;23:30;0;0;0
09/05/2018;23:45;0;0;0
10/05/2018;00:00;0;0;0
10/05/2018;00:15;0;0;0
10/05/2018;00:30;0;0;0
10/05/2018;00:45;0;0;0
10/05/2018;01:00;0;0;0
10/05/2018;01:15;0;0;0
10/05/2018;01:30;0;0;0
10/05/2018;01:45;0;0;0
10/05/2018;02:00;0;0;0
10/05/2018;02:15;0;0;0
10/05/2018;02:30;0;0;0
10/05/2018;02:45;0;0;0
10/05/2018;03:00;0;0;0
10/05/2018;03:15;0;0;0
10/05/2018;03:30;0;0;0
10/05/2018;03:45;0;0;0
10/05/2018;04:00;0;0;0
10/05/2018;04:15;0;0;0
10/05/2018;04:30;0;0;0
10/05/2018;04:45;0;0;0
10/05/2018;05:00;0;0;0
10/05/2018;05:15;0;0;0
10/05/2018;05:30;0;0;0
10/05/2018;05:45;0;0;0
10/05/2018;06:00;0;0;0
10/05/2018;06:15;0;0;0
10/05/2018;06:30;0;0;0
10/05/2018;06:45;0;0;0
10/05/2018;07:00;0;0;0
10/05/2018;07:15;0;0;0
10/05/2018;07:30;0;0;0
10/05/2018;07:45;0;0;0
10/05/2018;08:00;0;0;0
10/05/2018;08:15;0;0;0
10/05/2018;08:30;0;0;0
10/05/2018;08:45;0;0;0
10/05/2018;09:00;0;0;0
10/05/2018;09:15;0;0;0
10/05/2018;09:30;0;0;0
10/05/2018;09:45;0;0;0
10/05/2018;10:00;0;0;0
10/05/2018;10:15;0;0;0
10/05/2018;10:30;0;0;0
10/05/2018;10:45;0;0;0
10/05/2018;11:00;0;0;0
10/05/2018;11:15;0;0;0
10/05/2018;11:30;0;0;0
10/05/2018;11:45;0;0;0
10/05/2018;12:00;0;0;0
10/05/2018;12:15;0;0;0
10/05/2018;12:30;0;0;0
10/05/2018;12:45;0;0;0
10/05/2018;13:00;0;0;0
10/05/2018;13:15;0;0;0
10/05/2018;13:30;0;0;0
10/05/2018;13:45;0;0;0
10/05/2018;14:00;0;0;0
10/05/2018;14:15;0;0;0
10/05/2018;14:30;0;0;0
10/05/2018;14:45;0;0;0
10/05/2018;15:00;0;0;0
10/05/2018;15:15;0;0;0
10/05/2018;15:30;0;0;0
10/05/2018;15:45;0;0;0
10/05/2018;16:00;0;0;0
10/05/2018;16:15;0;0;0
10/05/2018;16:30;0;0;0
10/05/2018;16:45;0;0;0
10/05/2018;17:00;0;0;0
10/05/2018;17:15;0;0;0
10/05/2018;17:30;0;0;0
10/05/2018;17:45;0;0;0
10/05/2018;18:00;0;0;0
10/05/2018;18:15;0;0;0
10/05/2018;18:30;0;0;0
10/05/2018;18:45;0;0;0
10/05/2018;19:00;0;0;0
10/05/2018;19:15;0;0;0
10/05/2018;19:30;0;0;0
10/05/2018;19:45;0;0;0
10/05/2018;20:00;0;0;0
10/05/2018;20:15;0;0;0
10/05/2018;20:30;0;0;0
10/05/2018;20:45;0;0;0
10/05/2018;21:00;0;0;0
10/05/2018;21:15;0;0;0
10/05/2018;21:30;0;0;0
10/05/2018;21:45;0;0;0
10/05/2018;22:00;0;0;0
10/05/2018;22:15;0;0;0
10/05/2018;22:30;0;0;0
10/05/2018;22:45;0;0;0
10/05/2018;23:00;0;0;0
10/05/2018;23:15;0;0;0
10/05/2018;23:30;0;0;0
10/05/2018;23:45;0;0;0
11/05/2018;00:00;0;0;0
11/05/2018;00:15;0;0;0
11/05/2018;00:30;0;0;0
11/05/2018;00:45;0;0;0
11/05/2018;01:00;0;0;0
11/05/2018;01:15;0;0;0
11/05/2018;01:30;0;0;0
11/05/2018;01:45;0;0;0
11/05/2018;02:00;0;0;0
11/05/2018;02:15;0;0;0
11/05/2018;02:30;0;0;0
11/05/2018;02:45;0;0;0
11/05/2018;03:00;0;0;0
11/05/2018;03:15;0;0;0
11/05/2018;03:30;0;0;0
11/05/2018;03:45;0;0;0
11/05/2018;04:00;0;0;0
11/05/2018;04:15;0;0;0
11/05/2018;04:30;0;0;0
11/05/2018;04:45;0;0;0
11/05/2018;05:00;0;0;0
11/05/2018;05:15;0;0;0
11/05/2018;05:30;0;0;0
11/05/2018;05:45;0;0;0
11/05/2018;06:00;0;0;0
11/05/2018;06:15;0;0;0
11/05/2018;06:30;0;0;0
11/05/2018;06:45;0;0;0
11/05/2018;07:00;0;0;0
11/05/2018;07:15;0;0;0
11/05/2018;07:30;0;0;0
11/05/2018;07:45;0;0;0
11/05/2018;08:00;0;0;0
11/05/2018;08:15;0;0;0
11/05/2018;08:30;0;0;0
11/05/2018;08:45;0;0;0
11/05/2018;09:00;0;0;0
11/05/2018;09:15;0;0;0
11/05/2018;09:30;0;0;0
11/05/2018;09:45;0;0;0
11/05/2018;10:00;0;0;0
11/05/2018;10:15;0;0;0
11/05/2018;10:30;0;0;0
11/05/2018;10:45;0;0;0
11/05/2018;11:00;0;0;0
11/05/2018;11:15;0;0;0
11/05/2018;11:30;0;0;0
11/05/2018;11:45;0;0;0
11/05/2018;12:00;0;0;0
11/05/2018;12:15;0;0;0
11/05/2018;12:30;0;0;0
11/05/2018;12:45;0;0;0
11/05/2018;13:00;0;0;0
11/05/2018;13:15;0;0;0
11/05/2018;13:30;0;0;0
11/05/2018;13:45;0;0;0
11/05/2018;14:00;0;0;0
11/05/2018;14:15;0;0;0
11/05/2018;14:30;0;0;0
11/05/2018;14:45;0;0;0
11/05/2018;15:00;0;0;0
11/05/2018;15:15;0;0;0
11/05/2018;15:30;0;0;0
11/05/2018;15:45;0;0;0
11/05/2018;16:00;0;0;0
11/05/2018;16:15;0;0;0
11/05/2018;16:30;0;0;0
11/05/2018;16:45;0;0;0
11/05/2018;17:00;0;0;0
11/05/2018;17:15;0;0;0
11/05/2018;17:30;0;0;0
11/05/2018;17:45;0;0;0
11/05/2018;18:00;0;0;0
11/05/2018;18:15;0;0;0
11/05/2018;18:30;0;0;0
11/05/2018;18:45;0;0;0
11/05/2018;19:00;0;0;0
11/05/2018;19:15;0;0;0
11/05/2018;19:30;0;0;0
11/05/2018;19:45;0;0;0
11/05/2018;20:00;0;0;0
11/05/2018;20:15;0;0;0
11/05/2018;20:30;0;0;0
11/05/2018;20:45;0;0;0
11/05/2018;21:00;0;0;0
11/05/2018;21:15;0;0;0
11/05/2018;21:30;0;0;0
11/05/2018;21:45;0;0;0
11/05/2018;22:00;0;0;0
11/05/2018;22:15;0;0;0
11/05/2018;22:30;0;0;0
11/05/2018;22:45;0;0;0
11/05/2018;23:00;0;0;0
11/05/2018;23:15;0;0;0
11/05/2018;23:30;0;0;0
11/05/2018;23:45;0;0;0
12/05/2018;00:00;0;0;0
12/05/2018;00:15;0;0;0
12/05/2018;00:30;0;0;0
12/05/2018;00:45;0;0;0
12/05/2018;01:00;0;0;0
12/05/2018;01:15;0;0;0
12/05/2018;01:30;0;0;0
12/05/2018;01:45;0;0;0
12/05/2018;02:00;0;0;0
12/05/2018;02:15;0;0;0
12/05/2018;02:30;0;0;0
12/05/2018;02:45;0;0;0
12/05/2018;03:00;0;0;0
12/05/2018;03:15;0;0;0
12/05/2018;03:30;0;0;0
12/05/2018;03:45;0;0;0
12/05/2018;04:00;0;0;0
12/05/2018;04:15;0;0;0
12/05/2018;04:30;0;0;0
12/05/2018;04:45;0;0;0
12/05/2018;05:00;0;0;0
12/05/2018;05:15;0;0;0
12/05/2018;05:30;0;0;0
12/05/2018;05:45;0;0;0
12/05/2018;06:00;0;0;0
12/05/2018;06:15;0;0;0
12/05/2018;06:30;0;0;0
12/05/2018;06:45;0;0;0
12/05/2018;07:00;0;0;0
12/05/2018;07:15;0;0;0
12/05/2018;07:30;0;0;0
12/05/2018;07:45;0;0;0
12/05/2018;08:00;0;0;0
12/05/2018;08:15;0;0;0
12/05/2018;08:30;0;0;0
12/05/2018;08:45;0;0;0
12/05/2018;09:00;0;0;0
12/05/2018;09:15;0;0;0
12/05/2018;09:30;0;0;0
12/05/2018;09:45;0;0;0
12/05/2018;10:00;0;0;0
12/05/2018;10:15;0;0;0
12/05/2018;10:30;0;0;0
12/05/2018;10:45;0;0;0
12/05/2018;11:00;0;0;0
12/05/2018;11:15;0;0;0
12/05/2018;11:30;0;0;0
12/05/2018;11:45;0;0;0
12/05/2018;12:00;0;0;0
12/05/2018;12:15;0;0;0
12/05/2018;12:30;0;0;0
12/05/2018;12:45;0;0;0
12/05/2018;13:00;0;0;0
12/05/2018;13:15;0;0;0
12/05/2018;13:30;0;0;0
12/05/2018;13:45;0;0;0
12/05/2018;14:00;0;0;0
12/05/2018;14:15;0;0;0
12/05/2018;14:30;0;0;0
12/05/2018;14:45;0;0;0
12/05/2018;15:00;0;0;0
12/05/2018;15:15;0;0;0
12/05/2018;15:30;0;0;0
12/05/2018;15:45;0;0;0
12/05/2018;16:00;0;0;0
12/05/2018;16:15;0;0;0
12/05/2018;16:30;0;0;0
12/05/2018;16:45;0;0;0
12/05/2018;17:00;0;0;0
12/05/2018;17:15;0;0;0
12/05/2018;17:30;0;0;0
12/05/2018;17:45;0;0;0
12/05/2018;18:00;0;0;0
12/05/2018;18:15;0;0;0
12/05/2018;18:30;0;0;0
12/05/2018;18:45;0;0;0
12/05/2018;19:00;0;0;0
12/05/2018;19:15;0;0;0
12/05/2018;19:30;0;0;0
12/05/2018;19:45;0;0;0
12/05/2018;20:00;0;0;0
12/05/2018;20:15;0;0;0
12/05/2018;20:30;0;0;0
12/05/2018;20:45;0;0;0
12/05/2018;21:00;0;0;0
12/05/2018;21:15;0;0;0
12/05/2018;21:30;0;0;0
12/05/2018;21:45;0;0;0
12/05/2018;22:00;0;0;0
12/05/2018;22:15;0;0;0
12/05/2018;22:30;0;0;0
12/05/2018;22:45;0;0;0
12/05/2018;23:00;0;0;0
12/05/2018;23:15;0;0;0
12/05/2018;23:30;0;0;0
12/05/2018;23:45;0;0;0
13/05/2018;00:00;0;0;0
13/05/2018;00:15;0;0;0
13/05/2018;00:30;0;0;0
13/05/2018;00:45;0;0;0
13/05/2018;01:00;0;0;0
13/05/2018;01:15;0;0;0
13/05/2018;01:30;0;0;0
13/05/2018;01:45;0;0;0
13/05/2018;02:00;0;0;0
13/05/2018;02:15;0;0;0
13/05/2018;02:30;0;0;0
13/05/2018;02:45;0;0;0
13/05/2018;03:00;0;0;0
13/05/2018;03:15;0;0;0
13/05/2018;03:30;0;0;0
13/05/2018;03:45;0;0;0
13/05/2018;04:00;0;0;0
13/05/2018;04:15;0;0;0
13/05/2018;04:30;0;0;0
13/05/2018;04:45;0;0;0
13/05/2018;05:00;0;0;0
13/05/2018;05:15;0;0;0
13/05/2018;05:30;0;0;0
13/05/2018;05:45;0;0;0
13/05/2018;06:00;0;0;0
13/05/2018;06:15;0;0;0
13/05/2018;06:30;0;0;0
13/05/2018;06:45;0;0;0
13/05/2018;07:00;0;0;0
13/05/2018;07:15;0;0;0
13/05/2018;07:30;0;0;0
13/05/2018;07:45;0;0;0
13/05/2018;08:00;0;0;0
13/05/2018;08:15;0;0;0
13/05/2018;08:30;0;0;0
13/05/2018;08:45;0;0;0
13/05/2018;09:00;0;0;0
13/05/2018;09:15;0;0;0
13/05/2018;09:30;0;0;0
13/05/2018;09:45;0;0;0
13/05/2018;10:00;0;0;0
13/05/2018;10:15;0;0;0
13/05/2018;10:30;0;0;0
13/05/2018;10:45;0;0;0
13/05/2018;11:00;0;0;0
13/05/2018;11:15;0;0;0
13/05/2018;11:30;0;0;0
13/05/2018;11:45;0;0;0
13/05/2018;12:00;0;0;0
13/05/2018;12:15;0;0;0
13/05/2018;12:30;0;0;0
13/05/2018;12:45;0;0;0
13/05/2018;13:00;0;0;0
13/05/2018;13:15;0;0;0
13/05/2018;13:30;0;0;0
13/05/2018;13:45;0;0;0
13/05/2018;14:00;0;0;0
13/05/2018;14:15;0;0;0
13/05/2018;14:30;0;0;0
13/05/2018;14:45;0;0;0
13/05/2018;15:00;0;0;0
13/05/2018;15:15;0;0;0
13/05/2018;15:30;0;0;0
13/05/2018;15:45;0;0;0
13/05/2018;16:00;0;0;0
13/05/2018;16:15;0;0;0
13/05/2018;16:30;0;0;0
13/05/2018;16:45;0;0;0
13/05/2018;17:00;0;0;0
13/05/2018;17:15;0;0;0
13/05/2018;17:30;0;0;0
13/05/2018;17:45;0;0;0
13/05/2018;18:00;0;0;0
13/05/2018;18:15;0;0;0
13/05/2018;18:30;0;0;0
13/05/2018;18:45;0;0;0
13/05/2018;19:00;0;0;0
13/05/2018;19:15;0;0;0
13/05/2018;19:30;0;0;0
13/05/2018;19:45;0;0;0
13/05/2018;20:00;0;0;0
13/05/2018;20:15;0;0;0
13/05/2018;20:30;0;0;0
13/05/2018;20:45;0;0;0
13/05/2018;21:00;0;0;0
13/05/2018;21:15;0;0;0
13/05/2018;21:30;0;0;0
13/05/2018;21:45;0;0;0
13/05/2018;22:00;0;0;0
13/05/2018;22:15;0;0;0
13/05/2018;22:30;0;0;0
13/05/2018;22:45;0;0;0
13/05/2018;23:00;0;0;0
13/05/2018;23:15;0;0;0
13/05/2018;23:30;0;0;0
13/05/2018;23:45;0;0;0
14/05/2018;00:00;0;0;0
14/05/2018;00:15;0;0;0
14/05/2018;00:30;0;0;0
14/05/2018;00:45;0;0;0
14/05/2018;01:00;0;0;0
14/05/2018;01:15;0;0;0
14/05/2018;01:30;0;0;0
14/05/2018;01:45;0;0;0
14/05/2018;02:00;0;0;0
14/05/2018;02:15;0;0;0
14/05/2018;02:30;0;0;0
14/05/2018;02:45;0;0;0
14/05/2018;03:00;0;0;0
14/05/2018;03:15;0;0;0
14/05/2018;03:30;0;0;0
14/05/2018;03:45;0;0;0
14/05/2018;04:00;0;0;0
14/05/2018;04:15;0;0;0
14/05/2018;04:30;0;0;0
14/05/2018;04:45;0;0;0
14/05/2018;05:00;0;0;0
14/05/2018;05:15;0;0;0
14/05/2018;05:30;0;0;0
14/05/2018;05:45;0;0;0
14/05/2018;06:00;0;0;0
14/05/2018;06:15;0;0;0
14/05/2018;06:30;0;0;0
14/05/2018;06:45;0;0;0
14/05/2018;07:00;0;0;0
14/05/2018;07:15;0;0;0
14/05/2018;07:30;0;0;0
14/05/2018;07:45;0;0;0
14/05/2018;08:00;0;0;0
14/05/2018;08:15;0;0;0
14/05/2018;08:30;0;0;0
14/05/2018;08:45;0;0;0
14/05/2018;09:00;0;0;0
14/05/2018;09:15;0;0;0
14/05/2018;09:30;0;0;0
14/05/2018;09:45;0;0;0
14/05/2018;10:00;0;0;0
14/05/2018;10:15;0;0;0
14/05/2018;10:30;0;0;0
14/05/2018;10:45;0;0;0
14/05/2018;11:00;0;0;0
14/05/2018;11:15;0;0;0
14/05/2018;11:30;0;0;0
14/05/2018;11:45;0;0;0
14/05/2018;12:00;0;0;0
14/05/2018;12:15;0;0;0
14/05/2018;12:30;0;0;0
14/05/2018;12:45;0;0;0
14/05/2018;13:00;0;0;0
14/05/2018;13:15;0;0;0
14/05/2018;13:30;0;0;0
14/05/2018;13:45;0;0;0
14/05/2018;14:00;0;0;0
14/05/2018;14:15;0;0;0
14/05/2018;14:30;0;0;0
14/05/2018;14:45;0;0;0
14/05/2018;15:00;0;0;0
14/05/2018;15:15;0;0;0
14/05/2018;15:30;0;0;0
14/05/2018;15:45;0;0;0
14/05/2018;16:00;0;0;0
14/05/2018;16:15;0;0;0
14/05/2018;16:30;0;0;0
14/05/2018;16:45;0;0;0
14/05/2018;17:00;0;0;0
14/05/2018;17:15;0;0;0
14/05/2018;17:30;0;0;0
14/05/2018;17:45;0;0;0
14/05/2018;18:00;0;0;0
14/05/2018;18:15;0;0;0
14/05/2018;18:30;0;0;0
14/05/2018;18:45;0;0;0
14/05/2018;19:00;0;0;0
14/05/2018;19:15;0;0;0
14/05/2018;19:30;0;0;0
14/05/2018;19:45;0;0;0
14/05/2018;20:00;0;0;0
14/05/2018;20:15;0;0;0
14/05/2018;20:30;0;0;0
14/05/2018;20:45;0;0;0
14/05/2018;21:00;0;0;0
14/05/2018;21:15;0;0;0
14/05/2018;21:30;0;0;0
14/05/2018;21:45;0;0;0
14/05/2018;22:00;0;0;0
14/05/2018;22:15;0;0;0
14/05/2018;22:30;0;0;0
14/05/2018;22:45;0;0;0
14/05/2018;23:00;0;0;0
14/05/2018;23:15;0;0;0
14/05/2018;23:30;0;0;0
14/05/2018;23:45;0;0;0
15/05/2018;00:00;0;0;0
15/05/2018;00:15;0;0;0
15/05/2018;00:30;0;0;0
15/05/2018;00:45;0;0;0
15/05/2018;01:00;0;0;0
15/05/2018;01:15;0;0;0
15/05/2018;01:30;0;0;0
15/05/2018;01:45;0;0;0
15/05/2018;02:00;0;0;0
15/05/2018;02:15;0;0;0
15/05/2018;02:30;0;0;0
15/05/2018;02:45;0;0;0
15/05/2018;03:00;0;0;0
15/05/2018;03:15;0;0;0
15/05/2018;03:30;0;0;0
15/05/2018;03:45;0;0;0
15/05/2018;04:00;0;0;0
15/05/2018;04:15;0;0;0
15/05/2018;04:30;0;0;0
15/05/2018;04:45;0;0;0
15/05/2018;05:00;0;0;0
15/05/2018;05:15;0;0;0
15/05/2018;05:30;0;0;0
15/05/2018;05:45;0;0;0
15/05/2018;06:00;0;0;0
15/05/2018;06:15;0;0;0
15/05/2018;06:30;0;0;0
15/05/2018;06:45;0;0;0
15/05/2018;07:00;0;0;0
15/05/2018;07:15;0;0;0
15/05/2018;07:30;0;0;0
15/05/2018;07:45;0;0;0
15/05/2018;08:00;0;0;0
15/05/2018;08:15;0;0;0
15/05/2018;08:30;0;0;0
15/05/2018;08:45;0;0;0
15/05/2018;09:00;0;0;0
15/05/2018;09:15;0;0;0
15/05/2018;09:30;0;0;0
15/05/2018;09:45;0;0;0
15/05/2018;10:00;0;0;0
15/05/2018;10:15;0;0;0
15/05/2018;10:30;0;0;0
15/05/2018;10:45;0;0;0
15/05/2018;11:00;0;0;0
15/05/2018;11:15;0;0;0
15/05/2018;11:30;0;0;0
15/05/2018;11:45;0;0;0
15/05/2018;12:00;0;0;0
15/05/2018;12:15;0;0;0
15/05/2018;12:30;0;0;0
15/05/2018;12:45;0;0;0
15/05/2018;13:00;0;0;0
15/05/2018;13:15;0;0;0
15/05/2018;13:30;0;0;0
15/05/2018;13:45;0;0;0
15/05/2018;14:00;0;0;0
15/05/2018;14:15;0;0;0
15/05/2018;14:30;0;0;0
15/05/2018;14:45;0;0;0
15/05/2018;15:00;0;0;0
15/05/2018;15:15;0;0;0
15/05/2018;15:30;0;0;0
15/05/2018;15:45;0;0;0
15/05/2018;16:00;0;0;0
15/05/2018;16:15;0;0;0
15/05/2018;16:30;0;0;0
15/05/2018;16:45;0;0;0
15/05/2018;17:00;0;0;0
15/05/2018;17:15;0;0;0
15/05/2018;17:30;0;0;0
15/05/2018;17:45;0;0;0
15/05/2018;18:00;0;0;0
15/05/2018;18:15;0;0;0
15/05/2018;18:30;0;0;0
15/05/2018;18:45;0;0;0
15/05/2018;19:00;0;0;0
15/05/2018;19:15;0;0;0
15/05/2018;19:30;0;0;0
15/05/2018;19:45;0;0;0
15/05/2018;20:00;0;0;0
15/05/2018;20:15;0;0;0
15/05/2018;20:30;0;0;0
15/05/2018;20:45;0;0;0
15/05/2018;21:00;0;0;0
15/05/2018;21:15;0;0;0
15/05/2018;21:30;0;0;0
15/05/2018;21:45;0;0;0
15/05/2018;22:00;0;0;0
15/05/2018;22:15;0;0;0
15/05/2018;22:30;0;0;0
15/05/2018;22:45;0;0;0
15/05/2018;23:00;0;0;0
15/05/2018;23:15;0;0;0
15/05/2018;23:30;0;0;0
15/05/2018;23:45;0;0;0
16/05/2018;00:00;0;0;0
16/05/2018;00:15;0;0;0
16/05/2018;00:30;0;0;0
16/05/2018;00:45;0;0;0
16/05/2018;01:00;0;0;0
16/05/2018;01:15;0;0;0
16/05/2018;01:30;0;0;0
16/05/2018;01:45;0;0;0
16/05/2018;02:00;0;0;0
16/05/2018;02:15;0;0;0
16/05/2018;02:30;0;0;0
16/05/2018;02:45;0;0;0
16/05/2018;03:00;0;0;0
16/05/2018;03:15;0;0;0
16/05/2018;03:30;0;0;0
16/05/2018;03:45;0;0;0
16/05/2018;04:00;0;0;0
16/05/2018;04:15;0;0;0
16/05/2018;04:30;0;0;0
16/05/2018;04:45;0;0;0
16/05/2018;05:00;0;0;0
16/05/2018;05:15;0;0;0
16/05/2018;05:30;0;0;0
16/05/2018;05:45;0;0;0
16/05/2018;06:00;0;0;0
16/05/2018;06:15;0;0;0
16/05/2018;06:30;0;0;0
16/05/2018;06:45;0;0;0
16/05/2018;07:00;0;0;0
16/05/2018;07:15;0;0;0
16/05/2018;07:30;0;0;0
16/05/2018;07:45;0;0;0
16/05/2018;08:00;0;0;0
16/05/2018;08:15;0;0;0
16/05/2018;08:30;0;0;0
16/05/2018;08:45;0;0;0
16/05/2018;09:00;0;0;0
16/05/2018;09:15;0;0;0
16/05/2018;09:30;0;0;0
16/05/2018;09:45;0;0;0
16/05/2018;10:00;0;0;0
16/05/2018;10:15;0;0;0
16/05/2018;10:30;0;0;0
16/05/2018;10:45;0;0;0
16/05/2018;11:00;0;0;0
16/05/2018;11:15;0;0;0
16/05/2018;11:30;0;0;0
16/05/2018;11:45;0;0;0
16/05/2018;12:00;0;0;0
16/05/2018;12:15;0;0;0
16/05/2018;12:30;0;0;0
16/05/2018;12:45;0;0;0
16/05/2018;13:00;0;0;0
16/05/2018;13:15;0;0;0
16/05/2018;13:30;0;0;0
16/05/2018;13:45;0;0;0
16/05/2018;14:00;0;0;0
16/05/2018;14:15;0;0;0
16/05/2018;14:30;0;0;0
16/05/2018;14:45;0;0;0
16/05/2018;15:00;0;0;0
16/05/2018;15:15;0;0;0
16/05/2018;15:30;0;0;0
16/05/2018;15:45;0;0;0
16/05/2018;16:00;0;0;0
16/05/2018;16:15;0;0;0
16/05/2018;16:30;0;0;0
16/05/2018;16:45;0;0;0
16/05/2018;17:00;0;0;0
16/05/2018;17:15;0;0;0
16/05/2018;17:30;0;0;0
16/05/2018;17:45;0;0;0
16/05/2018;18:00;0;0;0
16/05/2018;18:15;0;0;0
16/05/2018;18:30;0;0;0
16/05/2018;18:45;0;0;0
16/05/2018;19:00;0;0;0
16/05/2018;19:15;0;0;0
16/05/2018;19:30;0;0;0
16/05/2018;19:45;0;0;0
16/05/2018;20:00;0;0;0
16/05/2018;20:15;0;0;0
16/05/2018;20:30;0;0;0
16/05/2018;20:45;0;0;0
16/05/2018;21:00;0;0;0
16/05/2018;21:15;0;0;0
16/05/2018;21:30;0;0;0
16/05/2018;21:45;0;0;0
16/05/2018;22:00;0;0;0
16/05/2018;22:15;0;0;0
16/05/2018;22:30;0;0;0
16/05/2018;22:45;0;0;0
16/05/2018;23:00;0;0;0
16/05/2018;23:15;0;0;0
16/05/2018;23:30;0;0;0
16/05/2018;23:45;0;0;0
17/05/2018;00:00;0;0;0
17/05/2018;00:15;0;0;0
17/05/2018;00:30;0;0;0
17/05/2018;00:45;0;0;0
17/05/2018;01:00;0;0;0
17/05/2018;01:15;0;0;0
17/05/2018;01:30;0;0;0
17/05/2018;01:45;0;0;0
17/05/2018;02:00;0;0;0
17/05/2018;02:15;0;0;0
17/05/2018;02:30;0;0;0
17/05/2018;02:45;0;0;0
17/05/2018;03:00;0;0;0
17/05/2018;03:15;0;0;0
17/05/2018;03:30;0;0;0
17/05/2018;03:45;0;0;0
17/05/2018;04:00;0;0;0
17/05/2018;04:15;0;0;0
17/05/2018;04:30;0;0;0
17/05/2018;04:45;0;0;0
17/05/2018;05:00;0;0;0
17/05/2018;05:15;0;0;0
17/05/2018;05:30;0;0;0
17/05/2018;05:45;0;0;0
17/05/2018;06:00;0;0;0
17/05/2018;06:15;0;0;0
17/05/2018;06:30;0;0;0
17/05/2018;06:45;0;0;0
17/05/2018;07:00;0;0;0
17/05/2018;07:15;0;0;0
17/05/2018;07:30;0;0;0
17/05/2018;07:45;0;0;0
17/05/2018;08:00;0;0;0
17/05/2018;08:15;0;0;0
17/05/2018;08:30;0;0;0
17/05/2018;08:45;0;0;0
17/05/2018;09:00;0;0;0
17/05/2018;09:15;0;0;0
17/05/2018;09:30;0;0;0
17/05/2018;09:45;0;0;0
17/05/2018;10:00;0;0;0
17/05/2018;10:15;0;0;0
17/05/2018;10:30;0;0;0
17/05/2018;10:45;0;0;0
17/05/2018;11:00;0;0;0
17/05/2018;11:15;0;0;0
17/05/2018;11:30;0;0;0
17/05/2018;11:45;0;0;0
17/05/2018;12:00;0;0;0
17/05/2018;12:15;0;0;0
17/05/2018;12:30;0;0;0
17/05/2018;12:45;0;0;0
17/05/2018;13:00;0;0;0
17/05/2018;13:15;0;0;0
17/05/2018;13:30;0;0;0
17/05/2018;13:45;0;0;0
17/05/2018;14:00;0;0;0
17/05/2018;14:15;0;0;0
17/05/2018;14:30;0;0;0
17/05/2018;14:45;0;0;0
17/05/2018;15:00;0;0;0
17/05/2018;15:15;0;0;0
17/05/2018;15:30;0;0;0
17/05/2018;15:45;0;0;0
17/05/2018;16:00;0;0;0
17/05/2018;16:15;0;0;0
17/05/2018;16:30;0;0;0
17/05/2018;16:45;0;0;0
17/05/2018;17:00;0;0;0
17/05/2018;17:15;0;0;0
17/05/2018;17:30;0;0;0
17/05/2018;17:45;0;0;0
17/05/2018;18:00;0;0;0
17/05/2018;18:15;0;0;0
17/05/2018;18:30;0;0;0
17/05/2018;18:45;0;0;0
17/05/2018;19:00;0;0;0
17/05/2018;19:15;0;0;0
17/05/2018;19:30;0;0;0
17/05/2018;19:45;0;0;0
17/05/2018;20:00;0;0;0
17/05/2018;20:15;0;0;0
17/05/2018;20:30;0;0;0
17/05/2018;20:45;0;0;0
17/05/2018;21:00;0;0;0
17/05/2018;21:15;0;0;0
17/05/2018;21:30;0;0;0
17/05/2018;21:45;0;0;0
17/05/2018;22:00;0;0;0
17/05/2018;22:15;0;0;0
17/05/2018;22:30;0;0;0
17/05/2018;22:45;0;0;0
17/05/2018;23:00;0;0;0
17/05/2018;23:15;0;0;0
17/05/2018;23:30;0;0;0
17/05/2018;23:45;0;0;0
18/05/2018;00:00;0;0;0
18/05/2018;00:15;0;0;0
18/05/2018;00:30;0;0;0
18/05/2018;00:45;0;0;0
18/05/2018;01:00;0;0;0
18/05/2018;01:15;0;0;0
18/05/2018;01:30;0;0;0
18/05/2018;01:45;0;0;0
18/05/2018;02:00;0;0;0
18/05/2018;02:15;0;0;0
18/05/2018;02:30;0;0;0
18/05/2018;02:45;0;0;0
18/05/2018;03:00;0;0;0
18/05/2018;03:15;0;0;0
18/05/2018;03:30;0;0;0
18/05/2018;03:45;0;0;0
18/05/2018;04:00;0;0;0
18/05/2018;04:15;0;0;0
18/05/2018;04:30;0;0;0
18/05/2018;04:45;0;0;0
18/05/2018;05:00;0;0;0
18/05/2018;05:15;0;0;0
18/05/2018;05:30;0;0;0
18/05/2018;05:45;0;0;0
18/05/2018;06:00;0;0;0
18/05/2018;06:15;0;0;0
18/05/2018;06:30;0;0;0
18/05/2018;06:45;0;0;0
18/05/2018;07:00;0;0;0
18/05/2018;07:15;0;0;0
18/05/2018;07:30;0;0;0
18/05/2018;07:45;0;0;0
18/05/2018;08:00;0;0;0
18/05/2018;08:15;0;0;0
18/05/2018;08:30;0;0;0
18/05/2018;08:45;0;0;0
18/05/2018;09:00;0;0;0
18/05/2018;09:15;0;0;0
18/05/2018;09:30;0;0;0
18/05/2018;09:45;0;0;0
18/05/2018;10:00;0;0;0
18/05/2018;10:15;0;0;0
18/05/2018;10:30;0;0;0
18/05/2018;10:45;0;0;0
18/05/2018;11:00;0;0;0
18/05/2018;11:15;0;0;0
18/05/2018;11:30;0;0;0
18/05/2018;11:45;0;0;0
18/05/2018;12:00;0;0;0
18/05/2018;12:15;0;0;0
18/05/2018;12:30;0;0;0
18/05/2018;12:45;0;0;0
18/05/2018;13:00;0;0;0
18/05/2018;13:15;0;0;0
18/05/2018;13:30;0;0;0
18/05/2018;13:45;0;0;0
18/05/2018;14:00;0;0;0
18/05/2018;14:15;0;0;0
18/05/2018;14:30;0;0;0
18/05/2018;14:45;0;0;0
18/05/2018;15:00;0;0;0
18/05/2018;15:15;0;0;0
18/05/2018;15:30;0;0;0
18/05/2018;15:45;0;0;0
18/05/2018;16:00;0;0;0
18/05/2018;16:15;0;0;0
18/05/2018;16:30;0;0;0
18/05/2018;16:45;0;0;0
18/05/2018;17:00;0;0;0
18/05/2018;17:15;0;0;0
18/05/2018;17:30;0;0;0
18/05/2018;17:45;0;0;0
18/05/2018;18:00;0;0;0
18/05/2018;18:15;0;0;0
18/05/2018;18:30;0;0;0
18/05/2018;18:45;0;0;0
18/05/2018;19:00;0;0;0
18/05/2018;19:15;0;0;0
18/05/2018;19:30;0;0;0
18/05/2018;19:45;0;0;0
18/05/2018;20:00;0;0;0
18/05/2018;20:15;0;0;0
18/05/2018;20:30;0;0;0
18/05/2018;20:45;0;0;0
18/05/2018;21:00;0;0;0
18/05/2018;21:15;0;0;0
18/05/2018;21:30;0;0;0
18/05/2018;21:45;0;0;0
18/05/2018;22:00;0;0;0
18/05/2018;22:15;0;0;0
18/05/2018;22:30;0;0;0
18/05/2018;22:45;0;0;0
18/05/2018;23:00;0;0;0
18/05/2018;23:15;0;0;0
18/05/2018;23:30;0;0;0
18/05/2018;23:45;0;0;0
19/05/2018;00:00;0;0;0
19/05/2018;00:15;0;0;0
19/05/2018;00:30;0;0;0
19/05/2018;00:45;0;0;0
19/05/2018;01:00;0;0;0
19/05/2018;01:15;0;0;0
19/05/2018;01:30;0;0;0
19/05/2018;01:45;0;0;0
19/05/2018;02:00;0;0;0
19/05/2018;02:15;0;0;0
19/05/2018;02:30;0;0;0
19/05/2018;02:45;0;0;0
19/05/2018;03:00;0;0;0
19/05/2018;03:15;0;0;0
19/05/2018;03:30;0;0;0
19/05/2018;03:45;0;0;0
19/05/2018;04:00;0;0;0
19/05/2018;04:15;0;0;0
19/05/2018;04:30;0;0;0
19/05/2018;04:45;0;0;0
19/05/2018;05:00;0;0;0
19/05/2018;05:15;0;0;0
19/05/2018;05:30;0;0;0
19/05/2018;05:45;0;0;0
19/05/2018;06:00;0;0;0
19/05/2018;06:15;0;0;0
19/05/2018;06:30;0;0;0
19/05/2018;06:45;0;0;0
19/05/2018;07:00;0;0;0
19/05/2018;07:15;0;0;0
19/05/2018;07:30;0;0;0
19/05/2018;07:45;0;0;0
19/05/2018;08:00;0;0;0
19/05/2018;08:15;0;0;0
19/05/2018;08:30;0;0;0
19/05/2018;08:45;0;0;0
19/05/2018;09:00;0;0;0
19/05/2018;09:15;0;0;0
19/05/2018;09:30;0;0;0
19/05/2018;09:45;0;0;0
19/05/2018;10:00;0;0;0
19/05/2018;10:15;0;0;0
19/05/2018;10:30;0;0;0
19/05/2018;10:45;0;0;0
19/05/2018;11:00;0;0;0
19/05/2018;11:15;0;0;0
19/05/2018;11:30;0;0;0
19/05/2018;11:45;0;0;0
19/05/2018;12:00;0;0;0
19/05/2018;12:15;0;0;0
19/05/2018;12:30;0;0;0
19/05/2018;12:45;0;0;0
19/05/2018;13:00;0;0;0
19/05/2018;13:15;0;0;0
19/05/2018;13:30;0;0;0
19/05/2018;13:45;0;0;0
19/05/2018;14:00;0;0;0
19/05/2018;14:15;0;0;0
19/05/2018;14:30;0;0;0
19/05/2018;14:45;0;0;0
19/05/2018;15:00;0;0;0
19/05/2018;15:15;0;0;0
19/05/2018;15:30;0;0;0
19/05/2018;15:45;0;0;0
19/05/2018;16:00;0;0;0
19/05/2018;16:15;0;0;0
19/05/2018;16:30;0;0;0
19/05/2018;16:45;0;0;0
19/05/2018;17:00;0;0;0
19/05/2018;17:15;0;0;0
19/05/2018;17:30;0;0;0
19/05/2018;17:45;0;0;0
19/05/2018;18:00;0;0;0
19/05/2018;18:15;0;0;0
19/05/2018;18:30;0;0;0
19/05/2018;18:45;0;0;0
19/05/2018;19:00;0;0;0
19/05/2018;19:15;0;0;0
19/05/2018;19:30;0;0;0
19/05/2018;19:45;0;0;0
19/05/2018;20:00;0;0;0
19/05/2018;20:15;0;0;0
19/05/2018;20:30;0;0;0
19/05/2018;20:45;0;0;0
19/05/2018;21:00;0;0;0
19/05/2018;21:15;0;0;0
19/05/2018;21:30;0;0;0
19/05/2018;21:45;0;0;0
19/05/2018;22:00;0;0;0
19/05/2018;22:15;0;0;0
19/05/2018;22:30;0;0;0
19/05/2018;22:45;0;0;0
19/05/2018;23:00;0;0;0
19/05/2018;23:15;0;0;0
19/05/2018;23:30;0;0;0
19/05/2018;23:45;0;0;0
20/05/2018;00:00;0;0;0
20/05/2018;00:15;0;0;0
20/05/2018;00:30;0;0;0
20/05/2018;00:45;0;0;0
20/05/2018;01:00;0;0;0
20/05/2018;01:15;0;0;0
20/05/2018;01:30;0;0;0
20/05/2018;01:45;0;0;0
20/05/2018;02:00;0;0;0
20/05/2018;02:15;0;0;0
20/05/2018;02:30;0;0;0
20/05/2018;02:45;0;0;0
20/05/2018;03:00;0;0;0
20/05/2018;03:15;0;0;0
20/05/2018;03:30;0;0;0
20/05/2018;03:45;0;0;0
20/05/2018;04:00;0;0;0
20/05/2018;04:15;0;0;0
20/05/2018;04:30;0;0;0
20/05/2018;04:45;0;0;0
20/05/2018;05:00;0;0;0
20/05/2018;05:15;0;0;0
20/05/2018;05:30;0;0;0
20/05/2018;05:45;0;0;0
20/05/2018;06:00;0;0;0
20/05/2018;06:15;0;0;0
20/05/2018;06:30;0;0;0
20/05/2018;06:45;0;0;0
20/05/2018;07:00;0;0;0
20/05/2018;07:15;0;0;0
20/05/2018;07:30;0;0;0
20/05/2018;07:45;0;0;0
20/05/2018;08:00;0;0;0
20/05/2018;08:15;0;0;0
20/05/2018;08:30;0;0;0
20/05/2018;08:45;0;0;0
20/05/2018;09:00;0;0;0
20/05/2018;09:15;0;0;0
20/05/2018;09:30;0;0;0
20/05/2018;09:45;0;0;0
20/05/2018;10:00;0;0;0
20/05/2018;10:15;0;0;0
20/05/2018;10:30;0;0;0
20/05/2018;10:45;0;0;0
20/05/2018;11:00;0;0;0
20/05/2018;11:15;0;0;0
20/05/2018;11:30;0;0;0
20/05/2018;11:45;0;0;0
20/05/2018;12:00;0;0;0
20/05/2018;12:15;0;0;0
20/05/2018;12:30;0;0;0
20/05/2018;12:45;0;0;0
20/05/2018;13:00;0;0;0
20/05/2018;13:15;0;0;0
20/05/2018;13:30;0;0;0
20/05/2018;13:45;0;0;0
20/05/2018;14:00;0;0;0
20/05/2018;14:15;0;0;0
20/05/2018;14:30;0;0;0
20/05/2018;14:45;0;0;0
20/05/2018;15:00;0;0;0
20/05/2018;15:15;0;0;0
20/05/2018;15:30;0;0;0
20/05/2018;15:45;0;0;0
20/05/2018;16:00;0;0;0
20/05/2018;16:15;0;0;0
20/05/2018;16:30;0;0;0
20/05/2018;16:45;0;0;0
20/05/2018;17:00;0;0;0
20/05/2018;17:15;0;0;0
20/05/2018;17:30;0;0;0
20/05/2018;17:45;0;0;0
20/05/2018;18:00;0;0;0
20/05/2018;18:15;0;0;0
20/05/2018;18:30;0;0;0
20/05/2018;18:45;0;0;0
20/05/2018;19:00;0;0;0
20/05/2018;19:15;0;0;0
20/05/2018;19:30;0;0;0
20/05/2018;19:45;0;0;0
20/05/2018;20:00;0;0;0
20/05/2018;20:15;0;0;0
20/05/2018;20:30;0;0;0
20/05/2018;20:45;0;0;0
20/05/2018;21:00;0;0;0
20/05/2018;21:15;0;0;0
20/05/2018;21:30;0;0;0
20/05/2018;21:45;0;0;0
20/05/2018;22:00;0;0;0
20/05/2018;22:15;0;0;0
20/05/2018;22:30;0;0;0
20/05/2018;22:45;1;1;0
20/05/2018;23:00;0;0;0
20/05/2018;23:15;0;0;0
20/05/2018;23:30;0;0;0
20/05/2018;23:45;0;0;0
21/05/2018;00:00;0;0;0
21/05/2018;00:15;0;0;0
21/05/2018;00:30;0;0;0
21/05/2018;00:45;0;0;0
21/05/2018;01:00;0;0;0
21/05/2018;01:15;0;0;0
21/05/2018;01:30;0;0;0
21/05/2018;01:45;0;0;0
21/05/2018;02:00;0;0;0
21/05/2018;02:15;0;0;0
21/05/2018;02:30;0;0;0
21/05/2018;02:45;0;0;0
21/05/2018;03:00;0;0;0
21/05/2018;03:15;0;0;0
21/05/2018;03:30;0;0;0
21/05/2018;03:45;0;0;0
21/05/2018;04:00;0;0;0
21/05/2018;04:15;0;0;0
21/05/2018;04:30;0;0;0
21/05/2018;04:45;0;0;0
21/05/2018;05:00;0;0;0
21/05/2018;05:15;0;0;0
21/05/2018;05:30;0;0;0
21/05/2018;05:45;0;0;0
21/05/2018;06:00;0;0;0
21/05/2018;06:15;0;0;0
21/05/2018;06:30;0;0;0
21/05/2018;06:45;0;0;0
21/05/2018;07:00;0;0;0
21/05/2018;07:15;0;0;0
21/05/2018;07:30;0;0;0
21/05/2018;07:45;0;0;0
21/05/2018;08:00;0;0;0
21/05/2018;08:15;0;0;0
21/05/2018;08:30;0;0;0
21/05/2018;08:45;0;0;0
21/05/2018;09:00;0;0;0
21/05/2018;09:15;0;0;0
21/05/2018;09:30;0;0;0
21/05/2018;09:45;0;0;0
21/05/2018;10:00;0;0;0
21/05/2018;10:15;0;0;0
21/05/2018;10:30;0;0;0
21/05/2018;10:45;0;0;0
21/05/2018;11:00;0;0;0
21/05/2018;11:15;0;0;0
21/05/2018;11:30;0;0;0
21/05/2018;11:45;0;0;0
21/05/2018;12:00;0;0;0
21/05/2018;12:15;0;0;0
21/05/2018;12:30;0;0;0
21/05/2018;12:45;0;0;0
21/05/2018;13:00;0;0;0
21/05/2018;13:15;0;0;0
21/05/2018;13:30;0;0;0
21/05/2018;13:45;0;0;0
21/05/2018;14:00;0;0;0
21/05/2018;14:15;0;0;0
21/05/2018;14:30;0;0;0
21/05/2018;14:45;0;0;0
21/05/2018;15:00;0;0;0
21/05/2018;15:15;0;0;0
21/05/2018;15:30;0;0;0
21/05/2018;15:45;0;0;0
21/05/2018;16:00;0;0;0
21/05/2018;16:15;0;0;0
21/05/2018;16:30;0;0;0
21/05/2018;16:45;0;0;0
21/05/2018;17:00;0;0;0
21/05/2018;17:15;0;0;0
21/05/2018;17:30;0;0;0
21/05/2018;17:45;0;0;0
21/05/2018;18:00;0;0;0
21/05/2018;18:15;0;0;0
21/05/2018;18:30;0;0;0
21/05/2018;18:45;0;0;0
21/05/2018;19:00;0;0;0
21/05/2018;19:15;0;0;0
21/05/2018;19:30;0;0;0
21/05/2018;19:45;0;0;0
21/05/2018;20:00;0;0;0
21/05/2018;20:15;0;0;0
21/05/2018;20:30;0;0;0
21/05/2018;20:45;0;0;0
21/05/2018;21:00;0;0;0
21/05/2018;21:15;0;0;0
21/05/2018;21:30;0;0;0
21/05/2018;21:45;0;0;0
21/05/2018;22:00;0;0;0
21/05/2018;22:15;0;0;0
21/05/2018;22:30;0;0;0
21/05/2018;22:45;0;0;0
21/05/2018;23:00;0;0;0
21/05/2018;23:15;0;0;0
21/05/2018;23:30;0;0;0
21/05/2018;23:45;0;0;0
22/05/2018;00:00;0;0;0
22/05/2018;00:15;0;0;0
22/05/2018;00:30;0;0;0
22/05/2018;00:45;0;0;0
22/05/2018;01:00;0;0;0
22/05/2018;01:15;0;0;0
22/05/2018;01:30;0;0;0
22/05/2018;01:45;0;0;0
22/05/2018;02:00;0;0;0
22/05/2018;02:15;0;0;0
22/05/2018;02:30;0;0;0
22/05/2018;02:45;0;0;0
22/05/2018;03:00;0;0;0
22/05/2018;03:15;0;0;0
22/05/2018;03:30;0;0;0
22/05/2018;03:45;0;0;0
22/05/2018;04:00;0;0;0
22/05/2018;04:15;0;0;0
22/05/2018;04:30;0;0;0
22/05/2018;04:45;0;0;0
22/05/2018;05:00;0;0;0
22/05/2018;05:15;0;0;0
22/05/2018;05:30;0;0;0
22/05/2018;05:45;0;0;0
22/05/2018;06:00;0;0;0
22/05/2018;06:15;0;0;0
22/05/2018;06:30;0;0;0
22/05/2018;06:45;0;0;0
22/05/2018;07:00;0;0;0
22/05/2018;07:15;0;0;0
22/05/2018;07:30;0;0;0
22/05/2018;07:45;0;0;0
22/05/2018;08:00;0;0;0
22/05/2018;08:15;0;0;0
22/05/2018;08:30;0;0;0
22/05/2018;08:45;0;0;0
22/05/2018;09:00;0;0;0
22/05/2018;09:15;0;0;0
22/05/2018;09:30;0;0;0
22/05/2018;09:45;0;0;0
22/05/2018;10:00;0;0;0
22/05/2018;10:15;0;0;0
22/05/2018;10:30;0;0;0
22/05/2018;10:45;0;0;0
22/05/2018;11:00;0;0;0
22/05/2018;11:15;0;0;0
22/05/2018;11:30;0;0;0
22/05/2018;11:45;0;0;0
22/05/2018;12:00;0;0;0
22/05/2018;12:15;0;0;0
22/05/2018;12:30;0;0;0
22/05/2018;12:45;0;0;0
22/05/2018;13:00;0;0;0
22/05/2018;13:15;0;0;0
22/05/2018;13:30;0;0;0
22/05/2018;13:45;0;0;0
22/05/2018;14:00;0;0;0
22/05/2018;14:15;0;0;0
22/05/2018;14:30;0;0;0
22/05/2018;14:45;0;0;0
22/05/2018;15:00;0;0;0
22/05/2018;15:15;0;0;0
22/05/2018;15:30;0;0;0
22/05/2018;15:45;0;0;0
22/05/2018;16:00;0;0;0
22/05/2018;16:15;0;0;0
22/05/2018;16:30;0;0;0
22/05/2018;16:45;0;0;0
22/05/2018;17:00;0;0;0
22/05/2018;17:15;0;0;0
22/05/2018;17:30;0;0;0
22/05/2018;17:45;0;0;0
22/05/2018;18:00;0;0;0
22/05/2018;18:15;0;0;0
22/05/2018;18:30;0;0;0
22/05/2018;18:45;0;0;0
22/05/2018;19:00;0;0;0
22/05/2018;19:15;0;0;0
22/05/2018;19:30;0;0;0
22/05/2018;19:45;0;0;0
22/05/2018;20:00;0;0;0
22/05/2018;20:15;0;0;0
22/05/2018;20:30;0;0;0
22/05/2018;20:45;0;0;0
22/05/2018;21:00;0;0;0
22/05/2018;21:15;0;0;0
22/05/2018;21:30;0;0;0
22/05/2018;21:45;0;0;0
22/05/2018;22:00;0;0;0
22/05/2018;22:15;0;0;0
22/05/2018;22:30;0;0;0
22/05/2018;22:45;0;0;0
22/05/2018;23:00;0;0;0
22/05/2018;23:15;0;0;0
22/05/2018;23:30;0;0;0
22/05/2018;23:45;0;0;0
23/05/2018;00:00;0;0;0
23/05/2018;00:15;0;0;0
23/05/2018;00:30;0;0;0
23/05/2018;00:45;0;0;0
23/05/2018;01:00;0;0;0
23/05/2018;01:15;0;0;0
23/05/2018;01:30;0;0;0
23/05/2018;01:45;0;0;0
23/05/2018;02:00;0;0;0
23/05/2018;02:15;0;0;0
23/05/2018;02:30;0;0;0
23/05/2018;02:45;0;0;0
23/05/2018;03:00;0;0;0
23/05/2018;03:15;0;0;0
23/05/2018;03:30;0;0;0
23/05/2018;03:45;0;0;0
23/05/2018;04:00;0;0;0
23/05/2018;04:15;0;0;0
23/05/2018;04:30;0;0;0
23/05/2018;04:45;0;0;0
23/05/2018;05:00;0;0;0
23/05/2018;05:15;0;0;0
23/05/2018;05:30;0;0;0
23/05/2018;05:45;0;0;0
23/05/2018;06:00;0;0;0
23/05/2018;06:15;0;0;0
23/05/2018;06:30;0;0;0
23/05/2018;06:45;0;0;0
23/05/2018;07:00;0;0;0
23/05/2018;07:15;0;0;0
23/05/2018;07:30;0;0;0
23/05/2018;07:45;0;0;0
23/05/2018;08:00;0;0;0
23/05/2018;08:15;0;0;0
23/05/2018;08:30;0;0;0
23/05/2018;08:45;0;0;0
23/05/2018;09:00;0;0;0
23/05/2018;09:15;0;0;0
23/05/2018;09:30;0;0;0
23/05/2018;09:45;0;0;0
23/05/2018;10:00;0;0;0
23/05/2018;10:15;0;0;0
23/05/2018;10:30;0;0;0
23/05/2018;10:45;0;0;0
23/05/2018;11:00;0;0;0
23/05/2018;11:15;0;0;0
23/05/2018;11:30;0;0;0
23/05/2018;11:45;0;0;0
23/05/2018;12:00;0;0;0
23/05/2018;12:15;0;0;0
23/05/2018;12:30;0;0;0
23/05/2018;12:45;0;0;0
23/05/2018;13:00;0;0;0
23/05/2018;13:15;0;0;0
23/05/2018;13:30;0;0;0
23/05/2018;13:45;0;0;0
23/05/2018;14:00;0;0;0
23/05/2018;14:15;0;0;0
23/05/2018;14:30;0;0;0
23/05/2018;14:45;0;0;0
23/05/2018;15:00;0;0;0
23/05/2018;15:15;0;0;0
23/05/2018;15:30;0;0;0
23/05/2018;15:45;0;0;0
23/05/2018;16:00;0;0;0
23/05/2018;16:15;0;0;0
23/05/2018;16:30;0;0;0
23/05/2018;16:45;0;0;0
23/05/2018;17:00;0;0;0
23/05/2018;17:15;0;0;0
23/05/2018;17:30;0;0;0
23/05/2018;17:45;0;0;0
23/05/2018;18:00;0;0;0
23/05/2018;18:15;0;0;0
23/05/2018;18:30;0;0;0
23/05/2018;18:45;0;0;0
23/05/2018;19:00;0;0;0
23/05/2018;19:15;0;0;0
23/05/2018;19:30;0;0;0
23/05/2018;19:45;0;0;0
23/05/2018;20:00;0;0;0
23/05/2018;20:15;0;0;0
23/05/2018;20:30;0;0;0
23/05/2018;20:45;0;0;0
23/05/2018;21:00;0;0;0
23/05/2018;21:15;0;0;0
23/05/2018;21:30;0;0;0
23/05/2018;21:45;0;0;0
23/05/2018;22:00;0;0;0
23/05/2018;22:15;0;0;0
23/05/2018;22:30;0;0;0
23/05/2018;22:45;0;0;0
23/05/2018;23:00;0;0;0
23/05/2018;23:15;0;0;0
23/05/2018;23:30;0;0;0
23/05/2018;23:45;0;0;0
24/05/2018;00:00;0;0;0
24/05/2018;00:15;0;0;0
24/05/2018;00:30;0;0;0
24/05/2018;00:45;0;0;0
24/05/2018;01:00;0;0;0
24/05/2018;01:15;0;0;0
24/05/2018;01:30;0;0;0
24/05/2018;01:45;0;0;0
24/05/2018;02:00;0;0;0
24/05/2018;02:15;0;0;0
24/05/2018;02:30;0;0;0
24/05/2018;02:45;0;0;0
24/05/2018;03:00;0;0;0
24/05/2018;03:15;0;0;0
24/05/2018;03:30;0;0;0
24/05/2018;03:45;0;0;0
24/05/2018;04:00;0;0;0
24/05/2018;04:15;0;0;0
24/05/2018;04:30;0;0;0
24/05/2018;04:45;0;0;0
24/05/2018;05:00;0;0;0
24/05/2018;05:15;0;0;0
24/05/2018;05:30;0;0;0
24/05/2018;05:45;0;0;0
24/05/2018;06:00;0;0;0
24/05/2018;06:15;0;0;0
24/05/2018;06:30;0;0;0
24/05/2018;06:45;0;0;0
24/05/2018;07:00;0;0;0
24/05/2018;07:15;0;0;0
24/05/2018;07:30;0;0;0
24/05/2018;07:45;0;0;0
24/05/2018;08:00;0;0;0
24/05/2018;08:15;0;0;0
24/05/2018;08:30;0;0;0
24/05/2018;08:45;0;0;0
24/05/2018;09:00;0;0;0
24/05/2018;09:15;0;0;0
24/05/2018;09:30;0;0;0
24/05/2018;09:45;0;0;0
24/05/2018;10:00;0;0;0
24/05/2018;10:15;0;0;0
24/05/2018;10:30;0;0;0
24/05/2018;10:45;0;0;0
24/05/2018;11:00;0;0;0
24/05/2018;11:15;0;0;0
24/05/2018;11:30;0;0;0
24/05/2018;11:45;0;0;0
24/05/2018;12:00;0;0;0
24/05/2018;12:15;0;0;0
24/05/2018;12:30;0;0;0
24/05/2018;12:45;0;0;0
24/05/2018;13:00;0;0;0
24/05/2018;13:15;0;0;0
24/05/2018;13:30;0;0;0
24/05/2018;13:45;0;0;0
24/05/2018;14:00;0;0;0
24/05/2018;14:15;0;0;0
24/05/2018;14:30;0;0;0
24/05/2018;14:45;0;0;0
24/05/2018;15:00;0;0;0
24/05/2018;15:15;0;0;0
24/05/2018;15:30;0;0;0
24/05/2018;15:45;0;0;0
24/05/2018;16:00;0;0;0
24/05/2018;16:15;0;0;0
24/05/2018;16:30;0;0;0
24/05/2018;16:45;0;0;0
24/05/2018;17:00;0;0;0
24/05/2018;17:15;0;0;0
24/05/2018;17:30;0;0;0
24/05/2018;17:45;0;0;0
24/05/2018;18:00;0;0;0
24/05/2018;18:15;0;0;0
24/05/2018;18:30;0;0;0
24/05/2018;18:45;0;0;0
24/05/2018;19:00;0;0;0
24/05/2018;19:15;0;0;0
24/05/2018;19:30;0;0;0
24/05/2018;19:45;0;0;0
24/05/2018;20:00;0;0;0
24/05/2018;20:15;0;0;0
24/05/2018;20:30;0;0;0
24/05/2018;20:45;0;0;0
24/05/2018;21:00;0;0;0
24/05/2018;21:15;0;0;0
24/05/2018;21:30;0;0;0
24/05/2018;21:45;0;0;0
24/05/2018;22:00;0;0;0
24/05/2018;22:15;0;0;0
24/05/2018;22:30;0;0;0
24/05/2018;22:45;0;0;0
24/05/2018;23:00;0;0;0
24/05/2018;23:15;0;0;0
24/05/2018;23:30;0;0;0
24/05/2018;23:45;0;0;0
25/05/2018;00:00;0;0;0
25/05/2018;00:15;0;0;0
25/05/2018;00:30;0;0;0
25/05/2018;00:45;0;0;0
25/05/2018;01:00;0;0;0
25/05/2018;01:15;0;0;0
25/05/2018;01:30;0;0;0
25/05/2018;01:45;0;0;0
25/05/2018;02:00;0;0;0
25/05/2018;02:15;0;0;0
25/05/2018;02:30;0;0;0
25/05/2018;02:45;0;0;0
25/05/2018;03:00;0;0;0
25/05/2018;03:15;0;0;0
25/05/2018;03:30;0;0;0
25/05/2018;03:45;0;0;0
25/05/2018;04:00;0;0;0
25/05/2018;04:15;0;0;0
25/05/2018;04:30;0;0;0
25/05/2018;04:45;0;0;0
25/05/2018;05:00;0;0;0
25/05/2018;05:15;0;0;0
25/05/2018;05:30;0;0;0
25/05/2018;05:45;0;0;0
25/05/2018;06:00;0;0;0
25/05/2018;06:15;0;0;0
25/05/2018;06:30;0;0;0
25/05/2018;06:45;0;0;0
25/05/2018;07:00;0;0;0
25/05/2018;07:15;0;0;0
25/05/2018;07:30;0;0;0
25/05/2018;07:45;0;0;0
25/05/2018;08:00;0;0;0
25/05/2018;08:15;0;0;0
25/05/2018;08:30;0;0;0
25/05/2018;08:45;0;0;0
25/05/2018;09:00;0;0;0
25/05/2018;09:15;0;0;0
25/05/2018;09:30;0;0;0
25/05/2018;09:45;0;0;0
25/05/2018;10:00;0;0;0
25/05/2018;10:15;0;0;0
25/05/2018;10:30;0;0;0
25/05/2018;10:45;0;0;0
25/05/2018;11:00;0;0;0
25/05/2018;11:15;0;0;0
25/05/2018;11:30;0;0;0
25/05/2018;11:45;0;0;0
25/05/2018;12:00;0;0;0
25/05/2018;12:15;0;0;0
25/05/2018;12:30;0;0;0
25/05/2018;12:45;0;0;0
25/05/2018;13:00;0;0;0
25/05/2018;13:15;0;0;0
25/05/2018;13:30;0;0;0
25/05/2018;13:45;0;0;0
25/05/2018;14:00;0;0;0
25/05/2018;14:15;0;0;0
25/05/2018;14:30;0;0;0
25/05/2018;14:45;0;0;0
25/05/2018;15:00;0;0;0
25/05/2018;15:15;0;0;0
25/05/2018;15:30;0;0;0
25/05/2018;15:45;0;0;0
25/05/2018;16:00;0;0;0
25/05/2018;16:15;0;0;0
25/05/2018;16:30;0;0;0
25/05/2018;16:45;0;0;0
25/05/2018;17:00;0;0;0
25/05/2018;17:15;0;0;0
25/05/2018;17:30;0;0;0
25/05/2018;17:45;0;0;0
25/05/2018;18:00;0;0;0
25/05/2018;18:15;0;0;0
25/05/2018;18:30;0;0;0
25/05/2018;18:45;0;0;0
25/05/2018;19:00;0;0;0
25/05/2018;19:15;0;0;0
25/05/2018;19:30;0;0;0
25/05/2018;19:45;0;0;0
25/05/2018;20:00;0;0;0
25/05/2018;20:15;0;0;0
25/05/2018;20:30;0;0;0
25/05/2018;20:45;0;0;0
25/05/2018;21:00;0;0;0
25/05/2018;21:15;0;0;0
25/05/2018;21:30;0;0;0
25/05/2018;21:45;0;0;0
25/05/2018;22:00;0;0;0
25/05/2018;22:15;0;0;0
25/05/2018;22:30;0;0;0
25/05/2018;22:45;0;0;0
25/05/2018;23:00;0;0;0
25/05/2018;23:15;0;0;0
25/05/2018;23:30;0;0;0
25/05/2018;23:45;0;0;0
26/05/2018;00:00;0;0;0
26/05/2018;00:15;0;0;0
26/05/2018;00:30;0;0;0
26/05/2018;00:45;0;0;0
26/05/2018;01:00;0;0;0
26/05/2018;01:15;0;0;0
26/05/2018;01:30;0;0;0
26/05/2018;01:45;0;0;0
26/05/2018;02:00;0;0;0
26/05/2018;02:15;0;0;0
26/05/2018;02:30;0;0;0
26/05/2018;02:45;0;0;0
26/05/2018;03:00;0;0;0
26/05/2018;03:15;0;0;0
26/05/2018;03:30;0;0;0
26/05/2018;03:45;0;0;0
26/05/2018;04:00;0;0;0
26/05/2018;04:15;0;0;0
26/05/2018;04:30;0;0;0
26/05/2018;04:45;0;0;0
26/05/2018;05:00;0;0;0
26/05/2018;05:15;0;0;0
26/05/2018;05:30;0;0;0
26/05/2018;05:45;0;0;0
26/05/2018;06:00;0;0;0
26/05/2018;06:15;0;0;0
26/05/2018;06:30;0;0;0
26/05/2018;06:45;0;0;0
26/05/2018;07:00;0;0;0
26/05/2018;07:15;0;0;0
26/05/2018;07:30;0;0;0
26/05/2018;07:45;0;0;0
26/05/2018;08:00;0;0;0
26/05/2018;08:15;0;0;0
26/05/2018;08:30;0;0;0
26/05/2018;08:45;0;0;0
26/05/2018;09:00;0;0;0
26/05/2018;09:15;0;0;0
26/05/2018;09:30;0;0;0
26/05/2018;09:45;0;0;0
26/05/2018;10:00;0;0;0
26/05/2018;10:15;0;0;0
26/05/2018;10:30;0;0;0
26/05/2018;10:45;0;0;0
26/05/2018;11:00;0;0;0
26/05/2018;11:15;0;0;0
26/05/2018;11:30;0;0;0
26/05/2018;11:45;0;0;0
26/05/2018;12:00;0;0;0
26/05/2018;12:15;0;0;0
26/05/2018;12:30;0;0;0
26/05/2018;12:45;0;0;0
26/05/2018;13:00;0;0;0
26/05/2018;13:15;0;0;0
26/05/2018;13:30;0;0;0
26/05/2018;13:45;0;0;0
26/05/2018;14:00;0;0;0
26/05/2018;14:15;0;0;0
26/05/2018;14:30;0;0;0
26/05/2018;14:45;0;0;0
26/05/2018;15:00;0;0;0
26/05/2018;15:15;0;0;0
26/05/2018;15:30;0;0;0
26/05/2018;15:45;0;0;0
26/05/2018;16:00;0;0;0
26/05/2018;16:15;0;0;0
26/05/2018;16:30;0;0;0
26/05/2018;16:45;0;0;0
26/05/2018;17:00;0;0;0
26/05/2018;17:15;0;0;0
26/05/2018;17:30;0;0;0
26/05/2018;17:45;0;0;0
26/05/2018;18:00;0;0;0
26/05/2018;18:15;0;0;0
26/05/2018;18:30;0;0;0
26/05/2018;18:45;0;0;0
26/05/2018;19:00;0;0;0
26/05/2018;19:15;0;0;0
26/05/2018;19:30;0;0;0
26/05/2018;19:45;0;0;0
26/05/2018;20:00;0;0;0
26/05/2018;20:15;0;0;0
26/05/2018;20:30;0;0;0
26/05/2018;20:45;0;0;0
26/05/2018;21:00;0;0;0
26/05/2018;21:15;0;0;0
26/05/2018;21:30;0;0;0
26/05/2018;21:45;0;0;0
26/05/2018;22:00;0;0;0
26/05/2018;22:15;0;0;0
26/05/2018;22:30;0;0;0
26/05/2018;22:45;0;0;0
26/05/2018;23:00;0;0;0
26/05/2018;23:15;0;0;0
26/05/2018;23:30;0;0;0
26/05/2018;23:45;0;0;0
27/05/2018;00:00;0;0;0
27/05/2018;00:15;0;0;0
27/05/2018;00:30;0;0;0
27/05/2018;00:45;0;0;0
27/05/2018;01:00;0;0;0
27/05/2018;01:15;0;0;0
27/05/2018;01:30;0;0;0
27/05/2018;01:45;0;0;0
27/05/2018;02:00;0;0;0
27/05/2018;02:15;0;0;0
27/05/2018;02:30;0;0;0
27/05/2018;02:45;0;0;0
27/05/2018;03:00;0;0;0
27/05/2018;03:15;0;0;0
27/05/2018;03:30;0;0;0
27/05/2018;03:45;0;0;0
27/05/2018;04:00;0;0;0
27/05/2018;04:15;0;0;0
27/05/2018;04:30;0;0;0
27/05/2018;04:45;0;0;0
27/05/2018;05:00;0;0;0
27/05/2018;05:15;0;0;0
27/05/2018;05:30;0;0;0
27/05/2018;05:45;0;0;0
27/05/2018;06:00;0;0;0
27/05/2018;06:15;0;0;0
27/05/2018;06:30;0;0;0
27/05/2018;06:45;0;0;0
27/05/2018;07:00;0;0;0
27/05/2018;07:15;0;0;0
27/05/2018;07:30;0;0;0
27/05/2018;07:45;0;0;0
27/05/2018;08:00;0;0;0
27/05/2018;08:15;0;0;0
27/05/2018;08:30;0;0;0
27/05/2018;08:45;0;0;0
27/05/2018;09:00;0;0;0
27/05/2018;09:15;0;0;0
27/05/2018;09:30;0;0;0
27/05/2018;09:45;0;0;0
27/05/2018;10:00;0;0;0
27/05/2018;10:15;0;0;0
27/05/2018;10:30;0;0;0
27/05/2018;10:45;0;0;0
27/05/2018;11:00;0;0;0
27/05/2018;11:15;0;0;0
27/05/2018;11:30;0;0;0
27/05/2018;11:45;0;0;0
27/05/2018;12:00;0;0;0
27/05/2018;12:15;0;0;0
27/05/2018;12:30;0;0;0
27/05/2018;12:45;0;0;0
27/05/2018;13:00;0;0;0
27/05/2018;13:15;0;0;0
27/05/2018;13:30;0;0;0
27/05/2018;13:45;0;0;0
27/05/2018;14:00;0;0;0
27/05/2018;14:15;0;0;0
27/05/2018;14:30;0;0;0
27/05/2018;14:45;0;0;0
27/05/2018;15:00;0;0;0
27/05/2018;15:15;0;0;0
27/05/2018;15:30;0;0;0
27/05/2018;15:45;0;0;0
27/05/2018;16:00;0;0;0
27/05/2018;16:15;0;0;0
27/05/2018;16:30;0;0;0
27/05/2018;16:45;0;0;0
27/05/2018;17:00;0;0;0
27/05/2018;17:15;0;0;0
27/05/2018;17:30;0;0;0
27/05/2018;17:45;0;0;0
27/05/2018;18:00;0;0;0
27/05/2018;18:15;0;0;0
27/05/2018;18:30;0;0;0
27/05/2018;18:45;0;0;0
27/05/2018;19:00;0;0;0
27/05/2018;19:15;0;0;0
27/05/2018;19:30;0;0;0
27/05/2018;19:45;0;0;0
27/05/2018;20:00;0;0;0
27/05/2018;20:15;0;0;0
27/05/2018;20:30;0;0;0
27/05/2018;20:45;0;0;0
27/05/2018;21:00;0;0;0
27/05/2018;21:15;0;0;0
27/05/2018;21:30;0;0;0
27/05/2018;21:45;0;0;0
27/05/2018;22:00;0;0;0
27/05/2018;22:15;0;0;0
27/05/2018;22:30;0;0;0
27/05/2018;22:45;0;0;0
27/05/2018;23:00;0;0;0
27/05/2018;23:15;0;0;0
27/05/2018;23:30;0;0;0
27/05/2018;23:45;0;0;0
28/05/2018;00:00;0;0;0
28/05/2018;00:15;0;0;0
28/05/2018;00:30;0;0;0
28/05/2018;00:45;0;0;0
28/05/2018;01:00;0;0;0
28/05/2018;01:15;0;0;0
28/05/2018;01:30;0;0;0
28/05/2018;01:45;0;0;0
28/05/2018;02:00;0;0;0
28/05/2018;02:15;0;0;0
28/05/2018;02:30;0;0;0
28/05/2018;02:45;0;0;0
28/05/2018;03:00;0;0;0
28/05/2018;03:15;0;0;0
28/05/2018;03:30;0;0;0
28/05/2018;03:45;0;0;0
28/05/2018;04:00;0;0;0
28/05/2018;04:15;0;0;0
28/05/2018;04:30;0;0;0
28/05/2018;04:45;0;0;0
28/05/2018;05:00;0;0;0
28/05/2018;05:15;0;0;0
28/05/2018;05:30;0;0;0
28/05/2018;05:45;0;0;0
28/05/2018;06:00;0;0;0
28/05/2018;06:15;0;0;0
28/05/2018;06:30;0;0;0
28/05/2018;06:45;0;0;0
28/05/2018;07:00;0;0;0
28/05/2018;07:15;0;0;0
28/05/2018;07:30;0;0;0
28/05/2018;07:45;0;0;0
28/05/2018;08:00;0;0;0
28/05/2018;08:15;0;0;0
28/05/2018;08:30;0;0;0
28/05/2018;08:45;0;0;0
28/05/2018;09:00;0;0;0
28/05/2018;09:15;0;0;0
28/05/2018;09:30;0;0;0
28/05/2018;09:45;0;0;0
28/05/2018;10:00;0;0;0
28/05/2018;10:15;0;0;0
28/05/2018;10:30;0;0;0
28/05/2018;10:45;0;0;0
28/05/2018;11:00;0;0;0
28/05/2018;11:15;0;0;0
28/05/2018;11:30;0;0;0
28/05/2018;11:45;0;0;0
28/05/2018;12:00;0;0;0
28/05/2018;12:15;0;0;0
28/05/2018;12:30;0;0;0
28/05/2018;12:45;0;0;0
28/05/2018;13:00;0;0;0
28/05/2018;13:15;0;0;0
28/05/2018;13:30;0;0;0
28/05/2018;13:45;0;0;0
28/05/2018;14:00;0;0;0
28/05/2018;14:15;0;0;0
28/05/2018;14:30;0;0;0
28/05/2018;14:45;0;0;0
28/05/2018;15:00;0;0;0
28/05/2018;15:15;0;0;0
28/05/2018;15:30;0;0;0
28/05/2018;15:45;0;0;0
28/05/2018;16:00;0;0;0
28/05/2018;16:15;0;0;0
28/05/2018;16:30;0;0;0
28/05/2018;16:45;0;0;0
28/05/2018;17:00;0;0;0
28/05/2018;17:15;0;0;0
28/05/2018;17:30;0;0;0
28/05/2018;17:45;0;0;0
28/05/2018;18:00;0;0;0
28/05/2018;18:15;0;0;0
28/05/2018;18:30;0;0;0
28/05/2018;18:45;0;0;0
28/05/2018;19:00;0;0;0
28/05/2018;19:15;0;0;0
28/05/2018;19:30;0;0;0
28/05/2018;19:45;0;0;0
28/05/2018;20:00;0;0;0
28/05/2018;20:15;0;0;0
28/05/2018;20:30;0;0;0
28/05/2018;20:45;0;0;0
28/05/2018;21:00;0;0;0
28/05/2018;21:15;0;0;0
28/05/2018;21:30;0;0;0
28/05/2018;21:45;0;0;0
28/05/2018;22:00;0;0;0
28/05/2018;22:15;0;0;0
28/05/2018;22:30;0;0;0
28/05/2018;22:45;0;0;0
28/05/2018;23:00;0;0;0
28/05/2018;23:15;0;0;0
28/05/2018;23:30;0;0;0
28/05/2018;23:45;0;0;0
29/05/2018;00:00;0;0;0
29/05/2018;00:15;0;0;0
29/05/2018;00:30;0;0;0
29/05/2018;00:45;0;0;0
29/05/2018;01:00;0;0;0
29/05/2018;01:15;0;0;0
29/05/2018;01:30;0;0;0
29/05/2018;01:45;0;0;0
29/05/2018;02:00;0;0;0
29/05/2018;02:15;0;0;0
29/05/2018;02:30;0;0;0
29/05/2018;02:45;0;0;0
29/05/2018;03:00;0;0;0
29/05/2018;03:15;0;0;0
29/05/2018;03:30;0;0;0
29/05/2018;03:45;0;0;0
29/05/2018;04:00;0;0;0
29/05/2018;04:15;0;0;0
29/05/2018;04:30;0;0;0
29/05/2018;04:45;0;0;0
29/05/2018;05:00;0;0;0
29/05/2018;05:15;0;0;0
29/05/2018;05:30;0;0;0
29/05/2018;05:45;0;0;0
29/05/2018;06:00;0;0;0
29/05/2018;06:15;0;0;0
29/05/2018;06:30;0;0;0
29/05/2018;06:45;0;0;0
29/05/2018;07:00;0;0;0
29/05/2018;07:15;0;0;0
29/05/2018;07:30;0;0;0
29/05/2018;07:45;0;0;0
29/05/2018;08:00;0;0;0
29/05/2018;08:15;0;0;0
29/05/2018;08:30;0;0;0
29/05/2018;08:45;0;0;0
29/05/2018;09:00;0;0;0
29/05/2018;09:15;0;0;0
29/05/2018;09:30;0;0;0
29/05/2018;09:45;0;0;0
29/05/2018;10:00;0;0;0
29/05/2018;10:15;0;0;0
29/05/2018;10:30;0;0;0
29/05/2018;10:45;0;0;0
29/05/2018;11:00;0;0;0
29/05/2018;11:15;0;0;0
29/05/2018;11:30;0;0;0
29/05/2018;11:45;0;0;0
29/05/2018;12:00;0;0;0
29/05/2018;12:15;0;0;0
29/05/2018;12:30;0;0;0
29/05/2018;12:45;0;0;0
29/05/2018;13:00;0;0;0
29/05/2018;13:15;0;0;0
29/05/2018;13:30;0;0;0
29/05/2018;13:45;0;0;0
29/05/2018;14:00;0;0;0
29/05/2018;14:15;0;0;0
29/05/2018;14:30;0;0;0
29/05/2018;14:45;0;0;0
29/05/2018;15:00;0;0;0
29/05/2018;15:15;0;0;0
29/05/2018;15:30;0;0;0
29/05/2018;15:45;0;0;0
29/05/2018;16:00;0;0;0
29/05/2018;16:15;0;0;0
29/05/2018;16:30;0;0;0
29/05/2018;16:45;0;0;0
29/05/2018;17:00;0;0;0
29/05/2018;17:15;0;0;0
29/05/2018;17:30;0;0;0
29/05/2018;17:45;0;0;0
29/05/2018;18:00;0;0;0
29/05/2018;18:15;0;0;0
29/05/2018;18:30;0;0;0
29/05/2018;18:45;0;0;0
29/05/2018;19:00;0;0;0
29/05/2018;19:15;0;0;0
29/05/2018;19:30;0;0;0
29/05/2018;19:45;0;0;0
29/05/2018;20:00;0;0;0
29/05/2018;20:15;0;0;0
29/05/2018;20:30;0;0;0
29/05/2018;20:45;0;0;0
29/05/2018;21:00;0;0;0
29/05/2018;21:15;0;0;0
29/05/2018;21:30;0;0;0
29/05/2018;21:45;0;0;0
29/05/2018;22:00;0;0;0
29/05/2018;22:15;0;0;0
29/05/2018;22:30;0;0;0
29/05/2018;22:45;0;0;0
29/05/2018;23:00;0;0;0
29/05/2018;23:15;0;0;0
29/05/2018;23:30;0;0;0
29/05/2018;23:45;0;0;0
30/05/2018;00:00;0;0;0
30/05/2018;00:15;0;0;0
30/05/2018;00:30;0;0;0
30/05/2018;00:45;0;0;0
30/05/2018;01:00;0;0;0
30/05/2018;01:15;0;0;0
30/05/2018;01:30;0;0;0
30/05/2018;01:45;0;0;0
30/05/2018;02:00;0;0;0
30/05/2018;02:15;0;0;0
30/05/2018;02:30;0;0;0
30/05/2018;02:45;0;0;0
30/05/2018;03:00;0;0;0
30/05/2018;03:15;0;0;0
30/05/2018;03:30;0;0;0
30/05/2018;03:45;0;0;0
30/05/2018;04:00;0;0;0
30/05/2018;04:15;0;0;0
30/05/2018;04:30;0;0;0
30/05/2018;04:45;0;0;0
30/05/2018;05:00;0;0;0
30/05/2018;05:15;0;0;0
30/05/2018;05:30;0;0;0
30/05/2018;05:45;0;0;0
30/05/2018;06:00;0;0;0
30/05/2018;06:15;0;0;0
30/05/2018;06:30;0;0;0
30/05/2018;06:45;0;0;0
30/05/2018;07:00;0;0;0
30/05/2018;07:15;0;0;0
30/05/2018;07:30;0;0;0
30/05/2018;07:45;0;0;0
30/05/2018;08:00;0;0;0
30/05/2018;08:15;0;0;0
30/05/2018;08:30;0;0;0
30/05/2018;08:45;0;0;0
30/05/2018;09:00;0;0;0
30/05/2018;09:15;0;0;0
30/05/2018;09:30;0;0;0
30/05/2018;09:45;0;0;0
30/05/2018;10:00;0;0;0
30/05/2018;10:15;0;0;0
30/05/2018;10:30;0;0;0
30/05/2018;10:45;0;0;0
30/05/2018;11:00;0;0;0
30/05/2018;11:15;0;0;0
30/05/2018;11:30;0;0;0
30/05/2018;11:45;0;0;0
30/05/2018;12:00;0;0;0
30/05/2018;12:15;0;0;0
30/05/2018;12:30;0;0;0
30/05/2018;12:45;0;0;0
30/05/2018;13:00;0;0;0
30/05/2018;13:15;0;0;0
30/05/2018;13:30;0;0;0
30/05/2018;13:45;0;0;0
30/05/2018;14:00;0;0;0
30/05/2018;14:15;0;0;0
30/05/2018;14:30;0;0;0
30/05/2018;14:45;0;0;0
30/05/2018;15:00;0;0;0
30/05/2018;15:15;0;0;0
30/05/2018;15:30;0;0;0
30/05/2018;15:45;0;0;0
30/05/2018;16:00;0;0;0
30/05/2018;16:15;0;0;0
30/05/2018;16:30;0;0;0
30/05/2018;16:45;0;0;0
30/05/2018;17:00;0;0;0
30/05/2018;17:15;0;0;0
30/05/2018;17:30;0;0;0
30/05/2018;17:45;0;0;0
30/05/2018;18:00;0;0;0
30/05/2018;18:15;0;0;0
30/05/2018;18:30;0;0;0
30/05/2018;18:45;0;0;0
30/05/2018;19:00;0;0;0
30/05/2018;19:15;0;0;0
30/05/2018;19:30;0;0;0
30/05/2018;19:45;0;0;0
30/05/2018;20:00;0;0;0
30/05/2018;20:15;0;0;0
30/05/2018;20:30;0;0;0
30/05/2018;20:45;0;0;0
30/05/2018;21:00;0;0;0
30/05/2018;21:15;0;0;0
30/05/2018;21:30;0;0;0
30/05/2018;21:45;0;0;0
30/05/2018;22:00;0;0;0
30/05/2018;22:15;0;0;0
30/05/2018;22:30;0;0;0
30/05/2018;22:45;0;0;0
30/05/2018;23:00;0;0;0
30/05/2018;23:15;0;0;0
30/05/2018;23:30;0;0;0
30/05/2018;23:45;0;0;0
31/05/2018;00:00;0;0;0
31/05/2018;00:15;0;0;0
31/05/2018;00:30;0;0;0
31/05/2018;00:45;0;0;0
31/05/2018;01:00;0;0;0
31/05/2018;01:15;0;0;0
31/05/2018;01:30;0;0;0
31/05/2018;01:45;0;0;0
31/05/2018;02:00;0;0;0
31/05/2018;02:15;0;0;0
31/05/2018;02:30;0;0;0
31/05/2018;02:45;0;0;0
31/05/2018;03:00;0;0;0
31/05/2018;03:15;0;0;0
31/05/2018;03:30;0;0;0
31/05/2018;03:45;0;0;0
31/05/2018;04:00;0;0;0
31/05/2018;04:15;0;0;0
31/05/2018;04:30;0;0;0
31/05/2018;04:45;0;0;0
31/05/2018;05:00;0;0;0
31/05/2018;05:15;0;0;0
31/05/2018;05:30;0;0;0
31/05/2018;05:45;0;0;0
31/05/2018;06:00;0;0;0
31/05/2018;06:15;0;0;0
31/05/2018;06:30;0;0;0
31/05/2018;06:45;0;0;0
31/05/2018;07:00;0;0;0
31/05/2018;07:15;0;0;0
31/05/2018;07:30;0;0;0
31/05/2018;07:45;0;0;0
31/05/2018;08:00;0;0;0
31/05/2018;08:15;0;0;0
31/05/2018;08:30;0;0;0
31/05/2018;08:45;0;0;0
31/05/2018;09:00;0;0;0
31/05/2018;09:15;0;0;0
31/05/2018;09:30;0;0;0
31/05/2018;09:45;0;0;0
31/05/2018;10:00;0;0;0
31/05/2018;10:15;0;0;0
31/05/2018;10:30;0;0;0
31/05/2018;10:45;0;0;0
31/05/2018;11:00;0;0;0
31/05/2018;11:15;0;0;0
31/05/2018;11:30;0;0;0
31/05/2018;11:45;0;0;0
31/05/2018;12:00;0;0;0
31/05/2018;12:15;0;0;0
31/05/2018;12:30;0;0;0
31/05/2018;12:45;0;0;0
31/05/2018;13:00;0;0;0
31/05/2018;13:15;0;0;0
31/05/2018;13:30;0;0;0
31/05/2018;13:45;0;0;0
31/05/2018;14:00;0;0;0
31/05/2018;14:15;0;0;0
31/05/2018;14:30;0;0;0
31/05/2018;14:45;0;0;0
31/05/2018;15:00;0;0;0
31/05/2018;15:15;0;0;0
31/05/2018;15:30;0;0;0
31/05/2018;15:45;0;0;0
31/05/2018;16:00;0;0;0
31/05/2018;16:15;0;0;0
31/05/2018;16:30;0;0;0
31/05/2018;16:45;0;0;0
31/05/2018;17:00;0;0;0
31/05/2018;17:15;0;0;0
31/05/2018;17:30;0;0;0
31/05/2018;17:45;0;0;0
31/05/2018;18:00;0;0;0
31/05/2018;18:15;0;0;0
31/05/2018;18:30;0;0;0
31/05/2018;18:45;0;0;0
31/05/2018;19:00;0;0;0
31/05/2018;19:15;0;0;0
31/05/2018;19:30;0;0;0
31/05/2018;19:45;0;0;0
31/05/2018;20:00;0;0;0
31/05/2018;20:15;0;0;0
31/05/2018;20:30;0;0;0
31/05/2018;20:45;0;0;0
31/05/2018;21:00;0;0;0
31/05/2018;21:15;0;0;0
31/05/2018;21:30;0;0;0
31/05/2018;21:45;0;0;0
31/05/2018;22:00;0;0;0
31/05/2018;22:15;0;0;0
31/05/2018;22:30;0;0;0
31/05/2018;22:45;0;0;0
31/05/2018;23:00;0;0;0
31/05/2018;23:15;0;0;0
31/05/2018;23:30;0;0;0
31/05/2018;23:45;0;0;0
01/06/2018;00:00;0;0;0
01/06/2018;00:15;0;0;0
01/06/2018;00:30;0;0;0
01/06/2018;00:45;0;0;0
01/06/2018;01:00;0;0;0
01/06/2018;01:15;0;0;0
01/06/2018;01:30;0;0;0
01/06/2018;01:45;0;0;0
01/06/2018;02:00;0;0;0
01/06/2018;02:15;0;0;0
01/06/2018;02:30;0;0;0
01/06/2018;02:45;0;0;0
01/06/2018;03:00;0;0;0
01/06/2018;03:15;0;0;0
01/06/2018;03:30;0;0;0
01/06/2018;03:45;0;0;0
01/06/2018;04:00;0;0;0
01/06/2018;04:15;0;0;0
01/06/2018;04:30;0;0;0
01/06/2018;04:45;0;0;0
01/06/2018;05:00;0;0;0
01/06/2018;05:15;0;0;0
01/06/2018;05:30;0;0;0
01/06/2018;05:45;0;0;0
01/06/2018;06:00;0;0;0
01/06/2018;06:15;0;0;0
01/06/2018;06:30;0;0;0
01/06/2018;06:45;0;0;0
01/06/2018;07:00;0;0;0
01/06/2018;07:15;0;0;0
01/06/2018;07:30;0;0;0
01/06/2018;07:45;0;0;0
01/06/2018;08:00;0;0;0
01/06/2018;08:15;0;0;0
01/06/2018;08:30;0;0;0
01/06/2018;08:45;0;0;0
01/06/2018;09:00;0;0;0
01/06/2018;09:15;0;0;0
01/06/2018;09:30;0;0;0
01/06/2018;09:45;0;0;0
01/06/2018;10:00;0;0;0
01/06/2018;10:15;0;0;0
01/06/2018;10:30;0;0;0
01/06/2018;10:45;0;0;0
01/06/2018;11:00;0;0;0
01/06/2018;11:15;0;0;0
01/06/2018;11:30;0;0;0
01/06/2018;11:45;0;0;0
01/06/2018;12:00;0;0;0
01/06/2018;12:15;0;0;0
01/06/2018;12:30;0;0;0
01/06/2018;12:45;0;0;0
01/06/2018;13:00;0;0;0
01/06/2018;13:15;0;0;0
01/06/2018;13:30;0;0;0
01/06/2018;13:45;0;0;0
01/06/2018;14:00;0;0;0
01/06/2018;14:15;0;0;0
01/06/2018;14:30;0;0;0
01/06/2018;14:45;0;0;0
01/06/2018;15:00;0;0;0
01/06/2018;15:15;0;0;0
01/06/2018;15:30;0;0;0
01/06/2018;15:45;0;0;0
01/06/2018;16:00;0;0;0
01/06/2018;16:15;0;0;0
01/06/2018;16:30;0;0;0
01/06/2018;16:45;0;0;0
01/06/2018;17:00;0;0;0
01/06/2018;17:15;0;0;0
01/06/2018;17:30;0;0;0
01/06/2018;17:45;0;0;0
01/06/2018;18:00;0;0;0
01/06/2018;18:15;0;0;0
01/06/2018;18:30;0;0;0
01/06/2018;18:45;0;0;0
01/06/2018;19:00;0;0;0
01/06/2018;19:15;0;0;0
01/06/2018;19:30;0;0;0
01/06/2018;19:45;0;0;0
01/06/2018;20:00;0;0;0
01/06/2018;20:15;0;0;0
01/06/2018;20:30;0;0;0
01/06/2018;20:45;0;0;0
01/06/2018;21:00;0;0;0
01/06/2018;21:15;0;0;0
01/06/2018;21:30;0;0;0
01/06/2018;21:45;0;0;0
01/06/2018;22:00;0;0;0
01/06/2018;22:15;0;0;0
01/06/2018;22:30;0;0;0
01/06/2018;22:45;0;0;0
01/06/2018;23:00;0;0;0
01/06/2018;23:15;0;0;0
01/06/2018;23:30;0;0;0
01/06/2018;23:45;0;0;0
02/06/2018;00:00;0;0;0
02/06/2018;00:15;0;0;0
02/06/2018;00:30;0;0;0
02/06/2018;00:45;0;0;0
02/06/2018;01:00;0;0;0
02/06/2018;01:15;0;0;0
02/06/2018;01:30;0;0;0
02/06/2018;01:45;0;0;0
02/06/2018;02:00;0;0;0
02/06/2018;02:15;0;0;0
02/06/2018;02:30;0;0;0
02/06/2018;02:45;0;0;0
02/06/2018;03:00;0;0;0
02/06/2018;03:15;0;0;0
02/06/2018;03:30;0;0;0
02/06/2018;03:45;0;0;0
02/06/2018;04:00;0;0;0
02/06/2018;04:15;0;0;0
02/06/2018;04:30;0;0;0
02/06/2018;04:45;0;0;0
02/06/2018;05:00;0;0;0
02/06/2018;05:15;0;0;0
02/06/2018;05:30;0;0;0
02/06/2018;05:45;0;0;0
02/06/2018;06:00;0;0;0
02/06/2018;06:15;0;0;0
02/06/2018;06:30;0;0;0
02/06/2018;06:45;0;0;0
02/06/2018;07:00;0;0;0
02/06/2018;07:15;0;0;0
02/06/2018;07:30;0;0;0
02/06/2018;07:45;0;0;0
02/06/2018;08:00;0;0;0
02/06/2018;08:15;0;0;0
02/06/2018;08:30;0;0;0
02/06/2018;08:45;0;0;0
02/06/2018;09:00;0;0;0
02/06/2018;09:15;0;0;0
02/06/2018;09:30;0;0;0
02/06/2018;09:45;0;0;0
02/06/2018;10:00;0;0;0
02/06/2018;10:15;0;0;0
02/06/2018;10:30;0;0;0
02/06/2018;10:45;0;0;0
02/06/2018;11:00;0;0;0
02/06/2018;11:15;0;0;0
02/06/2018;11:30;0;0;0
02/06/2018;11:45;0;0;0
02/06/2018;12:00;0;0;0
02/06/2018;12:15;0;0;0
02/06/2018;12:30;0;0;0
02/06/2018;12:45;0;0;0
02/06/2018;13:00;0;0;0
02/06/2018;13:15;0;0;0
02/06/2018;13:30;0;0;0
02/06/2018;13:45;0;0;0
02/06/2018;14:00;0;0;0
02/06/2018;14:15;0;0;0
02/06/2018;14:30;0;0;0
02/06/2018;14:45;0;0;0
02/06/2018;15:00;0;0;0
02/06/2018;15:15;0;0;0
02/06/2018;15:30;2;1;1
02/06/2018;15:45;0;0;0
02/06/2018;16:00;0;0;0
02/06/2018;16:15;0;0;0
02/06/2018;16:30;0;0;0
02/06/2018;16:45;0;0;0
02/06/2018;17:00;0;0;0
02/06/2018;17:15;0;0;0
02/06/2018;17:30;0;0;0
02/06/2018;17:45;0;0;0
02/06/2018;18:00;0;0;0
02/06/2018;18:15;0;0;0
02/06/2018;18:30;0;0;0
02/06/2018;18:45;0;0;0
02/06/2018;19:00;0;0;0
02/06/2018;19:15;0;0;0
02/06/2018;19:30;0;0;0
02/06/2018;19:45;0;0;0
02/06/2018;20:00;0;0;0
02/06/2018;20:15;0;0;0
02/06/2018;20:30;0;0;0
02/06/2018;20:45;0;0;0
02/06/2018;21:00;0;0;0
02/06/2018;21:15;0;0;0
02/06/2018;21:30;0;0;0
02/06/2018;21:45;0;0;0
02/06/2018;22:00;0;0;0
02/06/2018;22:15;0;0;0
02/06/2018;22:30;0;0;0
02/06/2018;22:45;0;0;0
02/06/2018;23:00;0;0;0
02/06/2018;23:15;0;0;0
02/06/2018;23:30;0;0;0
02/06/2018;23:45;0;0;0
03/06/2018;00:00;0;0;0
03/06/2018;00:15;0;0;0
03/06/2018;00:30;0;0;0
03/06/2018;00:45;0;0;0
03/06/2018;01:00;0;0;0
03/06/2018;01:15;0;0;0
03/06/2018;01:30;0;0;0
03/06/2018;01:45;0;0;0
03/06/2018;02:00;0;0;0
03/06/2018;02:15;0;0;0
03/06/2018;02:30;0;0;0
03/06/2018;02:45;0;0;0
03/06/2018;03:00;0;0;0
03/06/2018;03:15;0;0;0
03/06/2018;03:30;0;0;0
03/06/2018;03:45;0;0;0
03/06/2018;04:00;0;0;0
03/06/2018;04:15;0;0;0
03/06/2018;04:30;0;0;0
03/06/2018;04:45;0;0;0
03/06/2018;05:00;0;0;0
03/06/2018;05:15;0;0;0
03/06/2018;05:30;0;0;0
03/06/2018;05:45;0;0;0
03/06/2018;06:00;0;0;0
03/06/2018;06:15;0;0;0
03/06/2018;06:30;0;0;0
03/06/2018;06:45;0;0;0
03/06/2018;07:00;0;0;0
03/06/2018;07:15;0;0;0
03/06/2018;07:30;0;0;0
03/06/2018;07:45;0;0;0
03/06/2018;08:00;0;0;0
03/06/2018;08:15;0;0;0
03/06/2018;08:30;0;0;0
03/06/2018;08:45;0;0;0
03/06/2018;09:00;0;0;0
03/06/2018;09:15;0;0;0
03/06/2018;09:30;0;0;0
03/06/2018;09:45;0;0;0
03/06/2018;10:00;0;0;0
03/06/2018;10:15;0;0;0
03/06/2018;10:30;0;0;0
03/06/2018;10:45;0;0;0
03/06/2018;11:00;0;0;0
03/06/2018;11:15;0;0;0
03/06/2018;11:30;0;0;0
03/06/2018;11:45;0;0;0
03/06/2018;12:00;0;0;0
03/06/2018;12:15;0;0;0
03/06/2018;12:30;0;0;0
03/06/2018;12:45;0;0;0
03/06/2018;13:00;0;0;0
03/06/2018;13:15;0;0;0
03/06/2018;13:30;0;0;0
03/06/2018;13:45;0;0;0
03/06/2018;14:00;0;0;0
03/06/2018;14:15;0;0;0
03/06/2018;14:30;0;0;0
03/06/2018;14:45;0;0;0
03/06/2018;15:00;0;0;0
03/06/2018;15:15;0;0;0
03/06/2018;15:30;0;0;0
03/06/2018;15:45;0;0;0
03/06/2018;16:00;0;0;0
03/06/2018;16:15;0;0;0
03/06/2018;16:30;0;0;0
03/06/2018;16:45;0;0;0
03/06/2018;17:00;0;0;0
03/06/2018;17:15;0;0;0
03/06/2018;17:30;0;0;0
03/06/2018;17:45;0;0;0
03/06/2018;18:00;0;0;0
03/06/2018;18:15;0;0;0
03/06/2018;18:30;0;0;0
03/06/2018;18:45;0;0;0
03/06/2018;19:00;0;0;0
03/06/2018;19:15;0;0;0
03/06/2018;19:30;0;0;0
03/06/2018;19:45;0;0;0
03/06/2018;20:00;0;0;0
03/06/2018;20:15;0;0;0
03/06/2018;20:30;0;0;0
03/06/2018;20:45;0;0;0
03/06/2018;21:00;0;0;0
03/06/2018;21:15;0;0;0
03/06/2018;21:30;0;0;0
03/06/2018;21:45;0;0;0
03/06/2018;22:00;0;0;0
03/06/2018;22:15;0;0;0
03/06/2018;22:30;0;0;0
03/06/2018;22:45;0;0;0
03/06/2018;23:00;0;0;0
03/06/2018;23:15;0;0;0
03/06/2018;23:30;0;0;0
03/06/2018;23:45;0;0;0
04/06/2018;00:00;0;0;0
04/06/2018;00:15;0;0;0
04/06/2018;00:30;0;0;0
04/06/2018;00:45;0;0;0
04/06/2018;01:00;0;0;0
04/06/2018;01:15;0;0;0
04/06/2018;01:30;0;0;0
04/06/2018;01:45;0;0;0
04/06/2018;02:00;0;0;0
04/06/2018;02:15;0;0;0
04/06/2018;02:30;0;0;0
04/06/2018;02:45;0;0;0
04/06/2018;03:00;0;0;0
04/06/2018;03:15;0;0;0
04/06/2018;03:30;0;0;0
04/06/2018;03:45;0;0;0
04/06/2018;04:00;0;0;0
04/06/2018;04:15;0;0;0
04/06/2018;04:30;0;0;0
04/06/2018;04:45;0;0;0
04/06/2018;05:00;0;0;0
04/06/2018;05:15;0;0;0
04/06/2018;05:30;0;0;0
04/06/2018;05:45;0;0;0
04/06/2018;06:00;0;0;0
04/06/2018;06:15;0;0;0
04/06/2018;06:30;0;0;0
04/06/2018;06:45;0;0;0
04/06/2018;07:00;0;0;0
04/06/2018;07:15;0;0;0
04/06/2018;07:30;0;0;0
04/06/2018;07:45;0;0;0
04/06/2018;08:00;0;0;0
04/06/2018;08:15;0;0;0
04/06/2018;08:30;0;0;0
04/06/2018;08:45;0;0;0
04/06/2018;09:00;0;0;0
04/06/2018;09:15;0;0;0
04/06/2018;09:30;0;0;0
04/06/2018;09:45;0;0;0
04/06/2018;10:00;0;0;0
04/06/2018;10:15;0;0;0
04/06/2018;10:30;0;0;0
04/06/2018;10:45;0;0;0
04/06/2018;11:00;0;0;0
04/06/2018;11:15;0;0;0
04/06/2018;11:30;0;0;0
04/06/2018;11:45;0;0;0
04/06/2018;12:00;0;0;0
04/06/2018;12:15;0;0;0
04/06/2018;12:30;0;0;0
04/06/2018;12:45;0;0;0
04/06/2018;13:00;0;0;0
04/06/2018;13:15;0;0;0
04/06/2018;13:30;0;0;0
04/06/2018;13:45;0;0;0
04/06/2018;14:00;0;0;0
04/06/2018;14:15;0;0;0
04/06/2018;14:30;0;0;0
04/06/2018;14:45;0;0;0
04/06/2018;15:00;0;0;0
04/06/2018;15:15;0;0;0
04/06/2018;15:30;0;0;0
04/06/2018;15:45;0;0;0
04/06/2018;16:00;0;0;0
04/06/2018;16:15;0;0;0
04/06/2018;16:30;0;0;0
04/06/2018;16:45;0;0;0
04/06/2018;17:00;0;0;0
04/06/2018;17:15;0;0;0
04/06/2018;17:30;0;0;0
04/06/2018;17:45;0;0;0
04/06/2018;18:00;0;0;0
04/06/2018;18:15;0;0;0
04/06/2018;18:30;0;0;0
04/06/2018;18:45;0;0;0
04/06/2018;19:00;0;0;0
04/06/2018;19:15;0;0;0
04/06/2018;19:30;0;0;0
04/06/2018;19:45;0;0;0
04/06/2018;20:00;0;0;0
04/06/2018;20:15;0;0;0
04/06/2018;20:30;0;0;0
04/06/2018;20:45;0;0;0
04/06/2018;21:00;0;0;0
04/06/2018;21:15;0;0;0
04/06/2018;21:30;0;0;0
04/06/2018;21:45;0;0;0
04/06/2018;22:00;0;0;0
04/06/2018;22:15;0;0;0
04/06/2018;22:30;0;0;0
04/06/2018;22:45;0;0;0
04/06/2018;23:00;0;0;0
04/06/2018;23:15;0;0;0
04/06/2018;23:30;0;0;0
04/06/2018;23:45;0;0;0
05/06/2018;00:00;0;0;0
05/06/2018;00:15;0;0;0
05/06/2018;00:30;0;0;0
05/06/2018;00:45;0;0;0
05/06/2018;01:00;0;0;0
05/06/2018;01:15;0;0;0
05/06/2018;01:30;0;0;0
05/06/2018;01:45;0;0;0
05/06/2018;02:00;0;0;0
05/06/2018;02:15;0;0;0
05/06/2018;02:30;0;0;0
05/06/2018;02:45;0;0;0
05/06/2018;03:00;0;0;0
05/06/2018;03:15;0;0;0
05/06/2018;03:30;0;0;0
05/06/2018;03:45;0;0;0
05/06/2018;04:00;0;0;0
05/06/2018;04:15;0;0;0
05/06/2018;04:30;0;0;0
05/06/2018;04:45;0;0;0
05/06/2018;05:00;0;0;0
05/06/2018;05:15;0;0;0
05/06/2018;05:30;0;0;0
05/06/2018;05:45;0;0;0
05/06/2018;06:00;0;0;0
05/06/2018;06:15;0;0;0
05/06/2018;06:30;0;0;0
05/06/2018;06:45;0;0;0
05/06/2018;07:00;0;0;0
05/06/2018;07:15;0;0;0
05/06/2018;07:30;0;0;0
05/06/2018;07:45;0;0;0
05/06/2018;08:00;0;0;0
05/06/2018;08:15;0;0;0
05/06/2018;08:30;0;0;0
05/06/2018;08:45;0;0;0
05/06/2018;09:00;0;0;0
05/06/2018;09:15;0;0;0
05/06/2018;09:30;0;0;0
05/06/2018;09:45;0;0;0
05/06/2018;10:00;0;0;0
05/06/2018;10:15;0;0;0
05/06/2018;10:30;0;0;0
05/06/2018;10:45;0;0;0
05/06/2018;11:00;0;0;0
05/06/2018;11:15;0;0;0
05/06/2018;11:30;0;0;0
05/06/2018;11:45;0;0;0
05/06/2018;12:00;0;0;0
05/06/2018;12:15;0;0;0
05/06/2018;12:30;0;0;0
05/06/2018;12:45;0;0;0
05/06/2018;13:00;0;0;0
05/06/2018;13:15;0;0;0
05/06/2018;13:30;0;0;0
05/06/2018;13:45;0;0;0
05/06/2018;14:00;0;0;0
05/06/2018;14:15;0;0;0
05/06/2018;14:30;0;0;0
05/06/2018;14:45;0;0;0
05/06/2018;15:00;0;0;0
05/06/2018;15:15;0;0;0
05/06/2018;15:30;0;0;0
05/06/2018;15:45;0;0;0
05/06/2018;16:00;0;0;0
05/06/2018;16:15;0;0;0
05/06/2018;16:30;0;0;0
05/06/2018;16:45;0;0;0
05/06/2018;17:00;0;0;0
05/06/2018;17:15;0;0;0
05/06/2018;17:30;0;0;0
05/06/2018;17:45;0;0;0
05/06/2018;18:00;0;0;0
05/06/2018;18:15;0;0;0
05/06/2018;18:30;0;0;0
05/06/2018;18:45;0;0;0
05/06/2018;19:00;0;0;0
05/06/2018;19:15;0;0;0
05/06/2018;19:30;0;0;0
05/06/2018;19:45;0;0;0
05/06/2018;20:00;0;0;0
05/06/2018;20:15;0;0;0
05/06/2018;20:30;0;0;0
05/06/2018;20:45;0;0;0
05/06/2018;21:00;0;0;0
05/06/2018;21:15;0;0;0
05/06/2018;21:30;0;0;0
05/06/2018;21:45;0;0;0
05/06/2018;22:00;0;0;0
05/06/2018;22:15;0;0;0
05/06/2018;22:30;0;0;0
05/06/2018;22:45;0;0;0
05/06/2018;23:00;0;0;0
05/06/2018;23:15;0;0;0
05/06/2018;23:30;1;0;1
05/06/2018;23:45;0;0;0
06/06/2018;00:00;0;0;0
06/06/2018;00:15;0;0;0
06/06/2018;00:30;0;0;0
06/06/2018;00:45;0;0;0
06/06/2018;01:00;0;0;0
06/06/2018;01:15;0;0;0
06/06/2018;01:30;0;0;0
06/06/2018;01:45;0;0;0
06/06/2018;02:00;0;0;0
06/06/2018;02:15;0;0;0
06/06/2018;02:30;0;0;0
06/06/2018;02:45;0;0;0
06/06/2018;03:00;0;0;0
06/06/2018;03:15;0;0;0
06/06/2018;03:30;0;0;0
06/06/2018;03:45;0;0;0
06/06/2018;04:00;0;0;0
06/06/2018;04:15;0;0;0
06/06/2018;04:30;0;0;0
06/06/2018;04:45;0;0;0
06/06/2018;05:00;0;0;0
06/06/2018;05:15;0;0;0
06/06/2018;05:30;0;0;0
06/06/2018;05:45;0;0;0
06/06/2018;06:00;0;0;0
06/06/2018;06:15;0;0;0
06/06/2018;06:30;0;0;0
06/06/2018;06:45;0;0;0
06/06/2018;07:00;0;0;0
06/06/2018;07:15;0;0;0
06/06/2018;07:30;0;0;0
06/06/2018;07:45;0;0;0
06/06/2018;08:00;0;0;0
06/06/2018;08:15;0;0;0
06/06/2018;08:30;0;0;0
06/06/2018;08:45;0;0;0
06/06/2018;09:00;0;0;0
06/06/2018;09:15;0;0;0
06/06/2018;09:30;0;0;0
06/06/2018;09:45;0;0;0
06/06/2018;10:00;0;0;0
06/06/2018;10:15;0;0;0
06/06/2018;10:30;0;0;0
06/06/2018;10:45;0;0;0
06/06/2018;11:00;0;0;0
06/06/2018;11:15;0;0;0
06/06/2018;11:30;0;0;0
06/06/2018;11:45;0;0;0
06/06/2018;12:00;0;0;0
06/06/2018;12:15;0;0;0
06/06/2018;12:30;0;0;0
06/06/2018;12:45;0;0;0
06/06/2018;13:00;0;0;0
06/06/2018;13:15;0;0;0
06/06/2018;13:30;0;0;0
06/06/2018;13:45;0;0;0
06/06/2018;14:00;0;0;0
06/06/2018;14:15;0;0;0
06/06/2018;14:30;0;0;0
06/06/2018;14:45;0;0;0
06/06/2018;15:00;0;0;0
06/06/2018;15:15;0;0;0
06/06/2018;15:30;0;0;0
06/06/2018;15:45;0;0;0
06/06/2018;16:00;0;0;0
06/06/2018;16:15;0;0;0
06/06/2018;16:30;0;0;0
06/06/2018;16:45;0;0;0
06/06/2018;17:00;0;0;0
06/06/2018;17:15;0;0;0
06/06/2018;17:30;0;0;0
06/06/2018;17:45;0;0;0
06/06/2018;18:00;0;0;0
06/06/2018;18:15;0;0;0
06/06/2018;18:30;0;0;0
06/06/2018;18:45;0;0;0
06/06/2018;19:00;0;0;0
06/06/2018;19:15;0;0;0
06/06/2018;19:30;0;0;0
06/06/2018;19:45;0;0;0
06/06/2018;20:00;0;0;0
06/06/2018;20:15;0;0;0
06/06/2018;20:30;0;0;0
06/06/2018;20:45;0;0;0
06/06/2018;21:00;0;0;0
06/06/2018;21:15;0;0;0
06/06/2018;21:30;0;0;0
06/06/2018;21:45;0;0;0
06/06/2018;22:00;0;0;0
06/06/2018;22:15;0;0;0
06/06/2018;22:30;0;0;0
06/06/2018;22:45;0;0;0
06/06/2018;23:00;0;0;0
06/06/2018;23:15;0;0;0
06/06/2018;23:30;0;0;0
06/06/2018;23:45;0;0;0
07/06/2018;00:00;0;0;0
07/06/2018;00:15;0;0;0
07/06/2018;00:30;0;0;0
07/06/2018;00:45;0;0;0
07/06/2018;01:00;0;0;0
07/06/2018;01:15;0;0;0
07/06/2018;01:30;0;0;0
07/06/2018;01:45;0;0;0
07/06/2018;02:00;0;0;0
07/06/2018;02:15;0;0;0
07/06/2018;02:30;0;0;0
07/06/2018;02:45;0;0;0
07/06/2018;03:00;0;0;0
07/06/2018;03:15;0;0;0
07/06/2018;03:30;0;0;0
07/06/2018;03:45;0;0;0
07/06/2018;04:00;0;0;0
07/06/2018;04:15;0;0;0
07/06/2018;04:30;0;0;0
07/06/2018;04:45;0;0;0
07/06/2018;05:00;0;0;0
07/06/2018;05:15;0;0;0
07/06/2018;05:30;0;0;0
07/06/2018;05:45;0;0;0
07/06/2018;06:00;0;0;0
07/06/2018;06:15;0;0;0
07/06/2018;06:30;0;0;0
07/06/2018;06:45;0;0;0
07/06/2018;07:00;0;0;0
07/06/2018;07:15;0;0;0
07/06/2018;07:30;0;0;0
07/06/2018;07:45;0;0;0
07/06/2018;08:00;0;0;0
07/06/2018;08:15;0;0;0
07/06/2018;08:30;0;0;0
07/06/2018;08:45;0;0;0
07/06/2018;09:00;0;0;0
07/06/2018;09:15;0;0;0
07/06/2018;09:30;0;0;0
07/06/2018;09:45;0;0;0
07/06/2018;10:00;0;0;0
07/06/2018;10:15;0;0;0
07/06/2018;10:30;0;0;0
07/06/2018;10:45;0;0;0
07/06/2018;11:00;0;0;0
07/06/2018;11:15;0;0;0
07/06/2018;11:30;0;0;0
07/06/2018;11:45;0;0;0
07/06/2018;12:00;0;0;0
07/06/2018;12:15;0;0;0
07/06/2018;12:30;0;0;0
07/06/2018;12:45;0;0;0
07/06/2018;13:00;0;0;0
07/06/2018;13:15;0;0;0
07/06/2018;13:30;0;0;0
07/06/2018;13:45;0;0;0
07/06/2018;14:00;0;0;0
07/06/2018;14:15;0;0;0
07/06/2018;14:30;0;0;0
07/06/2018;14:45;0;0;0
07/06/2018;15:00;0;0;0
07/06/2018;15:15;0;0;0
07/06/2018;15:30;0;0;0
07/06/2018;15:45;0;0;0
07/06/2018;16:00;0;0;0
07/06/2018;16:15;0;0;0
07/06/2018;16:30;0;0;0
07/06/2018;16:45;0;0;0
07/06/2018;17:00;0;0;0
07/06/2018;17:15;0;0;0
07/06/2018;17:30;0;0;0
07/06/2018;17:45;0;0;0
07/06/2018;18:00;0;0;0
07/06/2018;18:15;0;0;0
07/06/2018;18:30;0;0;0
07/06/2018;18:45;0;0;0
07/06/2018;19:00;0;0;0
07/06/2018;19:15;0;0;0
07/06/2018;19:30;0;0;0
07/06/2018;19:45;0;0;0
07/06/2018;20:00;0;0;0
07/06/2018;20:15;0;0;0
07/06/2018;20:30;0;0;0
07/06/2018;20:45;0;0;0
07/06/2018;21:00;0;0;0
07/06/2018;21:15;0;0;0
07/06/2018;21:30;0;0;0
07/06/2018;21:45;0;0;0
07/06/2018;22:00;0;0;0
07/06/2018;22:15;0;0;0
07/06/2018;22:30;0;0;0
07/06/2018;22:45;0;0;0
07/06/2018;23:00;0;0;0
07/06/2018;23:15;0;0;0
07/06/2018;23:30;0;0;0
07/06/2018;23:45;0;0;0
08/06/2018;00:00;0;0;0
08/06/2018;00:15;0;0;0
08/06/2018;00:30;0;0;0
08/06/2018;00:45;0;0;0
08/06/2018;01:00;0;0;0
08/06/2018;01:15;0;0;0
08/06/2018;01:30;0;0;0
08/06/2018;01:45;0;0;0
08/06/2018;02:00;0;0;0
08/06/2018;02:15;0;0;0
08/06/2018;02:30;0;0;0
08/06/2018;02:45;0;0;0
08/06/2018;03:00;0;0;0
08/06/2018;03:15;0;0;0
08/06/2018;03:30;0;0;0
08/06/2018;03:45;0;0;0
08/06/2018;04:00;0;0;0
08/06/2018;04:15;0;0;0
08/06/2018;04:30;0;0;0
08/06/2018;04:45;0;0;0
08/06/2018;05:00;0;0;0
08/06/2018;05:15;0;0;0
08/06/2018;05:30;0;0;0
08/06/2018;05:45;0;0;0
08/06/2018;06:00;0;0;0
08/06/2018;06:15;0;0;0
08/06/2018;06:30;0;0;0
08/06/2018;06:45;0;0;0
08/06/2018;07:00;0;0;0
08/06/2018;07:15;0;0;0
08/06/2018;07:30;0;0;0
08/06/2018;07:45;0;0;0
08/06/2018;08:00;0;0;0
08/06/2018;08:15;0;0;0
08/06/2018;08:30;0;0;0
08/06/2018;08:45;0;0;0
08/06/2018;09:00;0;0;0
08/06/2018;09:15;0;0;0
08/06/2018;09:30;0;0;0
08/06/2018;09:45;0;0;0
08/06/2018;10:00;0;0;0
08/06/2018;10:15;0;0;0
08/06/2018;10:30;0;0;0
08/06/2018;10:45;0;0;0
08/06/2018;11:00;0;0;0
08/06/2018;11:15;0;0;0
08/06/2018;11:30;0;0;0
08/06/2018;11:45;0;0;0
08/06/2018;12:00;0;0;0
08/06/2018;12:15;0;0;0
08/06/2018;12:30;0;0;0
08/06/2018;12:45;0;0;0
08/06/2018;13:00;0;0;0
08/06/2018;13:15;0;0;0
08/06/2018;13:30;0;0;0
08/06/2018;13:45;0;0;0
08/06/2018;14:00;0;0;0
08/06/2018;14:15;0;0;0
08/06/2018;14:30;0;0;0
08/06/2018;14:45;0;0;0
08/06/2018;15:00;1;0;1
08/06/2018;15:15;0;0;0
08/06/2018;15:30;0;0;0
08/06/2018;15:45;0;0;0
08/06/2018;16:00;0;0;0
08/06/2018;16:15;0;0;0
08/06/2018;16:30;0;0;0
08/06/2018;16:45;0;0;0
08/06/2018;17:00;0;0;0
08/06/2018;17:15;0;0;0
08/06/2018;17:30;0;0;0
08/06/2018;17:45;0;0;0
08/06/2018;18:00;0;0;0
08/06/2018;18:15;0;0;0
08/06/2018;18:30;0;0;0
08/06/2018;18:45;0;0;0
08/06/2018;19:00;0;0;0
08/06/2018;19:15;0;0;0
08/06/2018;19:30;0;0;0
08/06/2018;19:45;0;0;0
08/06/2018;20:00;0;0;0
08/06/2018;20:15;0;0;0
08/06/2018;20:30;0;0;0
08/06/2018;20:45;0;0;0
08/06/2018;21:00;0;0;0
08/06/2018;21:15;0;0;0
08/06/2018;21:30;0;0;0
08/06/2018;21:45;0;0;0
08/06/2018;22:00;0;0;0
08/06/2018;22:15;0;0;0
08/06/2018;22:30;0;0;0
08/06/2018;22:45;0;0;0
08/06/2018;23:00;0;0;0
08/06/2018;23:15;0;0;0
08/06/2018;23:30;0;0;0
08/06/2018;23:45;0;0;0
09/06/2018;00:00;0;0;0
09/06/2018;00:15;0;0;0
09/06/2018;00:30;0;0;0
09/06/2018;00:45;0;0;0
09/06/2018;01:00;0;0;0
09/06/2018;01:15;0;0;0
09/06/2018;01:30;0;0;0
09/06/2018;01:45;0;0;0
09/06/2018;02:00;0;0;0
09/06/2018;02:15;0;0;0
09/06/2018;02:30;0;0;0
09/06/2018;02:45;0;0;0
09/06/2018;03:00;0;0;0
09/06/2018;03:15;0;0;0
09/06/2018;03:30;0;0;0
09/06/2018;03:45;0;0;0
09/06/2018;04:00;0;0;0
09/06/2018;04:15;0;0;0
09/06/2018;04:30;0;0;0
09/06/2018;04:45;0;0;0
09/06/2018;05:00;0;0;0
09/06/2018;05:15;0;0;0
09/06/2018;05:30;0;0;0
09/06/2018;05:45;0;0;0
09/06/2018;06:00;0;0;0
09/06/2018;06:15;0;0;0
09/06/2018;06:30;0;0;0
09/06/2018;06:45;0;0;0
09/06/2018;07:00;0;0;0
09/06/2018;07:15;0;0;0
09/06/2018;07:30;0;0;0
09/06/2018;07:45;0;0;0
09/06/2018;08:00;0;0;0
09/06/2018;08:15;0;0;0
09/06/2018;08:30;0;0;0
09/06/2018;08:45;0;0;0
09/06/2018;09:00;0;0;0
09/06/2018;09:15;0;0;0
09/06/2018;09:30;0;0;0
09/06/2018;09:45;0;0;0
09/06/2018;10:00;0;0;0
09/06/2018;10:15;0;0;0
09/06/2018;10:30;0;0;0
09/06/2018;10:45;0;0;0
09/06/2018;11:00;0;0;0
09/06/2018;11:15;0;0;0
09/06/2018;11:30;0;0;0
09/06/2018;11:45;0;0;0
09/06/2018;12:00;0;0;0
09/06/2018;12:15;0;0;0
09/06/2018;12:30;0;0;0
09/06/2018;12:45;0;0;0
09/06/2018;13:00;0;0;0
09/06/2018;13:15;0;0;0
09/06/2018;13:30;0;0;0
09/06/2018;13:45;0;0;0
09/06/2018;14:00;0;0;0
09/06/2018;14:15;0;0;0
09/06/2018;14:30;0;0;0
09/06/2018;14:45;0;0;0
09/06/2018;15:00;0;0;0
09/06/2018;15:15;0;0;0
09/06/2018;15:30;0;0;0
09/06/2018;15:45;0;0;0
09/06/2018;16:00;0;0;0
09/06/2018;16:15;0;0;0
09/06/2018;16:30;0;0;0
09/06/2018;16:45;0;0;0
09/06/2018;17:00;0;0;0
09/06/2018;17:15;0;0;0
09/06/2018;17:30;0;0;0
09/06/2018;17:45;0;0;0
09/06/2018;18:00;0;0;0
09/06/2018;18:15;0;0;0
09/06/2018;18:30;0;0;0
09/06/2018;18:45;0;0;0
09/06/2018;19:00;0;0;0
09/06/2018;19:15;0;0;0
09/06/2018;19:30;0;0;0
09/06/2018;19:45;0;0;0
09/06/2018;20:00;0;0;0
09/06/2018;20:15;0;0;0
09/06/2018;20:30;0;0;0
09/06/2018;20:45;0;0;0
09/06/2018;21:00;0;0;0
09/06/2018;21:15;0;0;0
09/06/2018;21:30;0;0;0
09/06/2018;21:45;0;0;0
09/06/2018;22:00;0;0;0
09/06/2018;22:15;0;0;0
09/06/2018;22:30;0;0;0
09/06/2018;22:45;0;0;0
09/06/2018;23:00;0;0;0
09/06/2018;23:15;0;0;0
09/06/2018;23:30;0;0;0
09/06/2018;23:45;0;0;0
10/06/2018;00:00;0;0;0
10/06/2018;00:15;0;0;0
10/06/2018;00:30;0;0;0
10/06/2018;00:45;0;0;0
10/06/2018;01:00;0;0;0
10/06/2018;01:15;0;0;0
10/06/2018;01:30;0;0;0
10/06/2018;01:45;0;0;0
10/06/2018;02:00;0;0;0
10/06/2018;02:15;0;0;0
10/06/2018;02:30;0;0;0
10/06/2018;02:45;0;0;0
10/06/2018;03:00;0;0;0
10/06/2018;03:15;0;0;0
10/06/2018;03:30;0;0;0
10/06/2018;03:45;0;0;0
10/06/2018;04:00;0;0;0
10/06/2018;04:15;0;0;0
10/06/2018;04:30;0;0;0
10/06/2018;04:45;0;0;0
10/06/2018;05:00;0;0;0
10/06/2018;05:15;0;0;0
10/06/2018;05:30;0;0;0
10/06/2018;05:45;0;0;0
10/06/2018;06:00;0;0;0
10/06/2018;06:15;0;0;0
10/06/2018;06:30;0;0;0
10/06/2018;06:45;0;0;0
10/06/2018;07:00;0;0;0
10/06/2018;07:15;0;0;0
10/06/2018;07:30;0;0;0
10/06/2018;07:45;0;0;0
10/06/2018;08:00;0;0;0
10/06/2018;08:15;0;0;0
10/06/2018;08:30;0;0;0
10/06/2018;08:45;0;0;0
10/06/2018;09:00;0;0;0
10/06/2018;09:15;0;0;0
10/06/2018;09:30;0;0;0
10/06/2018;09:45;0;0;0
10/06/2018;10:00;0;0;0
10/06/2018;10:15;0;0;0
10/06/2018;10:30;0;0;0
10/06/2018;10:45;0;0;0
10/06/2018;11:00;0;0;0
10/06/2018;11:15;0;0;0
10/06/2018;11:30;0;0;0
10/06/2018;11:45;0;0;0
10/06/2018;12:00;0;0;0
10/06/2018;12:15;0;0;0
10/06/2018;12:30;0;0;0
10/06/2018;12:45;0;0;0
10/06/2018;13:00;0;0;0
10/06/2018;13:15;0;0;0
10/06/2018;13:30;0;0;0
10/06/2018;13:45;0;0;0
10/06/2018;14:00;0;0;0
10/06/2018;14:15;0;0;0
10/06/2018;14:30;0;0;0
10/06/2018;14:45;0;0;0
10/06/2018;15:00;0;0;0
10/06/2018;15:15;0;0;0
10/06/2018;15:30;0;0;0
10/06/2018;15:45;0;0;0
10/06/2018;16:00;0;0;0
10/06/2018;16:15;0;0;0
10/06/2018;16:30;0;0;0
10/06/2018;16:45;0;0;0
10/06/2018;17:00;0;0;0
10/06/2018;17:15;0;0;0
10/06/2018;17:30;0;0;0
10/06/2018;17:45;0;0;0
10/06/2018;18:00;0;0;0
10/06/2018;18:15;0;0;0
10/06/2018;18:30;0;0;0
10/06/2018;18:45;0;0;0
10/06/2018;19:00;0;0;0
10/06/2018;19:15;0;0;0
10/06/2018;19:30;0;0;0
10/06/2018;19:45;0;0;0
10/06/2018;20:00;0;0;0
10/06/2018;20:15;0;0;0
10/06/2018;20:30;0;0;0
10/06/2018;20:45;0;0;0
10/06/2018;21:00;0;0;0
10/06/2018;21:15;0;0;0
10/06/2018;21:30;0;0;0
10/06/2018;21:45;0;0;0
10/06/2018;22:00;0;0;0
10/06/2018;22:15;0;0;0
10/06/2018;22:30;0;0;0
10/06/2018;22:45;0;0;0
10/06/2018;23:00;0;0;0
10/06/2018;23:15;0;0;0
10/06/2018;23:30;0;0;0
10/06/2018;23:45;0;0;0
11/06/2018;00:00;0;0;0
11/06/2018;00:15;0;0;0
11/06/2018;00:30;0;0;0
11/06/2018;00:45;0;0;0
11/06/2018;01:00;0;0;0
11/06/2018;01:15;0;0;0
11/06/2018;01:30;0;0;0
11/06/2018;01:45;0;0;0
11/06/2018;02:00;0;0;0
11/06/2018;02:15;0;0;0
11/06/2018;02:30;0;0;0
11/06/2018;02:45;0;0;0
11/06/2018;03:00;0;0;0
11/06/2018;03:15;0;0;0
11/06/2018;03:30;0;0;0
11/06/2018;03:45;0;0;0
11/06/2018;04:00;0;0;0
11/06/2018;04:15;0;0;0
11/06/2018;04:30;0;0;0
11/06/2018;04:45;0;0;0
11/06/2018;05:00;0;0;0
11/06/2018;05:15;0;0;0
11/06/2018;05:30;0;0;0
11/06/2018;05:45;0;0;0
11/06/2018;06:00;0;0;0
11/06/2018;06:15;0;0;0
11/06/2018;06:30;0;0;0
11/06/2018;06:45;0;0;0
11/06/2018;07:00;0;0;0
11/06/2018;07:15;0;0;0
11/06/2018;07:30;0;0;0
11/06/2018;07:45;0;0;0
11/06/2018;08:00;0;0;0
11/06/2018;08:15;0;0;0
11/06/2018;08:30;0;0;0
11/06/2018;08:45;0;0;0
11/06/2018;09:00;0;0;0
11/06/2018;09:15;0;0;0
11/06/2018;09:30;0;0;0
11/06/2018;09:45;0;0;0
11/06/2018;10:00;0;0;0
11/06/2018;10:15;0;0;0
11/06/2018;10:30;0;0;0
11/06/2018;10:45;0;0;0
11/06/2018;11:00;0;0;0
11/06/2018;11:15;0;0;0
11/06/2018;11:30;0;0;0
11/06/2018;11:45;0;0;0
11/06/2018;12:00;0;0;0
11/06/2018;12:15;0;0;0
11/06/2018;12:30;0;0;0
11/06/2018;12:45;0;0;0
11/06/2018;13:00;0;0;0
11/06/2018;13:15;0;0;0
11/06/2018;13:30;0;0;0
11/06/2018;13:45;0;0;0
11/06/2018;14:00;0;0;0
11/06/2018;14:15;0;0;0
11/06/2018;14:30;0;0;0
11/06/2018;14:45;0;0;0
11/06/2018;15:00;0;0;0
11/06/2018;15:15;0;0;0
11/06/2018;15:30;0;0;0
11/06/2018;15:45;0;0;0
11/06/2018;16:00;0;0;0
11/06/2018;16:15;0;0;0
11/06/2018;16:30;0;0;0
11/06/2018;16:45;0;0;0
11/06/2018;17:00;0;0;0
11/06/2018;17:15;0;0;0
11/06/2018;17:30;0;0;0
11/06/2018;17:45;0;0;0
11/06/2018;18:00;0;0;0
11/06/2018;18:15;0;0;0
11/06/2018;18:30;0;0;0
11/06/2018;18:45;0;0;0
11/06/2018;19:00;0;0;0
11/06/2018;19:15;0;0;0
11/06/2018;19:30;0;0;0
11/06/2018;19:45;0;0;0
11/06/2018;20:00;0;0;0
11/06/2018;20:15;0;0;0
11/06/2018;20:30;0;0;0
11/06/2018;20:45;0;0;0
11/06/2018;21:00;0;0;0
11/06/2018;21:15;0;0;0
11/06/2018;21:30;0;0;0
11/06/2018;21:45;0;0;0
11/06/2018;22:00;0;0;0
11/06/2018;22:15;0;0;0
11/06/2018;22:30;0;0;0
11/06/2018;22:45;0;0;0
11/06/2018;23:00;0;0;0
11/06/2018;23:15;0;0;0
11/06/2018;23:30;0;0;0
11/06/2018;23:45;0;0;0
12/06/2018;00:00;0;0;0
12/06/2018;00:15;0;0;0
12/06/2018;00:30;0;0;0
12/06/2018;00:45;0;0;0
12/06/2018;01:00;0;0;0
12/06/2018;01:15;0;0;0
12/06/2018;01:30;0;0;0
12/06/2018;01:45;0;0;0
12/06/2018;02:00;0;0;0
12/06/2018;02:15;0;0;0
12/06/2018;02:30;0;0;0
12/06/2018;02:45;0;0;0
12/06/2018;03:00;0;0;0
12/06/2018;03:15;0;0;0
12/06/2018;03:30;0;0;0
12/06/2018;03:45;0;0;0
12/06/2018;04:00;0;0;0
12/06/2018;04:15;0;0;0
12/06/2018;04:30;0;0;0
12/06/2018;04:45;0;0;0
12/06/2018;05:00;0;0;0
12/06/2018;05:15;0;0;0
12/06/2018;05:30;0;0;0
12/06/2018;05:45;0;0;0
12/06/2018;06:00;0;0;0
12/06/2018;06:15;0;0;0
12/06/2018;06:30;0;0;0
12/06/2018;06:45;0;0;0
12/06/2018;07:00;0;0;0
12/06/2018;07:15;0;0;0
12/06/2018;07:30;0;0;0
12/06/2018;07:45;0;0;0
12/06/2018;08:00;0;0;0
12/06/2018;08:15;0;0;0
12/06/2018;08:30;0;0;0
12/06/2018;08:45;0;0;0
12/06/2018;09:00;0;0;0
12/06/2018;09:15;0;0;0
12/06/2018;09:30;0;0;0
12/06/2018;09:45;0;0;0
12/06/2018;10:00;0;0;0
12/06/2018;10:15;0;0;0
12/06/2018;10:30;0;0;0
12/06/2018;10:45;0;0;0
12/06/2018;11:00;0;0;0
12/06/2018;11:15;0;0;0
12/06/2018;11:30;0;0;0
12/06/2018;11:45;0;0;0
12/06/2018;12:00;0;0;0
12/06/2018;12:15;0;0;0
12/06/2018;12:30;0;0;0
12/06/2018;12:45;0;0;0
12/06/2018;13:00;0;0;0
12/06/2018;13:15;0;0;0
12/06/2018;13:30;0;0;0
12/06/2018;13:45;0;0;0
12/06/2018;14:00;0;0;0
12/06/2018;14:15;0;0;0
12/06/2018;14:30;0;0;0
12/06/2018;14:45;0;0;0
12/06/2018;15:00;0;0;0
12/06/2018;15:15;0;0;0
12/06/2018;15:30;0;0;0
12/06/2018;15:45;0;0;0
12/06/2018;16:00;0;0;0
12/06/2018;16:15;0;0;0
12/06/2018;16:30;0;0;0
12/06/2018;16:45;0;0;0
12/06/2018;17:00;0;0;0
12/06/2018;17:15;0;0;0
12/06/2018;17:30;0;0;0
12/06/2018;17:45;0;0;0
12/06/2018;18:00;0;0;0
12/06/2018;18:15;0;0;0
12/06/2018;18:30;0;0;0
12/06/2018;18:45;0;0;0
12/06/2018;19:00;0;0;0
12/06/2018;19:15;0;0;0
12/06/2018;19:30;0;0;0
12/06/2018;19:45;0;0;0
12/06/2018;20:00;0;0;0
12/06/2018;20:15;0;0;0
12/06/2018;20:30;0;0;0
12/06/2018;20:45;0;0;0
12/06/2018;21:00;0;0;0
12/06/2018;21:15;0;0;0
12/06/2018;21:30;0;0;0
12/06/2018;21:45;0;0;0
12/06/2018;22:00;0;0;0
12/06/2018;22:15;0;0;0
12/06/2018;22:30;0;0;0
12/06/2018;22:45;0;0;0
12/06/2018;23:00;0;0;0
12/06/2018;23:15;0;0;0
12/06/2018;23:30;0;0;0
12/06/2018;23:45;0;0;0
13/06/2018;00:00;0;0;0
13/06/2018;00:15;0;0;0
13/06/2018;00:30;0;0;0
13/06/2018;00:45;0;0;0
13/06/2018;01:00;0;0;0
13/06/2018;01:15;0;0;0
13/06/2018;01:30;0;0;0
13/06/2018;01:45;0;0;0
13/06/2018;02:00;0;0;0
13/06/2018;02:15;0;0;0
13/06/2018;02:30;0;0;0
13/06/2018;02:45;0;0;0
13/06/2018;03:00;0;0;0
13/06/2018;03:15;0;0;0
13/06/2018;03:30;0;0;0
13/06/2018;03:45;0;0;0
13/06/2018;04:00;0;0;0
13/06/2018;04:15;0;0;0
13/06/2018;04:30;0;0;0
13/06/2018;04:45;0;0;0
13/06/2018;05:00;0;0;0
13/06/2018;05:15;0;0;0
13/06/2018;05:30;0;0;0
13/06/2018;05:45;0;0;0
13/06/2018;06:00;0;0;0
13/06/2018;06:15;0;0;0
13/06/2018;06:30;0;0;0
13/06/2018;06:45;0;0;0
13/06/2018;07:00;0;0;0
13/06/2018;07:15;0;0;0
13/06/2018;07:30;0;0;0
13/06/2018;07:45;0;0;0
13/06/2018;08:00;0;0;0
13/06/2018;08:15;0;0;0
13/06/2018;08:30;0;0;0
13/06/2018;08:45;0;0;0
13/06/2018;09:00;0;0;0
13/06/2018;09:15;0;0;0
13/06/2018;09:30;0;0;0
13/06/2018;09:45;0;0;0
13/06/2018;10:00;0;0;0
13/06/2018;10:15;0;0;0
13/06/2018;10:30;0;0;0
13/06/2018;10:45;0;0;0
13/06/2018;11:00;0;0;0
13/06/2018;11:15;0;0;0
13/06/2018;11:30;0;0;0
13/06/2018;11:45;0;0;0
13/06/2018;12:00;0;0;0
13/06/2018;12:15;0;0;0
13/06/2018;12:30;0;0;0
13/06/2018;12:45;0;0;0
13/06/2018;13:00;0;0;0
13/06/2018;13:15;0;0;0
13/06/2018;13:30;0;0;0
13/06/2018;13:45;0;0;0
13/06/2018;14:00;0;0;0
13/06/2018;14:15;0;0;0
13/06/2018;14:30;0;0;0
13/06/2018;14:45;0;0;0
13/06/2018;15:00;0;0;0
13/06/2018;15:15;0;0;0
13/06/2018;15:30;0;0;0
13/06/2018;15:45;0;0;0
13/06/2018;16:00;0;0;0
13/06/2018;16:15;0;0;0
13/06/2018;16:30;0;0;0
13/06/2018;16:45;0;0;0
13/06/2018;17:00;0;0;0
13/06/2018;17:15;0;0;0
13/06/2018;17:30;0;0;0
13/06/2018;17:45;0;0;0
13/06/2018;18:00;0;0;0
13/06/2018;18:15;0;0;0
13/06/2018;18:30;0;0;0
13/06/2018;18:45;0;0;0
13/06/2018;19:00;0;0;0
13/06/2018;19:15;0;0;0
13/06/2018;19:30;0;0;0
13/06/2018;19:45;0;0;0
13/06/2018;20:00;0;0;0
13/06/2018;20:15;0;0;0
13/06/2018;20:30;0;0;0
13/06/2018;20:45;0;0;0
13/06/2018;21:00;0;0;0
13/06/2018;21:15;0;0;0
13/06/2018;21:30;0;0;0
13/06/2018;21:45;0;0;0
13/06/2018;22:00;0;0;0
13/06/2018;22:15;0;0;0
13/06/2018;22:30;0;0;0
13/06/2018;22:45;0;0;0
13/06/2018;23:00;0;0;0
13/06/2018;23:15;0;0;0
13/06/2018;23:30;0;0;0
13/06/2018;23:45;0;0;0
14/06/2018;00:00;0;0;0
14/06/2018;00:15;0;0;0
14/06/2018;00:30;0;0;0
14/06/2018;00:45;0;0;0
14/06/2018;01:00;0;0;0
14/06/2018;01:15;0;0;0
14/06/2018;01:30;0;0;0
14/06/2018;01:45;0;0;0
14/06/2018;02:00;0;0;0
14/06/2018;02:15;0;0;0
14/06/2018;02:30;0;0;0
14/06/2018;02:45;0;0;0
14/06/2018;03:00;0;0;0
14/06/2018;03:15;0;0;0
14/06/2018;03:30;0;0;0
14/06/2018;03:45;0;0;0
14/06/2018;04:00;0;0;0
14/06/2018;04:15;0;0;0
14/06/2018;04:30;0;0;0
14/06/2018;04:45;0;0;0
14/06/2018;05:00;0;0;0
14/06/2018;05:15;0;0;0
14/06/2018;05:30;0;0;0
14/06/2018;05:45;0;0;0
14/06/2018;06:00;0;0;0
14/06/2018;06:15;0;0;0
14/06/2018;06:30;0;0;0
14/06/2018;06:45;0;0;0
14/06/2018;07:00;0;0;0
14/06/2018;07:15;0;0;0
14/06/2018;07:30;0;0;0
14/06/2018;07:45;0;0;0
14/06/2018;08:00;0;0;0
14/06/2018;08:15;0;0;0
14/06/2018;08:30;1;0;1
14/06/2018;08:45;0;0;0
14/06/2018;09:00;0;0;0
14/06/2018;09:15;0;0;0
14/06/2018;09:30;0;0;0
14/06/2018;09:45;0;0;0
14/06/2018;10:00;0;0;0
14/06/2018;10:15;0;0;0
14/06/2018;10:30;0;0;0
14/06/2018;10:45;0;0;0
14/06/2018;11:00;0;0;0
14/06/2018;11:15;0;0;0
14/06/2018;11:30;0;0;0
14/06/2018;11:45;0;0;0
14/06/2018;12:00;0;0;0
14/06/2018;12:15;0;0;0
14/06/2018;12:30;0;0;0
14/06/2018;12:45;0;0;0
14/06/2018;13:00;0;0;0
14/06/2018;13:15;0;0;0
14/06/2018;13:30;0;0;0
14/06/2018;13:45;0;0;0
14/06/2018;14:00;0;0;0
14/06/2018;14:15;0;0;0
14/06/2018;14:30;0;0;0
14/06/2018;14:45;0;0;0
14/06/2018;15:00;0;0;0
14/06/2018;15:15;0;0;0
14/06/2018;15:30;0;0;0
14/06/2018;15:45;0;0;0
14/06/2018;16:00;0;0;0
14/06/2018;16:15;0;0;0
14/06/2018;16:30;0;0;0
14/06/2018;16:45;0;0;0
14/06/2018;17:00;0;0;0
14/06/2018;17:15;0;0;0
14/06/2018;17:30;0;0;0
14/06/2018;17:45;0;0;0
14/06/2018;18:00;0;0;0
14/06/2018;18:15;0;0;0
14/06/2018;18:30;0;0;0
14/06/2018;18:45;0;0;0
14/06/2018;19:00;0;0;0
14/06/2018;19:15;1;0;1
14/06/2018;19:30;0;0;0
14/06/2018;19:45;0;0;0
14/06/2018;20:00;0;0;0
14/06/2018;20:15;0;0;0
14/06/2018;20:30;0;0;0
14/06/2018;20:45;0;0;0
14/06/2018;21:00;0;0;0
14/06/2018;21:15;0;0;0
14/06/2018;21:30;0;0;0
14/06/2018;21:45;0;0;0
14/06/2018;22:00;0;0;0
14/06/2018;22:15;0;0;0
14/06/2018;22:30;0;0;0
14/06/2018;22:45;0;0;0
14/06/2018;23:00;0;0;0
14/06/2018;23:15;0;0;0
14/06/2018;23:30;0;0;0
14/06/2018;23:45;0;0;0
15/06/2018;00:00;0;0;0
15/06/2018;00:15;0;0;0
15/06/2018;00:30;0;0;0
15/06/2018;00:45;0;0;0
15/06/2018;01:00;0;0;0
15/06/2018;01:15;0;0;0
15/06/2018;01:30;0;0;0
15/06/2018;01:45;0;0;0
15/06/2018;02:00;0;0;0
15/06/2018;02:15;0;0;0
15/06/2018;02:30;0;0;0
15/06/2018;02:45;0;0;0
15/06/2018;03:00;0;0;0
15/06/2018;03:15;0;0;0
15/06/2018;03:30;0;0;0
15/06/2018;03:45;0;0;0
15/06/2018;04:00;0;0;0
15/06/2018;04:15;0;0;0
15/06/2018;04:30;0;0;0
15/06/2018;04:45;0;0;0
15/06/2018;05:00;0;0;0
15/06/2018;05:15;0;0;0
15/06/2018;05:30;0;0;0
15/06/2018;05:45;0;0;0
15/06/2018;06:00;0;0;0
15/06/2018;06:15;0;0;0
15/06/2018;06:30;0;0;0
15/06/2018;06:45;0;0;0
15/06/2018;07:00;0;0;0
15/06/2018;07:15;0;0;0
15/06/2018;07:30;0;0;0
15/06/2018;07:45;0;0;0
15/06/2018;08:00;0;0;0
15/06/2018;08:15;0;0;0
15/06/2018;08:30;0;0;0
15/06/2018;08:45;0;0;0
15/06/2018;09:00;0;0;0
15/06/2018;09:15;0;0;0
15/06/2018;09:30;0;0;0
15/06/2018;09:45;0;0;0
15/06/2018;10:00;0;0;0
15/06/2018;10:15;0;0;0
15/06/2018;10:30;0;0;0
15/06/2018;10:45;0;0;0
15/06/2018;11:00;0;0;0
15/06/2018;11:15;0;0;0
15/06/2018;11:30;0;0;0
15/06/2018;11:45;0;0;0
15/06/2018;12:00;0;0;0
15/06/2018;12:15;0;0;0
15/06/2018;12:30;0;0;0
15/06/2018;12:45;0;0;0
15/06/2018;13:00;0;0;0
15/06/2018;13:15;0;0;0
15/06/2018;13:30;0;0;0
15/06/2018;13:45;0;0;0
15/06/2018;14:00;0;0;0
15/06/2018;14:15;0;0;0
15/06/2018;14:30;0;0;0
15/06/2018;14:45;0;0;0
15/06/2018;15:00;0;0;0
15/06/2018;15:15;0;0;0
15/06/2018;15:30;0;0;0
15/06/2018;15:45;0;0;0
15/06/2018;16:00;0;0;0
15/06/2018;16:15;0;0;0
15/06/2018;16:30;0;0;0
15/06/2018;16:45;0;0;0
15/06/2018;17:00;0;0;0
15/06/2018;17:15;0;0;0
15/06/2018;17:30;0;0;0
15/06/2018;17:45;0;0;0
15/06/2018;18:00;0;0;0
15/06/2018;18:15;0;0;0
15/06/2018;18:30;0;0;0
15/06/2018;18:45;0;0;0
15/06/2018;19:00;0;0;0
15/06/2018;19:15;0;0;0
15/06/2018;19:30;0;0;0
15/06/2018;19:45;0;0;0
15/06/2018;20:00;0;0;0
15/06/2018;20:15;0;0;0
15/06/2018;20:30;0;0;0
15/06/2018;20:45;0;0;0
15/06/2018;21:00;0;0;0
15/06/2018;21:15;0;0;0
15/06/2018;21:30;0;0;0
15/06/2018;21:45;0;0;0
15/06/2018;22:00;0;0;0
15/06/2018;22:15;0;0;0
15/06/2018;22:30;0;0;0
15/06/2018;22:45;0;0;0
15/06/2018;23:00;0;0;0
15/06/2018;23:15;0;0;0
15/06/2018;23:30;0;0;0
15/06/2018;23:45;0;0;0
16/06/2018;00:00;0;0;0
16/06/2018;00:15;0;0;0
16/06/2018;00:30;0;0;0
16/06/2018;00:45;0;0;0
16/06/2018;01:00;0;0;0
16/06/2018;01:15;0;0;0
16/06/2018;01:30;0;0;0
16/06/2018;01:45;0;0;0
16/06/2018;02:00;0;0;0
16/06/2018;02:15;0;0;0
16/06/2018;02:30;0;0;0
16/06/2018;02:45;0;0;0
16/06/2018;03:00;0;0;0
16/06/2018;03:15;0;0;0
16/06/2018;03:30;0;0;0
16/06/2018;03:45;0;0;0
16/06/2018;04:00;0;0;0
16/06/2018;04:15;0;0;0
16/06/2018;04:30;0;0;0
16/06/2018;04:45;0;0;0
16/06/2018;05:00;0;0;0
16/06/2018;05:15;0;0;0
16/06/2018;05:30;0;0;0
16/06/2018;05:45;0;0;0
16/06/2018;06:00;0;0;0
16/06/2018;06:15;0;0;0
16/06/2018;06:30;0;0;0
16/06/2018;06:45;0;0;0
16/06/2018;07:00;0;0;0
16/06/2018;07:15;0;0;0
16/06/2018;07:30;0;0;0
16/06/2018;07:45;0;0;0
16/06/2018;08:00;0;0;0
16/06/2018;08:15;0;0;0
16/06/2018;08:30;0;0;0
16/06/2018;08:45;0;0;0
16/06/2018;09:00;0;0;0
16/06/2018;09:15;0;0;0
16/06/2018;09:30;0;0;0
16/06/2018;09:45;0;0;0
16/06/2018;10:00;0;0;0
16/06/2018;10:15;0;0;0
16/06/2018;10:30;0;0;0
16/06/2018;10:45;0;0;0
16/06/2018;11:00;0;0;0
16/06/2018;11:15;0;0;0
16/06/2018;11:30;0;0;0
16/06/2018;11:45;0;0;0
16/06/2018;12:00;0;0;0
16/06/2018;12:15;0;0;0
16/06/2018;12:30;0;0;0
16/06/2018;12:45;0;0;0
16/06/2018;13:00;0;0;0
16/06/2018;13:15;0;0;0
16/06/2018;13:30;0;0;0
16/06/2018;13:45;0;0;0
16/06/2018;14:00;0;0;0
16/06/2018;14:15;0;0;0
16/06/2018;14:30;0;0;0
16/06/2018;14:45;0;0;0
16/06/2018;15:00;0;0;0
16/06/2018;15:15;0;0;0
16/06/2018;15:30;0;0;0
16/06/2018;15:45;0;0;0
16/06/2018;16:00;0;0;0
16/06/2018;16:15;0;0;0
16/06/2018;16:30;0;0;0
16/06/2018;16:45;0;0;0
16/06/2018;17:00;0;0;0
16/06/2018;17:15;0;0;0
16/06/2018;17:30;0;0;0
16/06/2018;17:45;0;0;0
16/06/2018;18:00;0;0;0
16/06/2018;18:15;0;0;0
16/06/2018;18:30;0;0;0
16/06/2018;18:45;0;0;0
16/06/2018;19:00;0;0;0
16/06/2018;19:15;0;0;0
16/06/2018;19:30;0;0;0
16/06/2018;19:45;0;0;0
16/06/2018;20:00;0;0;0
16/06/2018;20:15;0;0;0
16/06/2018;20:30;0;0;0
16/06/2018;20:45;0;0;0
16/06/2018;21:00;0;0;0
16/06/2018;21:15;0;0;0
16/06/2018;21:30;0;0;0
16/06/2018;21:45;0;0;0
16/06/2018;22:00;0;0;0
16/06/2018;22:15;0;0;0
16/06/2018;22:30;0;0;0
16/06/2018;22:45;0;0;0
16/06/2018;23:00;0;0;0
16/06/2018;23:15;0;0;0
16/06/2018;23:30;0;0;0
16/06/2018;23:45;0;0;0
17/06/2018;00:00;0;0;0
17/06/2018;00:15;0;0;0
17/06/2018;00:30;0;0;0
17/06/2018;00:45;0;0;0
17/06/2018;01:00;0;0;0
17/06/2018;01:15;0;0;0
17/06/2018;01:30;0;0;0
17/06/2018;01:45;0;0;0
17/06/2018;02:00;0;0;0
17/06/2018;02:15;0;0;0
17/06/2018;02:30;0;0;0
17/06/2018;02:45;0;0;0
17/06/2018;03:00;0;0;0
17/06/2018;03:15;0;0;0
17/06/2018;03:30;0;0;0
17/06/2018;03:45;0;0;0
17/06/2018;04:00;0;0;0
17/06/2018;04:15;0;0;0
17/06/2018;04:30;0;0;0
17/06/2018;04:45;0;0;0
17/06/2018;05:00;0;0;0
17/06/2018;05:15;0;0;0
17/06/2018;05:30;0;0;0
17/06/2018;05:45;0;0;0
17/06/2018;06:00;0;0;0
17/06/2018;06:15;0;0;0
17/06/2018;06:30;0;0;0
17/06/2018;06:45;0;0;0
17/06/2018;07:00;0;0;0
17/06/2018;07:15;0;0;0
17/06/2018;07:30;0;0;0
17/06/2018;07:45;0;0;0
17/06/2018;08:00;0;0;0
17/06/2018;08:15;0;0;0
17/06/2018;08:30;0;0;0
17/06/2018;08:45;0;0;0
17/06/2018;09:00;0;0;0
17/06/2018;09:15;0;0;0
17/06/2018;09:30;0;0;0
17/06/2018;09:45;0;0;0
17/06/2018;10:00;0;0;0
17/06/2018;10:15;0;0;0
17/06/2018;10:30;0;0;0
17/06/2018;10:45;0;0;0
17/06/2018;11:00;0;0;0
17/06/2018;11:15;0;0;0
17/06/2018;11:30;0;0;0
17/06/2018;11:45;0;0;0
17/06/2018;12:00;0;0;0
17/06/2018;12:15;0;0;0
17/06/2018;12:30;0;0;0
17/06/2018;12:45;0;0;0
17/06/2018;13:00;0;0;0
17/06/2018;13:15;0;0;0
17/06/2018;13:30;0;0;0
17/06/2018;13:45;0;0;0
17/06/2018;14:00;0;0;0
17/06/2018;14:15;0;0;0
17/06/2018;14:30;0;0;0
17/06/2018;14:45;0;0;0
17/06/2018;15:00;0;0;0
17/06/2018;15:15;0;0;0
17/06/2018;15:30;0;0;0
17/06/2018;15:45;0;0;0
17/06/2018;16:00;0;0;0
17/06/2018;16:15;0;0;0
17/06/2018;16:30;0;0;0
17/06/2018;16:45;0;0;0
17/06/2018;17:00;0;0;0
17/06/2018;17:15;0;0;0
17/06/2018;17:30;0;0;0
17/06/2018;17:45;0;0;0
17/06/2018;18:00;0;0;0
17/06/2018;18:15;0;0;0
17/06/2018;18:30;0;0;0
17/06/2018;18:45;0;0;0
17/06/2018;19:00;0;0;0
17/06/2018;19:15;0;0;0
17/06/2018;19:30;0;0;0
17/06/2018;19:45;0;0;0
17/06/2018;20:00;0;0;0
17/06/2018;20:15;0;0;0
17/06/2018;20:30;0;0;0
17/06/2018;20:45;0;0;0
17/06/2018;21:00;0;0;0
17/06/2018;21:15;0;0;0
17/06/2018;21:30;0;0;0
17/06/2018;21:45;0;0;0
17/06/2018;22:00;0;0;0
17/06/2018;22:15;0;0;0
17/06/2018;22:30;0;0;0
17/06/2018;22:45;0;0;0
17/06/2018;23:00;0;0;0
17/06/2018;23:15;0;0;0
17/06/2018;23:30;0;0;0
17/06/2018;23:45;0;0;0
18/06/2018;00:00;0;0;0
18/06/2018;00:15;0;0;0
18/06/2018;00:30;0;0;0
18/06/2018;00:45;0;0;0
18/06/2018;01:00;0;0;0
18/06/2018;01:15;0;0;0
18/06/2018;01:30;0;0;0
18/06/2018;01:45;0;0;0
18/06/2018;02:00;0;0;0
18/06/2018;02:15;0;0;0
18/06/2018;02:30;0;0;0
18/06/2018;02:45;0;0;0
18/06/2018;03:00;0;0;0
18/06/2018;03:15;0;0;0
18/06/2018;03:30;0;0;0
18/06/2018;03:45;0;0;0
18/06/2018;04:00;0;0;0
18/06/2018;04:15;0;0;0
18/06/2018;04:30;0;0;0
18/06/2018;04:45;0;0;0
18/06/2018;05:00;0;0;0
18/06/2018;05:15;0;0;0
18/06/2018;05:30;0;0;0
18/06/2018;05:45;0;0;0
18/06/2018;06:00;0;0;0
18/06/2018;06:15;0;0;0
18/06/2018;06:30;0;0;0
18/06/2018;06:45;0;0;0
18/06/2018;07:00;0;0;0
18/06/2018;07:15;0;0;0
18/06/2018;07:30;0;0;0
18/06/2018;07:45;0;0;0
18/06/2018;08:00;0;0;0
18/06/2018;08:15;0;0;0
18/06/2018;08:30;0;0;0
18/06/2018;08:45;0;0;0
18/06/2018;09:00;0;0;0
18/06/2018;09:15;0;0;0
18/06/2018;09:30;0;0;0
18/06/2018;09:45;0;0;0
18/06/2018;10:00;0;0;0
18/06/2018;10:15;0;0;0
18/06/2018;10:30;0;0;0
18/06/2018;10:45;0;0;0
18/06/2018;11:00;0;0;0
18/06/2018;11:15;0;0;0
18/06/2018;11:30;0;0;0
18/06/2018;11:45;0;0;0
18/06/2018;12:00;0;0;0
18/06/2018;12:15;0;0;0
18/06/2018;12:30;0;0;0
18/06/2018;12:45;0;0;0
18/06/2018;13:00;0;0;0
18/06/2018;13:15;0;0;0
18/06/2018;13:30;0;0;0
18/06/2018;13:45;0;0;0
18/06/2018;14:00;0;0;0
18/06/2018;14:15;0;0;0
18/06/2018;14:30;0;0;0
18/06/2018;14:45;0;0;0
18/06/2018;15:00;0;0;0
18/06/2018;15:15;0;0;0
18/06/2018;15:30;0;0;0
18/06/2018;15:45;0;0;0
18/06/2018;16:00;0;0;0
18/06/2018;16:15;0;0;0
18/06/2018;16:30;0;0;0
18/06/2018;16:45;0;0;0
18/06/2018;17:00;0;0;0
18/06/2018;17:15;0;0;0
18/06/2018;17:30;0;0;0
18/06/2018;17:45;0;0;0
18/06/2018;18:00;0;0;0
18/06/2018;18:15;0;0;0
18/06/2018;18:30;0;0;0
18/06/2018;18:45;0;0;0
18/06/2018;19:00;0;0;0
18/06/2018;19:15;0;0;0
18/06/2018;19:30;0;0;0
18/06/2018;19:45;0;0;0
18/06/2018;20:00;0;0;0
18/06/2018;20:15;0;0;0
18/06/2018;20:30;0;0;0
18/06/2018;20:45;0;0;0
18/06/2018;21:00;0;0;0
18/06/2018;21:15;0;0;0
18/06/2018;21:30;0;0;0
18/06/2018;21:45;0;0;0
18/06/2018;22:00;0;0;0
18/06/2018;22:15;0;0;0
18/06/2018;22:30;0;0;0
18/06/2018;22:45;0;0;0
18/06/2018;23:00;0;0;0
18/06/2018;23:15;0;0;0
18/06/2018;23:30;0;0;0
18/06/2018;23:45;0;0;0
19/06/2018;00:00;0;0;0
19/06/2018;00:15;0;0;0
19/06/2018;00:30;0;0;0
19/06/2018;00:45;0;0;0
19/06/2018;01:00;0;0;0
19/06/2018;01:15;0;0;0
19/06/2018;01:30;0;0;0
19/06/2018;01:45;0;0;0
19/06/2018;02:00;0;0;0
19/06/2018;02:15;0;0;0
19/06/2018;02:30;0;0;0
19/06/2018;02:45;0;0;0
19/06/2018;03:00;0;0;0
19/06/2018;03:15;0;0;0
19/06/2018;03:30;0;0;0
19/06/2018;03:45;0;0;0
19/06/2018;04:00;0;0;0
19/06/2018;04:15;0;0;0
19/06/2018;04:30;0;0;0
19/06/2018;04:45;0;0;0
19/06/2018;05:00;0;0;0
19/06/2018;05:15;0;0;0
19/06/2018;05:30;0;0;0
19/06/2018;05:45;0;0;0
19/06/2018;06:00;0;0;0
19/06/2018;06:15;0;0;0
19/06/2018;06:30;0;0;0
19/06/2018;06:45;0;0;0
19/06/2018;07:00;0;0;0
19/06/2018;07:15;0;0;0
19/06/2018;07:30;0;0;0
19/06/2018;07:45;0;0;0
19/06/2018;08:00;0;0;0
19/06/2018;08:15;0;0;0
19/06/2018;08:30;0;0;0
19/06/2018;08:45;0;0;0
19/06/2018;09:00;0;0;0
19/06/2018;09:15;0;0;0
19/06/2018;09:30;0;0;0
19/06/2018;09:45;0;0;0
19/06/2018;10:00;0;0;0
19/06/2018;10:15;0;0;0
19/06/2018;10:30;0;0;0
19/06/2018;10:45;0;0;0
19/06/2018;11:00;0;0;0
19/06/2018;11:15;0;0;0
19/06/2018;11:30;0;0;0
19/06/2018;11:45;0;0;0
19/06/2018;12:00;0;0;0
19/06/2018;12:15;0;0;0
19/06/2018;12:30;0;0;0
19/06/2018;12:45;0;0;0
19/06/2018;13:00;0;0;0
19/06/2018;13:15;0;0;0
19/06/2018;13:30;0;0;0
19/06/2018;13:45;0;0;0
19/06/2018;14:00;0;0;0
19/06/2018;14:15;0;0;0
19/06/2018;14:30;0;0;0
19/06/2018;14:45;0;0;0
19/06/2018;15:00;0;0;0
19/06/2018;15:15;0;0;0
19/06/2018;15:30;0;0;0
19/06/2018;15:45;0;0;0
19/06/2018;16:00;0;0;0
19/06/2018;16:15;0;0;0
19/06/2018;16:30;0;0;0
19/06/2018;16:45;0;0;0
19/06/2018;17:00;0;0;0
19/06/2018;17:15;0;0;0
19/06/2018;17:30;0;0;0
19/06/2018;17:45;0;0;0
19/06/2018;18:00;0;0;0
19/06/2018;18:15;0;0;0
19/06/2018;18:30;0;0;0
19/06/2018;18:45;0;0;0
19/06/2018;19:00;0;0;0
19/06/2018;19:15;0;0;0
19/06/2018;19:30;0;0;0
19/06/2018;19:45;0;0;0
19/06/2018;20:00;0;0;0
19/06/2018;20:15;0;0;0
19/06/2018;20:30;0;0;0
19/06/2018;20:45;0;0;0
19/06/2018;21:00;0;0;0
19/06/2018;21:15;0;0;0
19/06/2018;21:30;0;0;0
19/06/2018;21:45;0;0;0
19/06/2018;22:00;0;0;0
19/06/2018;22:15;0;0;0
19/06/2018;22:30;0;0;0
19/06/2018;22:45;0;0;0
19/06/2018;23:00;0;0;0
19/06/2018;23:15;0;0;0
19/06/2018;23:30;0;0;0
19/06/2018;23:45;0;0;0
20/06/2018;00:00;0;0;0
20/06/2018;00:15;0;0;0
20/06/2018;00:30;0;0;0
20/06/2018;00:45;0;0;0
20/06/2018;01:00;0;0;0
20/06/2018;01:15;0;0;0
20/06/2018;01:30;0;0;0
20/06/2018;01:45;0;0;0
20/06/2018;02:00;0;0;0
20/06/2018;02:15;0;0;0
20/06/2018;02:30;0;0;0
20/06/2018;02:45;0;0;0
20/06/2018;03:00;0;0;0
20/06/2018;03:15;0;0;0
20/06/2018;03:30;0;0;0
20/06/2018;03:45;0;0;0
20/06/2018;04:00;0;0;0
20/06/2018;04:15;0;0;0
20/06/2018;04:30;0;0;0
20/06/2018;04:45;0;0;0
20/06/2018;05:00;0;0;0
20/06/2018;05:15;0;0;0
20/06/2018;05:30;0;0;0
20/06/2018;05:45;0;0;0
20/06/2018;06:00;0;0;0
20/06/2018;06:15;0;0;0
20/06/2018;06:30;0;0;0
20/06/2018;06:45;0;0;0
20/06/2018;07:00;0;0;0
20/06/2018;07:15;0;0;0
20/06/2018;07:30;0;0;0
20/06/2018;07:45;0;0;0
20/06/2018;08:00;0;0;0
20/06/2018;08:15;0;0;0
20/06/2018;08:30;0;0;0
20/06/2018;08:45;0;0;0
20/06/2018;09:00;0;0;0
20/06/2018;09:15;0;0;0
20/06/2018;09:30;0;0;0
20/06/2018;09:45;0;0;0
20/06/2018;10:00;0;0;0
20/06/2018;10:15;0;0;0
20/06/2018;10:30;0;0;0
20/06/2018;10:45;0;0;0
20/06/2018;11:00;0;0;0
20/06/2018;11:15;0;0;0
20/06/2018;11:30;0;0;0
20/06/2018;11:45;0;0;0
20/06/2018;12:00;0;0;0
20/06/2018;12:15;0;0;0
20/06/2018;12:30;0;0;0
20/06/2018;12:45;0;0;0
20/06/2018;13:00;0;0;0
20/06/2018;13:15;0;0;0
20/06/2018;13:30;0;0;0
20/06/2018;13:45;0;0;0
20/06/2018;14:00;0;0;0
20/06/2018;14:15;0;0;0
20/06/2018;14:30;0;0;0
20/06/2018;14:45;0;0;0
20/06/2018;15:00;0;0;0
20/06/2018;15:15;0;0;0
20/06/2018;15:30;0;0;0
20/06/2018;15:45;0;0;0
20/06/2018;16:00;0;0;0
20/06/2018;16:15;0;0;0
20/06/2018;16:30;0;0;0
20/06/2018;16:45;0;0;0
20/06/2018;17:00;0;0;0
20/06/2018;17:15;0;0;0
20/06/2018;17:30;0;0;0
20/06/2018;17:45;0;0;0
20/06/2018;18:00;0;0;0
20/06/2018;18:15;0;0;0
20/06/2018;18:30;0;0;0
20/06/2018;18:45;0;0;0
20/06/2018;19:00;0;0;0
20/06/2018;19:15;0;0;0
20/06/2018;19:30;0;0;0
20/06/2018;19:45;0;0;0
20/06/2018;20:00;0;0;0
20/06/2018;20:15;0;0;0
20/06/2018;20:30;0;0;0
20/06/2018;20:45;0;0;0
20/06/2018;21:00;0;0;0
20/06/2018;21:15;0;0;0
20/06/2018;21:30;0;0;0
20/06/2018;21:45;0;0;0
20/06/2018;22:00;0;0;0
20/06/2018;22:15;0;0;0
20/06/2018;22:30;0;0;0
20/06/2018;22:45;0;0;0
20/06/2018;23:00;0;0;0
20/06/2018;23:15;0;0;0
20/06/2018;23:30;0;0;0
20/06/2018;23:45;0;0;0
21/06/2018;00:00;0;0;0
21/06/2018;00:15;0;0;0
21/06/2018;00:30;0;0;0
21/06/2018;00:45;0;0;0
21/06/2018;01:00;0;0;0
21/06/2018;01:15;0;0;0
21/06/2018;01:30;0;0;0
21/06/2018;01:45;0;0;0
21/06/2018;02:00;0;0;0
21/06/2018;02:15;0;0;0
21/06/2018;02:30;0;0;0
21/06/2018;02:45;0;0;0
21/06/2018;03:00;0;0;0
21/06/2018;03:15;0;0;0
21/06/2018;03:30;0;0;0
21/06/2018;03:45;0;0;0
21/06/2018;04:00;0;0;0
21/06/2018;04:15;0;0;0
21/06/2018;04:30;0;0;0
21/06/2018;04:45;0;0;0
21/06/2018;05:00;0;0;0
21/06/2018;05:15;0;0;0
21/06/2018;05:30;0;0;0
21/06/2018;05:45;0;0;0
21/06/2018;06:00;0;0;0
21/06/2018;06:15;0;0;0
21/06/2018;06:30;0;0;0
21/06/2018;06:45;0;0;0
21/06/2018;07:00;0;0;0
21/06/2018;07:15;0;0;0
21/06/2018;07:30;0;0;0
21/06/2018;07:45;0;0;0
21/06/2018;08:00;0;0;0
21/06/2018;08:15;0;0;0
21/06/2018;08:30;0;0;0
21/06/2018;08:45;0;0;0
21/06/2018;09:00;0;0;0
21/06/2018;09:15;0;0;0
21/06/2018;09:30;0;0;0
21/06/2018;09:45;0;0;0
21/06/2018;10:00;0;0;0
21/06/2018;10:15;0;0;0
21/06/2018;10:30;0;0;0
21/06/2018;10:45;0;0;0
21/06/2018;11:00;0;0;0
21/06/2018;11:15;0;0;0
21/06/2018;11:30;0;0;0
21/06/2018;11:45;0;0;0
21/06/2018;12:00;0;0;0
21/06/2018;12:15;0;0;0
21/06/2018;12:30;0;0;0
21/06/2018;12:45;0;0;0
21/06/2018;13:00;0;0;0
21/06/2018;13:15;1;1;0
21/06/2018;13:30;0;0;0
21/06/2018;13:45;0;0;0
21/06/2018;14:00;0;0;0
21/06/2018;14:15;0;0;0
21/06/2018;14:30;0;0;0
21/06/2018;14:45;0;0;0
21/06/2018;15:00;0;0;0
21/06/2018;15:15;0;0;0
21/06/2018;15:30;0;0;0
21/06/2018;15:45;0;0;0
21/06/2018;16:00;0;0;0
21/06/2018;16:15;0;0;0
21/06/2018;16:30;0;0;0
21/06/2018;16:45;0;0;0
21/06/2018;17:00;0;0;0
21/06/2018;17:15;0;0;0
21/06/2018;17:30;0;0;0
21/06/2018;17:45;0;0;0
21/06/2018;18:00;0;0;0
21/06/2018;18:15;0;0;0
21/06/2018;18:30;0;0;0
21/06/2018;18:45;0;0;0
21/06/2018;19:00;0;0;0
21/06/2018;19:15;0;0;0
21/06/2018;19:30;0;0;0
21/06/2018;19:45;0;0;0
21/06/2018;20:00;0;0;0
21/06/2018;20:15;0;0;0
21/06/2018;20:30;0;0;0
21/06/2018;20:45;0;0;0
21/06/2018;21:00;0;0;0
21/06/2018;21:15;0;0;0
21/06/2018;21:30;0;0;0
21/06/2018;21:45;0;0;0
21/06/2018;22:00;0;0;0
21/06/2018;22:15;0;0;0
21/06/2018;22:30;0;0;0
21/06/2018;22:45;0;0;0
21/06/2018;23:00;0;0;0
21/06/2018;23:15;0;0;0
21/06/2018;23:30;0;0;0
21/06/2018;23:45;0;0;0
22/06/2018;00:00;0;0;0
22/06/2018;00:15;0;0;0
22/06/2018;00:30;0;0;0
22/06/2018;00:45;0;0;0
22/06/2018;01:00;0;0;0
22/06/2018;01:15;0;0;0
22/06/2018;01:30;0;0;0
22/06/2018;01:45;0;0;0
22/06/2018;02:00;0;0;0
22/06/2018;02:15;0;0;0
22/06/2018;02:30;0;0;0
22/06/2018;02:45;0;0;0
22/06/2018;03:00;0;0;0
22/06/2018;03:15;0;0;0
22/06/2018;03:30;0;0;0
22/06/2018;03:45;0;0;0
22/06/2018;04:00;0;0;0
22/06/2018;04:15;0;0;0
22/06/2018;04:30;0;0;0
22/06/2018;04:45;0;0;0
22/06/2018;05:00;0;0;0
22/06/2018;05:15;0;0;0
22/06/2018;05:30;0;0;0
22/06/2018;05:45;0;0;0
22/06/2018;06:00;0;0;0
22/06/2018;06:15;0;0;0
22/06/2018;06:30;0;0;0
22/06/2018;06:45;0;0;0
22/06/2018;07:00;0;0;0
22/06/2018;07:15;0;0;0
22/06/2018;07:30;0;0;0
22/06/2018;07:45;0;0;0
22/06/2018;08:00;0;0;0
22/06/2018;08:15;0;0;0
22/06/2018;08:30;0;0;0
22/06/2018;08:45;0;0;0
22/06/2018;09:00;0;0;0
22/06/2018;09:15;0;0;0
22/06/2018;09:30;0;0;0
22/06/2018;09:45;0;0;0
22/06/2018;10:00;0;0;0
22/06/2018;10:15;0;0;0
22/06/2018;10:30;0;0;0
22/06/2018;10:45;0;0;0
22/06/2018;11:00;0;0;0
22/06/2018;11:15;0;0;0
22/06/2018;11:30;0;0;0
22/06/2018;11:45;0;0;0
22/06/2018;12:00;0;0;0
22/06/2018;12:15;0;0;0
22/06/2018;12:30;0;0;0
22/06/2018;12:45;0;0;0
22/06/2018;13:00;0;0;0
22/06/2018;13:15;0;0;0
22/06/2018;13:30;0;0;0
22/06/2018;13:45;0;0;0
22/06/2018;14:00;0;0;0
22/06/2018;14:15;0;0;0
22/06/2018;14:30;0;0;0
22/06/2018;14:45;0;0;0
22/06/2018;15:00;0;0;0
22/06/2018;15:15;0;0;0
22/06/2018;15:30;0;0;0
22/06/2018;15:45;0;0;0
22/06/2018;16:00;0;0;0
22/06/2018;16:15;0;0;0
22/06/2018;16:30;0;0;0
22/06/2018;16:45;0;0;0
22/06/2018;17:00;0;0;0
22/06/2018;17:15;0;0;0
22/06/2018;17:30;0;0;0
22/06/2018;17:45;0;0;0
22/06/2018;18:00;0;0;0
22/06/2018;18:15;0;0;0
22/06/2018;18:30;0;0;0
22/06/2018;18:45;0;0;0
22/06/2018;19:00;0;0;0
22/06/2018;19:15;0;0;0
22/06/2018;19:30;0;0;0
22/06/2018;19:45;0;0;0
22/06/2018;20:00;0;0;0
22/06/2018;20:15;0;0;0
22/06/2018;20:30;0;0;0
22/06/2018;20:45;0;0;0
22/06/2018;21:00;0;0;0
22/06/2018;21:15;0;0;0
22/06/2018;21:30;0;0;0
22/06/2018;21:45;0;0;0
22/06/2018;22:00;0;0;0
22/06/2018;22:15;0;0;0
22/06/2018;22:30;0;0;0
22/06/2018;22:45;0;0;0
22/06/2018;23:00;0;0;0
22/06/2018;23:15;0;0;0
22/06/2018;23:30;0;0;0
22/06/2018;23:45;0;0;0
23/06/2018;00:00;0;0;0
23/06/2018;00:15;0;0;0
23/06/2018;00:30;0;0;0
23/06/2018;00:45;0;0;0
23/06/2018;01:00;0;0;0
23/06/2018;01:15;0;0;0
23/06/2018;01:30;0;0;0
23/06/2018;01:45;0;0;0
23/06/2018;02:00;0;0;0
23/06/2018;02:15;0;0;0
23/06/2018;02:30;0;0;0
23/06/2018;02:45;0;0;0
23/06/2018;03:00;0;0;0
23/06/2018;03:15;0;0;0
23/06/2018;03:30;0;0;0
23/06/2018;03:45;0;0;0
23/06/2018;04:00;0;0;0
23/06/2018;04:15;0;0;0
23/06/2018;04:30;0;0;0
23/06/2018;04:45;0;0;0
23/06/2018;05:00;0;0;0
23/06/2018;05:15;0;0;0
23/06/2018;05:30;0;0;0
23/06/2018;05:45;0;0;0
23/06/2018;06:00;0;0;0
23/06/2018;06:15;0;0;0
23/06/2018;06:30;0;0;0
23/06/2018;06:45;0;0;0
23/06/2018;07:00;0;0;0
23/06/2018;07:15;0;0;0
23/06/2018;07:30;0;0;0
23/06/2018;07:45;0;0;0
23/06/2018;08:00;0;0;0
23/06/2018;08:15;0;0;0
23/06/2018;08:30;0;0;0
23/06/2018;08:45;0;0;0
23/06/2018;09:00;0;0;0
23/06/2018;09:15;0;0;0
23/06/2018;09:30;0;0;0
23/06/2018;09:45;0;0;0
23/06/2018;10:00;0;0;0
23/06/2018;10:15;0;0;0
23/06/2018;10:30;0;0;0
23/06/2018;10:45;0;0;0
23/06/2018;11:00;0;0;0
23/06/2018;11:15;0;0;0
23/06/2018;11:30;0;0;0
23/06/2018;11:45;0;0;0
23/06/2018;12:00;0;0;0
23/06/2018;12:15;0;0;0
23/06/2018;12:30;0;0;0
23/06/2018;12:45;0;0;0
23/06/2018;13:00;0;0;0
23/06/2018;13:15;0;0;0
23/06/2018;13:30;0;0;0
23/06/2018;13:45;0;0;0
23/06/2018;14:00;0;0;0
23/06/2018;14:15;0;0;0
23/06/2018;14:30;0;0;0
23/06/2018;14:45;0;0;0
23/06/2018;15:00;0;0;0
23/06/2018;15:15;0;0;0
23/06/2018;15:30;0;0;0
23/06/2018;15:45;0;0;0
23/06/2018;16:00;0;0;0
23/06/2018;16:15;0;0;0
23/06/2018;16:30;0;0;0
23/06/2018;16:45;0;0;0
23/06/2018;17:00;0;0;0
23/06/2018;17:15;0;0;0
23/06/2018;17:30;0;0;0
23/06/2018;17:45;0;0;0
23/06/2018;18:00;0;0;0
23/06/2018;18:15;0;0;0
23/06/2018;18:30;0;0;0
23/06/2018;18:45;0;0;0
23/06/2018;19:00;0;0;0
23/06/2018;19:15;0;0;0
23/06/2018;19:30;0;0;0
23/06/2018;19:45;0;0;0
23/06/2018;20:00;0;0;0
23/06/2018;20:15;0;0;0
23/06/2018;20:30;0;0;0
23/06/2018;20:45;0;0;0
23/06/2018;21:00;0;0;0
23/06/2018;21:15;0;0;0
23/06/2018;21:30;0;0;0
23/06/2018;21:45;0;0;0
23/06/2018;22:00;0;0;0
23/06/2018;22:15;0;0;0
23/06/2018;22:30;0;0;0
23/06/2018;22:45;0;0;0
23/06/2018;23:00;0;0;0
23/06/2018;23:15;0;0;0
23/06/2018;23:30;0;0;0
23/06/2018;23:45;0;0;0
24/06/2018;00:00;0;0;0
24/06/2018;00:15;0;0;0
24/06/2018;00:30;0;0;0
24/06/2018;00:45;0;0;0
24/06/2018;01:00;0;0;0
24/06/2018;01:15;0;0;0
24/06/2018;01:30;0;0;0
24/06/2018;01:45;0;0;0
24/06/2018;02:00;0;0;0
24/06/2018;02:15;0;0;0
24/06/2018;02:30;0;0;0
24/06/2018;02:45;0;0;0
24/06/2018;03:00;0;0;0
24/06/2018;03:15;0;0;0
24/06/2018;03:30;0;0;0
24/06/2018;03:45;0;0;0
24/06/2018;04:00;0;0;0
24/06/2018;04:15;0;0;0
24/06/2018;04:30;0;0;0
24/06/2018;04:45;0;0;0
24/06/2018;05:00;0;0;0
24/06/2018;05:15;0;0;0
24/06/2018;05:30;0;0;0
24/06/2018;05:45;0;0;0
24/06/2018;06:00;0;0;0
24/06/2018;06:15;0;0;0
24/06/2018;06:30;0;0;0
24/06/2018;06:45;0;0;0
24/06/2018;07:00;0;0;0
24/06/2018;07:15;0;0;0
24/06/2018;07:30;0;0;0
24/06/2018;07:45;0;0;0
24/06/2018;08:00;0;0;0
24/06/2018;08:15;0;0;0
24/06/2018;08:30;0;0;0
24/06/2018;08:45;0;0;0
24/06/2018;09:00;0;0;0
24/06/2018;09:15;0;0;0
24/06/2018;09:30;0;0;0
24/06/2018;09:45;0;0;0
24/06/2018;10:00;0;0;0
24/06/2018;10:15;0;0;0
24/06/2018;10:30;0;0;0
24/06/2018;10:45;0;0;0
24/06/2018;11:00;0;0;0
24/06/2018;11:15;0;0;0
24/06/2018;11:30;0;0;0
24/06/2018;11:45;0;0;0
24/06/2018;12:00;0;0;0
24/06/2018;12:15;0;0;0
24/06/2018;12:30;0;0;0
24/06/2018;12:45;0;0;0
24/06/2018;13:00;0;0;0
24/06/2018;13:15;0;0;0
24/06/2018;13:30;0;0;0
24/06/2018;13:45;0;0;0
24/06/2018;14:00;0;0;0
24/06/2018;14:15;0;0;0
24/06/2018;14:30;0;0;0
24/06/2018;14:45;0;0;0
24/06/2018;15:00;0;0;0
24/06/2018;15:15;0;0;0
24/06/2018;15:30;0;0;0
24/06/2018;15:45;0;0;0
24/06/2018;16:00;0;0;0
24/06/2018;16:15;0;0;0
24/06/2018;16:30;0;0;0
24/06/2018;16:45;0;0;0
24/06/2018;17:00;0;0;0
24/06/2018;17:15;0;0;0
24/06/2018;17:30;0;0;0
24/06/2018;17:45;0;0;0
24/06/2018;18:00;0;0;0
24/06/2018;18:15;0;0;0
24/06/2018;18:30;0;0;0
24/06/2018;18:45;0;0;0
24/06/2018;19:00;0;0;0
24/06/2018;19:15;0;0;0
24/06/2018;19:30;0;0;0
24/06/2018;19:45;0;0;0
24/06/2018;20:00;0;0;0
24/06/2018;20:15;0;0;0
24/06/2018;20:30;0;0;0
24/06/2018;20:45;0;0;0
24/06/2018;21:00;0;0;0
24/06/2018;21:15;0;0;0
24/06/2018;21:30;0;0;0
24/06/2018;21:45;0;0;0
24/06/2018;22:00;0;0;0
24/06/2018;22:15;0;0;0
24/06/2018;22:30;0;0;0
24/06/2018;22:45;0;0;0
24/06/2018;23:00;0;0;0
24/06/2018;23:15;0;0;0
24/06/2018;23:30;0;0;0
24/06/2018;23:45;0;0;0
25/06/2018;00:00;0;0;0
25/06/2018;00:15;0;0;0
25/06/2018;00:30;0;0;0
25/06/2018;00:45;0;0;0
25/06/2018;01:00;0;0;0
25/06/2018;01:15;0;0;0
25/06/2018;01:30;0;0;0
25/06/2018;01:45;0;0;0
25/06/2018;02:00;0;0;0
25/06/2018;02:15;0;0;0
25/06/2018;02:30;0;0;0
25/06/2018;02:45;0;0;0
25/06/2018;03:00;0;0;0
25/06/2018;03:15;0;0;0
25/06/2018;03:30;0;0;0
25/06/2018;03:45;0;0;0
25/06/2018;04:00;0;0;0
25/06/2018;04:15;0;0;0
25/06/2018;04:30;0;0;0
25/06/2018;04:45;0;0;0
25/06/2018;05:00;0;0;0
25/06/2018;05:15;0;0;0
25/06/2018;05:30;0;0;0
25/06/2018;05:45;0;0;0
25/06/2018;06:00;0;0;0
25/06/2018;06:15;0;0;0
25/06/2018;06:30;0;0;0
25/06/2018;06:45;0;0;0
25/06/2018;07:00;0;0;0
25/06/2018;07:15;0;0;0
25/06/2018;07:30;0;0;0
25/06/2018;07:45;0;0;0
25/06/2018;08:00;0;0;0
25/06/2018;08:15;0;0;0
25/06/2018;08:30;0;0;0
25/06/2018;08:45;0;0;0
25/06/2018;09:00;0;0;0
25/06/2018;09:15;0;0;0
25/06/2018;09:30;0;0;0
25/06/2018;09:45;0;0;0
25/06/2018;10:00;0;0;0
25/06/2018;10:15;0;0;0
25/06/2018;10:30;0;0;0
25/06/2018;10:45;0;0;0
25/06/2018;11:00;0;0;0
25/06/2018;11:15;0;0;0
25/06/2018;11:30;0;0;0
25/06/2018;11:45;0;0;0
25/06/2018;12:00;0;0;0
25/06/2018;12:15;0;0;0
25/06/2018;12:30;0;0;0
25/06/2018;12:45;0;0;0
25/06/2018;13:00;0;0;0
25/06/2018;13:15;0;0;0
25/06/2018;13:30;0;0;0
25/06/2018;13:45;0;0;0
25/06/2018;14:00;0;0;0
25/06/2018;14:15;0;0;0
25/06/2018;14:30;0;0;0
25/06/2018;14:45;0;0;0
25/06/2018;15:00;0;0;0
25/06/2018;15:15;0;0;0
25/06/2018;15:30;0;0;0
25/06/2018;15:45;0;0;0
25/06/2018;16:00;0;0;0
25/06/2018;16:15;0;0;0
25/06/2018;16:30;0;0;0
25/06/2018;16:45;0;0;0
25/06/2018;17:00;0;0;0
25/06/2018;17:15;0;0;0
25/06/2018;17:30;0;0;0
25/06/2018;17:45;0;0;0
25/06/2018;18:00;0;0;0
25/06/2018;18:15;0;0;0
25/06/2018;18:30;0;0;0
25/06/2018;18:45;0;0;0
25/06/2018;19:00;0;0;0
25/06/2018;19:15;0;0;0
25/06/2018;19:30;0;0;0
25/06/2018;19:45;0;0;0
25/06/2018;20:00;0;0;0
25/06/2018;20:15;0;0;0
25/06/2018;20:30;0;0;0
25/06/2018;20:45;0;0;0
25/06/2018;21:00;0;0;0
25/06/2018;21:15;0;0;0
25/06/2018;21:30;0;0;0
25/06/2018;21:45;0;0;0
25/06/2018;22:00;0;0;0
25/06/2018;22:15;0;0;0
25/06/2018;22:30;0;0;0
25/06/2018;22:45;0;0;0
25/06/2018;23:00;0;0;0
25/06/2018;23:15;0;0;0
25/06/2018;23:30;0;0;0
25/06/2018;23:45;0;0;0
26/06/2018;00:00;0;0;0
26/06/2018;00:15;0;0;0
26/06/2018;00:30;0;0;0
26/06/2018;00:45;0;0;0
26/06/2018;01:00;0;0;0
26/06/2018;01:15;0;0;0
26/06/2018;01:30;0;0;0
26/06/2018;01:45;0;0;0
26/06/2018;02:00;0;0;0
26/06/2018;02:15;0;0;0
26/06/2018;02:30;0;0;0
26/06/2018;02:45;0;0;0
26/06/2018;03:00;0;0;0
26/06/2018;03:15;0;0;0
26/06/2018;03:30;0;0;0
26/06/2018;03:45;0;0;0
26/06/2018;04:00;0;0;0
26/06/2018;04:15;0;0;0
26/06/2018;04:30;0;0;0
26/06/2018;04:45;0;0;0
26/06/2018;05:00;0;0;0
26/06/2018;05:15;0;0;0
26/06/2018;05:30;0;0;0
26/06/2018;05:45;0;0;0
26/06/2018;06:00;0;0;0
26/06/2018;06:15;0;0;0
26/06/2018;06:30;0;0;0
26/06/2018;06:45;0;0;0
26/06/2018;07:00;0;0;0
26/06/2018;07:15;0;0;0
26/06/2018;07:30;0;0;0
26/06/2018;07:45;0;0;0
26/06/2018;08:00;0;0;0
26/06/2018;08:15;0;0;0
26/06/2018;08:30;0;0;0
26/06/2018;08:45;0;0;0
26/06/2018;09:00;0;0;0
26/06/2018;09:15;0;0;0
26/06/2018;09:30;0;0;0
26/06/2018;09:45;0;0;0
26/06/2018;10:00;0;0;0
26/06/2018;10:15;0;0;0
26/06/2018;10:30;0;0;0
26/06/2018;10:45;0;0;0
26/06/2018;11:00;0;0;0
26/06/2018;11:15;0;0;0
26/06/2018;11:30;0;0;0
26/06/2018;11:45;0;0;0
26/06/2018;12:00;0;0;0
26/06/2018;12:15;0;0;0
26/06/2018;12:30;0;0;0
26/06/2018;12:45;0;0;0
26/06/2018;13:00;0;0;0
26/06/2018;13:15;0;0;0
26/06/2018;13:30;0;0;0
26/06/2018;13:45;0;0;0
26/06/2018;14:00;0;0;0
26/06/2018;14:15;0;0;0
26/06/2018;14:30;0;0;0
26/06/2018;14:45;0;0;0
26/06/2018;15:00;0;0;0
26/06/2018;15:15;0;0;0
26/06/2018;15:30;0;0;0
26/06/2018;15:45;0;0;0
26/06/2018;16:00;0;0;0
26/06/2018;16:15;0;0;0
26/06/2018;16:30;0;0;0
26/06/2018;16:45;0;0;0
26/06/2018;17:00;0;0;0
26/06/2018;17:15;0;0;0
26/06/2018;17:30;0;0;0
26/06/2018;17:45;0;0;0
26/06/2018;18:00;0;0;0
26/06/2018;18:15;0;0;0
26/06/2018;18:30;0;0;0
26/06/2018;18:45;0;0;0
26/06/2018;19:00;0;0;0
26/06/2018;19:15;0;0;0
26/06/2018;19:30;0;0;0
26/06/2018;19:45;0;0;0
26/06/2018;20:00;0;0;0
26/06/2018;20:15;0;0;0
26/06/2018;20:30;0;0;0
26/06/2018;20:45;0;0;0
26/06/2018;21:00;0;0;0
26/06/2018;21:15;0;0;0
26/06/2018;21:30;0;0;0
26/06/2018;21:45;0;0;0
26/06/2018;22:00;0;0;0
26/06/2018;22:15;0;0;0
26/06/2018;22:30;0;0;0
26/06/2018;22:45;0;0;0
26/06/2018;23:00;0;0;0
26/06/2018;23:15;0;0;0
26/06/2018;23:30;0;0;0
26/06/2018;23:45;0;0;0
27/06/2018;00:00;0;0;0
27/06/2018;00:15;0;0;0
27/06/2018;00:30;0;0;0
27/06/2018;00:45;0;0;0
27/06/2018;01:00;0;0;0
27/06/2018;01:15;0;0;0
27/06/2018;01:30;0;0;0
27/06/2018;01:45;0;0;0
27/06/2018;02:00;0;0;0
27/06/2018;02:15;0;0;0
27/06/2018;02:30;0;0;0
27/06/2018;02:45;0;0;0
27/06/2018;03:00;0;0;0
27/06/2018;03:15;0;0;0
27/06/2018;03:30;0;0;0
27/06/2018;03:45;0;0;0
27/06/2018;04:00;0;0;0
27/06/2018;04:15;0;0;0
27/06/2018;04:30;0;0;0
27/06/2018;04:45;0;0;0
27/06/2018;05:00;0;0;0
27/06/2018;05:15;0;0;0
27/06/2018;05:30;0;0;0
27/06/2018;05:45;0;0;0
27/06/2018;06:00;0;0;0
27/06/2018;06:15;0;0;0
27/06/2018;06:30;0;0;0
27/06/2018;06:45;0;0;0
27/06/2018;07:00;0;0;0
27/06/2018;07:15;0;0;0
27/06/2018;07:30;0;0;0
27/06/2018;07:45;0;0;0
27/06/2018;08:00;0;0;0
27/06/2018;08:15;0;0;0
27/06/2018;08:30;0;0;0
27/06/2018;08:45;0;0;0
27/06/2018;09:00;0;0;0
27/06/2018;09:15;0;0;0
27/06/2018;09:30;0;0;0
27/06/2018;09:45;0;0;0
27/06/2018;10:00;0;0;0
27/06/2018;10:15;0;0;0
27/06/2018;10:30;0;0;0
27/06/2018;10:45;0;0;0
27/06/2018;11:00;0;0;0
27/06/2018;11:15;0;0;0
27/06/2018;11:30;0;0;0
27/06/2018;11:45;0;0;0
27/06/2018;12:00;0;0;0
27/06/2018;12:15;0;0;0
27/06/2018;12:30;0;0;0
27/06/2018;12:45;0;0;0
27/06/2018;13:00;0;0;0
27/06/2018;13:15;0;0;0
27/06/2018;13:30;0;0;0
27/06/2018;13:45;0;0;0
27/06/2018;14:00;0;0;0
27/06/2018;14:15;0;0;0
27/06/2018;14:30;0;0;0
27/06/2018;14:45;0;0;0
27/06/2018;15:00;0;0;0
27/06/2018;15:15;0;0;0
27/06/2018;15:30;0;0;0
27/06/2018;15:45;0;0;0
27/06/2018;16:00;0;0;0
27/06/2018;16:15;0;0;0
27/06/2018;16:30;0;0;0
27/06/2018;16:45;0;0;0
27/06/2018;17:00;0;0;0
27/06/2018;17:15;0;0;0
27/06/2018;17:30;0;0;0
27/06/2018;17:45;0;0;0
27/06/2018;18:00;0;0;0
27/06/2018;18:15;0;0;0
27/06/2018;18:30;0;0;0
27/06/2018;18:45;0;0;0
27/06/2018;19:00;0;0;0
27/06/2018;19:15;0;0;0
27/06/2018;19:30;0;0;0
27/06/2018;19:45;0;0;0
27/06/2018;20:00;0;0;0
27/06/2018;20:15;0;0;0
27/06/2018;20:30;0;0;0
27/06/2018;20:45;0;0;0
27/06/2018;21:00;0;0;0
27/06/2018;21:15;0;0;0
27/06/2018;21:30;0;0;0
27/06/2018;21:45;0;0;0
27/06/2018;22:00;0;0;0
27/06/2018;22:15;0;0;0
27/06/2018;22:30;0;0;0
27/06/2018;22:45;0;0;0
27/06/2018;23:00;0;0;0
27/06/2018;23:15;0;0;0
27/06/2018;23:30;0;0;0
27/06/2018;23:45;0;0;0
28/06/2018;00:00;0;0;0
28/06/2018;00:15;0;0;0
28/06/2018;00:30;0;0;0
28/06/2018;00:45;0;0;0
28/06/2018;01:00;0;0;0
28/06/2018;01:15;0;0;0
28/06/2018;01:30;0;0;0
28/06/2018;01:45;0;0;0
28/06/2018;02:00;0;0;0
28/06/2018;02:15;0;0;0
28/06/2018;02:30;0;0;0
28/06/2018;02:45;0;0;0
28/06/2018;03:00;0;0;0
28/06/2018;03:15;0;0;0
28/06/2018;03:30;0;0;0
28/06/2018;03:45;0;0;0
28/06/2018;04:00;0;0;0
28/06/2018;04:15;0;0;0
28/06/2018;04:30;0;0;0
28/06/2018;04:45;0;0;0
28/06/2018;05:00;0;0;0
28/06/2018;05:15;0;0;0
28/06/2018;05:30;0;0;0
28/06/2018;05:45;0;0;0
28/06/2018;06:00;0;0;0
28/06/2018;06:15;0;0;0
28/06/2018;06:30;0;0;0
28/06/2018;06:45;0;0;0
28/06/2018;07:00;0;0;0
28/06/2018;07:15;0;0;0
28/06/2018;07:30;0;0;0
28/06/2018;07:45;0;0;0
28/06/2018;08:00;0;0;0
28/06/2018;08:15;0;0;0
28/06/2018;08:30;0;0;0
28/06/2018;08:45;0;0;0
28/06/2018;09:00;0;0;0
28/06/2018;09:15;0;0;0
28/06/2018;09:30;0;0;0
28/06/2018;09:45;0;0;0
28/06/2018;10:00;0;0;0
28/06/2018;10:15;0;0;0
28/06/2018;10:30;0;0;0
28/06/2018;10:45;0;0;0
28/06/2018;11:00;0;0;0
28/06/2018;11:15;0;0;0
28/06/2018;11:30;0;0;0
28/06/2018;11:45;0;0;0
28/06/2018;12:00;0;0;0
28/06/2018;12:15;0;0;0
28/06/2018;12:30;0;0;0
28/06/2018;12:45;0;0;0
28/06/2018;13:00;0;0;0
28/06/2018;13:15;0;0;0
28/06/2018;13:30;0;0;0
28/06/2018;13:45;0;0;0
28/06/2018;14:00;0;0;0
28/06/2018;14:15;0;0;0
28/06/2018;14:30;0;0;0
28/06/2018;14:45;0;0;0
28/06/2018;15:00;0;0;0
28/06/2018;15:15;0;0;0
28/06/2018;15:30;0;0;0
28/06/2018;15:45;0;0;0
28/06/2018;16:00;0;0;0
28/06/2018;16:15;0;0;0
28/06/2018;16:30;0;0;0
28/06/2018;16:45;0;0;0
28/06/2018;17:00;0;0;0
28/06/2018;17:15;0;0;0
28/06/2018;17:30;0;0;0
28/06/2018;17:45;0;0;0
28/06/2018;18:00;0;0;0
28/06/2018;18:15;0;0;0
28/06/2018;18:30;0;0;0
28/06/2018;18:45;0;0;0
28/06/2018;19:00;0;0;0
28/06/2018;19:15;0;0;0
28/06/2018;19:30;0;0;0
28/06/2018;19:45;0;0;0
28/06/2018;20:00;0;0;0
28/06/2018;20:15;0;0;0
28/06/2018;20:30;0;0;0
28/06/2018;20:45;0;0;0
28/06/2018;21:00;0;0;0
28/06/2018;21:15;0;0;0
28/06/2018;21:30;0;0;0
28/06/2018;21:45;0;0;0
28/06/2018;22:00;0;0;0
28/06/2018;22:15;0;0;0
28/06/2018;22:30;0;0;0
28/06/2018;22:45;0;0;0
28/06/2018;23:00;0;0;0
28/06/2018;23:15;0;0;0
28/06/2018;23:30;0;0;0
28/06/2018;23:45;0;0;0
29/06/2018;00:00;0;0;0
29/06/2018;00:15;0;0;0
29/06/2018;00:30;0;0;0
29/06/2018;00:45;0;0;0
29/06/2018;01:00;0;0;0
29/06/2018;01:15;0;0;0
29/06/2018;01:30;0;0;0
29/06/2018;01:45;0;0;0
29/06/2018;02:00;0;0;0
29/06/2018;02:15;0;0;0
29/06/2018;02:30;0;0;0
29/06/2018;02:45;0;0;0
29/06/2018;03:00;0;0;0
29/06/2018;03:15;0;0;0
29/06/2018;03:30;0;0;0
29/06/2018;03:45;0;0;0
29/06/2018;04:00;0;0;0
29/06/2018;04:15;0;0;0
29/06/2018;04:30;0;0;0
29/06/2018;04:45;0;0;0
29/06/2018;05:00;0;0;0
29/06/2018;05:15;0;0;0
29/06/2018;05:30;0;0;0
29/06/2018;05:45;0;0;0
29/06/2018;06:00;0;0;0
29/06/2018;06:15;0;0;0
29/06/2018;06:30;0;0;0
29/06/2018;06:45;0;0;0
29/06/2018;07:00;0;0;0
29/06/2018;07:15;0;0;0
29/06/2018;07:30;0;0;0
29/06/2018;07:45;0;0;0
29/06/2018;08:00;0;0;0
29/06/2018;08:15;0;0;0
29/06/2018;08:30;0;0;0
29/06/2018;08:45;0;0;0
29/06/2018;09:00;0;0;0
29/06/2018;09:15;0;0;0
29/06/2018;09:30;0;0;0
29/06/2018;09:45;0;0;0
29/06/2018;10:00;0;0;0
29/06/2018;10:15;0;0;0
29/06/2018;10:30;0;0;0
29/06/2018;10:45;0;0;0
29/06/2018;11:00;0;0;0
29/06/2018;11:15;0;0;0
29/06/2018;11:30;0;0;0
29/06/2018;11:45;0;0;0
29/06/2018;12:00;0;0;0
29/06/2018;12:15;0;0;0
29/06/2018;12:30;0;0;0
29/06/2018;12:45;0;0;0
29/06/2018;13:00;0;0;0
29/06/2018;13:15;0;0;0
29/06/2018;13:30;0;0;0
29/06/2018;13:45;0;0;0
29/06/2018;14:00;0;0;0
29/06/2018;14:15;0;0;0
29/06/2018;14:30;1;1;0
29/06/2018;14:45;0;0;0
29/06/2018;15:00;0;0;0
29/06/2018;15:15;0;0;0
29/06/2018;15:30;0;0;0
29/06/2018;15:45;0;0;0
29/06/2018;16:00;0;0;0
29/06/2018;16:15;0;0;0
29/06/2018;16:30;0;0;0
29/06/2018;16:45;0;0;0
29/06/2018;17:00;0;0;0
29/06/2018;17:15;0;0;0
29/06/2018;17:30;0;0;0
29/06/2018;17:45;0;0;0
29/06/2018;18:00;0;0;0
29/06/2018;18:15;0;0;0
29/06/2018;18:30;0;0;0
29/06/2018;18:45;0;0;0
29/06/2018;19:00;0;0;0
29/06/2018;19:15;0;0;0
29/06/2018;19:30;0;0;0
29/06/2018;19:45;0;0;0
29/06/2018;20:00;0;0;0
29/06/2018;20:15;0;0;0
29/06/2018;20:30;0;0;0
29/06/2018;20:45;0;0;0
29/06/2018;21:00;0;0;0
29/06/2018;21:15;0;0;0
29/06/2018;21:30;0;0;0
29/06/2018;21:45;0;0;0
29/06/2018;22:00;0;0;0
29/06/2018;22:15;0;0;0
29/06/2018;22:30;0;0;0
29/06/2018;22:45;0;0;0
29/06/2018;23:00;0;0;0
29/06/2018;23:15;0;0;0
29/06/2018;23:30;0;0;0
29/06/2018;23:45;0;0;0
30/06/2018;00:00;0;0;0
30/06/2018;00:15;0;0;0
30/06/2018;00:30;0;0;0
30/06/2018;00:45;0;0;0
30/06/2018;01:00;0;0;0
30/06/2018;01:15;0;0;0
30/06/2018;01:30;0;0;0
30/06/2018;01:45;0;0;0
30/06/2018;02:00;0;0;0
30/06/2018;02:15;0;0;0
30/06/2018;02:30;0;0;0
30/06/2018;02:45;0;0;0
30/06/2018;03:00;0;0;0
30/06/2018;03:15;0;0;0
30/06/2018;03:30;0;0;0
30/06/2018;03:45;0;0;0
30/06/2018;04:00;0;0;0
30/06/2018;04:15;0;0;0
30/06/2018;04:30;0;0;0
30/06/2018;04:45;0;0;0
30/06/2018;05:00;0;0;0
30/06/2018;05:15;0;0;0
30/06/2018;05:30;0;0;0
30/06/2018;05:45;0;0;0
30/06/2018;06:00;0;0;0
30/06/2018;06:15;0;0;0
30/06/2018;06:30;0;0;0
30/06/2018;06:45;0;0;0
30/06/2018;07:00;0;0;0
30/06/2018;07:15;0;0;0
30/06/2018;07:30;0;0;0
30/06/2018;07:45;0;0;0
30/06/2018;08:00;0;0;0
30/06/2018;08:15;0;0;0
30/06/2018;08:30;0;0;0
30/06/2018;08:45;0;0;0
30/06/2018;09:00;0;0;0
30/06/2018;09:15;0;0;0
30/06/2018;09:30;0;0;0
30/06/2018;09:45;0;0;0
30/06/2018;10:00;0;0;0
30/06/2018;10:15;0;0;0
30/06/2018;10:30;0;0;0
30/06/2018;10:45;0;0;0
30/06/2018;11:00;0;0;0
30/06/2018;11:15;0;0;0
30/06/2018;11:30;0;0;0
30/06/2018;11:45;0;0;0
30/06/2018;12:00;0;0;0
30/06/2018;12:15;0;0;0
30/06/2018;12:30;0;0;0
30/06/2018;12:45;0;0;0
30/06/2018;13:00;0;0;0
30/06/2018;13:15;0;0;0
30/06/2018;13:30;0;0;0
30/06/2018;13:45;0;0;0
30/06/2018;14:00;0;0;0
30/06/2018;14:15;0;0;0
30/06/2018;14:30;0;0;0
30/06/2018;14:45;0;0;0
30/06/2018;15:00;0;0;0
30/06/2018;15:15;0;0;0
30/06/2018;15:30;0;0;0
30/06/2018;15:45;0;0;0
30/06/2018;16:00;0;0;0
30/06/2018;16:15;0;0;0
30/06/2018;16:30;0;0;0
30/06/2018;16:45;0;0;0
30/06/2018;17:00;0;0;0
30/06/2018;17:15;0;0;0
30/06/2018;17:30;0;0;0
30/06/2018;17:45;0;0;0
30/06/2018;18:00;0;0;0
30/06/2018;18:15;0;0;0
30/06/2018;18:30;0;0;0
30/06/2018;18:45;0;0;0
30/06/2018;19:00;0;0;0
30/06/2018;19:15;0;0;0
30/06/2018;19:30;0;0;0
30/06/2018;19:45;0;0;0
30/06/2018;20:00;0;0;0
30/06/2018;20:15;0;0;0
30/06/2018;20:30;0;0;0
30/06/2018;20:45;0;0;0
30/06/2018;21:00;0;0;0
30/06/2018;21:15;0;0;0
30/06/2018;21:30;0;0;0
30/06/2018;21:45;0;0;0
30/06/2018;22:00;0;0;0
30/06/2018;22:15;0;0;0
30/06/2018;22:30;0;0;0
30/06/2018;22:45;0;0;0
30/06/2018;23:00;0;0;0
30/06/2018;23:15;0;0;0
30/06/2018;23:30;0;0;0
30/06/2018;23:45;0;0;0
01/07/2018;00:00;0;0;0
01/07/2018;00:15;0;0;0
01/07/2018;00:30;0;0;0
01/07/2018;00:45;0;0;0
01/07/2018;01:00;0;0;0
01/07/2018;01:15;0;0;0
01/07/2018;01:30;0;0;0
01/07/2018;01:45;0;0;0
01/07/2018;02:00;0;0;0
01/07/2018;02:15;0;0;0
01/07/2018;02:30;0;0;0
01/07/2018;02:45;0;0;0
01/07/2018;03:00;0;0;0
01/07/2018;03:15;0;0;0
01/07/2018;03:30;0;0;0
01/07/2018;03:45;0;0;0
01/07/2018;04:00;0;0;0
01/07/2018;04:15;0;0;0
01/07/2018;04:30;0;0;0
01/07/2018;04:45;0;0;0
01/07/2018;05:00;0;0;0
01/07/2018;05:15;0;0;0
01/07/2018;05:30;0;0;0
01/07/2018;05:45;0;0;0
01/07/2018;06:00;0;0;0
01/07/2018;06:15;0;0;0
01/07/2018;06:30;0;0;0
01/07/2018;06:45;0;0;0
01/07/2018;07:00;0;0;0
01/07/2018;07:15;0;0;0
01/07/2018;07:30;0;0;0
01/07/2018;07:45;0;0;0
01/07/2018;08:00;0;0;0
01/07/2018;08:15;0;0;0
01/07/2018;08:30;0;0;0
01/07/2018;08:45;0;0;0
01/07/2018;09:00;0;0;0
01/07/2018;09:15;0;0;0
01/07/2018;09:30;0;0;0
01/07/2018;09:45;0;0;0
01/07/2018;10:00;0;0;0
01/07/2018;10:15;0;0;0
01/07/2018;10:30;0;0;0
01/07/2018;10:45;0;0;0
01/07/2018;11:00;0;0;0
01/07/2018;11:15;0;0;0
01/07/2018;11:30;0;0;0
01/07/2018;11:45;0;0;0
01/07/2018;12:00;0;0;0
01/07/2018;12:15;0;0;0
01/07/2018;12:30;0;0;0
01/07/2018;12:45;0;0;0
01/07/2018;13:00;0;0;0
01/07/2018;13:15;0;0;0
01/07/2018;13:30;0;0;0
01/07/2018;13:45;0;0;0
01/07/2018;14:00;0;0;0
01/07/2018;14:15;0;0;0
01/07/2018;14:30;0;0;0
01/07/2018;14:45;0;0;0
01/07/2018;15:00;0;0;0
01/07/2018;15:15;0;0;0
01/07/2018;15:30;0;0;0
01/07/2018;15:45;0;0;0
01/07/2018;16:00;0;0;0
01/07/2018;16:15;0;0;0
01/07/2018;16:30;0;0;0
01/07/2018;16:45;0;0;0
01/07/2018;17:00;0;0;0
01/07/2018;17:15;0;0;0
01/07/2018;17:30;0;0;0
01/07/2018;17:45;0;0;0
01/07/2018;18:00;0;0;0
01/07/2018;18:15;0;0;0
01/07/2018;18:30;0;0;0
01/07/2018;18:45;0;0;0
01/07/2018;19:00;0;0;0
01/07/2018;19:15;0;0;0
01/07/2018;19:30;0;0;0
01/07/2018;19:45;0;0;0
01/07/2018;20:00;0;0;0
01/07/2018;20:15;0;0;0
01/07/2018;20:30;0;0;0
01/07/2018;20:45;0;0;0
01/07/2018;21:00;0;0;0
01/07/2018;21:15;0;0;0
01/07/2018;21:30;0;0;0
01/07/2018;21:45;0;0;0
01/07/2018;22:00;0;0;0
01/07/2018;22:15;0;0;0
01/07/2018;22:30;0;0;0
01/07/2018;22:45;0;0;0
01/07/2018;23:00;0;0;0
01/07/2018;23:15;0;0;0
01/07/2018;23:30;0;0;0
01/07/2018;23:45;0;0;0
02/07/2018;00:00;0;0;0
02/07/2018;00:15;0;0;0
02/07/2018;00:30;0;0;0
02/07/2018;00:45;0;0;0
02/07/2018;01:00;0;0;0
02/07/2018;01:15;0;0;0
02/07/2018;01:30;0;0;0
02/07/2018;01:45;0;0;0
02/07/2018;02:00;0;0;0
02/07/2018;02:15;0;0;0
02/07/2018;02:30;0;0;0
02/07/2018;02:45;0;0;0
02/07/2018;03:00;0;0;0
02/07/2018;03:15;0;0;0
02/07/2018;03:30;0;0;0
02/07/2018;03:45;0;0;0
02/07/2018;04:00;0;0;0
02/07/2018;04:15;0;0;0
02/07/2018;04:30;0;0;0
02/07/2018;04:45;0;0;0
02/07/2018;05:00;0;0;0
02/07/2018;05:15;0;0;0
02/07/2018;05:30;0;0;0
02/07/2018;05:45;0;0;0
02/07/2018;06:00;0;0;0
02/07/2018;06:15;0;0;0
02/07/2018;06:30;0;0;0
02/07/2018;06:45;0;0;0
02/07/2018;07:00;0;0;0
02/07/2018;07:15;0;0;0
02/07/2018;07:30;0;0;0
02/07/2018;07:45;0;0;0
02/07/2018;08:00;0;0;0
02/07/2018;08:15;0;0;0
02/07/2018;08:30;0;0;0
02/07/2018;08:45;0;0;0
02/07/2018;09:00;0;0;0
02/07/2018;09:15;0;0;0
02/07/2018;09:30;0;0;0
02/07/2018;09:45;0;0;0
02/07/2018;10:00;0;0;0
02/07/2018;10:15;0;0;0
02/07/2018;10:30;0;0;0
02/07/2018;10:45;0;0;0
02/07/2018;11:00;0;0;0
02/07/2018;11:15;0;0;0
02/07/2018;11:30;0;0;0
02/07/2018;11:45;0;0;0
02/07/2018;12:00;0;0;0
02/07/2018;12:15;0;0;0
02/07/2018;12:30;0;0;0
02/07/2018;12:45;0;0;0
02/07/2018;13:00;0;0;0
02/07/2018;13:15;0;0;0
02/07/2018;13:30;0;0;0
02/07/2018;13:45;0;0;0
02/07/2018;14:00;0;0;0
02/07/2018;14:15;0;0;0
02/07/2018;14:30;0;0;0
02/07/2018;14:45;0;0;0
02/07/2018;15:00;0;0;0
02/07/2018;15:15;0;0;0
02/07/2018;15:30;0;0;0
02/07/2018;15:45;0;0;0
02/07/2018;16:00;0;0;0
02/07/2018;16:15;0;0;0
02/07/2018;16:30;0;0;0
02/07/2018;16:45;0;0;0
02/07/2018;17:00;0;0;0
02/07/2018;17:15;0;0;0
02/07/2018;17:30;0;0;0
02/07/2018;17:45;0;0;0
02/07/2018;18:00;0;0;0
02/07/2018;18:15;0;0;0
02/07/2018;18:30;0;0;0
02/07/2018;18:45;0;0;0
02/07/2018;19:00;0;0;0
02/07/2018;19:15;0;0;0
02/07/2018;19:30;0;0;0
02/07/2018;19:45;0;0;0
02/07/2018;20:00;0;0;0
02/07/2018;20:15;0;0;0
02/07/2018;20:30;0;0;0
02/07/2018;20:45;0;0;0
02/07/2018;21:00;0;0;0
02/07/2018;21:15;0;0;0
02/07/2018;21:30;0;0;0
02/07/2018;21:45;0;0;0
02/07/2018;22:00;0;0;0
02/07/2018;22:15;0;0;0
02/07/2018;22:30;0;0;0
02/07/2018;22:45;0;0;0
02/07/2018;23:00;0;0;0
02/07/2018;23:15;0;0;0
02/07/2018;23:30;0;0;0
02/07/2018;23:45;0;0;0
03/07/2018;00:00;0;0;0
03/07/2018;00:15;0;0;0
03/07/2018;00:30;0;0;0
03/07/2018;00:45;0;0;0
03/07/2018;01:00;0;0;0
03/07/2018;01:15;0;0;0
03/07/2018;01:30;0;0;0
03/07/2018;01:45;0;0;0
03/07/2018;02:00;0;0;0
03/07/2018;02:15;0;0;0
03/07/2018;02:30;0;0;0
03/07/2018;02:45;0;0;0
03/07/2018;03:00;0;0;0
03/07/2018;03:15;0;0;0
03/07/2018;03:30;0;0;0
03/07/2018;03:45;0;0;0
03/07/2018;04:00;0;0;0
03/07/2018;04:15;0;0;0
03/07/2018;04:30;0;0;0
03/07/2018;04:45;0;0;0
03/07/2018;05:00;0;0;0
03/07/2018;05:15;0;0;0
03/07/2018;05:30;0;0;0
03/07/2018;05:45;0;0;0
03/07/2018;06:00;0;0;0
03/07/2018;06:15;0;0;0
03/07/2018;06:30;0;0;0
03/07/2018;06:45;0;0;0
03/07/2018;07:00;0;0;0
03/07/2018;07:15;0;0;0
03/07/2018;07:30;0;0;0
03/07/2018;07:45;0;0;0
03/07/2018;08:00;0;0;0
03/07/2018;08:15;0;0;0
03/07/2018;08:30;0;0;0
03/07/2018;08:45;0;0;0
03/07/2018;09:00;0;0;0
03/07/2018;09:15;0;0;0
03/07/2018;09:30;0;0;0
03/07/2018;09:45;0;0;0
03/07/2018;10:00;0;0;0
03/07/2018;10:15;0;0;0
03/07/2018;10:30;0;0;0
03/07/2018;10:45;0;0;0
03/07/2018;11:00;0;0;0
03/07/2018;11:15;0;0;0
03/07/2018;11:30;0;0;0
03/07/2018;11:45;0;0;0
03/07/2018;12:00;0;0;0
03/07/2018;12:15;0;0;0
03/07/2018;12:30;0;0;0
03/07/2018;12:45;0;0;0
03/07/2018;13:00;0;0;0
03/07/2018;13:15;0;0;0
03/07/2018;13:30;0;0;0
03/07/2018;13:45;0;0;0
03/07/2018;14:00;0;0;0
03/07/2018;14:15;0;0;0
03/07/2018;14:30;0;0;0
03/07/2018;14:45;0;0;0
03/07/2018;15:00;0;0;0
03/07/2018;15:15;0;0;0
03/07/2018;15:30;0;0;0
03/07/2018;15:45;0;0;0
03/07/2018;16:00;0;0;0
03/07/2018;16:15;0;0;0
03/07/2018;16:30;0;0;0
03/07/2018;16:45;0;0;0
03/07/2018;17:00;0;0;0
03/07/2018;17:15;0;0;0
03/07/2018;17:30;0;0;0
03/07/2018;17:45;0;0;0
03/07/2018;18:00;0;0;0
03/07/2018;18:15;0;0;0
03/07/2018;18:30;0;0;0
03/07/2018;18:45;0;0;0
03/07/2018;19:00;0;0;0
03/07/2018;19:15;0;0;0
03/07/2018;19:30;0;0;0
03/07/2018;19:45;0;0;0
03/07/2018;20:00;0;0;0
03/07/2018;20:15;0;0;0
03/07/2018;20:30;0;0;0
03/07/2018;20:45;0;0;0
03/07/2018;21:00;0;0;0
03/07/2018;21:15;0;0;0
03/07/2018;21:30;0;0;0
03/07/2018;21:45;0;0;0
03/07/2018;22:00;0;0;0
03/07/2018;22:15;0;0;0
03/07/2018;22:30;0;0;0
03/07/2018;22:45;0;0;0
03/07/2018;23:00;0;0;0
03/07/2018;23:15;0;0;0
03/07/2018;23:30;0;0;0
03/07/2018;23:45;0;0;0
04/07/2018;00:00;0;0;0
04/07/2018;00:15;0;0;0
04/07/2018;00:30;0;0;0
04/07/2018;00:45;0;0;0
04/07/2018;01:00;0;0;0
04/07/2018;01:15;0;0;0
04/07/2018;01:30;0;0;0
04/07/2018;01:45;0;0;0
04/07/2018;02:00;0;0;0
04/07/2018;02:15;0;0;0
04/07/2018;02:30;0;0;0
04/07/2018;02:45;0;0;0
04/07/2018;03:00;0;0;0
04/07/2018;03:15;0;0;0
04/07/2018;03:30;0;0;0
04/07/2018;03:45;0;0;0
04/07/2018;04:00;0;0;0
04/07/2018;04:15;0;0;0
04/07/2018;04:30;0;0;0
04/07/2018;04:45;0;0;0
04/07/2018;05:00;0;0;0
04/07/2018;05:15;0;0;0
04/07/2018;05:30;0;0;0
04/07/2018;05:45;0;0;0
04/07/2018;06:00;0;0;0
04/07/2018;06:15;0;0;0
04/07/2018;06:30;0;0;0
04/07/2018;06:45;0;0;0
04/07/2018;07:00;0;0;0
04/07/2018;07:15;0;0;0
04/07/2018;07:30;0;0;0
04/07/2018;07:45;0;0;0
04/07/2018;08:00;0;0;0
04/07/2018;08:15;0;0;0
04/07/2018;08:30;0;0;0
04/07/2018;08:45;0;0;0
04/07/2018;09:00;0;0;0
04/07/2018;09:15;0;0;0
04/07/2018;09:30;0;0;0
04/07/2018;09:45;0;0;0
04/07/2018;10:00;0;0;0
04/07/2018;10:15;0;0;0
04/07/2018;10:30;0;0;0
04/07/2018;10:45;0;0;0
04/07/2018;11:00;0;0;0
04/07/2018;11:15;0;0;0
04/07/2018;11:30;0;0;0
04/07/2018;11:45;0;0;0
04/07/2018;12:00;0;0;0
04/07/2018;12:15;0;0;0
04/07/2018;12:30;0;0;0
04/07/2018;12:45;0;0;0
04/07/2018;13:00;0;0;0
04/07/2018;13:15;0;0;0
04/07/2018;13:30;0;0;0
04/07/2018;13:45;0;0;0
04/07/2018;14:00;0;0;0
04/07/2018;14:15;0;0;0
04/07/2018;14:30;0;0;0
04/07/2018;14:45;0;0;0
04/07/2018;15:00;0;0;0
04/07/2018;15:15;0;0;0
04/07/2018;15:30;0;0;0
04/07/2018;15:45;0;0;0
04/07/2018;16:00;0;0;0
04/07/2018;16:15;0;0;0
04/07/2018;16:30;0;0;0
04/07/2018;16:45;0;0;0
04/07/2018;17:00;0;0;0
04/07/2018;17:15;0;0;0
04/07/2018;17:30;0;0;0
04/07/2018;17:45;0;0;0
04/07/2018;18:00;0;0;0
04/07/2018;18:15;0;0;0
04/07/2018;18:30;0;0;0
04/07/2018;18:45;0;0;0
04/07/2018;19:00;0;0;0
04/07/2018;19:15;0;0;0
04/07/2018;19:30;0;0;0
04/07/2018;19:45;0;0;0
04/07/2018;20:00;0;0;0
04/07/2018;20:15;0;0;0
04/07/2018;20:30;0;0;0
04/07/2018;20:45;0;0;0
04/07/2018;21:00;0;0;0
04/07/2018;21:15;0;0;0
04/07/2018;21:30;0;0;0
04/07/2018;21:45;0;0;0
04/07/2018;22:00;0;0;0
04/07/2018;22:15;0;0;0
04/07/2018;22:30;0;0;0
04/07/2018;22:45;0;0;0
04/07/2018;23:00;0;0;0
04/07/2018;23:15;0;0;0
04/07/2018;23:30;0;0;0
04/07/2018;23:45;0;0;0
05/07/2018;00:00;0;0;0
05/07/2018;00:15;0;0;0
05/07/2018;00:30;0;0;0
05/07/2018;00:45;0;0;0
05/07/2018;01:00;0;0;0
05/07/2018;01:15;0;0;0
05/07/2018;01:30;0;0;0
05/07/2018;01:45;0;0;0
05/07/2018;02:00;0;0;0
05/07/2018;02:15;0;0;0
05/07/2018;02:30;0;0;0
05/07/2018;02:45;0;0;0
05/07/2018;03:00;0;0;0
05/07/2018;03:15;0;0;0
05/07/2018;03:30;0;0;0
05/07/2018;03:45;0;0;0
05/07/2018;04:00;0;0;0
05/07/2018;04:15;0;0;0
05/07/2018;04:30;0;0;0
05/07/2018;04:45;0;0;0
05/07/2018;05:00;0;0;0
05/07/2018;05:15;0;0;0
05/07/2018;05:30;0;0;0
05/07/2018;05:45;0;0;0
05/07/2018;06:00;0;0;0
05/07/2018;06:15;0;0;0
05/07/2018;06:30;0;0;0
05/07/2018;06:45;0;0;0
05/07/2018;07:00;0;0;0
05/07/2018;07:15;0;0;0
05/07/2018;07:30;0;0;0
05/07/2018;07:45;0;0;0
05/07/2018;08:00;0;0;0
05/07/2018;08:15;0;0;0
05/07/2018;08:30;0;0;0
05/07/2018;08:45;0;0;0
05/07/2018;09:00;0;0;0
05/07/2018;09:15;0;0;0
05/07/2018;09:30;0;0;0
05/07/2018;09:45;0;0;0
05/07/2018;10:00;0;0;0
05/07/2018;10:15;0;0;0
05/07/2018;10:30;0;0;0
05/07/2018;10:45;0;0;0
05/07/2018;11:00;0;0;0
05/07/2018;11:15;0;0;0
05/07/2018;11:30;0;0;0
05/07/2018;11:45;0;0;0
05/07/2018;12:00;0;0;0
05/07/2018;12:15;0;0;0
05/07/2018;12:30;0;0;0
05/07/2018;12:45;0;0;0
05/07/2018;13:00;0;0;0
05/07/2018;13:15;0;0;0
05/07/2018;13:30;0;0;0
05/07/2018;13:45;0;0;0
05/07/2018;14:00;0;0;0
05/07/2018;14:15;0;0;0
05/07/2018;14:30;0;0;0
05/07/2018;14:45;0;0;0
05/07/2018;15:00;0;0;0
05/07/2018;15:15;0;0;0
05/07/2018;15:30;0;0;0
05/07/2018;15:45;0;0;0
05/07/2018;16:00;0;0;0
05/07/2018;16:15;0;0;0
05/07/2018;16:30;0;0;0
05/07/2018;16:45;0;0;0
05/07/2018;17:00;0;0;0
05/07/2018;17:15;0;0;0
05/07/2018;17:30;0;0;0
05/07/2018;17:45;0;0;0
05/07/2018;18:00;0;0;0
05/07/2018;18:15;0;0;0
05/07/2018;18:30;0;0;0
05/07/2018;18:45;0;0;0
05/07/2018;19:00;0;0;0
05/07/2018;19:15;0;0;0
05/07/2018;19:30;0;0;0
05/07/2018;19:45;0;0;0
05/07/2018;20:00;0;0;0
05/07/2018;20:15;0;0;0
05/07/2018;20:30;0;0;0
05/07/2018;20:45;0;0;0
05/07/2018;21:00;0;0;0
05/07/2018;21:15;0;0;0
05/07/2018;21:30;0;0;0
05/07/2018;21:45;0;0;0
05/07/2018;22:00;0;0;0
05/07/2018;22:15;0;0;0
05/07/2018;22:30;0;0;0
05/07/2018;22:45;0;0;0
05/07/2018;23:00;0;0;0
05/07/2018;23:15;0;0;0
05/07/2018;23:30;0;0;0
05/07/2018;23:45;0;0;0
06/07/2018;00:00;0;0;0
06/07/2018;00:15;0;0;0
06/07/2018;00:30;0;0;0
06/07/2018;00:45;0;0;0
06/07/2018;01:00;0;0;0
06/07/2018;01:15;0;0;0
06/07/2018;01:30;0;0;0
06/07/2018;01:45;0;0;0
06/07/2018;02:00;0;0;0
06/07/2018;02:15;0;0;0
06/07/2018;02:30;0;0;0
06/07/2018;02:45;0;0;0
06/07/2018;03:00;0;0;0
06/07/2018;03:15;0;0;0
06/07/2018;03:30;0;0;0
06/07/2018;03:45;0;0;0
06/07/2018;04:00;0;0;0
06/07/2018;04:15;0;0;0
06/07/2018;04:30;0;0;0
06/07/2018;04:45;0;0;0
06/07/2018;05:00;0;0;0
06/07/2018;05:15;0;0;0
06/07/2018;05:30;0;0;0
06/07/2018;05:45;0;0;0
06/07/2018;06:00;0;0;0
06/07/2018;06:15;0;0;0
06/07/2018;06:30;0;0;0
06/07/2018;06:45;0;0;0
06/07/2018;07:00;0;0;0
06/07/2018;07:15;0;0;0
06/07/2018;07:30;0;0;0
06/07/2018;07:45;0;0;0
06/07/2018;08:00;0;0;0
06/07/2018;08:15;0;0;0
06/07/2018;08:30;0;0;0
06/07/2018;08:45;0;0;0
06/07/2018;09:00;0;0;0
06/07/2018;09:15;0;0;0
06/07/2018;09:30;0;0;0
06/07/2018;09:45;0;0;0
06/07/2018;10:00;0;0;0
06/07/2018;10:15;0;0;0
06/07/2018;10:30;0;0;0
06/07/2018;10:45;0;0;0
06/07/2018;11:00;0;0;0
06/07/2018;11:15;0;0;0
06/07/2018;11:30;0;0;0
06/07/2018;11:45;0;0;0
06/07/2018;12:00;0;0;0
06/07/2018;12:15;0;0;0
06/07/2018;12:30;0;0;0
06/07/2018;12:45;0;0;0
06/07/2018;13:00;0;0;0
06/07/2018;13:15;0;0;0
06/07/2018;13:30;0;0;0
06/07/2018;13:45;0;0;0
06/07/2018;14:00;0;0;0
06/07/2018;14:15;0;0;0
06/07/2018;14:30;0;0;0
06/07/2018;14:45;0;0;0
06/07/2018;15:00;0;0;0
06/07/2018;15:15;0;0;0
06/07/2018;15:30;0;0;0
06/07/2018;15:45;0;0;0
06/07/2018;16:00;0;0;0
06/07/2018;16:15;0;0;0
06/07/2018;16:30;2;0;2
06/07/2018;16:45;0;0;0
06/07/2018;17:00;0;0;0
06/07/2018;17:15;0;0;0
06/07/2018;17:30;0;0;0
06/07/2018;17:45;0;0;0
06/07/2018;18:00;0;0;0
06/07/2018;18:15;0;0;0
06/07/2018;18:30;0;0;0
06/07/2018;18:45;0;0;0
06/07/2018;19:00;0;0;0
06/07/2018;19:15;0;0;0
06/07/2018;19:30;0;0;0
06/07/2018;19:45;0;0;0
06/07/2018;20:00;0;0;0
06/07/2018;20:15;0;0;0
06/07/2018;20:30;0;0;0
06/07/2018;20:45;0;0;0
06/07/2018;21:00;0;0;0
06/07/2018;21:15;0;0;0
06/07/2018;21:30;0;0;0
06/07/2018;21:45;0;0;0
06/07/2018;22:00;0;0;0
06/07/2018;22:15;0;0;0
06/07/2018;22:30;0;0;0
06/07/2018;22:45;0;0;0
06/07/2018;23:00;0;0;0
06/07/2018;23:15;0;0;0
06/07/2018;23:30;0;0;0
06/07/2018;23:45;0;0;0
07/07/2018;00:00;0;0;0
07/07/2018;00:15;0;0;0
07/07/2018;00:30;0;0;0
07/07/2018;00:45;0;0;0
07/07/2018;01:00;0;0;0
07/07/2018;01:15;0;0;0
07/07/2018;01:30;0;0;0
07/07/2018;01:45;0;0;0
07/07/2018;02:00;0;0;0
07/07/2018;02:15;0;0;0
07/07/2018;02:30;0;0;0
07/07/2018;02:45;0;0;0
07/07/2018;03:00;0;0;0
07/07/2018;03:15;0;0;0
07/07/2018;03:30;0;0;0
07/07/2018;03:45;0;0;0
07/07/2018;04:00;0;0;0
07/07/2018;04:15;0;0;0
07/07/2018;04:30;0;0;0
07/07/2018;04:45;0;0;0
07/07/2018;05:00;0;0;0
07/07/2018;05:15;0;0;0
07/07/2018;05:30;0;0;0
07/07/2018;05:45;0;0;0
07/07/2018;06:00;0;0;0
07/07/2018;06:15;0;0;0
07/07/2018;06:30;0;0;0
07/07/2018;06:45;0;0;0
07/07/2018;07:00;0;0;0
07/07/2018;07:15;0;0;0
07/07/2018;07:30;0;0;0
07/07/2018;07:45;0;0;0
07/07/2018;08:00;0;0;0
07/07/2018;08:15;0;0;0
07/07/2018;08:30;0;0;0
07/07/2018;08:45;0;0;0
07/07/2018;09:00;0;0;0
07/07/2018;09:15;0;0;0
07/07/2018;09:30;0;0;0
07/07/2018;09:45;0;0;0
07/07/2018;10:00;0;0;0
07/07/2018;10:15;0;0;0
07/07/2018;10:30;0;0;0
07/07/2018;10:45;0;0;0
07/07/2018;11:00;0;0;0
07/07/2018;11:15;0;0;0
07/07/2018;11:30;0;0;0
07/07/2018;11:45;0;0;0
07/07/2018;12:00;0;0;0
07/07/2018;12:15;0;0;0
07/07/2018;12:30;0;0;0
07/07/2018;12:45;0;0;0
07/07/2018;13:00;0;0;0
07/07/2018;13:15;0;0;0
07/07/2018;13:30;0;0;0
07/07/2018;13:45;0;0;0
07/07/2018;14:00;0;0;0
07/07/2018;14:15;0;0;0
07/07/2018;14:30;0;0;0
07/07/2018;14:45;0;0;0
07/07/2018;15:00;0;0;0
07/07/2018;15:15;0;0;0
07/07/2018;15:30;0;0;0
07/07/2018;15:45;0;0;0
07/07/2018;16:00;0;0;0
07/07/2018;16:15;0;0;0
07/07/2018;16:30;0;0;0
07/07/2018;16:45;0;0;0
07/07/2018;17:00;0;0;0
07/07/2018;17:15;0;0;0
07/07/2018;17:30;0;0;0
07/07/2018;17:45;0;0;0
07/07/2018;18:00;0;0;0
07/07/2018;18:15;0;0;0
07/07/2018;18:30;0;0;0
07/07/2018;18:45;0;0;0
07/07/2018;19:00;1;0;1
07/07/2018;19:15;0;0;0
07/07/2018;19:30;0;0;0
07/07/2018;19:45;0;0;0
07/07/2018;20:00;0;0;0
07/07/2018;20:15;0;0;0
07/07/2018;20:30;0;0;0
07/07/2018;20:45;0;0;0
07/07/2018;21:00;0;0;0
07/07/2018;21:15;0;0;0
07/07/2018;21:30;0;0;0
07/07/2018;21:45;0;0;0
07/07/2018;22:00;0;0;0
07/07/2018;22:15;0;0;0
07/07/2018;22:30;0;0;0
07/07/2018;22:45;0;0;0
07/07/2018;23:00;0;0;0
07/07/2018;23:15;0;0;0
07/07/2018;23:30;0;0;0
07/07/2018;23:45;0;0;0
08/07/2018;00:00;0;0;0
08/07/2018;00:15;0;0;0
08/07/2018;00:30;0;0;0
08/07/2018;00:45;0;0;0
08/07/2018;01:00;0;0;0
08/07/2018;01:15;0;0;0
08/07/2018;01:30;0;0;0
08/07/2018;01:45;0;0;0
08/07/2018;02:00;0;0;0
08/07/2018;02:15;0;0;0
08/07/2018;02:30;0;0;0
08/07/2018;02:45;0;0;0
08/07/2018;03:00;0;0;0
08/07/2018;03:15;0;0;0
08/07/2018;03:30;0;0;0
08/07/2018;03:45;0;0;0
08/07/2018;04:00;0;0;0
08/07/2018;04:15;0;0;0
08/07/2018;04:30;0;0;0
08/07/2018;04:45;0;0;0
08/07/2018;05:00;0;0;0
08/07/2018;05:15;0;0;0
08/07/2018;05:30;0;0;0
08/07/2018;05:45;0;0;0
08/07/2018;06:00;0;0;0
08/07/2018;06:15;0;0;0
08/07/2018;06:30;0;0;0
08/07/2018;06:45;0;0;0
08/07/2018;07:00;0;0;0
08/07/2018;07:15;0;0;0
08/07/2018;07:30;0;0;0
08/07/2018;07:45;0;0;0
08/07/2018;08:00;0;0;0
08/07/2018;08:15;0;0;0
08/07/2018;08:30;0;0;0
08/07/2018;08:45;0;0;0
08/07/2018;09:00;0;0;0
08/07/2018;09:15;0;0;0
08/07/2018;09:30;0;0;0
08/07/2018;09:45;0;0;0
08/07/2018;10:00;0;0;0
08/07/2018;10:15;0;0;0
08/07/2018;10:30;0;0;0
08/07/2018;10:45;0;0;0
08/07/2018;11:00;0;0;0
08/07/2018;11:15;0;0;0
08/07/2018;11:30;0;0;0
08/07/2018;11:45;0;0;0
08/07/2018;12:00;0;0;0
08/07/2018;12:15;0;0;0
08/07/2018;12:30;0;0;0
08/07/2018;12:45;0;0;0
08/07/2018;13:00;0;0;0
08/07/2018;13:15;0;0;0
08/07/2018;13:30;0;0;0
08/07/2018;13:45;0;0;0
08/07/2018;14:00;0;0;0
08/07/2018;14:15;0;0;0
08/07/2018;14:30;0;0;0
08/07/2018;14:45;0;0;0
08/07/2018;15:00;0;0;0
08/07/2018;15:15;0;0;0
08/07/2018;15:30;0;0;0
08/07/2018;15:45;0;0;0
08/07/2018;16:00;0;0;0
08/07/2018;16:15;0;0;0
08/07/2018;16:30;0;0;0
08/07/2018;16:45;0;0;0
08/07/2018;17:00;0;0;0
08/07/2018;17:15;0;0;0
08/07/2018;17:30;0;0;0
08/07/2018;17:45;0;0;0
08/07/2018;18:00;0;0;0
08/07/2018;18:15;0;0;0
08/07/2018;18:30;0;0;0
08/07/2018;18:45;0;0;0
08/07/2018;19:00;0;0;0
08/07/2018;19:15;0;0;0
08/07/2018;19:30;0;0;0
08/07/2018;19:45;0;0;0
08/07/2018;20:00;0;0;0
08/07/2018;20:15;0;0;0
08/07/2018;20:30;0;0;0
08/07/2018;20:45;0;0;0
08/07/2018;21:00;0;0;0
08/07/2018;21:15;0;0;0
08/07/2018;21:30;0;0;0
08/07/2018;21:45;0;0;0
08/07/2018;22:00;0;0;0
08/07/2018;22:15;0;0;0
08/07/2018;22:30;0;0;0
08/07/2018;22:45;0;0;0
08/07/2018;23:00;0;0;0
08/07/2018;23:15;0;0;0
08/07/2018;23:30;0;0;0
08/07/2018;23:45;0;0;0
09/07/2018;00:00;0;0;0
09/07/2018;00:15;0;0;0
09/07/2018;00:30;0;0;0
09/07/2018;00:45;0;0;0
09/07/2018;01:00;0;0;0
09/07/2018;01:15;0;0;0
09/07/2018;01:30;0;0;0
09/07/2018;01:45;0;0;0
09/07/2018;02:00;0;0;0
09/07/2018;02:15;0;0;0
09/07/2018;02:30;0;0;0
09/07/2018;02:45;0;0;0
09/07/2018;03:00;0;0;0
09/07/2018;03:15;0;0;0
09/07/2018;03:30;0;0;0
09/07/2018;03:45;0;0;0
09/07/2018;04:00;0;0;0
09/07/2018;04:15;0;0;0
09/07/2018;04:30;0;0;0
09/07/2018;04:45;0;0;0
09/07/2018;05:00;0;0;0
09/07/2018;05:15;0;0;0
09/07/2018;05:30;0;0;0
09/07/2018;05:45;0;0;0
09/07/2018;06:00;0;0;0
09/07/2018;06:15;0;0;0
09/07/2018;06:30;0;0;0
09/07/2018;06:45;0;0;0
09/07/2018;07:00;0;0;0
09/07/2018;07:15;0;0;0
09/07/2018;07:30;0;0;0
09/07/2018;07:45;0;0;0
09/07/2018;08:00;0;0;0
09/07/2018;08:15;0;0;0
09/07/2018;08:30;0;0;0
09/07/2018;08:45;0;0;0
09/07/2018;09:00;0;0;0
09/07/2018;09:15;0;0;0
09/07/2018;09:30;0;0;0
09/07/2018;09:45;0;0;0
09/07/2018;10:00;0;0;0
09/07/2018;10:15;0;0;0
09/07/2018;10:30;0;0;0
09/07/2018;10:45;0;0;0
09/07/2018;11:00;0;0;0
09/07/2018;11:15;0;0;0
09/07/2018;11:30;0;0;0
09/07/2018;11:45;0;0;0
09/07/2018;12:00;0;0;0
09/07/2018;12:15;0;0;0
09/07/2018;12:30;0;0;0
09/07/2018;12:45;0;0;0
09/07/2018;13:00;0;0;0
09/07/2018;13:15;0;0;0
09/07/2018;13:30;0;0;0
09/07/2018;13:45;0;0;0
09/07/2018;14:00;0;0;0
09/07/2018;14:15;0;0;0
09/07/2018;14:30;0;0;0
09/07/2018;14:45;0;0;0
09/07/2018;15:00;0;0;0
09/07/2018;15:15;0;0;0
09/07/2018;15:30;0;0;0
09/07/2018;15:45;0;0;0
09/07/2018;16:00;0;0;0
09/07/2018;16:15;0;0;0
09/07/2018;16:30;0;0;0
09/07/2018;16:45;0;0;0
09/07/2018;17:00;0;0;0
09/07/2018;17:15;0;0;0
09/07/2018;17:30;0;0;0
09/07/2018;17:45;0;0;0
09/07/2018;18:00;0;0;0
09/07/2018;18:15;0;0;0
09/07/2018;18:30;0;0;0
09/07/2018;18:45;0;0;0
09/07/2018;19:00;0;0;0
09/07/2018;19:15;0;0;0
09/07/2018;19:30;0;0;0
09/07/2018;19:45;0;0;0
09/07/2018;20:00;0;0;0
09/07/2018;20:15;0;0;0
09/07/2018;20:30;0;0;0
09/07/2018;20:45;0;0;0
09/07/2018;21:00;0;0;0
09/07/2018;21:15;0;0;0
09/07/2018;21:30;0;0;0
09/07/2018;21:45;0;0;0
09/07/2018;22:00;0;0;0
09/07/2018;22:15;0;0;0
09/07/2018;22:30;0;0;0
09/07/2018;22:45;0;0;0
09/07/2018;23:00;0;0;0
09/07/2018;23:15;0;0;0
09/07/2018;23:30;0;0;0
09/07/2018;23:45;0;0;0
10/07/2018;00:00;0;0;0
10/07/2018;00:15;0;0;0
10/07/2018;00:30;0;0;0
10/07/2018;00:45;0;0;0
10/07/2018;01:00;0;0;0
10/07/2018;01:15;0;0;0
10/07/2018;01:30;0;0;0
10/07/2018;01:45;0;0;0
10/07/2018;02:00;0;0;0
10/07/2018;02:15;0;0;0
10/07/2018;02:30;0;0;0
10/07/2018;02:45;0;0;0
10/07/2018;03:00;0;0;0
10/07/2018;03:15;0;0;0
10/07/2018;03:30;0;0;0
10/07/2018;03:45;0;0;0
10/07/2018;04:00;0;0;0
10/07/2018;04:15;0;0;0
10/07/2018;04:30;0;0;0
10/07/2018;04:45;0;0;0
10/07/2018;05:00;0;0;0
10/07/2018;05:15;0;0;0
10/07/2018;05:30;0;0;0
10/07/2018;05:45;0;0;0
10/07/2018;06:00;0;0;0
10/07/2018;06:15;0;0;0
10/07/2018;06:30;0;0;0
10/07/2018;06:45;0;0;0
10/07/2018;07:00;0;0;0
10/07/2018;07:15;0;0;0
10/07/2018;07:30;0;0;0
10/07/2018;07:45;0;0;0
10/07/2018;08:00;0;0;0
10/07/2018;08:15;0;0;0
10/07/2018;08:30;0;0;0
10/07/2018;08:45;0;0;0
10/07/2018;09:00;0;0;0
10/07/2018;09:15;0;0;0
10/07/2018;09:30;0;0;0
10/07/2018;09:45;0;0;0
10/07/2018;10:00;0;0;0
10/07/2018;10:15;0;0;0
10/07/2018;10:30;0;0;0
10/07/2018;10:45;0;0;0
10/07/2018;11:00;0;0;0
10/07/2018;11:15;0;0;0
10/07/2018;11:30;0;0;0
10/07/2018;11:45;0;0;0
10/07/2018;12:00;0;0;0
10/07/2018;12:15;0;0;0
10/07/2018;12:30;0;0;0
10/07/2018;12:45;0;0;0
10/07/2018;13:00;0;0;0
10/07/2018;13:15;0;0;0
10/07/2018;13:30;0;0;0
10/07/2018;13:45;0;0;0
10/07/2018;14:00;0;0;0
10/07/2018;14:15;0;0;0
10/07/2018;14:30;0;0;0
10/07/2018;14:45;0;0;0
10/07/2018;15:00;0;0;0
10/07/2018;15:15;0;0;0
10/07/2018;15:30;0;0;0
10/07/2018;15:45;0;0;0
10/07/2018;16:00;0;0;0
10/07/2018;16:15;0;0;0
10/07/2018;16:30;0;0;0
10/07/2018;16:45;0;0;0
10/07/2018;17:00;0;0;0
10/07/2018;17:15;0;0;0
10/07/2018;17:30;0;0;0
10/07/2018;17:45;0;0;0
10/07/2018;18:00;0;0;0
10/07/2018;18:15;0;0;0
10/07/2018;18:30;0;0;0
10/07/2018;18:45;0;0;0
10/07/2018;19:00;0;0;0
10/07/2018;19:15;0;0;0
10/07/2018;19:30;0;0;0
10/07/2018;19:45;0;0;0
10/07/2018;20:00;0;0;0
10/07/2018;20:15;0;0;0
10/07/2018;20:30;0;0;0
10/07/2018;20:45;0;0;0
10/07/2018;21:00;0;0;0
10/07/2018;21:15;0;0;0
10/07/2018;21:30;0;0;0
10/07/2018;21:45;0;0;0
10/07/2018;22:00;0;0;0
10/07/2018;22:15;0;0;0
10/07/2018;22:30;0;0;0
10/07/2018;22:45;0;0;0
10/07/2018;23:00;0;0;0
10/07/2018;23:15;0;0;0
10/07/2018;23:30;0;0;0
10/07/2018;23:45;0;0;0
11/07/2018;00:00;0;0;0
11/07/2018;00:15;0;0;0
11/07/2018;00:30;0;0;0
11/07/2018;00:45;0;0;0
11/07/2018;01:00;0;0;0
11/07/2018;01:15;0;0;0
11/07/2018;01:30;0;0;0
11/07/2018;01:45;0;0;0
11/07/2018;02:00;0;0;0
11/07/2018;02:15;0;0;0
11/07/2018;02:30;0;0;0
11/07/2018;02:45;0;0;0
11/07/2018;03:00;0;0;0
11/07/2018;03:15;0;0;0
11/07/2018;03:30;0;0;0
11/07/2018;03:45;0;0;0
11/07/2018;04:00;0;0;0
11/07/2018;04:15;0;0;0
11/07/2018;04:30;0;0;0
11/07/2018;04:45;0;0;0
11/07/2018;05:00;0;0;0
11/07/2018;05:15;0;0;0
11/07/2018;05:30;0;0;0
11/07/2018;05:45;0;0;0
11/07/2018;06:00;0;0;0
11/07/2018;06:15;0;0;0
11/07/2018;06:30;0;0;0
11/07/2018;06:45;0;0;0
11/07/2018;07:00;0;0;0
11/07/2018;07:15;0;0;0
11/07/2018;07:30;0;0;0
11/07/2018;07:45;0;0;0
11/07/2018;08:00;0;0;0
11/07/2018;08:15;0;0;0
11/07/2018;08:30;0;0;0
11/07/2018;08:45;0;0;0
11/07/2018;09:00;0;0;0
11/07/2018;09:15;0;0;0
11/07/2018;09:30;0;0;0
11/07/2018;09:45;0;0;0
11/07/2018;10:00;0;0;0
11/07/2018;10:15;0;0;0
11/07/2018;10:30;0;0;0
11/07/2018;10:45;0;0;0
11/07/2018;11:00;0;0;0
11/07/2018;11:15;0;0;0
11/07/2018;11:30;0;0;0
11/07/2018;11:45;0;0;0
11/07/2018;12:00;0;0;0
11/07/2018;12:15;0;0;0
11/07/2018;12:30;0;0;0
11/07/2018;12:45;0;0;0
11/07/2018;13:00;0;0;0
11/07/2018;13:15;0;0;0
11/07/2018;13:30;0;0;0
11/07/2018;13:45;0;0;0
11/07/2018;14:00;0;0;0
11/07/2018;14:15;0;0;0
11/07/2018;14:30;0;0;0
11/07/2018;14:45;0;0;0
11/07/2018;15:00;0;0;0
11/07/2018;15:15;0;0;0
11/07/2018;15:30;0;0;0
11/07/2018;15:45;0;0;0
11/07/2018;16:00;0;0;0
11/07/2018;16:15;0;0;0
11/07/2018;16:30;0;0;0
11/07/2018;16:45;0;0;0
11/07/2018;17:00;0;0;0
11/07/2018;17:15;0;0;0
11/07/2018;17:30;0;0;0
11/07/2018;17:45;0;0;0
11/07/2018;18:00;0;0;0
11/07/2018;18:15;0;0;0
11/07/2018;18:30;0;0;0
11/07/2018;18:45;0;0;0
11/07/2018;19:00;0;0;0
11/07/2018;19:15;0;0;0
11/07/2018;19:30;0;0;0
11/07/2018;19:45;0;0;0
11/07/2018;20:00;0;0;0
11/07/2018;20:15;0;0;0
11/07/2018;20:30;0;0;0
11/07/2018;20:45;0;0;0
11/07/2018;21:00;0;0;0
11/07/2018;21:15;0;0;0
11/07/2018;21:30;0;0;0
11/07/2018;21:45;0;0;0
11/07/2018;22:00;0;0;0
11/07/2018;22:15;0;0;0
11/07/2018;22:30;0;0;0
11/07/2018;22:45;0;0;0
11/07/2018;23:00;0;0;0
11/07/2018;23:15;0;0;0
11/07/2018;23:30;0;0;0
11/07/2018;23:45;0;0;0
12/07/2018;00:00;0;0;0
12/07/2018;00:15;0;0;0
12/07/2018;00:30;0;0;0
12/07/2018;00:45;0;0;0
12/07/2018;01:00;0;0;0
12/07/2018;01:15;0;0;0
12/07/2018;01:30;0;0;0
12/07/2018;01:45;0;0;0
12/07/2018;02:00;0;0;0
12/07/2018;02:15;0;0;0
12/07/2018;02:30;0;0;0
12/07/2018;02:45;0;0;0
12/07/2018;03:00;0;0;0
12/07/2018;03:15;0;0;0
12/07/2018;03:30;0;0;0
12/07/2018;03:45;0;0;0
12/07/2018;04:00;0;0;0
12/07/2018;04:15;0;0;0
12/07/2018;04:30;0;0;0
12/07/2018;04:45;0;0;0
12/07/2018;05:00;0;0;0
12/07/2018;05:15;0;0;0
12/07/2018;05:30;0;0;0
12/07/2018;05:45;0;0;0
12/07/2018;06:00;0;0;0
12/07/2018;06:15;0;0;0
12/07/2018;06:30;0;0;0
12/07/2018;06:45;0;0;0
12/07/2018;07:00;0;0;0
12/07/2018;07:15;0;0;0
12/07/2018;07:30;0;0;0
12/07/2018;07:45;0;0;0
12/07/2018;08:00;0;0;0
12/07/2018;08:15;0;0;0
12/07/2018;08:30;0;0;0
12/07/2018;08:45;0;0;0
12/07/2018;09:00;0;0;0
12/07/2018;09:15;0;0;0
12/07/2018;09:30;0;0;0
12/07/2018;09:45;0;0;0
12/07/2018;10:00;0;0;0
12/07/2018;10:15;0;0;0
12/07/2018;10:30;0;0;0
12/07/2018;10:45;0;0;0
12/07/2018;11:00;0;0;0
12/07/2018;11:15;0;0;0
12/07/2018;11:30;0;0;0
12/07/2018;11:45;0;0;0
12/07/2018;12:00;0;0;0
12/07/2018;12:15;0;0;0
12/07/2018;12:30;0;0;0
12/07/2018;12:45;0;0;0
12/07/2018;13:00;0;0;0
12/07/2018;13:15;0;0;0
12/07/2018;13:30;0;0;0
12/07/2018;13:45;0;0;0
12/07/2018;14:00;0;0;0
12/07/2018;14:15;0;0;0
12/07/2018;14:30;0;0;0
12/07/2018;14:45;0;0;0
12/07/2018;15:00;0;0;0
12/07/2018;15:15;0;0;0
12/07/2018;15:30;0;0;0
12/07/2018;15:45;0;0;0
12/07/2018;16:00;0;0;0
12/07/2018;16:15;0;0;0
12/07/2018;16:30;0;0;0
12/07/2018;16:45;0;0;0
12/07/2018;17:00;0;0;0
12/07/2018;17:15;0;0;0
12/07/2018;17:30;0;0;0
12/07/2018;17:45;0;0;0
12/07/2018;18:00;0;0;0
12/07/2018;18:15;0;0;0
12/07/2018;18:30;0;0;0
12/07/2018;18:45;0;0;0
12/07/2018;19:00;0;0;0
12/07/2018;19:15;0;0;0
12/07/2018;19:30;0;0;0
12/07/2018;19:45;0;0;0
12/07/2018;20:00;0;0;0
12/07/2018;20:15;0;0;0
12/07/2018;20:30;0;0;0
12/07/2018;20:45;0;0;0
12/07/2018;21:00;0;0;0
12/07/2018;21:15;0;0;0
12/07/2018;21:30;0;0;0
12/07/2018;21:45;0;0;0
12/07/2018;22:00;0;0;0
12/07/2018;22:15;0;0;0
12/07/2018;22:30;0;0;0
12/07/2018;22:45;0;0;0
12/07/2018;23:00;0;0;0
12/07/2018;23:15;0;0;0
12/07/2018;23:30;0;0;0
12/07/2018;23:45;0;0;0
13/07/2018;00:00;0;0;0
13/07/2018;00:15;0;0;0
13/07/2018;00:30;0;0;0
13/07/2018;00:45;0;0;0
13/07/2018;01:00;0;0;0
13/07/2018;01:15;0;0;0
13/07/2018;01:30;0;0;0
13/07/2018;01:45;0;0;0
13/07/2018;02:00;0;0;0
13/07/2018;02:15;0;0;0
13/07/2018;02:30;0;0;0
13/07/2018;02:45;0;0;0
13/07/2018;03:00;0;0;0
13/07/2018;03:15;0;0;0
13/07/2018;03:30;0;0;0
13/07/2018;03:45;0;0;0
13/07/2018;04:00;0;0;0
13/07/2018;04:15;0;0;0
13/07/2018;04:30;0;0;0
13/07/2018;04:45;0;0;0
13/07/2018;05:00;0;0;0
13/07/2018;05:15;0;0;0
13/07/2018;05:30;0;0;0
13/07/2018;05:45;0;0;0
13/07/2018;06:00;0;0;0
13/07/2018;06:15;0;0;0
13/07/2018;06:30;0;0;0
13/07/2018;06:45;0;0;0
13/07/2018;07:00;0;0;0
13/07/2018;07:15;0;0;0
13/07/2018;07:30;0;0;0
13/07/2018;07:45;0;0;0
13/07/2018;08:00;0;0;0
13/07/2018;08:15;0;0;0
13/07/2018;08:30;0;0;0
13/07/2018;08:45;0;0;0
13/07/2018;09:00;0;0;0
13/07/2018;09:15;0;0;0
13/07/2018;09:30;0;0;0
13/07/2018;09:45;0;0;0
13/07/2018;10:00;0;0;0
13/07/2018;10:15;0;0;0
13/07/2018;10:30;0;0;0
13/07/2018;10:45;0;0;0
13/07/2018;11:00;0;0;0
13/07/2018;11:15;0;0;0
13/07/2018;11:30;0;0;0
13/07/2018;11:45;0;0;0
13/07/2018;12:00;0;0;0
13/07/2018;12:15;0;0;0
13/07/2018;12:30;0;0;0
13/07/2018;12:45;0;0;0
13/07/2018;13:00;0;0;0
13/07/2018;13:15;0;0;0
13/07/2018;13:30;0;0;0
13/07/2018;13:45;0;0;0
13/07/2018;14:00;0;0;0
13/07/2018;14:15;0;0;0
13/07/2018;14:30;0;0;0
13/07/2018;14:45;0;0;0
13/07/2018;15:00;0;0;0
13/07/2018;15:15;0;0;0
13/07/2018;15:30;0;0;0
13/07/2018;15:45;0;0;0
13/07/2018;16:00;0;0;0
13/07/2018;16:15;0;0;0
13/07/2018;16:30;0;0;0
13/07/2018;16:45;0;0;0
13/07/2018;17:00;0;0;0
13/07/2018;17:15;0;0;0
13/07/2018;17:30;0;0;0
13/07/2018;17:45;0;0;0
13/07/2018;18:00;0;0;0
13/07/2018;18:15;0;0;0
13/07/2018;18:30;0;0;0
13/07/2018;18:45;0;0;0
13/07/2018;19:00;0;0;0
13/07/2018;19:15;0;0;0
13/07/2018;19:30;0;0;0
13/07/2018;19:45;0;0;0
13/07/2018;20:00;0;0;0
13/07/2018;20:15;0;0;0
13/07/2018;20:30;0;0;0
13/07/2018;20:45;0;0;0
13/07/2018;21:00;0;0;0
13/07/2018;21:15;0;0;0
13/07/2018;21:30;0;0;0
13/07/2018;21:45;0;0;0
13/07/2018;22:00;0;0;0
13/07/2018;22:15;0;0;0
13/07/2018;22:30;0;0;0
13/07/2018;22:45;0;0;0
13/07/2018;23:00;0;0;0
13/07/2018;23:15;0;0;0
13/07/2018;23:30;0;0;0
13/07/2018;23:45;0;0;0
14/07/2018;00:00;0;0;0
14/07/2018;00:15;0;0;0
14/07/2018;00:30;0;0;0
14/07/2018;00:45;0;0;0
14/07/2018;01:00;0;0;0
14/07/2018;01:15;0;0;0
14/07/2018;01:30;0;0;0
14/07/2018;01:45;0;0;0
14/07/2018;02:00;0;0;0
14/07/2018;02:15;0;0;0
14/07/2018;02:30;0;0;0
14/07/2018;02:45;0;0;0
14/07/2018;03:00;0;0;0
14/07/2018;03:15;0;0;0
14/07/2018;03:30;0;0;0
14/07/2018;03:45;0;0;0
14/07/2018;04:00;0;0;0
14/07/2018;04:15;0;0;0
14/07/2018;04:30;0;0;0
14/07/2018;04:45;0;0;0
14/07/2018;05:00;0;0;0
14/07/2018;05:15;0;0;0
14/07/2018;05:30;0;0;0
14/07/2018;05:45;0;0;0
14/07/2018;06:00;0;0;0
14/07/2018;06:15;0;0;0
14/07/2018;06:30;0;0;0
14/07/2018;06:45;0;0;0
14/07/2018;07:00;0;0;0
14/07/2018;07:15;0;0;0
14/07/2018;07:30;0;0;0
14/07/2018;07:45;0;0;0
14/07/2018;08:00;0;0;0
14/07/2018;08:15;0;0;0
14/07/2018;08:30;0;0;0
14/07/2018;08:45;0;0;0
14/07/2018;09:00;0;0;0
14/07/2018;09:15;0;0;0
14/07/2018;09:30;0;0;0
14/07/2018;09:45;0;0;0
14/07/2018;10:00;0;0;0
14/07/2018;10:15;0;0;0
14/07/2018;10:30;0;0;0
14/07/2018;10:45;0;0;0
14/07/2018;11:00;0;0;0
14/07/2018;11:15;0;0;0
14/07/2018;11:30;0;0;0
14/07/2018;11:45;0;0;0
14/07/2018;12:00;0;0;0
14/07/2018;12:15;0;0;0
14/07/2018;12:30;0;0;0
14/07/2018;12:45;0;0;0
14/07/2018;13:00;0;0;0
14/07/2018;13:15;0;0;0
14/07/2018;13:30;0;0;0
14/07/2018;13:45;0;0;0
14/07/2018;14:00;0;0;0
14/07/2018;14:15;0;0;0
14/07/2018;14:30;0;0;0
14/07/2018;14:45;0;0;0
14/07/2018;15:00;0;0;0
14/07/2018;15:15;0;0;0
14/07/2018;15:30;0;0;0
14/07/2018;15:45;0;0;0
14/07/2018;16:00;0;0;0
14/07/2018;16:15;0;0;0
14/07/2018;16:30;1;0;1
14/07/2018;16:45;0;0;0
14/07/2018;17:00;0;0;0
14/07/2018;17:15;0;0;0
14/07/2018;17:30;0;0;0
14/07/2018;17:45;0;0;0
14/07/2018;18:00;0;0;0
14/07/2018;18:15;0;0;0
14/07/2018;18:30;0;0;0
14/07/2018;18:45;0;0;0
14/07/2018;19:00;0;0;0
14/07/2018;19:15;0;0;0
14/07/2018;19:30;0;0;0
14/07/2018;19:45;0;0;0
14/07/2018;20:00;0;0;0
14/07/2018;20:15;0;0;0
14/07/2018;20:30;0;0;0
14/07/2018;20:45;0;0;0
14/07/2018;21:00;0;0;0
14/07/2018;21:15;0;0;0
14/07/2018;21:30;0;0;0
14/07/2018;21:45;0;0;0
14/07/2018;22:00;0;0;0
14/07/2018;22:15;0;0;0
14/07/2018;22:30;0;0;0
14/07/2018;22:45;0;0;0
14/07/2018;23:00;0;0;0
14/07/2018;23:15;0;0;0
14/07/2018;23:30;0;0;0
14/07/2018;23:45;0;0;0
15/07/2018;00:00;0;0;0
15/07/2018;00:15;0;0;0
15/07/2018;00:30;0;0;0
15/07/2018;00:45;0;0;0
15/07/2018;01:00;0;0;0
15/07/2018;01:15;0;0;0
15/07/2018;01:30;0;0;0
15/07/2018;01:45;0;0;0
15/07/2018;02:00;0;0;0
15/07/2018;02:15;0;0;0
15/07/2018;02:30;0;0;0
15/07/2018;02:45;0;0;0
15/07/2018;03:00;0;0;0
15/07/2018;03:15;0;0;0
15/07/2018;03:30;0;0;0
15/07/2018;03:45;0;0;0
15/07/2018;04:00;0;0;0
15/07/2018;04:15;0;0;0
15/07/2018;04:30;0;0;0
15/07/2018;04:45;0;0;0
15/07/2018;05:00;0;0;0
15/07/2018;05:15;0;0;0
15/07/2018;05:30;0;0;0
15/07/2018;05:45;0;0;0
15/07/2018;06:00;0;0;0
15/07/2018;06:15;0;0;0
15/07/2018;06:30;0;0;0
15/07/2018;06:45;0;0;0
15/07/2018;07:00;0;0;0
15/07/2018;07:15;0;0;0
15/07/2018;07:30;0;0;0
15/07/2018;07:45;0;0;0
15/07/2018;08:00;0;0;0
15/07/2018;08:15;0;0;0
15/07/2018;08:30;0;0;0
15/07/2018;08:45;0;0;0
15/07/2018;09:00;0;0;0
15/07/2018;09:15;0;0;0
15/07/2018;09:30;0;0;0
15/07/2018;09:45;0;0;0
15/07/2018;10:00;0;0;0
15/07/2018;10:15;0;0;0
15/07/2018;10:30;0;0;0
15/07/2018;10:45;0;0;0
15/07/2018;11:00;0;0;0
15/07/2018;11:15;0;0;0
15/07/2018;11:30;0;0;0
15/07/2018;11:45;0;0;0
15/07/2018;12:00;0;0;0
15/07/2018;12:15;0;0;0
15/07/2018;12:30;0;0;0
15/07/2018;12:45;0;0;0
15/07/2018;13:00;0;0;0
15/07/2018;13:15;0;0;0
15/07/2018;13:30;0;0;0
15/07/2018;13:45;0;0;0
15/07/2018;14:00;0;0;0
15/07/2018;14:15;0;0;0
15/07/2018;14:30;0;0;0
15/07/2018;14:45;0;0;0
15/07/2018;15:00;0;0;0
15/07/2018;15:15;0;0;0
15/07/2018;15:30;0;0;0
15/07/2018;15:45;0;0;0
15/07/2018;16:00;0;0;0
15/07/2018;16:15;0;0;0
15/07/2018;16:30;0;0;0
15/07/2018;16:45;0;0;0
15/07/2018;17:00;0;0;0
15/07/2018;17:15;0;0;0
15/07/2018;17:30;0;0;0
15/07/2018;17:45;0;0;0
15/07/2018;18:00;0;0;0
15/07/2018;18:15;0;0;0
15/07/2018;18:30;0;0;0
15/07/2018;18:45;0;0;0
15/07/2018;19:00;0;0;0
15/07/2018;19:15;0;0;0
15/07/2018;19:30;0;0;0
15/07/2018;19:45;0;0;0
15/07/2018;20:00;0;0;0
15/07/2018;20:15;0;0;0
15/07/2018;20:30;0;0;0
15/07/2018;20:45;0;0;0
15/07/2018;21:00;2;0;2
15/07/2018;21:15;0;0;0
15/07/2018;21:30;0;0;0
15/07/2018;21:45;0;0;0
15/07/2018;22:00;0;0;0
15/07/2018;22:15;0;0;0
15/07/2018;22:30;0;0;0
15/07/2018;22:45;0;0;0
15/07/2018;23:00;0;0;0
15/07/2018;23:15;0;0;0
15/07/2018;23:30;0;0;0
15/07/2018;23:45;0;0;0
16/07/2018;00:00;0;0;0
16/07/2018;00:15;0;0;0
16/07/2018;00:30;0;0;0
16/07/2018;00:45;0;0;0
16/07/2018;01:00;0;0;0
16/07/2018;01:15;0;0;0
16/07/2018;01:30;0;0;0
16/07/2018;01:45;0;0;0
16/07/2018;02:00;0;0;0
16/07/2018;02:15;0;0;0
16/07/2018;02:30;0;0;0
16/07/2018;02:45;0;0;0
16/07/2018;03:00;0;0;0
16/07/2018;03:15;0;0;0
16/07/2018;03:30;0;0;0
16/07/2018;03:45;0;0;0
16/07/2018;04:00;0;0;0
16/07/2018;04:15;0;0;0
16/07/2018;04:30;0;0;0
16/07/2018;04:45;0;0;0
16/07/2018;05:00;0;0;0
16/07/2018;05:15;0;0;0
16/07/2018;05:30;0;0;0
16/07/2018;05:45;0;0;0
16/07/2018;06:00;0;0;0
16/07/2018;06:15;0;0;0
16/07/2018;06:30;0;0;0
16/07/2018;06:45;0;0;0
16/07/2018;07:00;0;0;0
16/07/2018;07:15;0;0;0
16/07/2018;07:30;0;0;0
16/07/2018;07:45;0;0;0
16/07/2018;08:00;0;0;0
16/07/2018;08:15;0;0;0
16/07/2018;08:30;0;0;0
16/07/2018;08:45;0;0;0
16/07/2018;09:00;0;0;0
16/07/2018;09:15;0;0;0
16/07/2018;09:30;0;0;0
16/07/2018;09:45;0;0;0
16/07/2018;10:00;0;0;0
16/07/2018;10:15;0;0;0
16/07/2018;10:30;0;0;0
16/07/2018;10:45;0;0;0
16/07/2018;11:00;0;0;0
16/07/2018;11:15;0;0;0
16/07/2018;11:30;0;0;0
16/07/2018;11:45;0;0;0
16/07/2018;12:00;0;0;0
16/07/2018;12:15;0;0;0
16/07/2018;12:30;0;0;0
16/07/2018;12:45;0;0;0
16/07/2018;13:00;0;0;0
16/07/2018;13:15;0;0;0
16/07/2018;13:30;0;0;0
16/07/2018;13:45;0;0;0
16/07/2018;14:00;0;0;0
16/07/2018;14:15;0;0;0
16/07/2018;14:30;0;0;0
16/07/2018;14:45;0;0;0
16/07/2018;15:00;0;0;0
16/07/2018;15:15;0;0;0
16/07/2018;15:30;0;0;0
16/07/2018;15:45;0;0;0
16/07/2018;16:00;0;0;0
16/07/2018;16:15;0;0;0
16/07/2018;16:30;0;0;0
16/07/2018;16:45;0;0;0
16/07/2018;17:00;0;0;0
16/07/2018;17:15;0;0;0
16/07/2018;17:30;0;0;0
16/07/2018;17:45;0;0;0
16/07/2018;18:00;0;0;0
16/07/2018;18:15;0;0;0
16/07/2018;18:30;0;0;0
16/07/2018;18:45;0;0;0
16/07/2018;19:00;0;0;0
16/07/2018;19:15;0;0;0
16/07/2018;19:30;0;0;0
16/07/2018;19:45;0;0;0
16/07/2018;20:00;0;0;0
16/07/2018;20:15;0;0;0
16/07/2018;20:30;0;0;0
16/07/2018;20:45;0;0;0
16/07/2018;21:00;0;0;0
16/07/2018;21:15;0;0;0
16/07/2018;21:30;0;0;0
16/07/2018;21:45;0;0;0
16/07/2018;22:00;0;0;0
16/07/2018;22:15;0;0;0
16/07/2018;22:30;0;0;0
16/07/2018;22:45;0;0;0
16/07/2018;23:00;0;0;0
16/07/2018;23:15;0;0;0
16/07/2018;23:30;0;0;0
16/07/2018;23:45;0;0;0
17/07/2018;00:00;0;0;0
17/07/2018;00:15;0;0;0
17/07/2018;00:30;0;0;0
17/07/2018;00:45;0;0;0
17/07/2018;01:00;0;0;0
17/07/2018;01:15;0;0;0
17/07/2018;01:30;0;0;0
17/07/2018;01:45;0;0;0
17/07/2018;02:00;0;0;0
17/07/2018;02:15;0;0;0
17/07/2018;02:30;0;0;0
17/07/2018;02:45;0;0;0
17/07/2018;03:00;0;0;0
17/07/2018;03:15;0;0;0
17/07/2018;03:30;0;0;0
17/07/2018;03:45;0;0;0
17/07/2018;04:00;0;0;0
17/07/2018;04:15;0;0;0
17/07/2018;04:30;0;0;0
17/07/2018;04:45;0;0;0
17/07/2018;05:00;0;0;0
17/07/2018;05:15;0;0;0
17/07/2018;05:30;0;0;0
17/07/2018;05:45;0;0;0
17/07/2018;06:00;0;0;0
17/07/2018;06:15;0;0;0
17/07/2018;06:30;0;0;0
17/07/2018;06:45;0;0;0
17/07/2018;07:00;0;0;0
17/07/2018;07:15;0;0;0
17/07/2018;07:30;0;0;0
17/07/2018;07:45;0;0;0
17/07/2018;08:00;0;0;0
17/07/2018;08:15;0;0;0
17/07/2018;08:30;0;0;0
17/07/2018;08:45;0;0;0
17/07/2018;09:00;0;0;0
17/07/2018;09:15;0;0;0
17/07/2018;09:30;0;0;0
17/07/2018;09:45;0;0;0
17/07/2018;10:00;0;0;0
17/07/2018;10:15;0;0;0
17/07/2018;10:30;0;0;0
17/07/2018;10:45;0;0;0
17/07/2018;11:00;0;0;0
17/07/2018;11:15;0;0;0
17/07/2018;11:30;0;0;0
17/07/2018;11:45;0;0;0
17/07/2018;12:00;0;0;0
17/07/2018;12:15;0;0;0
17/07/2018;12:30;0;0;0
17/07/2018;12:45;0;0;0
17/07/2018;13:00;0;0;0
17/07/2018;13:15;0;0;0
17/07/2018;13:30;0;0;0
17/07/2018;13:45;0;0;0
17/07/2018;14:00;0;0;0
17/07/2018;14:15;0;0;0
17/07/2018;14:30;0;0;0
17/07/2018;14:45;0;0;0
17/07/2018;15:00;0;0;0
17/07/2018;15:15;0;0;0
17/07/2018;15:30;0;0;0
17/07/2018;15:45;0;0;0
17/07/2018;16:00;0;0;0
17/07/2018;16:15;0;0;0
17/07/2018;16:30;0;0;0
17/07/2018;16:45;0;0;0
17/07/2018;17:00;0;0;0
17/07/2018;17:15;0;0;0
17/07/2018;17:30;0;0;0
17/07/2018;17:45;0;0;0
17/07/2018;18:00;0;0;0
17/07/2018;18:15;0;0;0
17/07/2018;18:30;0;0;0
17/07/2018;18:45;0;0;0
17/07/2018;19:00;0;0;0
17/07/2018;19:15;0;0;0
17/07/2018;19:30;0;0;0
17/07/2018;19:45;0;0;0
17/07/2018;20:00;0;0;0
17/07/2018;20:15;0;0;0
17/07/2018;20:30;0;0;0
17/07/2018;20:45;0;0;0
17/07/2018;21:00;0;0;0
17/07/2018;21:15;0;0;0
17/07/2018;21:30;0;0;0
17/07/2018;21:45;0;0;0
17/07/2018;22:00;0;0;0
17/07/2018;22:15;0;0;0
17/07/2018;22:30;0;0;0
17/07/2018;22:45;0;0;0
17/07/2018;23:00;0;0;0
17/07/2018;23:15;0;0;0
17/07/2018;23:30;0;0;0
17/07/2018;23:45;0;0;0
18/07/2018;00:00;0;0;0
18/07/2018;00:15;0;0;0
18/07/2018;00:30;0;0;0
18/07/2018;00:45;0;0;0
18/07/2018;01:00;0;0;0
18/07/2018;01:15;0;0;0
18/07/2018;01:30;0;0;0
18/07/2018;01:45;0;0;0
18/07/2018;02:00;0;0;0
18/07/2018;02:15;0;0;0
18/07/2018;02:30;0;0;0
18/07/2018;02:45;0;0;0
18/07/2018;03:00;0;0;0
18/07/2018;03:15;0;0;0
18/07/2018;03:30;0;0;0
18/07/2018;03:45;0;0;0
18/07/2018;04:00;0;0;0
18/07/2018;04:15;0;0;0
18/07/2018;04:30;0;0;0
18/07/2018;04:45;0;0;0
18/07/2018;05:00;0;0;0
18/07/2018;05:15;0;0;0
18/07/2018;05:30;0;0;0
18/07/2018;05:45;0;0;0
18/07/2018;06:00;0;0;0
18/07/2018;06:15;0;0;0
18/07/2018;06:30;0;0;0
18/07/2018;06:45;0;0;0
18/07/2018;07:00;0;0;0
18/07/2018;07:15;0;0;0
18/07/2018;07:30;0;0;0
18/07/2018;07:45;0;0;0
18/07/2018;08:00;0;0;0
18/07/2018;08:15;0;0;0
18/07/2018;08:30;0;0;0
18/07/2018;08:45;0;0;0
18/07/2018;09:00;0;0;0
18/07/2018;09:15;0;0;0
18/07/2018;09:30;0;0;0
18/07/2018;09:45;0;0;0
18/07/2018;10:00;0;0;0
18/07/2018;10:15;0;0;0
18/07/2018;10:30;0;0;0
18/07/2018;10:45;0;0;0
18/07/2018;11:00;0;0;0
18/07/2018;11:15;0;0;0
18/07/2018;11:30;0;0;0
18/07/2018;11:45;0;0;0
18/07/2018;12:00;0;0;0
18/07/2018;12:15;0;0;0
18/07/2018;12:30;0;0;0
18/07/2018;12:45;0;0;0
18/07/2018;13:00;0;0;0
18/07/2018;13:15;0;0;0
18/07/2018;13:30;0;0;0
18/07/2018;13:45;0;0;0
18/07/2018;14:00;0;0;0
18/07/2018;14:15;0;0;0
18/07/2018;14:30;0;0;0
18/07/2018;14:45;0;0;0
18/07/2018;15:00;0;0;0
18/07/2018;15:15;0;0;0
18/07/2018;15:30;0;0;0
18/07/2018;15:45;0;0;0
18/07/2018;16:00;0;0;0
18/07/2018;16:15;0;0;0
18/07/2018;16:30;0;0;0
18/07/2018;16:45;0;0;0
18/07/2018;17:00;0;0;0
18/07/2018;17:15;0;0;0
18/07/2018;17:30;0;0;0
18/07/2018;17:45;0;0;0
18/07/2018;18:00;0;0;0
18/07/2018;18:15;0;0;0
18/07/2018;18:30;0;0;0
18/07/2018;18:45;0;0;0
18/07/2018;19:00;0;0;0
18/07/2018;19:15;0;0;0
18/07/2018;19:30;0;0;0
18/07/2018;19:45;0;0;0
18/07/2018;20:00;0;0;0
18/07/2018;20:15;0;0;0
18/07/2018;20:30;0;0;0
18/07/2018;20:45;0;0;0
18/07/2018;21:00;0;0;0
18/07/2018;21:15;0;0;0
18/07/2018;21:30;0;0;0
18/07/2018;21:45;0;0;0
18/07/2018;22:00;0;0;0
18/07/2018;22:15;0;0;0
18/07/2018;22:30;0;0;0
18/07/2018;22:45;0;0;0
18/07/2018;23:00;0;0;0
18/07/2018;23:15;0;0;0
18/07/2018;23:30;0;0;0
18/07/2018;23:45;0;0;0
19/07/2018;00:00;0;0;0
19/07/2018;00:15;0;0;0
19/07/2018;00:30;0;0;0
19/07/2018;00:45;0;0;0
19/07/2018;01:00;0;0;0
19/07/2018;01:15;0;0;0
19/07/2018;01:30;0;0;0
19/07/2018;01:45;0;0;0
19/07/2018;02:00;0;0;0
19/07/2018;02:15;0;0;0
19/07/2018;02:30;0;0;0
19/07/2018;02:45;0;0;0
19/07/2018;03:00;0;0;0
19/07/2018;03:15;0;0;0
19/07/2018;03:30;0;0;0
19/07/2018;03:45;0;0;0
19/07/2018;04:00;0;0;0
19/07/2018;04:15;0;0;0
19/07/2018;04:30;0;0;0
19/07/2018;04:45;0;0;0
19/07/2018;05:00;0;0;0
19/07/2018;05:15;0;0;0
19/07/2018;05:30;0;0;0
19/07/2018;05:45;0;0;0
19/07/2018;06:00;0;0;0
19/07/2018;06:15;0;0;0
19/07/2018;06:30;0;0;0
19/07/2018;06:45;1;0;1
19/07/2018;07:00;0;0;0
19/07/2018;07:15;0;0;0
19/07/2018;07:30;0;0;0
19/07/2018;07:45;0;0;0
19/07/2018;08:00;0;0;0
19/07/2018;08:15;0;0;0
19/07/2018;08:30;0;0;0
19/07/2018;08:45;0;0;0
19/07/2018;09:00;0;0;0
19/07/2018;09:15;0;0;0
19/07/2018;09:30;0;0;0
19/07/2018;09:45;0;0;0
19/07/2018;10:00;0;0;0
19/07/2018;10:15;0;0;0
19/07/2018;10:30;0;0;0
19/07/2018;10:45;0;0;0
19/07/2018;11:00;0;0;0
19/07/2018;11:15;0;0;0
19/07/2018;11:30;0;0;0
19/07/2018;11:45;0;0;0
19/07/2018;12:00;0;0;0
19/07/2018;12:15;0;0;0
19/07/2018;12:30;0;0;0
19/07/2018;12:45;0;0;0
19/07/2018;13:00;0;0;0
19/07/2018;13:15;0;0;0
19/07/2018;13:30;0;0;0
19/07/2018;13:45;0;0;0
19/07/2018;14:00;0;0;0
19/07/2018;14:15;0;0;0
19/07/2018;14:30;0;0;0
19/07/2018;14:45;0;0;0
19/07/2018;15:00;0;0;0
19/07/2018;15:15;0;0;0
19/07/2018;15:30;0;0;0
19/07/2018;15:45;0;0;0
19/07/2018;16:00;0;0;0
19/07/2018;16:15;0;0;0
19/07/2018;16:30;0;0;0
19/07/2018;16:45;0;0;0
19/07/2018;17:00;0;0;0
19/07/2018;17:15;0;0;0
19/07/2018;17:30;0;0;0
19/07/2018;17:45;0;0;0
19/07/2018;18:00;0;0;0
19/07/2018;18:15;0;0;0
19/07/2018;18:30;0;0;0
19/07/2018;18:45;0;0;0
19/07/2018;19:00;0;0;0
19/07/2018;19:15;0;0;0
19/07/2018;19:30;0;0;0
19/07/2018;19:45;0;0;0
19/07/2018;20:00;0;0;0
19/07/2018;20:15;0;0;0
19/07/2018;20:30;0;0;0
19/07/2018;20:45;0;0;0
19/07/2018;21:00;0;0;0
19/07/2018;21:15;0;0;0
19/07/2018;21:30;0;0;0
19/07/2018;21:45;0;0;0
19/07/2018;22:00;0;0;0
19/07/2018;22:15;0;0;0
19/07/2018;22:30;0;0;0
19/07/2018;22:45;0;0;0
19/07/2018;23:00;0;0;0
19/07/2018;23:15;0;0;0
19/07/2018;23:30;0;0;0
19/07/2018;23:45;0;0;0
20/07/2018;00:00;0;0;0
20/07/2018;00:15;0;0;0
20/07/2018;00:30;0;0;0
20/07/2018;00:45;0;0;0
20/07/2018;01:00;0;0;0
20/07/2018;01:15;0;0;0
20/07/2018;01:30;0;0;0
20/07/2018;01:45;0;0;0
20/07/2018;02:00;0;0;0
20/07/2018;02:15;0;0;0
20/07/2018;02:30;0;0;0
20/07/2018;02:45;0;0;0
20/07/2018;03:00;0;0;0
20/07/2018;03:15;0;0;0
20/07/2018;03:30;0;0;0
20/07/2018;03:45;0;0;0
20/07/2018;04:00;0;0;0
20/07/2018;04:15;0;0;0
20/07/2018;04:30;0;0;0
20/07/2018;04:45;0;0;0
20/07/2018;05:00;0;0;0
20/07/2018;05:15;0;0;0
20/07/2018;05:30;0;0;0
20/07/2018;05:45;0;0;0
20/07/2018;06:00;0;0;0
20/07/2018;06:15;0;0;0
20/07/2018;06:30;0;0;0
20/07/2018;06:45;0;0;0
20/07/2018;07:00;0;0;0
20/07/2018;07:15;0;0;0
20/07/2018;07:30;0;0;0
20/07/2018;07:45;0;0;0
20/07/2018;08:00;0;0;0
20/07/2018;08:15;0;0;0
20/07/2018;08:30;0;0;0
20/07/2018;08:45;0;0;0
20/07/2018;09:00;0;0;0
20/07/2018;09:15;0;0;0
20/07/2018;09:30;1;1;0
20/07/2018;09:45;0;0;0
20/07/2018;10:00;0;0;0
20/07/2018;10:15;0;0;0
20/07/2018;10:30;0;0;0
20/07/2018;10:45;0;0;0
20/07/2018;11:00;0;0;0
20/07/2018;11:15;0;0;0
20/07/2018;11:30;0;0;0
20/07/2018;11:45;0;0;0
20/07/2018;12:00;0;0;0
20/07/2018;12:15;0;0;0
20/07/2018;12:30;0;0;0
20/07/2018;12:45;0;0;0
20/07/2018;13:00;0;0;0
20/07/2018;13:15;0;0;0
20/07/2018;13:30;0;0;0
20/07/2018;13:45;0;0;0
20/07/2018;14:00;0;0;0
20/07/2018;14:15;0;0;0
20/07/2018;14:30;0;0;0
20/07/2018;14:45;0;0;0
20/07/2018;15:00;0;0;0
20/07/2018;15:15;0;0;0
20/07/2018;15:30;0;0;0
20/07/2018;15:45;0;0;0
20/07/2018;16:00;0;0;0
20/07/2018;16:15;0;0;0
20/07/2018;16:30;0;0;0
20/07/2018;16:45;0;0;0
20/07/2018;17:00;0;0;0
20/07/2018;17:15;0;0;0
20/07/2018;17:30;0;0;0
20/07/2018;17:45;0;0;0
20/07/2018;18:00;0;0;0
20/07/2018;18:15;0;0;0
20/07/2018;18:30;0;0;0
20/07/2018;18:45;0;0;0
20/07/2018;19:00;0;0;0
20/07/2018;19:15;0;0;0
20/07/2018;19:30;0;0;0
20/07/2018;19:45;0;0;0
20/07/2018;20:00;0;0;0
20/07/2018;20:15;0;0;0
20/07/2018;20:30;0;0;0
20/07/2018;20:45;0;0;0
20/07/2018;21:00;0;0;0
20/07/2018;21:15;0;0;0
20/07/2018;21:30;0;0;0
20/07/2018;21:45;0;0;0
20/07/2018;22:00;0;0;0
20/07/2018;22:15;0;0;0
20/07/2018;22:30;0;0;0
20/07/2018;22:45;0;0;0
20/07/2018;23:00;0;0;0
20/07/2018;23:15;0;0;0
20/07/2018;23:30;0;0;0
20/07/2018;23:45;0;0;0
21/07/2018;00:00;0;0;0
21/07/2018;00:15;0;0;0
21/07/2018;00:30;0;0;0
21/07/2018;00:45;0;0;0
21/07/2018;01:00;0;0;0
21/07/2018;01:15;0;0;0
21/07/2018;01:30;0;0;0
21/07/2018;01:45;0;0;0
21/07/2018;02:00;0;0;0
21/07/2018;02:15;0;0;0
21/07/2018;02:30;0;0;0
21/07/2018;02:45;0;0;0
21/07/2018;03:00;0;0;0
21/07/2018;03:15;0;0;0
21/07/2018;03:30;0;0;0
21/07/2018;03:45;0;0;0
21/07/2018;04:00;0;0;0
21/07/2018;04:15;0;0;0
21/07/2018;04:30;0;0;0
21/07/2018;04:45;0;0;0
21/07/2018;05:00;0;0;0
21/07/2018;05:15;0;0;0
21/07/2018;05:30;0;0;0
21/07/2018;05:45;0;0;0
21/07/2018;06:00;0;0;0
21/07/2018;06:15;0;0;0
21/07/2018;06:30;0;0;0
21/07/2018;06:45;0;0;0
21/07/2018;07:00;0;0;0
21/07/2018;07:15;0;0;0
21/07/2018;07:30;0;0;0
21/07/2018;07:45;0;0;0
21/07/2018;08:00;0;0;0
21/07/2018;08:15;0;0;0
21/07/2018;08:30;0;0;0
21/07/2018;08:45;0;0;0
21/07/2018;09:00;0;0;0
21/07/2018;09:15;0;0;0
21/07/2018;09:30;0;0;0
21/07/2018;09:45;0;0;0
21/07/2018;10:00;0;0;0
21/07/2018;10:15;0;0;0
21/07/2018;10:30;0;0;0
21/07/2018;10:45;0;0;0
21/07/2018;11:00;0;0;0
21/07/2018;11:15;0;0;0
21/07/2018;11:30;0;0;0
21/07/2018;11:45;0;0;0
21/07/2018;12:00;0;0;0
21/07/2018;12:15;0;0;0
21/07/2018;12:30;0;0;0
21/07/2018;12:45;0;0;0
21/07/2018;13:00;0;0;0
21/07/2018;13:15;0;0;0
21/07/2018;13:30;0;0;0
21/07/2018;13:45;0;0;0
21/07/2018;14:00;0;0;0
21/07/2018;14:15;0;0;0
21/07/2018;14:30;0;0;0
21/07/2018;14:45;0;0;0
21/07/2018;15:00;0;0;0
21/07/2018;15:15;0;0;0
21/07/2018;15:30;0;0;0
21/07/2018;15:45;0;0;0
21/07/2018;16:00;0;0;0
21/07/2018;16:15;0;0;0
21/07/2018;16:30;0;0;0
21/07/2018;16:45;0;0;0
21/07/2018;17:00;0;0;0
21/07/2018;17:15;0;0;0
21/07/2018;17:30;0;0;0
21/07/2018;17:45;0;0;0
21/07/2018;18:00;0;0;0
21/07/2018;18:15;0;0;0
21/07/2018;18:30;0;0;0
21/07/2018;18:45;0;0;0
21/07/2018;19:00;0;0;0
21/07/2018;19:15;0;0;0
21/07/2018;19:30;0;0;0
21/07/2018;19:45;0;0;0
21/07/2018;20:00;0;0;0
21/07/2018;20:15;0;0;0
21/07/2018;20:30;0;0;0
21/07/2018;20:45;0;0;0
21/07/2018;21:00;0;0;0
21/07/2018;21:15;0;0;0
21/07/2018;21:30;0;0;0
21/07/2018;21:45;0;0;0
21/07/2018;22:00;0;0;0
21/07/2018;22:15;0;0;0
21/07/2018;22:30;0;0;0
21/07/2018;22:45;0;0;0
21/07/2018;23:00;0;0;0
21/07/2018;23:15;0;0;0
21/07/2018;23:30;0;0;0
21/07/2018;23:45;0;0;0
22/07/2018;00:00;0;0;0
22/07/2018;00:15;0;0;0
22/07/2018;00:30;0;0;0
22/07/2018;00:45;0;0;0
22/07/2018;01:00;0;0;0
22/07/2018;01:15;0;0;0
22/07/2018;01:30;0;0;0
22/07/2018;01:45;0;0;0
22/07/2018;02:00;0;0;0
22/07/2018;02:15;0;0;0
22/07/2018;02:30;0;0;0
22/07/2018;02:45;0;0;0
22/07/2018;03:00;0;0;0
22/07/2018;03:15;0;0;0
22/07/2018;03:30;0;0;0
22/07/2018;03:45;0;0;0
22/07/2018;04:00;0;0;0
22/07/2018;04:15;0;0;0
22/07/2018;04:30;0;0;0
22/07/2018;04:45;0;0;0
22/07/2018;05:00;0;0;0
22/07/2018;05:15;0;0;0
22/07/2018;05:30;0;0;0
22/07/2018;05:45;0;0;0
22/07/2018;06:00;0;0;0
22/07/2018;06:15;0;0;0
22/07/2018;06:30;0;0;0
22/07/2018;06:45;0;0;0
22/07/2018;07:00;0;0;0
22/07/2018;07:15;0;0;0
22/07/2018;07:30;0;0;0
22/07/2018;07:45;0;0;0
22/07/2018;08:00;0;0;0
22/07/2018;08:15;0;0;0
22/07/2018;08:30;0;0;0
22/07/2018;08:45;0;0;0
22/07/2018;09:00;0;0;0
22/07/2018;09:15;0;0;0
22/07/2018;09:30;0;0;0
22/07/2018;09:45;0;0;0
22/07/2018;10:00;0;0;0
22/07/2018;10:15;0;0;0
22/07/2018;10:30;0;0;0
22/07/2018;10:45;0;0;0
22/07/2018;11:00;0;0;0
22/07/2018;11:15;0;0;0
22/07/2018;11:30;0;0;0
22/07/2018;11:45;0;0;0
22/07/2018;12:00;0;0;0
22/07/2018;12:15;0;0;0
22/07/2018;12:30;0;0;0
22/07/2018;12:45;0;0;0
22/07/2018;13:00;0;0;0
22/07/2018;13:15;0;0;0
22/07/2018;13:30;0;0;0
22/07/2018;13:45;0;0;0
22/07/2018;14:00;0;0;0
22/07/2018;14:15;0;0;0
22/07/2018;14:30;0;0;0
22/07/2018;14:45;0;0;0
22/07/2018;15:00;0;0;0
22/07/2018;15:15;0;0;0
22/07/2018;15:30;0;0;0
22/07/2018;15:45;0;0;0
22/07/2018;16:00;0;0;0
22/07/2018;16:15;0;0;0
22/07/2018;16:30;0;0;0
22/07/2018;16:45;0;0;0
22/07/2018;17:00;0;0;0
22/07/2018;17:15;0;0;0
22/07/2018;17:30;0;0;0
22/07/2018;17:45;0;0;0
22/07/2018;18:00;0;0;0
22/07/2018;18:15;0;0;0
22/07/2018;18:30;0;0;0
22/07/2018;18:45;0;0;0
22/07/2018;19:00;0;0;0
22/07/2018;19:15;0;0;0
22/07/2018;19:30;0;0;0
22/07/2018;19:45;0;0;0
22/07/2018;20:00;0;0;0
22/07/2018;20:15;0;0;0
22/07/2018;20:30;0;0;0
22/07/2018;20:45;0;0;0
22/07/2018;21:00;0;0;0
22/07/2018;21:15;0;0;0
22/07/2018;21:30;0;0;0
22/07/2018;21:45;0;0;0
22/07/2018;22:00;0;0;0
22/07/2018;22:15;0;0;0
22/07/2018;22:30;0;0;0
22/07/2018;22:45;0;0;0
22/07/2018;23:00;0;0;0
22/07/2018;23:15;0;0;0
22/07/2018;23:30;0;0;0
22/07/2018;23:45;0;0;0
23/07/2018;00:00;0;0;0
23/07/2018;00:15;0;0;0
23/07/2018;00:30;0;0;0
23/07/2018;00:45;0;0;0
23/07/2018;01:00;0;0;0
23/07/2018;01:15;0;0;0
23/07/2018;01:30;0;0;0
23/07/2018;01:45;0;0;0
23/07/2018;02:00;0;0;0
23/07/2018;02:15;0;0;0
23/07/2018;02:30;0;0;0
23/07/2018;02:45;0;0;0
23/07/2018;03:00;0;0;0
23/07/2018;03:15;0;0;0
23/07/2018;03:30;0;0;0
23/07/2018;03:45;0;0;0
23/07/2018;04:00;0;0;0
23/07/2018;04:15;0;0;0
23/07/2018;04:30;0;0;0
23/07/2018;04:45;0;0;0
23/07/2018;05:00;0;0;0
23/07/2018;05:15;0;0;0
23/07/2018;05:30;0;0;0
23/07/2018;05:45;0;0;0
23/07/2018;06:00;0;0;0
23/07/2018;06:15;0;0;0
23/07/2018;06:30;0;0;0
23/07/2018;06:45;0;0;0
23/07/2018;07:00;0;0;0
23/07/2018;07:15;0;0;0
23/07/2018;07:30;0;0;0
23/07/2018;07:45;0;0;0
23/07/2018;08:00;0;0;0
23/07/2018;08:15;0;0;0
23/07/2018;08:30;0;0;0
23/07/2018;08:45;0;0;0
23/07/2018;09:00;0;0;0
23/07/2018;09:15;0;0;0
23/07/2018;09:30;0;0;0
23/07/2018;09:45;0;0;0
23/07/2018;10:00;0;0;0
23/07/2018;10:15;0;0;0
23/07/2018;10:30;0;0;0
23/07/2018;10:45;0;0;0
23/07/2018;11:00;0;0;0
23/07/2018;11:15;0;0;0
23/07/2018;11:30;0;0;0
23/07/2018;11:45;0;0;0
23/07/2018;12:00;0;0;0
23/07/2018;12:15;0;0;0
23/07/2018;12:30;0;0;0
23/07/2018;12:45;0;0;0
23/07/2018;13:00;0;0;0
23/07/2018;13:15;0;0;0
23/07/2018;13:30;0;0;0
23/07/2018;13:45;0;0;0
23/07/2018;14:00;0;0;0
23/07/2018;14:15;0;0;0
23/07/2018;14:30;0;0;0
23/07/2018;14:45;0;0;0
23/07/2018;15:00;0;0;0
23/07/2018;15:15;0;0;0
23/07/2018;15:30;0;0;0
23/07/2018;15:45;0;0;0
23/07/2018;16:00;0;0;0
23/07/2018;16:15;0;0;0
23/07/2018;16:30;0;0;0
23/07/2018;16:45;0;0;0
23/07/2018;17:00;0;0;0
23/07/2018;17:15;0;0;0
23/07/2018;17:30;0;0;0
23/07/2018;17:45;0;0;0
23/07/2018;18:00;0;0;0
23/07/2018;18:15;0;0;0
23/07/2018;18:30;0;0;0
23/07/2018;18:45;0;0;0
23/07/2018;19:00;0;0;0
23/07/2018;19:15;0;0;0
23/07/2018;19:30;0;0;0
23/07/2018;19:45;0;0;0
23/07/2018;20:00;0;0;0
23/07/2018;20:15;0;0;0
23/07/2018;20:30;0;0;0
23/07/2018;20:45;0;0;0
23/07/2018;21:00;0;0;0
23/07/2018;21:15;0;0;0
23/07/2018;21:30;0;0;0
23/07/2018;21:45;0;0;0
23/07/2018;22:00;0;0;0
23/07/2018;22:15;0;0;0
23/07/2018;22:30;0;0;0
23/07/2018;22:45;0;0;0
23/07/2018;23:00;0;0;0
23/07/2018;23:15;0;0;0
23/07/2018;23:30;0;0;0
23/07/2018;23:45;0;0;0
24/07/2018;00:00;0;0;0
24/07/2018;00:15;0;0;0
24/07/2018;00:30;0;0;0
24/07/2018;00:45;0;0;0
24/07/2018;01:00;0;0;0
24/07/2018;01:15;0;0;0
24/07/2018;01:30;0;0;0
24/07/2018;01:45;0;0;0
24/07/2018;02:00;0;0;0
24/07/2018;02:15;0;0;0
24/07/2018;02:30;0;0;0
24/07/2018;02:45;0;0;0
24/07/2018;03:00;0;0;0
24/07/2018;03:15;0;0;0
24/07/2018;03:30;0;0;0
24/07/2018;03:45;0;0;0
24/07/2018;04:00;0;0;0
24/07/2018;04:15;0;0;0
24/07/2018;04:30;0;0;0
24/07/2018;04:45;0;0;0
24/07/2018;05:00;0;0;0
24/07/2018;05:15;0;0;0
24/07/2018;05:30;0;0;0
24/07/2018;05:45;0;0;0
24/07/2018;06:00;0;0;0
24/07/2018;06:15;0;0;0
24/07/2018;06:30;0;0;0
24/07/2018;06:45;0;0;0
24/07/2018;07:00;0;0;0
24/07/2018;07:15;0;0;0
24/07/2018;07:30;0;0;0
24/07/2018;07:45;0;0;0
24/07/2018;08:00;0;0;0
24/07/2018;08:15;0;0;0
24/07/2018;08:30;0;0;0
24/07/2018;08:45;0;0;0
24/07/2018;09:00;0;0;0
24/07/2018;09:15;1;1;0
24/07/2018;09:30;0;0;0
24/07/2018;09:45;0;0;0
24/07/2018;10:00;0;0;0
24/07/2018;10:15;0;0;0
24/07/2018;10:30;0;0;0
24/07/2018;10:45;0;0;0
24/07/2018;11:00;0;0;0
24/07/2018;11:15;0;0;0
24/07/2018;11:30;0;0;0
24/07/2018;11:45;0;0;0
24/07/2018;12:00;0;0;0
24/07/2018;12:15;0;0;0
24/07/2018;12:30;0;0;0
24/07/2018;12:45;0;0;0
24/07/2018;13:00;0;0;0
24/07/2018;13:15;0;0;0
24/07/2018;13:30;0;0;0
24/07/2018;13:45;0;0;0
24/07/2018;14:00;0;0;0
24/07/2018;14:15;0;0;0
24/07/2018;14:30;0;0;0
24/07/2018;14:45;0;0;0
24/07/2018;15:00;0;0;0
24/07/2018;15:15;0;0;0
24/07/2018;15:30;0;0;0
24/07/2018;15:45;0;0;0
24/07/2018;16:00;0;0;0
24/07/2018;16:15;0;0;0
24/07/2018;16:30;0;0;0
24/07/2018;16:45;0;0;0
24/07/2018;17:00;0;0;0
24/07/2018;17:15;0;0;0
24/07/2018;17:30;0;0;0
24/07/2018;17:45;0;0;0
24/07/2018;18:00;0;0;0
24/07/2018;18:15;0;0;0
24/07/2018;18:30;0;0;0
24/07/2018;18:45;0;0;0
24/07/2018;19:00;0;0;0
24/07/2018;19:15;0;0;0
24/07/2018;19:30;0;0;0
24/07/2018;19:45;0;0;0
24/07/2018;20:00;0;0;0
24/07/2018;20:15;0;0;0
24/07/2018;20:30;0;0;0
24/07/2018;20:45;0;0;0
24/07/2018;21:00;0;0;0
24/07/2018;21:15;0;0;0
24/07/2018;21:30;0;0;0
24/07/2018;21:45;0;0;0
24/07/2018;22:00;0;0;0
24/07/2018;22:15;0;0;0
24/07/2018;22:30;0;0;0
24/07/2018;22:45;0;0;0
24/07/2018;23:00;0;0;0
24/07/2018;23:15;0;0;0
24/07/2018;23:30;0;0;0
24/07/2018;23:45;0;0;0
25/07/2018;00:00;0;0;0
25/07/2018;00:15;0;0;0
25/07/2018;00:30;0;0;0
25/07/2018;00:45;0;0;0
25/07/2018;01:00;0;0;0
25/07/2018;01:15;0;0;0
25/07/2018;01:30;0;0;0
25/07/2018;01:45;0;0;0
25/07/2018;02:00;0;0;0
25/07/2018;02:15;0;0;0
25/07/2018;02:30;0;0;0
25/07/2018;02:45;0;0;0
25/07/2018;03:00;0;0;0
25/07/2018;03:15;0;0;0
25/07/2018;03:30;0;0;0
25/07/2018;03:45;0;0;0
25/07/2018;04:00;0;0;0
25/07/2018;04:15;0;0;0
25/07/2018;04:30;0;0;0
25/07/2018;04:45;0;0;0
25/07/2018;05:00;0;0;0
25/07/2018;05:15;0;0;0
25/07/2018;05:30;0;0;0
25/07/2018;05:45;0;0;0
25/07/2018;06:00;0;0;0
25/07/2018;06:15;0;0;0
25/07/2018;06:30;0;0;0
25/07/2018;06:45;0;0;0
25/07/2018;07:00;0;0;0
25/07/2018;07:15;0;0;0
25/07/2018;07:30;0;0;0
25/07/2018;07:45;4;4;0
25/07/2018;08:00;0;0;0
25/07/2018;08:15;0;0;0
25/07/2018;08:30;0;0;0
25/07/2018;08:45;0;0;0
25/07/2018;09:00;0;0;0
25/07/2018;09:15;0;0;0
25/07/2018;09:30;0;0;0
25/07/2018;09:45;0;0;0
25/07/2018;10:00;0;0;0
25/07/2018;10:15;0;0;0
25/07/2018;10:30;0;0;0
25/07/2018;10:45;0;0;0
25/07/2018;11:00;0;0;0
25/07/2018;11:15;0;0;0
25/07/2018;11:30;0;0;0
25/07/2018;11:45;0;0;0
25/07/2018;12:00;4;3;1
25/07/2018;12:15;5;5;0
25/07/2018;12:30;0;0;0
25/07/2018;12:45;0;0;0
25/07/2018;13:00;0;0;0
25/07/2018;13:15;0;0;0
25/07/2018;13:30;0;0;0
25/07/2018;13:45;0;0;0
25/07/2018;14:00;0;0;0
25/07/2018;14:15;0;0;0
25/07/2018;14:30;3;3;0
25/07/2018;14:45;0;0;0
25/07/2018;15:00;0;0;0
25/07/2018;15:15;0;0;0
25/07/2018;15:30;0;0;0
25/07/2018;15:45;0;0;0
25/07/2018;16:00;0;0;0
25/07/2018;16:15;0;0;0
25/07/2018;16:30;0;0;0
25/07/2018;16:45;0;0;0
25/07/2018;17:00;0;0;0
25/07/2018;17:15;0;0;0
25/07/2018;17:30;0;0;0
25/07/2018;17:45;0;0;0
25/07/2018;18:00;0;0;0
25/07/2018;18:15;0;0;0
25/07/2018;18:30;0;0;0
25/07/2018;18:45;0;0;0
25/07/2018;19:00;0;0;0
25/07/2018;19:15;3;0;3
25/07/2018;19:30;0;0;0
25/07/2018;19:45;0;0;0
25/07/2018;20:00;0;0;0
25/07/2018;20:15;0;0;0
25/07/2018;20:30;0;0;0
25/07/2018;20:45;0;0;0
25/07/2018;21:00;0;0;0
25/07/2018;21:15;0;0;0
25/07/2018;21:30;0;0;0
25/07/2018;21:45;0;0;0
25/07/2018;22:00;0;0;0
25/07/2018;22:15;0;0;0
25/07/2018;22:30;0;0;0
25/07/2018;22:45;0;0;0
25/07/2018;23:00;0;0;0
25/07/2018;23:15;0;0;0
25/07/2018;23:30;0;0;0
25/07/2018;23:45;0;0;0
26/07/2018;00:00;0;0;0
26/07/2018;00:15;0;0;0
26/07/2018;00:30;0;0;0
26/07/2018;00:45;0;0;0
26/07/2018;01:00;0;0;0
26/07/2018;01:15;0;0;0
26/07/2018;01:30;0;0;0
26/07/2018;01:45;0;0;0
26/07/2018;02:00;0;0;0
26/07/2018;02:15;0;0;0
26/07/2018;02:30;0;0;0
26/07/2018;02:45;0;0;0
26/07/2018;03:00;0;0;0
26/07/2018;03:15;0;0;0
26/07/2018;03:30;0;0;0
26/07/2018;03:45;0;0;0
26/07/2018;04:00;0;0;0
26/07/2018;04:15;0;0;0
26/07/2018;04:30;0;0;0
26/07/2018;04:45;0;0;0
26/07/2018;05:00;0;0;0
26/07/2018;05:15;0;0;0
26/07/2018;05:30;0;0;0
26/07/2018;05:45;0;0;0
26/07/2018;06:00;0;0;0
26/07/2018;06:15;0;0;0
26/07/2018;06:30;0;0;0
26/07/2018;06:45;0;0;0
26/07/2018;07:00;0;0;0
26/07/2018;07:15;3;2;1
26/07/2018;07:30;24;11;13
26/07/2018;07:45;6;4;2
26/07/2018;08:00;2;2;0
26/07/2018;08:15;1;0;1
26/07/2018;08:30;10;4;6
26/07/2018;08:45;13;8;5
26/07/2018;09:00;0;0;0
26/07/2018;09:15;0;0;0
26/07/2018;09:30;0;0;0
26/07/2018;09:45;0;0;0
26/07/2018;10:00;0;0;0
26/07/2018;10:15;0;0;0
26/07/2018;10:30;0;0;0
26/07/2018;10:45;0;0;0
26/07/2018;11:00;0;0;0
26/07/2018;11:15;0;0;0
26/07/2018;11:30;0;0;0
26/07/2018;11:45;0;0;0
26/07/2018;12:00;0;0;0
26/07/2018;12:15;0;0;0
26/07/2018;12:30;0;0;0
26/07/2018;12:45;0;0;0
26/07/2018;13:00;0;0;0
26/07/2018;13:15;0;0;0
26/07/2018;13:30;0;0;0
26/07/2018;13:45;0;0;0
26/07/2018;14:00;0;0;0
26/07/2018;14:15;0;0;0
26/07/2018;14:30;0;0;0
26/07/2018;14:45;0;0;0
26/07/2018;15:00;0;0;0
26/07/2018;15:15;0;0;0
26/07/2018;15:30;0;0;0
26/07/2018;15:45;0;0;0
26/07/2018;16:00;0;0;0
26/07/2018;16:15;0;0;0
26/07/2018;16:30;0;0;0
26/07/2018;16:45;0;0;0
26/07/2018;17:00;0;0;0
26/07/2018;17:15;0;0;0
26/07/2018;17:30;0;0;0
26/07/2018;17:45;0;0;0
26/07/2018;18:00;0;0;0
26/07/2018;18:15;0;0;0
26/07/2018;18:30;0;0;0
26/07/2018;18:45;0;0;0
26/07/2018;19:00;0;0;0
26/07/2018;19:15;0;0;0
26/07/2018;19:30;0;0;0
26/07/2018;19:45;0;0;0
26/07/2018;20:00;0;0;0
26/07/2018;20:15;0;0;0
26/07/2018;20:30;0;0;0
26/07/2018;20:45;0;0;0
26/07/2018;21:00;0;0;0
26/07/2018;21:15;0;0;0
26/07/2018;21:30;0;0;0
26/07/2018;21:45;0;0;0
26/07/2018;22:00;0;0;0
26/07/2018;22:15;0;0;0
26/07/2018;22:30;0;0;0
26/07/2018;22:45;0;0;0
26/07/2018;23:00;0;0;0
26/07/2018;23:15;0;0;0
26/07/2018;23:30;0;0;0
26/07/2018;23:45;0;0;0
27/07/2018;00:00;0;0;0
27/07/2018;00:15;0;0;0
27/07/2018;00:30;0;0;0
27/07/2018;00:45;0;0;0
27/07/2018;01:00;0;0;0
27/07/2018;01:15;0;0;0
27/07/2018;01:30;0;0;0
27/07/2018;01:45;0;0;0
27/07/2018;02:00;0;0;0
27/07/2018;02:15;0;0;0
27/07/2018;02:30;0;0;0
27/07/2018;02:45;0;0;0
27/07/2018;03:00;0;0;0
27/07/2018;03:15;0;0;0
27/07/2018;03:30;0;0;0
27/07/2018;03:45;0;0;0
27/07/2018;04:00;0;0;0
27/07/2018;04:15;0;0;0
27/07/2018;04:30;0;0;0
27/07/2018;04:45;0;0;0
27/07/2018;05:00;0;0;0
27/07/2018;05:15;0;0;0
27/07/2018;05:30;0;0;0
27/07/2018;05:45;0;0;0
27/07/2018;06:00;0;0;0
27/07/2018;06:15;0;0;0
27/07/2018;06:30;0;0;0
27/07/2018;06:45;0;0;0
27/07/2018;07:00;0;0;0
27/07/2018;07:15;0;0;0
27/07/2018;07:30;0;0;0
27/07/2018;07:45;0;0;0
27/07/2018;08:00;0;0;0
27/07/2018;08:15;0;0;0
27/07/2018;08:30;0;0;0
27/07/2018;08:45;0;0;0
27/07/2018;09:00;0;0;0
27/07/2018;09:15;0;0;0
27/07/2018;09:30;0;0;0
27/07/2018;09:45;0;0;0
27/07/2018;10:00;0;0;0
27/07/2018;10:15;0;0;0
27/07/2018;10:30;0;0;0
27/07/2018;10:45;0;0;0
27/07/2018;11:00;0;0;0
27/07/2018;11:15;0;0;0
27/07/2018;11:30;0;0;0
27/07/2018;11:45;0;0;0
27/07/2018;12:00;0;0;0
27/07/2018;12:15;0;0;0
27/07/2018;12:30;0;0;0
27/07/2018;12:45;0;0;0
27/07/2018;13:00;0;0;0
27/07/2018;13:15;0;0;0
27/07/2018;13:30;0;0;0
27/07/2018;13:45;0;0;0
27/07/2018;14:00;0;0;0
27/07/2018;14:15;0;0;0
27/07/2018;14:30;0;0;0
27/07/2018;14:45;0;0;0
27/07/2018;15:00;0;0;0
27/07/2018;15:15;0;0;0
27/07/2018;15:30;0;0;0
27/07/2018;15:45;0;0;0
27/07/2018;16:00;0;0;0
27/07/2018;16:15;0;0;0
27/07/2018;16:30;0;0;0
27/07/2018;16:45;0;0;0
27/07/2018;17:00;0;0;0
27/07/2018;17:15;0;0;0
27/07/2018;17:30;0;0;0
27/07/2018;17:45;0;0;0
27/07/2018;18:00;0;0;0
27/07/2018;18:15;0;0;0
27/07/2018;18:30;0;0;0
27/07/2018;18:45;0;0;0
27/07/2018;19:00;0;0;0
27/07/2018;19:15;3;0;3
27/07/2018;19:30;0;0;0
27/07/2018;19:45;0;0;0
27/07/2018;20:00;0;0;0
27/07/2018;20:15;0;0;0
27/07/2018;20:30;0;0;0
27/07/2018;20:45;0;0;0
27/07/2018;21:00;0;0;0
27/07/2018;21:15;0;0;0
27/07/2018;21:30;0;0;0
27/07/2018;21:45;0;0;0
27/07/2018;22:00;0;0;0
27/07/2018;22:15;0;0;0
27/07/2018;22:30;0;0;0
27/07/2018;22:45;0;0;0
27/07/2018;23:00;0;0;0
27/07/2018;23:15;0;0;0
27/07/2018;23:30;0;0;0
27/07/2018;23:45;0;0;0
28/07/2018;00:00;0;0;0
28/07/2018;00:15;0;0;0
28/07/2018;00:30;0;0;0
28/07/2018;00:45;0;0;0
28/07/2018;01:00;0;0;0
28/07/2018;01:15;0;0;0
28/07/2018;01:30;0;0;0
28/07/2018;01:45;0;0;0
28/07/2018;02:00;0;0;0
28/07/2018;02:15;0;0;0
28/07/2018;02:30;0;0;0
28/07/2018;02:45;0;0;0
28/07/2018;03:00;0;0;0
28/07/2018;03:15;0;0;0
28/07/2018;03:30;0;0;0
28/07/2018;03:45;0;0;0
28/07/2018;04:00;0;0;0
28/07/2018;04:15;0;0;0
28/07/2018;04:30;0;0;0
28/07/2018;04:45;0;0;0
28/07/2018;05:00;0;0;0
28/07/2018;05:15;0;0;0
28/07/2018;05:30;0;0;0
28/07/2018;05:45;0;0;0
28/07/2018;06:00;0;0;0
28/07/2018;06:15;0;0;0
28/07/2018;06:30;0;0;0
28/07/2018;06:45;0;0;0
28/07/2018;07:00;0;0;0
28/07/2018;07:15;0;0;0
28/07/2018;07:30;0;0;0
28/07/2018;07:45;0;0;0
28/07/2018;08:00;0;0;0
28/07/2018;08:15;0;0;0
28/07/2018;08:30;0;0;0
28/07/2018;08:45;0;0;0
28/07/2018;09:00;0;0;0
28/07/2018;09:15;0;0;0
28/07/2018;09:30;0;0;0
28/07/2018;09:45;0;0;0
28/07/2018;10:00;0;0;0
28/07/2018;10:15;0;0;0
28/07/2018;10:30;0;0;0
28/07/2018;10:45;0;0;0
28/07/2018;11:00;0;0;0
28/07/2018;11:15;0;0;0
28/07/2018;11:30;0;0;0
28/07/2018;11:45;0;0;0
28/07/2018;12:00;0;0;0
28/07/2018;12:15;0;0;0
28/07/2018;12:30;0;0;0
28/07/2018;12:45;0;0;0
28/07/2018;13:00;0;0;0
28/07/2018;13:15;0;0;0
28/07/2018;13:30;0;0;0
28/07/2018;13:45;0;0;0
28/07/2018;14:00;0;0;0
28/07/2018;14:15;0;0;0
28/07/2018;14:30;0;0;0
28/07/2018;14:45;0;0;0
28/07/2018;15:00;0;0;0
28/07/2018;15:15;0;0;0
28/07/2018;15:30;0;0;0
28/07/2018;15:45;0;0;0
28/07/2018;16:00;0;0;0
28/07/2018;16:15;0;0;0
28/07/2018;16:30;0;0;0
28/07/2018;16:45;0;0;0
28/07/2018;17:00;0;0;0
28/07/2018;17:15;0;0;0
28/07/2018;17:30;0;0;0
28/07/2018;17:45;0;0;0
28/07/2018;18:00;0;0;0
28/07/2018;18:15;0;0;0
28/07/2018;18:30;0;0;0
28/07/2018;18:45;0;0;0
28/07/2018;19:00;0;0;0
28/07/2018;19:15;0;0;0
28/07/2018;19:30;0;0;0
28/07/2018;19:45;0;0;0
28/07/2018;20:00;0;0;0
28/07/2018;20:15;0;0;0
28/07/2018;20:30;0;0;0
28/07/2018;20:45;0;0;0
28/07/2018;21:00;0;0;0
28/07/2018;21:15;0;0;0
28/07/2018;21:30;0;0;0
28/07/2018;21:45;0;0;0
28/07/2018;22:00;0;0;0
28/07/2018;22:15;0;0;0
28/07/2018;22:30;0;0;0
28/07/2018;22:45;0;0;0
28/07/2018;23:00;0;0;0
28/07/2018;23:15;0;0;0
28/07/2018;23:30;0;0;0
28/07/2018;23:45;0;0;0
29/07/2018;00:00;0;0;0
29/07/2018;00:15;0;0;0
29/07/2018;00:30;0;0;0
29/07/2018;00:45;0;0;0
29/07/2018;01:00;0;0;0
29/07/2018;01:15;0;0;0
29/07/2018;01:30;0;0;0
29/07/2018;01:45;0;0;0
29/07/2018;02:00;0;0;0
29/07/2018;02:15;0;0;0
29/07/2018;02:30;0;0;0
29/07/2018;02:45;0;0;0
29/07/2018;03:00;0;0;0
29/07/2018;03:15;0;0;0
29/07/2018;03:30;0;0;0
29/07/2018;03:45;0;0;0
29/07/2018;04:00;0;0;0
29/07/2018;04:15;0;0;0
29/07/2018;04:30;0;0;0
29/07/2018;04:45;0;0;0
29/07/2018;05:00;0;0;0
29/07/2018;05:15;0;0;0
29/07/2018;05:30;0;0;0
29/07/2018;05:45;0;0;0
29/07/2018;06:00;0;0;0
29/07/2018;06:15;0;0;0
29/07/2018;06:30;0;0;0
29/07/2018;06:45;0;0;0
29/07/2018;07:00;0;0;0
29/07/2018;07:15;0;0;0
29/07/2018;07:30;0;0;0
29/07/2018;07:45;0;0;0
29/07/2018;08:00;0;0;0
29/07/2018;08:15;0;0;0
29/07/2018;08:30;0;0;0
29/07/2018;08:45;0;0;0
29/07/2018;09:00;0;0;0
29/07/2018;09:15;0;0;0
29/07/2018;09:30;0;0;0
29/07/2018;09:45;0;0;0
29/07/2018;10:00;0;0;0
29/07/2018;10:15;0;0;0
29/07/2018;10:30;0;0;0
29/07/2018;10:45;0;0;0
29/07/2018;11:00;0;0;0
29/07/2018;11:15;0;0;0
29/07/2018;11:30;0;0;0
29/07/2018;11:45;0;0;0
29/07/2018;12:00;0;0;0
29/07/2018;12:15;0;0;0
29/07/2018;12:30;0;0;0
29/07/2018;12:45;0;0;0
29/07/2018;13:00;0;0;0
29/07/2018;13:15;0;0;0
29/07/2018;13:30;0;0;0
29/07/2018;13:45;0;0;0
29/07/2018;14:00;0;0;0
29/07/2018;14:15;0;0;0
29/07/2018;14:30;0;0;0
29/07/2018;14:45;0;0;0
29/07/2018;15:00;0;0;0
29/07/2018;15:15;0;0;0
29/07/2018;15:30;0;0;0
29/07/2018;15:45;0;0;0
29/07/2018;16:00;0;0;0
29/07/2018;16:15;0;0;0
29/07/2018;16:30;0;0;0
29/07/2018;16:45;0;0;0
29/07/2018;17:00;0;0;0
29/07/2018;17:15;0;0;0
29/07/2018;17:30;0;0;0
29/07/2018;17:45;0;0;0
29/07/2018;18:00;0;0;0
29/07/2018;18:15;0;0;0
29/07/2018;18:30;0;0;0
29/07/2018;18:45;0;0;0
29/07/2018;19:00;0;0;0
29/07/2018;19:15;0;0;0
29/07/2018;19:30;0;0;0
29/07/2018;19:45;0;0;0
29/07/2018;20:00;0;0;0
29/07/2018;20:15;0;0;0
29/07/2018;20:30;0;0;0
29/07/2018;20:45;0;0;0
29/07/2018;21:00;0;0;0
29/07/2018;21:15;0;0;0
29/07/2018;21:30;0;0;0
29/07/2018;21:45;0;0;0
29/07/2018;22:00;0;0;0
29/07/2018;22:15;0;0;0
29/07/2018;22:30;0;0;0
29/07/2018;22:45;0;0;0
29/07/2018;23:00;0;0;0
29/07/2018;23:15;0;0;0
29/07/2018;23:30;0;0;0
29/07/2018;23:45;0;0;0
30/07/2018;00:00;0;0;0
30/07/2018;00:15;0;0;0
30/07/2018;00:30;0;0;0
30/07/2018;00:45;0;0;0
30/07/2018;01:00;0;0;0
30/07/2018;01:15;0;0;0
30/07/2018;01:30;0;0;0
30/07/2018;01:45;0;0;0
30/07/2018;02:00;0;0;0
30/07/2018;02:15;0;0;0
30/07/2018;02:30;0;0;0
30/07/2018;02:45;0;0;0
30/07/2018;03:00;0;0;0
30/07/2018;03:15;0;0;0
30/07/2018;03:30;0;0;0
30/07/2018;03:45;0;0;0
30/07/2018;04:00;0;0;0
30/07/2018;04:15;0;0;0
30/07/2018;04:30;0;0;0
30/07/2018;04:45;0;0;0
30/07/2018;05:00;0;0;0
30/07/2018;05:15;0;0;0
30/07/2018;05:30;0;0;0
30/07/2018;05:45;0;0;0
30/07/2018;06:00;0;0;0
30/07/2018;06:15;0;0;0
30/07/2018;06:30;0;0;0
30/07/2018;06:45;0;0;0
30/07/2018;07:00;0;0;0
30/07/2018;07:15;0;0;0
30/07/2018;07:30;0;0;0
30/07/2018;07:45;0;0;0
30/07/2018;08:00;0;0;0
30/07/2018;08:15;0;0;0
30/07/2018;08:30;0;0;0
30/07/2018;08:45;0;0;0
30/07/2018;09:00;0;0;0
30/07/2018;09:15;0;0;0
30/07/2018;09:30;0;0;0
30/07/2018;09:45;0;0;0
30/07/2018;10:00;0;0;0
30/07/2018;10:15;0;0;0
30/07/2018;10:30;0;0;0
30/07/2018;10:45;0;0;0
30/07/2018;11:00;0;0;0
30/07/2018;11:15;0;0;0
30/07/2018;11:30;0;0;0
30/07/2018;11:45;0;0;0
30/07/2018;12:00;0;0;0
30/07/2018;12:15;0;0;0
30/07/2018;12:30;0;0;0
30/07/2018;12:45;0;0;0
30/07/2018;13:00;0;0;0
30/07/2018;13:15;0;0;0
30/07/2018;13:30;0;0;0
30/07/2018;13:45;0;0;0
30/07/2018;14:00;0;0;0
30/07/2018;14:15;0;0;0
30/07/2018;14:30;0;0;0
30/07/2018;14:45;0;0;0
30/07/2018;15:00;0;0;0
30/07/2018;15:15;0;0;0
30/07/2018;15:30;0;0;0
30/07/2018;15:45;0;0;0
30/07/2018;16:00;0;0;0
30/07/2018;16:15;0;0;0
30/07/2018;16:30;0;0;0
30/07/2018;16:45;0;0;0
30/07/2018;17:00;0;0;0
30/07/2018;17:15;0;0;0
30/07/2018;17:30;0;0;0
30/07/2018;17:45;0;0;0
30/07/2018;18:00;0;0;0
30/07/2018;18:15;0;0;0
30/07/2018;18:30;0;0;0
30/07/2018;18:45;0;0;0
30/07/2018;19:00;0;0;0
30/07/2018;19:15;0;0;0
30/07/2018;19:30;0;0;0
30/07/2018;19:45;0;0;0
30/07/2018;20:00;0;0;0
30/07/2018;20:15;0;0;0
30/07/2018;20:30;0;0;0
30/07/2018;20:45;0;0;0
30/07/2018;21:00;0;0;0
30/07/2018;21:15;0;0;0
30/07/2018;21:30;0;0;0
30/07/2018;21:45;0;0;0
30/07/2018;22:00;0;0;0
30/07/2018;22:15;0;0;0
30/07/2018;22:30;0;0;0
30/07/2018;22:45;0;0;0
30/07/2018;23:00;0;0;0
30/07/2018;23:15;0;0;0
30/07/2018;23:30;0;0;0
30/07/2018;23:45;0;0;0
31/07/2018;00:00;0;0;0
31/07/2018;00:15;0;0;0
31/07/2018;00:30;0;0;0
31/07/2018;00:45;0;0;0
31/07/2018;01:00;0;0;0
31/07/2018;01:15;0;0;0
31/07/2018;01:30;0;0;0
31/07/2018;01:45;0;0;0
31/07/2018;02:00;0;0;0
31/07/2018;02:15;0;0;0
31/07/2018;02:30;0;0;0
31/07/2018;02:45;0;0;0
31/07/2018;03:00;0;0;0
31/07/2018;03:15;0;0;0
31/07/2018;03:30;0;0;0
31/07/2018;03:45;0;0;0
31/07/2018;04:00;0;0;0
31/07/2018;04:15;0;0;0
31/07/2018;04:30;0;0;0
31/07/2018;04:45;0;0;0
31/07/2018;05:00;0;0;0
31/07/2018;05:15;0;0;0
31/07/2018;05:30;0;0;0
31/07/2018;05:45;0;0;0
31/07/2018;06:00;0;0;0
31/07/2018;06:15;0;0;0
31/07/2018;06:30;0;0;0
31/07/2018;06:45;0;0;0
31/07/2018;07:00;0;0;0
31/07/2018;07:15;0;0;0
31/07/2018;07:30;0;0;0
31/07/2018;07:45;0;0;0
31/07/2018;08:00;0;0;0
31/07/2018;08:15;0;0;0
31/07/2018;08:30;0;0;0
31/07/2018;08:45;0;0;0
31/07/2018;09:00;0;0;0
31/07/2018;09:15;0;0;0
31/07/2018;09:30;0;0;0
31/07/2018;09:45;0;0;0
31/07/2018;10:00;0;0;0
31/07/2018;10:15;0;0;0
31/07/2018;10:30;0;0;0
31/07/2018;10:45;0;0;0
31/07/2018;11:00;0;0;0
31/07/2018;11:15;0;0;0
31/07/2018;11:30;0;0;0
31/07/2018;11:45;0;0;0
31/07/2018;12:00;0;0;0
31/07/2018;12:15;0;0;0
31/07/2018;12:30;0;0;0
31/07/2018;12:45;0;0;0
31/07/2018;13:00;0;0;0
31/07/2018;13:15;0;0;0
31/07/2018;13:30;0;0;0
31/07/2018;13:45;0;0;0
31/07/2018;14:00;0;0;0
31/07/2018;14:15;0;0;0
31/07/2018;14:30;0;0;0
31/07/2018;14:45;0;0;0
31/07/2018;15:00;0;0;0
31/07/2018;15:15;0;0;0
31/07/2018;15:30;0;0;0
31/07/2018;15:45;0;0;0
31/07/2018;16:00;0;0;0
31/07/2018;16:15;0;0;0
31/07/2018;16:30;0;0;0
31/07/2018;16:45;0;0;0
31/07/2018;17:00;0;0;0
31/07/2018;17:15;0;0;0
31/07/2018;17:30;0;0;0
31/07/2018;17:45;0;0;0
31/07/2018;18:00;0;0;0
31/07/2018;18:15;0;0;0
31/07/2018;18:30;0;0;0
31/07/2018;18:45;0;0;0
31/07/2018;19:00;0;0;0
31/07/2018;19:15;0;0;0
31/07/2018;19:30;0;0;0
31/07/2018;19:45;0;0;0
31/07/2018;20:00;0;0;0
31/07/2018;20:15;0;0;0
31/07/2018;20:30;0;0;0
31/07/2018;20:45;0;0;0
31/07/2018;21:00;0;0;0
31/07/2018;21:15;0;0;0
31/07/2018;21:30;0;0;0
31/07/2018;21:45;0;0;0
31/07/2018;22:00;0;0;0
31/07/2018;22:15;0;0;0
31/07/2018;22:30;0;0;0
31/07/2018;22:45;0;0;0
31/07/2018;23:00;0;0;0
31/07/2018;23:15;0;0;0
31/07/2018;23:30;0;0;0
31/07/2018;23:45;0;0;0
01/08/2018;00:00;0;0;0
01/08/2018;00:15;0;0;0
01/08/2018;00:30;0;0;0
01/08/2018;00:45;0;0;0
01/08/2018;01:00;0;0;0
01/08/2018;01:15;0;0;0
01/08/2018;01:30;0;0;0
01/08/2018;01:45;0;0;0
01/08/2018;02:00;0;0;0
01/08/2018;02:15;0;0;0
01/08/2018;02:30;0;0;0
01/08/2018;02:45;0;0;0
01/08/2018;03:00;0;0;0
01/08/2018;03:15;0;0;0
01/08/2018;03:30;0;0;0
01/08/2018;03:45;0;0;0
01/08/2018;04:00;0;0;0
01/08/2018;04:15;0;0;0
01/08/2018;04:30;0;0;0
01/08/2018;04:45;0;0;0
01/08/2018;05:00;0;0;0
01/08/2018;05:15;0;0;0
01/08/2018;05:30;0;0;0
01/08/2018;05:45;0;0;0
01/08/2018;06:00;0;0;0
01/08/2018;06:15;0;0;0
01/08/2018;06:30;0;0;0
01/08/2018;06:45;0;0;0
01/08/2018;07:00;0;0;0
01/08/2018;07:15;0;0;0
01/08/2018;07:30;0;0;0
01/08/2018;07:45;0;0;0
01/08/2018;08:00;0;0;0
01/08/2018;08:15;0;0;0
01/08/2018;08:30;0;0;0
01/08/2018;08:45;0;0;0
01/08/2018;09:00;0;0;0
01/08/2018;09:15;0;0;0
01/08/2018;09:30;0;0;0
01/08/2018;09:45;0;0;0
01/08/2018;10:00;0;0;0
01/08/2018;10:15;0;0;0
01/08/2018;10:30;0;0;0
01/08/2018;10:45;0;0;0
01/08/2018;11:00;0;0;0
01/08/2018;11:15;0;0;0
01/08/2018;11:30;0;0;0
01/08/2018;11:45;0;0;0
01/08/2018;12:00;0;0;0
01/08/2018;12:15;0;0;0
01/08/2018;12:30;0;0;0
01/08/2018;12:45;0;0;0
01/08/2018;13:00;0;0;0
01/08/2018;13:15;0;0;0
01/08/2018;13:30;0;0;0
01/08/2018;13:45;0;0;0
01/08/2018;14:00;0;0;0
01/08/2018;14:15;0;0;0
01/08/2018;14:30;0;0;0
01/08/2018;14:45;0;0;0
01/08/2018;15:00;0;0;0
01/08/2018;15:15;0;0;0
01/08/2018;15:30;0;0;0
01/08/2018;15:45;0;0;0
01/08/2018;16:00;0;0;0
01/08/2018;16:15;0;0;0
01/08/2018;16:30;0;0;0
01/08/2018;16:45;0;0;0
01/08/2018;17:00;0;0;0
01/08/2018;17:15;0;0;0
01/08/2018;17:30;0;0;0
01/08/2018;17:45;0;0;0
01/08/2018;18:00;0;0;0
01/08/2018;18:15;0;0;0
01/08/2018;18:30;0;0;0
01/08/2018;18:45;0;0;0
01/08/2018;19:00;0;0;0
01/08/2018;19:15;0;0;0
01/08/2018;19:30;0;0;0
01/08/2018;19:45;0;0;0
01/08/2018;20:00;0;0;0
01/08/2018;20:15;0;0;0
01/08/2018;20:30;0;0;0
01/08/2018;20:45;0;0;0
01/08/2018;21:00;0;0;0
01/08/2018;21:15;0;0;0
01/08/2018;21:30;0;0;0
01/08/2018;21:45;0;0;0
01/08/2018;22:00;0;0;0
01/08/2018;22:15;0;0;0
01/08/2018;22:30;0;0;0
01/08/2018;22:45;0;0;0
01/08/2018;23:00;0;0;0
01/08/2018;23:15;0;0;0
01/08/2018;23:30;0;0;0
01/08/2018;23:45;0;0;0
02/08/2018;00:00;0;0;0
02/08/2018;00:15;0;0;0
02/08/2018;00:30;0;0;0
02/08/2018;00:45;0;0;0
02/08/2018;01:00;0;0;0
02/08/2018;01:15;0;0;0
02/08/2018;01:30;0;0;0
02/08/2018;01:45;0;0;0
02/08/2018;02:00;0;0;0
02/08/2018;02:15;0;0;0
02/08/2018;02:30;0;0;0
02/08/2018;02:45;0;0;0
02/08/2018;03:00;0;0;0
02/08/2018;03:15;0;0;0
02/08/2018;03:30;0;0;0
02/08/2018;03:45;0;0;0
02/08/2018;04:00;0;0;0
02/08/2018;04:15;0;0;0
02/08/2018;04:30;0;0;0
02/08/2018;04:45;0;0;0
02/08/2018;05:00;0;0;0
02/08/2018;05:15;0;0;0
02/08/2018;05:30;0;0;0
02/08/2018;05:45;0;0;0
02/08/2018;06:00;0;0;0
02/08/2018;06:15;0;0;0
02/08/2018;06:30;0;0;0
02/08/2018;06:45;0;0;0
02/08/2018;07:00;0;0;0
02/08/2018;07:15;0;0;0
02/08/2018;07:30;0;0;0
02/08/2018;07:45;0;0;0
02/08/2018;08:00;0;0;0
02/08/2018;08:15;0;0;0
02/08/2018;08:30;0;0;0
02/08/2018;08:45;0;0;0
02/08/2018;09:00;0;0;0
02/08/2018;09:15;0;0;0
02/08/2018;09:30;0;0;0
02/08/2018;09:45;0;0;0
02/08/2018;10:00;0;0;0
02/08/2018;10:15;0;0;0
02/08/2018;10:30;0;0;0
02/08/2018;10:45;0;0;0
02/08/2018;11:00;0;0;0
02/08/2018;11:15;0;0;0
02/08/2018;11:30;0;0;0
02/08/2018;11:45;0;0;0
02/08/2018;12:00;0;0;0
02/08/2018;12:15;0;0;0
02/08/2018;12:30;0;0;0
02/08/2018;12:45;0;0;0
02/08/2018;13:00;0;0;0
02/08/2018;13:15;0;0;0
02/08/2018;13:30;0;0;0
02/08/2018;13:45;0;0;0
02/08/2018;14:00;0;0;0
02/08/2018;14:15;0;0;0
02/08/2018;14:30;0;0;0
02/08/2018;14:45;0;0;0
02/08/2018;15:00;0;0;0
02/08/2018;15:15;0;0;0
02/08/2018;15:30;0;0;0
02/08/2018;15:45;0;0;0
02/08/2018;16:00;0;0;0
02/08/2018;16:15;0;0;0
02/08/2018;16:30;0;0;0
02/08/2018;16:45;0;0;0
02/08/2018;17:00;0;0;0
02/08/2018;17:15;0;0;0
02/08/2018;17:30;0;0;0
02/08/2018;17:45;0;0;0
02/08/2018;18:00;0;0;0
02/08/2018;18:15;0;0;0
02/08/2018;18:30;0;0;0
02/08/2018;18:45;0;0;0
02/08/2018;19:00;0;0;0
02/08/2018;19:15;0;0;0
02/08/2018;19:30;0;0;0
02/08/2018;19:45;0;0;0
02/08/2018;20:00;0;0;0
02/08/2018;20:15;0;0;0
02/08/2018;20:30;0;0;0
02/08/2018;20:45;0;0;0
02/08/2018;21:00;0;0;0
02/08/2018;21:15;0;0;0
02/08/2018;21:30;0;0;0
02/08/2018;21:45;0;0;0
02/08/2018;22:00;0;0;0
02/08/2018;22:15;0;0;0
02/08/2018;22:30;0;0;0
02/08/2018;22:45;0;0;0
02/08/2018;23:00;0;0;0
02/08/2018;23:15;0;0;0
02/08/2018;23:30;0;0;0
02/08/2018;23:45;0;0;0
03/08/2018;00:00;0;0;0
03/08/2018;00:15;0;0;0
03/08/2018;00:30;0;0;0
03/08/2018;00:45;0;0;0
03/08/2018;01:00;0;0;0
03/08/2018;01:15;0;0;0
03/08/2018;01:30;0;0;0
03/08/2018;01:45;0;0;0
03/08/2018;02:00;0;0;0
03/08/2018;02:15;0;0;0
03/08/2018;02:30;0;0;0
03/08/2018;02:45;0;0;0
03/08/2018;03:00;0;0;0
03/08/2018;03:15;0;0;0
03/08/2018;03:30;0;0;0
03/08/2018;03:45;0;0;0
03/08/2018;04:00;0;0;0
03/08/2018;04:15;0;0;0
03/08/2018;04:30;0;0;0
03/08/2018;04:45;0;0;0
03/08/2018;05:00;0;0;0
03/08/2018;05:15;0;0;0
03/08/2018;05:30;0;0;0
03/08/2018;05:45;0;0;0
03/08/2018;06:00;0;0;0
03/08/2018;06:15;0;0;0
03/08/2018;06:30;0;0;0
03/08/2018;06:45;0;0;0
03/08/2018;07:00;0;0;0
03/08/2018;07:15;0;0;0
03/08/2018;07:30;0;0;0
03/08/2018;07:45;0;0;0
03/08/2018;08:00;0;0;0
03/08/2018;08:15;0;0;0
03/08/2018;08:30;0;0;0
03/08/2018;08:45;0;0;0
03/08/2018;09:00;0;0;0
03/08/2018;09:15;0;0;0
03/08/2018;09:30;0;0;0
03/08/2018;09:45;0;0;0
03/08/2018;10:00;0;0;0
03/08/2018;10:15;0;0;0
03/08/2018;10:30;0;0;0
03/08/2018;10:45;0;0;0
03/08/2018;11:00;0;0;0
03/08/2018;11:15;0;0;0
03/08/2018;11:30;0;0;0
03/08/2018;11:45;0;0;0
03/08/2018;12:00;0;0;0
03/08/2018;12:15;0;0;0
03/08/2018;12:30;0;0;0
03/08/2018;12:45;0;0;0
03/08/2018;13:00;0;0;0
03/08/2018;13:15;0;0;0
03/08/2018;13:30;0;0;0
03/08/2018;13:45;0;0;0
03/08/2018;14:00;0;0;0
03/08/2018;14:15;0;0;0
03/08/2018;14:30;0;0;0
03/08/2018;14:45;0;0;0
03/08/2018;15:00;0;0;0
03/08/2018;15:15;0;0;0
03/08/2018;15:30;0;0;0
03/08/2018;15:45;0;0;0
03/08/2018;16:00;0;0;0
03/08/2018;16:15;0;0;0
03/08/2018;16:30;0;0;0
03/08/2018;16:45;0;0;0
03/08/2018;17:00;0;0;0
03/08/2018;17:15;0;0;0
03/08/2018;17:30;0;0;0
03/08/2018;17:45;0;0;0
03/08/2018;18:00;0;0;0
03/08/2018;18:15;0;0;0
03/08/2018;18:30;0;0;0
03/08/2018;18:45;0;0;0
03/08/2018;19:00;0;0;0
03/08/2018;19:15;0;0;0
03/08/2018;19:30;0;0;0
03/08/2018;19:45;0;0;0
03/08/2018;20:00;0;0;0
03/08/2018;20:15;0;0;0
03/08/2018;20:30;0;0;0
03/08/2018;20:45;0;0;0
03/08/2018;21:00;0;0;0
03/08/2018;21:15;0;0;0
03/08/2018;21:30;0;0;0
03/08/2018;21:45;0;0;0
03/08/2018;22:00;0;0;0
03/08/2018;22:15;0;0;0
03/08/2018;22:30;0;0;0
03/08/2018;22:45;0;0;0
03/08/2018;23:00;0;0;0
03/08/2018;23:15;0;0;0
03/08/2018;23:30;0;0;0
03/08/2018;23:45;0;0;0
04/08/2018;00:00;0;0;0
04/08/2018;00:15;0;0;0
04/08/2018;00:30;0;0;0
04/08/2018;00:45;0;0;0
04/08/2018;01:00;0;0;0
04/08/2018;01:15;0;0;0
04/08/2018;01:30;0;0;0
04/08/2018;01:45;0;0;0
04/08/2018;02:00;0;0;0
04/08/2018;02:15;0;0;0
04/08/2018;02:30;0;0;0
04/08/2018;02:45;0;0;0
04/08/2018;03:00;0;0;0
04/08/2018;03:15;0;0;0
04/08/2018;03:30;0;0;0
04/08/2018;03:45;0;0;0
04/08/2018;04:00;0;0;0
04/08/2018;04:15;0;0;0
04/08/2018;04:30;0;0;0
04/08/2018;04:45;0;0;0
04/08/2018;05:00;0;0;0
04/08/2018;05:15;0;0;0
04/08/2018;05:30;0;0;0
04/08/2018;05:45;0;0;0
04/08/2018;06:00;0;0;0
04/08/2018;06:15;0;0;0
04/08/2018;06:30;0;0;0
04/08/2018;06:45;0;0;0
04/08/2018;07:00;0;0;0
04/08/2018;07:15;0;0;0
04/08/2018;07:30;0;0;0
04/08/2018;07:45;0;0;0
04/08/2018;08:00;0;0;0
04/08/2018;08:15;0;0;0
04/08/2018;08:30;0;0;0
04/08/2018;08:45;0;0;0
04/08/2018;09:00;0;0;0
04/08/2018;09:15;0;0;0
04/08/2018;09:30;0;0;0
04/08/2018;09:45;0;0;0
04/08/2018;10:00;0;0;0
04/08/2018;10:15;0;0;0
04/08/2018;10:30;0;0;0
04/08/2018;10:45;0;0;0
04/08/2018;11:00;0;0;0
04/08/2018;11:15;0;0;0
04/08/2018;11:30;0;0;0
04/08/2018;11:45;0;0;0
04/08/2018;12:00;0;0;0
04/08/2018;12:15;0;0;0
04/08/2018;12:30;0;0;0
04/08/2018;12:45;0;0;0
04/08/2018;13:00;0;0;0
04/08/2018;13:15;0;0;0
04/08/2018;13:30;0;0;0
04/08/2018;13:45;0;0;0
04/08/2018;14:00;0;0;0
04/08/2018;14:15;0;0;0
04/08/2018;14:30;0;0;0
04/08/2018;14:45;0;0;0
04/08/2018;15:00;0;0;0
04/08/2018;15:15;0;0;0
04/08/2018;15:30;0;0;0
04/08/2018;15:45;0;0;0
04/08/2018;16:00;0;0;0
04/08/2018;16:15;0;0;0
04/08/2018;16:30;0;0;0
04/08/2018;16:45;0;0;0
04/08/2018;17:00;0;0;0
04/08/2018;17:15;0;0;0
04/08/2018;17:30;0;0;0
04/08/2018;17:45;0;0;0
04/08/2018;18:00;0;0;0
04/08/2018;18:15;0;0;0
04/08/2018;18:30;0;0;0
04/08/2018;18:45;0;0;0
04/08/2018;19:00;0;0;0
04/08/2018;19:15;0;0;0
04/08/2018;19:30;0;0;0
04/08/2018;19:45;0;0;0
04/08/2018;20:00;0;0;0
04/08/2018;20:15;0;0;0
04/08/2018;20:30;0;0;0
04/08/2018;20:45;0;0;0
04/08/2018;21:00;0;0;0
04/08/2018;21:15;0;0;0
04/08/2018;21:30;0;0;0
04/08/2018;21:45;0;0;0
04/08/2018;22:00;0;0;0
04/08/2018;22:15;0;0;0
04/08/2018;22:30;0;0;0
04/08/2018;22:45;0;0;0
04/08/2018;23:00;0;0;0
04/08/2018;23:15;0;0;0
04/08/2018;23:30;0;0;0
04/08/2018;23:45;0;0;0
05/08/2018;00:00;0;0;0
05/08/2018;00:15;0;0;0
05/08/2018;00:30;0;0;0
05/08/2018;00:45;0;0;0
05/08/2018;01:00;0;0;0
05/08/2018;01:15;0;0;0
05/08/2018;01:30;0;0;0
05/08/2018;01:45;0;0;0
05/08/2018;02:00;0;0;0
05/08/2018;02:15;0;0;0
05/08/2018;02:30;0;0;0
05/08/2018;02:45;0;0;0
05/08/2018;03:00;0;0;0
05/08/2018;03:15;0;0;0
05/08/2018;03:30;0;0;0
05/08/2018;03:45;0;0;0
05/08/2018;04:00;0;0;0
05/08/2018;04:15;0;0;0
05/08/2018;04:30;0;0;0
05/08/2018;04:45;0;0;0
05/08/2018;05:00;0;0;0
05/08/2018;05:15;0;0;0
05/08/2018;05:30;0;0;0
05/08/2018;05:45;0;0;0
05/08/2018;06:00;0;0;0
05/08/2018;06:15;0;0;0
05/08/2018;06:30;0;0;0
05/08/2018;06:45;0;0;0
05/08/2018;07:00;0;0;0
05/08/2018;07:15;0;0;0
05/08/2018;07:30;0;0;0
05/08/2018;07:45;0;0;0
05/08/2018;08:00;0;0;0
05/08/2018;08:15;0;0;0
05/08/2018;08:30;0;0;0
05/08/2018;08:45;0;0;0
05/08/2018;09:00;0;0;0
05/08/2018;09:15;0;0;0
05/08/2018;09:30;0;0;0
05/08/2018;09:45;0;0;0
05/08/2018;10:00;0;0;0
05/08/2018;10:15;0;0;0
05/08/2018;10:30;0;0;0
05/08/2018;10:45;0;0;0
05/08/2018;11:00;0;0;0
05/08/2018;11:15;0;0;0
05/08/2018;11:30;0;0;0
05/08/2018;11:45;0;0;0
05/08/2018;12:00;0;0;0
05/08/2018;12:15;0;0;0
05/08/2018;12:30;0;0;0
05/08/2018;12:45;0;0;0
05/08/2018;13:00;0;0;0
05/08/2018;13:15;0;0;0
05/08/2018;13:30;0;0;0
05/08/2018;13:45;0;0;0
05/08/2018;14:00;0;0;0
05/08/2018;14:15;0;0;0
05/08/2018;14:30;0;0;0
05/08/2018;14:45;0;0;0
05/08/2018;15:00;0;0;0
05/08/2018;15:15;0;0;0
05/08/2018;15:30;0;0;0
05/08/2018;15:45;0;0;0
05/08/2018;16:00;0;0;0
05/08/2018;16:15;0;0;0
05/08/2018;16:30;0;0;0
05/08/2018;16:45;0;0;0
05/08/2018;17:00;0;0;0
05/08/2018;17:15;0;0;0
05/08/2018;17:30;0;0;0
05/08/2018;17:45;0;0;0
05/08/2018;18:00;0;0;0
05/08/2018;18:15;0;0;0
05/08/2018;18:30;0;0;0
05/08/2018;18:45;0;0;0
05/08/2018;19:00;0;0;0
05/08/2018;19:15;0;0;0
05/08/2018;19:30;0;0;0
05/08/2018;19:45;0;0;0
05/08/2018;20:00;0;0;0
05/08/2018;20:15;0;0;0
05/08/2018;20:30;0;0;0
05/08/2018;20:45;0;0;0
05/08/2018;21:00;0;0;0
05/08/2018;21:15;0;0;0
05/08/2018;21:30;0;0;0
05/08/2018;21:45;0;0;0
05/08/2018;22:00;0;0;0
05/08/2018;22:15;0;0;0
05/08/2018;22:30;0;0;0
05/08/2018;22:45;0;0;0
05/08/2018;23:00;0;0;0
05/08/2018;23:15;0;0;0
05/08/2018;23:30;0;0;0
05/08/2018;23:45;0;0;0
06/08/2018;00:00;0;0;0
06/08/2018;00:15;0;0;0
06/08/2018;00:30;0;0;0
06/08/2018;00:45;0;0;0
06/08/2018;01:00;0;0;0
06/08/2018;01:15;0;0;0
06/08/2018;01:30;0;0;0
06/08/2018;01:45;0;0;0
06/08/2018;02:00;0;0;0
06/08/2018;02:15;0;0;0
06/08/2018;02:30;0;0;0
06/08/2018;02:45;0;0;0
06/08/2018;03:00;0;0;0
06/08/2018;03:15;0;0;0
06/08/2018;03:30;0;0;0
06/08/2018;03:45;0;0;0
06/08/2018;04:00;0;0;0
06/08/2018;04:15;0;0;0
06/08/2018;04:30;0;0;0
06/08/2018;04:45;0;0;0
06/08/2018;05:00;0;0;0
06/08/2018;05:15;0;0;0
06/08/2018;05:30;0;0;0
06/08/2018;05:45;0;0;0
06/08/2018;06:00;0;0;0
06/08/2018;06:15;0;0;0
06/08/2018;06:30;0;0;0
06/08/2018;06:45;0;0;0
06/08/2018;07:00;0;0;0
06/08/2018;07:15;0;0;0
06/08/2018;07:30;0;0;0
06/08/2018;07:45;0;0;0
06/08/2018;08:00;0;0;0
06/08/2018;08:15;0;0;0
06/08/2018;08:30;0;0;0
06/08/2018;08:45;0;0;0
06/08/2018;09:00;0;0;0
06/08/2018;09:15;2;2;0
06/08/2018;09:30;0;0;0
06/08/2018;09:45;0;0;0
06/08/2018;10:00;2;2;0
06/08/2018;10:15;0;0;0
06/08/2018;10:30;0;0;0
06/08/2018;10:45;0;0;0
06/08/2018;11:00;0;0;0
06/08/2018;11:15;0;0;0
06/08/2018;11:30;0;0;0
06/08/2018;11:45;0;0;0
06/08/2018;12:00;0;0;0
06/08/2018;12:15;0;0;0
06/08/2018;12:30;0;0;0
06/08/2018;12:45;0;0;0
06/08/2018;13:00;0;0;0
06/08/2018;13:15;0;0;0
06/08/2018;13:30;0;0;0
06/08/2018;13:45;0;0;0
06/08/2018;14:00;0;0;0
06/08/2018;14:15;0;0;0
06/08/2018;14:30;0;0;0
06/08/2018;14:45;0;0;0
06/08/2018;15:00;0;0;0
06/08/2018;15:15;0;0;0
06/08/2018;15:30;0;0;0
06/08/2018;15:45;0;0;0
06/08/2018;16:00;0;0;0
06/08/2018;16:15;0;0;0
06/08/2018;16:30;0;0;0
06/08/2018;16:45;0;0;0
06/08/2018;17:00;0;0;0
06/08/2018;17:15;0;0;0
06/08/2018;17:30;0;0;0
06/08/2018;17:45;0;0;0
06/08/2018;18:00;0;0;0
06/08/2018;18:15;0;0;0
06/08/2018;18:30;0;0;0
06/08/2018;18:45;0;0;0
06/08/2018;19:00;0;0;0
06/08/2018;19:15;0;0;0
06/08/2018;19:30;0;0;0
06/08/2018;19:45;0;0;0
06/08/2018;20:00;0;0;0
06/08/2018;20:15;0;0;0
06/08/2018;20:30;0;0;0
06/08/2018;20:45;0;0;0
06/08/2018;21:00;0;0;0
06/08/2018;21:15;0;0;0
06/08/2018;21:30;0;0;0
06/08/2018;21:45;0;0;0
06/08/2018;22:00;0;0;0
06/08/2018;22:15;0;0;0
06/08/2018;22:30;0;0;0
06/08/2018;22:45;0;0;0
06/08/2018;23:00;0;0;0
06/08/2018;23:15;0;0;0
06/08/2018;23:30;0;0;0
06/08/2018;23:45;0;0;0
07/08/2018;00:00;0;0;0
07/08/2018;00:15;0;0;0
07/08/2018;00:30;0;0;0
07/08/2018;00:45;0;0;0
07/08/2018;01:00;0;0;0
07/08/2018;01:15;0;0;0
07/08/2018;01:30;0;0;0
07/08/2018;01:45;0;0;0
07/08/2018;02:00;0;0;0
07/08/2018;02:15;0;0;0
07/08/2018;02:30;0;0;0
07/08/2018;02:45;0;0;0
07/08/2018;03:00;0;0;0
07/08/2018;03:15;0;0;0
07/08/2018;03:30;0;0;0
07/08/2018;03:45;0;0;0
07/08/2018;04:00;0;0;0
07/08/2018;04:15;0;0;0
07/08/2018;04:30;0;0;0
07/08/2018;04:45;0;0;0
07/08/2018;05:00;0;0;0
07/08/2018;05:15;0;0;0
07/08/2018;05:30;0;0;0
07/08/2018;05:45;0;0;0
07/08/2018;06:00;0;0;0
07/08/2018;06:15;0;0;0
07/08/2018;06:30;0;0;0
07/08/2018;06:45;0;0;0
07/08/2018;07:00;0;0;0
07/08/2018;07:15;0;0;0
07/08/2018;07:30;0;0;0
07/08/2018;07:45;0;0;0
07/08/2018;08:00;0;0;0
07/08/2018;08:15;0;0;0
07/08/2018;08:30;0;0;0
07/08/2018;08:45;0;0;0
07/08/2018;09:00;0;0;0
07/08/2018;09:15;0;0;0
07/08/2018;09:30;0;0;0
07/08/2018;09:45;0;0;0
07/08/2018;10:00;0;0;0
07/08/2018;10:15;0;0;0
07/08/2018;10:30;0;0;0
07/08/2018;10:45;0;0;0
07/08/2018;11:00;0;0;0
07/08/2018;11:15;0;0;0
07/08/2018;11:30;0;0;0
07/08/2018;11:45;0;0;0
07/08/2018;12:00;0;0;0
07/08/2018;12:15;0;0;0
07/08/2018;12:30;0;0;0
07/08/2018;12:45;0;0;0
07/08/2018;13:00;0;0;0
07/08/2018;13:15;0;0;0
07/08/2018;13:30;0;0;0
07/08/2018;13:45;0;0;0
07/08/2018;14:00;0;0;0
07/08/2018;14:15;0;0;0
07/08/2018;14:30;0;0;0
07/08/2018;14:45;0;0;0
07/08/2018;15:00;0;0;0
07/08/2018;15:15;0;0;0
07/08/2018;15:30;0;0;0
07/08/2018;15:45;0;0;0
07/08/2018;16:00;0;0;0
07/08/2018;16:15;0;0;0
07/08/2018;16:30;0;0;0
07/08/2018;16:45;0;0;0
07/08/2018;17:00;0;0;0
07/08/2018;17:15;0;0;0
07/08/2018;17:30;0;0;0
07/08/2018;17:45;0;0;0
07/08/2018;18:00;0;0;0
07/08/2018;18:15;0;0;0
07/08/2018;18:30;0;0;0
07/08/2018;18:45;0;0;0
07/08/2018;19:00;0;0;0
07/08/2018;19:15;0;0;0
07/08/2018;19:30;0;0;0
07/08/2018;19:45;0;0;0
07/08/2018;20:00;0;0;0
07/08/2018;20:15;0;0;0
07/08/2018;20:30;0;0;0
07/08/2018;20:45;0;0;0
07/08/2018;21:00;0;0;0
07/08/2018;21:15;0;0;0
07/08/2018;21:30;0;0;0
07/08/2018;21:45;0;0;0
07/08/2018;22:00;0;0;0
07/08/2018;22:15;0;0;0
07/08/2018;22:30;0;0;0
07/08/2018;22:45;0;0;0
07/08/2018;23:00;0;0;0
07/08/2018;23:15;0;0;0
07/08/2018;23:30;0;0;0
07/08/2018;23:45;0;0;0
08/08/2018;00:00;0;0;0
08/08/2018;00:15;0;0;0
08/08/2018;00:30;0;0;0
08/08/2018;00:45;0;0;0
08/08/2018;01:00;0;0;0
08/08/2018;01:15;0;0;0
08/08/2018;01:30;0;0;0
08/08/2018;01:45;0;0;0
08/08/2018;02:00;0;0;0
08/08/2018;02:15;0;0;0
08/08/2018;02:30;0;0;0
08/08/2018;02:45;0;0;0
08/08/2018;03:00;0;0;0
08/08/2018;03:15;0;0;0
08/08/2018;03:30;0;0;0
08/08/2018;03:45;0;0;0
08/08/2018;04:00;0;0;0
08/08/2018;04:15;0;0;0
08/08/2018;04:30;0;0;0
08/08/2018;04:45;0;0;0
08/08/2018;05:00;0;0;0
08/08/2018;05:15;0;0;0
08/08/2018;05:30;0;0;0
08/08/2018;05:45;0;0;0
08/08/2018;06:00;0;0;0
08/08/2018;06:15;0;0;0
08/08/2018;06:30;0;0;0
08/08/2018;06:45;0;0;0
08/08/2018;07:00;0;0;0
08/08/2018;07:15;0;0;0
08/08/2018;07:30;0;0;0
08/08/2018;07:45;0;0;0
08/08/2018;08:00;0;0;0
08/08/2018;08:15;0;0;0
08/08/2018;08:30;0;0;0
08/08/2018;08:45;0;0;0
08/08/2018;09:00;0;0;0
08/08/2018;09:15;0;0;0
08/08/2018;09:30;0;0;0
08/08/2018;09:45;3;0;3
08/08/2018;10:00;0;0;0
08/08/2018;10:15;0;0;0
08/08/2018;10:30;0;0;0
08/08/2018;10:45;0;0;0
08/08/2018;11:00;0;0;0
08/08/2018;11:15;0;0;0
08/08/2018;11:30;0;0;0
08/08/2018;11:45;0;0;0
08/08/2018;12:00;0;0;0
08/08/2018;12:15;0;0;0
08/08/2018;12:30;0;0;0
08/08/2018;12:45;0;0;0
08/08/2018;13:00;0;0;0
08/08/2018;13:15;0;0;0
08/08/2018;13:30;0;0;0
08/08/2018;13:45;0;0;0
08/08/2018;14:00;0;0;0
08/08/2018;14:15;0;0;0
08/08/2018;14:30;0;0;0
08/08/2018;14:45;0;0;0
08/08/2018;15:00;0;0;0
08/08/2018;15:15;0;0;0
08/08/2018;15:30;0;0;0
08/08/2018;15:45;0;0;0
08/08/2018;16:00;0;0;0
08/08/2018;16:15;0;0;0
08/08/2018;16:30;0;0;0
08/08/2018;16:45;0;0;0
08/08/2018;17:00;0;0;0
08/08/2018;17:15;0;0;0
08/08/2018;17:30;0;0;0
08/08/2018;17:45;0;0;0
08/08/2018;18:00;0;0;0
08/08/2018;18:15;0;0;0
08/08/2018;18:30;0;0;0
08/08/2018;18:45;0;0;0
08/08/2018;19:00;0;0;0
08/08/2018;19:15;0;0;0
08/08/2018;19:30;0;0;0
08/08/2018;19:45;0;0;0
08/08/2018;20:00;0;0;0
08/08/2018;20:15;0;0;0
08/08/2018;20:30;0;0;0
08/08/2018;20:45;0;0;0
08/08/2018;21:00;0;0;0
08/08/2018;21:15;0;0;0
08/08/2018;21:30;0;0;0
08/08/2018;21:45;0;0;0
08/08/2018;22:00;0;0;0
08/08/2018;22:15;0;0;0
08/08/2018;22:30;0;0;0
08/08/2018;22:45;0;0;0
08/08/2018;23:00;0;0;0
08/08/2018;23:15;0;0;0
08/08/2018;23:30;0;0;0
08/08/2018;23:45;0;0;0
09/08/2018;00:00;0;0;0
09/08/2018;00:15;0;0;0
09/08/2018;00:30;0;0;0
09/08/2018;00:45;0;0;0
09/08/2018;01:00;0;0;0
09/08/2018;01:15;0;0;0
09/08/2018;01:30;0;0;0
09/08/2018;01:45;0;0;0
09/08/2018;02:00;0;0;0
09/08/2018;02:15;0;0;0
09/08/2018;02:30;0;0;0
09/08/2018;02:45;0;0;0
09/08/2018;03:00;0;0;0
09/08/2018;03:15;0;0;0
09/08/2018;03:30;0;0;0
09/08/2018;03:45;0;0;0
09/08/2018;04:00;0;0;0
09/08/2018;04:15;0;0;0
09/08/2018;04:30;0;0;0
09/08/2018;04:45;0;0;0
09/08/2018;05:00;0;0;0
09/08/2018;05:15;0;0;0
09/08/2018;05:30;0;0;0
09/08/2018;05:45;0;0;0
09/08/2018;06:00;0;0;0
09/08/2018;06:15;0;0;0
09/08/2018;06:30;0;0;0
09/08/2018;06:45;0;0;0
09/08/2018;07:00;0;0;0
09/08/2018;07:15;0;0;0
09/08/2018;07:30;0;0;0
09/08/2018;07:45;0;0;0
09/08/2018;08:00;0;0;0
09/08/2018;08:15;0;0;0
09/08/2018;08:30;0;0;0
09/08/2018;08:45;0;0;0
09/08/2018;09:00;0;0;0
09/08/2018;09:15;0;0;0
09/08/2018;09:30;0;0;0
09/08/2018;09:45;0;0;0
09/08/2018;10:00;0;0;0
09/08/2018;10:15;0;0;0
09/08/2018;10:30;0;0;0
09/08/2018;10:45;0;0;0
09/08/2018;11:00;0;0;0
09/08/2018;11:15;0;0;0
09/08/2018;11:30;0;0;0
09/08/2018;11:45;0;0;0
09/08/2018;12:00;0;0;0
09/08/2018;12:15;0;0;0
09/08/2018;12:30;0;0;0
09/08/2018;12:45;0;0;0
09/08/2018;13:00;0;0;0
09/08/2018;13:15;0;0;0
09/08/2018;13:30;0;0;0
09/08/2018;13:45;0;0;0
09/08/2018;14:00;0;0;0
09/08/2018;14:15;0;0;0
09/08/2018;14:30;0;0;0
09/08/2018;14:45;0;0;0
09/08/2018;15:00;0;0;0
09/08/2018;15:15;0;0;0
09/08/2018;15:30;0;0;0
09/08/2018;15:45;0;0;0
09/08/2018;16:00;0;0;0
09/08/2018;16:15;0;0;0
09/08/2018;16:30;0;0;0
09/08/2018;16:45;0;0;0
09/08/2018;17:00;0;0;0
09/08/2018;17:15;0;0;0
09/08/2018;17:30;0;0;0
09/08/2018;17:45;0;0;0
09/08/2018;18:00;0;0;0
09/08/2018;18:15;0;0;0
09/08/2018;18:30;0;0;0
09/08/2018;18:45;0;0;0
09/08/2018;19:00;0;0;0
09/08/2018;19:15;0;0;0
09/08/2018;19:30;0;0;0
09/08/2018;19:45;0;0;0
09/08/2018;20:00;0;0;0
09/08/2018;20:15;0;0;0
09/08/2018;20:30;0;0;0
09/08/2018;20:45;0;0;0
09/08/2018;21:00;0;0;0
09/08/2018;21:15;0;0;0
09/08/2018;21:30;0;0;0
09/08/2018;21:45;0;0;0
09/08/2018;22:00;0;0;0
09/08/2018;22:15;0;0;0
09/08/2018;22:30;0;0;0
09/08/2018;22:45;0;0;0
09/08/2018;23:00;0;0;0
09/08/2018;23:15;0;0;0
09/08/2018;23:30;0;0;0
09/08/2018;23:45;0;0;0
10/08/2018;00:00;0;0;0
10/08/2018;00:15;0;0;0
10/08/2018;00:30;0;0;0
10/08/2018;00:45;0;0;0
10/08/2018;01:00;0;0;0
10/08/2018;01:15;0;0;0
10/08/2018;01:30;0;0;0
10/08/2018;01:45;0;0;0
10/08/2018;02:00;0;0;0
10/08/2018;02:15;0;0;0
10/08/2018;02:30;0;0;0
10/08/2018;02:45;0;0;0
10/08/2018;03:00;0;0;0
10/08/2018;03:15;0;0;0
10/08/2018;03:30;0;0;0
10/08/2018;03:45;0;0;0
10/08/2018;04:00;0;0;0
10/08/2018;04:15;0;0;0
10/08/2018;04:30;0;0;0
10/08/2018;04:45;0;0;0
10/08/2018;05:00;0;0;0
10/08/2018;05:15;0;0;0
10/08/2018;05:30;0;0;0
10/08/2018;05:45;0;0;0
10/08/2018;06:00;0;0;0
10/08/2018;06:15;0;0;0
10/08/2018;06:30;0;0;0
10/08/2018;06:45;0;0;0
10/08/2018;07:00;0;0;0
10/08/2018;07:15;0;0;0
10/08/2018;07:30;0;0;0
10/08/2018;07:45;0;0;0
10/08/2018;08:00;0;0;0
10/08/2018;08:15;0;0;0
10/08/2018;08:30;0;0;0
10/08/2018;08:45;0;0;0
10/08/2018;09:00;0;0;0
10/08/2018;09:15;0;0;0
10/08/2018;09:30;0;0;0
10/08/2018;09:45;0;0;0
10/08/2018;10:00;0;0;0
10/08/2018;10:15;0;0;0
10/08/2018;10:30;0;0;0
10/08/2018;10:45;0;0;0
10/08/2018;11:00;0;0;0
10/08/2018;11:15;0;0;0
10/08/2018;11:30;0;0;0
10/08/2018;11:45;0;0;0
10/08/2018;12:00;0;0;0
10/08/2018;12:15;0;0;0
10/08/2018;12:30;0;0;0
10/08/2018;12:45;0;0;0
10/08/2018;13:00;0;0;0
10/08/2018;13:15;0;0;0
10/08/2018;13:30;0;0;0
10/08/2018;13:45;0;0;0
10/08/2018;14:00;0;0;0
10/08/2018;14:15;0;0;0
10/08/2018;14:30;0;0;0
10/08/2018;14:45;0;0;0
10/08/2018;15:00;0;0;0
10/08/2018;15:15;0;0;0
10/08/2018;15:30;0;0;0
10/08/2018;15:45;0;0;0
10/08/2018;16:00;0;0;0
10/08/2018;16:15;0;0;0
10/08/2018;16:30;0;0;0
10/08/2018;16:45;0;0;0
10/08/2018;17:00;0;0;0
10/08/2018;17:15;0;0;0
10/08/2018;17:30;0;0;0
10/08/2018;17:45;0;0;0
10/08/2018;18:00;0;0;0
10/08/2018;18:15;0;0;0
10/08/2018;18:30;0;0;0
10/08/2018;18:45;0;0;0
10/08/2018;19:00;0;0;0
10/08/2018;19:15;0;0;0
10/08/2018;19:30;0;0;0
10/08/2018;19:45;0;0;0
10/08/2018;20:00;0;0;0
10/08/2018;20:15;0;0;0
10/08/2018;20:30;0;0;0
10/08/2018;20:45;0;0;0
10/08/2018;21:00;0;0;0
10/08/2018;21:15;0;0;0
10/08/2018;21:30;0;0;0
10/08/2018;21:45;0;0;0
10/08/2018;22:00;0;0;0
10/08/2018;22:15;0;0;0
10/08/2018;22:30;0;0;0
10/08/2018;22:45;0;0;0
10/08/2018;23:00;0;0;0
10/08/2018;23:15;0;0;0
10/08/2018;23:30;0;0;0
10/08/2018;23:45;0;0;0
11/08/2018;00:00;0;0;0
11/08/2018;00:15;0;0;0
11/08/2018;00:30;0;0;0
11/08/2018;00:45;0;0;0
11/08/2018;01:00;0;0;0
11/08/2018;01:15;0;0;0
11/08/2018;01:30;0;0;0
11/08/2018;01:45;0;0;0
11/08/2018;02:00;0;0;0
11/08/2018;02:15;0;0;0
11/08/2018;02:30;0;0;0
11/08/2018;02:45;0;0;0
11/08/2018;03:00;0;0;0
11/08/2018;03:15;0;0;0
11/08/2018;03:30;0;0;0
11/08/2018;03:45;0;0;0
11/08/2018;04:00;0;0;0
11/08/2018;04:15;0;0;0
11/08/2018;04:30;0;0;0
11/08/2018;04:45;0;0;0
11/08/2018;05:00;0;0;0
11/08/2018;05:15;0;0;0
11/08/2018;05:30;0;0;0
11/08/2018;05:45;0;0;0
11/08/2018;06:00;0;0;0
11/08/2018;06:15;0;0;0
11/08/2018;06:30;0;0;0
11/08/2018;06:45;0;0;0
11/08/2018;07:00;0;0;0
11/08/2018;07:15;0;0;0
11/08/2018;07:30;0;0;0
11/08/2018;07:45;0;0;0
11/08/2018;08:00;0;0;0
11/08/2018;08:15;0;0;0
11/08/2018;08:30;0;0;0
11/08/2018;08:45;0;0;0
11/08/2018;09:00;0;0;0
11/08/2018;09:15;0;0;0
11/08/2018;09:30;0;0;0
11/08/2018;09:45;0;0;0
11/08/2018;10:00;0;0;0
11/08/2018;10:15;0;0;0
11/08/2018;10:30;0;0;0
11/08/2018;10:45;0;0;0
11/08/2018;11:00;0;0;0
11/08/2018;11:15;0;0;0
11/08/2018;11:30;0;0;0
11/08/2018;11:45;0;0;0
11/08/2018;12:00;0;0;0
11/08/2018;12:15;0;0;0
11/08/2018;12:30;0;0;0
11/08/2018;12:45;0;0;0
11/08/2018;13:00;0;0;0
11/08/2018;13:15;0;0;0
11/08/2018;13:30;0;0;0
11/08/2018;13:45;0;0;0
11/08/2018;14:00;0;0;0
11/08/2018;14:15;0;0;0
11/08/2018;14:30;0;0;0
11/08/2018;14:45;0;0;0
11/08/2018;15:00;0;0;0
11/08/2018;15:15;0;0;0
11/08/2018;15:30;0;0;0
11/08/2018;15:45;0;0;0
11/08/2018;16:00;0;0;0
11/08/2018;16:15;0;0;0
11/08/2018;16:30;0;0;0
11/08/2018;16:45;0;0;0
11/08/2018;17:00;0;0;0
11/08/2018;17:15;0;0;0
11/08/2018;17:30;0;0;0
11/08/2018;17:45;0;0;0
11/08/2018;18:00;0;0;0
11/08/2018;18:15;0;0;0
11/08/2018;18:30;0;0;0
11/08/2018;18:45;0;0;0
11/08/2018;19:00;0;0;0
11/08/2018;19:15;0;0;0
11/08/2018;19:30;0;0;0
11/08/2018;19:45;0;0;0
11/08/2018;20:00;0;0;0
11/08/2018;20:15;0;0;0
11/08/2018;20:30;0;0;0
11/08/2018;20:45;0;0;0
11/08/2018;21:00;0;0;0
11/08/2018;21:15;0;0;0
11/08/2018;21:30;0;0;0
11/08/2018;21:45;0;0;0
11/08/2018;22:00;0;0;0
11/08/2018;22:15;0;0;0
11/08/2018;22:30;0;0;0
11/08/2018;22:45;0;0;0
11/08/2018;23:00;0;0;0
11/08/2018;23:15;0;0;0
11/08/2018;23:30;0;0;0
11/08/2018;23:45;0;0;0
12/08/2018;00:00;0;0;0
12/08/2018;00:15;0;0;0
12/08/2018;00:30;0;0;0
12/08/2018;00:45;0;0;0
12/08/2018;01:00;0;0;0
12/08/2018;01:15;0;0;0
12/08/2018;01:30;0;0;0
12/08/2018;01:45;0;0;0
12/08/2018;02:00;0;0;0
12/08/2018;02:15;0;0;0
12/08/2018;02:30;0;0;0
12/08/2018;02:45;0;0;0
12/08/2018;03:00;0;0;0
12/08/2018;03:15;0;0;0
12/08/2018;03:30;0;0;0
12/08/2018;03:45;0;0;0
12/08/2018;04:00;0;0;0
12/08/2018;04:15;0;0;0
12/08/2018;04:30;0;0;0
12/08/2018;04:45;0;0;0
12/08/2018;05:00;0;0;0
12/08/2018;05:15;0;0;0
12/08/2018;05:30;0;0;0
12/08/2018;05:45;0;0;0
12/08/2018;06:00;0;0;0
12/08/2018;06:15;0;0;0
12/08/2018;06:30;0;0;0
12/08/2018;06:45;0;0;0
12/08/2018;07:00;0;0;0
12/08/2018;07:15;0;0;0
12/08/2018;07:30;0;0;0
12/08/2018;07:45;0;0;0
12/08/2018;08:00;0;0;0
12/08/2018;08:15;0;0;0
12/08/2018;08:30;0;0;0
12/08/2018;08:45;0;0;0
12/08/2018;09:00;0;0;0
12/08/2018;09:15;0;0;0
12/08/2018;09:30;0;0;0
12/08/2018;09:45;0;0;0
12/08/2018;10:00;0;0;0
12/08/2018;10:15;0;0;0
12/08/2018;10:30;0;0;0
12/08/2018;10:45;0;0;0
12/08/2018;11:00;0;0;0
12/08/2018;11:15;0;0;0
12/08/2018;11:30;0;0;0
12/08/2018;11:45;0;0;0
12/08/2018;12:00;0;0;0
12/08/2018;12:15;0;0;0
12/08/2018;12:30;0;0;0
12/08/2018;12:45;0;0;0
12/08/2018;13:00;0;0;0
12/08/2018;13:15;0;0;0
12/08/2018;13:30;0;0;0
12/08/2018;13:45;0;0;0
12/08/2018;14:00;0;0;0
12/08/2018;14:15;0;0;0
12/08/2018;14:30;0;0;0
12/08/2018;14:45;0;0;0
12/08/2018;15:00;0;0;0
12/08/2018;15:15;0;0;0
12/08/2018;15:30;0;0;0
12/08/2018;15:45;0;0;0
12/08/2018;16:00;0;0;0
12/08/2018;16:15;0;0;0
12/08/2018;16:30;0;0;0
12/08/2018;16:45;0;0;0
12/08/2018;17:00;0;0;0
12/08/2018;17:15;0;0;0
12/08/2018;17:30;0;0;0
12/08/2018;17:45;0;0;0
12/08/2018;18:00;0;0;0
12/08/2018;18:15;0;0;0
12/08/2018;18:30;0;0;0
12/08/2018;18:45;0;0;0
12/08/2018;19:00;0;0;0
12/08/2018;19:15;0;0;0
12/08/2018;19:30;0;0;0
12/08/2018;19:45;0;0;0
12/08/2018;20:00;0;0;0
12/08/2018;20:15;0;0;0
12/08/2018;20:30;0;0;0
12/08/2018;20:45;0;0;0
12/08/2018;21:00;0;0;0
12/08/2018;21:15;0;0;0
12/08/2018;21:30;0;0;0
12/08/2018;21:45;0;0;0
12/08/2018;22:00;0;0;0
12/08/2018;22:15;0;0;0
12/08/2018;22:30;0;0;0
12/08/2018;22:45;0;0;0
12/08/2018;23:00;0;0;0
12/08/2018;23:15;0;0;0
12/08/2018;23:30;0;0;0
12/08/2018;23:45;0;0;0
13/08/2018;00:00;0;0;0
13/08/2018;00:15;0;0;0
13/08/2018;00:30;0;0;0
13/08/2018;00:45;0;0;0
13/08/2018;01:00;0;0;0
13/08/2018;01:15;0;0;0
13/08/2018;01:30;0;0;0
13/08/2018;01:45;0;0;0
13/08/2018;02:00;0;0;0
13/08/2018;02:15;0;0;0
13/08/2018;02:30;0;0;0
13/08/2018;02:45;0;0;0
13/08/2018;03:00;0;0;0
13/08/2018;03:15;0;0;0
13/08/2018;03:30;0;0;0
13/08/2018;03:45;0;0;0
13/08/2018;04:00;0;0;0
13/08/2018;04:15;0;0;0
13/08/2018;04:30;0;0;0
13/08/2018;04:45;0;0;0
13/08/2018;05:00;0;0;0
13/08/2018;05:15;0;0;0
13/08/2018;05:30;0;0;0
13/08/2018;05:45;0;0;0
13/08/2018;06:00;0;0;0
13/08/2018;06:15;0;0;0
13/08/2018;06:30;0;0;0
13/08/2018;06:45;0;0;0
13/08/2018;07:00;0;0;0
13/08/2018;07:15;0;0;0
13/08/2018;07:30;0;0;0
13/08/2018;07:45;0;0;0
13/08/2018;08:00;0;0;0
13/08/2018;08:15;0;0;0
13/08/2018;08:30;0;0;0
13/08/2018;08:45;0;0;0
13/08/2018;09:00;0;0;0
13/08/2018;09:15;0;0;0
13/08/2018;09:30;0;0;0
13/08/2018;09:45;0;0;0
13/08/2018;10:00;0;0;0
13/08/2018;10:15;0;0;0
13/08/2018;10:30;0;0;0
13/08/2018;10:45;0;0;0
13/08/2018;11:00;0;0;0
13/08/2018;11:15;0;0;0
13/08/2018;11:30;0;0;0
13/08/2018;11:45;0;0;0
13/08/2018;12:00;0;0;0
13/08/2018;12:15;0;0;0
13/08/2018;12:30;0;0;0
13/08/2018;12:45;0;0;0
13/08/2018;13:00;0;0;0
13/08/2018;13:15;0;0;0
13/08/2018;13:30;0;0;0
13/08/2018;13:45;0;0;0
13/08/2018;14:00;0;0;0
13/08/2018;14:15;0;0;0
13/08/2018;14:30;0;0;0
13/08/2018;14:45;0;0;0
13/08/2018;15:00;0;0;0
13/08/2018;15:15;0;0;0
13/08/2018;15:30;0;0;0
13/08/2018;15:45;0;0;0
13/08/2018;16:00;0;0;0
13/08/2018;16:15;0;0;0
13/08/2018;16:30;0;0;0
13/08/2018;16:45;0;0;0
13/08/2018;17:00;0;0;0
13/08/2018;17:15;0;0;0
13/08/2018;17:30;0;0;0
13/08/2018;17:45;0;0;0
13/08/2018;18:00;0;0;0
13/08/2018;18:15;0;0;0
13/08/2018;18:30;0;0;0
13/08/2018;18:45;0;0;0
13/08/2018;19:00;0;0;0
13/08/2018;19:15;0;0;0
13/08/2018;19:30;0;0;0
13/08/2018;19:45;0;0;0
13/08/2018;20:00;0;0;0
13/08/2018;20:15;0;0;0
13/08/2018;20:30;0;0;0
13/08/2018;20:45;0;0;0
13/08/2018;21:00;0;0;0
13/08/2018;21:15;0;0;0
13/08/2018;21:30;0;0;0
13/08/2018;21:45;0;0;0
13/08/2018;22:00;0;0;0
13/08/2018;22:15;0;0;0
13/08/2018;22:30;0;0;0
13/08/2018;22:45;0;0;0
13/08/2018;23:00;0;0;0
13/08/2018;23:15;0;0;0
13/08/2018;23:30;0;0;0
13/08/2018;23:45;0;0;0
14/08/2018;00:00;0;0;0
14/08/2018;00:15;0;0;0
14/08/2018;00:30;0;0;0
14/08/2018;00:45;0;0;0
14/08/2018;01:00;0;0;0
14/08/2018;01:15;0;0;0
14/08/2018;01:30;0;0;0
14/08/2018;01:45;0;0;0
14/08/2018;02:00;0;0;0
14/08/2018;02:15;0;0;0
14/08/2018;02:30;0;0;0
14/08/2018;02:45;0;0;0
14/08/2018;03:00;0;0;0
14/08/2018;03:15;0;0;0
14/08/2018;03:30;0;0;0
14/08/2018;03:45;0;0;0
14/08/2018;04:00;0;0;0
14/08/2018;04:15;0;0;0
14/08/2018;04:30;0;0;0
14/08/2018;04:45;0;0;0
14/08/2018;05:00;0;0;0
14/08/2018;05:15;0;0;0
14/08/2018;05:30;0;0;0
14/08/2018;05:45;0;0;0
14/08/2018;06:00;0;0;0
14/08/2018;06:15;0;0;0
14/08/2018;06:30;0;0;0
14/08/2018;06:45;0;0;0
14/08/2018;07:00;0;0;0
14/08/2018;07:15;0;0;0
14/08/2018;07:30;0;0;0
14/08/2018;07:45;0;0;0
14/08/2018;08:00;0;0;0
14/08/2018;08:15;0;0;0
14/08/2018;08:30;0;0;0
14/08/2018;08:45;0;0;0
14/08/2018;09:00;0;0;0
14/08/2018;09:15;0;0;0
14/08/2018;09:30;0;0;0
14/08/2018;09:45;0;0;0
14/08/2018;10:00;0;0;0
14/08/2018;10:15;0;0;0
14/08/2018;10:30;0;0;0
14/08/2018;10:45;0;0;0
14/08/2018;11:00;0;0;0
14/08/2018;11:15;0;0;0
14/08/2018;11:30;0;0;0
14/08/2018;11:45;0;0;0
14/08/2018;12:00;0;0;0
14/08/2018;12:15;0;0;0
14/08/2018;12:30;0;0;0
14/08/2018;12:45;0;0;0
14/08/2018;13:00;0;0;0
14/08/2018;13:15;0;0;0
14/08/2018;13:30;0;0;0
14/08/2018;13:45;0;0;0
14/08/2018;14:00;0;0;0
14/08/2018;14:15;0;0;0
14/08/2018;14:30;0;0;0
14/08/2018;14:45;0;0;0
14/08/2018;15:00;0;0;0
14/08/2018;15:15;0;0;0
14/08/2018;15:30;0;0;0
14/08/2018;15:45;0;0;0
14/08/2018;16:00;0;0;0
14/08/2018;16:15;0;0;0
14/08/2018;16:30;0;0;0
14/08/2018;16:45;0;0;0
14/08/2018;17:00;0;0;0
14/08/2018;17:15;0;0;0
14/08/2018;17:30;0;0;0
14/08/2018;17:45;0;0;0
14/08/2018;18:00;0;0;0
14/08/2018;18:15;0;0;0
14/08/2018;18:30;0;0;0
14/08/2018;18:45;0;0;0
14/08/2018;19:00;0;0;0
14/08/2018;19:15;0;0;0
14/08/2018;19:30;0;0;0
14/08/2018;19:45;0;0;0
14/08/2018;20:00;0;0;0
14/08/2018;20:15;0;0;0
14/08/2018;20:30;0;0;0
14/08/2018;20:45;0;0;0
14/08/2018;21:00;0;0;0
14/08/2018;21:15;0;0;0
14/08/2018;21:30;0;0;0
14/08/2018;21:45;0;0;0
14/08/2018;22:00;0;0;0
14/08/2018;22:15;0;0;0
14/08/2018;22:30;0;0;0
14/08/2018;22:45;0;0;0
14/08/2018;23:00;0;0;0
14/08/2018;23:15;0;0;0
14/08/2018;23:30;0;0;0
14/08/2018;23:45;0;0;0
15/08/2018;00:00;0;0;0
15/08/2018;00:15;0;0;0
15/08/2018;00:30;0;0;0
15/08/2018;00:45;0;0;0
15/08/2018;01:00;0;0;0
15/08/2018;01:15;0;0;0
15/08/2018;01:30;0;0;0
15/08/2018;01:45;0;0;0
15/08/2018;02:00;0;0;0
15/08/2018;02:15;0;0;0
15/08/2018;02:30;0;0;0
15/08/2018;02:45;0;0;0
15/08/2018;03:00;0;0;0
15/08/2018;03:15;0;0;0
15/08/2018;03:30;0;0;0
15/08/2018;03:45;0;0;0
15/08/2018;04:00;0;0;0
15/08/2018;04:15;0;0;0
15/08/2018;04:30;0;0;0
15/08/2018;04:45;0;0;0
15/08/2018;05:00;0;0;0
15/08/2018;05:15;0;0;0
15/08/2018;05:30;0;0;0
15/08/2018;05:45;0;0;0
15/08/2018;06:00;0;0;0
15/08/2018;06:15;0;0;0
15/08/2018;06:30;0;0;0
15/08/2018;06:45;0;0;0
15/08/2018;07:00;0;0;0
15/08/2018;07:15;0;0;0
15/08/2018;07:30;0;0;0
15/08/2018;07:45;0;0;0
15/08/2018;08:00;0;0;0
15/08/2018;08:15;0;0;0
15/08/2018;08:30;0;0;0
15/08/2018;08:45;0;0;0
15/08/2018;09:00;0;0;0
15/08/2018;09:15;0;0;0
15/08/2018;09:30;0;0;0
15/08/2018;09:45;0;0;0
15/08/2018;10:00;0;0;0
15/08/2018;10:15;0;0;0
15/08/2018;10:30;0;0;0
15/08/2018;10:45;0;0;0
15/08/2018;11:00;0;0;0
15/08/2018;11:15;0;0;0
15/08/2018;11:30;0;0;0
15/08/2018;11:45;0;0;0
15/08/2018;12:00;0;0;0
15/08/2018;12:15;0;0;0
15/08/2018;12:30;0;0;0
15/08/2018;12:45;0;0;0
15/08/2018;13:00;0;0;0
15/08/2018;13:15;0;0;0
15/08/2018;13:30;0;0;0
15/08/2018;13:45;0;0;0
15/08/2018;14:00;0;0;0
15/08/2018;14:15;0;0;0
15/08/2018;14:30;0;0;0
15/08/2018;14:45;0;0;0
15/08/2018;15:00;0;0;0
15/08/2018;15:15;0;0;0
15/08/2018;15:30;0;0;0
15/08/2018;15:45;0;0;0
15/08/2018;16:00;0;0;0
15/08/2018;16:15;0;0;0
15/08/2018;16:30;0;0;0
15/08/2018;16:45;0;0;0
15/08/2018;17:00;0;0;0
15/08/2018;17:15;0;0;0
15/08/2018;17:30;0;0;0
15/08/2018;17:45;0;0;0
15/08/2018;18:00;0;0;0
15/08/2018;18:15;0;0;0
15/08/2018;18:30;0;0;0
15/08/2018;18:45;0;0;0
15/08/2018;19:00;0;0;0
15/08/2018;19:15;0;0;0
15/08/2018;19:30;0;0;0
15/08/2018;19:45;0;0;0
15/08/2018;20:00;0;0;0
15/08/2018;20:15;0;0;0
15/08/2018;20:30;0;0;0
15/08/2018;20:45;0;0;0
15/08/2018;21:00;0;0;0
15/08/2018;21:15;0;0;0
15/08/2018;21:30;0;0;0
15/08/2018;21:45;0;0;0
15/08/2018;22:00;0;0;0
15/08/2018;22:15;0;0;0
15/08/2018;22:30;0;0;0
15/08/2018;22:45;0;0;0
15/08/2018;23:00;0;0;0
15/08/2018;23:15;0;0;0
15/08/2018;23:30;0;0;0
15/08/2018;23:45;0;0;0
16/08/2018;00:00;0;0;0
16/08/2018;00:15;0;0;0
16/08/2018;00:30;0;0;0
16/08/2018;00:45;0;0;0
16/08/2018;01:00;0;0;0
16/08/2018;01:15;0;0;0
16/08/2018;01:30;0;0;0
16/08/2018;01:45;0;0;0
16/08/2018;02:00;0;0;0
16/08/2018;02:15;0;0;0
16/08/2018;02:30;0;0;0
16/08/2018;02:45;0;0;0
16/08/2018;03:00;0;0;0
16/08/2018;03:15;0;0;0
16/08/2018;03:30;0;0;0
16/08/2018;03:45;0;0;0
16/08/2018;04:00;0;0;0
16/08/2018;04:15;0;0;0
16/08/2018;04:30;0;0;0
16/08/2018;04:45;0;0;0
16/08/2018;05:00;0;0;0
16/08/2018;05:15;0;0;0
16/08/2018;05:30;0;0;0
16/08/2018;05:45;0;0;0
16/08/2018;06:00;0;0;0
16/08/2018;06:15;0;0;0
16/08/2018;06:30;0;0;0
16/08/2018;06:45;0;0;0
16/08/2018;07:00;0;0;0
16/08/2018;07:15;0;0;0
16/08/2018;07:30;0;0;0
16/08/2018;07:45;0;0;0
16/08/2018;08:00;0;0;0
16/08/2018;08:15;0;0;0
16/08/2018;08:30;0;0;0
16/08/2018;08:45;0;0;0
16/08/2018;09:00;0;0;0
16/08/2018;09:15;0;0;0
16/08/2018;09:30;0;0;0
16/08/2018;09:45;0;0;0
16/08/2018;10:00;0;0;0
16/08/2018;10:15;0;0;0
16/08/2018;10:30;0;0;0
16/08/2018;10:45;0;0;0
16/08/2018;11:00;0;0;0
16/08/2018;11:15;0;0;0
16/08/2018;11:30;0;0;0
16/08/2018;11:45;0;0;0
16/08/2018;12:00;0;0;0
16/08/2018;12:15;0;0;0
16/08/2018;12:30;0;0;0
16/08/2018;12:45;0;0;0
16/08/2018;13:00;0;0;0
16/08/2018;13:15;0;0;0
16/08/2018;13:30;0;0;0
16/08/2018;13:45;0;0;0
16/08/2018;14:00;0;0;0
16/08/2018;14:15;0;0;0
16/08/2018;14:30;0;0;0
16/08/2018;14:45;0;0;0
16/08/2018;15:00;0;0;0
16/08/2018;15:15;0;0;0
16/08/2018;15:30;0;0;0
16/08/2018;15:45;0;0;0
16/08/2018;16:00;0;0;0
16/08/2018;16:15;0;0;0
16/08/2018;16:30;0;0;0
16/08/2018;16:45;0;0;0
16/08/2018;17:00;0;0;0
16/08/2018;17:15;0;0;0
16/08/2018;17:30;0;0;0
16/08/2018;17:45;0;0;0
16/08/2018;18:00;0;0;0
16/08/2018;18:15;0;0;0
16/08/2018;18:30;0;0;0
16/08/2018;18:45;0;0;0
16/08/2018;19:00;0;0;0
16/08/2018;19:15;0;0;0
16/08/2018;19:30;0;0;0
16/08/2018;19:45;0;0;0
16/08/2018;20:00;0;0;0
16/08/2018;20:15;0;0;0
16/08/2018;20:30;0;0;0
16/08/2018;20:45;0;0;0
16/08/2018;21:00;0;0;0
16/08/2018;21:15;0;0;0
16/08/2018;21:30;0;0;0
16/08/2018;21:45;0;0;0
16/08/2018;22:00;0;0;0
16/08/2018;22:15;0;0;0
16/08/2018;22:30;0;0;0
16/08/2018;22:45;0;0;0
16/08/2018;23:00;0;0;0
16/08/2018;23:15;0;0;0
16/08/2018;23:30;0;0;0
16/08/2018;23:45;0;0;0
17/08/2018;00:00;0;0;0
17/08/2018;00:15;0;0;0
17/08/2018;00:30;0;0;0
17/08/2018;00:45;0;0;0
17/08/2018;01:00;0;0;0
17/08/2018;01:15;0;0;0
17/08/2018;01:30;0;0;0
17/08/2018;01:45;0;0;0
17/08/2018;02:00;0;0;0
17/08/2018;02:15;0;0;0
17/08/2018;02:30;0;0;0
17/08/2018;02:45;0;0;0
17/08/2018;03:00;0;0;0
17/08/2018;03:15;0;0;0
17/08/2018;03:30;0;0;0
17/08/2018;03:45;0;0;0
17/08/2018;04:00;0;0;0
17/08/2018;04:15;0;0;0
17/08/2018;04:30;0;0;0
17/08/2018;04:45;0;0;0
17/08/2018;05:00;0;0;0
17/08/2018;05:15;0;0;0
17/08/2018;05:30;0;0;0
17/08/2018;05:45;0;0;0
17/08/2018;06:00;0;0;0
17/08/2018;06:15;0;0;0
17/08/2018;06:30;0;0;0
17/08/2018;06:45;0;0;0
17/08/2018;07:00;0;0;0
17/08/2018;07:15;0;0;0
17/08/2018;07:30;0;0;0
17/08/2018;07:45;0;0;0
17/08/2018;08:00;0;0;0
17/08/2018;08:15;0;0;0
17/08/2018;08:30;0;0;0
17/08/2018;08:45;0;0;0
17/08/2018;09:00;0;0;0
17/08/2018;09:15;0;0;0
17/08/2018;09:30;0;0;0
17/08/2018;09:45;0;0;0
17/08/2018;10:00;0;0;0
17/08/2018;10:15;0;0;0
17/08/2018;10:30;0;0;0
17/08/2018;10:45;0;0;0
17/08/2018;11:00;0;0;0
17/08/2018;11:15;0;0;0
17/08/2018;11:30;0;0;0
17/08/2018;11:45;0;0;0
17/08/2018;12:00;0;0;0
17/08/2018;12:15;0;0;0
17/08/2018;12:30;0;0;0
17/08/2018;12:45;0;0;0
17/08/2018;13:00;0;0;0
17/08/2018;13:15;0;0;0
17/08/2018;13:30;0;0;0
17/08/2018;13:45;0;0;0
17/08/2018;14:00;0;0;0
17/08/2018;14:15;0;0;0
17/08/2018;14:30;0;0;0
17/08/2018;14:45;0;0;0
17/08/2018;15:00;0;0;0
17/08/2018;15:15;0;0;0
17/08/2018;15:30;0;0;0
17/08/2018;15:45;0;0;0
17/08/2018;16:00;0;0;0
17/08/2018;16:15;0;0;0
17/08/2018;16:30;0;0;0
17/08/2018;16:45;0;0;0
17/08/2018;17:00;0;0;0
17/08/2018;17:15;0;0;0
17/08/2018;17:30;0;0;0
17/08/2018;17:45;0;0;0
17/08/2018;18:00;0;0;0
17/08/2018;18:15;0;0;0
17/08/2018;18:30;0;0;0
17/08/2018;18:45;0;0;0
17/08/2018;19:00;0;0;0
17/08/2018;19:15;0;0;0
17/08/2018;19:30;0;0;0
17/08/2018;19:45;0;0;0
17/08/2018;20:00;0;0;0
17/08/2018;20:15;0;0;0
17/08/2018;20:30;0;0;0
17/08/2018;20:45;0;0;0
17/08/2018;21:00;0;0;0
17/08/2018;21:15;0;0;0
17/08/2018;21:30;0;0;0
17/08/2018;21:45;0;0;0
17/08/2018;22:00;0;0;0
17/08/2018;22:15;0;0;0
17/08/2018;22:30;0;0;0
17/08/2018;22:45;0;0;0
17/08/2018;23:00;0;0;0
17/08/2018;23:15;0;0;0
17/08/2018;23:30;0;0;0
17/08/2018;23:45;0;0;0
18/08/2018;00:00;0;0;0
18/08/2018;00:15;0;0;0
18/08/2018;00:30;0;0;0
18/08/2018;00:45;0;0;0
18/08/2018;01:00;0;0;0
18/08/2018;01:15;0;0;0
18/08/2018;01:30;0;0;0
18/08/2018;01:45;0;0;0
18/08/2018;02:00;0;0;0
18/08/2018;02:15;0;0;0
18/08/2018;02:30;0;0;0
18/08/2018;02:45;0;0;0
18/08/2018;03:00;0;0;0
18/08/2018;03:15;0;0;0
18/08/2018;03:30;0;0;0
18/08/2018;03:45;0;0;0
18/08/2018;04:00;0;0;0
18/08/2018;04:15;0;0;0
18/08/2018;04:30;0;0;0
18/08/2018;04:45;0;0;0
18/08/2018;05:00;0;0;0
18/08/2018;05:15;0;0;0
18/08/2018;05:30;0;0;0
18/08/2018;05:45;0;0;0
18/08/2018;06:00;0;0;0
18/08/2018;06:15;0;0;0
18/08/2018;06:30;0;0;0
18/08/2018;06:45;0;0;0
18/08/2018;07:00;0;0;0
18/08/2018;07:15;0;0;0
18/08/2018;07:30;0;0;0
18/08/2018;07:45;0;0;0
18/08/2018;08:00;0;0;0
18/08/2018;08:15;0;0;0
18/08/2018;08:30;0;0;0
18/08/2018;08:45;0;0;0
18/08/2018;09:00;0;0;0
18/08/2018;09:15;0;0;0
18/08/2018;09:30;0;0;0
18/08/2018;09:45;0;0;0
18/08/2018;10:00;0;0;0
18/08/2018;10:15;0;0;0
18/08/2018;10:30;0;0;0
18/08/2018;10:45;0;0;0
18/08/2018;11:00;0;0;0
18/08/2018;11:15;0;0;0
18/08/2018;11:30;0;0;0
18/08/2018;11:45;0;0;0
18/08/2018;12:00;0;0;0
18/08/2018;12:15;0;0;0
18/08/2018;12:30;0;0;0
18/08/2018;12:45;0;0;0
18/08/2018;13:00;0;0;0
18/08/2018;13:15;0;0;0
18/08/2018;13:30;0;0;0
18/08/2018;13:45;0;0;0
18/08/2018;14:00;0;0;0
18/08/2018;14:15;0;0;0
18/08/2018;14:30;0;0;0
18/08/2018;14:45;0;0;0
18/08/2018;15:00;0;0;0
18/08/2018;15:15;0;0;0
18/08/2018;15:30;0;0;0
18/08/2018;15:45;0;0;0
18/08/2018;16:00;0;0;0
18/08/2018;16:15;0;0;0
18/08/2018;16:30;0;0;0
18/08/2018;16:45;0;0;0
18/08/2018;17:00;0;0;0
18/08/2018;17:15;0;0;0
18/08/2018;17:30;0;0;0
18/08/2018;17:45;0;0;0
18/08/2018;18:00;0;0;0
18/08/2018;18:15;0;0;0
18/08/2018;18:30;0;0;0
18/08/2018;18:45;0;0;0
18/08/2018;19:00;0;0;0
18/08/2018;19:15;0;0;0
18/08/2018;19:30;0;0;0
18/08/2018;19:45;0;0;0
18/08/2018;20:00;0;0;0
18/08/2018;20:15;0;0;0
18/08/2018;20:30;0;0;0
18/08/2018;20:45;0;0;0
18/08/2018;21:00;0;0;0
18/08/2018;21:15;0;0;0
18/08/2018;21:30;0;0;0
18/08/2018;21:45;0;0;0
18/08/2018;22:00;0;0;0
18/08/2018;22:15;0;0;0
18/08/2018;22:30;0;0;0
18/08/2018;22:45;0;0;0
18/08/2018;23:00;0;0;0
18/08/2018;23:15;0;0;0
18/08/2018;23:30;0;0;0
18/08/2018;23:45;0;0;0
19/08/2018;00:00;0;0;0
19/08/2018;00:15;0;0;0
19/08/2018;00:30;0;0;0
19/08/2018;00:45;0;0;0
19/08/2018;01:00;0;0;0
19/08/2018;01:15;0;0;0
19/08/2018;01:30;0;0;0
19/08/2018;01:45;0;0;0
19/08/2018;02:00;0;0;0
19/08/2018;02:15;0;0;0
19/08/2018;02:30;0;0;0
19/08/2018;02:45;0;0;0
19/08/2018;03:00;0;0;0
19/08/2018;03:15;0;0;0
19/08/2018;03:30;0;0;0
19/08/2018;03:45;0;0;0
19/08/2018;04:00;0;0;0
19/08/2018;04:15;0;0;0
19/08/2018;04:30;0;0;0
19/08/2018;04:45;0;0;0
19/08/2018;05:00;0;0;0
19/08/2018;05:15;0;0;0
19/08/2018;05:30;0;0;0
19/08/2018;05:45;0;0;0
19/08/2018;06:00;0;0;0
19/08/2018;06:15;0;0;0
19/08/2018;06:30;0;0;0
19/08/2018;06:45;0;0;0
19/08/2018;07:00;0;0;0
19/08/2018;07:15;0;0;0
19/08/2018;07:30;0;0;0
19/08/2018;07:45;0;0;0
19/08/2018;08:00;0;0;0
19/08/2018;08:15;0;0;0
19/08/2018;08:30;0;0;0
19/08/2018;08:45;0;0;0
19/08/2018;09:00;0;0;0
19/08/2018;09:15;0;0;0
19/08/2018;09:30;0;0;0
19/08/2018;09:45;0;0;0
19/08/2018;10:00;0;0;0
19/08/2018;10:15;0;0;0
19/08/2018;10:30;0;0;0
19/08/2018;10:45;0;0;0
19/08/2018;11:00;0;0;0
19/08/2018;11:15;0;0;0
19/08/2018;11:30;0;0;0
19/08/2018;11:45;0;0;0
19/08/2018;12:00;0;0;0
19/08/2018;12:15;0;0;0
19/08/2018;12:30;0;0;0
19/08/2018;12:45;0;0;0
19/08/2018;13:00;0;0;0
19/08/2018;13:15;0;0;0
19/08/2018;13:30;0;0;0
19/08/2018;13:45;0;0;0
19/08/2018;14:00;0;0;0
19/08/2018;14:15;0;0;0
19/08/2018;14:30;0;0;0
19/08/2018;14:45;0;0;0
19/08/2018;15:00;0;0;0
19/08/2018;15:15;0;0;0
19/08/2018;15:30;0;0;0
19/08/2018;15:45;0;0;0
19/08/2018;16:00;0;0;0
19/08/2018;16:15;0;0;0
19/08/2018;16:30;0;0;0
19/08/2018;16:45;0;0;0
19/08/2018;17:00;0;0;0
19/08/2018;17:15;0;0;0
19/08/2018;17:30;0;0;0
19/08/2018;17:45;0;0;0
19/08/2018;18:00;0;0;0
19/08/2018;18:15;0;0;0
19/08/2018;18:30;0;0;0
19/08/2018;18:45;0;0;0
19/08/2018;19:00;0;0;0
19/08/2018;19:15;0;0;0
19/08/2018;19:30;0;0;0
19/08/2018;19:45;0;0;0
19/08/2018;20:00;0;0;0
19/08/2018;20:15;0;0;0
19/08/2018;20:30;0;0;0
19/08/2018;20:45;0;0;0
19/08/2018;21:00;0;0;0
19/08/2018;21:15;0;0;0
19/08/2018;21:30;0;0;0
19/08/2018;21:45;0;0;0
19/08/2018;22:00;0;0;0
19/08/2018;22:15;0;0;0
19/08/2018;22:30;0;0;0
19/08/2018;22:45;0;0;0
19/08/2018;23:00;0;0;0
19/08/2018;23:15;0;0;0
19/08/2018;23:30;0;0;0
19/08/2018;23:45;0;0;0
20/08/2018;00:00;0;0;0
20/08/2018;00:15;0;0;0
20/08/2018;00:30;0;0;0
20/08/2018;00:45;0;0;0
20/08/2018;01:00;0;0;0
20/08/2018;01:15;0;0;0
20/08/2018;01:30;0;0;0
20/08/2018;01:45;0;0;0
20/08/2018;02:00;0;0;0
20/08/2018;02:15;0;0;0
20/08/2018;02:30;0;0;0
20/08/2018;02:45;0;0;0
20/08/2018;03:00;0;0;0
20/08/2018;03:15;0;0;0
20/08/2018;03:30;0;0;0
20/08/2018;03:45;0;0;0
20/08/2018;04:00;0;0;0
20/08/2018;04:15;0;0;0
20/08/2018;04:30;0;0;0
20/08/2018;04:45;0;0;0
20/08/2018;05:00;0;0;0
20/08/2018;05:15;0;0;0
20/08/2018;05:30;0;0;0
20/08/2018;05:45;0;0;0
20/08/2018;06:00;0;0;0
20/08/2018;06:15;0;0;0
20/08/2018;06:30;0;0;0
20/08/2018;06:45;0;0;0
20/08/2018;07:00;0;0;0
20/08/2018;07:15;0;0;0
20/08/2018;07:30;0;0;0
20/08/2018;07:45;0;0;0
20/08/2018;08:00;0;0;0
20/08/2018;08:15;0;0;0
20/08/2018;08:30;0;0;0
20/08/2018;08:45;0;0;0
20/08/2018;09:00;0;0;0
20/08/2018;09:15;0;0;0
20/08/2018;09:30;0;0;0
20/08/2018;09:45;0;0;0
20/08/2018;10:00;0;0;0
20/08/2018;10:15;0;0;0
20/08/2018;10:30;0;0;0
20/08/2018;10:45;0;0;0
20/08/2018;11:00;0;0;0
20/08/2018;11:15;0;0;0
20/08/2018;11:30;0;0;0
20/08/2018;11:45;0;0;0
20/08/2018;12:00;0;0;0
20/08/2018;12:15;0;0;0
20/08/2018;12:30;0;0;0
20/08/2018;12:45;0;0;0
20/08/2018;13:00;0;0;0
20/08/2018;13:15;0;0;0
20/08/2018;13:30;0;0;0
20/08/2018;13:45;0;0;0
20/08/2018;14:00;0;0;0
20/08/2018;14:15;0;0;0
20/08/2018;14:30;0;0;0
20/08/2018;14:45;0;0;0
20/08/2018;15:00;0;0;0
20/08/2018;15:15;0;0;0
20/08/2018;15:30;0;0;0
20/08/2018;15:45;0;0;0
20/08/2018;16:00;0;0;0
20/08/2018;16:15;0;0;0
20/08/2018;16:30;0;0;0
20/08/2018;16:45;0;0;0
20/08/2018;17:00;0;0;0
20/08/2018;17:15;0;0;0
20/08/2018;17:30;0;0;0
20/08/2018;17:45;0;0;0
20/08/2018;18:00;0;0;0
20/08/2018;18:15;0;0;0
20/08/2018;18:30;0;0;0
20/08/2018;18:45;0;0;0
20/08/2018;19:00;0;0;0
20/08/2018;19:15;0;0;0
20/08/2018;19:30;0;0;0
20/08/2018;19:45;0;0;0
20/08/2018;20:00;0;0;0
20/08/2018;20:15;0;0;0
20/08/2018;20:30;0;0;0
20/08/2018;20:45;0;0;0
20/08/2018;21:00;0;0;0
20/08/2018;21:15;0;0;0
20/08/2018;21:30;0;0;0
20/08/2018;21:45;0;0;0
20/08/2018;22:00;0;0;0
20/08/2018;22:15;0;0;0
20/08/2018;22:30;0;0;0
20/08/2018;22:45;0;0;0
20/08/2018;23:00;0;0;0
20/08/2018;23:15;0;0;0
20/08/2018;23:30;0;0;0
20/08/2018;23:45;0;0;0
21/08/2018;00:00;0;0;0
21/08/2018;00:15;0;0;0
21/08/2018;00:30;0;0;0
21/08/2018;00:45;0;0;0
21/08/2018;01:00;0;0;0
21/08/2018;01:15;0;0;0
21/08/2018;01:30;0;0;0
21/08/2018;01:45;0;0;0
21/08/2018;02:00;0;0;0
21/08/2018;02:15;0;0;0
21/08/2018;02:30;0;0;0
21/08/2018;02:45;0;0;0
21/08/2018;03:00;0;0;0
21/08/2018;03:15;0;0;0
21/08/2018;03:30;0;0;0
21/08/2018;03:45;0;0;0
21/08/2018;04:00;0;0;0
21/08/2018;04:15;0;0;0
21/08/2018;04:30;0;0;0
21/08/2018;04:45;0;0;0
21/08/2018;05:00;0;0;0
21/08/2018;05:15;0;0;0
21/08/2018;05:30;0;0;0
21/08/2018;05:45;0;0;0
21/08/2018;06:00;0;0;0
21/08/2018;06:15;0;0;0
21/08/2018;06:30;0;0;0
21/08/2018;06:45;0;0;0
21/08/2018;07:00;0;0;0
21/08/2018;07:15;0;0;0
21/08/2018;07:30;0;0;0
21/08/2018;07:45;0;0;0
21/08/2018;08:00;0;0;0
21/08/2018;08:15;0;0;0
21/08/2018;08:30;0;0;0
21/08/2018;08:45;0;0;0
21/08/2018;09:00;0;0;0
21/08/2018;09:15;0;0;0
21/08/2018;09:30;0;0;0
21/08/2018;09:45;0;0;0
21/08/2018;10:00;0;0;0
21/08/2018;10:15;0;0;0
21/08/2018;10:30;0;0;0
21/08/2018;10:45;0;0;0
21/08/2018;11:00;0;0;0
21/08/2018;11:15;0;0;0
21/08/2018;11:30;0;0;0
21/08/2018;11:45;0;0;0
21/08/2018;12:00;0;0;0
21/08/2018;12:15;0;0;0
21/08/2018;12:30;0;0;0
21/08/2018;12:45;0;0;0
21/08/2018;13:00;0;0;0
21/08/2018;13:15;0;0;0
21/08/2018;13:30;0;0;0
21/08/2018;13:45;0;0;0
21/08/2018;14:00;0;0;0
21/08/2018;14:15;0;0;0
21/08/2018;14:30;0;0;0
21/08/2018;14:45;0;0;0
21/08/2018;15:00;0;0;0
21/08/2018;15:15;0;0;0
21/08/2018;15:30;0;0;0
21/08/2018;15:45;0;0;0
21/08/2018;16:00;0;0;0
21/08/2018;16:15;0;0;0
21/08/2018;16:30;0;0;0
21/08/2018;16:45;0;0;0
21/08/2018;17:00;0;0;0
21/08/2018;17:15;0;0;0
21/08/2018;17:30;0;0;0
21/08/2018;17:45;0;0;0
21/08/2018;18:00;0;0;0
21/08/2018;18:15;0;0;0
21/08/2018;18:30;0;0;0
21/08/2018;18:45;0;0;0
21/08/2018;19:00;0;0;0
21/08/2018;19:15;0;0;0
21/08/2018;19:30;0;0;0
21/08/2018;19:45;0;0;0
21/08/2018;20:00;0;0;0
21/08/2018;20:15;0;0;0
21/08/2018;20:30;0;0;0
21/08/2018;20:45;0;0;0
21/08/2018;21:00;0;0;0
21/08/2018;21:15;0;0;0
21/08/2018;21:30;0;0;0
21/08/2018;21:45;0;0;0
21/08/2018;22:00;0;0;0
21/08/2018;22:15;0;0;0
21/08/2018;22:30;0;0;0
21/08/2018;22:45;0;0;0
21/08/2018;23:00;0;0;0
21/08/2018;23:15;0;0;0
21/08/2018;23:30;0;0;0
21/08/2018;23:45;0;0;0
22/08/2018;00:00;0;0;0
22/08/2018;00:15;0;0;0
22/08/2018;00:30;0;0;0
22/08/2018;00:45;0;0;0
22/08/2018;01:00;0;0;0
22/08/2018;01:15;0;0;0
22/08/2018;01:30;0;0;0
22/08/2018;01:45;0;0;0
22/08/2018;02:00;0;0;0
22/08/2018;02:15;0;0;0
22/08/2018;02:30;0;0;0
22/08/2018;02:45;0;0;0
22/08/2018;03:00;0;0;0
22/08/2018;03:15;0;0;0
22/08/2018;03:30;0;0;0
22/08/2018;03:45;0;0;0
22/08/2018;04:00;0;0;0
22/08/2018;04:15;0;0;0
22/08/2018;04:30;0;0;0
22/08/2018;04:45;0;0;0
22/08/2018;05:00;0;0;0
22/08/2018;05:15;0;0;0
22/08/2018;05:30;0;0;0
22/08/2018;05:45;0;0;0
22/08/2018;06:00;0;0;0
22/08/2018;06:15;0;0;0
22/08/2018;06:30;0;0;0
22/08/2018;06:45;0;0;0
22/08/2018;07:00;0;0;0
22/08/2018;07:15;0;0;0
22/08/2018;07:30;0;0;0
22/08/2018;07:45;0;0;0
22/08/2018;08:00;0;0;0
22/08/2018;08:15;0;0;0
22/08/2018;08:30;0;0;0
22/08/2018;08:45;0;0;0
22/08/2018;09:00;0;0;0
22/08/2018;09:15;0;0;0
22/08/2018;09:30;0;0;0
22/08/2018;09:45;0;0;0
22/08/2018;10:00;0;0;0
22/08/2018;10:15;0;0;0
22/08/2018;10:30;0;0;0
22/08/2018;10:45;0;0;0
22/08/2018;11:00;0;0;0
22/08/2018;11:15;0;0;0
22/08/2018;11:30;0;0;0
22/08/2018;11:45;0;0;0
22/08/2018;12:00;0;0;0
22/08/2018;12:15;0;0;0
22/08/2018;12:30;0;0;0
22/08/2018;12:45;0;0;0
22/08/2018;13:00;0;0;0
22/08/2018;13:15;0;0;0
22/08/2018;13:30;0;0;0
22/08/2018;13:45;0;0;0
22/08/2018;14:00;0;0;0
22/08/2018;14:15;0;0;0
22/08/2018;14:30;0;0;0
22/08/2018;14:45;0;0;0
22/08/2018;15:00;0;0;0
22/08/2018;15:15;1;1;0
22/08/2018;15:30;0;0;0
22/08/2018;15:45;0;0;0
22/08/2018;16:00;0;0;0
22/08/2018;16:15;0;0;0
22/08/2018;16:30;0;0;0
22/08/2018;16:45;0;0;0
22/08/2018;17:00;0;0;0
22/08/2018;17:15;0;0;0
22/08/2018;17:30;0;0;0
22/08/2018;17:45;0;0;0
22/08/2018;18:00;0;0;0
22/08/2018;18:15;0;0;0
22/08/2018;18:30;0;0;0
22/08/2018;18:45;0;0;0
22/08/2018;19:00;0;0;0
22/08/2018;19:15;0;0;0
22/08/2018;19:30;0;0;0
22/08/2018;19:45;0;0;0
22/08/2018;20:00;0;0;0
22/08/2018;20:15;0;0;0
22/08/2018;20:30;0;0;0
22/08/2018;20:45;0;0;0
22/08/2018;21:00;0;0;0
22/08/2018;21:15;0;0;0
22/08/2018;21:30;0;0;0
22/08/2018;21:45;0;0;0
22/08/2018;22:00;0;0;0
22/08/2018;22:15;0;0;0
22/08/2018;22:30;0;0;0
22/08/2018;22:45;0;0;0
22/08/2018;23:00;0;0;0
22/08/2018;23:15;0;0;0
22/08/2018;23:30;0;0;0
22/08/2018;23:45;0;0;0
23/08/2018;00:00;0;0;0
23/08/2018;00:15;0;0;0
23/08/2018;00:30;0;0;0
23/08/2018;00:45;0;0;0
23/08/2018;01:00;0;0;0
23/08/2018;01:15;0;0;0
23/08/2018;01:30;0;0;0
23/08/2018;01:45;0;0;0
23/08/2018;02:00;0;0;0
23/08/2018;02:15;0;0;0
23/08/2018;02:30;0;0;0
23/08/2018;02:45;0;0;0
23/08/2018;03:00;0;0;0
23/08/2018;03:15;0;0;0
23/08/2018;03:30;0;0;0
23/08/2018;03:45;0;0;0
23/08/2018;04:00;0;0;0
23/08/2018;04:15;0;0;0
23/08/2018;04:30;0;0;0
23/08/2018;04:45;0;0;0
23/08/2018;05:00;0;0;0
23/08/2018;05:15;0;0;0
23/08/2018;05:30;0;0;0
23/08/2018;05:45;0;0;0
23/08/2018;06:00;0;0;0
23/08/2018;06:15;0;0;0
23/08/2018;06:30;0;0;0
23/08/2018;06:45;0;0;0
23/08/2018;07:00;0;0;0
23/08/2018;07:15;0;0;0
23/08/2018;07:30;0;0;0
23/08/2018;07:45;0;0;0
23/08/2018;08:00;0;0;0
23/08/2018;08:15;0;0;0
23/08/2018;08:30;0;0;0
23/08/2018;08:45;0;0;0
23/08/2018;09:00;0;0;0
23/08/2018;09:15;0;0;0
23/08/2018;09:30;0;0;0
23/08/2018;09:45;0;0;0
23/08/2018;10:00;0;0;0
23/08/2018;10:15;0;0;0
23/08/2018;10:30;0;0;0
23/08/2018;10:45;0;0;0
23/08/2018;11:00;0;0;0
23/08/2018;11:15;0;0;0
23/08/2018;11:30;0;0;0
23/08/2018;11:45;0;0;0
23/08/2018;12:00;0;0;0
23/08/2018;12:15;0;0;0
23/08/2018;12:30;0;0;0
23/08/2018;12:45;0;0;0
23/08/2018;13:00;0;0;0
23/08/2018;13:15;0;0;0
23/08/2018;13:30;0;0;0
23/08/2018;13:45;0;0;0
23/08/2018;14:00;0;0;0
23/08/2018;14:15;0;0;0
23/08/2018;14:30;0;0;0
23/08/2018;14:45;0;0;0
23/08/2018;15:00;0;0;0
23/08/2018;15:15;0;0;0
23/08/2018;15:30;0;0;0
23/08/2018;15:45;0;0;0
23/08/2018;16:00;0;0;0
23/08/2018;16:15;0;0;0
23/08/2018;16:30;0;0;0
23/08/2018;16:45;0;0;0
23/08/2018;17:00;0;0;0
23/08/2018;17:15;0;0;0
23/08/2018;17:30;0;0;0
23/08/2018;17:45;0;0;0
23/08/2018;18:00;0;0;0
23/08/2018;18:15;0;0;0
23/08/2018;18:30;0;0;0
23/08/2018;18:45;0;0;0
23/08/2018;19:00;0;0;0
23/08/2018;19:15;0;0;0
23/08/2018;19:30;0;0;0
23/08/2018;19:45;0;0;0
23/08/2018;20:00;0;0;0
23/08/2018;20:15;0;0;0
23/08/2018;20:30;0;0;0
23/08/2018;20:45;0;0;0
23/08/2018;21:00;0;0;0
23/08/2018;21:15;0;0;0
23/08/2018;21:30;0;0;0
23/08/2018;21:45;0;0;0
23/08/2018;22:00;0;0;0
23/08/2018;22:15;0;0;0
23/08/2018;22:30;0;0;0
23/08/2018;22:45;0;0;0
23/08/2018;23:00;0;0;0
23/08/2018;23:15;0;0;0
23/08/2018;23:30;0;0;0
23/08/2018;23:45;0;0;0
24/08/2018;00:00;0;0;0
24/08/2018;00:15;0;0;0
24/08/2018;00:30;0;0;0
24/08/2018;00:45;0;0;0
24/08/2018;01:00;0;0;0
24/08/2018;01:15;0;0;0
24/08/2018;01:30;0;0;0
24/08/2018;01:45;0;0;0
24/08/2018;02:00;0;0;0
24/08/2018;02:15;0;0;0
24/08/2018;02:30;0;0;0
24/08/2018;02:45;0;0;0
24/08/2018;03:00;0;0;0
24/08/2018;03:15;0;0;0
24/08/2018;03:30;0;0;0
24/08/2018;03:45;0;0;0
24/08/2018;04:00;0;0;0
24/08/2018;04:15;0;0;0
24/08/2018;04:30;0;0;0
24/08/2018;04:45;0;0;0
24/08/2018;05:00;0;0;0
24/08/2018;05:15;0;0;0
24/08/2018;05:30;0;0;0
24/08/2018;05:45;0;0;0
24/08/2018;06:00;0;0;0
24/08/2018;06:15;0;0;0
24/08/2018;06:30;0;0;0
24/08/2018;06:45;0;0;0
24/08/2018;07:00;0;0;0
24/08/2018;07:15;0;0;0
24/08/2018;07:30;0;0;0
24/08/2018;07:45;0;0;0
24/08/2018;08:00;0;0;0
24/08/2018;08:15;0;0;0
24/08/2018;08:30;0;0;0
24/08/2018;08:45;0;0;0
24/08/2018;09:00;0;0;0
24/08/2018;09:15;0;0;0
24/08/2018;09:30;0;0;0
24/08/2018;09:45;0;0;0
24/08/2018;10:00;0;0;0
24/08/2018;10:15;0;0;0
24/08/2018;10:30;0;0;0
24/08/2018;10:45;0;0;0
24/08/2018;11:00;0;0;0
24/08/2018;11:15;0;0;0
24/08/2018;11:30;0;0;0
24/08/2018;11:45;0;0;0
24/08/2018;12:00;0;0;0
24/08/2018;12:15;0;0;0
24/08/2018;12:30;0;0;0
24/08/2018;12:45;0;0;0
24/08/2018;13:00;0;0;0
24/08/2018;13:15;0;0;0
24/08/2018;13:30;0;0;0
24/08/2018;13:45;0;0;0
24/08/2018;14:00;0;0;0
24/08/2018;14:15;0;0;0
24/08/2018;14:30;0;0;0
24/08/2018;14:45;0;0;0
24/08/2018;15:00;0;0;0
24/08/2018;15:15;0;0;0
24/08/2018;15:30;0;0;0
24/08/2018;15:45;0;0;0
24/08/2018;16:00;0;0;0
24/08/2018;16:15;0;0;0
24/08/2018;16:30;0;0;0
24/08/2018;16:45;0;0;0
24/08/2018;17:00;0;0;0
24/08/2018;17:15;0;0;0
24/08/2018;17:30;0;0;0
24/08/2018;17:45;0;0;0
24/08/2018;18:00;0;0;0
24/08/2018;18:15;0;0;0
24/08/2018;18:30;0;0;0
24/08/2018;18:45;0;0;0
24/08/2018;19:00;0;0;0
24/08/2018;19:15;0;0;0
24/08/2018;19:30;0;0;0
24/08/2018;19:45;0;0;0
24/08/2018;20:00;0;0;0
24/08/2018;20:15;0;0;0
24/08/2018;20:30;0;0;0
24/08/2018;20:45;0;0;0
24/08/2018;21:00;0;0;0
24/08/2018;21:15;0;0;0
24/08/2018;21:30;0;0;0
24/08/2018;21:45;0;0;0
24/08/2018;22:00;0;0;0
24/08/2018;22:15;0;0;0
24/08/2018;22:30;0;0;0
24/08/2018;22:45;0;0;0
24/08/2018;23:00;0;0;0
24/08/2018;23:15;0;0;0
24/08/2018;23:30;0;0;0
24/08/2018;23:45;0;0;0
25/08/2018;00:00;0;0;0
25/08/2018;00:15;0;0;0
25/08/2018;00:30;0;0;0
25/08/2018;00:45;0;0;0
25/08/2018;01:00;0;0;0
25/08/2018;01:15;0;0;0
25/08/2018;01:30;0;0;0
25/08/2018;01:45;0;0;0
25/08/2018;02:00;0;0;0
25/08/2018;02:15;0;0;0
25/08/2018;02:30;0;0;0
25/08/2018;02:45;0;0;0
25/08/2018;03:00;0;0;0
25/08/2018;03:15;0;0;0
25/08/2018;03:30;0;0;0
25/08/2018;03:45;0;0;0
25/08/2018;04:00;0;0;0
25/08/2018;04:15;0;0;0
25/08/2018;04:30;0;0;0
25/08/2018;04:45;0;0;0
25/08/2018;05:00;0;0;0
25/08/2018;05:15;0;0;0
25/08/2018;05:30;0;0;0
25/08/2018;05:45;0;0;0
25/08/2018;06:00;0;0;0
25/08/2018;06:15;0;0;0
25/08/2018;06:30;0;0;0
25/08/2018;06:45;0;0;0
25/08/2018;07:00;0;0;0
25/08/2018;07:15;0;0;0
25/08/2018;07:30;0;0;0
25/08/2018;07:45;0;0;0
25/08/2018;08:00;0;0;0
25/08/2018;08:15;0;0;0
25/08/2018;08:30;0;0;0
25/08/2018;08:45;0;0;0
25/08/2018;09:00;0;0;0
25/08/2018;09:15;0;0;0
25/08/2018;09:30;0;0;0
25/08/2018;09:45;0;0;0
25/08/2018;10:00;0;0;0
25/08/2018;10:15;0;0;0
25/08/2018;10:30;0;0;0
25/08/2018;10:45;0;0;0
25/08/2018;11:00;0;0;0
25/08/2018;11:15;0;0;0
25/08/2018;11:30;0;0;0
25/08/2018;11:45;0;0;0
25/08/2018;12:00;0;0;0
25/08/2018;12:15;0;0;0
25/08/2018;12:30;0;0;0
25/08/2018;12:45;0;0;0
25/08/2018;13:00;0;0;0
25/08/2018;13:15;0;0;0
25/08/2018;13:30;0;0;0
25/08/2018;13:45;0;0;0
25/08/2018;14:00;0;0;0
25/08/2018;14:15;0;0;0
25/08/2018;14:30;0;0;0
25/08/2018;14:45;0;0;0
25/08/2018;15:00;0;0;0
25/08/2018;15:15;0;0;0
25/08/2018;15:30;0;0;0
25/08/2018;15:45;0;0;0
25/08/2018;16:00;0;0;0
25/08/2018;16:15;0;0;0
25/08/2018;16:30;0;0;0
25/08/2018;16:45;0;0;0
25/08/2018;17:00;0;0;0
25/08/2018;17:15;0;0;0
25/08/2018;17:30;0;0;0
25/08/2018;17:45;0;0;0
25/08/2018;18:00;0;0;0
25/08/2018;18:15;0;0;0
25/08/2018;18:30;0;0;0
25/08/2018;18:45;0;0;0
25/08/2018;19:00;0;0;0
25/08/2018;19:15;0;0;0
25/08/2018;19:30;0;0;0
25/08/2018;19:45;0;0;0
25/08/2018;20:00;0;0;0
25/08/2018;20:15;0;0;0
25/08/2018;20:30;0;0;0
25/08/2018;20:45;0;0;0
25/08/2018;21:00;0;0;0
25/08/2018;21:15;0;0;0
25/08/2018;21:30;0;0;0
25/08/2018;21:45;0;0;0
25/08/2018;22:00;0;0;0
25/08/2018;22:15;0;0;0
25/08/2018;22:30;0;0;0
25/08/2018;22:45;0;0;0
25/08/2018;23:00;0;0;0
25/08/2018;23:15;0;0;0
25/08/2018;23:30;0;0;0
25/08/2018;23:45;0;0;0
26/08/2018;00:00;0;0;0
26/08/2018;00:15;0;0;0
26/08/2018;00:30;0;0;0
26/08/2018;00:45;0;0;0
26/08/2018;01:00;0;0;0
26/08/2018;01:15;0;0;0
26/08/2018;01:30;0;0;0
26/08/2018;01:45;0;0;0
26/08/2018;02:00;0;0;0
26/08/2018;02:15;0;0;0
26/08/2018;02:30;0;0;0
26/08/2018;02:45;0;0;0
26/08/2018;03:00;0;0;0
26/08/2018;03:15;0;0;0
26/08/2018;03:30;0;0;0
26/08/2018;03:45;0;0;0
26/08/2018;04:00;0;0;0
26/08/2018;04:15;0;0;0
26/08/2018;04:30;0;0;0
26/08/2018;04:45;0;0;0
26/08/2018;05:00;0;0;0
26/08/2018;05:15;0;0;0
26/08/2018;05:30;0;0;0
26/08/2018;05:45;0;0;0
26/08/2018;06:00;0;0;0
26/08/2018;06:15;0;0;0
26/08/2018;06:30;0;0;0
26/08/2018;06:45;0;0;0
26/08/2018;07:00;0;0;0
26/08/2018;07:15;0;0;0
26/08/2018;07:30;0;0;0
26/08/2018;07:45;0;0;0
26/08/2018;08:00;0;0;0
26/08/2018;08:15;0;0;0
26/08/2018;08:30;0;0;0
26/08/2018;08:45;0;0;0
26/08/2018;09:00;0;0;0
26/08/2018;09:15;0;0;0
26/08/2018;09:30;0;0;0
26/08/2018;09:45;0;0;0
26/08/2018;10:00;0;0;0
26/08/2018;10:15;0;0;0
26/08/2018;10:30;0;0;0
26/08/2018;10:45;0;0;0
26/08/2018;11:00;0;0;0
26/08/2018;11:15;0;0;0
26/08/2018;11:30;0;0;0
26/08/2018;11:45;0;0;0
26/08/2018;12:00;0;0;0
26/08/2018;12:15;0;0;0
26/08/2018;12:30;0;0;0
26/08/2018;12:45;0;0;0
26/08/2018;13:00;0;0;0
26/08/2018;13:15;0;0;0
26/08/2018;13:30;0;0;0
26/08/2018;13:45;0;0;0
26/08/2018;14:00;0;0;0
26/08/2018;14:15;0;0;0
26/08/2018;14:30;0;0;0
26/08/2018;14:45;0;0;0
26/08/2018;15:00;0;0;0
26/08/2018;15:15;0;0;0
26/08/2018;15:30;0;0;0
26/08/2018;15:45;0;0;0
26/08/2018;16:00;0;0;0
26/08/2018;16:15;0;0;0
26/08/2018;16:30;0;0;0
26/08/2018;16:45;0;0;0
26/08/2018;17:00;0;0;0
26/08/2018;17:15;0;0;0
26/08/2018;17:30;0;0;0
26/08/2018;17:45;0;0;0
26/08/2018;18:00;0;0;0
26/08/2018;18:15;0;0;0
26/08/2018;18:30;0;0;0
26/08/2018;18:45;0;0;0
26/08/2018;19:00;0;0;0
26/08/2018;19:15;0;0;0
26/08/2018;19:30;0;0;0
26/08/2018;19:45;0;0;0
26/08/2018;20:00;0;0;0
26/08/2018;20:15;0;0;0
26/08/2018;20:30;0;0;0
26/08/2018;20:45;0;0;0
26/08/2018;21:00;0;0;0
26/08/2018;21:15;0;0;0
26/08/2018;21:30;0;0;0
26/08/2018;21:45;0;0;0
26/08/2018;22:00;0;0;0
26/08/2018;22:15;0;0;0
26/08/2018;22:30;0;0;0
26/08/2018;22:45;0;0;0
26/08/2018;23:00;0;0;0
26/08/2018;23:15;0;0;0
26/08/2018;23:30;0;0;0
26/08/2018;23:45;0;0;0
27/08/2018;00:00;0;0;0
27/08/2018;00:15;0;0;0
27/08/2018;00:30;0;0;0
27/08/2018;00:45;0;0;0
27/08/2018;01:00;0;0;0
27/08/2018;01:15;0;0;0
27/08/2018;01:30;0;0;0
27/08/2018;01:45;0;0;0
27/08/2018;02:00;0;0;0
27/08/2018;02:15;0;0;0
27/08/2018;02:30;0;0;0
27/08/2018;02:45;0;0;0
27/08/2018;03:00;0;0;0
27/08/2018;03:15;0;0;0
27/08/2018;03:30;0;0;0
27/08/2018;03:45;0;0;0
27/08/2018;04:00;0;0;0
27/08/2018;04:15;0;0;0
27/08/2018;04:30;0;0;0
27/08/2018;04:45;0;0;0
27/08/2018;05:00;0;0;0
27/08/2018;05:15;0;0;0
27/08/2018;05:30;0;0;0
27/08/2018;05:45;0;0;0
27/08/2018;06:00;0;0;0
27/08/2018;06:15;0;0;0
27/08/2018;06:30;0;0;0
27/08/2018;06:45;0;0;0
27/08/2018;07:00;0;0;0
27/08/2018;07:15;0;0;0
27/08/2018;07:30;0;0;0
27/08/2018;07:45;0;0;0
27/08/2018;08:00;0;0;0
27/08/2018;08:15;0;0;0
27/08/2018;08:30;0;0;0
27/08/2018;08:45;0;0;0
27/08/2018;09:00;0;0;0
27/08/2018;09:15;0;0;0
27/08/2018;09:30;0;0;0
27/08/2018;09:45;0;0;0
27/08/2018;10:00;0;0;0
27/08/2018;10:15;0;0;0
27/08/2018;10:30;0;0;0
27/08/2018;10:45;0;0;0
27/08/2018;11:00;0;0;0
27/08/2018;11:15;0;0;0
27/08/2018;11:30;0;0;0
27/08/2018;11:45;0;0;0
27/08/2018;12:00;0;0;0
27/08/2018;12:15;0;0;0
27/08/2018;12:30;0;0;0
27/08/2018;12:45;0;0;0
27/08/2018;13:00;0;0;0
27/08/2018;13:15;0;0;0
27/08/2018;13:30;0;0;0
27/08/2018;13:45;0;0;0
27/08/2018;14:00;0;0;0
27/08/2018;14:15;0;0;0
27/08/2018;14:30;0;0;0
27/08/2018;14:45;0;0;0
27/08/2018;15:00;0;0;0
27/08/2018;15:15;0;0;0
27/08/2018;15:30;0;0;0
27/08/2018;15:45;0;0;0
27/08/2018;16:00;0;0;0
27/08/2018;16:15;0;0;0
27/08/2018;16:30;0;0;0
27/08/2018;16:45;0;0;0
27/08/2018;17:00;0;0;0
27/08/2018;17:15;0;0;0
27/08/2018;17:30;0;0;0
27/08/2018;17:45;0;0;0
27/08/2018;18:00;0;0;0
27/08/2018;18:15;0;0;0
27/08/2018;18:30;0;0;0
27/08/2018;18:45;0;0;0
27/08/2018;19:00;0;0;0
27/08/2018;19:15;0;0;0
27/08/2018;19:30;0;0;0
27/08/2018;19:45;0;0;0
27/08/2018;20:00;0;0;0
27/08/2018;20:15;0;0;0
27/08/2018;20:30;0;0;0
27/08/2018;20:45;0;0;0
27/08/2018;21:00;0;0;0
27/08/2018;21:15;0;0;0
27/08/2018;21:30;0;0;0
27/08/2018;21:45;0;0;0
27/08/2018;22:00;0;0;0
27/08/2018;22:15;0;0;0
27/08/2018;22:30;0;0;0
27/08/2018;22:45;0;0;0
27/08/2018;23:00;0;0;0
27/08/2018;23:15;0;0;0
27/08/2018;23:30;0;0;0
27/08/2018;23:45;0;0;0
28/08/2018;00:00;0;0;0
28/08/2018;00:15;0;0;0
28/08/2018;00:30;0;0;0
28/08/2018;00:45;0;0;0
28/08/2018;01:00;0;0;0
28/08/2018;01:15;0;0;0
28/08/2018;01:30;0;0;0
28/08/2018;01:45;0;0;0
28/08/2018;02:00;0;0;0
28/08/2018;02:15;0;0;0
28/08/2018;02:30;0;0;0
28/08/2018;02:45;0;0;0
28/08/2018;03:00;0;0;0
28/08/2018;03:15;0;0;0
28/08/2018;03:30;0;0;0
28/08/2018;03:45;0;0;0
28/08/2018;04:00;0;0;0
28/08/2018;04:15;0;0;0
28/08/2018;04:30;0;0;0
28/08/2018;04:45;0;0;0
28/08/2018;05:00;0;0;0
28/08/2018;05:15;0;0;0
28/08/2018;05:30;0;0;0
28/08/2018;05:45;0;0;0
28/08/2018;06:00;0;0;0
28/08/2018;06:15;0;0;0
28/08/2018;06:30;0;0;0
28/08/2018;06:45;0;0;0
28/08/2018;07:00;0;0;0
28/08/2018;07:15;0;0;0
28/08/2018;07:30;0;0;0
28/08/2018;07:45;0;0;0
28/08/2018;08:00;0;0;0
28/08/2018;08:15;0;0;0
28/08/2018;08:30;0;0;0
28/08/2018;08:45;0;0;0
28/08/2018;09:00;0;0;0
28/08/2018;09:15;0;0;0
28/08/2018;09:30;0;0;0
28/08/2018;09:45;0;0;0
28/08/2018;10:00;0;0;0
28/08/2018;10:15;0;0;0
28/08/2018;10:30;0;0;0
28/08/2018;10:45;0;0;0
28/08/2018;11:00;0;0;0
28/08/2018;11:15;0;0;0
28/08/2018;11:30;0;0;0
28/08/2018;11:45;0;0;0
28/08/2018;12:00;0;0;0
28/08/2018;12:15;0;0;0
28/08/2018;12:30;0;0;0
28/08/2018;12:45;0;0;0
28/08/2018;13:00;0;0;0
28/08/2018;13:15;0;0;0
28/08/2018;13:30;0;0;0
28/08/2018;13:45;0;0;0
28/08/2018;14:00;0;0;0
28/08/2018;14:15;0;0;0
28/08/2018;14:30;0;0;0
28/08/2018;14:45;0;0;0
28/08/2018;15:00;0;0;0
28/08/2018;15:15;0;0;0
28/08/2018;15:30;0;0;0
28/08/2018;15:45;0;0;0
28/08/2018;16:00;0;0;0
28/08/2018;16:15;0;0;0
28/08/2018;16:30;0;0;0
28/08/2018;16:45;0;0;0
28/08/2018;17:00;0;0;0
28/08/2018;17:15;0;0;0
28/08/2018;17:30;0;0;0
28/08/2018;17:45;0;0;0
28/08/2018;18:00;0;0;0
28/08/2018;18:15;0;0;0
28/08/2018;18:30;0;0;0
28/08/2018;18:45;0;0;0
28/08/2018;19:00;0;0;0
28/08/2018;19:15;0;0;0
28/08/2018;19:30;0;0;0
28/08/2018;19:45;0;0;0
28/08/2018;20:00;0;0;0
28/08/2018;20:15;0;0;0
28/08/2018;20:30;0;0;0
28/08/2018;20:45;0;0;0
28/08/2018;21:00;0;0;0
28/08/2018;21:15;0;0;0
28/08/2018;21:30;0;0;0
28/08/2018;21:45;0;0;0
28/08/2018;22:00;0;0;0
28/08/2018;22:15;0;0;0
28/08/2018;22:30;0;0;0
28/08/2018;22:45;0;0;0
28/08/2018;23:00;0;0;0
28/08/2018;23:15;0;0;0
28/08/2018;23:30;0;0;0
28/08/2018;23:45;0;0;0
29/08/2018;00:00;0;0;0
29/08/2018;00:15;0;0;0
29/08/2018;00:30;0;0;0
29/08/2018;00:45;0;0;0
29/08/2018;01:00;0;0;0
29/08/2018;01:15;0;0;0
29/08/2018;01:30;0;0;0
29/08/2018;01:45;0;0;0
29/08/2018;02:00;0;0;0
29/08/2018;02:15;0;0;0
29/08/2018;02:30;0;0;0
29/08/2018;02:45;0;0;0
29/08/2018;03:00;0;0;0
29/08/2018;03:15;0;0;0
29/08/2018;03:30;0;0;0
29/08/2018;03:45;0;0;0
29/08/2018;04:00;0;0;0
29/08/2018;04:15;0;0;0
29/08/2018;04:30;0;0;0
29/08/2018;04:45;0;0;0
29/08/2018;05:00;0;0;0
29/08/2018;05:15;0;0;0
29/08/2018;05:30;0;0;0
29/08/2018;05:45;0;0;0
29/08/2018;06:00;0;0;0
29/08/2018;06:15;0;0;0
29/08/2018;06:30;0;0;0
29/08/2018;06:45;0;0;0
29/08/2018;07:00;0;0;0
29/08/2018;07:15;0;0;0
29/08/2018;07:30;0;0;0
29/08/2018;07:45;0;0;0
29/08/2018;08:00;0;0;0
29/08/2018;08:15;0;0;0
29/08/2018;08:30;0;0;0
29/08/2018;08:45;0;0;0
29/08/2018;09:00;0;0;0
29/08/2018;09:15;0;0;0
29/08/2018;09:30;0;0;0
29/08/2018;09:45;0;0;0
29/08/2018;10:00;0;0;0
29/08/2018;10:15;1;0;1
29/08/2018;10:30;0;0;0
29/08/2018;10:45;0;0;0
29/08/2018;11:00;0;0;0
29/08/2018;11:15;0;0;0
29/08/2018;11:30;0;0;0
29/08/2018;11:45;0;0;0
29/08/2018;12:00;0;0;0
29/08/2018;12:15;0;0;0
29/08/2018;12:30;0;0;0
29/08/2018;12:45;0;0;0
29/08/2018;13:00;0;0;0
29/08/2018;13:15;0;0;0
29/08/2018;13:30;0;0;0
29/08/2018;13:45;0;0;0
29/08/2018;14:00;0;0;0
29/08/2018;14:15;0;0;0
29/08/2018;14:30;0;0;0
29/08/2018;14:45;0;0;0
29/08/2018;15:00;0;0;0
29/08/2018;15:15;0;0;0
29/08/2018;15:30;0;0;0
29/08/2018;15:45;0;0;0
29/08/2018;16:00;0;0;0
29/08/2018;16:15;0;0;0
29/08/2018;16:30;0;0;0
29/08/2018;16:45;0;0;0
29/08/2018;17:00;0;0;0
29/08/2018;17:15;0;0;0
29/08/2018;17:30;0;0;0
29/08/2018;17:45;0;0;0
29/08/2018;18:00;0;0;0
29/08/2018;18:15;0;0;0
29/08/2018;18:30;0;0;0
29/08/2018;18:45;0;0;0
29/08/2018;19:00;0;0;0
29/08/2018;19:15;0;0;0
29/08/2018;19:30;0;0;0
29/08/2018;19:45;0;0;0
29/08/2018;20:00;0;0;0
29/08/2018;20:15;0;0;0
29/08/2018;20:30;0;0;0
29/08/2018;20:45;0;0;0
29/08/2018;21:00;0;0;0
29/08/2018;21:15;0;0;0
29/08/2018;21:30;0;0;0
29/08/2018;21:45;0;0;0
29/08/2018;22:00;0;0;0
29/08/2018;22:15;0;0;0
29/08/2018;22:30;0;0;0
29/08/2018;22:45;0;0;0
29/08/2018;23:00;0;0;0
29/08/2018;23:15;0;0;0
29/08/2018;23:30;0;0;0
29/08/2018;23:45;0;0;0
30/08/2018;00:00;0;0;0
30/08/2018;00:15;0;0;0
30/08/2018;00:30;0;0;0
30/08/2018;00:45;0;0;0
30/08/2018;01:00;0;0;0
30/08/2018;01:15;0;0;0
30/08/2018;01:30;0;0;0
30/08/2018;01:45;0;0;0
30/08/2018;02:00;0;0;0
30/08/2018;02:15;0;0;0
30/08/2018;02:30;0;0;0
30/08/2018;02:45;0;0;0
30/08/2018;03:00;0;0;0
30/08/2018;03:15;0;0;0
30/08/2018;03:30;0;0;0
30/08/2018;03:45;0;0;0
30/08/2018;04:00;0;0;0
30/08/2018;04:15;0;0;0
30/08/2018;04:30;0;0;0
30/08/2018;04:45;0;0;0
30/08/2018;05:00;0;0;0
30/08/2018;05:15;0;0;0
30/08/2018;05:30;0;0;0
30/08/2018;05:45;0;0;0
30/08/2018;06:00;0;0;0
30/08/2018;06:15;0;0;0
30/08/2018;06:30;0;0;0
30/08/2018;06:45;0;0;0
30/08/2018;07:00;0;0;0
30/08/2018;07:15;0;0;0
30/08/2018;07:30;0;0;0
30/08/2018;07:45;0;0;0
30/08/2018;08:00;0;0;0
30/08/2018;08:15;0;0;0
30/08/2018;08:30;0;0;0
30/08/2018;08:45;0;0;0
30/08/2018;09:00;0;0;0
30/08/2018;09:15;0;0;0
30/08/2018;09:30;0;0;0
30/08/2018;09:45;0;0;0
30/08/2018;10:00;0;0;0
30/08/2018;10:15;0;0;0
30/08/2018;10:30;0;0;0
30/08/2018;10:45;0;0;0
30/08/2018;11:00;0;0;0
30/08/2018;11:15;0;0;0
30/08/2018;11:30;0;0;0
30/08/2018;11:45;0;0;0
30/08/2018;12:00;0;0;0
30/08/2018;12:15;0;0;0
30/08/2018;12:30;0;0;0
30/08/2018;12:45;0;0;0
30/08/2018;13:00;0;0;0
30/08/2018;13:15;0;0;0
30/08/2018;13:30;0;0;0
30/08/2018;13:45;0;0;0
30/08/2018;14:00;0;0;0
30/08/2018;14:15;0;0;0
30/08/2018;14:30;0;0;0
30/08/2018;14:45;0;0;0
30/08/2018;15:00;0;0;0
30/08/2018;15:15;0;0;0
30/08/2018;15:30;0;0;0
30/08/2018;15:45;0;0;0
30/08/2018;16:00;0;0;0
30/08/2018;16:15;0;0;0
30/08/2018;16:30;0;0;0
30/08/2018;16:45;0;0;0
30/08/2018;17:00;0;0;0
30/08/2018;17:15;0;0;0
30/08/2018;17:30;0;0;0
30/08/2018;17:45;0;0;0
30/08/2018;18:00;0;0;0
30/08/2018;18:15;0;0;0
30/08/2018;18:30;0;0;0
30/08/2018;18:45;0;0;0
30/08/2018;19:00;0;0;0
30/08/2018;19:15;0;0;0
30/08/2018;19:30;0;0;0
30/08/2018;19:45;0;0;0
30/08/2018;20:00;0;0;0
30/08/2018;20:15;0;0;0
30/08/2018;20:30;0;0;0
30/08/2018;20:45;0;0;0
30/08/2018;21:00;0;0;0
30/08/2018;21:15;0;0;0
30/08/2018;21:30;0;0;0
30/08/2018;21:45;0;0;0
30/08/2018;22:00;0;0;0
30/08/2018;22:15;0;0;0
30/08/2018;22:30;0;0;0
30/08/2018;22:45;0;0;0
30/08/2018;23:00;0;0;0
30/08/2018;23:15;0;0;0
30/08/2018;23:30;0;0;0
30/08/2018;23:45;0;0;0
31/08/2018;00:00;0;0;0
31/08/2018;00:15;0;0;0
31/08/2018;00:30;0;0;0
31/08/2018;00:45;0;0;0
31/08/2018;01:00;0;0;0
31/08/2018;01:15;0;0;0
31/08/2018;01:30;0;0;0
31/08/2018;01:45;0;0;0
31/08/2018;02:00;0;0;0
31/08/2018;02:15;0;0;0
31/08/2018;02:30;0;0;0
31/08/2018;02:45;0;0;0
31/08/2018;03:00;0;0;0
31/08/2018;03:15;0;0;0
31/08/2018;03:30;0;0;0
31/08/2018;03:45;0;0;0
31/08/2018;04:00;0;0;0
31/08/2018;04:15;0;0;0
31/08/2018;04:30;0;0;0
31/08/2018;04:45;0;0;0
31/08/2018;05:00;0;0;0
31/08/2018;05:15;0;0;0
31/08/2018;05:30;0;0;0
31/08/2018;05:45;0;0;0
31/08/2018;06:00;0;0;0
31/08/2018;06:15;0;0;0
31/08/2018;06:30;0;0;0
31/08/2018;06:45;0;0;0
31/08/2018;07:00;0;0;0
31/08/2018;07:15;0;0;0
31/08/2018;07:30;0;0;0
31/08/2018;07:45;0;0;0
31/08/2018;08:00;0;0;0
31/08/2018;08:15;0;0;0
31/08/2018;08:30;0;0;0
31/08/2018;08:45;0;0;0
31/08/2018;09:00;0;0;0
31/08/2018;09:15;0;0;0
31/08/2018;09:30;0;0;0
31/08/2018;09:45;0;0;0
31/08/2018;10:00;0;0;0
31/08/2018;10:15;0;0;0
31/08/2018;10:30;0;0;0
31/08/2018;10:45;0;0;0
31/08/2018;11:00;0;0;0
31/08/2018;11:15;0;0;0
31/08/2018;11:30;0;0;0
31/08/2018;11:45;0;0;0
31/08/2018;12:00;0;0;0
31/08/2018;12:15;0;0;0
31/08/2018;12:30;0;0;0
31/08/2018;12:45;0;0;0
31/08/2018;13:00;0;0;0
31/08/2018;13:15;0;0;0
31/08/2018;13:30;0;0;0
31/08/2018;13:45;0;0;0
31/08/2018;14:00;0;0;0
31/08/2018;14:15;0;0;0
31/08/2018;14:30;0;0;0
31/08/2018;14:45;0;0;0
31/08/2018;15:00;0;0;0
31/08/2018;15:15;0;0;0
31/08/2018;15:30;0;0;0
31/08/2018;15:45;0;0;0
31/08/2018;16:00;0;0;0
31/08/2018;16:15;0;0;0
31/08/2018;16:30;0;0;0
31/08/2018;16:45;0;0;0
31/08/2018;17:00;0;0;0
31/08/2018;17:15;0;0;0
31/08/2018;17:30;0;0;0
31/08/2018;17:45;0;0;0
31/08/2018;18:00;0;0;0
31/08/2018;18:15;0;0;0
31/08/2018;18:30;0;0;0
31/08/2018;18:45;0;0;0
31/08/2018;19:00;0;0;0
31/08/2018;19:15;0;0;0
31/08/2018;19:30;0;0;0
31/08/2018;19:45;0;0;0
31/08/2018;20:00;0;0;0
31/08/2018;20:15;0;0;0
31/08/2018;20:30;0;0;0
31/08/2018;20:45;0;0;0
31/08/2018;21:00;0;0;0
31/08/2018;21:15;0;0;0
31/08/2018;21:30;0;0;0
31/08/2018;21:45;0;0;0
31/08/2018;22:00;0;0;0
31/08/2018;22:15;0;0;0
31/08/2018;22:30;0;0;0
31/08/2018;22:45;0;0;0
31/08/2018;23:00;0;0;0
31/08/2018;23:15;0;0;0
31/08/2018;23:30;0;0;0
31/08/2018;23:45;0;0;0
01/09/2018;00:00;0;0;0
01/09/2018;00:15;0;0;0
01/09/2018;00:30;0;0;0
01/09/2018;00:45;0;0;0
01/09/2018;01:00;0;0;0
01/09/2018;01:15;0;0;0
01/09/2018;01:30;0;0;0
01/09/2018;01:45;0;0;0
01/09/2018;02:00;0;0;0
01/09/2018;02:15;0;0;0
01/09/2018;02:30;0;0;0
01/09/2018;02:45;0;0;0
01/09/2018;03:00;0;0;0
01/09/2018;03:15;0;0;0
01/09/2018;03:30;0;0;0
01/09/2018;03:45;0;0;0
01/09/2018;04:00;0;0;0
01/09/2018;04:15;0;0;0
01/09/2018;04:30;0;0;0
01/09/2018;04:45;0;0;0
01/09/2018;05:00;0;0;0
01/09/2018;05:15;0;0;0
01/09/2018;05:30;0;0;0
01/09/2018;05:45;0;0;0
01/09/2018;06:00;0;0;0
01/09/2018;06:15;0;0;0
01/09/2018;06:30;0;0;0
01/09/2018;06:45;0;0;0
01/09/2018;07:00;0;0;0
01/09/2018;07:15;0;0;0
01/09/2018;07:30;0;0;0
01/09/2018;07:45;0;0;0
01/09/2018;08:00;0;0;0
01/09/2018;08:15;0;0;0
01/09/2018;08:30;0;0;0
01/09/2018;08:45;0;0;0
01/09/2018;09:00;0;0;0
01/09/2018;09:15;0;0;0
01/09/2018;09:30;0;0;0
01/09/2018;09:45;0;0;0
01/09/2018;10:00;0;0;0
01/09/2018;10:15;0;0;0
01/09/2018;10:30;0;0;0
01/09/2018;10:45;0;0;0
01/09/2018;11:00;0;0;0
01/09/2018;11:15;0;0;0
01/09/2018;11:30;0;0;0
01/09/2018;11:45;0;0;0
01/09/2018;12:00;0;0;0
01/09/2018;12:15;0;0;0
01/09/2018;12:30;0;0;0
01/09/2018;12:45;0;0;0
01/09/2018;13:00;0;0;0
01/09/2018;13:15;0;0;0
01/09/2018;13:30;0;0;0
01/09/2018;13:45;0;0;0
01/09/2018;14:00;0;0;0
01/09/2018;14:15;0;0;0
01/09/2018;14:30;0;0;0
01/09/2018;14:45;0;0;0
01/09/2018;15:00;0;0;0
01/09/2018;15:15;0;0;0
01/09/2018;15:30;0;0;0
01/09/2018;15:45;0;0;0
01/09/2018;16:00;0;0;0
01/09/2018;16:15;0;0;0
01/09/2018;16:30;0;0;0
01/09/2018;16:45;0;0;0
01/09/2018;17:00;0;0;0
01/09/2018;17:15;0;0;0
01/09/2018;17:30;0;0;0
01/09/2018;17:45;0;0;0
01/09/2018;18:00;0;0;0
01/09/2018;18:15;0;0;0
01/09/2018;18:30;0;0;0
01/09/2018;18:45;0;0;0
01/09/2018;19:00;0;0;0
01/09/2018;19:15;0;0;0
01/09/2018;19:30;0;0;0
01/09/2018;19:45;0;0;0
01/09/2018;20:00;0;0;0
01/09/2018;20:15;0;0;0
01/09/2018;20:30;0;0;0
01/09/2018;20:45;0;0;0
01/09/2018;21:00;0;0;0
01/09/2018;21:15;0;0;0
01/09/2018;21:30;0;0;0
01/09/2018;21:45;0;0;0
01/09/2018;22:00;0;0;0
01/09/2018;22:15;0;0;0
01/09/2018;22:30;0;0;0
01/09/2018;22:45;0;0;0
01/09/2018;23:00;0;0;0
01/09/2018;23:15;0;0;0
01/09/2018;23:30;0;0;0
01/09/2018;23:45;0;0;0
02/09/2018;00:00;0;0;0
02/09/2018;00:15;0;0;0
02/09/2018;00:30;0;0;0
02/09/2018;00:45;0;0;0
02/09/2018;01:00;0;0;0
02/09/2018;01:15;0;0;0
02/09/2018;01:30;0;0;0
02/09/2018;01:45;0;0;0
02/09/2018;02:00;0;0;0
02/09/2018;02:15;0;0;0
02/09/2018;02:30;0;0;0
02/09/2018;02:45;0;0;0
02/09/2018;03:00;0;0;0
02/09/2018;03:15;0;0;0
02/09/2018;03:30;0;0;0
02/09/2018;03:45;0;0;0
02/09/2018;04:00;0;0;0
02/09/2018;04:15;0;0;0
02/09/2018;04:30;0;0;0
02/09/2018;04:45;0;0;0
02/09/2018;05:00;0;0;0
02/09/2018;05:15;0;0;0
02/09/2018;05:30;0;0;0
02/09/2018;05:45;0;0;0
02/09/2018;06:00;0;0;0
02/09/2018;06:15;0;0;0
02/09/2018;06:30;0;0;0
02/09/2018;06:45;0;0;0
02/09/2018;07:00;0;0;0
02/09/2018;07:15;0;0;0
02/09/2018;07:30;0;0;0
02/09/2018;07:45;0;0;0
02/09/2018;08:00;0;0;0
02/09/2018;08:15;0;0;0
02/09/2018;08:30;0;0;0
02/09/2018;08:45;0;0;0
02/09/2018;09:00;0;0;0
02/09/2018;09:15;0;0;0
02/09/2018;09:30;0;0;0
02/09/2018;09:45;0;0;0
02/09/2018;10:00;0;0;0
02/09/2018;10:15;0;0;0
02/09/2018;10:30;0;0;0
02/09/2018;10:45;0;0;0
02/09/2018;11:00;0;0;0
02/09/2018;11:15;0;0;0
02/09/2018;11:30;0;0;0
02/09/2018;11:45;0;0;0
02/09/2018;12:00;0;0;0
02/09/2018;12:15;0;0;0
02/09/2018;12:30;0;0;0
02/09/2018;12:45;0;0;0
02/09/2018;13:00;0;0;0
02/09/2018;13:15;0;0;0
02/09/2018;13:30;0;0;0
02/09/2018;13:45;0;0;0
02/09/2018;14:00;0;0;0
02/09/2018;14:15;0;0;0
02/09/2018;14:30;0;0;0
02/09/2018;14:45;0;0;0
02/09/2018;15:00;0;0;0
02/09/2018;15:15;0;0;0
02/09/2018;15:30;0;0;0
02/09/2018;15:45;0;0;0
02/09/2018;16:00;0;0;0
02/09/2018;16:15;0;0;0
02/09/2018;16:30;0;0;0
02/09/2018;16:45;0;0;0
02/09/2018;17:00;0;0;0
02/09/2018;17:15;0;0;0
02/09/2018;17:30;0;0;0
02/09/2018;17:45;0;0;0
02/09/2018;18:00;0;0;0
02/09/2018;18:15;0;0;0
02/09/2018;18:30;0;0;0
02/09/2018;18:45;0;0;0
02/09/2018;19:00;0;0;0
02/09/2018;19:15;0;0;0
02/09/2018;19:30;0;0;0
02/09/2018;19:45;0;0;0
02/09/2018;20:00;0;0;0
02/09/2018;20:15;0;0;0
02/09/2018;20:30;0;0;0
02/09/2018;20:45;0;0;0
02/09/2018;21:00;0;0;0
02/09/2018;21:15;0;0;0
02/09/2018;21:30;0;0;0
02/09/2018;21:45;0;0;0
02/09/2018;22:00;0;0;0
02/09/2018;22:15;0;0;0
02/09/2018;22:30;0;0;0
02/09/2018;22:45;0;0;0
02/09/2018;23:00;0;0;0
02/09/2018;23:15;0;0;0
02/09/2018;23:30;0;0;0
02/09/2018;23:45;0;0;0
03/09/2018;00:00;0;0;0
03/09/2018;00:15;0;0;0
03/09/2018;00:30;0;0;0
03/09/2018;00:45;0;0;0
03/09/2018;01:00;0;0;0
03/09/2018;01:15;0;0;0
03/09/2018;01:30;0;0;0
03/09/2018;01:45;0;0;0
03/09/2018;02:00;0;0;0
03/09/2018;02:15;0;0;0
03/09/2018;02:30;0;0;0
03/09/2018;02:45;0;0;0
03/09/2018;03:00;0;0;0
03/09/2018;03:15;0;0;0
03/09/2018;03:30;0;0;0
03/09/2018;03:45;0;0;0
03/09/2018;04:00;0;0;0
03/09/2018;04:15;0;0;0
03/09/2018;04:30;0;0;0
03/09/2018;04:45;0;0;0
03/09/2018;05:00;0;0;0
03/09/2018;05:15;0;0;0
03/09/2018;05:30;0;0;0
03/09/2018;05:45;0;0;0
03/09/2018;06:00;0;0;0
03/09/2018;06:15;0;0;0
03/09/2018;06:30;0;0;0
03/09/2018;06:45;0;0;0
03/09/2018;07:00;0;0;0
03/09/2018;07:15;0;0;0
03/09/2018;07:30;0;0;0
03/09/2018;07:45;0;0;0
03/09/2018;08:00;0;0;0
03/09/2018;08:15;0;0;0
03/09/2018;08:30;0;0;0
03/09/2018;08:45;0;0;0
03/09/2018;09:00;0;0;0
03/09/2018;09:15;0;0;0
03/09/2018;09:30;0;0;0
03/09/2018;09:45;0;0;0
03/09/2018;10:00;0;0;0
03/09/2018;10:15;0;0;0
03/09/2018;10:30;0;0;0
03/09/2018;10:45;0;0;0
03/09/2018;11:00;0;0;0
03/09/2018;11:15;0;0;0
03/09/2018;11:30;0;0;0
03/09/2018;11:45;0;0;0
03/09/2018;12:00;0;0;0
03/09/2018;12:15;0;0;0
03/09/2018;12:30;0;0;0
03/09/2018;12:45;0;0;0
03/09/2018;13:00;0;0;0
03/09/2018;13:15;0;0;0
03/09/2018;13:30;0;0;0
03/09/2018;13:45;0;0;0
03/09/2018;14:00;0;0;0
03/09/2018;14:15;0;0;0
03/09/2018;14:30;0;0;0
03/09/2018;14:45;0;0;0
03/09/2018;15:00;0;0;0
03/09/2018;15:15;0;0;0
03/09/2018;15:30;0;0;0
03/09/2018;15:45;0;0;0
03/09/2018;16:00;0;0;0
03/09/2018;16:15;0;0;0
03/09/2018;16:30;0;0;0
03/09/2018;16:45;0;0;0
03/09/2018;17:00;0;0;0
03/09/2018;17:15;0;0;0
03/09/2018;17:30;0;0;0
03/09/2018;17:45;0;0;0
03/09/2018;18:00;0;0;0
03/09/2018;18:15;0;0;0
03/09/2018;18:30;0;0;0
03/09/2018;18:45;0;0;0
03/09/2018;19:00;0;0;0
03/09/2018;19:15;0;0;0
03/09/2018;19:30;0;0;0
03/09/2018;19:45;0;0;0
03/09/2018;20:00;0;0;0
03/09/2018;20:15;0;0;0
03/09/2018;20:30;0;0;0
03/09/2018;20:45;0;0;0
03/09/2018;21:00;0;0;0
03/09/2018;21:15;0;0;0
03/09/2018;21:30;0;0;0
03/09/2018;21:45;0;0;0
03/09/2018;22:00;0;0;0
03/09/2018;22:15;0;0;0
03/09/2018;22:30;0;0;0
03/09/2018;22:45;0;0;0
03/09/2018;23:00;0;0;0
03/09/2018;23:15;0;0;0
03/09/2018;23:30;0;0;0
03/09/2018;23:45;0;0;0
04/09/2018;00:00;0;0;0
04/09/2018;00:15;0;0;0
04/09/2018;00:30;0;0;0
04/09/2018;00:45;0;0;0
04/09/2018;01:00;0;0;0
04/09/2018;01:15;0;0;0
04/09/2018;01:30;0;0;0
04/09/2018;01:45;0;0;0
04/09/2018;02:00;0;0;0
04/09/2018;02:15;0;0;0
04/09/2018;02:30;0;0;0
04/09/2018;02:45;0;0;0
04/09/2018;03:00;0;0;0
04/09/2018;03:15;0;0;0
04/09/2018;03:30;0;0;0
04/09/2018;03:45;0;0;0
04/09/2018;04:00;0;0;0
04/09/2018;04:15;0;0;0
04/09/2018;04:30;0;0;0
04/09/2018;04:45;0;0;0
04/09/2018;05:00;0;0;0
04/09/2018;05:15;0;0;0
04/09/2018;05:30;0;0;0
04/09/2018;05:45;0;0;0
04/09/2018;06:00;0;0;0
04/09/2018;06:15;0;0;0
04/09/2018;06:30;0;0;0
04/09/2018;06:45;0;0;0
04/09/2018;07:00;0;0;0
04/09/2018;07:15;0;0;0
04/09/2018;07:30;0;0;0
04/09/2018;07:45;0;0;0
04/09/2018;08:00;0;0;0
04/09/2018;08:15;0;0;0
04/09/2018;08:30;0;0;0
04/09/2018;08:45;0;0;0
04/09/2018;09:00;0;0;0
04/09/2018;09:15;0;0;0
04/09/2018;09:30;0;0;0
04/09/2018;09:45;0;0;0
04/09/2018;10:00;0;0;0
04/09/2018;10:15;0;0;0
04/09/2018;10:30;0;0;0
04/09/2018;10:45;0;0;0
04/09/2018;11:00;0;0;0
04/09/2018;11:15;0;0;0
04/09/2018;11:30;0;0;0
04/09/2018;11:45;0;0;0
04/09/2018;12:00;0;0;0
04/09/2018;12:15;0;0;0
04/09/2018;12:30;0;0;0
04/09/2018;12:45;0;0;0
04/09/2018;13:00;0;0;0
04/09/2018;13:15;0;0;0
04/09/2018;13:30;0;0;0
04/09/2018;13:45;0;0;0
04/09/2018;14:00;0;0;0
04/09/2018;14:15;0;0;0
04/09/2018;14:30;0;0;0
04/09/2018;14:45;0;0;0
04/09/2018;15:00;0;0;0
04/09/2018;15:15;0;0;0
04/09/2018;15:30;0;0;0
04/09/2018;15:45;0;0;0
04/09/2018;16:00;0;0;0
04/09/2018;16:15;0;0;0
04/09/2018;16:30;0;0;0
04/09/2018;16:45;0;0;0
04/09/2018;17:00;0;0;0
04/09/2018;17:15;0;0;0
04/09/2018;17:30;0;0;0
04/09/2018;17:45;0;0;0
04/09/2018;18:00;0;0;0
04/09/2018;18:15;0;0;0
04/09/2018;18:30;0;0;0
04/09/2018;18:45;0;0;0
04/09/2018;19:00;0;0;0
04/09/2018;19:15;0;0;0
04/09/2018;19:30;0;0;0
04/09/2018;19:45;0;0;0
04/09/2018;20:00;0;0;0
04/09/2018;20:15;0;0;0
04/09/2018;20:30;0;0;0
04/09/2018;20:45;0;0;0
04/09/2018;21:00;0;0;0
04/09/2018;21:15;0;0;0
04/09/2018;21:30;0;0;0
04/09/2018;21:45;0;0;0
04/09/2018;22:00;0;0;0
04/09/2018;22:15;0;0;0
04/09/2018;22:30;0;0;0
04/09/2018;22:45;0;0;0
04/09/2018;23:00;0;0;0
04/09/2018;23:15;0;0;0
04/09/2018;23:30;0;0;0
04/09/2018;23:45;0;0;0
05/09/2018;00:00;0;0;0
05/09/2018;00:15;0;0;0
05/09/2018;00:30;0;0;0
05/09/2018;00:45;0;0;0
05/09/2018;01:00;0;0;0
05/09/2018;01:15;0;0;0
05/09/2018;01:30;0;0;0
05/09/2018;01:45;0;0;0
05/09/2018;02:00;0;0;0
05/09/2018;02:15;0;0;0
05/09/2018;02:30;0;0;0
05/09/2018;02:45;0;0;0
05/09/2018;03:00;0;0;0
05/09/2018;03:15;0;0;0
05/09/2018;03:30;0;0;0
05/09/2018;03:45;0;0;0
05/09/2018;04:00;0;0;0
05/09/2018;04:15;0;0;0
05/09/2018;04:30;0;0;0
05/09/2018;04:45;0;0;0
05/09/2018;05:00;0;0;0
05/09/2018;05:15;0;0;0
05/09/2018;05:30;0;0;0
05/09/2018;05:45;0;0;0
05/09/2018;06:00;0;0;0
05/09/2018;06:15;0;0;0
05/09/2018;06:30;0;0;0
05/09/2018;06:45;0;0;0
05/09/2018;07:00;0;0;0
05/09/2018;07:15;0;0;0
05/09/2018;07:30;0;0;0
05/09/2018;07:45;0;0;0
05/09/2018;08:00;0;0;0
05/09/2018;08:15;0;0;0
05/09/2018;08:30;0;0;0
05/09/2018;08:45;0;0;0
05/09/2018;09:00;0;0;0
05/09/2018;09:15;0;0;0
05/09/2018;09:30;0;0;0
05/09/2018;09:45;0;0;0
05/09/2018;10:00;0;0;0
05/09/2018;10:15;0;0;0
05/09/2018;10:30;0;0;0
05/09/2018;10:45;0;0;0
05/09/2018;11:00;0;0;0
05/09/2018;11:15;0;0;0
05/09/2018;11:30;0;0;0
05/09/2018;11:45;0;0;0
05/09/2018;12:00;0;0;0
05/09/2018;12:15;0;0;0
05/09/2018;12:30;0;0;0
05/09/2018;12:45;0;0;0
05/09/2018;13:00;0;0;0
05/09/2018;13:15;0;0;0
05/09/2018;13:30;0;0;0
05/09/2018;13:45;0;0;0
05/09/2018;14:00;0;0;0
05/09/2018;14:15;0;0;0
05/09/2018;14:30;0;0;0
05/09/2018;14:45;0;0;0
05/09/2018;15:00;0;0;0
05/09/2018;15:15;0;0;0
05/09/2018;15:30;0;0;0
05/09/2018;15:45;0;0;0
05/09/2018;16:00;0;0;0
05/09/2018;16:15;0;0;0
05/09/2018;16:30;0;0;0
05/09/2018;16:45;0;0;0
05/09/2018;17:00;0;0;0
05/09/2018;17:15;0;0;0
05/09/2018;17:30;0;0;0
05/09/2018;17:45;0;0;0
05/09/2018;18:00;0;0;0
05/09/2018;18:15;0;0;0
05/09/2018;18:30;0;0;0
05/09/2018;18:45;0;0;0
05/09/2018;19:00;0;0;0
05/09/2018;19:15;0;0;0
05/09/2018;19:30;0;0;0
05/09/2018;19:45;0;0;0
05/09/2018;20:00;0;0;0
05/09/2018;20:15;0;0;0
05/09/2018;20:30;0;0;0
05/09/2018;20:45;0;0;0
05/09/2018;21:00;0;0;0
05/09/2018;21:15;0;0;0
05/09/2018;21:30;0;0;0
05/09/2018;21:45;0;0;0
05/09/2018;22:00;0;0;0
05/09/2018;22:15;0;0;0
05/09/2018;22:30;0;0;0
05/09/2018;22:45;0;0;0
05/09/2018;23:00;0;0;0
05/09/2018;23:15;0;0;0
05/09/2018;23:30;0;0;0
05/09/2018;23:45;0;0;0
06/09/2018;00:00;0;0;0
06/09/2018;00:15;0;0;0
06/09/2018;00:30;0;0;0
06/09/2018;00:45;0;0;0
06/09/2018;01:00;0;0;0
06/09/2018;01:15;0;0;0
06/09/2018;01:30;0;0;0
06/09/2018;01:45;0;0;0
06/09/2018;02:00;0;0;0
06/09/2018;02:15;0;0;0
06/09/2018;02:30;0;0;0
06/09/2018;02:45;0;0;0
06/09/2018;03:00;0;0;0
06/09/2018;03:15;0;0;0
06/09/2018;03:30;0;0;0
06/09/2018;03:45;0;0;0
06/09/2018;04:00;0;0;0
06/09/2018;04:15;0;0;0
06/09/2018;04:30;0;0;0
06/09/2018;04:45;0;0;0
06/09/2018;05:00;0;0;0
06/09/2018;05:15;0;0;0
06/09/2018;05:30;0;0;0
06/09/2018;05:45;0;0;0
06/09/2018;06:00;0;0;0
06/09/2018;06:15;0;0;0
06/09/2018;06:30;0;0;0
06/09/2018;06:45;0;0;0
06/09/2018;07:00;0;0;0
06/09/2018;07:15;0;0;0
06/09/2018;07:30;0;0;0
06/09/2018;07:45;0;0;0
06/09/2018;08:00;0;0;0
06/09/2018;08:15;0;0;0
06/09/2018;08:30;0;0;0
06/09/2018;08:45;0;0;0
06/09/2018;09:00;0;0;0
06/09/2018;09:15;0;0;0
06/09/2018;09:30;0;0;0
06/09/2018;09:45;0;0;0
06/09/2018;10:00;0;0;0
06/09/2018;10:15;0;0;0
06/09/2018;10:30;0;0;0
06/09/2018;10:45;0;0;0
06/09/2018;11:00;0;0;0
06/09/2018;11:15;0;0;0
06/09/2018;11:30;0;0;0
06/09/2018;11:45;0;0;0
06/09/2018;12:00;0;0;0
06/09/2018;12:15;0;0;0
06/09/2018;12:30;0;0;0
06/09/2018;12:45;0;0;0
06/09/2018;13:00;0;0;0
06/09/2018;13:15;0;0;0
06/09/2018;13:30;0;0;0
06/09/2018;13:45;0;0;0
06/09/2018;14:00;0;0;0
06/09/2018;14:15;0;0;0
06/09/2018;14:30;0;0;0
06/09/2018;14:45;0;0;0
06/09/2018;15:00;0;0;0
06/09/2018;15:15;0;0;0
06/09/2018;15:30;0;0;0
06/09/2018;15:45;0;0;0
06/09/2018;16:00;0;0;0
06/09/2018;16:15;0;0;0
06/09/2018;16:30;0;0;0
06/09/2018;16:45;0;0;0
06/09/2018;17:00;0;0;0
06/09/2018;17:15;0;0;0
06/09/2018;17:30;0;0;0
06/09/2018;17:45;0;0;0
06/09/2018;18:00;0;0;0
06/09/2018;18:15;0;0;0
06/09/2018;18:30;0;0;0
06/09/2018;18:45;0;0;0
06/09/2018;19:00;0;0;0
06/09/2018;19:15;0;0;0
06/09/2018;19:30;0;0;0
06/09/2018;19:45;0;0;0
06/09/2018;20:00;0;0;0
06/09/2018;20:15;0;0;0
06/09/2018;20:30;0;0;0
06/09/2018;20:45;0;0;0
06/09/2018;21:00;0;0;0
06/09/2018;21:15;0;0;0
06/09/2018;21:30;0;0;0
06/09/2018;21:45;0;0;0
06/09/2018;22:00;0;0;0
06/09/2018;22:15;0;0;0
06/09/2018;22:30;0;0;0
06/09/2018;22:45;0;0;0
06/09/2018;23:00;0;0;0
06/09/2018;23:15;0;0;0
06/09/2018;23:30;0;0;0
06/09/2018;23:45;0;0;0
07/09/2018;00:00;0;0;0
07/09/2018;00:15;0;0;0
07/09/2018;00:30;0;0;0
07/09/2018;00:45;0;0;0
07/09/2018;01:00;0;0;0
07/09/2018;01:15;0;0;0
07/09/2018;01:30;0;0;0
07/09/2018;01:45;0;0;0
07/09/2018;02:00;0;0;0
07/09/2018;02:15;0;0;0
07/09/2018;02:30;0;0;0
07/09/2018;02:45;0;0;0
07/09/2018;03:00;0;0;0
07/09/2018;03:15;0;0;0
07/09/2018;03:30;0;0;0
07/09/2018;03:45;0;0;0
07/09/2018;04:00;0;0;0
07/09/2018;04:15;0;0;0
07/09/2018;04:30;0;0;0
07/09/2018;04:45;0;0;0
07/09/2018;05:00;0;0;0
07/09/2018;05:15;0;0;0
07/09/2018;05:30;0;0;0
07/09/2018;05:45;0;0;0
07/09/2018;06:00;0;0;0
07/09/2018;06:15;0;0;0
07/09/2018;06:30;0;0;0
07/09/2018;06:45;0;0;0
07/09/2018;07:00;0;0;0
07/09/2018;07:15;0;0;0
07/09/2018;07:30;0;0;0
07/09/2018;07:45;0;0;0
07/09/2018;08:00;0;0;0
07/09/2018;08:15;0;0;0
07/09/2018;08:30;0;0;0
07/09/2018;08:45;0;0;0
07/09/2018;09:00;0;0;0
07/09/2018;09:15;0;0;0
07/09/2018;09:30;0;0;0
07/09/2018;09:45;0;0;0
07/09/2018;10:00;0;0;0
07/09/2018;10:15;0;0;0
07/09/2018;10:30;0;0;0
07/09/2018;10:45;0;0;0
07/09/2018;11:00;0;0;0
07/09/2018;11:15;0;0;0
07/09/2018;11:30;3;3;0
07/09/2018;11:45;0;0;0
07/09/2018;12:00;0;0;0
07/09/2018;12:15;0;0;0
07/09/2018;12:30;0;0;0
07/09/2018;12:45;0;0;0
07/09/2018;13:00;0;0;0
07/09/2018;13:15;0;0;0
07/09/2018;13:30;0;0;0
07/09/2018;13:45;0;0;0
07/09/2018;14:00;0;0;0
07/09/2018;14:15;0;0;0
07/09/2018;14:30;0;0;0
07/09/2018;14:45;0;0;0
07/09/2018;15:00;0;0;0
07/09/2018;15:15;0;0;0
07/09/2018;15:30;0;0;0
07/09/2018;15:45;0;0;0
07/09/2018;16:00;0;0;0
07/09/2018;16:15;0;0;0
07/09/2018;16:30;0;0;0
07/09/2018;16:45;0;0;0
07/09/2018;17:00;0;0;0
07/09/2018;17:15;0;0;0
07/09/2018;17:30;0;0;0
07/09/2018;17:45;0;0;0
07/09/2018;18:00;0;0;0
07/09/2018;18:15;0;0;0
07/09/2018;18:30;0;0;0
07/09/2018;18:45;0;0;0
07/09/2018;19:00;0;0;0
07/09/2018;19:15;0;0;0
07/09/2018;19:30;0;0;0
07/09/2018;19:45;0;0;0
07/09/2018;20:00;0;0;0
07/09/2018;20:15;0;0;0
07/09/2018;20:30;0;0;0
07/09/2018;20:45;0;0;0
07/09/2018;21:00;0;0;0
07/09/2018;21:15;0;0;0
07/09/2018;21:30;0;0;0
07/09/2018;21:45;0;0;0
07/09/2018;22:00;0;0;0
07/09/2018;22:15;0;0;0
07/09/2018;22:30;0;0;0
07/09/2018;22:45;0;0;0
07/09/2018;23:00;0;0;0
07/09/2018;23:15;0;0;0
07/09/2018;23:30;0;0;0
07/09/2018;23:45;0;0;0
08/09/2018;00:00;0;0;0
08/09/2018;00:15;0;0;0
08/09/2018;00:30;0;0;0
08/09/2018;00:45;0;0;0
08/09/2018;01:00;0;0;0
08/09/2018;01:15;0;0;0
08/09/2018;01:30;0;0;0
08/09/2018;01:45;0;0;0
08/09/2018;02:00;0;0;0
08/09/2018;02:15;0;0;0
08/09/2018;02:30;0;0;0
08/09/2018;02:45;0;0;0
08/09/2018;03:00;0;0;0
08/09/2018;03:15;0;0;0
08/09/2018;03:30;0;0;0
08/09/2018;03:45;0;0;0
08/09/2018;04:00;0;0;0
08/09/2018;04:15;0;0;0
08/09/2018;04:30;0;0;0
08/09/2018;04:45;0;0;0
08/09/2018;05:00;0;0;0
08/09/2018;05:15;0;0;0
08/09/2018;05:30;0;0;0
08/09/2018;05:45;0;0;0
08/09/2018;06:00;0;0;0
08/09/2018;06:15;0;0;0
08/09/2018;06:30;0;0;0
08/09/2018;06:45;0;0;0
08/09/2018;07:00;0;0;0
08/09/2018;07:15;0;0;0
08/09/2018;07:30;0;0;0
08/09/2018;07:45;0;0;0
08/09/2018;08:00;0;0;0
08/09/2018;08:15;0;0;0
08/09/2018;08:30;0;0;0
08/09/2018;08:45;0;0;0
08/09/2018;09:00;0;0;0
08/09/2018;09:15;0;0;0
08/09/2018;09:30;0;0;0
08/09/2018;09:45;0;0;0
08/09/2018;10:00;0;0;0
08/09/2018;10:15;0;0;0
08/09/2018;10:30;0;0;0
08/09/2018;10:45;0;0;0
08/09/2018;11:00;0;0;0
08/09/2018;11:15;0;0;0
08/09/2018;11:30;0;0;0
08/09/2018;11:45;0;0;0
08/09/2018;12:00;0;0;0
08/09/2018;12:15;0;0;0
08/09/2018;12:30;0;0;0
08/09/2018;12:45;0;0;0
08/09/2018;13:00;0;0;0
08/09/2018;13:15;0;0;0
08/09/2018;13:30;0;0;0
08/09/2018;13:45;0;0;0
08/09/2018;14:00;0;0;0
08/09/2018;14:15;0;0;0
08/09/2018;14:30;0;0;0
08/09/2018;14:45;0;0;0
08/09/2018;15:00;0;0;0
08/09/2018;15:15;0;0;0
08/09/2018;15:30;0;0;0
08/09/2018;15:45;0;0;0
08/09/2018;16:00;0;0;0
08/09/2018;16:15;0;0;0
08/09/2018;16:30;0;0;0
08/09/2018;16:45;0;0;0
08/09/2018;17:00;0;0;0
08/09/2018;17:15;0;0;0
08/09/2018;17:30;0;0;0
08/09/2018;17:45;0;0;0
08/09/2018;18:00;0;0;0
08/09/2018;18:15;0;0;0
08/09/2018;18:30;0;0;0
08/09/2018;18:45;0;0;0
08/09/2018;19:00;0;0;0
08/09/2018;19:15;0;0;0
08/09/2018;19:30;0;0;0
08/09/2018;19:45;0;0;0
08/09/2018;20:00;0;0;0
08/09/2018;20:15;0;0;0
08/09/2018;20:30;0;0;0
08/09/2018;20:45;0;0;0
08/09/2018;21:00;0;0;0
08/09/2018;21:15;0;0;0
08/09/2018;21:30;0;0;0
08/09/2018;21:45;0;0;0
08/09/2018;22:00;0;0;0
08/09/2018;22:15;0;0;0
08/09/2018;22:30;0;0;0
08/09/2018;22:45;0;0;0
08/09/2018;23:00;0;0;0
08/09/2018;23:15;0;0;0
08/09/2018;23:30;0;0;0
08/09/2018;23:45;0;0;0
09/09/2018;00:00;0;0;0
09/09/2018;00:15;0;0;0
09/09/2018;00:30;0;0;0
09/09/2018;00:45;0;0;0
09/09/2018;01:00;0;0;0
09/09/2018;01:15;0;0;0
09/09/2018;01:30;0;0;0
09/09/2018;01:45;0;0;0
09/09/2018;02:00;0;0;0
09/09/2018;02:15;0;0;0
09/09/2018;02:30;0;0;0
09/09/2018;02:45;0;0;0
09/09/2018;03:00;0;0;0
09/09/2018;03:15;0;0;0
09/09/2018;03:30;0;0;0
09/09/2018;03:45;0;0;0
09/09/2018;04:00;0;0;0
09/09/2018;04:15;0;0;0
09/09/2018;04:30;0;0;0
09/09/2018;04:45;0;0;0
09/09/2018;05:00;0;0;0
09/09/2018;05:15;0;0;0
09/09/2018;05:30;0;0;0
09/09/2018;05:45;0;0;0
09/09/2018;06:00;0;0;0
09/09/2018;06:15;0;0;0
09/09/2018;06:30;0;0;0
09/09/2018;06:45;0;0;0
09/09/2018;07:00;0;0;0
09/09/2018;07:15;0;0;0
09/09/2018;07:30;0;0;0
09/09/2018;07:45;0;0;0
09/09/2018;08:00;0;0;0
09/09/2018;08:15;0;0;0
09/09/2018;08:30;0;0;0
09/09/2018;08:45;0;0;0
09/09/2018;09:00;0;0;0
09/09/2018;09:15;0;0;0
09/09/2018;09:30;0;0;0
09/09/2018;09:45;0;0;0
09/09/2018;10:00;0;0;0
09/09/2018;10:15;0;0;0
09/09/2018;10:30;0;0;0
09/09/2018;10:45;0;0;0
09/09/2018;11:00;0;0;0
09/09/2018;11:15;0;0;0
09/09/2018;11:30;0;0;0
09/09/2018;11:45;0;0;0
09/09/2018;12:00;0;0;0
09/09/2018;12:15;0;0;0
09/09/2018;12:30;0;0;0
09/09/2018;12:45;0;0;0
09/09/2018;13:00;0;0;0
09/09/2018;13:15;0;0;0
09/09/2018;13:30;0;0;0
09/09/2018;13:45;0;0;0
09/09/2018;14:00;0;0;0
09/09/2018;14:15;0;0;0
09/09/2018;14:30;0;0;0
09/09/2018;14:45;0;0;0
09/09/2018;15:00;0;0;0
09/09/2018;15:15;0;0;0
09/09/2018;15:30;0;0;0
09/09/2018;15:45;0;0;0
09/09/2018;16:00;0;0;0
09/09/2018;16:15;0;0;0
09/09/2018;16:30;0;0;0
09/09/2018;16:45;0;0;0
09/09/2018;17:00;0;0;0
09/09/2018;17:15;0;0;0
09/09/2018;17:30;0;0;0
09/09/2018;17:45;0;0;0
09/09/2018;18:00;0;0;0
09/09/2018;18:15;0;0;0
09/09/2018;18:30;0;0;0
09/09/2018;18:45;0;0;0
09/09/2018;19:00;0;0;0
09/09/2018;19:15;0;0;0
09/09/2018;19:30;0;0;0
09/09/2018;19:45;0;0;0
09/09/2018;20:00;0;0;0
09/09/2018;20:15;0;0;0
09/09/2018;20:30;0;0;0
09/09/2018;20:45;0;0;0
09/09/2018;21:00;0;0;0
09/09/2018;21:15;0;0;0
09/09/2018;21:30;0;0;0
09/09/2018;21:45;0;0;0
09/09/2018;22:00;0;0;0
09/09/2018;22:15;0;0;0
09/09/2018;22:30;0;0;0
09/09/2018;22:45;0;0;0
09/09/2018;23:00;0;0;0
09/09/2018;23:15;0;0;0
09/09/2018;23:30;0;0;0
09/09/2018;23:45;0;0;0
10/09/2018;00:00;0;0;0
10/09/2018;00:15;0;0;0
10/09/2018;00:30;0;0;0
10/09/2018;00:45;0;0;0
10/09/2018;01:00;0;0;0
10/09/2018;01:15;0;0;0
10/09/2018;01:30;0;0;0
10/09/2018;01:45;0;0;0
10/09/2018;02:00;0;0;0
10/09/2018;02:15;0;0;0
10/09/2018;02:30;0;0;0
10/09/2018;02:45;0;0;0
10/09/2018;03:00;0;0;0
10/09/2018;03:15;0;0;0
10/09/2018;03:30;0;0;0
10/09/2018;03:45;0;0;0
10/09/2018;04:00;0;0;0
10/09/2018;04:15;0;0;0
10/09/2018;04:30;0;0;0
10/09/2018;04:45;0;0;0
10/09/2018;05:00;0;0;0
10/09/2018;05:15;0;0;0
10/09/2018;05:30;0;0;0
10/09/2018;05:45;0;0;0
10/09/2018;06:00;0;0;0
10/09/2018;06:15;0;0;0
10/09/2018;06:30;0;0;0
10/09/2018;06:45;0;0;0
10/09/2018;07:00;0;0;0
10/09/2018;07:15;0;0;0
10/09/2018;07:30;0;0;0
10/09/2018;07:45;0;0;0
10/09/2018;08:00;0;0;0
10/09/2018;08:15;0;0;0
10/09/2018;08:30;0;0;0
10/09/2018;08:45;0;0;0
10/09/2018;09:00;0;0;0
10/09/2018;09:15;0;0;0
10/09/2018;09:30;0;0;0
10/09/2018;09:45;0;0;0
10/09/2018;10:00;0;0;0
10/09/2018;10:15;0;0;0
10/09/2018;10:30;0;0;0
10/09/2018;10:45;0;0;0
10/09/2018;11:00;0;0;0
10/09/2018;11:15;0;0;0
10/09/2018;11:30;0;0;0
10/09/2018;11:45;0;0;0
10/09/2018;12:00;0;0;0
10/09/2018;12:15;0;0;0
10/09/2018;12:30;0;0;0
10/09/2018;12:45;0;0;0
10/09/2018;13:00;0;0;0
10/09/2018;13:15;0;0;0
10/09/2018;13:30;0;0;0
10/09/2018;13:45;0;0;0
10/09/2018;14:00;0;0;0
10/09/2018;14:15;0;0;0
10/09/2018;14:30;0;0;0
10/09/2018;14:45;0;0;0
10/09/2018;15:00;0;0;0
10/09/2018;15:15;0;0;0
10/09/2018;15:30;0;0;0
10/09/2018;15:45;0;0;0
10/09/2018;16:00;0;0;0
10/09/2018;16:15;0;0;0
10/09/2018;16:30;0;0;0
10/09/2018;16:45;0;0;0
10/09/2018;17:00;0;0;0
10/09/2018;17:15;0;0;0
10/09/2018;17:30;0;0;0
10/09/2018;17:45;0;0;0
10/09/2018;18:00;0;0;0
10/09/2018;18:15;0;0;0
10/09/2018;18:30;0;0;0
10/09/2018;18:45;0;0;0
10/09/2018;19:00;0;0;0
10/09/2018;19:15;0;0;0
10/09/2018;19:30;0;0;0
10/09/2018;19:45;0;0;0
10/09/2018;20:00;0;0;0
10/09/2018;20:15;0;0;0
10/09/2018;20:30;0;0;0
10/09/2018;20:45;0;0;0
10/09/2018;21:00;0;0;0
10/09/2018;21:15;0;0;0
10/09/2018;21:30;0;0;0
10/09/2018;21:45;0;0;0
10/09/2018;22:00;0;0;0
10/09/2018;22:15;0;0;0
10/09/2018;22:30;0;0;0
10/09/2018;22:45;0;0;0
10/09/2018;23:00;0;0;0
10/09/2018;23:15;0;0;0
10/09/2018;23:30;0;0;0
10/09/2018;23:45;0;0;0
11/09/2018;00:00;0;0;0
11/09/2018;00:15;0;0;0
11/09/2018;00:30;0;0;0
11/09/2018;00:45;0;0;0
11/09/2018;01:00;0;0;0
11/09/2018;01:15;0;0;0
11/09/2018;01:30;0;0;0
11/09/2018;01:45;0;0;0
11/09/2018;02:00;0;0;0
11/09/2018;02:15;0;0;0
11/09/2018;02:30;0;0;0
11/09/2018;02:45;0;0;0
11/09/2018;03:00;0;0;0
11/09/2018;03:15;0;0;0
11/09/2018;03:30;0;0;0
11/09/2018;03:45;0;0;0
11/09/2018;04:00;0;0;0
11/09/2018;04:15;0;0;0
11/09/2018;04:30;0;0;0
11/09/2018;04:45;0;0;0
11/09/2018;05:00;0;0;0
11/09/2018;05:15;0;0;0
11/09/2018;05:30;0;0;0
11/09/2018;05:45;0;0;0
11/09/2018;06:00;0;0;0
11/09/2018;06:15;0;0;0
11/09/2018;06:30;0;0;0
11/09/2018;06:45;0;0;0
11/09/2018;07:00;0;0;0
11/09/2018;07:15;0;0;0
11/09/2018;07:30;0;0;0
11/09/2018;07:45;0;0;0
11/09/2018;08:00;0;0;0
11/09/2018;08:15;0;0;0
11/09/2018;08:30;0;0;0
11/09/2018;08:45;0;0;0
11/09/2018;09:00;0;0;0
11/09/2018;09:15;0;0;0
11/09/2018;09:30;0;0;0
11/09/2018;09:45;0;0;0
11/09/2018;10:00;0;0;0
11/09/2018;10:15;0;0;0
11/09/2018;10:30;0;0;0
11/09/2018;10:45;0;0;0
11/09/2018;11:00;0;0;0
11/09/2018;11:15;0;0;0
11/09/2018;11:30;0;0;0
11/09/2018;11:45;0;0;0
11/09/2018;12:00;0;0;0
11/09/2018;12:15;0;0;0
11/09/2018;12:30;0;0;0
11/09/2018;12:45;0;0;0
11/09/2018;13:00;0;0;0
11/09/2018;13:15;0;0;0
11/09/2018;13:30;0;0;0
11/09/2018;13:45;0;0;0
11/09/2018;14:00;0;0;0
11/09/2018;14:15;0;0;0
11/09/2018;14:30;0;0;0
11/09/2018;14:45;0;0;0
11/09/2018;15:00;0;0;0
11/09/2018;15:15;0;0;0
11/09/2018;15:30;0;0;0
11/09/2018;15:45;0;0;0
11/09/2018;16:00;0;0;0
11/09/2018;16:15;0;0;0
11/09/2018;16:30;0;0;0
11/09/2018;16:45;0;0;0
11/09/2018;17:00;0;0;0
11/09/2018;17:15;0;0;0
11/09/2018;17:30;0;0;0
11/09/2018;17:45;0;0;0
11/09/2018;18:00;0;0;0
11/09/2018;18:15;0;0;0
11/09/2018;18:30;0;0;0
11/09/2018;18:45;0;0;0
11/09/2018;19:00;0;0;0
11/09/2018;19:15;0;0;0
11/09/2018;19:30;0;0;0
11/09/2018;19:45;0;0;0
11/09/2018;20:00;0;0;0
11/09/2018;20:15;0;0;0
11/09/2018;20:30;0;0;0
11/09/2018;20:45;0;0;0
11/09/2018;21:00;0;0;0
11/09/2018;21:15;0;0;0
11/09/2018;21:30;0;0;0
11/09/2018;21:45;0;0;0
11/09/2018;22:00;0;0;0
11/09/2018;22:15;0;0;0
11/09/2018;22:30;0;0;0
11/09/2018;22:45;0;0;0
11/09/2018;23:00;0;0;0
11/09/2018;23:15;0;0;0
11/09/2018;23:30;0;0;0
11/09/2018;23:45;0;0;0
12/09/2018;00:00;0;0;0
12/09/2018;00:15;0;0;0
12/09/2018;00:30;0;0;0
12/09/2018;00:45;0;0;0
12/09/2018;01:00;0;0;0
12/09/2018;01:15;0;0;0
12/09/2018;01:30;0;0;0
12/09/2018;01:45;0;0;0
12/09/2018;02:00;0;0;0
12/09/2018;02:15;0;0;0
12/09/2018;02:30;0;0;0
12/09/2018;02:45;0;0;0
12/09/2018;03:00;0;0;0
12/09/2018;03:15;0;0;0
12/09/2018;03:30;0;0;0
12/09/2018;03:45;0;0;0
12/09/2018;04:00;0;0;0
12/09/2018;04:15;0;0;0
12/09/2018;04:30;0;0;0
12/09/2018;04:45;0;0;0
12/09/2018;05:00;0;0;0
12/09/2018;05:15;0;0;0
12/09/2018;05:30;0;0;0
12/09/2018;05:45;0;0;0
12/09/2018;06:00;0;0;0
12/09/2018;06:15;0;0;0
12/09/2018;06:30;0;0;0
12/09/2018;06:45;0;0;0
12/09/2018;07:00;0;0;0
12/09/2018;07:15;0;0;0
12/09/2018;07:30;0;0;0
12/09/2018;07:45;0;0;0
12/09/2018;08:00;0;0;0
12/09/2018;08:15;0;0;0
12/09/2018;08:30;0;0;0
12/09/2018;08:45;0;0;0
12/09/2018;09:00;0;0;0
12/09/2018;09:15;0;0;0
12/09/2018;09:30;0;0;0
12/09/2018;09:45;0;0;0
12/09/2018;10:00;0;0;0
12/09/2018;10:15;0;0;0
12/09/2018;10:30;0;0;0
12/09/2018;10:45;0;0;0
12/09/2018;11:00;0;0;0
12/09/2018;11:15;0;0;0
12/09/2018;11:30;0;0;0
12/09/2018;11:45;0;0;0
12/09/2018;12:00;0;0;0
12/09/2018;12:15;0;0;0
12/09/2018;12:30;0;0;0
12/09/2018;12:45;0;0;0
12/09/2018;13:00;0;0;0
12/09/2018;13:15;0;0;0
12/09/2018;13:30;0;0;0
12/09/2018;13:45;0;0;0
12/09/2018;14:00;0;0;0
12/09/2018;14:15;0;0;0
12/09/2018;14:30;0;0;0
12/09/2018;14:45;0;0;0
12/09/2018;15:00;0;0;0
12/09/2018;15:15;0;0;0
12/09/2018;15:30;0;0;0
12/09/2018;15:45;0;0;0
12/09/2018;16:00;0;0;0
12/09/2018;16:15;0;0;0
12/09/2018;16:30;0;0;0
12/09/2018;16:45;0;0;0
12/09/2018;17:00;0;0;0
12/09/2018;17:15;0;0;0
12/09/2018;17:30;0;0;0
12/09/2018;17:45;0;0;0
12/09/2018;18:00;0;0;0
12/09/2018;18:15;0;0;0
12/09/2018;18:30;0;0;0
12/09/2018;18:45;0;0;0
12/09/2018;19:00;0;0;0
12/09/2018;19:15;0;0;0
12/09/2018;19:30;0;0;0
12/09/2018;19:45;0;0;0
12/09/2018;20:00;0;0;0
12/09/2018;20:15;0;0;0
12/09/2018;20:30;0;0;0
12/09/2018;20:45;0;0;0
12/09/2018;21:00;0;0;0
12/09/2018;21:15;0;0;0
12/09/2018;21:30;0;0;0
12/09/2018;21:45;0;0;0
12/09/2018;22:00;0;0;0
12/09/2018;22:15;0;0;0
12/09/2018;22:30;0;0;0
12/09/2018;22:45;0;0;0
12/09/2018;23:00;0;0;0
12/09/2018;23:15;0;0;0
12/09/2018;23:30;0;0;0
12/09/2018;23:45;0;0;0
13/09/2018;00:00;0;0;0
13/09/2018;00:15;0;0;0
13/09/2018;00:30;0;0;0
13/09/2018;00:45;0;0;0
13/09/2018;01:00;0;0;0
13/09/2018;01:15;0;0;0
13/09/2018;01:30;0;0;0
13/09/2018;01:45;0;0;0
13/09/2018;02:00;0;0;0
13/09/2018;02:15;0;0;0
13/09/2018;02:30;0;0;0
13/09/2018;02:45;0;0;0
13/09/2018;03:00;0;0;0
13/09/2018;03:15;0;0;0
13/09/2018;03:30;0;0;0
13/09/2018;03:45;0;0;0
13/09/2018;04:00;0;0;0
13/09/2018;04:15;0;0;0
13/09/2018;04:30;0;0;0
13/09/2018;04:45;0;0;0
13/09/2018;05:00;0;0;0
13/09/2018;05:15;0;0;0
13/09/2018;05:30;0;0;0
13/09/2018;05:45;0;0;0
13/09/2018;06:00;0;0;0
13/09/2018;06:15;0;0;0
13/09/2018;06:30;0;0;0
13/09/2018;06:45;0;0;0
13/09/2018;07:00;0;0;0
13/09/2018;07:15;0;0;0
13/09/2018;07:30;0;0;0
13/09/2018;07:45;0;0;0
13/09/2018;08:00;0;0;0
13/09/2018;08:15;0;0;0
13/09/2018;08:30;0;0;0
13/09/2018;08:45;0;0;0
13/09/2018;09:00;0;0;0
13/09/2018;09:15;0;0;0
13/09/2018;09:30;0;0;0
13/09/2018;09:45;0;0;0
13/09/2018;10:00;0;0;0
13/09/2018;10:15;0;0;0
13/09/2018;10:30;0;0;0
13/09/2018;10:45;0;0;0
13/09/2018;11:00;0;0;0
13/09/2018;11:15;0;0;0
13/09/2018;11:30;0;0;0
13/09/2018;11:45;0;0;0
13/09/2018;12:00;0;0;0
13/09/2018;12:15;0;0;0
13/09/2018;12:30;0;0;0
13/09/2018;12:45;0;0;0
13/09/2018;13:00;0;0;0
13/09/2018;13:15;0;0;0
13/09/2018;13:30;0;0;0
13/09/2018;13:45;0;0;0
13/09/2018;14:00;0;0;0
13/09/2018;14:15;0;0;0
13/09/2018;14:30;0;0;0
13/09/2018;14:45;0;0;0
13/09/2018;15:00;0;0;0
13/09/2018;15:15;0;0;0
13/09/2018;15:30;0;0;0
13/09/2018;15:45;0;0;0
13/09/2018;16:00;0;0;0
13/09/2018;16:15;0;0;0
13/09/2018;16:30;0;0;0
13/09/2018;16:45;0;0;0
13/09/2018;17:00;0;0;0
13/09/2018;17:15;0;0;0
13/09/2018;17:30;0;0;0
13/09/2018;17:45;0;0;0
13/09/2018;18:00;0;0;0
13/09/2018;18:15;0;0;0
13/09/2018;18:30;0;0;0
13/09/2018;18:45;0;0;0
13/09/2018;19:00;0;0;0
13/09/2018;19:15;0;0;0
13/09/2018;19:30;0;0;0
13/09/2018;19:45;0;0;0
13/09/2018;20:00;0;0;0
13/09/2018;20:15;0;0;0
13/09/2018;20:30;0;0;0
13/09/2018;20:45;0;0;0
13/09/2018;21:00;0;0;0
13/09/2018;21:15;0;0;0
13/09/2018;21:30;0;0;0
13/09/2018;21:45;0;0;0
13/09/2018;22:00;0;0;0
13/09/2018;22:15;0;0;0
13/09/2018;22:30;0;0;0
13/09/2018;22:45;0;0;0
13/09/2018;23:00;0;0;0
13/09/2018;23:15;0;0;0
13/09/2018;23:30;0;0;0
13/09/2018;23:45;0;0;0
14/09/2018;00:00;0;0;0
14/09/2018;00:15;0;0;0
14/09/2018;00:30;0;0;0
14/09/2018;00:45;0;0;0
14/09/2018;01:00;0;0;0
14/09/2018;01:15;0;0;0
14/09/2018;01:30;0;0;0
14/09/2018;01:45;0;0;0
14/09/2018;02:00;0;0;0
14/09/2018;02:15;0;0;0
14/09/2018;02:30;0;0;0
14/09/2018;02:45;0;0;0
14/09/2018;03:00;0;0;0
14/09/2018;03:15;0;0;0
14/09/2018;03:30;0;0;0
14/09/2018;03:45;0;0;0
14/09/2018;04:00;0;0;0
14/09/2018;04:15;0;0;0
14/09/2018;04:30;0;0;0
14/09/2018;04:45;0;0;0
14/09/2018;05:00;0;0;0
14/09/2018;05:15;0;0;0
14/09/2018;05:30;0;0;0
14/09/2018;05:45;0;0;0
14/09/2018;06:00;0;0;0
14/09/2018;06:15;0;0;0
14/09/2018;06:30;0;0;0
14/09/2018;06:45;0;0;0
14/09/2018;07:00;0;0;0
14/09/2018;07:15;0;0;0
14/09/2018;07:30;0;0;0
14/09/2018;07:45;0;0;0
14/09/2018;08:00;0;0;0
14/09/2018;08:15;0;0;0
14/09/2018;08:30;0;0;0
14/09/2018;08:45;0;0;0
14/09/2018;09:00;0;0;0
14/09/2018;09:15;0;0;0
14/09/2018;09:30;0;0;0
14/09/2018;09:45;0;0;0
14/09/2018;10:00;0;0;0
14/09/2018;10:15;0;0;0
14/09/2018;10:30;0;0;0
14/09/2018;10:45;0;0;0
14/09/2018;11:00;0;0;0
14/09/2018;11:15;0;0;0
14/09/2018;11:30;0;0;0
14/09/2018;11:45;0;0;0
14/09/2018;12:00;0;0;0
14/09/2018;12:15;0;0;0
14/09/2018;12:30;0;0;0
14/09/2018;12:45;0;0;0
14/09/2018;13:00;0;0;0
14/09/2018;13:15;0;0;0
14/09/2018;13:30;0;0;0
14/09/2018;13:45;0;0;0
14/09/2018;14:00;0;0;0
14/09/2018;14:15;0;0;0
14/09/2018;14:30;0;0;0
14/09/2018;14:45;0;0;0
14/09/2018;15:00;0;0;0
14/09/2018;15:15;0;0;0
14/09/2018;15:30;0;0;0
14/09/2018;15:45;0;0;0
14/09/2018;16:00;0;0;0
14/09/2018;16:15;0;0;0
14/09/2018;16:30;0;0;0
14/09/2018;16:45;0;0;0
14/09/2018;17:00;0;0;0
14/09/2018;17:15;0;0;0
14/09/2018;17:30;0;0;0
14/09/2018;17:45;0;0;0
14/09/2018;18:00;0;0;0
14/09/2018;18:15;0;0;0
14/09/2018;18:30;0;0;0
14/09/2018;18:45;0;0;0
14/09/2018;19:00;0;0;0
14/09/2018;19:15;0;0;0
14/09/2018;19:30;0;0;0
14/09/2018;19:45;0;0;0
14/09/2018;20:00;0;0;0
14/09/2018;20:15;0;0;0
14/09/2018;20:30;0;0;0
14/09/2018;20:45;0;0;0
14/09/2018;21:00;0;0;0
14/09/2018;21:15;0;0;0
14/09/2018;21:30;0;0;0
14/09/2018;21:45;0;0;0
14/09/2018;22:00;0;0;0
14/09/2018;22:15;0;0;0
14/09/2018;22:30;0;0;0
14/09/2018;22:45;0;0;0
14/09/2018;23:00;0;0;0
14/09/2018;23:15;0;0;0
14/09/2018;23:30;0;0;0
14/09/2018;23:45;0;0;0
15/09/2018;00:00;0;0;0
15/09/2018;00:15;0;0;0
15/09/2018;00:30;0;0;0
15/09/2018;00:45;0;0;0
15/09/2018;01:00;0;0;0
15/09/2018;01:15;0;0;0
15/09/2018;01:30;0;0;0
15/09/2018;01:45;0;0;0
15/09/2018;02:00;0;0;0
15/09/2018;02:15;0;0;0
15/09/2018;02:30;0;0;0
15/09/2018;02:45;0;0;0
15/09/2018;03:00;0;0;0
15/09/2018;03:15;0;0;0
15/09/2018;03:30;0;0;0
15/09/2018;03:45;0;0;0
15/09/2018;04:00;0;0;0
15/09/2018;04:15;0;0;0
15/09/2018;04:30;0;0;0
15/09/2018;04:45;0;0;0
15/09/2018;05:00;0;0;0
15/09/2018;05:15;0;0;0
15/09/2018;05:30;0;0;0
15/09/2018;05:45;0;0;0
15/09/2018;06:00;0;0;0
15/09/2018;06:15;0;0;0
15/09/2018;06:30;0;0;0
15/09/2018;06:45;0;0;0
15/09/2018;07:00;0;0;0
15/09/2018;07:15;0;0;0
15/09/2018;07:30;0;0;0
15/09/2018;07:45;0;0;0
15/09/2018;08:00;0;0;0
15/09/2018;08:15;0;0;0
15/09/2018;08:30;0;0;0
15/09/2018;08:45;0;0;0
15/09/2018;09:00;0;0;0
15/09/2018;09:15;0;0;0
15/09/2018;09:30;0;0;0
15/09/2018;09:45;0;0;0
15/09/2018;10:00;0;0;0
15/09/2018;10:15;0;0;0
15/09/2018;10:30;0;0;0
15/09/2018;10:45;0;0;0
15/09/2018;11:00;0;0;0
15/09/2018;11:15;0;0;0
15/09/2018;11:30;0;0;0
15/09/2018;11:45;0;0;0
15/09/2018;12:00;0;0;0
15/09/2018;12:15;0;0;0
15/09/2018;12:30;0;0;0
15/09/2018;12:45;0;0;0
15/09/2018;13:00;0;0;0
15/09/2018;13:15;0;0;0
15/09/2018;13:30;0;0;0
15/09/2018;13:45;0;0;0
15/09/2018;14:00;0;0;0
15/09/2018;14:15;0;0;0
15/09/2018;14:30;0;0;0
15/09/2018;14:45;0;0;0
15/09/2018;15:00;0;0;0
15/09/2018;15:15;0;0;0
15/09/2018;15:30;0;0;0
15/09/2018;15:45;0;0;0
15/09/2018;16:00;0;0;0
15/09/2018;16:15;0;0;0
15/09/2018;16:30;0;0;0
15/09/2018;16:45;0;0;0
15/09/2018;17:00;0;0;0
15/09/2018;17:15;0;0;0
15/09/2018;17:30;0;0;0
15/09/2018;17:45;0;0;0
15/09/2018;18:00;0;0;0
15/09/2018;18:15;0;0;0
15/09/2018;18:30;0;0;0
15/09/2018;18:45;0;0;0
15/09/2018;19:00;0;0;0
15/09/2018;19:15;0;0;0
15/09/2018;19:30;0;0;0
15/09/2018;19:45;0;0;0
15/09/2018;20:00;0;0;0
15/09/2018;20:15;0;0;0
15/09/2018;20:30;0;0;0
15/09/2018;20:45;0;0;0
15/09/2018;21:00;0;0;0
15/09/2018;21:15;0;0;0
15/09/2018;21:30;0;0;0
15/09/2018;21:45;0;0;0
15/09/2018;22:00;0;0;0
15/09/2018;22:15;0;0;0
15/09/2018;22:30;0;0;0
15/09/2018;22:45;0;0;0
15/09/2018;23:00;0;0;0
15/09/2018;23:15;0;0;0
15/09/2018;23:30;0;0;0
15/09/2018;23:45;0;0;0
16/09/2018;00:00;0;0;0
16/09/2018;00:15;0;0;0
16/09/2018;00:30;0;0;0
16/09/2018;00:45;0;0;0
16/09/2018;01:00;0;0;0
16/09/2018;01:15;0;0;0
16/09/2018;01:30;0;0;0
16/09/2018;01:45;0;0;0
16/09/2018;02:00;0;0;0
16/09/2018;02:15;0;0;0
16/09/2018;02:30;0;0;0
16/09/2018;02:45;0;0;0
16/09/2018;03:00;0;0;0
16/09/2018;03:15;0;0;0
16/09/2018;03:30;0;0;0
16/09/2018;03:45;0;0;0
16/09/2018;04:00;0;0;0
16/09/2018;04:15;0;0;0
16/09/2018;04:30;0;0;0
16/09/2018;04:45;0;0;0
16/09/2018;05:00;0;0;0
16/09/2018;05:15;0;0;0
16/09/2018;05:30;0;0;0
16/09/2018;05:45;0;0;0
16/09/2018;06:00;0;0;0
16/09/2018;06:15;0;0;0
16/09/2018;06:30;0;0;0
16/09/2018;06:45;0;0;0
16/09/2018;07:00;0;0;0
16/09/2018;07:15;0;0;0
16/09/2018;07:30;0;0;0
16/09/2018;07:45;0;0;0
16/09/2018;08:00;0;0;0
16/09/2018;08:15;0;0;0
16/09/2018;08:30;0;0;0
16/09/2018;08:45;0;0;0
16/09/2018;09:00;0;0;0
16/09/2018;09:15;0;0;0
16/09/2018;09:30;0;0;0
16/09/2018;09:45;0;0;0
16/09/2018;10:00;0;0;0
16/09/2018;10:15;0;0;0
16/09/2018;10:30;0;0;0
16/09/2018;10:45;0;0;0
16/09/2018;11:00;0;0;0
16/09/2018;11:15;0;0;0
16/09/2018;11:30;0;0;0
16/09/2018;11:45;0;0;0
16/09/2018;12:00;0;0;0
16/09/2018;12:15;0;0;0
16/09/2018;12:30;0;0;0
16/09/2018;12:45;0;0;0
16/09/2018;13:00;0;0;0
16/09/2018;13:15;0;0;0
16/09/2018;13:30;0;0;0
16/09/2018;13:45;0;0;0
16/09/2018;14:00;0;0;0
16/09/2018;14:15;0;0;0
16/09/2018;14:30;0;0;0
16/09/2018;14:45;0;0;0
16/09/2018;15:00;0;0;0
16/09/2018;15:15;0;0;0
16/09/2018;15:30;0;0;0
16/09/2018;15:45;0;0;0
16/09/2018;16:00;0;0;0
16/09/2018;16:15;0;0;0
16/09/2018;16:30;0;0;0
16/09/2018;16:45;0;0;0
16/09/2018;17:00;0;0;0
16/09/2018;17:15;0;0;0
16/09/2018;17:30;0;0;0
16/09/2018;17:45;0;0;0
16/09/2018;18:00;0;0;0
16/09/2018;18:15;0;0;0
16/09/2018;18:30;0;0;0
16/09/2018;18:45;0;0;0
16/09/2018;19:00;0;0;0
16/09/2018;19:15;0;0;0
16/09/2018;19:30;0;0;0
16/09/2018;19:45;0;0;0
16/09/2018;20:00;0;0;0
16/09/2018;20:15;0;0;0
16/09/2018;20:30;0;0;0
16/09/2018;20:45;0;0;0
16/09/2018;21:00;0;0;0
16/09/2018;21:15;0;0;0
16/09/2018;21:30;0;0;0
16/09/2018;21:45;0;0;0
16/09/2018;22:00;0;0;0
16/09/2018;22:15;0;0;0
16/09/2018;22:30;0;0;0
16/09/2018;22:45;0;0;0
16/09/2018;23:00;0;0;0
16/09/2018;23:15;0;0;0
16/09/2018;23:30;0;0;0
16/09/2018;23:45;0;0;0
17/09/2018;00:00;0;0;0
17/09/2018;00:15;0;0;0
17/09/2018;00:30;0;0;0
17/09/2018;00:45;0;0;0
17/09/2018;01:00;0;0;0
17/09/2018;01:15;0;0;0
17/09/2018;01:30;0;0;0
17/09/2018;01:45;0;0;0
17/09/2018;02:00;0;0;0
17/09/2018;02:15;0;0;0
17/09/2018;02:30;0;0;0
17/09/2018;02:45;0;0;0
17/09/2018;03:00;0;0;0
17/09/2018;03:15;0;0;0
17/09/2018;03:30;0;0;0
17/09/2018;03:45;0;0;0
17/09/2018;04:00;0;0;0
17/09/2018;04:15;0;0;0
17/09/2018;04:30;0;0;0
17/09/2018;04:45;0;0;0
17/09/2018;05:00;0;0;0
17/09/2018;05:15;0;0;0
17/09/2018;05:30;0;0;0
17/09/2018;05:45;0;0;0
17/09/2018;06:00;0;0;0
17/09/2018;06:15;0;0;0
17/09/2018;06:30;0;0;0
17/09/2018;06:45;0;0;0
17/09/2018;07:00;0;0;0
17/09/2018;07:15;0;0;0
17/09/2018;07:30;0;0;0
17/09/2018;07:45;0;0;0
17/09/2018;08:00;0;0;0
17/09/2018;08:15;0;0;0
17/09/2018;08:30;0;0;0
17/09/2018;08:45;0;0;0
17/09/2018;09:00;0;0;0
17/09/2018;09:15;0;0;0
17/09/2018;09:30;0;0;0
17/09/2018;09:45;0;0;0
17/09/2018;10:00;0;0;0
17/09/2018;10:15;0;0;0
17/09/2018;10:30;0;0;0
17/09/2018;10:45;0;0;0
17/09/2018;11:00;0;0;0
17/09/2018;11:15;0;0;0
17/09/2018;11:30;0;0;0
17/09/2018;11:45;0;0;0
17/09/2018;12:00;0;0;0
17/09/2018;12:15;0;0;0
17/09/2018;12:30;0;0;0
17/09/2018;12:45;0;0;0
17/09/2018;13:00;0;0;0
17/09/2018;13:15;0;0;0
17/09/2018;13:30;0;0;0
17/09/2018;13:45;0;0;0
17/09/2018;14:00;0;0;0
17/09/2018;14:15;0;0;0
17/09/2018;14:30;0;0;0
17/09/2018;14:45;0;0;0
17/09/2018;15:00;0;0;0
17/09/2018;15:15;0;0;0
17/09/2018;15:30;0;0;0
17/09/2018;15:45;0;0;0
17/09/2018;16:00;0;0;0
17/09/2018;16:15;0;0;0
17/09/2018;16:30;0;0;0
17/09/2018;16:45;0;0;0
17/09/2018;17:00;0;0;0
17/09/2018;17:15;0;0;0
17/09/2018;17:30;0;0;0
17/09/2018;17:45;0;0;0
17/09/2018;18:00;0;0;0
17/09/2018;18:15;0;0;0
17/09/2018;18:30;0;0;0
17/09/2018;18:45;0;0;0
17/09/2018;19:00;0;0;0
17/09/2018;19:15;0;0;0
17/09/2018;19:30;0;0;0
17/09/2018;19:45;0;0;0
17/09/2018;20:00;0;0;0
17/09/2018;20:15;0;0;0
17/09/2018;20:30;0;0;0
17/09/2018;20:45;0;0;0
17/09/2018;21:00;0;0;0
17/09/2018;21:15;0;0;0
17/09/2018;21:30;0;0;0
17/09/2018;21:45;0;0;0
17/09/2018;22:00;0;0;0
17/09/2018;22:15;0;0;0
17/09/2018;22:30;0;0;0
17/09/2018;22:45;0;0;0
17/09/2018;23:00;0;0;0
17/09/2018;23:15;0;0;0
17/09/2018;23:30;0;0;0
17/09/2018;23:45;0;0;0
18/09/2018;00:00;0;0;0
18/09/2018;00:15;0;0;0
18/09/2018;00:30;0;0;0
18/09/2018;00:45;0;0;0
18/09/2018;01:00;0;0;0
18/09/2018;01:15;0;0;0
18/09/2018;01:30;0;0;0
18/09/2018;01:45;0;0;0
18/09/2018;02:00;0;0;0
18/09/2018;02:15;0;0;0
18/09/2018;02:30;0;0;0
18/09/2018;02:45;0;0;0
18/09/2018;03:00;0;0;0
18/09/2018;03:15;0;0;0
18/09/2018;03:30;0;0;0
18/09/2018;03:45;0;0;0
18/09/2018;04:00;0;0;0
18/09/2018;04:15;0;0;0
18/09/2018;04:30;0;0;0
18/09/2018;04:45;0;0;0
18/09/2018;05:00;0;0;0
18/09/2018;05:15;0;0;0
18/09/2018;05:30;0;0;0
18/09/2018;05:45;0;0;0
18/09/2018;06:00;0;0;0
18/09/2018;06:15;0;0;0
18/09/2018;06:30;0;0;0
18/09/2018;06:45;0;0;0
18/09/2018;07:00;0;0;0
18/09/2018;07:15;0;0;0
18/09/2018;07:30;0;0;0
18/09/2018;07:45;0;0;0
18/09/2018;08:00;0;0;0
18/09/2018;08:15;0;0;0
18/09/2018;08:30;0;0;0
18/09/2018;08:45;0;0;0
18/09/2018;09:00;0;0;0
18/09/2018;09:15;0;0;0
18/09/2018;09:30;0;0;0
18/09/2018;09:45;0;0;0
18/09/2018;10:00;0;0;0
18/09/2018;10:15;0;0;0
18/09/2018;10:30;0;0;0
18/09/2018;10:45;0;0;0
18/09/2018;11:00;0;0;0
18/09/2018;11:15;0;0;0
18/09/2018;11:30;0;0;0
18/09/2018;11:45;0;0;0
18/09/2018;12:00;0;0;0
18/09/2018;12:15;0;0;0
18/09/2018;12:30;0;0;0
18/09/2018;12:45;0;0;0
18/09/2018;13:00;0;0;0
18/09/2018;13:15;0;0;0
18/09/2018;13:30;0;0;0
18/09/2018;13:45;0;0;0
18/09/2018;14:00;0;0;0
18/09/2018;14:15;0;0;0
18/09/2018;14:30;0;0;0
18/09/2018;14:45;0;0;0
18/09/2018;15:00;0;0;0
18/09/2018;15:15;0;0;0
18/09/2018;15:30;0;0;0
18/09/2018;15:45;0;0;0
18/09/2018;16:00;0;0;0
18/09/2018;16:15;0;0;0
18/09/2018;16:30;0;0;0
18/09/2018;16:45;0;0;0
18/09/2018;17:00;0;0;0
18/09/2018;17:15;0;0;0
18/09/2018;17:30;0;0;0
18/09/2018;17:45;0;0;0
18/09/2018;18:00;0;0;0
18/09/2018;18:15;0;0;0
18/09/2018;18:30;0;0;0
18/09/2018;18:45;0;0;0
18/09/2018;19:00;0;0;0
18/09/2018;19:15;0;0;0
18/09/2018;19:30;0;0;0
18/09/2018;19:45;0;0;0
18/09/2018;20:00;0;0;0
18/09/2018;20:15;0;0;0
18/09/2018;20:30;0;0;0
18/09/2018;20:45;0;0;0
18/09/2018;21:00;0;0;0
18/09/2018;21:15;0;0;0
18/09/2018;21:30;0;0;0
18/09/2018;21:45;0;0;0
18/09/2018;22:00;0;0;0
18/09/2018;22:15;0;0;0
18/09/2018;22:30;0;0;0
18/09/2018;22:45;0;0;0
18/09/2018;23:00;0;0;0
18/09/2018;23:15;0;0;0
18/09/2018;23:30;0;0;0
18/09/2018;23:45;0;0;0
19/09/2018;00:00;0;0;0
19/09/2018;00:15;0;0;0
19/09/2018;00:30;0;0;0
19/09/2018;00:45;0;0;0
19/09/2018;01:00;0;0;0
19/09/2018;01:15;0;0;0
19/09/2018;01:30;0;0;0
19/09/2018;01:45;0;0;0
19/09/2018;02:00;0;0;0
19/09/2018;02:15;0;0;0
19/09/2018;02:30;0;0;0
19/09/2018;02:45;0;0;0
19/09/2018;03:00;0;0;0
19/09/2018;03:15;0;0;0
19/09/2018;03:30;0;0;0
19/09/2018;03:45;0;0;0
19/09/2018;04:00;0;0;0
19/09/2018;04:15;0;0;0
19/09/2018;04:30;0;0;0
19/09/2018;04:45;0;0;0
19/09/2018;05:00;0;0;0
19/09/2018;05:15;0;0;0
19/09/2018;05:30;0;0;0
19/09/2018;05:45;0;0;0
19/09/2018;06:00;0;0;0
19/09/2018;06:15;0;0;0
19/09/2018;06:30;0;0;0
19/09/2018;06:45;0;0;0
19/09/2018;07:00;0;0;0
19/09/2018;07:15;0;0;0
19/09/2018;07:30;0;0;0
19/09/2018;07:45;0;0;0
19/09/2018;08:00;0;0;0
19/09/2018;08:15;0;0;0
19/09/2018;08:30;0;0;0
19/09/2018;08:45;0;0;0
19/09/2018;09:00;0;0;0
19/09/2018;09:15;0;0;0
19/09/2018;09:30;0;0;0
19/09/2018;09:45;0;0;0
19/09/2018;10:00;0;0;0
19/09/2018;10:15;0;0;0
19/09/2018;10:30;0;0;0
19/09/2018;10:45;0;0;0
19/09/2018;11:00;0;0;0
19/09/2018;11:15;0;0;0
19/09/2018;11:30;0;0;0
19/09/2018;11:45;0;0;0
19/09/2018;12:00;0;0;0
19/09/2018;12:15;0;0;0
19/09/2018;12:30;0;0;0
19/09/2018;12:45;0;0;0
19/09/2018;13:00;0;0;0
19/09/2018;13:15;0;0;0
19/09/2018;13:30;0;0;0
19/09/2018;13:45;0;0;0
19/09/2018;14:00;0;0;0
19/09/2018;14:15;0;0;0
19/09/2018;14:30;0;0;0
19/09/2018;14:45;0;0;0
19/09/2018;15:00;0;0;0
19/09/2018;15:15;0;0;0
19/09/2018;15:30;0;0;0
19/09/2018;15:45;0;0;0
19/09/2018;16:00;0;0;0
19/09/2018;16:15;0;0;0
19/09/2018;16:30;0;0;0
19/09/2018;16:45;0;0;0
19/09/2018;17:00;0;0;0
19/09/2018;17:15;0;0;0
19/09/2018;17:30;0;0;0
19/09/2018;17:45;0;0;0
19/09/2018;18:00;0;0;0
19/09/2018;18:15;0;0;0
19/09/2018;18:30;0;0;0
19/09/2018;18:45;0;0;0
19/09/2018;19:00;0;0;0
19/09/2018;19:15;0;0;0
19/09/2018;19:30;0;0;0
19/09/2018;19:45;0;0;0
19/09/2018;20:00;0;0;0
19/09/2018;20:15;0;0;0
19/09/2018;20:30;0;0;0
19/09/2018;20:45;0;0;0
19/09/2018;21:00;0;0;0
19/09/2018;21:15;0;0;0
19/09/2018;21:30;0;0;0
19/09/2018;21:45;0;0;0
19/09/2018;22:00;0;0;0
19/09/2018;22:15;0;0;0
19/09/2018;22:30;0;0;0
19/09/2018;22:45;0;0;0
19/09/2018;23:00;0;0;0
19/09/2018;23:15;0;0;0
19/09/2018;23:30;0;0;0
19/09/2018;23:45;0;0;0
20/09/2018;00:00;0;0;0
20/09/2018;00:15;0;0;0
20/09/2018;00:30;0;0;0
20/09/2018;00:45;0;0;0
20/09/2018;01:00;0;0;0
20/09/2018;01:15;0;0;0
20/09/2018;01:30;0;0;0
20/09/2018;01:45;0;0;0
20/09/2018;02:00;0;0;0
20/09/2018;02:15;0;0;0
20/09/2018;02:30;0;0;0
20/09/2018;02:45;0;0;0
20/09/2018;03:00;0;0;0
20/09/2018;03:15;0;0;0
20/09/2018;03:30;0;0;0
20/09/2018;03:45;0;0;0
20/09/2018;04:00;0;0;0
20/09/2018;04:15;0;0;0
20/09/2018;04:30;0;0;0
20/09/2018;04:45;0;0;0
20/09/2018;05:00;0;0;0
20/09/2018;05:15;0;0;0
20/09/2018;05:30;0;0;0
20/09/2018;05:45;0;0;0
20/09/2018;06:00;0;0;0
20/09/2018;06:15;0;0;0
20/09/2018;06:30;0;0;0
20/09/2018;06:45;0;0;0
20/09/2018;07:00;0;0;0
20/09/2018;07:15;0;0;0
20/09/2018;07:30;0;0;0
20/09/2018;07:45;0;0;0
20/09/2018;08:00;0;0;0
20/09/2018;08:15;0;0;0
20/09/2018;08:30;0;0;0
20/09/2018;08:45;0;0;0
20/09/2018;09:00;0;0;0
20/09/2018;09:15;0;0;0
20/09/2018;09:30;0;0;0
20/09/2018;09:45;0;0;0
20/09/2018;10:00;0;0;0
20/09/2018;10:15;0;0;0
20/09/2018;10:30;0;0;0
20/09/2018;10:45;0;0;0
20/09/2018;11:00;0;0;0
20/09/2018;11:15;0;0;0
20/09/2018;11:30;0;0;0
20/09/2018;11:45;0;0;0
20/09/2018;12:00;0;0;0
20/09/2018;12:15;0;0;0
20/09/2018;12:30;0;0;0
20/09/2018;12:45;0;0;0
20/09/2018;13:00;0;0;0
20/09/2018;13:15;0;0;0
20/09/2018;13:30;0;0;0
20/09/2018;13:45;0;0;0
20/09/2018;14:00;0;0;0
20/09/2018;14:15;0;0;0
20/09/2018;14:30;0;0;0
20/09/2018;14:45;0;0;0
20/09/2018;15:00;0;0;0
20/09/2018;15:15;0;0;0
20/09/2018;15:30;0;0;0
20/09/2018;15:45;0;0;0
20/09/2018;16:00;0;0;0
20/09/2018;16:15;0;0;0
20/09/2018;16:30;0;0;0
20/09/2018;16:45;0;0;0
20/09/2018;17:00;0;0;0
20/09/2018;17:15;0;0;0
20/09/2018;17:30;0;0;0
20/09/2018;17:45;0;0;0
20/09/2018;18:00;0;0;0
20/09/2018;18:15;0;0;0
20/09/2018;18:30;0;0;0
20/09/2018;18:45;0;0;0
20/09/2018;19:00;0;0;0
20/09/2018;19:15;0;0;0
20/09/2018;19:30;0;0;0
20/09/2018;19:45;0;0;0
20/09/2018;20:00;0;0;0
20/09/2018;20:15;0;0;0
20/09/2018;20:30;0;0;0
20/09/2018;20:45;0;0;0
20/09/2018;21:00;0;0;0
20/09/2018;21:15;0;0;0
20/09/2018;21:30;0;0;0
20/09/2018;21:45;0;0;0
20/09/2018;22:00;0;0;0
20/09/2018;22:15;0;0;0
20/09/2018;22:30;0;0;0
20/09/2018;22:45;0;0;0
20/09/2018;23:00;0;0;0
20/09/2018;23:15;0;0;0
20/09/2018;23:30;0;0;0
20/09/2018;23:45;0;0;0
21/09/2018;00:00;0;0;0
21/09/2018;00:15;0;0;0
21/09/2018;00:30;0;0;0
21/09/2018;00:45;0;0;0
21/09/2018;01:00;0;0;0
21/09/2018;01:15;0;0;0
21/09/2018;01:30;0;0;0
21/09/2018;01:45;0;0;0
21/09/2018;02:00;0;0;0
21/09/2018;02:15;0;0;0
21/09/2018;02:30;0;0;0
21/09/2018;02:45;0;0;0
21/09/2018;03:00;0;0;0
21/09/2018;03:15;0;0;0
21/09/2018;03:30;0;0;0
21/09/2018;03:45;0;0;0
21/09/2018;04:00;0;0;0
21/09/2018;04:15;0;0;0
21/09/2018;04:30;0;0;0
21/09/2018;04:45;0;0;0
21/09/2018;05:00;0;0;0
21/09/2018;05:15;0;0;0
21/09/2018;05:30;0;0;0
21/09/2018;05:45;0;0;0
21/09/2018;06:00;0;0;0
21/09/2018;06:15;0;0;0
21/09/2018;06:30;0;0;0
21/09/2018;06:45;0;0;0
21/09/2018;07:00;0;0;0
21/09/2018;07:15;0;0;0
21/09/2018;07:30;0;0;0
21/09/2018;07:45;0;0;0
21/09/2018;08:00;0;0;0
21/09/2018;08:15;0;0;0
21/09/2018;08:30;0;0;0
21/09/2018;08:45;0;0;0
21/09/2018;09:00;0;0;0
21/09/2018;09:15;0;0;0
21/09/2018;09:30;0;0;0
21/09/2018;09:45;0;0;0
21/09/2018;10:00;0;0;0
21/09/2018;10:15;0;0;0
21/09/2018;10:30;0;0;0
21/09/2018;10:45;0;0;0
21/09/2018;11:00;0;0;0
21/09/2018;11:15;0;0;0
21/09/2018;11:30;0;0;0
21/09/2018;11:45;0;0;0
21/09/2018;12:00;0;0;0
21/09/2018;12:15;0;0;0
21/09/2018;12:30;0;0;0
21/09/2018;12:45;0;0;0
21/09/2018;13:00;0;0;0
21/09/2018;13:15;0;0;0
21/09/2018;13:30;0;0;0
21/09/2018;13:45;0;0;0
21/09/2018;14:00;0;0;0
21/09/2018;14:15;0;0;0
21/09/2018;14:30;0;0;0
21/09/2018;14:45;0;0;0
21/09/2018;15:00;0;0;0
21/09/2018;15:15;0;0;0
21/09/2018;15:30;0;0;0
21/09/2018;15:45;0;0;0
21/09/2018;16:00;0;0;0
21/09/2018;16:15;0;0;0
21/09/2018;16:30;0;0;0
21/09/2018;16:45;0;0;0
21/09/2018;17:00;0;0;0
21/09/2018;17:15;0;0;0
21/09/2018;17:30;0;0;0
21/09/2018;17:45;0;0;0
21/09/2018;18:00;0;0;0
21/09/2018;18:15;0;0;0
21/09/2018;18:30;0;0;0
21/09/2018;18:45;0;0;0
21/09/2018;19:00;0;0;0
21/09/2018;19:15;0;0;0
21/09/2018;19:30;0;0;0
21/09/2018;19:45;0;0;0
21/09/2018;20:00;0;0;0
21/09/2018;20:15;0;0;0
21/09/2018;20:30;0;0;0
21/09/2018;20:45;0;0;0
21/09/2018;21:00;0;0;0
21/09/2018;21:15;0;0;0
21/09/2018;21:30;0;0;0
21/09/2018;21:45;0;0;0
21/09/2018;22:00;0;0;0
21/09/2018;22:15;0;0;0
21/09/2018;22:30;0;0;0
21/09/2018;22:45;0;0;0
21/09/2018;23:00;0;0;0
21/09/2018;23:15;0;0;0
21/09/2018;23:30;0;0;0
21/09/2018;23:45;0;0;0
22/09/2018;00:00;0;0;0
22/09/2018;00:15;0;0;0
22/09/2018;00:30;0;0;0
22/09/2018;00:45;0;0;0
22/09/2018;01:00;0;0;0
22/09/2018;01:15;0;0;0
22/09/2018;01:30;0;0;0
22/09/2018;01:45;0;0;0
22/09/2018;02:00;0;0;0
22/09/2018;02:15;0;0;0
22/09/2018;02:30;0;0;0
22/09/2018;02:45;0;0;0
22/09/2018;03:00;0;0;0
22/09/2018;03:15;0;0;0
22/09/2018;03:30;0;0;0
22/09/2018;03:45;0;0;0
22/09/2018;04:00;0;0;0
22/09/2018;04:15;0;0;0
22/09/2018;04:30;0;0;0
22/09/2018;04:45;0;0;0
22/09/2018;05:00;0;0;0
22/09/2018;05:15;0;0;0
22/09/2018;05:30;0;0;0
22/09/2018;05:45;0;0;0
22/09/2018;06:00;0;0;0
22/09/2018;06:15;0;0;0
22/09/2018;06:30;0;0;0
22/09/2018;06:45;0;0;0
22/09/2018;07:00;0;0;0
22/09/2018;07:15;0;0;0
22/09/2018;07:30;0;0;0
22/09/2018;07:45;0;0;0
22/09/2018;08:00;0;0;0
22/09/2018;08:15;0;0;0
22/09/2018;08:30;0;0;0
22/09/2018;08:45;0;0;0
22/09/2018;09:00;0;0;0
22/09/2018;09:15;0;0;0
22/09/2018;09:30;0;0;0
22/09/2018;09:45;0;0;0
22/09/2018;10:00;0;0;0
22/09/2018;10:15;0;0;0
22/09/2018;10:30;0;0;0
22/09/2018;10:45;0;0;0
22/09/2018;11:00;0;0;0
22/09/2018;11:15;0;0;0
22/09/2018;11:30;0;0;0
22/09/2018;11:45;0;0;0
22/09/2018;12:00;0;0;0
22/09/2018;12:15;0;0;0
22/09/2018;12:30;0;0;0
22/09/2018;12:45;0;0;0
22/09/2018;13:00;0;0;0
22/09/2018;13:15;0;0;0
22/09/2018;13:30;0;0;0
22/09/2018;13:45;0;0;0
22/09/2018;14:00;0;0;0
22/09/2018;14:15;0;0;0
22/09/2018;14:30;0;0;0
22/09/2018;14:45;0;0;0
22/09/2018;15:00;0;0;0
22/09/2018;15:15;0;0;0
22/09/2018;15:30;0;0;0
22/09/2018;15:45;0;0;0
22/09/2018;16:00;0;0;0
22/09/2018;16:15;0;0;0
22/09/2018;16:30;0;0;0
22/09/2018;16:45;0;0;0
22/09/2018;17:00;0;0;0
22/09/2018;17:15;0;0;0
22/09/2018;17:30;0;0;0
22/09/2018;17:45;0;0;0
22/09/2018;18:00;0;0;0
22/09/2018;18:15;0;0;0
22/09/2018;18:30;0;0;0
22/09/2018;18:45;0;0;0
22/09/2018;19:00;0;0;0
22/09/2018;19:15;0;0;0
22/09/2018;19:30;0;0;0
22/09/2018;19:45;0;0;0
22/09/2018;20:00;0;0;0
22/09/2018;20:15;0;0;0
22/09/2018;20:30;0;0;0
22/09/2018;20:45;0;0;0
22/09/2018;21:00;0;0;0
22/09/2018;21:15;0;0;0
22/09/2018;21:30;0;0;0
22/09/2018;21:45;0;0;0
22/09/2018;22:00;0;0;0
22/09/2018;22:15;0;0;0
22/09/2018;22:30;0;0;0
22/09/2018;22:45;0;0;0
22/09/2018;23:00;0;0;0
22/09/2018;23:15;0;0;0
22/09/2018;23:30;0;0;0
22/09/2018;23:45;0;0;0
23/09/2018;00:00;0;0;0
23/09/2018;00:15;0;0;0
23/09/2018;00:30;0;0;0
23/09/2018;00:45;0;0;0
23/09/2018;01:00;0;0;0
23/09/2018;01:15;0;0;0
23/09/2018;01:30;0;0;0
23/09/2018;01:45;0;0;0
23/09/2018;02:00;0;0;0
23/09/2018;02:15;0;0;0
23/09/2018;02:30;0;0;0
23/09/2018;02:45;0;0;0
23/09/2018;03:00;0;0;0
23/09/2018;03:15;0;0;0
23/09/2018;03:30;0;0;0
23/09/2018;03:45;0;0;0
23/09/2018;04:00;0;0;0
23/09/2018;04:15;0;0;0
23/09/2018;04:30;0;0;0
23/09/2018;04:45;0;0;0
23/09/2018;05:00;0;0;0
23/09/2018;05:15;0;0;0
23/09/2018;05:30;0;0;0
23/09/2018;05:45;0;0;0
23/09/2018;06:00;0;0;0
23/09/2018;06:15;0;0;0
23/09/2018;06:30;0;0;0
23/09/2018;06:45;0;0;0
23/09/2018;07:00;0;0;0
23/09/2018;07:15;0;0;0
23/09/2018;07:30;0;0;0
23/09/2018;07:45;0;0;0
23/09/2018;08:00;0;0;0
23/09/2018;08:15;0;0;0
23/09/2018;08:30;0;0;0
23/09/2018;08:45;0;0;0
23/09/2018;09:00;0;0;0
23/09/2018;09:15;0;0;0
23/09/2018;09:30;0;0;0
23/09/2018;09:45;0;0;0
23/09/2018;10:00;0;0;0
23/09/2018;10:15;0;0;0
23/09/2018;10:30;0;0;0
23/09/2018;10:45;0;0;0
23/09/2018;11:00;0;0;0
23/09/2018;11:15;0;0;0
23/09/2018;11:30;0;0;0
23/09/2018;11:45;0;0;0
23/09/2018;12:00;0;0;0
23/09/2018;12:15;0;0;0
23/09/2018;12:30;0;0;0
23/09/2018;12:45;0;0;0
23/09/2018;13:00;0;0;0
23/09/2018;13:15;0;0;0
23/09/2018;13:30;0;0;0
23/09/2018;13:45;0;0;0
23/09/2018;14:00;0;0;0
23/09/2018;14:15;0;0;0
23/09/2018;14:30;0;0;0
23/09/2018;14:45;0;0;0
23/09/2018;15:00;0;0;0
23/09/2018;15:15;0;0;0
23/09/2018;15:30;0;0;0
23/09/2018;15:45;0;0;0
23/09/2018;16:00;0;0;0
23/09/2018;16:15;0;0;0
23/09/2018;16:30;0;0;0
23/09/2018;16:45;0;0;0
23/09/2018;17:00;0;0;0
23/09/2018;17:15;0;0;0
23/09/2018;17:30;0;0;0
23/09/2018;17:45;0;0;0
23/09/2018;18:00;0;0;0
23/09/2018;18:15;0;0;0
23/09/2018;18:30;0;0;0
23/09/2018;18:45;0;0;0
23/09/2018;19:00;0;0;0
23/09/2018;19:15;0;0;0
23/09/2018;19:30;0;0;0
23/09/2018;19:45;0;0;0
23/09/2018;20:00;0;0;0
23/09/2018;20:15;0;0;0
23/09/2018;20:30;0;0;0
23/09/2018;20:45;0;0;0
23/09/2018;21:00;0;0;0
23/09/2018;21:15;0;0;0
23/09/2018;21:30;0;0;0
23/09/2018;21:45;0;0;0
23/09/2018;22:00;0;0;0
23/09/2018;22:15;0;0;0
23/09/2018;22:30;0;0;0
23/09/2018;22:45;0;0;0
23/09/2018;23:00;0;0;0
23/09/2018;23:15;0;0;0
23/09/2018;23:30;0;0;0
23/09/2018;23:45;0;0;0
24/09/2018;00:00;0;0;0
24/09/2018;00:15;0;0;0
24/09/2018;00:30;0;0;0
24/09/2018;00:45;0;0;0
24/09/2018;01:00;0;0;0
24/09/2018;01:15;0;0;0
24/09/2018;01:30;0;0;0
24/09/2018;01:45;0;0;0
24/09/2018;02:00;0;0;0
24/09/2018;02:15;0;0;0
24/09/2018;02:30;0;0;0
24/09/2018;02:45;0;0;0
24/09/2018;03:00;0;0;0
24/09/2018;03:15;0;0;0
24/09/2018;03:30;0;0;0
24/09/2018;03:45;0;0;0
24/09/2018;04:00;0;0;0
24/09/2018;04:15;0;0;0
24/09/2018;04:30;0;0;0
24/09/2018;04:45;0;0;0
24/09/2018;05:00;0;0;0
24/09/2018;05:15;0;0;0
24/09/2018;05:30;0;0;0
24/09/2018;05:45;0;0;0
24/09/2018;06:00;0;0;0
24/09/2018;06:15;0;0;0
24/09/2018;06:30;0;0;0
24/09/2018;06:45;0;0;0
24/09/2018;07:00;0;0;0
24/09/2018;07:15;0;0;0
24/09/2018;07:30;0;0;0
24/09/2018;07:45;0;0;0
24/09/2018;08:00;0;0;0
24/09/2018;08:15;0;0;0
24/09/2018;08:30;0;0;0
24/09/2018;08:45;0;0;0
24/09/2018;09:00;0;0;0
24/09/2018;09:15;0;0;0
24/09/2018;09:30;0;0;0
24/09/2018;09:45;0;0;0
24/09/2018;10:00;0;0;0
24/09/2018;10:15;0;0;0
24/09/2018;10:30;0;0;0
24/09/2018;10:45;0;0;0
24/09/2018;11:00;0;0;0
24/09/2018;11:15;0;0;0
24/09/2018;11:30;0;0;0
24/09/2018;11:45;0;0;0
24/09/2018;12:00;0;0;0
24/09/2018;12:15;0;0;0
24/09/2018;12:30;0;0;0
24/09/2018;12:45;0;0;0
24/09/2018;13:00;0;0;0
24/09/2018;13:15;0;0;0
24/09/2018;13:30;0;0;0
24/09/2018;13:45;0;0;0
24/09/2018;14:00;0;0;0
24/09/2018;14:15;0;0;0
24/09/2018;14:30;0;0;0
24/09/2018;14:45;0;0;0
24/09/2018;15:00;0;0;0
24/09/2018;15:15;0;0;0
24/09/2018;15:30;0;0;0
24/09/2018;15:45;0;0;0
24/09/2018;16:00;0;0;0
24/09/2018;16:15;0;0;0
24/09/2018;16:30;0;0;0
24/09/2018;16:45;0;0;0
24/09/2018;17:00;0;0;0
24/09/2018;17:15;0;0;0
24/09/2018;17:30;0;0;0
24/09/2018;17:45;0;0;0
24/09/2018;18:00;0;0;0
24/09/2018;18:15;0;0;0
24/09/2018;18:30;0;0;0
24/09/2018;18:45;0;0;0
24/09/2018;19:00;0;0;0
24/09/2018;19:15;0;0;0
24/09/2018;19:30;0;0;0
24/09/2018;19:45;0;0;0
24/09/2018;20:00;0;0;0
24/09/2018;20:15;0;0;0
24/09/2018;20:30;0;0;0
24/09/2018;20:45;0;0;0
24/09/2018;21:00;0;0;0
24/09/2018;21:15;0;0;0
24/09/2018;21:30;0;0;0
24/09/2018;21:45;0;0;0
24/09/2018;22:00;0;0;0
24/09/2018;22:15;0;0;0
24/09/2018;22:30;0;0;0
24/09/2018;22:45;0;0;0
24/09/2018;23:00;0;0;0
24/09/2018;23:15;0;0;0
24/09/2018;23:30;0;0;0
24/09/2018;23:45;0;0;0
25/09/2018;00:00;0;0;0
25/09/2018;00:15;0;0;0
25/09/2018;00:30;0;0;0
25/09/2018;00:45;0;0;0
25/09/2018;01:00;0;0;0
25/09/2018;01:15;0;0;0
25/09/2018;01:30;0;0;0
25/09/2018;01:45;0;0;0
25/09/2018;02:00;0;0;0
25/09/2018;02:15;0;0;0
25/09/2018;02:30;0;0;0
25/09/2018;02:45;0;0;0
25/09/2018;03:00;0;0;0
25/09/2018;03:15;0;0;0
25/09/2018;03:30;0;0;0
25/09/2018;03:45;0;0;0
25/09/2018;04:00;0;0;0
25/09/2018;04:15;0;0;0
25/09/2018;04:30;0;0;0
25/09/2018;04:45;0;0;0
25/09/2018;05:00;0;0;0
25/09/2018;05:15;0;0;0
25/09/2018;05:30;0;0;0
25/09/2018;05:45;0;0;0
25/09/2018;06:00;0;0;0
25/09/2018;06:15;0;0;0
25/09/2018;06:30;0;0;0
25/09/2018;06:45;0;0;0
25/09/2018;07:00;0;0;0
25/09/2018;07:15;0;0;0
25/09/2018;07:30;0;0;0
25/09/2018;07:45;0;0;0
25/09/2018;08:00;0;0;0
25/09/2018;08:15;0;0;0
25/09/2018;08:30;0;0;0
25/09/2018;08:45;0;0;0
25/09/2018;09:00;0;0;0
25/09/2018;09:15;0;0;0
25/09/2018;09:30;0;0;0
25/09/2018;09:45;0;0;0
25/09/2018;10:00;0;0;0
25/09/2018;10:15;0;0;0
25/09/2018;10:30;0;0;0
25/09/2018;10:45;0;0;0
25/09/2018;11:00;0;0;0
25/09/2018;11:15;0;0;0
25/09/2018;11:30;0;0;0
25/09/2018;11:45;0;0;0
25/09/2018;12:00;0;0;0
25/09/2018;12:15;0;0;0
25/09/2018;12:30;0;0;0
25/09/2018;12:45;0;0;0
25/09/2018;13:00;0;0;0
25/09/2018;13:15;0;0;0
25/09/2018;13:30;0;0;0
25/09/2018;13:45;0;0;0
25/09/2018;14:00;0;0;0
25/09/2018;14:15;0;0;0
25/09/2018;14:30;0;0;0
25/09/2018;14:45;0;0;0
25/09/2018;15:00;0;0;0
25/09/2018;15:15;0;0;0
25/09/2018;15:30;0;0;0
25/09/2018;15:45;0;0;0
25/09/2018;16:00;0;0;0
25/09/2018;16:15;0;0;0
25/09/2018;16:30;0;0;0
25/09/2018;16:45;0;0;0
25/09/2018;17:00;0;0;0
25/09/2018;17:15;0;0;0
25/09/2018;17:30;0;0;0
25/09/2018;17:45;0;0;0
25/09/2018;18:00;0;0;0
25/09/2018;18:15;0;0;0
25/09/2018;18:30;0;0;0
25/09/2018;18:45;0;0;0
25/09/2018;19:00;0;0;0
25/09/2018;19:15;0;0;0
25/09/2018;19:30;0;0;0
25/09/2018;19:45;0;0;0
25/09/2018;20:00;0;0;0
25/09/2018;20:15;0;0;0
25/09/2018;20:30;0;0;0
25/09/2018;20:45;0;0;0
25/09/2018;21:00;0;0;0
25/09/2018;21:15;0;0;0
25/09/2018;21:30;0;0;0
25/09/2018;21:45;0;0;0
25/09/2018;22:00;0;0;0
25/09/2018;22:15;0;0;0
25/09/2018;22:30;0;0;0
25/09/2018;22:45;0;0;0
25/09/2018;23:00;0;0;0
25/09/2018;23:15;0;0;0
25/09/2018;23:30;0;0;0
25/09/2018;23:45;0;0;0
26/09/2018;00:00;0;0;0
26/09/2018;00:15;0;0;0
26/09/2018;00:30;0;0;0
26/09/2018;00:45;0;0;0
26/09/2018;01:00;0;0;0
26/09/2018;01:15;0;0;0
26/09/2018;01:30;0;0;0
26/09/2018;01:45;0;0;0
26/09/2018;02:00;0;0;0
26/09/2018;02:15;0;0;0
26/09/2018;02:30;0;0;0
26/09/2018;02:45;0;0;0
26/09/2018;03:00;0;0;0
26/09/2018;03:15;0;0;0
26/09/2018;03:30;0;0;0
26/09/2018;03:45;0;0;0
26/09/2018;04:00;0;0;0
26/09/2018;04:15;0;0;0
26/09/2018;04:30;0;0;0
26/09/2018;04:45;0;0;0
26/09/2018;05:00;0;0;0
26/09/2018;05:15;0;0;0
26/09/2018;05:30;0;0;0
26/09/2018;05:45;0;0;0
26/09/2018;06:00;0;0;0
26/09/2018;06:15;0;0;0
26/09/2018;06:30;0;0;0
26/09/2018;06:45;0;0;0
26/09/2018;07:00;0;0;0
26/09/2018;07:15;0;0;0
26/09/2018;07:30;0;0;0
26/09/2018;07:45;0;0;0
26/09/2018;08:00;0;0;0
26/09/2018;08:15;0;0;0
26/09/2018;08:30;0;0;0
26/09/2018;08:45;0;0;0
26/09/2018;09:00;0;0;0
26/09/2018;09:15;0;0;0
26/09/2018;09:30;0;0;0
26/09/2018;09:45;0;0;0
26/09/2018;10:00;0;0;0
26/09/2018;10:15;0;0;0
26/09/2018;10:30;0;0;0
26/09/2018;10:45;0;0;0
26/09/2018;11:00;0;0;0
26/09/2018;11:15;0;0;0
26/09/2018;11:30;0;0;0
26/09/2018;11:45;0;0;0
26/09/2018;12:00;0;0;0
26/09/2018;12:15;0;0;0
26/09/2018;12:30;0;0;0
26/09/2018;12:45;0;0;0
26/09/2018;13:00;0;0;0
26/09/2018;13:15;0;0;0
26/09/2018;13:30;0;0;0
26/09/2018;13:45;0;0;0
26/09/2018;14:00;0;0;0
26/09/2018;14:15;0;0;0
26/09/2018;14:30;0;0;0
26/09/2018;14:45;0;0;0
26/09/2018;15:00;0;0;0
26/09/2018;15:15;0;0;0
26/09/2018;15:30;0;0;0
26/09/2018;15:45;0;0;0
26/09/2018;16:00;0;0;0
26/09/2018;16:15;0;0;0
26/09/2018;16:30;0;0;0
26/09/2018;16:45;0;0;0
26/09/2018;17:00;0;0;0
26/09/2018;17:15;0;0;0
26/09/2018;17:30;0;0;0
26/09/2018;17:45;0;0;0
26/09/2018;18:00;0;0;0
26/09/2018;18:15;0;0;0
26/09/2018;18:30;0;0;0
26/09/2018;18:45;0;0;0
26/09/2018;19:00;0;0;0
26/09/2018;19:15;0;0;0
26/09/2018;19:30;0;0;0
26/09/2018;19:45;0;0;0
26/09/2018;20:00;0;0;0
26/09/2018;20:15;0;0;0
26/09/2018;20:30;0;0;0
26/09/2018;20:45;0;0;0
26/09/2018;21:00;0;0;0
26/09/2018;21:15;0;0;0
26/09/2018;21:30;0;0;0
26/09/2018;21:45;0;0;0
26/09/2018;22:00;0;0;0
26/09/2018;22:15;0;0;0
26/09/2018;22:30;0;0;0
26/09/2018;22:45;0;0;0
26/09/2018;23:00;0;0;0
26/09/2018;23:15;0;0;0
26/09/2018;23:30;0;0;0
26/09/2018;23:45;0;0;0
27/09/2018;00:00;0;0;0
27/09/2018;00:15;0;0;0
27/09/2018;00:30;0;0;0
27/09/2018;00:45;0;0;0
27/09/2018;01:00;0;0;0
27/09/2018;01:15;0;0;0
27/09/2018;01:30;0;0;0
27/09/2018;01:45;0;0;0
27/09/2018;02:00;0;0;0
27/09/2018;02:15;0;0;0
27/09/2018;02:30;0;0;0
27/09/2018;02:45;0;0;0
27/09/2018;03:00;0;0;0
27/09/2018;03:15;0;0;0
27/09/2018;03:30;0;0;0
27/09/2018;03:45;0;0;0
27/09/2018;04:00;0;0;0
27/09/2018;04:15;0;0;0
27/09/2018;04:30;0;0;0
27/09/2018;04:45;0;0;0
27/09/2018;05:00;0;0;0
27/09/2018;05:15;0;0;0
27/09/2018;05:30;0;0;0
27/09/2018;05:45;0;0;0
27/09/2018;06:00;0;0;0
27/09/2018;06:15;0;0;0
27/09/2018;06:30;0;0;0
27/09/2018;06:45;0;0;0
27/09/2018;07:00;0;0;0
27/09/2018;07:15;0;0;0
27/09/2018;07:30;0;0;0
27/09/2018;07:45;0;0;0
27/09/2018;08:00;0;0;0
27/09/2018;08:15;0;0;0
27/09/2018;08:30;0;0;0
27/09/2018;08:45;0;0;0
27/09/2018;09:00;0;0;0
27/09/2018;09:15;0;0;0
27/09/2018;09:30;0;0;0
27/09/2018;09:45;0;0;0
27/09/2018;10:00;0;0;0
27/09/2018;10:15;0;0;0
27/09/2018;10:30;0;0;0
27/09/2018;10:45;0;0;0
27/09/2018;11:00;0;0;0
27/09/2018;11:15;0;0;0
27/09/2018;11:30;0;0;0
27/09/2018;11:45;0;0;0
27/09/2018;12:00;0;0;0
27/09/2018;12:15;0;0;0
27/09/2018;12:30;0;0;0
27/09/2018;12:45;0;0;0
27/09/2018;13:00;0;0;0
27/09/2018;13:15;0;0;0
27/09/2018;13:30;0;0;0
27/09/2018;13:45;0;0;0
27/09/2018;14:00;0;0;0
27/09/2018;14:15;0;0;0
27/09/2018;14:30;0;0;0
27/09/2018;14:45;0;0;0
27/09/2018;15:00;0;0;0
27/09/2018;15:15;0;0;0
27/09/2018;15:30;0;0;0
27/09/2018;15:45;0;0;0
27/09/2018;16:00;0;0;0
27/09/2018;16:15;0;0;0
27/09/2018;16:30;0;0;0
27/09/2018;16:45;0;0;0
27/09/2018;17:00;0;0;0
27/09/2018;17:15;0;0;0
27/09/2018;17:30;0;0;0
27/09/2018;17:45;0;0;0
27/09/2018;18:00;0;0;0
27/09/2018;18:15;0;0;0
27/09/2018;18:30;0;0;0
27/09/2018;18:45;0;0;0
27/09/2018;19:00;0;0;0
27/09/2018;19:15;0;0;0
27/09/2018;19:30;0;0;0
27/09/2018;19:45;0;0;0
27/09/2018;20:00;0;0;0
27/09/2018;20:15;0;0;0
27/09/2018;20:30;0;0;0
27/09/2018;20:45;0;0;0
27/09/2018;21:00;0;0;0
27/09/2018;21:15;0;0;0
27/09/2018;21:30;0;0;0
27/09/2018;21:45;0;0;0
27/09/2018;22:00;0;0;0
27/09/2018;22:15;0;0;0
27/09/2018;22:30;0;0;0
27/09/2018;22:45;0;0;0
27/09/2018;23:00;0;0;0
27/09/2018;23:15;0;0;0
27/09/2018;23:30;0;0;0
27/09/2018;23:45;0;0;0
28/09/2018;00:00;0;0;0
28/09/2018;00:15;0;0;0
28/09/2018;00:30;0;0;0
28/09/2018;00:45;0;0;0
28/09/2018;01:00;0;0;0
28/09/2018;01:15;0;0;0
28/09/2018;01:30;0;0;0
28/09/2018;01:45;0;0;0
28/09/2018;02:00;0;0;0
28/09/2018;02:15;0;0;0
28/09/2018;02:30;0;0;0
28/09/2018;02:45;0;0;0
28/09/2018;03:00;0;0;0
28/09/2018;03:15;0;0;0
28/09/2018;03:30;0;0;0
28/09/2018;03:45;0;0;0
28/09/2018;04:00;0;0;0
28/09/2018;04:15;0;0;0
28/09/2018;04:30;0;0;0
28/09/2018;04:45;0;0;0
28/09/2018;05:00;0;0;0
28/09/2018;05:15;0;0;0
28/09/2018;05:30;0;0;0
28/09/2018;05:45;0;0;0
28/09/2018;06:00;0;0;0
28/09/2018;06:15;0;0;0
28/09/2018;06:30;0;0;0
28/09/2018;06:45;0;0;0
28/09/2018;07:00;0;0;0
28/09/2018;07:15;0;0;0
28/09/2018;07:30;0;0;0
28/09/2018;07:45;0;0;0
28/09/2018;08:00;0;0;0
28/09/2018;08:15;0;0;0
28/09/2018;08:30;0;0;0
28/09/2018;08:45;0;0;0
28/09/2018;09:00;0;0;0
28/09/2018;09:15;0;0;0
28/09/2018;09:30;0;0;0
28/09/2018;09:45;0;0;0
28/09/2018;10:00;0;0;0
28/09/2018;10:15;0;0;0
28/09/2018;10:30;0;0;0
28/09/2018;10:45;0;0;0
28/09/2018;11:00;0;0;0
28/09/2018;11:15;0;0;0
28/09/2018;11:30;0;0;0
28/09/2018;11:45;0;0;0
28/09/2018;12:00;0;0;0
28/09/2018;12:15;0;0;0
28/09/2018;12:30;0;0;0
28/09/2018;12:45;0;0;0
28/09/2018;13:00;0;0;0
28/09/2018;13:15;0;0;0
28/09/2018;13:30;0;0;0
28/09/2018;13:45;0;0;0
28/09/2018;14:00;0;0;0
28/09/2018;14:15;0;0;0
28/09/2018;14:30;0;0;0
28/09/2018;14:45;0;0;0
28/09/2018;15:00;0;0;0
28/09/2018;15:15;0;0;0
28/09/2018;15:30;0;0;0
28/09/2018;15:45;0;0;0
28/09/2018;16:00;0;0;0
28/09/2018;16:15;0;0;0
28/09/2018;16:30;0;0;0
28/09/2018;16:45;0;0;0
28/09/2018;17:00;0;0;0
28/09/2018;17:15;0;0;0
28/09/2018;17:30;0;0;0
28/09/2018;17:45;0;0;0
28/09/2018;18:00;0;0;0
28/09/2018;18:15;0;0;0
28/09/2018;18:30;0;0;0
28/09/2018;18:45;0;0;0
28/09/2018;19:00;0;0;0
28/09/2018;19:15;0;0;0
28/09/2018;19:30;0;0;0
28/09/2018;19:45;0;0;0
28/09/2018;20:00;0;0;0
28/09/2018;20:15;0;0;0
28/09/2018;20:30;0;0;0
28/09/2018;20:45;0;0;0
28/09/2018;21:00;0;0;0
28/09/2018;21:15;0;0;0
28/09/2018;21:30;0;0;0
28/09/2018;21:45;0;0;0
28/09/2018;22:00;0;0;0
28/09/2018;22:15;0;0;0
28/09/2018;22:30;0;0;0
28/09/2018;22:45;0;0;0
28/09/2018;23:00;0;0;0
28/09/2018;23:15;0;0;0
28/09/2018;23:30;0;0;0
28/09/2018;23:45;0;0;0
29/09/2018;00:00;0;0;0
29/09/2018;00:15;0;0;0
29/09/2018;00:30;0;0;0
29/09/2018;00:45;0;0;0
29/09/2018;01:00;0;0;0
29/09/2018;01:15;0;0;0
29/09/2018;01:30;0;0;0
29/09/2018;01:45;0;0;0
29/09/2018;02:00;0;0;0
29/09/2018;02:15;0;0;0
29/09/2018;02:30;0;0;0
29/09/2018;02:45;0;0;0
29/09/2018;03:00;0;0;0
29/09/2018;03:15;0;0;0
29/09/2018;03:30;0;0;0
29/09/2018;03:45;0;0;0
29/09/2018;04:00;0;0;0
29/09/2018;04:15;0;0;0
29/09/2018;04:30;0;0;0
29/09/2018;04:45;0;0;0
29/09/2018;05:00;0;0;0
29/09/2018;05:15;0;0;0
29/09/2018;05:30;0;0;0
29/09/2018;05:45;0;0;0
29/09/2018;06:00;0;0;0
29/09/2018;06:15;0;0;0
29/09/2018;06:30;0;0;0
29/09/2018;06:45;0;0;0
29/09/2018;07:00;0;0;0
29/09/2018;07:15;0;0;0
29/09/2018;07:30;0;0;0
29/09/2018;07:45;0;0;0
29/09/2018;08:00;0;0;0
29/09/2018;08:15;0;0;0
29/09/2018;08:30;0;0;0
29/09/2018;08:45;0;0;0
29/09/2018;09:00;0;0;0
29/09/2018;09:15;0;0;0
29/09/2018;09:30;0;0;0
29/09/2018;09:45;0;0;0
29/09/2018;10:00;0;0;0
29/09/2018;10:15;0;0;0
29/09/2018;10:30;0;0;0
29/09/2018;10:45;0;0;0
29/09/2018;11:00;0;0;0
29/09/2018;11:15;0;0;0
29/09/2018;11:30;0;0;0
29/09/2018;11:45;0;0;0
29/09/2018;12:00;0;0;0
29/09/2018;12:15;0;0;0
29/09/2018;12:30;0;0;0
29/09/2018;12:45;0;0;0
29/09/2018;13:00;0;0;0
29/09/2018;13:15;0;0;0
29/09/2018;13:30;0;0;0
29/09/2018;13:45;0;0;0
29/09/2018;14:00;0;0;0
29/09/2018;14:15;0;0;0
29/09/2018;14:30;0;0;0
29/09/2018;14:45;0;0;0
29/09/2018;15:00;0;0;0
29/09/2018;15:15;0;0;0
29/09/2018;15:30;0;0;0
29/09/2018;15:45;0;0;0
29/09/2018;16:00;0;0;0
29/09/2018;16:15;0;0;0
29/09/2018;16:30;0;0;0
29/09/2018;16:45;0;0;0
29/09/2018;17:00;0;0;0
29/09/2018;17:15;0;0;0
29/09/2018;17:30;0;0;0
29/09/2018;17:45;0;0;0
29/09/2018;18:00;0;0;0
29/09/2018;18:15;0;0;0
29/09/2018;18:30;0;0;0
29/09/2018;18:45;0;0;0
29/09/2018;19:00;0;0;0
29/09/2018;19:15;0;0;0
29/09/2018;19:30;0;0;0
29/09/2018;19:45;0;0;0
29/09/2018;20:00;0;0;0
29/09/2018;20:15;0;0;0
29/09/2018;20:30;0;0;0
29/09/2018;20:45;0;0;0
29/09/2018;21:00;0;0;0
29/09/2018;21:15;0;0;0
29/09/2018;21:30;0;0;0
29/09/2018;21:45;0;0;0
29/09/2018;22:00;0;0;0
29/09/2018;22:15;0;0;0
29/09/2018;22:30;0;0;0
29/09/2018;22:45;0;0;0
29/09/2018;23:00;0;0;0
29/09/2018;23:15;0;0;0
29/09/2018;23:30;0;0;0
29/09/2018;23:45;0;0;0
30/09/2018;00:00;0;0;0
30/09/2018;00:15;0;0;0
30/09/2018;00:30;0;0;0
30/09/2018;00:45;0;0;0
30/09/2018;01:00;0;0;0
30/09/2018;01:15;0;0;0
30/09/2018;01:30;0;0;0
30/09/2018;01:45;0;0;0
30/09/2018;02:00;0;0;0
30/09/2018;02:15;0;0;0
30/09/2018;02:30;0;0;0
30/09/2018;02:45;0;0;0
30/09/2018;03:00;0;0;0
30/09/2018;03:15;0;0;0
30/09/2018;03:30;0;0;0
30/09/2018;03:45;0;0;0
30/09/2018;04:00;0;0;0
30/09/2018;04:15;0;0;0
30/09/2018;04:30;0;0;0
30/09/2018;04:45;0;0;0
30/09/2018;05:00;0;0;0
30/09/2018;05:15;0;0;0
30/09/2018;05:30;0;0;0
30/09/2018;05:45;0;0;0
30/09/2018;06:00;0;0;0
30/09/2018;06:15;0;0;0
30/09/2018;06:30;0;0;0
30/09/2018;06:45;0;0;0
30/09/2018;07:00;0;0;0
30/09/2018;07:15;0;0;0
30/09/2018;07:30;0;0;0
30/09/2018;07:45;0;0;0
30/09/2018;08:00;0;0;0
30/09/2018;08:15;0;0;0
30/09/2018;08:30;0;0;0
30/09/2018;08:45;0;0;0
30/09/2018;09:00;0;0;0
30/09/2018;09:15;0;0;0
30/09/2018;09:30;0;0;0
30/09/2018;09:45;0;0;0
30/09/2018;10:00;0;0;0
30/09/2018;10:15;0;0;0
30/09/2018;10:30;0;0;0
30/09/2018;10:45;0;0;0
30/09/2018;11:00;0;0;0
30/09/2018;11:15;0;0;0
30/09/2018;11:30;0;0;0
30/09/2018;11:45;0;0;0
30/09/2018;12:00;0;0;0
30/09/2018;12:15;0;0;0
30/09/2018;12:30;0;0;0
30/09/2018;12:45;0;0;0
30/09/2018;13:00;0;0;0
30/09/2018;13:15;0;0;0
30/09/2018;13:30;0;0;0
30/09/2018;13:45;0;0;0
30/09/2018;14:00;0;0;0
30/09/2018;14:15;0;0;0
30/09/2018;14:30;0;0;0
30/09/2018;14:45;0;0;0
30/09/2018;15:00;0;0;0
30/09/2018;15:15;0;0;0
30/09/2018;15:30;0;0;0
30/09/2018;15:45;0;0;0
30/09/2018;16:00;0;0;0
30/09/2018;16:15;0;0;0
30/09/2018;16:30;0;0;0
30/09/2018;16:45;0;0;0
30/09/2018;17:00;0;0;0
30/09/2018;17:15;0;0;0
30/09/2018;17:30;0;0;0
30/09/2018;17:45;0;0;0
30/09/2018;18:00;0;0;0
30/09/2018;18:15;0;0;0
30/09/2018;18:30;0;0;0
30/09/2018;18:45;0;0;0
30/09/2018;19:00;0;0;0
30/09/2018;19:15;0;0;0
30/09/2018;19:30;0;0;0
30/09/2018;19:45;0;0;0
30/09/2018;20:00;0;0;0
30/09/2018;20:15;0;0;0
30/09/2018;20:30;0;0;0
30/09/2018;20:45;0;0;0
30/09/2018;21:00;0;0;0
30/09/2018;21:15;0;0;0
30/09/2018;21:30;0;0;0
30/09/2018;21:45;0;0;0
30/09/2018;22:00;0;0;0
30/09/2018;22:15;0;0;0
30/09/2018;22:30;0;0;0
30/09/2018;22:45;0;0;0
30/09/2018;23:00;0;0;0
30/09/2018;23:15;0;0;0
30/09/2018;23:30;0;0;0
30/09/2018;23:45;0;0;0
01/10/2018;00:00;0;0;0
01/10/2018;00:15;0;0;0
01/10/2018;00:30;0;0;0
01/10/2018;00:45;0;0;0
01/10/2018;01:00;0;0;0
01/10/2018;01:15;0;0;0
01/10/2018;01:30;0;0;0
01/10/2018;01:45;0;0;0
01/10/2018;02:00;0;0;0
01/10/2018;02:15;0;0;0
01/10/2018;02:30;0;0;0
01/10/2018;02:45;0;0;0
01/10/2018;03:00;0;0;0
01/10/2018;03:15;0;0;0
01/10/2018;03:30;0;0;0
01/10/2018;03:45;0;0;0
01/10/2018;04:00;0;0;0
01/10/2018;04:15;0;0;0
01/10/2018;04:30;0;0;0
01/10/2018;04:45;0;0;0
01/10/2018;05:00;0;0;0
01/10/2018;05:15;0;0;0
01/10/2018;05:30;0;0;0
01/10/2018;05:45;0;0;0
01/10/2018;06:00;0;0;0
01/10/2018;06:15;0;0;0
01/10/2018;06:30;0;0;0
01/10/2018;06:45;0;0;0
01/10/2018;07:00;0;0;0
01/10/2018;07:15;0;0;0
01/10/2018;07:30;0;0;0
01/10/2018;07:45;0;0;0
01/10/2018;08:00;0;0;0
01/10/2018;08:15;0;0;0
01/10/2018;08:30;0;0;0
01/10/2018;08:45;0;0;0
01/10/2018;09:00;0;0;0
01/10/2018;09:15;0;0;0
01/10/2018;09:30;0;0;0
01/10/2018;09:45;0;0;0
01/10/2018;10:00;0;0;0
01/10/2018;10:15;0;0;0
01/10/2018;10:30;0;0;0
01/10/2018;10:45;0;0;0
01/10/2018;11:00;0;0;0
01/10/2018;11:15;0;0;0
01/10/2018;11:30;0;0;0
01/10/2018;11:45;0;0;0
01/10/2018;12:00;0;0;0
01/10/2018;12:15;0;0;0
01/10/2018;12:30;0;0;0
01/10/2018;12:45;0;0;0
01/10/2018;13:00;0;0;0
01/10/2018;13:15;0;0;0
01/10/2018;13:30;0;0;0
01/10/2018;13:45;0;0;0
01/10/2018;14:00;0;0;0
01/10/2018;14:15;0;0;0
01/10/2018;14:30;0;0;0
01/10/2018;14:45;0;0;0
01/10/2018;15:00;0;0;0
01/10/2018;15:15;0;0;0
01/10/2018;15:30;0;0;0
01/10/2018;15:45;0;0;0
01/10/2018;16:00;0;0;0
01/10/2018;16:15;0;0;0
01/10/2018;16:30;0;0;0
01/10/2018;16:45;0;0;0
01/10/2018;17:00;0;0;0
01/10/2018;17:15;0;0;0
01/10/2018;17:30;0;0;0
01/10/2018;17:45;0;0;0
01/10/2018;18:00;0;0;0
01/10/2018;18:15;0;0;0
01/10/2018;18:30;0;0;0
01/10/2018;18:45;0;0;0
01/10/2018;19:00;0;0;0
01/10/2018;19:15;0;0;0
01/10/2018;19:30;0;0;0
01/10/2018;19:45;0;0;0
01/10/2018;20:00;0;0;0
01/10/2018;20:15;0;0;0
01/10/2018;20:30;0;0;0
01/10/2018;20:45;0;0;0
01/10/2018;21:00;0;0;0
01/10/2018;21:15;0;0;0
01/10/2018;21:30;0;0;0
01/10/2018;21:45;0;0;0
01/10/2018;22:00;0;0;0
01/10/2018;22:15;0;0;0
01/10/2018;22:30;0;0;0
01/10/2018;22:45;0;0;0
01/10/2018;23:00;0;0;0
01/10/2018;23:15;0;0;0
01/10/2018;23:30;0;0;0
01/10/2018;23:45;0;0;0
02/10/2018;00:00;0;0;0
02/10/2018;00:15;0;0;0
02/10/2018;00:30;0;0;0
02/10/2018;00:45;0;0;0
02/10/2018;01:00;0;0;0
02/10/2018;01:15;0;0;0
02/10/2018;01:30;0;0;0
02/10/2018;01:45;0;0;0
02/10/2018;02:00;0;0;0
02/10/2018;02:15;0;0;0
02/10/2018;02:30;0;0;0
02/10/2018;02:45;0;0;0
02/10/2018;03:00;0;0;0
02/10/2018;03:15;0;0;0
02/10/2018;03:30;0;0;0
02/10/2018;03:45;0;0;0
02/10/2018;04:00;0;0;0
02/10/2018;04:15;0;0;0
02/10/2018;04:30;0;0;0
02/10/2018;04:45;0;0;0
02/10/2018;05:00;0;0;0
02/10/2018;05:15;0;0;0
02/10/2018;05:30;0;0;0
02/10/2018;05:45;0;0;0
02/10/2018;06:00;0;0;0
02/10/2018;06:15;0;0;0
02/10/2018;06:30;0;0;0
02/10/2018;06:45;0;0;0
02/10/2018;07:00;0;0;0
02/10/2018;07:15;0;0;0
02/10/2018;07:30;0;0;0
02/10/2018;07:45;0;0;0
02/10/2018;08:00;0;0;0
02/10/2018;08:15;0;0;0
02/10/2018;08:30;0;0;0
02/10/2018;08:45;0;0;0
02/10/2018;09:00;0;0;0
02/10/2018;09:15;0;0;0
02/10/2018;09:30;0;0;0
02/10/2018;09:45;0;0;0
02/10/2018;10:00;0;0;0
02/10/2018;10:15;0;0;0
02/10/2018;10:30;0;0;0
02/10/2018;10:45;0;0;0
02/10/2018;11:00;0;0;0
02/10/2018;11:15;0;0;0
02/10/2018;11:30;0;0;0
02/10/2018;11:45;0;0;0
02/10/2018;12:00;0;0;0
02/10/2018;12:15;0;0;0
02/10/2018;12:30;0;0;0
02/10/2018;12:45;0;0;0
02/10/2018;13:00;0;0;0
02/10/2018;13:15;0;0;0
02/10/2018;13:30;0;0;0
02/10/2018;13:45;0;0;0
02/10/2018;14:00;0;0;0
02/10/2018;14:15;0;0;0
02/10/2018;14:30;0;0;0
02/10/2018;14:45;0;0;0
02/10/2018;15:00;0;0;0
02/10/2018;15:15;0;0;0
02/10/2018;15:30;0;0;0
02/10/2018;15:45;0;0;0
02/10/2018;16:00;0;0;0
02/10/2018;16:15;0;0;0
02/10/2018;16:30;0;0;0
02/10/2018;16:45;0;0;0
02/10/2018;17:00;0;0;0
02/10/2018;17:15;0;0;0
02/10/2018;17:30;0;0;0
02/10/2018;17:45;0;0;0
02/10/2018;18:00;0;0;0
02/10/2018;18:15;0;0;0
02/10/2018;18:30;0;0;0
02/10/2018;18:45;0;0;0
02/10/2018;19:00;0;0;0
02/10/2018;19:15;0;0;0
02/10/2018;19:30;0;0;0
02/10/2018;19:45;0;0;0
02/10/2018;20:00;0;0;0
02/10/2018;20:15;0;0;0
02/10/2018;20:30;0;0;0
02/10/2018;20:45;0;0;0
02/10/2018;21:00;0;0;0
02/10/2018;21:15;0;0;0
02/10/2018;21:30;0;0;0
02/10/2018;21:45;0;0;0
02/10/2018;22:00;0;0;0
02/10/2018;22:15;0;0;0
02/10/2018;22:30;0;0;0
02/10/2018;22:45;0;0;0
02/10/2018;23:00;0;0;0
02/10/2018;23:15;0;0;0
02/10/2018;23:30;0;0;0
02/10/2018;23:45;0;0;0
03/10/2018;00:00;0;0;0
03/10/2018;00:15;0;0;0
03/10/2018;00:30;0;0;0
03/10/2018;00:45;0;0;0
03/10/2018;01:00;0;0;0
03/10/2018;01:15;0;0;0
03/10/2018;01:30;0;0;0
03/10/2018;01:45;0;0;0
03/10/2018;02:00;0;0;0
03/10/2018;02:15;0;0;0
03/10/2018;02:30;0;0;0
03/10/2018;02:45;0;0;0
03/10/2018;03:00;0;0;0
03/10/2018;03:15;0;0;0
03/10/2018;03:30;0;0;0
03/10/2018;03:45;0;0;0
03/10/2018;04:00;0;0;0
03/10/2018;04:15;0;0;0
03/10/2018;04:30;0;0;0
03/10/2018;04:45;0;0;0
03/10/2018;05:00;0;0;0
03/10/2018;05:15;0;0;0
03/10/2018;05:30;0;0;0
03/10/2018;05:45;0;0;0
03/10/2018;06:00;0;0;0
03/10/2018;06:15;0;0;0
03/10/2018;06:30;0;0;0
03/10/2018;06:45;0;0;0
03/10/2018;07:00;0;0;0
03/10/2018;07:15;0;0;0
03/10/2018;07:30;0;0;0
03/10/2018;07:45;0;0;0
03/10/2018;08:00;0;0;0
03/10/2018;08:15;0;0;0
03/10/2018;08:30;0;0;0
03/10/2018;08:45;0;0;0
03/10/2018;09:00;0;0;0
03/10/2018;09:15;0;0;0
03/10/2018;09:30;0;0;0
03/10/2018;09:45;0;0;0
03/10/2018;10:00;0;0;0
03/10/2018;10:15;0;0;0
03/10/2018;10:30;0;0;0
03/10/2018;10:45;0;0;0
03/10/2018;11:00;0;0;0
03/10/2018;11:15;0;0;0
03/10/2018;11:30;0;0;0
03/10/2018;11:45;0;0;0
03/10/2018;12:00;0;0;0
03/10/2018;12:15;0;0;0
03/10/2018;12:30;0;0;0
03/10/2018;12:45;0;0;0
03/10/2018;13:00;0;0;0
03/10/2018;13:15;0;0;0
03/10/2018;13:30;0;0;0
03/10/2018;13:45;0;0;0
03/10/2018;14:00;0;0;0
03/10/2018;14:15;0;0;0
03/10/2018;14:30;0;0;0
03/10/2018;14:45;0;0;0
03/10/2018;15:00;0;0;0
03/10/2018;15:15;0;0;0
03/10/2018;15:30;0;0;0
03/10/2018;15:45;0;0;0
03/10/2018;16:00;0;0;0
03/10/2018;16:15;0;0;0
03/10/2018;16:30;0;0;0
03/10/2018;16:45;0;0;0
03/10/2018;17:00;0;0;0
03/10/2018;17:15;0;0;0
03/10/2018;17:30;0;0;0
03/10/2018;17:45;0;0;0
03/10/2018;18:00;0;0;0
03/10/2018;18:15;0;0;0
03/10/2018;18:30;0;0;0
03/10/2018;18:45;0;0;0
03/10/2018;19:00;0;0;0
03/10/2018;19:15;0;0;0
03/10/2018;19:30;0;0;0
03/10/2018;19:45;0;0;0
03/10/2018;20:00;0;0;0
03/10/2018;20:15;0;0;0
03/10/2018;20:30;0;0;0
03/10/2018;20:45;0;0;0
03/10/2018;21:00;0;0;0
03/10/2018;21:15;0;0;0
03/10/2018;21:30;0;0;0
03/10/2018;21:45;0;0;0
03/10/2018;22:00;0;0;0
03/10/2018;22:15;0;0;0
03/10/2018;22:30;0;0;0
03/10/2018;22:45;0;0;0
03/10/2018;23:00;0;0;0
03/10/2018;23:15;0;0;0
03/10/2018;23:30;0;0;0
03/10/2018;23:45;0;0;0
04/10/2018;00:00;0;0;0
04/10/2018;00:15;0;0;0
04/10/2018;00:30;0;0;0
04/10/2018;00:45;0;0;0
04/10/2018;01:00;0;0;0
04/10/2018;01:15;0;0;0
04/10/2018;01:30;0;0;0
04/10/2018;01:45;0;0;0
04/10/2018;02:00;0;0;0
04/10/2018;02:15;0;0;0
04/10/2018;02:30;0;0;0
04/10/2018;02:45;0;0;0
04/10/2018;03:00;0;0;0
04/10/2018;03:15;0;0;0
04/10/2018;03:30;0;0;0
04/10/2018;03:45;0;0;0
04/10/2018;04:00;0;0;0
04/10/2018;04:15;0;0;0
04/10/2018;04:30;0;0;0
04/10/2018;04:45;0;0;0
04/10/2018;05:00;0;0;0
04/10/2018;05:15;0;0;0
04/10/2018;05:30;0;0;0
04/10/2018;05:45;0;0;0
04/10/2018;06:00;0;0;0
04/10/2018;06:15;0;0;0
04/10/2018;06:30;0;0;0
04/10/2018;06:45;0;0;0
04/10/2018;07:00;0;0;0
04/10/2018;07:15;0;0;0
04/10/2018;07:30;0;0;0
04/10/2018;07:45;0;0;0
04/10/2018;08:00;0;0;0
04/10/2018;08:15;0;0;0
04/10/2018;08:30;0;0;0
04/10/2018;08:45;0;0;0
04/10/2018;09:00;0;0;0
04/10/2018;09:15;0;0;0
04/10/2018;09:30;0;0;0
04/10/2018;09:45;0;0;0
04/10/2018;10:00;0;0;0
04/10/2018;10:15;0;0;0
04/10/2018;10:30;0;0;0
04/10/2018;10:45;0;0;0
04/10/2018;11:00;0;0;0
04/10/2018;11:15;0;0;0
04/10/2018;11:30;0;0;0
04/10/2018;11:45;0;0;0
04/10/2018;12:00;0;0;0
04/10/2018;12:15;0;0;0
04/10/2018;12:30;0;0;0
04/10/2018;12:45;0;0;0
04/10/2018;13:00;0;0;0
04/10/2018;13:15;0;0;0
04/10/2018;13:30;0;0;0
04/10/2018;13:45;0;0;0
04/10/2018;14:00;0;0;0
04/10/2018;14:15;0;0;0
04/10/2018;14:30;0;0;0
04/10/2018;14:45;0;0;0
04/10/2018;15:00;0;0;0
04/10/2018;15:15;0;0;0
04/10/2018;15:30;0;0;0
04/10/2018;15:45;0;0;0
04/10/2018;16:00;0;0;0
04/10/2018;16:15;0;0;0
04/10/2018;16:30;0;0;0
04/10/2018;16:45;0;0;0
04/10/2018;17:00;0;0;0
04/10/2018;17:15;0;0;0
04/10/2018;17:30;0;0;0
04/10/2018;17:45;0;0;0
04/10/2018;18:00;0;0;0
04/10/2018;18:15;0;0;0
04/10/2018;18:30;0;0;0
04/10/2018;18:45;0;0;0
04/10/2018;19:00;0;0;0
04/10/2018;19:15;0;0;0
04/10/2018;19:30;0;0;0
04/10/2018;19:45;0;0;0
04/10/2018;20:00;0;0;0
04/10/2018;20:15;0;0;0
04/10/2018;20:30;0;0;0
04/10/2018;20:45;0;0;0
04/10/2018;21:00;0;0;0
04/10/2018;21:15;0;0;0
04/10/2018;21:30;0;0;0
04/10/2018;21:45;0;0;0
04/10/2018;22:00;0;0;0
04/10/2018;22:15;0;0;0
04/10/2018;22:30;0;0;0
04/10/2018;22:45;0;0;0
04/10/2018;23:00;0;0;0
04/10/2018;23:15;0;0;0
04/10/2018;23:30;0;0;0
04/10/2018;23:45;0;0;0
05/10/2018;00:00;0;0;0
05/10/2018;00:15;0;0;0
05/10/2018;00:30;0;0;0
05/10/2018;00:45;0;0;0
05/10/2018;01:00;0;0;0
05/10/2018;01:15;0;0;0
05/10/2018;01:30;0;0;0
05/10/2018;01:45;0;0;0
05/10/2018;02:00;0;0;0
05/10/2018;02:15;0;0;0
05/10/2018;02:30;0;0;0
05/10/2018;02:45;0;0;0
05/10/2018;03:00;0;0;0
05/10/2018;03:15;0;0;0
05/10/2018;03:30;0;0;0
05/10/2018;03:45;0;0;0
05/10/2018;04:00;0;0;0
05/10/2018;04:15;0;0;0
05/10/2018;04:30;0;0;0
05/10/2018;04:45;0;0;0
05/10/2018;05:00;0;0;0
05/10/2018;05:15;0;0;0
05/10/2018;05:30;0;0;0
05/10/2018;05:45;0;0;0
05/10/2018;06:00;0;0;0
05/10/2018;06:15;0;0;0
05/10/2018;06:30;0;0;0
05/10/2018;06:45;0;0;0
05/10/2018;07:00;0;0;0
05/10/2018;07:15;0;0;0
05/10/2018;07:30;0;0;0
05/10/2018;07:45;0;0;0
05/10/2018;08:00;0;0;0
05/10/2018;08:15;0;0;0
05/10/2018;08:30;0;0;0
05/10/2018;08:45;0;0;0
05/10/2018;09:00;0;0;0
05/10/2018;09:15;0;0;0
05/10/2018;09:30;0;0;0
05/10/2018;09:45;0;0;0
05/10/2018;10:00;0;0;0
05/10/2018;10:15;0;0;0
05/10/2018;10:30;0;0;0
05/10/2018;10:45;0;0;0
05/10/2018;11:00;0;0;0
05/10/2018;11:15;0;0;0
05/10/2018;11:30;0;0;0
05/10/2018;11:45;0;0;0
05/10/2018;12:00;0;0;0
05/10/2018;12:15;0;0;0
05/10/2018;12:30;0;0;0
05/10/2018;12:45;0;0;0
05/10/2018;13:00;0;0;0
05/10/2018;13:15;0;0;0
05/10/2018;13:30;0;0;0
05/10/2018;13:45;0;0;0
05/10/2018;14:00;0;0;0
05/10/2018;14:15;0;0;0
05/10/2018;14:30;0;0;0
05/10/2018;14:45;0;0;0
05/10/2018;15:00;0;0;0
05/10/2018;15:15;0;0;0
05/10/2018;15:30;0;0;0
05/10/2018;15:45;0;0;0
05/10/2018;16:00;0;0;0
05/10/2018;16:15;0;0;0
05/10/2018;16:30;0;0;0
05/10/2018;16:45;0;0;0
05/10/2018;17:00;0;0;0
05/10/2018;17:15;0;0;0
05/10/2018;17:30;0;0;0
05/10/2018;17:45;0;0;0
05/10/2018;18:00;0;0;0
05/10/2018;18:15;0;0;0
05/10/2018;18:30;0;0;0
05/10/2018;18:45;0;0;0
05/10/2018;19:00;0;0;0
05/10/2018;19:15;0;0;0
05/10/2018;19:30;0;0;0
05/10/2018;19:45;0;0;0
05/10/2018;20:00;0;0;0
05/10/2018;20:15;0;0;0
05/10/2018;20:30;0;0;0
05/10/2018;20:45;0;0;0
05/10/2018;21:00;0;0;0
05/10/2018;21:15;0;0;0
05/10/2018;21:30;0;0;0
05/10/2018;21:45;0;0;0
05/10/2018;22:00;0;0;0
05/10/2018;22:15;0;0;0
05/10/2018;22:30;0;0;0
05/10/2018;22:45;0;0;0
05/10/2018;23:00;0;0;0
05/10/2018;23:15;0;0;0
05/10/2018;23:30;0;0;0
05/10/2018;23:45;0;0;0
06/10/2018;00:00;0;0;0
06/10/2018;00:15;0;0;0
06/10/2018;00:30;0;0;0
06/10/2018;00:45;0;0;0
06/10/2018;01:00;0;0;0
06/10/2018;01:15;0;0;0
06/10/2018;01:30;0;0;0
06/10/2018;01:45;0;0;0
06/10/2018;02:00;0;0;0
06/10/2018;02:15;0;0;0
06/10/2018;02:30;0;0;0
06/10/2018;02:45;0;0;0
06/10/2018;03:00;0;0;0
06/10/2018;03:15;0;0;0
06/10/2018;03:30;0;0;0
06/10/2018;03:45;0;0;0
06/10/2018;04:00;0;0;0
06/10/2018;04:15;0;0;0
06/10/2018;04:30;0;0;0
06/10/2018;04:45;0;0;0
06/10/2018;05:00;0;0;0
06/10/2018;05:15;0;0;0
06/10/2018;05:30;0;0;0
06/10/2018;05:45;0;0;0
06/10/2018;06:00;0;0;0
06/10/2018;06:15;0;0;0
06/10/2018;06:30;0;0;0
06/10/2018;06:45;0;0;0
06/10/2018;07:00;0;0;0
06/10/2018;07:15;0;0;0
06/10/2018;07:30;0;0;0
06/10/2018;07:45;0;0;0
06/10/2018;08:00;0;0;0
06/10/2018;08:15;0;0;0
06/10/2018;08:30;0;0;0
06/10/2018;08:45;0;0;0
06/10/2018;09:00;0;0;0
06/10/2018;09:15;0;0;0
06/10/2018;09:30;0;0;0
06/10/2018;09:45;0;0;0
06/10/2018;10:00;0;0;0
06/10/2018;10:15;0;0;0
06/10/2018;10:30;0;0;0
06/10/2018;10:45;0;0;0
06/10/2018;11:00;0;0;0
06/10/2018;11:15;0;0;0
06/10/2018;11:30;0;0;0
06/10/2018;11:45;0;0;0
06/10/2018;12:00;0;0;0
06/10/2018;12:15;0;0;0
06/10/2018;12:30;0;0;0
06/10/2018;12:45;0;0;0
06/10/2018;13:00;0;0;0
06/10/2018;13:15;0;0;0
06/10/2018;13:30;0;0;0
06/10/2018;13:45;0;0;0
06/10/2018;14:00;0;0;0
06/10/2018;14:15;0;0;0
06/10/2018;14:30;0;0;0
06/10/2018;14:45;0;0;0
06/10/2018;15:00;0;0;0
06/10/2018;15:15;0;0;0
06/10/2018;15:30;0;0;0
06/10/2018;15:45;0;0;0
06/10/2018;16:00;0;0;0
06/10/2018;16:15;0;0;0
06/10/2018;16:30;0;0;0
06/10/2018;16:45;0;0;0
06/10/2018;17:00;0;0;0
06/10/2018;17:15;0;0;0
06/10/2018;17:30;0;0;0
06/10/2018;17:45;0;0;0
06/10/2018;18:00;0;0;0
06/10/2018;18:15;0;0;0
06/10/2018;18:30;0;0;0
06/10/2018;18:45;0;0;0
06/10/2018;19:00;0;0;0
06/10/2018;19:15;0;0;0
06/10/2018;19:30;0;0;0
06/10/2018;19:45;0;0;0
06/10/2018;20:00;0;0;0
06/10/2018;20:15;0;0;0
06/10/2018;20:30;0;0;0
06/10/2018;20:45;0;0;0
06/10/2018;21:00;0;0;0
06/10/2018;21:15;0;0;0
06/10/2018;21:30;0;0;0
06/10/2018;21:45;0;0;0
06/10/2018;22:00;0;0;0
06/10/2018;22:15;0;0;0
06/10/2018;22:30;0;0;0
06/10/2018;22:45;0;0;0
06/10/2018;23:00;0;0;0
06/10/2018;23:15;0;0;0
06/10/2018;23:30;0;0;0
06/10/2018;23:45;0;0;0
07/10/2018;00:00;0;0;0
07/10/2018;00:15;0;0;0
07/10/2018;00:30;0;0;0
07/10/2018;00:45;0;0;0
07/10/2018;01:00;0;0;0
07/10/2018;01:15;0;0;0
07/10/2018;01:30;0;0;0
07/10/2018;01:45;0;0;0
07/10/2018;02:00;0;0;0
07/10/2018;02:15;0;0;0
07/10/2018;02:30;0;0;0
07/10/2018;02:45;0;0;0
07/10/2018;03:00;0;0;0
07/10/2018;03:15;0;0;0
07/10/2018;03:30;0;0;0
07/10/2018;03:45;0;0;0
07/10/2018;04:00;0;0;0
07/10/2018;04:15;0;0;0
07/10/2018;04:30;0;0;0
07/10/2018;04:45;0;0;0
07/10/2018;05:00;0;0;0
07/10/2018;05:15;0;0;0
07/10/2018;05:30;0;0;0
07/10/2018;05:45;0;0;0
07/10/2018;06:00;0;0;0
07/10/2018;06:15;0;0;0
07/10/2018;06:30;0;0;0
07/10/2018;06:45;0;0;0
07/10/2018;07:00;0;0;0
07/10/2018;07:15;0;0;0
07/10/2018;07:30;0;0;0
07/10/2018;07:45;0;0;0
07/10/2018;08:00;0;0;0
07/10/2018;08:15;0;0;0
07/10/2018;08:30;0;0;0
07/10/2018;08:45;0;0;0
07/10/2018;09:00;0;0;0
07/10/2018;09:15;0;0;0
07/10/2018;09:30;0;0;0
07/10/2018;09:45;0;0;0
07/10/2018;10:00;0;0;0
07/10/2018;10:15;0;0;0
07/10/2018;10:30;0;0;0
07/10/2018;10:45;0;0;0
07/10/2018;11:00;0;0;0
07/10/2018;11:15;0;0;0
07/10/2018;11:30;0;0;0
07/10/2018;11:45;0;0;0
07/10/2018;12:00;0;0;0
07/10/2018;12:15;0;0;0
07/10/2018;12:30;0;0;0
07/10/2018;12:45;0;0;0
07/10/2018;13:00;0;0;0
07/10/2018;13:15;0;0;0
07/10/2018;13:30;0;0;0
07/10/2018;13:45;0;0;0
07/10/2018;14:00;0;0;0
07/10/2018;14:15;0;0;0
07/10/2018;14:30;0;0;0
07/10/2018;14:45;0;0;0
07/10/2018;15:00;0;0;0
07/10/2018;15:15;0;0;0
07/10/2018;15:30;0;0;0
07/10/2018;15:45;0;0;0
07/10/2018;16:00;0;0;0
07/10/2018;16:15;0;0;0
07/10/2018;16:30;0;0;0
07/10/2018;16:45;0;0;0
07/10/2018;17:00;0;0;0
07/10/2018;17:15;0;0;0
07/10/2018;17:30;0;0;0
07/10/2018;17:45;0;0;0
07/10/2018;18:00;0;0;0
07/10/2018;18:15;0;0;0
07/10/2018;18:30;0;0;0
07/10/2018;18:45;0;0;0
07/10/2018;19:00;0;0;0
07/10/2018;19:15;0;0;0
07/10/2018;19:30;0;0;0
07/10/2018;19:45;0;0;0
07/10/2018;20:00;0;0;0
07/10/2018;20:15;0;0;0
07/10/2018;20:30;0;0;0
07/10/2018;20:45;0;0;0
07/10/2018;21:00;0;0;0
07/10/2018;21:15;0;0;0
07/10/2018;21:30;0;0;0
07/10/2018;21:45;0;0;0
07/10/2018;22:00;0;0;0
07/10/2018;22:15;0;0;0
07/10/2018;22:30;0;0;0
07/10/2018;22:45;0;0;0
07/10/2018;23:00;0;0;0
07/10/2018;23:15;0;0;0
07/10/2018;23:30;0;0;0
07/10/2018;23:45;0;0;0
08/10/2018;00:00;0;0;0
08/10/2018;00:15;0;0;0
08/10/2018;00:30;0;0;0
08/10/2018;00:45;0;0;0
08/10/2018;01:00;0;0;0
08/10/2018;01:15;0;0;0
08/10/2018;01:30;0;0;0
08/10/2018;01:45;0;0;0
08/10/2018;02:00;0;0;0
08/10/2018;02:15;0;0;0
08/10/2018;02:30;0;0;0
08/10/2018;02:45;0;0;0
08/10/2018;03:00;0;0;0
08/10/2018;03:15;0;0;0
08/10/2018;03:30;0;0;0
08/10/2018;03:45;0;0;0
08/10/2018;04:00;0;0;0
08/10/2018;04:15;0;0;0
08/10/2018;04:30;0;0;0
08/10/2018;04:45;0;0;0
08/10/2018;05:00;0;0;0
08/10/2018;05:15;0;0;0
08/10/2018;05:30;0;0;0
08/10/2018;05:45;0;0;0
08/10/2018;06:00;0;0;0
08/10/2018;06:15;0;0;0
08/10/2018;06:30;0;0;0
08/10/2018;06:45;0;0;0
08/10/2018;07:00;0;0;0
08/10/2018;07:15;0;0;0
08/10/2018;07:30;0;0;0
08/10/2018;07:45;0;0;0
08/10/2018;08:00;0;0;0
08/10/2018;08:15;0;0;0
08/10/2018;08:30;0;0;0
08/10/2018;08:45;0;0;0
08/10/2018;09:00;0;0;0
08/10/2018;09:15;0;0;0
08/10/2018;09:30;0;0;0
08/10/2018;09:45;0;0;0
08/10/2018;10:00;0;0;0
08/10/2018;10:15;0;0;0
08/10/2018;10:30;0;0;0
08/10/2018;10:45;0;0;0
08/10/2018;11:00;0;0;0
08/10/2018;11:15;0;0;0
08/10/2018;11:30;0;0;0
08/10/2018;11:45;0;0;0
08/10/2018;12:00;0;0;0
08/10/2018;12:15;0;0;0
08/10/2018;12:30;0;0;0
08/10/2018;12:45;0;0;0
08/10/2018;13:00;0;0;0
08/10/2018;13:15;0;0;0
08/10/2018;13:30;0;0;0
08/10/2018;13:45;0;0;0
08/10/2018;14:00;0;0;0
08/10/2018;14:15;0;0;0
08/10/2018;14:30;0;0;0
08/10/2018;14:45;0;0;0
08/10/2018;15:00;0;0;0
08/10/2018;15:15;0;0;0
08/10/2018;15:30;0;0;0
08/10/2018;15:45;0;0;0
08/10/2018;16:00;0;0;0
08/10/2018;16:15;0;0;0
08/10/2018;16:30;0;0;0
08/10/2018;16:45;0;0;0
08/10/2018;17:00;0;0;0
08/10/2018;17:15;0;0;0
08/10/2018;17:30;0;0;0
08/10/2018;17:45;0;0;0
08/10/2018;18:00;0;0;0
08/10/2018;18:15;0;0;0
08/10/2018;18:30;0;0;0
08/10/2018;18:45;0;0;0
08/10/2018;19:00;0;0;0
08/10/2018;19:15;0;0;0
08/10/2018;19:30;0;0;0
08/10/2018;19:45;0;0;0
08/10/2018;20:00;0;0;0
08/10/2018;20:15;0;0;0
08/10/2018;20:30;0;0;0
08/10/2018;20:45;0;0;0
08/10/2018;21:00;0;0;0
08/10/2018;21:15;0;0;0
08/10/2018;21:30;0;0;0
08/10/2018;21:45;0;0;0
08/10/2018;22:00;0;0;0
08/10/2018;22:15;0;0;0
08/10/2018;22:30;0;0;0
08/10/2018;22:45;0;0;0
08/10/2018;23:00;0;0;0
08/10/2018;23:15;0;0;0
08/10/2018;23:30;0;0;0
08/10/2018;23:45;0;0;0
09/10/2018;00:00;0;0;0
09/10/2018;00:15;0;0;0
09/10/2018;00:30;0;0;0
09/10/2018;00:45;0;0;0
09/10/2018;01:00;0;0;0
09/10/2018;01:15;0;0;0
09/10/2018;01:30;0;0;0
09/10/2018;01:45;0;0;0
09/10/2018;02:00;0;0;0
09/10/2018;02:15;0;0;0
09/10/2018;02:30;0;0;0
09/10/2018;02:45;0;0;0
09/10/2018;03:00;0;0;0
09/10/2018;03:15;0;0;0
09/10/2018;03:30;0;0;0
09/10/2018;03:45;0;0;0
09/10/2018;04:00;0;0;0
09/10/2018;04:15;0;0;0
09/10/2018;04:30;0;0;0
09/10/2018;04:45;0;0;0
09/10/2018;05:00;0;0;0
09/10/2018;05:15;0;0;0
09/10/2018;05:30;0;0;0
09/10/2018;05:45;0;0;0
09/10/2018;06:00;0;0;0
09/10/2018;06:15;0;0;0
09/10/2018;06:30;0;0;0
09/10/2018;06:45;0;0;0
09/10/2018;07:00;0;0;0
09/10/2018;07:15;0;0;0
09/10/2018;07:30;0;0;0
09/10/2018;07:45;0;0;0
09/10/2018;08:00;0;0;0
09/10/2018;08:15;0;0;0
09/10/2018;08:30;0;0;0
09/10/2018;08:45;0;0;0
09/10/2018;09:00;0;0;0
09/10/2018;09:15;0;0;0
09/10/2018;09:30;0;0;0
09/10/2018;09:45;0;0;0
09/10/2018;10:00;0;0;0
09/10/2018;10:15;0;0;0
09/10/2018;10:30;0;0;0
09/10/2018;10:45;0;0;0
09/10/2018;11:00;0;0;0
09/10/2018;11:15;0;0;0
09/10/2018;11:30;0;0;0
09/10/2018;11:45;0;0;0
09/10/2018;12:00;0;0;0
09/10/2018;12:15;0;0;0
09/10/2018;12:30;0;0;0
09/10/2018;12:45;0;0;0
09/10/2018;13:00;0;0;0
09/10/2018;13:15;0;0;0
09/10/2018;13:30;0;0;0
09/10/2018;13:45;0;0;0
09/10/2018;14:00;0;0;0
09/10/2018;14:15;0;0;0
09/10/2018;14:30;0;0;0
09/10/2018;14:45;0;0;0
09/10/2018;15:00;0;0;0
09/10/2018;15:15;0;0;0
09/10/2018;15:30;0;0;0
09/10/2018;15:45;0;0;0
09/10/2018;16:00;0;0;0
09/10/2018;16:15;0;0;0
09/10/2018;16:30;0;0;0
09/10/2018;16:45;0;0;0
09/10/2018;17:00;0;0;0
09/10/2018;17:15;0;0;0
09/10/2018;17:30;0;0;0
09/10/2018;17:45;0;0;0
09/10/2018;18:00;0;0;0
09/10/2018;18:15;0;0;0
09/10/2018;18:30;0;0;0
09/10/2018;18:45;0;0;0
09/10/2018;19:00;0;0;0
09/10/2018;19:15;0;0;0
09/10/2018;19:30;0;0;0
09/10/2018;19:45;0;0;0
09/10/2018;20:00;0;0;0
09/10/2018;20:15;0;0;0
09/10/2018;20:30;0;0;0
09/10/2018;20:45;0;0;0
09/10/2018;21:00;0;0;0
09/10/2018;21:15;0;0;0
09/10/2018;21:30;0;0;0
09/10/2018;21:45;0;0;0
09/10/2018;22:00;0;0;0
09/10/2018;22:15;0;0;0
09/10/2018;22:30;0;0;0
09/10/2018;22:45;0;0;0
09/10/2018;23:00;0;0;0
09/10/2018;23:15;0;0;0
09/10/2018;23:30;0;0;0
09/10/2018;23:45;0;0;0
10/10/2018;00:00;0;0;0
10/10/2018;00:15;0;0;0
10/10/2018;00:30;0;0;0
10/10/2018;00:45;0;0;0
10/10/2018;01:00;0;0;0
10/10/2018;01:15;0;0;0
10/10/2018;01:30;0;0;0
10/10/2018;01:45;0;0;0
10/10/2018;02:00;0;0;0
10/10/2018;02:15;0;0;0
10/10/2018;02:30;0;0;0
10/10/2018;02:45;0;0;0
10/10/2018;03:00;0;0;0
10/10/2018;03:15;0;0;0
10/10/2018;03:30;0;0;0
10/10/2018;03:45;0;0;0
10/10/2018;04:00;0;0;0
10/10/2018;04:15;0;0;0
10/10/2018;04:30;0;0;0
10/10/2018;04:45;0;0;0
10/10/2018;05:00;0;0;0
10/10/2018;05:15;0;0;0
10/10/2018;05:30;0;0;0
10/10/2018;05:45;0;0;0
10/10/2018;06:00;0;0;0
10/10/2018;06:15;0;0;0
10/10/2018;06:30;0;0;0
10/10/2018;06:45;0;0;0
10/10/2018;07:00;0;0;0
10/10/2018;07:15;0;0;0
10/10/2018;07:30;0;0;0
10/10/2018;07:45;0;0;0
10/10/2018;08:00;0;0;0
10/10/2018;08:15;0;0;0
10/10/2018;08:30;0;0;0
10/10/2018;08:45;0;0;0
10/10/2018;09:00;0;0;0
10/10/2018;09:15;0;0;0
10/10/2018;09:30;0;0;0
10/10/2018;09:45;0;0;0
10/10/2018;10:00;0;0;0
10/10/2018;10:15;0;0;0
10/10/2018;10:30;0;0;0
10/10/2018;10:45;0;0;0
10/10/2018;11:00;0;0;0
10/10/2018;11:15;0;0;0
10/10/2018;11:30;0;0;0
10/10/2018;11:45;0;0;0
10/10/2018;12:00;0;0;0
10/10/2018;12:15;0;0;0
10/10/2018;12:30;0;0;0
10/10/2018;12:45;0;0;0
10/10/2018;13:00;0;0;0
10/10/2018;13:15;0;0;0
10/10/2018;13:30;0;0;0
10/10/2018;13:45;0;0;0
10/10/2018;14:00;0;0;0
10/10/2018;14:15;0;0;0
10/10/2018;14:30;0;0;0
10/10/2018;14:45;0;0;0
10/10/2018;15:00;0;0;0
10/10/2018;15:15;0;0;0
10/10/2018;15:30;0;0;0
10/10/2018;15:45;0;0;0
10/10/2018;16:00;0;0;0
10/10/2018;16:15;0;0;0
10/10/2018;16:30;0;0;0
10/10/2018;16:45;0;0;0
10/10/2018;17:00;0;0;0
10/10/2018;17:15;0;0;0
10/10/2018;17:30;0;0;0
10/10/2018;17:45;0;0;0
10/10/2018;18:00;0;0;0
10/10/2018;18:15;0;0;0
10/10/2018;18:30;0;0;0
10/10/2018;18:45;0;0;0
10/10/2018;19:00;0;0;0
10/10/2018;19:15;0;0;0
10/10/2018;19:30;0;0;0
10/10/2018;19:45;0;0;0
10/10/2018;20:00;0;0;0
10/10/2018;20:15;0;0;0
10/10/2018;20:30;0;0;0
10/10/2018;20:45;0;0;0
10/10/2018;21:00;0;0;0
10/10/2018;21:15;0;0;0
10/10/2018;21:30;0;0;0
10/10/2018;21:45;0;0;0
10/10/2018;22:00;0;0;0
10/10/2018;22:15;0;0;0
10/10/2018;22:30;0;0;0
10/10/2018;22:45;0;0;0
10/10/2018;23:00;0;0;0
10/10/2018;23:15;0;0;0
10/10/2018;23:30;0;0;0
10/10/2018;23:45;0;0;0
11/10/2018;00:00;0;0;0
11/10/2018;00:15;0;0;0
11/10/2018;00:30;0;0;0
11/10/2018;00:45;0;0;0
11/10/2018;01:00;0;0;0
11/10/2018;01:15;0;0;0
11/10/2018;01:30;0;0;0
11/10/2018;01:45;0;0;0
11/10/2018;02:00;0;0;0
11/10/2018;02:15;0;0;0
11/10/2018;02:30;0;0;0
11/10/2018;02:45;0;0;0
11/10/2018;03:00;0;0;0
11/10/2018;03:15;0;0;0
11/10/2018;03:30;0;0;0
11/10/2018;03:45;0;0;0
11/10/2018;04:00;0;0;0
11/10/2018;04:15;0;0;0
11/10/2018;04:30;0;0;0
11/10/2018;04:45;0;0;0
11/10/2018;05:00;0;0;0
11/10/2018;05:15;0;0;0
11/10/2018;05:30;0;0;0
11/10/2018;05:45;0;0;0
11/10/2018;06:00;0;0;0
11/10/2018;06:15;0;0;0
11/10/2018;06:30;0;0;0
11/10/2018;06:45;0;0;0
11/10/2018;07:00;0;0;0
11/10/2018;07:15;0;0;0
11/10/2018;07:30;0;0;0
11/10/2018;07:45;0;0;0
11/10/2018;08:00;0;0;0
11/10/2018;08:15;0;0;0
11/10/2018;08:30;0;0;0
11/10/2018;08:45;0;0;0
11/10/2018;09:00;0;0;0
11/10/2018;09:15;0;0;0
11/10/2018;09:30;0;0;0
11/10/2018;09:45;0;0;0
11/10/2018;10:00;0;0;0
11/10/2018;10:15;0;0;0
11/10/2018;10:30;0;0;0
11/10/2018;10:45;0;0;0
11/10/2018;11:00;0;0;0
11/10/2018;11:15;0;0;0
11/10/2018;11:30;0;0;0
11/10/2018;11:45;0;0;0
11/10/2018;12:00;0;0;0
11/10/2018;12:15;0;0;0
11/10/2018;12:30;0;0;0
11/10/2018;12:45;0;0;0
11/10/2018;13:00;0;0;0
11/10/2018;13:15;0;0;0
11/10/2018;13:30;0;0;0
11/10/2018;13:45;0;0;0
11/10/2018;14:00;0;0;0
11/10/2018;14:15;0;0;0
11/10/2018;14:30;0;0;0
11/10/2018;14:45;0;0;0
11/10/2018;15:00;0;0;0
11/10/2018;15:15;0;0;0
11/10/2018;15:30;0;0;0
11/10/2018;15:45;0;0;0
11/10/2018;16:00;0;0;0
11/10/2018;16:15;0;0;0
11/10/2018;16:30;0;0;0
11/10/2018;16:45;0;0;0
11/10/2018;17:00;0;0;0
11/10/2018;17:15;0;0;0
11/10/2018;17:30;0;0;0
11/10/2018;17:45;0;0;0
11/10/2018;18:00;0;0;0
11/10/2018;18:15;0;0;0
11/10/2018;18:30;0;0;0
11/10/2018;18:45;0;0;0
11/10/2018;19:00;0;0;0
11/10/2018;19:15;0;0;0
11/10/2018;19:30;0;0;0
11/10/2018;19:45;0;0;0
11/10/2018;20:00;0;0;0
11/10/2018;20:15;0;0;0
11/10/2018;20:30;0;0;0
11/10/2018;20:45;0;0;0
11/10/2018;21:00;0;0;0
11/10/2018;21:15;0;0;0
11/10/2018;21:30;0;0;0
11/10/2018;21:45;0;0;0
11/10/2018;22:00;0;0;0
11/10/2018;22:15;0;0;0
11/10/2018;22:30;0;0;0
11/10/2018;22:45;0;0;0
11/10/2018;23:00;0;0;0
11/10/2018;23:15;0;0;0
11/10/2018;23:30;0;0;0
11/10/2018;23:45;0;0;0
12/10/2018;00:00;0;0;0
12/10/2018;00:15;0;0;0
12/10/2018;00:30;0;0;0
12/10/2018;00:45;0;0;0
12/10/2018;01:00;0;0;0
12/10/2018;01:15;0;0;0
12/10/2018;01:30;0;0;0
12/10/2018;01:45;0;0;0
12/10/2018;02:00;0;0;0
12/10/2018;02:15;0;0;0
12/10/2018;02:30;0;0;0
12/10/2018;02:45;0;0;0
12/10/2018;03:00;0;0;0
12/10/2018;03:15;0;0;0
12/10/2018;03:30;0;0;0
12/10/2018;03:45;0;0;0
12/10/2018;04:00;0;0;0
12/10/2018;04:15;0;0;0
12/10/2018;04:30;0;0;0
12/10/2018;04:45;0;0;0
12/10/2018;05:00;0;0;0
12/10/2018;05:15;0;0;0
12/10/2018;05:30;0;0;0
12/10/2018;05:45;0;0;0
12/10/2018;06:00;0;0;0
12/10/2018;06:15;0;0;0
12/10/2018;06:30;0;0;0
12/10/2018;06:45;0;0;0
12/10/2018;07:00;0;0;0
12/10/2018;07:15;0;0;0
12/10/2018;07:30;0;0;0
12/10/2018;07:45;0;0;0
12/10/2018;08:00;0;0;0
12/10/2018;08:15;0;0;0
12/10/2018;08:30;0;0;0
12/10/2018;08:45;0;0;0
12/10/2018;09:00;0;0;0
12/10/2018;09:15;0;0;0
12/10/2018;09:30;0;0;0
12/10/2018;09:45;0;0;0
12/10/2018;10:00;0;0;0
12/10/2018;10:15;0;0;0
12/10/2018;10:30;0;0;0
12/10/2018;10:45;0;0;0
12/10/2018;11:00;0;0;0
12/10/2018;11:15;0;0;0
12/10/2018;11:30;0;0;0
12/10/2018;11:45;0;0;0
12/10/2018;12:00;0;0;0
12/10/2018;12:15;0;0;0
12/10/2018;12:30;0;0;0
12/10/2018;12:45;0;0;0
12/10/2018;13:00;0;0;0
12/10/2018;13:15;0;0;0
12/10/2018;13:30;0;0;0
12/10/2018;13:45;0;0;0
12/10/2018;14:00;0;0;0
12/10/2018;14:15;0;0;0
12/10/2018;14:30;0;0;0
12/10/2018;14:45;0;0;0
12/10/2018;15:00;0;0;0
12/10/2018;15:15;0;0;0
12/10/2018;15:30;0;0;0
12/10/2018;15:45;0;0;0
12/10/2018;16:00;0;0;0
12/10/2018;16:15;0;0;0
12/10/2018;16:30;0;0;0
12/10/2018;16:45;0;0;0
12/10/2018;17:00;0;0;0
12/10/2018;17:15;0;0;0
12/10/2018;17:30;0;0;0
12/10/2018;17:45;0;0;0
12/10/2018;18:00;0;0;0
12/10/2018;18:15;0;0;0
12/10/2018;18:30;0;0;0
12/10/2018;18:45;0;0;0
12/10/2018;19:00;0;0;0
12/10/2018;19:15;0;0;0
12/10/2018;19:30;0;0;0
12/10/2018;19:45;0;0;0
12/10/2018;20:00;0;0;0
12/10/2018;20:15;0;0;0
12/10/2018;20:30;0;0;0
12/10/2018;20:45;0;0;0
12/10/2018;21:00;0;0;0
12/10/2018;21:15;0;0;0
12/10/2018;21:30;0;0;0
12/10/2018;21:45;0;0;0
12/10/2018;22:00;0;0;0
12/10/2018;22:15;0;0;0
12/10/2018;22:30;0;0;0
12/10/2018;22:45;0;0;0
12/10/2018;23:00;0;0;0
12/10/2018;23:15;0;0;0
12/10/2018;23:30;0;0;0
12/10/2018;23:45;0;0;0
13/10/2018;00:00;0;0;0
13/10/2018;00:15;0;0;0
13/10/2018;00:30;0;0;0
13/10/2018;00:45;0;0;0
13/10/2018;01:00;0;0;0
13/10/2018;01:15;0;0;0
13/10/2018;01:30;0;0;0
13/10/2018;01:45;0;0;0
13/10/2018;02:00;0;0;0
13/10/2018;02:15;0;0;0
13/10/2018;02:30;0;0;0
13/10/2018;02:45;0;0;0
13/10/2018;03:00;0;0;0
13/10/2018;03:15;0;0;0
13/10/2018;03:30;0;0;0
13/10/2018;03:45;0;0;0
13/10/2018;04:00;0;0;0
13/10/2018;04:15;0;0;0
13/10/2018;04:30;0;0;0
13/10/2018;04:45;0;0;0
13/10/2018;05:00;0;0;0
13/10/2018;05:15;0;0;0
13/10/2018;05:30;0;0;0
13/10/2018;05:45;0;0;0
13/10/2018;06:00;0;0;0
13/10/2018;06:15;0;0;0
13/10/2018;06:30;0;0;0
13/10/2018;06:45;0;0;0
13/10/2018;07:00;0;0;0
13/10/2018;07:15;0;0;0
13/10/2018;07:30;0;0;0
13/10/2018;07:45;0;0;0
13/10/2018;08:00;0;0;0
13/10/2018;08:15;0;0;0
13/10/2018;08:30;0;0;0
13/10/2018;08:45;0;0;0
13/10/2018;09:00;0;0;0
13/10/2018;09:15;0;0;0
13/10/2018;09:30;0;0;0
13/10/2018;09:45;0;0;0
13/10/2018;10:00;0;0;0
13/10/2018;10:15;0;0;0
13/10/2018;10:30;0;0;0
13/10/2018;10:45;0;0;0
13/10/2018;11:00;0;0;0
13/10/2018;11:15;0;0;0
13/10/2018;11:30;0;0;0
13/10/2018;11:45;0;0;0
13/10/2018;12:00;0;0;0
13/10/2018;12:15;0;0;0
13/10/2018;12:30;0;0;0
13/10/2018;12:45;0;0;0
13/10/2018;13:00;0;0;0
13/10/2018;13:15;0;0;0
13/10/2018;13:30;0;0;0
13/10/2018;13:45;0;0;0
13/10/2018;14:00;0;0;0
13/10/2018;14:15;0;0;0
13/10/2018;14:30;0;0;0
13/10/2018;14:45;0;0;0
13/10/2018;15:00;0;0;0
13/10/2018;15:15;0;0;0
13/10/2018;15:30;0;0;0
13/10/2018;15:45;0;0;0
13/10/2018;16:00;0;0;0
13/10/2018;16:15;0;0;0
13/10/2018;16:30;0;0;0
13/10/2018;16:45;0;0;0
13/10/2018;17:00;0;0;0
13/10/2018;17:15;0;0;0
13/10/2018;17:30;0;0;0
13/10/2018;17:45;0;0;0
13/10/2018;18:00;0;0;0
13/10/2018;18:15;0;0;0
13/10/2018;18:30;0;0;0
13/10/2018;18:45;0;0;0
13/10/2018;19:00;0;0;0
13/10/2018;19:15;0;0;0
13/10/2018;19:30;0;0;0
13/10/2018;19:45;0;0;0
13/10/2018;20:00;0;0;0
13/10/2018;20:15;0;0;0
13/10/2018;20:30;0;0;0
13/10/2018;20:45;0;0;0
13/10/2018;21:00;0;0;0
13/10/2018;21:15;0;0;0
13/10/2018;21:30;0;0;0
13/10/2018;21:45;0;0;0
13/10/2018;22:00;0;0;0
13/10/2018;22:15;0;0;0
13/10/2018;22:30;0;0;0
13/10/2018;22:45;0;0;0
13/10/2018;23:00;0;0;0
13/10/2018;23:15;0;0;0
13/10/2018;23:30;0;0;0
13/10/2018;23:45;0;0;0
14/10/2018;00:00;0;0;0
14/10/2018;00:15;0;0;0
14/10/2018;00:30;0;0;0
14/10/2018;00:45;0;0;0
14/10/2018;01:00;0;0;0
14/10/2018;01:15;0;0;0
14/10/2018;01:30;0;0;0
14/10/2018;01:45;0;0;0
14/10/2018;02:00;0;0;0
14/10/2018;02:15;0;0;0
14/10/2018;02:30;0;0;0
14/10/2018;02:45;0;0;0
14/10/2018;03:00;0;0;0
14/10/2018;03:15;0;0;0
14/10/2018;03:30;0;0;0
14/10/2018;03:45;0;0;0
14/10/2018;04:00;0;0;0
14/10/2018;04:15;0;0;0
14/10/2018;04:30;0;0;0
14/10/2018;04:45;0;0;0
14/10/2018;05:00;0;0;0
14/10/2018;05:15;0;0;0
14/10/2018;05:30;0;0;0
14/10/2018;05:45;0;0;0
14/10/2018;06:00;0;0;0
14/10/2018;06:15;0;0;0
14/10/2018;06:30;0;0;0
14/10/2018;06:45;0;0;0
14/10/2018;07:00;0;0;0
14/10/2018;07:15;0;0;0
14/10/2018;07:30;0;0;0
14/10/2018;07:45;0;0;0
14/10/2018;08:00;0;0;0
14/10/2018;08:15;0;0;0
14/10/2018;08:30;0;0;0
14/10/2018;08:45;0;0;0
14/10/2018;09:00;0;0;0
14/10/2018;09:15;0;0;0
14/10/2018;09:30;0;0;0
14/10/2018;09:45;0;0;0
14/10/2018;10:00;0;0;0
14/10/2018;10:15;0;0;0
14/10/2018;10:30;0;0;0
14/10/2018;10:45;0;0;0
14/10/2018;11:00;0;0;0
14/10/2018;11:15;0;0;0
14/10/2018;11:30;0;0;0
14/10/2018;11:45;0;0;0
14/10/2018;12:00;0;0;0
14/10/2018;12:15;0;0;0
14/10/2018;12:30;0;0;0
14/10/2018;12:45;0;0;0
14/10/2018;13:00;0;0;0
14/10/2018;13:15;0;0;0
14/10/2018;13:30;0;0;0
14/10/2018;13:45;0;0;0
14/10/2018;14:00;0;0;0
14/10/2018;14:15;0;0;0
14/10/2018;14:30;0;0;0
14/10/2018;14:45;0;0;0
14/10/2018;15:00;0;0;0
14/10/2018;15:15;0;0;0
14/10/2018;15:30;0;0;0
14/10/2018;15:45;0;0;0
14/10/2018;16:00;0;0;0
14/10/2018;16:15;0;0;0
14/10/2018;16:30;0;0;0
14/10/2018;16:45;0;0;0
14/10/2018;17:00;0;0;0
14/10/2018;17:15;0;0;0
14/10/2018;17:30;0;0;0
14/10/2018;17:45;0;0;0
14/10/2018;18:00;0;0;0
14/10/2018;18:15;0;0;0
14/10/2018;18:30;0;0;0
14/10/2018;18:45;0;0;0
14/10/2018;19:00;0;0;0
14/10/2018;19:15;0;0;0
14/10/2018;19:30;0;0;0
14/10/2018;19:45;0;0;0
14/10/2018;20:00;0;0;0
14/10/2018;20:15;0;0;0
14/10/2018;20:30;0;0;0
14/10/2018;20:45;0;0;0
14/10/2018;21:00;0;0;0
14/10/2018;21:15;0;0;0
14/10/2018;21:30;0;0;0
14/10/2018;21:45;0;0;0
14/10/2018;22:00;0;0;0
14/10/2018;22:15;0;0;0
14/10/2018;22:30;0;0;0
14/10/2018;22:45;0;0;0
14/10/2018;23:00;0;0;0
14/10/2018;23:15;0;0;0
14/10/2018;23:30;0;0;0
14/10/2018;23:45;0;0;0
15/10/2018;00:00;0;0;0
15/10/2018;00:15;0;0;0
15/10/2018;00:30;0;0;0
15/10/2018;00:45;0;0;0
15/10/2018;01:00;0;0;0
15/10/2018;01:15;0;0;0
15/10/2018;01:30;0;0;0
15/10/2018;01:45;0;0;0
15/10/2018;02:00;0;0;0
15/10/2018;02:15;0;0;0
15/10/2018;02:30;0;0;0
15/10/2018;02:45;0;0;0
15/10/2018;03:00;0;0;0
15/10/2018;03:15;0;0;0
15/10/2018;03:30;0;0;0
15/10/2018;03:45;0;0;0
15/10/2018;04:00;0;0;0
15/10/2018;04:15;0;0;0
15/10/2018;04:30;0;0;0
15/10/2018;04:45;0;0;0
15/10/2018;05:00;0;0;0
15/10/2018;05:15;0;0;0
15/10/2018;05:30;0;0;0
15/10/2018;05:45;0;0;0
15/10/2018;06:00;0;0;0
15/10/2018;06:15;0;0;0
15/10/2018;06:30;0;0;0
15/10/2018;06:45;0;0;0
15/10/2018;07:00;0;0;0
15/10/2018;07:15;0;0;0
15/10/2018;07:30;0;0;0
15/10/2018;07:45;0;0;0
15/10/2018;08:00;0;0;0
15/10/2018;08:15;0;0;0
15/10/2018;08:30;0;0;0
15/10/2018;08:45;0;0;0
15/10/2018;09:00;0;0;0
15/10/2018;09:15;0;0;0
15/10/2018;09:30;0;0;0
15/10/2018;09:45;0;0;0
15/10/2018;10:00;0;0;0
15/10/2018;10:15;0;0;0
15/10/2018;10:30;0;0;0
15/10/2018;10:45;0;0;0
15/10/2018;11:00;0;0;0
15/10/2018;11:15;0;0;0
15/10/2018;11:30;0;0;0
15/10/2018;11:45;0;0;0
15/10/2018;12:00;0;0;0
15/10/2018;12:15;0;0;0
15/10/2018;12:30;0;0;0
15/10/2018;12:45;0;0;0
15/10/2018;13:00;0;0;0
15/10/2018;13:15;0;0;0
15/10/2018;13:30;0;0;0
15/10/2018;13:45;0;0;0
15/10/2018;14:00;0;0;0
15/10/2018;14:15;0;0;0
15/10/2018;14:30;0;0;0
15/10/2018;14:45;0;0;0
15/10/2018;15:00;0;0;0
15/10/2018;15:15;0;0;0
15/10/2018;15:30;0;0;0
15/10/2018;15:45;0;0;0
15/10/2018;16:00;0;0;0
15/10/2018;16:15;0;0;0
15/10/2018;16:30;0;0;0
15/10/2018;16:45;0;0;0
15/10/2018;17:00;0;0;0
15/10/2018;17:15;0;0;0
15/10/2018;17:30;0;0;0
15/10/2018;17:45;0;0;0
15/10/2018;18:00;0;0;0
15/10/2018;18:15;0;0;0
15/10/2018;18:30;0;0;0
15/10/2018;18:45;0;0;0
15/10/2018;19:00;0;0;0
15/10/2018;19:15;0;0;0
15/10/2018;19:30;0;0;0
15/10/2018;19:45;0;0;0
15/10/2018;20:00;0;0;0
15/10/2018;20:15;0;0;0
15/10/2018;20:30;0;0;0
15/10/2018;20:45;0;0;0
15/10/2018;21:00;0;0;0
15/10/2018;21:15;0;0;0
15/10/2018;21:30;0;0;0
15/10/2018;21:45;0;0;0
15/10/2018;22:00;0;0;0
15/10/2018;22:15;0;0;0
15/10/2018;22:30;0;0;0
15/10/2018;22:45;0;0;0
15/10/2018;23:00;0;0;0
15/10/2018;23:15;0;0;0
15/10/2018;23:30;0;0;0
15/10/2018;23:45;0;0;0
16/10/2018;00:00;0;0;0
16/10/2018;00:15;0;0;0
16/10/2018;00:30;0;0;0
16/10/2018;00:45;0;0;0
16/10/2018;01:00;0;0;0
16/10/2018;01:15;0;0;0
16/10/2018;01:30;0;0;0
16/10/2018;01:45;0;0;0
16/10/2018;02:00;0;0;0
16/10/2018;02:15;0;0;0
16/10/2018;02:30;0;0;0
16/10/2018;02:45;0;0;0
16/10/2018;03:00;0;0;0
16/10/2018;03:15;0;0;0
16/10/2018;03:30;0;0;0
16/10/2018;03:45;0;0;0
16/10/2018;04:00;0;0;0
16/10/2018;04:15;0;0;0
16/10/2018;04:30;0;0;0
16/10/2018;04:45;0;0;0
16/10/2018;05:00;0;0;0
16/10/2018;05:15;0;0;0
16/10/2018;05:30;0;0;0
16/10/2018;05:45;0;0;0
16/10/2018;06:00;0;0;0
16/10/2018;06:15;0;0;0
16/10/2018;06:30;0;0;0
16/10/2018;06:45;0;0;0
16/10/2018;07:00;0;0;0
16/10/2018;07:15;0;0;0
16/10/2018;07:30;0;0;0
16/10/2018;07:45;0;0;0
16/10/2018;08:00;0;0;0
16/10/2018;08:15;0;0;0
16/10/2018;08:30;0;0;0
16/10/2018;08:45;0;0;0
16/10/2018;09:00;0;0;0
16/10/2018;09:15;0;0;0
16/10/2018;09:30;0;0;0
16/10/2018;09:45;0;0;0
16/10/2018;10:00;0;0;0
16/10/2018;10:15;0;0;0
16/10/2018;10:30;0;0;0
16/10/2018;10:45;0;0;0
16/10/2018;11:00;0;0;0
16/10/2018;11:15;0;0;0
16/10/2018;11:30;0;0;0
16/10/2018;11:45;0;0;0
16/10/2018;12:00;0;0;0
16/10/2018;12:15;0;0;0
16/10/2018;12:30;0;0;0
16/10/2018;12:45;0;0;0
16/10/2018;13:00;0;0;0
16/10/2018;13:15;0;0;0
16/10/2018;13:30;0;0;0
16/10/2018;13:45;0;0;0
16/10/2018;14:00;0;0;0
16/10/2018;14:15;0;0;0
16/10/2018;14:30;0;0;0
16/10/2018;14:45;0;0;0
16/10/2018;15:00;0;0;0
16/10/2018;15:15;0;0;0
16/10/2018;15:30;0;0;0
16/10/2018;15:45;0;0;0
16/10/2018;16:00;0;0;0
16/10/2018;16:15;0;0;0
16/10/2018;16:30;0;0;0
16/10/2018;16:45;0;0;0
16/10/2018;17:00;0;0;0
16/10/2018;17:15;0;0;0
16/10/2018;17:30;0;0;0
16/10/2018;17:45;0;0;0
16/10/2018;18:00;0;0;0
16/10/2018;18:15;0;0;0
16/10/2018;18:30;0;0;0
16/10/2018;18:45;0;0;0
16/10/2018;19:00;0;0;0
16/10/2018;19:15;0;0;0
16/10/2018;19:30;0;0;0
16/10/2018;19:45;0;0;0
16/10/2018;20:00;0;0;0
16/10/2018;20:15;0;0;0
16/10/2018;20:30;0;0;0
16/10/2018;20:45;0;0;0
16/10/2018;21:00;0;0;0
16/10/2018;21:15;0;0;0
16/10/2018;21:30;0;0;0
16/10/2018;21:45;0;0;0
16/10/2018;22:00;0;0;0
16/10/2018;22:15;0;0;0
16/10/2018;22:30;0;0;0
16/10/2018;22:45;0;0;0
16/10/2018;23:00;0;0;0
16/10/2018;23:15;0;0;0
16/10/2018;23:30;0;0;0
16/10/2018;23:45;0;0;0
17/10/2018;00:00;0;0;0
17/10/2018;00:15;0;0;0
17/10/2018;00:30;0;0;0
17/10/2018;00:45;0;0;0
17/10/2018;01:00;0;0;0
17/10/2018;01:15;0;0;0
17/10/2018;01:30;0;0;0
17/10/2018;01:45;0;0;0
17/10/2018;02:00;0;0;0
17/10/2018;02:15;0;0;0
17/10/2018;02:30;0;0;0
17/10/2018;02:45;0;0;0
17/10/2018;03:00;0;0;0
17/10/2018;03:15;0;0;0
17/10/2018;03:30;0;0;0
17/10/2018;03:45;0;0;0
17/10/2018;04:00;0;0;0
17/10/2018;04:15;0;0;0
17/10/2018;04:30;0;0;0
17/10/2018;04:45;0;0;0
17/10/2018;05:00;0;0;0
17/10/2018;05:15;0;0;0
17/10/2018;05:30;0;0;0
17/10/2018;05:45;0;0;0
17/10/2018;06:00;0;0;0
17/10/2018;06:15;0;0;0
17/10/2018;06:30;0;0;0
17/10/2018;06:45;0;0;0
17/10/2018;07:00;0;0;0
17/10/2018;07:15;0;0;0
17/10/2018;07:30;0;0;0
17/10/2018;07:45;0;0;0
17/10/2018;08:00;0;0;0
17/10/2018;08:15;0;0;0
17/10/2018;08:30;0;0;0
17/10/2018;08:45;0;0;0
17/10/2018;09:00;0;0;0
17/10/2018;09:15;0;0;0
17/10/2018;09:30;0;0;0
17/10/2018;09:45;0;0;0
17/10/2018;10:00;0;0;0
17/10/2018;10:15;0;0;0
17/10/2018;10:30;0;0;0
17/10/2018;10:45;0;0;0
17/10/2018;11:00;0;0;0
17/10/2018;11:15;0;0;0
17/10/2018;11:30;0;0;0
17/10/2018;11:45;0;0;0
17/10/2018;12:00;0;0;0
17/10/2018;12:15;0;0;0
17/10/2018;12:30;0;0;0
17/10/2018;12:45;0;0;0
17/10/2018;13:00;0;0;0
17/10/2018;13:15;0;0;0
17/10/2018;13:30;0;0;0
17/10/2018;13:45;0;0;0
17/10/2018;14:00;0;0;0
17/10/2018;14:15;0;0;0
17/10/2018;14:30;0;0;0
17/10/2018;14:45;0;0;0
17/10/2018;15:00;0;0;0
17/10/2018;15:15;0;0;0
17/10/2018;15:30;0;0;0
17/10/2018;15:45;0;0;0
17/10/2018;16:00;0;0;0
17/10/2018;16:15;0;0;0
17/10/2018;16:30;0;0;0
17/10/2018;16:45;0;0;0
17/10/2018;17:00;0;0;0
17/10/2018;17:15;0;0;0
17/10/2018;17:30;0;0;0
17/10/2018;17:45;0;0;0
17/10/2018;18:00;0;0;0
17/10/2018;18:15;0;0;0
17/10/2018;18:30;0;0;0
17/10/2018;18:45;0;0;0
17/10/2018;19:00;0;0;0
17/10/2018;19:15;0;0;0
17/10/2018;19:30;0;0;0
17/10/2018;19:45;0;0;0
17/10/2018;20:00;0;0;0
17/10/2018;20:15;0;0;0
17/10/2018;20:30;0;0;0
17/10/2018;20:45;0;0;0
17/10/2018;21:00;0;0;0
17/10/2018;21:15;0;0;0
17/10/2018;21:30;0;0;0
17/10/2018;21:45;0;0;0
17/10/2018;22:00;0;0;0
17/10/2018;22:15;0;0;0
17/10/2018;22:30;0;0;0
17/10/2018;22:45;0;0;0
17/10/2018;23:00;0;0;0
17/10/2018;23:15;0;0;0
17/10/2018;23:30;0;0;0
17/10/2018;23:45;0;0;0
18/10/2018;00:00;0;0;0
18/10/2018;00:15;0;0;0
18/10/2018;00:30;0;0;0
18/10/2018;00:45;0;0;0
18/10/2018;01:00;0;0;0
18/10/2018;01:15;0;0;0
18/10/2018;01:30;0;0;0
18/10/2018;01:45;0;0;0
18/10/2018;02:00;0;0;0
18/10/2018;02:15;0;0;0
18/10/2018;02:30;0;0;0
18/10/2018;02:45;0;0;0
18/10/2018;03:00;0;0;0
18/10/2018;03:15;0;0;0
18/10/2018;03:30;0;0;0
18/10/2018;03:45;0;0;0
18/10/2018;04:00;0;0;0
18/10/2018;04:15;0;0;0
18/10/2018;04:30;0;0;0
18/10/2018;04:45;0;0;0
18/10/2018;05:00;0;0;0
18/10/2018;05:15;0;0;0
18/10/2018;05:30;0;0;0
18/10/2018;05:45;0;0;0
18/10/2018;06:00;0;0;0
18/10/2018;06:15;0;0;0
18/10/2018;06:30;0;0;0
18/10/2018;06:45;0;0;0
18/10/2018;07:00;0;0;0
18/10/2018;07:15;0;0;0
18/10/2018;07:30;0;0;0
18/10/2018;07:45;0;0;0
18/10/2018;08:00;0;0;0
18/10/2018;08:15;0;0;0
18/10/2018;08:30;0;0;0
18/10/2018;08:45;0;0;0
18/10/2018;09:00;0;0;0
18/10/2018;09:15;0;0;0
18/10/2018;09:30;0;0;0
18/10/2018;09:45;0;0;0
18/10/2018;10:00;0;0;0
18/10/2018;10:15;0;0;0
18/10/2018;10:30;0;0;0
18/10/2018;10:45;0;0;0
18/10/2018;11:00;0;0;0
18/10/2018;11:15;0;0;0
18/10/2018;11:30;0;0;0
18/10/2018;11:45;0;0;0
18/10/2018;12:00;0;0;0
18/10/2018;12:15;0;0;0
18/10/2018;12:30;0;0;0
18/10/2018;12:45;0;0;0
18/10/2018;13:00;0;0;0
18/10/2018;13:15;0;0;0
18/10/2018;13:30;0;0;0
18/10/2018;13:45;0;0;0
18/10/2018;14:00;0;0;0
18/10/2018;14:15;0;0;0
18/10/2018;14:30;0;0;0
18/10/2018;14:45;0;0;0
18/10/2018;15:00;0;0;0
18/10/2018;15:15;0;0;0
18/10/2018;15:30;0;0;0
18/10/2018;15:45;0;0;0
18/10/2018;16:00;0;0;0
18/10/2018;16:15;0;0;0
18/10/2018;16:30;0;0;0
18/10/2018;16:45;0;0;0
18/10/2018;17:00;0;0;0
18/10/2018;17:15;0;0;0
18/10/2018;17:30;0;0;0
18/10/2018;17:45;0;0;0
18/10/2018;18:00;0;0;0
18/10/2018;18:15;0;0;0
18/10/2018;18:30;0;0;0
18/10/2018;18:45;0;0;0
18/10/2018;19:00;0;0;0
18/10/2018;19:15;0;0;0
18/10/2018;19:30;0;0;0
18/10/2018;19:45;0;0;0
18/10/2018;20:00;0;0;0
18/10/2018;20:15;0;0;0
18/10/2018;20:30;0;0;0
18/10/2018;20:45;0;0;0
18/10/2018;21:00;0;0;0
18/10/2018;21:15;0;0;0
18/10/2018;21:30;0;0;0
18/10/2018;21:45;0;0;0
18/10/2018;22:00;0;0;0
18/10/2018;22:15;0;0;0
18/10/2018;22:30;0;0;0
18/10/2018;22:45;0;0;0
18/10/2018;23:00;0;0;0
18/10/2018;23:15;0;0;0
18/10/2018;23:30;0;0;0
18/10/2018;23:45;0;0;0
19/10/2018;00:00;0;0;0
19/10/2018;00:15;0;0;0
19/10/2018;00:30;0;0;0
19/10/2018;00:45;0;0;0
19/10/2018;01:00;0;0;0
19/10/2018;01:15;0;0;0
19/10/2018;01:30;0;0;0
19/10/2018;01:45;0;0;0
19/10/2018;02:00;0;0;0
19/10/2018;02:15;0;0;0
19/10/2018;02:30;0;0;0
19/10/2018;02:45;0;0;0
19/10/2018;03:00;0;0;0
19/10/2018;03:15;0;0;0
19/10/2018;03:30;0;0;0
19/10/2018;03:45;0;0;0
19/10/2018;04:00;0;0;0
19/10/2018;04:15;0;0;0
19/10/2018;04:30;0;0;0
19/10/2018;04:45;0;0;0
19/10/2018;05:00;0;0;0
19/10/2018;05:15;0;0;0
19/10/2018;05:30;0;0;0
19/10/2018;05:45;0;0;0
19/10/2018;06:00;0;0;0
19/10/2018;06:15;0;0;0
19/10/2018;06:30;0;0;0
19/10/2018;06:45;0;0;0
19/10/2018;07:00;0;0;0
19/10/2018;07:15;0;0;0
19/10/2018;07:30;0;0;0
19/10/2018;07:45;0;0;0
19/10/2018;08:00;0;0;0
19/10/2018;08:15;0;0;0
19/10/2018;08:30;0;0;0
19/10/2018;08:45;0;0;0
19/10/2018;09:00;0;0;0
19/10/2018;09:15;0;0;0
19/10/2018;09:30;0;0;0
19/10/2018;09:45;0;0;0
19/10/2018;10:00;0;0;0
19/10/2018;10:15;0;0;0
19/10/2018;10:30;0;0;0
19/10/2018;10:45;0;0;0
19/10/2018;11:00;0;0;0
19/10/2018;11:15;0;0;0
19/10/2018;11:30;0;0;0
19/10/2018;11:45;0;0;0
19/10/2018;12:00;0;0;0
19/10/2018;12:15;0;0;0
19/10/2018;12:30;0;0;0
19/10/2018;12:45;0;0;0
19/10/2018;13:00;0;0;0
19/10/2018;13:15;0;0;0
19/10/2018;13:30;0;0;0
19/10/2018;13:45;0;0;0
19/10/2018;14:00;0;0;0
19/10/2018;14:15;0;0;0
19/10/2018;14:30;0;0;0
19/10/2018;14:45;0;0;0
19/10/2018;15:00;0;0;0
19/10/2018;15:15;0;0;0
19/10/2018;15:30;0;0;0
19/10/2018;15:45;0;0;0
19/10/2018;16:00;0;0;0
19/10/2018;16:15;0;0;0
19/10/2018;16:30;0;0;0
19/10/2018;16:45;0;0;0
19/10/2018;17:00;0;0;0
19/10/2018;17:15;0;0;0
19/10/2018;17:30;0;0;0
19/10/2018;17:45;0;0;0
19/10/2018;18:00;0;0;0
19/10/2018;18:15;0;0;0
19/10/2018;18:30;0;0;0
19/10/2018;18:45;0;0;0
19/10/2018;19:00;0;0;0
19/10/2018;19:15;0;0;0
19/10/2018;19:30;0;0;0
19/10/2018;19:45;0;0;0
19/10/2018;20:00;0;0;0
19/10/2018;20:15;0;0;0
19/10/2018;20:30;0;0;0
19/10/2018;20:45;0;0;0
19/10/2018;21:00;0;0;0
19/10/2018;21:15;0;0;0
19/10/2018;21:30;0;0;0
19/10/2018;21:45;0;0;0
19/10/2018;22:00;0;0;0
19/10/2018;22:15;0;0;0
19/10/2018;22:30;0;0;0
19/10/2018;22:45;0;0;0
19/10/2018;23:00;0;0;0
19/10/2018;23:15;0;0;0
19/10/2018;23:30;0;0;0
19/10/2018;23:45;0;0;0
20/10/2018;00:00;0;0;0
20/10/2018;00:15;0;0;0
20/10/2018;00:30;0;0;0
20/10/2018;00:45;0;0;0
20/10/2018;01:00;0;0;0
20/10/2018;01:15;0;0;0
20/10/2018;01:30;0;0;0
20/10/2018;01:45;0;0;0
20/10/2018;02:00;0;0;0
20/10/2018;02:15;0;0;0
20/10/2018;02:30;0;0;0
20/10/2018;02:45;0;0;0
20/10/2018;03:00;0;0;0
20/10/2018;03:15;0;0;0
20/10/2018;03:30;0;0;0
20/10/2018;03:45;0;0;0
20/10/2018;04:00;0;0;0
20/10/2018;04:15;0;0;0
20/10/2018;04:30;0;0;0
20/10/2018;04:45;0;0;0
20/10/2018;05:00;0;0;0
20/10/2018;05:15;0;0;0
20/10/2018;05:30;0;0;0
20/10/2018;05:45;0;0;0
20/10/2018;06:00;0;0;0
20/10/2018;06:15;0;0;0
20/10/2018;06:30;0;0;0
20/10/2018;06:45;0;0;0
20/10/2018;07:00;0;0;0
20/10/2018;07:15;0;0;0
20/10/2018;07:30;0;0;0
20/10/2018;07:45;0;0;0
20/10/2018;08:00;0;0;0
20/10/2018;08:15;0;0;0
20/10/2018;08:30;0;0;0
20/10/2018;08:45;0;0;0
20/10/2018;09:00;0;0;0
20/10/2018;09:15;0;0;0
20/10/2018;09:30;0;0;0
20/10/2018;09:45;0;0;0
20/10/2018;10:00;0;0;0
20/10/2018;10:15;0;0;0
20/10/2018;10:30;0;0;0
20/10/2018;10:45;0;0;0
20/10/2018;11:00;0;0;0
20/10/2018;11:15;0;0;0
20/10/2018;11:30;0;0;0
20/10/2018;11:45;0;0;0
20/10/2018;12:00;0;0;0
20/10/2018;12:15;0;0;0
20/10/2018;12:30;0;0;0
20/10/2018;12:45;0;0;0
20/10/2018;13:00;0;0;0
20/10/2018;13:15;0;0;0
20/10/2018;13:30;0;0;0
20/10/2018;13:45;0;0;0
20/10/2018;14:00;0;0;0
20/10/2018;14:15;0;0;0
20/10/2018;14:30;0;0;0
20/10/2018;14:45;0;0;0
20/10/2018;15:00;0;0;0
20/10/2018;15:15;0;0;0
20/10/2018;15:30;0;0;0
20/10/2018;15:45;0;0;0
20/10/2018;16:00;0;0;0
20/10/2018;16:15;0;0;0
20/10/2018;16:30;0;0;0
20/10/2018;16:45;0;0;0
20/10/2018;17:00;0;0;0
20/10/2018;17:15;0;0;0
20/10/2018;17:30;0;0;0
20/10/2018;17:45;0;0;0
20/10/2018;18:00;0;0;0
20/10/2018;18:15;0;0;0
20/10/2018;18:30;0;0;0
20/10/2018;18:45;0;0;0
20/10/2018;19:00;0;0;0
20/10/2018;19:15;0;0;0
20/10/2018;19:30;0;0;0
20/10/2018;19:45;0;0;0
20/10/2018;20:00;0;0;0
20/10/2018;20:15;0;0;0
20/10/2018;20:30;0;0;0
20/10/2018;20:45;0;0;0
20/10/2018;21:00;0;0;0
20/10/2018;21:15;0;0;0
20/10/2018;21:30;0;0;0
20/10/2018;21:45;0;0;0
20/10/2018;22:00;0;0;0
20/10/2018;22:15;0;0;0
20/10/2018;22:30;0;0;0
20/10/2018;22:45;0;0;0
20/10/2018;23:00;0;0;0
20/10/2018;23:15;0;0;0
20/10/2018;23:30;0;0;0
20/10/2018;23:45;0;0;0
21/10/2018;00:00;0;0;0
21/10/2018;00:15;0;0;0
21/10/2018;00:30;0;0;0
21/10/2018;00:45;0;0;0
21/10/2018;01:00;0;0;0
21/10/2018;01:15;0;0;0
21/10/2018;01:30;0;0;0
21/10/2018;01:45;0;0;0
21/10/2018;02:00;0;0;0
21/10/2018;02:15;0;0;0
21/10/2018;02:30;0;0;0
21/10/2018;02:45;0;0;0
21/10/2018;03:00;0;0;0
21/10/2018;03:15;0;0;0
21/10/2018;03:30;0;0;0
21/10/2018;03:45;0;0;0
21/10/2018;04:00;0;0;0
21/10/2018;04:15;0;0;0
21/10/2018;04:30;0;0;0
21/10/2018;04:45;0;0;0
21/10/2018;05:00;0;0;0
21/10/2018;05:15;0;0;0
21/10/2018;05:30;0;0;0
21/10/2018;05:45;0;0;0
21/10/2018;06:00;0;0;0
21/10/2018;06:15;0;0;0
21/10/2018;06:30;0;0;0
21/10/2018;06:45;0;0;0
21/10/2018;07:00;0;0;0
21/10/2018;07:15;0;0;0
21/10/2018;07:30;0;0;0
21/10/2018;07:45;0;0;0
21/10/2018;08:00;0;0;0
21/10/2018;08:15;0;0;0
21/10/2018;08:30;0;0;0
21/10/2018;08:45;0;0;0
21/10/2018;09:00;0;0;0
21/10/2018;09:15;0;0;0
21/10/2018;09:30;0;0;0
21/10/2018;09:45;0;0;0
21/10/2018;10:00;0;0;0
21/10/2018;10:15;0;0;0
21/10/2018;10:30;0;0;0
21/10/2018;10:45;0;0;0
21/10/2018;11:00;0;0;0
21/10/2018;11:15;0;0;0
21/10/2018;11:30;0;0;0
21/10/2018;11:45;0;0;0
21/10/2018;12:00;0;0;0
21/10/2018;12:15;0;0;0
21/10/2018;12:30;0;0;0
21/10/2018;12:45;0;0;0
21/10/2018;13:00;0;0;0
21/10/2018;13:15;0;0;0
21/10/2018;13:30;0;0;0
21/10/2018;13:45;0;0;0
21/10/2018;14:00;0;0;0
21/10/2018;14:15;0;0;0
21/10/2018;14:30;0;0;0
21/10/2018;14:45;0;0;0
21/10/2018;15:00;0;0;0
21/10/2018;15:15;0;0;0
21/10/2018;15:30;0;0;0
21/10/2018;15:45;0;0;0
21/10/2018;16:00;0;0;0
21/10/2018;16:15;0;0;0
21/10/2018;16:30;0;0;0
21/10/2018;16:45;0;0;0
21/10/2018;17:00;0;0;0
21/10/2018;17:15;0;0;0
21/10/2018;17:30;0;0;0
21/10/2018;17:45;0;0;0
21/10/2018;18:00;0;0;0
21/10/2018;18:15;0;0;0
21/10/2018;18:30;0;0;0
21/10/2018;18:45;0;0;0
21/10/2018;19:00;0;0;0
21/10/2018;19:15;0;0;0
21/10/2018;19:30;0;0;0
21/10/2018;19:45;0;0;0
21/10/2018;20:00;0;0;0
21/10/2018;20:15;0;0;0
21/10/2018;20:30;0;0;0
21/10/2018;20:45;0;0;0
21/10/2018;21:00;0;0;0
21/10/2018;21:15;0;0;0
21/10/2018;21:30;0;0;0
21/10/2018;21:45;0;0;0
21/10/2018;22:00;0;0;0
21/10/2018;22:15;0;0;0
21/10/2018;22:30;0;0;0
21/10/2018;22:45;0;0;0
21/10/2018;23:00;0;0;0
21/10/2018;23:15;0;0;0
21/10/2018;23:30;0;0;0
21/10/2018;23:45;0;0;0
22/10/2018;00:00;0;0;0
22/10/2018;00:15;0;0;0
22/10/2018;00:30;0;0;0
22/10/2018;00:45;0;0;0
22/10/2018;01:00;0;0;0
22/10/2018;01:15;0;0;0
22/10/2018;01:30;0;0;0
22/10/2018;01:45;0;0;0
22/10/2018;02:00;0;0;0
22/10/2018;02:15;0;0;0
22/10/2018;02:30;0;0;0
22/10/2018;02:45;0;0;0
22/10/2018;03:00;0;0;0
22/10/2018;03:15;0;0;0
22/10/2018;03:30;0;0;0
22/10/2018;03:45;0;0;0
22/10/2018;04:00;0;0;0
22/10/2018;04:15;0;0;0
22/10/2018;04:30;0;0;0
22/10/2018;04:45;0;0;0
22/10/2018;05:00;0;0;0
22/10/2018;05:15;0;0;0
22/10/2018;05:30;0;0;0
22/10/2018;05:45;0;0;0
22/10/2018;06:00;0;0;0
22/10/2018;06:15;0;0;0
22/10/2018;06:30;0;0;0
22/10/2018;06:45;0;0;0
22/10/2018;07:00;0;0;0
22/10/2018;07:15;0;0;0
22/10/2018;07:30;0;0;0
22/10/2018;07:45;0;0;0
22/10/2018;08:00;0;0;0
22/10/2018;08:15;0;0;0
22/10/2018;08:30;0;0;0
22/10/2018;08:45;0;0;0
22/10/2018;09:00;0;0;0
22/10/2018;09:15;0;0;0
22/10/2018;09:30;0;0;0
22/10/2018;09:45;0;0;0
22/10/2018;10:00;0;0;0
22/10/2018;10:15;0;0;0
22/10/2018;10:30;0;0;0
22/10/2018;10:45;0;0;0
22/10/2018;11:00;0;0;0
22/10/2018;11:15;0;0;0
22/10/2018;11:30;0;0;0
22/10/2018;11:45;0;0;0
22/10/2018;12:00;0;0;0
22/10/2018;12:15;0;0;0
22/10/2018;12:30;0;0;0
22/10/2018;12:45;0;0;0
22/10/2018;13:00;0;0;0
22/10/2018;13:15;0;0;0
22/10/2018;13:30;0;0;0
22/10/2018;13:45;0;0;0
22/10/2018;14:00;0;0;0
22/10/2018;14:15;0;0;0
22/10/2018;14:30;0;0;0
22/10/2018;14:45;0;0;0
22/10/2018;15:00;0;0;0
22/10/2018;15:15;0;0;0
22/10/2018;15:30;0;0;0
22/10/2018;15:45;0;0;0
22/10/2018;16:00;0;0;0
22/10/2018;16:15;0;0;0
22/10/2018;16:30;0;0;0
22/10/2018;16:45;0;0;0
22/10/2018;17:00;0;0;0
22/10/2018;17:15;0;0;0
22/10/2018;17:30;0;0;0
22/10/2018;17:45;0;0;0
22/10/2018;18:00;0;0;0
22/10/2018;18:15;0;0;0
22/10/2018;18:30;0;0;0
22/10/2018;18:45;0;0;0
22/10/2018;19:00;0;0;0
22/10/2018;19:15;0;0;0
22/10/2018;19:30;0;0;0
22/10/2018;19:45;0;0;0
22/10/2018;20:00;0;0;0
22/10/2018;20:15;0;0;0
22/10/2018;20:30;0;0;0
22/10/2018;20:45;0;0;0
22/10/2018;21:00;0;0;0
22/10/2018;21:15;0;0;0
22/10/2018;21:30;0;0;0
22/10/2018;21:45;0;0;0
22/10/2018;22:00;0;0;0
22/10/2018;22:15;0;0;0
22/10/2018;22:30;0;0;0
22/10/2018;22:45;0;0;0
22/10/2018;23:00;0;0;0
22/10/2018;23:15;0;0;0
22/10/2018;23:30;0;0;0
22/10/2018;23:45;0;0;0
23/10/2018;00:00;0;0;0
23/10/2018;00:15;0;0;0
23/10/2018;00:30;0;0;0
23/10/2018;00:45;0;0;0
23/10/2018;01:00;0;0;0
23/10/2018;01:15;0;0;0
23/10/2018;01:30;0;0;0
23/10/2018;01:45;0;0;0
23/10/2018;02:00;0;0;0
23/10/2018;02:15;0;0;0
23/10/2018;02:30;0;0;0
23/10/2018;02:45;0;0;0
23/10/2018;03:00;0;0;0
23/10/2018;03:15;0;0;0
23/10/2018;03:30;0;0;0
23/10/2018;03:45;0;0;0
23/10/2018;04:00;0;0;0
23/10/2018;04:15;0;0;0
23/10/2018;04:30;0;0;0
23/10/2018;04:45;0;0;0
23/10/2018;05:00;0;0;0
23/10/2018;05:15;0;0;0
23/10/2018;05:30;0;0;0
23/10/2018;05:45;0;0;0
23/10/2018;06:00;0;0;0
23/10/2018;06:15;0;0;0
23/10/2018;06:30;0;0;0
23/10/2018;06:45;0;0;0
23/10/2018;07:00;0;0;0
23/10/2018;07:15;0;0;0
23/10/2018;07:30;0;0;0
23/10/2018;07:45;0;0;0
23/10/2018;08:00;0;0;0
23/10/2018;08:15;0;0;0
23/10/2018;08:30;0;0;0
23/10/2018;08:45;0;0;0
23/10/2018;09:00;0;0;0
23/10/2018;09:15;0;0;0
23/10/2018;09:30;0;0;0
23/10/2018;09:45;0;0;0
23/10/2018;10:00;0;0;0
23/10/2018;10:15;0;0;0
23/10/2018;10:30;0;0;0
23/10/2018;10:45;0;0;0
23/10/2018;11:00;0;0;0
23/10/2018;11:15;0;0;0
23/10/2018;11:30;0;0;0
23/10/2018;11:45;0;0;0
23/10/2018;12:00;0;0;0
23/10/2018;12:15;0;0;0
23/10/2018;12:30;0;0;0
23/10/2018;12:45;0;0;0
23/10/2018;13:00;0;0;0
23/10/2018;13:15;0;0;0
23/10/2018;13:30;0;0;0
23/10/2018;13:45;0;0;0
23/10/2018;14:00;0;0;0
23/10/2018;14:15;0;0;0
23/10/2018;14:30;0;0;0
23/10/2018;14:45;0;0;0
23/10/2018;15:00;0;0;0
23/10/2018;15:15;0;0;0
23/10/2018;15:30;0;0;0
23/10/2018;15:45;0;0;0
23/10/2018;16:00;0;0;0
23/10/2018;16:15;0;0;0
23/10/2018;16:30;0;0;0
23/10/2018;16:45;0;0;0
23/10/2018;17:00;0;0;0
23/10/2018;17:15;0;0;0
23/10/2018;17:30;0;0;0
23/10/2018;17:45;0;0;0
23/10/2018;18:00;0;0;0
23/10/2018;18:15;0;0;0
23/10/2018;18:30;0;0;0
23/10/2018;18:45;0;0;0
23/10/2018;19:00;0;0;0
23/10/2018;19:15;0;0;0
23/10/2018;19:30;0;0;0
23/10/2018;19:45;0;0;0
23/10/2018;20:00;0;0;0
23/10/2018;20:15;0;0;0
23/10/2018;20:30;0;0;0
23/10/2018;20:45;0;0;0
23/10/2018;21:00;0;0;0
23/10/2018;21:15;0;0;0
23/10/2018;21:30;0;0;0
23/10/2018;21:45;0;0;0
23/10/2018;22:00;0;0;0
23/10/2018;22:15;0;0;0
23/10/2018;22:30;0;0;0
23/10/2018;22:45;0;0;0
23/10/2018;23:00;0;0;0
23/10/2018;23:15;0;0;0
23/10/2018;23:30;0;0;0
23/10/2018;23:45;0;0;0
24/10/2018;00:00;0;0;0
24/10/2018;00:15;0;0;0
24/10/2018;00:30;0;0;0
24/10/2018;00:45;0;0;0
24/10/2018;01:00;0;0;0
24/10/2018;01:15;0;0;0
24/10/2018;01:30;0;0;0
24/10/2018;01:45;0;0;0
24/10/2018;02:00;0;0;0
24/10/2018;02:15;0;0;0
24/10/2018;02:30;0;0;0
24/10/2018;02:45;0;0;0
24/10/2018;03:00;0;0;0
24/10/2018;03:15;0;0;0
24/10/2018;03:30;0;0;0
24/10/2018;03:45;0;0;0
24/10/2018;04:00;0;0;0
24/10/2018;04:15;0;0;0
24/10/2018;04:30;0;0;0
24/10/2018;04:45;0;0;0
24/10/2018;05:00;0;0;0
24/10/2018;05:15;0;0;0
24/10/2018;05:30;0;0;0
24/10/2018;05:45;0;0;0
24/10/2018;06:00;0;0;0
24/10/2018;06:15;0;0;0
24/10/2018;06:30;0;0;0
24/10/2018;06:45;0;0;0
24/10/2018;07:00;0;0;0
24/10/2018;07:15;0;0;0
24/10/2018;07:30;0;0;0
24/10/2018;07:45;0;0;0
24/10/2018;08:00;0;0;0
24/10/2018;08:15;0;0;0
24/10/2018;08:30;0;0;0
24/10/2018;08:45;0;0;0
24/10/2018;09:00;0;0;0
24/10/2018;09:15;0;0;0
24/10/2018;09:30;0;0;0
24/10/2018;09:45;0;0;0
24/10/2018;10:00;0;0;0
24/10/2018;10:15;0;0;0
24/10/2018;10:30;0;0;0
24/10/2018;10:45;0;0;0
24/10/2018;11:00;0;0;0
24/10/2018;11:15;0;0;0
24/10/2018;11:30;0;0;0
24/10/2018;11:45;0;0;0
24/10/2018;12:00;0;0;0
24/10/2018;12:15;0;0;0
24/10/2018;12:30;0;0;0
24/10/2018;12:45;0;0;0
24/10/2018;13:00;0;0;0
24/10/2018;13:15;0;0;0
24/10/2018;13:30;0;0;0
24/10/2018;13:45;0;0;0
24/10/2018;14:00;0;0;0
24/10/2018;14:15;0;0;0
24/10/2018;14:30;0;0;0
24/10/2018;14:45;0;0;0
24/10/2018;15:00;0;0;0
24/10/2018;15:15;0;0;0
24/10/2018;15:30;0;0;0
24/10/2018;15:45;0;0;0
24/10/2018;16:00;0;0;0
24/10/2018;16:15;0;0;0
24/10/2018;16:30;0;0;0
24/10/2018;16:45;0;0;0
24/10/2018;17:00;0;0;0
24/10/2018;17:15;0;0;0
24/10/2018;17:30;0;0;0
24/10/2018;17:45;0;0;0
24/10/2018;18:00;0;0;0
24/10/2018;18:15;0;0;0
24/10/2018;18:30;0;0;0
24/10/2018;18:45;0;0;0
24/10/2018;19:00;0;0;0
24/10/2018;19:15;0;0;0
24/10/2018;19:30;0;0;0
24/10/2018;19:45;0;0;0
24/10/2018;20:00;0;0;0
24/10/2018;20:15;0;0;0
24/10/2018;20:30;0;0;0
24/10/2018;20:45;0;0;0
24/10/2018;21:00;0;0;0
24/10/2018;21:15;0;0;0
24/10/2018;21:30;0;0;0
24/10/2018;21:45;0;0;0
24/10/2018;22:00;0;0;0
24/10/2018;22:15;0;0;0
24/10/2018;22:30;0;0;0
24/10/2018;22:45;0;0;0
24/10/2018;23:00;0;0;0
24/10/2018;23:15;0;0;0
24/10/2018;23:30;0;0;0
24/10/2018;23:45;0;0;0
25/10/2018;00:00;0;0;0
25/10/2018;00:15;0;0;0
25/10/2018;00:30;0;0;0
25/10/2018;00:45;0;0;0
25/10/2018;01:00;0;0;0
25/10/2018;01:15;0;0;0
25/10/2018;01:30;0;0;0
25/10/2018;01:45;0;0;0
25/10/2018;02:00;0;0;0
25/10/2018;02:15;0;0;0
25/10/2018;02:30;0;0;0
25/10/2018;02:45;0;0;0
25/10/2018;03:00;0;0;0
25/10/2018;03:15;0;0;0
25/10/2018;03:30;0;0;0
25/10/2018;03:45;0;0;0
25/10/2018;04:00;0;0;0
25/10/2018;04:15;0;0;0
25/10/2018;04:30;0;0;0
25/10/2018;04:45;0;0;0
25/10/2018;05:00;0;0;0
25/10/2018;05:15;0;0;0
25/10/2018;05:30;0;0;0
25/10/2018;05:45;0;0;0
25/10/2018;06:00;0;0;0
25/10/2018;06:15;0;0;0
25/10/2018;06:30;0;0;0
25/10/2018;06:45;0;0;0
25/10/2018;07:00;0;0;0
25/10/2018;07:15;0;0;0
25/10/2018;07:30;0;0;0
25/10/2018;07:45;0;0;0
25/10/2018;08:00;0;0;0
25/10/2018;08:15;0;0;0
25/10/2018;08:30;0;0;0
25/10/2018;08:45;0;0;0
25/10/2018;09:00;0;0;0
25/10/2018;09:15;0;0;0
25/10/2018;09:30;0;0;0
25/10/2018;09:45;0;0;0
25/10/2018;10:00;0;0;0
25/10/2018;10:15;0;0;0
25/10/2018;10:30;0;0;0
25/10/2018;10:45;0;0;0
25/10/2018;11:00;0;0;0
25/10/2018;11:15;0;0;0
25/10/2018;11:30;0;0;0
25/10/2018;11:45;0;0;0
25/10/2018;12:00;0;0;0
25/10/2018;12:15;0;0;0
25/10/2018;12:30;0;0;0
25/10/2018;12:45;0;0;0
25/10/2018;13:00;0;0;0
25/10/2018;13:15;0;0;0
25/10/2018;13:30;0;0;0
25/10/2018;13:45;0;0;0
25/10/2018;14:00;0;0;0
25/10/2018;14:15;0;0;0
25/10/2018;14:30;0;0;0
25/10/2018;14:45;0;0;0
25/10/2018;15:00;0;0;0
25/10/2018;15:15;0;0;0
25/10/2018;15:30;0;0;0
25/10/2018;15:45;0;0;0
25/10/2018;16:00;0;0;0
25/10/2018;16:15;0;0;0
25/10/2018;16:30;0;0;0
25/10/2018;16:45;0;0;0
25/10/2018;17:00;0;0;0
25/10/2018;17:15;0;0;0
25/10/2018;17:30;0;0;0
25/10/2018;17:45;0;0;0
25/10/2018;18:00;0;0;0
25/10/2018;18:15;0;0;0
25/10/2018;18:30;0;0;0
25/10/2018;18:45;0;0;0
25/10/2018;19:00;0;0;0
25/10/2018;19:15;0;0;0
25/10/2018;19:30;0;0;0
25/10/2018;19:45;0;0;0
25/10/2018;20:00;0;0;0
25/10/2018;20:15;0;0;0
25/10/2018;20:30;0;0;0
25/10/2018;20:45;0;0;0
25/10/2018;21:00;0;0;0
25/10/2018;21:15;0;0;0
25/10/2018;21:30;0;0;0
25/10/2018;21:45;0;0;0
25/10/2018;22:00;0;0;0
25/10/2018;22:15;0;0;0
25/10/2018;22:30;0;0;0
25/10/2018;22:45;0;0;0
25/10/2018;23:00;0;0;0
25/10/2018;23:15;0;0;0
25/10/2018;23:30;0;0;0
25/10/2018;23:45;0;0;0
26/10/2018;00:00;0;0;0
26/10/2018;00:15;0;0;0
26/10/2018;00:30;0;0;0
26/10/2018;00:45;0;0;0
26/10/2018;01:00;0;0;0
26/10/2018;01:15;0;0;0
26/10/2018;01:30;0;0;0
26/10/2018;01:45;0;0;0
26/10/2018;02:00;0;0;0
26/10/2018;02:15;0;0;0
26/10/2018;02:30;0;0;0
26/10/2018;02:45;0;0;0
26/10/2018;03:00;0;0;0
26/10/2018;03:15;0;0;0
26/10/2018;03:30;0;0;0
26/10/2018;03:45;0;0;0
26/10/2018;04:00;0;0;0
26/10/2018;04:15;0;0;0
26/10/2018;04:30;0;0;0
26/10/2018;04:45;0;0;0
26/10/2018;05:00;0;0;0
26/10/2018;05:15;0;0;0
26/10/2018;05:30;0;0;0
26/10/2018;05:45;0;0;0
26/10/2018;06:00;0;0;0
26/10/2018;06:15;0;0;0
26/10/2018;06:30;0;0;0
26/10/2018;06:45;0;0;0
26/10/2018;07:00;0;0;0
26/10/2018;07:15;0;0;0
26/10/2018;07:30;0;0;0
26/10/2018;07:45;0;0;0
26/10/2018;08:00;0;0;0
26/10/2018;08:15;0;0;0
26/10/2018;08:30;0;0;0
26/10/2018;08:45;0;0;0
26/10/2018;09:00;0;0;0
26/10/2018;09:15;0;0;0
26/10/2018;09:30;0;0;0
26/10/2018;09:45;0;0;0
26/10/2018;10:00;0;0;0
26/10/2018;10:15;0;0;0
26/10/2018;10:30;0;0;0
26/10/2018;10:45;0;0;0
26/10/2018;11:00;0;0;0
26/10/2018;11:15;0;0;0
26/10/2018;11:30;0;0;0
26/10/2018;11:45;0;0;0
26/10/2018;12:00;0;0;0
26/10/2018;12:15;0;0;0
26/10/2018;12:30;0;0;0
26/10/2018;12:45;0;0;0
26/10/2018;13:00;0;0;0
26/10/2018;13:15;0;0;0
26/10/2018;13:30;0;0;0
26/10/2018;13:45;0;0;0
26/10/2018;14:00;0;0;0
26/10/2018;14:15;0;0;0
26/10/2018;14:30;0;0;0
26/10/2018;14:45;0;0;0
26/10/2018;15:00;0;0;0
26/10/2018;15:15;0;0;0
26/10/2018;15:30;0;0;0
26/10/2018;15:45;0;0;0
26/10/2018;16:00;0;0;0
26/10/2018;16:15;0;0;0
26/10/2018;16:30;0;0;0
26/10/2018;16:45;0;0;0
26/10/2018;17:00;0;0;0
26/10/2018;17:15;0;0;0
26/10/2018;17:30;0;0;0
26/10/2018;17:45;0;0;0
26/10/2018;18:00;0;0;0
26/10/2018;18:15;0;0;0
26/10/2018;18:30;0;0;0
26/10/2018;18:45;0;0;0
26/10/2018;19:00;0;0;0
26/10/2018;19:15;0;0;0
26/10/2018;19:30;0;0;0
26/10/2018;19:45;0;0;0
26/10/2018;20:00;0;0;0
26/10/2018;20:15;0;0;0
26/10/2018;20:30;0;0;0
26/10/2018;20:45;0;0;0
26/10/2018;21:00;0;0;0
26/10/2018;21:15;0;0;0
26/10/2018;21:30;0;0;0
26/10/2018;21:45;0;0;0
26/10/2018;22:00;0;0;0
26/10/2018;22:15;0;0;0
26/10/2018;22:30;0;0;0
26/10/2018;22:45;0;0;0
26/10/2018;23:00;0;0;0
26/10/2018;23:15;0;0;0
26/10/2018;23:30;0;0;0
26/10/2018;23:45;0;0;0
27/10/2018;00:00;0;0;0
27/10/2018;00:15;0;0;0
27/10/2018;00:30;0;0;0
27/10/2018;00:45;0;0;0
27/10/2018;01:00;0;0;0
27/10/2018;01:15;0;0;0
27/10/2018;01:30;0;0;0
27/10/2018;01:45;0;0;0
27/10/2018;02:00;0;0;0
27/10/2018;02:15;0;0;0
27/10/2018;02:30;0;0;0
27/10/2018;02:45;0;0;0
27/10/2018;03:00;0;0;0
27/10/2018;03:15;0;0;0
27/10/2018;03:30;0;0;0
27/10/2018;03:45;0;0;0
27/10/2018;04:00;0;0;0
27/10/2018;04:15;0;0;0
27/10/2018;04:30;0;0;0
27/10/2018;04:45;0;0;0
27/10/2018;05:00;0;0;0
27/10/2018;05:15;0;0;0
27/10/2018;05:30;0;0;0
27/10/2018;05:45;0;0;0
27/10/2018;06:00;0;0;0
27/10/2018;06:15;0;0;0
27/10/2018;06:30;0;0;0
27/10/2018;06:45;0;0;0
27/10/2018;07:00;0;0;0
27/10/2018;07:15;0;0;0
27/10/2018;07:30;0;0;0
27/10/2018;07:45;0;0;0
27/10/2018;08:00;0;0;0
27/10/2018;08:15;0;0;0
27/10/2018;08:30;0;0;0
27/10/2018;08:45;0;0;0
27/10/2018;09:00;0;0;0
27/10/2018;09:15;0;0;0
27/10/2018;09:30;0;0;0
27/10/2018;09:45;0;0;0
27/10/2018;10:00;0;0;0
27/10/2018;10:15;0;0;0
27/10/2018;10:30;0;0;0
27/10/2018;10:45;0;0;0
27/10/2018;11:00;0;0;0
27/10/2018;11:15;0;0;0
27/10/2018;11:30;0;0;0
27/10/2018;11:45;0;0;0
27/10/2018;12:00;0;0;0
27/10/2018;12:15;0;0;0
27/10/2018;12:30;0;0;0
27/10/2018;12:45;0;0;0
27/10/2018;13:00;0;0;0
27/10/2018;13:15;0;0;0
27/10/2018;13:30;0;0;0
27/10/2018;13:45;0;0;0
27/10/2018;14:00;0;0;0
27/10/2018;14:15;0;0;0
27/10/2018;14:30;0;0;0
27/10/2018;14:45;0;0;0
27/10/2018;15:00;0;0;0
27/10/2018;15:15;0;0;0
27/10/2018;15:30;0;0;0
27/10/2018;15:45;0;0;0
27/10/2018;16:00;0;0;0
27/10/2018;16:15;0;0;0
27/10/2018;16:30;0;0;0
27/10/2018;16:45;0;0;0
27/10/2018;17:00;0;0;0
27/10/2018;17:15;0;0;0
27/10/2018;17:30;0;0;0
27/10/2018;17:45;0;0;0
27/10/2018;18:00;0;0;0
27/10/2018;18:15;0;0;0
27/10/2018;18:30;0;0;0
27/10/2018;18:45;0;0;0
27/10/2018;19:00;0;0;0
27/10/2018;19:15;0;0;0
27/10/2018;19:30;0;0;0
27/10/2018;19:45;0;0;0
27/10/2018;20:00;0;0;0
27/10/2018;20:15;0;0;0
27/10/2018;20:30;0;0;0
27/10/2018;20:45;0;0;0
27/10/2018;21:00;0;0;0
27/10/2018;21:15;0;0;0
27/10/2018;21:30;0;0;0
27/10/2018;21:45;0;0;0
27/10/2018;22:00;0;0;0
27/10/2018;22:15;0;0;0
27/10/2018;22:30;0;0;0
27/10/2018;22:45;0;0;0
27/10/2018;23:00;0;0;0
27/10/2018;23:15;0;0;0
27/10/2018;23:30;0;0;0
27/10/2018;23:45;0;0;0
28/10/2018;00:00;0;0;0
28/10/2018;00:15;0;0;0
28/10/2018;00:30;0;0;0
28/10/2018;00:45;0;0;0
28/10/2018;01:00;0;0;0
28/10/2018;01:15;0;0;0
28/10/2018;01:30;0;0;0
28/10/2018;01:45;0;0;0
28/10/2018;02:00;0;0;0
28/10/2018;02:15;0;0;0
28/10/2018;02:30;0;0;0
28/10/2018;02:45;0;0;0
28/10/2018;03:00;0;0;0
28/10/2018;03:15;0;0;0
28/10/2018;03:30;0;0;0
28/10/2018;03:45;0;0;0
28/10/2018;04:00;0;0;0
28/10/2018;04:15;0;0;0
28/10/2018;04:30;0;0;0
28/10/2018;04:45;0;0;0
28/10/2018;05:00;0;0;0
28/10/2018;05:15;0;0;0
28/10/2018;05:30;0;0;0
28/10/2018;05:45;0;0;0
28/10/2018;06:00;0;0;0
28/10/2018;06:15;0;0;0
28/10/2018;06:30;0;0;0
28/10/2018;06:45;0;0;0
28/10/2018;07:00;0;0;0
28/10/2018;07:15;0;0;0
28/10/2018;07:30;0;0;0
28/10/2018;07:45;0;0;0
28/10/2018;08:00;0;0;0
28/10/2018;08:15;0;0;0
28/10/2018;08:30;0;0;0
28/10/2018;08:45;0;0;0
28/10/2018;09:00;0;0;0
28/10/2018;09:15;0;0;0
28/10/2018;09:30;0;0;0
28/10/2018;09:45;0;0;0
28/10/2018;10:00;0;0;0
28/10/2018;10:15;0;0;0
28/10/2018;10:30;0;0;0
28/10/2018;10:45;0;0;0
28/10/2018;11:00;0;0;0
28/10/2018;11:15;0;0;0
28/10/2018;11:30;0;0;0
28/10/2018;11:45;0;0;0
28/10/2018;12:00;0;0;0
28/10/2018;12:15;0;0;0
28/10/2018;12:30;0;0;0
28/10/2018;12:45;0;0;0
28/10/2018;13:00;0;0;0
28/10/2018;13:15;0;0;0
28/10/2018;13:30;0;0;0
28/10/2018;13:45;0;0;0
28/10/2018;14:00;0;0;0
28/10/2018;14:15;0;0;0
28/10/2018;14:30;0;0;0
28/10/2018;14:45;0;0;0
28/10/2018;15:00;0;0;0
28/10/2018;15:15;0;0;0
28/10/2018;15:30;0;0;0
28/10/2018;15:45;0;0;0
28/10/2018;16:00;0;0;0
28/10/2018;16:15;0;0;0
28/10/2018;16:30;0;0;0
28/10/2018;16:45;0;0;0
28/10/2018;17:00;0;0;0
28/10/2018;17:15;0;0;0
28/10/2018;17:30;0;0;0
28/10/2018;17:45;0;0;0
28/10/2018;18:00;0;0;0
28/10/2018;18:15;0;0;0
28/10/2018;18:30;0;0;0
28/10/2018;18:45;0;0;0
28/10/2018;19:00;0;0;0
28/10/2018;19:15;0;0;0
28/10/2018;19:30;0;0;0
28/10/2018;19:45;0;0;0
28/10/2018;20:00;0;0;0
28/10/2018;20:15;0;0;0
28/10/2018;20:30;0;0;0
28/10/2018;20:45;0;0;0
28/10/2018;21:00;0;0;0
28/10/2018;21:15;0;0;0
28/10/2018;21:30;0;0;0
28/10/2018;21:45;0;0;0
28/10/2018;22:00;0;0;0
28/10/2018;22:15;0;0;0
28/10/2018;22:30;0;0;0
28/10/2018;22:45;0;0;0
28/10/2018;23:00;0;0;0
28/10/2018;23:15;0;0;0
28/10/2018;23:30;0;0;0
28/10/2018;23:45;0;0;0
29/10/2018;00:00;0;0;0
29/10/2018;00:15;0;0;0
29/10/2018;00:30;0;0;0
29/10/2018;00:45;0;0;0
29/10/2018;01:00;0;0;0
29/10/2018;01:15;0;0;0
29/10/2018;01:30;0;0;0
29/10/2018;01:45;0;0;0
29/10/2018;02:00;0;0;0
29/10/2018;02:15;0;0;0
29/10/2018;02:30;0;0;0
29/10/2018;02:45;0;0;0
29/10/2018;03:00;0;0;0
29/10/2018;03:15;0;0;0
29/10/2018;03:30;0;0;0
29/10/2018;03:45;0;0;0
29/10/2018;04:00;0;0;0
29/10/2018;04:15;0;0;0
29/10/2018;04:30;0;0;0
29/10/2018;04:45;0;0;0
29/10/2018;05:00;0;0;0
29/10/2018;05:15;0;0;0
29/10/2018;05:30;0;0;0
29/10/2018;05:45;0;0;0
29/10/2018;06:00;0;0;0
29/10/2018;06:15;0;0;0
29/10/2018;06:30;0;0;0
29/10/2018;06:45;0;0;0
29/10/2018;07:00;0;0;0
29/10/2018;07:15;0;0;0
29/10/2018;07:30;0;0;0
29/10/2018;07:45;0;0;0
29/10/2018;08:00;0;0;0
29/10/2018;08:15;0;0;0
29/10/2018;08:30;0;0;0
29/10/2018;08:45;0;0;0
29/10/2018;09:00;0;0;0
29/10/2018;09:15;0;0;0
29/10/2018;09:30;0;0;0
29/10/2018;09:45;0;0;0
29/10/2018;10:00;0;0;0
29/10/2018;10:15;0;0;0
29/10/2018;10:30;0;0;0
29/10/2018;10:45;0;0;0
29/10/2018;11:00;0;0;0
29/10/2018;11:15;0;0;0
29/10/2018;11:30;0;0;0
29/10/2018;11:45;0;0;0
29/10/2018;12:00;0;0;0
29/10/2018;12:15;0;0;0
29/10/2018;12:30;0;0;0
29/10/2018;12:45;0;0;0
29/10/2018;13:00;0;0;0
29/10/2018;13:15;0;0;0
29/10/2018;13:30;0;0;0
29/10/2018;13:45;0;0;0
29/10/2018;14:00;0;0;0
29/10/2018;14:15;0;0;0
29/10/2018;14:30;0;0;0
29/10/2018;14:45;0;0;0
29/10/2018;15:00;0;0;0
29/10/2018;15:15;0;0;0
29/10/2018;15:30;0;0;0
29/10/2018;15:45;0;0;0
29/10/2018;16:00;0;0;0
29/10/2018;16:15;0;0;0
29/10/2018;16:30;0;0;0
29/10/2018;16:45;0;0;0
29/10/2018;17:00;0;0;0
29/10/2018;17:15;0;0;0
29/10/2018;17:30;0;0;0
29/10/2018;17:45;0;0;0
29/10/2018;18:00;0;0;0
29/10/2018;18:15;0;0;0
29/10/2018;18:30;0;0;0
29/10/2018;18:45;0;0;0
29/10/2018;19:00;0;0;0
29/10/2018;19:15;0;0;0
29/10/2018;19:30;0;0;0
29/10/2018;19:45;0;0;0
29/10/2018;20:00;0;0;0
29/10/2018;20:15;0;0;0
29/10/2018;20:30;0;0;0
29/10/2018;20:45;0;0;0
29/10/2018;21:00;0;0;0
29/10/2018;21:15;0;0;0
29/10/2018;21:30;0;0;0
29/10/2018;21:45;0;0;0
29/10/2018;22:00;0;0;0
29/10/2018;22:15;0;0;0
29/10/2018;22:30;0;0;0
29/10/2018;22:45;0;0;0
29/10/2018;23:00;0;0;0
29/10/2018;23:15;0;0;0
29/10/2018;23:30;0;0;0
29/10/2018;23:45;0;0;0
30/10/2018;00:00;0;0;0
30/10/2018;00:15;0;0;0
30/10/2018;00:30;0;0;0
30/10/2018;00:45;0;0;0
30/10/2018;01:00;0;0;0
30/10/2018;01:15;0;0;0
30/10/2018;01:30;0;0;0
30/10/2018;01:45;0;0;0
30/10/2018;02:00;0;0;0
30/10/2018;02:15;0;0;0
30/10/2018;02:30;0;0;0
30/10/2018;02:45;0;0;0
30/10/2018;03:00;0;0;0
30/10/2018;03:15;0;0;0
30/10/2018;03:30;0;0;0
30/10/2018;03:45;0;0;0
30/10/2018;04:00;0;0;0
30/10/2018;04:15;0;0;0
30/10/2018;04:30;0;0;0
30/10/2018;04:45;0;0;0
30/10/2018;05:00;0;0;0
30/10/2018;05:15;0;0;0
30/10/2018;05:30;0;0;0
30/10/2018;05:45;0;0;0
30/10/2018;06:00;0;0;0
30/10/2018;06:15;0;0;0
30/10/2018;06:30;0;0;0
30/10/2018;06:45;0;0;0
30/10/2018;07:00;0;0;0
30/10/2018;07:15;0;0;0
30/10/2018;07:30;0;0;0
30/10/2018;07:45;0;0;0
30/10/2018;08:00;0;0;0
30/10/2018;08:15;0;0;0
30/10/2018;08:30;0;0;0
30/10/2018;08:45;0;0;0
30/10/2018;09:00;0;0;0
30/10/2018;09:15;0;0;0
30/10/2018;09:30;0;0;0
30/10/2018;09:45;0;0;0
30/10/2018;10:00;0;0;0
30/10/2018;10:15;0;0;0
30/10/2018;10:30;0;0;0
30/10/2018;10:45;0;0;0
30/10/2018;11:00;0;0;0
30/10/2018;11:15;0;0;0
30/10/2018;11:30;0;0;0
30/10/2018;11:45;0;0;0
30/10/2018;12:00;0;0;0
30/10/2018;12:15;0;0;0
30/10/2018;12:30;0;0;0
30/10/2018;12:45;0;0;0
30/10/2018;13:00;0;0;0
30/10/2018;13:15;0;0;0
30/10/2018;13:30;0;0;0
30/10/2018;13:45;0;0;0
30/10/2018;14:00;0;0;0
30/10/2018;14:15;0;0;0
30/10/2018;14:30;0;0;0
30/10/2018;14:45;0;0;0
30/10/2018;15:00;0;0;0
30/10/2018;15:15;0;0;0
30/10/2018;15:30;0;0;0
30/10/2018;15:45;0;0;0
30/10/2018;16:00;0;0;0
30/10/2018;16:15;0;0;0
30/10/2018;16:30;0;0;0
30/10/2018;16:45;0;0;0
30/10/2018;17:00;0;0;0
30/10/2018;17:15;0;0;0
30/10/2018;17:30;0;0;0
30/10/2018;17:45;0;0;0
30/10/2018;18:00;0;0;0
30/10/2018;18:15;0;0;0
30/10/2018;18:30;0;0;0
30/10/2018;18:45;0;0;0
30/10/2018;19:00;0;0;0
30/10/2018;19:15;0;0;0
30/10/2018;19:30;0;0;0
30/10/2018;19:45;0;0;0
30/10/2018;20:00;0;0;0
30/10/2018;20:15;0;0;0
30/10/2018;20:30;0;0;0
30/10/2018;20:45;0;0;0
30/10/2018;21:00;0;0;0
30/10/2018;21:15;0;0;0
30/10/2018;21:30;0;0;0
30/10/2018;21:45;0;0;0
30/10/2018;22:00;0;0;0
30/10/2018;22:15;0;0;0
30/10/2018;22:30;0;0;0
30/10/2018;22:45;0;0;0
30/10/2018;23:00;0;0;0
30/10/2018;23:15;0;0;0
30/10/2018;23:30;0;0;0
30/10/2018;23:45;0;0;0
31/10/2018;00:00;0;0;0
31/10/2018;00:15;0;0;0
31/10/2018;00:30;0;0;0
31/10/2018;00:45;0;0;0
31/10/2018;01:00;0;0;0
31/10/2018;01:15;0;0;0
31/10/2018;01:30;0;0;0
31/10/2018;01:45;0;0;0
31/10/2018;02:00;0;0;0
31/10/2018;02:15;0;0;0
31/10/2018;02:30;0;0;0
31/10/2018;02:45;0;0;0
31/10/2018;03:00;0;0;0
31/10/2018;03:15;0;0;0
31/10/2018;03:30;0;0;0
31/10/2018;03:45;0;0;0
31/10/2018;04:00;0;0;0
31/10/2018;04:15;0;0;0
31/10/2018;04:30;0;0;0
31/10/2018;04:45;0;0;0
31/10/2018;05:00;0;0;0
31/10/2018;05:15;0;0;0
31/10/2018;05:30;0;0;0
31/10/2018;05:45;0;0;0
31/10/2018;06:00;0;0;0
31/10/2018;06:15;0;0;0
31/10/2018;06:30;0;0;0
31/10/2018;06:45;0;0;0
31/10/2018;07:00;0;0;0
31/10/2018;07:15;0;0;0
31/10/2018;07:30;0;0;0
31/10/2018;07:45;0;0;0
31/10/2018;08:00;0;0;0
31/10/2018;08:15;0;0;0
31/10/2018;08:30;0;0;0
31/10/2018;08:45;0;0;0
31/10/2018;09:00;0;0;0
31/10/2018;09:15;0;0;0
31/10/2018;09:30;0;0;0
31/10/2018;09:45;0;0;0
31/10/2018;10:00;0;0;0
31/10/2018;10:15;0;0;0
31/10/2018;10:30;0;0;0
31/10/2018;10:45;0;0;0
31/10/2018;11:00;0;0;0
31/10/2018;11:15;0;0;0
31/10/2018;11:30;0;0;0
31/10/2018;11:45;0;0;0
31/10/2018;12:00;0;0;0
31/10/2018;12:15;0;0;0
31/10/2018;12:30;0;0;0
31/10/2018;12:45;0;0;0
31/10/2018;13:00;0;0;0
31/10/2018;13:15;0;0;0
31/10/2018;13:30;0;0;0
31/10/2018;13:45;0;0;0
31/10/2018;14:00;0;0;0
31/10/2018;14:15;0;0;0
31/10/2018;14:30;0;0;0
31/10/2018;14:45;0;0;0
31/10/2018;15:00;0;0;0
31/10/2018;15:15;0;0;0
31/10/2018;15:30;0;0;0
31/10/2018;15:45;0;0;0
31/10/2018;16:00;0;0;0
31/10/2018;16:15;0;0;0
31/10/2018;16:30;0;0;0
31/10/2018;16:45;0;0;0
31/10/2018;17:00;0;0;0
31/10/2018;17:15;0;0;0
31/10/2018;17:30;0;0;0
31/10/2018;17:45;0;0;0
31/10/2018;18:00;0;0;0
31/10/2018;18:15;0;0;0
31/10/2018;18:30;0;0;0
31/10/2018;18:45;0;0;0
31/10/2018;19:00;0;0;0
31/10/2018;19:15;0;0;0
31/10/2018;19:30;0;0;0
31/10/2018;19:45;0;0;0
31/10/2018;20:00;0;0;0
31/10/2018;20:15;0;0;0
31/10/2018;20:30;0;0;0
31/10/2018;20:45;0;0;0
31/10/2018;21:00;0;0;0
31/10/2018;21:15;0;0;0
31/10/2018;21:30;0;0;0
31/10/2018;21:45;0;0;0
31/10/2018;22:00;0;0;0
31/10/2018;22:15;0;0;0
31/10/2018;22:30;0;0;0
31/10/2018;22:45;0;0;0
31/10/2018;23:00;0;0;0
31/10/2018;23:15;0;0;0
31/10/2018;23:30;0;0;0
31/10/2018;23:45;0;0;0
01/11/2018;00:00;0;0;0
01/11/2018;00:15;0;0;0
01/11/2018;00:30;0;0;0
01/11/2018;00:45;0;0;0
01/11/2018;01:00;0;0;0
01/11/2018;01:15;0;0;0
01/11/2018;01:30;0;0;0
01/11/2018;01:45;0;0;0
01/11/2018;02:00;0;0;0
01/11/2018;02:15;0;0;0
01/11/2018;02:30;0;0;0
01/11/2018;02:45;0;0;0
01/11/2018;03:00;0;0;0
01/11/2018;03:15;0;0;0
01/11/2018;03:30;0;0;0
01/11/2018;03:45;0;0;0
01/11/2018;04:00;0;0;0
01/11/2018;04:15;0;0;0
01/11/2018;04:30;0;0;0
01/11/2018;04:45;0;0;0
01/11/2018;05:00;0;0;0
01/11/2018;05:15;0;0;0
01/11/2018;05:30;0;0;0
01/11/2018;05:45;0;0;0
01/11/2018;06:00;0;0;0
01/11/2018;06:15;0;0;0
01/11/2018;06:30;0;0;0
01/11/2018;06:45;0;0;0
01/11/2018;07:00;0;0;0
01/11/2018;07:15;0;0;0
01/11/2018;07:30;0;0;0
01/11/2018;07:45;0;0;0
01/11/2018;08:00;0;0;0
01/11/2018;08:15;0;0;0
01/11/2018;08:30;0;0;0
01/11/2018;08:45;0;0;0
01/11/2018;09:00;0;0;0
01/11/2018;09:15;0;0;0
01/11/2018;09:30;0;0;0
01/11/2018;09:45;0;0;0
01/11/2018;10:00;0;0;0
01/11/2018;10:15;0;0;0
01/11/2018;10:30;0;0;0
01/11/2018;10:45;0;0;0
01/11/2018;11:00;0;0;0
01/11/2018;11:15;0;0;0
01/11/2018;11:30;0;0;0
01/11/2018;11:45;0;0;0
01/11/2018;12:00;0;0;0
01/11/2018;12:15;0;0;0
01/11/2018;12:30;0;0;0
01/11/2018;12:45;0;0;0
01/11/2018;13:00;0;0;0
01/11/2018;13:15;0;0;0
01/11/2018;13:30;0;0;0
01/11/2018;13:45;0;0;0
01/11/2018;14:00;0;0;0
01/11/2018;14:15;0;0;0
01/11/2018;14:30;0;0;0
01/11/2018;14:45;0;0;0
01/11/2018;15:00;0;0;0
01/11/2018;15:15;0;0;0
01/11/2018;15:30;0;0;0
01/11/2018;15:45;0;0;0
01/11/2018;16:00;0;0;0
01/11/2018;16:15;0;0;0
01/11/2018;16:30;0;0;0
01/11/2018;16:45;0;0;0
01/11/2018;17:00;0;0;0
01/11/2018;17:15;0;0;0
01/11/2018;17:30;0;0;0
01/11/2018;17:45;0;0;0
01/11/2018;18:00;0;0;0
01/11/2018;18:15;0;0;0
01/11/2018;18:30;0;0;0
01/11/2018;18:45;0;0;0
01/11/2018;19:00;0;0;0
01/11/2018;19:15;0;0;0
01/11/2018;19:30;0;0;0
01/11/2018;19:45;0;0;0
01/11/2018;20:00;0;0;0
01/11/2018;20:15;0;0;0
01/11/2018;20:30;0;0;0
01/11/2018;20:45;0;0;0
01/11/2018;21:00;0;0;0
01/11/2018;21:15;0;0;0
01/11/2018;21:30;0;0;0
01/11/2018;21:45;0;0;0
01/11/2018;22:00;0;0;0
01/11/2018;22:15;0;0;0
01/11/2018;22:30;0;0;0
01/11/2018;22:45;0;0;0
01/11/2018;23:00;0;0;0
01/11/2018;23:15;0;0;0
01/11/2018;23:30;0;0;0
01/11/2018;23:45;0;0;0
02/11/2018;00:00;0;0;0
02/11/2018;00:15;0;0;0
02/11/2018;00:30;0;0;0
02/11/2018;00:45;0;0;0
02/11/2018;01:00;0;0;0
02/11/2018;01:15;0;0;0
02/11/2018;01:30;0;0;0
02/11/2018;01:45;0;0;0
02/11/2018;02:00;0;0;0
02/11/2018;02:15;0;0;0
02/11/2018;02:30;0;0;0
02/11/2018;02:45;0;0;0
02/11/2018;03:00;0;0;0
02/11/2018;03:15;0;0;0
02/11/2018;03:30;0;0;0
02/11/2018;03:45;0;0;0
02/11/2018;04:00;0;0;0
02/11/2018;04:15;0;0;0
02/11/2018;04:30;0;0;0
02/11/2018;04:45;0;0;0
02/11/2018;05:00;0;0;0
02/11/2018;05:15;0;0;0
02/11/2018;05:30;0;0;0
02/11/2018;05:45;0;0;0
02/11/2018;06:00;0;0;0
02/11/2018;06:15;0;0;0
02/11/2018;06:30;0;0;0
02/11/2018;06:45;0;0;0
02/11/2018;07:00;0;0;0
02/11/2018;07:15;0;0;0
02/11/2018;07:30;0;0;0
02/11/2018;07:45;0;0;0
02/11/2018;08:00;0;0;0
02/11/2018;08:15;0;0;0
02/11/2018;08:30;0;0;0
02/11/2018;08:45;0;0;0
02/11/2018;09:00;0;0;0
02/11/2018;09:15;0;0;0
02/11/2018;09:30;0;0;0
02/11/2018;09:45;0;0;0
02/11/2018;10:00;0;0;0
02/11/2018;10:15;0;0;0
02/11/2018;10:30;0;0;0
02/11/2018;10:45;0;0;0
02/11/2018;11:00;0;0;0
02/11/2018;11:15;0;0;0
02/11/2018;11:30;0;0;0
02/11/2018;11:45;0;0;0
02/11/2018;12:00;0;0;0
02/11/2018;12:15;0;0;0
02/11/2018;12:30;0;0;0
02/11/2018;12:45;0;0;0
02/11/2018;13:00;0;0;0
02/11/2018;13:15;0;0;0
02/11/2018;13:30;0;0;0
02/11/2018;13:45;0;0;0
02/11/2018;14:00;0;0;0
02/11/2018;14:15;0;0;0
02/11/2018;14:30;0;0;0
02/11/2018;14:45;0;0;0
02/11/2018;15:00;0;0;0
02/11/2018;15:15;0;0;0
02/11/2018;15:30;0;0;0
02/11/2018;15:45;0;0;0
02/11/2018;16:00;0;0;0
02/11/2018;16:15;0;0;0
02/11/2018;16:30;0;0;0
02/11/2018;16:45;0;0;0
02/11/2018;17:00;0;0;0
02/11/2018;17:15;0;0;0
02/11/2018;17:30;0;0;0
02/11/2018;17:45;0;0;0
02/11/2018;18:00;0;0;0
02/11/2018;18:15;0;0;0
02/11/2018;18:30;0;0;0
02/11/2018;18:45;0;0;0
02/11/2018;19:00;0;0;0
02/11/2018;19:15;0;0;0
02/11/2018;19:30;0;0;0
02/11/2018;19:45;0;0;0
02/11/2018;20:00;0;0;0
02/11/2018;20:15;0;0;0
02/11/2018;20:30;0;0;0
02/11/2018;20:45;0;0;0
02/11/2018;21:00;0;0;0
02/11/2018;21:15;0;0;0
02/11/2018;21:30;0;0;0
02/11/2018;21:45;0;0;0
02/11/2018;22:00;0;0;0
02/11/2018;22:15;0;0;0
02/11/2018;22:30;0;0;0
02/11/2018;22:45;0;0;0
02/11/2018;23:00;0;0;0
02/11/2018;23:15;0;0;0
02/11/2018;23:30;0;0;0
02/11/2018;23:45;0;0;0
03/11/2018;00:00;0;0;0
03/11/2018;00:15;0;0;0
03/11/2018;00:30;0;0;0
03/11/2018;00:45;0;0;0
03/11/2018;01:00;0;0;0
03/11/2018;01:15;0;0;0
03/11/2018;01:30;0;0;0
03/11/2018;01:45;0;0;0
03/11/2018;02:00;0;0;0
03/11/2018;02:15;0;0;0
03/11/2018;02:30;0;0;0
03/11/2018;02:45;0;0;0
03/11/2018;03:00;0;0;0
03/11/2018;03:15;0;0;0
03/11/2018;03:30;0;0;0
03/11/2018;03:45;0;0;0
03/11/2018;04:00;0;0;0
03/11/2018;04:15;0;0;0
03/11/2018;04:30;0;0;0
03/11/2018;04:45;0;0;0
03/11/2018;05:00;0;0;0
03/11/2018;05:15;0;0;0
03/11/2018;05:30;0;0;0
03/11/2018;05:45;0;0;0
03/11/2018;06:00;0;0;0
03/11/2018;06:15;0;0;0
03/11/2018;06:30;0;0;0
03/11/2018;06:45;0;0;0
03/11/2018;07:00;0;0;0
03/11/2018;07:15;0;0;0
03/11/2018;07:30;0;0;0
03/11/2018;07:45;0;0;0
03/11/2018;08:00;0;0;0
03/11/2018;08:15;0;0;0
03/11/2018;08:30;0;0;0
03/11/2018;08:45;0;0;0
03/11/2018;09:00;0;0;0
03/11/2018;09:15;0;0;0
03/11/2018;09:30;0;0;0
03/11/2018;09:45;0;0;0
03/11/2018;10:00;0;0;0
03/11/2018;10:15;0;0;0
03/11/2018;10:30;0;0;0
03/11/2018;10:45;0;0;0
03/11/2018;11:00;0;0;0
03/11/2018;11:15;0;0;0
03/11/2018;11:30;0;0;0
03/11/2018;11:45;0;0;0
03/11/2018;12:00;0;0;0
03/11/2018;12:15;0;0;0
03/11/2018;12:30;0;0;0
03/11/2018;12:45;0;0;0
03/11/2018;13:00;0;0;0
03/11/2018;13:15;0;0;0
03/11/2018;13:30;0;0;0
03/11/2018;13:45;0;0;0
03/11/2018;14:00;0;0;0
03/11/2018;14:15;0;0;0
03/11/2018;14:30;0;0;0
03/11/2018;14:45;0;0;0
03/11/2018;15:00;0;0;0
03/11/2018;15:15;0;0;0
03/11/2018;15:30;0;0;0
03/11/2018;15:45;0;0;0
03/11/2018;16:00;0;0;0
03/11/2018;16:15;0;0;0
03/11/2018;16:30;0;0;0
03/11/2018;16:45;0;0;0
03/11/2018;17:00;0;0;0
03/11/2018;17:15;0;0;0
03/11/2018;17:30;0;0;0
03/11/2018;17:45;0;0;0
03/11/2018;18:00;0;0;0
03/11/2018;18:15;0;0;0
03/11/2018;18:30;0;0;0
03/11/2018;18:45;0;0;0
03/11/2018;19:00;0;0;0
03/11/2018;19:15;0;0;0
03/11/2018;19:30;0;0;0
03/11/2018;19:45;0;0;0
03/11/2018;20:00;0;0;0
03/11/2018;20:15;0;0;0
03/11/2018;20:30;0;0;0
03/11/2018;20:45;0;0;0
03/11/2018;21:00;0;0;0
03/11/2018;21:15;0;0;0
03/11/2018;21:30;0;0;0
03/11/2018;21:45;0;0;0
03/11/2018;22:00;0;0;0
03/11/2018;22:15;0;0;0
03/11/2018;22:30;0;0;0
03/11/2018;22:45;0;0;0
03/11/2018;23:00;0;0;0
03/11/2018;23:15;0;0;0
03/11/2018;23:30;0;0;0
03/11/2018;23:45;0;0;0
04/11/2018;00:00;0;0;0
04/11/2018;00:15;0;0;0
04/11/2018;00:30;0;0;0
04/11/2018;00:45;0;0;0
04/11/2018;01:00;0;0;0
04/11/2018;01:15;0;0;0
04/11/2018;01:30;0;0;0
04/11/2018;01:45;0;0;0
04/11/2018;02:00;0;0;0
04/11/2018;02:15;0;0;0
04/11/2018;02:30;0;0;0
04/11/2018;02:45;0;0;0
04/11/2018;03:00;0;0;0
04/11/2018;03:15;0;0;0
04/11/2018;03:30;0;0;0
04/11/2018;03:45;0;0;0
04/11/2018;04:00;0;0;0
04/11/2018;04:15;0;0;0
04/11/2018;04:30;0;0;0
04/11/2018;04:45;0;0;0
04/11/2018;05:00;0;0;0
04/11/2018;05:15;0;0;0
04/11/2018;05:30;0;0;0
04/11/2018;05:45;0;0;0
04/11/2018;06:00;0;0;0
04/11/2018;06:15;0;0;0
04/11/2018;06:30;0;0;0
04/11/2018;06:45;0;0;0
04/11/2018;07:00;0;0;0
04/11/2018;07:15;0;0;0
04/11/2018;07:30;0;0;0
04/11/2018;07:45;0;0;0
04/11/2018;08:00;0;0;0
04/11/2018;08:15;0;0;0
04/11/2018;08:30;0;0;0
04/11/2018;08:45;0;0;0
04/11/2018;09:00;0;0;0
04/11/2018;09:15;0;0;0
04/11/2018;09:30;0;0;0
04/11/2018;09:45;0;0;0
04/11/2018;10:00;0;0;0
04/11/2018;10:15;0;0;0
04/11/2018;10:30;0;0;0
04/11/2018;10:45;0;0;0
04/11/2018;11:00;0;0;0
04/11/2018;11:15;0;0;0
04/11/2018;11:30;0;0;0
04/11/2018;11:45;0;0;0
04/11/2018;12:00;0;0;0
04/11/2018;12:15;0;0;0
04/11/2018;12:30;0;0;0
04/11/2018;12:45;0;0;0
04/11/2018;13:00;0;0;0
04/11/2018;13:15;0;0;0
04/11/2018;13:30;0;0;0
04/11/2018;13:45;0;0;0
04/11/2018;14:00;0;0;0
04/11/2018;14:15;0;0;0
04/11/2018;14:30;0;0;0
04/11/2018;14:45;0;0;0
04/11/2018;15:00;0;0;0
04/11/2018;15:15;0;0;0
04/11/2018;15:30;0;0;0
04/11/2018;15:45;0;0;0
04/11/2018;16:00;0;0;0
04/11/2018;16:15;0;0;0
04/11/2018;16:30;0;0;0
04/11/2018;16:45;0;0;0
04/11/2018;17:00;0;0;0
04/11/2018;17:15;0;0;0
04/11/2018;17:30;0;0;0
04/11/2018;17:45;0;0;0
04/11/2018;18:00;0;0;0
04/11/2018;18:15;0;0;0
04/11/2018;18:30;0;0;0
04/11/2018;18:45;0;0;0
04/11/2018;19:00;0;0;0
04/11/2018;19:15;0;0;0
04/11/2018;19:30;0;0;0
04/11/2018;19:45;0;0;0
04/11/2018;20:00;0;0;0
04/11/2018;20:15;0;0;0
04/11/2018;20:30;0;0;0
04/11/2018;20:45;0;0;0
04/11/2018;21:00;0;0;0
04/11/2018;21:15;0;0;0
04/11/2018;21:30;0;0;0
04/11/2018;21:45;0;0;0
04/11/2018;22:00;0;0;0
04/11/2018;22:15;0;0;0
04/11/2018;22:30;0;0;0
04/11/2018;22:45;0;0;0
04/11/2018;23:00;0;0;0
04/11/2018;23:15;0;0;0
04/11/2018;23:30;0;0;0
04/11/2018;23:45;0;0;0
05/11/2018;00:00;0;0;0
05/11/2018;00:15;0;0;0
05/11/2018;00:30;0;0;0
05/11/2018;00:45;0;0;0
05/11/2018;01:00;0;0;0
05/11/2018;01:15;0;0;0
05/11/2018;01:30;0;0;0
05/11/2018;01:45;0;0;0
05/11/2018;02:00;0;0;0
05/11/2018;02:15;0;0;0
05/11/2018;02:30;0;0;0
05/11/2018;02:45;0;0;0
05/11/2018;03:00;0;0;0
05/11/2018;03:15;0;0;0
05/11/2018;03:30;0;0;0
05/11/2018;03:45;0;0;0
05/11/2018;04:00;0;0;0
05/11/2018;04:15;0;0;0
05/11/2018;04:30;0;0;0
05/11/2018;04:45;0;0;0
05/11/2018;05:00;0;0;0
05/11/2018;05:15;0;0;0
05/11/2018;05:30;0;0;0
05/11/2018;05:45;0;0;0
05/11/2018;06:00;0;0;0
05/11/2018;06:15;0;0;0
05/11/2018;06:30;0;0;0
05/11/2018;06:45;0;0;0
05/11/2018;07:00;0;0;0
05/11/2018;07:15;0;0;0
05/11/2018;07:30;0;0;0
05/11/2018;07:45;0;0;0
05/11/2018;08:00;0;0;0
05/11/2018;08:15;0;0;0
05/11/2018;08:30;0;0;0
05/11/2018;08:45;0;0;0
05/11/2018;09:00;0;0;0
05/11/2018;09:15;0;0;0
05/11/2018;09:30;0;0;0
05/11/2018;09:45;0;0;0
05/11/2018;10:00;0;0;0
05/11/2018;10:15;0;0;0
05/11/2018;10:30;0;0;0
05/11/2018;10:45;0;0;0
05/11/2018;11:00;0;0;0
05/11/2018;11:15;0;0;0
05/11/2018;11:30;0;0;0
05/11/2018;11:45;0;0;0
05/11/2018;12:00;0;0;0
05/11/2018;12:15;0;0;0
05/11/2018;12:30;0;0;0
05/11/2018;12:45;0;0;0
05/11/2018;13:00;0;0;0
05/11/2018;13:15;0;0;0
05/11/2018;13:30;0;0;0
05/11/2018;13:45;0;0;0
05/11/2018;14:00;0;0;0
05/11/2018;14:15;0;0;0
05/11/2018;14:30;0;0;0
05/11/2018;14:45;0;0;0
05/11/2018;15:00;0;0;0
05/11/2018;15:15;0;0;0
05/11/2018;15:30;0;0;0
05/11/2018;15:45;0;0;0
05/11/2018;16:00;0;0;0
05/11/2018;16:15;0;0;0
05/11/2018;16:30;0;0;0
05/11/2018;16:45;0;0;0
05/11/2018;17:00;0;0;0
05/11/2018;17:15;0;0;0
05/11/2018;17:30;0;0;0
05/11/2018;17:45;0;0;0
05/11/2018;18:00;0;0;0
05/11/2018;18:15;0;0;0
05/11/2018;18:30;0;0;0
05/11/2018;18:45;0;0;0
05/11/2018;19:00;0;0;0
05/11/2018;19:15;0;0;0
05/11/2018;19:30;0;0;0
05/11/2018;19:45;0;0;0
05/11/2018;20:00;0;0;0
05/11/2018;20:15;0;0;0
05/11/2018;20:30;0;0;0
05/11/2018;20:45;0;0;0
05/11/2018;21:00;0;0;0
05/11/2018;21:15;0;0;0
05/11/2018;21:30;0;0;0
05/11/2018;21:45;0;0;0
05/11/2018;22:00;0;0;0
05/11/2018;22:15;0;0;0
05/11/2018;22:30;0;0;0
05/11/2018;22:45;0;0;0
05/11/2018;23:00;0;0;0
05/11/2018;23:15;0;0;0
05/11/2018;23:30;0;0;0
05/11/2018;23:45;0;0;0
06/11/2018;00:00;0;0;0
06/11/2018;00:15;0;0;0
06/11/2018;00:30;0;0;0
06/11/2018;00:45;0;0;0
06/11/2018;01:00;0;0;0
06/11/2018;01:15;0;0;0
06/11/2018;01:30;0;0;0
06/11/2018;01:45;0;0;0
06/11/2018;02:00;0;0;0
06/11/2018;02:15;0;0;0
06/11/2018;02:30;0;0;0
06/11/2018;02:45;0;0;0
06/11/2018;03:00;0;0;0
06/11/2018;03:15;0;0;0
06/11/2018;03:30;0;0;0
06/11/2018;03:45;0;0;0
06/11/2018;04:00;0;0;0
06/11/2018;04:15;0;0;0
06/11/2018;04:30;0;0;0
06/11/2018;04:45;0;0;0
06/11/2018;05:00;0;0;0
06/11/2018;05:15;0;0;0
06/11/2018;05:30;0;0;0
06/11/2018;05:45;0;0;0
06/11/2018;06:00;0;0;0
06/11/2018;06:15;0;0;0
06/11/2018;06:30;0;0;0
06/11/2018;06:45;0;0;0
06/11/2018;07:00;0;0;0
06/11/2018;07:15;0;0;0
06/11/2018;07:30;0;0;0
06/11/2018;07:45;0;0;0
06/11/2018;08:00;0;0;0
06/11/2018;08:15;0;0;0
06/11/2018;08:30;0;0;0
06/11/2018;08:45;0;0;0
06/11/2018;09:00;0;0;0
06/11/2018;09:15;0;0;0
06/11/2018;09:30;0;0;0
06/11/2018;09:45;0;0;0
06/11/2018;10:00;0;0;0
06/11/2018;10:15;0;0;0
06/11/2018;10:30;0;0;0
06/11/2018;10:45;0;0;0
06/11/2018;11:00;0;0;0
06/11/2018;11:15;0;0;0
06/11/2018;11:30;0;0;0
06/11/2018;11:45;0;0;0
06/11/2018;12:00;0;0;0
06/11/2018;12:15;0;0;0
06/11/2018;12:30;0;0;0
06/11/2018;12:45;0;0;0
06/11/2018;13:00;0;0;0
06/11/2018;13:15;0;0;0
06/11/2018;13:30;0;0;0
06/11/2018;13:45;0;0;0
06/11/2018;14:00;0;0;0
06/11/2018;14:15;0;0;0
06/11/2018;14:30;0;0;0
06/11/2018;14:45;0;0;0
06/11/2018;15:00;0;0;0
06/11/2018;15:15;0;0;0
06/11/2018;15:30;0;0;0
06/11/2018;15:45;0;0;0
06/11/2018;16:00;0;0;0
06/11/2018;16:15;0;0;0
06/11/2018;16:30;0;0;0
06/11/2018;16:45;0;0;0
06/11/2018;17:00;0;0;0
06/11/2018;17:15;0;0;0
06/11/2018;17:30;0;0;0
06/11/2018;17:45;0;0;0
06/11/2018;18:00;0;0;0
06/11/2018;18:15;0;0;0
06/11/2018;18:30;0;0;0
06/11/2018;18:45;0;0;0
06/11/2018;19:00;0;0;0
06/11/2018;19:15;0;0;0
06/11/2018;19:30;0;0;0
06/11/2018;19:45;0;0;0
06/11/2018;20:00;0;0;0
06/11/2018;20:15;0;0;0
06/11/2018;20:30;0;0;0
06/11/2018;20:45;0;0;0
06/11/2018;21:00;0;0;0
06/11/2018;21:15;0;0;0
06/11/2018;21:30;0;0;0
06/11/2018;21:45;0;0;0
06/11/2018;22:00;0;0;0
06/11/2018;22:15;0;0;0
06/11/2018;22:30;0;0;0
06/11/2018;22:45;0;0;0
06/11/2018;23:00;0;0;0
06/11/2018;23:15;0;0;0
06/11/2018;23:30;0;0;0
06/11/2018;23:45;0;0;0
07/11/2018;00:00;0;0;0
07/11/2018;00:15;0;0;0
07/11/2018;00:30;0;0;0
07/11/2018;00:45;0;0;0
07/11/2018;01:00;0;0;0
07/11/2018;01:15;0;0;0
07/11/2018;01:30;0;0;0
07/11/2018;01:45;0;0;0
07/11/2018;02:00;0;0;0
07/11/2018;02:15;0;0;0
07/11/2018;02:30;0;0;0
07/11/2018;02:45;0;0;0
07/11/2018;03:00;0;0;0
07/11/2018;03:15;0;0;0
07/11/2018;03:30;0;0;0
07/11/2018;03:45;0;0;0
07/11/2018;04:00;0;0;0
07/11/2018;04:15;0;0;0
07/11/2018;04:30;0;0;0
07/11/2018;04:45;0;0;0
07/11/2018;05:00;0;0;0
07/11/2018;05:15;0;0;0
07/11/2018;05:30;0;0;0
07/11/2018;05:45;0;0;0
07/11/2018;06:00;0;0;0
07/11/2018;06:15;0;0;0
07/11/2018;06:30;0;0;0
07/11/2018;06:45;0;0;0
07/11/2018;07:00;0;0;0
07/11/2018;07:15;0;0;0
07/11/2018;07:30;0;0;0
07/11/2018;07:45;0;0;0
07/11/2018;08:00;0;0;0
07/11/2018;08:15;0;0;0
07/11/2018;08:30;0;0;0
07/11/2018;08:45;0;0;0
07/11/2018;09:00;0;0;0
07/11/2018;09:15;0;0;0
07/11/2018;09:30;0;0;0
07/11/2018;09:45;0;0;0
07/11/2018;10:00;0;0;0
07/11/2018;10:15;0;0;0
07/11/2018;10:30;0;0;0
07/11/2018;10:45;0;0;0
07/11/2018;11:00;0;0;0
07/11/2018;11:15;0;0;0
07/11/2018;11:30;0;0;0
07/11/2018;11:45;0;0;0
07/11/2018;12:00;0;0;0
07/11/2018;12:15;0;0;0
07/11/2018;12:30;0;0;0
07/11/2018;12:45;0;0;0
07/11/2018;13:00;0;0;0
07/11/2018;13:15;0;0;0
07/11/2018;13:30;0;0;0
07/11/2018;13:45;0;0;0
07/11/2018;14:00;0;0;0
07/11/2018;14:15;0;0;0
07/11/2018;14:30;0;0;0
07/11/2018;14:45;0;0;0
07/11/2018;15:00;0;0;0
07/11/2018;15:15;0;0;0
07/11/2018;15:30;0;0;0
07/11/2018;15:45;0;0;0
07/11/2018;16:00;0;0;0
07/11/2018;16:15;0;0;0
07/11/2018;16:30;0;0;0
07/11/2018;16:45;0;0;0
07/11/2018;17:00;0;0;0
07/11/2018;17:15;0;0;0
07/11/2018;17:30;0;0;0
07/11/2018;17:45;0;0;0
07/11/2018;18:00;0;0;0
07/11/2018;18:15;0;0;0
07/11/2018;18:30;0;0;0
07/11/2018;18:45;0;0;0
07/11/2018;19:00;0;0;0
07/11/2018;19:15;0;0;0
07/11/2018;19:30;0;0;0
07/11/2018;19:45;0;0;0
07/11/2018;20:00;0;0;0
07/11/2018;20:15;0;0;0
07/11/2018;20:30;0;0;0
07/11/2018;20:45;0;0;0
07/11/2018;21:00;0;0;0
07/11/2018;21:15;0;0;0
07/11/2018;21:30;0;0;0
07/11/2018;21:45;0;0;0
07/11/2018;22:00;0;0;0
07/11/2018;22:15;0;0;0
07/11/2018;22:30;0;0;0
07/11/2018;22:45;0;0;0
07/11/2018;23:00;0;0;0
07/11/2018;23:15;0;0;0
07/11/2018;23:30;0;0;0
07/11/2018;23:45;0;0;0
08/11/2018;00:00;0;0;0
08/11/2018;00:15;0;0;0
08/11/2018;00:30;0;0;0
08/11/2018;00:45;0;0;0
08/11/2018;01:00;0;0;0
08/11/2018;01:15;0;0;0
08/11/2018;01:30;0;0;0
08/11/2018;01:45;0;0;0
08/11/2018;02:00;0;0;0
08/11/2018;02:15;0;0;0
08/11/2018;02:30;0;0;0
08/11/2018;02:45;0;0;0
08/11/2018;03:00;0;0;0
08/11/2018;03:15;0;0;0
08/11/2018;03:30;0;0;0
08/11/2018;03:45;0;0;0
08/11/2018;04:00;0;0;0
08/11/2018;04:15;0;0;0
08/11/2018;04:30;0;0;0
08/11/2018;04:45;0;0;0
08/11/2018;05:00;0;0;0
08/11/2018;05:15;0;0;0
08/11/2018;05:30;0;0;0
08/11/2018;05:45;0;0;0
08/11/2018;06:00;0;0;0
08/11/2018;06:15;0;0;0
08/11/2018;06:30;0;0;0
08/11/2018;06:45;0;0;0
08/11/2018;07:00;0;0;0
08/11/2018;07:15;0;0;0
08/11/2018;07:30;0;0;0
08/11/2018;07:45;0;0;0
08/11/2018;08:00;0;0;0
08/11/2018;08:15;0;0;0
08/11/2018;08:30;0;0;0
08/11/2018;08:45;0;0;0
08/11/2018;09:00;0;0;0
08/11/2018;09:15;0;0;0
08/11/2018;09:30;0;0;0
08/11/2018;09:45;0;0;0
08/11/2018;10:00;0;0;0
08/11/2018;10:15;0;0;0
08/11/2018;10:30;0;0;0
08/11/2018;10:45;0;0;0
08/11/2018;11:00;0;0;0
08/11/2018;11:15;0;0;0
08/11/2018;11:30;0;0;0
08/11/2018;11:45;0;0;0
08/11/2018;12:00;0;0;0
08/11/2018;12:15;0;0;0
08/11/2018;12:30;0;0;0
08/11/2018;12:45;0;0;0
08/11/2018;13:00;0;0;0
08/11/2018;13:15;0;0;0
08/11/2018;13:30;0;0;0
08/11/2018;13:45;0;0;0
08/11/2018;14:00;0;0;0
08/11/2018;14:15;0;0;0
08/11/2018;14:30;0;0;0
08/11/2018;14:45;0;0;0
08/11/2018;15:00;0;0;0
08/11/2018;15:15;0;0;0
08/11/2018;15:30;0;0;0
08/11/2018;15:45;0;0;0
08/11/2018;16:00;0;0;0
08/11/2018;16:15;0;0;0
08/11/2018;16:30;0;0;0
08/11/2018;16:45;0;0;0
08/11/2018;17:00;0;0;0
08/11/2018;17:15;0;0;0
08/11/2018;17:30;0;0;0
08/11/2018;17:45;0;0;0
08/11/2018;18:00;0;0;0
08/11/2018;18:15;0;0;0
08/11/2018;18:30;0;0;0
08/11/2018;18:45;0;0;0
08/11/2018;19:00;0;0;0
08/11/2018;19:15;0;0;0
08/11/2018;19:30;0;0;0
08/11/2018;19:45;0;0;0
08/11/2018;20:00;0;0;0
08/11/2018;20:15;0;0;0
08/11/2018;20:30;0;0;0
08/11/2018;20:45;0;0;0
08/11/2018;21:00;0;0;0
08/11/2018;21:15;0;0;0
08/11/2018;21:30;0;0;0
08/11/2018;21:45;0;0;0
08/11/2018;22:00;0;0;0
08/11/2018;22:15;0;0;0
08/11/2018;22:30;0;0;0
08/11/2018;22:45;0;0;0
08/11/2018;23:00;0;0;0
08/11/2018;23:15;0;0;0
08/11/2018;23:30;0;0;0
08/11/2018;23:45;0;0;0
09/11/2018;00:00;0;0;0
09/11/2018;00:15;0;0;0
09/11/2018;00:30;0;0;0
09/11/2018;00:45;0;0;0
09/11/2018;01:00;0;0;0
09/11/2018;01:15;0;0;0
09/11/2018;01:30;0;0;0
09/11/2018;01:45;0;0;0
09/11/2018;02:00;0;0;0
09/11/2018;02:15;0;0;0
09/11/2018;02:30;0;0;0
09/11/2018;02:45;0;0;0
09/11/2018;03:00;0;0;0
09/11/2018;03:15;0;0;0
09/11/2018;03:30;0;0;0
09/11/2018;03:45;0;0;0
09/11/2018;04:00;0;0;0
09/11/2018;04:15;0;0;0
09/11/2018;04:30;0;0;0
09/11/2018;04:45;0;0;0
09/11/2018;05:00;0;0;0
09/11/2018;05:15;0;0;0
09/11/2018;05:30;0;0;0
09/11/2018;05:45;0;0;0
09/11/2018;06:00;0;0;0
09/11/2018;06:15;0;0;0
09/11/2018;06:30;0;0;0
09/11/2018;06:45;0;0;0
09/11/2018;07:00;0;0;0
09/11/2018;07:15;0;0;0
09/11/2018;07:30;0;0;0
09/11/2018;07:45;0;0;0
09/11/2018;08:00;0;0;0
09/11/2018;08:15;0;0;0
09/11/2018;08:30;0;0;0
09/11/2018;08:45;0;0;0
09/11/2018;09:00;0;0;0
09/11/2018;09:15;0;0;0
09/11/2018;09:30;1;1;0
09/11/2018;09:45;0;0;0
09/11/2018;10:00;0;0;0
09/11/2018;10:15;0;0;0
09/11/2018;10:30;0;0;0
09/11/2018;10:45;0;0;0
09/11/2018;11:00;0;0;0
09/11/2018;11:15;0;0;0
09/11/2018;11:30;0;0;0
09/11/2018;11:45;0;0;0
09/11/2018;12:00;0;0;0
09/11/2018;12:15;0;0;0
09/11/2018;12:30;0;0;0
09/11/2018;12:45;0;0;0
09/11/2018;13:00;0;0;0
09/11/2018;13:15;0;0;0
09/11/2018;13:30;0;0;0
09/11/2018;13:45;0;0;0
09/11/2018;14:00;0;0;0
09/11/2018;14:15;0;0;0
09/11/2018;14:30;0;0;0
09/11/2018;14:45;0;0;0
09/11/2018;15:00;0;0;0
09/11/2018;15:15;0;0;0
09/11/2018;15:30;0;0;0
09/11/2018;15:45;0;0;0
09/11/2018;16:00;0;0;0
09/11/2018;16:15;0;0;0
09/11/2018;16:30;0;0;0
09/11/2018;16:45;0;0;0
09/11/2018;17:00;0;0;0
09/11/2018;17:15;0;0;0
09/11/2018;17:30;0;0;0
09/11/2018;17:45;0;0;0
09/11/2018;18:00;0;0;0
09/11/2018;18:15;0;0;0
09/11/2018;18:30;0;0;0
09/11/2018;18:45;0;0;0
09/11/2018;19:00;0;0;0
09/11/2018;19:15;0;0;0
09/11/2018;19:30;0;0;0
09/11/2018;19:45;0;0;0
09/11/2018;20:00;0;0;0
09/11/2018;20:15;0;0;0
09/11/2018;20:30;0;0;0
09/11/2018;20:45;0;0;0
09/11/2018;21:00;0;0;0
09/11/2018;21:15;0;0;0
09/11/2018;21:30;0;0;0
09/11/2018;21:45;0;0;0
09/11/2018;22:00;0;0;0
09/11/2018;22:15;0;0;0
09/11/2018;22:30;0;0;0
09/11/2018;22:45;0;0;0
09/11/2018;23:00;0;0;0
09/11/2018;23:15;0;0;0
09/11/2018;23:30;0;0;0
09/11/2018;23:45;0;0;0
10/11/2018;00:00;0;0;0
10/11/2018;00:15;0;0;0
10/11/2018;00:30;0;0;0
10/11/2018;00:45;0;0;0
10/11/2018;01:00;0;0;0
10/11/2018;01:15;0;0;0
10/11/2018;01:30;0;0;0
10/11/2018;01:45;0;0;0
10/11/2018;02:00;0;0;0
10/11/2018;02:15;0;0;0
10/11/2018;02:30;0;0;0
10/11/2018;02:45;0;0;0
10/11/2018;03:00;0;0;0
10/11/2018;03:15;0;0;0
10/11/2018;03:30;0;0;0
10/11/2018;03:45;0;0;0
10/11/2018;04:00;0;0;0
10/11/2018;04:15;0;0;0
10/11/2018;04:30;0;0;0
10/11/2018;04:45;0;0;0
10/11/2018;05:00;0;0;0
10/11/2018;05:15;0;0;0
10/11/2018;05:30;0;0;0
10/11/2018;05:45;0;0;0
10/11/2018;06:00;0;0;0
10/11/2018;06:15;0;0;0
10/11/2018;06:30;0;0;0
10/11/2018;06:45;0;0;0
10/11/2018;07:00;0;0;0
10/11/2018;07:15;0;0;0
10/11/2018;07:30;0;0;0
10/11/2018;07:45;0;0;0
10/11/2018;08:00;0;0;0
10/11/2018;08:15;0;0;0
10/11/2018;08:30;0;0;0
10/11/2018;08:45;0;0;0
10/11/2018;09:00;0;0;0
10/11/2018;09:15;0;0;0
10/11/2018;09:30;0;0;0
10/11/2018;09:45;0;0;0
10/11/2018;10:00;0;0;0
10/11/2018;10:15;0;0;0
10/11/2018;10:30;0;0;0
10/11/2018;10:45;0;0;0
10/11/2018;11:00;0;0;0
10/11/2018;11:15;0;0;0
10/11/2018;11:30;0;0;0
10/11/2018;11:45;0;0;0
10/11/2018;12:00;0;0;0
10/11/2018;12:15;0;0;0
10/11/2018;12:30;0;0;0
10/11/2018;12:45;0;0;0
10/11/2018;13:00;0;0;0
10/11/2018;13:15;0;0;0
10/11/2018;13:30;0;0;0
10/11/2018;13:45;0;0;0
10/11/2018;14:00;0;0;0
10/11/2018;14:15;0;0;0
10/11/2018;14:30;0;0;0
10/11/2018;14:45;0;0;0
10/11/2018;15:00;0;0;0
10/11/2018;15:15;0;0;0
10/11/2018;15:30;0;0;0
10/11/2018;15:45;0;0;0
10/11/2018;16:00;0;0;0
10/11/2018;16:15;0;0;0
10/11/2018;16:30;0;0;0
10/11/2018;16:45;0;0;0
10/11/2018;17:00;0;0;0
10/11/2018;17:15;0;0;0
10/11/2018;17:30;0;0;0
10/11/2018;17:45;0;0;0
10/11/2018;18:00;0;0;0
10/11/2018;18:15;0;0;0
10/11/2018;18:30;0;0;0
10/11/2018;18:45;0;0;0
10/11/2018;19:00;0;0;0
10/11/2018;19:15;0;0;0
10/11/2018;19:30;0;0;0
10/11/2018;19:45;0;0;0
10/11/2018;20:00;0;0;0
10/11/2018;20:15;0;0;0
10/11/2018;20:30;0;0;0
10/11/2018;20:45;0;0;0
10/11/2018;21:00;0;0;0
10/11/2018;21:15;0;0;0
10/11/2018;21:30;0;0;0
10/11/2018;21:45;0;0;0
10/11/2018;22:00;0;0;0
10/11/2018;22:15;0;0;0
10/11/2018;22:30;0;0;0
10/11/2018;22:45;0;0;0
10/11/2018;23:00;0;0;0
10/11/2018;23:15;0;0;0
10/11/2018;23:30;0;0;0
10/11/2018;23:45;0;0;0
11/11/2018;00:00;0;0;0
11/11/2018;00:15;0;0;0
11/11/2018;00:30;0;0;0
11/11/2018;00:45;0;0;0
11/11/2018;01:00;0;0;0
11/11/2018;01:15;0;0;0
11/11/2018;01:30;0;0;0
11/11/2018;01:45;0;0;0
11/11/2018;02:00;0;0;0
11/11/2018;02:15;0;0;0
11/11/2018;02:30;0;0;0
11/11/2018;02:45;0;0;0
11/11/2018;03:00;0;0;0
11/11/2018;03:15;0;0;0
11/11/2018;03:30;0;0;0
11/11/2018;03:45;0;0;0
11/11/2018;04:00;0;0;0
11/11/2018;04:15;0;0;0
11/11/2018;04:30;0;0;0
11/11/2018;04:45;0;0;0
11/11/2018;05:00;0;0;0
11/11/2018;05:15;0;0;0
11/11/2018;05:30;0;0;0
11/11/2018;05:45;0;0;0
11/11/2018;06:00;0;0;0
11/11/2018;06:15;0;0;0
11/11/2018;06:30;0;0;0
11/11/2018;06:45;0;0;0
11/11/2018;07:00;0;0;0
11/11/2018;07:15;0;0;0
11/11/2018;07:30;0;0;0
11/11/2018;07:45;0;0;0
11/11/2018;08:00;0;0;0
11/11/2018;08:15;0;0;0
11/11/2018;08:30;0;0;0
11/11/2018;08:45;0;0;0
11/11/2018;09:00;0;0;0
11/11/2018;09:15;0;0;0
11/11/2018;09:30;0;0;0
11/11/2018;09:45;0;0;0
11/11/2018;10:00;0;0;0
11/11/2018;10:15;0;0;0
11/11/2018;10:30;0;0;0
11/11/2018;10:45;0;0;0
11/11/2018;11:00;0;0;0
11/11/2018;11:15;0;0;0
11/11/2018;11:30;0;0;0
11/11/2018;11:45;0;0;0
11/11/2018;12:00;0;0;0
11/11/2018;12:15;0;0;0
11/11/2018;12:30;0;0;0
11/11/2018;12:45;0;0;0
11/11/2018;13:00;0;0;0
11/11/2018;13:15;0;0;0
11/11/2018;13:30;0;0;0
11/11/2018;13:45;0;0;0
11/11/2018;14:00;0;0;0
11/11/2018;14:15;0;0;0
11/11/2018;14:30;0;0;0
11/11/2018;14:45;0;0;0
11/11/2018;15:00;0;0;0
11/11/2018;15:15;0;0;0
11/11/2018;15:30;0;0;0
11/11/2018;15:45;0;0;0
11/11/2018;16:00;0;0;0
11/11/2018;16:15;0;0;0
11/11/2018;16:30;0;0;0
11/11/2018;16:45;0;0;0
11/11/2018;17:00;0;0;0
11/11/2018;17:15;0;0;0
11/11/2018;17:30;0;0;0
11/11/2018;17:45;0;0;0
11/11/2018;18:00;0;0;0
11/11/2018;18:15;0;0;0
11/11/2018;18:30;0;0;0
11/11/2018;18:45;0;0;0
11/11/2018;19:00;0;0;0
11/11/2018;19:15;0;0;0
11/11/2018;19:30;0;0;0
11/11/2018;19:45;0;0;0
11/11/2018;20:00;0;0;0
11/11/2018;20:15;0;0;0
11/11/2018;20:30;0;0;0
11/11/2018;20:45;0;0;0
11/11/2018;21:00;0;0;0
11/11/2018;21:15;0;0;0
11/11/2018;21:30;0;0;0
11/11/2018;21:45;0;0;0
11/11/2018;22:00;0;0;0
11/11/2018;22:15;0;0;0
11/11/2018;22:30;0;0;0
11/11/2018;22:45;0;0;0
11/11/2018;23:00;0;0;0
11/11/2018;23:15;0;0;0
11/11/2018;23:30;0;0;0
11/11/2018;23:45;0;0;0
12/11/2018;00:00;0;0;0
12/11/2018;00:15;0;0;0
12/11/2018;00:30;0;0;0
12/11/2018;00:45;0;0;0
12/11/2018;01:00;0;0;0
12/11/2018;01:15;0;0;0
12/11/2018;01:30;0;0;0
12/11/2018;01:45;0;0;0
12/11/2018;02:00;0;0;0
12/11/2018;02:15;0;0;0
12/11/2018;02:30;0;0;0
12/11/2018;02:45;0;0;0
12/11/2018;03:00;0;0;0
12/11/2018;03:15;0;0;0
12/11/2018;03:30;0;0;0
12/11/2018;03:45;0;0;0
12/11/2018;04:00;0;0;0
12/11/2018;04:15;0;0;0
12/11/2018;04:30;0;0;0
12/11/2018;04:45;0;0;0
12/11/2018;05:00;0;0;0
12/11/2018;05:15;0;0;0
12/11/2018;05:30;0;0;0
12/11/2018;05:45;0;0;0
12/11/2018;06:00;0;0;0
12/11/2018;06:15;0;0;0
12/11/2018;06:30;0;0;0
12/11/2018;06:45;0;0;0
12/11/2018;07:00;0;0;0
12/11/2018;07:15;0;0;0
12/11/2018;07:30;0;0;0
12/11/2018;07:45;0;0;0
12/11/2018;08:00;0;0;0
12/11/2018;08:15;0;0;0
12/11/2018;08:30;0;0;0
12/11/2018;08:45;0;0;0
12/11/2018;09:00;0;0;0
12/11/2018;09:15;0;0;0
12/11/2018;09:30;0;0;0
12/11/2018;09:45;0;0;0
12/11/2018;10:00;0;0;0
12/11/2018;10:15;0;0;0
12/11/2018;10:30;0;0;0
12/11/2018;10:45;0;0;0
12/11/2018;11:00;0;0;0
12/11/2018;11:15;0;0;0
12/11/2018;11:30;0;0;0
12/11/2018;11:45;0;0;0
12/11/2018;12:00;0;0;0
12/11/2018;12:15;0;0;0
12/11/2018;12:30;0;0;0
12/11/2018;12:45;0;0;0
12/11/2018;13:00;0;0;0
12/11/2018;13:15;0;0;0
12/11/2018;13:30;0;0;0
12/11/2018;13:45;0;0;0
12/11/2018;14:00;0;0;0
12/11/2018;14:15;0;0;0
12/11/2018;14:30;0;0;0
12/11/2018;14:45;0;0;0
12/11/2018;15:00;0;0;0
12/11/2018;15:15;0;0;0
12/11/2018;15:30;0;0;0
12/11/2018;15:45;0;0;0
12/11/2018;16:00;0;0;0
12/11/2018;16:15;0;0;0
12/11/2018;16:30;0;0;0
12/11/2018;16:45;0;0;0
12/11/2018;17:00;0;0;0
12/11/2018;17:15;0;0;0
12/11/2018;17:30;0;0;0
12/11/2018;17:45;0;0;0
12/11/2018;18:00;0;0;0
12/11/2018;18:15;0;0;0
12/11/2018;18:30;0;0;0
12/11/2018;18:45;0;0;0
12/11/2018;19:00;0;0;0
12/11/2018;19:15;0;0;0
12/11/2018;19:30;0;0;0
12/11/2018;19:45;0;0;0
12/11/2018;20:00;0;0;0
12/11/2018;20:15;0;0;0
12/11/2018;20:30;0;0;0
12/11/2018;20:45;0;0;0
12/11/2018;21:00;0;0;0
12/11/2018;21:15;0;0;0
12/11/2018;21:30;0;0;0
12/11/2018;21:45;0;0;0
12/11/2018;22:00;0;0;0
12/11/2018;22:15;0;0;0
12/11/2018;22:30;0;0;0
12/11/2018;22:45;0;0;0
12/11/2018;23:00;0;0;0
12/11/2018;23:15;0;0;0
12/11/2018;23:30;0;0;0
12/11/2018;23:45;0;0;0
13/11/2018;00:00;0;0;0
13/11/2018;00:15;0;0;0
13/11/2018;00:30;0;0;0
13/11/2018;00:45;0;0;0
13/11/2018;01:00;0;0;0
13/11/2018;01:15;0;0;0
13/11/2018;01:30;0;0;0
13/11/2018;01:45;0;0;0
13/11/2018;02:00;0;0;0
13/11/2018;02:15;0;0;0
13/11/2018;02:30;0;0;0
13/11/2018;02:45;0;0;0
13/11/2018;03:00;0;0;0
13/11/2018;03:15;0;0;0
13/11/2018;03:30;0;0;0
13/11/2018;03:45;0;0;0
13/11/2018;04:00;0;0;0
13/11/2018;04:15;0;0;0
13/11/2018;04:30;0;0;0
13/11/2018;04:45;0;0;0
13/11/2018;05:00;0;0;0
13/11/2018;05:15;0;0;0
13/11/2018;05:30;0;0;0
13/11/2018;05:45;0;0;0
13/11/2018;06:00;0;0;0
13/11/2018;06:15;0;0;0
13/11/2018;06:30;0;0;0
13/11/2018;06:45;0;0;0
13/11/2018;07:00;0;0;0
13/11/2018;07:15;0;0;0
13/11/2018;07:30;0;0;0
13/11/2018;07:45;0;0;0
13/11/2018;08:00;0;0;0
13/11/2018;08:15;0;0;0
13/11/2018;08:30;0;0;0
13/11/2018;08:45;0;0;0
13/11/2018;09:00;0;0;0
13/11/2018;09:15;0;0;0
13/11/2018;09:30;0;0;0
13/11/2018;09:45;0;0;0
13/11/2018;10:00;0;0;0
13/11/2018;10:15;0;0;0
13/11/2018;10:30;0;0;0
13/11/2018;10:45;0;0;0
13/11/2018;11:00;0;0;0
13/11/2018;11:15;0;0;0
13/11/2018;11:30;0;0;0
13/11/2018;11:45;0;0;0
13/11/2018;12:00;0;0;0
13/11/2018;12:15;0;0;0
13/11/2018;12:30;0;0;0
13/11/2018;12:45;0;0;0
13/11/2018;13:00;0;0;0
13/11/2018;13:15;0;0;0
13/11/2018;13:30;0;0;0
13/11/2018;13:45;0;0;0
13/11/2018;14:00;0;0;0
13/11/2018;14:15;0;0;0
13/11/2018;14:30;0;0;0
13/11/2018;14:45;0;0;0
13/11/2018;15:00;0;0;0
13/11/2018;15:15;0;0;0
13/11/2018;15:30;0;0;0
13/11/2018;15:45;0;0;0
13/11/2018;16:00;0;0;0
13/11/2018;16:15;0;0;0
13/11/2018;16:30;0;0;0
13/11/2018;16:45;0;0;0
13/11/2018;17:00;0;0;0
13/11/2018;17:15;0;0;0
13/11/2018;17:30;0;0;0
13/11/2018;17:45;0;0;0
13/11/2018;18:00;0;0;0
13/11/2018;18:15;0;0;0
13/11/2018;18:30;0;0;0
13/11/2018;18:45;0;0;0
13/11/2018;19:00;0;0;0
13/11/2018;19:15;0;0;0
13/11/2018;19:30;0;0;0
13/11/2018;19:45;0;0;0
13/11/2018;20:00;0;0;0
13/11/2018;20:15;0;0;0
13/11/2018;20:30;0;0;0
13/11/2018;20:45;0;0;0
13/11/2018;21:00;0;0;0
13/11/2018;21:15;0;0;0
13/11/2018;21:30;0;0;0
13/11/2018;21:45;0;0;0
13/11/2018;22:00;0;0;0
13/11/2018;22:15;0;0;0
13/11/2018;22:30;0;0;0
13/11/2018;22:45;0;0;0
13/11/2018;23:00;0;0;0
13/11/2018;23:15;0;0;0
13/11/2018;23:30;0;0;0
13/11/2018;23:45;0;0;0
14/11/2018;00:00;0;0;0
14/11/2018;00:15;0;0;0
14/11/2018;00:30;0;0;0
14/11/2018;00:45;0;0;0
14/11/2018;01:00;0;0;0
14/11/2018;01:15;0;0;0
14/11/2018;01:30;0;0;0
14/11/2018;01:45;0;0;0
14/11/2018;02:00;0;0;0
14/11/2018;02:15;0;0;0
14/11/2018;02:30;0;0;0
14/11/2018;02:45;0;0;0
14/11/2018;03:00;0;0;0
14/11/2018;03:15;0;0;0
14/11/2018;03:30;0;0;0
14/11/2018;03:45;0;0;0
14/11/2018;04:00;0;0;0
14/11/2018;04:15;0;0;0
14/11/2018;04:30;0;0;0
14/11/2018;04:45;0;0;0
14/11/2018;05:00;0;0;0
14/11/2018;05:15;0;0;0
14/11/2018;05:30;0;0;0
14/11/2018;05:45;0;0;0
14/11/2018;06:00;0;0;0
14/11/2018;06:15;0;0;0
14/11/2018;06:30;0;0;0
14/11/2018;06:45;0;0;0
14/11/2018;07:00;0;0;0
14/11/2018;07:15;0;0;0
14/11/2018;07:30;0;0;0
14/11/2018;07:45;0;0;0
14/11/2018;08:00;0;0;0
14/11/2018;08:15;0;0;0
14/11/2018;08:30;0;0;0
14/11/2018;08:45;0;0;0
14/11/2018;09:00;0;0;0
14/11/2018;09:15;0;0;0
14/11/2018;09:30;0;0;0
14/11/2018;09:45;0;0;0
14/11/2018;10:00;0;0;0
14/11/2018;10:15;0;0;0
14/11/2018;10:30;0;0;0
14/11/2018;10:45;0;0;0
14/11/2018;11:00;0;0;0
14/11/2018;11:15;0;0;0
14/11/2018;11:30;0;0;0
14/11/2018;11:45;0;0;0
14/11/2018;12:00;0;0;0
14/11/2018;12:15;0;0;0
14/11/2018;12:30;0;0;0
14/11/2018;12:45;0;0;0
14/11/2018;13:00;0;0;0
14/11/2018;13:15;0;0;0
14/11/2018;13:30;0;0;0
14/11/2018;13:45;0;0;0
14/11/2018;14:00;0;0;0
14/11/2018;14:15;0;0;0
14/11/2018;14:30;0;0;0
14/11/2018;14:45;0;0;0
14/11/2018;15:00;0;0;0
14/11/2018;15:15;0;0;0
14/11/2018;15:30;0;0;0
14/11/2018;15:45;0;0;0
14/11/2018;16:00;0;0;0
14/11/2018;16:15;0;0;0
14/11/2018;16:30;0;0;0
14/11/2018;16:45;0;0;0
14/11/2018;17:00;0;0;0
14/11/2018;17:15;0;0;0
14/11/2018;17:30;0;0;0
14/11/2018;17:45;0;0;0
14/11/2018;18:00;0;0;0
14/11/2018;18:15;0;0;0
14/11/2018;18:30;0;0;0
14/11/2018;18:45;0;0;0
14/11/2018;19:00;0;0;0
14/11/2018;19:15;0;0;0
14/11/2018;19:30;0;0;0
14/11/2018;19:45;0;0;0
14/11/2018;20:00;0;0;0
14/11/2018;20:15;0;0;0
14/11/2018;20:30;0;0;0
14/11/2018;20:45;0;0;0
14/11/2018;21:00;0;0;0
14/11/2018;21:15;0;0;0
14/11/2018;21:30;0;0;0
14/11/2018;21:45;0;0;0
14/11/2018;22:00;0;0;0
14/11/2018;22:15;0;0;0
14/11/2018;22:30;0;0;0
14/11/2018;22:45;0;0;0
14/11/2018;23:00;0;0;0
14/11/2018;23:15;0;0;0
14/11/2018;23:30;0;0;0
14/11/2018;23:45;0;0;0
15/11/2018;00:00;0;0;0
15/11/2018;00:15;0;0;0
15/11/2018;00:30;0;0;0
15/11/2018;00:45;0;0;0
15/11/2018;01:00;0;0;0
15/11/2018;01:15;0;0;0
15/11/2018;01:30;0;0;0
15/11/2018;01:45;0;0;0
15/11/2018;02:00;0;0;0
15/11/2018;02:15;0;0;0
15/11/2018;02:30;0;0;0
15/11/2018;02:45;0;0;0
15/11/2018;03:00;0;0;0
15/11/2018;03:15;0;0;0
15/11/2018;03:30;0;0;0
15/11/2018;03:45;0;0;0
15/11/2018;04:00;0;0;0
15/11/2018;04:15;0;0;0
15/11/2018;04:30;0;0;0
15/11/2018;04:45;0;0;0
15/11/2018;05:00;0;0;0
15/11/2018;05:15;0;0;0
15/11/2018;05:30;0;0;0
15/11/2018;05:45;0;0;0
15/11/2018;06:00;0;0;0
15/11/2018;06:15;0;0;0
15/11/2018;06:30;0;0;0
15/11/2018;06:45;0;0;0
15/11/2018;07:00;0;0;0
15/11/2018;07:15;0;0;0
15/11/2018;07:30;0;0;0
15/11/2018;07:45;0;0;0
15/11/2018;08:00;0;0;0
15/11/2018;08:15;0;0;0
15/11/2018;08:30;0;0;0
15/11/2018;08:45;0;0;0
15/11/2018;09:00;0;0;0
15/11/2018;09:15;0;0;0
15/11/2018;09:30;0;0;0
15/11/2018;09:45;0;0;0
15/11/2018;10:00;0;0;0
15/11/2018;10:15;0;0;0
15/11/2018;10:30;0;0;0
15/11/2018;10:45;0;0;0
15/11/2018;11:00;0;0;0
15/11/2018;11:15;0;0;0
15/11/2018;11:30;0;0;0
15/11/2018;11:45;0;0;0
15/11/2018;12:00;0;0;0
15/11/2018;12:15;0;0;0
15/11/2018;12:30;0;0;0
15/11/2018;12:45;0;0;0
15/11/2018;13:00;0;0;0
15/11/2018;13:15;0;0;0
15/11/2018;13:30;0;0;0
15/11/2018;13:45;0;0;0
15/11/2018;14:00;0;0;0
15/11/2018;14:15;0;0;0
15/11/2018;14:30;0;0;0
15/11/2018;14:45;0;0;0
15/11/2018;15:00;0;0;0
15/11/2018;15:15;0;0;0
15/11/2018;15:30;0;0;0
15/11/2018;15:45;0;0;0
15/11/2018;16:00;0;0;0
15/11/2018;16:15;0;0;0
15/11/2018;16:30;0;0;0
15/11/2018;16:45;0;0;0
15/11/2018;17:00;0;0;0
15/11/2018;17:15;0;0;0
15/11/2018;17:30;0;0;0
15/11/2018;17:45;0;0;0
15/11/2018;18:00;0;0;0
15/11/2018;18:15;0;0;0
15/11/2018;18:30;0;0;0
15/11/2018;18:45;0;0;0
15/11/2018;19:00;0;0;0
15/11/2018;19:15;0;0;0
15/11/2018;19:30;0;0;0
15/11/2018;19:45;0;0;0
15/11/2018;20:00;0;0;0
15/11/2018;20:15;0;0;0
15/11/2018;20:30;0;0;0
15/11/2018;20:45;0;0;0
15/11/2018;21:00;0;0;0
15/11/2018;21:15;0;0;0
15/11/2018;21:30;0;0;0
15/11/2018;21:45;0;0;0
15/11/2018;22:00;0;0;0
15/11/2018;22:15;0;0;0
15/11/2018;22:30;0;0;0
15/11/2018;22:45;0;0;0
15/11/2018;23:00;0;0;0
15/11/2018;23:15;0;0;0
15/11/2018;23:30;0;0;0
15/11/2018;23:45;0;0;0
16/11/2018;00:00;0;0;0
16/11/2018;00:15;0;0;0
16/11/2018;00:30;0;0;0
16/11/2018;00:45;0;0;0
16/11/2018;01:00;0;0;0
16/11/2018;01:15;0;0;0
16/11/2018;01:30;0;0;0
16/11/2018;01:45;0;0;0
16/11/2018;02:00;0;0;0
16/11/2018;02:15;0;0;0
16/11/2018;02:30;0;0;0
16/11/2018;02:45;0;0;0
16/11/2018;03:00;0;0;0
16/11/2018;03:15;0;0;0
16/11/2018;03:30;0;0;0
16/11/2018;03:45;0;0;0
16/11/2018;04:00;0;0;0
16/11/2018;04:15;0;0;0
16/11/2018;04:30;0;0;0
16/11/2018;04:45;0;0;0
16/11/2018;05:00;0;0;0
16/11/2018;05:15;0;0;0
16/11/2018;05:30;0;0;0
16/11/2018;05:45;0;0;0
16/11/2018;06:00;0;0;0
16/11/2018;06:15;0;0;0
16/11/2018;06:30;0;0;0
16/11/2018;06:45;0;0;0
16/11/2018;07:00;0;0;0
16/11/2018;07:15;0;0;0
16/11/2018;07:30;0;0;0
16/11/2018;07:45;0;0;0
16/11/2018;08:00;0;0;0
16/11/2018;08:15;0;0;0
16/11/2018;08:30;0;0;0
16/11/2018;08:45;0;0;0
16/11/2018;09:00;0;0;0
16/11/2018;09:15;0;0;0
16/11/2018;09:30;0;0;0
16/11/2018;09:45;0;0;0
16/11/2018;10:00;0;0;0
16/11/2018;10:15;0;0;0
16/11/2018;10:30;0;0;0
16/11/2018;10:45;0;0;0
16/11/2018;11:00;0;0;0
16/11/2018;11:15;0;0;0
16/11/2018;11:30;0;0;0
16/11/2018;11:45;0;0;0
16/11/2018;12:00;0;0;0
16/11/2018;12:15;0;0;0
16/11/2018;12:30;0;0;0
16/11/2018;12:45;0;0;0
16/11/2018;13:00;0;0;0
16/11/2018;13:15;0;0;0
16/11/2018;13:30;0;0;0
16/11/2018;13:45;0;0;0
16/11/2018;14:00;0;0;0
16/11/2018;14:15;0;0;0
16/11/2018;14:30;0;0;0
16/11/2018;14:45;0;0;0
16/11/2018;15:00;0;0;0
16/11/2018;15:15;0;0;0
16/11/2018;15:30;0;0;0
16/11/2018;15:45;0;0;0
16/11/2018;16:00;0;0;0
16/11/2018;16:15;0;0;0
16/11/2018;16:30;0;0;0
16/11/2018;16:45;0;0;0
16/11/2018;17:00;0;0;0
16/11/2018;17:15;0;0;0
16/11/2018;17:30;0;0;0
16/11/2018;17:45;0;0;0
16/11/2018;18:00;0;0;0
16/11/2018;18:15;0;0;0
16/11/2018;18:30;0;0;0
16/11/2018;18:45;0;0;0
16/11/2018;19:00;0;0;0
16/11/2018;19:15;0;0;0
16/11/2018;19:30;0;0;0
16/11/2018;19:45;0;0;0
16/11/2018;20:00;0;0;0
16/11/2018;20:15;0;0;0
16/11/2018;20:30;0;0;0
16/11/2018;20:45;0;0;0
16/11/2018;21:00;0;0;0
16/11/2018;21:15;0;0;0
16/11/2018;21:30;0;0;0
16/11/2018;21:45;0;0;0
16/11/2018;22:00;0;0;0
16/11/2018;22:15;0;0;0
16/11/2018;22:30;0;0;0
16/11/2018;22:45;0;0;0
16/11/2018;23:00;0;0;0
16/11/2018;23:15;0;0;0
16/11/2018;23:30;0;0;0
16/11/2018;23:45;0;0;0
17/11/2018;00:00;0;0;0
17/11/2018;00:15;0;0;0
17/11/2018;00:30;0;0;0
17/11/2018;00:45;0;0;0
17/11/2018;01:00;0;0;0
17/11/2018;01:15;0;0;0
17/11/2018;01:30;0;0;0
17/11/2018;01:45;0;0;0
17/11/2018;02:00;0;0;0
17/11/2018;02:15;0;0;0
17/11/2018;02:30;0;0;0
17/11/2018;02:45;0;0;0
17/11/2018;03:00;0;0;0
17/11/2018;03:15;0;0;0
17/11/2018;03:30;0;0;0
17/11/2018;03:45;0;0;0
17/11/2018;04:00;0;0;0
17/11/2018;04:15;0;0;0
17/11/2018;04:30;0;0;0
17/11/2018;04:45;0;0;0
17/11/2018;05:00;0;0;0
17/11/2018;05:15;0;0;0
17/11/2018;05:30;0;0;0
17/11/2018;05:45;0;0;0
17/11/2018;06:00;0;0;0
17/11/2018;06:15;0;0;0
17/11/2018;06:30;0;0;0
17/11/2018;06:45;0;0;0
17/11/2018;07:00;0;0;0
17/11/2018;07:15;0;0;0
17/11/2018;07:30;0;0;0
17/11/2018;07:45;0;0;0
17/11/2018;08:00;0;0;0
17/11/2018;08:15;0;0;0
17/11/2018;08:30;0;0;0
17/11/2018;08:45;0;0;0
17/11/2018;09:00;0;0;0
17/11/2018;09:15;0;0;0
17/11/2018;09:30;0;0;0
17/11/2018;09:45;0;0;0
17/11/2018;10:00;0;0;0
17/11/2018;10:15;0;0;0
17/11/2018;10:30;0;0;0
17/11/2018;10:45;0;0;0
17/11/2018;11:00;0;0;0
17/11/2018;11:15;0;0;0
17/11/2018;11:30;0;0;0
17/11/2018;11:45;0;0;0
17/11/2018;12:00;0;0;0
17/11/2018;12:15;0;0;0
17/11/2018;12:30;0;0;0
17/11/2018;12:45;0;0;0
17/11/2018;13:00;0;0;0
17/11/2018;13:15;0;0;0
17/11/2018;13:30;0;0;0
17/11/2018;13:45;0;0;0
17/11/2018;14:00;0;0;0
17/11/2018;14:15;0;0;0
17/11/2018;14:30;0;0;0
17/11/2018;14:45;0;0;0
17/11/2018;15:00;0;0;0
17/11/2018;15:15;0;0;0
17/11/2018;15:30;0;0;0
17/11/2018;15:45;0;0;0
17/11/2018;16:00;0;0;0
17/11/2018;16:15;0;0;0
17/11/2018;16:30;0;0;0
17/11/2018;16:45;0;0;0
17/11/2018;17:00;0;0;0
17/11/2018;17:15;0;0;0
17/11/2018;17:30;0;0;0
17/11/2018;17:45;0;0;0
17/11/2018;18:00;0;0;0
17/11/2018;18:15;0;0;0
17/11/2018;18:30;0;0;0
17/11/2018;18:45;0;0;0
17/11/2018;19:00;0;0;0
17/11/2018;19:15;0;0;0
17/11/2018;19:30;0;0;0
17/11/2018;19:45;0;0;0
17/11/2018;20:00;0;0;0
17/11/2018;20:15;0;0;0
17/11/2018;20:30;0;0;0
17/11/2018;20:45;0;0;0
17/11/2018;21:00;0;0;0
17/11/2018;21:15;0;0;0
17/11/2018;21:30;0;0;0
17/11/2018;21:45;0;0;0
17/11/2018;22:00;0;0;0
17/11/2018;22:15;0;0;0
17/11/2018;22:30;0;0;0
17/11/2018;22:45;0;0;0
17/11/2018;23:00;0;0;0
17/11/2018;23:15;0;0;0
17/11/2018;23:30;0;0;0
17/11/2018;23:45;0;0;0
18/11/2018;00:00;0;0;0
18/11/2018;00:15;0;0;0
18/11/2018;00:30;0;0;0
18/11/2018;00:45;0;0;0
18/11/2018;01:00;0;0;0
18/11/2018;01:15;0;0;0
18/11/2018;01:30;0;0;0
18/11/2018;01:45;0;0;0
18/11/2018;02:00;0;0;0
18/11/2018;02:15;0;0;0
18/11/2018;02:30;0;0;0
18/11/2018;02:45;0;0;0
18/11/2018;03:00;0;0;0
18/11/2018;03:15;0;0;0
18/11/2018;03:30;0;0;0
18/11/2018;03:45;0;0;0
18/11/2018;04:00;0;0;0
18/11/2018;04:15;0;0;0
18/11/2018;04:30;0;0;0
18/11/2018;04:45;0;0;0
18/11/2018;05:00;0;0;0
18/11/2018;05:15;0;0;0
18/11/2018;05:30;0;0;0
18/11/2018;05:45;0;0;0
18/11/2018;06:00;0;0;0
18/11/2018;06:15;0;0;0
18/11/2018;06:30;0;0;0
18/11/2018;06:45;0;0;0
18/11/2018;07:00;0;0;0
18/11/2018;07:15;0;0;0
18/11/2018;07:30;0;0;0
18/11/2018;07:45;0;0;0
18/11/2018;08:00;0;0;0
18/11/2018;08:15;0;0;0
18/11/2018;08:30;0;0;0
18/11/2018;08:45;0;0;0
18/11/2018;09:00;0;0;0
18/11/2018;09:15;0;0;0
18/11/2018;09:30;0;0;0
18/11/2018;09:45;0;0;0
18/11/2018;10:00;0;0;0
18/11/2018;10:15;0;0;0
18/11/2018;10:30;0;0;0
18/11/2018;10:45;0;0;0
18/11/2018;11:00;0;0;0
18/11/2018;11:15;0;0;0
18/11/2018;11:30;0;0;0
18/11/2018;11:45;0;0;0
18/11/2018;12:00;0;0;0
18/11/2018;12:15;0;0;0
18/11/2018;12:30;0;0;0
18/11/2018;12:45;0;0;0
18/11/2018;13:00;0;0;0
18/11/2018;13:15;0;0;0
18/11/2018;13:30;0;0;0
18/11/2018;13:45;0;0;0
18/11/2018;14:00;0;0;0
18/11/2018;14:15;0;0;0
18/11/2018;14:30;0;0;0
18/11/2018;14:45;0;0;0
18/11/2018;15:00;0;0;0
18/11/2018;15:15;0;0;0
18/11/2018;15:30;0;0;0
18/11/2018;15:45;0;0;0
18/11/2018;16:00;0;0;0
18/11/2018;16:15;0;0;0
18/11/2018;16:30;0;0;0
18/11/2018;16:45;0;0;0
18/11/2018;17:00;0;0;0
18/11/2018;17:15;0;0;0
18/11/2018;17:30;0;0;0
18/11/2018;17:45;0;0;0
18/11/2018;18:00;0;0;0
18/11/2018;18:15;0;0;0
18/11/2018;18:30;0;0;0
18/11/2018;18:45;0;0;0
18/11/2018;19:00;0;0;0
18/11/2018;19:15;0;0;0
18/11/2018;19:30;0;0;0
18/11/2018;19:45;0;0;0
18/11/2018;20:00;0;0;0
18/11/2018;20:15;0;0;0
18/11/2018;20:30;0;0;0
18/11/2018;20:45;0;0;0
18/11/2018;21:00;0;0;0
18/11/2018;21:15;0;0;0
18/11/2018;21:30;0;0;0
18/11/2018;21:45;0;0;0
18/11/2018;22:00;0;0;0
18/11/2018;22:15;0;0;0
18/11/2018;22:30;0;0;0
18/11/2018;22:45;0;0;0
18/11/2018;23:00;0;0;0
18/11/2018;23:15;0;0;0
18/11/2018;23:30;0;0;0
18/11/2018;23:45;0;0;0
19/11/2018;00:00;0;0;0
19/11/2018;00:15;0;0;0
19/11/2018;00:30;0;0;0
19/11/2018;00:45;0;0;0
19/11/2018;01:00;0;0;0
19/11/2018;01:15;0;0;0
19/11/2018;01:30;0;0;0
19/11/2018;01:45;0;0;0
19/11/2018;02:00;0;0;0
19/11/2018;02:15;0;0;0
19/11/2018;02:30;0;0;0
19/11/2018;02:45;0;0;0
19/11/2018;03:00;0;0;0
19/11/2018;03:15;0;0;0
19/11/2018;03:30;0;0;0
19/11/2018;03:45;0;0;0
19/11/2018;04:00;0;0;0
19/11/2018;04:15;0;0;0
19/11/2018;04:30;0;0;0
19/11/2018;04:45;0;0;0
19/11/2018;05:00;0;0;0
19/11/2018;05:15;0;0;0
19/11/2018;05:30;0;0;0
19/11/2018;05:45;0;0;0
19/11/2018;06:00;0;0;0
19/11/2018;06:15;0;0;0
19/11/2018;06:30;0;0;0
19/11/2018;06:45;0;0;0
19/11/2018;07:00;0;0;0
19/11/2018;07:15;0;0;0
19/11/2018;07:30;0;0;0
19/11/2018;07:45;0;0;0
19/11/2018;08:00;0;0;0
19/11/2018;08:15;0;0;0
19/11/2018;08:30;0;0;0
19/11/2018;08:45;0;0;0
19/11/2018;09:00;0;0;0
19/11/2018;09:15;0;0;0
19/11/2018;09:30;0;0;0
19/11/2018;09:45;0;0;0
19/11/2018;10:00;0;0;0
19/11/2018;10:15;0;0;0
19/11/2018;10:30;0;0;0
19/11/2018;10:45;0;0;0
19/11/2018;11:00;0;0;0
19/11/2018;11:15;0;0;0
19/11/2018;11:30;0;0;0
19/11/2018;11:45;0;0;0
19/11/2018;12:00;0;0;0
19/11/2018;12:15;0;0;0
19/11/2018;12:30;0;0;0
19/11/2018;12:45;0;0;0
19/11/2018;13:00;0;0;0
19/11/2018;13:15;0;0;0
19/11/2018;13:30;0;0;0
19/11/2018;13:45;0;0;0
19/11/2018;14:00;0;0;0
19/11/2018;14:15;0;0;0
19/11/2018;14:30;0;0;0
19/11/2018;14:45;0;0;0
19/11/2018;15:00;0;0;0
19/11/2018;15:15;0;0;0
19/11/2018;15:30;0;0;0
19/11/2018;15:45;0;0;0
19/11/2018;16:00;0;0;0
19/11/2018;16:15;0;0;0
19/11/2018;16:30;0;0;0
19/11/2018;16:45;0;0;0
19/11/2018;17:00;0;0;0
19/11/2018;17:15;0;0;0
19/11/2018;17:30;0;0;0
19/11/2018;17:45;0;0;0
19/11/2018;18:00;0;0;0
19/11/2018;18:15;0;0;0
19/11/2018;18:30;0;0;0
19/11/2018;18:45;0;0;0
19/11/2018;19:00;0;0;0
19/11/2018;19:15;0;0;0
19/11/2018;19:30;0;0;0
19/11/2018;19:45;0;0;0
19/11/2018;20:00;0;0;0
19/11/2018;20:15;0;0;0
19/11/2018;20:30;0;0;0
19/11/2018;20:45;0;0;0
19/11/2018;21:00;0;0;0
19/11/2018;21:15;0;0;0
19/11/2018;21:30;0;0;0
19/11/2018;21:45;0;0;0
19/11/2018;22:00;0;0;0
19/11/2018;22:15;0;0;0
19/11/2018;22:30;0;0;0
19/11/2018;22:45;0;0;0
19/11/2018;23:00;0;0;0
19/11/2018;23:15;0;0;0
19/11/2018;23:30;0;0;0
19/11/2018;23:45;0;0;0
20/11/2018;00:00;0;0;0
20/11/2018;00:15;0;0;0
20/11/2018;00:30;0;0;0
20/11/2018;00:45;0;0;0
20/11/2018;01:00;0;0;0
20/11/2018;01:15;0;0;0
20/11/2018;01:30;0;0;0
20/11/2018;01:45;0;0;0
20/11/2018;02:00;0;0;0
20/11/2018;02:15;0;0;0
20/11/2018;02:30;0;0;0
20/11/2018;02:45;0;0;0
20/11/2018;03:00;0;0;0
20/11/2018;03:15;0;0;0
20/11/2018;03:30;0;0;0
20/11/2018;03:45;0;0;0
20/11/2018;04:00;0;0;0
20/11/2018;04:15;0;0;0
20/11/2018;04:30;0;0;0
20/11/2018;04:45;0;0;0
20/11/2018;05:00;0;0;0
20/11/2018;05:15;0;0;0
20/11/2018;05:30;0;0;0
20/11/2018;05:45;0;0;0
20/11/2018;06:00;0;0;0
20/11/2018;06:15;0;0;0
20/11/2018;06:30;0;0;0
20/11/2018;06:45;0;0;0
20/11/2018;07:00;0;0;0
20/11/2018;07:15;0;0;0
20/11/2018;07:30;0;0;0
20/11/2018;07:45;0;0;0
20/11/2018;08:00;0;0;0
20/11/2018;08:15;0;0;0
20/11/2018;08:30;0;0;0
20/11/2018;08:45;0;0;0
20/11/2018;09:00;0;0;0
20/11/2018;09:15;0;0;0
20/11/2018;09:30;0;0;0
20/11/2018;09:45;0;0;0
20/11/2018;10:00;0;0;0
20/11/2018;10:15;0;0;0
20/11/2018;10:30;0;0;0
20/11/2018;10:45;0;0;0
20/11/2018;11:00;0;0;0
20/11/2018;11:15;0;0;0
20/11/2018;11:30;0;0;0
20/11/2018;11:45;0;0;0
20/11/2018;12:00;0;0;0
20/11/2018;12:15;0;0;0
20/11/2018;12:30;0;0;0
20/11/2018;12:45;0;0;0
20/11/2018;13:00;0;0;0
20/11/2018;13:15;0;0;0
20/11/2018;13:30;0;0;0
20/11/2018;13:45;0;0;0
20/11/2018;14:00;0;0;0
20/11/2018;14:15;0;0;0
20/11/2018;14:30;0;0;0
20/11/2018;14:45;0;0;0
20/11/2018;15:00;0;0;0
20/11/2018;15:15;0;0;0
20/11/2018;15:30;0;0;0
20/11/2018;15:45;0;0;0
20/11/2018;16:00;0;0;0
20/11/2018;16:15;0;0;0
20/11/2018;16:30;0;0;0
20/11/2018;16:45;0;0;0
20/11/2018;17:00;0;0;0
20/11/2018;17:15;0;0;0
20/11/2018;17:30;0;0;0
20/11/2018;17:45;0;0;0
20/11/2018;18:00;0;0;0
20/11/2018;18:15;0;0;0
20/11/2018;18:30;0;0;0
20/11/2018;18:45;0;0;0
20/11/2018;19:00;0;0;0
20/11/2018;19:15;0;0;0
20/11/2018;19:30;0;0;0
20/11/2018;19:45;0;0;0
20/11/2018;20:00;0;0;0
20/11/2018;20:15;0;0;0
20/11/2018;20:30;0;0;0
20/11/2018;20:45;0;0;0
20/11/2018;21:00;0;0;0
20/11/2018;21:15;0;0;0
20/11/2018;21:30;0;0;0
20/11/2018;21:45;0;0;0
20/11/2018;22:00;0;0;0
20/11/2018;22:15;0;0;0
20/11/2018;22:30;0;0;0
20/11/2018;22:45;0;0;0
20/11/2018;23:00;0;0;0
20/11/2018;23:15;0;0;0
20/11/2018;23:30;0;0;0
20/11/2018;23:45;0;0;0
21/11/2018;00:00;0;0;0
21/11/2018;00:15;0;0;0
21/11/2018;00:30;0;0;0
21/11/2018;00:45;0;0;0
21/11/2018;01:00;0;0;0
21/11/2018;01:15;0;0;0
21/11/2018;01:30;0;0;0
21/11/2018;01:45;0;0;0
21/11/2018;02:00;0;0;0
21/11/2018;02:15;0;0;0
21/11/2018;02:30;0;0;0
21/11/2018;02:45;0;0;0
21/11/2018;03:00;0;0;0
21/11/2018;03:15;0;0;0
21/11/2018;03:30;0;0;0
21/11/2018;03:45;0;0;0
21/11/2018;04:00;0;0;0
21/11/2018;04:15;0;0;0
21/11/2018;04:30;0;0;0
21/11/2018;04:45;0;0;0
21/11/2018;05:00;0;0;0
21/11/2018;05:15;0;0;0
21/11/2018;05:30;0;0;0
21/11/2018;05:45;0;0;0
21/11/2018;06:00;0;0;0
21/11/2018;06:15;0;0;0
21/11/2018;06:30;0;0;0
21/11/2018;06:45;0;0;0
21/11/2018;07:00;0;0;0
21/11/2018;07:15;0;0;0
21/11/2018;07:30;0;0;0
21/11/2018;07:45;0;0;0
21/11/2018;08:00;0;0;0
21/11/2018;08:15;0;0;0
21/11/2018;08:30;0;0;0
21/11/2018;08:45;0;0;0
21/11/2018;09:00;0;0;0
21/11/2018;09:15;0;0;0
21/11/2018;09:30;0;0;0
21/11/2018;09:45;0;0;0
21/11/2018;10:00;0;0;0
21/11/2018;10:15;0;0;0
21/11/2018;10:30;0;0;0
21/11/2018;10:45;0;0;0
21/11/2018;11:00;0;0;0
21/11/2018;11:15;0;0;0
21/11/2018;11:30;0;0;0
21/11/2018;11:45;0;0;0
21/11/2018;12:00;0;0;0
21/11/2018;12:15;0;0;0
21/11/2018;12:30;0;0;0
21/11/2018;12:45;0;0;0
21/11/2018;13:00;0;0;0
21/11/2018;13:15;0;0;0
21/11/2018;13:30;0;0;0
21/11/2018;13:45;0;0;0
21/11/2018;14:00;0;0;0
21/11/2018;14:15;0;0;0
21/11/2018;14:30;0;0;0
21/11/2018;14:45;0;0;0
21/11/2018;15:00;0;0;0
21/11/2018;15:15;0;0;0
21/11/2018;15:30;0;0;0
21/11/2018;15:45;0;0;0
21/11/2018;16:00;0;0;0
21/11/2018;16:15;0;0;0
21/11/2018;16:30;0;0;0
21/11/2018;16:45;0;0;0
21/11/2018;17:00;0;0;0
21/11/2018;17:15;0;0;0
21/11/2018;17:30;0;0;0
21/11/2018;17:45;0;0;0
21/11/2018;18:00;0;0;0
21/11/2018;18:15;0;0;0
21/11/2018;18:30;0;0;0
21/11/2018;18:45;0;0;0
21/11/2018;19:00;0;0;0
21/11/2018;19:15;0;0;0
21/11/2018;19:30;0;0;0
21/11/2018;19:45;0;0;0
21/11/2018;20:00;0;0;0
21/11/2018;20:15;0;0;0
21/11/2018;20:30;0;0;0
21/11/2018;20:45;0;0;0
21/11/2018;21:00;0;0;0
21/11/2018;21:15;0;0;0
21/11/2018;21:30;0;0;0
21/11/2018;21:45;0;0;0
21/11/2018;22:00;0;0;0
21/11/2018;22:15;0;0;0
21/11/2018;22:30;0;0;0
21/11/2018;22:45;0;0;0
21/11/2018;23:00;0;0;0
21/11/2018;23:15;0;0;0
21/11/2018;23:30;0;0;0
21/11/2018;23:45;0;0;0
22/11/2018;00:00;0;0;0
22/11/2018;00:15;0;0;0
22/11/2018;00:30;0;0;0
22/11/2018;00:45;0;0;0
22/11/2018;01:00;0;0;0
22/11/2018;01:15;0;0;0
22/11/2018;01:30;0;0;0
22/11/2018;01:45;0;0;0
22/11/2018;02:00;0;0;0
22/11/2018;02:15;0;0;0
22/11/2018;02:30;0;0;0
22/11/2018;02:45;0;0;0
22/11/2018;03:00;0;0;0
22/11/2018;03:15;0;0;0
22/11/2018;03:30;0;0;0
22/11/2018;03:45;0;0;0
22/11/2018;04:00;0;0;0
22/11/2018;04:15;0;0;0
22/11/2018;04:30;0;0;0
22/11/2018;04:45;0;0;0
22/11/2018;05:00;0;0;0
22/11/2018;05:15;0;0;0
22/11/2018;05:30;0;0;0
22/11/2018;05:45;0;0;0
22/11/2018;06:00;0;0;0
22/11/2018;06:15;0;0;0
22/11/2018;06:30;0;0;0
22/11/2018;06:45;0;0;0
22/11/2018;07:00;0;0;0
22/11/2018;07:15;0;0;0
22/11/2018;07:30;0;0;0
22/11/2018;07:45;0;0;0
22/11/2018;08:00;0;0;0
22/11/2018;08:15;0;0;0
22/11/2018;08:30;0;0;0
22/11/2018;08:45;0;0;0
22/11/2018;09:00;0;0;0
22/11/2018;09:15;0;0;0
22/11/2018;09:30;0;0;0
22/11/2018;09:45;0;0;0
22/11/2018;10:00;0;0;0
22/11/2018;10:15;0;0;0
22/11/2018;10:30;0;0;0
22/11/2018;10:45;0;0;0
22/11/2018;11:00;0;0;0
22/11/2018;11:15;0;0;0
22/11/2018;11:30;0;0;0
22/11/2018;11:45;0;0;0
22/11/2018;12:00;0;0;0
22/11/2018;12:15;0;0;0
22/11/2018;12:30;0;0;0
22/11/2018;12:45;0;0;0
22/11/2018;13:00;0;0;0
22/11/2018;13:15;0;0;0
22/11/2018;13:30;0;0;0
22/11/2018;13:45;0;0;0
22/11/2018;14:00;0;0;0
22/11/2018;14:15;0;0;0
22/11/2018;14:30;0;0;0
22/11/2018;14:45;0;0;0
22/11/2018;15:00;0;0;0
22/11/2018;15:15;0;0;0
22/11/2018;15:30;0;0;0
22/11/2018;15:45;0;0;0
22/11/2018;16:00;0;0;0
22/11/2018;16:15;0;0;0
22/11/2018;16:30;0;0;0
22/11/2018;16:45;0;0;0
22/11/2018;17:00;0;0;0
22/11/2018;17:15;0;0;0
22/11/2018;17:30;0;0;0
22/11/2018;17:45;0;0;0
22/11/2018;18:00;0;0;0
22/11/2018;18:15;0;0;0
22/11/2018;18:30;0;0;0
22/11/2018;18:45;0;0;0
22/11/2018;19:00;0;0;0
22/11/2018;19:15;0;0;0
22/11/2018;19:30;0;0;0
22/11/2018;19:45;0;0;0
22/11/2018;20:00;0;0;0
22/11/2018;20:15;0;0;0
22/11/2018;20:30;0;0;0
22/11/2018;20:45;0;0;0
22/11/2018;21:00;0;0;0
22/11/2018;21:15;0;0;0
22/11/2018;21:30;0;0;0
22/11/2018;21:45;0;0;0
22/11/2018;22:00;0;0;0
22/11/2018;22:15;0;0;0
22/11/2018;22:30;0;0;0
22/11/2018;22:45;0;0;0
22/11/2018;23:00;0;0;0
22/11/2018;23:15;0;0;0
22/11/2018;23:30;0;0;0
22/11/2018;23:45;0;0;0
23/11/2018;00:00;0;0;0
23/11/2018;00:15;0;0;0
23/11/2018;00:30;0;0;0
23/11/2018;00:45;0;0;0
23/11/2018;01:00;0;0;0
23/11/2018;01:15;0;0;0
23/11/2018;01:30;0;0;0
23/11/2018;01:45;0;0;0
23/11/2018;02:00;0;0;0
23/11/2018;02:15;0;0;0
23/11/2018;02:30;0;0;0
23/11/2018;02:45;0;0;0
23/11/2018;03:00;0;0;0
23/11/2018;03:15;0;0;0
23/11/2018;03:30;0;0;0
23/11/2018;03:45;0;0;0
23/11/2018;04:00;0;0;0
23/11/2018;04:15;0;0;0
23/11/2018;04:30;0;0;0
23/11/2018;04:45;0;0;0
23/11/2018;05:00;0;0;0
23/11/2018;05:15;0;0;0
23/11/2018;05:30;0;0;0
23/11/2018;05:45;0;0;0
23/11/2018;06:00;0;0;0
23/11/2018;06:15;0;0;0
23/11/2018;06:30;0;0;0
23/11/2018;06:45;0;0;0
23/11/2018;07:00;0;0;0
23/11/2018;07:15;0;0;0
23/11/2018;07:30;0;0;0
23/11/2018;07:45;0;0;0
23/11/2018;08:00;0;0;0
23/11/2018;08:15;0;0;0
23/11/2018;08:30;0;0;0
23/11/2018;08:45;0;0;0
23/11/2018;09:00;0;0;0
23/11/2018;09:15;0;0;0
23/11/2018;09:30;0;0;0
23/11/2018;09:45;0;0;0
23/11/2018;10:00;0;0;0
23/11/2018;10:15;0;0;0
23/11/2018;10:30;0;0;0
23/11/2018;10:45;0;0;0
23/11/2018;11:00;0;0;0
23/11/2018;11:15;0;0;0
23/11/2018;11:30;0;0;0
23/11/2018;11:45;0;0;0
23/11/2018;12:00;0;0;0
23/11/2018;12:15;0;0;0
23/11/2018;12:30;0;0;0
23/11/2018;12:45;0;0;0
23/11/2018;13:00;0;0;0
23/11/2018;13:15;0;0;0
23/11/2018;13:30;0;0;0
23/11/2018;13:45;0;0;0
23/11/2018;14:00;0;0;0
23/11/2018;14:15;0;0;0
23/11/2018;14:30;0;0;0
23/11/2018;14:45;0;0;0
23/11/2018;15:00;0;0;0
23/11/2018;15:15;0;0;0
23/11/2018;15:30;0;0;0
23/11/2018;15:45;0;0;0
23/11/2018;16:00;0;0;0
23/11/2018;16:15;0;0;0
23/11/2018;16:30;0;0;0
23/11/2018;16:45;0;0;0
23/11/2018;17:00;0;0;0
23/11/2018;17:15;0;0;0
23/11/2018;17:30;0;0;0
23/11/2018;17:45;0;0;0
23/11/2018;18:00;0;0;0
23/11/2018;18:15;0;0;0
23/11/2018;18:30;0;0;0
23/11/2018;18:45;0;0;0
23/11/2018;19:00;0;0;0
23/11/2018;19:15;0;0;0
23/11/2018;19:30;0;0;0
23/11/2018;19:45;0;0;0
23/11/2018;20:00;0;0;0
23/11/2018;20:15;0;0;0
23/11/2018;20:30;0;0;0
23/11/2018;20:45;0;0;0
23/11/2018;21:00;0;0;0
23/11/2018;21:15;0;0;0
23/11/2018;21:30;0;0;0
23/11/2018;21:45;0;0;0
23/11/2018;22:00;0;0;0
23/11/2018;22:15;0;0;0
23/11/2018;22:30;0;0;0
23/11/2018;22:45;0;0;0
23/11/2018;23:00;0;0;0
23/11/2018;23:15;0;0;0
23/11/2018;23:30;0;0;0
23/11/2018;23:45;0;0;0
24/11/2018;00:00;0;0;0
24/11/2018;00:15;0;0;0
24/11/2018;00:30;0;0;0
24/11/2018;00:45;0;0;0
24/11/2018;01:00;0;0;0
24/11/2018;01:15;0;0;0
24/11/2018;01:30;0;0;0
24/11/2018;01:45;0;0;0
24/11/2018;02:00;0;0;0
24/11/2018;02:15;0;0;0
24/11/2018;02:30;0;0;0
24/11/2018;02:45;0;0;0
24/11/2018;03:00;0;0;0
24/11/2018;03:15;0;0;0
24/11/2018;03:30;0;0;0
24/11/2018;03:45;0;0;0
24/11/2018;04:00;0;0;0
24/11/2018;04:15;0;0;0
24/11/2018;04:30;0;0;0
24/11/2018;04:45;0;0;0
24/11/2018;05:00;0;0;0
24/11/2018;05:15;0;0;0
24/11/2018;05:30;0;0;0
24/11/2018;05:45;0;0;0
24/11/2018;06:00;0;0;0
24/11/2018;06:15;0;0;0
24/11/2018;06:30;0;0;0
24/11/2018;06:45;0;0;0
24/11/2018;07:00;0;0;0
24/11/2018;07:15;0;0;0
24/11/2018;07:30;0;0;0
24/11/2018;07:45;0;0;0
24/11/2018;08:00;0;0;0
24/11/2018;08:15;0;0;0
24/11/2018;08:30;0;0;0
24/11/2018;08:45;0;0;0
24/11/2018;09:00;0;0;0
24/11/2018;09:15;0;0;0
24/11/2018;09:30;0;0;0
24/11/2018;09:45;0;0;0
24/11/2018;10:00;0;0;0
24/11/2018;10:15;0;0;0
24/11/2018;10:30;0;0;0
24/11/2018;10:45;0;0;0
24/11/2018;11:00;0;0;0
24/11/2018;11:15;0;0;0
24/11/2018;11:30;0;0;0
24/11/2018;11:45;0;0;0
24/11/2018;12:00;0;0;0
24/11/2018;12:15;0;0;0
24/11/2018;12:30;0;0;0
24/11/2018;12:45;0;0;0
24/11/2018;13:00;0;0;0
24/11/2018;13:15;0;0;0
24/11/2018;13:30;0;0;0
24/11/2018;13:45;0;0;0
24/11/2018;14:00;0;0;0
24/11/2018;14:15;0;0;0
24/11/2018;14:30;0;0;0
24/11/2018;14:45;0;0;0
24/11/2018;15:00;0;0;0
24/11/2018;15:15;0;0;0
24/11/2018;15:30;0;0;0
24/11/2018;15:45;0;0;0
24/11/2018;16:00;0;0;0
24/11/2018;16:15;0;0;0
24/11/2018;16:30;0;0;0
24/11/2018;16:45;0;0;0
24/11/2018;17:00;0;0;0
24/11/2018;17:15;0;0;0
24/11/2018;17:30;0;0;0
24/11/2018;17:45;0;0;0
24/11/2018;18:00;0;0;0
24/11/2018;18:15;0;0;0
24/11/2018;18:30;0;0;0
24/11/2018;18:45;0;0;0
24/11/2018;19:00;0;0;0
24/11/2018;19:15;0;0;0
24/11/2018;19:30;0;0;0
24/11/2018;19:45;0;0;0
24/11/2018;20:00;0;0;0
24/11/2018;20:15;0;0;0
24/11/2018;20:30;0;0;0
24/11/2018;20:45;0;0;0
24/11/2018;21:00;0;0;0
24/11/2018;21:15;0;0;0
24/11/2018;21:30;0;0;0
24/11/2018;21:45;0;0;0
24/11/2018;22:00;0;0;0
24/11/2018;22:15;0;0;0
24/11/2018;22:30;0;0;0
24/11/2018;22:45;0;0;0
24/11/2018;23:00;0;0;0
24/11/2018;23:15;0;0;0
24/11/2018;23:30;0;0;0
24/11/2018;23:45;0;0;0
25/11/2018;00:00;0;0;0
25/11/2018;00:15;0;0;0
25/11/2018;00:30;0;0;0
25/11/2018;00:45;0;0;0
25/11/2018;01:00;0;0;0
25/11/2018;01:15;0;0;0
25/11/2018;01:30;0;0;0
25/11/2018;01:45;0;0;0
25/11/2018;02:00;0;0;0
25/11/2018;02:15;0;0;0
25/11/2018;02:30;0;0;0
25/11/2018;02:45;0;0;0
25/11/2018;03:00;0;0;0
25/11/2018;03:15;0;0;0
25/11/2018;03:30;0;0;0
25/11/2018;03:45;0;0;0
25/11/2018;04:00;0;0;0
25/11/2018;04:15;0;0;0
25/11/2018;04:30;0;0;0
25/11/2018;04:45;0;0;0
25/11/2018;05:00;0;0;0
25/11/2018;05:15;0;0;0
25/11/2018;05:30;0;0;0
25/11/2018;05:45;0;0;0
25/11/2018;06:00;0;0;0
25/11/2018;06:15;0;0;0
25/11/2018;06:30;0;0;0
25/11/2018;06:45;0;0;0
25/11/2018;07:00;0;0;0
25/11/2018;07:15;0;0;0
25/11/2018;07:30;0;0;0
25/11/2018;07:45;0;0;0
25/11/2018;08:00;0;0;0
25/11/2018;08:15;0;0;0
25/11/2018;08:30;0;0;0
25/11/2018;08:45;0;0;0
25/11/2018;09:00;0;0;0
25/11/2018;09:15;0;0;0
25/11/2018;09:30;0;0;0
25/11/2018;09:45;0;0;0
25/11/2018;10:00;0;0;0
25/11/2018;10:15;0;0;0
25/11/2018;10:30;0;0;0
25/11/2018;10:45;0;0;0
25/11/2018;11:00;0;0;0
25/11/2018;11:15;0;0;0
25/11/2018;11:30;0;0;0
25/11/2018;11:45;0;0;0
25/11/2018;12:00;0;0;0
25/11/2018;12:15;0;0;0
25/11/2018;12:30;0;0;0
25/11/2018;12:45;0;0;0
25/11/2018;13:00;0;0;0
25/11/2018;13:15;0;0;0
25/11/2018;13:30;0;0;0
25/11/2018;13:45;0;0;0
25/11/2018;14:00;0;0;0
25/11/2018;14:15;0;0;0
25/11/2018;14:30;0;0;0
25/11/2018;14:45;0;0;0
25/11/2018;15:00;0;0;0
25/11/2018;15:15;0;0;0
25/11/2018;15:30;0;0;0
25/11/2018;15:45;0;0;0
25/11/2018;16:00;0;0;0
25/11/2018;16:15;0;0;0
25/11/2018;16:30;0;0;0
25/11/2018;16:45;0;0;0
25/11/2018;17:00;0;0;0
25/11/2018;17:15;0;0;0
25/11/2018;17:30;0;0;0
25/11/2018;17:45;0;0;0
25/11/2018;18:00;0;0;0
25/11/2018;18:15;0;0;0
25/11/2018;18:30;0;0;0
25/11/2018;18:45;0;0;0
25/11/2018;19:00;0;0;0
25/11/2018;19:15;0;0;0
25/11/2018;19:30;0;0;0
25/11/2018;19:45;0;0;0
25/11/2018;20:00;0;0;0
25/11/2018;20:15;0;0;0
25/11/2018;20:30;0;0;0
25/11/2018;20:45;0;0;0
25/11/2018;21:00;0;0;0
25/11/2018;21:15;0;0;0
25/11/2018;21:30;0;0;0
25/11/2018;21:45;0;0;0
25/11/2018;22:00;0;0;0
25/11/2018;22:15;0;0;0
25/11/2018;22:30;0;0;0
25/11/2018;22:45;0;0;0
25/11/2018;23:00;0;0;0
25/11/2018;23:15;0;0;0
25/11/2018;23:30;0;0;0
25/11/2018;23:45;0;0;0
26/11/2018;00:00;0;0;0
26/11/2018;00:15;0;0;0
26/11/2018;00:30;0;0;0
26/11/2018;00:45;0;0;0
26/11/2018;01:00;0;0;0
26/11/2018;01:15;0;0;0
26/11/2018;01:30;0;0;0
26/11/2018;01:45;0;0;0
26/11/2018;02:00;0;0;0
26/11/2018;02:15;0;0;0
26/11/2018;02:30;0;0;0
26/11/2018;02:45;0;0;0
26/11/2018;03:00;0;0;0
26/11/2018;03:15;0;0;0
26/11/2018;03:30;0;0;0
26/11/2018;03:45;0;0;0
26/11/2018;04:00;0;0;0
26/11/2018;04:15;0;0;0
26/11/2018;04:30;0;0;0
26/11/2018;04:45;0;0;0
26/11/2018;05:00;0;0;0
26/11/2018;05:15;0;0;0
26/11/2018;05:30;0;0;0
26/11/2018;05:45;0;0;0
26/11/2018;06:00;0;0;0
26/11/2018;06:15;0;0;0
26/11/2018;06:30;0;0;0
26/11/2018;06:45;0;0;0
26/11/2018;07:00;0;0;0
26/11/2018;07:15;0;0;0
26/11/2018;07:30;0;0;0
26/11/2018;07:45;0;0;0
26/11/2018;08:00;0;0;0
26/11/2018;08:15;0;0;0
26/11/2018;08:30;0;0;0
26/11/2018;08:45;0;0;0
26/11/2018;09:00;0;0;0
26/11/2018;09:15;0;0;0
26/11/2018;09:30;0;0;0
26/11/2018;09:45;0;0;0
26/11/2018;10:00;0;0;0
26/11/2018;10:15;0;0;0
26/11/2018;10:30;0;0;0
26/11/2018;10:45;0;0;0
26/11/2018;11:00;0;0;0
26/11/2018;11:15;0;0;0
26/11/2018;11:30;0;0;0
26/11/2018;11:45;0;0;0
26/11/2018;12:00;0;0;0
26/11/2018;12:15;0;0;0
26/11/2018;12:30;0;0;0
26/11/2018;12:45;0;0;0
26/11/2018;13:00;0;0;0
26/11/2018;13:15;0;0;0
26/11/2018;13:30;0;0;0
26/11/2018;13:45;0;0;0
26/11/2018;14:00;0;0;0
26/11/2018;14:15;0;0;0
26/11/2018;14:30;0;0;0
26/11/2018;14:45;0;0;0
26/11/2018;15:00;0;0;0
26/11/2018;15:15;0;0;0
26/11/2018;15:30;0;0;0
26/11/2018;15:45;0;0;0
26/11/2018;16:00;0;0;0
26/11/2018;16:15;0;0;0
26/11/2018;16:30;0;0;0
26/11/2018;16:45;0;0;0
26/11/2018;17:00;0;0;0
26/11/2018;17:15;0;0;0
26/11/2018;17:30;0;0;0
26/11/2018;17:45;0;0;0
26/11/2018;18:00;0;0;0
26/11/2018;18:15;0;0;0
26/11/2018;18:30;0;0;0
26/11/2018;18:45;0;0;0
26/11/2018;19:00;0;0;0
26/11/2018;19:15;0;0;0
26/11/2018;19:30;0;0;0
26/11/2018;19:45;0;0;0
26/11/2018;20:00;0;0;0
26/11/2018;20:15;0;0;0
26/11/2018;20:30;0;0;0
26/11/2018;20:45;0;0;0
26/11/2018;21:00;0;0;0
26/11/2018;21:15;0;0;0
26/11/2018;21:30;0;0;0
26/11/2018;21:45;0;0;0
26/11/2018;22:00;0;0;0
26/11/2018;22:15;0;0;0
26/11/2018;22:30;0;0;0
26/11/2018;22:45;0;0;0
26/11/2018;23:00;0;0;0
26/11/2018;23:15;0;0;0
26/11/2018;23:30;0;0;0
26/11/2018;23:45;0;0;0
27/11/2018;00:00;0;0;0
27/11/2018;00:15;0;0;0
27/11/2018;00:30;0;0;0
27/11/2018;00:45;0;0;0
27/11/2018;01:00;0;0;0
27/11/2018;01:15;0;0;0
27/11/2018;01:30;0;0;0
27/11/2018;01:45;0;0;0
27/11/2018;02:00;0;0;0
27/11/2018;02:15;0;0;0
27/11/2018;02:30;0;0;0
27/11/2018;02:45;0;0;0
27/11/2018;03:00;0;0;0
27/11/2018;03:15;0;0;0
27/11/2018;03:30;0;0;0
27/11/2018;03:45;0;0;0
27/11/2018;04:00;0;0;0
27/11/2018;04:15;0;0;0
27/11/2018;04:30;0;0;0
27/11/2018;04:45;0;0;0
27/11/2018;05:00;0;0;0
27/11/2018;05:15;0;0;0
27/11/2018;05:30;0;0;0
27/11/2018;05:45;0;0;0
27/11/2018;06:00;0;0;0
27/11/2018;06:15;0;0;0
27/11/2018;06:30;0;0;0
27/11/2018;06:45;0;0;0
27/11/2018;07:00;0;0;0
27/11/2018;07:15;0;0;0
27/11/2018;07:30;0;0;0
27/11/2018;07:45;0;0;0
27/11/2018;08:00;0;0;0
27/11/2018;08:15;0;0;0
27/11/2018;08:30;0;0;0
27/11/2018;08:45;0;0;0
27/11/2018;09:00;0;0;0
27/11/2018;09:15;0;0;0
27/11/2018;09:30;0;0;0
27/11/2018;09:45;0;0;0
27/11/2018;10:00;0;0;0
27/11/2018;10:15;0;0;0
27/11/2018;10:30;0;0;0
27/11/2018;10:45;0;0;0
27/11/2018;11:00;0;0;0
27/11/2018;11:15;0;0;0
27/11/2018;11:30;0;0;0
27/11/2018;11:45;0;0;0
27/11/2018;12:00;0;0;0
27/11/2018;12:15;0;0;0
27/11/2018;12:30;0;0;0
27/11/2018;12:45;0;0;0
27/11/2018;13:00;0;0;0
27/11/2018;13:15;0;0;0
27/11/2018;13:30;0;0;0
27/11/2018;13:45;0;0;0
27/11/2018;14:00;0;0;0
27/11/2018;14:15;0;0;0
27/11/2018;14:30;0;0;0
27/11/2018;14:45;0;0;0
27/11/2018;15:00;0;0;0
27/11/2018;15:15;0;0;0
27/11/2018;15:30;0;0;0
27/11/2018;15:45;0;0;0
27/11/2018;16:00;0;0;0
27/11/2018;16:15;0;0;0
27/11/2018;16:30;0;0;0
27/11/2018;16:45;0;0;0
27/11/2018;17:00;0;0;0
27/11/2018;17:15;0;0;0
27/11/2018;17:30;0;0;0
27/11/2018;17:45;0;0;0
27/11/2018;18:00;0;0;0
27/11/2018;18:15;0;0;0
27/11/2018;18:30;0;0;0
27/11/2018;18:45;0;0;0
27/11/2018;19:00;0;0;0
27/11/2018;19:15;0;0;0
27/11/2018;19:30;0;0;0
27/11/2018;19:45;0;0;0
27/11/2018;20:00;0;0;0
27/11/2018;20:15;0;0;0
27/11/2018;20:30;0;0;0
27/11/2018;20:45;0;0;0
27/11/2018;21:00;0;0;0
27/11/2018;21:15;0;0;0
27/11/2018;21:30;0;0;0
27/11/2018;21:45;0;0;0
27/11/2018;22:00;0;0;0
27/11/2018;22:15;0;0;0
27/11/2018;22:30;0;0;0
27/11/2018;22:45;0;0;0
27/11/2018;23:00;0;0;0
27/11/2018;23:15;0;0;0
27/11/2018;23:30;0;0;0
27/11/2018;23:45;0;0;0
28/11/2018;00:00;0;0;0
28/11/2018;00:15;0;0;0
28/11/2018;00:30;0;0;0
28/11/2018;00:45;0;0;0
28/11/2018;01:00;0;0;0
28/11/2018;01:15;0;0;0
28/11/2018;01:30;0;0;0
28/11/2018;01:45;0;0;0
28/11/2018;02:00;0;0;0
28/11/2018;02:15;0;0;0
28/11/2018;02:30;0;0;0
28/11/2018;02:45;0;0;0
28/11/2018;03:00;0;0;0
28/11/2018;03:15;0;0;0
28/11/2018;03:30;0;0;0
28/11/2018;03:45;0;0;0
28/11/2018;04:00;0;0;0
28/11/2018;04:15;0;0;0
28/11/2018;04:30;0;0;0
28/11/2018;04:45;0;0;0
28/11/2018;05:00;0;0;0
28/11/2018;05:15;0;0;0
28/11/2018;05:30;0;0;0
28/11/2018;05:45;0;0;0
28/11/2018;06:00;0;0;0
28/11/2018;06:15;0;0;0
28/11/2018;06:30;0;0;0
28/11/2018;06:45;0;0;0
28/11/2018;07:00;0;0;0
28/11/2018;07:15;0;0;0
28/11/2018;07:30;0;0;0
28/11/2018;07:45;0;0;0
28/11/2018;08:00;0;0;0
28/11/2018;08:15;0;0;0
28/11/2018;08:30;0;0;0
28/11/2018;08:45;0;0;0
28/11/2018;09:00;0;0;0
28/11/2018;09:15;0;0;0
28/11/2018;09:30;0;0;0
28/11/2018;09:45;0;0;0
28/11/2018;10:00;0;0;0
28/11/2018;10:15;0;0;0
28/11/2018;10:30;0;0;0
28/11/2018;10:45;0;0;0
28/11/2018;11:00;0;0;0
28/11/2018;11:15;0;0;0
28/11/2018;11:30;0;0;0
28/11/2018;11:45;0;0;0
28/11/2018;12:00;0;0;0
28/11/2018;12:15;0;0;0
28/11/2018;12:30;0;0;0
28/11/2018;12:45;0;0;0
28/11/2018;13:00;0;0;0
28/11/2018;13:15;0;0;0
28/11/2018;13:30;0;0;0
28/11/2018;13:45;0;0;0
28/11/2018;14:00;0;0;0
28/11/2018;14:15;0;0;0
28/11/2018;14:30;0;0;0
28/11/2018;14:45;0;0;0
28/11/2018;15:00;0;0;0
28/11/2018;15:15;0;0;0
28/11/2018;15:30;0;0;0
28/11/2018;15:45;0;0;0
28/11/2018;16:00;0;0;0
28/11/2018;16:15;0;0;0
28/11/2018;16:30;0;0;0
28/11/2018;16:45;0;0;0
28/11/2018;17:00;0;0;0
28/11/2018;17:15;0;0;0
28/11/2018;17:30;0;0;0
28/11/2018;17:45;0;0;0
28/11/2018;18:00;0;0;0
28/11/2018;18:15;0;0;0
28/11/2018;18:30;0;0;0
28/11/2018;18:45;0;0;0
28/11/2018;19:00;0;0;0
28/11/2018;19:15;0;0;0
28/11/2018;19:30;0;0;0
28/11/2018;19:45;0;0;0
28/11/2018;20:00;0;0;0
28/11/2018;20:15;0;0;0
28/11/2018;20:30;0;0;0
28/11/2018;20:45;0;0;0
28/11/2018;21:00;0;0;0
28/11/2018;21:15;0;0;0
28/11/2018;21:30;0;0;0
28/11/2018;21:45;0;0;0
28/11/2018;22:00;0;0;0
28/11/2018;22:15;0;0;0
28/11/2018;22:30;0;0;0
28/11/2018;22:45;0;0;0
28/11/2018;23:00;0;0;0
28/11/2018;23:15;0;0;0
28/11/2018;23:30;0;0;0
28/11/2018;23:45;0;0;0
29/11/2018;00:00;0;0;0
29/11/2018;00:15;0;0;0
29/11/2018;00:30;0;0;0
29/11/2018;00:45;0;0;0
29/11/2018;01:00;0;0;0
29/11/2018;01:15;0;0;0
29/11/2018;01:30;0;0;0
29/11/2018;01:45;0;0;0
29/11/2018;02:00;0;0;0
29/11/2018;02:15;0;0;0
29/11/2018;02:30;0;0;0
29/11/2018;02:45;0;0;0
29/11/2018;03:00;0;0;0
29/11/2018;03:15;0;0;0
29/11/2018;03:30;0;0;0
29/11/2018;03:45;0;0;0
29/11/2018;04:00;0;0;0
29/11/2018;04:15;0;0;0
29/11/2018;04:30;0;0;0
29/11/2018;04:45;0;0;0
29/11/2018;05:00;0;0;0
29/11/2018;05:15;0;0;0
29/11/2018;05:30;0;0;0
29/11/2018;05:45;0;0;0
29/11/2018;06:00;0;0;0
29/11/2018;06:15;0;0;0
29/11/2018;06:30;0;0;0
29/11/2018;06:45;0;0;0
29/11/2018;07:00;0;0;0
29/11/2018;07:15;0;0;0
29/11/2018;07:30;0;0;0
29/11/2018;07:45;0;0;0
29/11/2018;08:00;0;0;0
29/11/2018;08:15;0;0;0
29/11/2018;08:30;0;0;0
29/11/2018;08:45;0;0;0
29/11/2018;09:00;0;0;0
29/11/2018;09:15;0;0;0
29/11/2018;09:30;0;0;0
29/11/2018;09:45;0;0;0
29/11/2018;10:00;0;0;0
29/11/2018;10:15;0;0;0
29/11/2018;10:30;0;0;0
29/11/2018;10:45;0;0;0
29/11/2018;11:00;0;0;0
29/11/2018;11:15;0;0;0
29/11/2018;11:30;0;0;0
29/11/2018;11:45;0;0;0
29/11/2018;12:00;0;0;0
29/11/2018;12:15;0;0;0
29/11/2018;12:30;0;0;0
29/11/2018;12:45;0;0;0
29/11/2018;13:00;0;0;0
29/11/2018;13:15;0;0;0
29/11/2018;13:30;0;0;0
29/11/2018;13:45;0;0;0
29/11/2018;14:00;0;0;0
29/11/2018;14:15;0;0;0
29/11/2018;14:30;0;0;0
29/11/2018;14:45;0;0;0
29/11/2018;15:00;0;0;0
29/11/2018;15:15;0;0;0
29/11/2018;15:30;0;0;0
29/11/2018;15:45;0;0;0
29/11/2018;16:00;0;0;0
29/11/2018;16:15;0;0;0
29/11/2018;16:30;0;0;0
29/11/2018;16:45;0;0;0
29/11/2018;17:00;0;0;0
29/11/2018;17:15;0;0;0
29/11/2018;17:30;0;0;0
29/11/2018;17:45;0;0;0
29/11/2018;18:00;0;0;0
29/11/2018;18:15;0;0;0
29/11/2018;18:30;0;0;0
29/11/2018;18:45;0;0;0
29/11/2018;19:00;0;0;0
29/11/2018;19:15;0;0;0
29/11/2018;19:30;0;0;0
29/11/2018;19:45;0;0;0
29/11/2018;20:00;0;0;0
29/11/2018;20:15;0;0;0
29/11/2018;20:30;0;0;0
29/11/2018;20:45;0;0;0
29/11/2018;21:00;0;0;0
29/11/2018;21:15;0;0;0
29/11/2018;21:30;0;0;0
29/11/2018;21:45;0;0;0
29/11/2018;22:00;0;0;0
29/11/2018;22:15;0;0;0
29/11/2018;22:30;0;0;0
29/11/2018;22:45;0;0;0
29/11/2018;23:00;0;0;0
29/11/2018;23:15;0;0;0
29/11/2018;23:30;0;0;0
29/11/2018;23:45;0;0;0
30/11/2018;00:00;0;0;0
30/11/2018;00:15;0;0;0
30/11/2018;00:30;0;0;0
30/11/2018;00:45;0;0;0
30/11/2018;01:00;0;0;0
30/11/2018;01:15;0;0;0
30/11/2018;01:30;0;0;0
30/11/2018;01:45;0;0;0
30/11/2018;02:00;0;0;0
30/11/2018;02:15;0;0;0
30/11/2018;02:30;0;0;0
30/11/2018;02:45;0;0;0
30/11/2018;03:00;0;0;0
30/11/2018;03:15;0;0;0
30/11/2018;03:30;0;0;0
30/11/2018;03:45;0;0;0
30/11/2018;04:00;0;0;0
30/11/2018;04:15;0;0;0
30/11/2018;04:30;0;0;0
30/11/2018;04:45;0;0;0
30/11/2018;05:00;0;0;0
30/11/2018;05:15;0;0;0
30/11/2018;05:30;0;0;0
30/11/2018;05:45;0;0;0
30/11/2018;06:00;0;0;0
30/11/2018;06:15;0;0;0
30/11/2018;06:30;0;0;0
30/11/2018;06:45;0;0;0
30/11/2018;07:00;0;0;0
30/11/2018;07:15;0;0;0
30/11/2018;07:30;0;0;0
30/11/2018;07:45;0;0;0
30/11/2018;08:00;0;0;0
30/11/2018;08:15;0;0;0
30/11/2018;08:30;0;0;0
30/11/2018;08:45;0;0;0
30/11/2018;09:00;0;0;0
30/11/2018;09:15;0;0;0
30/11/2018;09:30;0;0;0
30/11/2018;09:45;0;0;0
30/11/2018;10:00;0;0;0
30/11/2018;10:15;0;0;0
30/11/2018;10:30;0;0;0
30/11/2018;10:45;0;0;0
30/11/2018;11:00;0;0;0
30/11/2018;11:15;0;0;0
30/11/2018;11:30;0;0;0
30/11/2018;11:45;0;0;0
30/11/2018;12:00;0;0;0
30/11/2018;12:15;0;0;0
30/11/2018;12:30;0;0;0
30/11/2018;12:45;0;0;0
30/11/2018;13:00;0;0;0
30/11/2018;13:15;0;0;0
30/11/2018;13:30;0;0;0
30/11/2018;13:45;0;0;0
30/11/2018;14:00;0;0;0
30/11/2018;14:15;0;0;0
30/11/2018;14:30;0;0;0
30/11/2018;14:45;0;0;0
30/11/2018;15:00;0;0;0
30/11/2018;15:15;0;0;0
30/11/2018;15:30;0;0;0
30/11/2018;15:45;0;0;0
30/11/2018;16:00;0;0;0
30/11/2018;16:15;0;0;0
30/11/2018;16:30;0;0;0
30/11/2018;16:45;0;0;0
30/11/2018;17:00;0;0;0
30/11/2018;17:15;0;0;0
30/11/2018;17:30;0;0;0
30/11/2018;17:45;0;0;0
30/11/2018;18:00;0;0;0
30/11/2018;18:15;0;0;0
30/11/2018;18:30;0;0;0
30/11/2018;18:45;0;0;0
30/11/2018;19:00;0;0;0
30/11/2018;19:15;0;0;0
30/11/2018;19:30;0;0;0
30/11/2018;19:45;0;0;0
30/11/2018;20:00;0;0;0
30/11/2018;20:15;0;0;0
30/11/2018;20:30;0;0;0
30/11/2018;20:45;0;0;0
30/11/2018;21:00;0;0;0
30/11/2018;21:15;0;0;0
30/11/2018;21:30;0;0;0
30/11/2018;21:45;0;0;0
30/11/2018;22:00;0;0;0
30/11/2018;22:15;0;0;0
30/11/2018;22:30;0;0;0
30/11/2018;22:45;0;0;0
30/11/2018;23:00;0;0;0
30/11/2018;23:15;0;0;0
30/11/2018;23:30;0;0;0
30/11/2018;23:45;0;0;0
01/12/2018;00:00;0;0;0
01/12/2018;00:15;0;0;0
01/12/2018;00:30;0;0;0
01/12/2018;00:45;0;0;0
01/12/2018;01:00;0;0;0
01/12/2018;01:15;0;0;0
01/12/2018;01:30;0;0;0
01/12/2018;01:45;0;0;0
01/12/2018;02:00;0;0;0
01/12/2018;02:15;0;0;0
01/12/2018;02:30;0;0;0
01/12/2018;02:45;0;0;0
01/12/2018;03:00;0;0;0
01/12/2018;03:15;0;0;0
01/12/2018;03:30;0;0;0
01/12/2018;03:45;0;0;0
01/12/2018;04:00;0;0;0
01/12/2018;04:15;0;0;0
01/12/2018;04:30;0;0;0
01/12/2018;04:45;0;0;0
01/12/2018;05:00;0;0;0
01/12/2018;05:15;0;0;0
01/12/2018;05:30;0;0;0
01/12/2018;05:45;0;0;0
01/12/2018;06:00;0;0;0
01/12/2018;06:15;0;0;0
01/12/2018;06:30;0;0;0
01/12/2018;06:45;0;0;0
01/12/2018;07:00;0;0;0
01/12/2018;07:15;0;0;0
01/12/2018;07:30;0;0;0
01/12/2018;07:45;0;0;0
01/12/2018;08:00;0;0;0
01/12/2018;08:15;0;0;0
01/12/2018;08:30;0;0;0
01/12/2018;08:45;0;0;0
01/12/2018;09:00;0;0;0
01/12/2018;09:15;0;0;0
01/12/2018;09:30;0;0;0
01/12/2018;09:45;0;0;0
01/12/2018;10:00;0;0;0
01/12/2018;10:15;0;0;0
01/12/2018;10:30;0;0;0
01/12/2018;10:45;0;0;0
01/12/2018;11:00;0;0;0
01/12/2018;11:15;0;0;0
01/12/2018;11:30;0;0;0
01/12/2018;11:45;0;0;0
01/12/2018;12:00;0;0;0
01/12/2018;12:15;0;0;0
01/12/2018;12:30;0;0;0
01/12/2018;12:45;0;0;0
01/12/2018;13:00;0;0;0
01/12/2018;13:15;0;0;0
01/12/2018;13:30;0;0;0
01/12/2018;13:45;0;0;0
01/12/2018;14:00;0;0;0
01/12/2018;14:15;0;0;0
01/12/2018;14:30;0;0;0
01/12/2018;14:45;0;0;0
01/12/2018;15:00;0;0;0
01/12/2018;15:15;0;0;0
01/12/2018;15:30;0;0;0
01/12/2018;15:45;0;0;0
01/12/2018;16:00;0;0;0
01/12/2018;16:15;0;0;0
01/12/2018;16:30;0;0;0
01/12/2018;16:45;0;0;0
01/12/2018;17:00;0;0;0
01/12/2018;17:15;0;0;0
01/12/2018;17:30;0;0;0
01/12/2018;17:45;0;0;0
01/12/2018;18:00;0;0;0
01/12/2018;18:15;0;0;0
01/12/2018;18:30;0;0;0
01/12/2018;18:45;0;0;0
01/12/2018;19:00;0;0;0
01/12/2018;19:15;0;0;0
01/12/2018;19:30;0;0;0
01/12/2018;19:45;0;0;0
01/12/2018;20:00;0;0;0
01/12/2018;20:15;0;0;0
01/12/2018;20:30;0;0;0
01/12/2018;20:45;0;0;0
01/12/2018;21:00;0;0;0
01/12/2018;21:15;0;0;0
01/12/2018;21:30;0;0;0
01/12/2018;21:45;0;0;0
01/12/2018;22:00;0;0;0
01/12/2018;22:15;0;0;0
01/12/2018;22:30;0;0;0
01/12/2018;22:45;0;0;0
01/12/2018;23:00;0;0;0
01/12/2018;23:15;0;0;0
01/12/2018;23:30;0;0;0
01/12/2018;23:45;0;0;0
02/12/2018;00:00;0;0;0
02/12/2018;00:15;0;0;0
02/12/2018;00:30;0;0;0
02/12/2018;00:45;0;0;0
02/12/2018;01:00;0;0;0
02/12/2018;01:15;0;0;0
02/12/2018;01:30;0;0;0
02/12/2018;01:45;0;0;0
02/12/2018;02:00;0;0;0
02/12/2018;02:15;0;0;0
02/12/2018;02:30;0;0;0
02/12/2018;02:45;0;0;0
02/12/2018;03:00;0;0;0
02/12/2018;03:15;0;0;0
02/12/2018;03:30;0;0;0
02/12/2018;03:45;0;0;0
02/12/2018;04:00;0;0;0
02/12/2018;04:15;0;0;0
02/12/2018;04:30;0;0;0
02/12/2018;04:45;0;0;0
02/12/2018;05:00;0;0;0
02/12/2018;05:15;0;0;0
02/12/2018;05:30;0;0;0
02/12/2018;05:45;0;0;0
02/12/2018;06:00;0;0;0
02/12/2018;06:15;0;0;0
02/12/2018;06:30;0;0;0
02/12/2018;06:45;0;0;0
02/12/2018;07:00;0;0;0
02/12/2018;07:15;0;0;0
02/12/2018;07:30;0;0;0
02/12/2018;07:45;0;0;0
02/12/2018;08:00;0;0;0
02/12/2018;08:15;0;0;0
02/12/2018;08:30;0;0;0
02/12/2018;08:45;0;0;0
02/12/2018;09:00;0;0;0
02/12/2018;09:15;0;0;0
02/12/2018;09:30;0;0;0
02/12/2018;09:45;0;0;0
02/12/2018;10:00;0;0;0
02/12/2018;10:15;0;0;0
02/12/2018;10:30;0;0;0
02/12/2018;10:45;0;0;0
02/12/2018;11:00;0;0;0
02/12/2018;11:15;0;0;0
02/12/2018;11:30;0;0;0
02/12/2018;11:45;0;0;0
02/12/2018;12:00;0;0;0
02/12/2018;12:15;0;0;0
02/12/2018;12:30;0;0;0
02/12/2018;12:45;0;0;0
02/12/2018;13:00;0;0;0
02/12/2018;13:15;0;0;0
02/12/2018;13:30;0;0;0
02/12/2018;13:45;0;0;0
02/12/2018;14:00;0;0;0
02/12/2018;14:15;0;0;0
02/12/2018;14:30;0;0;0
02/12/2018;14:45;0;0;0
02/12/2018;15:00;0;0;0
02/12/2018;15:15;0;0;0
02/12/2018;15:30;0;0;0
02/12/2018;15:45;0;0;0
02/12/2018;16:00;0;0;0
02/12/2018;16:15;0;0;0
02/12/2018;16:30;0;0;0
02/12/2018;16:45;0;0;0
02/12/2018;17:00;0;0;0
02/12/2018;17:15;0;0;0
02/12/2018;17:30;0;0;0
02/12/2018;17:45;0;0;0
02/12/2018;18:00;0;0;0
02/12/2018;18:15;0;0;0
02/12/2018;18:30;0;0;0
02/12/2018;18:45;0;0;0
02/12/2018;19:00;0;0;0
02/12/2018;19:15;0;0;0
02/12/2018;19:30;0;0;0
02/12/2018;19:45;0;0;0
02/12/2018;20:00;0;0;0
02/12/2018;20:15;0;0;0
02/12/2018;20:30;0;0;0
02/12/2018;20:45;0;0;0
02/12/2018;21:00;0;0;0
02/12/2018;21:15;0;0;0
02/12/2018;21:30;0;0;0
02/12/2018;21:45;0;0;0
02/12/2018;22:00;0;0;0
02/12/2018;22:15;0;0;0
02/12/2018;22:30;0;0;0
02/12/2018;22:45;0;0;0
02/12/2018;23:00;0;0;0
02/12/2018;23:15;0;0;0
02/12/2018;23:30;0;0;0
02/12/2018;23:45;0;0;0
03/12/2018;00:00;0;0;0
03/12/2018;00:15;0;0;0
03/12/2018;00:30;0;0;0
03/12/2018;00:45;0;0;0
03/12/2018;01:00;0;0;0
03/12/2018;01:15;0;0;0
03/12/2018;01:30;0;0;0
03/12/2018;01:45;0;0;0
03/12/2018;02:00;0;0;0
03/12/2018;02:15;0;0;0
03/12/2018;02:30;0;0;0
03/12/2018;02:45;0;0;0
03/12/2018;03:00;0;0;0
03/12/2018;03:15;0;0;0
03/12/2018;03:30;0;0;0
03/12/2018;03:45;0;0;0
03/12/2018;04:00;0;0;0
03/12/2018;04:15;0;0;0
03/12/2018;04:30;0;0;0
03/12/2018;04:45;0;0;0
03/12/2018;05:00;0;0;0
03/12/2018;05:15;0;0;0
03/12/2018;05:30;0;0;0
03/12/2018;05:45;0;0;0
03/12/2018;06:00;0;0;0
03/12/2018;06:15;0;0;0
03/12/2018;06:30;0;0;0
03/12/2018;06:45;0;0;0
03/12/2018;07:00;0;0;0
03/12/2018;07:15;0;0;0
03/12/2018;07:30;0;0;0
03/12/2018;07:45;0;0;0
03/12/2018;08:00;0;0;0
03/12/2018;08:15;0;0;0
03/12/2018;08:30;0;0;0
03/12/2018;08:45;0;0;0
03/12/2018;09:00;0;0;0
03/12/2018;09:15;0;0;0
03/12/2018;09:30;0;0;0
03/12/2018;09:45;0;0;0
03/12/2018;10:00;0;0;0
03/12/2018;10:15;0;0;0
03/12/2018;10:30;0;0;0
03/12/2018;10:45;0;0;0
03/12/2018;11:00;0;0;0
03/12/2018;11:15;0;0;0
03/12/2018;11:30;0;0;0
03/12/2018;11:45;0;0;0
03/12/2018;12:00;0;0;0
03/12/2018;12:15;0;0;0
03/12/2018;12:30;0;0;0
03/12/2018;12:45;0;0;0
03/12/2018;13:00;0;0;0
03/12/2018;13:15;0;0;0
03/12/2018;13:30;0;0;0
03/12/2018;13:45;0;0;0
03/12/2018;14:00;0;0;0
03/12/2018;14:15;0;0;0
03/12/2018;14:30;0;0;0
03/12/2018;14:45;0;0;0
03/12/2018;15:00;0;0;0
03/12/2018;15:15;0;0;0
03/12/2018;15:30;0;0;0
03/12/2018;15:45;0;0;0
03/12/2018;16:00;0;0;0
03/12/2018;16:15;0;0;0
03/12/2018;16:30;0;0;0
03/12/2018;16:45;0;0;0
03/12/2018;17:00;0;0;0
03/12/2018;17:15;0;0;0
03/12/2018;17:30;0;0;0
03/12/2018;17:45;0;0;0
03/12/2018;18:00;0;0;0
03/12/2018;18:15;0;0;0
03/12/2018;18:30;0;0;0
03/12/2018;18:45;0;0;0
03/12/2018;19:00;0;0;0
03/12/2018;19:15;0;0;0
03/12/2018;19:30;0;0;0
03/12/2018;19:45;0;0;0
03/12/2018;20:00;0;0;0
03/12/2018;20:15;0;0;0
03/12/2018;20:30;0;0;0
03/12/2018;20:45;0;0;0
03/12/2018;21:00;0;0;0
03/12/2018;21:15;0;0;0
03/12/2018;21:30;0;0;0
03/12/2018;21:45;0;0;0
03/12/2018;22:00;0;0;0
03/12/2018;22:15;0;0;0
03/12/2018;22:30;0;0;0
03/12/2018;22:45;0;0;0
03/12/2018;23:00;0;0;0
03/12/2018;23:15;0;0;0
03/12/2018;23:30;0;0;0
03/12/2018;23:45;0;0;0
04/12/2018;00:00;0;0;0
04/12/2018;00:15;0;0;0
04/12/2018;00:30;0;0;0
04/12/2018;00:45;0;0;0
04/12/2018;01:00;0;0;0
04/12/2018;01:15;0;0;0
04/12/2018;01:30;0;0;0
04/12/2018;01:45;0;0;0
04/12/2018;02:00;0;0;0
04/12/2018;02:15;0;0;0
04/12/2018;02:30;0;0;0
04/12/2018;02:45;0;0;0
04/12/2018;03:00;0;0;0
04/12/2018;03:15;0;0;0
04/12/2018;03:30;0;0;0
04/12/2018;03:45;0;0;0
04/12/2018;04:00;0;0;0
04/12/2018;04:15;0;0;0
04/12/2018;04:30;0;0;0
04/12/2018;04:45;0;0;0
04/12/2018;05:00;0;0;0
04/12/2018;05:15;0;0;0
04/12/2018;05:30;0;0;0
04/12/2018;05:45;0;0;0
04/12/2018;06:00;0;0;0
04/12/2018;06:15;0;0;0
04/12/2018;06:30;0;0;0
04/12/2018;06:45;0;0;0
04/12/2018;07:00;0;0;0
04/12/2018;07:15;0;0;0
04/12/2018;07:30;0;0;0
04/12/2018;07:45;0;0;0
04/12/2018;08:00;0;0;0
04/12/2018;08:15;0;0;0
04/12/2018;08:30;0;0;0
04/12/2018;08:45;0;0;0
04/12/2018;09:00;0;0;0
04/12/2018;09:15;0;0;0
04/12/2018;09:30;0;0;0
04/12/2018;09:45;0;0;0
04/12/2018;10:00;0;0;0
04/12/2018;10:15;0;0;0
04/12/2018;10:30;0;0;0
04/12/2018;10:45;0;0;0
04/12/2018;11:00;0;0;0
04/12/2018;11:15;0;0;0
04/12/2018;11:30;0;0;0
04/12/2018;11:45;0;0;0
04/12/2018;12:00;0;0;0
04/12/2018;12:15;0;0;0
04/12/2018;12:30;0;0;0
04/12/2018;12:45;0;0;0
04/12/2018;13:00;0;0;0
04/12/2018;13:15;0;0;0
04/12/2018;13:30;0;0;0
04/12/2018;13:45;0;0;0
04/12/2018;14:00;0;0;0
04/12/2018;14:15;0;0;0
04/12/2018;14:30;0;0;0
04/12/2018;14:45;0;0;0
04/12/2018;15:00;0;0;0
04/12/2018;15:15;0;0;0
04/12/2018;15:30;0;0;0
04/12/2018;15:45;0;0;0
04/12/2018;16:00;0;0;0
04/12/2018;16:15;0;0;0
04/12/2018;16:30;0;0;0
04/12/2018;16:45;0;0;0
04/12/2018;17:00;0;0;0
04/12/2018;17:15;0;0;0
04/12/2018;17:30;0;0;0
04/12/2018;17:45;0;0;0
04/12/2018;18:00;0;0;0
04/12/2018;18:15;0;0;0
04/12/2018;18:30;0;0;0
04/12/2018;18:45;0;0;0
04/12/2018;19:00;0;0;0
04/12/2018;19:15;0;0;0
04/12/2018;19:30;0;0;0
04/12/2018;19:45;0;0;0
04/12/2018;20:00;0;0;0
04/12/2018;20:15;0;0;0
04/12/2018;20:30;0;0;0
04/12/2018;20:45;0;0;0
04/12/2018;21:00;0;0;0
04/12/2018;21:15;0;0;0
04/12/2018;21:30;0;0;0
04/12/2018;21:45;0;0;0
04/12/2018;22:00;0;0;0
04/12/2018;22:15;0;0;0
04/12/2018;22:30;0;0;0
04/12/2018;22:45;0;0;0
04/12/2018;23:00;0;0;0
04/12/2018;23:15;0;0;0
04/12/2018;23:30;0;0;0
04/12/2018;23:45;0;0;0
05/12/2018;00:00;0;0;0
05/12/2018;00:15;0;0;0
05/12/2018;00:30;0;0;0
05/12/2018;00:45;0;0;0
05/12/2018;01:00;0;0;0
05/12/2018;01:15;0;0;0
05/12/2018;01:30;0;0;0
05/12/2018;01:45;0;0;0
05/12/2018;02:00;0;0;0
05/12/2018;02:15;0;0;0
05/12/2018;02:30;0;0;0
05/12/2018;02:45;0;0;0
05/12/2018;03:00;0;0;0
05/12/2018;03:15;0;0;0
05/12/2018;03:30;0;0;0
05/12/2018;03:45;0;0;0
05/12/2018;04:00;0;0;0
05/12/2018;04:15;0;0;0
05/12/2018;04:30;0;0;0
05/12/2018;04:45;0;0;0
05/12/2018;05:00;0;0;0
05/12/2018;05:15;0;0;0
05/12/2018;05:30;0;0;0
05/12/2018;05:45;0;0;0
05/12/2018;06:00;0;0;0
05/12/2018;06:15;0;0;0
05/12/2018;06:30;0;0;0
05/12/2018;06:45;0;0;0
05/12/2018;07:00;0;0;0
05/12/2018;07:15;0;0;0
05/12/2018;07:30;0;0;0
05/12/2018;07:45;0;0;0
05/12/2018;08:00;0;0;0
05/12/2018;08:15;0;0;0
05/12/2018;08:30;0;0;0
05/12/2018;08:45;0;0;0
05/12/2018;09:00;0;0;0
05/12/2018;09:15;0;0;0
05/12/2018;09:30;0;0;0
05/12/2018;09:45;0;0;0
05/12/2018;10:00;0;0;0
05/12/2018;10:15;0;0;0
05/12/2018;10:30;0;0;0
05/12/2018;10:45;0;0;0
05/12/2018;11:00;0;0;0
05/12/2018;11:15;0;0;0
05/12/2018;11:30;0;0;0
05/12/2018;11:45;0;0;0
05/12/2018;12:00;0;0;0
05/12/2018;12:15;0;0;0
05/12/2018;12:30;0;0;0
05/12/2018;12:45;0;0;0
05/12/2018;13:00;0;0;0
05/12/2018;13:15;0;0;0
05/12/2018;13:30;0;0;0
05/12/2018;13:45;0;0;0
05/12/2018;14:00;0;0;0
05/12/2018;14:15;0;0;0
05/12/2018;14:30;0;0;0
05/12/2018;14:45;0;0;0
05/12/2018;15:00;0;0;0
05/12/2018;15:15;0;0;0
05/12/2018;15:30;0;0;0
05/12/2018;15:45;0;0;0
05/12/2018;16:00;0;0;0
05/12/2018;16:15;0;0;0
05/12/2018;16:30;0;0;0
05/12/2018;16:45;0;0;0
05/12/2018;17:00;0;0;0
05/12/2018;17:15;0;0;0
05/12/2018;17:30;0;0;0
05/12/2018;17:45;0;0;0
05/12/2018;18:00;0;0;0
05/12/2018;18:15;0;0;0
05/12/2018;18:30;0;0;0
05/12/2018;18:45;0;0;0
05/12/2018;19:00;0;0;0
05/12/2018;19:15;0;0;0
05/12/2018;19:30;0;0;0
05/12/2018;19:45;0;0;0
05/12/2018;20:00;0;0;0
05/12/2018;20:15;0;0;0
05/12/2018;20:30;0;0;0
05/12/2018;20:45;0;0;0
05/12/2018;21:00;0;0;0
05/12/2018;21:15;0;0;0
05/12/2018;21:30;0;0;0
05/12/2018;21:45;0;0;0
05/12/2018;22:00;0;0;0
05/12/2018;22:15;0;0;0
05/12/2018;22:30;0;0;0
05/12/2018;22:45;0;0;0
05/12/2018;23:00;0;0;0
05/12/2018;23:15;0;0;0
05/12/2018;23:30;0;0;0
05/12/2018;23:45;0;0;0
06/12/2018;00:00;0;0;0
06/12/2018;00:15;0;0;0
06/12/2018;00:30;0;0;0
06/12/2018;00:45;0;0;0
06/12/2018;01:00;0;0;0
06/12/2018;01:15;0;0;0
06/12/2018;01:30;0;0;0
06/12/2018;01:45;0;0;0
06/12/2018;02:00;0;0;0
06/12/2018;02:15;0;0;0
06/12/2018;02:30;0;0;0
06/12/2018;02:45;0;0;0
06/12/2018;03:00;0;0;0
06/12/2018;03:15;0;0;0
06/12/2018;03:30;0;0;0
06/12/2018;03:45;0;0;0
06/12/2018;04:00;0;0;0
06/12/2018;04:15;0;0;0
06/12/2018;04:30;0;0;0
06/12/2018;04:45;0;0;0
06/12/2018;05:00;0;0;0
06/12/2018;05:15;0;0;0
06/12/2018;05:30;0;0;0
06/12/2018;05:45;0;0;0
06/12/2018;06:00;0;0;0
06/12/2018;06:15;0;0;0
06/12/2018;06:30;0;0;0
06/12/2018;06:45;0;0;0
06/12/2018;07:00;0;0;0
06/12/2018;07:15;0;0;0
06/12/2018;07:30;0;0;0
06/12/2018;07:45;0;0;0
06/12/2018;08:00;0;0;0
06/12/2018;08:15;0;0;0
06/12/2018;08:30;0;0;0
06/12/2018;08:45;0;0;0
06/12/2018;09:00;0;0;0
06/12/2018;09:15;0;0;0
06/12/2018;09:30;0;0;0
06/12/2018;09:45;0;0;0
06/12/2018;10:00;0;0;0
06/12/2018;10:15;0;0;0
06/12/2018;10:30;0;0;0
06/12/2018;10:45;0;0;0
06/12/2018;11:00;0;0;0
06/12/2018;11:15;0;0;0
06/12/2018;11:30;0;0;0
06/12/2018;11:45;0;0;0
06/12/2018;12:00;0;0;0
06/12/2018;12:15;0;0;0
06/12/2018;12:30;0;0;0
06/12/2018;12:45;0;0;0
06/12/2018;13:00;0;0;0
06/12/2018;13:15;0;0;0
06/12/2018;13:30;0;0;0
06/12/2018;13:45;0;0;0
06/12/2018;14:00;0;0;0
06/12/2018;14:15;0;0;0
06/12/2018;14:30;0;0;0
06/12/2018;14:45;0;0;0
06/12/2018;15:00;0;0;0
06/12/2018;15:15;0;0;0
06/12/2018;15:30;0;0;0
06/12/2018;15:45;0;0;0
06/12/2018;16:00;0;0;0
06/12/2018;16:15;0;0;0
06/12/2018;16:30;0;0;0
06/12/2018;16:45;0;0;0
06/12/2018;17:00;0;0;0
06/12/2018;17:15;0;0;0
06/12/2018;17:30;0;0;0
06/12/2018;17:45;0;0;0
06/12/2018;18:00;0;0;0
06/12/2018;18:15;0;0;0
06/12/2018;18:30;0;0;0
06/12/2018;18:45;0;0;0
06/12/2018;19:00;0;0;0
06/12/2018;19:15;0;0;0
06/12/2018;19:30;0;0;0
06/12/2018;19:45;0;0;0
06/12/2018;20:00;0;0;0
06/12/2018;20:15;0;0;0
06/12/2018;20:30;0;0;0
06/12/2018;20:45;0;0;0
06/12/2018;21:00;0;0;0
06/12/2018;21:15;0;0;0
06/12/2018;21:30;0;0;0
06/12/2018;21:45;0;0;0
06/12/2018;22:00;0;0;0
06/12/2018;22:15;0;0;0
06/12/2018;22:30;0;0;0
06/12/2018;22:45;0;0;0
06/12/2018;23:00;0;0;0
06/12/2018;23:15;0;0;0
06/12/2018;23:30;0;0;0
06/12/2018;23:45;0;0;0
07/12/2018;00:00;0;0;0
07/12/2018;00:15;0;0;0
07/12/2018;00:30;0;0;0
07/12/2018;00:45;0;0;0
07/12/2018;01:00;0;0;0
07/12/2018;01:15;0;0;0
07/12/2018;01:30;0;0;0
07/12/2018;01:45;0;0;0
07/12/2018;02:00;0;0;0
07/12/2018;02:15;0;0;0
07/12/2018;02:30;0;0;0
07/12/2018;02:45;0;0;0
07/12/2018;03:00;0;0;0
07/12/2018;03:15;0;0;0
07/12/2018;03:30;0;0;0
07/12/2018;03:45;0;0;0
07/12/2018;04:00;0;0;0
07/12/2018;04:15;0;0;0
07/12/2018;04:30;0;0;0
07/12/2018;04:45;0;0;0
07/12/2018;05:00;0;0;0
07/12/2018;05:15;0;0;0
07/12/2018;05:30;0;0;0
07/12/2018;05:45;0;0;0
07/12/2018;06:00;0;0;0
07/12/2018;06:15;0;0;0
07/12/2018;06:30;0;0;0
07/12/2018;06:45;0;0;0
07/12/2018;07:00;0;0;0
07/12/2018;07:15;0;0;0
07/12/2018;07:30;0;0;0
07/12/2018;07:45;0;0;0
07/12/2018;08:00;0;0;0
07/12/2018;08:15;0;0;0
07/12/2018;08:30;0;0;0
07/12/2018;08:45;0;0;0
07/12/2018;09:00;0;0;0
07/12/2018;09:15;0;0;0
07/12/2018;09:30;0;0;0
07/12/2018;09:45;0;0;0
07/12/2018;10:00;0;0;0
07/12/2018;10:15;0;0;0
07/12/2018;10:30;0;0;0
07/12/2018;10:45;0;0;0
07/12/2018;11:00;0;0;0
07/12/2018;11:15;0;0;0
07/12/2018;11:30;0;0;0
07/12/2018;11:45;0;0;0
07/12/2018;12:00;0;0;0
07/12/2018;12:15;0;0;0
07/12/2018;12:30;0;0;0
07/12/2018;12:45;0;0;0
07/12/2018;13:00;0;0;0
07/12/2018;13:15;0;0;0
07/12/2018;13:30;0;0;0
07/12/2018;13:45;0;0;0
07/12/2018;14:00;0;0;0
07/12/2018;14:15;0;0;0
07/12/2018;14:30;0;0;0
07/12/2018;14:45;0;0;0
07/12/2018;15:00;0;0;0
07/12/2018;15:15;0;0;0
07/12/2018;15:30;0;0;0
07/12/2018;15:45;0;0;0
07/12/2018;16:00;0;0;0
07/12/2018;16:15;0;0;0
07/12/2018;16:30;0;0;0
07/12/2018;16:45;0;0;0
07/12/2018;17:00;0;0;0
07/12/2018;17:15;0;0;0
07/12/2018;17:30;0;0;0
07/12/2018;17:45;0;0;0
07/12/2018;18:00;0;0;0
07/12/2018;18:15;0;0;0
07/12/2018;18:30;0;0;0
07/12/2018;18:45;0;0;0
07/12/2018;19:00;0;0;0
07/12/2018;19:15;0;0;0
07/12/2018;19:30;0;0;0
07/12/2018;19:45;0;0;0
07/12/2018;20:00;0;0;0
07/12/2018;20:15;0;0;0
07/12/2018;20:30;0;0;0
07/12/2018;20:45;0;0;0
07/12/2018;21:00;0;0;0
07/12/2018;21:15;0;0;0
07/12/2018;21:30;0;0;0
07/12/2018;21:45;0;0;0
07/12/2018;22:00;0;0;0
07/12/2018;22:15;0;0;0
07/12/2018;22:30;0;0;0
07/12/2018;22:45;0;0;0
07/12/2018;23:00;0;0;0
07/12/2018;23:15;0;0;0
07/12/2018;23:30;0;0;0
07/12/2018;23:45;0;0;0
08/12/2018;00:00;0;0;0
08/12/2018;00:15;0;0;0
08/12/2018;00:30;0;0;0
08/12/2018;00:45;0;0;0
08/12/2018;01:00;0;0;0
08/12/2018;01:15;0;0;0
08/12/2018;01:30;0;0;0
08/12/2018;01:45;0;0;0
08/12/2018;02:00;0;0;0
08/12/2018;02:15;0;0;0
08/12/2018;02:30;0;0;0
08/12/2018;02:45;0;0;0
08/12/2018;03:00;0;0;0
08/12/2018;03:15;0;0;0
08/12/2018;03:30;0;0;0
08/12/2018;03:45;0;0;0
08/12/2018;04:00;0;0;0
08/12/2018;04:15;0;0;0
08/12/2018;04:30;0;0;0
08/12/2018;04:45;0;0;0
08/12/2018;05:00;0;0;0
08/12/2018;05:15;0;0;0
08/12/2018;05:30;0;0;0
08/12/2018;05:45;0;0;0
08/12/2018;06:00;0;0;0
08/12/2018;06:15;0;0;0
08/12/2018;06:30;0;0;0
08/12/2018;06:45;0;0;0
08/12/2018;07:00;0;0;0
08/12/2018;07:15;0;0;0
08/12/2018;07:30;0;0;0
08/12/2018;07:45;0;0;0
08/12/2018;08:00;0;0;0
08/12/2018;08:15;0;0;0
08/12/2018;08:30;0;0;0
08/12/2018;08:45;0;0;0
08/12/2018;09:00;0;0;0
08/12/2018;09:15;0;0;0
08/12/2018;09:30;0;0;0
08/12/2018;09:45;0;0;0
08/12/2018;10:00;0;0;0
08/12/2018;10:15;0;0;0
08/12/2018;10:30;0;0;0
08/12/2018;10:45;0;0;0
08/12/2018;11:00;0;0;0
08/12/2018;11:15;0;0;0
08/12/2018;11:30;0;0;0
08/12/2018;11:45;0;0;0
08/12/2018;12:00;0;0;0
08/12/2018;12:15;0;0;0
08/12/2018;12:30;0;0;0
08/12/2018;12:45;0;0;0
08/12/2018;13:00;0;0;0
08/12/2018;13:15;0;0;0
08/12/2018;13:30;0;0;0
08/12/2018;13:45;0;0;0
08/12/2018;14:00;0;0;0
08/12/2018;14:15;0;0;0
08/12/2018;14:30;0;0;0
08/12/2018;14:45;0;0;0
08/12/2018;15:00;0;0;0
08/12/2018;15:15;0;0;0
08/12/2018;15:30;0;0;0
08/12/2018;15:45;0;0;0
08/12/2018;16:00;0;0;0
08/12/2018;16:15;0;0;0
08/12/2018;16:30;0;0;0
08/12/2018;16:45;0;0;0
08/12/2018;17:00;0;0;0
08/12/2018;17:15;0;0;0
08/12/2018;17:30;0;0;0
08/12/2018;17:45;0;0;0
08/12/2018;18:00;0;0;0
08/12/2018;18:15;0;0;0
08/12/2018;18:30;0;0;0
08/12/2018;18:45;0;0;0
08/12/2018;19:00;0;0;0
08/12/2018;19:15;0;0;0
08/12/2018;19:30;0;0;0
08/12/2018;19:45;0;0;0
08/12/2018;20:00;0;0;0
08/12/2018;20:15;0;0;0
08/12/2018;20:30;0;0;0
08/12/2018;20:45;0;0;0
08/12/2018;21:00;0;0;0
08/12/2018;21:15;0;0;0
08/12/2018;21:30;0;0;0
08/12/2018;21:45;0;0;0
08/12/2018;22:00;0;0;0
08/12/2018;22:15;0;0;0
08/12/2018;22:30;0;0;0
08/12/2018;22:45;0;0;0
08/12/2018;23:00;0;0;0
08/12/2018;23:15;0;0;0
08/12/2018;23:30;0;0;0
08/12/2018;23:45;0;0;0
09/12/2018;00:00;0;0;0
09/12/2018;00:15;0;0;0
09/12/2018;00:30;0;0;0
09/12/2018;00:45;0;0;0
09/12/2018;01:00;0;0;0
09/12/2018;01:15;0;0;0
09/12/2018;01:30;0;0;0
09/12/2018;01:45;0;0;0
09/12/2018;02:00;0;0;0
09/12/2018;02:15;0;0;0
09/12/2018;02:30;0;0;0
09/12/2018;02:45;0;0;0
09/12/2018;03:00;0;0;0
09/12/2018;03:15;0;0;0
09/12/2018;03:30;0;0;0
09/12/2018;03:45;0;0;0
09/12/2018;04:00;0;0;0
09/12/2018;04:15;0;0;0
09/12/2018;04:30;0;0;0
09/12/2018;04:45;0;0;0
09/12/2018;05:00;0;0;0
09/12/2018;05:15;0;0;0
09/12/2018;05:30;0;0;0
09/12/2018;05:45;0;0;0
09/12/2018;06:00;0;0;0
09/12/2018;06:15;0;0;0
09/12/2018;06:30;0;0;0
09/12/2018;06:45;0;0;0
09/12/2018;07:00;0;0;0
09/12/2018;07:15;0;0;0
09/12/2018;07:30;0;0;0
09/12/2018;07:45;0;0;0
09/12/2018;08:00;0;0;0
09/12/2018;08:15;0;0;0
09/12/2018;08:30;0;0;0
09/12/2018;08:45;0;0;0
09/12/2018;09:00;0;0;0
09/12/2018;09:15;0;0;0
09/12/2018;09:30;0;0;0
09/12/2018;09:45;0;0;0
09/12/2018;10:00;0;0;0
09/12/2018;10:15;0;0;0
09/12/2018;10:30;0;0;0
09/12/2018;10:45;0;0;0
09/12/2018;11:00;0;0;0
09/12/2018;11:15;0;0;0
09/12/2018;11:30;0;0;0
09/12/2018;11:45;0;0;0
09/12/2018;12:00;0;0;0
09/12/2018;12:15;0;0;0
09/12/2018;12:30;0;0;0
09/12/2018;12:45;0;0;0
09/12/2018;13:00;0;0;0
09/12/2018;13:15;0;0;0
09/12/2018;13:30;0;0;0
09/12/2018;13:45;0;0;0
09/12/2018;14:00;0;0;0
09/12/2018;14:15;0;0;0
09/12/2018;14:30;0;0;0
09/12/2018;14:45;0;0;0
09/12/2018;15:00;0;0;0
09/12/2018;15:15;0;0;0
09/12/2018;15:30;0;0;0
09/12/2018;15:45;0;0;0
09/12/2018;16:00;0;0;0
09/12/2018;16:15;0;0;0
09/12/2018;16:30;0;0;0
09/12/2018;16:45;0;0;0
09/12/2018;17:00;0;0;0
09/12/2018;17:15;0;0;0
09/12/2018;17:30;0;0;0
09/12/2018;17:45;0;0;0
09/12/2018;18:00;0;0;0
09/12/2018;18:15;0;0;0
09/12/2018;18:30;0;0;0
09/12/2018;18:45;0;0;0
09/12/2018;19:00;0;0;0
09/12/2018;19:15;0;0;0
09/12/2018;19:30;0;0;0
09/12/2018;19:45;0;0;0
09/12/2018;20:00;0;0;0
09/12/2018;20:15;0;0;0
09/12/2018;20:30;0;0;0
09/12/2018;20:45;0;0;0
09/12/2018;21:00;0;0;0
09/12/2018;21:15;0;0;0
09/12/2018;21:30;0;0;0
09/12/2018;21:45;0;0;0
09/12/2018;22:00;0;0;0
09/12/2018;22:15;0;0;0
09/12/2018;22:30;0;0;0
09/12/2018;22:45;0;0;0
09/12/2018;23:00;0;0;0
09/12/2018;23:15;0;0;0
09/12/2018;23:30;0;0;0
09/12/2018;23:45;0;0;0
10/12/2018;00:00;0;0;0
10/12/2018;00:15;0;0;0
10/12/2018;00:30;0;0;0
10/12/2018;00:45;0;0;0
10/12/2018;01:00;0;0;0
10/12/2018;01:15;0;0;0
10/12/2018;01:30;0;0;0
10/12/2018;01:45;0;0;0
10/12/2018;02:00;0;0;0
10/12/2018;02:15;0;0;0
10/12/2018;02:30;0;0;0
10/12/2018;02:45;0;0;0
10/12/2018;03:00;0;0;0
10/12/2018;03:15;0;0;0
10/12/2018;03:30;0;0;0
10/12/2018;03:45;0;0;0
10/12/2018;04:00;0;0;0
10/12/2018;04:15;0;0;0
10/12/2018;04:30;0;0;0
10/12/2018;04:45;0;0;0
10/12/2018;05:00;0;0;0
10/12/2018;05:15;0;0;0
10/12/2018;05:30;0;0;0
10/12/2018;05:45;0;0;0
10/12/2018;06:00;0;0;0
10/12/2018;06:15;0;0;0
10/12/2018;06:30;0;0;0
10/12/2018;06:45;0;0;0
10/12/2018;07:00;0;0;0
10/12/2018;07:15;0;0;0
10/12/2018;07:30;0;0;0
10/12/2018;07:45;0;0;0
10/12/2018;08:00;0;0;0
10/12/2018;08:15;0;0;0
10/12/2018;08:30;0;0;0
10/12/2018;08:45;0;0;0
10/12/2018;09:00;0;0;0
10/12/2018;09:15;0;0;0
10/12/2018;09:30;0;0;0
10/12/2018;09:45;0;0;0
10/12/2018;10:00;0;0;0
10/12/2018;10:15;0;0;0
10/12/2018;10:30;0;0;0
10/12/2018;10:45;0;0;0
10/12/2018;11:00;0;0;0
10/12/2018;11:15;0;0;0
10/12/2018;11:30;0;0;0
10/12/2018;11:45;0;0;0
10/12/2018;12:00;0;0;0
10/12/2018;12:15;0;0;0
10/12/2018;12:30;0;0;0
10/12/2018;12:45;0;0;0
10/12/2018;13:00;0;0;0
10/12/2018;13:15;0;0;0
10/12/2018;13:30;0;0;0
10/12/2018;13:45;0;0;0
10/12/2018;14:00;0;0;0
10/12/2018;14:15;0;0;0
10/12/2018;14:30;0;0;0
10/12/2018;14:45;0;0;0
10/12/2018;15:00;0;0;0
10/12/2018;15:15;0;0;0
10/12/2018;15:30;0;0;0
10/12/2018;15:45;0;0;0
10/12/2018;16:00;0;0;0
10/12/2018;16:15;0;0;0
10/12/2018;16:30;0;0;0
10/12/2018;16:45;0;0;0
10/12/2018;17:00;0;0;0
10/12/2018;17:15;0;0;0
10/12/2018;17:30;0;0;0
10/12/2018;17:45;0;0;0
10/12/2018;18:00;0;0;0
10/12/2018;18:15;0;0;0
10/12/2018;18:30;0;0;0
10/12/2018;18:45;0;0;0
10/12/2018;19:00;0;0;0
10/12/2018;19:15;0;0;0
10/12/2018;19:30;0;0;0
10/12/2018;19:45;0;0;0
10/12/2018;20:00;0;0;0
10/12/2018;20:15;0;0;0
10/12/2018;20:30;0;0;0
10/12/2018;20:45;0;0;0
10/12/2018;21:00;0;0;0
10/12/2018;21:15;0;0;0
10/12/2018;21:30;0;0;0
10/12/2018;21:45;0;0;0
10/12/2018;22:00;0;0;0
10/12/2018;22:15;0;0;0
10/12/2018;22:30;0;0;0
10/12/2018;22:45;0;0;0
10/12/2018;23:00;0;0;0
10/12/2018;23:15;0;0;0
10/12/2018;23:30;0;0;0
10/12/2018;23:45;0;0;0
11/12/2018;00:00;0;0;0
11/12/2018;00:15;0;0;0
11/12/2018;00:30;0;0;0
11/12/2018;00:45;0;0;0
11/12/2018;01:00;0;0;0
11/12/2018;01:15;0;0;0
11/12/2018;01:30;0;0;0
11/12/2018;01:45;0;0;0
11/12/2018;02:00;0;0;0
11/12/2018;02:15;0;0;0
11/12/2018;02:30;0;0;0
11/12/2018;02:45;0;0;0
11/12/2018;03:00;0;0;0
11/12/2018;03:15;0;0;0
11/12/2018;03:30;0;0;0
11/12/2018;03:45;0;0;0
11/12/2018;04:00;0;0;0
11/12/2018;04:15;0;0;0
11/12/2018;04:30;0;0;0
11/12/2018;04:45;0;0;0
11/12/2018;05:00;0;0;0
11/12/2018;05:15;0;0;0
11/12/2018;05:30;0;0;0
11/12/2018;05:45;0;0;0
11/12/2018;06:00;0;0;0
11/12/2018;06:15;0;0;0
11/12/2018;06:30;0;0;0
11/12/2018;06:45;0;0;0
11/12/2018;07:00;0;0;0
11/12/2018;07:15;0;0;0
11/12/2018;07:30;0;0;0
11/12/2018;07:45;0;0;0
11/12/2018;08:00;0;0;0
11/12/2018;08:15;0;0;0
11/12/2018;08:30;0;0;0
11/12/2018;08:45;0;0;0
11/12/2018;09:00;0;0;0
11/12/2018;09:15;0;0;0
11/12/2018;09:30;0;0;0
11/12/2018;09:45;0;0;0
11/12/2018;10:00;0;0;0
11/12/2018;10:15;0;0;0
11/12/2018;10:30;0;0;0
11/12/2018;10:45;0;0;0
11/12/2018;11:00;0;0;0
11/12/2018;11:15;0;0;0
11/12/2018;11:30;0;0;0
11/12/2018;11:45;0;0;0
11/12/2018;12:00;0;0;0
11/12/2018;12:15;0;0;0
11/12/2018;12:30;0;0;0
11/12/2018;12:45;0;0;0
11/12/2018;13:00;0;0;0
11/12/2018;13:15;0;0;0
11/12/2018;13:30;0;0;0
11/12/2018;13:45;0;0;0
11/12/2018;14:00;0;0;0
11/12/2018;14:15;0;0;0
11/12/2018;14:30;0;0;0
11/12/2018;14:45;0;0;0
11/12/2018;15:00;0;0;0
11/12/2018;15:15;0;0;0
11/12/2018;15:30;0;0;0
11/12/2018;15:45;0;0;0
11/12/2018;16:00;0;0;0
11/12/2018;16:15;0;0;0
11/12/2018;16:30;0;0;0
11/12/2018;16:45;0;0;0
11/12/2018;17:00;0;0;0
11/12/2018;17:15;0;0;0
11/12/2018;17:30;0;0;0
11/12/2018;17:45;0;0;0
11/12/2018;18:00;0;0;0
11/12/2018;18:15;0;0;0
11/12/2018;18:30;0;0;0
11/12/2018;18:45;0;0;0
11/12/2018;19:00;0;0;0
11/12/2018;19:15;0;0;0
11/12/2018;19:30;0;0;0
11/12/2018;19:45;0;0;0
11/12/2018;20:00;0;0;0
11/12/2018;20:15;0;0;0
11/12/2018;20:30;0;0;0
11/12/2018;20:45;0;0;0
11/12/2018;21:00;0;0;0
11/12/2018;21:15;0;0;0
11/12/2018;21:30;0;0;0
11/12/2018;21:45;0;0;0
11/12/2018;22:00;0;0;0
11/12/2018;22:15;0;0;0
11/12/2018;22:30;0;0;0
11/12/2018;22:45;0;0;0
11/12/2018;23:00;0;0;0
11/12/2018;23:15;0;0;0
11/12/2018;23:30;0;0;0
11/12/2018;23:45;0;0;0
12/12/2018;00:00;0;0;0
12/12/2018;00:15;0;0;0
12/12/2018;00:30;0;0;0
12/12/2018;00:45;0;0;0
12/12/2018;01:00;0;0;0
12/12/2018;01:15;0;0;0
12/12/2018;01:30;0;0;0
12/12/2018;01:45;0;0;0
12/12/2018;02:00;0;0;0
12/12/2018;02:15;0;0;0
12/12/2018;02:30;0;0;0
12/12/2018;02:45;0;0;0
12/12/2018;03:00;0;0;0
12/12/2018;03:15;0;0;0
12/12/2018;03:30;0;0;0
12/12/2018;03:45;0;0;0
12/12/2018;04:00;0;0;0
12/12/2018;04:15;0;0;0
12/12/2018;04:30;0;0;0
12/12/2018;04:45;0;0;0
12/12/2018;05:00;0;0;0
12/12/2018;05:15;0;0;0
12/12/2018;05:30;0;0;0
12/12/2018;05:45;0;0;0
12/12/2018;06:00;0;0;0
12/12/2018;06:15;0;0;0
12/12/2018;06:30;0;0;0
12/12/2018;06:45;0;0;0
12/12/2018;07:00;0;0;0
12/12/2018;07:15;0;0;0
12/12/2018;07:30;0;0;0
12/12/2018;07:45;0;0;0
12/12/2018;08:00;0;0;0
12/12/2018;08:15;0;0;0
12/12/2018;08:30;0;0;0
12/12/2018;08:45;0;0;0
12/12/2018;09:00;0;0;0
12/12/2018;09:15;0;0;0
12/12/2018;09:30;0;0;0
12/12/2018;09:45;0;0;0
12/12/2018;10:00;0;0;0
12/12/2018;10:15;0;0;0
12/12/2018;10:30;0;0;0
12/12/2018;10:45;0;0;0
12/12/2018;11:00;0;0;0
12/12/2018;11:15;0;0;0
12/12/2018;11:30;0;0;0
12/12/2018;11:45;0;0;0
12/12/2018;12:00;0;0;0
12/12/2018;12:15;0;0;0
12/12/2018;12:30;0;0;0
12/12/2018;12:45;0;0;0
12/12/2018;13:00;0;0;0
12/12/2018;13:15;0;0;0
12/12/2018;13:30;0;0;0
12/12/2018;13:45;0;0;0
12/12/2018;14:00;0;0;0
12/12/2018;14:15;0;0;0
12/12/2018;14:30;0;0;0
12/12/2018;14:45;0;0;0
12/12/2018;15:00;0;0;0
12/12/2018;15:15;0;0;0
12/12/2018;15:30;0;0;0
12/12/2018;15:45;0;0;0
12/12/2018;16:00;0;0;0
12/12/2018;16:15;0;0;0
12/12/2018;16:30;0;0;0
12/12/2018;16:45;0;0;0
12/12/2018;17:00;0;0;0
12/12/2018;17:15;0;0;0
12/12/2018;17:30;0;0;0
12/12/2018;17:45;0;0;0
12/12/2018;18:00;0;0;0
12/12/2018;18:15;0;0;0
12/12/2018;18:30;0;0;0
12/12/2018;18:45;0;0;0
12/12/2018;19:00;0;0;0
12/12/2018;19:15;0;0;0
12/12/2018;19:30;0;0;0
12/12/2018;19:45;0;0;0
12/12/2018;20:00;0;0;0
12/12/2018;20:15;0;0;0
12/12/2018;20:30;0;0;0
12/12/2018;20:45;0;0;0
12/12/2018;21:00;0;0;0
12/12/2018;21:15;0;0;0
12/12/2018;21:30;0;0;0
12/12/2018;21:45;0;0;0
12/12/2018;22:00;0;0;0
12/12/2018;22:15;0;0;0
12/12/2018;22:30;0;0;0
12/12/2018;22:45;0;0;0
12/12/2018;23:00;0;0;0
12/12/2018;23:15;0;0;0
12/12/2018;23:30;0;0;0
12/12/2018;23:45;0;0;0
13/12/2018;00:00;0;0;0
13/12/2018;00:15;0;0;0
13/12/2018;00:30;0;0;0
13/12/2018;00:45;0;0;0
13/12/2018;01:00;0;0;0
13/12/2018;01:15;0;0;0
13/12/2018;01:30;0;0;0
13/12/2018;01:45;0;0;0
13/12/2018;02:00;0;0;0
13/12/2018;02:15;0;0;0
13/12/2018;02:30;0;0;0
13/12/2018;02:45;0;0;0
13/12/2018;03:00;0;0;0
13/12/2018;03:15;0;0;0
13/12/2018;03:30;0;0;0
13/12/2018;03:45;0;0;0
13/12/2018;04:00;0;0;0
13/12/2018;04:15;0;0;0
13/12/2018;04:30;0;0;0
13/12/2018;04:45;0;0;0
13/12/2018;05:00;0;0;0
13/12/2018;05:15;0;0;0
13/12/2018;05:30;0;0;0
13/12/2018;05:45;0;0;0
13/12/2018;06:00;0;0;0
13/12/2018;06:15;0;0;0
13/12/2018;06:30;0;0;0
13/12/2018;06:45;0;0;0
13/12/2018;07:00;0;0;0
13/12/2018;07:15;0;0;0
13/12/2018;07:30;0;0;0
13/12/2018;07:45;0;0;0
13/12/2018;08:00;0;0;0
13/12/2018;08:15;0;0;0
13/12/2018;08:30;0;0;0
13/12/2018;08:45;0;0;0
13/12/2018;09:00;0;0;0
13/12/2018;09:15;0;0;0
13/12/2018;09:30;0;0;0
13/12/2018;09:45;0;0;0
13/12/2018;10:00;0;0;0
13/12/2018;10:15;0;0;0
13/12/2018;10:30;0;0;0
13/12/2018;10:45;0;0;0
13/12/2018;11:00;0;0;0
13/12/2018;11:15;0;0;0
13/12/2018;11:30;0;0;0
13/12/2018;11:45;0;0;0
13/12/2018;12:00;0;0;0
13/12/2018;12:15;0;0;0
13/12/2018;12:30;0;0;0
13/12/2018;12:45;0;0;0
13/12/2018;13:00;0;0;0
13/12/2018;13:15;0;0;0
13/12/2018;13:30;0;0;0
13/12/2018;13:45;0;0;0
13/12/2018;14:00;0;0;0
13/12/2018;14:15;0;0;0
13/12/2018;14:30;0;0;0
13/12/2018;14:45;0;0;0
13/12/2018;15:00;0;0;0
13/12/2018;15:15;0;0;0
13/12/2018;15:30;0;0;0
13/12/2018;15:45;0;0;0
13/12/2018;16:00;0;0;0
13/12/2018;16:15;0;0;0
13/12/2018;16:30;0;0;0
13/12/2018;16:45;0;0;0
13/12/2018;17:00;0;0;0
13/12/2018;17:15;0;0;0
13/12/2018;17:30;0;0;0
13/12/2018;17:45;0;0;0
13/12/2018;18:00;0;0;0
13/12/2018;18:15;0;0;0
13/12/2018;18:30;0;0;0
13/12/2018;18:45;0;0;0
13/12/2018;19:00;0;0;0
13/12/2018;19:15;0;0;0
13/12/2018;19:30;0;0;0
13/12/2018;19:45;0;0;0
13/12/2018;20:00;0;0;0
13/12/2018;20:15;0;0;0
13/12/2018;20:30;0;0;0
13/12/2018;20:45;0;0;0
13/12/2018;21:00;0;0;0
13/12/2018;21:15;0;0;0
13/12/2018;21:30;0;0;0
13/12/2018;21:45;0;0;0
13/12/2018;22:00;0;0;0
13/12/2018;22:15;0;0;0
13/12/2018;22:30;0;0;0
13/12/2018;22:45;0;0;0
13/12/2018;23:00;0;0;0
13/12/2018;23:15;0;0;0
13/12/2018;23:30;0;0;0
13/12/2018;23:45;0;0;0
14/12/2018;00:00;0;0;0
14/12/2018;00:15;0;0;0
14/12/2018;00:30;0;0;0
14/12/2018;00:45;0;0;0
14/12/2018;01:00;0;0;0
14/12/2018;01:15;0;0;0
14/12/2018;01:30;0;0;0
14/12/2018;01:45;0;0;0
14/12/2018;02:00;0;0;0
14/12/2018;02:15;0;0;0
14/12/2018;02:30;0;0;0
14/12/2018;02:45;0;0;0
14/12/2018;03:00;0;0;0
14/12/2018;03:15;0;0;0
14/12/2018;03:30;0;0;0
14/12/2018;03:45;0;0;0
14/12/2018;04:00;0;0;0
14/12/2018;04:15;0;0;0
14/12/2018;04:30;0;0;0
14/12/2018;04:45;0;0;0
14/12/2018;05:00;0;0;0
14/12/2018;05:15;0;0;0
14/12/2018;05:30;4;3;1
14/12/2018;05:45;0;0;0
14/12/2018;06:00;0;0;0
14/12/2018;06:15;0;0;0
14/12/2018;06:30;0;0;0
14/12/2018;06:45;0;0;0
14/12/2018;07:00;0;0;0
14/12/2018;07:15;0;0;0
14/12/2018;07:30;0;0;0
14/12/2018;07:45;0;0;0
14/12/2018;08:00;0;0;0
14/12/2018;08:15;0;0;0
14/12/2018;08:30;0;0;0
14/12/2018;08:45;0;0;0
14/12/2018;09:00;0;0;0
14/12/2018;09:15;0;0;0
14/12/2018;09:30;0;0;0
14/12/2018;09:45;0;0;0
14/12/2018;10:00;0;0;0
14/12/2018;10:15;0;0;0
14/12/2018;10:30;0;0;0
14/12/2018;10:45;0;0;0
14/12/2018;11:00;0;0;0
14/12/2018;11:15;0;0;0
14/12/2018;11:30;0;0;0
14/12/2018;11:45;0;0;0
14/12/2018;12:00;0;0;0
14/12/2018;12:15;0;0;0
14/12/2018;12:30;0;0;0
14/12/2018;12:45;0;0;0
14/12/2018;13:00;0;0;0
14/12/2018;13:15;0;0;0
14/12/2018;13:30;0;0;0
14/12/2018;13:45;0;0;0
14/12/2018;14:00;0;0;0
14/12/2018;14:15;0;0;0
14/12/2018;14:30;0;0;0
14/12/2018;14:45;0;0;0
14/12/2018;15:00;0;0;0
14/12/2018;15:15;0;0;0
14/12/2018;15:30;0;0;0
14/12/2018;15:45;0;0;0
14/12/2018;16:00;0;0;0
14/12/2018;16:15;0;0;0
14/12/2018;16:30;0;0;0
14/12/2018;16:45;0;0;0
14/12/2018;17:00;0;0;0
14/12/2018;17:15;0;0;0
14/12/2018;17:30;0;0;0
14/12/2018;17:45;0;0;0
14/12/2018;18:00;0;0;0
14/12/2018;18:15;0;0;0
14/12/2018;18:30;0;0;0
14/12/2018;18:45;0;0;0
14/12/2018;19:00;0;0;0
14/12/2018;19:15;0;0;0
14/12/2018;19:30;0;0;0
14/12/2018;19:45;0;0;0
14/12/2018;20:00;0;0;0
14/12/2018;20:15;0;0;0
14/12/2018;20:30;0;0;0
14/12/2018;20:45;0;0;0
14/12/2018;21:00;0;0;0
14/12/2018;21:15;0;0;0
14/12/2018;21:30;0;0;0
14/12/2018;21:45;0;0;0
14/12/2018;22:00;0;0;0
14/12/2018;22:15;0;0;0
14/12/2018;22:30;0;0;0
14/12/2018;22:45;0;0;0
14/12/2018;23:00;0;0;0
14/12/2018;23:15;0;0;0
14/12/2018;23:30;0;0;0
14/12/2018;23:45;0;0;0
15/12/2018;00:00;0;0;0
15/12/2018;00:15;0;0;0
15/12/2018;00:30;0;0;0
15/12/2018;00:45;0;0;0
15/12/2018;01:00;0;0;0
15/12/2018;01:15;0;0;0
15/12/2018;01:30;0;0;0
15/12/2018;01:45;0;0;0
15/12/2018;02:00;0;0;0
15/12/2018;02:15;0;0;0
15/12/2018;02:30;0;0;0
15/12/2018;02:45;0;0;0
15/12/2018;03:00;0;0;0
15/12/2018;03:15;0;0;0
15/12/2018;03:30;0;0;0
15/12/2018;03:45;0;0;0
15/12/2018;04:00;0;0;0
15/12/2018;04:15;0;0;0
15/12/2018;04:30;0;0;0
15/12/2018;04:45;0;0;0
15/12/2018;05:00;0;0;0
15/12/2018;05:15;0;0;0
15/12/2018;05:30;0;0;0
15/12/2018;05:45;0;0;0
15/12/2018;06:00;0;0;0
15/12/2018;06:15;0;0;0
15/12/2018;06:30;0;0;0
15/12/2018;06:45;0;0;0
15/12/2018;07:00;0;0;0
15/12/2018;07:15;0;0;0
15/12/2018;07:30;0;0;0
15/12/2018;07:45;0;0;0
15/12/2018;08:00;0;0;0
15/12/2018;08:15;0;0;0
15/12/2018;08:30;0;0;0
15/12/2018;08:45;0;0;0
15/12/2018;09:00;0;0;0
15/12/2018;09:15;0;0;0
15/12/2018;09:30;0;0;0
15/12/2018;09:45;0;0;0
15/12/2018;10:00;0;0;0
15/12/2018;10:15;0;0;0
15/12/2018;10:30;0;0;0
15/12/2018;10:45;0;0;0
15/12/2018;11:00;0;0;0
15/12/2018;11:15;0;0;0
15/12/2018;11:30;0;0;0
15/12/2018;11:45;0;0;0
15/12/2018;12:00;0;0;0
15/12/2018;12:15;0;0;0
15/12/2018;12:30;0;0;0
15/12/2018;12:45;0;0;0
15/12/2018;13:00;0;0;0
15/12/2018;13:15;0;0;0
15/12/2018;13:30;0;0;0
15/12/2018;13:45;0;0;0
15/12/2018;14:00;0;0;0
15/12/2018;14:15;0;0;0
15/12/2018;14:30;0;0;0
15/12/2018;14:45;0;0;0
15/12/2018;15:00;0;0;0
15/12/2018;15:15;0;0;0
15/12/2018;15:30;0;0;0
15/12/2018;15:45;0;0;0
15/12/2018;16:00;0;0;0
15/12/2018;16:15;0;0;0
15/12/2018;16:30;0;0;0
15/12/2018;16:45;0;0;0
15/12/2018;17:00;0;0;0
15/12/2018;17:15;0;0;0
15/12/2018;17:30;0;0;0
15/12/2018;17:45;0;0;0
15/12/2018;18:00;0;0;0
15/12/2018;18:15;0;0;0
15/12/2018;18:30;0;0;0
15/12/2018;18:45;0;0;0
15/12/2018;19:00;0;0;0
15/12/2018;19:15;0;0;0
15/12/2018;19:30;0;0;0
15/12/2018;19:45;0;0;0
15/12/2018;20:00;0;0;0
15/12/2018;20:15;0;0;0
15/12/2018;20:30;0;0;0
15/12/2018;20:45;0;0;0
15/12/2018;21:00;0;0;0
15/12/2018;21:15;0;0;0
15/12/2018;21:30;0;0;0
15/12/2018;21:45;0;0;0
15/12/2018;22:00;0;0;0
15/12/2018;22:15;0;0;0
15/12/2018;22:30;0;0;0
15/12/2018;22:45;0;0;0
15/12/2018;23:00;0;0;0
15/12/2018;23:15;0;0;0
15/12/2018;23:30;0;0;0
15/12/2018;23:45;0;0;0
16/12/2018;00:00;0;0;0
16/12/2018;00:15;0;0;0
16/12/2018;00:30;0;0;0
16/12/2018;00:45;0;0;0
16/12/2018;01:00;0;0;0
16/12/2018;01:15;0;0;0
16/12/2018;01:30;0;0;0
16/12/2018;01:45;0;0;0
16/12/2018;02:00;0;0;0
16/12/2018;02:15;0;0;0
16/12/2018;02:30;0;0;0
16/12/2018;02:45;0;0;0
16/12/2018;03:00;0;0;0
16/12/2018;03:15;0;0;0
16/12/2018;03:30;0;0;0
16/12/2018;03:45;0;0;0
16/12/2018;04:00;0;0;0
16/12/2018;04:15;0;0;0
16/12/2018;04:30;0;0;0
16/12/2018;04:45;0;0;0
16/12/2018;05:00;0;0;0
16/12/2018;05:15;0;0;0
16/12/2018;05:30;0;0;0
16/12/2018;05:45;0;0;0
16/12/2018;06:00;0;0;0
16/12/2018;06:15;0;0;0
16/12/2018;06:30;0;0;0
16/12/2018;06:45;0;0;0
16/12/2018;07:00;0;0;0
16/12/2018;07:15;0;0;0
16/12/2018;07:30;0;0;0
16/12/2018;07:45;0;0;0
16/12/2018;08:00;0;0;0
16/12/2018;08:15;0;0;0
16/12/2018;08:30;0;0;0
16/12/2018;08:45;0;0;0
16/12/2018;09:00;0;0;0
16/12/2018;09:15;0;0;0
16/12/2018;09:30;0;0;0
16/12/2018;09:45;0;0;0
16/12/2018;10:00;0;0;0
16/12/2018;10:15;0;0;0
16/12/2018;10:30;0;0;0
16/12/2018;10:45;0;0;0
16/12/2018;11:00;0;0;0
16/12/2018;11:15;0;0;0
16/12/2018;11:30;0;0;0
16/12/2018;11:45;0;0;0
16/12/2018;12:00;0;0;0
16/12/2018;12:15;0;0;0
16/12/2018;12:30;0;0;0
16/12/2018;12:45;0;0;0
16/12/2018;13:00;0;0;0
16/12/2018;13:15;0;0;0
16/12/2018;13:30;0;0;0
16/12/2018;13:45;0;0;0
16/12/2018;14:00;0;0;0
16/12/2018;14:15;0;0;0
16/12/2018;14:30;0;0;0
16/12/2018;14:45;0;0;0
16/12/2018;15:00;0;0;0
16/12/2018;15:15;0;0;0
16/12/2018;15:30;0;0;0
16/12/2018;15:45;0;0;0
16/12/2018;16:00;0;0;0
16/12/2018;16:15;0;0;0
16/12/2018;16:30;0;0;0
16/12/2018;16:45;0;0;0
16/12/2018;17:00;0;0;0
16/12/2018;17:15;0;0;0
16/12/2018;17:30;0;0;0
16/12/2018;17:45;0;0;0
16/12/2018;18:00;0;0;0
16/12/2018;18:15;0;0;0
16/12/2018;18:30;0;0;0
16/12/2018;18:45;0;0;0
16/12/2018;19:00;0;0;0
16/12/2018;19:15;0;0;0
16/12/2018;19:30;0;0;0
16/12/2018;19:45;0;0;0
16/12/2018;20:00;0;0;0
16/12/2018;20:15;0;0;0
16/12/2018;20:30;0;0;0
16/12/2018;20:45;0;0;0
16/12/2018;21:00;0;0;0
16/12/2018;21:15;0;0;0
16/12/2018;21:30;0;0;0
16/12/2018;21:45;0;0;0
16/12/2018;22:00;0;0;0
16/12/2018;22:15;0;0;0
16/12/2018;22:30;0;0;0
16/12/2018;22:45;0;0;0
16/12/2018;23:00;0;0;0
16/12/2018;23:15;0;0;0
16/12/2018;23:30;0;0;0
16/12/2018;23:45;0;0;0
17/12/2018;00:00;0;0;0
17/12/2018;00:15;0;0;0
17/12/2018;00:30;0;0;0
17/12/2018;00:45;0;0;0
17/12/2018;01:00;0;0;0
17/12/2018;01:15;0;0;0
17/12/2018;01:30;0;0;0
17/12/2018;01:45;0;0;0
17/12/2018;02:00;0;0;0
17/12/2018;02:15;0;0;0
17/12/2018;02:30;0;0;0
17/12/2018;02:45;0;0;0
17/12/2018;03:00;0;0;0
17/12/2018;03:15;0;0;0
17/12/2018;03:30;0;0;0
17/12/2018;03:45;0;0;0
17/12/2018;04:00;0;0;0
17/12/2018;04:15;0;0;0
17/12/2018;04:30;0;0;0
17/12/2018;04:45;0;0;0
17/12/2018;05:00;0;0;0
17/12/2018;05:15;0;0;0
17/12/2018;05:30;0;0;0
17/12/2018;05:45;0;0;0
17/12/2018;06:00;0;0;0
17/12/2018;06:15;0;0;0
17/12/2018;06:30;0;0;0
17/12/2018;06:45;0;0;0
17/12/2018;07:00;0;0;0
17/12/2018;07:15;0;0;0
17/12/2018;07:30;0;0;0
17/12/2018;07:45;0;0;0
17/12/2018;08:00;0;0;0
17/12/2018;08:15;0;0;0
17/12/2018;08:30;0;0;0
17/12/2018;08:45;0;0;0
17/12/2018;09:00;0;0;0
17/12/2018;09:15;0;0;0
17/12/2018;09:30;0;0;0
17/12/2018;09:45;0;0;0
17/12/2018;10:00;0;0;0
17/12/2018;10:15;0;0;0
17/12/2018;10:30;0;0;0
17/12/2018;10:45;0;0;0
17/12/2018;11:00;0;0;0
17/12/2018;11:15;0;0;0
17/12/2018;11:30;0;0;0
17/12/2018;11:45;0;0;0
17/12/2018;12:00;0;0;0
17/12/2018;12:15;0;0;0
17/12/2018;12:30;0;0;0
17/12/2018;12:45;0;0;0
17/12/2018;13:00;0;0;0
17/12/2018;13:15;0;0;0
17/12/2018;13:30;0;0;0
17/12/2018;13:45;0;0;0
17/12/2018;14:00;0;0;0
17/12/2018;14:15;0;0;0
17/12/2018;14:30;0;0;0
17/12/2018;14:45;0;0;0
17/12/2018;15:00;0;0;0
17/12/2018;15:15;0;0;0
17/12/2018;15:30;0;0;0
17/12/2018;15:45;0;0;0
17/12/2018;16:00;0;0;0
17/12/2018;16:15;0;0;0
17/12/2018;16:30;0;0;0
17/12/2018;16:45;0;0;0
17/12/2018;17:00;0;0;0
17/12/2018;17:15;0;0;0
17/12/2018;17:30;0;0;0
17/12/2018;17:45;0;0;0
17/12/2018;18:00;0;0;0
17/12/2018;18:15;0;0;0
17/12/2018;18:30;0;0;0
17/12/2018;18:45;0;0;0
17/12/2018;19:00;0;0;0
17/12/2018;19:15;0;0;0
17/12/2018;19:30;0;0;0
17/12/2018;19:45;0;0;0
17/12/2018;20:00;0;0;0
17/12/2018;20:15;0;0;0
17/12/2018;20:30;0;0;0
17/12/2018;20:45;0;0;0
17/12/2018;21:00;0;0;0
17/12/2018;21:15;0;0;0
17/12/2018;21:30;0;0;0
17/12/2018;21:45;0;0;0
17/12/2018;22:00;0;0;0
17/12/2018;22:15;0;0;0
17/12/2018;22:30;0;0;0
17/12/2018;22:45;0;0;0
17/12/2018;23:00;0;0;0
17/12/2018;23:15;0;0;0
17/12/2018;23:30;0;0;0
17/12/2018;23:45;0;0;0
18/12/2018;00:00;0;0;0
18/12/2018;00:15;0;0;0
18/12/2018;00:30;0;0;0
18/12/2018;00:45;0;0;0
18/12/2018;01:00;0;0;0
18/12/2018;01:15;0;0;0
18/12/2018;01:30;0;0;0
18/12/2018;01:45;0;0;0
18/12/2018;02:00;0;0;0
18/12/2018;02:15;0;0;0
18/12/2018;02:30;0;0;0
18/12/2018;02:45;0;0;0
18/12/2018;03:00;0;0;0
18/12/2018;03:15;0;0;0
18/12/2018;03:30;0;0;0
18/12/2018;03:45;0;0;0
18/12/2018;04:00;0;0;0
18/12/2018;04:15;0;0;0
18/12/2018;04:30;0;0;0
18/12/2018;04:45;0;0;0
18/12/2018;05:00;0;0;0
18/12/2018;05:15;0;0;0
18/12/2018;05:30;0;0;0
18/12/2018;05:45;0;0;0
18/12/2018;06:00;0;0;0
18/12/2018;06:15;0;0;0
18/12/2018;06:30;0;0;0
18/12/2018;06:45;0;0;0
18/12/2018;07:00;0;0;0
18/12/2018;07:15;0;0;0
18/12/2018;07:30;0;0;0
18/12/2018;07:45;0;0;0
18/12/2018;08:00;0;0;0
18/12/2018;08:15;0;0;0
18/12/2018;08:30;0;0;0
18/12/2018;08:45;0;0;0
18/12/2018;09:00;0;0;0
18/12/2018;09:15;0;0;0
18/12/2018;09:30;0;0;0
18/12/2018;09:45;0;0;0
18/12/2018;10:00;0;0;0
18/12/2018;10:15;0;0;0
18/12/2018;10:30;0;0;0
18/12/2018;10:45;0;0;0
18/12/2018;11:00;0;0;0
18/12/2018;11:15;0;0;0
18/12/2018;11:30;0;0;0
18/12/2018;11:45;0;0;0
18/12/2018;12:00;0;0;0
18/12/2018;12:15;0;0;0
18/12/2018;12:30;0;0;0
18/12/2018;12:45;0;0;0
18/12/2018;13:00;0;0;0
18/12/2018;13:15;0;0;0
18/12/2018;13:30;0;0;0
18/12/2018;13:45;0;0;0
18/12/2018;14:00;0;0;0
18/12/2018;14:15;0;0;0
18/12/2018;14:30;0;0;0
18/12/2018;14:45;0;0;0
18/12/2018;15:00;0;0;0
18/12/2018;15:15;0;0;0
18/12/2018;15:30;0;0;0
18/12/2018;15:45;0;0;0
18/12/2018;16:00;0;0;0
18/12/2018;16:15;0;0;0
18/12/2018;16:30;0;0;0
18/12/2018;16:45;0;0;0
18/12/2018;17:00;0;0;0
18/12/2018;17:15;0;0;0
18/12/2018;17:30;0;0;0
18/12/2018;17:45;0;0;0
18/12/2018;18:00;0;0;0
18/12/2018;18:15;0;0;0
18/12/2018;18:30;0;0;0
18/12/2018;18:45;0;0;0
18/12/2018;19:00;0;0;0
18/12/2018;19:15;0;0;0
18/12/2018;19:30;0;0;0
18/12/2018;19:45;0;0;0
18/12/2018;20:00;0;0;0
18/12/2018;20:15;0;0;0
18/12/2018;20:30;0;0;0
18/12/2018;20:45;0;0;0
18/12/2018;21:00;0;0;0
18/12/2018;21:15;0;0;0
18/12/2018;21:30;0;0;0
18/12/2018;21:45;0;0;0
18/12/2018;22:00;0;0;0
18/12/2018;22:15;0;0;0
18/12/2018;22:30;0;0;0
18/12/2018;22:45;0;0;0
18/12/2018;23:00;0;0;0
18/12/2018;23:15;0;0;0
18/12/2018;23:30;0;0;0
18/12/2018;23:45;0;0;0
19/12/2018;00:00;0;0;0
19/12/2018;00:15;0;0;0
19/12/2018;00:30;0;0;0
19/12/2018;00:45;0;0;0
19/12/2018;01:00;0;0;0
19/12/2018;01:15;0;0;0
19/12/2018;01:30;0;0;0
19/12/2018;01:45;0;0;0
19/12/2018;02:00;0;0;0
19/12/2018;02:15;0;0;0
19/12/2018;02:30;0;0;0
19/12/2018;02:45;0;0;0
19/12/2018;03:00;0;0;0
19/12/2018;03:15;0;0;0
19/12/2018;03:30;0;0;0
19/12/2018;03:45;0;0;0
19/12/2018;04:00;0;0;0
19/12/2018;04:15;0;0;0
19/12/2018;04:30;0;0;0
19/12/2018;04:45;0;0;0
19/12/2018;05:00;0;0;0
19/12/2018;05:15;0;0;0
19/12/2018;05:30;0;0;0
19/12/2018;05:45;0;0;0
19/12/2018;06:00;0;0;0
19/12/2018;06:15;0;0;0
19/12/2018;06:30;0;0;0
19/12/2018;06:45;0;0;0
19/12/2018;07:00;0;0;0
19/12/2018;07:15;0;0;0
19/12/2018;07:30;0;0;0
19/12/2018;07:45;0;0;0
19/12/2018;08:00;0;0;0
19/12/2018;08:15;0;0;0
19/12/2018;08:30;0;0;0
19/12/2018;08:45;0;0;0
19/12/2018;09:00;0;0;0
19/12/2018;09:15;0;0;0
19/12/2018;09:30;0;0;0
19/12/2018;09:45;0;0;0
19/12/2018;10:00;0;0;0
19/12/2018;10:15;0;0;0
19/12/2018;10:30;0;0;0
19/12/2018;10:45;0;0;0
19/12/2018;11:00;0;0;0
19/12/2018;11:15;0;0;0
19/12/2018;11:30;0;0;0
19/12/2018;11:45;0;0;0
19/12/2018;12:00;0;0;0
19/12/2018;12:15;0;0;0
19/12/2018;12:30;0;0;0
19/12/2018;12:45;0;0;0
19/12/2018;13:00;0;0;0
19/12/2018;13:15;0;0;0
19/12/2018;13:30;0;0;0
19/12/2018;13:45;0;0;0
19/12/2018;14:00;0;0;0
19/12/2018;14:15;0;0;0
19/12/2018;14:30;0;0;0
19/12/2018;14:45;0;0;0
19/12/2018;15:00;0;0;0
19/12/2018;15:15;0;0;0
19/12/2018;15:30;0;0;0
19/12/2018;15:45;0;0;0
19/12/2018;16:00;0;0;0
19/12/2018;16:15;0;0;0
19/12/2018;16:30;0;0;0
19/12/2018;16:45;0;0;0
19/12/2018;17:00;0;0;0
19/12/2018;17:15;0;0;0
19/12/2018;17:30;0;0;0
19/12/2018;17:45;0;0;0
19/12/2018;18:00;0;0;0
19/12/2018;18:15;0;0;0
19/12/2018;18:30;0;0;0
19/12/2018;18:45;0;0;0
19/12/2018;19:00;0;0;0
19/12/2018;19:15;0;0;0
19/12/2018;19:30;0;0;0
19/12/2018;19:45;0;0;0
19/12/2018;20:00;0;0;0
19/12/2018;20:15;0;0;0
19/12/2018;20:30;0;0;0
19/12/2018;20:45;0;0;0
19/12/2018;21:00;0;0;0
19/12/2018;21:15;0;0;0
19/12/2018;21:30;0;0;0
19/12/2018;21:45;0;0;0
19/12/2018;22:00;0;0;0
19/12/2018;22:15;0;0;0
19/12/2018;22:30;0;0;0
19/12/2018;22:45;0;0;0
19/12/2018;23:00;0;0;0
19/12/2018;23:15;0;0;0
19/12/2018;23:30;0;0;0
19/12/2018;23:45;0;0;0
20/12/2018;00:00;0;0;0
20/12/2018;00:15;0;0;0
20/12/2018;00:30;0;0;0
20/12/2018;00:45;0;0;0
20/12/2018;01:00;0;0;0
20/12/2018;01:15;0;0;0
20/12/2018;01:30;0;0;0
20/12/2018;01:45;0;0;0
20/12/2018;02:00;0;0;0
20/12/2018;02:15;0;0;0
20/12/2018;02:30;0;0;0
20/12/2018;02:45;0;0;0
20/12/2018;03:00;0;0;0
20/12/2018;03:15;0;0;0
20/12/2018;03:30;0;0;0
20/12/2018;03:45;0;0;0
20/12/2018;04:00;0;0;0
20/12/2018;04:15;0;0;0
20/12/2018;04:30;0;0;0
20/12/2018;04:45;0;0;0
20/12/2018;05:00;0;0;0
20/12/2018;05:15;0;0;0
20/12/2018;05:30;0;0;0
20/12/2018;05:45;0;0;0
20/12/2018;06:00;0;0;0
20/12/2018;06:15;0;0;0
20/12/2018;06:30;0;0;0
20/12/2018;06:45;0;0;0
20/12/2018;07:00;0;0;0
20/12/2018;07:15;0;0;0
20/12/2018;07:30;0;0;0
20/12/2018;07:45;0;0;0
20/12/2018;08:00;0;0;0
20/12/2018;08:15;0;0;0
20/12/2018;08:30;0;0;0
20/12/2018;08:45;0;0;0
20/12/2018;09:00;0;0;0
20/12/2018;09:15;0;0;0
20/12/2018;09:30;0;0;0
20/12/2018;09:45;0;0;0
20/12/2018;10:00;0;0;0
20/12/2018;10:15;0;0;0
20/12/2018;10:30;0;0;0
20/12/2018;10:45;0;0;0
20/12/2018;11:00;0;0;0
20/12/2018;11:15;0;0;0
20/12/2018;11:30;0;0;0
20/12/2018;11:45;0;0;0
20/12/2018;12:00;0;0;0
20/12/2018;12:15;0;0;0
20/12/2018;12:30;0;0;0
20/12/2018;12:45;0;0;0
20/12/2018;13:00;0;0;0
20/12/2018;13:15;0;0;0
20/12/2018;13:30;0;0;0
20/12/2018;13:45;0;0;0
20/12/2018;14:00;0;0;0
20/12/2018;14:15;0;0;0
20/12/2018;14:30;0;0;0
20/12/2018;14:45;0;0;0
20/12/2018;15:00;0;0;0
20/12/2018;15:15;0;0;0
20/12/2018;15:30;0;0;0
20/12/2018;15:45;0;0;0
20/12/2018;16:00;0;0;0
20/12/2018;16:15;0;0;0
20/12/2018;16:30;0;0;0
20/12/2018;16:45;0;0;0
20/12/2018;17:00;0;0;0
20/12/2018;17:15;0;0;0
20/12/2018;17:30;0;0;0
20/12/2018;17:45;0;0;0
20/12/2018;18:00;0;0;0
20/12/2018;18:15;0;0;0
20/12/2018;18:30;0;0;0
20/12/2018;18:45;0;0;0
20/12/2018;19:00;0;0;0
20/12/2018;19:15;0;0;0
20/12/2018;19:30;0;0;0
20/12/2018;19:45;0;0;0
20/12/2018;20:00;0;0;0
20/12/2018;20:15;0;0;0
20/12/2018;20:30;0;0;0
20/12/2018;20:45;0;0;0
20/12/2018;21:00;0;0;0
20/12/2018;21:15;0;0;0
20/12/2018;21:30;0;0;0
20/12/2018;21:45;0;0;0
20/12/2018;22:00;0;0;0
20/12/2018;22:15;0;0;0
20/12/2018;22:30;0;0;0
20/12/2018;22:45;0;0;0
20/12/2018;23:00;0;0;0
20/12/2018;23:15;0;0;0
20/12/2018;23:30;0;0;0
20/12/2018;23:45;0;0;0
21/12/2018;00:00;0;0;0
21/12/2018;00:15;0;0;0
21/12/2018;00:30;0;0;0
21/12/2018;00:45;0;0;0
21/12/2018;01:00;0;0;0
21/12/2018;01:15;0;0;0
21/12/2018;01:30;0;0;0
21/12/2018;01:45;0;0;0
21/12/2018;02:00;0;0;0
21/12/2018;02:15;0;0;0
21/12/2018;02:30;0;0;0
21/12/2018;02:45;0;0;0
21/12/2018;03:00;0;0;0
21/12/2018;03:15;0;0;0
21/12/2018;03:30;0;0;0
21/12/2018;03:45;0;0;0
21/12/2018;04:00;0;0;0
21/12/2018;04:15;0;0;0
21/12/2018;04:30;0;0;0
21/12/2018;04:45;0;0;0
21/12/2018;05:00;0;0;0
21/12/2018;05:15;0;0;0
21/12/2018;05:30;0;0;0
21/12/2018;05:45;0;0;0
21/12/2018;06:00;0;0;0
21/12/2018;06:15;0;0;0
21/12/2018;06:30;0;0;0
21/12/2018;06:45;0;0;0
21/12/2018;07:00;0;0;0
21/12/2018;07:15;0;0;0
21/12/2018;07:30;0;0;0
21/12/2018;07:45;0;0;0
21/12/2018;08:00;0;0;0
21/12/2018;08:15;0;0;0
21/12/2018;08:30;0;0;0
21/12/2018;08:45;0;0;0
21/12/2018;09:00;0;0;0
21/12/2018;09:15;0;0;0
21/12/2018;09:30;0;0;0
21/12/2018;09:45;0;0;0
21/12/2018;10:00;0;0;0
21/12/2018;10:15;0;0;0
21/12/2018;10:30;0;0;0
21/12/2018;10:45;0;0;0
21/12/2018;11:00;0;0;0
21/12/2018;11:15;0;0;0
21/12/2018;11:30;0;0;0
21/12/2018;11:45;0;0;0
21/12/2018;12:00;0;0;0
21/12/2018;12:15;0;0;0
21/12/2018;12:30;0;0;0
21/12/2018;12:45;0;0;0
21/12/2018;13:00;0;0;0
21/12/2018;13:15;0;0;0
21/12/2018;13:30;0;0;0
21/12/2018;13:45;0;0;0
21/12/2018;14:00;0;0;0
21/12/2018;14:15;0;0;0
21/12/2018;14:30;0;0;0
21/12/2018;14:45;0;0;0
21/12/2018;15:00;0;0;0
21/12/2018;15:15;0;0;0
21/12/2018;15:30;0;0;0
21/12/2018;15:45;0;0;0
21/12/2018;16:00;0;0;0
21/12/2018;16:15;0;0;0
21/12/2018;16:30;0;0;0
21/12/2018;16:45;0;0;0
21/12/2018;17:00;0;0;0
21/12/2018;17:15;0;0;0
21/12/2018;17:30;0;0;0
21/12/2018;17:45;0;0;0
21/12/2018;18:00;0;0;0
21/12/2018;18:15;0;0;0
21/12/2018;18:30;0;0;0
21/12/2018;18:45;0;0;0
21/12/2018;19:00;0;0;0
21/12/2018;19:15;0;0;0
21/12/2018;19:30;0;0;0
21/12/2018;19:45;0;0;0
21/12/2018;20:00;0;0;0
21/12/2018;20:15;0;0;0
21/12/2018;20:30;0;0;0
21/12/2018;20:45;0;0;0
21/12/2018;21:00;0;0;0
21/12/2018;21:15;0;0;0
21/12/2018;21:30;0;0;0
21/12/2018;21:45;0;0;0
21/12/2018;22:00;0;0;0
21/12/2018;22:15;0;0;0
21/12/2018;22:30;0;0;0
21/12/2018;22:45;0;0;0
21/12/2018;23:00;0;0;0
21/12/2018;23:15;0;0;0
21/12/2018;23:30;0;0;0
21/12/2018;23:45;0;0;0
22/12/2018;00:00;0;0;0
22/12/2018;00:15;0;0;0
22/12/2018;00:30;0;0;0
22/12/2018;00:45;0;0;0
22/12/2018;01:00;0;0;0
22/12/2018;01:15;0;0;0
22/12/2018;01:30;0;0;0
22/12/2018;01:45;0;0;0
22/12/2018;02:00;0;0;0
22/12/2018;02:15;0;0;0
22/12/2018;02:30;0;0;0
22/12/2018;02:45;0;0;0
22/12/2018;03:00;0;0;0
22/12/2018;03:15;0;0;0
22/12/2018;03:30;0;0;0
22/12/2018;03:45;0;0;0
22/12/2018;04:00;0;0;0
22/12/2018;04:15;0;0;0
22/12/2018;04:30;0;0;0
22/12/2018;04:45;0;0;0
22/12/2018;05:00;0;0;0
22/12/2018;05:15;0;0;0
22/12/2018;05:30;0;0;0
22/12/2018;05:45;0;0;0
22/12/2018;06:00;0;0;0
22/12/2018;06:15;0;0;0
22/12/2018;06:30;0;0;0
22/12/2018;06:45;0;0;0
22/12/2018;07:00;0;0;0
22/12/2018;07:15;0;0;0
22/12/2018;07:30;0;0;0
22/12/2018;07:45;0;0;0
22/12/2018;08:00;0;0;0
22/12/2018;08:15;0;0;0
22/12/2018;08:30;0;0;0
22/12/2018;08:45;0;0;0
22/12/2018;09:00;0;0;0
22/12/2018;09:15;0;0;0
22/12/2018;09:30;0;0;0
22/12/2018;09:45;0;0;0
22/12/2018;10:00;0;0;0
22/12/2018;10:15;0;0;0
22/12/2018;10:30;0;0;0
22/12/2018;10:45;0;0;0
22/12/2018;11:00;0;0;0
22/12/2018;11:15;0;0;0
22/12/2018;11:30;0;0;0
22/12/2018;11:45;0;0;0
22/12/2018;12:00;0;0;0
22/12/2018;12:15;0;0;0
22/12/2018;12:30;0;0;0
22/12/2018;12:45;0;0;0
22/12/2018;13:00;0;0;0
22/12/2018;13:15;0;0;0
22/12/2018;13:30;0;0;0
22/12/2018;13:45;0;0;0
22/12/2018;14:00;0;0;0
22/12/2018;14:15;0;0;0
22/12/2018;14:30;0;0;0
22/12/2018;14:45;0;0;0
22/12/2018;15:00;0;0;0
22/12/2018;15:15;0;0;0
22/12/2018;15:30;0;0;0
22/12/2018;15:45;0;0;0
22/12/2018;16:00;0;0;0
22/12/2018;16:15;0;0;0
22/12/2018;16:30;0;0;0
22/12/2018;16:45;0;0;0
22/12/2018;17:00;0;0;0
22/12/2018;17:15;0;0;0
22/12/2018;17:30;0;0;0
22/12/2018;17:45;0;0;0
22/12/2018;18:00;0;0;0
22/12/2018;18:15;0;0;0
22/12/2018;18:30;0;0;0
22/12/2018;18:45;0;0;0
22/12/2018;19:00;0;0;0
22/12/2018;19:15;0;0;0
22/12/2018;19:30;0;0;0
22/12/2018;19:45;0;0;0
22/12/2018;20:00;0;0;0
22/12/2018;20:15;0;0;0
22/12/2018;20:30;0;0;0
22/12/2018;20:45;0;0;0
22/12/2018;21:00;0;0;0
22/12/2018;21:15;0;0;0
22/12/2018;21:30;0;0;0
22/12/2018;21:45;0;0;0
22/12/2018;22:00;0;0;0
22/12/2018;22:15;0;0;0
22/12/2018;22:30;0;0;0
22/12/2018;22:45;0;0;0
22/12/2018;23:00;0;0;0
22/12/2018;23:15;0;0;0
22/12/2018;23:30;0;0;0
22/12/2018;23:45;0;0;0
23/12/2018;00:00;0;0;0
23/12/2018;00:15;0;0;0
23/12/2018;00:30;0;0;0
23/12/2018;00:45;0;0;0
23/12/2018;01:00;0;0;0
23/12/2018;01:15;0;0;0
23/12/2018;01:30;0;0;0
23/12/2018;01:45;0;0;0
23/12/2018;02:00;0;0;0
23/12/2018;02:15;0;0;0
23/12/2018;02:30;0;0;0
23/12/2018;02:45;0;0;0
23/12/2018;03:00;0;0;0
23/12/2018;03:15;0;0;0
23/12/2018;03:30;0;0;0
23/12/2018;03:45;0;0;0
23/12/2018;04:00;0;0;0
23/12/2018;04:15;0;0;0
23/12/2018;04:30;0;0;0
23/12/2018;04:45;0;0;0
23/12/2018;05:00;0;0;0
23/12/2018;05:15;0;0;0
23/12/2018;05:30;0;0;0
23/12/2018;05:45;0;0;0
23/12/2018;06:00;0;0;0
23/12/2018;06:15;0;0;0
23/12/2018;06:30;0;0;0
23/12/2018;06:45;0;0;0
23/12/2018;07:00;0;0;0
23/12/2018;07:15;0;0;0
23/12/2018;07:30;0;0;0
23/12/2018;07:45;0;0;0
23/12/2018;08:00;0;0;0
23/12/2018;08:15;0;0;0
23/12/2018;08:30;0;0;0
23/12/2018;08:45;0;0;0
23/12/2018;09:00;0;0;0
23/12/2018;09:15;0;0;0
23/12/2018;09:30;0;0;0
23/12/2018;09:45;0;0;0
23/12/2018;10:00;0;0;0
23/12/2018;10:15;0;0;0
23/12/2018;10:30;0;0;0
23/12/2018;10:45;0;0;0
23/12/2018;11:00;0;0;0
23/12/2018;11:15;0;0;0
23/12/2018;11:30;0;0;0
23/12/2018;11:45;0;0;0
23/12/2018;12:00;0;0;0
23/12/2018;12:15;0;0;0
23/12/2018;12:30;0;0;0
23/12/2018;12:45;0;0;0
23/12/2018;13:00;0;0;0
23/12/2018;13:15;0;0;0
23/12/2018;13:30;0;0;0
23/12/2018;13:45;0;0;0
23/12/2018;14:00;0;0;0
23/12/2018;14:15;0;0;0
23/12/2018;14:30;0;0;0
23/12/2018;14:45;0;0;0
23/12/2018;15:00;0;0;0
23/12/2018;15:15;0;0;0
23/12/2018;15:30;0;0;0
23/12/2018;15:45;0;0;0
23/12/2018;16:00;0;0;0
23/12/2018;16:15;0;0;0
23/12/2018;16:30;0;0;0
23/12/2018;16:45;0;0;0
23/12/2018;17:00;0;0;0
23/12/2018;17:15;0;0;0
23/12/2018;17:30;0;0;0
23/12/2018;17:45;0;0;0
23/12/2018;18:00;0;0;0
23/12/2018;18:15;0;0;0
23/12/2018;18:30;0;0;0
23/12/2018;18:45;0;0;0
23/12/2018;19:00;0;0;0
23/12/2018;19:15;0;0;0
23/12/2018;19:30;0;0;0
23/12/2018;19:45;0;0;0
23/12/2018;20:00;0;0;0
23/12/2018;20:15;0;0;0
23/12/2018;20:30;0;0;0
23/12/2018;20:45;0;0;0
23/12/2018;21:00;0;0;0
23/12/2018;21:15;0;0;0
23/12/2018;21:30;0;0;0
23/12/2018;21:45;0;0;0
23/12/2018;22:00;0;0;0
23/12/2018;22:15;0;0;0
23/12/2018;22:30;0;0;0
23/12/2018;22:45;0;0;0
23/12/2018;23:00;0;0;0
23/12/2018;23:15;0;0;0
23/12/2018;23:30;0;0;0
23/12/2018;23:45;0;0;0
24/12/2018;00:00;0;0;0
24/12/2018;00:15;0;0;0
24/12/2018;00:30;0;0;0
24/12/2018;00:45;0;0;0
24/12/2018;01:00;0;0;0
24/12/2018;01:15;0;0;0
24/12/2018;01:30;0;0;0
24/12/2018;01:45;0;0;0
24/12/2018;02:00;0;0;0
24/12/2018;02:15;0;0;0
24/12/2018;02:30;0;0;0
24/12/2018;02:45;0;0;0
24/12/2018;03:00;0;0;0
24/12/2018;03:15;0;0;0
24/12/2018;03:30;0;0;0
24/12/2018;03:45;0;0;0
24/12/2018;04:00;0;0;0
24/12/2018;04:15;0;0;0
24/12/2018;04:30;0;0;0
24/12/2018;04:45;0;0;0
24/12/2018;05:00;0;0;0
24/12/2018;05:15;0;0;0
24/12/2018;05:30;0;0;0
24/12/2018;05:45;0;0;0
24/12/2018;06:00;0;0;0
24/12/2018;06:15;0;0;0
24/12/2018;06:30;0;0;0
24/12/2018;06:45;0;0;0
24/12/2018;07:00;0;0;0
24/12/2018;07:15;0;0;0
24/12/2018;07:30;0;0;0
24/12/2018;07:45;0;0;0
24/12/2018;08:00;0;0;0
24/12/2018;08:15;0;0;0
24/12/2018;08:30;0;0;0
24/12/2018;08:45;0;0;0
24/12/2018;09:00;0;0;0
24/12/2018;09:15;0;0;0
24/12/2018;09:30;0;0;0
24/12/2018;09:45;0;0;0
24/12/2018;10:00;0;0;0
24/12/2018;10:15;0;0;0
24/12/2018;10:30;0;0;0
24/12/2018;10:45;0;0;0
24/12/2018;11:00;0;0;0
24/12/2018;11:15;0;0;0
24/12/2018;11:30;0;0;0
24/12/2018;11:45;0;0;0
24/12/2018;12:00;0;0;0
24/12/2018;12:15;0;0;0
24/12/2018;12:30;0;0;0
24/12/2018;12:45;0;0;0
24/12/2018;13:00;0;0;0
24/12/2018;13:15;0;0;0
24/12/2018;13:30;0;0;0
24/12/2018;13:45;0;0;0
24/12/2018;14:00;0;0;0
24/12/2018;14:15;0;0;0
24/12/2018;14:30;0;0;0
24/12/2018;14:45;0;0;0
24/12/2018;15:00;0;0;0
24/12/2018;15:15;0;0;0
24/12/2018;15:30;0;0;0
24/12/2018;15:45;0;0;0
24/12/2018;16:00;0;0;0
24/12/2018;16:15;0;0;0
24/12/2018;16:30;0;0;0
24/12/2018;16:45;0;0;0
24/12/2018;17:00;0;0;0
24/12/2018;17:15;0;0;0
24/12/2018;17:30;0;0;0
24/12/2018;17:45;0;0;0
24/12/2018;18:00;0;0;0
24/12/2018;18:15;0;0;0
24/12/2018;18:30;0;0;0
24/12/2018;18:45;0;0;0
24/12/2018;19:00;0;0;0
24/12/2018;19:15;0;0;0
24/12/2018;19:30;0;0;0
24/12/2018;19:45;0;0;0
24/12/2018;20:00;0;0;0
24/12/2018;20:15;0;0;0
24/12/2018;20:30;0;0;0
24/12/2018;20:45;0;0;0
24/12/2018;21:00;0;0;0
24/12/2018;21:15;0;0;0
24/12/2018;21:30;0;0;0
24/12/2018;21:45;0;0;0
24/12/2018;22:00;0;0;0
24/12/2018;22:15;0;0;0
24/12/2018;22:30;0;0;0
24/12/2018;22:45;0;0;0
24/12/2018;23:00;0;0;0
24/12/2018;23:15;0;0;0
24/12/2018;23:30;0;0;0
24/12/2018;23:45;0;0;0
25/12/2018;00:00;0;0;0
25/12/2018;00:15;0;0;0
25/12/2018;00:30;0;0;0
25/12/2018;00:45;0;0;0
25/12/2018;01:00;0;0;0
25/12/2018;01:15;0;0;0
25/12/2018;01:30;0;0;0
25/12/2018;01:45;0;0;0
25/12/2018;02:00;0;0;0
25/12/2018;02:15;0;0;0
25/12/2018;02:30;0;0;0
25/12/2018;02:45;0;0;0
25/12/2018;03:00;0;0;0
25/12/2018;03:15;0;0;0
25/12/2018;03:30;0;0;0
25/12/2018;03:45;0;0;0
25/12/2018;04:00;0;0;0
25/12/2018;04:15;0;0;0
25/12/2018;04:30;0;0;0
25/12/2018;04:45;0;0;0
25/12/2018;05:00;0;0;0
25/12/2018;05:15;0;0;0
25/12/2018;05:30;0;0;0
25/12/2018;05:45;0;0;0
25/12/2018;06:00;0;0;0
25/12/2018;06:15;0;0;0
25/12/2018;06:30;0;0;0
25/12/2018;06:45;0;0;0
25/12/2018;07:00;0;0;0
25/12/2018;07:15;0;0;0
25/12/2018;07:30;0;0;0
25/12/2018;07:45;0;0;0
25/12/2018;08:00;0;0;0
25/12/2018;08:15;0;0;0
25/12/2018;08:30;0;0;0
25/12/2018;08:45;0;0;0
25/12/2018;09:00;0;0;0
25/12/2018;09:15;0;0;0
25/12/2018;09:30;0;0;0
25/12/2018;09:45;0;0;0
25/12/2018;10:00;0;0;0
25/12/2018;10:15;0;0;0
25/12/2018;10:30;0;0;0
25/12/2018;10:45;0;0;0
25/12/2018;11:00;0;0;0
25/12/2018;11:15;0;0;0
25/12/2018;11:30;0;0;0
25/12/2018;11:45;0;0;0
25/12/2018;12:00;0;0;0
25/12/2018;12:15;0;0;0
25/12/2018;12:30;0;0;0
25/12/2018;12:45;0;0;0
25/12/2018;13:00;0;0;0
25/12/2018;13:15;0;0;0
25/12/2018;13:30;0;0;0
25/12/2018;13:45;0;0;0
25/12/2018;14:00;0;0;0
25/12/2018;14:15;0;0;0
25/12/2018;14:30;0;0;0
25/12/2018;14:45;0;0;0
25/12/2018;15:00;0;0;0
25/12/2018;15:15;0;0;0
25/12/2018;15:30;0;0;0
25/12/2018;15:45;0;0;0
25/12/2018;16:00;0;0;0
25/12/2018;16:15;0;0;0
25/12/2018;16:30;0;0;0
25/12/2018;16:45;0;0;0
25/12/2018;17:00;0;0;0
25/12/2018;17:15;0;0;0
25/12/2018;17:30;0;0;0
25/12/2018;17:45;0;0;0
25/12/2018;18:00;0;0;0
25/12/2018;18:15;0;0;0
25/12/2018;18:30;0;0;0
25/12/2018;18:45;0;0;0
25/12/2018;19:00;0;0;0
25/12/2018;19:15;0;0;0
25/12/2018;19:30;0;0;0
25/12/2018;19:45;0;0;0
25/12/2018;20:00;0;0;0
25/12/2018;20:15;0;0;0
25/12/2018;20:30;0;0;0
25/12/2018;20:45;0;0;0
25/12/2018;21:00;0;0;0
25/12/2018;21:15;0;0;0
25/12/2018;21:30;0;0;0
25/12/2018;21:45;0;0;0
25/12/2018;22:00;0;0;0
25/12/2018;22:15;0;0;0
25/12/2018;22:30;0;0;0
25/12/2018;22:45;0;0;0
25/12/2018;23:00;0;0;0
25/12/2018;23:15;0;0;0
25/12/2018;23:30;0;0;0
25/12/2018;23:45;0;0;0
26/12/2018;00:00;0;0;0
26/12/2018;00:15;0;0;0
26/12/2018;00:30;0;0;0
26/12/2018;00:45;0;0;0
26/12/2018;01:00;0;0;0
26/12/2018;01:15;0;0;0
26/12/2018;01:30;0;0;0
26/12/2018;01:45;0;0;0
26/12/2018;02:00;0;0;0
26/12/2018;02:15;0;0;0
26/12/2018;02:30;0;0;0
26/12/2018;02:45;0;0;0
26/12/2018;03:00;0;0;0
26/12/2018;03:15;0;0;0
26/12/2018;03:30;0;0;0
26/12/2018;03:45;0;0;0
26/12/2018;04:00;0;0;0
26/12/2018;04:15;0;0;0
26/12/2018;04:30;0;0;0
26/12/2018;04:45;0;0;0
26/12/2018;05:00;0;0;0
26/12/2018;05:15;0;0;0
26/12/2018;05:30;0;0;0
26/12/2018;05:45;0;0;0
26/12/2018;06:00;0;0;0
26/12/2018;06:15;0;0;0
26/12/2018;06:30;0;0;0
26/12/2018;06:45;0;0;0
26/12/2018;07:00;0;0;0
26/12/2018;07:15;1;0;1
26/12/2018;07:30;0;0;0
26/12/2018;07:45;0;0;0
26/12/2018;08:00;0;0;0
26/12/2018;08:15;0;0;0
26/12/2018;08:30;0;0;0
26/12/2018;08:45;0;0;0
26/12/2018;09:00;0;0;0
26/12/2018;09:15;0;0;0
26/12/2018;09:30;0;0;0
26/12/2018;09:45;0;0;0
26/12/2018;10:00;0;0;0
26/12/2018;10:15;0;0;0
26/12/2018;10:30;0;0;0
26/12/2018;10:45;0;0;0
26/12/2018;11:00;0;0;0
26/12/2018;11:15;0;0;0
26/12/2018;11:30;0;0;0
26/12/2018;11:45;0;0;0
26/12/2018;12:00;0;0;0
26/12/2018;12:15;0;0;0
26/12/2018;12:30;0;0;0
26/12/2018;12:45;0;0;0
26/12/2018;13:00;0;0;0
26/12/2018;13:15;0;0;0
26/12/2018;13:30;0;0;0
26/12/2018;13:45;0;0;0
26/12/2018;14:00;0;0;0
26/12/2018;14:15;0;0;0
26/12/2018;14:30;0;0;0
26/12/2018;14:45;0;0;0
26/12/2018;15:00;0;0;0
26/12/2018;15:15;0;0;0
26/12/2018;15:30;0;0;0
26/12/2018;15:45;0;0;0
26/12/2018;16:00;0;0;0
26/12/2018;16:15;0;0;0
26/12/2018;16:30;0;0;0
26/12/2018;16:45;0;0;0
26/12/2018;17:00;0;0;0
26/12/2018;17:15;0;0;0
26/12/2018;17:30;0;0;0
26/12/2018;17:45;0;0;0
26/12/2018;18:00;0;0;0
26/12/2018;18:15;0;0;0
26/12/2018;18:30;0;0;0
26/12/2018;18:45;0;0;0
26/12/2018;19:00;0;0;0
26/12/2018;19:15;0;0;0
26/12/2018;19:30;0;0;0
26/12/2018;19:45;0;0;0
26/12/2018;20:00;0;0;0
26/12/2018;20:15;0;0;0
26/12/2018;20:30;0;0;0
26/12/2018;20:45;0;0;0
26/12/2018;21:00;0;0;0
26/12/2018;21:15;0;0;0
26/12/2018;21:30;0;0;0
26/12/2018;21:45;0;0;0
26/12/2018;22:00;0;0;0
26/12/2018;22:15;0;0;0
26/12/2018;22:30;0;0;0
26/12/2018;22:45;0;0;0
26/12/2018;23:00;0;0;0
26/12/2018;23:15;0;0;0
26/12/2018;23:30;0;0;0
26/12/2018;23:45;0;0;0
27/12/2018;00:00;0;0;0
27/12/2018;00:15;0;0;0
27/12/2018;00:30;0;0;0
27/12/2018;00:45;0;0;0
27/12/2018;01:00;0;0;0
27/12/2018;01:15;0;0;0
27/12/2018;01:30;0;0;0
27/12/2018;01:45;0;0;0
27/12/2018;02:00;0;0;0
27/12/2018;02:15;0;0;0
27/12/2018;02:30;0;0;0
27/12/2018;02:45;0;0;0
27/12/2018;03:00;0;0;0
27/12/2018;03:15;0;0;0
27/12/2018;03:30;0;0;0
27/12/2018;03:45;0;0;0
27/12/2018;04:00;0;0;0
27/12/2018;04:15;0;0;0
27/12/2018;04:30;0;0;0
27/12/2018;04:45;0;0;0
27/12/2018;05:00;0;0;0
27/12/2018;05:15;0;0;0
27/12/2018;05:30;0;0;0
27/12/2018;05:45;0;0;0
27/12/2018;06:00;0;0;0
27/12/2018;06:15;0;0;0
27/12/2018;06:30;0;0;0
27/12/2018;06:45;0;0;0
27/12/2018;07:00;0;0;0
27/12/2018;07:15;0;0;0
27/12/2018;07:30;0;0;0
27/12/2018;07:45;0;0;0
27/12/2018;08:00;0;0;0
27/12/2018;08:15;0;0;0
27/12/2018;08:30;0;0;0
27/12/2018;08:45;0;0;0
27/12/2018;09:00;0;0;0
27/12/2018;09:15;0;0;0
27/12/2018;09:30;0;0;0
27/12/2018;09:45;0;0;0
27/12/2018;10:00;0;0;0
27/12/2018;10:15;0;0;0
27/12/2018;10:30;0;0;0
27/12/2018;10:45;0;0;0
27/12/2018;11:00;0;0;0
27/12/2018;11:15;0;0;0
27/12/2018;11:30;0;0;0
27/12/2018;11:45;0;0;0
27/12/2018;12:00;0;0;0
27/12/2018;12:15;0;0;0
27/12/2018;12:30;0;0;0
27/12/2018;12:45;0;0;0
27/12/2018;13:00;0;0;0
27/12/2018;13:15;0;0;0
27/12/2018;13:30;0;0;0
27/12/2018;13:45;0;0;0
27/12/2018;14:00;0;0;0
27/12/2018;14:15;0;0;0
27/12/2018;14:30;0;0;0
27/12/2018;14:45;0;0;0
27/12/2018;15:00;0;0;0
27/12/2018;15:15;0;0;0
27/12/2018;15:30;0;0;0
27/12/2018;15:45;0;0;0
27/12/2018;16:00;0;0;0
27/12/2018;16:15;0;0;0
27/12/2018;16:30;0;0;0
27/12/2018;16:45;0;0;0
27/12/2018;17:00;0;0;0
27/12/2018;17:15;0;0;0
27/12/2018;17:30;0;0;0
27/12/2018;17:45;0;0;0
27/12/2018;18:00;0;0;0
27/12/2018;18:15;0;0;0
27/12/2018;18:30;0;0;0
27/12/2018;18:45;0;0;0
27/12/2018;19:00;0;0;0
27/12/2018;19:15;0;0;0
27/12/2018;19:30;0;0;0
27/12/2018;19:45;0;0;0
27/12/2018;20:00;0;0;0
27/12/2018;20:15;0;0;0
27/12/2018;20:30;0;0;0
27/12/2018;20:45;0;0;0
27/12/2018;21:00;0;0;0
27/12/2018;21:15;0;0;0
27/12/2018;21:30;0;0;0
27/12/2018;21:45;0;0;0
27/12/2018;22:00;0;0;0
27/12/2018;22:15;0;0;0
27/12/2018;22:30;0;0;0
27/12/2018;22:45;0;0;0
27/12/2018;23:00;0;0;0
27/12/2018;23:15;0;0;0
27/12/2018;23:30;0;0;0
27/12/2018;23:45;0;0;0
28/12/2018;00:00;0;0;0
28/12/2018;00:15;0;0;0
28/12/2018;00:30;0;0;0
28/12/2018;00:45;0;0;0
28/12/2018;01:00;0;0;0
28/12/2018;01:15;0;0;0
28/12/2018;01:30;0;0;0
28/12/2018;01:45;0;0;0
28/12/2018;02:00;0;0;0
28/12/2018;02:15;0;0;0
28/12/2018;02:30;0;0;0
28/12/2018;02:45;0;0;0
28/12/2018;03:00;0;0;0
28/12/2018;03:15;0;0;0
28/12/2018;03:30;0;0;0
28/12/2018;03:45;0;0;0
28/12/2018;04:00;0;0;0
28/12/2018;04:15;0;0;0
28/12/2018;04:30;0;0;0
28/12/2018;04:45;0;0;0
28/12/2018;05:00;0;0;0
28/12/2018;05:15;0;0;0
28/12/2018;05:30;0;0;0
28/12/2018;05:45;0;0;0
28/12/2018;06:00;0;0;0
28/12/2018;06:15;0;0;0
28/12/2018;06:30;0;0;0
28/12/2018;06:45;0;0;0
28/12/2018;07:00;0;0;0
28/12/2018;07:15;0;0;0
28/12/2018;07:30;0;0;0
28/12/2018;07:45;0;0;0
28/12/2018;08:00;0;0;0
28/12/2018;08:15;0;0;0
28/12/2018;08:30;0;0;0
28/12/2018;08:45;0;0;0
28/12/2018;09:00;0;0;0
28/12/2018;09:15;0;0;0
28/12/2018;09:30;0;0;0
28/12/2018;09:45;0;0;0
28/12/2018;10:00;0;0;0
28/12/2018;10:15;0;0;0
28/12/2018;10:30;0;0;0
28/12/2018;10:45;0;0;0
28/12/2018;11:00;0;0;0
28/12/2018;11:15;0;0;0
28/12/2018;11:30;0;0;0
28/12/2018;11:45;0;0;0
28/12/2018;12:00;0;0;0
28/12/2018;12:15;0;0;0
28/12/2018;12:30;0;0;0
28/12/2018;12:45;0;0;0
28/12/2018;13:00;0;0;0
28/12/2018;13:15;0;0;0
28/12/2018;13:30;0;0;0
28/12/2018;13:45;0;0;0
28/12/2018;14:00;0;0;0
28/12/2018;14:15;0;0;0
28/12/2018;14:30;0;0;0
28/12/2018;14:45;0;0;0
28/12/2018;15:00;0;0;0
28/12/2018;15:15;0;0;0
28/12/2018;15:30;0;0;0
28/12/2018;15:45;0;0;0
28/12/2018;16:00;0;0;0
28/12/2018;16:15;0;0;0
28/12/2018;16:30;0;0;0
28/12/2018;16:45;0;0;0
28/12/2018;17:00;0;0;0
28/12/2018;17:15;0;0;0
28/12/2018;17:30;0;0;0
28/12/2018;17:45;0;0;0
28/12/2018;18:00;0;0;0
28/12/2018;18:15;0;0;0
28/12/2018;18:30;0;0;0
28/12/2018;18:45;0;0;0
28/12/2018;19:00;0;0;0
28/12/2018;19:15;0;0;0
28/12/2018;19:30;0;0;0
28/12/2018;19:45;0;0;0
28/12/2018;20:00;0;0;0
28/12/2018;20:15;0;0;0
28/12/2018;20:30;0;0;0
28/12/2018;20:45;0;0;0
28/12/2018;21:00;0;0;0
28/12/2018;21:15;0;0;0
28/12/2018;21:30;0;0;0
28/12/2018;21:45;0;0;0
28/12/2018;22:00;0;0;0
28/12/2018;22:15;0;0;0
28/12/2018;22:30;0;0;0
28/12/2018;22:45;0;0;0
28/12/2018;23:00;0;0;0
28/12/2018;23:15;0;0;0
28/12/2018;23:30;0;0;0
28/12/2018;23:45;0;0;0
29/12/2018;00:00;0;0;0
29/12/2018;00:15;0;0;0
29/12/2018;00:30;0;0;0
29/12/2018;00:45;0;0;0
29/12/2018;01:00;0;0;0
29/12/2018;01:15;0;0;0
29/12/2018;01:30;0;0;0
29/12/2018;01:45;0;0;0
29/12/2018;02:00;0;0;0
29/12/2018;02:15;0;0;0
29/12/2018;02:30;0;0;0
29/12/2018;02:45;0;0;0
29/12/2018;03:00;0;0;0
29/12/2018;03:15;0;0;0
29/12/2018;03:30;0;0;0
29/12/2018;03:45;0;0;0
29/12/2018;04:00;0;0;0
29/12/2018;04:15;0;0;0
29/12/2018;04:30;0;0;0
29/12/2018;04:45;0;0;0
29/12/2018;05:00;0;0;0
29/12/2018;05:15;0;0;0
29/12/2018;05:30;0;0;0
29/12/2018;05:45;0;0;0
29/12/2018;06:00;0;0;0
29/12/2018;06:15;0;0;0
29/12/2018;06:30;0;0;0
29/12/2018;06:45;0;0;0
29/12/2018;07:00;0;0;0
29/12/2018;07:15;0;0;0
29/12/2018;07:30;0;0;0
29/12/2018;07:45;0;0;0
29/12/2018;08:00;0;0;0
29/12/2018;08:15;0;0;0
29/12/2018;08:30;0;0;0
29/12/2018;08:45;0;0;0
29/12/2018;09:00;0;0;0
29/12/2018;09:15;0;0;0
29/12/2018;09:30;0;0;0
29/12/2018;09:45;0;0;0
29/12/2018;10:00;0;0;0
29/12/2018;10:15;0;0;0
29/12/2018;10:30;0;0;0
29/12/2018;10:45;0;0;0
29/12/2018;11:00;0;0;0
29/12/2018;11:15;0;0;0
29/12/2018;11:30;0;0;0
29/12/2018;11:45;0;0;0
29/12/2018;12:00;0;0;0
29/12/2018;12:15;0;0;0
29/12/2018;12:30;0;0;0
29/12/2018;12:45;0;0;0
29/12/2018;13:00;0;0;0
29/12/2018;13:15;0;0;0
29/12/2018;13:30;0;0;0
29/12/2018;13:45;0;0;0
29/12/2018;14:00;0;0;0
29/12/2018;14:15;0;0;0
29/12/2018;14:30;0;0;0
29/12/2018;14:45;0;0;0
29/12/2018;15:00;0;0;0
29/12/2018;15:15;0;0;0
29/12/2018;15:30;0;0;0
29/12/2018;15:45;0;0;0
29/12/2018;16:00;0;0;0
29/12/2018;16:15;0;0;0
29/12/2018;16:30;0;0;0
29/12/2018;16:45;0;0;0
29/12/2018;17:00;0;0;0
29/12/2018;17:15;0;0;0
29/12/2018;17:30;0;0;0
29/12/2018;17:45;0;0;0
29/12/2018;18:00;0;0;0
29/12/2018;18:15;0;0;0
29/12/2018;18:30;0;0;0
29/12/2018;18:45;0;0;0
29/12/2018;19:00;0;0;0
29/12/2018;19:15;0;0;0
29/12/2018;19:30;0;0;0
29/12/2018;19:45;0;0;0
29/12/2018;20:00;0;0;0
29/12/2018;20:15;0;0;0
29/12/2018;20:30;0;0;0
29/12/2018;20:45;0;0;0
29/12/2018;21:00;0;0;0
29/12/2018;21:15;0;0;0
29/12/2018;21:30;0;0;0
29/12/2018;21:45;0;0;0
29/12/2018;22:00;0;0;0
29/12/2018;22:15;0;0;0
29/12/2018;22:30;0;0;0
29/12/2018;22:45;0;0;0
29/12/2018;23:00;0;0;0
29/12/2018;23:15;0;0;0
29/12/2018;23:30;0;0;0
29/12/2018;23:45;0;0;0
30/12/2018;00:00;0;0;0
30/12/2018;00:15;0;0;0
30/12/2018;00:30;0;0;0
30/12/2018;00:45;0;0;0
30/12/2018;01:00;0;0;0
30/12/2018;01:15;0;0;0
30/12/2018;01:30;0;0;0
30/12/2018;01:45;0;0;0
30/12/2018;02:00;0;0;0
30/12/2018;02:15;0;0;0
30/12/2018;02:30;0;0;0
30/12/2018;02:45;0;0;0
30/12/2018;03:00;0;0;0
30/12/2018;03:15;0;0;0
30/12/2018;03:30;0;0;0
30/12/2018;03:45;0;0;0
30/12/2018;04:00;0;0;0
30/12/2018;04:15;0;0;0
30/12/2018;04:30;0;0;0
30/12/2018;04:45;0;0;0
30/12/2018;05:00;0;0;0
30/12/2018;05:15;0;0;0
30/12/2018;05:30;0;0;0
30/12/2018;05:45;0;0;0
30/12/2018;06:00;0;0;0
30/12/2018;06:15;0;0;0
30/12/2018;06:30;0;0;0
30/12/2018;06:45;0;0;0
30/12/2018;07:00;0;0;0
30/12/2018;07:15;0;0;0
30/12/2018;07:30;0;0;0
30/12/2018;07:45;0;0;0
30/12/2018;08:00;0;0;0
30/12/2018;08:15;0;0;0
30/12/2018;08:30;0;0;0
30/12/2018;08:45;0;0;0
30/12/2018;09:00;0;0;0
30/12/2018;09:15;0;0;0
30/12/2018;09:30;0;0;0
30/12/2018;09:45;0;0;0
30/12/2018;10:00;0;0;0
30/12/2018;10:15;0;0;0
30/12/2018;10:30;0;0;0
30/12/2018;10:45;0;0;0
30/12/2018;11:00;0;0;0
30/12/2018;11:15;0;0;0
30/12/2018;11:30;0;0;0
30/12/2018;11:45;0;0;0
30/12/2018;12:00;0;0;0
30/12/2018;12:15;0;0;0
30/12/2018;12:30;0;0;0
30/12/2018;12:45;0;0;0
30/12/2018;13:00;0;0;0
30/12/2018;13:15;0;0;0
30/12/2018;13:30;0;0;0
30/12/2018;13:45;0;0;0
30/12/2018;14:00;0;0;0
30/12/2018;14:15;0;0;0
30/12/2018;14:30;0;0;0
30/12/2018;14:45;0;0;0
30/12/2018;15:00;0;0;0
30/12/2018;15:15;0;0;0
30/12/2018;15:30;0;0;0
30/12/2018;15:45;0;0;0
30/12/2018;16:00;0;0;0
30/12/2018;16:15;0;0;0
30/12/2018;16:30;0;0;0
30/12/2018;16:45;0;0;0
30/12/2018;17:00;0;0;0
30/12/2018;17:15;0;0;0
30/12/2018;17:30;0;0;0
30/12/2018;17:45;0;0;0
30/12/2018;18:00;0;0;0
30/12/2018;18:15;0;0;0
30/12/2018;18:30;0;0;0
30/12/2018;18:45;0;0;0
30/12/2018;19:00;0;0;0
30/12/2018;19:15;0;0;0
30/12/2018;19:30;0;0;0
30/12/2018;19:45;0;0;0
30/12/2018;20:00;0;0;0
30/12/2018;20:15;0;0;0
30/12/2018;20:30;0;0;0
30/12/2018;20:45;0;0;0
30/12/2018;21:00;0;0;0
30/12/2018;21:15;0;0;0
30/12/2018;21:30;0;0;0
30/12/2018;21:45;0;0;0
30/12/2018;22:00;0;0;0
30/12/2018;22:15;0;0;0
30/12/2018;22:30;0;0;0
30/12/2018;22:45;0;0;0
30/12/2018;23:00;0;0;0
30/12/2018;23:15;0;0;0
30/12/2018;23:30;0;0;0
30/12/2018;23:45;0;0;0
31/12/2018;00:00;0;0;0
31/12/2018;00:15;0;0;0
31/12/2018;00:30;0;0;0
31/12/2018;00:45;0;0;0
31/12/2018;01:00;0;0;0
31/12/2018;01:15;0;0;0
31/12/2018;01:30;0;0;0
31/12/2018;01:45;0;0;0
31/12/2018;02:00;0;0;0
31/12/2018;02:15;0;0;0
31/12/2018;02:30;0;0;0
31/12/2018;02:45;0;0;0
31/12/2018;03:00;0;0;0
31/12/2018;03:15;0;0;0
31/12/2018;03:30;0;0;0
31/12/2018;03:45;0;0;0
31/12/2018;04:00;0;0;0
31/12/2018;04:15;0;0;0
31/12/2018;04:30;0;0;0
31/12/2018;04:45;0;0;0
31/12/2018;05:00;0;0;0
31/12/2018;05:15;0;0;0
31/12/2018;05:30;0;0;0
31/12/2018;05:45;0;0;0
31/12/2018;06:00;0;0;0
31/12/2018;06:15;0;0;0
31/12/2018;06:30;0;0;0
31/12/2018;06:45;0;0;0
31/12/2018;07:00;0;0;0
31/12/2018;07:15;0;0;0
31/12/2018;07:30;0;0;0
31/12/2018;07:45;0;0;0
31/12/2018;08:00;0;0;0
31/12/2018;08:15;0;0;0
31/12/2018;08:30;0;0;0
31/12/2018;08:45;0;0;0
31/12/2018;09:00;0;0;0
31/12/2018;09:15;0;0;0
31/12/2018;09:30;0;0;0
31/12/2018;09:45;0;0;0
31/12/2018;10:00;0;0;0
31/12/2018;10:15;0;0;0
31/12/2018;10:30;0;0;0
31/12/2018;10:45;0;0;0
31/12/2018;11:00;0;0;0
31/12/2018;11:15;0;0;0
31/12/2018;11:30;0;0;0
31/12/2018;11:45;0;0;0
31/12/2018;12:00;0;0;0
31/12/2018;12:15;0;0;0
31/12/2018;12:30;0;0;0
31/12/2018;12:45;0;0;0
31/12/2018;13:00;0;0;0
31/12/2018;13:15;0;0;0
31/12/2018;13:30;0;0;0
31/12/2018;13:45;0;0;0
31/12/2018;14:00;0;0;0
31/12/2018;14:15;0;0;0
31/12/2018;14:30;0;0;0
31/12/2018;14:45;0;0;0
31/12/2018;15:00;0;0;0
31/12/2018;15:15;0;0;0
31/12/2018;15:30;0;0;0
31/12/2018;15:45;0;0;0
31/12/2018;16:00;0;0;0
31/12/2018;16:15;0;0;0
31/12/2018;16:30;0;0;0
31/12/2018;16:45;0;0;0
31/12/2018;17:00;0;0;0
31/12/2018;17:15;0;0;0
31/12/2018;17:30;0;0;0
31/12/2018;17:45;0;0;0
31/12/2018;18:00;0;0;0
31/12/2018;18:15;0;0;0
31/12/2018;18:30;0;0;0
31/12/2018;18:45;0;0;0
31/12/2018;19:00;0;0;0
31/12/2018;19:15;0;0;0
31/12/2018;19:30;0;0;0
31/12/2018;19:45;0;0;0
31/12/2018;20:00;0;0;0
31/12/2018;20:15;0;0;0
31/12/2018;20:30;0;0;0
31/12/2018;20:45;0;0;0
31/12/2018;21:00;0;0;0
31/12/2018;21:15;0;0;0
31/12/2018;21:30;0;0;0
31/12/2018;21:45;0;0;0
31/12/2018;22:00;0;0;0
31/12/2018;22:15;0;0;0
31/12/2018;22:30;0;0;0
31/12/2018;22:45;0;0;0
31/12/2018;23:00;0;0;0
31/12/2018;23:15;0;0;0
31/12/2018;23:30;0;0;0
31/12/2018;23:45;0;0;0
